1 0.864 0.891 0.484 0.182 0.138 0.264 0.313 0.009 0.232 0.128 0.028 0.035 0.566 0.551 0.006 0.26 0.035 0.035 0.566 0.003 0.143 0.125 0.603 0.344 0.314 0.006 0.039 0.165 0.079 0.08 0.276 0.24 0.122 0 0.042 0.008 0.053 0.081 0.025 0.104 0.016 0.01 0.059 0.001 0.009 0.096 0.023 0.004 0.051 0.003 0.018 0.01 0.008 0.002 0.005 0.001 0.021 0.002 0 0.018 0.013 0.009 0.035 0.016 0.002 0.008 0.014 0 0.001 0.018 0.003 0 0.016 0.015 0
0.864 1 0.937 0.437 0.21 0.16 0.305 0.267 0.008 0.268 0.148 0.024 0.04 0.594 0.562 0.005 0.239 0.041 0.031 0.586 0.001 0.129 0.1 0.626 0.336 0.281 0.016 0.034 0.192 0.091 0.093 0.267 0.206 0.101 0 0.049 0.009 0.046 0.096 0.036 0.078 0.013 0.028 0.068 0 0.009 0.063 0.025 0.001 0.034 0.004 0.017 0.005 0.004 0 0.007 0 0.026 0.001 0 0.016 0.01 0.007 0.042 0.02 0.011 0.01 0.011 0 0.004 0.011 0.008 0 0.019 0.012 0
0.891 0.937 1 0.468 0.203 0.154 0.295 0.294 0.008 0.259 0.143 0.025 0.039 0.64 0.606 0.005 0.292 0.04 0.032 0.636 0.001 0.131 0.105 0.678 0.388 0.312 0.017 0.035 0.186 0.088 0.09 0.314 0.235 0.12 0 0.047 0.017 0.067 0.092 0.033 0.094 0.014 0.029 0.083 0 0.01 0.108 0.036 0 0.039 0.004 0.028 0.006 0.005 0.001 0.007 0.003 0.024 0.001 0 0.027 0.011 0.007 0.04 0.013 0.012 0.014 0.012 0 0.004 0.022 0.008 0.002 0.019 0.013 0
0.484 0.437 0.468 1 0.09 0.067 0.143 0.786 0.016 0.125 0.067 0.052 0.019 0.319 0.313 0.012 0.141 0.027 0.065 0.302 0.034 0.289 0.34 0.333 0.199 0.651 0.002 0.068 0.078 0.043 0.042 0.145 0.58 0.341 0.024 0.02 0.035 0.005 0.038 0 0.368 0.03 0.22 0.001 0.024 0.025 0.046 0.003 0.179 0.136 0.003 0.002 0.051 0.048 0.035 0.003 0.014 0.007 0.005 0.002 0.002 0.03 0.017 0.014 0.037 0.045 0.006 0.033 0.003 0.021 0.002 0.016 0.015 0.008 0.012 0.005
0.182 0.21 0.203 0.09 1 0.758 0.013 0.106 0.002 0.011 0.007 0.005 0.192 0.211 0.2 0.001 0.015 0.002 0.006 0.216 0.019 0.02 0.048 0.207 0.022 0.105 0.003 0.007 0.84 0.431 0.445 0.022 0.078 0.035 0.004 0.164 0.003 0.023 0.405 0.019 0.027 0.003 0.001 0.006 0.018 0.003 0.195 0.037 0.011 0.009 0.033 0.015 0.018 0.017 0.022 0.018 0.009 0.003 0.002 0.016 0.008 0.002 0.002 0.174 0.007 0.005 0.003 0.002 0.002 0 0.002 0.002 0.007 0.069 0.003 0.003
0.138 0.16 0.154 0.067 0.758 1 0.01 0.086 0.001 0.009 0.005 0.004 0.001 0.17 0.161 0 0.012 0.002 0.005 0.172 0.014 0.016 0.038 0.162 0.017 0.083 0.003 0.005 0.653 0.569 0.588 0.017 0.055 0.02 0.002 0.219 0.003 0.018 0.541 0.015 0.014 0.002 0.013 0.025 0.012 0.003 0.268 0.026 0.036 0.004 0.04 0.034 0.013 0.012 0.015 0.023 0.004 0.002 0.001 0.024 0.022 0.004 0.002 0.234 0.004 0.003 0.012 0.004 0.001 0.002 0.001 0.001 0.003 0.09 0.002 0.002
0.264 0.305 0.295 0.143 0.013 0.01 1 0.161 0.002 0.879 0.493 0.007 0.002 0.287 0.271 0.002 0.694 0.004 0.009 0.298 0.015 0.045 0.072 0.307 0.505 0.157 0.005 0.01 0.014 0.006 0.006 0.462 0.138 0.091 0.001 0.004 0.005 0.246 0.008 0.263 0.083 0.004 0.014 0.061 0 0.005 0.01 0.109 0.097 0.03 0.002 0.006 0.016 0.015 0.001 0.002 0.003 0.004 0.002 0.003 0.004 0.002 0.003 0.005 0.017 0.001 0.004 0.003 0.001 0.001 0.007 0.002 0.001 0.004 0.008 0
0.313 0.267 0.294 0.786 0.106 0.086 0.161 1 0.014 0.141 0.078 0.045 0.022 0.391 0.381 0.012 0.162 0.031 0.034 0.362 0.118 0.254 0.457 0.396 0.228 0.749 0.003 0.037 0.1 0.049 0.049 0.172 0.689 0.427 0.028 0.024 0.03 0.011 0.046 0.002 0.462 0.026 0.255 0.009 0.078 0.03 0.055 0.011 0.209 0.17 0.004 0.021 0.128 0.124 0.094 0.005 0.053 0.023 0.004 0.001 0.023 0.029 0.018 0.023 0.028 0.046 0.03 0.031 0.008 0.024 0.017 0.019 0.039 0.01 0.008 0.013
0.009 0.008 0.008 0.016 0.002 0.001 0.002 0.014 1 0.002 0.001 0.001 0 0 0 0 0.003 0 0.001 0.007 0.003 0.001 0.005 0.007 0.004 0.013 0.207 0.001 0.002 0.001 0.001 0.004 0.012 0.008 0 0.001 0.001 0.001 0.001 0 0 0.004 0.004 0.007 0.004 0.004 0.001 0.002 0.009 0.012 0 0.006 0.004 0.004 0.005 0 0.005 0.001 0.001 0 0.006 0.001 0.453 0.001 0.002 0.001 0.006 0.001 0.001 0 0.001 0 0.005 0 0.001 0.001
0.232 0.268 0.259 0.125 0.011 0.009 0.879 0.141 0.002 1 0.562 0.006 0.002 0.248 0.234 0.002 0.616 0.003 0.008 0.258 0.012 0.039 0.062 0.266 0.436 0.135 0.004 0.009 0.012 0.005 0.005 0.394 0.116 0.075 0.001 0.004 0.004 0.191 0.007 0.2 0.068 0.003 0.011 0.045 0 0.004 0.009 0.085 0.073 0.042 0.001 0.003 0.013 0.012 0 0.002 0.001 0.004 0.003 0.003 0.001 0.002 0.003 0.004 0.015 0.001 0.002 0.002 0.001 0.001 0.006 0.002 0 0.003 0.007 0.001
0.128 0.148 0.143 0.067 0.007 0.005 0.493 0.078 0.001 0.562 1 0.004 0.001 0.157 0.149 0.001 0.413 0.002 0.005 0.163 0.014 0.023 0.047 0.169 0.269 0.087 0.003 0.005 0.007 0.003 0.003 0.265 0.089 0.057 0 0.002 0.003 0.126 0.004 0.135 0.06 0.001 0.005 0.023 0 0.003 0.005 0.047 0.054 0.028 0.001 0.003 0.017 0.016 0 0.001 0.003 0.002 0.002 0.002 0.002 0.003 0.002 0.003 0.009 0.003 0.002 0.003 0.002 0 0.003 0.001 0.001 0.002 0.004 0.003
0.028 0.024 0.025 0.052 0.005 0.004 0.007 0.045 0.001 0.006 0.004 1 0.001 0.011 0.009 0.001 0.009 0.001 0.004 0.007 0.256 0.018 0.076 0.021 0.013 0.04 0.002 0.004 0.005 0.002 0.002 0.007 0.031 0.041 0.001 0 0.002 0.013 0.001 0.011 0.046 0.002 0.012 0.068 0.16 0.002 0.001 0.069 0.029 0.01 0.001 0.132 0.196 0.158 0.157 0.001 0.144 0.004 0.121 0.145 0.121 0.003 0.001 0 0 0.004 0.128 0.003 0.066 0.001 0.039 0.001 0.101 0.001 0.003 0.153
0.035 0.04 0.039 0.019 0.192 0.001 0.002 0.022 0 0.002 0.001 0.001 1 0.043 0.041 0 0.003 0 0.001 0.045 0.004 0.006 0.012 0.046 0.004 0.024 0.001 0.001 0.181 0.001 0.001 0.004 0.026 0.02 0.049 0.001 0.001 0.004 0.001 0.004 0.018 0.001 0.083 0.014 0.004 0.001 0.001 0.009 0.021 0.009 0 0.007 0.004 0.004 0.005 0 0.006 0.001 0.001 0 0.006 0.001 0 0.001 0.002 0.001 0.007 0 0.001 0.003 0.001 0 0.005 0 0 0.001
0.566 0.594 0.64 0.319 0.211 0.17 0.287 0.391 0 0.248 0.157 0.011 0.043 1 0.903 0.006 0.338 0.062 0.019 0.778 0.059 0.111 0.21 0.824 0.478 0.409 0.006 0.022 0.208 0.097 0.104 0.378 0.329 0.209 0 0.055 0.015 0.092 0.105 0.05 0.188 0.013 0.015 0.039 0.027 0.012 0.124 0.015 0.006 0.049 0.01 0.001 0.061 0.059 0.032 0.013 0.008 0.004 0.008 0 0.001 0.009 0.003 0.056 0.005 0.007 0 0.01 0.012 0.004 0.001 0.007 0.003 0.027 0.008 0.014
0.551 0.562 0.606 0.313 0.2 0.161 0.271 0.381 0 0.234 0.149 0.009 0.041 0.903 1 0.006 0.32 0.059 0.021 0.756 0.058 0.113 0.21 0.803 0.457 0.397 0.004 0.024 0.197 0.091 0.098 0.379 0.315 0.202 0 0.063 0.016 0.09 0.11 0.05 0.185 0.013 0.015 0.036 0.031 0.009 0.127 0.013 0.006 0.041 0.009 0.001 0.066 0.064 0.037 0.012 0.011 0.003 0.009 0 0.001 0.01 0.002 0.062 0.007 0.013 0 0.011 0.013 0.001 0.001 0.003 0.005 0.026 0.009 0.015
0.006 0.005 0.005 0.012 0.001 0 0.002 0.012 0 0.002 0.001 0.001 0 0.006 0.006 1 0.003 0 0 0.007 0.001 0.042 0.025 0.007 0.004 0.008 0.001 0 0.002 0.001 0.001 0.004 0.012 0.015 0 0.001 0.001 0.004 0.001 0.004 0.017 0.003 0.004 0.002 0.002 0.001 0.001 0.007 0.009 0.029 0 0.004 0.002 0.001 0.002 0 0.002 0.001 0 0 0.002 0.001 0 0.001 0.001 0.001 0.002 0.001 0 0 0 0 0.001 0 0.001 0
0.26 0.239 0.292 0.141 0.015 0.012 0.694 0.162 0.003 0.616 0.413 0.009 0.003 0.338 0.32 0.003 1 0.004 0.011 0.401 0.033 0.053 0.108 0.413 0.647 0.218 0.006 0.012 0.016 0.007 0.007 0.603 0.169 0.114 0.001 0.005 0 0.312 0.01 0.199 0.109 0.004 0.014 0.08 0.002 0.006 0.013 0.138 0.065 0.037 0.002 0 0.023 0.022 0.002 0.003 0.002 0.005 0.005 0.004 0.001 0.003 0.004 0.006 0.002 0.002 0 0.004 0.005 0.001 0.001 0.003 0.005 0.004 0.009 0.007
0.035 0.041 0.04 0.027 0.002 0.002 0.004 0.031 0 0.003 0.002 0.001 0 0.062 0.059 0 0.004 1 0.002 0.064 0.005 0.009 0.017 0.066 0.11 0.035 0.001 0.002 0.003 0.001 0.001 0.112 0.038 0.029 0.001 0.001 0.001 0.006 0.002 0.005 0.026 0.001 0.006 0.02 0.006 0.001 0.001 0.013 0.007 0.002 0 0.009 0.006 0.006 0.007 0 0.008 0.001 0.001 0.001 0.009 0.001 0.001 0.001 0.003 0.002 0.009 0.001 0.001 0.001 0.001 0 0.007 0 0.001 0.001
0.035 0.031 0.032 0.065 0.006 0.005 0.009 0.034 0.001 0.008 0.005 0.004 0.001 0.019 0.021 0 0.011 0.002 1 0.027 0.336 0.023 0.101 0.026 0.015 0.049 0.002 0.877 0.007 0.003 0.003 0.015 0.043 0.056 0.001 0.002 0.002 0.016 0.004 0.014 0.064 0.002 0.013 0.056 0.217 0.002 0.004 0.045 0.035 0.017 0.001 0.13 0.21 0.19 0.18 0.001 0.159 0.001 0.002 0.002 0.084 0.003 0.001 0.002 0.408 0.005 0.134 0.004 0.002 0.001 0.003 0 0.169 0.002 0.004 0.003
0.566 0.586 0.636 0.302 0.216 0.172 0.298 0.362 0.007 0.258 0.163 0.007 0.045 0.778 0.756 0.007 0.401 0.064 0.027 1 0.059 0.121 0.221 0.927 0.574 0.457 0.015 0.029 0.182 0.1 0.102 0.485 0.322 0.188 0 0.03 0.002 0.09 0.08 0.046 0.159 0.01 0.019 0.041 0.017 0.015 0.107 0.015 0.004 0.056 0.01 0.002 0.046 0.053 0.022 0.013 0.003 0.013 0.009 0.005 0.002 0.009 0.009 0.037 0 0.011 0 0.01 0.013 0.003 0.002 0.007 0.001 0.029 0.008 0.015
0.003 0.001 0.001 0.034 0.019 0.014 0.015 0.118 0.003 0.012 0.014 0.256 0.004 0.059 0.058 0.001 0.033 0.005 0.336 0.059 1 0.063 0.298 0.079 0.047 0.138 0.007 0.332 0.02 0.008 0.009 0.039 0.127 0.166 0.004 0.002 0.007 0.049 0.008 0.042 0.187 0.007 0.042 0.191 0.621 0.002 0.01 0.17 0.09 0.02 0.002 0.422 0.669 0.605 0.559 0.004 0.493 0.105 0.045 0.032 0.352 0.01 0.004 0.003 0.181 0.011 0.431 0.011 0.074 0.005 0.113 0.002 0.392 0.005 0.009 0.113
0.143 0.129 0.131 0.289 0.02 0.016 0.045 0.254 0.001 0.039 0.023 0.018 0.006 0.111 0.113 0.042 0.053 0.009 0.023 0.121 0.063 1 0.394 0.129 0.077 0.232 0.012 0.017 0.033 0.013 0.014 0.054 0.198 0.03 0.008 0.009 0.048 0.036 0.02 0.049 0.04 0.046 0.069 0.007 0.063 0.084 0.024 0.016 0.004 0.107 0 0.074 0.034 0.025 0.032 0 0.048 0.01 0.001 0.007 0.053 0.044 0 0.012 0.013 0.007 0.058 0.05 0.002 0.005 0.014 0.006 0.04 0 0.026 0.003
0.125 0.1 0.105 0.34 0.048 0.038 0.072 0.457 0.005 0.062 0.047 0.076 0.012 0.21 0.21 0.025 0.108 0.017 0.101 0.221 0.298 0.394 1 0.261 0.155 0.462 0.024 0.112 0.066 0.027 0.029 0.116 0.406 0.187 0.015 0.012 0.018 0 0.034 0.003 0.224 0.014 0.138 0.085 0.16 0.051 0.042 0.054 0.069 0.018 0.001 0.079 0.232 0.227 0.19 0.001 0.134 0.027 0.02 0.005 0.075 0.004 0.001 0.017 0.058 0.021 0.092 0.006 0.029 0.012 0.026 0.01 0.105 0.003 0 0.045
0.603 0.626 0.678 0.333 0.207 0.162 0.307 0.396 0.007 0.266 0.169 0.021 0.046 0.824 0.803 0.007 0.413 0.066 0.026 0.927 0.079 0.129 0.261 1 0.591 0.507 0.014 0.03 0.22 0.103 0.105 0.5 0.352 0.22 0 0.056 0.002 0.095 0.11 0.05 0.186 0.012 0.017 0.04 0.027 0.014 0.132 0.015 0.005 0.057 0.011 0.001 0.064 0.061 0.033 0.014 0.008 0.012 0.009 0 0.001 0.01 0.008 0.057 0.002 0.011 0 0.011 0.013 0.003 0.005 0.007 0.004 0.03 0.009 0.014
0.344 0.336 0.388 0.199 0.022 0.017 0.505 0.228 0.004 0.436 0.269 0.013 0.004 0.478 0.457 0.004 0.647 0.11 0.015 0.574 0.047 0.077 0.155 0.591 1 0.299 0.008 0.018 0.023 0.01 0.01 0.829 0.217 0.146 0.006 0.007 0 0.225 0.014 0.136 0.13 0.007 0.035 0.03 0.008 0.009 0.005 0.071 0.024 0.042 0 0.003 0.035 0.033 0.009 0.002 0.001 0.007 0.004 0.005 0.001 0.007 0.005 0.005 0 0.004 0.004 0.007 0.007 0.006 0.003 0.004 0 0 0.005 0.007
0.314 0.281 0.312 0.651 0.105 0.083 0.157 0.749 0.013 0.135 0.087 0.04 0.024 0.409 0.397 0.008 0.218 0.035 0.049 0.457 0.138 0.232 0.462 0.507 0.299 1 0.027 0.057 0.111 0.054 0.055 0.258 0.785 0.532 0.031 0.027 0.01 0.02 0.053 0.006 0.455 0.021 0.179 0.004 0.076 0.018 0.064 0.005 0.181 0.138 0.002 0.017 0.126 0.121 0.086 0.001 0.052 0.023 0.017 0.001 0.019 0.024 0.016 0.027 0.016 0.005 0.029 0.025 0.021 0.027 0.018 0.021 0.039 0.006 0.008 0.029
0.006 0.016 0.017 0.002 0.003 0.003 0.005 0.003 0.207 0.004 0.003 0.002 0.001 0.006 0.004 0.001 0.006 0.001 0.002 0.015 0.007 0.012 0.024 0.014 0.008 0.027 1 0.003 0.004 0.001 0.002 0.008 0.025 0.033 0 0.001 0.001 0.009 0.002 0.008 0.013 0.001 0.042 0.026 0.008 0 0.003 0.012 0.009 0.002 0 0.013 0.008 0.008 0.01 0.001 0.011 0.001 0.001 0.001 0.013 0.002 0.143 0.001 0.004 0.153 0.013 0.002 0.001 0 0.002 0.001 0.01 0.001 0.002 0.002
0.039 0.034 0.035 0.068 0.007 0.005 0.01 0.037 0.001 0.009 0.005 0.004 0.001 0.022 0.024 0 0.012 0.002 0.877 0.029 0.332 0.017 0.112 0.03 0.018 0.057 0.003 1 0.008 0.003 0.003 0.018 0.051 0.065 0.002 0.002 0.003 0.019 0.005 0.016 0.074 0.003 0.015 0.054 0.224 0.003 0.006 0.044 0.04 0.013 0.001 0.131 0.217 0.194 0.185 0.001 0.16 0.001 0.002 0.002 0.08 0.004 0.002 0.003 0.42 0.005 0.137 0.004 0.002 0.002 0.003 0.001 0.171 0.002 0.004 0.003
0.165 0.192 0.186 0.078 0.84 0.653 0.014 0.1 0.002 0.012 0.007 0.005 0.181 0.208 0.197 0.002 0.016 0.003 0.007 0.182 0.02 0.033 0.066 0.22 0.023 0.111 0.004 0.008 1 0.407 0.42 0.023 0.095 0.053 0.004 0.247 0.004 0.025 0.567 0.015 0.039 0.003 0 0.014 0.019 0.004 0.289 0.027 0.013 0.017 0.031 0.029 0.019 0.018 0.023 0.017 0.011 0.003 0.003 0.015 0.019 0.002 0.002 0.277 0.007 0.005 0.01 0.002 0.003 0 0.001 0.002 0.009 0.065 0.003 0.005
0.079 0.091 0.088 0.043 0.431 0.569 0.006 0.049 0.001 0.005 0.003 0.002 0.001 0.097 0.091 0.001 0.007 0.001 0.003 0.1 0.008 0.013 0.027 0.103 0.01 0.054 0.001 0.003 0.407 1 0.93 0.009 0.018 0.011 0.001 0.028 0.001 0.01 0.345 0.009 0.009 0.001 0.009 0.014 0.009 0.001 0.153 0.022 0.022 0.003 0.017 0.016 0.01 0.009 0.011 0.01 0.012 0.001 0.001 0.001 0.009 0.002 0.001 0.225 0.005 0.003 0.005 0.002 0.001 0.001 0.002 0.001 0.011 0.097 0.001 0.002
0.08 0.093 0.09 0.042 0.445 0.588 0.006 0.049 0.001 0.005 0.003 0.002 0.001 0.104 0.098 0.001 0.007 0.001 0.003 0.102 0.009 0.014 0.029 0.105 0.01 0.055 0.002 0.003 0.42 0.93 1 0.01 0.02 0.014 0.001 0.049 0.002 0.009 0.37 0.007 0.011 0.001 0.009 0.017 0.01 0.002 0.172 0.024 0.021 0.004 0.016 0.019 0.01 0.01 0.012 0.009 0.008 0.001 0.001 0.002 0.011 0.002 0.001 0.208 0.002 0.003 0.007 0.002 0.001 0.001 0.002 0.001 0.007 0.089 0.001 0.002
0.276 0.267 0.314 0.145 0.022 0.017 0.462 0.172 0.004 0.394 0.265 0.007 0.004 0.378 0.379 0.004 0.603 0.112 0.015 0.485 0.039 0.054 0.116 0.5 0.829 0.258 0.008 0.018 0.023 0.009 0.01 1 0.233 0.174 0.006 0.007 0 0.277 0.014 0.178 0.157 0.007 0.04 0.044 0.005 0.008 0.005 0.086 0.029 0.051 0.002 0.001 0.028 0.027 0.006 0.003 0 0.007 0.004 0.005 0.001 0.011 0.005 0.005 0.001 0.004 0.002 0.012 0.007 0.006 0.003 0.004 0 0.005 0.013 0.007
0.24 0.206 0.235 0.58 0.078 0.055 0.138 0.689 0.012 0.116 0.089 0.031 0.026 0.329 0.315 0.012 0.169 0.038 0.043 0.322 0.127 0.198 0.406 0.352 0.217 0.785 0.025 0.051 0.095 0.018 0.02 0.233 1 0.69 0.033 0.042 0.025 0.038 0.089 0.02 0.605 0.023 0.202 0 0.084 0.025 0.101 0.002 0.231 0.184 0.003 0.011 0.136 0.131 0.092 0 0.052 0.022 0.011 0.001 0.012 0.031 0.015 0.051 0.023 0.007 0.019 0.032 0.019 0.03 0.014 0.025 0.039 0.002 0.013 0.022
0.122 0.101 0.12 0.341 0.035 0.02 0.091 0.427 0.008 0.075 0.057 0.041 0.02 0.209 0.202 0.015 0.114 0.029 0.056 0.188 0.166 0.03 0.187 0.22 0.146 0.532 0.033 0.065 0.053 0.011 0.014 0.174 0.69 1 0.025 0.021 0.033 0.261 0.056 0.234 0.843 0.03 0.135 0.023 0.127 0.027 0.077 0.002 0.399 0.183 0 0.037 0.179 0.161 0.132 0.003 0.091 0.026 0.014 0.002 0.033 0.022 0.015 0.032 0.034 0.002 0.047 0.024 0.017 0.022 0.025 0.019 0.072 0.01 0.008 0.027
0 0 0 0.024 0.004 0.002 0.001 0.028 0 0.001 0 0.001 0.049 0 0 0 0.001 0.001 0.001 0 0.004 0.008 0.015 0 0.006 0.031 0 0.002 0.004 0.001 0.001 0.006 0.033 0.025 1 0.001 0.001 0.006 0.001 0.005 0.021 0.001 0.101 0.019 0.006 0.001 0.002 0.013 0.04 0.01 0 0.009 0.006 0.005 0.007 0 0.008 0.001 0.001 0.001 0.008 0.001 0.001 0.001 0.003 0.001 0.009 0.001 0.001 0.43 0.001 0 0.007 0.001 0.001 0.001
0.042 0.049 0.047 0.02 0.164 0.219 0.004 0.024 0.001 0.004 0.002 0 0.001 0.055 0.063 0.001 0.005 0.001 0.002 0.03 0.002 0.009 0.012 0.056 0.007 0.027 0.001 0.002 0.247 0.028 0.049 0.007 0.042 0.021 0.001 1 0.001 0.007 0.468 0.006 0.024 0.001 0.006 0.031 0.007 0.001 0.208 0 0.016 0.012 0.104 0.033 0.006 0.006 0.007 0.065 0 0.001 0.001 0.067 0.035 0.002 0.001 0.161 0 0.002 0.022 0.002 0.001 0.001 0.001 0.001 0 0.043 0.001 0.001
0.008 0.009 0.017 0.035 0.003 0.003 0.005 0.03 0.001 0.004 0.003 0.002 0.001 0.015 0.016 0.001 0 0.001 0.002 0.002 0.007 0.048 0.018 0.002 0 0.01 0.001 0.003 0.004 0.001 0.002 0 0.025 0.033 0.001 0.001 1 0.008 0.002 0.008 0.036 0.001 0.008 0.004 0 0.001 0.003 0.005 0.016 0.003 0 0.002 0 0 0 0.001 0.001 0.001 0.001 0.001 0.002 0.002 0.012 0.001 0.001 0.003 0.002 0.002 0.001 0 0.002 0.001 0.001 0.001 0.002 0.002
0.053 0.046 0.067 0.005 0.023 0.018 0.246 0.011 0.001 0.191 0.126 0.013 0.004 0.092 0.09 0.004 0.312 0.006 0.016 0.09 0.049 0.036 0 0.095 0.225 0.02 0.009 0.019 0.025 0.01 0.009 0.277 0.038 0.261 0.006 0.007 0.008 1 0.015 0.828 0.228 0.008 0.053 0.265 0.045 0.115 0.004 0.188 0.22 0.021 0.003 0.029 0.046 0.037 0.043 0.005 0.015 0.008 0.001 0.006 0.019 0.002 0.003 0.009 0.001 0.007 0.029 0.001 0.003 0.006 0.003 0.004 0.011 0.006 0.001 0.003
0.081 0.096 0.092 0.038 0.405 0.541 0.008 0.046 0.001 0.007 0.004 0.001 0.001 0.105 0.11 0.001 0.01 0.002 0.004 0.08 0.008 0.02 0.034 0.11 0.014 0.053 0.002 0.005 0.567 0.345 0.37 0.014 0.089 0.056 0.001 0.468 0.002 0.015 1 0.008 0.057 0.002 0.011 0.068 0.014 0.002 0.508 0.01 0.031 0.028 0.048 0.083 0.015 0.014 0.017 0.028 0.005 0.002 0.002 0.028 0.061 0.003 0.001 0.464 0.003 0.003 0.041 0.003 0.002 0.002 0.001 0.001 0.004 0.017 0.003 0.003
0.025 0.036 0.033 0 0.019 0.015 0.263 0.002 0 0.2 0.135 0.011 0.004 0.05 0.05 0.004 0.199 0.005 0.014 0.046 0.042 0.049 0.003 0.05 0.136 0.006 0.008 0.016 0.015 0.009 0.007 0.178 0.02 0.234 0.005 0.006 0.008 0.828 0.008 1 0.212 0.007 0.046 0.232 0.043 0.135 0.01 0.137 0.276 0.014 0.003 0.065 0.043 0.035 0.044 0.004 0.052 0.007 0.002 0.005 0.05 0.001 0.002 0.003 0.021 0.005 0.054 0.002 0.002 0.005 0.009 0.004 0.047 0.005 0.001 0.004
0.104 0.078 0.094 0.368 0.027 0.014 0.083 0.462 0 0.068 0.06 0.046 0.018 0.188 0.185 0.017 0.109 0.026 0.064 0.159 0.187 0.04 0.224 0.186 0.13 0.455 0.013 0.074 0.039 0.009 0.011 0.157 0.605 0.843 0.021 0.024 0.036 0.228 0.057 0.212 1 0.033 0.217 0.012 0.143 0.024 0.069 0 0.463 0.221 0.001 0.049 0.209 0.19 0.15 0 0.107 0.031 0.021 0.003 0.044 0.026 0.002 0.029 0.04 0.038 0.061 0.028 0.019 0.021 0.031 0.017 0.086 0.005 0.01 0.036
0.016 0.013 0.014 0.03 0.003 0.002 0.004 0.026 0.004 0.003 0.001 0.002 0.001 0.013 0.013 0.003 0.004 0.001 0.002 0.01 0.007 0.046 0.014 0.012 0.007 0.021 0.001 0.003 0.003 0.001 0.001 0.007 0.023 0.03 0.001 0.001 0.001 0.008 0.002 0.007 0.033 1 0.007 0.015 0.006 0.001 0.001 0.01 0.015 0.021 0 0.006 0.004 0.002 0 0.001 0.004 0.001 0 0.001 0.003 0.324 0.001 0.001 0.001 0.001 0.007 0.321 0.001 0.001 0.002 0.001 0.002 0.001 0.024 0
0.01 0.028 0.029 0.22 0.001 0.013 0.014 0.255 0.004 0.011 0.005 0.012 0.083 0.015 0.015 0.004 0.014 0.006 0.013 0.019 0.042 0.069 0.138 0.017 0.035 0.179 0.042 0.015 0 0.009 0.009 0.04 0.202 0.135 0.101 0.006 0.008 0.053 0.011 0.046 0.217 0.007 1 0.171 0.043 0.008 0.016 0.104 0.364 0.088 0.001 0.074 0.051 0.049 0.052 0.002 0.061 0.007 0.007 0.005 0.069 0.008 0.005 0.008 0.027 0.185 0.07 0.008 0.007 0.103 0.012 0.079 0.055 0.005 0 0.01
0.059 0.068 0.083 0.001 0.006 0.025 0.061 0.009 0.007 0.045 0.023 0.068 0.014 0.039 0.036 0.002 0.08 0.02 0.056 0.041 0.191 0.007 0.085 0.04 0.03 0.004 0.026 0.054 0.014 0.014 0.017 0.044 0 0.023 0.019 0.031 0.004 0.265 0.068 0.232 0.012 0.015 0.171 1 0.218 0.034 0.093 0.433 0.001 0.072 0 0.326 0.236 0.208 0.171 0.001 0.23 0.04 0.017 0.028 0.258 0.018 0.004 0.038 0.107 0.029 0.265 0.02 0.022 0.02 0.061 0.014 0.194 0.004 0.02 0.034
0.001 0 0 0.024 0.018 0.012 0 0.078 0.004 0 0 0.16 0.004 0.027 0.031 0.002 0.002 0.006 0.217 0.017 0.621 0.063 0.16 0.027 0.008 0.076 0.008 0.224 0.019 0.009 0.01 0.005 0.084 0.127 0.006 0.007 0 0.045 0.014 0.043 0.143 0.006 0.043 0.218 1 0.008 0.017 0.268 0.127 0.033 0.003 0.606 0.8 0.731 0.828 0.004 0.711 0.117 0.071 0.031 0.504 0.012 0.005 0.004 0.242 0.017 0.616 0.013 0.065 0.006 0.138 0.004 0.665 0.006 0.013 0.111
0.009 0.009 0.01 0.025 0.003 0.003 0.005 0.03 0.004 0.004 0.003 0.002 0.001 0.012 0.009 0.001 0.006 0.001 0.002 0.015 0.002 0.084 0.051 0.014 0.009 0.018 0 0.003 0.004 0.001 0.002 0.008 0.025 0.027 0.001 0.001 0.001 0.115 0.002 0.135 0.024 0.001 0.008 0.034 0.008 1 0.003 0.002 0.04 0.023 0 0.014 0.009 0.008 0.01 0.001 0.011 0.001 0.001 0.001 0.01 0.01 0 0.001 0.005 0.003 0.013 0.009 0.001 0.001 0.002 0.001 0.011 0.001 0.01 0.002
0.096 0.063 0.108 0.046 0.195 0.268 0.01 0.055 0.001 0.009 0.005 0.001 0.001 0.124 0.127 0.001 0.013 0.001 0.004 0.107 0.01 0.024 0.042 0.132 0.005 0.064 0.003 0.006 0.289 0.153 0.172 0.005 0.101 0.077 0.002 0.208 0.003 0.004 0.508 0.01 0.069 0.001 0.016 0.093 0.017 0.003 1 0.002 0.04 0.038 0.001 0.193 0.017 0.017 0.015 0.001 0.012 0.002 0.002 0.024 0.163 0.004 0.002 0.391 0.018 0.005 0.1 0.004 0.002 0.002 0.002 0.001 0.015 0.002 0.004 0.004
0.023 0.025 0.036 0.003 0.037 0.026 0.109 0.011 0.002 0.085 0.047 0.069 0.009 0.015 0.013 0.007 0.138 0.013 0.045 0.015 0.17 0.016 0.054 0.015 0.071 0.005 0.012 0.044 0.027 0.022 0.024 0.086 0.002 0.002 0.013 0 0.005 0.188 0.01 0.137 0 0.01 0.104 0.433 0.268 0.002 0.002 1 0.001 0.053 0.007 0.243 0.237 0.224 0.248 0.01 0.28 0.044 0.029 0.01 0.227 0.022 0.004 0.001 0.116 0.039 0.232 0.023 0.026 0.014 0.039 0.006 0.257 0.014 0.029 0.051
0.004 0.001 0 0.179 0.011 0.036 0.097 0.209 0.009 0.073 0.054 0.029 0.021 0.006 0.006 0.009 0.065 0.007 0.035 0.004 0.09 0.004 0.069 0.005 0.024 0.181 0.009 0.04 0.013 0.022 0.021 0.029 0.231 0.399 0.04 0.016 0.016 0.22 0.031 0.276 0.463 0.015 0.364 0.001 0.127 0.04 0.04 0.001 1 0.112 0.004 0.206 0.128 0.124 0.151 0.007 0.172 0.017 0.018 0.012 0.193 0.01 0.012 0.019 0.068 0.132 0.197 0.011 0.018 0.04 0.028 0.032 0.158 0.013 0.001 0.026
0.051 0.034 0.039 0.136 0.009 0.004 0.03 0.17 0.012 0.042 0.028 0.01 0.009 0.049 0.041 0.029 0.037 0.002 0.017 0.056 0.02 0.107 0.018 0.057 0.042 0.138 0.002 0.013 0.017 0.003 0.004 0.051 0.184 0.183 0.01 0.012 0.003 0.021 0.028 0.014 0.221 0.021 0.088 0.072 0.033 0.023 0.038 0.053 0.112 1 0.006 0.087 0.033 0.028 0.04 0 0.051 0.005 0.002 0.012 0.085 0.054 0.021 0.018 0.032 0.026 0.068 0.059 0.009 0.003 0.001 0.009 0.06 0.003 0.035 0.012
0.003 0.004 0.004 0.003 0.033 0.04 0.002 0.004 0 0.001 0.001 0.001 0 0.01 0.009 0 0.002 0 0.001 0.01 0.002 0 0.001 0.011 0 0.002 0 0.001 0.031 0.017 0.016 0.002 0.003 0 0 0.104 0 0.003 0.048 0.003 0.001 0 0.001 0 0.003 0 0.001 0.007 0.004 0.006 1 0.005 0.003 0.003 0.003 0.66 0.004 0 0 0 0.004 0.001 0 0 0.002 0.001 0.004 0.001 0 0 0.001 0 0.004 0.418 0 0.001
0.018 0.017 0.028 0.002 0.015 0.034 0.006 0.021 0.006 0.003 0.003 0.132 0.007 0.001 0.001 0.004 0 0.009 0.13 0.002 0.422 0.074 0.079 0.001 0.003 0.017 0.013 0.131 0.029 0.016 0.019 0.001 0.011 0.037 0.009 0.033 0.002 0.029 0.083 0.065 0.049 0.006 0.074 0.326 0.606 0.014 0.193 0.243 0.206 0.087 0.005 1 0.622 0.568 0.646 0.007 0.751 0.083 0.039 0.059 0.843 0.02 0.008 0.082 0.315 0.027 0.861 0.021 0.053 0.01 0.141 0.007 0.691 0.01 0.021 0.084
0.01 0.005 0.006 0.051 0.018 0.013 0.016 0.128 0.004 0.013 0.017 0.196 0.004 0.061 0.066 0.002 0.023 0.006 0.21 0.046 0.669 0.034 0.232 0.064 0.035 0.126 0.008 0.217 0.019 0.01 0.01 0.028 0.136 0.179 0.006 0.006 0 0.046 0.015 0.043 0.209 0.004 0.051 0.236 0.8 0.009 0.017 0.237 0.128 0.033 0.003 0.622 1 0.914 0.841 0.004 0.734 0.133 0.069 0.034 0.514 0.012 0.005 0.005 0.318 0.017 0.617 0.013 0.09 0.006 0.165 0.004 0.632 0.006 0.013 0.142
0.008 0.004 0.005 0.048 0.017 0.012 0.015 0.124 0.004 0.012 0.016 0.158 0.004 0.059 0.064 0.001 0.022 0.006 0.19 0.053 0.605 0.025 0.227 0.061 0.033 0.121 0.008 0.194 0.018 0.009 0.01 0.027 0.131 0.161 0.005 0.006 0 0.037 0.014 0.035 0.19 0.002 0.049 0.208 0.731 0.008 0.017 0.224 0.124 0.028 0.003 0.568 0.914 1 0.813 0.004 0.71 0.137 0.106 0.008 0.525 0.012 0.005 0.004 0.259 0.016 0.596 0.013 0.118 0.006 0.171 0.004 0.607 0.006 0.013 0.186
0.002 0 0.001 0.035 0.022 0.015 0.001 0.094 0.005 0 0 0.157 0.005 0.032 0.037 0.002 0.002 0.007 0.18 0.022 0.559 0.032 0.19 0.033 0.009 0.086 0.01 0.185 0.023 0.011 0.012 0.006 0.092 0.132 0.007 0.007 0 0.043 0.017 0.044 0.15 0 0.052 0.171 0.828 0.01 0.015 0.248 0.151 0.04 0.003 0.646 0.841 0.813 1 0.005 0.8 0.113 0.092 0.027 0.589 0.009 0.006 0.006 0.284 0.02 0.693 0.01 0.095 0.007 0.139 0.005 0.715 0.007 0.016 0.153
0.005 0.007 0.007 0.003 0.018 0.023 0.002 0.005 0 0.002 0.001 0.001 0 0.013 0.012 0 0.003 0 0.001 0.013 0.004 0 0.001 0.014 0.002 0.001 0.001 0.001 0.017 0.01 0.009 0.003 0 0.003 0 0.065 0.001 0.005 0.028 0.004 0 0.001 0.002 0.001 0.004 0.001 0.001 0.01 0.007 0 0.66 0.007 0.004 0.004 0.005 1 0.006 0.001 0.001 0 0.007 0.001 0 0.001 0.002 0.001 0.007 0.001 0.001 0 0.001 0 0.005 0.519 0.031 0.001
0.001 0 0.003 0.014 0.009 0.004 0.003 0.053 0.005 0.001 0.003 0.144 0.006 0.008 0.011 0.002 0.002 0.008 0.159 0.003 0.493 0.048 0.134 0.008 0.001 0.052 0.011 0.16 0.011 0.012 0.008 0 0.052 0.091 0.008 0 0.001 0.015 0.005 0.052 0.107 0.004 0.061 0.23 0.711 0.011 0.012 0.28 0.172 0.051 0.004 0.751 0.734 0.71 0.8 0.006 1 0.099 0.095 0.071 0.726 0.017 0.007 0.007 0.38 0.023 0.771 0.018 0.105 0.008 0.161 0.005 0.883 0.008 0.018 0.153
0.021 0.026 0.024 0.007 0.003 0.002 0.004 0.023 0.001 0.004 0.002 0.004 0.001 0.004 0.003 0.001 0.005 0.001 0.001 0.013 0.105 0.01 0.027 0.012 0.007 0.023 0.001 0.001 0.003 0.001 0.001 0.007 0.022 0.026 0.001 0.001 0.001 0.008 0.002 0.007 0.031 0.001 0.007 0.04 0.117 0.001 0.002 0.044 0.017 0.005 0 0.083 0.133 0.137 0.113 0.001 0.099 1 0.001 0.001 0.082 0.002 0.001 0.001 0.001 0.002 0.079 0.002 0.001 0.001 0.273 0.001 0.04 0.001 0.002 0.001
0.002 0.001 0.001 0.005 0.002 0.001 0.002 0.004 0.001 0.003 0.002 0.121 0.001 0.008 0.009 0 0.005 0.001 0.002 0.009 0.045 0.001 0.02 0.009 0.004 0.017 0.001 0.002 0.003 0.001 0.001 0.004 0.011 0.014 0.001 0.001 0.001 0.001 0.002 0.002 0.021 0 0.007 0.017 0.071 0.001 0.002 0.029 0.018 0.002 0 0.039 0.069 0.106 0.092 0.001 0.095 0.001 1 0.001 0.084 0.002 0.001 0.001 0.004 0.002 0.073 0.002 0.201 0.001 0 0.001 0.085 0.001 0.002 0.528
0 0 0 0.002 0.016 0.024 0.003 0.001 0 0.003 0.002 0.145 0 0 0 0 0.004 0.001 0.002 0.005 0.032 0.007 0.005 0 0.005 0.001 0.001 0.002 0.015 0.001 0.002 0.005 0.001 0.002 0.001 0.067 0.001 0.006 0.028 0.005 0.003 0.001 0.005 0.028 0.031 0.001 0.024 0.01 0.012 0.012 0 0.059 0.034 0.008 0.027 0 0.071 0.001 0.001 1 0.062 0.001 0 0.001 0.009 0.002 0.04 0.001 0.001 0.001 0.009 0 0.077 0.001 0.001 0.001
0.018 0.016 0.027 0.002 0.008 0.022 0.004 0.023 0.006 0.001 0.002 0.121 0.006 0.001 0.001 0.002 0.001 0.009 0.084 0.002 0.352 0.053 0.075 0.001 0.001 0.019 0.013 0.08 0.019 0.009 0.011 0.001 0.012 0.033 0.008 0.035 0.002 0.019 0.061 0.05 0.044 0.003 0.069 0.258 0.504 0.01 0.163 0.227 0.193 0.085 0.004 0.843 0.514 0.525 0.589 0.007 0.726 0.082 0.084 0.062 1 0.019 0.008 0.088 0.217 0.025 0.843 0.02 0.093 0.009 0.144 0.006 0.681 0.009 0.02 0.135
0.013 0.01 0.011 0.03 0.002 0.004 0.002 0.029 0.001 0.002 0.003 0.003 0.001 0.009 0.01 0.001 0.003 0.001 0.003 0.009 0.01 0.044 0.004 0.01 0.007 0.024 0.002 0.004 0.002 0.002 0.002 0.011 0.031 0.022 0.001 0.002 0.002 0.002 0.003 0.001 0.026 0.324 0.008 0.018 0.012 0.01 0.004 0.022 0.01 0.054 0.001 0.02 0.012 0.012 0.009 0.001 0.017 0.002 0.002 0.001 0.019 1 0.001 0.002 0.007 0.004 0.019 0.953 0.002 0.001 0.003 0.001 0.015 0.001 0.216 0.003
0.009 0.007 0.007 0.017 0.002 0.002 0.003 0.018 0.453 0.003 0.002 0.001 0 0.003 0.002 0 0.004 0.001 0.001 0.009 0.004 0 0.001 0.008 0.005 0.016 0.143 0.002 0.002 0.001 0.001 0.005 0.015 0.015 0.001 0.001 0.012 0.003 0.001 0.002 0.002 0.001 0.005 0.004 0.005 0 0.002 0.004 0.012 0.021 0 0.008 0.005 0.005 0.006 0 0.007 0.001 0.001 0 0.008 0.001 1 0.001 0.003 0.002 0.008 0.001 0.001 0.001 0.001 0 0.006 0.001 0.001 0.001
0.035 0.042 0.04 0.014 0.174 0.234 0.005 0.023 0.001 0.004 0.003 0 0.001 0.056 0.062 0.001 0.006 0.001 0.002 0.037 0.003 0.012 0.017 0.057 0.005 0.027 0.001 0.003 0.277 0.225 0.208 0.005 0.051 0.032 0.001 0.161 0.001 0.009 0.464 0.003 0.029 0.001 0.008 0.038 0.004 0.001 0.391 0.001 0.019 0.018 0 0.082 0.005 0.004 0.006 0.001 0.007 0.001 0.001 0.001 0.088 0.002 0.001 1 0.002 0.003 0.075 0.002 0.001 0.001 0 0.001 0.006 0.001 0.002 0.002
0.016 0.02 0.013 0.037 0.007 0.004 0.017 0.028 0.002 0.015 0.009 0 0.002 0.005 0.007 0.001 0.002 0.003 0.408 0 0.181 0.013 0.058 0.002 0 0.016 0.004 0.42 0.007 0.005 0.002 0.001 0.023 0.034 0.003 0 0.001 0.001 0.003 0.021 0.04 0.001 0.027 0.107 0.242 0.005 0.018 0.116 0.068 0.032 0.002 0.315 0.318 0.259 0.284 0.002 0.38 0.001 0.004 0.009 0.217 0.007 0.003 0.002 1 0.009 0.29 0.007 0.004 0.003 0.006 0.002 0.38 0.003 0.007 0.004
0.002 0.011 0.012 0.045 0.005 0.003 0.001 0.046 0.001 0.001 0.003 0.004 0.001 0.007 0.013 0.001 0.002 0.002 0.005 0.011 0.011 0.007 0.021 0.011 0.004 0.005 0.153 0.005 0.005 0.003 0.003 0.004 0.007 0.002 0.001 0.002 0.003 0.007 0.003 0.005 0.038 0.001 0.185 0.029 0.017 0.003 0.005 0.039 0.132 0.026 0.001 0.027 0.017 0.016 0.02 0.001 0.023 0.002 0.002 0.002 0.025 0.004 0.002 0.003 0.009 1 0.026 0.004 0.002 0.001 0.004 0.001 0.021 0.002 0 0.003
0.008 0.01 0.014 0.006 0.003 0.012 0.004 0.03 0.006 0.002 0.002 0.128 0.007 0 0 0.002 0 0.009 0.134 0 0.431 0.058 0.092 0 0.004 0.029 0.013 0.137 0.01 0.005 0.007 0.002 0.019 0.047 0.009 0.022 0.002 0.029 0.041 0.054 0.061 0.007 0.07 0.265 0.616 0.013 0.1 0.232 0.197 0.068 0.004 0.861 0.617 0.596 0.693 0.007 0.771 0.079 0.073 0.04 0.843 0.019 0.008 0.075 0.29 0.026 1 0.02 0.092 0.009 0.148 0.006 0.692 0.009 0.018 0.123
0.014 0.011 0.012 0.033 0.002 0.004 0.003 0.031 0.001 0.002 0.003 0.003 0 0.01 0.011 0.001 0.004 0.001 0.004 0.01 0.011 0.05 0.006 0.011 0.007 0.025 0.002 0.004 0.002 0.002 0.002 0.012 0.032 0.024 0.001 0.002 0.002 0.001 0.003 0.002 0.028 0.321 0.008 0.02 0.013 0.009 0.004 0.023 0.011 0.059 0.001 0.021 0.013 0.013 0.01 0.001 0.018 0.002 0.002 0.001 0.02 0.953 0.001 0.002 0.007 0.004 0.02 1 0.002 0.001 0.003 0.001 0.016 0.001 0.241 0.003
0 0 0 0.003 0.002 0.001 0.001 0.008 0.001 0.001 0.002 0.066 0.001 0.012 0.013 0 0.005 0.001 0.002 0.013 0.074 0.002 0.029 0.013 0.007 0.021 0.001 0.002 0.003 0.001 0.001 0.007 0.019 0.017 0.001 0.001 0.001 0.003 0.002 0.002 0.019 0.001 0.007 0.022 0.065 0.001 0.002 0.026 0.018 0.009 0 0.053 0.09 0.118 0.095 0.001 0.105 0.001 0.201 0.001 0.093 0.002 0.001 0.001 0.004 0.002 0.092 0.002 1 0.001 0.002 0.001 0.069 0.001 0.002 0.558
0.001 0.004 0.004 0.021 0 0.002 0.001 0.024 0 0.001 0 0.001 0.003 0.004 0.001 0 0.001 0.001 0.001 0.003 0.005 0.005 0.012 0.003 0.006 0.027 0 0.002 0 0.001 0.001 0.006 0.03 0.022 0.43 0.001 0 0.006 0.002 0.005 0.021 0.001 0.103 0.02 0.006 0.001 0.002 0.014 0.04 0.003 0 0.01 0.006 0.006 0.007 0 0.008 0.001 0.001 0.001 0.009 0.001 0.001 0.001 0.003 0.001 0.009 0.001 0.001 1 0.001 0 0.007 0.001 0.001 0.001
0.018 0.011 0.022 0.002 0.002 0.001 0.007 0.017 0.001 0.006 0.003 0.039 0.001 0.001 0.001 0 0.001 0.001 0.003 0.002 0.113 0.014 0.026 0.005 0.003 0.018 0.002 0.003 0.001 0.002 0.002 0.003 0.014 0.025 0.001 0.001 0.002 0.003 0.001 0.009 0.031 0.002 0.012 0.061 0.138 0.002 0.002 0.039 0.028 0.001 0.001 0.141 0.165 0.171 0.139 0.001 0.161 0.273 0 0.009 0.144 0.003 0.001 0 0.006 0.004 0.148 0.003 0.002 0.001 1 0.001 0.137 0.001 0.003 0
0.003 0.008 0.008 0.016 0.002 0.001 0.002 0.019 0 0.002 0.001 0.001 0 0.007 0.003 0 0.003 0 0 0.007 0.002 0.006 0.01 0.007 0.004 0.021 0.001 0.001 0.002 0.001 0.001 0.004 0.025 0.019 0 0.001 0.001 0.004 0.001 0.004 0.017 0.001 0.079 0.014 0.004 0.001 0.001 0.006 0.032 0.009 0 0.007 0.004 0.004 0.005 0 0.005 0.001 0.001 0 0.006 0.001 0 0.001 0.002 0.001 0.006 0.001 0.001 0 0.001 1 0.005 0 0.001 0.001
0 0 0.002 0.015 0.007 0.003 0.001 0.039 0.005 0 0.001 0.101 0.005 0.003 0.005 0.001 0.005 0.007 0.169 0.001 0.392 0.04 0.105 0.004 0 0.039 0.01 0.171 0.009 0.011 0.007 0 0.039 0.072 0.007 0 0.001 0.011 0.004 0.047 0.086 0.002 0.055 0.194 0.665 0.011 0.015 0.257 0.158 0.06 0.004 0.691 0.632 0.607 0.715 0.005 0.883 0.04 0.085 0.077 0.681 0.015 0.006 0.006 0.38 0.021 0.692 0.016 0.069 0.007 0.137 0.005 1 0.008 0.016 0.125
0.016 0.019 0.019 0.008 0.069 0.09 0.004 0.01 0 0.003 0.002 0.001 0 0.027 0.026 0 0.004 0 0.002 0.029 0.005 0 0.003 0.03 0 0.006 0.001 0.002 0.065 0.097 0.089 0.005 0.002 0.01 0.001 0.043 0.001 0.006 0.017 0.005 0.005 0.001 0.005 0.004 0.006 0.001 0.002 0.014 0.013 0.003 0.418 0.01 0.006 0.006 0.007 0.519 0.008 0.001 0.001 0.001 0.009 0.001 0.001 0.001 0.003 0.002 0.009 0.001 0.001 0.001 0.001 0 0.008 1 0.009 0.001
0.015 0.012 0.013 0.012 0.003 0.002 0.008 0.008 0.001 0.007 0.004 0.003 0 0.008 0.009 0.001 0.009 0.001 0.004 0.008 0.009 0.026 0 0.009 0.005 0.008 0.002 0.004 0.003 0.001 0.001 0.013 0.013 0.008 0.001 0.001 0.002 0.001 0.003 0.001 0.01 0.024 0 0.02 0.013 0.01 0.004 0.029 0.001 0.035 0 0.021 0.013 0.013 0.016 0.031 0.018 0.002 0.002 0.001 0.02 0.216 0.001 0.002 0.007 0 0.018 0.241 0.002 0.001 0.003 0.001 0.016 0.009 1 0.003
0 0 0 0.005 0.003 0.002 0 0.013 0.001 0.001 0.003 0.153 0.001 0.014 0.015 0 0.007 0.001 0.003 0.015 0.113 0.003 0.045 0.014 0.007 0.029 0.002 0.003 0.005 0.002 0.002 0.007 0.022 0.027 0.001 0.001 0.002 0.003 0.003 0.004 0.036 0 0.01 0.034 0.111 0.002 0.004 0.051 0.026 0.012 0.001 0.084 0.142 0.186 0.153 0.001 0.153 0.001 0.528 0.001 0.135 0.003 0.001 0.002 0.004 0.003 0.123 0.003 0.558 0.001 0 0.001 0.125 0.001 0.003 1
