1 0.838 0.845 0.466 0.148 0.086 0.233 0.28 0.014 0.205 0.107 0.017 0.052 0.482 0.464 0.001 0.214 0.061 0.034 0.516 0 0.12 0.09 0.52 0.313 0.263 0.013 0.037 0.085 0.029 0.031 0.241 0.177 0.106 0.004 0.014 0.01 0.043 0.015 0.026 0.092 0.018 0.007 0.061 0.004 0.003 0.013 0.017 0.01 0.048 0.027 0.01 0.001 0.001 0.001 0.027 0.005 0.036 0.005 0.01 0.006 0.016 0.004 0 0.023 0.002 0.005 0.019 0 0.002 0.035 0.001 0.005 0.02 0.004 0.001
0.838 1 0.97 0.433 0.176 0.103 0.278 0.243 0.012 0.244 0.128 0.014 0.062 0.564 0.522 0 0.232 0.074 0.028 0.595 0 0.114 0.074 0.599 0.356 0.23 0.021 0.031 0.107 0.034 0.038 0.28 0.152 0.078 0.005 0.019 0.009 0.042 0.021 0.031 0.064 0.014 0.032 0.077 0.01 0.014 0.012 0.024 0.001 0.041 0.027 0.017 0 0 0.005 0.035 0.01 0.045 0.003 0.011 0.011 0.012 0.003 0 0.024 0.011 0.011 0.014 0.001 0.01 0.046 0.02 0.009 0.026 0.007 0.002
0.845 0.97 1 0.439 0.173 0.101 0.271 0.249 0.012 0.238 0.125 0.015 0.061 0.576 0.535 0 0.25 0.072 0.029 0.61 0 0.113 0.074 0.615 0.374 0.243 0.021 0.032 0.104 0.034 0.037 0.293 0.161 0.084 0.005 0.019 0.01 0.049 0.021 0.03 0.069 0.015 0.031 0.08 0.009 0.015 0.018 0.027 0.001 0.043 0.026 0.02 0 0 0.004 0.033 0.012 0.044 0.004 0.011 0.013 0.013 0.002 0 0.018 0.012 0.013 0.015 0.001 0.01 0.044 0.02 0.011 0.025 0.007 0.002
0.466 0.433 0.439 1 0.072 0.04 0.124 0.763 0.027 0.109 0.057 0.032 0.028 0.25 0.256 0.004 0.117 0.045 0.064 0.284 0.016 0.289 0.292 0.291 0.193 0.595 0.001 0.057 0.03 0.015 0.015 0.134 0.461 0.264 0.028 0.001 0.023 0.003 0.001 0 0.305 0.04 0.201 0 0.004 0.036 0.001 0.004 0.187 0.181 0.012 0.004 0.024 0.027 0.008 0.01 0.002 0.014 0.001 0.003 0.004 0.041 0.011 0.001 0.044 0.029 0.003 0.047 0 0.021 0.011 0.028 0.004 0.005 0 0
0.148 0.176 0.173 0.072 1 0.584 0.011 0.085 0.002 0.009 0.005 0.003 0.352 0.178 0.155 0.006 0.011 0.004 0.005 0.17 0.014 0.011 0.029 0.166 0.02 0.075 0.004 0.006 0.692 0.194 0.225 0.022 0.065 0.04 0.001 0.163 0.002 0.017 0.209 0.016 0.032 0.004 0.014 0.003 0.017 0.003 0.122 0.04 0 0.014 0.184 0.004 0.016 0.016 0.02 0.11 0.001 0.003 0.001 0.077 0.006 0.002 0.002 0.027 0.001 0.005 0.002 0.003 0.001 0 0.003 0.003 0.001 0.094 0.031 0.001
0.086 0.103 0.101 0.04 0.584 1 0.006 0.055 0.001 0.005 0.003 0.001 0.001 0.113 0.098 0.014 0.006 0.002 0.003 0.098 0.008 0.006 0.016 0.094 0.013 0.042 0.002 0.003 0.401 0.333 0.388 0.013 0.036 0.02 0.001 0.294 0.001 0.009 0.378 0.008 0.014 0.003 0.012 0.034 0.01 0.002 0.229 0.021 0.024 0.006 0.035 0.026 0.009 0.009 0.012 0.019 0.001 0.002 0.005 0.134 0.032 0.003 0.001 0.056 0 0.003 0.018 0.003 0.003 0.002 0.002 0.002 0.001 0.018 0 0.003
0.233 0.278 0.271 0.124 0.011 0.006 1 0.147 0.003 0.875 0.462 0.004 0.004 0.298 0.26 0.002 0.835 0.006 0.008 0.328 0.02 0.043 0.076 0.333 0.485 0.162 0.006 0.009 0.012 0.002 0.003 0.46 0.134 0.094 0.004 0.006 0.003 0.255 0.008 0.22 0.091 0.007 0.027 0.065 0 0.005 0.008 0.132 0.08 0.033 0.003 0.002 0.024 0.024 0 0.005 0.001 0.005 0.003 0.001 0.002 0.005 0.003 0.005 0.013 0 0.003 0.006 0.003 0.004 0.007 0.006 0.001 0.005 0.005 0.003
0.28 0.243 0.249 0.763 0.085 0.055 0.147 1 0.022 0.129 0.067 0.027 0.033 0.332 0.338 0.003 0.14 0.053 0.036 0.36 0.112 0.259 0.446 0.37 0.242 0.731 0 0.031 0.045 0.018 0.019 0.176 0.598 0.384 0.033 0.005 0.019 0.011 0.004 0.004 0.437 0.033 0.243 0.008 0.051 0.037 0.003 0.014 0.255 0.198 0.02 0.043 0.111 0.12 0.061 0.017 0.037 0.014 0 0.004 0.044 0.034 0.021 0 0.03 0.037 0.038 0.039 0.004 0.026 0.019 0.035 0.042 0.01 0.001 0.011
0.014 0.012 0.012 0.027 0.002 0.001 0.003 0.022 1 0.003 0.001 0.001 0.001 0.01 0.003 0 0.003 0.001 0.002 0.01 0.004 0.004 0.01 0.01 0.007 0.02 0.096 0.002 0.002 0 0.001 0.007 0.021 0.021 0.001 0.001 0.001 0.003 0.002 0.002 0.021 0.004 0.006 0.008 0.005 0.001 0.002 0 0.008 0.049 0.001 0.008 0.005 0.005 0.006 0.001 0.007 0.001 0.001 0 0.008 0.002 0.355 0.001 0.003 0 0.008 0.002 0.001 0.001 0.001 0.001 0.007 0.001 0.001 0.001
0.205 0.244 0.238 0.109 0.009 0.005 0.875 0.129 0.003 1 0.526 0.003 0.003 0.261 0.228 0.002 0.776 0.005 0.007 0.288 0.018 0.037 0.067 0.292 0.423 0.142 0.005 0.008 0.01 0.002 0.002 0.4 0.115 0.08 0.003 0.005 0.002 0.2 0.007 0.165 0.078 0.006 0.023 0.047 0.002 0.005 0.007 0.107 0.059 0.038 0.003 0.001 0.021 0.021 0.001 0.005 0 0.005 0.002 0.001 0.001 0.004 0.003 0.004 0.012 0 0.001 0.005 0.003 0.004 0.006 0.005 0 0.004 0.005 0.003
0.107 0.128 0.125 0.057 0.005 0.003 0.462 0.067 0.001 0.526 1 0.002 0.002 0.139 0.121 0.001 0.447 0.003 0.004 0.153 0.01 0.02 0.037 0.155 0.226 0.076 0.002 0.004 0.006 0.001 0.001 0.222 0.07 0.047 0.002 0.003 0.001 0.073 0.004 0.043 0.049 0.003 0.011 0.012 0.01 0.003 0.004 0.071 0.016 0.027 0.002 0.004 0.012 0.012 0.009 0.002 0.002 0.003 0.002 0.001 0.001 0.004 0.001 0.002 0.006 0.004 0.001 0.004 0.002 0.002 0.003 0.003 0.002 0.002 0.002 0.002
0.017 0.014 0.015 0.032 0.003 0.001 0.004 0.027 0.001 0.003 0.002 1 0.001 0.004 0 0 0.004 0.001 0.002 0.009 0.179 0.01 0.049 0.012 0.008 0.024 0.001 0.002 0.003 0 0.001 0.007 0.009 0.014 0.001 0.017 0.001 0.008 0.01 0.007 0.016 0.002 0.008 0.045 0.078 0.001 0.01 0.02 0.019 0.002 0.001 0.093 0.09 0.088 0.068 0.001 0.065 0.01 0.153 0.005 0.091 0.002 0.001 0.022 0.001 0.002 0.08 0.002 0.069 0.001 0.03 0.001 0.058 0.002 0.002 0.065
0.052 0.062 0.061 0.028 0.352 0.001 0.004 0.033 0.001 0.003 0.002 0.001 1 0.068 0.059 0 0.004 0.001 0.002 0.075 0.005 0.009 0.017 0.075 0.006 0.037 0.001 0.002 0.288 0 0.001 0.008 0.032 0.023 0.009 0.001 0.001 0.007 0.002 0.007 0.021 0.002 0.111 0.02 0.006 0.001 0.002 0.016 0.033 0.012 0.206 0.009 0.006 0.006 0.007 0.129 0.008 0.001 0.001 0 0.009 0 0.001 0.001 0.003 0.002 0.01 0 0.001 0.002 0.002 0.001 0.007 0.105 0.093 0.001
0.482 0.564 0.576 0.25 0.178 0.113 0.298 0.332 0.01 0.261 0.139 0.004 0.068 1 0.864 0 0.294 0.109 0.013 0.822 0.046 0.111 0.187 0.831 0.527 0.356 0.018 0.016 0.166 0.037 0.052 0.407 0.293 0.202 0.004 0.057 0.009 0.071 0.055 0.047 0.181 0.013 0.023 0.036 0.013 0.014 0.051 0.014 0.007 0.039 0.038 0 0.054 0.053 0.021 0.046 0.008 0.008 0.004 0.012 0 0.01 0.009 0.02 0.008 0.01 0.001 0.012 0.006 0.009 0.009 0.018 0.007 0.036 0.013 0.006
0.464 0.522 0.535 0.256 0.155 0.098 0.26 0.338 0.003 0.228 0.121 0 0.059 0.864 1 0.001 0.256 0.095 0.016 0.72 0.04 0.127 0.194 0.729 0.49 0.327 0.01 0.019 0.143 0.033 0.045 0.381 0.289 0.197 0.006 0.078 0.011 0.068 0.07 0.045 0.178 0.016 0.022 0.043 0.011 0.013 0.066 0.013 0.008 0.041 0.033 0 0.049 0.047 0.02 0.039 0.008 0.001 0.005 0.01 0 0.013 0.003 0.038 0.011 0.011 0 0.015 0.007 0.003 0.003 0.018 0.006 0.029 0.009 0.008
0.001 0 0 0.004 0.006 0.014 0.002 0.003 0 0.002 0.001 0 0 0 0.001 1 0.002 0.001 0 0.006 0.001 0.038 0.025 0.006 0.004 0.004 0.001 0 0.001 0 0 0.004 0.013 0.017 0 0.001 0 0.004 0.001 0.004 0.019 0 0.004 0.004 0.001 0.001 0.001 0.006 0.009 0.025 0 0.003 0.001 0.001 0.002 0.001 0.001 0.001 0.027 0 0 0 0 0.001 0 0.001 0 0 0.021 0.001 0.001 0.001 0.001 0.001 0 0.02
0.214 0.232 0.25 0.117 0.011 0.006 0.835 0.14 0.003 0.776 0.447 0.004 0.004 0.294 0.256 0.002 1 0.006 0.008 0.344 0.022 0.044 0.081 0.348 0.485 0.171 0.006 0.009 0.013 0.002 0.003 0.461 0.135 0.095 0.004 0.006 0.001 0.249 0.008 0.175 0.092 0.007 0.023 0.062 0 0.006 0 0.126 0.064 0.03 0.003 0 0.023 0.023 0 0.005 0 0.006 0.004 0.001 0 0.005 0.003 0.005 0.002 0 0 0.006 0.004 0.004 0.007 0.006 0 0.005 0.006 0.005
0.061 0.074 0.072 0.045 0.004 0.002 0.006 0.053 0.001 0.005 0.003 0.001 0.001 0.109 0.095 0.001 0.006 1 0.003 0.12 0.008 0.015 0.028 0.122 0.177 0.06 0.002 0.003 0.004 0.001 0.001 0.175 0.055 0.042 0.001 0.002 0.001 0.002 0.003 0.002 0.038 0 0.011 0.017 0.01 0.002 0.002 0.013 0.006 0.001 0.001 0.014 0.009 0.009 0.012 0.001 0.012 0.002 0.001 0 0.014 0 0.001 0.002 0.005 0.003 0.014 0 0.002 0.002 0.002 0.002 0.011 0.002 0.003 0.002
0.034 0.028 0.029 0.064 0.005 0.003 0.008 0.036 0.002 0.007 0.004 0.002 0.002 0.013 0.016 0 0.008 0.003 1 0.024 0.362 0.02 0.1 0.023 0.016 0.048 0.003 0.886 0.006 0.001 0.001 0.016 0.038 0.045 0.002 0.003 0.001 0.014 0.004 0.013 0.056 0.003 0.007 0.071 0.233 0.001 0.004 0.048 0.02 0.021 0.002 0.144 0.237 0.244 0.189 0.002 0.177 0.003 0.001 0.001 0.094 0.004 0.002 0.002 0.475 0.004 0.141 0.004 0.002 0.002 0.003 0.001 0.171 0.003 0.003 0.002
0.516 0.595 0.61 0.284 0.17 0.098 0.328 0.36 0.01 0.288 0.153 0.009 0.075 0.822 0.72 0.006 0.344 0.12 0.024 1 0.061 0.119 0.218 0.963 0.634 0.449 0.017 0.025 0.124 0.041 0.046 0.504 0.325 0.219 0.004 0.021 0.005 0.08 0.025 0.053 0.197 0.009 0.018 0.02 0.019 0.016 0.022 0.006 0.014 0.046 0.043 0.005 0.068 0.068 0.028 0.052 0.016 0.016 0.011 0.015 0.007 0.008 0.008 0.001 0.009 0.008 0.012 0.01 0.013 0.007 0.017 0.017 0.015 0.041 0.014 0.014
0 0 0 0.016 0.014 0.008 0.02 0.112 0.004 0.018 0.01 0.179 0.005 0.046 0.04 0.001 0.022 0.008 0.362 0.061 1 0.053 0.271 0.065 0.044 0.124 0.008 0.387 0.016 0.003 0.004 0.043 0.098 0.128 0.005 0 0.004 0.04 0 0.038 0.148 0.009 0.032 0.209 0.566 0.002 0 0.109 0.075 0.022 0.004 0.442 0.631 0.604 0.497 0.007 0.463 0.119 0.02 0 0.355 0.011 0.004 0.002 0.213 0.011 0.429 0.012 0.056 0.006 0.161 0.001 0.428 0.008 0.007 0.066
0.12 0.114 0.113 0.289 0.011 0.006 0.043 0.259 0.004 0.037 0.02 0.01 0.009 0.111 0.127 0.038 0.044 0.015 0.02 0.119 0.053 1 0.449 0.126 0.086 0.223 0.013 0.022 0.031 0.005 0.007 0.042 0.212 0.046 0.01 0.014 0.054 0.036 0.021 0.041 0.053 0.104 0.069 0.013 0.049 0.094 0.02 0.013 0.022 0.149 0.003 0.062 0.028 0.025 0.033 0 0.044 0.014 0 0.004 0.044 0.092 0 0.012 0.013 0.014 0.06 0.107 0.001 0.005 0.016 0.014 0.032 0.001 0.005 0.001
0.09 0.074 0.074 0.292 0.029 0.016 0.076 0.446 0.01 0.067 0.037 0.049 0.017 0.187 0.194 0.025 0.081 0.028 0.1 0.218 0.271 0.449 1 0.232 0.16 0.422 0.025 0.106 0.058 0.01 0.013 0.101 0.372 0.175 0.017 0.007 0.028 0.002 0.017 0.003 0.203 0.038 0.121 0.065 0.132 0.059 0.016 0.026 0.095 0.036 0.009 0.077 0.195 0.192 0.135 0.005 0.105 0.023 0.009 0.002 0.069 0.026 0.002 0.004 0.06 0.03 0.07 0.033 0.022 0.012 0.034 0.015 0.11 0.001 0 0.028
0.52 0.599 0.615 0.291 0.166 0.094 0.333 0.37 0.01 0.292 0.155 0.012 0.075 0.831 0.729 0.006 0.348 0.122 0.023 0.963 0.065 0.126 0.232 1 0.645 0.473 0.017 0.026 0.136 0.042 0.046 0.513 0.341 0.236 0.003 0.027 0.005 0.083 0.031 0.055 0.213 0.013 0.017 0.023 0.021 0.016 0.028 0.007 0.016 0.051 0.043 0.004 0.072 0.071 0.03 0.053 0.018 0.016 0.011 0.014 0.006 0.011 0.009 0.003 0.01 0.008 0.011 0.013 0.013 0.007 0.019 0.016 0.016 0.042 0.01 0.013
0.313 0.356 0.374 0.193 0.02 0.013 0.485 0.242 0.007 0.423 0.226 0.008 0.006 0.527 0.49 0.004 0.485 0.177 0.016 0.634 0.044 0.086 0.16 0.645 1 0.321 0.012 0.018 0.025 0.004 0.006 0.813 0.22 0.152 0.008 0.011 0.003 0.178 0.016 0.131 0.142 0.008 0.059 0.017 0.007 0.011 0.005 0.051 0.022 0.026 0.003 0.017 0.049 0.048 0.011 0.001 0.012 0.011 0.007 0.003 0.017 0.008 0.006 0.005 0.009 0.003 0.02 0.009 0.009 0.009 0.014 0.011 0.011 0 0 0.009
0.263 0.23 0.243 0.595 0.075 0.042 0.162 0.731 0.02 0.142 0.076 0.024 0.037 0.356 0.327 0.004 0.171 0.06 0.048 0.449 0.124 0.223 0.422 0.473 0.321 1 0.035 0.052 0.054 0.02 0.021 0.251 0.741 0.528 0.032 0.007 0.013 0.017 0.006 0.008 0.478 0.022 0.187 0.011 0.077 0.026 0.005 0.011 0.229 0.153 0.018 0.059 0.15 0.147 0.083 0.013 0.069 0.033 0.007 0.005 0.051 0.024 0.018 0 0.038 0.005 0.067 0.027 0.011 0.026 0.04 0.039 0.078 0.008 0.002 0.027
0.013 0.021 0.021 0.001 0.004 0.002 0.006 0 0.096 0.005 0.002 0.001 0.001 0.018 0.01 0.001 0.006 0.002 0.003 0.017 0.008 0.013 0.025 0.017 0.012 0.035 1 0.003 0.004 0.001 0.001 0.012 0.038 0.05 0 0.002 0.001 0.011 0.003 0.011 0.001 0.002 0.02 0.018 0.004 0 0.003 0 0.002 0 0.001 0.001 0 0 0 0.002 0 0.002 0.001 0 0.001 0.003 0.093 0.002 0.004 0.092 0.001 0.003 0.002 0 0.003 0.002 0 0.002 0.002 0.002
0.037 0.031 0.032 0.057 0.006 0.003 0.009 0.031 0.002 0.008 0.004 0.002 0.002 0.016 0.019 0 0.009 0.003 0.886 0.025 0.387 0.022 0.106 0.026 0.018 0.052 0.003 1 0.006 0.001 0.001 0.018 0.043 0.053 0.002 0.003 0.002 0.017 0.004 0.016 0.065 0.004 0.008 0.08 0.268 0.003 0.004 0.045 0.025 0.025 0.002 0.167 0.274 0.245 0.219 0.003 0.205 0.003 0.002 0.001 0.093 0.005 0.002 0.002 0.546 0.004 0.163 0.005 0.002 0.002 0.003 0 0.2 0.003 0.004 0.002
0.085 0.107 0.104 0.03 0.692 0.401 0.012 0.045 0.002 0.01 0.006 0.003 0.288 0.166 0.143 0.001 0.013 0.004 0.006 0.124 0.016 0.031 0.058 0.136 0.025 0.054 0.004 0.006 1 0.168 0.194 0.025 0.107 0.076 0 0.298 0.002 0.02 0.482 0.009 0.064 0.005 0.008 0.022 0.019 0.004 0.357 0.021 0.002 0.037 0.159 0.035 0.019 0.019 0.024 0.093 0.008 0.004 0.003 0.066 0.029 0.003 0.002 0.184 0.002 0.006 0.018 0.004 0.003 0 0.004 0.004 0.007 0.079 0.025 0.003
0.029 0.034 0.034 0.015 0.194 0.333 0.002 0.018 0 0.002 0.001 0 0 0.037 0.033 0 0.002 0.001 0.001 0.041 0.003 0.005 0.01 0.042 0.004 0.02 0.001 0.001 0.168 1 0.724 0.004 0.013 0.01 0 0.042 0 0.004 0.211 0.004 0.009 0.001 0.004 0.017 0.003 0.001 0.083 0.009 0.01 0.005 0.007 0.01 0.003 0.003 0.004 0.003 0.003 0.001 0 0 0.008 0.001 0 0.113 0.002 0.001 0.003 0.001 0.001 0.001 0 0.001 0.003 0.006 0.001 0.001
0.031 0.038 0.037 0.015 0.225 0.388 0.003 0.019 0.001 0.002 0.001 0.001 0.001 0.052 0.045 0 0.003 0.001 0.001 0.046 0.004 0.007 0.013 0.046 0.006 0.021 0.001 0.001 0.194 0.724 1 0.006 0.014 0.015 0.001 0.096 0 0.002 0.256 0.002 0.013 0.001 0.005 0.025 0.005 0.001 0.131 0.013 0.008 0.008 0.004 0.017 0.004 0.004 0.006 0.002 0 0.001 0.001 0.088 0.015 0.001 0.001 0.079 0.003 0.001 0.009 0.002 0.001 0.001 0 0.001 0 0.003 0.001 0.001
0.241 0.28 0.293 0.134 0.022 0.013 0.46 0.176 0.007 0.4 0.222 0.007 0.008 0.407 0.381 0.004 0.461 0.175 0.016 0.504 0.043 0.042 0.101 0.513 0.813 0.251 0.012 0.018 0.025 0.004 0.006 1 0.271 0.213 0.008 0.012 0.003 0.26 0.016 0.204 0.201 0.008 0.06 0.034 0.007 0.011 0.005 0.073 0.039 0.041 0.006 0.017 0.048 0.047 0.011 0.01 0.012 0.011 0.007 0.003 0.018 0.011 0.007 0.005 0.009 0.003 0.02 0.013 0.009 0.009 0.014 0.012 0.012 0.011 0.013 0.009
0.177 0.152 0.161 0.461 0.065 0.036 0.134 0.598 0.021 0.115 0.07 0.009 0.032 0.293 0.289 0.013 0.135 0.055 0.038 0.325 0.098 0.212 0.372 0.341 0.22 0.741 0.038 0.043 0.107 0.013 0.014 0.271 1 0.718 0.029 0.052 0.019 0.029 0.074 0.024 0.658 0.035 0.186 0 0.091 0.035 0.072 0.001 0.254 0.226 0.016 0.025 0.167 0.164 0.097 0.001 0.077 0.035 0.004 0.005 0.017 0.041 0.022 0.042 0.046 0.003 0.027 0.046 0.012 0.023 0.043 0.051 0.085 0 0.004 0.022
0.106 0.078 0.084 0.264 0.04 0.02 0.094 0.384 0.021 0.08 0.047 0.014 0.023 0.202 0.197 0.017 0.095 0.042 0.045 0.219 0.128 0.046 0.175 0.236 0.152 0.528 0.05 0.053 0.076 0.01 0.015 0.213 0.718 1 0.022 0.036 0.025 0.221 0.052 0.211 0.888 0.048 0.125 0.02 0.123 0.025 0.054 0.002 0.35 0.203 0.008 0.051 0.203 0.193 0.132 0 0.117 0.047 0.01 0.003 0.038 0.057 0.029 0.032 0.054 0.001 0.057 0.063 0.015 0.016 0.058 0.039 0.126 0.002 0.007 0.034
0.004 0.005 0.005 0.028 0.001 0.001 0.004 0.033 0.001 0.003 0.002 0.001 0.009 0.004 0.006 0 0.004 0.001 0.002 0.004 0.005 0.01 0.017 0.003 0.008 0.032 0 0.002 0 0 0.001 0.008 0.029 0.022 1 0.001 0.001 0.007 0.002 0.007 0.024 0.002 0.093 0.02 0.006 0.001 0.002 0.016 0.048 0.014 0.001 0.009 0.006 0.006 0.007 0.001 0.008 0.001 0.001 0 0.009 0.002 0.001 0.001 0.003 0 0.01 0.002 0.001 0.331 0.002 0.001 0.007 0.001 0.002 0.001
0.014 0.019 0.019 0.001 0.163 0.294 0.006 0.005 0.001 0.005 0.003 0.017 0.001 0.057 0.078 0.001 0.006 0.002 0.003 0.021 0 0.014 0.007 0.027 0.011 0.007 0.002 0.003 0.298 0.042 0.096 0.012 0.052 0.036 0.001 1 0.001 0.008 0.639 0.007 0.036 0.002 0.011 0.063 0.009 0.002 0.441 0.001 0.022 0.022 0.04 0.07 0.009 0.009 0.011 0.022 0 0.002 0.001 0.13 0.07 0.003 0.001 0.358 0 0.003 0.055 0.003 0.001 0.001 0.002 0.002 0 0.017 0 0.002
0.01 0.009 0.01 0.023 0.002 0.001 0.003 0.019 0.001 0.002 0.001 0.001 0.001 0.009 0.011 0 0.001 0.001 0.001 0.005 0.004 0.054 0.028 0.005 0.003 0.013 0.001 0.002 0.002 0 0 0.003 0.019 0.025 0.001 0.001 1 0.005 0.001 0.005 0.027 0.001 0.005 0.008 0.002 0.001 0.001 0.009 0.012 0.006 0.001 0.004 0.002 0.002 0.003 0.001 0.003 0.001 0.001 0 0.004 0.001 0.001 0.001 0 0.001 0.004 0.001 0.001 0.007 0.001 0.001 0.003 0.001 0.001 0.001
0.043 0.042 0.049 0.003 0.017 0.009 0.255 0.011 0.003 0.2 0.073 0.008 0.007 0.071 0.068 0.004 0.249 0.002 0.014 0.08 0.04 0.036 0.002 0.083 0.178 0.017 0.011 0.017 0.02 0.004 0.002 0.26 0.029 0.221 0.007 0.008 0.005 1 0.015 0.887 0.202 0.013 0.061 0.279 0.044 0.133 0.004 0.2 0.219 0.015 0.007 0.057 0.043 0.039 0.052 0.01 0.041 0.01 0.004 0.003 0.048 0.017 0.006 0.009 0.009 0.003 0.056 0.017 0.006 0.008 0.013 0.011 0.038 0.01 0.008 0.006
0.015 0.021 0.021 0.001 0.209 0.378 0.008 0.004 0.002 0.007 0.004 0.01 0.002 0.055 0.07 0.001 0.008 0.003 0.004 0.025 0 0.021 0.017 0.031 0.016 0.006 0.003 0.004 0.482 0.211 0.256 0.016 0.074 0.052 0.002 0.639 0.001 0.015 1 0.005 0.051 0.003 0.015 0.09 0.013 0.003 0.674 0.002 0.037 0.031 0.025 0.11 0.012 0.012 0.016 0.013 0.002 0.003 0.002 0.089 0.101 0.004 0.002 0.506 0 0.004 0.075 0.004 0.002 0.002 0.003 0.003 0.002 0.009 0.001 0.002
0.026 0.031 0.03 0 0.016 0.008 0.22 0.004 0.002 0.165 0.043 0.007 0.007 0.047 0.045 0.004 0.175 0.002 0.013 0.053 0.038 0.041 0.003 0.055 0.131 0.008 0.011 0.016 0.009 0.004 0.002 0.204 0.024 0.211 0.007 0.007 0.005 0.887 0.005 1 0.194 0.012 0.057 0.27 0.042 0.139 0.005 0.169 0.212 0.014 0.006 0.055 0.041 0.037 0.049 0.009 0.053 0.01 0.004 0.002 0.046 0.016 0.006 0.001 0.018 0.002 0.054 0.017 0.005 0.008 0.013 0.01 0.05 0.011 0.01 0.006
0.092 0.064 0.069 0.305 0.032 0.014 0.091 0.437 0.021 0.078 0.049 0.016 0.021 0.181 0.178 0.019 0.092 0.038 0.056 0.197 0.148 0.053 0.203 0.213 0.142 0.478 0.001 0.065 0.064 0.009 0.013 0.201 0.658 0.888 0.024 0.036 0.027 0.202 0.051 0.194 1 0.052 0.202 0.011 0.139 0.023 0.05 0 0.422 0.239 0.009 0.063 0.23 0.22 0.15 0 0.134 0.051 0.011 0.003 0.048 0.062 0.028 0.029 0.067 0.025 0.07 0.069 0.017 0.018 0.063 0.035 0.143 0.002 0.009 0.038
0.018 0.014 0.015 0.04 0.004 0.003 0.007 0.033 0.004 0.006 0.003 0.002 0.002 0.013 0.016 0 0.007 0 0.003 0.009 0.009 0.104 0.038 0.013 0.008 0.022 0.002 0.004 0.005 0.001 0.001 0.008 0.035 0.048 0.002 0.002 0.001 0.013 0.003 0.012 0.052 1 0.013 0.019 0.004 0.002 0.003 0.012 0.023 0.06 0.001 0.003 0 0 0 0.002 0.007 0.002 0.001 0.001 0.003 0.266 0.001 0.002 0.001 0 0.01 0.328 0.002 0.002 0.003 0.002 0.001 0.003 0.009 0.002
0.007 0.032 0.031 0.201 0.014 0.012 0.027 0.243 0.006 0.023 0.011 0.008 0.111 0.023 0.022 0.004 0.023 0.011 0.007 0.018 0.032 0.069 0.121 0.017 0.059 0.187 0.02 0.008 0.008 0.004 0.005 0.06 0.186 0.125 0.093 0.011 0.005 0.061 0.015 0.057 0.202 0.013 1 0.167 0.046 0.01 0.015 0.108 0.364 0.108 0.02 0.075 0.049 0.048 0.057 0.004 0.061 0.01 0.007 0.003 0.072 0.012 0.006 0.009 0.025 0.1 0.076 0.014 0.008 0.107 0.014 0.176 0.058 0.002 0.002 0.009
0.061 0.077 0.08 0 0.003 0.034 0.065 0.008 0.008 0.047 0.012 0.045 0.02 0.036 0.043 0.004 0.062 0.017 0.071 0.02 0.209 0.013 0.065 0.023 0.017 0.011 0.018 0.08 0.022 0.017 0.025 0.034 0 0.02 0.02 0.063 0.008 0.279 0.09 0.27 0.011 0.019 0.167 1 0.185 0.052 0.087 0.36 0.004 0.078 0.002 0.271 0.216 0.205 0.132 0.008 0.162 0.061 0.002 0.015 0.194 0.043 0.013 0.042 0.086 0.017 0.224 0.047 0.009 0.023 0.077 0.03 0.154 0.012 0.026 0.013
0.004 0.01 0.009 0.004 0.017 0.01 0 0.051 0.005 0.002 0.01 0.078 0.006 0.013 0.011 0.001 0 0.01 0.233 0.019 0.566 0.049 0.132 0.021 0.007 0.077 0.004 0.268 0.019 0.003 0.005 0.007 0.091 0.123 0.006 0.009 0.002 0.044 0.013 0.042 0.139 0.004 0.046 0.185 1 0.009 0.012 0.158 0.123 0.047 0.005 0.616 0.738 0.707 0.818 0.008 0.717 0.167 0.027 0 0.451 0.014 0.005 0.007 0.247 0.013 0.574 0.015 0.052 0.007 0.214 0.009 0.688 0.01 0.011 0.063
0.003 0.014 0.015 0.036 0.003 0.002 0.005 0.037 0.001 0.005 0.003 0.001 0.001 0.014 0.013 0.001 0.006 0.002 0.001 0.016 0.002 0.094 0.059 0.016 0.011 0.026 0 0.003 0.004 0.001 0.001 0.011 0.035 0.025 0.001 0.002 0.001 0.133 0.003 0.139 0.023 0.002 0.01 0.052 0.009 1 0.003 0.014 0.021 0.044 0.001 0.014 0.008 0.008 0.011 0.002 0.011 0.002 0.001 0 0.01 0.003 0.001 0.001 0.004 0.003 0.014 0.003 0.001 0.001 0.002 0.002 0.011 0.002 0 0.001
0.013 0.012 0.018 0.001 0.122 0.229 0.008 0.003 0.002 0.007 0.004 0.01 0.002 0.051 0.066 0.001 0 0.002 0.004 0.022 0 0.02 0.016 0.028 0.005 0.005 0.003 0.004 0.357 0.083 0.131 0.005 0.072 0.054 0.002 0.441 0.001 0.004 0.674 0.005 0.05 0.003 0.015 0.087 0.012 0.003 1 0 0.036 0.03 0.002 0.185 0.012 0.012 0.015 0.002 0 0.003 0.002 0.106 0.169 0.004 0.002 0.521 0.004 0.004 0.133 0.004 0.002 0.002 0.002 0.003 0.001 0.003 0.003 0.002
0.017 0.024 0.027 0.004 0.04 0.021 0.132 0.014 0 0.107 0.071 0.02 0.016 0.014 0.013 0.006 0.126 0.013 0.048 0.006 0.109 0.013 0.026 0.007 0.051 0.011 0 0.045 0.021 0.009 0.013 0.073 0.001 0.002 0.016 0.001 0.009 0.2 0.002 0.169 0 0.012 0.108 0.36 0.158 0.014 0 1 0.009 0.044 0.015 0.145 0.141 0.144 0.152 0.023 0.13 0.027 0.002 0.001 0.146 0.033 0 0.002 0.07 0.036 0.122 0.036 0.003 0.019 0.02 0.007 0.151 0.028 0.027 0.02
0.01 0.001 0.001 0.187 0 0.024 0.08 0.255 0.008 0.059 0.016 0.019 0.033 0.007 0.008 0.009 0.064 0.006 0.02 0.014 0.075 0.022 0.095 0.016 0.022 0.229 0.002 0.025 0.002 0.01 0.008 0.039 0.254 0.35 0.048 0.022 0.012 0.219 0.037 0.212 0.422 0.023 0.364 0.004 0.123 0.021 0.036 0.009 1 0.141 0.003 0.194 0.12 0.117 0.15 0 0.16 0.025 0.017 0.006 0.187 0.035 0.013 0.021 0.061 0.105 0.198 0.038 0.02 0.041 0.033 0.072 0.152 0.002 0.001 0.021
0.048 0.041 0.043 0.181 0.014 0.006 0.033 0.198 0.049 0.038 0.027 0.002 0.012 0.039 0.041 0.025 0.03 0.001 0.021 0.046 0.022 0.149 0.036 0.051 0.026 0.153 0 0.025 0.037 0.005 0.008 0.041 0.226 0.203 0.014 0.022 0.006 0.015 0.031 0.014 0.239 0.06 0.108 0.078 0.047 0.044 0.03 0.044 0.141 1 0.013 0.09 0.04 0.038 0.051 0 0.044 0.001 0 0.005 0.065 0.115 0.049 0.017 0.035 0.025 0.064 0.125 0.004 0.012 0 0.021 0.043 0.003 0.024 0.001
0.027 0.027 0.026 0.012 0.184 0.035 0.003 0.02 0.001 0.003 0.002 0.001 0.206 0.038 0.033 0 0.003 0.001 0.002 0.043 0.004 0.003 0.009 0.043 0.003 0.018 0.001 0.002 0.159 0.007 0.004 0.006 0.016 0.008 0.001 0.04 0.001 0.007 0.025 0.006 0.009 0.001 0.02 0.002 0.005 0.001 0.002 0.015 0.003 0.013 1 0.009 0.005 0.005 0.007 0.583 0.007 0.001 0.001 0 0.008 0.002 0.001 0.001 0.003 0.002 0.009 0.002 0.001 0.001 0.001 0 0.007 0.479 0.134 0.001
0.01 0.017 0.02 0.004 0.004 0.026 0.002 0.043 0.008 0.001 0.004 0.093 0.009 0 0 0.003 0 0.014 0.144 0.005 0.442 0.062 0.077 0.004 0.017 0.059 0.001 0.167 0.035 0.01 0.017 0.017 0.025 0.051 0.009 0.07 0.004 0.057 0.11 0.055 0.063 0.003 0.075 0.271 0.616 0.014 0.185 0.145 0.194 0.09 0.009 1 0.617 0.595 0.652 0.013 0.655 0.13 0.013 0.033 0.778 0.022 0.008 0.094 0.28 0.02 0.829 0.024 0.033 0.011 0.171 0.014 0.661 0.016 0.018 0.042
0.001 0 0 0.024 0.016 0.009 0.024 0.111 0.005 0.021 0.012 0.09 0.006 0.054 0.049 0.001 0.023 0.009 0.237 0.068 0.631 0.028 0.195 0.072 0.049 0.15 0 0.274 0.019 0.003 0.004 0.048 0.167 0.203 0.006 0.009 0.002 0.043 0.012 0.041 0.23 0 0.049 0.216 0.738 0.008 0.012 0.141 0.12 0.04 0.005 0.617 1 0.962 0.796 0.008 0.703 0.211 0.028 0 0.46 0.013 0.005 0.007 0.346 0.013 0.551 0.015 0.061 0.007 0.267 0.008 0.709 0.01 0.011 0.076
0.001 0 0 0.027 0.016 0.009 0.024 0.12 0.005 0.021 0.012 0.088 0.006 0.053 0.047 0.001 0.023 0.009 0.244 0.068 0.604 0.025 0.192 0.071 0.048 0.147 0 0.245 0.019 0.003 0.004 0.047 0.164 0.193 0.006 0.009 0.002 0.039 0.012 0.037 0.22 0 0.048 0.205 0.707 0.008 0.012 0.144 0.117 0.038 0.005 0.595 0.962 1 0.78 0.008 0.689 0.215 0.035 0 0.477 0.013 0.005 0.007 0.317 0.012 0.539 0.014 0.071 0.007 0.272 0.008 0.695 0.01 0.011 0.087
0.001 0.005 0.004 0.008 0.02 0.012 0 0.061 0.006 0.001 0.009 0.068 0.007 0.021 0.02 0.002 0 0.012 0.189 0.028 0.497 0.033 0.135 0.03 0.011 0.083 0 0.219 0.024 0.004 0.006 0.011 0.097 0.132 0.007 0.011 0.003 0.052 0.016 0.049 0.15 0 0.057 0.132 0.818 0.011 0.015 0.152 0.15 0.051 0.007 0.652 0.796 0.78 1 0.01 0.798 0.169 0.056 0 0.55 0.01 0.006 0.009 0.273 0.016 0.636 0.011 0.089 0.008 0.213 0.011 0.748 0.012 0.014 0.066
0.027 0.035 0.033 0.01 0.11 0.019 0.005 0.017 0.001 0.005 0.002 0.001 0.129 0.046 0.039 0.001 0.005 0.001 0.002 0.052 0.007 0 0.005 0.053 0.001 0.013 0.002 0.003 0.093 0.003 0.002 0.01 0.001 0 0.001 0.022 0.001 0.01 0.013 0.009 0 0.002 0.004 0.008 0.008 0.002 0.002 0.023 0 0 0.583 0.013 0.008 0.008 0.01 1 0.011 0.002 0.001 0 0.013 0.003 0.001 0.001 0.004 0.003 0.013 0.003 0.001 0.001 0.002 0.002 0.01 0.807 0.252 0.001
0.005 0.01 0.012 0.002 0.001 0.001 0.001 0.037 0.007 0 0.002 0.065 0.008 0.008 0.008 0.001 0 0.012 0.177 0.016 0.463 0.044 0.105 0.018 0.012 0.069 0 0.205 0.008 0.003 0 0.012 0.077 0.117 0.008 0 0.003 0.041 0.002 0.053 0.134 0.007 0.061 0.162 0.717 0.011 0 0.13 0.16 0.044 0.007 0.655 0.703 0.689 0.798 0.011 1 0.154 0.101 0.04 0.626 0.018 0.007 0.009 0.36 0.017 0.731 0.019 0.122 0.009 0.203 0.011 0.855 0.013 0.015 0.128
0.036 0.045 0.044 0.014 0.003 0.002 0.005 0.014 0.001 0.005 0.003 0.01 0.001 0.008 0.001 0.001 0.006 0.002 0.003 0.016 0.119 0.014 0.023 0.016 0.011 0.033 0.002 0.003 0.004 0.001 0.001 0.011 0.035 0.047 0.001 0.002 0.001 0.01 0.003 0.01 0.051 0.002 0.01 0.061 0.167 0.002 0.003 0.027 0.025 0.001 0.001 0.13 0.211 0.215 0.169 0.002 0.154 1 0 0 0.08 0.003 0.001 0.001 0.001 0.003 0.126 0.003 0 0.001 0.53 0.002 0.131 0.002 0.002 0
0.005 0.003 0.004 0.001 0.001 0.005 0.003 0 0.001 0.002 0.002 0.153 0.001 0.004 0.005 0.027 0.004 0.001 0.001 0.011 0.02 0 0.009 0.011 0.007 0.007 0.001 0.002 0.003 0 0.001 0.007 0.004 0.01 0.001 0.001 0.001 0.004 0.002 0.004 0.011 0.001 0.007 0.002 0.027 0.001 0.002 0.002 0.017 0 0.001 0.013 0.028 0.035 0.056 0.001 0.101 0 1 0 0.086 0.002 0.001 0.001 0.003 0.002 0.068 0.002 0.351 0.001 0.001 0.001 0.055 0.001 0.002 0.25
0.01 0.011 0.011 0.003 0.077 0.134 0.001 0.004 0 0.001 0.001 0.005 0 0.012 0.01 0 0.001 0 0.001 0.015 0 0.004 0.002 0.014 0.003 0.005 0 0.001 0.066 0 0.088 0.003 0.005 0.003 0 0.13 0 0.003 0.089 0.002 0.003 0.001 0.003 0.015 0 0 0.106 0.001 0.006 0.005 0 0.033 0 0 0 0 0.04 0 0 1 0.029 0.001 0 0 0.017 0.001 0.014 0.001 0 0 0.001 0 0.041 0.001 0.001 0
0.006 0.011 0.013 0.004 0.006 0.032 0.002 0.044 0.008 0.001 0.001 0.091 0.009 0 0 0 0 0.014 0.094 0.007 0.355 0.044 0.069 0.006 0.017 0.051 0.001 0.093 0.029 0.008 0.015 0.018 0.017 0.038 0.009 0.07 0.004 0.048 0.101 0.046 0.048 0.003 0.072 0.194 0.451 0.01 0.169 0.146 0.187 0.065 0.008 0.778 0.46 0.477 0.55 0.013 0.626 0.08 0.086 0.029 1 0.021 0.008 0.097 0.211 0.02 0.838 0.023 0.103 0.01 0.12 0.013 0.617 0.015 0.017 0.109
0.016 0.012 0.013 0.041 0.002 0.003 0.005 0.034 0.002 0.004 0.004 0.002 0 0.01 0.013 0 0.005 0 0.004 0.008 0.011 0.092 0.026 0.011 0.008 0.024 0.003 0.005 0.003 0.001 0.001 0.011 0.041 0.057 0.002 0.003 0.001 0.017 0.004 0.016 0.062 0.266 0.012 0.043 0.014 0.003 0.004 0.033 0.035 0.115 0.002 0.022 0.013 0.013 0.01 0.003 0.018 0.003 0.002 0.001 0.021 1 0.002 0.002 0.007 0.004 0.022 0.922 0.002 0.002 0.004 0.003 0.017 0.003 0.037 0.002
0.004 0.003 0.002 0.011 0.002 0.001 0.003 0.021 0.355 0.003 0.001 0.001 0.001 0.009 0.003 0 0.003 0.001 0.002 0.008 0.004 0 0.002 0.009 0.006 0.018 0.093 0.002 0.002 0 0.001 0.007 0.022 0.029 0.001 0.001 0.001 0.006 0.002 0.006 0.028 0.001 0.006 0.013 0.005 0.001 0.002 0 0.013 0.049 0.001 0.008 0.005 0.005 0.006 0.001 0.007 0.001 0.001 0 0.008 0.002 1 0.001 0.003 0.002 0.009 0.002 0.001 0.001 0.001 0.001 0.007 0.001 0.001 0.001
0 0 0 0.001 0.027 0.056 0.005 0 0.001 0.004 0.002 0.022 0.001 0.02 0.038 0.001 0.005 0.002 0.002 0.001 0.002 0.012 0.004 0.003 0.005 0 0.002 0.002 0.184 0.113 0.079 0.005 0.042 0.032 0.001 0.358 0.001 0.009 0.506 0.001 0.029 0.002 0.009 0.042 0.007 0.001 0.521 0.002 0.021 0.017 0.001 0.094 0.007 0.007 0.009 0.001 0.009 0.001 0.001 0 0.097 0.002 0.001 1 0.001 0.002 0.08 0.003 0.001 0.001 0.002 0.002 0.009 0.002 0.002 0.001
0.023 0.024 0.018 0.044 0.001 0 0.013 0.03 0.003 0.012 0.006 0.001 0.003 0.008 0.011 0 0.002 0.005 0.475 0.009 0.213 0.013 0.06 0.01 0.009 0.038 0.004 0.546 0.002 0.002 0.003 0.009 0.046 0.054 0.003 0 0 0.009 0 0.018 0.067 0.001 0.025 0.086 0.247 0.004 0.004 0.07 0.061 0.035 0.003 0.28 0.346 0.317 0.273 0.004 0.36 0.001 0.003 0.017 0.211 0.007 0.003 0.001 1 0.006 0.293 0.007 0.003 0.003 0.004 0.004 0.354 0.005 0.006 0
0.002 0.011 0.012 0.029 0.005 0.003 0 0.037 0 0 0.004 0.002 0.002 0.01 0.011 0.001 0 0.003 0.004 0.008 0.011 0.014 0.03 0.008 0.003 0.005 0.092 0.004 0.006 0.001 0.001 0.003 0.003 0.001 0 0.003 0.001 0.003 0.004 0.002 0.025 0 0.1 0.017 0.013 0.003 0.004 0.036 0.105 0.025 0.002 0.02 0.013 0.012 0.016 0.003 0.017 0.003 0.002 0.001 0.02 0.004 0.002 0.002 0.006 1 0.021 0.005 0.002 0.002 0.003 0.003 0.016 0.003 0.001 0.002
0.005 0.011 0.013 0.003 0.002 0.018 0.003 0.038 0.008 0.001 0.001 0.08 0.01 0.001 0 0 0 0.014 0.141 0.012 0.429 0.06 0.07 0.011 0.02 0.067 0.001 0.163 0.018 0.003 0.009 0.02 0.027 0.057 0.01 0.055 0.004 0.056 0.075 0.054 0.07 0.01 0.076 0.224 0.574 0.014 0.133 0.122 0.198 0.064 0.009 0.829 0.551 0.539 0.636 0.013 0.731 0.126 0.068 0.014 0.838 0.022 0.009 0.08 0.293 0.021 1 0.024 0.101 0.011 0.168 0.014 0.687 0.016 0.015 0.093
0.019 0.014 0.015 0.047 0.003 0.003 0.006 0.039 0.002 0.005 0.004 0.002 0 0.012 0.015 0 0.006 0 0.004 0.01 0.012 0.107 0.033 0.013 0.009 0.027 0.003 0.005 0.004 0.001 0.002 0.013 0.046 0.063 0.002 0.003 0.001 0.017 0.004 0.017 0.069 0.328 0.014 0.047 0.015 0.003 0.004 0.036 0.038 0.125 0.002 0.024 0.015 0.014 0.011 0.003 0.019 0.003 0.002 0.001 0.023 0.922 0.002 0.003 0.007 0.005 0.024 1 0.002 0.002 0.004 0.003 0.018 0.004 0.036 0.003
0 0.001 0.001 0 0.001 0.003 0.003 0.004 0.001 0.003 0.002 0.069 0.001 0.006 0.007 0.021 0.004 0.002 0.002 0.013 0.056 0.001 0.022 0.013 0.009 0.011 0.002 0.002 0.003 0.001 0.001 0.009 0.012 0.015 0.001 0.001 0.001 0.006 0.002 0.005 0.017 0.002 0.008 0.009 0.052 0.001 0.002 0.003 0.02 0.004 0.001 0.033 0.061 0.071 0.089 0.001 0.122 0 0.351 0 0.103 0.002 0.001 0.001 0.003 0.002 0.101 0.002 1 0.001 0.002 0.001 0.078 0.002 0.002 0.473
0.002 0.01 0.01 0.021 0 0.002 0.004 0.026 0.001 0.004 0.002 0.001 0.002 0.009 0.003 0.001 0.004 0.002 0.002 0.007 0.006 0.005 0.012 0.007 0.009 0.026 0 0.002 0 0.001 0.001 0.009 0.023 0.016 0.331 0.001 0.007 0.008 0.002 0.008 0.018 0.002 0.107 0.023 0.007 0.001 0.002 0.019 0.041 0.012 0.001 0.011 0.007 0.007 0.008 0.001 0.009 0.001 0.001 0 0.01 0.002 0.001 0.001 0.003 0.002 0.011 0.002 0.001 1 0.002 0.001 0.008 0.002 0.002 0.001
0.035 0.046 0.044 0.011 0.003 0.002 0.007 0.019 0.001 0.006 0.003 0.03 0.002 0.009 0.003 0.001 0.007 0.002 0.003 0.017 0.161 0.016 0.034 0.019 0.014 0.04 0.003 0.003 0.004 0 0 0.014 0.043 0.058 0.002 0.002 0.001 0.013 0.003 0.013 0.063 0.003 0.014 0.077 0.214 0.002 0.002 0.02 0.033 0 0.001 0.171 0.267 0.272 0.213 0.002 0.203 0.53 0.001 0.001 0.12 0.004 0.001 0.002 0.004 0.003 0.168 0.004 0.002 0.002 1 0.002 0.197 0.003 0.003 0
0.001 0.02 0.02 0.028 0.003 0.002 0.006 0.035 0.001 0.005 0.003 0.001 0.001 0.018 0.018 0.001 0.006 0.002 0.001 0.017 0.001 0.014 0.015 0.016 0.011 0.039 0.002 0 0.004 0.001 0.001 0.012 0.051 0.039 0.001 0.002 0.001 0.011 0.003 0.01 0.035 0.002 0.176 0.03 0.009 0.002 0.003 0.007 0.072 0.021 0 0.014 0.008 0.008 0.011 0.002 0.011 0.002 0.001 0 0.013 0.003 0.001 0.002 0.004 0.003 0.014 0.003 0.001 0.001 0.002 1 0.011 0.002 0.002 0.001
0.005 0.009 0.011 0.004 0.001 0.001 0.001 0.042 0.007 0 0.002 0.058 0.007 0.007 0.006 0.001 0 0.011 0.171 0.015 0.428 0.032 0.11 0.016 0.011 0.078 0 0.2 0.007 0.003 0 0.012 0.085 0.126 0.007 0 0.003 0.038 0.002 0.05 0.143 0.001 0.058 0.154 0.688 0.011 0.001 0.151 0.152 0.043 0.007 0.661 0.709 0.695 0.748 0.01 0.855 0.131 0.055 0.041 0.617 0.017 0.007 0.009 0.354 0.016 0.687 0.018 0.078 0.008 0.197 0.011 1 0.012 0.014 0.13
0.02 0.026 0.025 0.005 0.094 0.018 0.005 0.01 0.001 0.004 0.002 0.002 0.105 0.036 0.029 0.001 0.005 0.002 0.003 0.041 0.008 0.001 0.001 0.042 0 0.008 0.002 0.003 0.079 0.006 0.003 0.011 0 0.002 0.001 0.017 0.001 0.01 0.009 0.011 0.002 0.003 0.002 0.012 0.01 0.002 0.003 0.028 0.002 0.003 0.479 0.016 0.01 0.01 0.012 0.807 0.013 0.002 0.001 0.001 0.015 0.003 0.001 0.002 0.005 0.003 0.016 0.004 0.002 0.002 0.003 0.002 0.012 1 0.345 0.002
0.004 0.007 0.007 0 0.031 0 0.005 0.001 0.001 0.005 0.002 0.002 0.093 0.013 0.009 0 0.006 0.003 0.003 0.014 0.007 0.005 0 0.01 0 0.002 0.002 0.004 0.025 0.001 0.001 0.013 0.004 0.007 0.002 0 0.001 0.008 0.001 0.01 0.009 0.009 0.002 0.026 0.011 0 0.003 0.027 0.001 0.024 0.134 0.018 0.011 0.011 0.014 0.252 0.015 0.002 0.002 0.001 0.017 0.037 0.001 0.002 0.006 0.001 0.015 0.036 0.002 0.002 0.003 0.002 0.014 0.345 1 0.002
0.001 0.002 0.002 0 0.001 0.003 0.003 0.011 0.001 0.003 0.002 0.065 0.001 0.006 0.008 0.02 0.005 0.002 0.002 0.014 0.066 0.001 0.028 0.013 0.009 0.027 0.002 0.002 0.003 0.001 0.001 0.009 0.022 0.034 0.001 0.002 0.001 0.006 0.002 0.006 0.038 0.002 0.009 0.013 0.063 0.001 0.002 0.02 0.021 0.001 0.001 0.042 0.076 0.087 0.066 0.001 0.128 0 0.25 0 0.109 0.002 0.001 0.001 0 0.002 0.093 0.003 0.473 0.001 0 0.001 0.13 0.002 0.002 1
