1 0.856 0.863 0.434 0.176 0.126 0.248 0.288 0.01 0.217 0.113 0.026 0.041 0.552 0.529 0.009 0.239 0.049 0.035 0.632 0.013 0.133 0.144 0.628 0.389 0.326 0.012 0.038 0.156 0.05 0.046 0.286 0.253 0.129 0 0.038 0.002 0.031 0.07 0.017 0.102 0.019 0.021 0.048 0.001 0.009 0.072 0.015 0 0.075 0.003 0.012 0.01 0.005 0.001 0.004 0.004 0.018 0.012 0.009 0.009 0 0.005 0.008 0.017 0.013 0.003 0 0.005 0 0.026 0.011 0.001 0.001 0.011 0.008
0.856 1 0.954 0.445 0.202 0.144 0.284 0.29 0.008 0.249 0.13 0.023 0.047 0.635 0.605 0.007 0.254 0.057 0.031 0.652 0.008 0.14 0.147 0.695 0.422 0.336 0.025 0.033 0.179 0.058 0.053 0.317 0.263 0.139 0 0.044 0.003 0.037 0.081 0.026 0.106 0.016 0.033 0.058 0 0.013 0.067 0.014 0 0.059 0.005 0.007 0.015 0.01 0.001 0.005 0.001 0.022 0.01 0.007 0.005 0 0.005 0.01 0.026 0.023 0.002 0 0.004 0.003 0.024 0.017 0.001 0.002 0.009 0.006
0.863 0.954 1 0.456 0.199 0.142 0.28 0.299 0.009 0.245 0.128 0.023 0.046 0.636 0.606 0.008 0.271 0.056 0.031 0.67 0.008 0.132 0.141 0.714 0.442 0.362 0.025 0.034 0.177 0.057 0.052 0.331 0.284 0.153 0 0.044 0.007 0.042 0.08 0.025 0.118 0.016 0.029 0.062 0 0.013 0.082 0.016 0 0.065 0.005 0.01 0.016 0.01 0.002 0.005 0.002 0.021 0.011 0.006 0.007 0 0.004 0.01 0.024 0.024 0.003 0 0.004 0.003 0.031 0.017 0.002 0.002 0.009 0.006
0.434 0.445 0.456 1 0.092 0.064 0.136 0.8 0.018 0.119 0.062 0.048 0.022 0.285 0.28 0.016 0.144 0.03 0.065 0.313 0.047 0.314 0.401 0.352 0.213 0.64 0.004 0.06 0.078 0.03 0.026 0.171 0.553 0.3 0.019 0.015 0.015 0.002 0.03 0 0.369 0.034 0.189 0.002 0.024 0.033 0.032 0.011 0.156 0.185 0.004 0.01 0.072 0.061 0.04 0.003 0.016 0.006 0.016 0 0.012 0.006 0.012 0.001 0.065 0.036 0.016 0.009 0.011 0.019 0.007 0.013 0.015 0 0.018 0.015
0.176 0.202 0.199 0.092 1 0.719 0.013 0.103 0.002 0.011 0.006 0.005 0.226 0.195 0.19 0.001 0.015 0.003 0.006 0.205 0.017 0.023 0.048 0.2 0.024 0.108 0.005 0.007 0.894 0.305 0.29 0.025 0.092 0.042 0.001 0.231 0.001 0.025 0.433 0.022 0.032 0.003 0.004 0.009 0.016 0.004 0.23 0.043 0.006 0.015 0.042 0.018 0.017 0.015 0.021 0.027 0 0.003 0.003 0.083 0.007 0 0.002 0.071 0.008 0.002 0.001 0 0.002 0 0 0.003 0 0.032 0.001 0.003
0.126 0.144 0.142 0.064 0.719 1 0.009 0.081 0.001 0.008 0.004 0.003 0.002 0.15 0.146 0.001 0.011 0.002 0.005 0.157 0.012 0.018 0.037 0.148 0.017 0.08 0.004 0.005 0.656 0.423 0.403 0.018 0.065 0.025 0.001 0.324 0.001 0.018 0.606 0.016 0.018 0.002 0.011 0.035 0.011 0.003 0.33 0.027 0.033 0.009 0.051 0.043 0.012 0.01 0.015 0.034 0.002 0.002 0.002 0.121 0.022 0.004 0.001 0.102 0.005 0.001 0.009 0.005 0.001 0.002 0 0.003 0.001 0.043 0.001 0.002
0.248 0.284 0.28 0.136 0.013 0.009 1 0.148 0.002 0.876 0.457 0.007 0.003 0.275 0.268 0.002 0.718 0.004 0.009 0.29 0.02 0.046 0.083 0.314 0.502 0.175 0.007 0.009 0.012 0.004 0.004 0.402 0.133 0.09 0 0.004 0.002 0.218 0.008 0.227 0.077 0.005 0.022 0.05 0 0.004 0.008 0.138 0.068 0.051 0.002 0.005 0.02 0.017 0 0.003 0.001 0.004 0.002 0.005 0.002 0 0.003 0.003 0.018 0.008 0.001 0 0 0 0.005 0.005 0 0.005 0.006 0.001
0.288 0.29 0.299 0.8 0.103 0.081 0.148 1 0.016 0.13 0.07 0.043 0.024 0.355 0.342 0.014 0.158 0.034 0.047 0.377 0.123 0.278 0.494 0.418 0.249 0.735 0.006 0.043 0.096 0.034 0.03 0.215 0.669 0.391 0.021 0.02 0.013 0.008 0.037 0.003 0.475 0.03 0.215 0.004 0.06 0.034 0.038 0.015 0.199 0.216 0.007 0.029 0.13 0.119 0.079 0.005 0.038 0.023 0.014 0 0.032 0.015 0.017 0.003 0.053 0.042 0.037 0.019 0.01 0.021 0.011 0.016 0.034 0 0.015 0.018
0.01 0.008 0.009 0.018 0.002 0.001 0.002 0.016 1 0.002 0.001 0.001 0 0.003 0.002 0 0.003 0.001 0.001 0.008 0.003 0.005 0.009 0.007 0.005 0.013 0.076 0.001 0.002 0.001 0.001 0.005 0.013 0.015 0 0.001 0 0.003 0.001 0.003 0.009 0.012 0.004 0.011 0.004 0 0.001 0.002 0.011 0.024 0 0.006 0.004 0.003 0.005 0 0.006 0.001 0.001 0.001 0.006 0.001 0.301 0 0.002 0.001 0.006 0.001 0 0 0.001 0.001 0.005 0.001 0.001 0.001
0.217 0.249 0.245 0.119 0.011 0.008 0.876 0.13 0.002 1 0.522 0.006 0.003 0.24 0.234 0.002 0.659 0.003 0.008 0.253 0.017 0.04 0.072 0.274 0.437 0.153 0.006 0.008 0.011 0.003 0.004 0.342 0.112 0.075 0 0.004 0.002 0.167 0.007 0.172 0.063 0.004 0.018 0.035 0.002 0.003 0.007 0.113 0.048 0.048 0.002 0.002 0.017 0.014 0.001 0.002 0 0.003 0.001 0.004 0 0 0.002 0.002 0.016 0.007 0 0 0 0 0.004 0.004 0 0.004 0.005 0
0.113 0.13 0.128 0.062 0.006 0.004 0.457 0.07 0.001 0.522 1 0.003 0.001 0.129 0.126 0.001 0.396 0.002 0.004 0.137 0.01 0.02 0.04 0.148 0.227 0.083 0.003 0.004 0.006 0.002 0.002 0.206 0.077 0.052 0 0.002 0.001 0.095 0.004 0.105 0.053 0.002 0.006 0.019 0 0.001 0.004 0.051 0.033 0.026 0.001 0 0.013 0.011 0.001 0.001 0 0.002 0.002 0.002 0 0.003 0.001 0.001 0.008 0.004 0 0.004 0.002 0 0.002 0.002 0 0.002 0.003 0.002
0.026 0.023 0.023 0.048 0.005 0.003 0.007 0.043 0.001 0.006 0.003 1 0.001 0.001 0 0.001 0.007 0.001 0.003 0.009 0.232 0.018 0.055 0.02 0.012 0.036 0.002 0.004 0.005 0.001 0.002 0.011 0.027 0.034 0.001 0.001 0.001 0.013 0 0.012 0.045 0.002 0.012 0.064 0.087 0.001 0 0.035 0.029 0.008 0.001 0.116 0.162 0.064 0.132 0.001 0.107 0.022 0.303 0.101 0.111 0.003 0.001 0.003 0.016 0.003 0.116 0.003 0.182 0.001 0.001 0.002 0.1 0.002 0.002 0.213
0.041 0.047 0.046 0.022 0.226 0.002 0.003 0.024 0 0.003 0.001 0.001 1 0.046 0.044 0 0.003 0.001 0.001 0.048 0.004 0.007 0.014 0.052 0.005 0.029 0.001 0.002 0.223 0.001 0.001 0.006 0.028 0.021 0.019 0.001 0 0.006 0.001 0.005 0.018 0.001 0.09 0.017 0.004 0.001 0.001 0.013 0.027 0.01 0 0.007 0.005 0.004 0.006 0 0.007 0.001 0.001 0.001 0.007 0.016 0 0 0.003 0.001 0.007 0.014 0.001 0.004 0.001 0.001 0.006 0 0 0.001
0.552 0.635 0.636 0.285 0.195 0.15 0.275 0.355 0.003 0.24 0.129 0.001 0.046 1 0.939 0.007 0.306 0.063 0.02 0.773 0.038 0.124 0.194 0.822 0.493 0.405 0.018 0.023 0.185 0.063 0.067 0.362 0.319 0.208 0 0.044 0.007 0.062 0.081 0.041 0.175 0.016 0.025 0.052 0.017 0.015 0.083 0.013 0.001 0.071 0.006 0.001 0.039 0.051 0.012 0.007 0 0.008 0.012 0.033 0.001 0.001 0.004 0.011 0.007 0.023 0 0.002 0.005 0.003 0.001 0.017 0 0.003 0.006 0.011
0.529 0.605 0.606 0.28 0.19 0.146 0.268 0.342 0.002 0.234 0.126 0 0.044 0.939 1 0.008 0.298 0.061 0.02 0.745 0.033 0.126 0.188 0.79 0.469 0.391 0.015 0.024 0.18 0.062 0.066 0.348 0.315 0.206 0 0.057 0.007 0.061 0.094 0.041 0.175 0.017 0.023 0.053 0.02 0.015 0.095 0.013 0.001 0.068 0.006 0.002 0.042 0.054 0.013 0.006 0 0.007 0.012 0.032 0.001 0.001 0.003 0.021 0.008 0.022 0 0.003 0.005 0.002 0.002 0.014 0 0.003 0.006 0.011
0.009 0.007 0.008 0.016 0.001 0.001 0.002 0.014 0 0.002 0.001 0.001 0 0.007 0.008 1 0.003 0.001 0.008 0.008 0.001 0.022 0.026 0.007 0.004 0.008 0.001 0.008 0.002 0.001 0.001 0.005 0.013 0.017 0 0.001 0 0.005 0.001 0.004 0.02 0.004 0.004 0.001 0.001 0.001 0.001 0.002 0.01 0.016 0 0 0 0.001 0 0 0 0.001 0 0.001 0 0.002 0 0 0.002 0.001 0 0.001 0 0 0.001 0.001 0 0.001 0.003 0
0.239 0.254 0.271 0.144 0.015 0.011 0.718 0.158 0.003 0.659 0.396 0.007 0.003 0.306 0.298 0.003 1 0.004 0.01 0.344 0.026 0.053 0.101 0.372 0.542 0.208 0.008 0.011 0.014 0.004 0.005 0.44 0.151 0.103 0 0.005 0 0.237 0.009 0.176 0.094 0.005 0.016 0.056 0 0.005 0.003 0.14 0.054 0.047 0.002 0 0.025 0.021 0 0.003 0.001 0.004 0.005 0.006 0 0 0.003 0.003 0.001 0.009 0 0 0.004 0.001 0.002 0.005 0.002 0.005 0.007 0.006
0.049 0.057 0.056 0.03 0.003 0.002 0.004 0.034 0.001 0.003 0.002 0.001 0.001 0.063 0.061 0.001 0.004 1 0.002 0.067 0.005 0.011 0.019 0.072 0.119 0.04 0.002 0.002 0.003 0.001 0.001 0.113 0.04 0.029 0.001 0.001 0 0.007 0.002 0.007 0.026 0.001 0.007 0.022 0.006 0.001 0.002 0.016 0.014 0.004 0 0.009 0.005 0.004 0.006 0 0.008 0.001 0.001 0.001 0.009 0.002 0.001 0.001 0.003 0.002 0.009 0.002 0.001 0.001 0.001 0.001 0.007 0.001 0.001 0.001
0.035 0.031 0.031 0.065 0.006 0.005 0.009 0.047 0.001 0.008 0.004 0.003 0.001 0.02 0.02 0.008 0.01 0.002 1 0.029 0.374 0.022 0.1 0.027 0.016 0.048 0.004 0.906 0.006 0.002 0.002 0.017 0.042 0.056 0.001 0.002 0.001 0.017 0.004 0.016 0.066 0.002 0.011 0.068 0.291 0.003 0.004 0.045 0.029 0.026 0.001 0.166 0.267 0.275 0.222 0.001 0.182 0.002 0 0.002 0.137 0.002 0.001 0 0.401 0.005 0.17 0.003 0 0.002 0.002 0 0.185 0.002 0.002 0.001
0.632 0.652 0.67 0.313 0.205 0.157 0.29 0.377 0.008 0.253 0.137 0.009 0.048 0.773 0.745 0.008 0.344 0.067 0.029 1 0.058 0.114 0.213 0.908 0.554 0.466 0.024 0.029 0.191 0.067 0.061 0.418 0.354 0.208 0 0.044 0.001 0.05 0.083 0.031 0.168 0.008 0.022 0.034 0.014 0.017 0.084 0.01 0.001 0.073 0.007 0.002 0.039 0.042 0.011 0.007 0 0.013 0.014 0.02 0.001 0.001 0.008 0.01 0.004 0.022 0 0.001 0.007 0.002 0.005 0.016 0.001 0.004 0.004 0.013
0.013 0.008 0.008 0.047 0.017 0.012 0.02 0.123 0.003 0.017 0.01 0.232 0.004 0.038 0.033 0.001 0.026 0.005 0.374 0.058 1 0.054 0.243 0.07 0.042 0.118 0.009 0.396 0.017 0.005 0.005 0.04 0.096 0.134 0.003 0 0.003 0.045 0.001 0.041 0.157 0.006 0.035 0.18 0.567 0.003 0.002 0.118 0.085 0.043 0.003 0.439 0.633 0.499 0.528 0.004 0.427 0.142 0.063 0.018 0.377 0.007 0.004 0.004 0.274 0.012 0.449 0.008 0.071 0.004 0.082 0.002 0.416 0.006 0.004 0.087
0.133 0.14 0.132 0.314 0.023 0.018 0.046 0.278 0.005 0.04 0.02 0.018 0.007 0.124 0.126 0.022 0.053 0.011 0.022 0.114 0.054 1 0.446 0.146 0.087 0.241 0.019 0.023 0.035 0.011 0.011 0.055 0.192 0.026 0.007 0.013 0.017 0.047 0.023 0.057 0.039 0.067 0.072 0.005 0.047 0.077 0.023 0 0.009 0.178 0 0.043 0.015 0.007 0.019 0 0.034 0.01 0.005 0.013 0.037 0.022 0.001 0.008 0.006 0.015 0.037 0.032 0.003 0.005 0.005 0.013 0.038 0.01 0.041 0.006
0.144 0.147 0.141 0.401 0.048 0.037 0.083 0.494 0.009 0.072 0.04 0.055 0.014 0.194 0.188 0.026 0.101 0.019 0.1 0.213 0.243 0.446 1 0.27 0.163 0.445 0.035 0.106 0.063 0.02 0.021 0.13 0.369 0.156 0.011 0.008 0.007 0.003 0.024 0.007 0.198 0.033 0.13 0.077 0.137 0.049 0.024 0.075 0.076 0.039 0.002 0.101 0.246 0.215 0.179 0.001 0.11 0.036 0.015 0.001 0.088 0.004 0.004 0.001 0.106 0.032 0.098 0.007 0.021 0.011 0.022 0.017 0.099 0.002 0.009 0.022
0.628 0.695 0.714 0.352 0.2 0.148 0.314 0.418 0.007 0.274 0.148 0.02 0.052 0.822 0.79 0.007 0.372 0.072 0.027 0.908 0.07 0.146 0.27 1 0.599 0.529 0.022 0.028 0.209 0.072 0.067 0.456 0.39 0.25 0 0.052 0.001 0.061 0.093 0.039 0.208 0.014 0.018 0.038 0.019 0.015 0.094 0.006 0.003 0.073 0.008 0 0.065 0.056 0.024 0.009 0.002 0.012 0.013 0.009 0 0.002 0.008 0.014 0.017 0.02 0.002 0.003 0.006 0.002 0.005 0.015 0.002 0.005 0.008 0.011
0.389 0.422 0.442 0.213 0.024 0.017 0.502 0.249 0.005 0.437 0.227 0.012 0.005 0.493 0.469 0.004 0.542 0.119 0.016 0.554 0.042 0.087 0.163 0.599 1 0.32 0.013 0.018 0.023 0.007 0.008 0.784 0.238 0.163 0.005 0.008 0 0.162 0.015 0.114 0.138 0.009 0.052 0.026 0.004 0.009 0 0.058 0.009 0.05 0.002 0.008 0.038 0.032 0.005 0 0.002 0.007 0.008 0.009 0.004 0.003 0.004 0.005 0.007 0.015 0.005 0.004 0.002 0.006 0.005 0.009 0.001 0.002 0.006 0.006
0.326 0.336 0.362 0.64 0.108 0.08 0.175 0.735 0.013 0.153 0.083 0.036 0.029 0.405 0.391 0.008 0.208 0.04 0.048 0.466 0.118 0.241 0.445 0.529 0.32 1 0.039 0.052 0.114 0.041 0.036 0.283 0.79 0.535 0.013 0.025 0.004 0.015 0.046 0.007 0.453 0.024 0.123 0.001 0.059 0.023 0.046 0.007 0.146 0.171 0.007 0.023 0.127 0.11 0.072 0.001 0.035 0.021 0.02 0.001 0.024 0.01 0.014 0.005 0.048 0 0.034 0.014 0.01 0.009 0.013 0.021 0.033 0.001 0.02 0.023
0.012 0.025 0.025 0.004 0.005 0.004 0.007 0.006 0.076 0.006 0.003 0.002 0.001 0.018 0.015 0.001 0.008 0.002 0.004 0.024 0.009 0.019 0.035 0.022 0.013 0.039 1 0.004 0.005 0.002 0.002 0.014 0.04 0.053 0.005 0.002 0.001 0.014 0.003 0.013 0.005 0.002 0.067 0.03 0.009 0 0.003 0.023 0.015 0 0.001 0.017 0.01 0.009 0.012 0.001 0.015 0.002 0.002 0.002 0.016 0.003 0.146 0.001 0.006 0.21 0.016 0.003 0.001 0.003 0.002 0.002 0.014 0.002 0.002 0.002
0.038 0.033 0.034 0.06 0.007 0.005 0.009 0.043 0.001 0.008 0.004 0.004 0.002 0.023 0.024 0.008 0.011 0.002 0.906 0.029 0.396 0.023 0.106 0.028 0.018 0.052 0.004 1 0.007 0.002 0.002 0.019 0.045 0.061 0.001 0.003 0.001 0.019 0.004 0.017 0.072 0.002 0.012 0.075 0.319 0.003 0.005 0.044 0.032 0.028 0.001 0.182 0.287 0.276 0.243 0.001 0.2 0.002 0.001 0.003 0.133 0.004 0.002 0 0.44 0.005 0.186 0.005 0 0.002 0.003 0 0.204 0.003 0.003 0.001
0.156 0.179 0.177 0.078 0.894 0.656 0.012 0.096 0.002 0.011 0.006 0.005 0.223 0.185 0.18 0.002 0.014 0.003 0.006 0.191 0.017 0.035 0.063 0.209 0.023 0.114 0.005 0.007 1 0.308 0.293 0.025 0.099 0.056 0.001 0.248 0.001 0.025 0.519 0.019 0.044 0.003 0.004 0.015 0.016 0.004 0.292 0.04 0.006 0.025 0.043 0.028 0.017 0.015 0.021 0.027 0 0.003 0.003 0.084 0.013 0 0.002 0.098 0.008 0.002 0.004 0 0.002 0 0 0.003 0 0.033 0.001 0.004
0.05 0.058 0.057 0.03 0.305 0.423 0.004 0.034 0.001 0.003 0.002 0.001 0.001 0.063 0.062 0.001 0.004 0.001 0.002 0.067 0.005 0.011 0.02 0.072 0.007 0.041 0.002 0.002 0.308 1 0.942 0.008 0.016 0.01 0.001 0.026 0 0.008 0.226 0.007 0.008 0.001 0.002 0.009 0.006 0.001 0.066 0.018 0.011 0.004 0.03 0.004 0.006 0.005 0.007 0.02 0.006 0.001 0.001 0 0.001 0.002 0.001 0.113 0.004 0 0.001 0.002 0.001 0.001 0 0.001 0.005 0.05 0 0.001
0.046 0.053 0.052 0.026 0.29 0.403 0.004 0.03 0.001 0.004 0.002 0.002 0.001 0.067 0.066 0.001 0.005 0.001 0.002 0.061 0.005 0.011 0.021 0.067 0.008 0.036 0.002 0.002 0.293 0.942 1 0.008 0.013 0.011 0.001 0.027 0 0.005 0.216 0.004 0.009 0.001 0.003 0.011 0.006 0.001 0.064 0.019 0.008 0.004 0.028 0.004 0.007 0.006 0.008 0.018 0.006 0.001 0.001 0 0.001 0.002 0.001 0.105 0.004 0 0.001 0.002 0.001 0.001 0 0.001 0.005 0.047 0 0.001
0.286 0.317 0.331 0.171 0.025 0.018 0.402 0.215 0.005 0.342 0.206 0.011 0.006 0.362 0.348 0.005 0.44 0.113 0.017 0.418 0.04 0.055 0.13 0.456 0.784 0.283 0.014 0.019 0.025 0.008 0.008 1 0.317 0.226 0.005 0.009 0 0.224 0.016 0.171 0.195 0.009 0.056 0.046 0.004 0.011 0 0.073 0.027 0.06 0.004 0.009 0.038 0.032 0.005 0.005 0.003 0.008 0.008 0.01 0.006 0.015 0.006 0.005 0.007 0.016 0.005 0.016 0.003 0.006 0.005 0.009 0.002 0.009 0.011 0.006
0.253 0.263 0.284 0.553 0.092 0.065 0.133 0.669 0.013 0.112 0.077 0.027 0.028 0.319 0.315 0.013 0.151 0.04 0.042 0.354 0.096 0.192 0.369 0.39 0.238 0.79 0.04 0.045 0.099 0.016 0.013 0.317 1 0.657 0.013 0.047 0.011 0.026 0.083 0.017 0.565 0.026 0.135 0.001 0.068 0.032 0.084 0.006 0.181 0.205 0.006 0.016 0.14 0.123 0.082 0.001 0.039 0.021 0.015 0.001 0.015 0.026 0.016 0.026 0.057 0 0.023 0.03 0.011 0.014 0.013 0.028 0.036 0.005 0.023 0.018
0.129 0.139 0.153 0.3 0.042 0.025 0.09 0.391 0.015 0.075 0.052 0.034 0.021 0.208 0.206 0.017 0.103 0.029 0.056 0.208 0.134 0.026 0.156 0.25 0.163 0.535 0.053 0.061 0.056 0.01 0.011 0.226 0.657 1 0.008 0.024 0.015 0.25 0.05 0.231 0.817 0.035 0.074 0.039 0.101 0.024 0.062 0.003 0.3 0.142 0 0.043 0.178 0.148 0.119 0.001 0.074 0.029 0.021 0 0.04 0.027 0.021 0.015 0.067 0.002 0.053 0.032 0.014 0.005 0.024 0.019 0.069 0.016 0.015 0.03
0 0 0 0.019 0.001 0.001 0 0.021 0 0 0 0.001 0.019 0 0 0 0 0.001 0.001 0 0.003 0.007 0.011 0 0.005 0.013 0.005 0.001 0.001 0.001 0.001 0.005 0.013 0.008 1 0.001 0 0.005 0.001 0.004 0.016 0.001 0.076 0.014 0.004 0.001 0.001 0.011 0.03 0.008 0.021 0.006 0.004 0.003 0.005 0.014 0.006 0.001 0.001 0.001 0.006 0.001 0 0 0.002 0.001 0.006 0.001 0 0.675 0.001 0.001 0.005 0.001 0.001 0.001
0.038 0.044 0.044 0.015 0.231 0.324 0.004 0.02 0.001 0.004 0.002 0.001 0.001 0.044 0.057 0.001 0.005 0.001 0.002 0.044 0 0.013 0.008 0.052 0.008 0.025 0.002 0.003 0.248 0.026 0.027 0.009 0.047 0.024 0.001 1 0.001 0.009 0.541 0.008 0.031 0.001 0.008 0.046 0.007 0.002 0.311 0.007 0.02 0.017 0.11 0.049 0.007 0.006 0.009 0.076 0.009 0.001 0.001 0.168 0.048 0.002 0.001 0.135 0.001 0.002 0.023 0.002 0.001 0.001 0.001 0.001 0.01 0.04 0.001 0.001
0.002 0.003 0.007 0.015 0.001 0.001 0.002 0.013 0 0.002 0.001 0.001 0 0.007 0.007 0 0 0 0.001 0.001 0.003 0.017 0.007 0.001 0 0.004 0.001 0.001 0.001 0 0 0 0.011 0.015 0 0.001 1 0.004 0.001 0.004 0.017 0.001 0.004 0.002 0 0.001 0.001 0.003 0.005 0.003 0 0 0 0 0 0 0 0 0 0.001 0 0.001 0.004 0 0 0.001 0 0.001 0 0 0.001 0.001 0 0.001 0.001 0.001
0.031 0.037 0.042 0.002 0.025 0.018 0.218 0.008 0.003 0.167 0.095 0.013 0.006 0.062 0.061 0.005 0.237 0.007 0.017 0.05 0.045 0.047 0.003 0.061 0.162 0.015 0.014 0.019 0.025 0.008 0.005 0.224 0.026 0.25 0.005 0.009 0.004 1 0.016 0.9 0.217 0.009 0.062 0.297 0.035 0.118 0 0.242 0.214 0.011 0.004 0.037 0.039 0.029 0.039 0.005 0.028 0.008 0.007 0.009 0.032 0.007 0.006 0.006 0.006 0.016 0.034 0.007 0.002 0.006 0.005 0.009 0.023 0.009 0.001 0.005
0.07 0.081 0.08 0.03 0.433 0.606 0.008 0.037 0.001 0.007 0.004 0 0.001 0.081 0.094 0.001 0.009 0.002 0.004 0.083 0.001 0.023 0.024 0.093 0.015 0.046 0.003 0.004 0.519 0.226 0.216 0.016 0.083 0.05 0.001 0.541 0.001 0.016 1 0.012 0.049 0.002 0.015 0.081 0.012 0.003 0.588 0.018 0.037 0.029 0.06 0.096 0.013 0.011 0.016 0.04 0.002 0.002 0.002 0.131 0.062 0.004 0.001 0.275 0.004 0.004 0.036 0.004 0.002 0.001 0 0.002 0.001 0.018 0.002 0.002
0.017 0.026 0.025 0 0.022 0.016 0.227 0.003 0.003 0.172 0.105 0.012 0.005 0.041 0.041 0.004 0.176 0.007 0.016 0.031 0.041 0.057 0.007 0.039 0.114 0.007 0.013 0.017 0.019 0.007 0.004 0.171 0.017 0.231 0.004 0.008 0.004 0.9 0.012 1 0.21 0.008 0.057 0.274 0.036 0.13 0.012 0.219 0.253 0.008 0.004 0.065 0.039 0.03 0.045 0.005 0.057 0.007 0.006 0.009 0.057 0.006 0.005 0.003 0.021 0.015 0.058 0.008 0.005 0.005 0.009 0.009 0.051 0.008 0.001 0.008
0.102 0.106 0.118 0.369 0.032 0.018 0.077 0.475 0.009 0.063 0.053 0.045 0.018 0.175 0.175 0.02 0.094 0.026 0.066 0.168 0.157 0.039 0.198 0.208 0.138 0.453 0.005 0.072 0.044 0.008 0.009 0.195 0.565 0.817 0.016 0.031 0.017 0.217 0.049 0.21 1 0.04 0.17 0.019 0.121 0.02 0.049 0 0.405 0.194 0.003 0.064 0.216 0.181 0.144 0 0.1 0.033 0.029 0 0.06 0.033 0.015 0.012 0.081 0.029 0.076 0.039 0.024 0.01 0.028 0.015 0.089 0.012 0.019 0.043
0.019 0.016 0.016 0.034 0.003 0.002 0.005 0.03 0.012 0.004 0.002 0.002 0.001 0.016 0.017 0.004 0.005 0.001 0.002 0.008 0.006 0.067 0.033 0.014 0.009 0.024 0.002 0.002 0.003 0.001 0.001 0.009 0.026 0.035 0.001 0.001 0.001 0.009 0.002 0.008 0.04 1 0.005 0.017 0.005 0.002 0.002 0.012 0.017 0.051 0.001 0.007 0.004 0.003 0.004 0.001 0.009 0.001 0.001 0.001 0.007 0.157 0.001 0.001 0.003 0.001 0.01 0.233 0.001 0.001 0.001 0.001 0.006 0.001 0.04 0.001
0.021 0.033 0.029 0.189 0.004 0.011 0.022 0.215 0.004 0.018 0.006 0.012 0.09 0.025 0.023 0.004 0.016 0.007 0.011 0.022 0.035 0.072 0.13 0.018 0.052 0.123 0.067 0.012 0.004 0.002 0.003 0.056 0.135 0.074 0.076 0.008 0.004 0.062 0.015 0.057 0.17 0.005 1 0.18 0.04 0.01 0.015 0.116 0.353 0.087 0 0.072 0.049 0.043 0.053 0 0.065 0.007 0.007 0.009 0.072 0.002 0.005 0.005 0.032 0.191 0.07 0.003 0.006 0.084 0.009 0.151 0.06 0.007 0.005 0.01
0.048 0.058 0.062 0.002 0.009 0.035 0.05 0.004 0.011 0.035 0.019 0.064 0.017 0.052 0.053 0.001 0.056 0.022 0.068 0.034 0.18 0.005 0.077 0.038 0.026 0.001 0.03 0.075 0.015 0.009 0.011 0.046 0.001 0.039 0.014 0.046 0.002 0.297 0.081 0.274 0.019 0.017 0.18 1 0.158 0.05 0.083 0.335 0.002 0.069 0.001 0.239 0.174 0.143 0.123 0 0.16 0.038 0.026 0.048 0.185 0.025 0.012 0.027 0.089 0.041 0.179 0.029 0.026 0.017 0.033 0.027 0.162 0.006 0.009 0.022
0.001 0 0 0.024 0.016 0.011 0 0.06 0.004 0.002 0 0.087 0.004 0.017 0.02 0.001 0 0.006 0.291 0.014 0.567 0.047 0.137 0.019 0.004 0.059 0.009 0.319 0.016 0.006 0.006 0.004 0.068 0.101 0.004 0.007 0 0.035 0.012 0.036 0.121 0.005 0.04 0.158 1 0.006 0.012 0.175 0.116 0.06 0.003 0.53 0.668 0.641 0.764 0.004 0.624 0.137 0.081 0.001 0.498 0.011 0.004 0.001 0.239 0.013 0.548 0.013 0.102 0.004 0.103 0.007 0.61 0.007 0.009 0.11
0.009 0.013 0.013 0.033 0.004 0.003 0.004 0.034 0 0.003 0.001 0.001 0.001 0.015 0.015 0.001 0.005 0.001 0.003 0.017 0.003 0.077 0.049 0.015 0.009 0.023 0 0.003 0.004 0.001 0.001 0.011 0.032 0.024 0.001 0.002 0.001 0.118 0.003 0.13 0.02 0.002 0.01 0.05 0.006 1 0.003 0.01 0.019 0.052 0.001 0.012 0.007 0.004 0.007 0.001 0.009 0.001 0 0.002 0.008 0.001 0.001 0.001 0.004 0.003 0.009 0 0.001 0.001 0.002 0.002 0.008 0.002 0.011 0
0.072 0.067 0.082 0.032 0.23 0.33 0.008 0.038 0.001 0.007 0.004 0 0.001 0.083 0.095 0.001 0.003 0.002 0.004 0.084 0.002 0.023 0.024 0.094 0 0.046 0.003 0.005 0.292 0.066 0.064 0 0.084 0.062 0.001 0.311 0.001 0 0.588 0.012 0.049 0.002 0.015 0.083 0.012 0.003 1 0.001 0.038 0.03 0.001 0.19 0.013 0.012 0.01 0.001 0.029 0.002 0.002 0.135 0.138 0.004 0.001 0.269 0.005 0.004 0.094 0.004 0.002 0.001 0.001 0.002 0.026 0.002 0.003 0.003
0.015 0.014 0.016 0.011 0.043 0.027 0.138 0.015 0.002 0.113 0.051 0.035 0.013 0.013 0.013 0.002 0.14 0.016 0.045 0.01 0.118 0 0.075 0.006 0.058 0.007 0.023 0.044 0.04 0.018 0.019 0.073 0.006 0.003 0.011 0.007 0.003 0.242 0.018 0.219 0 0.012 0.116 0.335 0.175 0.01 0.001 1 0.004 0.07 0.009 0.167 0.188 0.174 0.23 0.012 0.207 0.039 0.017 0.004 0.188 0.014 0.003 0 0.113 0.042 0.182 0.017 0.007 0.014 0.029 0.011 0.19 0.022 0.018 0.017
0 0 0 0.156 0.006 0.033 0.068 0.199 0.011 0.048 0.033 0.029 0.027 0.001 0.001 0.01 0.054 0.014 0.029 0.001 0.085 0.009 0.076 0.003 0.009 0.146 0.015 0.032 0.006 0.011 0.008 0.027 0.181 0.3 0.03 0.02 0.005 0.214 0.037 0.253 0.405 0.017 0.353 0.002 0.116 0.019 0.038 0.004 1 0.13 0.002 0.199 0.124 0.106 0.147 0.004 0.177 0.017 0.018 0.022 0.193 0.011 0.013 0.013 0.078 0.114 0.19 0.014 0.016 0.035 0.021 0.06 0.162 0.019 0.006 0.024
0.075 0.059 0.065 0.185 0.015 0.009 0.051 0.216 0.024 0.048 0.026 0.008 0.01 0.071 0.068 0.016 0.047 0.004 0.026 0.073 0.043 0.178 0.039 0.073 0.05 0.171 0 0.028 0.025 0.004 0.004 0.06 0.205 0.142 0.008 0.017 0.003 0.011 0.029 0.008 0.194 0.051 0.087 0.069 0.06 0.052 0.03 0.07 0.13 1 0.007 0.118 0.064 0.053 0.081 0.003 0.086 0.001 0.001 0.018 0.098 0.055 0.031 0.01 0.045 0.025 0.094 0.066 0.007 0.007 0.006 0.017 0.08 0.01 0.047 0.002
0.003 0.005 0.005 0.004 0.042 0.051 0.002 0.007 0 0.002 0.001 0.001 0 0.006 0.006 0 0.002 0 0.001 0.007 0.003 0 0.002 0.008 0.002 0.007 0.001 0.001 0.043 0.03 0.028 0.004 0.006 0 0.021 0.11 0 0.004 0.06 0.004 0.003 0.001 0 0.001 0.003 0.001 0.001 0.009 0.002 0.007 1 0.005 0.003 0.003 0.004 0.72 0.005 0 0 0.001 0.005 0.001 0 0 0.002 0.001 0.005 0.001 0 0.016 0.001 0.001 0.004 0.282 0 0.001
0.012 0.007 0.01 0.01 0.018 0.043 0.005 0.029 0.006 0.002 0 0.116 0.007 0.001 0.002 0 0 0.009 0.166 0.002 0.439 0.043 0.101 0 0.008 0.023 0.017 0.182 0.028 0.004 0.004 0.009 0.016 0.043 0.006 0.049 0 0.037 0.096 0.065 0.064 0.007 0.072 0.239 0.53 0.012 0.19 0.167 0.199 0.118 0.005 1 0.625 0.538 0.672 0.007 0.771 0.087 0.043 0.11 0.84 0.02 0.007 0.062 0.361 0.023 0.822 0.022 0.065 0.008 0.108 0.012 0.706 0.012 0.015 0.071
0.01 0.015 0.016 0.072 0.017 0.012 0.02 0.13 0.004 0.017 0.013 0.162 0.005 0.039 0.042 0 0.025 0.005 0.267 0.039 0.633 0.015 0.246 0.065 0.038 0.127 0.01 0.287 0.017 0.006 0.007 0.038 0.14 0.178 0.004 0.007 0 0.039 0.013 0.039 0.216 0.004 0.049 0.174 0.668 0.007 0.013 0.188 0.124 0.064 0.003 0.625 1 0.852 0.825 0.004 0.666 0.139 0.075 0.025 0.55 0.012 0.004 0.001 0.431 0.014 0.594 0.014 0.105 0.005 0.137 0.007 0.611 0.007 0.01 0.12
0.005 0.01 0.01 0.061 0.015 0.01 0.017 0.119 0.003 0.014 0.011 0.064 0.004 0.051 0.054 0.001 0.021 0.004 0.275 0.042 0.499 0.007 0.215 0.056 0.032 0.11 0.009 0.276 0.015 0.005 0.006 0.032 0.123 0.148 0.003 0.006 0 0.029 0.011 0.03 0.181 0.003 0.043 0.143 0.641 0.004 0.012 0.174 0.106 0.053 0.003 0.538 0.852 1 0.729 0.004 0.588 0.158 0.091 0.001 0.524 0.011 0.004 0.001 0.312 0.013 0.521 0.012 0.126 0.004 0.156 0.007 0.528 0.006 0.009 0.143
0.001 0.001 0.002 0.04 0.021 0.015 0 0.079 0.005 0.001 0.001 0.132 0.006 0.012 0.013 0 0 0.006 0.222 0.011 0.528 0.019 0.179 0.024 0.005 0.072 0.012 0.243 0.021 0.007 0.008 0.005 0.082 0.119 0.005 0.009 0 0.039 0.016 0.045 0.144 0.004 0.053 0.123 0.764 0.007 0.01 0.23 0.147 0.081 0.004 0.672 0.825 0.729 1 0.005 0.796 0.115 0.07 0.018 0.662 0.014 0.005 0.002 0.388 0.017 0.708 0.015 0.1 0.006 0.112 0.009 0.728 0.009 0.012 0.101
0.004 0.005 0.005 0.003 0.027 0.034 0.003 0.005 0 0.002 0.001 0.001 0 0.007 0.006 0 0.003 0 0.001 0.007 0.004 0 0.001 0.009 0 0.001 0.001 0.001 0.027 0.02 0.018 0.005 0.001 0.001 0.014 0.076 0 0.005 0.04 0.005 0 0.001 0 0 0.004 0.001 0.001 0.012 0.004 0.003 0.72 0.007 0.004 0.004 0.005 1 0.006 0.001 0.001 0.001 0.007 0.001 0 0 0.003 0.001 0.007 0.001 0.001 0.011 0.001 0.001 0.006 0.42 0.012 0.001
0.004 0.001 0.002 0.016 0 0.002 0.001 0.038 0.006 0 0 0.107 0.007 0 0 0 0.001 0.008 0.182 0 0.427 0.034 0.11 0.002 0.002 0.035 0.015 0.2 0 0.006 0.006 0.003 0.039 0.074 0.006 0.009 0 0.028 0.002 0.057 0.1 0.009 0.065 0.16 0.624 0.009 0.029 0.207 0.177 0.086 0.005 0.771 0.666 0.588 0.796 0.006 1 0.089 0.07 0.12 0.818 0.018 0.007 0.003 0.438 0.021 0.817 0.02 0.085 0.007 0.112 0.011 0.9 0.011 0.014 0.132
0.018 0.022 0.021 0.006 0.003 0.002 0.004 0.023 0.001 0.003 0.002 0.022 0.001 0.008 0.007 0.001 0.004 0.001 0.002 0.013 0.142 0.01 0.036 0.012 0.007 0.021 0.002 0.002 0.003 0.001 0.001 0.008 0.021 0.029 0.001 0.001 0 0.008 0.002 0.007 0.033 0.001 0.007 0.038 0.137 0.001 0.002 0.039 0.017 0.001 0 0.087 0.139 0.158 0.115 0.001 0.089 1 0.017 0.001 0.083 0.002 0.001 0.001 0 0.002 0.081 0.002 0.021 0.001 0.294 0.001 0.082 0.001 0.001 0.011
0.012 0.01 0.011 0.016 0.003 0.002 0.002 0.014 0.001 0.001 0.002 0.303 0.001 0.012 0.012 0 0.005 0.001 0 0.014 0.063 0.005 0.015 0.013 0.008 0.02 0.002 0.001 0.003 0.001 0.001 0.008 0.015 0.021 0.001 0.001 0 0.007 0.002 0.006 0.029 0.001 0.007 0.026 0.081 0 0.002 0.017 0.018 0.001 0 0.043 0.075 0.091 0.07 0.001 0.07 0.017 1 0.001 0.064 0.002 0.001 0.001 0.004 0.002 0.063 0.002 0.363 0.001 0.001 0.001 0.059 0.001 0.001 0.444
0.009 0.007 0.006 0 0.083 0.121 0.005 0 0.001 0.004 0.002 0.101 0.001 0.033 0.032 0.001 0.006 0.001 0.002 0.02 0.018 0.013 0.001 0.009 0.009 0.001 0.002 0.003 0.084 0 0 0.01 0.001 0 0.001 0.168 0.001 0.009 0.131 0.009 0 0.001 0.009 0.048 0.001 0.002 0.135 0.004 0.022 0.018 0.001 0.11 0.025 0.001 0.018 0.001 0.12 0.001 0.001 1 0.107 0.002 0.001 0.001 0.038 0.003 0.054 0.002 0.001 0.001 0 0.001 0.112 0.001 0.002 0.001
0.009 0.005 0.007 0.012 0.007 0.022 0.002 0.032 0.006 0 0 0.111 0.007 0.001 0.001 0 0 0.009 0.137 0.001 0.377 0.037 0.088 0 0.004 0.024 0.016 0.133 0.013 0.001 0.001 0.006 0.015 0.04 0.006 0.048 0 0.032 0.062 0.057 0.06 0.007 0.072 0.185 0.498 0.008 0.138 0.188 0.193 0.098 0.005 0.84 0.55 0.524 0.662 0.007 0.818 0.083 0.064 0.107 1 0.02 0.007 0.062 0.342 0.023 0.885 0.022 0.078 0.008 0.104 0.012 0.762 0.012 0.015 0.121
0 0 0 0.006 0 0.004 0 0.015 0.001 0 0.003 0.003 0.016 0.001 0.001 0.002 0 0.002 0.002 0.001 0.007 0.022 0.004 0.002 0.003 0.01 0.003 0.004 0 0.002 0.002 0.015 0.026 0.027 0.001 0.002 0.001 0.007 0.004 0.006 0.033 0.157 0.002 0.025 0.011 0.001 0.004 0.014 0.011 0.055 0.001 0.02 0.012 0.011 0.014 0.001 0.018 0.002 0.002 0.002 0.02 1 0.001 0.001 0.008 0.004 0.019 0.906 0.002 0.001 0.002 0.002 0.017 0.002 0.175 0.002
0.005 0.005 0.004 0.012 0.002 0.001 0.003 0.017 0.301 0.002 0.001 0.001 0 0.004 0.003 0 0.003 0.001 0.001 0.008 0.004 0.001 0.004 0.008 0.004 0.014 0.146 0.002 0.002 0.001 0.001 0.006 0.016 0.021 0 0.001 0.004 0.006 0.001 0.005 0.015 0.001 0.005 0.012 0.004 0.001 0.001 0.003 0.013 0.031 0 0.007 0.004 0.004 0.005 0 0.007 0.001 0.001 0.001 0.007 0.001 1 0 0.003 0.001 0.007 0.001 0.001 0 0.001 0.001 0.006 0.001 0.001 0.001
0.008 0.01 0.01 0.001 0.071 0.102 0.003 0.003 0 0.002 0.001 0.003 0 0.011 0.021 0 0.003 0.001 0 0.01 0.004 0.008 0.001 0.014 0.005 0.005 0.001 0 0.098 0.113 0.105 0.005 0.026 0.015 0 0.135 0 0.006 0.275 0.003 0.012 0.001 0.005 0.027 0.001 0.001 0.269 0 0.013 0.01 0 0.062 0.001 0.001 0.002 0 0.003 0.001 0.001 0.001 0.062 0.001 0 1 0.001 0.001 0.056 0.001 0.001 0 0 0.001 0.002 0.001 0.001 0.001
0.017 0.026 0.024 0.065 0.008 0.005 0.018 0.053 0.002 0.016 0.008 0.016 0.003 0.007 0.008 0.002 0.001 0.003 0.401 0.004 0.274 0.006 0.106 0.017 0.007 0.048 0.006 0.44 0.008 0.004 0.004 0.007 0.057 0.067 0.002 0.001 0 0.006 0.004 0.021 0.081 0.003 0.032 0.089 0.239 0.004 0.005 0.113 0.078 0.045 0.002 0.361 0.431 0.312 0.388 0.003 0.438 0 0.004 0.038 0.342 0.008 0.003 0.001 1 0.009 0.409 0.009 0.004 0.003 0.003 0.005 0.393 0.005 0.006 0
0.013 0.023 0.024 0.036 0.002 0.001 0.008 0.042 0.001 0.007 0.004 0.003 0.001 0.023 0.022 0.001 0.009 0.002 0.005 0.022 0.012 0.015 0.032 0.02 0.015 0 0.21 0.005 0.002 0 0 0.016 0 0.002 0.001 0.002 0.001 0.016 0.004 0.015 0.029 0.001 0.191 0.041 0.013 0.003 0.004 0.042 0.114 0.025 0.001 0.023 0.014 0.013 0.017 0.001 0.021 0.002 0.002 0.003 0.023 0.004 0.001 0.001 0.009 1 0.022 0.004 0.002 0.002 0.002 0.002 0.019 0.002 0.001 0.003
0.003 0.002 0.003 0.016 0.001 0.009 0.001 0.037 0.006 0 0 0.116 0.007 0 0 0 0 0.009 0.17 0 0.449 0.037 0.098 0.002 0.005 0.034 0.016 0.186 0.004 0.001 0.001 0.005 0.023 0.053 0.006 0.023 0 0.034 0.036 0.058 0.076 0.01 0.07 0.179 0.548 0.009 0.094 0.182 0.19 0.094 0.005 0.822 0.594 0.521 0.708 0.007 0.817 0.081 0.063 0.054 0.885 0.019 0.007 0.056 0.409 0.022 1 0.021 0.08 0.007 0.11 0.012 0.743 0.012 0.012 0.12
0 0 0 0.009 0 0.005 0 0.019 0.001 0 0.004 0.003 0.014 0.002 0.003 0.001 0 0.002 0.003 0.001 0.008 0.032 0.007 0.003 0.004 0.014 0.003 0.005 0 0.002 0.002 0.016 0.03 0.032 0.001 0.002 0.001 0.007 0.004 0.008 0.039 0.233 0.003 0.029 0.013 0 0.004 0.017 0.014 0.066 0.001 0.022 0.014 0.012 0.015 0.001 0.02 0.002 0.002 0.002 0.022 0.906 0.001 0.001 0.009 0.004 0.021 1 0.002 0.001 0.002 0.002 0.018 0.002 0.169 0.003
0.005 0.004 0.004 0.011 0.002 0.001 0 0.01 0 0 0.002 0.182 0.001 0.005 0.005 0 0.004 0.001 0 0.007 0.071 0.003 0.021 0.006 0.002 0.01 0.001 0 0.002 0.001 0.001 0.003 0.011 0.014 0 0.001 0 0.002 0.002 0.005 0.024 0.001 0.006 0.026 0.102 0.001 0.002 0.007 0.016 0.007 0 0.065 0.105 0.126 0.1 0.001 0.085 0.021 0.363 0.001 0.078 0.002 0.001 0.001 0.004 0.002 0.08 0.002 1 0.001 0.001 0.001 0.072 0.001 0.001 0.494
0 0.003 0.003 0.019 0 0.002 0 0.021 0 0 0 0.001 0.004 0.003 0.002 0 0.001 0.001 0.002 0.002 0.004 0.005 0.011 0.002 0.006 0.009 0.003 0.002 0 0.001 0.001 0.006 0.014 0.005 0.675 0.001 0 0.006 0.001 0.005 0.01 0.001 0.084 0.017 0.004 0.001 0.001 0.014 0.035 0.007 0.016 0.008 0.005 0.004 0.006 0.011 0.007 0.001 0.001 0.001 0.008 0.001 0 0 0.003 0.002 0.007 0.001 0.001 1 0.001 0.001 0.006 0.001 0.001 0.001
0.026 0.024 0.031 0.007 0 0 0.005 0.011 0.001 0.004 0.002 0.001 0.001 0.001 0.002 0.001 0.002 0.001 0.002 0.005 0.082 0.005 0.022 0.005 0.005 0.013 0.002 0.003 0 0 0 0.005 0.013 0.024 0.001 0.001 0.001 0.005 0 0.009 0.028 0.001 0.009 0.033 0.103 0.002 0.001 0.029 0.021 0.006 0.001 0.108 0.137 0.156 0.112 0.001 0.112 0.294 0.001 0 0.104 0.002 0.001 0 0.003 0.002 0.11 0.002 0.001 0.001 1 0.001 0.118 0.001 0.002 0
0.011 0.017 0.017 0.013 0.003 0.003 0.005 0.016 0.001 0.004 0.002 0.002 0.001 0.017 0.014 0.001 0.005 0.001 0 0.016 0.002 0.013 0.017 0.015 0.009 0.021 0.002 0 0.003 0.001 0.001 0.009 0.028 0.019 0.001 0.001 0.001 0.009 0.002 0.009 0.015 0.001 0.151 0.027 0.007 0.002 0.002 0.011 0.06 0.017 0.001 0.012 0.007 0.007 0.009 0.001 0.011 0.001 0.001 0.001 0.012 0.002 0.001 0.001 0.005 0.002 0.012 0.002 0.001 0.001 0.001 1 0.01 0.001 0.002 0.001
0.001 0.001 0.002 0.015 0 0.001 0 0.034 0.005 0 0 0.1 0.006 0 0 0 0.002 0.007 0.185 0.001 0.416 0.038 0.099 0.002 0.001 0.033 0.014 0.204 0 0.005 0.005 0.002 0.036 0.069 0.005 0.01 0 0.023 0.001 0.051 0.089 0.006 0.06 0.162 0.61 0.008 0.026 0.19 0.162 0.08 0.004 0.706 0.611 0.528 0.728 0.006 0.9 0.082 0.059 0.112 0.762 0.017 0.006 0.002 0.393 0.019 0.743 0.018 0.072 0.006 0.118 0.01 1 0.01 0.013 0.129
0.001 0.002 0.002 0 0.032 0.043 0.005 0 0.001 0.004 0.002 0.002 0 0.003 0.003 0.001 0.005 0.001 0.002 0.004 0.006 0.01 0.002 0.005 0.002 0.001 0.002 0.003 0.033 0.05 0.047 0.009 0.005 0.016 0.001 0.04 0.001 0.009 0.018 0.008 0.012 0.001 0.007 0.006 0.007 0.002 0.002 0.022 0.019 0.01 0.282 0.012 0.007 0.006 0.009 0.42 0.011 0.001 0.001 0.001 0.012 0.002 0.001 0.001 0.005 0.002 0.012 0.002 0.001 0.001 0.001 0.001 0.01 1 0.075 0.001
0.011 0.009 0.009 0.018 0.001 0.001 0.006 0.015 0.001 0.005 0.003 0.002 0 0.006 0.006 0.003 0.007 0.001 0.002 0.004 0.004 0.041 0.009 0.008 0.006 0.02 0.002 0.003 0.001 0 0 0.011 0.023 0.015 0.001 0.001 0.001 0.001 0.002 0.001 0.019 0.04 0.005 0.009 0.009 0.011 0.003 0.018 0.006 0.047 0 0.015 0.01 0.009 0.012 0.012 0.014 0.001 0.001 0.002 0.015 0.175 0.001 0.001 0.006 0.001 0.012 0.169 0.001 0.001 0.002 0.002 0.013 0.075 1 0.002
0.008 0.006 0.006 0.015 0.003 0.002 0.001 0.018 0.001 0 0.002 0.213 0.001 0.011 0.011 0 0.006 0.001 0.001 0.013 0.087 0.006 0.022 0.011 0.006 0.023 0.002 0.001 0.004 0.001 0.001 0.006 0.018 0.03 0.001 0.001 0.001 0.005 0.002 0.008 0.043 0.001 0.01 0.022 0.11 0 0.003 0.017 0.024 0.002 0.001 0.071 0.12 0.143 0.101 0.001 0.132 0.011 0.444 0.001 0.121 0.002 0.001 0.001 0 0.003 0.12 0.003 0.494 0.001 0 0.001 0.129 0.001 0.002 1
