1 0.756 0.782 0.427 0.172 0.109 0.215 0.268 0.008 0.189 0.107 0.024 0.063 0.433 0.403 0 0.214 0.042 0.029 0.472 0 0.147 0.122 0.494 0.268 0.235 0 0.032 0.138 0.045 0.04 0.235 0.204 0.111 0.001 0.023 0.016 0.032 0.052 0.019 0.115 0.016 0.002 0.059 0.001 0.003 0.059 0.024 0.01 0.043 0.012 0.023 0.002 0.001 0 0.011 0.01 0.055 0.007 0.005 0.02 0.016 0.004 0.011 0.012 0 0.014 0.017 0 0.002 0.048 0.004 0.005 0.011 0.006 0.002
0.756 1 0.926 0.412 0.221 0.141 0.277 0.241 0.006 0.244 0.138 0.019 0.047 0.542 0.505 0 0.227 0.057 0.022 0.557 0.001 0.136 0.095 0.584 0.302 0.229 0.016 0.025 0.181 0.058 0.053 0.273 0.201 0.097 0.004 0.032 0.013 0.027 0.07 0.025 0.088 0.012 0.018 0.072 0.007 0.021 0.044 0.03 0.001 0.033 0.018 0.032 0 0 0.006 0.017 0.014 0.073 0.004 0.006 0.029 0.011 0.005 0.017 0.015 0.017 0.022 0.012 0 0.006 0.056 0.011 0.007 0.017 0.002 0.001
0.782 0.926 1 0.431 0.212 0.135 0.265 0.259 0.006 0.233 0.132 0.02 0.044 0.559 0.52 0 0.267 0.054 0.023 0.596 0 0.131 0.094 0.624 0.343 0.263 0.017 0.026 0.173 0.055 0.051 0.304 0.227 0.113 0.004 0.03 0.017 0.037 0.067 0.021 0.103 0.013 0.016 0.079 0.006 0.022 0.077 0.037 0.001 0.04 0.017 0.043 0 0 0.004 0.016 0.022 0.069 0.005 0.006 0.039 0.012 0.003 0.016 0.007 0.018 0.031 0.013 0 0.007 0.062 0.012 0.013 0.016 0.003 0.001
0.427 0.412 0.431 1 0.088 0.053 0.123 0.776 0.014 0.109 0.062 0.042 0.017 0.268 0.252 0.002 0.126 0.042 0.05 0.297 0.015 0.334 0.355 0.321 0.206 0.619 0 0.051 0.074 0.025 0.021 0.173 0.584 0.31 0.032 0.006 0.036 0 0.025 0 0.355 0.028 0.214 0 0.007 0.047 0.036 0.002 0.174 0.173 0.009 0 0.023 0.021 0.01 0.008 0.001 0.03 0.014 0 0 0.031 0.006 0.013 0.022 0.058 0 0.033 0.003 0.023 0.02 0.018 0.003 0.007 0.01 0.007
0.172 0.221 0.212 0.088 1 0.636 0.01 0.108 0.001 0.009 0.005 0.004 0.246 0.207 0.191 0.011 0.012 0.004 0.005 0.199 0.015 0.02 0.044 0.199 0.02 0.093 0.004 0.006 0.792 0.264 0.254 0.021 0.068 0.033 0.001 0.118 0.004 0.025 0.314 0.023 0.031 0.003 0.013 0.002 0.016 0.005 0.169 0.042 0.001 0.017 0.074 0.009 0.016 0.015 0.018 0.068 0 0.003 0.001 0.054 0.015 0.002 0.002 0.085 0.006 0.003 0.009 0.002 0.008 0 0.001 0.002 0 0.069 0.012 0.001
0.109 0.141 0.135 0.053 0.636 1 0.007 0.072 0.001 0.006 0.003 0.003 0.002 0.136 0.126 0.021 0.008 0.002 0.003 0.12 0.009 0.01 0.024 0.119 0.012 0.053 0.002 0.004 0.468 0.416 0.402 0.013 0.031 0.011 0.002 0.192 0.002 0.016 0.504 0.015 0.011 0.002 0.011 0.024 0.01 0.003 0.28 0.023 0.032 0.006 0.022 0.035 0.009 0.009 0.011 0.02 0.003 0.002 0.005 0.09 0.049 0.002 0.001 0.142 0.003 0.001 0.034 0.002 0.016 0.002 0 0.002 0.002 0.021 0.003 0.003
0.215 0.277 0.265 0.123 0.01 0.007 1 0.14 0.002 0.88 0.499 0.005 0.004 0.266 0.245 0.002 0.772 0.004 0.006 0.309 0.018 0.047 0.081 0.312 0.494 0.141 0.004 0.007 0.01 0.003 0.003 0.449 0.138 0.091 0.003 0.003 0.004 0.232 0.006 0.239 0.091 0.003 0.022 0.069 0 0.006 0.006 0.147 0.084 0.028 0.003 0.002 0.021 0.02 0 0.003 0 0.004 0.004 0.002 0.004 0.002 0.002 0.004 0.012 0.006 0.003 0.003 0.002 0.004 0.006 0.003 0.002 0.003 0.008 0.001
0.268 0.241 0.259 0.776 0.108 0.072 0.14 1 0.012 0.124 0.071 0.037 0.021 0.345 0.329 0.001 0.144 0.048 0.028 0.375 0.107 0.284 0.49 0.403 0.254 0.753 0.001 0.029 0.097 0.029 0.025 0.216 0.717 0.42 0.037 0.013 0.031 0.004 0.037 0.001 0.477 0.024 0.249 0.01 0.063 0.043 0.042 0.009 0.233 0.247 0.017 0.019 0.113 0.111 0.074 0.016 0.03 0.024 0.011 0.001 0.021 0.027 0.006 0.018 0.019 0.067 0.018 0.029 0.002 0.028 0.021 0.022 0.033 0.013 0.004 0.009
0.008 0.006 0.006 0.014 0.001 0.001 0.002 0.012 1 0.001 0.001 0.001 0.001 0.002 0.001 0 0.002 0.001 0.001 0.005 0.002 0 0.002 0.005 0.003 0.011 0.092 0.001 0.001 0 0 0.003 0.01 0.005 0 0 0.001 0 0.001 0 0.001 0 0.004 0.002 0.003 0.01 0.001 0.003 0.009 0.017 0 0.004 0.003 0.003 0.003 0 0.004 0.001 0.001 0 0.004 0.001 0.253 0 0.002 0.001 0.004 0 0 0.001 0.001 0 0.004 0 0.001 0.001
0.189 0.244 0.233 0.109 0.009 0.006 0.88 0.124 0.001 1 0.566 0.005 0.004 0.234 0.216 0.002 0.699 0.004 0.005 0.272 0.016 0.041 0.072 0.275 0.435 0.123 0.004 0.006 0.009 0.003 0.003 0.39 0.119 0.079 0.003 0.002 0.004 0.188 0.005 0.191 0.08 0.003 0.018 0.053 0.001 0.006 0.006 0.125 0.066 0.036 0.002 0.001 0.018 0.017 0 0.002 0 0.004 0.003 0.002 0.002 0.002 0.002 0.003 0.01 0.005 0.002 0.002 0.001 0.004 0.005 0.003 0.001 0.002 0.007 0.001
0.107 0.138 0.132 0.062 0.005 0.003 0.499 0.071 0.001 0.566 1 0.003 0.002 0.134 0.124 0.001 0.436 0.002 0.003 0.156 0.009 0.023 0.041 0.157 0.249 0.079 0.002 0.003 0.005 0.001 0.002 0.251 0.081 0.045 0.002 0.001 0.002 0.095 0.003 0.09 0.049 0.002 0.009 0.025 0.002 0.003 0.003 0.061 0.031 0.029 0.001 0 0.011 0.01 0.002 0.001 0.001 0.002 0.002 0.001 0 0.003 0.001 0.002 0.006 0.004 0 0.003 0.001 0.002 0.003 0.002 0 0.001 0.004 0
0.024 0.019 0.02 0.042 0.004 0.003 0.005 0.037 0.001 0.005 0.003 1 0.002 0.014 0.012 0.001 0.006 0.002 0.002 0.011 0.161 0.019 0.026 0.016 0.01 0.033 0.002 0.003 0.004 0.001 0.001 0.01 0.027 0.041 0.001 0 0.002 0.012 0 0.011 0.046 0 0.011 0.053 0.077 0.003 0 0.018 0.028 0.002 0.001 0.069 0.107 0.084 0.086 0.001 0.073 0.001 0.399 0.04 0.068 0 0.001 0 0 0.003 0.062 0 0.074 0.002 0.001 0.001 0.072 0.001 0 0.244
0.063 0.047 0.044 0.017 0.246 0.002 0.004 0.021 0.001 0.004 0.002 0.002 1 0.047 0.043 0.001 0.004 0.001 0.002 0.055 0.006 0.002 0.009 0.056 0.008 0.024 0.001 0.002 0.24 0.001 0.001 0.008 0.025 0.034 0.009 0.001 0.001 0 0.002 0 0.031 0.001 0.089 0.009 0.007 0.01 0.002 0.006 0.055 0.004 0.05 0.011 0.007 0.006 0.008 0.046 0.009 0.001 0.001 0.001 0.011 0 0.001 0.001 0.004 0.002 0.01 0 0.001 0.005 0.002 0.001 0.008 0.046 0.01 0.002
0.433 0.542 0.559 0.268 0.207 0.136 0.266 0.345 0.002 0.234 0.134 0.014 0.047 1 0.905 0 0.283 0.092 0.02 0.752 0.06 0.086 0.183 0.792 0.476 0.329 0.011 0.023 0.182 0.056 0.066 0.384 0.282 0.2 0.004 0.036 0.016 0.07 0.073 0.049 0.195 0.013 0.017 0.025 0.03 0.008 0.083 0.006 0.008 0.058 0.032 0 0.068 0.071 0.031 0.031 0.004 0.016 0.005 0.012 0.001 0.007 0.001 0.036 0.006 0.016 0 0.008 0 0.007 0.011 0.012 0.006 0.031 0.001 0.004
0.403 0.505 0.52 0.252 0.191 0.126 0.245 0.329 0.001 0.216 0.124 0.012 0.043 0.905 1 0 0.26 0.085 0.022 0.712 0.061 0.081 0.176 0.751 0.466 0.313 0.01 0.025 0.167 0.052 0.061 0.394 0.263 0.201 0.005 0.041 0.018 0.085 0.074 0.063 0.195 0.014 0.022 0.033 0.03 0.002 0.084 0.01 0.01 0.047 0.029 0 0.069 0.071 0.033 0.028 0.005 0.012 0.006 0.01 0 0.008 0.001 0.04 0.007 0.023 0 0.009 0 0.005 0.008 0.012 0.007 0.028 0 0.004
0 0 0 0.002 0.011 0.021 0.002 0.001 0 0.002 0.001 0.001 0.001 0 0 1 0.002 0.001 0 0.006 0.002 0.038 0.023 0.006 0.004 0.004 0.001 0 0.002 0 0 0.004 0.012 0.018 0.001 0 0.001 0.005 0.001 0.004 0.019 0.001 0.004 0.007 0.002 0.001 0.001 0.008 0.011 0.031 0 0.004 0.002 0.002 0.003 0 0.002 0.001 0.034 0 0.001 0.001 0 0.001 0.001 0.001 0.001 0.001 0.072 0.001 0.001 0 0.002 0 0 0.028
0.214 0.227 0.267 0.126 0.012 0.008 0.772 0.144 0.002 0.699 0.436 0.006 0.004 0.283 0.26 0.002 1 0.005 0.007 0.357 0.021 0.053 0.095 0.361 0.549 0.166 0.005 0.008 0.012 0.003 0.004 0.504 0.149 0.097 0.004 0.003 0.001 0.252 0.007 0.177 0.096 0.004 0.021 0.081 0 0.007 0.006 0.164 0.056 0.032 0.003 0.002 0.018 0.016 0 0.003 0.005 0.005 0.005 0.002 0 0.003 0.002 0.004 0 0.007 0.001 0.003 0.003 0.005 0.003 0.004 0.003 0.003 0.009 0.002
0.042 0.057 0.054 0.042 0.004 0.002 0.004 0.048 0.001 0.004 0.002 0.002 0.001 0.092 0.085 0.001 0.005 1 0.002 0.099 0.006 0.013 0.025 0.1 0.159 0.049 0.002 0.002 0.004 0.001 0.001 0.161 0.05 0.037 0.001 0.001 0.002 0.008 0.002 0.007 0.034 0.001 0.01 0.025 0.007 0.002 0.002 0.019 0.006 0.005 0.003 0.012 0.007 0.007 0.009 0.003 0.01 0.002 0.002 0.001 0.012 0.002 0.001 0.001 0.004 0.002 0.011 0.002 0.001 0.001 0.002 0.001 0.009 0.003 0.003 0.002
0.029 0.022 0.023 0.05 0.005 0.003 0.006 0.028 0.001 0.005 0.003 0.002 0.002 0.02 0.022 0 0.007 0.002 1 0.02 0.332 0.022 0.075 0.02 0.012 0.036 0.002 0.845 0.003 0.001 0.002 0.012 0.025 0.037 0.002 0 0.002 0.014 0.001 0.013 0.045 0.002 0.007 0.06 0.231 0.003 0.001 0.048 0.024 0.025 0.001 0.153 0.223 0.228 0.2 0.001 0.169 0.002 0 0.001 0.13 0.002 0.001 0 0.392 0.003 0.159 0.003 0.001 0.002 0.003 0.002 0.178 0.001 0.004 0
0.472 0.557 0.596 0.297 0.199 0.12 0.309 0.375 0.005 0.272 0.156 0.011 0.055 0.752 0.712 0.006 0.357 0.099 0.02 1 0.044 0.148 0.237 0.95 0.578 0.431 0.014 0.014 0.185 0.065 0.06 0.502 0.339 0.199 0.003 0.022 0.007 0.055 0.065 0.034 0.189 0.011 0.013 0.028 0.011 0.021 0.076 0.014 0.011 0.089 0.032 0.001 0.044 0.044 0.015 0.031 0.001 0.014 0.014 0.012 0 0.01 0.004 0.026 0.001 0.019 0 0.011 0.007 0.005 0.007 0.01 0.003 0.031 0.001 0.011
0 0.001 0 0.015 0.015 0.009 0.018 0.107 0.002 0.016 0.009 0.161 0.006 0.06 0.061 0.002 0.021 0.006 0.332 0.044 1 0.061 0.215 0.059 0.037 0.111 0.006 0.352 0.012 0.004 0.005 0.037 0.091 0.137 0.005 0 0.006 0.044 0.002 0.04 0.156 0.002 0.032 0.184 0.625 0.008 0.003 0.123 0.086 0.008 0.004 0.466 0.693 0.657 0.597 0.004 0.477 0.169 0.047 0.006 0.402 0.004 0.003 0 0.212 0.01 0.443 0.004 0.037 0.006 0.156 0 0.454 0.004 0.004 0.098
0.147 0.136 0.131 0.334 0.02 0.01 0.047 0.284 0 0.041 0.023 0.019 0.002 0.086 0.081 0.038 0.053 0.013 0.022 0.148 0.061 1 0.467 0.148 0.094 0.26 0.016 0.021 0.037 0.009 0.011 0.069 0.238 0.03 0.012 0.01 0.069 0.051 0.019 0.061 0.042 0.054 0.077 0.008 0.066 0.106 0.022 0.005 0.011 0.152 0.003 0.081 0.042 0.038 0.052 0.002 0.054 0.015 0.002 0.008 0.05 0.041 0 0.012 0.025 0.026 0.059 0.046 0.001 0.005 0.012 0.011 0.046 0.001 0.022 0.002
0.122 0.095 0.094 0.355 0.044 0.024 0.081 0.49 0.002 0.072 0.041 0.026 0.009 0.183 0.176 0.023 0.095 0.025 0.075 0.237 0.215 0.467 1 0.262 0.166 0.469 0.028 0.084 0.062 0.017 0.02 0.134 0.413 0.158 0.022 0.007 0.036 0.005 0.024 0.009 0.197 0.031 0.138 0.071 0.133 0.059 0.027 0.051 0.082 0.068 0.009 0.068 0.196 0.191 0.143 0.007 0.1 0.033 0.014 0 0.08 0.012 0.002 0.012 0.05 0.045 0.071 0.014 0.027 0.014 0.033 0.011 0.102 0.006 0.002 0.035
0.494 0.584 0.624 0.321 0.199 0.119 0.312 0.403 0.005 0.275 0.157 0.016 0.056 0.792 0.751 0.006 0.361 0.1 0.02 0.95 0.059 0.148 0.262 1 0.594 0.456 0.014 0.022 0.208 0.066 0.061 0.508 0.359 0.216 0.003 0.037 0.007 0.057 0.082 0.035 0.206 0.011 0.012 0.025 0.018 0.02 0.094 0.012 0.012 0.088 0.039 0.001 0.057 0.054 0.022 0.037 0.003 0.014 0.014 0.008 0 0.01 0.004 0.039 0.003 0.018 0 0.011 0.007 0.005 0.008 0.01 0.006 0.038 0.001 0.011
0.268 0.302 0.343 0.206 0.02 0.012 0.494 0.254 0.003 0.435 0.249 0.01 0.008 0.476 0.466 0.004 0.549 0.159 0.012 0.578 0.037 0.094 0.166 0.594 1 0.277 0.009 0.014 0.021 0.006 0.006 0.84 0.236 0.149 0.007 0.006 0.003 0.163 0.012 0.118 0.142 0.007 0.049 0.023 0.005 0.013 0 0.074 0.021 0.058 0.001 0.004 0.035 0.033 0.006 0.001 0.001 0.009 0.009 0.004 0.007 0.007 0.001 0.001 0 0.013 0.006 0.007 0.005 0.008 0.007 0.006 0.002 0.001 0.015 0.005
0.235 0.229 0.263 0.619 0.093 0.053 0.141 0.753 0.011 0.123 0.079 0.033 0.024 0.329 0.313 0.004 0.166 0.049 0.036 0.431 0.111 0.26 0.469 0.456 0.277 1 0.026 0.044 0.114 0.032 0.028 0.271 0.841 0.515 0.034 0.019 0.019 0.004 0.047 0.001 0.472 0.018 0.206 0.009 0.066 0.036 0.053 0.007 0.199 0.225 0.008 0.016 0.119 0.113 0.071 0.006 0.042 0.028 0.028 0.001 0.024 0.02 0.005 0.025 0.021 0.022 0.026 0.022 0.015 0.026 0.023 0.025 0.047 0.005 0.002 0.023
0 0.016 0.017 0 0.004 0.002 0.004 0.001 0.092 0.004 0.002 0.002 0.001 0.011 0.01 0.001 0.005 0.002 0.002 0.014 0.006 0.016 0.028 0.014 0.009 0.026 1 0.002 0.004 0.001 0.001 0.009 0.025 0.038 0 0.001 0.001 0.01 0.002 0.01 0.001 0.001 0.026 0.018 0.007 0.001 0.002 0.007 0.003 0.002 0.001 0.008 0.004 0.004 0.005 0.001 0.006 0.001 0.002 0.001 0.008 0.002 0.058 0.001 0.001 0.084 0.007 0.001 0.001 0 0.002 0.001 0.006 0.001 0.002 0.002
0.032 0.025 0.026 0.051 0.006 0.004 0.007 0.029 0.001 0.006 0.003 0.003 0.002 0.023 0.025 0 0.008 0.002 0.845 0.014 0.352 0.021 0.084 0.022 0.014 0.044 0.002 1 0.006 0.002 0.002 0.014 0.033 0.049 0.002 0.001 0.002 0.017 0.003 0.015 0.058 0.002 0.008 0.063 0.266 0.003 0.003 0.045 0.027 0.026 0.001 0.162 0.251 0.241 0.224 0.001 0.19 0.002 0 0.001 0.111 0.003 0.001 0.002 0.444 0.004 0.168 0.003 0.001 0.002 0.003 0.001 0.2 0.001 0.004 0
0.138 0.181 0.173 0.074 0.792 0.468 0.01 0.097 0.001 0.009 0.005 0.004 0.24 0.182 0.167 0.002 0.012 0.004 0.003 0.185 0.012 0.037 0.062 0.208 0.021 0.114 0.004 0.006 1 0.263 0.253 0.021 0.096 0.054 0.001 0.21 0.004 0.025 0.491 0.021 0.051 0.003 0.01 0.01 0.016 0.005 0.298 0.028 0.001 0.032 0.069 0.028 0.016 0.015 0.019 0.064 0.003 0.004 0.004 0.054 0.023 0.002 0.002 0.204 0.006 0.006 0.015 0.002 0.002 0 0.001 0.002 0.004 0.064 0.012 0.004
0.045 0.058 0.055 0.025 0.264 0.416 0.003 0.029 0 0.003 0.001 0.001 0.001 0.056 0.052 0 0.003 0.001 0.001 0.065 0.004 0.009 0.017 0.066 0.006 0.032 0.001 0.002 0.263 1 0.864 0.006 0.009 0.004 0.001 0.017 0.001 0.006 0.228 0.005 0.003 0.001 0.006 0.009 0.005 0.001 0.079 0.013 0.014 0.002 0.003 0.007 0.005 0.004 0.006 0.002 0.003 0.001 0.001 0.004 0.005 0.001 0.001 0.08 0.003 0.002 0.003 0.001 0.001 0.001 0 0.001 0.002 0.003 0.006 0.001
0.04 0.053 0.051 0.021 0.254 0.402 0.003 0.025 0 0.003 0.002 0.001 0.001 0.066 0.061 0 0.004 0.001 0.002 0.06 0.005 0.011 0.02 0.061 0.006 0.028 0.001 0.002 0.253 0.864 1 0.006 0.007 0.006 0.001 0.025 0.001 0.003 0.227 0.003 0.005 0.001 0.007 0.012 0.005 0.002 0.084 0.016 0.011 0.003 0.002 0.007 0.005 0.005 0.006 0.002 0.002 0.001 0.001 0.01 0.005 0.001 0.001 0.071 0.001 0.002 0.003 0.001 0.001 0.001 0 0.001 0.002 0.002 0.005 0.001
0.235 0.273 0.304 0.173 0.021 0.013 0.449 0.216 0.003 0.39 0.251 0.01 0.008 0.384 0.394 0.004 0.504 0.161 0.012 0.502 0.037 0.069 0.134 0.508 0.84 0.271 0.009 0.014 0.021 0.006 0.006 1 0.279 0.181 0.007 0.006 0.003 0.201 0.012 0.151 0.173 0.007 0.049 0.031 0.004 0.013 0 0.084 0.03 0.062 0.001 0.004 0.035 0.033 0.006 0.001 0.001 0.009 0.009 0.004 0.007 0.01 0.004 0.001 0 0.013 0.005 0.011 0.005 0.008 0.007 0.006 0.002 0.001 0.016 0.005
0.204 0.201 0.227 0.584 0.068 0.031 0.138 0.717 0.01 0.119 0.081 0.027 0.025 0.282 0.263 0.012 0.149 0.05 0.025 0.339 0.091 0.238 0.413 0.359 0.236 0.841 0.025 0.033 0.096 0.009 0.007 0.279 1 0.632 0.035 0.035 0.027 0.011 0.07 0.005 0.586 0.021 0.235 0.003 0.071 0.037 0.077 0.003 0.248 0.269 0.008 0.012 0.127 0.121 0.077 0.007 0.043 0.027 0.023 0.001 0.017 0.028 0.009 0.044 0.026 0.024 0.019 0.029 0.014 0.027 0.022 0.038 0.048 0.005 0.008 0.018
0.111 0.097 0.113 0.31 0.033 0.011 0.091 0.42 0.005 0.079 0.045 0.041 0.034 0.2 0.201 0.018 0.097 0.037 0.037 0.199 0.137 0.03 0.158 0.216 0.149 0.515 0.038 0.049 0.054 0.004 0.006 0.181 0.632 1 0.023 0.018 0.041 0.252 0.042 0.235 0.887 0.032 0.135 0.026 0.13 0.038 0.051 0.008 0.451 0.217 0.002 0.051 0.189 0.178 0.139 0.001 0.101 0.04 0.04 0 0.048 0.041 0.014 0.027 0.046 0.01 0.065 0.044 0.02 0.016 0.039 0.026 0.106 0 0.012 0.034
0.001 0.004 0.004 0.032 0.001 0.002 0.003 0.037 0 0.003 0.002 0.001 0.009 0.004 0.005 0.001 0.004 0.001 0.002 0.003 0.005 0.012 0.022 0.003 0.007 0.034 0 0.002 0.001 0.001 0.001 0.007 0.035 0.023 1 0.001 0.001 0.008 0.002 0.008 0.023 0.001 0.114 0.022 0.006 0.002 0.002 0.017 0.044 0.015 0 0.007 0.004 0.004 0.005 0 0.006 0.001 0.001 0.001 0.007 0.001 0.003 0.001 0.001 0.002 0.007 0.001 0.001 0.598 0.002 0.001 0.005 0.001 0.002 0
0.023 0.032 0.03 0.006 0.118 0.192 0.003 0.013 0 0.002 0.001 0 0.001 0.036 0.041 0 0.003 0.001 0 0.022 0 0.01 0.007 0.037 0.006 0.019 0.001 0.001 0.21 0.017 0.025 0.006 0.035 0.018 0.001 1 0.001 0.007 0.458 0.006 0.021 0.001 0.006 0.033 0.005 0.001 0.241 0 0.015 0.013 0.057 0.038 0.005 0.004 0.005 0.052 0.001 0.001 0.001 0.093 0.036 0.001 0.001 0.153 0 0.002 0.021 0.001 0 0.001 0.001 0.001 0.001 0.052 0 0.001
0.016 0.013 0.017 0.036 0.004 0.002 0.004 0.031 0.001 0.004 0.002 0.002 0.001 0.016 0.018 0.001 0.001 0.002 0.002 0.007 0.006 0.069 0.036 0.007 0.003 0.019 0.001 0.002 0.004 0.001 0.001 0.003 0.027 0.041 0.001 0.001 1 0.011 0.002 0.01 0.045 0.001 0.009 0.013 0.002 0.002 0.002 0.014 0.022 0.006 0.001 0.005 0.002 0.002 0.003 0.001 0.004 0.001 0.002 0.001 0.005 0.002 0.003 0.001 0 0.002 0.005 0.002 0.001 0.007 0.002 0.001 0.003 0.001 0.003 0.002
0.032 0.027 0.037 0 0.025 0.016 0.232 0.004 0 0.188 0.095 0.012 0 0.07 0.085 0.005 0.252 0.008 0.014 0.055 0.044 0.051 0.005 0.057 0.163 0.004 0.01 0.017 0.025 0.006 0.003 0.201 0.011 0.252 0.008 0.007 0.011 1 0.014 0.907 0.232 0.008 0.068 0.321 0.052 0.164 0 0.267 0.241 0.009 0.006 0.048 0.052 0.048 0.058 0.007 0.037 0.01 0.01 0.005 0.033 0.012 0.005 0.009 0.009 0.016 0.045 0.01 0.005 0.01 0.01 0.008 0.033 0.007 0.008 0.007
0.052 0.07 0.067 0.025 0.314 0.504 0.006 0.037 0.001 0.005 0.003 0 0.002 0.073 0.074 0.001 0.007 0.002 0.001 0.065 0.002 0.019 0.024 0.082 0.012 0.047 0.002 0.003 0.491 0.228 0.227 0.012 0.07 0.042 0.002 0.458 0.002 0.014 1 0.011 0.042 0 0.013 0.067 0.01 0.003 0.544 0.007 0.033 0.025 0.023 0.088 0.01 0.009 0.011 0.021 0 0.002 0.002 0.094 0.079 0.001 0.001 0.431 0.002 0.003 0.058 0.001 0.001 0.002 0 0.001 0 0.02 0.001 0.002
0.019 0.025 0.021 0 0.023 0.015 0.239 0.001 0 0.191 0.09 0.011 0 0.049 0.063 0.004 0.177 0.007 0.013 0.034 0.04 0.061 0.009 0.035 0.118 0.001 0.01 0.015 0.021 0.005 0.003 0.151 0.005 0.235 0.008 0.006 0.01 0.907 0.011 1 0.219 0.008 0.062 0.299 0.048 0.18 0.012 0.236 0.272 0.006 0.006 0.073 0.047 0.044 0.054 0.006 0.063 0.009 0.009 0.005 0.053 0.011 0.005 0.007 0.026 0.015 0.069 0.011 0.004 0.009 0.013 0.007 0.059 0.006 0.009 0.006
0.115 0.088 0.103 0.355 0.031 0.011 0.091 0.477 0.001 0.08 0.049 0.046 0.031 0.195 0.195 0.019 0.096 0.034 0.045 0.189 0.156 0.042 0.197 0.206 0.142 0.472 0.001 0.058 0.051 0.003 0.005 0.173 0.586 0.887 0.023 0.021 0.045 0.232 0.042 0.219 1 0.035 0.204 0.016 0.14 0.034 0.047 0.004 0.513 0.251 0.003 0.062 0.217 0.204 0.154 0.002 0.115 0.044 0.044 0 0.059 0.046 0.008 0.024 0.058 0.046 0.077 0.049 0.022 0.017 0.043 0.023 0.12 0.001 0.015 0.041
0.016 0.012 0.013 0.028 0.003 0.002 0.003 0.024 0 0.003 0.002 0 0.001 0.013 0.014 0.001 0.004 0.001 0.002 0.011 0.002 0.054 0.031 0.011 0.007 0.018 0.001 0.002 0.003 0.001 0.001 0.007 0.021 0.032 0.001 0.001 0.001 0.008 0 0.008 0.035 1 0.004 0.012 0.002 0.002 0.001 0.007 0.019 0.037 0.001 0.003 0.001 0.001 0.002 0.001 0.004 0.001 0.001 0.001 0.003 0.318 0.001 0 0.001 0.002 0.004 0.344 0.001 0.001 0.002 0.001 0.002 0.001 0.03 0.001
0.002 0.018 0.016 0.214 0.013 0.011 0.022 0.249 0.004 0.018 0.009 0.011 0.089 0.017 0.022 0.004 0.021 0.01 0.007 0.013 0.032 0.077 0.138 0.012 0.049 0.206 0.026 0.008 0.01 0.006 0.007 0.049 0.235 0.135 0.114 0.006 0.009 0.068 0.013 0.062 0.204 0.004 1 0.18 0.04 0.014 0.014 0.102 0.349 0.112 0.003 0.066 0.046 0.044 0.047 0.002 0.056 0.009 0.01 0.004 0.067 0.005 0.002 0.008 0.025 0.23 0.063 0.006 0.005 0.108 0.012 0.111 0.051 0.001 0 0.011
0.059 0.072 0.079 0 0.002 0.024 0.069 0.01 0.002 0.053 0.025 0.053 0.009 0.025 0.033 0.007 0.081 0.025 0.06 0.028 0.184 0.008 0.071 0.025 0.023 0.009 0.018 0.063 0.01 0.009 0.012 0.031 0.003 0.026 0.022 0.033 0.013 0.321 0.067 0.299 0.016 0.012 0.18 1 0.17 0.073 0.076 0.452 0.007 0.027 0.002 0.248 0.198 0.185 0.144 0.003 0.163 0.052 0.025 0.025 0.226 0.027 0.008 0.027 0.082 0.045 0.205 0.029 0.007 0.027 0.054 0.02 0.158 0.003 0.028 0.02
0.001 0.007 0.006 0.007 0.016 0.01 0 0.063 0.003 0.001 0.002 0.077 0.007 0.03 0.03 0.002 0 0.007 0.231 0.011 0.625 0.066 0.133 0.018 0.005 0.066 0.007 0.266 0.016 0.005 0.005 0.004 0.071 0.13 0.006 0.005 0.002 0.052 0.01 0.048 0.14 0.002 0.04 0.17 1 0.011 0.011 0.178 0.117 0.014 0.004 0.626 0.749 0.727 0.856 0.005 0.698 0.165 0.051 0.004 0.507 0.008 0.004 0.005 0.247 0.012 0.548 0.009 0.035 0.007 0.155 0.005 0.641 0.005 0.013 0.087
0.003 0.021 0.022 0.047 0.005 0.003 0.006 0.043 0.01 0.006 0.003 0.003 0.01 0.008 0.002 0.001 0.007 0.002 0.003 0.021 0.008 0.106 0.059 0.02 0.013 0.036 0.001 0.003 0.005 0.001 0.002 0.013 0.037 0.038 0.002 0.001 0.002 0.164 0.003 0.18 0.034 0.002 0.014 0.073 0.011 1 0.003 0.017 0.025 0.048 0.001 0.017 0.011 0.01 0.012 0.001 0.014 0.002 0.002 0.001 0.004 0.002 0.001 0.002 0.006 0.004 0.016 0.002 0.001 0.002 0.003 0.002 0.013 0.001 0 0.003
0.059 0.044 0.077 0.036 0.169 0.28 0.006 0.042 0.001 0.006 0.003 0 0.002 0.083 0.084 0.001 0.006 0.002 0.001 0.076 0.003 0.022 0.027 0.094 0 0.053 0.002 0.003 0.298 0.079 0.084 0 0.077 0.051 0.002 0.241 0.002 0 0.544 0.012 0.047 0.001 0.014 0.076 0.011 0.003 1 0 0.035 0.029 0.001 0.187 0.011 0.01 0.012 0.001 0.015 0.002 0.002 0.093 0.17 0.002 0.001 0.414 0.008 0.004 0.139 0.003 0.001 0.002 0 0.002 0.013 0.001 0.004 0.003
0.024 0.03 0.037 0.002 0.042 0.023 0.147 0.009 0.003 0.125 0.061 0.018 0.006 0.006 0.01 0.008 0.164 0.019 0.048 0.014 0.123 0.005 0.051 0.012 0.074 0.007 0.007 0.045 0.028 0.013 0.016 0.084 0.003 0.008 0.017 0 0.014 0.267 0.007 0.236 0.004 0.007 0.102 0.452 0.178 0.017 0 1 0.023 0.039 0.013 0.164 0.175 0.175 0.189 0.014 0.179 0.042 0.01 0.002 0.143 0.017 0.006 0.002 0.087 0.036 0.139 0.018 0.003 0.021 0.024 0.001 0.166 0.014 0.022 0.024
0.01 0.001 0.001 0.174 0.001 0.032 0.084 0.233 0.009 0.066 0.031 0.028 0.055 0.008 0.01 0.011 0.056 0.006 0.024 0.011 0.086 0.011 0.082 0.012 0.021 0.199 0.003 0.027 0.001 0.014 0.011 0.03 0.248 0.451 0.044 0.015 0.022 0.241 0.033 0.272 0.513 0.019 0.349 0.007 0.117 0.025 0.035 0.023 1 0.144 0 0.187 0.117 0.111 0.136 0 0.16 0.023 0.024 0.012 0.189 0.024 0.008 0.02 0.064 0.101 0.18 0.025 0.013 0.038 0.031 0.043 0.148 0.001 0.003 0.021
0.043 0.033 0.04 0.173 0.017 0.006 0.028 0.247 0.017 0.036 0.029 0.002 0.004 0.058 0.047 0.031 0.032 0.005 0.025 0.089 0.008 0.152 0.068 0.088 0.058 0.225 0.002 0.026 0.032 0.002 0.003 0.062 0.269 0.217 0.015 0.013 0.006 0.009 0.025 0.006 0.251 0.037 0.112 0.027 0.014 0.048 0.029 0.039 0.144 1 0.011 0.046 0.011 0.009 0.019 0.009 0.018 0.007 0.003 0.01 0.021 0.065 0.019 0.017 0.024 0.032 0.031 0.07 0 0.017 0 0.014 0.018 0.007 0.036 0.002
0.012 0.018 0.017 0.009 0.074 0.022 0.003 0.017 0 0.002 0.001 0.001 0.05 0.032 0.029 0 0.003 0.003 0.001 0.032 0.004 0.003 0.009 0.039 0.001 0.008 0.001 0.001 0.069 0.003 0.002 0.001 0.008 0.002 0 0.057 0.001 0.006 0.023 0.006 0.003 0.001 0.003 0.002 0.004 0.001 0.001 0.013 0 0.011 1 0.007 0.004 0.004 0.005 0.937 0.006 0.001 0.001 0 0.007 0.001 0 0.001 0.002 0.001 0.006 0.001 0 0 0.001 0.001 0.005 0.865 0.038 0.001
0.023 0.032 0.043 0 0.009 0.035 0.002 0.019 0.004 0.001 0 0.069 0.011 0 0 0.004 0.002 0.012 0.153 0.001 0.466 0.081 0.068 0.001 0.004 0.016 0.008 0.162 0.028 0.007 0.007 0.004 0.012 0.051 0.007 0.038 0.005 0.048 0.088 0.073 0.062 0.003 0.066 0.248 0.626 0.017 0.187 0.164 0.187 0.046 0.007 1 0.626 0.593 0.705 0.007 0.761 0.126 0.027 0.063 0.842 0.013 0.006 0.075 0.29 0.019 0.844 0.014 0.027 0.011 0.168 0.008 0.701 0.007 0.021 0.07
0.002 0 0 0.023 0.016 0.009 0.021 0.113 0.003 0.018 0.011 0.107 0.007 0.068 0.069 0.002 0.018 0.007 0.223 0.044 0.693 0.042 0.196 0.057 0.035 0.119 0.004 0.251 0.016 0.005 0.005 0.035 0.127 0.189 0.004 0.005 0.002 0.052 0.01 0.047 0.217 0.001 0.046 0.198 0.749 0.011 0.011 0.175 0.117 0.011 0.004 0.626 1 0.932 0.85 0.004 0.684 0.202 0.052 0.012 0.535 0.008 0.004 0.005 0.329 0.012 0.569 0.009 0.048 0.007 0.223 0.005 0.671 0.004 0.013 0.12
0.001 0 0 0.021 0.015 0.009 0.02 0.111 0.003 0.017 0.01 0.084 0.006 0.071 0.071 0.002 0.016 0.007 0.228 0.044 0.657 0.038 0.191 0.054 0.033 0.113 0.004 0.241 0.015 0.004 0.005 0.033 0.121 0.178 0.004 0.004 0.002 0.048 0.009 0.044 0.204 0.001 0.044 0.185 0.727 0.01 0.01 0.175 0.111 0.009 0.004 0.593 0.932 1 0.813 0.004 0.652 0.214 0.058 0 0.536 0.008 0.004 0.004 0.29 0.011 0.542 0.008 0.053 0.006 0.234 0.005 0.637 0.004 0.012 0.13
0 0.006 0.004 0.01 0.018 0.011 0 0.074 0.003 0 0.002 0.086 0.008 0.031 0.033 0.003 0 0.009 0.2 0.015 0.597 0.052 0.143 0.022 0.006 0.071 0.005 0.224 0.019 0.006 0.006 0.006 0.077 0.139 0.005 0.005 0.003 0.058 0.011 0.054 0.154 0.002 0.047 0.144 0.856 0.012 0.012 0.189 0.136 0.019 0.005 0.705 0.85 0.813 1 0.005 0.787 0.175 0.044 0.009 0.588 0.01 0.005 0.006 0.29 0.014 0.626 0.01 0.04 0.008 0.19 0.006 0.73 0.005 0.015 0.104
0.011 0.017 0.016 0.008 0.068 0.02 0.003 0.016 0 0.002 0.001 0.001 0.046 0.031 0.028 0 0.003 0.003 0.001 0.031 0.004 0.002 0.007 0.037 0.001 0.006 0.001 0.001 0.064 0.002 0.002 0.001 0.007 0.001 0 0.052 0.001 0.007 0.021 0.006 0.002 0.001 0.002 0.003 0.005 0.001 0.001 0.014 0 0.009 0.937 0.007 0.004 0.004 0.005 1 0.006 0.001 0.001 0 0.007 0.001 0 0.001 0.002 0.002 0.007 0.001 0 0 0.001 0.001 0.006 0.868 0.048 0.001
0.01 0.014 0.022 0.001 0 0.003 0 0.03 0.004 0 0.001 0.073 0.009 0.004 0.005 0.002 0.005 0.01 0.169 0.001 0.477 0.054 0.1 0.003 0.001 0.042 0.006 0.19 0.003 0.003 0.002 0.001 0.043 0.101 0.006 0.001 0.004 0.037 0 0.063 0.115 0.004 0.056 0.163 0.698 0.014 0.015 0.179 0.16 0.018 0.006 0.761 0.684 0.652 0.787 0.006 1 0.119 0.075 0.073 0.72 0.011 0.005 0.007 0.325 0.016 0.737 0.012 0.078 0.009 0.165 0.007 0.918 0.006 0.018 0.155
0.055 0.073 0.069 0.03 0.003 0.002 0.004 0.024 0.001 0.004 0.002 0.001 0.001 0.016 0.012 0.001 0.005 0.002 0.002 0.014 0.169 0.015 0.033 0.014 0.009 0.028 0.001 0.002 0.004 0.001 0.001 0.009 0.027 0.04 0.001 0.001 0.001 0.01 0.002 0.009 0.044 0.001 0.009 0.052 0.165 0.002 0.002 0.042 0.023 0.007 0.001 0.126 0.202 0.214 0.175 0.001 0.119 1 0.001 0.001 0.109 0.002 0.001 0.001 0.002 0.002 0.094 0.002 0.001 0.001 0.349 0.001 0.088 0.001 0.003 0.002
0.007 0.004 0.005 0.014 0.001 0.005 0.004 0.011 0.001 0.003 0.002 0.399 0.001 0.005 0.006 0.034 0.005 0.002 0 0.014 0.047 0.002 0.014 0.014 0.009 0.028 0.002 0 0.004 0.001 0.001 0.009 0.023 0.04 0.001 0.001 0.002 0.01 0.002 0.009 0.044 0.001 0.01 0.025 0.051 0.002 0.002 0.01 0.024 0.003 0.001 0.027 0.052 0.058 0.044 0.001 0.075 0.001 1 0.001 0.061 0.002 0.001 0.001 0.004 0.002 0.054 0.002 0.198 0.001 0.002 0.001 0.073 0.001 0.003 0.465
0.005 0.006 0.006 0 0.054 0.09 0.002 0.001 0 0.002 0.001 0.04 0.001 0.012 0.01 0 0.002 0.001 0.001 0.012 0.006 0.008 0 0.008 0.004 0.001 0.001 0.001 0.054 0.004 0.01 0.004 0.001 0 0.001 0.093 0.001 0.005 0.094 0.005 0 0.001 0.004 0.025 0.004 0.001 0.093 0.002 0.012 0.01 0 0.063 0.012 0 0.009 0 0.073 0.001 0.001 1 0.059 0.001 0 0.001 0.007 0.001 0.032 0.001 0 0.001 0.01 0.001 0.062 0 0.001 0.001
0.02 0.029 0.039 0 0.015 0.049 0.004 0.021 0.004 0.002 0 0.068 0.011 0.001 0 0.001 0 0.012 0.13 0 0.402 0.05 0.08 0 0.007 0.024 0.008 0.111 0.023 0.005 0.005 0.007 0.017 0.048 0.007 0.036 0.005 0.033 0.079 0.053 0.059 0.003 0.067 0.226 0.507 0.004 0.17 0.143 0.189 0.021 0.007 0.842 0.535 0.536 0.588 0.007 0.72 0.109 0.061 0.059 1 0.013 0.006 0.074 0.246 0.019 0.84 0.014 0.066 0.011 0.149 0.008 0.695 0.007 0.021 0.13
0.016 0.011 0.012 0.031 0.002 0.002 0.002 0.027 0.001 0.002 0.003 0 0 0.007 0.008 0.001 0.003 0.002 0.002 0.01 0.004 0.041 0.012 0.01 0.007 0.02 0.002 0.003 0.002 0.001 0.001 0.01 0.028 0.041 0.001 0.001 0.002 0.012 0.001 0.011 0.046 0.318 0.005 0.027 0.008 0.002 0.002 0.017 0.024 0.065 0.001 0.013 0.008 0.008 0.01 0.001 0.011 0.002 0.002 0.001 0.013 1 0.001 0.001 0.005 0.003 0.013 0.946 0.001 0.002 0.002 0.001 0.011 0.001 0.124 0.002
0.004 0.005 0.003 0.006 0.002 0.001 0.002 0.006 0.253 0.002 0.001 0.001 0.001 0.001 0.001 0 0.002 0.001 0.001 0.004 0.003 0 0.002 0.004 0.001 0.005 0.058 0.001 0.002 0.001 0.001 0.004 0.009 0.014 0.003 0.001 0.003 0.005 0.001 0.005 0.008 0.001 0.002 0.008 0.004 0.001 0.001 0.006 0.008 0.019 0 0.006 0.004 0.004 0.005 0 0.005 0.001 0.001 0 0.006 0.001 1 0.001 0.002 0.001 0.006 0.001 0 0.002 0.001 0.001 0.005 0 0.001 0.001
0.011 0.017 0.016 0.013 0.085 0.142 0.004 0.018 0 0.003 0.002 0 0.001 0.036 0.04 0.001 0.004 0.001 0 0.026 0 0.012 0.012 0.039 0.001 0.025 0.001 0.002 0.204 0.08 0.071 0.001 0.044 0.027 0.001 0.153 0.001 0.009 0.431 0.007 0.024 0 0.008 0.027 0.005 0.002 0.414 0.002 0.02 0.017 0.001 0.075 0.005 0.004 0.006 0.001 0.007 0.001 0.001 0.001 0.074 0.001 0.001 1 0.001 0.002 0.071 0.002 0.001 0.001 0.001 0.001 0.006 0.001 0.002 0.001
0.012 0.015 0.007 0.022 0.006 0.003 0.012 0.019 0.002 0.01 0.006 0 0.004 0.006 0.007 0.001 0 0.004 0.392 0.001 0.212 0.025 0.05 0.003 0 0.021 0.001 0.444 0.006 0.003 0.001 0 0.026 0.046 0.001 0 0 0.009 0.002 0.026 0.058 0.001 0.025 0.082 0.247 0.006 0.008 0.087 0.064 0.024 0.002 0.29 0.329 0.29 0.29 0.002 0.325 0.002 0.004 0.007 0.246 0.005 0.002 0.001 1 0.006 0.314 0.005 0.002 0.004 0 0.003 0.344 0.002 0.007 0
0 0.017 0.018 0.058 0.003 0.001 0.006 0.067 0.001 0.005 0.004 0.003 0.002 0.016 0.023 0.001 0.007 0.002 0.003 0.019 0.01 0.026 0.045 0.018 0.013 0.022 0.084 0.004 0.006 0.002 0.002 0.013 0.024 0.01 0.002 0.002 0.002 0.016 0.003 0.015 0.046 0.002 0.23 0.045 0.012 0.004 0.004 0.036 0.101 0.032 0.001 0.019 0.012 0.011 0.014 0.002 0.016 0.002 0.002 0.001 0.019 0.003 0.001 0.002 0.006 1 0.018 0.003 0.001 0.002 0.003 0.002 0.015 0.002 0 0.003
0.014 0.022 0.031 0 0.009 0.034 0.003 0.018 0.004 0.002 0 0.062 0.01 0 0 0.001 0.001 0.011 0.159 0 0.443 0.059 0.071 0 0.006 0.026 0.007 0.168 0.015 0.003 0.003 0.005 0.019 0.065 0.007 0.021 0.005 0.045 0.058 0.069 0.077 0.004 0.063 0.205 0.548 0.016 0.139 0.139 0.18 0.031 0.006 0.844 0.569 0.542 0.626 0.007 0.737 0.094 0.054 0.032 0.84 0.013 0.006 0.071 0.314 0.018 1 0.014 0.069 0.01 0.174 0.008 0.702 0.007 0.015 0.123
0.017 0.012 0.013 0.033 0.002 0.002 0.003 0.029 0 0.002 0.003 0 0 0.008 0.009 0.001 0.003 0.002 0.003 0.011 0.004 0.046 0.014 0.011 0.007 0.022 0.001 0.003 0.002 0.001 0.001 0.011 0.029 0.044 0.001 0.001 0.002 0.01 0.001 0.011 0.049 0.344 0.006 0.029 0.009 0.002 0.003 0.018 0.025 0.07 0.001 0.014 0.009 0.008 0.01 0.001 0.012 0.002 0.002 0.001 0.014 0.946 0.001 0.002 0.005 0.003 0.014 1 0.001 0.002 0.002 0.001 0.011 0.001 0.129 0.002
0 0 0 0.003 0.008 0.016 0.002 0.002 0 0.001 0.001 0.074 0.001 0 0 0.072 0.003 0.001 0.001 0.007 0.037 0.001 0.027 0.007 0.005 0.015 0.001 0.001 0.002 0.001 0.001 0.005 0.014 0.02 0.001 0 0.001 0.005 0.001 0.004 0.022 0.001 0.005 0.007 0.035 0.001 0.001 0.003 0.013 0 0 0.027 0.048 0.053 0.04 0 0.078 0.001 0.198 0 0.066 0.001 0 0.001 0.002 0.001 0.069 0.001 1 0.001 0.001 0.001 0.072 0 0.001 0.405
0.002 0.006 0.007 0.023 0 0.002 0.004 0.028 0.001 0.004 0.002 0.002 0.005 0.007 0.005 0.001 0.005 0.001 0.002 0.005 0.006 0.005 0.014 0.005 0.008 0.026 0 0.002 0 0.001 0.001 0.008 0.027 0.016 0.598 0.001 0.007 0.01 0.002 0.009 0.017 0.001 0.108 0.027 0.007 0.002 0.002 0.021 0.038 0.017 0 0.011 0.007 0.006 0.008 0 0.009 0.001 0.001 0.001 0.011 0.002 0.002 0.001 0.004 0.002 0.01 0.002 0.001 1 0.002 0.001 0.009 0.001 0.003 0.002
0.048 0.056 0.062 0.02 0.001 0 0.006 0.021 0.001 0.005 0.003 0.001 0.002 0.011 0.008 0.001 0.003 0.002 0.003 0.007 0.156 0.012 0.033 0.008 0.007 0.023 0.002 0.003 0.001 0 0 0.007 0.022 0.039 0.002 0.001 0.002 0.01 0 0.013 0.043 0.002 0.012 0.054 0.155 0.003 0 0.024 0.031 0 0.001 0.168 0.223 0.234 0.19 0.001 0.165 0.349 0.002 0.01 0.149 0.002 0.001 0.001 0 0.003 0.174 0.002 0.001 0.002 1 0.001 0.152 0.001 0.003 0
0.004 0.011 0.012 0.018 0.002 0.002 0.003 0.022 0 0.003 0.002 0.001 0.001 0.012 0.012 0 0.004 0.001 0.002 0.01 0 0.011 0.011 0.01 0.006 0.025 0.001 0.001 0.002 0.001 0.001 0.006 0.038 0.026 0.001 0.001 0.001 0.008 0.001 0.007 0.023 0.001 0.111 0.02 0.005 0.002 0.002 0.001 0.043 0.014 0.001 0.008 0.005 0.005 0.006 0.001 0.007 0.001 0.001 0.001 0.008 0.001 0.001 0.001 0.003 0.002 0.008 0.001 0.001 0.001 0.001 1 0.006 0.001 0.002 0.001
0.005 0.007 0.013 0.003 0 0.002 0.002 0.033 0.004 0.001 0 0.072 0.008 0.006 0.007 0.002 0.003 0.009 0.178 0.003 0.454 0.046 0.102 0.006 0.002 0.047 0.006 0.2 0.004 0.002 0.002 0.002 0.048 0.106 0.005 0.001 0.003 0.033 0 0.059 0.12 0.002 0.051 0.158 0.641 0.013 0.013 0.166 0.148 0.018 0.005 0.701 0.671 0.637 0.73 0.006 0.918 0.088 0.073 0.062 0.695 0.011 0.005 0.006 0.344 0.015 0.702 0.011 0.072 0.009 0.152 0.006 1 0.006 0.016 0.155
0.011 0.017 0.016 0.007 0.069 0.021 0.003 0.013 0 0.002 0.001 0.001 0.046 0.031 0.028 0 0.003 0.003 0.001 0.031 0.004 0.001 0.006 0.038 0.001 0.005 0.001 0.001 0.064 0.003 0.002 0.001 0.005 0 0.001 0.052 0.001 0.007 0.02 0.006 0.001 0.001 0.001 0.003 0.005 0.001 0.001 0.014 0.001 0.007 0.865 0.007 0.004 0.004 0.005 0.868 0.006 0.001 0.001 0 0.007 0.001 0 0.001 0.002 0.002 0.007 0.001 0 0.001 0.001 0.001 0.006 1 0.055 0.001
0.006 0.002 0.003 0.01 0.012 0.003 0.008 0.004 0.001 0.007 0.004 0 0.01 0.001 0 0 0.009 0.003 0.004 0.001 0.004 0.022 0.002 0.001 0.015 0.002 0.002 0.004 0.012 0.006 0.005 0.016 0.008 0.012 0.002 0 0.003 0.008 0.001 0.009 0.015 0.03 0 0.028 0.013 0 0.004 0.022 0.003 0.036 0.038 0.021 0.013 0.012 0.015 0.048 0.018 0.003 0.003 0.001 0.021 0.124 0.001 0.002 0.007 0 0.015 0.129 0.001 0.003 0.003 0.002 0.016 0.055 1 0.003
0.002 0.001 0.001 0.007 0.001 0.003 0.001 0.009 0.001 0.001 0 0.244 0.002 0.004 0.004 0.028 0.002 0.002 0 0.011 0.098 0.002 0.035 0.011 0.005 0.023 0.002 0 0.004 0.001 0.001 0.005 0.018 0.034 0 0.001 0.002 0.007 0.002 0.006 0.041 0.001 0.011 0.02 0.087 0.003 0.003 0.024 0.021 0.002 0.001 0.07 0.12 0.13 0.104 0.001 0.155 0.002 0.465 0.001 0.13 0.002 0.001 0.001 0 0.003 0.123 0.002 0.405 0.002 0 0.001 0.155 0.001 0.003 1
