1 0.837 0.85 0.424 0.186 0.129 0.256 0.265 0.009 0.225 0.112 0.027 0.047 0.509 0.463 0.006 0.265 0.038 0.028 0.518 0.005 0.108 0.09 0.54 0.349 0.272 0.006 0.031 0.129 0.058 0.056 0.249 0.217 0.126 0 0.032 0.002 0.071 0.049 0.06 0.121 0.017 0.011 0.068 0.001 0.003 0.051 0.016 0.01 0.073 0.014 0.007 0.009 0.009 0.002 0.012 0 0.028 0.016 0.008 0.005 0.011 0.003 0.012 0.026 0.009 0.001 0.013 0.01 0.004 0.019 0.003 0 0.018 0.003 0.014
0.837 1 0.918 0.407 0.222 0.153 0.304 0.243 0.007 0.268 0.134 0.023 0.056 0.555 0.503 0.005 0.28 0.046 0.023 0.553 0.002 0.096 0.085 0.582 0.353 0.282 0.021 0.026 0.158 0.069 0.067 0.276 0.242 0.145 0 0.041 0.002 0.078 0.063 0.081 0.118 0.015 0.024 0.077 0.001 0.003 0.042 0.016 0.008 0.062 0.018 0.004 0.013 0.012 0.003 0.016 0.001 0.035 0.013 0 0.002 0.008 0.009 0.016 0.03 0.029 0.002 0.01 0.008 0.003 0.017 0.006 0.002 0.024 0.002 0.011
0.85 0.918 1 0.433 0.204 0.14 0.286 0.264 0.008 0.252 0.126 0.024 0.053 0.594 0.539 0.005 0.316 0.043 0.025 0.596 0.003 0.095 0.089 0.628 0.412 0.319 0.022 0.028 0.144 0.065 0.063 0.301 0.257 0.157 0 0.038 0.006 0.093 0.058 0.072 0.128 0.016 0.023 0.08 0.002 0.004 0.071 0.019 0.006 0.061 0.016 0.007 0.017 0.015 0.004 0.015 0 0.033 0.014 0 0.004 0.009 0.002 0.013 0.026 0.031 0.004 0.011 0.009 0.003 0.03 0.006 0.001 0.022 0.002 0.012
0.424 0.407 0.433 1 0.081 0.051 0.134 0.772 0.016 0.118 0.059 0.052 0.025 0.292 0.274 0.013 0.178 0.027 0.046 0.296 0.039 0.239 0.31 0.325 0.231 0.616 0.006 0.059 0.045 0.03 0.027 0.151 0.545 0.363 0.016 0.012 0.012 0.016 0.019 0.01 0.449 0.033 0.238 0.001 0.046 0.016 0.025 0.014 0.238 0.163 0.009 0.021 0.089 0.088 0.061 0.005 0.041 0.011 0.026 0.001 0.023 0.024 0.011 0.006 0.051 0.054 0.023 0.028 0.02 0.009 0.003 0.009 0.047 0.007 0.005 0.029
0.186 0.222 0.204 0.081 1 0.692 0.009 0.101 0.002 0.008 0.004 0.005 0.254 0.186 0.171 0 0.013 0.002 0.005 0.185 0.015 0.014 0.036 0.18 0.019 0.094 0.005 0.006 0.76 0.311 0.319 0.02 0.088 0.045 0 0.223 0.001 0.02 0.332 0.018 0.036 0.003 0.003 0.011 0.011 0.003 0.172 0.03 0.01 0.014 0.065 0.013 0.012 0.012 0.015 0.033 0.002 0.002 0.001 0.022 0.006 0.003 0.003 0.117 0.004 0.008 0.004 0.003 0.002 0 0 0.001 0.004 0.043 0 0.003
0.129 0.153 0.14 0.051 0.692 1 0.007 0.076 0.001 0.006 0.003 0.004 0.001 0.137 0.126 0 0.009 0.001 0.004 0.135 0.01 0.01 0.026 0.127 0.013 0.066 0.003 0.004 0.532 0.45 0.463 0.014 0.06 0.025 0.001 0.331 0.001 0.014 0.491 0.012 0.019 0.002 0.013 0.04 0.006 0.002 0.262 0.016 0.033 0.009 0.065 0.038 0.006 0.007 0.008 0.035 0 0.002 0.001 0.036 0.023 0.002 0.002 0.178 0.002 0.006 0.019 0.002 0.001 0.002 0.001 0.001 0 0.045 0 0.002
0.256 0.304 0.286 0.134 0.009 0.007 1 0.123 0.002 0.882 0.439 0.007 0.002 0.268 0.246 0.002 0.71 0.002 0.007 0.276 0.019 0.036 0.069 0.292 0.479 0.158 0.006 0.008 0.011 0.003 0.004 0.429 0.15 0.112 0 0.005 0.002 0.266 0.007 0.305 0.102 0.004 0.019 0.063 0 0.004 0.008 0.077 0.098 0.036 0.002 0.007 0.024 0.02 0.002 0.003 0.009 0.003 0.004 0.003 0.007 0.002 0.004 0.005 0.013 0.005 0.006 0.003 0.003 0.001 0.005 0.002 0.005 0.003 0.005 0.005
0.265 0.243 0.264 0.772 0.101 0.076 0.123 1 0.015 0.106 0.066 0.047 0.028 0.351 0.32 0.012 0.172 0.03 0.022 0.342 0.109 0.219 0.409 0.372 0.242 0.667 0.008 0.031 0.067 0.034 0.031 0.159 0.623 0.415 0.018 0.016 0.011 0.018 0.025 0.011 0.513 0.03 0.27 0.004 0.066 0.03 0.031 0.018 0.244 0.197 0.012 0.035 0.14 0.122 0.09 0.007 0.06 0.021 0.022 0 0.037 0.025 0.013 0.015 0.029 0.064 0.037 0.029 0.022 0.011 0.005 0.01 0.056 0.01 0.003 0.034
0.009 0.007 0.008 0.016 0.002 0.001 0.002 0.015 1 0.002 0.001 0.001 0 0.006 0.007 0 0.003 0 0.001 0.008 0.003 0.006 0.012 0.007 0.004 0.013 0.112 0.001 0.002 0 0.001 0.005 0.013 0.016 0 0.001 0 0.004 0.001 0.004 0.012 0.001 0.004 0.014 0.004 0.001 0.001 0 0.011 0.02 0 0.007 0.005 0.005 0.005 0.001 0.006 0.001 0.001 0.001 0.007 0.001 0.423 0.001 0.002 0.002 0.007 0.001 0.001 0.001 0.001 0 0.006 0.001 0.001 0.001
0.225 0.268 0.252 0.118 0.008 0.006 0.882 0.106 0.002 1 0.498 0.006 0.002 0.236 0.217 0.002 0.626 0.002 0.006 0.243 0.017 0.032 0.061 0.257 0.419 0.139 0.006 0.007 0.01 0.003 0.003 0.374 0.131 0.096 0 0.005 0.001 0.216 0.006 0.249 0.089 0.004 0.016 0.049 0 0.004 0.007 0.059 0.078 0.038 0.002 0.004 0.021 0.017 0.001 0.003 0.006 0.002 0.004 0.003 0.004 0.002 0.003 0.004 0.012 0.004 0.003 0.002 0.002 0 0.004 0.002 0.003 0.002 0.005 0.004
0.112 0.134 0.126 0.059 0.004 0.003 0.439 0.066 0.001 0.498 1 0.003 0.001 0.12 0.11 0.001 0.318 0.001 0.003 0.123 0.009 0.016 0.031 0.131 0.206 0.071 0.003 0.003 0.005 0.001 0.002 0.19 0.072 0.051 0.001 0.002 0.001 0.069 0.003 0.08 0.05 0.002 0.005 0.01 0.006 0.002 0.003 0.041 0.022 0.024 0.001 0 0.011 0.011 0.003 0.002 0 0.001 0.002 0.001 0 0.002 0.002 0.002 0.006 0.005 0.001 0.002 0.001 0 0.002 0.001 0 0.001 0.003 0.002
0.027 0.023 0.024 0.052 0.005 0.004 0.007 0.047 0.001 0.006 0.003 1 0.001 0.018 0.017 0.001 0.01 0.001 0.004 0.017 0.244 0.019 0.062 0.024 0.014 0.043 0.003 0.004 0.006 0.002 0.002 0.013 0.038 0.049 0.001 0.001 0.001 0.015 0.002 0.013 0.056 0.002 0.014 0.078 0.153 0.002 0.002 0.036 0.034 0.004 0.001 0.105 0.169 0.129 0.12 0.002 0.125 0.01 0.291 0.043 0.102 0.002 0.002 0.001 0 0.006 0.105 0.003 0.114 0.002 0.008 0.001 0.119 0.002 0.003 0.209
0.047 0.056 0.053 0.025 0.254 0.001 0.002 0.028 0 0.002 0.001 0.001 1 0.05 0.046 0 0.003 0 0.001 0.052 0.004 0.007 0.013 0.055 0.005 0.03 0.001 0.002 0.223 0.001 0.001 0.005 0.031 0.024 0.004 0.001 0 0.005 0.001 0.005 0.021 0.001 0.09 0.012 0.005 0.001 0.001 0.012 0.013 0.007 0.005 0.008 0.005 0.005 0.006 0.002 0.007 0.001 0 0.001 0.008 0.001 0.001 0.001 0.003 0.002 0.008 0.001 0.001 0.001 0.001 0 0.006 0.003 0.001 0.001
0.509 0.555 0.594 0.292 0.186 0.137 0.268 0.351 0.006 0.236 0.12 0.018 0.05 1 0.894 0.006 0.365 0.054 0.015 0.731 0.054 0.096 0.187 0.769 0.482 0.355 0.021 0.018 0.204 0.062 0.075 0.339 0.36 0.272 0.001 0.087 0.006 0.115 0.107 0.092 0.236 0.016 0.016 0.068 0.023 0.009 0.122 0.009 0.01 0.073 0.02 0 0.059 0.059 0.033 0.017 0.014 0.007 0.016 0 0 0.01 0 0.083 0.008 0.032 0 0.013 0.014 0.004 0 0.004 0.011 0.025 0.002 0.022
0.463 0.503 0.539 0.274 0.171 0.126 0.246 0.32 0.007 0.217 0.11 0.017 0.046 0.894 1 0.006 0.336 0.05 0.017 0.766 0.057 0.105 0.201 0.806 0.463 0.39 0.017 0.021 0.187 0.057 0.069 0.404 0.336 0.252 0.001 0.086 0.006 0.111 0.103 0.09 0.222 0.018 0.016 0.053 0.032 0.008 0.117 0.005 0.01 0.053 0.018 0 0.073 0.073 0.045 0.015 0.022 0.008 0.018 0 0 0.012 0 0.081 0.011 0.028 0.001 0.014 0.016 0.005 0.001 0.004 0.019 0.022 0.003 0.024
0.006 0.005 0.005 0.013 0 0 0.002 0.012 0 0.002 0.001 0.001 0 0.006 0.006 1 0.003 0 0.001 0.008 0.003 0.06 0.031 0.007 0.004 0.012 0.001 0.001 0.002 0.001 0.001 0.005 0.013 0.017 0 0.001 0 0.005 0.001 0.004 0.019 0.003 0.005 0.005 0.004 0.001 0.001 0.011 0.011 0.04 0 0.007 0.004 0.004 0.005 0.001 0.004 0.001 0 0.001 0.005 0.003 0.001 0.001 0.002 0.002 0.005 0.002 0 0.001 0.001 0 0.003 0.001 0.001 0
0.265 0.28 0.316 0.178 0.013 0.009 0.71 0.172 0.003 0.626 0.318 0.01 0.003 0.365 0.336 0.003 1 0.003 0.01 0.387 0.028 0.05 0.098 0.409 0.571 0.223 0.009 0.011 0.015 0.004 0.005 0.514 0.21 0.159 0 0.007 0.001 0.344 0.01 0.273 0.144 0.006 0.011 0.079 0.003 0.006 0.004 0.079 0.101 0.033 0.003 0.002 0.033 0.029 0.006 0.005 0.002 0.004 0.008 0.005 0.002 0.004 0.005 0.007 0.008 0.009 0.001 0.005 0.006 0.001 0 0.002 0 0.004 0.008 0.009
0.038 0.046 0.043 0.027 0.002 0.001 0.002 0.03 0 0.002 0.001 0.001 0 0.054 0.05 0 0.003 1 0.001 0.056 0.004 0.007 0.014 0.056 0.096 0.032 0.001 0.002 0.002 0.001 0.001 0.089 0.033 0.026 0 0.001 0 0.005 0.001 0.004 0.023 0.001 0.003 0.017 0.005 0.001 0.002 0.013 0.005 0.005 0.013 0.009 0.005 0.006 0.006 0.006 0.007 0.001 0.001 0.001 0.009 0.001 0.001 0.001 0.003 0.002 0.008 0.001 0.001 0 0.001 0 0.007 0.008 0.001 0.001
0.028 0.023 0.025 0.046 0.005 0.004 0.007 0.022 0.001 0.006 0.003 0.004 0.001 0.015 0.017 0.001 0.01 0.001 1 0.025 0.32 0.019 0.09 0.024 0.014 0.038 0.003 0.79 0.004 0.002 0.002 0.015 0.03 0.034 0.001 0.001 0.001 0.015 0.002 0.013 0.046 0.002 0.007 0.063 0.223 0.002 0.003 0.076 0.025 0.027 0.001 0.134 0.16 0.203 0.18 0.002 0.16 0.002 0.003 0.002 0.127 0.002 0.001 0.001 0.426 0.006 0.14 0.002 0.002 0.002 0.003 0.001 0.169 0.002 0.003 0.003
0.518 0.553 0.596 0.296 0.185 0.135 0.276 0.342 0.008 0.243 0.123 0.017 0.052 0.731 0.766 0.008 0.387 0.056 0.025 1 0.047 0.114 0.198 0.928 0.53 0.457 0.022 0.014 0.135 0.064 0.062 0.467 0.331 0.212 0.001 0.031 0.003 0.091 0.049 0.07 0.178 0.014 0.015 0.035 0.018 0.016 0.062 0.002 0.008 0.055 0.021 0 0.052 0.057 0.028 0.018 0.011 0.011 0.018 0.002 0.005 0.011 0.004 0.03 0.002 0.031 0.002 0.013 0.016 0.004 0.001 0.006 0.01 0.026 0.002 0.023
0.005 0.002 0.003 0.039 0.015 0.01 0.019 0.109 0.003 0.017 0.009 0.244 0.004 0.054 0.057 0.003 0.028 0.004 0.32 0.047 1 0.056 0.287 0.069 0.041 0.106 0.01 0.362 0.015 0.005 0.006 0.041 0.109 0.134 0.003 0.004 0.003 0.044 0.006 0.039 0.161 0.007 0.037 0.187 0.592 0 0.007 0.197 0.078 0.033 0.004 0.4 0.561 0.554 0.506 0.006 0.468 0.141 0.041 0.008 0.344 0.006 0.004 0.003 0.214 0.018 0.414 0.007 0.048 0.005 0.075 0 0.428 0.005 0.008 0.087
0.108 0.096 0.095 0.239 0.014 0.01 0.036 0.219 0.006 0.032 0.016 0.019 0.007 0.096 0.105 0.06 0.05 0.007 0.019 0.114 0.056 1 0.406 0.121 0.071 0.194 0.017 0.017 0.03 0.008 0.01 0.045 0.159 0.032 0.004 0.015 0.027 0.028 0.019 0.031 0.047 0.111 0.059 0.018 0.053 0.078 0.021 0.022 0.008 0.151 0 0.055 0.021 0.019 0.025 0.002 0.032 0.009 0.005 0.009 0.039 0.037 0.003 0.014 0.005 0.007 0.044 0.05 0.003 0 0.007 0.005 0.03 0 0.019 0.001
0.09 0.085 0.089 0.31 0.036 0.026 0.069 0.409 0.012 0.061 0.031 0.062 0.013 0.187 0.201 0.031 0.098 0.014 0.09 0.198 0.287 0.406 1 0.239 0.14 0.375 0.034 0.114 0.056 0.016 0.02 0.107 0.335 0.169 0.009 0.022 0.012 0 0.031 0 0.219 0.041 0.12 0.062 0.17 0.061 0.034 0.058 0.073 0.022 0.003 0.093 0.223 0.225 0.187 0 0.154 0.038 0.008 0.005 0.092 0.007 0.008 0.02 0.083 0.027 0.09 0.012 0.014 0.003 0.017 0.005 0.141 0.001 0.003 0.041
0.54 0.582 0.628 0.325 0.18 0.127 0.292 0.372 0.007 0.257 0.131 0.024 0.055 0.769 0.806 0.007 0.409 0.056 0.024 0.928 0.069 0.121 0.239 1 0.562 0.507 0.021 0.027 0.154 0.067 0.066 0.497 0.359 0.246 0 0.04 0.003 0.102 0.061 0.079 0.21 0.015 0.013 0.032 0.031 0.015 0.074 0.001 0.011 0.055 0.022 0.002 0.076 0.072 0.044 0.02 0.021 0.011 0.017 0 0.005 0.012 0.004 0.039 0.012 0.029 0.005 0.014 0.015 0.004 0.001 0.006 0.018 0.028 0.002 0.022
0.349 0.353 0.412 0.231 0.019 0.013 0.479 0.242 0.004 0.419 0.206 0.014 0.005 0.482 0.463 0.004 0.571 0.096 0.014 0.53 0.041 0.071 0.14 0.562 1 0.287 0.012 0.016 0.021 0.006 0.007 0.76 0.238 0.176 0.003 0.011 0.001 0.256 0.014 0.207 0.156 0.009 0.048 0.032 0.012 0.009 0.001 0.037 0.034 0.063 0 0.013 0.05 0.045 0.018 0.002 0.011 0.006 0.011 0.007 0.012 0.006 0.001 0 0.005 0.015 0.012 0.007 0.009 0.006 0.001 0.003 0.007 0.003 0.003 0.013
0.272 0.282 0.319 0.616 0.094 0.066 0.158 0.667 0.013 0.139 0.071 0.043 0.03 0.355 0.39 0.012 0.223 0.032 0.038 0.457 0.106 0.194 0.375 0.507 0.287 1 0.038 0.05 0.074 0.037 0.034 0.278 0.742 0.536 0.007 0.019 0.007 0.031 0.028 0.022 0.458 0.018 0.152 0.002 0.085 0.012 0.035 0.017 0.199 0.119 0.01 0.043 0.149 0.145 0.104 0.001 0.079 0.02 0.028 0 0.048 0.014 0.011 0.018 0.039 0.004 0.049 0.018 0.024 0.005 0.008 0.011 0.074 0.001 0.003 0.041
0.006 0.021 0.022 0.006 0.005 0.003 0.006 0.008 0.112 0.006 0.003 0.003 0.001 0.021 0.017 0.001 0.009 0.001 0.003 0.022 0.01 0.017 0.034 0.021 0.012 0.038 1 0.004 0.005 0.001 0.002 0.013 0.038 0.048 0.009 0.003 0.001 0.013 0.003 0.012 0.006 0.002 0.066 0.041 0.013 0.001 0.004 0.007 0.015 0.006 0.001 0.006 0.001 0.002 0.003 0.002 0.004 0.002 0.003 0.002 0.006 0.002 0.058 0.002 0 0.14 0.005 0.002 0.002 0.003 0.002 0.001 0.003 0.002 0.003 0.003
0.031 0.026 0.028 0.059 0.006 0.004 0.008 0.031 0.001 0.007 0.003 0.004 0.002 0.018 0.021 0.001 0.011 0.002 0.79 0.014 0.362 0.017 0.114 0.027 0.016 0.05 0.004 1 0.007 0.002 0.002 0.017 0.044 0.051 0.001 0.003 0.001 0.017 0.004 0.015 0.064 0.003 0.013 0.073 0.266 0.003 0.005 0.087 0.036 0.024 0.001 0.154 0.199 0.241 0.215 0.002 0.192 0.002 0.004 0.002 0.107 0.002 0.002 0.003 0.507 0.007 0.161 0.003 0.003 0.002 0.003 0.001 0.202 0.002 0.003 0.004
0.129 0.158 0.144 0.045 0.76 0.532 0.011 0.067 0.002 0.01 0.005 0.006 0.223 0.204 0.187 0.002 0.015 0.002 0.004 0.135 0.015 0.03 0.056 0.154 0.021 0.074 0.005 0.007 1 0.273 0.279 0.023 0.117 0.075 0 0.428 0.001 0.023 0.578 0.02 0.062 0.004 0.001 0.03 0.014 0.004 0.358 0.01 0.014 0.03 0.055 0.041 0.015 0.015 0.018 0.027 0.005 0.003 0.003 0.018 0.025 0.003 0.001 0.274 0.005 0.01 0.021 0.004 0.004 0.001 0 0 0.008 0.036 0 0.006
0.058 0.069 0.065 0.03 0.311 0.45 0.003 0.034 0 0.003 0.001 0.002 0.001 0.062 0.057 0.001 0.004 0.001 0.002 0.064 0.005 0.008 0.016 0.067 0.006 0.037 0.001 0.002 0.273 1 0.821 0.006 0.02 0.015 0 0.153 0 0.006 0.293 0.006 0.012 0.001 0.006 0.017 0.006 0.001 0.127 0.015 0.015 0.005 0.028 0.013 0.006 0.006 0.007 0.015 0.008 0.001 0.001 0.001 0.007 0.001 0.001 0.136 0.003 0.003 0.004 0.001 0.001 0.001 0.001 0 0.008 0.021 0.002 0.002
0.056 0.067 0.063 0.027 0.319 0.463 0.004 0.031 0.001 0.003 0.002 0.002 0.001 0.075 0.069 0.001 0.005 0.001 0.002 0.062 0.006 0.01 0.02 0.066 0.007 0.034 0.002 0.002 0.279 0.821 1 0.008 0.019 0.021 0 0.189 0 0.003 0.313 0.002 0.017 0.001 0.007 0.024 0.007 0.001 0.151 0.019 0.011 0.007 0.022 0.016 0.008 0.008 0.009 0.011 0.003 0.001 0.002 0.006 0.009 0.001 0.001 0.109 0 0.003 0.006 0.001 0.001 0.001 0.001 0 0.003 0.016 0.001 0.002
0.249 0.276 0.301 0.151 0.02 0.014 0.429 0.159 0.005 0.374 0.19 0.013 0.005 0.339 0.404 0.005 0.514 0.089 0.015 0.467 0.041 0.045 0.107 0.497 0.76 0.278 0.013 0.017 0.023 0.006 0.008 1 0.259 0.199 0.003 0.011 0.001 0.312 0.015 0.262 0.175 0.009 0.052 0.044 0.012 0.01 0 0.048 0.043 0.051 0 0.014 0.048 0.043 0.018 0.003 0.011 0.006 0.012 0.007 0.014 0.009 0.008 0.001 0.004 0.016 0.012 0.011 0.009 0.006 0.001 0.004 0.008 0.002 0.013 0.014
0.217 0.242 0.257 0.545 0.088 0.06 0.15 0.623 0.013 0.131 0.072 0.038 0.031 0.36 0.336 0.013 0.21 0.033 0.03 0.331 0.109 0.159 0.335 0.359 0.238 0.742 0.038 0.044 0.117 0.02 0.019 0.259 1 0.734 0.007 0.068 0.01 0.058 0.089 0.046 0.64 0.027 0.163 0.004 0.082 0.027 0.097 0.003 0.23 0.207 0.01 0.018 0.145 0.141 0.101 0 0.073 0.019 0.025 0 0.021 0.026 0.01 0.064 0.037 0.005 0.022 0.03 0.024 0.006 0.007 0.021 0.068 0.001 0.012 0.037
0.126 0.145 0.157 0.363 0.045 0.025 0.112 0.415 0.016 0.096 0.051 0.049 0.024 0.272 0.252 0.017 0.159 0.026 0.034 0.212 0.134 0.032 0.169 0.246 0.176 0.536 0.048 0.051 0.075 0.015 0.021 0.199 0.734 1 0.005 0.051 0.012 0.255 0.068 0.245 0.851 0.034 0.112 0.038 0.121 0.023 0.077 0 0.347 0.164 0.005 0.046 0.19 0.178 0.14 0 0.113 0.025 0.029 0.001 0.042 0.027 0.015 0.037 0.046 0.001 0.048 0.031 0.024 0.004 0.02 0.017 0.106 0 0.013 0.043
0 0 0 0.016 0 0.001 0 0.018 0 0 0.001 0.001 0.004 0.001 0.001 0 0 0 0.001 0.001 0.003 0.004 0.009 0 0.003 0.007 0.009 0.001 0 0 0 0.003 0.007 0.005 1 0.001 0 0.003 0.001 0.003 0.014 0.001 0.059 0.011 0.003 0.001 0.001 0.008 0.024 0.007 0.004 0.005 0.003 0.003 0.004 0.002 0.004 0 0.001 0 0.005 0.001 0 0.001 0.002 0.001 0.005 0.001 0.001 0.476 0.001 0 0.004 0 0.001 0.001
0.032 0.041 0.038 0.012 0.223 0.331 0.005 0.016 0.001 0.005 0.002 0.001 0.001 0.087 0.086 0.001 0.007 0.001 0.001 0.031 0.004 0.015 0.022 0.04 0.011 0.019 0.003 0.003 0.428 0.153 0.189 0.011 0.068 0.051 0.001 1 0.001 0.011 0.691 0.01 0.047 0.002 0.011 0.059 0.01 0.002 0.417 0.001 0.027 0.022 0.082 0.062 0.011 0.012 0.012 0.045 0.003 0.001 0.003 0.021 0.049 0.002 0.007 0.382 0.001 0.005 0.05 0.002 0.002 0.001 0.002 0 0.002 0.053 0.002 0.003
0.002 0.002 0.006 0.012 0.001 0.001 0.002 0.011 0 0.001 0.001 0.001 0 0.006 0.006 0 0.001 0 0.001 0.003 0.003 0.027 0.012 0.003 0.001 0.007 0.001 0.001 0.001 0 0 0.001 0.01 0.012 0 0.001 1 0.003 0.001 0.003 0.014 0.001 0.003 0.008 0.001 0.001 0.001 0.005 0.006 0.006 0 0.003 0.001 0.001 0.002 0 0.002 0 0.001 0 0.003 0.001 0 0.001 0 0.001 0.003 0.001 0.001 0.063 0.001 0 0.002 0 0.001 0.001
0.071 0.078 0.093 0.016 0.02 0.014 0.266 0.018 0.004 0.216 0.069 0.015 0.005 0.115 0.111 0.005 0.344 0.005 0.015 0.091 0.044 0.028 0 0.102 0.256 0.031 0.013 0.017 0.023 0.006 0.003 0.312 0.058 0.255 0.003 0.011 0.003 1 0.015 0.883 0.222 0.009 0.057 0.264 0.048 0.105 0 0.128 0.213 0.013 0.005 0.045 0.05 0.04 0.051 0.008 0.027 0.006 0.008 0.007 0.032 0.005 0.008 0.011 0.014 0.016 0.038 0.001 0.005 0.004 0.001 0.004 0.025 0.007 0.002 0.009
0.049 0.063 0.058 0.019 0.332 0.491 0.007 0.025 0.001 0.006 0.003 0.002 0.001 0.107 0.103 0.001 0.01 0.001 0.002 0.049 0.006 0.019 0.031 0.061 0.014 0.028 0.003 0.004 0.578 0.293 0.313 0.015 0.089 0.068 0.001 0.691 0.001 0.015 1 0.013 0.062 0.002 0.014 0.078 0.013 0.002 0.566 0.002 0.035 0.029 0.06 0.085 0.015 0.015 0.017 0.032 0.005 0.002 0.003 0.017 0.065 0.002 0.004 0.411 0.002 0.006 0.058 0.003 0.003 0.002 0.003 0 0.008 0.038 0.003 0.004
0.06 0.081 0.072 0.01 0.018 0.012 0.305 0.011 0.004 0.249 0.08 0.013 0.005 0.092 0.09 0.004 0.273 0.004 0.013 0.07 0.039 0.031 0 0.079 0.207 0.022 0.012 0.015 0.02 0.006 0.002 0.262 0.046 0.245 0.003 0.01 0.003 0.883 0.013 1 0.215 0.008 0.05 0.254 0.041 0.121 0.014 0.111 0.268 0.012 0.004 0.074 0.044 0.034 0.046 0.007 0.053 0.006 0.006 0.006 0.057 0.004 0.007 0.009 0.02 0.014 0.064 0.005 0.004 0.004 0.009 0.003 0.05 0.006 0.007 0.007
0.121 0.118 0.128 0.449 0.036 0.019 0.102 0.513 0.012 0.089 0.05 0.056 0.021 0.236 0.222 0.019 0.144 0.023 0.046 0.178 0.161 0.047 0.219 0.21 0.156 0.458 0.006 0.064 0.062 0.012 0.017 0.175 0.64 0.851 0.014 0.047 0.014 0.222 0.062 0.215 1 0.039 0.224 0.018 0.144 0.019 0.067 0.003 0.45 0.201 0.005 0.065 0.225 0.212 0.167 0 0.139 0.028 0.035 0.001 0.06 0.031 0.012 0.032 0.06 0.044 0.067 0.036 0.028 0.009 0.024 0.015 0.13 0 0.017 0.05
0.017 0.015 0.016 0.033 0.003 0.002 0.004 0.03 0.001 0.004 0.002 0.002 0.001 0.016 0.018 0.003 0.006 0.001 0.002 0.014 0.007 0.111 0.041 0.015 0.009 0.018 0.002 0.003 0.004 0.001 0.001 0.009 0.027 0.034 0.001 0.002 0.001 0.009 0.002 0.008 0.039 1 0.004 0.018 0.005 0.002 0.002 0.011 0.002 0.018 0.001 0.01 0.005 0.005 0.005 0.001 0.008 0.001 0.002 0.001 0.009 0.291 0.001 0.002 0.002 0.012 0.01 0.269 0.002 0.001 0.002 0.001 0.007 0.001 0.027 0.002
0.011 0.024 0.023 0.238 0.003 0.013 0.019 0.27 0.004 0.016 0.005 0.014 0.09 0.016 0.016 0.005 0.011 0.003 0.007 0.015 0.037 0.059 0.12 0.013 0.048 0.152 0.066 0.013 0.001 0.006 0.007 0.052 0.163 0.112 0.059 0.011 0.003 0.057 0.014 0.05 0.224 0.004 1 0.164 0.049 0.009 0.016 0.111 0.346 0.06 0 0.086 0.056 0.058 0.062 0.002 0.069 0.007 0.01 0.002 0.084 0.004 0.008 0.01 0.028 0.238 0.082 0.005 0.01 0.056 0.01 0.057 0.065 0.003 0 0.014
0.068 0.077 0.08 0.001 0.011 0.04 0.063 0.004 0.014 0.049 0.01 0.078 0.012 0.068 0.053 0.005 0.079 0.017 0.063 0.035 0.187 0.018 0.062 0.032 0.032 0.002 0.041 0.073 0.03 0.017 0.024 0.044 0.004 0.038 0.011 0.059 0.008 0.264 0.078 0.254 0.018 0.018 0.164 1 0.206 0.028 0.087 0.399 0 0.1 0 0.274 0.189 0.188 0.143 0.003 0.193 0.035 0.047 0.027 0.231 0.018 0.012 0.031 0.047 0.058 0.223 0.022 0.029 0.021 0.043 0.009 0.171 0.002 0.027 0.037
0.001 0.001 0.002 0.046 0.011 0.006 0 0.066 0.004 0 0.006 0.153 0.005 0.023 0.032 0.004 0.003 0.005 0.223 0.018 0.592 0.053 0.17 0.031 0.012 0.085 0.013 0.266 0.014 0.006 0.007 0.012 0.082 0.121 0.003 0.01 0.001 0.048 0.013 0.041 0.144 0.005 0.049 0.206 1 0.009 0.015 0.279 0.132 0.063 0.005 0.59 0.688 0.682 0.782 0.008 0.661 0.095 0.105 0.028 0.529 0.009 0.008 0.003 0.189 0.023 0.547 0.01 0.108 0.006 0.082 0.003 0.673 0.007 0.013 0.148
0.003 0.003 0.004 0.016 0.003 0.002 0.004 0.03 0.001 0.004 0.002 0.002 0.001 0.009 0.008 0.001 0.006 0.001 0.002 0.016 0 0.078 0.061 0.015 0.009 0.012 0.001 0.003 0.004 0.001 0.001 0.01 0.027 0.023 0.001 0.002 0.001 0.105 0.002 0.121 0.019 0.002 0.009 0.028 0.009 1 0.003 0.002 0.025 0.063 0.001 0.015 0.009 0.01 0.011 0.001 0.012 0.001 0.002 0.001 0.007 0 0.001 0.002 0.005 0.004 0.015 0 0.002 0.001 0.002 0.001 0.012 0.001 0 0.002
0.051 0.042 0.071 0.025 0.172 0.262 0.008 0.031 0.001 0.007 0.003 0.002 0.001 0.122 0.117 0.001 0.004 0.002 0.003 0.062 0.007 0.021 0.034 0.074 0.001 0.035 0.004 0.005 0.358 0.127 0.151 0 0.097 0.077 0.001 0.417 0.001 0 0.566 0.014 0.067 0.002 0.016 0.087 0.015 0.003 1 0.003 0.039 0.032 0.001 0.174 0.016 0.017 0.016 0.002 0.005 0.002 0.004 0.029 0.132 0.003 0.003 0.377 0 0.007 0.122 0.003 0.003 0.002 0.003 0 0.003 0.002 0.004 0.004
0.016 0.016 0.019 0.014 0.03 0.016 0.077 0.018 0 0.059 0.041 0.036 0.012 0.009 0.005 0.011 0.079 0.013 0.076 0.002 0.197 0.022 0.058 0.001 0.037 0.017 0.007 0.087 0.01 0.015 0.019 0.048 0.003 0 0.008 0.001 0.005 0.128 0.002 0.111 0.003 0.011 0.111 0.399 0.279 0.002 0.003 1 0 0.071 0.012 0.259 0.245 0.247 0.252 0.02 0.261 0.033 0.028 0.021 0.235 0.013 0 0 0.09 0.059 0.241 0.016 0.021 0.016 0.041 0 0.272 0.017 0.03 0.041
0.01 0.008 0.006 0.238 0.01 0.033 0.098 0.244 0.011 0.078 0.022 0.034 0.013 0.01 0.01 0.011 0.101 0.005 0.025 0.008 0.078 0.008 0.073 0.011 0.034 0.199 0.015 0.036 0.014 0.015 0.011 0.043 0.23 0.347 0.024 0.027 0.006 0.213 0.035 0.268 0.45 0.002 0.346 0 0.132 0.025 0.039 0 1 0.098 0.004 0.223 0.138 0.134 0.162 0.01 0.181 0.017 0.031 0.01 0.218 0.017 0.02 0.026 0.07 0.174 0.214 0.02 0.025 0.017 0.025 0.022 0.172 0.012 0.006 0.035
0.073 0.062 0.061 0.163 0.014 0.009 0.036 0.197 0.02 0.038 0.024 0.004 0.007 0.073 0.053 0.04 0.033 0.005 0.027 0.055 0.033 0.151 0.022 0.055 0.063 0.119 0.006 0.024 0.03 0.005 0.007 0.051 0.207 0.164 0.007 0.022 0.006 0.013 0.029 0.012 0.201 0.018 0.06 0.1 0.063 0.063 0.032 0.071 0.098 1 0.01 0.126 0.064 0.067 0.08 0.001 0.084 0 0 0.014 0.103 0.063 0.029 0.021 0.053 0.041 0.106 0.074 0.007 0.003 0.003 0.007 0.088 0.003 0.034 0.017
0.014 0.018 0.016 0.009 0.065 0.065 0.002 0.012 0 0.002 0.001 0.001 0.005 0.02 0.018 0 0.003 0.013 0.001 0.021 0.004 0 0.003 0.022 0 0.01 0.001 0.001 0.055 0.028 0.022 0 0.01 0.005 0.004 0.082 0 0.005 0.06 0.004 0.005 0.001 0 0 0.005 0.001 0.001 0.012 0.004 0.01 1 0.008 0.005 0.005 0.006 0.615 0.006 0.001 0.001 0.001 0.008 0.001 0.001 0.001 0.002 0.002 0.008 0.001 0.001 0.001 0.001 0 0.006 0.609 0.001 0.001
0.007 0.004 0.007 0.021 0.013 0.038 0.007 0.035 0.007 0.004 0 0.105 0.008 0 0 0.007 0.002 0.009 0.134 0 0.4 0.055 0.093 0.002 0.013 0.043 0.006 0.154 0.041 0.013 0.016 0.014 0.018 0.046 0.005 0.062 0.003 0.045 0.085 0.074 0.065 0.01 0.086 0.274 0.59 0.015 0.174 0.259 0.223 0.126 0.008 1 0.619 0.6 0.678 0.013 0.742 0.077 0.055 0.059 0.876 0.015 0.003 0.072 0.262 0.039 0.881 0.017 0.067 0.01 0.11 0.004 0.714 0.011 0.021 0.126
0.009 0.013 0.017 0.089 0.012 0.006 0.024 0.14 0.005 0.021 0.011 0.169 0.005 0.059 0.073 0.004 0.033 0.005 0.16 0.052 0.561 0.021 0.223 0.076 0.05 0.149 0.001 0.199 0.015 0.006 0.008 0.048 0.145 0.19 0.003 0.011 0.001 0.05 0.015 0.044 0.225 0.005 0.056 0.189 0.688 0.009 0.016 0.245 0.138 0.064 0.005 0.619 1 0.905 0.818 0.008 0.753 0.116 0.1 0.032 0.556 0.009 0.008 0.004 0.306 0.024 0.572 0.011 0.116 0.006 0.128 0.004 0.7 0.007 0.013 0.209
0.009 0.012 0.015 0.088 0.012 0.007 0.02 0.122 0.005 0.017 0.011 0.129 0.005 0.059 0.073 0.004 0.029 0.006 0.203 0.057 0.554 0.019 0.225 0.072 0.045 0.145 0.002 0.241 0.015 0.006 0.008 0.043 0.141 0.178 0.003 0.012 0.001 0.04 0.015 0.034 0.212 0.005 0.058 0.188 0.682 0.01 0.017 0.247 0.134 0.067 0.005 0.6 0.905 1 0.819 0.008 0.753 0.113 0.111 0.011 0.561 0.01 0.009 0.004 0.305 0.025 0.572 0.011 0.13 0.005 0.124 0.004 0.701 0.007 0.014 0.223
0.002 0.003 0.004 0.061 0.015 0.008 0.002 0.09 0.005 0.001 0.003 0.12 0.006 0.033 0.045 0.005 0.006 0.006 0.18 0.028 0.506 0.025 0.187 0.044 0.018 0.104 0.003 0.215 0.018 0.007 0.009 0.018 0.101 0.14 0.004 0.012 0.002 0.051 0.017 0.046 0.167 0.005 0.062 0.143 0.782 0.011 0.016 0.252 0.162 0.08 0.006 0.678 0.818 0.819 1 0.009 0.803 0.106 0.105 0.026 0.647 0.009 0.01 0.005 0.312 0.028 0.666 0.011 0.101 0.006 0.107 0.004 0.775 0.008 0.016 0.195
0.012 0.016 0.015 0.005 0.033 0.035 0.003 0.007 0.001 0.003 0.002 0.002 0.002 0.017 0.015 0.001 0.005 0.006 0.002 0.018 0.006 0.002 0 0.02 0.002 0.001 0.002 0.002 0.027 0.015 0.011 0.003 0 0 0.002 0.045 0 0.008 0.032 0.007 0 0.001 0.002 0.003 0.008 0.001 0.002 0.02 0.01 0.001 0.615 0.013 0.008 0.008 0.009 1 0.011 0.001 0.002 0.001 0.013 0.001 0.001 0.001 0.004 0.003 0.012 0.001 0.001 0 0.001 0.001 0.01 0.629 0.098 0.002
0 0.001 0 0.041 0.002 0 0.009 0.06 0.006 0.006 0 0.125 0.007 0.014 0.022 0.004 0.002 0.007 0.16 0.011 0.468 0.032 0.154 0.021 0.011 0.079 0.004 0.192 0.005 0.008 0.003 0.011 0.073 0.113 0.004 0.003 0.002 0.027 0.005 0.053 0.139 0.008 0.069 0.193 0.661 0.012 0.005 0.261 0.181 0.084 0.006 0.742 0.753 0.753 0.803 0.011 1 0.084 0.104 0.074 0.73 0.012 0.011 0.006 0.322 0.032 0.75 0.014 0.136 0.007 0.131 0.005 0.88 0.009 0.017 0.19
0.028 0.035 0.033 0.011 0.002 0.002 0.003 0.021 0.001 0.002 0.001 0.01 0.001 0.007 0.008 0.001 0.004 0.001 0.002 0.011 0.141 0.009 0.038 0.011 0.006 0.02 0.002 0.002 0.003 0.001 0.001 0.006 0.019 0.025 0 0.001 0 0.006 0.002 0.006 0.028 0.001 0.007 0.035 0.095 0.001 0.002 0.033 0.017 0 0.001 0.077 0.116 0.113 0.106 0.001 0.084 1 0.005 0.001 0.078 0.001 0.001 0.001 0.001 0.003 0.079 0.001 0.008 0.001 0.219 0 0.048 0.001 0.002 0.004
0.016 0.013 0.014 0.026 0.001 0.001 0.004 0.022 0.001 0.004 0.002 0.291 0 0.016 0.018 0 0.008 0.001 0.003 0.018 0.041 0.005 0.008 0.017 0.011 0.028 0.003 0.004 0.003 0.001 0.002 0.012 0.025 0.029 0.001 0.003 0.001 0.008 0.003 0.006 0.035 0.002 0.01 0.047 0.105 0.002 0.004 0.028 0.031 0 0.001 0.055 0.1 0.111 0.105 0.002 0.104 0.005 1 0.002 0.084 0.002 0.002 0.002 0.007 0.005 0.081 0.002 0.254 0 0 0.001 0.094 0.002 0.003 0.454
0.008 0 0 0.001 0.022 0.036 0.003 0 0.001 0.003 0.001 0.043 0.001 0 0 0.001 0.005 0.001 0.002 0.002 0.008 0.009 0.005 0 0.007 0 0.002 0.002 0.018 0.001 0.006 0.007 0 0.001 0 0.021 0 0.007 0.017 0.006 0.001 0.001 0.002 0.027 0.028 0.001 0.029 0.021 0.01 0.014 0.001 0.059 0.032 0.011 0.026 0.001 0.074 0.001 0.002 1 0.047 0.001 0.001 0.001 0.007 0.003 0.015 0.001 0.001 0.001 0.001 0.009 0.059 0.001 0.002 0.002
0.005 0.002 0.004 0.023 0.006 0.023 0.007 0.037 0.007 0.004 0 0.102 0.008 0 0 0.005 0.002 0.009 0.127 0.005 0.344 0.039 0.092 0.005 0.012 0.048 0.006 0.107 0.025 0.007 0.009 0.014 0.021 0.042 0.005 0.049 0.003 0.032 0.065 0.057 0.06 0.009 0.084 0.231 0.529 0.007 0.132 0.235 0.218 0.103 0.008 0.876 0.556 0.561 0.647 0.013 0.73 0.078 0.084 0.047 1 0.015 0.003 0.074 0.208 0.038 0.89 0.017 0.113 0.009 0.112 0.006 0.697 0.011 0.021 0.158
0.011 0.008 0.009 0.024 0.003 0.002 0.002 0.025 0.001 0.002 0.002 0.002 0.001 0.01 0.012 0.003 0.004 0.001 0.002 0.011 0.006 0.037 0.007 0.012 0.006 0.014 0.002 0.002 0.003 0.001 0.001 0.009 0.026 0.027 0.001 0.002 0.001 0.005 0.002 0.004 0.031 0.291 0.004 0.018 0.009 0 0.003 0.013 0.017 0.063 0.001 0.015 0.009 0.01 0.009 0.001 0.012 0.001 0.002 0.001 0.015 1 0.001 0.002 0.005 0.004 0.014 0.88 0.002 0.001 0.002 0.001 0.012 0.001 0.177 0.002
0.003 0.009 0.002 0.011 0.003 0.002 0.004 0.013 0.423 0.003 0.002 0.002 0.001 0 0 0.001 0.005 0.001 0.001 0.004 0.004 0.003 0.008 0.004 0.001 0.011 0.058 0.002 0.001 0.001 0.001 0.008 0.01 0.015 0 0.007 0 0.008 0.004 0.007 0.012 0.001 0.008 0.012 0.008 0.001 0.003 0 0.02 0.029 0.001 0.003 0.008 0.009 0.01 0.001 0.011 0.001 0.002 0.001 0.003 0.001 1 0.008 0.004 0.003 0.003 0.002 0.001 0.001 0.001 0.001 0.01 0.001 0.002 0.002
0.012 0.016 0.013 0.006 0.117 0.178 0.005 0.015 0.001 0.004 0.002 0.001 0.001 0.083 0.081 0.001 0.007 0.001 0.001 0.03 0.003 0.014 0.02 0.039 0 0.018 0.002 0.003 0.274 0.136 0.109 0.001 0.064 0.037 0.001 0.382 0.001 0.011 0.411 0.009 0.032 0.002 0.01 0.031 0.003 0.002 0.377 0 0.026 0.021 0.001 0.072 0.004 0.004 0.005 0.001 0.006 0.001 0.002 0.001 0.074 0.002 0.008 1 0.001 0.004 0.066 0.002 0.002 0.001 0.002 0.001 0.006 0.001 0.002 0.003
0.026 0.03 0.026 0.051 0.004 0.002 0.013 0.029 0.002 0.012 0.006 0 0.003 0.008 0.011 0.002 0.008 0.003 0.426 0.002 0.214 0.005 0.083 0.012 0.005 0.039 0 0.507 0.005 0.003 0 0.004 0.037 0.046 0.002 0.001 0 0.014 0.002 0.02 0.06 0.002 0.028 0.047 0.189 0.005 0 0.09 0.07 0.053 0.002 0.262 0.306 0.305 0.312 0.004 0.322 0.001 0.007 0.007 0.208 0.005 0.004 0.001 1 0.012 0.273 0.005 0.005 0.003 0.004 0.002 0.322 0.004 0.007 0
0.009 0.029 0.031 0.054 0.008 0.006 0.005 0.064 0.002 0.004 0.005 0.006 0.002 0.032 0.028 0.002 0.009 0.002 0.006 0.031 0.018 0.007 0.027 0.029 0.015 0.004 0.14 0.007 0.01 0.003 0.003 0.016 0.005 0.001 0.001 0.005 0.001 0.016 0.006 0.014 0.044 0.012 0.238 0.058 0.023 0.004 0.007 0.059 0.174 0.041 0.002 0.039 0.024 0.025 0.028 0.003 0.032 0.003 0.005 0.003 0.038 0.004 0.003 0.004 0.012 1 0.037 0.004 0.004 0.003 0.004 0.002 0.03 0.003 0.001 0.006
0.001 0.002 0.004 0.023 0.004 0.019 0.006 0.037 0.007 0.003 0.001 0.105 0.008 0 0.001 0.005 0.001 0.008 0.14 0.002 0.414 0.044 0.09 0.005 0.012 0.049 0.005 0.161 0.021 0.004 0.006 0.012 0.022 0.048 0.005 0.05 0.003 0.038 0.058 0.064 0.067 0.01 0.082 0.223 0.547 0.015 0.122 0.241 0.214 0.106 0.008 0.881 0.572 0.572 0.666 0.012 0.75 0.079 0.081 0.015 0.89 0.014 0.003 0.066 0.273 0.037 1 0.016 0.115 0.008 0.115 0.006 0.705 0.011 0.019 0.155
0.013 0.01 0.011 0.028 0.003 0.002 0.003 0.029 0.001 0.002 0.002 0.003 0.001 0.013 0.014 0.002 0.005 0.001 0.002 0.013 0.007 0.05 0.012 0.014 0.007 0.018 0.002 0.003 0.004 0.001 0.001 0.011 0.03 0.031 0.001 0.002 0.001 0.001 0.003 0.005 0.036 0.269 0.005 0.022 0.01 0 0.003 0.016 0.02 0.074 0.001 0.017 0.011 0.011 0.011 0.001 0.014 0.001 0.002 0.001 0.017 0.88 0.002 0.002 0.005 0.004 0.016 1 0.002 0.001 0.002 0.001 0.013 0.001 0.238 0.003
0.01 0.008 0.009 0.02 0.002 0.001 0.003 0.022 0.001 0.002 0.001 0.114 0.001 0.014 0.016 0 0.006 0.001 0.002 0.016 0.048 0.003 0.014 0.015 0.009 0.024 0.002 0.003 0.004 0.001 0.001 0.009 0.024 0.024 0.001 0.002 0.001 0.005 0.003 0.004 0.028 0.002 0.01 0.029 0.108 0.002 0.003 0.021 0.025 0.007 0.001 0.067 0.116 0.13 0.101 0.001 0.136 0.008 0.254 0.001 0.113 0.002 0.001 0.002 0.005 0.004 0.115 0.002 1 0 0.002 0.001 0.122 0.001 0.002 0.457
0.004 0.003 0.003 0.009 0 0.002 0.001 0.011 0.001 0 0 0.002 0.001 0.004 0.005 0.001 0.001 0 0.002 0.004 0.005 0 0.003 0.004 0.006 0.005 0.003 0.002 0.001 0.001 0.001 0.006 0.006 0.004 0.476 0.001 0.063 0.004 0.002 0.004 0.009 0.001 0.056 0.021 0.006 0.001 0.002 0.016 0.017 0.003 0.001 0.01 0.006 0.005 0.006 0 0.007 0.001 0 0.001 0.009 0.001 0.001 0.001 0.003 0.003 0.008 0.001 0 1 0.001 0 0.007 0.001 0.002 0.001
0.019 0.017 0.03 0.003 0 0.001 0.005 0.005 0.001 0.004 0.002 0.008 0.001 0 0.001 0.001 0 0.001 0.003 0.001 0.075 0.007 0.017 0.001 0.001 0.008 0.002 0.003 0 0.001 0.001 0.001 0.007 0.02 0.001 0.002 0.001 0.001 0.003 0.009 0.024 0.002 0.01 0.043 0.082 0.002 0.003 0.041 0.025 0.003 0.001 0.11 0.128 0.124 0.107 0.001 0.131 0.219 0 0.001 0.112 0.002 0.001 0.002 0.004 0.004 0.115 0.002 0.002 0.001 1 0.001 0.112 0.001 0.002 0
0.003 0.006 0.006 0.009 0.001 0.001 0.002 0.01 0 0.002 0.001 0.001 0 0.004 0.004 0 0.002 0 0.001 0.006 0 0.005 0.005 0.006 0.003 0.011 0.001 0.001 0 0 0 0.004 0.021 0.017 0 0 0 0.004 0 0.003 0.015 0.001 0.057 0.009 0.003 0.001 0 0 0.022 0.007 0 0.004 0.004 0.004 0.004 0.001 0.005 0 0.001 0.009 0.006 0.001 0.001 0.001 0.002 0.002 0.006 0.001 0.001 0 0.001 1 0.004 0 0.001 0.001
0 0.002 0.001 0.047 0.004 0 0.005 0.056 0.006 0.003 0 0.119 0.006 0.011 0.019 0.003 0 0.007 0.169 0.01 0.428 0.03 0.141 0.018 0.007 0.074 0.003 0.202 0.008 0.008 0.003 0.008 0.068 0.106 0.004 0.002 0.002 0.025 0.008 0.05 0.13 0.007 0.065 0.171 0.673 0.012 0.003 0.272 0.172 0.088 0.006 0.714 0.7 0.701 0.775 0.01 0.88 0.048 0.094 0.059 0.697 0.012 0.01 0.006 0.322 0.03 0.705 0.013 0.122 0.007 0.112 0.004 1 0.009 0.016 0.192
0.018 0.024 0.022 0.007 0.043 0.045 0.003 0.01 0.001 0.002 0.001 0.002 0.003 0.025 0.022 0.001 0.004 0.008 0.002 0.026 0.005 0 0.001 0.028 0.003 0.001 0.002 0.002 0.036 0.021 0.016 0.002 0.001 0 0 0.053 0 0.007 0.038 0.006 0 0.001 0.003 0.002 0.007 0.001 0.002 0.017 0.012 0.003 0.609 0.011 0.007 0.007 0.008 0.629 0.009 0.001 0.002 0.001 0.011 0.001 0.001 0.001 0.004 0.003 0.011 0.001 0.001 0.001 0.001 0 0.009 1 0.03 0.002
0.003 0.002 0.002 0.005 0 0 0.005 0.003 0.001 0.005 0.003 0.003 0.001 0.002 0.003 0.001 0.008 0.001 0.003 0.002 0.008 0.019 0.003 0.002 0.003 0.003 0.003 0.003 0 0.002 0.001 0.013 0.012 0.013 0.001 0.002 0.001 0.002 0.003 0.007 0.017 0.027 0 0.027 0.013 0 0.004 0.03 0.006 0.034 0.001 0.021 0.013 0.014 0.016 0.098 0.017 0.002 0.003 0.002 0.021 0.177 0.002 0.002 0.007 0.001 0.019 0.238 0.002 0.002 0.002 0.001 0.016 0.03 1 0.003
0.014 0.011 0.012 0.029 0.003 0.002 0.005 0.034 0.001 0.004 0.002 0.209 0.001 0.022 0.024 0 0.009 0.001 0.003 0.023 0.087 0.001 0.041 0.022 0.013 0.041 0.003 0.004 0.006 0.002 0.002 0.014 0.037 0.043 0.001 0.003 0.001 0.009 0.004 0.007 0.05 0.002 0.014 0.037 0.148 0.002 0.004 0.041 0.035 0.017 0.001 0.126 0.209 0.223 0.195 0.002 0.19 0.004 0.454 0.002 0.158 0.002 0.002 0.003 0 0.006 0.155 0.003 0.457 0.001 0 0.001 0.192 0.002 0.003 1
