1 0.815 0.815 0.449 0.182 0.103 0.236 0.299 0.011 0.205 0.099 0.021 0.065 0.54 0.527 0.005 0.204 0.03 0.041 0.548 0.005 0.114 0.112 0.559 0.328 0.296 0.01 0.043 0.155 0.038 0.035 0.254 0.242 0.121 0 0.038 0.001 0.042 0.066 0.031 0.108 0.029 0.003 0.063 0.002 0.001 0.072 0.021 0.023 0.057 0.029 0.012 0.007 0.006 0 0.039 0.002 0.04 0.001 0.016 0.008 0.024 0.007 0.018 0.014 0.008 0.005 0.025 0 0.002 0.022 0 0 0.035 0.001 0.001
0.815 1 0.956 0.444 0.222 0.125 0.278 0.283 0.009 0.241 0.112 0.017 0.079 0.635 0.608 0.003 0.222 0.037 0.033 0.6 0.001 0.11 0.099 0.647 0.368 0.311 0.028 0.035 0.19 0.046 0.043 0.291 0.255 0.131 0 0.047 0.001 0.05 0.083 0.045 0.098 0.024 0.017 0.087 0 0.003 0.072 0.025 0.014 0.039 0.036 0.011 0.007 0.006 0 0.049 0.001 0.049 0 0.011 0.008 0.018 0.007 0.023 0.021 0.026 0.008 0.019 0 0.004 0.029 0.013 0 0.045 0 0
0.815 0.956 1 0.466 0.223 0.126 0.277 0.301 0.009 0.24 0.112 0.018 0.079 0.66 0.632 0.003 0.242 0.037 0.033 0.63 0.001 0.109 0.098 0.678 0.394 0.335 0.028 0.035 0.191 0.046 0.043 0.31 0.273 0.142 0 0.048 0.007 0.057 0.084 0.044 0.109 0.024 0.016 0.095 0 0.003 0.09 0.029 0.014 0.039 0.037 0.015 0.008 0.007 0 0.05 0.003 0.049 0 0.011 0.011 0.018 0.005 0.023 0.015 0.026 0.01 0.019 0 0.004 0.029 0.013 0.001 0.046 0 0
0.449 0.444 0.466 1 0.09 0.043 0.143 0.774 0.017 0.124 0.06 0.035 0.039 0.3 0.301 0.012 0.132 0.019 0.067 0.281 0.027 0.256 0.314 0.318 0.193 0.582 0.003 0.067 0.073 0.023 0.02 0.143 0.528 0.275 0.021 0.008 0.015 0.004 0.023 0.001 0.347 0.047 0.245 0 0.025 0.013 0.041 0.005 0.24 0.131 0.005 0.004 0.05 0.049 0.028 0.01 0.011 0.023 0.002 0.003 0.005 0.045 0.011 0.009 0.051 0.054 0.005 0.046 0.001 0.022 0.009 0.03 0.016 0.008 0.011 0.004
0.182 0.222 0.223 0.09 1 0.564 0.013 0.111 0.002 0.012 0.006 0.004 0.353 0.224 0.214 0.002 0.014 0.002 0.007 0.196 0.018 0.013 0.038 0.198 0.023 0.1 0.006 0.008 0.829 0.2 0.194 0.022 0.102 0.058 0.008 0.198 0.002 0.029 0.368 0.027 0.045 0.005 0.02 0.001 0.019 0.004 0.245 0.056 0 0.021 0.148 0.016 0.02 0.02 0.023 0.079 0 0.003 0.001 0.073 0.009 0.001 0.003 0.087 0.006 0.006 0.007 0.001 0.002 0 0 0.003 0 0.076 0.012 0
0.103 0.125 0.126 0.043 0.564 1 0.008 0.072 0.001 0.007 0.003 0.002 0.002 0.14 0.134 0.007 0.008 0.001 0.004 0.111 0.01 0.006 0.02 0.107 0.013 0.054 0.003 0.004 0.453 0.356 0.346 0.013 0.054 0.027 0.001 0.356 0.001 0.016 0.661 0.016 0.02 0.003 0.014 0.037 0.01 0.002 0.449 0.03 0.037 0.01 0.034 0.065 0.011 0.011 0.013 0.011 0.003 0.002 0.006 0.133 0.045 0.004 0.002 0.16 0.001 0.004 0.039 0.004 0.007 0.001 0 0.002 0.004 0.012 0 0.004
0.236 0.278 0.277 0.143 0.013 0.008 1 0.161 0.002 0.869 0.419 0.005 0.005 0.294 0.281 0.004 0.705 0.002 0.01 0.301 0.016 0.047 0.078 0.321 0.526 0.174 0.008 0.01 0.012 0.002 0.002 0.524 0.18 0.118 0 0.004 0.002 0.28 0.006 0.291 0.104 0.007 0.024 0.099 0.002 0.001 0.006 0.134 0.114 0.044 0.003 0.008 0.019 0.019 0.002 0.005 0.004 0.004 0 0.002 0.006 0.008 0.004 0.002 0.017 0.007 0.005 0.008 0 0 0.004 0.004 0.002 0.005 0.012 0
0.299 0.283 0.301 0.774 0.111 0.072 0.161 1 0.015 0.14 0.069 0.031 0.045 0.378 0.378 0.009 0.15 0.022 0.035 0.354 0.096 0.248 0.436 0.395 0.222 0.674 0.006 0.035 0.107 0.026 0.023 0.173 0.653 0.378 0.024 0.026 0.013 0.01 0.045 0.006 0.468 0.041 0.282 0.001 0.07 0.024 0.048 0.014 0.278 0.195 0.021 0.023 0.114 0.114 0.075 0.027 0.04 0.02 0.001 0.004 0.026 0.041 0.014 0.012 0.04 0.063 0.025 0.043 0.002 0.025 0.013 0.034 0.027 0.023 0.003 0.006
0.011 0.009 0.009 0.017 0.002 0.001 0.002 0.015 1 0.002 0.001 0.001 0.001 0.001 0.001 0.001 0.003 0 0.001 0.008 0.003 0.006 0.012 0.007 0.004 0.013 0.122 0.001 0.002 0 0 0.004 0.012 0.016 0 0.001 0 0.004 0.001 0.004 0.003 0.001 0.004 0.013 0.004 0 0.001 0.001 0.012 0.017 0 0.006 0.004 0.004 0.004 0.001 0.005 0.001 0.001 0 0.006 0.001 0.425 0 0.002 0.001 0.006 0.001 0 0 0.001 0.001 0.004 0.001 0.002 0.001
0.205 0.241 0.24 0.124 0.012 0.007 0.869 0.14 0.002 1 0.482 0.004 0.004 0.256 0.245 0.003 0.627 0.002 0.008 0.262 0.013 0.04 0.067 0.28 0.455 0.15 0.007 0.009 0.01 0.002 0.002 0.453 0.154 0.1 0 0.003 0.002 0.228 0.005 0.237 0.089 0.006 0.021 0.08 0.001 0.001 0.005 0.11 0.09 0.044 0.003 0.005 0.016 0.016 0.001 0.004 0.002 0.003 0 0.002 0.003 0.007 0.003 0.001 0.015 0.006 0.003 0.007 0 0 0.004 0.003 0.001 0.004 0.01 0
0.099 0.112 0.112 0.06 0.006 0.003 0.419 0.069 0.001 0.482 1 0.002 0.002 0.134 0.128 0.002 0.407 0.001 0.004 0.137 0.009 0.02 0.037 0.146 0.227 0.08 0.003 0.004 0.005 0.001 0.001 0.225 0.083 0.053 0 0.002 0.001 0.116 0.002 0.12 0.05 0.003 0.007 0.037 0.002 0 0.003 0.034 0.051 0.027 0.001 0.003 0.011 0.011 0.001 0.002 0.002 0.002 0.002 0.001 0.003 0.004 0.001 0.001 0.007 0.003 0.003 0.004 0.001 0 0.002 0.002 0.001 0.002 0.005 0.002
0.021 0.017 0.018 0.035 0.004 0.002 0.005 0.031 0.001 0.004 0.002 1 0.001 0.009 0.006 0.001 0.005 0.001 0.003 0.003 0.167 0.014 0.037 0.014 0.009 0.026 0.002 0.003 0.004 0.001 0.001 0.007 0.019 0.029 0.001 0.001 0.001 0.011 0 0.01 0.035 0.002 0.01 0.04 0.102 0.002 0 0.029 0.024 0.005 0.001 0.09 0.12 0.1 0.101 0.001 0.089 0.001 0.27 0.012 0.087 0.003 0.001 0.002 0 0.002 0.073 0.003 0.157 0.001 0.03 0.001 0.067 0.001 0.003 0.253
0.065 0.079 0.079 0.039 0.353 0.002 0.005 0.045 0.001 0.004 0.002 0.001 1 0.088 0.084 0.001 0.005 0.001 0.003 0.09 0.006 0.013 0.024 0.095 0.008 0.052 0.002 0.003 0.375 0.001 0.001 0.008 0.055 0.038 0.034 0.001 0.001 0.01 0.002 0.01 0.033 0.002 0.145 0.026 0.007 0.001 0.002 0.022 0.055 0.018 0.148 0.011 0.007 0.007 0.008 0.099 0.009 0.001 0.001 0 0.011 0.001 0.001 0.001 0.005 0.002 0.01 0.001 0.001 0 0.001 0.001 0.008 0.093 0.03 0.001
0.54 0.635 0.66 0.3 0.224 0.14 0.294 0.378 0.001 0.256 0.134 0.009 0.088 1 0.949 0.002 0.304 0.043 0.025 0.782 0.057 0.092 0.192 0.836 0.484 0.414 0.015 0.026 0.214 0.051 0.056 0.388 0.369 0.251 0 0.055 0.007 0.102 0.095 0.083 0.223 0.021 0.008 0.062 0.037 0.003 0.102 0.007 0.03 0.054 0.042 0 0.067 0.069 0.033 0.057 0.009 0.009 0.002 0.018 0 0.017 0.002 0.028 0.017 0.022 0.002 0.017 0.002 0.003 0.003 0.011 0.004 0.053 0.001 0.005
0.527 0.608 0.632 0.301 0.214 0.134 0.281 0.378 0.001 0.245 0.128 0.006 0.084 0.949 1 0.003 0.291 0.041 0.026 0.759 0.055 0.097 0.195 0.813 0.465 0.411 0.014 0.028 0.204 0.049 0.054 0.382 0.369 0.249 0 0.064 0.007 0.096 0.102 0.078 0.222 0.022 0.007 0.059 0.039 0.003 0.109 0.006 0.03 0.052 0.04 0 0.07 0.072 0.036 0.054 0.011 0.007 0.003 0.017 0 0.018 0.002 0.037 0.018 0.022 0.001 0.019 0.002 0.001 0.003 0.01 0.005 0.05 0.001 0.005
0.005 0.003 0.003 0.012 0.002 0.007 0.004 0.009 0.001 0.003 0.002 0.001 0.001 0.002 0.003 1 0.004 0.001 0.041 0.012 0.011 0.021 0.043 0.011 0.007 0.01 0.002 0.038 0.003 0.001 0.001 0.007 0.019 0.028 0.001 0.001 0 0.008 0.002 0.008 0.032 0.002 0.007 0 0.009 0.001 0.002 0 0.019 0.012 0.001 0.003 0.008 0.009 0.006 0.001 0.017 0.001 0.017 0.001 0.014 0.002 0.001 0.001 0.018 0.002 0.015 0.002 0.02 0.001 0.001 0.001 0.022 0.001 0.003 0.012
0.204 0.222 0.242 0.132 0.014 0.008 0.705 0.15 0.003 0.627 0.407 0.005 0.005 0.304 0.291 0.004 1 0.002 0.01 0.337 0.023 0.048 0.092 0.359 0.545 0.196 0.008 0.01 0.012 0.002 0.002 0.544 0.201 0.134 0 0.004 0.002 0.292 0.006 0.241 0.12 0.007 0.019 0.093 0.005 0.001 0.001 0.122 0.097 0.038 0.003 0.003 0.027 0.026 0.002 0.005 0.001 0.004 0.004 0.003 0.002 0.008 0.004 0.003 0.003 0.007 0.003 0.009 0.003 0.001 0.004 0.004 0 0.005 0.012 0.005
0.03 0.037 0.037 0.019 0.002 0.001 0.002 0.022 0 0.002 0.001 0.001 0.001 0.043 0.041 0.001 0.002 1 0.001 0.043 0.003 0.006 0.012 0.046 0.078 0.025 0.001 0.001 0.002 0 0 0.078 0.026 0.018 0 0.001 0 0.005 0.001 0.005 0.016 0.001 0.004 0.013 0.003 0.001 0.001 0.01 0.01 0.001 0.006 0.005 0.004 0.003 0.004 0.003 0.005 0.001 0.001 0 0.005 0.001 0 0 0.002 0.001 0.005 0.001 0 0 0.001 0 0.004 0.003 0.002 0.001
0.041 0.033 0.033 0.067 0.007 0.004 0.01 0.035 0.001 0.008 0.004 0.003 0.003 0.025 0.026 0.041 0.01 0.001 1 0.029 0.422 0.026 0.107 0.027 0.016 0.05 0.004 0.94 0.007 0.002 0.002 0.016 0.048 0.058 0.001 0.002 0.001 0.018 0.004 0.017 0.075 0.004 0.018 0.096 0.365 0.003 0.004 0.083 0.046 0.031 0.002 0.228 0.343 0.346 0.303 0.003 0.261 0.002 0.002 0.001 0.197 0.005 0.002 0.001 0.535 0.004 0.239 0.005 0.002 0.002 0.002 0.002 0.29 0.003 0.007 0.003
0.548 0.6 0.63 0.281 0.196 0.111 0.301 0.354 0.008 0.262 0.137 0.003 0.09 0.782 0.759 0.012 0.337 0.043 0.029 1 0.051 0.112 0.208 0.923 0.556 0.472 0.024 0.031 0.206 0.053 0.049 0.464 0.414 0.252 0.001 0.045 0.006 0.092 0.086 0.074 0.209 0.016 0.008 0.056 0.03 0.01 0.093 0.014 0.032 0.074 0.043 0 0.048 0.049 0.021 0.059 0.007 0.011 0.012 0.018 0.001 0.013 0.009 0.02 0.011 0.022 0.001 0.014 0.01 0.003 0 0.011 0.007 0.054 0.001 0.015
0.005 0.001 0.001 0.027 0.018 0.01 0.016 0.096 0.003 0.013 0.009 0.167 0.006 0.057 0.055 0.011 0.023 0.003 0.422 0.051 1 0.056 0.246 0.065 0.039 0.1 0.01 0.436 0.017 0.004 0.004 0.037 0.105 0.141 0.003 0.001 0.003 0.046 0.004 0.043 0.173 0.009 0.043 0.195 0.692 0 0.005 0.179 0.09 0.019 0.004 0.484 0.706 0.676 0.615 0.006 0.525 0.151 0.06 0 0.438 0.012 0.005 0 0.281 0.01 0.484 0.013 0.064 0.004 0.127 0.005 0.426 0.006 0.012 0.089
0.114 0.11 0.109 0.256 0.013 0.006 0.047 0.248 0.006 0.04 0.02 0.014 0.013 0.092 0.097 0.021 0.048 0.006 0.026 0.112 0.056 1 0.457 0.134 0.08 0.209 0.022 0.025 0.034 0.008 0.008 0.051 0.193 0.019 0.007 0.01 0.022 0.046 0.019 0.052 0.033 0.093 0.072 0.004 0.042 0.056 0.02 0.002 0.014 0.14 0.004 0.052 0.024 0.022 0.03 0.004 0.034 0.01 0.001 0.007 0.033 0.044 0.003 0.007 0.01 0.016 0.037 0.048 0 0.006 0.01 0.01 0.032 0.002 0.009 0.001
0.112 0.099 0.098 0.314 0.038 0.02 0.078 0.436 0.012 0.067 0.037 0.037 0.024 0.192 0.195 0.043 0.092 0.012 0.107 0.208 0.246 0.457 1 0.255 0.152 0.395 0.041 0.114 0.065 0.015 0.016 0.113 0.383 0.148 0.013 0.012 0.009 0.002 0.028 0.004 0.205 0.041 0.148 0.091 0.21 0.043 0.03 0.091 0.099 0.044 0.01 0.112 0.258 0.251 0.203 0.012 0.158 0.037 0.024 0 0.124 0.01 0.01 0.007 0.104 0.035 0.116 0.011 0.029 0.013 0.028 0.019 0.123 0.009 0 0.038
0.559 0.647 0.678 0.318 0.198 0.107 0.321 0.395 0.007 0.28 0.146 0.014 0.095 0.836 0.813 0.011 0.359 0.046 0.027 0.923 0.065 0.134 0.255 1 0.592 0.53 0.023 0.029 0.233 0.056 0.053 0.496 0.455 0.296 0.001 0.06 0.006 0.104 0.104 0.084 0.251 0.019 0.006 0.061 0.04 0.009 0.111 0.01 0.042 0.074 0.047 0 0.076 0.074 0.038 0.063 0.016 0.011 0.011 0.014 0.004 0.016 0.008 0.03 0.019 0.021 0.005 0.016 0.01 0.003 0.005 0.01 0.01 0.058 0.001 0.014
0.328 0.368 0.394 0.193 0.023 0.013 0.526 0.222 0.004 0.455 0.227 0.009 0.008 0.484 0.465 0.007 0.545 0.078 0.016 0.556 0.039 0.08 0.152 0.592 1 0.31 0.014 0.017 0.021 0.004 0.004 0.834 0.261 0.168 0.004 0.006 0.004 0.248 0.011 0.209 0.145 0.012 0.052 0.059 0.017 0.004 0 0.078 0.047 0.032 0.002 0.018 0.045 0.044 0.013 0.006 0.011 0.006 0.006 0.004 0.016 0.015 0.004 0.003 0.011 0.012 0.017 0.015 0.006 0.005 0.006 0.006 0.006 0.005 0.003 0.008
0.296 0.311 0.335 0.582 0.1 0.054 0.174 0.674 0.013 0.15 0.08 0.026 0.052 0.414 0.411 0.01 0.196 0.025 0.05 0.472 0.1 0.209 0.395 0.53 0.31 1 0.042 0.053 0.125 0.031 0.028 0.266 0.826 0.542 0.025 0.031 0.011 0.023 0.053 0.016 0.456 0.023 0.166 0 0.09 0.008 0.057 0.007 0.237 0.141 0.025 0.029 0.139 0.135 0.092 0.023 0.064 0.02 0.017 0.005 0.04 0.024 0.012 0.015 0.051 0 0.042 0.025 0.015 0.027 0.013 0.04 0.05 0.02 0 0.025
0.01 0.028 0.028 0.003 0.006 0.003 0.008 0.006 0.122 0.007 0.003 0.002 0.002 0.015 0.014 0.002 0.008 0.001 0.004 0.024 0.01 0.022 0.041 0.023 0.014 0.042 1 0.005 0.005 0.001 0.001 0.014 0.039 0.056 0 0.002 0.001 0.017 0.003 0.016 0.007 0.003 0.058 0.041 0.012 0.001 0.003 0.016 0.01 0.003 0.001 0.007 0.003 0.003 0.004 0.002 0.005 0.002 0.002 0.001 0.007 0.004 0.133 0.001 0 0.299 0.006 0.004 0.002 0 0.002 0.002 0.004 0.002 0.005 0.002
0.043 0.035 0.035 0.067 0.008 0.004 0.01 0.035 0.001 0.009 0.004 0.003 0.003 0.026 0.028 0.038 0.01 0.001 0.94 0.031 0.436 0.025 0.114 0.029 0.017 0.053 0.005 1 0.007 0.002 0.002 0.017 0.051 0.062 0.001 0.002 0.001 0.019 0.004 0.018 0.08 0.004 0.019 0.098 0.378 0.003 0.004 0.081 0.049 0.03 0.002 0.235 0.355 0.347 0.313 0.003 0.27 0.002 0.002 0.001 0.196 0.006 0.002 0.001 0.554 0.005 0.246 0.006 0.002 0.002 0.003 0.002 0.301 0.003 0.007 0.003
0.155 0.19 0.191 0.073 0.829 0.453 0.012 0.107 0.002 0.01 0.005 0.004 0.375 0.214 0.204 0.003 0.012 0.002 0.007 0.206 0.017 0.034 0.065 0.233 0.021 0.125 0.005 0.007 1 0.223 0.216 0.021 0.132 0.089 0.009 0.249 0.002 0.027 0.492 0.024 0.073 0.005 0.024 0.008 0.018 0.004 0.337 0.047 0 0.044 0.158 0.031 0.019 0.018 0.021 0.085 0.003 0.003 0.003 0.078 0.011 0.001 0.003 0.14 0.005 0.006 0.009 0.001 0.002 0 0 0.003 0.002 0.082 0.014 0.003
0.038 0.046 0.046 0.023 0.2 0.356 0.002 0.026 0 0.002 0.001 0.001 0.001 0.051 0.049 0.001 0.002 0 0.002 0.053 0.004 0.008 0.015 0.056 0.004 0.031 0.001 0.002 0.223 1 0.916 0.005 0.021 0.013 0 0.014 0 0.006 0.311 0.006 0.011 0.001 0.005 0.018 0.004 0.001 0.209 0.013 0.014 0.009 0.007 0.032 0.004 0.004 0.005 0 0.001 0.001 0.001 0.011 0.009 0.001 0.001 0.164 0.003 0.001 0.005 0.001 0.001 0.001 0.004 0.001 0.001 0 0.001 0.001
0.035 0.043 0.043 0.02 0.194 0.346 0.002 0.023 0 0.002 0.001 0.001 0.001 0.056 0.054 0.001 0.002 0 0.002 0.049 0.004 0.008 0.016 0.053 0.004 0.028 0.001 0.002 0.216 0.916 1 0.005 0.019 0.015 0 0.019 0 0.004 0.305 0.004 0.013 0.001 0.006 0.021 0.004 0.001 0.207 0.014 0.011 0.01 0.006 0.031 0.005 0.005 0.005 0 0.001 0.001 0.001 0.017 0.009 0.002 0.001 0.15 0.002 0.001 0.006 0.002 0.001 0.001 0.004 0.001 0 0 0.001 0.001
0.254 0.291 0.31 0.143 0.022 0.013 0.524 0.173 0.004 0.453 0.225 0.007 0.008 0.388 0.382 0.007 0.544 0.078 0.016 0.464 0.037 0.051 0.113 0.496 0.834 0.266 0.014 0.017 0.021 0.005 0.005 1 0.307 0.216 0.004 0.006 0.003 0.32 0.012 0.276 0.19 0.011 0.051 0.083 0.016 0.004 0 0.106 0.068 0.052 0.002 0.017 0.044 0.042 0.012 0.004 0.01 0.006 0.006 0.004 0.015 0.015 0.006 0.003 0.01 0.012 0.015 0.016 0.006 0.005 0.006 0.006 0.006 0.004 0.02 0.008
0.242 0.255 0.273 0.528 0.102 0.054 0.18 0.653 0.012 0.154 0.083 0.019 0.055 0.369 0.369 0.019 0.201 0.026 0.048 0.414 0.105 0.193 0.383 0.455 0.261 0.826 0.039 0.051 0.132 0.021 0.019 0.307 1 0.666 0.026 0.043 0.011 0.041 0.079 0.032 0.573 0.034 0.178 0.004 0.086 0.019 0.083 0.002 0.273 0.208 0.02 0.018 0.133 0.129 0.086 0.006 0.056 0.019 0.012 0.005 0.026 0.033 0.013 0.029 0.048 0 0.027 0.034 0.014 0.028 0.012 0.042 0.043 0.004 0.009 0.019
0.121 0.131 0.142 0.275 0.058 0.027 0.118 0.378 0.016 0.1 0.053 0.029 0.038 0.251 0.249 0.028 0.134 0.018 0.058 0.252 0.141 0.019 0.148 0.296 0.168 0.542 0.056 0.062 0.089 0.013 0.015 0.216 0.666 1 0.018 0.03 0.015 0.294 0.055 0.281 0.838 0.048 0.101 0.067 0.111 0.021 0.059 0.007 0.417 0.218 0.012 0.041 0.16 0.154 0.117 0.002 0.089 0.027 0.023 0.003 0.045 0.047 0.02 0.02 0.054 0.003 0.055 0.048 0.02 0.019 0.021 0.029 0.069 0.001 0.015 0.033
0 0 0 0.021 0.008 0.001 0 0.024 0 0 0 0.001 0.034 0 0 0.001 0 0 0.001 0.001 0.003 0.007 0.013 0.001 0.004 0.025 0 0.001 0.009 0 0 0.004 0.026 0.018 1 0.001 0 0.005 0.001 0.005 0.017 0.001 0.077 0.014 0.004 0.001 0.001 0.011 0.03 0.01 0 0.006 0.004 0.004 0.004 0 0.005 0.001 0.001 0 0.006 0.001 0.001 0 0.002 0.001 0.006 0.001 0 0.349 0.001 0.001 0.004 0.001 0.002 0.001
0.038 0.047 0.048 0.008 0.198 0.356 0.004 0.026 0.001 0.003 0.002 0.001 0.001 0.055 0.064 0.001 0.004 0.001 0.002 0.045 0.001 0.01 0.012 0.06 0.006 0.031 0.002 0.002 0.249 0.014 0.019 0.006 0.043 0.03 0.001 1 0 0.008 0.535 0.008 0.026 0.001 0.007 0.039 0.005 0.001 0.301 0.007 0.018 0.014 0.049 0.047 0.006 0.006 0.007 0.031 0.002 0.001 0.001 0.132 0.046 0.002 0.001 0.229 0 0.002 0.046 0.002 0.001 0.001 0.001 0.001 0.003 0.029 0.003 0.001
0.001 0.001 0.007 0.015 0.002 0.001 0.002 0.013 0 0.002 0.001 0.001 0.001 0.007 0.007 0 0.002 0 0.001 0.006 0.003 0.022 0.009 0.006 0.004 0.011 0.001 0.001 0.002 0 0 0.003 0.011 0.015 0 0 1 0.005 0.001 0.004 0.018 0.001 0.004 0.01 0.003 0.001 0.001 0.01 0.009 0.006 0 0.005 0.003 0.003 0.004 0.001 0.004 0 0 0 0.005 0.001 0 0 0.002 0.001 0.005 0.001 0 0.001 0.001 0 0.004 0.001 0.001 0.001
0.042 0.05 0.057 0.004 0.029 0.016 0.28 0.01 0.004 0.228 0.116 0.011 0.01 0.102 0.096 0.008 0.292 0.005 0.018 0.092 0.046 0.046 0.002 0.104 0.248 0.023 0.017 0.019 0.027 0.006 0.004 0.32 0.041 0.294 0.005 0.008 0.005 1 0.015 0.928 0.251 0.014 0.071 0.34 0.039 0.09 0.001 0.238 0.248 0.039 0.007 0.045 0.042 0.04 0.039 0.01 0.036 0.008 0.007 0.005 0.036 0.017 0.008 0.004 0.008 0.016 0.046 0.015 0.007 0.007 0.008 0.008 0.028 0.011 0.015 0.01
0.066 0.083 0.084 0.023 0.368 0.661 0.006 0.045 0.001 0.005 0.002 0 0.002 0.095 0.102 0.002 0.006 0.001 0.004 0.086 0.004 0.019 0.028 0.104 0.011 0.053 0.003 0.004 0.492 0.311 0.305 0.012 0.079 0.055 0.001 0.535 0.001 0.015 1 0.012 0.048 0.003 0.013 0.071 0.01 0.002 0.652 0.017 0.034 0.026 0.023 0.108 0.011 0.01 0.012 0.013 0 0.002 0.002 0.146 0.057 0.004 0.001 0.33 0.001 0.003 0.051 0.004 0.001 0.001 0 0.001 0 0.012 0 0.002
0.031 0.045 0.044 0.001 0.027 0.016 0.291 0.006 0.004 0.237 0.12 0.01 0.01 0.083 0.078 0.008 0.241 0.005 0.017 0.074 0.043 0.052 0.004 0.084 0.209 0.016 0.016 0.018 0.024 0.006 0.004 0.276 0.032 0.281 0.005 0.008 0.004 0.928 0.012 1 0.244 0.014 0.067 0.328 0.036 0.096 0.013 0.222 0.276 0.036 0.007 0.062 0.039 0.037 0.045 0.009 0.054 0.008 0.007 0.005 0.051 0.017 0.007 0.003 0.021 0.015 0.058 0.017 0.006 0.006 0.009 0.007 0.045 0.01 0.016 0.009
0.108 0.098 0.109 0.347 0.045 0.02 0.104 0.468 0.003 0.089 0.05 0.035 0.033 0.223 0.222 0.032 0.12 0.016 0.075 0.209 0.173 0.033 0.205 0.251 0.145 0.456 0.007 0.08 0.073 0.011 0.013 0.19 0.573 0.838 0.017 0.026 0.018 0.251 0.048 0.244 1 0.057 0.206 0.036 0.136 0.017 0.051 0.001 0.525 0.268 0.01 0.061 0.197 0.19 0.145 0.001 0.116 0.032 0.027 0.002 0.066 0.057 0.007 0.017 0.073 0.044 0.077 0.059 0.024 0.018 0.025 0.025 0.091 0 0.022 0.039
0.029 0.024 0.024 0.047 0.005 0.003 0.007 0.041 0.001 0.006 0.003 0.002 0.002 0.021 0.022 0.002 0.007 0.001 0.004 0.016 0.009 0.093 0.041 0.019 0.012 0.023 0.003 0.004 0.005 0.001 0.001 0.011 0.034 0.048 0.001 0.001 0.001 0.014 0.003 0.014 0.057 1 0.004 0.037 0.009 0.002 0.003 0.015 0.028 0.048 0.001 0.012 0.007 0.007 0.008 0.002 0.013 0.001 0.001 0.001 0.012 0.499 0.001 0.001 0.006 0.001 0.014 0.494 0.001 0.001 0.002 0.001 0.009 0.002 0.095 0.002
0.003 0.017 0.016 0.245 0.02 0.014 0.024 0.282 0.004 0.021 0.007 0.01 0.145 0.008 0.007 0.007 0.019 0.004 0.018 0.008 0.043 0.072 0.148 0.006 0.052 0.166 0.058 0.019 0.024 0.005 0.006 0.051 0.178 0.101 0.077 0.007 0.004 0.071 0.013 0.067 0.206 0.004 1 0.184 0.044 0.01 0.014 0.117 0.342 0.09 0.014 0.071 0.051 0.049 0.053 0.005 0.062 0.007 0.007 0.004 0.071 0.003 0.004 0.005 0.033 0.208 0.068 0.003 0.006 0.086 0.008 0.111 0.053 0.004 0 0.009
0.063 0.087 0.095 0 0.001 0.037 0.099 0.001 0.013 0.08 0.037 0.04 0.026 0.062 0.059 0 0.093 0.013 0.096 0.056 0.195 0.004 0.091 0.061 0.059 0 0.041 0.098 0.008 0.018 0.021 0.083 0.004 0.067 0.014 0.039 0.01 0.34 0.071 0.328 0.036 0.037 0.184 1 0.198 0.032 0.075 0.437 0.009 0.096 0.003 0.262 0.195 0.187 0.16 0.008 0.176 0.039 0.013 0.026 0.211 0.05 0.018 0.025 0.105 0.041 0.195 0.051 0.011 0.018 0.043 0.02 0.152 0.01 0.041 0.014
0.002 0 0 0.025 0.019 0.01 0.002 0.07 0.004 0.001 0.002 0.102 0.007 0.037 0.039 0.009 0.005 0.003 0.365 0.03 0.692 0.042 0.21 0.04 0.017 0.09 0.012 0.378 0.018 0.004 0.004 0.016 0.086 0.111 0.004 0.005 0.003 0.039 0.01 0.036 0.136 0.009 0.044 0.198 1 0.008 0.011 0.222 0.122 0.028 0.005 0.609 0.792 0.78 0.824 0.007 0.704 0.128 0.061 0.001 0.568 0.014 0.005 0.003 0.35 0.012 0.588 0.014 0.054 0.005 0.113 0.005 0.625 0.007 0.017 0.076
0.001 0.003 0.003 0.013 0.004 0.002 0.001 0.024 0 0.001 0 0.002 0.001 0.003 0.003 0.001 0.001 0.001 0.003 0.01 0 0.056 0.043 0.009 0.004 0.008 0.001 0.003 0.004 0.001 0.001 0.004 0.019 0.021 0.001 0.001 0.001 0.09 0.002 0.096 0.017 0.002 0.01 0.032 0.008 1 0.002 0.014 0.02 0.029 0.001 0.012 0.008 0.008 0.009 0.001 0.011 0.001 0.001 0.001 0.004 0.001 0.001 0.001 0.005 0.002 0.012 0.001 0.001 0.001 0.001 0.001 0.009 0.001 0 0.001
0.072 0.072 0.09 0.041 0.245 0.449 0.006 0.048 0.001 0.005 0.003 0 0.002 0.102 0.109 0.002 0.001 0.001 0.004 0.093 0.005 0.02 0.03 0.111 0 0.057 0.003 0.004 0.337 0.209 0.207 0 0.083 0.059 0.001 0.301 0.001 0.001 0.652 0.013 0.051 0.003 0.014 0.075 0.011 0.002 1 0.003 0.035 0.028 0.001 0.183 0.011 0.011 0.005 0.002 0.012 0.002 0.002 0.146 0.111 0.004 0.002 0.314 0.006 0.003 0.092 0.004 0.001 0.001 0.001 0.002 0.013 0.002 0.005 0.002
0.021 0.025 0.029 0.005 0.056 0.03 0.134 0.014 0.001 0.11 0.034 0.029 0.022 0.007 0.006 0 0.122 0.01 0.083 0.014 0.179 0.002 0.091 0.01 0.078 0.007 0.016 0.081 0.047 0.013 0.014 0.106 0.002 0.007 0.011 0.007 0.01 0.238 0.017 0.222 0.001 0.015 0.117 0.437 0.222 0.014 0.003 1 0.013 0.063 0.015 0.176 0.22 0.218 0.25 0.021 0.217 0.035 0.017 0 0.184 0.03 0.005 0.002 0.131 0.036 0.167 0.031 0.009 0.014 0.018 0.008 0.182 0.022 0.04 0.018
0.023 0.014 0.014 0.24 0 0.037 0.114 0.278 0.012 0.09 0.051 0.024 0.055 0.03 0.03 0.019 0.097 0.01 0.046 0.032 0.09 0.014 0.099 0.042 0.047 0.237 0.01 0.049 0 0.014 0.011 0.068 0.273 0.417 0.03 0.018 0.009 0.248 0.034 0.276 0.525 0.028 0.342 0.009 0.122 0.02 0.035 0.013 1 0.178 0.001 0.194 0.129 0.126 0.146 0 0.17 0.018 0.018 0.012 0.193 0.03 0.013 0.011 0.083 0.095 0.185 0.031 0.016 0.032 0.022 0.043 0.146 0.001 0.011 0.023
0.057 0.039 0.039 0.131 0.021 0.01 0.044 0.195 0.017 0.044 0.027 0.005 0.018 0.054 0.052 0.012 0.038 0.001 0.031 0.074 0.019 0.14 0.044 0.074 0.032 0.141 0.003 0.03 0.044 0.009 0.01 0.052 0.208 0.218 0.01 0.014 0.006 0.039 0.026 0.036 0.268 0.048 0.09 0.096 0.028 0.029 0.028 0.063 0.178 1 0.012 0.071 0.032 0.03 0.041 0.001 0.038 0.003 0 0.01 0.044 0.079 0.025 0.01 0.039 0.029 0.045 0.082 0.001 0.005 0 0.014 0.047 0 0.033 0.002
0.029 0.036 0.037 0.005 0.148 0.034 0.003 0.021 0 0.003 0.001 0.001 0.148 0.042 0.04 0.001 0.003 0.006 0.002 0.043 0.004 0.004 0.01 0.047 0.002 0.025 0.001 0.002 0.158 0.007 0.006 0.002 0.02 0.012 0 0.049 0 0.007 0.023 0.007 0.01 0.001 0.014 0.003 0.005 0.001 0.001 0.015 0.001 0.012 1 0.007 0.005 0.005 0.006 0.616 0.007 0.001 0.001 0 0.007 0.002 0.001 0 0.003 0.001 0.007 0.002 0.001 0 0.001 0.001 0.006 0.562 0.115 0.001
0.012 0.011 0.015 0.004 0.016 0.065 0.008 0.023 0.006 0.005 0.003 0.09 0.011 0 0 0.003 0.003 0.005 0.228 0 0.484 0.052 0.112 0 0.018 0.029 0.007 0.235 0.031 0.032 0.031 0.017 0.018 0.041 0.006 0.047 0.005 0.045 0.108 0.062 0.061 0.012 0.071 0.262 0.609 0.012 0.183 0.176 0.194 0.071 0.007 1 0.667 0.647 0.721 0.011 0.762 0.095 0.034 0.062 0.841 0.022 0.008 0.058 0.413 0.018 0.825 0.023 0.038 0.007 0.112 0.008 0.649 0.011 0.028 0.061
0.007 0.007 0.008 0.05 0.02 0.011 0.019 0.114 0.004 0.016 0.011 0.12 0.007 0.067 0.07 0.008 0.027 0.004 0.343 0.048 0.706 0.024 0.258 0.076 0.045 0.139 0.003 0.355 0.019 0.004 0.005 0.044 0.133 0.16 0.004 0.006 0.003 0.042 0.011 0.039 0.197 0.007 0.051 0.195 0.792 0.008 0.011 0.22 0.129 0.032 0.005 0.667 1 0.97 0.877 0.007 0.741 0.142 0.057 0.003 0.608 0.015 0.005 0.003 0.478 0.012 0.619 0.015 0.061 0.005 0.132 0.006 0.605 0.008 0.018 0.098
0.006 0.006 0.007 0.049 0.02 0.011 0.019 0.114 0.004 0.016 0.011 0.1 0.007 0.069 0.072 0.009 0.026 0.003 0.346 0.049 0.676 0.022 0.251 0.074 0.044 0.135 0.003 0.347 0.018 0.004 0.005 0.042 0.129 0.154 0.004 0.006 0.003 0.04 0.01 0.037 0.19 0.007 0.049 0.187 0.78 0.008 0.011 0.218 0.126 0.03 0.005 0.647 0.97 1 0.854 0.007 0.722 0.146 0.061 0 0.605 0.014 0.005 0.003 0.447 0.012 0.601 0.015 0.065 0.005 0.135 0.005 0.584 0.007 0.018 0.103
0 0 0 0.028 0.023 0.013 0.002 0.075 0.004 0.001 0.001 0.101 0.008 0.033 0.036 0.006 0.002 0.004 0.303 0.021 0.615 0.03 0.203 0.038 0.013 0.092 0.004 0.313 0.021 0.005 0.005 0.012 0.086 0.117 0.004 0.007 0.004 0.039 0.012 0.045 0.145 0.008 0.053 0.16 0.824 0.009 0.005 0.25 0.146 0.041 0.006 0.721 0.877 0.854 1 0.008 0.831 0.125 0.056 0.002 0.689 0.016 0.006 0.004 0.457 0.014 0.703 0.016 0.057 0.005 0.116 0.006 0.697 0.009 0.021 0.087
0.039 0.049 0.05 0.01 0.079 0.011 0.005 0.027 0.001 0.004 0.002 0.001 0.099 0.057 0.054 0.001 0.005 0.003 0.003 0.059 0.006 0.004 0.012 0.063 0.006 0.023 0.002 0.003 0.085 0 0 0.004 0.006 0.002 0 0.031 0.001 0.01 0.013 0.009 0.001 0.002 0.005 0.008 0.007 0.001 0.002 0.021 0 0.001 0.616 0.011 0.007 0.007 0.008 1 0.009 0.001 0.001 0.001 0.011 0.003 0.001 0.001 0.005 0.002 0.01 0.003 0.001 0 0.001 0.001 0.008 0.909 0.221 0.001
0.002 0.001 0.003 0.011 0 0.003 0.004 0.04 0.005 0.002 0.002 0.089 0.009 0.009 0.011 0.017 0.001 0.005 0.261 0.007 0.525 0.034 0.158 0.016 0.011 0.064 0.005 0.27 0.003 0.001 0.001 0.01 0.056 0.089 0.005 0.002 0.004 0.036 0 0.054 0.116 0.013 0.062 0.176 0.704 0.011 0.012 0.217 0.17 0.038 0.007 0.762 0.741 0.722 0.831 0.009 1 0.101 0.092 0.071 0.81 0.019 0.007 0.005 0.48 0.016 0.818 0.02 0.095 0.006 0.12 0.007 0.842 0.01 0.024 0.136
0.04 0.049 0.049 0.023 0.003 0.002 0.004 0.02 0.001 0.003 0.002 0.001 0.001 0.009 0.007 0.001 0.004 0.001 0.002 0.011 0.151 0.01 0.037 0.011 0.006 0.02 0.002 0.002 0.003 0.001 0.001 0.006 0.019 0.027 0.001 0.001 0 0.008 0.002 0.008 0.032 0.001 0.007 0.039 0.128 0.001 0.002 0.035 0.018 0.003 0.001 0.095 0.142 0.146 0.125 0.001 0.101 1 0 0.001 0.088 0.002 0.001 0.001 0 0.002 0.091 0.002 0 0.001 0.295 0.001 0.024 0.001 0.003 0
0.001 0 0 0.002 0.001 0.006 0 0.001 0.001 0 0.002 0.27 0.001 0.002 0.003 0.017 0.004 0.001 0.002 0.012 0.06 0.001 0.024 0.011 0.006 0.017 0.002 0.002 0.003 0.001 0.001 0.006 0.012 0.023 0.001 0.001 0 0.007 0.002 0.007 0.027 0.001 0.007 0.013 0.061 0.001 0.002 0.017 0.018 0 0.001 0.034 0.057 0.061 0.056 0.001 0.092 0 1 0.001 0.08 0.002 0.001 0.001 0.004 0.002 0.06 0.002 0.422 0.001 0 0.001 0.062 0.001 0.003 0.613
0.016 0.011 0.011 0.003 0.073 0.133 0.002 0.004 0 0.002 0.001 0.012 0 0.018 0.017 0.001 0.003 0 0.001 0.018 0 0.007 0 0.014 0.004 0.005 0.001 0.001 0.078 0.011 0.017 0.004 0.005 0.003 0 0.132 0 0.005 0.146 0.005 0.002 0.001 0.004 0.026 0.001 0.001 0.146 0 0.012 0.01 0 0.062 0.003 0 0.002 0.001 0.071 0.001 0.001 1 0.061 0.001 0.001 0 0.009 0.001 0.039 0.001 0 0 0.01 0.001 0.068 0.001 0.002 0.001
0.008 0.008 0.011 0.005 0.009 0.045 0.006 0.026 0.006 0.003 0.003 0.087 0.011 0 0 0.014 0.002 0.005 0.197 0.001 0.438 0.033 0.124 0.004 0.016 0.04 0.007 0.196 0.011 0.009 0.009 0.015 0.026 0.045 0.006 0.046 0.005 0.036 0.057 0.051 0.066 0.012 0.071 0.211 0.568 0.004 0.111 0.184 0.193 0.044 0.007 0.841 0.608 0.605 0.689 0.011 0.81 0.088 0.08 0.061 1 0.022 0.008 0.058 0.379 0.018 0.877 0.023 0.083 0.007 0.105 0.008 0.694 0.011 0.027 0.119
0.024 0.018 0.018 0.045 0.001 0.004 0.008 0.041 0.001 0.007 0.004 0.003 0.001 0.017 0.018 0.002 0.008 0.001 0.005 0.013 0.012 0.044 0.01 0.016 0.015 0.024 0.004 0.006 0.001 0.001 0.002 0.015 0.033 0.047 0.001 0.002 0.001 0.017 0.004 0.017 0.057 0.499 0.003 0.05 0.014 0.001 0.004 0.03 0.03 0.079 0.002 0.022 0.015 0.014 0.016 0.003 0.019 0.002 0.002 0.001 0.022 1 0.002 0.001 0.009 0.004 0.021 0.975 0.002 0.002 0.002 0.002 0.017 0.003 0.212 0.003
0.007 0.007 0.005 0.011 0.003 0.002 0.004 0.014 0.425 0.003 0.001 0.001 0.001 0.002 0.002 0.001 0.004 0 0.002 0.009 0.005 0.003 0.01 0.008 0.004 0.012 0.133 0.002 0.003 0.001 0.001 0.006 0.013 0.02 0.001 0.001 0 0.008 0.001 0.007 0.007 0.001 0.004 0.018 0.005 0.001 0.002 0.005 0.013 0.025 0.001 0.008 0.005 0.005 0.006 0.001 0.007 0.001 0.001 0.001 0.008 0.002 1 0.001 0.004 0.002 0.008 0.002 0.001 0.001 0.001 0.001 0.006 0.001 0.002 0.001
0.018 0.023 0.023 0.009 0.087 0.16 0.002 0.012 0 0.001 0.001 0.002 0.001 0.028 0.037 0.001 0.003 0 0.001 0.02 0 0.007 0.007 0.03 0.003 0.015 0.001 0.001 0.14 0.164 0.15 0.003 0.029 0.02 0 0.229 0 0.004 0.33 0.003 0.017 0.001 0.005 0.025 0.003 0.001 0.314 0.002 0.011 0.01 0 0.058 0.003 0.003 0.004 0.001 0.005 0.001 0.001 0 0.058 0.001 0.001 1 0.002 0.001 0.048 0.001 0 0 0 0.001 0.004 0.001 0.002 0.001
0.014 0.021 0.015 0.051 0.006 0.001 0.017 0.04 0.002 0.015 0.007 0 0.005 0.017 0.018 0.018 0.003 0.002 0.535 0.011 0.281 0.01 0.104 0.019 0.011 0.051 0 0.554 0.005 0.003 0.002 0.01 0.048 0.054 0.002 0 0.002 0.008 0.001 0.021 0.073 0.006 0.033 0.105 0.35 0.005 0.006 0.131 0.083 0.039 0.003 0.413 0.478 0.447 0.457 0.005 0.48 0 0.004 0.009 0.379 0.009 0.004 0.002 1 0.008 0.429 0.01 0.003 0.003 0.003 0.004 0.48 0.005 0.012 0
0.008 0.026 0.026 0.054 0.006 0.004 0.007 0.063 0.001 0.006 0.003 0.002 0.002 0.022 0.022 0.002 0.007 0.001 0.004 0.022 0.01 0.016 0.035 0.021 0.012 0 0.299 0.005 0.006 0.001 0.001 0.012 0 0.003 0.001 0.002 0.001 0.016 0.003 0.015 0.044 0.001 0.208 0.041 0.012 0.002 0.003 0.036 0.095 0.029 0.001 0.018 0.012 0.012 0.014 0.002 0.016 0.002 0.002 0.001 0.018 0.004 0.002 0.001 0.008 1 0.018 0.005 0.002 0.001 0.002 0.002 0.014 0.002 0.002 0.002
0.005 0.008 0.01 0.005 0.007 0.039 0.005 0.025 0.006 0.003 0.003 0.073 0.01 0.002 0.001 0.015 0.003 0.005 0.239 0.001 0.484 0.037 0.116 0.005 0.017 0.042 0.006 0.246 0.009 0.005 0.006 0.015 0.027 0.055 0.006 0.046 0.005 0.046 0.051 0.058 0.077 0.014 0.068 0.195 0.588 0.012 0.092 0.167 0.185 0.045 0.007 0.825 0.619 0.601 0.703 0.01 0.818 0.091 0.06 0.039 0.877 0.021 0.008 0.048 0.429 0.018 1 0.022 0.087 0.007 0.117 0.008 0.682 0.011 0.022 0.098
0.025 0.019 0.019 0.046 0.001 0.004 0.008 0.043 0.001 0.007 0.004 0.003 0.001 0.017 0.019 0.002 0.009 0.001 0.005 0.014 0.013 0.048 0.011 0.016 0.015 0.025 0.004 0.006 0.001 0.001 0.002 0.016 0.034 0.048 0.001 0.002 0.001 0.015 0.004 0.017 0.059 0.494 0.003 0.051 0.014 0.001 0.004 0.031 0.031 0.082 0.002 0.023 0.015 0.015 0.016 0.003 0.02 0.002 0.002 0.001 0.023 0.975 0.002 0.001 0.01 0.005 0.022 1 0.002 0.002 0.003 0.002 0.017 0.003 0.222 0.003
0 0 0 0.001 0.002 0.007 0 0.002 0 0 0.001 0.157 0.001 0.002 0.002 0.02 0.003 0 0.002 0.01 0.064 0 0.029 0.01 0.006 0.015 0.002 0.002 0.002 0.001 0.001 0.006 0.014 0.02 0 0.001 0 0.007 0.001 0.006 0.024 0.001 0.006 0.011 0.054 0.001 0.001 0.009 0.016 0.001 0.001 0.038 0.061 0.065 0.057 0.001 0.095 0 0.422 0 0.083 0.002 0.001 0 0.003 0.002 0.087 0.002 1 0.001 0.001 0.001 0.062 0.001 0.002 0.583
0.002 0.004 0.004 0.022 0 0.001 0 0.025 0 0 0 0.001 0 0.003 0.001 0.001 0.001 0 0.002 0.003 0.004 0.006 0.013 0.003 0.005 0.027 0 0.002 0 0.001 0.001 0.005 0.028 0.019 0.349 0.001 0.001 0.007 0.001 0.006 0.018 0.001 0.086 0.018 0.005 0.001 0.001 0.014 0.032 0.005 0 0.007 0.005 0.005 0.005 0 0.006 0.001 0.001 0 0.007 0.002 0.001 0 0.003 0.001 0.007 0.002 0.001 1 0.001 0.001 0.005 0.001 0.002 0.001
0.022 0.029 0.029 0.009 0 0 0.004 0.013 0.001 0.004 0.002 0.03 0.001 0.003 0.003 0.001 0.004 0.001 0.002 0 0.127 0.01 0.028 0.005 0.006 0.013 0.002 0.003 0 0.004 0.004 0.006 0.012 0.021 0.001 0.001 0.001 0.008 0 0.009 0.025 0.002 0.008 0.043 0.113 0.001 0.001 0.018 0.022 0 0.001 0.112 0.132 0.135 0.116 0.001 0.12 0.295 0 0.01 0.105 0.002 0.001 0 0.003 0.002 0.117 0.003 0.001 0.001 1 0.001 0.083 0.001 0.003 0
0 0.013 0.013 0.03 0.003 0.002 0.004 0.034 0.001 0.003 0.002 0.001 0.001 0.011 0.01 0.001 0.004 0 0.002 0.011 0.005 0.01 0.019 0.01 0.006 0.04 0.002 0.002 0.003 0.001 0.001 0.006 0.042 0.029 0.001 0.001 0 0.008 0.001 0.007 0.025 0.001 0.111 0.02 0.005 0.001 0.002 0.008 0.043 0.014 0.001 0.008 0.006 0.005 0.006 0.001 0.007 0.001 0.001 0.001 0.008 0.002 0.001 0.001 0.004 0.002 0.008 0.002 0.001 0.001 0.001 1 0.006 0.001 0.002 0.001
0 0 0.001 0.016 0 0.004 0.002 0.027 0.004 0.001 0.001 0.067 0.008 0.004 0.005 0.022 0 0.004 0.29 0.007 0.426 0.032 0.123 0.01 0.006 0.05 0.004 0.301 0.002 0.001 0 0.006 0.043 0.069 0.004 0.003 0.004 0.028 0 0.045 0.091 0.009 0.053 0.152 0.625 0.009 0.013 0.182 0.146 0.047 0.006 0.649 0.605 0.584 0.697 0.008 0.842 0.024 0.062 0.068 0.694 0.017 0.006 0.004 0.48 0.014 0.682 0.017 0.062 0.005 0.083 0.006 1 0.008 0.021 0.113
0.035 0.045 0.046 0.008 0.076 0.012 0.005 0.023 0.001 0.004 0.002 0.001 0.093 0.053 0.05 0.001 0.005 0.003 0.003 0.054 0.006 0.002 0.009 0.058 0.005 0.02 0.002 0.003 0.082 0 0 0.004 0.004 0.001 0.001 0.029 0.001 0.011 0.012 0.01 0 0.002 0.004 0.01 0.007 0.001 0.002 0.022 0.001 0 0.562 0.011 0.008 0.007 0.009 0.909 0.01 0.001 0.001 0.001 0.011 0.003 0.001 0.001 0.005 0.002 0.011 0.003 0.001 0.001 0.001 0.001 0.008 1 0.24 0.001
0.001 0 0 0.011 0.012 0 0.012 0.003 0.002 0.01 0.005 0.003 0.03 0.001 0.001 0.003 0.012 0.002 0.007 0.001 0.012 0.009 0 0.001 0.003 0 0.005 0.007 0.014 0.001 0.001 0.02 0.009 0.015 0.002 0.003 0.001 0.015 0 0.016 0.022 0.095 0 0.041 0.017 0 0.005 0.04 0.011 0.033 0.115 0.028 0.018 0.018 0.021 0.221 0.024 0.003 0.003 0.002 0.027 0.212 0.002 0.002 0.012 0.002 0.022 0.222 0.002 0.002 0.003 0.002 0.021 0.24 1 0.003
0.001 0 0 0.004 0 0.004 0 0.006 0.001 0 0.002 0.253 0.001 0.005 0.005 0.012 0.005 0.001 0.003 0.015 0.089 0.001 0.038 0.014 0.008 0.025 0.002 0.003 0.003 0.001 0.001 0.008 0.019 0.033 0.001 0.001 0.001 0.01 0.002 0.009 0.039 0.002 0.009 0.014 0.076 0.001 0.002 0.018 0.023 0.002 0.001 0.061 0.098 0.103 0.087 0.001 0.136 0 0.613 0.001 0.119 0.003 0.001 0.001 0 0.002 0.098 0.003 0.583 0.001 0 0.001 0.113 0.001 0.003 1
