1 0.84 0.849 0.448 0.165 0.135 0.246 0.275 0.019 0.222 0.14 0.023 0.027 0.494 0.473 0.006 0.22 0.044 0.028 0.507 0 0.137 0.083 0.515 0.298 0.291 0.009 0.03 0.144 0.035 0.047 0.238 0.246 0.147 0.002 0.058 0.002 0.043 0.075 0.036 0.12 0.016 0.018 0.091 0.003 0.009 0.069 0.043 0.003 0.09 0.005 0.033 0.001 0.001 0.001 0.007 0.011 0.053 0.003 0.013 0.033 0.021 0.008 0.013 0.009 0.009 0.011 0.024 0 0.001 0.026 0 0.005 0.009 0.002 0
0.84 1 0.957 0.429 0.195 0.152 0.291 0.249 0.016 0.263 0.166 0.019 0.032 0.57 0.53 0.005 0.238 0.053 0.024 0.569 0.001 0.122 0.072 0.586 0.33 0.296 0.028 0.025 0.173 0.042 0.057 0.273 0.254 0.155 0.002 0.07 0.003 0.051 0.091 0.052 0.107 0.013 0.048 0.11 0.005 0.01 0.065 0.053 0 0.069 0.007 0.034 0.001 0.001 0.002 0.011 0.009 0.064 0.002 0.005 0.033 0.017 0.009 0.017 0.009 0.032 0.018 0.02 0 0.005 0.026 0.006 0.005 0.013 0.001 0
0.849 0.957 1 0.449 0.193 0.151 0.285 0.265 0.016 0.26 0.164 0.02 0.032 0.594 0.552 0.005 0.258 0.052 0.024 0.598 0 0.122 0.072 0.614 0.357 0.317 0.029 0.026 0.171 0.042 0.056 0.289 0.268 0.165 0.002 0.07 0.009 0.059 0.09 0.05 0.116 0.013 0.048 0.118 0.004 0.01 0.083 0.058 0 0.068 0.007 0.04 0.001 0.001 0.002 0.01 0.013 0.063 0.002 0.005 0.039 0.017 0.006 0.017 0.007 0.033 0.02 0.02 0 0.005 0.033 0.006 0.007 0.013 0.001 0
0.448 0.429 0.449 1 0.081 0.065 0.134 0.771 0.034 0.121 0.076 0.042 0.015 0.321 0.301 0.015 0.123 0.035 0.052 0.315 0.015 0.286 0.279 0.328 0.223 0.552 0.012 0.05 0.067 0.016 0.023 0.142 0.503 0.312 0.02 0.023 0.019 0.005 0.03 0.004 0.398 0.027 0.199 0.001 0.01 0.029 0.031 0.001 0.184 0.237 0.015 0 0.034 0.035 0.016 0.013 0.005 0.026 0.009 0 0 0.035 0.021 0.011 0.024 0.076 0.003 0.041 0.003 0.015 0.007 0.01 0.008 0.01 0.004 0.002
0.165 0.195 0.193 0.081 1 0.791 0.012 0.103 0.003 0.011 0.007 0.004 0.161 0.197 0.185 0 0.013 0.003 0.005 0.193 0.015 0.018 0.04 0.185 0.023 0.106 0.006 0.005 0.85 0.243 0.312 0.023 0.097 0.06 0 0.332 0.002 0.021 0.464 0.02 0.039 0.003 0 0.025 0.016 0.004 0.297 0.033 0.016 0.017 0.071 0.03 0.015 0.015 0.019 0.046 0 0.003 0 0.078 0.03 0.003 0.003 0.075 0 0.006 0.021 0.004 0 0 0 0.001 0.001 0.051 0.003 0
0.135 0.152 0.151 0.065 0.791 1 0.01 0.086 0.002 0.009 0.006 0.003 0.001 0.157 0.148 0.001 0.011 0.003 0.004 0.151 0.012 0.015 0.032 0.144 0.019 0.082 0.003 0.004 0.686 0.298 0.383 0.019 0.072 0.042 0.001 0.408 0.001 0.017 0.571 0.016 0.027 0.002 0.014 0.048 0.013 0.003 0.368 0.024 0.033 0.011 0.046 0.049 0.012 0.012 0.015 0.029 0.003 0.002 0.001 0.098 0.048 0.003 0.003 0.094 0 0.005 0.036 0.004 0.001 0.002 0 0.001 0.003 0.033 0 0
0.246 0.291 0.285 0.134 0.012 0.01 1 0.154 0.005 0.904 0.57 0.006 0.002 0.284 0.267 0.003 0.74 0.005 0.007 0.305 0.017 0.043 0.071 0.303 0.487 0.175 0.009 0.007 0.012 0.004 0.005 0.475 0.181 0.133 0.001 0.006 0.003 0.288 0.009 0.308 0.117 0.004 0.022 0.075 0 0.006 0.008 0.164 0.103 0.06 0.004 0.002 0.023 0.022 0 0.005 0.001 0.005 0.001 0.004 0.003 0.005 0.005 0.002 0.011 0.007 0.002 0.005 0.001 0.002 0.006 0.002 0.002 0.005 0.007 0.002
0.275 0.249 0.265 0.771 0.103 0.086 0.154 1 0.029 0.138 0.09 0.036 0.017 0.426 0.387 0.012 0.144 0.041 0.034 0.398 0.118 0.254 0.443 0.413 0.272 0.663 0.016 0.033 0.09 0.02 0.028 0.175 0.619 0.413 0.024 0.035 0.016 0.012 0.043 0.01 0.521 0.023 0.236 0.002 0.064 0.036 0.039 0.013 0.226 0.294 0.025 0.021 0.124 0.126 0.079 0.023 0.037 0.033 0.007 0 0.022 0.029 0.026 0.016 0.023 0.092 0.022 0.034 0.007 0.018 0.011 0.012 0.035 0.018 0.001 0.01
0.019 0.016 0.016 0.034 0.003 0.002 0.005 0.029 1 0.004 0.003 0.001 0.001 0.005 0.004 0.001 0.005 0.001 0.002 0.014 0.006 0.002 0.008 0.014 0.009 0.024 0.068 0.002 0.003 0.001 0.001 0.009 0.023 0.014 0.001 0.002 0.001 0.001 0.002 0 0.006 0.003 0.007 0.01 0.007 0.016 0.002 0 0.016 0.034 0.001 0.011 0.007 0.006 0.008 0.001 0.009 0.001 0.001 0.001 0.01 0.002 0.334 0.001 0.003 0.003 0.01 0.002 0.001 0.001 0.002 0 0.008 0.001 0.002 0.001
0.222 0.263 0.26 0.121 0.011 0.009 0.904 0.138 0.004 1 0.631 0.005 0.002 0.255 0.24 0.003 0.69 0.004 0.006 0.274 0.015 0.039 0.064 0.272 0.438 0.157 0.008 0.007 0.011 0.004 0.004 0.426 0.162 0.119 0.001 0.005 0.002 0.242 0.008 0.258 0.104 0.003 0.02 0.06 0.001 0.005 0.007 0.144 0.084 0.06 0.003 0.001 0.02 0.02 0 0.004 0 0.005 0.001 0.004 0.002 0.004 0.004 0.001 0.01 0.006 0.001 0.005 0.001 0.001 0.006 0.002 0.001 0.004 0.006 0.001
0.14 0.166 0.164 0.076 0.007 0.006 0.57 0.09 0.003 0.631 1 0.003 0.001 0.171 0.161 0.002 0.525 0.003 0.004 0.184 0.013 0.025 0.045 0.182 0.289 0.106 0.005 0.004 0.007 0.002 0.003 0.279 0.109 0.078 0.001 0.003 0.001 0.161 0.005 0.171 0.071 0.002 0.011 0.04 0.001 0.003 0.005 0.094 0.057 0.04 0.002 0 0.015 0.014 0 0.003 0 0.003 0.002 0.003 0.002 0.003 0.003 0.002 0.008 0.005 0.001 0.004 0.002 0.001 0.004 0.001 0.001 0.003 0.004 0.002
0.023 0.019 0.02 0.042 0.004 0.003 0.006 0.036 0.001 0.005 0.003 1 0.001 0.016 0.008 0.001 0.006 0.001 0.002 0.015 0.229 0.013 0.064 0.018 0.011 0.03 0.003 0.002 0.004 0.001 0.001 0.004 0.017 0.024 0.001 0.002 0.001 0.01 0.001 0.009 0.03 0.001 0.009 0.06 0.119 0.002 0.001 0.047 0.024 0.007 0.001 0.119 0.154 0.148 0.115 0.002 0.116 0 0.251 0.045 0.102 0.002 0.001 0.006 0 0.004 0.131 0.002 0.11 0.001 0.017 0.001 0.1 0.001 0.002 0.135
0.027 0.032 0.032 0.015 0.161 0.001 0.002 0.017 0.001 0.002 0.001 0.001 1 0.033 0.031 0 0.002 0.001 0.001 0.035 0.002 0.005 0.008 0.035 0.004 0.021 0.001 0.001 0.138 0 0 0.004 0.021 0.017 0.016 0.001 0 0.003 0.001 0.003 0.014 0 0.066 0.01 0.003 0.001 0.001 0.008 0.012 0.008 0.026 0.004 0.003 0.003 0.003 0.017 0.004 0 0 0 0.004 0 0.001 0 0.001 0 0.004 0 0 0.005 0.001 0 0.004 0.019 0.009 0
0.494 0.57 0.594 0.321 0.197 0.157 0.284 0.426 0.005 0.255 0.171 0.016 0.033 1 0.875 0.004 0.29 0.079 0.017 0.802 0.065 0.115 0.214 0.821 0.511 0.412 0.017 0.018 0.181 0.043 0.076 0.35 0.358 0.257 0.002 0.075 0.009 0.078 0.096 0.068 0.21 0.013 0.031 0.046 0.02 0.017 0.09 0.009 0.006 0.113 0.035 0 0.062 0.063 0.025 0.037 0.003 0.017 0.004 0.008 0 0.01 0.004 0.033 0.006 0.021 0 0.012 0.004 0.005 0.002 0.006 0.003 0.042 0 0.006
0.473 0.53 0.552 0.301 0.185 0.148 0.267 0.387 0.004 0.24 0.161 0.008 0.031 0.875 1 0.005 0.273 0.074 0.018 0.813 0.058 0.122 0.213 0.832 0.497 0.426 0.013 0.02 0.17 0.04 0.072 0.387 0.353 0.252 0.002 0.092 0.009 0.078 0.11 0.068 0.21 0.014 0.033 0.042 0.029 0.017 0.104 0.008 0.006 0.101 0.033 0 0.077 0.078 0.035 0.034 0.007 0.017 0.004 0.007 0 0.011 0.003 0.049 0.007 0.03 0 0.013 0.004 0.001 0.007 0.004 0.008 0.039 0 0.006
0.006 0.005 0.005 0.015 0 0.001 0.003 0.012 0.001 0.003 0.002 0.001 0 0.004 0.005 1 0.003 0.001 0.001 0.01 0.001 0.059 0.041 0.01 0.006 0.004 0.002 0 0.002 0.001 0.001 0.006 0.016 0.021 0 0.001 0 0.006 0.002 0.005 0.025 0 0.005 0.007 0.001 0.001 0.001 0.008 0.013 0.033 0.001 0.003 0.001 0.001 0.002 0.001 0 0.001 0.008 0.001 0 0 0.001 0.001 0 0.002 0 0 0.009 0.001 0.001 0 0 0.001 0.001 0.006
0.22 0.238 0.258 0.123 0.013 0.011 0.74 0.144 0.005 0.69 0.525 0.006 0.002 0.29 0.273 0.003 1 0.005 0.007 0.35 0.025 0.047 0.086 0.348 0.527 0.203 0.009 0.008 0.013 0.004 0.005 0.502 0.196 0.145 0.001 0.006 0 0.315 0.009 0.274 0.126 0.004 0.019 0.083 0 0.006 0 0.162 0.094 0.058 0.004 0 0.024 0.024 0 0.005 0 0.006 0.003 0.005 0 0.005 0.005 0.004 0.003 0.008 0 0.006 0.003 0.002 0.003 0.002 0 0.005 0.007 0.004
0.044 0.053 0.052 0.035 0.003 0.003 0.005 0.041 0.001 0.004 0.003 0.001 0.001 0.079 0.074 0.001 0.005 1 0.002 0.085 0.006 0.011 0.021 0.084 0.136 0.05 0.002 0.002 0.003 0.001 0.001 0.134 0.052 0.041 0.001 0.002 0.001 0.008 0.002 0.008 0.034 0.001 0.007 0.025 0.007 0.001 0.002 0.021 0.008 0.009 0 0.011 0.007 0.007 0.008 0 0.009 0.001 0.001 0.001 0.011 0.001 0.001 0.001 0.004 0.003 0.01 0.002 0.001 0.001 0.002 0 0.008 0 0.002 0.001
0.028 0.024 0.024 0.052 0.005 0.004 0.007 0.034 0.002 0.006 0.004 0.002 0.001 0.017 0.018 0.001 0.007 0.002 1 0.021 0.299 0.016 0.087 0.022 0.013 0.036 0.003 0.918 0.005 0.002 0.002 0.014 0.03 0.036 0.001 0.002 0.001 0.011 0.003 0.011 0.046 0.001 0.008 0.067 0.233 0.002 0.003 0.05 0.023 0.019 0.001 0.145 0.218 0.235 0.207 0.002 0.181 0.002 0.001 0.002 0.115 0.002 0.002 0.001 0.472 0.005 0.162 0.003 0.001 0.001 0.002 0 0.187 0.002 0.003 0.001
0.507 0.569 0.598 0.315 0.193 0.151 0.305 0.398 0.014 0.274 0.184 0.015 0.035 0.802 0.813 0.01 0.35 0.085 0.021 1 0.067 0.126 0.231 0.964 0.591 0.488 0.026 0.023 0.173 0.047 0.063 0.46 0.377 0.255 0.002 0.062 0.005 0.084 0.086 0.072 0.194 0.012 0.035 0.042 0.022 0.018 0.079 0.01 0.007 0.102 0.038 0 0.066 0.064 0.027 0.041 0.005 0.016 0.009 0.007 0 0.012 0.011 0.021 0.005 0.029 0.001 0.014 0.009 0.004 0.005 0.005 0.006 0.046 0 0.011
0 0.001 0 0.015 0.015 0.012 0.017 0.118 0.006 0.015 0.013 0.229 0.002 0.065 0.058 0.001 0.025 0.006 0.299 0.067 1 0.044 0.265 0.071 0.044 0.106 0.011 0.314 0.016 0.005 0.006 0.033 0.092 0.118 0.003 0.001 0.003 0.041 0.003 0.037 0.146 0.005 0.033 0.191 0.601 0.001 0.003 0.17 0.077 0.009 0.005 0.436 0.659 0.659 0.56 0.006 0.465 0.204 0.055 0.004 0.382 0.008 0.006 0 0.22 0.016 0.438 0.009 0.06 0.004 0.129 0.001 0.41 0.006 0.003 0.087
0.137 0.122 0.122 0.286 0.018 0.015 0.043 0.254 0.002 0.039 0.025 0.013 0.005 0.115 0.122 0.059 0.047 0.011 0.016 0.126 0.044 1 0.402 0.134 0.083 0.2 0.02 0.016 0.029 0.01 0.011 0.049 0.171 0.037 0.007 0.014 0.028 0.025 0.02 0.026 0.059 0.061 0.062 0.016 0.056 0.087 0.02 0.016 0.014 0.186 0.005 0.061 0.026 0.023 0.033 0.002 0.041 0.012 0 0.011 0.046 0.077 0.001 0.009 0.011 0.022 0.04 0.093 0 0.002 0.013 0.004 0.033 0.001 0.027 0
0.083 0.072 0.072 0.279 0.04 0.032 0.071 0.443 0.008 0.064 0.045 0.064 0.008 0.214 0.213 0.041 0.086 0.021 0.087 0.231 0.265 0.402 1 0.246 0.152 0.365 0.037 0.094 0.054 0.017 0.02 0.097 0.312 0.15 0.012 0.015 0.012 0 0.026 0 0.21 0.027 0.113 0.073 0.171 0.06 0.023 0.062 0.079 0.059 0.011 0.102 0.257 0.265 0.196 0.008 0.142 0.057 0.029 0 0.101 0.031 0 0.004 0.08 0.045 0.092 0.04 0.032 0.007 0.029 0.005 0.132 0.005 0.002 0.043
0.515 0.586 0.614 0.328 0.185 0.144 0.303 0.413 0.014 0.272 0.182 0.018 0.035 0.821 0.832 0.01 0.348 0.084 0.022 0.964 0.071 0.134 0.246 1 0.593 0.511 0.027 0.023 0.191 0.047 0.063 0.469 0.393 0.272 0.002 0.078 0.005 0.088 0.101 0.076 0.209 0.012 0.035 0.047 0.025 0.018 0.094 0.012 0.007 0.106 0.038 0 0.073 0.072 0.031 0.04 0.007 0.016 0.009 0.007 0 0.012 0.011 0.033 0.006 0.029 0.001 0.014 0.009 0.004 0.006 0.005 0.008 0.046 0 0.011
0.298 0.33 0.357 0.223 0.023 0.019 0.487 0.272 0.009 0.438 0.289 0.011 0.004 0.511 0.497 0.006 0.527 0.136 0.013 0.591 0.044 0.083 0.152 0.593 1 0.295 0.016 0.014 0.024 0.008 0.009 0.729 0.245 0.175 0.005 0.011 0.002 0.207 0.017 0.184 0.144 0.007 0.049 0.022 0.007 0.011 0.002 0.065 0.034 0.085 0.002 0.013 0.045 0.044 0.01 0.007 0.007 0.01 0.006 0.008 0.014 0.007 0.006 0 0.006 0.017 0.014 0.008 0.006 0.006 0.007 0.003 0.008 0.008 0.002 0.007
0.291 0.296 0.317 0.552 0.106 0.082 0.175 0.663 0.024 0.157 0.106 0.03 0.021 0.412 0.426 0.004 0.203 0.05 0.036 0.488 0.106 0.2 0.365 0.511 0.295 1 0.045 0.039 0.11 0.025 0.035 0.281 0.784 0.569 0.016 0.043 0.009 0.031 0.055 0.027 0.448 0.017 0.098 0 0.064 0.019 0.05 0.002 0.166 0.193 0.007 0.016 0.127 0.124 0.075 0.003 0.04 0.028 0.016 0.001 0.02 0.025 0.021 0.017 0.022 0.005 0.024 0.029 0.016 0.013 0.015 0.015 0.039 0.001 0.002 0.019
0.009 0.028 0.029 0.012 0.006 0.003 0.009 0.016 0.068 0.008 0.005 0.003 0.001 0.017 0.013 0.002 0.009 0.002 0.003 0.026 0.011 0.02 0.037 0.027 0.016 0.045 1 0.004 0.006 0.002 0.002 0.017 0.043 0.055 0.003 0.003 0.001 0.015 0.004 0.014 0.02 0.002 0.121 0.041 0.013 0 0.004 0.026 0.038 0.011 0.002 0.018 0.01 0.01 0.012 0.002 0.014 0.003 0.001 0.002 0.017 0.003 0.056 0.002 0.004 0.219 0.016 0.003 0.001 0.002 0.003 0.001 0.013 0.002 0.004 0.002
0.03 0.025 0.026 0.05 0.005 0.004 0.007 0.033 0.002 0.007 0.004 0.002 0.001 0.018 0.02 0 0.008 0.002 0.918 0.023 0.314 0.016 0.094 0.023 0.014 0.039 0.004 1 0.005 0.002 0.002 0.015 0.033 0.04 0.001 0.002 0.001 0.013 0.004 0.012 0.052 0.002 0.009 0.068 0.245 0.002 0.003 0.046 0.026 0.019 0.002 0.152 0.231 0.233 0.217 0.002 0.191 0.002 0.001 0.002 0.112 0.002 0.002 0.002 0.497 0.005 0.17 0.003 0.001 0.001 0.003 0 0.197 0.002 0.003 0.001
0.144 0.173 0.171 0.067 0.85 0.686 0.012 0.09 0.003 0.011 0.007 0.004 0.138 0.181 0.17 0.002 0.013 0.003 0.005 0.173 0.016 0.029 0.054 0.191 0.024 0.11 0.006 0.005 1 0.238 0.305 0.024 0.116 0.078 0 0.392 0.002 0.022 0.604 0.02 0.054 0.003 0 0.041 0.017 0.004 0.413 0.026 0.019 0.027 0.069 0.051 0.016 0.016 0.019 0.045 0 0.003 0.002 0.075 0.041 0.003 0.003 0.118 0 0.009 0.032 0.004 0.002 0 0 0.001 0 0.049 0.003 0.003
0.035 0.042 0.042 0.016 0.243 0.298 0.004 0.02 0.001 0.004 0.002 0.001 0 0.043 0.04 0.001 0.004 0.001 0.002 0.047 0.005 0.01 0.017 0.047 0.008 0.025 0.002 0.002 0.238 1 0.653 0.008 0.014 0.009 0.001 0.067 0.001 0.007 0.243 0.007 0.006 0.001 0.007 0.014 0.006 0.001 0.095 0.017 0.017 0.002 0.02 0.009 0.006 0.005 0.007 0.013 0.001 0.001 0.001 0.007 0.005 0.001 0.001 0.074 0.003 0.003 0.005 0.002 0 0.001 0.004 0 0.001 0.015 0.002 0.001
0.047 0.057 0.056 0.023 0.312 0.383 0.005 0.028 0.001 0.004 0.003 0.001 0 0.076 0.072 0.001 0.005 0.001 0.002 0.063 0.006 0.011 0.02 0.063 0.009 0.035 0.002 0.002 0.305 0.653 1 0.009 0.022 0.025 0.001 0.141 0.001 0.003 0.331 0.002 0.02 0.001 0.007 0.032 0.007 0.001 0.162 0.02 0.011 0.01 0.017 0.02 0.007 0.006 0.008 0.011 0 0.001 0.001 0.054 0.014 0.002 0.001 0.064 0.001 0.003 0.014 0.002 0.001 0.001 0.003 0 0.001 0.012 0.001 0.001
0.238 0.273 0.289 0.142 0.023 0.019 0.475 0.175 0.009 0.426 0.279 0.004 0.004 0.35 0.387 0.006 0.502 0.134 0.014 0.46 0.033 0.049 0.097 0.469 0.729 0.281 0.017 0.015 0.024 0.008 0.009 1 0.302 0.225 0.005 0.012 0.002 0.278 0.017 0.253 0.189 0.004 0.051 0.046 0.004 0.011 0.003 0.108 0.059 0.095 0.005 0.008 0.034 0.033 0.005 0.008 0.005 0.011 0.006 0.009 0.013 0.011 0.01 0 0.002 0.018 0.011 0.013 0.006 0.007 0.007 0.003 0.007 0.007 0.015 0.007
0.246 0.254 0.268 0.503 0.097 0.072 0.181 0.619 0.023 0.162 0.109 0.017 0.021 0.358 0.353 0.016 0.196 0.052 0.03 0.377 0.092 0.171 0.312 0.393 0.245 0.784 0.043 0.033 0.116 0.014 0.022 0.302 1 0.746 0.017 0.065 0.013 0.061 0.094 0.055 0.608 0.018 0.109 0.012 0.065 0.029 0.088 0 0.21 0.283 0.007 0.008 0.128 0.126 0.076 0.001 0.039 0.027 0.014 0.001 0.01 0.028 0.025 0.04 0.022 0.006 0.013 0.032 0.015 0.014 0.014 0.018 0.038 0 0.009 0.017
0.147 0.155 0.165 0.312 0.06 0.042 0.133 0.413 0.014 0.119 0.078 0.024 0.017 0.257 0.252 0.021 0.145 0.041 0.036 0.255 0.118 0.037 0.15 0.272 0.175 0.569 0.055 0.04 0.078 0.009 0.025 0.225 0.746 1 0.012 0.042 0.017 0.261 0.065 0.256 0.789 0.023 0.068 0.063 0.093 0.026 0.07 0.006 0.33 0.227 0.001 0.024 0.157 0.149 0.104 0 0.064 0.034 0.016 0 0.025 0.019 0.032 0.03 0.028 0.001 0.03 0.024 0.016 0.009 0.022 0.015 0.062 0.001 0.004 0.02
0.002 0.002 0.002 0.02 0 0.001 0.001 0.024 0.001 0.001 0.001 0.001 0.016 0.002 0.002 0 0.001 0.001 0.001 0.002 0.003 0.007 0.012 0.002 0.005 0.016 0.003 0.001 0 0.001 0.001 0.005 0.017 0.012 1 0.001 0 0.005 0.001 0.005 0.02 0.001 0.092 0.014 0.004 0.001 0.001 0.012 0.036 0.011 0.01 0.007 0.004 0.004 0.005 0.006 0.005 0.001 0 0.001 0.006 0.001 0.001 0.001 0.002 0.002 0.006 0.001 0 0.611 0.001 0 0.005 0.001 0.001 0.001
0.058 0.07 0.07 0.023 0.332 0.408 0.006 0.035 0.002 0.005 0.003 0.002 0.001 0.075 0.092 0.001 0.006 0.002 0.002 0.062 0.001 0.014 0.015 0.078 0.011 0.043 0.003 0.002 0.392 0.067 0.141 0.012 0.065 0.042 0.001 1 0.001 0.011 0.656 0.01 0.043 0.001 0.01 0.063 0.009 0.002 0.388 0.003 0.025 0.024 0.083 0.062 0.009 0.008 0.01 0.057 0.001 0.002 0.001 0.085 0.061 0.002 0.002 0.259 0.002 0.004 0.045 0.002 0.001 0.001 0.002 0.001 0.002 0.061 0 0.001
0.002 0.003 0.009 0.019 0.002 0.001 0.003 0.016 0.001 0.002 0.001 0.001 0 0.009 0.009 0 0 0.001 0.001 0.005 0.003 0.028 0.012 0.005 0.002 0.009 0.001 0.001 0.002 0.001 0.001 0.002 0.013 0.017 0 0.001 1 0.005 0.001 0.004 0.02 0.001 0.004 0.007 0.001 0.001 0.001 0.007 0.008 0.007 0.001 0.003 0.001 0.001 0.002 0.001 0.002 0.001 0 0.001 0.003 0.001 0 0.001 0 0.002 0.003 0.001 0 0.009 0.001 0 0.002 0.001 0.001 0.001
0.043 0.051 0.059 0.005 0.021 0.017 0.288 0.012 0.001 0.242 0.161 0.01 0.003 0.078 0.078 0.006 0.315 0.008 0.011 0.084 0.041 0.025 0 0.088 0.207 0.031 0.015 0.013 0.022 0.007 0.003 0.278 0.061 0.261 0.005 0.011 0.005 1 0.015 0.932 0.216 0.007 0.052 0.31 0.044 0.121 0.002 0.212 0.28 0.023 0.006 0.051 0.042 0.038 0.047 0.009 0.035 0.01 0.003 0.008 0.043 0.001 0.009 0.007 0.011 0.019 0.046 0 0.003 0.006 0.006 0.003 0.031 0.008 0 0.004
0.075 0.091 0.09 0.03 0.464 0.571 0.009 0.043 0.002 0.008 0.005 0.001 0.001 0.096 0.11 0.002 0.009 0.002 0.003 0.086 0.003 0.02 0.026 0.101 0.017 0.055 0.004 0.004 0.604 0.243 0.331 0.017 0.094 0.065 0.001 0.656 0.001 0.015 1 0.014 0.061 0.002 0.014 0.092 0.012 0.003 0.561 0.007 0.032 0.034 0.054 0.091 0.012 0.011 0.014 0.035 0.001 0.002 0.001 0.098 0.08 0.003 0.002 0.255 0 0.006 0.063 0.003 0.001 0.002 0 0.001 0.001 0.038 0.001 0.002
0.036 0.052 0.05 0.004 0.02 0.016 0.308 0.01 0 0.258 0.171 0.009 0.003 0.068 0.068 0.005 0.274 0.008 0.011 0.072 0.037 0.026 0 0.076 0.184 0.027 0.014 0.012 0.02 0.007 0.002 0.253 0.055 0.256 0.005 0.01 0.004 0.932 0.014 1 0.215 0.006 0.048 0.305 0.041 0.132 0.014 0.203 0.313 0.022 0.006 0.067 0.039 0.036 0.044 0.008 0.05 0.009 0.003 0.007 0.058 0.001 0.008 0.006 0.019 0.018 0.057 0.002 0.003 0.006 0.01 0.003 0.046 0.008 0.002 0.004
0.12 0.107 0.116 0.398 0.039 0.027 0.117 0.521 0.006 0.104 0.071 0.03 0.014 0.21 0.21 0.025 0.126 0.034 0.046 0.194 0.146 0.059 0.21 0.209 0.144 0.448 0.02 0.052 0.054 0.006 0.02 0.189 0.608 0.789 0.02 0.043 0.02 0.216 0.061 0.215 1 0.028 0.201 0.032 0.116 0.021 0.058 0 0.468 0.316 0.002 0.041 0.194 0.185 0.131 0 0.087 0.042 0.02 0 0.042 0.025 0.021 0.025 0.04 0.072 0.047 0.03 0.019 0.014 0.028 0.012 0.083 0.001 0.007 0.025
0.016 0.013 0.013 0.027 0.003 0.002 0.004 0.023 0.003 0.003 0.002 0.001 0 0.013 0.014 0 0.004 0.001 0.001 0.012 0.005 0.061 0.027 0.012 0.007 0.017 0.002 0.002 0.003 0.001 0.001 0.004 0.018 0.023 0.001 0.001 0.001 0.007 0.002 0.006 0.028 1 0.002 0.018 0.006 0.001 0.002 0.006 0.009 0.024 0.001 0.004 0.002 0.001 0.002 0.001 0.007 0.001 0.001 0.001 0.004 0.188 0.001 0.001 0.003 0 0.008 0.23 0.001 0 0.001 0 0.003 0.001 0.01 0.001
0.018 0.048 0.048 0.199 0 0.014 0.022 0.236 0.007 0.02 0.011 0.009 0.066 0.031 0.033 0.005 0.019 0.007 0.008 0.035 0.033 0.062 0.113 0.035 0.049 0.098 0.121 0.009 0 0.007 0.007 0.051 0.109 0.068 0.092 0.01 0.004 0.052 0.014 0.048 0.201 0.002 1 0.153 0.04 0.009 0.014 0.105 0.341 0.099 0.001 0.066 0.042 0.041 0.045 0 0.052 0.009 0.005 0.007 0.062 0.004 0.008 0.006 0.022 0.352 0.059 0.005 0.005 0.085 0.01 0.057 0.048 0.001 0 0.006
0.091 0.11 0.118 0.001 0.025 0.048 0.075 0.002 0.01 0.06 0.04 0.06 0.01 0.046 0.042 0.007 0.083 0.025 0.067 0.042 0.191 0.016 0.073 0.047 0.022 0 0.041 0.068 0.041 0.014 0.032 0.046 0.012 0.063 0.014 0.063 0.007 0.31 0.092 0.305 0.032 0.018 0.153 1 0.182 0.04 0.089 0.43 0.011 0.088 0 0.272 0.212 0.202 0.152 0.002 0.191 0.057 0.016 0.047 0.239 0.014 0.024 0.017 0.078 0.059 0.213 0.018 0.013 0.017 0.063 0.009 0.176 0.002 0.016 0.02
0.003 0.005 0.004 0.01 0.016 0.013 0 0.064 0.007 0.001 0.001 0.119 0.003 0.02 0.029 0.001 0 0.007 0.233 0.022 0.601 0.056 0.171 0.025 0.007 0.064 0.013 0.245 0.017 0.006 0.007 0.004 0.065 0.093 0.004 0.009 0.001 0.044 0.012 0.041 0.116 0.006 0.04 0.182 1 0.009 0.012 0.242 0.114 0.025 0.006 0.626 0.732 0.711 0.85 0.008 0.705 0.179 0.057 0.021 0.541 0.009 0.008 0.005 0.213 0.017 0.529 0.01 0.043 0.005 0.143 0.003 0.626 0.007 0.012 0.065
0.009 0.01 0.01 0.029 0.004 0.003 0.006 0.036 0.016 0.005 0.003 0.002 0.001 0.017 0.017 0.001 0.006 0.001 0.002 0.018 0.001 0.087 0.06 0.018 0.011 0.019 0 0.002 0.004 0.001 0.001 0.011 0.029 0.026 0.001 0.002 0.001 0.121 0.003 0.132 0.021 0.001 0.009 0.04 0.009 1 0.003 0.007 0.027 0.05 0.001 0.014 0.008 0.008 0.01 0.002 0.011 0.002 0.001 0.001 0.012 0.008 0.002 0.001 0.004 0.004 0.012 0.006 0.001 0.001 0.002 0.001 0.01 0.002 0.009 0.001
0.069 0.065 0.083 0.031 0.297 0.368 0.008 0.039 0.002 0.007 0.005 0.001 0.001 0.09 0.104 0.001 0 0.002 0.003 0.079 0.003 0.02 0.023 0.094 0.002 0.05 0.004 0.003 0.413 0.095 0.162 0.003 0.088 0.07 0.001 0.388 0.001 0.002 0.561 0.014 0.058 0.002 0.014 0.089 0.012 0.003 1 0.001 0.035 0.034 0.002 0.192 0.012 0.012 0.013 0.002 0.015 0.003 0.001 0.119 0.168 0.003 0.002 0.265 0.007 0.006 0.132 0.003 0.001 0.002 0.004 0.001 0.016 0.002 0.004 0.002
0.043 0.053 0.058 0.001 0.033 0.024 0.164 0.013 0 0.144 0.094 0.047 0.008 0.009 0.008 0.008 0.162 0.021 0.05 0.01 0.17 0.016 0.062 0.012 0.065 0.002 0.026 0.046 0.026 0.017 0.02 0.108 0 0.006 0.012 0.003 0.007 0.212 0.007 0.203 0 0.006 0.105 0.43 0.242 0.007 0.001 1 0.013 0.061 0.016 0.209 0.237 0.239 0.259 0.022 0.216 0.059 0.015 0.003 0.195 0.018 0.002 0 0.073 0.052 0.164 0.021 0.014 0.014 0.043 0.002 0.206 0.021 0.03 0.025
0.003 0 0 0.184 0.016 0.033 0.103 0.226 0.016 0.084 0.057 0.024 0.012 0.006 0.006 0.013 0.094 0.008 0.023 0.007 0.077 0.014 0.079 0.007 0.034 0.166 0.038 0.026 0.019 0.017 0.011 0.059 0.21 0.33 0.036 0.025 0.008 0.28 0.032 0.313 0.468 0.009 0.341 0.011 0.114 0.027 0.035 0.013 1 0.156 0.002 0.181 0.108 0.106 0.128 0.006 0.145 0.023 0.013 0.018 0.169 0.01 0.021 0.015 0.056 0.164 0.162 0.013 0.012 0.031 0.026 0.022 0.133 0.01 0.001 0.015
0.09 0.069 0.068 0.237 0.017 0.011 0.06 0.294 0.034 0.06 0.04 0.007 0.008 0.113 0.101 0.033 0.058 0.009 0.019 0.102 0.009 0.186 0.059 0.106 0.085 0.193 0.011 0.019 0.027 0.002 0.01 0.095 0.283 0.227 0.011 0.024 0.007 0.023 0.034 0.022 0.316 0.024 0.099 0.088 0.025 0.05 0.034 0.061 0.156 1 0.015 0.069 0.02 0.018 0.031 0.005 0.036 0.003 0.001 0.018 0.058 0.069 0.04 0.015 0.035 0.05 0.058 0.079 0.002 0.011 0 0.007 0.038 0.003 0.029 0.004
0.005 0.007 0.007 0.015 0.071 0.046 0.004 0.025 0.001 0.003 0.002 0.001 0.026 0.035 0.033 0.001 0.004 0 0.001 0.038 0.005 0.005 0.011 0.038 0.002 0.007 0.002 0.002 0.069 0.02 0.017 0.005 0.007 0.001 0.01 0.083 0.001 0.006 0.054 0.006 0.002 0.001 0.001 0 0.006 0.001 0.002 0.016 0.002 0.015 1 0.009 0.005 0.005 0.006 0.731 0.007 0.001 0.001 0.001 0.008 0.001 0.001 0.001 0.003 0.003 0.008 0.001 0.001 0.008 0.001 0 0.006 0.613 0.01 0.001
0.033 0.034 0.04 0 0.03 0.049 0.002 0.021 0.011 0.001 0 0.119 0.004 0 0 0.003 0 0.011 0.145 0 0.436 0.061 0.102 0 0.013 0.016 0.018 0.152 0.051 0.009 0.02 0.008 0.008 0.024 0.007 0.062 0.003 0.051 0.091 0.067 0.041 0.004 0.066 0.272 0.626 0.014 0.192 0.209 0.181 0.069 0.009 1 0.598 0.576 0.682 0.012 0.749 0.124 0.033 0.102 0.877 0.014 0.012 0.047 0.263 0.028 0.8 0.016 0.036 0.008 0.145 0.004 0.684 0.011 0.019 0.053
0.001 0.001 0.001 0.034 0.015 0.012 0.023 0.124 0.007 0.02 0.015 0.154 0.003 0.062 0.077 0.001 0.024 0.007 0.218 0.066 0.659 0.026 0.257 0.073 0.045 0.127 0.01 0.231 0.016 0.006 0.007 0.034 0.128 0.157 0.004 0.009 0.001 0.042 0.012 0.039 0.194 0.002 0.042 0.212 0.732 0.008 0.012 0.237 0.108 0.02 0.005 0.598 1 0.932 0.826 0.007 0.672 0.208 0.06 0.027 0.541 0.009 0.007 0.004 0.298 0.018 0.508 0.01 0.065 0.005 0.173 0.002 0.626 0.007 0.011 0.094
0.001 0.001 0.001 0.035 0.015 0.012 0.022 0.126 0.006 0.02 0.014 0.148 0.003 0.063 0.078 0.001 0.024 0.007 0.235 0.064 0.659 0.023 0.265 0.072 0.044 0.124 0.01 0.233 0.016 0.005 0.006 0.033 0.126 0.149 0.004 0.008 0.001 0.038 0.011 0.036 0.185 0.001 0.041 0.202 0.711 0.008 0.012 0.239 0.106 0.018 0.005 0.576 0.932 1 0.807 0.007 0.656 0.212 0.071 0.012 0.551 0.008 0.007 0.004 0.292 0.018 0.494 0.009 0.076 0.005 0.177 0.002 0.609 0.007 0.011 0.106
0.001 0.002 0.002 0.016 0.019 0.015 0 0.079 0.008 0 0 0.115 0.003 0.025 0.035 0.002 0 0.008 0.207 0.027 0.56 0.033 0.196 0.031 0.01 0.075 0.012 0.217 0.019 0.007 0.008 0.005 0.076 0.104 0.005 0.01 0.002 0.047 0.014 0.044 0.131 0.002 0.045 0.152 0.85 0.01 0.013 0.259 0.128 0.031 0.006 0.682 0.826 0.807 1 0.009 0.776 0.175 0.057 0.021 0.619 0.009 0.009 0.005 0.27 0.022 0.59 0.01 0.049 0.006 0.145 0.003 0.702 0.008 0.013 0.087
0.007 0.011 0.01 0.013 0.046 0.029 0.005 0.023 0.001 0.004 0.003 0.002 0.017 0.037 0.034 0.001 0.005 0 0.002 0.041 0.006 0.002 0.008 0.04 0.007 0.003 0.002 0.002 0.045 0.013 0.011 0.008 0.001 0 0.006 0.057 0.001 0.009 0.035 0.008 0 0.001 0 0.002 0.008 0.002 0.002 0.022 0.006 0.005 0.731 0.012 0.007 0.007 0.009 1 0.01 0.002 0.001 0.001 0.011 0.002 0.001 0.001 0.004 0.004 0.011 0.002 0.001 0.004 0.002 0 0.009 0.79 0.061 0.001
0.011 0.009 0.013 0.005 0 0.003 0.001 0.037 0.009 0 0 0.116 0.004 0.003 0.007 0 0 0.009 0.181 0.005 0.465 0.041 0.142 0.007 0.007 0.04 0.014 0.191 0 0.001 0 0.005 0.039 0.064 0.005 0.001 0.002 0.035 0.001 0.05 0.087 0.007 0.052 0.191 0.705 0.011 0.015 0.216 0.145 0.036 0.007 0.749 0.672 0.656 0.776 0.01 1 0.114 0.075 0.127 0.721 0.012 0.01 0.006 0.291 0.025 0.661 0.013 0.084 0.006 0.14 0.003 0.879 0.009 0.015 0.105
0.053 0.064 0.063 0.026 0.003 0.002 0.005 0.033 0.001 0.005 0.003 0 0 0.017 0.017 0.001 0.006 0.001 0.002 0.016 0.204 0.012 0.057 0.016 0.01 0.028 0.003 0.002 0.003 0.001 0.001 0.011 0.027 0.034 0.001 0.002 0.001 0.01 0.002 0.009 0.042 0.001 0.009 0.057 0.179 0.002 0.003 0.059 0.023 0.003 0.001 0.124 0.208 0.212 0.175 0.002 0.114 1 0.001 0.001 0.13 0.001 0.002 0.001 0.001 0.004 0.068 0.001 0.001 0.001 0.248 0.001 0.075 0.001 0.002 0.001
0.003 0.002 0.002 0.009 0 0.001 0.001 0.007 0.001 0.001 0.002 0.251 0 0.004 0.004 0.008 0.003 0.001 0.001 0.009 0.055 0 0.029 0.009 0.006 0.016 0.001 0.001 0.002 0.001 0.001 0.006 0.014 0.016 0 0.001 0 0.003 0.001 0.003 0.02 0.001 0.005 0.016 0.057 0.001 0.001 0.015 0.013 0.001 0.001 0.033 0.06 0.071 0.057 0.001 0.075 0.001 1 0.001 0.064 0.001 0.001 0.001 0.002 0.002 0.065 0.001 0.242 0.001 0.016 0 0.081 0.001 0.001 0.393
0.013 0.005 0.005 0 0.078 0.098 0.004 0 0.001 0.004 0.003 0.045 0 0.008 0.007 0.001 0.005 0.001 0.002 0.007 0.004 0.011 0 0.007 0.008 0.001 0.002 0.002 0.075 0.007 0.054 0.009 0.001 0 0.001 0.085 0.001 0.008 0.098 0.007 0 0.001 0.007 0.047 0.021 0.001 0.119 0.003 0.018 0.018 0.001 0.102 0.027 0.012 0.021 0.001 0.127 0.001 0.001 1 0.1 0.001 0.001 0.001 0.008 0.003 0.046 0.002 0.001 0.001 0.006 0 0.128 0.001 0.002 0.001
0.033 0.033 0.039 0 0.03 0.048 0.003 0.022 0.01 0.002 0.002 0.102 0.004 0 0 0 0 0.011 0.115 0 0.382 0.046 0.101 0 0.014 0.02 0.017 0.112 0.041 0.005 0.014 0.013 0.01 0.025 0.006 0.061 0.003 0.043 0.08 0.058 0.042 0.004 0.062 0.239 0.541 0.012 0.168 0.195 0.169 0.058 0.008 0.877 0.541 0.551 0.619 0.011 0.721 0.13 0.064 0.1 1 0.013 0.012 0.05 0.206 0.029 0.809 0.015 0.072 0.008 0.154 0.004 0.707 0.011 0.018 0.09
0.021 0.017 0.017 0.035 0.003 0.003 0.005 0.029 0.002 0.004 0.003 0.002 0 0.01 0.011 0 0.005 0.001 0.002 0.012 0.008 0.077 0.031 0.012 0.007 0.025 0.003 0.002 0.003 0.001 0.002 0.011 0.028 0.019 0.001 0.002 0.001 0.001 0.003 0.001 0.025 0.188 0.004 0.014 0.009 0.008 0.003 0.018 0.01 0.069 0.001 0.014 0.009 0.008 0.009 0.002 0.012 0.001 0.001 0.001 0.013 1 0.002 0.001 0.004 0.004 0.013 0.885 0.001 0.001 0.002 0.001 0.011 0.002 0.098 0.001
0.008 0.009 0.006 0.021 0.003 0.003 0.005 0.026 0.334 0.004 0.003 0.001 0.001 0.004 0.003 0.001 0.005 0.001 0.002 0.011 0.006 0.001 0 0.011 0.006 0.021 0.056 0.002 0.003 0.001 0.001 0.01 0.025 0.032 0.001 0.002 0 0.009 0.002 0.008 0.021 0.001 0.008 0.024 0.008 0.002 0.002 0.002 0.021 0.04 0.001 0.012 0.007 0.007 0.009 0.001 0.01 0.002 0.001 0.001 0.012 0.002 1 0.001 0.004 0.004 0.011 0.002 0.001 0.001 0.002 0 0.009 0.001 0.002 0.001
0.013 0.017 0.017 0.011 0.075 0.094 0.002 0.016 0.001 0.001 0.002 0.006 0 0.033 0.049 0.001 0.004 0.001 0.001 0.021 0 0.009 0.004 0.033 0 0.017 0.002 0.002 0.118 0.074 0.064 0 0.04 0.03 0.001 0.259 0.001 0.007 0.255 0.006 0.025 0.001 0.006 0.017 0.005 0.001 0.265 0 0.015 0.015 0.001 0.047 0.004 0.004 0.005 0.001 0.006 0.001 0.001 0.001 0.05 0.001 0.001 1 0.004 0.003 0.052 0.001 0.001 0.001 0.001 0 0.005 0.001 0.002 0.001
0.009 0.009 0.007 0.024 0 0 0.011 0.023 0.003 0.01 0.008 0 0.001 0.006 0.007 0 0.003 0.004 0.472 0.005 0.22 0.011 0.08 0.006 0.006 0.022 0.004 0.497 0 0.003 0.001 0.002 0.022 0.028 0.002 0.002 0 0.011 0 0.019 0.04 0.003 0.022 0.078 0.213 0.004 0.007 0.073 0.056 0.035 0.003 0.263 0.298 0.292 0.27 0.004 0.291 0.001 0.002 0.008 0.206 0.004 0.004 0.004 1 0.01 0.28 0.005 0.002 0.002 0 0.001 0.267 0.004 0.006 0.002
0.009 0.032 0.033 0.076 0.006 0.005 0.007 0.092 0.003 0.006 0.005 0.004 0 0.021 0.03 0.002 0.008 0.003 0.005 0.029 0.016 0.022 0.045 0.029 0.017 0.005 0.219 0.005 0.009 0.003 0.003 0.018 0.006 0.001 0.002 0.004 0.002 0.019 0.006 0.018 0.072 0 0.352 0.059 0.017 0.004 0.006 0.052 0.164 0.05 0.003 0.028 0.018 0.018 0.022 0.004 0.025 0.004 0.002 0.003 0.029 0.004 0.004 0.003 0.01 1 0.028 0.005 0.002 0.002 0.004 0.001 0.023 0.003 0 0.003
0.011 0.018 0.02 0.003 0.021 0.036 0.002 0.022 0.01 0.001 0.001 0.131 0.004 0 0 0 0 0.01 0.162 0.001 0.438 0.04 0.092 0.001 0.014 0.024 0.016 0.17 0.032 0.005 0.014 0.011 0.013 0.03 0.006 0.045 0.003 0.046 0.063 0.057 0.047 0.008 0.059 0.213 0.529 0.012 0.132 0.164 0.162 0.058 0.008 0.8 0.508 0.494 0.59 0.011 0.661 0.068 0.065 0.046 0.809 0.013 0.011 0.052 0.28 0.028 1 0.015 0.075 0.007 0.163 0.004 0.596 0.01 0.008 0.092
0.024 0.02 0.02 0.041 0.004 0.004 0.005 0.034 0.002 0.005 0.004 0.002 0 0.012 0.013 0 0.006 0.002 0.003 0.014 0.009 0.093 0.04 0.014 0.008 0.029 0.003 0.003 0.004 0.002 0.002 0.013 0.032 0.024 0.001 0.002 0.001 0 0.003 0.002 0.03 0.23 0.005 0.018 0.01 0.006 0.003 0.021 0.013 0.079 0.001 0.016 0.01 0.009 0.01 0.002 0.013 0.001 0.001 0.002 0.015 0.885 0.002 0.001 0.005 0.005 0.015 1 0.001 0.001 0.002 0.001 0.012 0.002 0.119 0.001
0 0 0 0.003 0 0.001 0.001 0.007 0.001 0.001 0.002 0.11 0 0.004 0.004 0.009 0.003 0.001 0.001 0.009 0.06 0 0.032 0.009 0.006 0.016 0.001 0.001 0.002 0 0.001 0.006 0.015 0.016 0 0.001 0 0.003 0.001 0.003 0.019 0.001 0.005 0.013 0.043 0.001 0.001 0.014 0.012 0.002 0.001 0.036 0.065 0.076 0.049 0.001 0.084 0.001 0.242 0.001 0.072 0.001 0.001 0.001 0.002 0.002 0.075 0.001 1 0.001 0.001 0 0.091 0.001 0.001 0.587
0.001 0.005 0.005 0.015 0 0.002 0.002 0.018 0.001 0.001 0.001 0.001 0.005 0.005 0.001 0.001 0.002 0.001 0.001 0.004 0.004 0.002 0.007 0.004 0.006 0.013 0.002 0.001 0 0.001 0.001 0.007 0.014 0.009 0.611 0.001 0.009 0.006 0.002 0.006 0.014 0 0.085 0.017 0.005 0.001 0.002 0.014 0.031 0.011 0.008 0.008 0.005 0.005 0.006 0.004 0.006 0.001 0.001 0.001 0.008 0.001 0.001 0.001 0.002 0.002 0.007 0.001 0.001 1 0.001 0 0.006 0.001 0.001 0.001
0.026 0.026 0.033 0.007 0 0 0.006 0.011 0.002 0.006 0.004 0.017 0.001 0.002 0.007 0.001 0.003 0.002 0.002 0.005 0.129 0.013 0.029 0.006 0.007 0.015 0.003 0.003 0 0.004 0.003 0.007 0.014 0.022 0.001 0.002 0.001 0.006 0 0.01 0.028 0.001 0.01 0.063 0.143 0.002 0.004 0.043 0.026 0 0.001 0.145 0.173 0.177 0.145 0.002 0.14 0.248 0.016 0.006 0.154 0.002 0.002 0.001 0 0.004 0.163 0.002 0.001 0.001 1 0.001 0.112 0.002 0.003 0.002
0 0.006 0.006 0.01 0.001 0.001 0.002 0.012 0 0.002 0.001 0.001 0 0.006 0.004 0 0.002 0 0 0.005 0.001 0.004 0.005 0.005 0.003 0.015 0.001 0 0.001 0 0 0.003 0.018 0.015 0 0.001 0 0.003 0.001 0.003 0.012 0 0.057 0.009 0.003 0.001 0.001 0.002 0.022 0.007 0 0.004 0.002 0.002 0.003 0 0.003 0.001 0 0 0.004 0.001 0 0 0.001 0.001 0.004 0.001 0 0 0.001 1 0.003 0 0.001 0
0.005 0.005 0.007 0.008 0.001 0.003 0.002 0.035 0.008 0.001 0.001 0.1 0.004 0.003 0.008 0 0 0.008 0.187 0.006 0.41 0.033 0.132 0.008 0.008 0.039 0.013 0.197 0 0.001 0.001 0.007 0.038 0.062 0.005 0.002 0.002 0.031 0.001 0.046 0.083 0.003 0.048 0.176 0.626 0.01 0.016 0.206 0.133 0.038 0.006 0.684 0.626 0.609 0.702 0.009 0.879 0.075 0.081 0.128 0.707 0.011 0.009 0.005 0.267 0.023 0.596 0.012 0.091 0.006 0.112 0.003 1 0.008 0.014 0.114
0.009 0.013 0.013 0.01 0.051 0.033 0.005 0.018 0.001 0.004 0.003 0.001 0.019 0.042 0.039 0.001 0.005 0 0.002 0.046 0.006 0.001 0.005 0.046 0.008 0.001 0.002 0.002 0.049 0.015 0.012 0.007 0 0.001 0.001 0.061 0.001 0.008 0.038 0.008 0.001 0.001 0.001 0.002 0.007 0.002 0.002 0.021 0.01 0.003 0.613 0.011 0.007 0.007 0.008 0.79 0.009 0.001 0.001 0.001 0.011 0.002 0.001 0.001 0.004 0.003 0.01 0.002 0.001 0.001 0.002 0 0.008 1 0.066 0.001
0.002 0.001 0.001 0.004 0.003 0 0.007 0.001 0.002 0.006 0.004 0.002 0.009 0 0 0.001 0.007 0.002 0.003 0 0.003 0.027 0.002 0 0.002 0.002 0.004 0.003 0.003 0.002 0.001 0.015 0.009 0.004 0.001 0 0.001 0 0.001 0.002 0.007 0.01 0 0.016 0.012 0.009 0.004 0.03 0.001 0.029 0.01 0.019 0.011 0.011 0.013 0.061 0.015 0.002 0.001 0.002 0.018 0.098 0.002 0.002 0.006 0 0.008 0.119 0.001 0.001 0.003 0.001 0.014 0.066 1 0.002
0 0 0 0.002 0 0 0.002 0.01 0.001 0.001 0.002 0.135 0 0.006 0.006 0.006 0.004 0.001 0.001 0.011 0.087 0 0.043 0.011 0.007 0.019 0.002 0.001 0.003 0.001 0.001 0.007 0.017 0.02 0.001 0.001 0.001 0.004 0.002 0.004 0.025 0.001 0.006 0.02 0.065 0.001 0.002 0.025 0.015 0.004 0.001 0.053 0.094 0.106 0.087 0.001 0.105 0.001 0.393 0.001 0.09 0.001 0.001 0.001 0.002 0.003 0.092 0.001 0.587 0.001 0.002 0 0.114 0.001 0.002 1
