1 0.827 0.85 0.47 0.178 0.113 0.212 0.27 0.016 0.182 0.102 0.033 0.055 0.515 0.505 0.004 0.23 0.045 0.031 0.521 0.003 0.156 0.123 0.556 0.314 0.273 0.004 0.035 0.155 0.049 0.044 0.244 0.223 0.121 0.004 0.07 0.012 0.039 0.083 0.016 0.121 0.025 0.006 0.051 0.002 0.011 0.089 0.015 0.003 0.045 0.016 0.014 0.007 0.006 0.003 0.013 0 0.053 0.013 0.005 0.012 0.006 0.004 0.036 0.01 0.002 0.002 0.007 0.01 0.007 0.018 0.013 0 0.015 0.01 0.006
0.827 1 0.939 0.439 0.212 0.134 0.253 0.233 0.013 0.217 0.121 0.028 0.065 0.58 0.558 0.003 0.251 0.055 0.026 0.569 0 0.132 0.102 0.61 0.327 0.273 0.026 0.029 0.187 0.059 0.054 0.28 0.24 0.138 0.005 0.084 0.01 0.049 0.101 0.028 0.111 0.021 0.025 0.069 0.001 0.013 0.087 0.021 0 0.034 0.021 0.016 0.005 0.005 0.001 0.018 0.001 0.064 0.01 0 0.014 0.003 0.012 0.043 0.01 0.031 0.009 0.004 0.007 0.01 0.024 0.011 0 0.021 0.007 0.004
0.85 0.939 1 0.452 0.197 0.122 0.244 0.246 0.014 0.21 0.118 0.029 0.063 0.597 0.574 0.003 0.266 0.053 0.027 0.597 0.001 0.13 0.103 0.639 0.367 0.298 0.027 0.03 0.173 0.049 0.046 0.29 0.244 0.14 0.005 0.073 0.011 0.054 0.09 0.025 0.113 0.022 0.023 0.067 0.002 0.013 0.104 0.022 0 0.032 0.016 0.018 0.006 0.006 0.002 0.013 0.001 0.062 0.01 0 0.016 0.004 0.003 0.042 0.007 0.032 0.008 0.005 0.008 0.01 0.023 0.011 0 0.016 0.008 0.004
0.47 0.439 0.452 1 0.094 0.058 0.115 0.744 0.03 0.098 0.055 0.061 0.03 0.281 0.279 0.008 0.125 0.033 0.057 0.283 0.026 0.306 0.347 0.331 0.2 0.598 0 0.048 0.077 0.026 0.021 0.13 0.537 0.317 0.022 0.035 0.024 0.003 0.04 0 0.369 0.032 0.189 0.002 0.039 0.031 0.044 0.011 0.144 0.143 0.024 0.007 0.055 0.064 0.029 0.019 0.012 0.027 0.001 0.002 0.003 0.013 0.014 0.016 0.034 0.046 0.005 0.015 0.003 0.017 0.003 0.014 0.026 0.011 0.01 0.016
0.178 0.212 0.197 0.094 1 0.622 0.012 0.108 0.003 0.011 0.006 0.006 0.308 0.217 0.209 0 0.016 0.004 0.005 0.216 0.02 0.022 0.054 0.221 0.024 0.116 0.006 0.006 0.869 0.267 0.274 0.025 0.106 0.07 0.001 0.359 0.002 0.026 0.464 0.022 0.054 0.004 0.008 0.004 0.023 0.004 0.178 0.055 0.001 0.017 0.065 0.007 0.024 0.023 0.03 0.055 0.011 0.004 0.002 0.025 0.006 0.001 0.003 0.194 0.003 0.007 0.002 0.001 0.003 0 0.004 0.002 0.008 0.064 0.001 0.003
0.113 0.134 0.122 0.058 0.622 1 0.008 0.074 0.002 0.007 0.004 0.004 0.002 0.146 0.141 0 0.01 0.002 0.003 0.143 0.013 0.016 0.036 0.144 0.015 0.076 0.003 0.004 0.573 0.437 0.45 0.016 0.066 0.041 0.002 0.585 0.001 0.016 0.755 0.014 0.029 0.003 0.015 0.039 0.014 0.002 0.301 0.032 0.03 0.012 0.073 0.033 0.015 0.014 0.019 0.063 0.002 0.002 0.001 0.046 0.032 0.004 0.002 0.312 0 0.004 0.019 0.004 0.001 0 0.002 0.001 0.001 0.074 0 0.001
0.212 0.253 0.244 0.115 0.012 0.008 1 0.139 0.003 0.859 0.481 0.007 0.004 0.266 0.257 0.001 0.723 0.004 0.007 0.273 0.021 0.039 0.076 0.286 0.477 0.155 0.007 0.007 0.013 0.003 0.004 0.43 0.139 0.093 0 0.005 0.003 0.263 0.007 0.286 0.089 0.005 0.018 0.058 0.001 0.004 0.008 0.124 0.103 0.034 0.004 0.012 0.023 0.023 0.003 0.005 0.006 0.005 0.003 0.003 0.011 0.002 0.004 0.004 0.013 0.007 0.011 0.002 0.002 0.002 0.006 0.003 0.01 0.005 0.005 0.004
0.27 0.233 0.246 0.744 0.108 0.074 0.139 1 0.024 0.119 0.067 0.05 0.036 0.378 0.358 0.006 0.154 0.04 0.036 0.36 0.136 0.248 0.49 0.412 0.246 0.729 0 0.029 0.099 0.032 0.027 0.182 0.692 0.452 0.029 0.045 0.02 0.015 0.052 0.004 0.521 0.025 0.228 0.011 0.099 0.03 0.056 0.021 0.208 0.208 0.032 0.04 0.151 0.165 0.092 0.026 0.051 0.031 0 0.001 0.028 0.019 0.014 0.022 0.028 0.057 0.032 0.022 0.005 0.023 0.028 0.017 0.062 0.016 0.006 0.03
0.016 0.013 0.014 0.03 0.003 0.002 0.003 0.024 1 0.003 0.002 0.002 0.001 0.007 0.005 0 0.004 0.001 0.002 0.012 0.003 0.003 0.008 0.011 0.007 0.019 0.097 0 0.002 0.001 0.001 0.007 0.019 0.018 0.001 0 0.001 0.003 0.001 0.002 0.012 0.003 0.006 0.011 0.004 0.002 0.001 0.001 0.015 0.03 0.001 0.006 0.004 0.004 0.006 0.001 0.007 0.001 0.001 0.001 0.007 0.002 0.393 0.001 0.002 0.002 0.007 0.002 0.001 0.001 0.001 0.001 0.006 0 0.001 0.001
0.182 0.217 0.21 0.098 0.011 0.007 0.859 0.119 0.003 1 0.56 0.006 0.003 0.227 0.219 0.001 0.637 0.004 0.006 0.233 0.018 0.033 0.065 0.245 0.405 0.132 0.006 0.006 0.011 0.003 0.004 0.362 0.116 0.079 0 0.004 0.002 0.209 0.006 0.225 0.076 0.005 0.014 0.044 0 0.004 0.007 0.099 0.08 0.038 0.004 0.008 0.021 0.02 0.002 0.004 0.004 0.004 0.002 0.002 0.008 0.001 0.003 0.003 0.012 0.006 0.008 0.002 0.002 0.001 0.005 0.002 0.008 0.004 0.005 0.003
0.102 0.121 0.118 0.055 0.006 0.004 0.481 0.067 0.002 0.56 1 0.003 0.002 0.132 0.127 0.001 0.381 0.002 0.003 0.135 0.011 0.019 0.038 0.142 0.224 0.077 0.003 0.004 0.006 0.002 0.002 0.215 0.077 0.051 0 0.002 0.001 0.118 0.003 0.119 0.052 0.003 0.005 0.023 0 0.002 0.004 0.045 0.048 0.029 0.002 0.002 0.013 0.013 0 0.002 0.001 0.002 0.002 0.001 0.004 0.003 0.002 0.002 0.006 0.004 0.004 0.003 0.003 0 0.003 0.001 0.007 0.002 0.002 0.003
0.033 0.028 0.029 0.061 0.006 0.004 0.007 0.05 0.002 0.006 0.003 1 0.002 0.016 0.016 0.001 0.009 0.002 0.003 0.007 0.273 0.018 0.079 0.024 0.014 0.044 0.003 0.003 0.006 0.002 0.002 0.006 0.042 0.055 0.001 0.002 0.001 0.015 0.003 0.013 0.061 0.003 0.013 0.071 0.194 0.002 0.003 0.046 0.032 0.011 0.002 0.138 0.218 0.187 0.141 0.002 0.145 0 0.057 0.054 0.109 0.003 0.002 0.001 0 0.004 0.123 0.004 0.096 0.003 0.046 0.001 0.138 0.002 0.003 0.098
0.055 0.065 0.063 0.03 0.308 0.002 0.004 0.036 0.001 0.003 0.002 0.002 1 0.071 0.069 0 0.005 0.001 0.002 0.073 0.006 0.01 0.021 0.077 0.008 0.042 0.002 0.002 0.283 0.001 0.001 0.008 0.042 0.032 0 0.001 0.001 0.008 0.002 0.007 0.029 0.001 0.106 0.026 0.008 0.001 0.002 0.02 0.033 0.008 0.005 0.012 0.008 0.008 0.01 0.004 0.011 0.001 0.001 0.001 0.012 0.002 0.001 0.001 0.004 0.002 0.013 0.002 0.002 0 0.002 0.001 0.01 0.004 0.002 0.002
0.515 0.58 0.597 0.281 0.217 0.146 0.266 0.378 0.007 0.227 0.132 0.016 0.071 1 0.928 0.003 0.313 0.078 0.017 0.771 0.068 0.105 0.222 0.819 0.475 0.384 0.018 0.02 0.206 0.064 0.086 0.354 0.328 0.25 0.004 0.093 0.01 0.101 0.112 0.059 0.224 0.019 0.017 0.038 0.038 0.011 0.121 0.006 0.011 0.069 0.044 0 0.07 0.074 0.044 0.039 0.013 0.012 0.011 0.003 0 0.007 0.002 0.05 0.005 0.027 0.002 0.009 0.017 0.009 0.008 0.01 0.01 0.042 0.003 0.019
0.505 0.558 0.574 0.279 0.209 0.141 0.257 0.358 0.005 0.219 0.127 0.016 0.069 0.928 1 0.003 0.302 0.076 0.018 0.777 0.07 0.106 0.224 0.826 0.46 0.401 0.015 0.021 0.199 0.062 0.083 0.369 0.326 0.252 0.005 0.092 0.01 0.1 0.111 0.059 0.226 0.02 0.014 0.03 0.048 0.009 0.119 0.003 0.013 0.058 0.042 0.001 0.084 0.088 0.054 0.037 0.019 0.012 0.011 0.002 0.001 0.008 0.001 0.051 0.006 0.029 0.005 0.009 0.017 0.006 0.016 0.006 0.016 0.041 0.003 0.019
0.004 0.003 0.003 0.008 0 0 0.001 0.006 0 0.001 0.001 0.001 0 0.003 0.003 1 0.002 0 0.002 0.005 0 0.023 0.017 0.005 0.003 0.003 0.001 0.002 0.001 0 0 0.003 0.009 0.011 0 0.001 0 0.003 0.001 0.002 0.012 0.001 0.003 0 0 0 0.001 0.003 0.006 0.013 0 0.001 0 0 0 0 0 0 0.001 0 0 0.001 0 0 0 0.001 0 0 0 0.001 0.001 0 0 0 0.001 0
0.23 0.251 0.266 0.125 0.016 0.01 0.723 0.154 0.004 0.637 0.381 0.009 0.005 0.313 0.302 0.002 1 0.005 0.008 0.354 0.03 0.048 0.101 0.371 0.6 0.201 0.008 0.009 0.016 0.004 0.006 0.548 0.174 0.119 0.001 0.007 0 0.352 0.01 0.215 0.112 0.007 0.021 0.084 0.004 0.005 0.022 0.159 0.066 0.044 0.005 0 0.027 0.027 0.003 0.006 0.001 0.006 0.006 0.004 0 0.003 0.005 0.005 0 0.009 0 0.004 0.007 0.003 0.008 0.003 0 0.006 0.007 0.007
0.045 0.055 0.053 0.033 0.004 0.002 0.004 0.04 0.001 0.004 0.002 0.002 0.001 0.078 0.076 0 0.005 1 0.002 0.08 0.007 0.011 0.023 0.084 0.146 0.041 0.002 0.002 0.004 0.001 0.001 0.129 0.041 0.031 0.001 0.002 0.001 0.009 0.002 0.006 0.028 0.002 0.008 0.026 0.008 0.001 0.002 0.022 0.01 0 0.027 0.013 0.008 0.008 0.011 0.024 0.012 0.001 0 0.001 0.014 0.002 0.001 0.001 0.005 0.002 0.014 0.002 0.002 0.002 0.002 0.001 0.01 0.023 0.002 0.002
0.031 0.026 0.027 0.057 0.005 0.003 0.007 0.036 0.002 0.006 0.003 0.003 0.002 0.017 0.018 0.002 0.008 0.002 1 0.023 0.273 0.017 0.081 0.022 0.013 0.041 0.003 0.885 0.006 0.002 0.002 0.013 0.033 0.041 0.001 0.002 0.001 0.013 0.003 0.012 0.05 0.002 0.007 0.057 0.201 0.002 0.004 0.047 0.023 0.016 0.002 0.125 0.168 0.186 0.155 0.002 0.133 0.002 0 0.001 0.085 0.003 0.002 0.002 0.343 0.004 0.12 0.003 0 0.002 0.003 0.001 0.149 0.002 0.003 0.001
0.521 0.569 0.597 0.283 0.216 0.143 0.273 0.36 0.012 0.233 0.135 0.007 0.073 0.771 0.777 0.005 0.354 0.08 0.023 1 0.057 0.116 0.22 0.911 0.525 0.442 0.023 0.023 0.202 0.066 0.062 0.426 0.347 0.225 0.004 0.083 0.005 0.081 0.104 0.043 0.192 0.009 0.016 0.031 0.03 0.015 0.116 0.007 0.007 0.064 0.046 0 0.062 0.065 0.037 0.04 0.01 0.016 0.013 0.003 0 0.004 0.004 0.041 0.004 0.028 0.002 0.005 0.019 0.008 0.006 0.01 0.009 0.044 0.001 0.021
0.003 0 0.001 0.026 0.02 0.013 0.021 0.136 0.003 0.018 0.011 0.273 0.006 0.068 0.07 0 0.03 0.007 0.273 0.057 1 0.054 0.281 0.08 0.046 0.141 0.011 0.306 0.021 0.006 0.008 0.038 0.136 0.176 0.005 0.008 0.004 0.049 0.011 0.042 0.2 0.009 0.038 0.201 0.609 0.004 0.012 0.132 0.094 0.01 0.007 0.444 0.675 0.619 0.518 0.008 0.461 0.182 0.009 0.009 0.326 0.012 0.006 0.005 0.152 0.013 0.425 0.012 0.045 0.009 0.2 0.001 0.429 0.008 0.004 0.067
0.156 0.132 0.13 0.306 0.022 0.016 0.039 0.248 0.003 0.033 0.019 0.018 0.01 0.105 0.106 0.023 0.048 0.011 0.017 0.116 0.054 1 0.407 0.13 0.075 0.219 0.011 0.019 0.033 0.009 0.012 0.046 0.178 0.031 0.007 0.014 0.053 0.031 0.019 0.046 0.043 0.077 0.062 0.003 0.029 0.09 0.021 0.002 0.005 0.112 0.006 0.039 0.016 0.01 0.016 0.003 0.03 0.012 0 0.007 0.033 0.045 0.004 0.006 0.002 0.014 0.032 0.054 0 0.001 0.015 0.007 0.02 0 0.037 0.001
0.123 0.102 0.103 0.347 0.054 0.036 0.076 0.49 0.008 0.065 0.038 0.079 0.021 0.222 0.224 0.017 0.101 0.023 0.081 0.22 0.281 0.407 1 0.271 0.156 0.462 0.029 0.092 0.068 0.019 0.025 0.106 0.403 0.209 0.015 0.027 0.023 0 0.039 0.002 0.255 0.031 0.128 0.112 0.236 0.047 0.043 0.076 0.082 0.03 0.016 0.14 0.307 0.305 0.228 0.012 0.163 0.053 0.006 0.005 0.098 0.006 0.013 0.014 0.074 0.035 0.109 0.009 0.023 0.009 0.055 0.008 0.172 0.005 0.002 0.048
0.556 0.61 0.639 0.331 0.221 0.144 0.286 0.412 0.011 0.245 0.142 0.024 0.077 0.819 0.826 0.005 0.371 0.084 0.022 0.911 0.08 0.13 0.271 1 0.575 0.504 0.022 0.025 0.224 0.069 0.065 0.47 0.397 0.271 0.004 0.098 0.005 0.099 0.12 0.055 0.236 0.018 0.014 0.031 0.045 0.015 0.132 0.006 0.013 0.069 0.048 0.001 0.086 0.085 0.053 0.043 0.019 0.015 0.012 0.001 0.001 0.009 0.004 0.053 0.006 0.026 0.005 0.011 0.018 0.008 0.019 0.009 0.016 0.047 0.005 0.02
0.314 0.327 0.367 0.2 0.024 0.015 0.477 0.246 0.007 0.405 0.224 0.014 0.008 0.475 0.46 0.003 0.6 0.146 0.013 0.525 0.046 0.075 0.156 0.575 1 0.282 0.013 0.014 0.025 0.007 0.009 0.795 0.227 0.154 0.006 0.011 0.002 0.241 0.015 0.153 0.142 0.01 0.048 0.026 0.016 0.008 0.008 0.072 0.024 0.043 0.004 0.009 0.047 0.047 0.017 0.004 0.004 0.009 0.006 0.006 0.009 0.008 0.001 0.007 0.002 0.015 0.012 0.008 0.01 0.011 0.012 0.005 0.005 0.004 0.009 0.011
0.273 0.273 0.298 0.598 0.116 0.076 0.155 0.729 0.019 0.132 0.077 0.044 0.042 0.384 0.401 0.003 0.201 0.041 0.041 0.442 0.141 0.219 0.462 0.504 0.282 1 0.041 0.046 0.121 0.038 0.032 0.246 0.836 0.596 0.019 0.055 0.011 0.023 0.064 0.008 0.527 0.033 0.163 0.007 0.111 0.022 0.071 0.014 0.18 0.168 0.017 0.039 0.166 0.164 0.094 0.013 0.059 0.028 0.002 0 0.024 0.024 0.011 0.027 0.03 0.009 0.035 0.027 0.006 0.018 0.036 0.02 0.074 0.007 0.009 0.037
0.004 0.026 0.027 0 0.006 0.003 0.007 0 0.097 0.006 0.003 0.003 0.002 0.018 0.015 0.001 0.008 0.002 0.003 0.023 0.011 0.011 0.029 0.022 0.013 0.041 1 0.003 0.006 0.002 0.002 0.013 0.04 0.053 0.004 0.002 0.001 0.014 0.003 0.012 0 0.002 0.032 0.032 0.013 0.001 0.004 0.01 0.004 0.001 0.002 0.018 0.01 0.01 0.014 0.002 0.016 0.002 0.002 0.001 0.018 0.003 0.13 0.002 0.005 0.099 0.018 0.003 0.003 0.001 0.003 0.001 0.013 0.002 0.003 0.003
0.035 0.029 0.03 0.048 0.006 0.004 0.007 0.029 0 0.006 0.004 0.003 0.002 0.02 0.021 0.002 0.009 0.002 0.885 0.023 0.306 0.019 0.092 0.025 0.014 0.046 0.003 1 0.006 0.002 0.002 0.015 0.038 0.048 0.002 0.003 0.001 0.015 0.004 0.013 0.057 0.003 0.009 0.064 0.228 0.002 0.004 0.037 0.027 0.019 0.002 0.141 0.194 0.174 0.175 0.002 0.151 0.002 0 0.002 0.073 0.004 0.002 0.002 0.391 0.004 0.136 0.004 0.001 0.003 0.003 0.001 0.169 0.002 0.003 0.001
0.155 0.187 0.173 0.077 0.869 0.573 0.013 0.099 0.002 0.011 0.006 0.006 0.283 0.206 0.199 0.001 0.016 0.004 0.006 0.202 0.021 0.033 0.068 0.224 0.025 0.121 0.006 0.006 1 0.27 0.277 0.026 0.124 0.088 0.001 0.411 0.002 0.027 0.585 0.021 0.07 0.005 0.006 0.01 0.024 0.004 0.257 0.051 0.002 0.027 0.06 0.016 0.025 0.024 0.031 0.051 0.014 0.004 0.004 0.025 0.013 0.001 0.003 0.244 0.003 0.007 0.006 0.001 0.005 0.001 0.004 0.002 0.01 0.058 0 0.005
0.049 0.059 0.049 0.026 0.267 0.437 0.003 0.032 0.001 0.003 0.002 0.002 0.001 0.064 0.062 0 0.004 0.001 0.002 0.066 0.006 0.009 0.019 0.069 0.007 0.038 0.002 0.002 0.27 1 0.744 0.007 0.024 0.017 0.001 0.118 0.001 0.007 0.341 0.006 0.014 0.001 0.006 0.016 0.006 0.001 0.063 0.017 0.01 0.006 0.093 0.004 0.007 0.006 0.008 0.08 0.008 0.001 0.001 0 0.003 0.002 0.001 0.148 0.003 0.002 0 0.002 0.001 0 0.001 0.001 0.007 0.098 0.001 0.001
0.044 0.054 0.046 0.021 0.274 0.45 0.004 0.027 0.001 0.004 0.002 0.002 0.001 0.086 0.083 0 0.006 0.001 0.002 0.062 0.008 0.012 0.025 0.065 0.009 0.032 0.002 0.002 0.277 0.744 1 0.009 0.021 0.026 0.001 0.176 0.001 0.002 0.369 0.001 0.023 0.002 0.009 0.027 0.009 0.001 0.098 0.023 0.006 0.011 0.066 0.006 0.009 0.009 0.011 0.056 0.002 0.001 0.002 0.024 0.006 0.002 0.001 0.107 0 0.003 0.002 0.002 0.002 0 0.001 0.001 0.001 0.069 0 0.002
0.244 0.28 0.29 0.13 0.025 0.016 0.43 0.182 0.007 0.362 0.215 0.006 0.008 0.354 0.369 0.003 0.548 0.129 0.013 0.426 0.038 0.046 0.106 0.47 0.795 0.246 0.013 0.015 0.026 0.007 0.009 1 0.264 0.188 0.006 0.011 0.002 0.307 0.016 0.211 0.174 0.011 0.05 0.049 0.012 0.009 0.007 0.101 0.041 0.049 0 0.007 0.039 0.039 0.013 0.001 0.003 0.009 0.006 0.006 0.011 0.014 0.008 0.007 0 0.016 0.009 0.015 0.01 0.011 0.012 0.005 0.006 0.001 0.012 0.012
0.223 0.24 0.244 0.537 0.106 0.066 0.139 0.692 0.019 0.116 0.077 0.042 0.042 0.328 0.326 0.009 0.174 0.041 0.033 0.347 0.136 0.178 0.403 0.397 0.227 0.836 0.04 0.038 0.124 0.024 0.021 0.264 1 0.719 0.019 0.059 0.017 0.045 0.083 0.025 0.643 0.033 0.174 0.001 0.117 0.027 0.09 0.007 0.229 0.218 0.017 0.034 0.173 0.171 0.098 0.012 0.059 0.028 0.001 0 0.019 0.032 0.025 0.034 0.034 0.009 0.028 0.035 0.006 0.019 0.036 0.03 0.074 0.004 0.015 0.031
0.121 0.138 0.14 0.317 0.07 0.041 0.093 0.452 0.018 0.079 0.051 0.055 0.032 0.25 0.252 0.011 0.119 0.031 0.041 0.225 0.176 0.031 0.209 0.271 0.154 0.596 0.053 0.048 0.088 0.017 0.026 0.188 0.719 1 0.014 0.041 0.023 0.254 0.06 0.221 0.866 0.043 0.115 0.018 0.152 0.019 0.069 0 0.386 0.196 0.009 0.066 0.206 0.203 0.136 0.005 0.097 0.037 0.003 0.001 0.042 0.029 0.032 0.024 0.042 0.004 0.059 0.036 0.008 0.011 0.049 0.023 0.112 0.001 0.012 0.043
0.004 0.005 0.005 0.022 0.001 0.002 0 0.029 0.001 0 0 0.001 0 0.004 0.005 0 0.001 0.001 0.001 0.004 0.005 0.007 0.015 0.004 0.006 0.019 0.004 0.002 0.001 0.001 0.001 0.006 0.019 0.014 1 0.001 0.001 0.006 0.002 0.005 0.023 0.001 0.112 0.02 0.006 0.001 0.002 0.016 0.046 0.013 0.012 0.01 0.006 0.006 0.008 0.011 0.009 0.001 0.001 0.001 0.01 0.001 0.001 0.001 0.003 0.002 0.01 0.002 0.001 0.543 0.001 0.001 0.008 0.001 0.001 0.001
0.07 0.084 0.073 0.035 0.359 0.585 0.005 0.045 0 0.004 0.002 0.002 0.001 0.093 0.092 0.001 0.007 0.002 0.002 0.083 0.008 0.014 0.027 0.098 0.011 0.055 0.002 0.003 0.411 0.118 0.176 0.011 0.059 0.041 0.001 1 0.001 0.011 0.695 0.01 0.036 0.002 0.01 0.049 0.011 0.002 0.255 0.015 0.024 0.019 0.11 0.031 0.011 0.011 0.014 0.099 0.001 0.002 0.002 0.065 0.028 0.003 0.001 0.202 0 0.003 0.022 0.003 0.002 0.002 0.002 0.001 0 0.098 0.001 0.002
0.012 0.01 0.011 0.024 0.002 0.001 0.003 0.02 0.001 0.002 0.001 0.001 0.001 0.01 0.01 0 0 0.001 0.001 0.005 0.004 0.053 0.023 0.005 0.002 0.011 0.001 0.001 0.002 0.001 0.001 0.002 0.017 0.023 0.001 0.001 1 0.006 0.001 0.005 0.025 0.001 0.005 0.008 0.002 0.001 0.002 0.008 0.013 0.003 0.001 0.004 0.002 0.002 0.003 0.001 0.004 0.001 0.001 0.001 0.004 0.001 0 0.001 0 0.002 0.004 0.001 0.001 0.045 0.001 0.001 0.003 0.001 0.001 0.001
0.039 0.049 0.054 0.003 0.026 0.016 0.263 0.015 0.003 0.209 0.118 0.015 0.008 0.101 0.1 0.003 0.352 0.009 0.013 0.081 0.049 0.031 0 0.099 0.241 0.023 0.014 0.015 0.027 0.007 0.002 0.307 0.045 0.254 0.006 0.011 0.006 1 0.016 0.847 0.226 0.011 0.057 0.289 0.048 0.096 0.007 0.244 0.241 0.023 0.009 0.027 0.044 0.044 0.046 0.01 0.022 0.009 0.007 0.005 0.025 0.005 0.008 0.007 0.002 0.016 0.032 0.007 0.007 0.011 0.013 0.006 0.014 0.01 0.003 0.009
0.083 0.101 0.09 0.04 0.464 0.755 0.007 0.052 0.001 0.006 0.003 0.003 0.002 0.112 0.111 0.001 0.01 0.002 0.003 0.104 0.011 0.019 0.039 0.12 0.015 0.064 0.003 0.004 0.585 0.341 0.369 0.016 0.083 0.06 0.002 0.695 0.001 0.016 1 0.012 0.053 0.003 0.014 0.064 0.015 0.002 0.434 0.025 0.029 0.029 0.076 0.058 0.015 0.015 0.019 0.065 0.004 0.002 0.003 0.045 0.053 0.004 0.002 0.418 0 0.004 0.036 0.004 0.003 0 0.002 0.001 0.002 0.064 0.002 0.003
0.016 0.028 0.025 0 0.022 0.014 0.286 0.004 0.002 0.225 0.119 0.013 0.007 0.059 0.059 0.002 0.215 0.006 0.012 0.043 0.042 0.046 0.002 0.055 0.153 0.008 0.012 0.013 0.021 0.006 0.001 0.211 0.025 0.221 0.005 0.01 0.005 0.847 0.012 1 0.199 0.01 0.049 0.25 0.041 0.112 0.013 0.193 0.301 0.014 0.008 0.065 0.038 0.036 0.05 0.009 0.06 0.008 0.006 0.005 0.06 0.004 0.007 0.004 0.018 0.014 0.065 0.006 0.006 0.01 0.011 0.005 0.05 0.009 0.002 0.008
0.121 0.111 0.113 0.369 0.054 0.029 0.089 0.521 0.012 0.076 0.052 0.061 0.029 0.224 0.226 0.012 0.112 0.028 0.05 0.192 0.2 0.043 0.255 0.236 0.142 0.527 0 0.057 0.07 0.014 0.023 0.174 0.643 0.866 0.023 0.036 0.025 0.226 0.053 0.199 1 0.048 0.205 0.007 0.171 0.016 0.062 0.001 0.472 0.241 0.009 0.082 0.236 0.231 0.156 0.005 0.116 0.041 0.004 0.002 0.055 0.034 0.026 0.021 0.054 0.044 0.075 0.042 0.01 0.017 0.054 0.02 0.13 0.001 0.015 0.048
0.025 0.021 0.022 0.032 0.004 0.003 0.005 0.025 0.003 0.005 0.003 0.003 0.001 0.019 0.02 0.001 0.007 0.002 0.002 0.009 0.009 0.077 0.031 0.018 0.01 0.033 0.002 0.003 0.005 0.001 0.002 0.011 0.033 0.043 0.001 0.002 0.001 0.011 0.003 0.01 0.048 1 0.009 0.013 0.001 0.002 0.003 0.009 0.019 0.037 0.002 0.003 0.006 0 0 0.002 0.003 0.002 0.002 0.001 0.003 0.209 0.001 0.001 0 0 0.004 0.288 0.002 0.002 0.002 0.001 0.001 0.002 0.056 0.002
0.006 0.025 0.023 0.189 0.008 0.015 0.018 0.228 0.006 0.014 0.005 0.013 0.106 0.017 0.014 0.003 0.021 0.008 0.007 0.016 0.038 0.062 0.128 0.014 0.048 0.163 0.032 0.009 0.006 0.006 0.009 0.05 0.174 0.115 0.112 0.01 0.005 0.057 0.014 0.049 0.205 0.009 1 0.183 0.048 0.008 0.015 0.113 0.371 0.096 0 0.08 0.054 0.054 0.064 0 0.075 0.008 0.009 0.006 0.083 0.012 0.007 0.007 0.03 0.243 0.083 0.013 0.011 0.107 0.012 0.098 0.062 0.003 0.001 0.011
0.051 0.069 0.067 0.002 0.004 0.039 0.058 0.011 0.011 0.044 0.023 0.071 0.026 0.038 0.03 0 0.084 0.026 0.057 0.031 0.201 0.003 0.112 0.031 0.026 0.007 0.032 0.064 0.01 0.016 0.027 0.049 0.001 0.018 0.02 0.049 0.008 0.289 0.064 0.25 0.007 0.013 0.183 1 0.216 0.037 0.084 0.435 0.001 0.071 0 0.329 0.226 0.222 0.157 0.001 0.204 0.046 0.003 0.031 0.246 0.028 0.022 0.031 0.087 0.049 0.237 0.035 0.014 0.036 0.062 0.018 0.224 0.001 0.02 0.021
0.002 0.001 0.002 0.039 0.023 0.014 0.001 0.099 0.004 0 0 0.194 0.008 0.038 0.048 0 0.004 0.008 0.201 0.03 0.609 0.029 0.236 0.045 0.016 0.111 0.013 0.228 0.024 0.006 0.009 0.012 0.117 0.152 0.006 0.011 0.002 0.048 0.015 0.041 0.171 0.001 0.048 0.216 1 0.008 0.016 0.229 0.132 0.023 0.009 0.593 0.721 0.727 0.739 0.009 0.654 0.089 0.03 0.02 0.47 0.014 0.008 0.006 0.194 0.016 0.518 0.015 0.07 0.011 0.14 0.005 0.612 0.01 0.012 0.094
0.011 0.013 0.013 0.031 0.004 0.002 0.004 0.03 0.002 0.004 0.002 0.002 0.001 0.011 0.009 0 0.005 0.001 0.002 0.015 0.004 0.09 0.047 0.015 0.008 0.022 0.001 0.002 0.004 0.001 0.001 0.009 0.027 0.019 0.001 0.002 0.001 0.096 0.002 0.112 0.016 0.002 0.008 0.037 0.008 1 0.002 0.005 0.017 0.052 0.001 0.014 0.008 0.008 0.011 0.001 0.013 0.001 0.001 0.001 0.01 0.001 0.001 0.001 0.005 0.002 0.014 0.001 0.002 0.002 0.002 0.001 0.011 0.001 0.006 0.002
0.089 0.087 0.104 0.044 0.178 0.301 0.008 0.056 0.001 0.007 0.004 0.003 0.002 0.121 0.119 0.001 0.022 0.002 0.004 0.116 0.012 0.021 0.043 0.132 0.008 0.071 0.004 0.004 0.257 0.063 0.098 0.007 0.09 0.069 0.002 0.255 0.002 0.007 0.434 0.013 0.062 0.003 0.015 0.084 0.016 0.002 1 0 0.038 0.035 0.002 0.178 0.016 0.016 0.01 0.003 0.016 0.003 0.003 0.044 0.165 0.004 0.002 0.386 0.024 0.004 0.12 0.004 0.003 0.003 0.003 0.002 0.022 0.003 0.003 0.003
0.015 0.021 0.022 0.011 0.055 0.032 0.124 0.021 0.001 0.099 0.045 0.046 0.02 0.006 0.003 0.003 0.159 0.022 0.047 0.007 0.132 0.002 0.076 0.006 0.072 0.014 0.01 0.037 0.051 0.017 0.023 0.101 0.007 0 0.016 0.015 0.008 0.244 0.025 0.193 0.001 0.009 0.113 0.435 0.229 0.005 0 1 0.006 0.044 0.023 0.184 0.197 0.219 0.185 0.025 0.207 0.026 0.006 0.006 0.152 0.025 0 0.007 0.087 0.042 0.143 0.031 0.015 0.028 0.037 0.003 0.223 0.025 0.026 0.03
0.003 0 0 0.144 0.001 0.03 0.103 0.208 0.015 0.08 0.048 0.032 0.033 0.011 0.013 0.006 0.066 0.01 0.023 0.007 0.094 0.005 0.082 0.013 0.024 0.18 0.004 0.027 0.002 0.01 0.006 0.041 0.229 0.386 0.046 0.024 0.013 0.241 0.029 0.301 0.472 0.019 0.371 0.001 0.132 0.017 0.038 0.006 1 0.129 0.003 0.209 0.13 0.129 0.168 0.005 0.195 0.021 0.021 0.014 0.215 0.019 0.018 0.016 0.074 0.12 0.216 0.024 0.022 0.043 0.029 0.04 0.164 0.013 0.003 0.025
0.045 0.034 0.032 0.143 0.017 0.012 0.034 0.208 0.03 0.038 0.029 0.011 0.008 0.069 0.058 0.013 0.044 0 0.016 0.064 0.01 0.112 0.03 0.069 0.043 0.168 0.001 0.019 0.027 0.006 0.011 0.049 0.218 0.196 0.013 0.019 0.003 0.023 0.029 0.014 0.241 0.037 0.096 0.071 0.023 0.052 0.035 0.044 0.129 1 0.018 0.061 0.016 0.016 0.03 0.011 0.039 0.013 0.001 0.013 0.056 0.085 0.048 0.012 0.028 0.031 0.048 0.099 0.005 0.013 0 0.011 0.033 0.003 0.047 0.001
0.016 0.021 0.016 0.024 0.065 0.073 0.004 0.032 0.001 0.004 0.002 0.002 0.005 0.044 0.042 0 0.005 0.027 0.002 0.046 0.007 0.006 0.016 0.048 0.004 0.017 0.002 0.002 0.06 0.093 0.066 0 0.017 0.009 0.012 0.11 0.001 0.009 0.076 0.008 0.009 0.002 0 0 0.009 0.001 0.002 0.023 0.003 0.018 1 0.013 0.009 0.009 0.011 0.901 0.013 0.001 0 0.001 0.014 0.002 0.001 0.001 0.005 0.002 0.014 0.002 0.002 0.005 0.002 0.001 0.011 0.687 0.003 0.002
0.014 0.016 0.018 0.007 0.007 0.033 0.012 0.04 0.006 0.008 0.002 0.138 0.012 0 0.001 0.001 0 0.013 0.125 0 0.444 0.039 0.14 0.001 0.009 0.039 0.018 0.141 0.016 0.004 0.006 0.007 0.034 0.066 0.01 0.031 0.004 0.027 0.058 0.065 0.082 0.003 0.08 0.329 0.593 0.014 0.178 0.184 0.209 0.061 0.013 1 0.621 0.612 0.612 0.015 0.726 0.097 0.013 0.066 0.8 0.023 0.013 0.068 0.309 0.025 0.793 0.024 0.041 0.017 0.136 0.008 0.686 0.015 0.019 0.077
0.007 0.005 0.006 0.055 0.024 0.015 0.023 0.151 0.004 0.021 0.013 0.218 0.008 0.07 0.084 0 0.027 0.008 0.168 0.062 0.675 0.016 0.307 0.086 0.047 0.166 0.01 0.194 0.025 0.007 0.009 0.039 0.173 0.206 0.006 0.011 0.002 0.044 0.015 0.038 0.236 0.006 0.054 0.226 0.721 0.008 0.016 0.197 0.13 0.016 0.009 0.621 1 0.887 0.74 0.009 0.654 0.155 0.034 0.028 0.488 0.014 0.008 0.006 0.239 0.016 0.534 0.015 0.08 0.011 0.213 0.005 0.63 0.01 0.012 0.136
0.006 0.005 0.006 0.064 0.023 0.014 0.023 0.165 0.004 0.02 0.013 0.187 0.008 0.074 0.088 0 0.027 0.008 0.186 0.065 0.619 0.01 0.305 0.085 0.047 0.164 0.01 0.174 0.024 0.006 0.009 0.039 0.171 0.203 0.006 0.011 0.002 0.044 0.015 0.036 0.231 0 0.054 0.222 0.727 0.008 0.016 0.219 0.129 0.016 0.009 0.612 0.887 1 0.737 0.009 0.651 0.156 0.037 0.011 0.53 0.014 0.008 0.006 0.232 0.016 0.532 0.015 0.085 0.011 0.214 0.005 0.627 0.01 0.012 0.143
0.003 0.001 0.002 0.029 0.03 0.019 0.003 0.092 0.006 0.002 0 0.141 0.01 0.044 0.054 0 0.003 0.011 0.155 0.037 0.518 0.016 0.228 0.053 0.017 0.094 0.014 0.175 0.031 0.008 0.011 0.013 0.098 0.136 0.008 0.014 0.003 0.046 0.019 0.05 0.156 0 0.064 0.157 0.739 0.011 0.01 0.185 0.168 0.03 0.011 0.612 0.74 0.737 1 0.012 0.789 0.12 0.087 0.02 0.59 0.009 0.01 0.008 0.262 0.02 0.637 0.01 0.114 0.014 0.165 0.007 0.63 0.012 0.015 0.108
0.013 0.018 0.013 0.019 0.055 0.063 0.005 0.026 0.001 0.004 0.002 0.002 0.004 0.039 0.037 0 0.006 0.024 0.002 0.04 0.008 0.003 0.012 0.043 0.004 0.013 0.002 0.002 0.051 0.08 0.056 0.001 0.012 0.005 0.011 0.099 0.001 0.01 0.065 0.009 0.005 0.002 0 0.001 0.009 0.001 0.003 0.025 0.005 0.011 0.901 0.015 0.009 0.009 0.012 1 0.014 0.001 0 0.001 0.016 0.002 0.001 0.001 0.005 0.003 0.016 0.002 0.002 0.004 0.002 0.001 0.012 0.773 0.005 0.002
0 0.001 0.001 0.012 0.011 0.002 0.006 0.051 0.007 0.004 0.001 0.145 0.011 0.013 0.019 0 0.001 0.012 0.133 0.01 0.461 0.03 0.163 0.019 0.004 0.059 0.016 0.151 0.014 0.008 0.002 0.003 0.059 0.097 0.009 0.001 0.004 0.022 0.004 0.06 0.116 0.003 0.075 0.204 0.654 0.013 0.016 0.207 0.195 0.039 0.013 0.726 0.654 0.651 0.789 0.014 1 0.094 0.091 0.07 0.752 0.021 0.012 0.01 0.35 0.024 0.771 0.023 0.13 0.016 0.136 0.008 0.836 0.014 0.018 0.137
0.053 0.064 0.062 0.027 0.004 0.002 0.005 0.031 0.001 0.004 0.002 0 0.001 0.012 0.012 0 0.006 0.001 0.002 0.016 0.182 0.012 0.053 0.015 0.009 0.028 0.002 0.002 0.004 0.001 0.001 0.009 0.028 0.037 0.001 0.002 0.001 0.009 0.002 0.008 0.041 0.002 0.008 0.046 0.089 0.001 0.003 0.026 0.021 0.013 0.001 0.097 0.155 0.156 0.12 0.001 0.094 1 0.001 0.001 0.092 0.002 0.001 0.001 0 0.002 0.083 0.002 0.001 0.002 0.304 0.001 0.053 0.001 0.002 0.001
0.013 0.01 0.01 0.001 0.002 0.001 0.003 0 0.001 0.002 0.002 0.057 0.001 0.011 0.011 0.001 0.006 0 0 0.013 0.009 0 0.006 0.012 0.006 0.002 0.002 0 0.004 0.001 0.002 0.006 0.001 0.003 0.001 0.002 0.001 0.007 0.003 0.006 0.004 0.002 0.009 0.003 0.03 0.001 0.003 0.006 0.021 0.001 0 0.013 0.034 0.037 0.087 0 0.091 0.001 1 0.001 0.082 0.002 0.001 0.001 0.006 0.003 0.072 0.003 0.355 0.002 0.003 0.001 0.034 0 0.002 0.196
0.005 0 0 0.002 0.025 0.046 0.003 0.001 0.001 0.002 0.001 0.054 0.001 0.003 0.002 0 0.004 0.001 0.001 0.003 0.009 0.007 0.005 0.001 0.006 0 0.001 0.002 0.025 0 0.024 0.006 0 0.001 0.001 0.065 0.001 0.005 0.045 0.005 0.002 0.001 0.006 0.031 0.02 0.001 0.044 0.006 0.014 0.013 0.001 0.066 0.028 0.011 0.02 0.001 0.07 0.001 0.001 1 0.061 0.001 0.001 0.001 0.016 0.002 0.024 0.002 0.001 0.001 0 0.001 0.081 0.001 0.001 0.001
0.012 0.014 0.016 0.003 0.006 0.032 0.011 0.028 0.007 0.008 0.004 0.109 0.012 0 0.001 0 0 0.014 0.085 0 0.326 0.033 0.098 0.001 0.009 0.024 0.018 0.073 0.013 0.003 0.006 0.011 0.019 0.042 0.01 0.028 0.004 0.025 0.053 0.06 0.055 0.003 0.083 0.246 0.47 0.01 0.165 0.152 0.215 0.056 0.014 0.8 0.488 0.53 0.59 0.016 0.752 0.092 0.082 0.061 1 0.023 0.013 0.066 0.226 0.026 0.842 0.025 0.118 0.018 0.13 0.009 0.667 0.016 0.02 0.124
0.006 0.003 0.004 0.013 0.001 0.004 0.002 0.019 0.002 0.001 0.003 0.003 0.002 0.007 0.008 0.001 0.003 0.002 0.003 0.004 0.012 0.045 0.006 0.009 0.008 0.024 0.003 0.004 0.001 0.002 0.002 0.014 0.032 0.029 0.001 0.003 0.001 0.005 0.004 0.004 0.034 0.209 0.012 0.028 0.014 0.001 0.004 0.025 0.019 0.085 0.002 0.023 0.014 0.014 0.009 0.002 0.021 0.002 0.002 0.001 0.023 1 0.002 0.002 0.008 0.004 0.023 0.897 0.003 0.003 0.003 0.001 0.018 0.002 0.186 0.003
0.004 0.012 0.003 0.014 0.003 0.002 0.004 0.014 0.393 0.003 0.002 0.002 0.001 0.002 0.001 0 0.005 0.001 0.002 0.004 0.006 0.004 0.013 0.004 0.001 0.011 0.13 0.002 0.003 0.001 0.001 0.008 0.025 0.032 0.001 0.001 0 0.008 0.002 0.007 0.026 0.001 0.007 0.022 0.008 0.001 0.002 0 0.018 0.048 0.001 0.013 0.008 0.008 0.01 0.001 0.012 0.001 0.001 0.001 0.013 0.002 1 0.001 0.004 0.002 0.013 0.002 0.002 0.001 0.002 0.001 0.01 0.001 0.002 0.002
0.036 0.043 0.042 0.016 0.194 0.312 0.004 0.022 0.001 0.003 0.002 0.001 0.001 0.05 0.051 0 0.005 0.001 0.002 0.041 0.005 0.006 0.014 0.053 0.007 0.027 0.002 0.002 0.244 0.148 0.107 0.007 0.034 0.024 0.001 0.202 0.001 0.007 0.418 0.004 0.021 0.001 0.007 0.031 0.006 0.001 0.386 0.007 0.016 0.012 0.001 0.068 0.006 0.006 0.008 0.001 0.01 0.001 0.001 0.001 0.066 0.002 0.001 1 0.002 0.002 0.049 0.002 0.001 0.001 0.001 0.001 0.008 0.001 0.001 0.001
0.01 0.01 0.007 0.034 0.003 0 0.013 0.028 0.002 0.012 0.006 0 0.004 0.005 0.006 0 0 0.005 0.343 0.004 0.152 0.002 0.074 0.006 0.002 0.03 0.005 0.391 0.003 0.003 0 0 0.034 0.042 0.003 0 0 0.002 0 0.018 0.054 0 0.03 0.087 0.194 0.005 0.024 0.087 0.074 0.028 0.005 0.309 0.239 0.232 0.262 0.005 0.35 0 0.006 0.016 0.226 0.008 0.004 0.002 1 0.009 0.308 0.008 0.007 0.006 0.004 0.003 0.36 0.005 0.007 0.001
0.002 0.031 0.032 0.046 0.007 0.004 0.007 0.057 0.002 0.006 0.004 0.004 0.002 0.027 0.029 0.001 0.009 0.002 0.004 0.028 0.013 0.014 0.035 0.026 0.015 0.009 0.099 0.004 0.007 0.002 0.003 0.016 0.009 0.004 0.002 0.003 0.002 0.016 0.004 0.014 0.044 0 0.243 0.049 0.016 0.002 0.004 0.042 0.12 0.031 0.002 0.025 0.016 0.016 0.02 0.003 0.024 0.002 0.003 0.002 0.026 0.004 0.002 0.002 0.009 1 0.026 0.004 0.003 0.003 0.003 0.001 0.02 0.003 0 0.003
0.002 0.009 0.008 0.005 0.002 0.019 0.011 0.032 0.007 0.008 0.004 0.123 0.013 0.002 0.005 0 0 0.014 0.12 0.002 0.425 0.032 0.109 0.005 0.012 0.035 0.018 0.136 0.006 0 0.002 0.009 0.028 0.059 0.01 0.022 0.004 0.032 0.036 0.065 0.075 0.004 0.083 0.237 0.518 0.014 0.12 0.143 0.216 0.048 0.014 0.793 0.534 0.532 0.637 0.016 0.771 0.083 0.072 0.024 0.842 0.023 0.013 0.049 0.308 0.026 1 0.025 0.117 0.018 0.131 0.009 0.651 0.016 0.012 0.113
0.007 0.004 0.005 0.015 0.001 0.004 0.002 0.022 0.002 0.002 0.003 0.004 0.002 0.009 0.009 0 0.004 0.002 0.003 0.005 0.012 0.054 0.009 0.011 0.008 0.027 0.003 0.004 0.001 0.002 0.002 0.015 0.035 0.036 0.002 0.003 0.001 0.007 0.004 0.006 0.042 0.288 0.013 0.035 0.015 0.001 0.004 0.031 0.024 0.099 0.002 0.024 0.015 0.015 0.01 0.002 0.023 0.002 0.003 0.002 0.025 0.897 0.002 0.002 0.008 0.004 0.025 1 0.003 0.003 0.003 0.001 0.019 0.003 0.175 0.003
0.01 0.007 0.008 0.003 0.003 0.001 0.002 0.005 0.001 0.002 0.003 0.096 0.002 0.017 0.017 0 0.007 0.002 0 0.019 0.045 0 0.023 0.018 0.01 0.006 0.003 0.001 0.005 0.001 0.002 0.01 0.006 0.008 0.001 0.002 0.001 0.007 0.003 0.006 0.01 0.002 0.011 0.014 0.07 0.002 0.003 0.015 0.022 0.005 0.002 0.041 0.08 0.085 0.114 0.002 0.13 0.001 0.355 0.001 0.118 0.003 0.002 0.001 0.007 0.003 0.117 0.003 1 0.002 0.003 0.001 0.066 0.002 0.002 0.393
0.007 0.01 0.01 0.017 0 0 0.002 0.023 0.001 0.001 0 0.003 0 0.009 0.006 0.001 0.003 0.002 0.002 0.008 0.009 0.001 0.009 0.008 0.011 0.018 0.001 0.003 0.001 0 0 0.011 0.019 0.011 0.543 0.002 0.045 0.011 0 0.01 0.017 0.002 0.107 0.036 0.011 0.002 0.003 0.028 0.043 0.013 0.005 0.017 0.011 0.011 0.014 0.004 0.016 0.002 0.002 0.001 0.018 0.003 0.001 0.001 0.006 0.003 0.018 0.003 0.002 1 0.002 0.001 0.013 0.002 0.002 0.002
0.018 0.024 0.023 0.003 0.004 0.002 0.006 0.028 0.001 0.005 0.003 0.046 0.002 0.008 0.016 0.001 0.008 0.002 0.003 0.006 0.2 0.015 0.055 0.019 0.012 0.036 0.003 0.003 0.004 0.001 0.001 0.012 0.036 0.049 0.001 0.002 0.001 0.013 0.002 0.011 0.054 0.002 0.012 0.062 0.14 0.002 0.003 0.037 0.029 0 0.002 0.136 0.213 0.214 0.165 0.002 0.136 0.304 0.003 0 0.13 0.003 0.002 0.001 0.004 0.003 0.131 0.003 0.003 0.002 1 0.001 0.127 0.002 0.003 0.001
0.013 0.011 0.011 0.014 0.002 0.001 0.003 0.017 0.001 0.002 0.001 0.001 0.001 0.01 0.006 0 0.003 0.001 0.001 0.01 0.001 0.007 0.008 0.009 0.005 0.02 0.001 0.001 0.002 0.001 0.001 0.005 0.03 0.023 0.001 0.001 0.001 0.006 0.001 0.005 0.02 0.001 0.098 0.018 0.005 0.001 0.002 0.003 0.04 0.011 0.001 0.008 0.005 0.005 0.007 0.001 0.008 0.001 0.001 0.001 0.009 0.001 0.001 0.001 0.003 0.001 0.009 0.001 0.001 0.001 0.001 1 0.007 0.001 0.001 0.001
0 0 0 0.026 0.008 0.001 0.01 0.062 0.006 0.008 0.007 0.138 0.01 0.01 0.016 0 0 0.01 0.149 0.009 0.429 0.02 0.172 0.016 0.005 0.074 0.013 0.169 0.01 0.007 0.001 0.006 0.074 0.112 0.008 0 0.003 0.014 0.002 0.05 0.13 0.001 0.062 0.224 0.612 0.011 0.022 0.223 0.164 0.033 0.011 0.686 0.63 0.627 0.63 0.012 0.836 0.053 0.034 0.081 0.667 0.018 0.01 0.008 0.36 0.02 0.651 0.019 0.066 0.013 0.127 0.007 1 0.012 0.015 0.157
0.015 0.021 0.016 0.011 0.064 0.074 0.005 0.016 0 0.004 0.002 0.002 0.004 0.042 0.041 0 0.006 0.023 0.002 0.044 0.008 0 0.005 0.047 0.004 0.007 0.002 0.002 0.058 0.098 0.069 0.001 0.004 0.001 0.001 0.098 0.001 0.01 0.064 0.009 0.001 0.002 0.003 0.001 0.01 0.001 0.003 0.025 0.013 0.003 0.687 0.015 0.01 0.01 0.012 0.773 0.014 0.001 0 0.001 0.016 0.002 0.001 0.001 0.005 0.003 0.016 0.003 0.002 0.002 0.002 0.001 0.012 1 0.009 0.002
0.01 0.007 0.008 0.01 0.001 0 0.005 0.006 0.001 0.005 0.002 0.003 0.002 0.003 0.003 0.001 0.007 0.002 0.003 0.001 0.004 0.037 0.002 0.005 0.009 0.009 0.003 0.003 0 0.001 0 0.012 0.015 0.012 0.001 0.001 0.001 0.003 0.002 0.002 0.015 0.056 0.001 0.02 0.012 0.006 0.003 0.026 0.003 0.047 0.003 0.019 0.012 0.012 0.015 0.005 0.018 0.002 0.002 0.001 0.02 0.186 0.002 0.001 0.007 0 0.012 0.175 0.002 0.002 0.003 0.001 0.015 0.009 1 0.002
0.006 0.004 0.004 0.016 0.003 0.001 0.004 0.03 0.001 0.003 0.003 0.098 0.002 0.019 0.019 0 0.007 0.002 0.001 0.021 0.067 0.001 0.048 0.02 0.011 0.037 0.003 0.001 0.005 0.001 0.002 0.012 0.031 0.043 0.001 0.002 0.001 0.009 0.003 0.008 0.048 0.002 0.011 0.021 0.094 0.002 0.003 0.03 0.025 0.001 0.002 0.077 0.136 0.143 0.108 0.002 0.137 0.001 0.196 0.001 0.124 0.003 0.002 0.001 0.001 0.003 0.113 0.003 0.393 0.002 0.001 0.001 0.157 0.002 0.002 1
