1 0.868 0.893 0.439 0.188 0.128 0.247 0.316 0.006 0.224 0.116 0.031 0.049 0.533 0.505 0.005 0.206 0.044 0.028 0.54 0.004 0.152 0.136 0.551 0.325 0.286 0.007 0.035 0.178 0.062 0.053 0.274 0.262 0.144 0 0.046 0.006 0.064 0.081 0.039 0.135 0.027 0.027 0.107 0 0.007 0.104 0.031 0.004 0.081 0.016 0.021 0.009 0.006 0.001 0.017 0.001 0.022 0.008 0 0.013 0.017 0.004 0.042 0.017 0.022 0.008 0.019 0.003 0.002 0.04 0.009 0 0.016 0 0.006
0.868 1 0.919 0.414 0.215 0.147 0.283 0.288 0.005 0.256 0.133 0.027 0.056 0.552 0.518 0.004 0.18 0.05 0.025 0.544 0.001 0.137 0.123 0.555 0.309 0.273 0.018 0.03 0.197 0.071 0.062 0.26 0.247 0.134 0.001 0.054 0.006 0.05 0.087 0.051 0.117 0.024 0.036 0.097 0 0.01 0.057 0.024 0.003 0.064 0.019 0.012 0.008 0.005 0 0.021 0 0.027 0.006 0.001 0.006 0.014 0.004 0.05 0.021 0.035 0.009 0.015 0.002 0.005 0.027 0.01 0.001 0.02 0 0.004
0.893 0.919 1 0.436 0.203 0.139 0.267 0.309 0.006 0.242 0.125 0.029 0.053 0.585 0.549 0.005 0.226 0.048 0.026 0.582 0.002 0.132 0.124 0.594 0.356 0.311 0.019 0.032 0.185 0.067 0.058 0.302 0.285 0.16 0.001 0.051 0.012 0.072 0.082 0.045 0.14 0.025 0.033 0.112 0 0.01 0.107 0.033 0.003 0.074 0.017 0.021 0.01 0.007 0.001 0.019 0.001 0.026 0.007 0.001 0.014 0.015 0.004 0.047 0.014 0.037 0.013 0.017 0.002 0.006 0.046 0.01 0 0.017 0 0.005
0.439 0.414 0.436 1 0.064 0.034 0.139 0.765 0.011 0.126 0.065 0.057 0.027 0.3 0.289 0.01 0.144 0.027 0.047 0.296 0.025 0.29 0.344 0.306 0.195 0.534 0.005 0.048 0.058 0.035 0.028 0.141 0.523 0.32 0.017 0.006 0.023 0.011 0.021 0.004 0.389 0.047 0.18 0 0.03 0.022 0.055 0.004 0.201 0.167 0.006 0.004 0.068 0.065 0.041 0.006 0.022 0.007 0.017 0.006 0.009 0.035 0.009 0.014 0.041 0.04 0.007 0.038 0.01 0.018 0.009 0.007 0.024 0.003 0.005 0.015
0.188 0.215 0.203 0.064 1 0.682 0.015 0.114 0.001 0.014 0.007 0.006 0.262 0.202 0.183 0 0.02 0.003 0.005 0.198 0.019 0.026 0.059 0.199 0.03 0.115 0.004 0.007 0.935 0.328 0.303 0.031 0.099 0.057 0.002 0.282 0.002 0.028 0.447 0.025 0.045 0.005 0.005 0.012 0.017 0.003 0.244 0.039 0.003 0.029 0.11 0.021 0.018 0.016 0.022 0.095 0.011 0.005 0.003 0.007 0.013 0.003 0.002 0.268 0.012 0.008 0.01 0.003 0.002 0.002 0 0.002 0.013 0.096 0.029 0.003
0.128 0.147 0.139 0.034 0.682 1 0.01 0.081 0.001 0.009 0.005 0.004 0.002 0.142 0.129 0 0.014 0.002 0.004 0.138 0.013 0.019 0.042 0.138 0.02 0.08 0.003 0.004 0.647 0.481 0.447 0.021 0.063 0.031 0.002 0.417 0.002 0.019 0.662 0.017 0.023 0.004 0.018 0.054 0.009 0.002 0.373 0.021 0.043 0.017 0.049 0.059 0.01 0.009 0.012 0.042 0.003 0.003 0.001 0.013 0.042 0.004 0.001 0.398 0.008 0.005 0.035 0.004 0.001 0.002 0 0.002 0.005 0.046 0.007 0.001
0.247 0.283 0.267 0.139 0.015 0.01 1 0.144 0.001 0.906 0.469 0.008 0.004 0.246 0.223 0.002 0.586 0.004 0.007 0.247 0.015 0.043 0.073 0.252 0.446 0.145 0.005 0.009 0.015 0.005 0.005 0.401 0.133 0.085 0.001 0.006 0.003 0.259 0.009 0.281 0.081 0.007 0.029 0.069 0 0.003 0.01 0.141 0.096 0.037 0.004 0.008 0.022 0.02 0.001 0.005 0.002 0.005 0 0.004 0.006 0.003 0.002 0.006 0.018 0.01 0.006 0.003 0.001 0 0.007 0.003 0.004 0.005 0.008 0
0.316 0.288 0.309 0.765 0.114 0.081 0.144 1 0.01 0.129 0.073 0.054 0.031 0.408 0.395 0.009 0.153 0.032 0.04 0.401 0.125 0.26 0.497 0.413 0.226 0.683 0.007 0.04 0.11 0.039 0.032 0.164 0.664 0.422 0.019 0.026 0.02 0.017 0.048 0.006 0.493 0.041 0.203 0.002 0.085 0.023 0.063 0.011 0.226 0.215 0.028 0.027 0.15 0.149 0.104 0.027 0.06 0.022 0.014 0.005 0.04 0.033 0.013 0.028 0.052 0.047 0.035 0.035 0.01 0.02 0.009 0.006 0.061 0.02 0 0.016
0.006 0.005 0.006 0.011 0.001 0.001 0.001 0.01 1 0.001 0.001 0.001 0 0.004 0.005 0 0.002 0 0.001 0.005 0.002 0.001 0.003 0.005 0.003 0.009 0.027 0.001 0.001 0 0 0.003 0.009 0.007 0 0 0 0.001 0.001 0 0.003 0 0.003 0.005 0.003 0.004 0.001 0.001 0.006 0.017 0 0.004 0.003 0.003 0.003 0 0.004 0 0 0 0.004 0.001 0.455 0 0.001 0.001 0.004 0.001 0 0 0.001 0 0.003 0 0.001 0
0.224 0.256 0.242 0.126 0.014 0.009 0.906 0.129 0.001 1 0.517 0.008 0.004 0.221 0.2 0.002 0.544 0.004 0.006 0.221 0.013 0.039 0.065 0.226 0.399 0.13 0.005 0.008 0.014 0.005 0.005 0.357 0.118 0.073 0 0.005 0.003 0.217 0.008 0.233 0.071 0.006 0.025 0.056 0 0.003 0.009 0.121 0.078 0.037 0.004 0.005 0.019 0.017 0 0.004 0.001 0.004 0 0.003 0.004 0.002 0.002 0.005 0.016 0.009 0.003 0.002 0.001 0 0.006 0.003 0.002 0.005 0.008 0
0.116 0.133 0.125 0.065 0.007 0.005 0.469 0.073 0.001 0.517 1 0.004 0.002 0.128 0.117 0.001 0.348 0.002 0.003 0.128 0.012 0.02 0.041 0.131 0.221 0.077 0.002 0.004 0.007 0.002 0.003 0.211 0.082 0.06 0 0.003 0.001 0.131 0.004 0.131 0.051 0.003 0.011 0.029 0 0.001 0.005 0.057 0.05 0.026 0.002 0.003 0.014 0.013 0 0.002 0.001 0.002 0.002 0.002 0.005 0.004 0.001 0.003 0.008 0.005 0.004 0.004 0.002 0 0.003 0.001 0.005 0.002 0.004 0.003
0.031 0.027 0.029 0.057 0.006 0.004 0.008 0.054 0.001 0.008 0.004 1 0.002 0.006 0.004 0.001 0.011 0.002 0.003 0.022 0.296 0.018 0.079 0.03 0.017 0.051 0.002 0.004 0.006 0.002 0.002 0.013 0.038 0.052 0.001 0 0.001 0.016 0 0.014 0.056 0.003 0.015 0.072 0.122 0.002 0 0.057 0.035 0.006 0.002 0.121 0.174 0.127 0.131 0.002 0.13 0.018 0.287 0.106 0.118 0.003 0.001 0 0.001 0.004 0.117 0.004 0.15 0.001 0.006 0.001 0.084 0.002 0.004 0.177
0.049 0.056 0.053 0.027 0.262 0.002 0.004 0.031 0 0.004 0.002 0.002 1 0.056 0.051 0 0.005 0.001 0.001 0.054 0.004 0.009 0.017 0.055 0.008 0.032 0.001 0.001 0.258 0.001 0.001 0.008 0.034 0.026 0.018 0.001 0.001 0.008 0.002 0.007 0.024 0.001 0.114 0.022 0.006 0.001 0.002 0.016 0.046 0.013 0.066 0.011 0.007 0.006 0.008 0.058 0.009 0.001 0.001 0.001 0.01 0 0 0.001 0.003 0.002 0.01 0 0.001 0 0.002 0.001 0.008 0.053 0.03 0.001
0.533 0.552 0.585 0.3 0.202 0.142 0.246 0.408 0.004 0.221 0.128 0.006 0.056 1 0.892 0.005 0.304 0.057 0.018 0.792 0.05 0.13 0.23 0.807 0.458 0.413 0.018 0.023 0.194 0.068 0.064 0.347 0.381 0.245 0.001 0.056 0.011 0.086 0.089 0.051 0.215 0.025 0.016 0.048 0.039 0.011 0.114 0.014 0.012 0.065 0.042 0 0.069 0.081 0.034 0.044 0.01 0.01 0.017 0.003 0 0.01 0.006 0.059 0.011 0.031 0 0.011 0.011 0.005 0.001 0.011 0.011 0.041 0.001 0.017
0.505 0.518 0.549 0.289 0.183 0.129 0.223 0.395 0.005 0.2 0.117 0.004 0.051 0.892 1 0.005 0.274 0.052 0.02 0.775 0.05 0.14 0.242 0.789 0.417 0.392 0.007 0.026 0.176 0.062 0.058 0.354 0.337 0.211 0 0.064 0.013 0.073 0.094 0.042 0.207 0.027 0.011 0.043 0.039 0.009 0.118 0.009 0.012 0.062 0.038 0 0.068 0.079 0.035 0.039 0.01 0.004 0.019 0.002 0 0.012 0.007 0.067 0.014 0.024 0 0.013 0.013 0.004 0 0.011 0.012 0.036 0.001 0.019
0.005 0.004 0.005 0.01 0 0 0.002 0.009 0 0.002 0.001 0.001 0 0.005 0.005 1 0.002 0 0.001 0.007 0 0.029 0.019 0.006 0.004 0.009 0 0.001 0.001 0 0 0.004 0.01 0.013 0 0.001 0 0.003 0.001 0.003 0.015 0.001 0.003 0.001 0.001 0 0.001 0.004 0.007 0.02 0 0.002 0.001 0.001 0.001 0 0 0.001 0 0 0.001 0.001 0 0.001 0 0.001 0.001 0.001 0 0 0.001 0 0 0 0.001 0
0.206 0.18 0.226 0.144 0.02 0.014 0.586 0.153 0.002 0.544 0.348 0.011 0.005 0.304 0.274 0.002 1 0.006 0.009 0.369 0.033 0.058 0.119 0.377 0.54 0.222 0.007 0.012 0.021 0.007 0.007 0.491 0.183 0.121 0.001 0.008 0.002 0.308 0.012 0.2 0.114 0.009 0.014 0.078 0.002 0.004 0.008 0.148 0.082 0.028 0.006 0 0.029 0.027 0.002 0.006 0.002 0.007 0.007 0.005 0 0.005 0.003 0.008 0 0.013 0 0.005 0.003 0.001 0.001 0.004 0.001 0.007 0.011 0.007
0.044 0.05 0.048 0.027 0.003 0.002 0.004 0.032 0 0.004 0.002 0.002 0.001 0.057 0.052 0 0.006 1 0.001 0.057 0.005 0.009 0.018 0.058 0.106 0.034 0.001 0.002 0.003 0.001 0.001 0.102 0.037 0.028 0.001 0.001 0.001 0.006 0.002 0.005 0.025 0.001 0.007 0.022 0.007 0.001 0.002 0.016 0.013 0 0 0.012 0.007 0.007 0.009 0 0.01 0.001 0.001 0.001 0.011 0.002 0 0.001 0.004 0.002 0.011 0.002 0.001 0.001 0.002 0.001 0.009 0 0.002 0.001
0.028 0.025 0.026 0.047 0.005 0.004 0.007 0.04 0.001 0.006 0.003 0.003 0.001 0.018 0.02 0.001 0.009 0.001 1 0.025 0.281 0.015 0.079 0.025 0.014 0.042 0.002 0.812 0.005 0.002 0.002 0.014 0.021 0.029 0.001 0.001 0.001 0.013 0.003 0.011 0.035 0.002 0.002 0.038 0.144 0.001 0.004 0.027 0.013 0.022 0.002 0.084 0.138 0.148 0.12 0.002 0.105 0.001 0 0.001 0.075 0.003 0.001 0.002 0.255 0.003 0.092 0.003 0 0.001 0.003 0.019 0.101 0.002 0.003 0
0.54 0.544 0.582 0.296 0.198 0.138 0.247 0.401 0.005 0.221 0.128 0.022 0.054 0.792 0.775 0.007 0.369 0.057 0.025 1 0.08 0.15 0.298 0.979 0.538 0.521 0.019 0.031 0.198 0.068 0.059 0.465 0.399 0.248 0 0.052 0 0.088 0.09 0.052 0.224 0.021 0.015 0.042 0.035 0.013 0.116 0.011 0.014 0.072 0.043 0 0.081 0.075 0.042 0.045 0.015 0.02 0.019 0.001 0.001 0.014 0.007 0.055 0.014 0.036 0.002 0.016 0.013 0.005 0.003 0.011 0.017 0.042 0 0.019
0.004 0.001 0.002 0.025 0.019 0.013 0.015 0.125 0.002 0.013 0.012 0.296 0.004 0.05 0.05 0 0.033 0.005 0.281 0.08 1 0.053 0.281 0.089 0.049 0.147 0.006 0.278 0.019 0.006 0.007 0.047 0.107 0.143 0.004 0.001 0.004 0.047 0.005 0.035 0.152 0.009 0.028 0.183 0.484 0.003 0.006 0.125 0.073 0.018 0.005 0.361 0.555 0.494 0.458 0.006 0.394 0.137 0.109 0.028 0.332 0.01 0.003 0.002 0.149 0.011 0.372 0.01 0.095 0.004 0.105 0.002 0.329 0.006 0.01 0.109
0.152 0.137 0.132 0.29 0.026 0.019 0.043 0.26 0.001 0.039 0.02 0.018 0.009 0.13 0.14 0.029 0.058 0.009 0.015 0.15 0.053 1 0.432 0.153 0.085 0.211 0.011 0.007 0.033 0.011 0.012 0.059 0.194 0.028 0.008 0.012 0.02 0.026 0.019 0.034 0.046 0.12 0.057 0.018 0.024 0.069 0.023 0.008 0.018 0.129 0.006 0.038 0.01 0.007 0.011 0.005 0.024 0.013 0.003 0.008 0.029 0.077 0.001 0.013 0.001 0.009 0.032 0.085 0.002 0.005 0.014 0.007 0.015 0.001 0.007 0
0.136 0.123 0.124 0.344 0.059 0.042 0.073 0.497 0.003 0.065 0.041 0.079 0.017 0.23 0.242 0.019 0.119 0.018 0.079 0.298 0.281 0.432 1 0.315 0.174 0.474 0.023 0.097 0.068 0.022 0.024 0.138 0.399 0.185 0.015 0.014 0.006 0 0.029 0 0.232 0.05 0.115 0.056 0.18 0.036 0.036 0.05 0.104 0.042 0.015 0.099 0.258 0.244 0.204 0.014 0.138 0.029 0.039 0.01 0.102 0.023 0.003 0.016 0.087 0.03 0.1 0.026 0.035 0.011 0.018 0.001 0.132 0.008 0 0.05
0.551 0.555 0.594 0.306 0.199 0.138 0.252 0.413 0.005 0.226 0.131 0.03 0.055 0.807 0.789 0.006 0.377 0.058 0.025 0.979 0.089 0.153 0.315 1 0.549 0.538 0.018 0.031 0.203 0.07 0.061 0.475 0.41 0.26 0 0.054 0 0.091 0.093 0.055 0.236 0.024 0.013 0.04 0.04 0.012 0.119 0.01 0.016 0.073 0.044 0 0.089 0.082 0.047 0.046 0.017 0.02 0.019 0.001 0.001 0.016 0.007 0.056 0.014 0.035 0.003 0.017 0.013 0.005 0.005 0.011 0.02 0.043 0 0.019
0.325 0.309 0.356 0.195 0.03 0.02 0.446 0.226 0.003 0.399 0.221 0.017 0.008 0.458 0.417 0.004 0.54 0.106 0.014 0.538 0.049 0.085 0.174 0.549 1 0.283 0.01 0.017 0.03 0.01 0.011 0.807 0.232 0.153 0.007 0.011 0 0.244 0.017 0.165 0.14 0.013 0.067 0.036 0.012 0.007 0.002 0.088 0.021 0.055 0 0.01 0.048 0.045 0.013 0.001 0.002 0.01 0.01 0.007 0.008 0.009 0.004 0.008 0.002 0.019 0.011 0.01 0.006 0.006 0.003 0.006 0.002 0 0.011 0.011
0.286 0.273 0.311 0.534 0.115 0.08 0.145 0.683 0.009 0.13 0.077 0.051 0.032 0.413 0.392 0.009 0.222 0.034 0.042 0.521 0.147 0.211 0.474 0.538 0.283 1 0.031 0.052 0.118 0.041 0.034 0.28 0.8 0.542 0.022 0.028 0.001 0.029 0.051 0.013 0.491 0.029 0.145 0.001 0.098 0.018 0.067 0.006 0.203 0.153 0.011 0.032 0.168 0.156 0.116 0.007 0.072 0.035 0.03 0.004 0.035 0.022 0.012 0.03 0.042 0.004 0.043 0.025 0.022 0.015 0.017 0.007 0.074 0.004 0 0.032
0.007 0.018 0.019 0.005 0.004 0.003 0.005 0.007 0.027 0.005 0.002 0.002 0.001 0.018 0.007 0 0.007 0.001 0.002 0.019 0.006 0.011 0.023 0.018 0.01 0.031 1 0.002 0.004 0.001 0.001 0.011 0.029 0.038 0.001 0.001 0.001 0.01 0.002 0.008 0.006 0.002 0.057 0.026 0.009 0 0.003 0.008 0.017 0.005 0.001 0.006 0.002 0.002 0.003 0.001 0.004 0.002 0.001 0.001 0.006 0.002 0.028 0.002 0 0.173 0.005 0.002 0.001 0.001 0.002 0.001 0.003 0.001 0.002 0.001
0.035 0.03 0.032 0.048 0.007 0.004 0.009 0.04 0.001 0.008 0.004 0.004 0.001 0.023 0.026 0.001 0.012 0.002 0.812 0.031 0.278 0.007 0.097 0.031 0.017 0.052 0.002 1 0.007 0.002 0.002 0.018 0.03 0.028 0.002 0.001 0.001 0.016 0.004 0.014 0.047 0.003 0.004 0.046 0.176 0.002 0.005 0.029 0.019 0.023 0.002 0.102 0.169 0.157 0.146 0.002 0.129 0.002 0 0.002 0.079 0.003 0.001 0.003 0.316 0.003 0.112 0.004 0 0.001 0.004 0.014 0.127 0.002 0.004 0
0.178 0.197 0.185 0.058 0.935 0.647 0.015 0.11 0.001 0.014 0.007 0.006 0.258 0.194 0.176 0.001 0.021 0.003 0.005 0.198 0.019 0.033 0.068 0.203 0.03 0.118 0.004 0.007 1 0.324 0.299 0.032 0.109 0.066 0.001 0.294 0.002 0.029 0.505 0.023 0.052 0.005 0.005 0.016 0.017 0.003 0.277 0.038 0.004 0.034 0.111 0.026 0.018 0.017 0.022 0.096 0.013 0.005 0.004 0.007 0.014 0.003 0.002 0.292 0.013 0.008 0.011 0.003 0.004 0.002 0 0.002 0.015 0.097 0.029 0.004
0.062 0.071 0.067 0.035 0.328 0.481 0.005 0.039 0 0.005 0.002 0.002 0.001 0.068 0.062 0 0.007 0.001 0.002 0.068 0.006 0.011 0.022 0.07 0.01 0.041 0.001 0.002 0.324 1 0.926 0.01 0.021 0.015 0.001 0.189 0.001 0.009 0.385 0.008 0.012 0.002 0.009 0.022 0.008 0.001 0.253 0.021 0.021 0.008 0.002 0.037 0.009 0.008 0.01 0.001 0.011 0.001 0.001 0 0.037 0.002 0.001 0.434 0.005 0.003 0.032 0.002 0.001 0.001 0.001 0.001 0.01 0.004 0 0.001
0.053 0.062 0.058 0.028 0.303 0.447 0.005 0.032 0 0.005 0.003 0.002 0.001 0.064 0.058 0 0.007 0.001 0.002 0.059 0.007 0.012 0.024 0.061 0.011 0.034 0.001 0.002 0.299 0.926 1 0.011 0.017 0.013 0.001 0.175 0.001 0.008 0.357 0.007 0.011 0.002 0.009 0.019 0.009 0.001 0.234 0.023 0.019 0.006 0.002 0.031 0.01 0.009 0.011 0.001 0.012 0.002 0.001 0 0.031 0.002 0.001 0.404 0.005 0.003 0.027 0.002 0.001 0.001 0.002 0.001 0.011 0.003 0 0.001
0.274 0.26 0.302 0.141 0.031 0.021 0.401 0.164 0.003 0.357 0.211 0.013 0.008 0.347 0.354 0.004 0.491 0.102 0.014 0.465 0.047 0.059 0.138 0.475 0.807 0.28 0.011 0.018 0.032 0.01 0.011 1 0.248 0.181 0.003 0.012 0 0.302 0.018 0.217 0.175 0.014 0.063 0.047 0.012 0.007 0.001 0.098 0.032 0.047 0.006 0.01 0.047 0.043 0.013 0.007 0.002 0.011 0.011 0.007 0.009 0.016 0.004 0.009 0.001 0.02 0.011 0.017 0.006 0.006 0.004 0.006 0.003 0.008 0.017 0.011
0.262 0.247 0.285 0.523 0.099 0.063 0.133 0.664 0.009 0.118 0.082 0.038 0.034 0.381 0.337 0.01 0.183 0.037 0.021 0.399 0.107 0.194 0.399 0.41 0.232 0.8 0.029 0.03 0.109 0.021 0.017 0.248 1 0.706 0.016 0.047 0.018 0.048 0.077 0.028 0.634 0.039 0.172 0.001 0.108 0.02 0.092 0.002 0.265 0.194 0.012 0.027 0.181 0.169 0.125 0.008 0.08 0.033 0.026 0.004 0.032 0.039 0.012 0.051 0.054 0.006 0.04 0.042 0.026 0.016 0.016 0.026 0.083 0.003 0 0.028
0.144 0.134 0.16 0.32 0.057 0.031 0.085 0.422 0.007 0.073 0.06 0.052 0.026 0.245 0.211 0.013 0.121 0.028 0.029 0.248 0.143 0.028 0.185 0.26 0.153 0.542 0.038 0.028 0.066 0.015 0.013 0.181 0.706 1 0.011 0.035 0.023 0.247 0.058 0.211 0.844 0.051 0.119 0.02 0.121 0.018 0.071 0.001 0.349 0.176 0.007 0.043 0.185 0.166 0.139 0.004 0.098 0.043 0.032 0.007 0.046 0.05 0.015 0.026 0.034 0.001 0.055 0.053 0.029 0.012 0.036 0.019 0.096 0.001 0.002 0.034
0 0.001 0.001 0.017 0.002 0.002 0.001 0.019 0 0 0 0.001 0.018 0.001 0 0 0.001 0.001 0.001 0 0.004 0.008 0.015 0 0.007 0.022 0.001 0.002 0.001 0.001 0.001 0.003 0.016 0.011 1 0.001 0.001 0.007 0.002 0.006 0.021 0.001 0.101 0.02 0.006 0.001 0.002 0.015 0.042 0.011 0.001 0.01 0.006 0.006 0.007 0.001 0.008 0.001 0.001 0.001 0.009 0.001 0 0.001 0.003 0.002 0.009 0.001 0.001 0.478 0.001 0.001 0.007 0.001 0.001 0.001
0.046 0.054 0.051 0.006 0.282 0.417 0.006 0.026 0 0.005 0.003 0 0.001 0.056 0.064 0.001 0.008 0.001 0.001 0.052 0.001 0.012 0.014 0.054 0.011 0.028 0.001 0.001 0.294 0.189 0.175 0.012 0.047 0.035 0.001 1 0.001 0.011 0.58 0.009 0.032 0.002 0.01 0.05 0.008 0.001 0.236 0.009 0.024 0.018 0.099 0.034 0.008 0.008 0.01 0.087 0.004 0.002 0.001 0.006 0.031 0.002 0.001 0.327 0.002 0.003 0.028 0.002 0.001 0.001 0.002 0.001 0.003 0.079 0.011 0.002
0.006 0.006 0.012 0.023 0.002 0.002 0.003 0.02 0 0.003 0.001 0.001 0.001 0.011 0.013 0 0.002 0.001 0.001 0 0.004 0.02 0.006 0 0 0.001 0.001 0.001 0.002 0.001 0.001 0 0.018 0.023 0.001 0.001 1 0.006 0.001 0.005 0.026 0.001 0.005 0.002 0.001 0.001 0.002 0.001 0.011 0.002 0.001 0 0.001 0.001 0 0.001 0 0.001 0.001 0.001 0 0.001 0 0.001 0.005 0.002 0 0.001 0.001 0 0.001 0 0 0.001 0.001 0.001
0.064 0.05 0.072 0.011 0.028 0.019 0.259 0.017 0.001 0.217 0.131 0.016 0.008 0.086 0.073 0.003 0.308 0.006 0.013 0.088 0.047 0.026 0 0.091 0.244 0.029 0.01 0.016 0.029 0.009 0.008 0.302 0.048 0.247 0.007 0.011 0.006 1 0.016 0.84 0.217 0.013 0.065 0.257 0.032 0.082 0.002 0.234 0.18 0.026 0.008 0.024 0.033 0.027 0.03 0.009 0.011 0.01 0.007 0.007 0.017 0.014 0.004 0.011 0 0.018 0.023 0.012 0.006 0.005 0.003 0.006 0.007 0.009 0.009 0.007
0.081 0.087 0.082 0.021 0.447 0.662 0.009 0.048 0.001 0.008 0.004 0 0.002 0.089 0.094 0.001 0.012 0.002 0.003 0.09 0.005 0.019 0.029 0.093 0.017 0.051 0.002 0.004 0.505 0.385 0.357 0.018 0.077 0.058 0.002 0.58 0.001 0.016 1 0.013 0.051 0.003 0.015 0.074 0.015 0.002 0.493 0.016 0.036 0.026 0.06 0.074 0.016 0.015 0.018 0.052 0.009 0.003 0.002 0.009 0.05 0.003 0.001 0.497 0.006 0.004 0.042 0.004 0.002 0.001 0.003 0.001 0.013 0.046 0.004 0.002
0.039 0.051 0.045 0.004 0.025 0.017 0.281 0.006 0 0.233 0.131 0.014 0.007 0.051 0.042 0.003 0.2 0.005 0.011 0.052 0.035 0.034 0 0.055 0.165 0.013 0.008 0.014 0.023 0.008 0.007 0.217 0.028 0.211 0.006 0.009 0.005 0.84 0.013 1 0.199 0.011 0.057 0.233 0.025 0.094 0.015 0.198 0.236 0.02 0.007 0.054 0.026 0.021 0.031 0.008 0.038 0.008 0.006 0.006 0.044 0.012 0.003 0.008 0.007 0.016 0.044 0.012 0.005 0.005 0.012 0.005 0.031 0.008 0.01 0.006
0.135 0.117 0.14 0.389 0.045 0.023 0.081 0.493 0.003 0.071 0.051 0.056 0.024 0.215 0.207 0.015 0.114 0.025 0.035 0.224 0.152 0.046 0.232 0.236 0.14 0.491 0.006 0.047 0.052 0.012 0.011 0.175 0.634 0.844 0.021 0.032 0.026 0.217 0.051 0.199 1 0.056 0.207 0.008 0.146 0.016 0.064 0 0.452 0.213 0.006 0.062 0.229 0.207 0.168 0.003 0.123 0.048 0.036 0.008 0.064 0.056 0.011 0.022 0.052 0.039 0.075 0.06 0.033 0.015 0.041 0.017 0.119 0 0.003 0.038
0.027 0.024 0.025 0.047 0.005 0.004 0.007 0.041 0 0.006 0.003 0.003 0.001 0.025 0.027 0.001 0.009 0.001 0.002 0.021 0.009 0.12 0.05 0.024 0.013 0.029 0.002 0.003 0.005 0.002 0.002 0.014 0.039 0.051 0.001 0.002 0.001 0.013 0.003 0.011 0.056 1 0.01 0.029 0.008 0.001 0.004 0.016 0.017 0.032 0.001 0.01 0.004 0.004 0.002 0.002 0.012 0.002 0.002 0.001 0.009 0.368 0.001 0.002 0.003 0 0.014 0.386 0.002 0.001 0.003 0.001 0.006 0.002 0.018 0.002
0.027 0.036 0.033 0.18 0.005 0.018 0.029 0.203 0.003 0.025 0.011 0.015 0.114 0.016 0.011 0.003 0.014 0.007 0.002 0.015 0.028 0.057 0.115 0.013 0.067 0.145 0.057 0.004 0.005 0.009 0.009 0.063 0.172 0.119 0.101 0.01 0.005 0.065 0.015 0.057 0.207 0.01 1 0.197 0.059 0.006 0.018 0.134 0.403 0.066 0.003 0.099 0.062 0.059 0.071 0.002 0.081 0.011 0.009 0.006 0.094 0.009 0.004 0.01 0.033 0.225 0.091 0.009 0.008 0.078 0.015 0.085 0.072 0 0.003 0.009
0.107 0.097 0.112 0 0.012 0.054 0.069 0.002 0.005 0.056 0.029 0.072 0.022 0.048 0.043 0.001 0.078 0.022 0.038 0.042 0.183 0.018 0.056 0.04 0.036 0.001 0.026 0.046 0.016 0.022 0.019 0.047 0.001 0.02 0.02 0.05 0.002 0.257 0.074 0.233 0.008 0.029 0.197 1 0.214 0.028 0.092 0.45 0 0.08 0 0.327 0.241 0.218 0.183 0.001 0.217 0.054 0.033 0.031 0.272 0.039 0.009 0.045 0.108 0.055 0.272 0.041 0.019 0.017 0.067 0.016 0.194 0.002 0.018 0.022
0 0 0 0.03 0.017 0.009 0 0.085 0.003 0 0 0.122 0.006 0.039 0.039 0.001 0.002 0.007 0.144 0.035 0.484 0.024 0.18 0.04 0.012 0.098 0.009 0.176 0.017 0.008 0.009 0.012 0.108 0.121 0.006 0.008 0.001 0.032 0.015 0.025 0.146 0.008 0.059 0.214 1 0.007 0.018 0.217 0.143 0.03 0.008 0.596 0.762 0.764 0.811 0.008 0.708 0.156 0.093 0.014 0.523 0.014 0.004 0.003 0.238 0.018 0.572 0.015 0.08 0.005 0.147 0.005 0.606 0.009 0.015 0.09
0.007 0.01 0.01 0.022 0.003 0.002 0.003 0.023 0.004 0.003 0.001 0.002 0.001 0.011 0.009 0 0.004 0.001 0.001 0.013 0.003 0.069 0.036 0.012 0.007 0.018 0 0.002 0.003 0.001 0.001 0.007 0.02 0.018 0.001 0.001 0.001 0.082 0.002 0.094 0.016 0.001 0.006 0.028 0.007 1 0.002 0.002 0.024 0.032 0.001 0.011 0.007 0.006 0.008 0.001 0.009 0.001 0.001 0.001 0.008 0.001 0 0.001 0.004 0.002 0.01 0.001 0.001 0.001 0.002 0.001 0.008 0.001 0 0.001
0.104 0.057 0.107 0.055 0.244 0.373 0.01 0.063 0.001 0.009 0.005 0 0.002 0.114 0.118 0.001 0.008 0.002 0.004 0.116 0.006 0.023 0.036 0.119 0.002 0.067 0.003 0.005 0.277 0.253 0.234 0.001 0.092 0.071 0.002 0.236 0.002 0.002 0.493 0.015 0.064 0.004 0.018 0.092 0.018 0.002 1 0 0.043 0.034 0.002 0.183 0.019 0.018 0.012 0.003 0.006 0.003 0.003 0.013 0.14 0.004 0.001 0.413 0.004 0.005 0.105 0.004 0.003 0.002 0.002 0.002 0.005 0.003 0.004 0.003
0.031 0.024 0.033 0.004 0.039 0.021 0.141 0.011 0.001 0.121 0.057 0.057 0.016 0.014 0.009 0.004 0.148 0.016 0.027 0.011 0.125 0.008 0.05 0.01 0.088 0.006 0.008 0.029 0.038 0.021 0.023 0.098 0.002 0.001 0.015 0.009 0.001 0.234 0.016 0.198 0 0.016 0.134 0.45 0.217 0.002 0 1 0.002 0.068 0.018 0.207 0.223 0.21 0.235 0.02 0.256 0.042 0.028 0.025 0.219 0.023 0 0.004 0.131 0.043 0.183 0.025 0.021 0.012 0.031 0.006 0.241 0.022 0.026 0.034
0.004 0.003 0.003 0.201 0.003 0.043 0.096 0.226 0.006 0.078 0.05 0.035 0.046 0.012 0.012 0.007 0.082 0.013 0.013 0.014 0.073 0.018 0.104 0.016 0.021 0.203 0.017 0.019 0.004 0.021 0.019 0.032 0.265 0.349 0.042 0.024 0.011 0.18 0.036 0.236 0.452 0.017 0.403 0 0.143 0.024 0.043 0.002 1 0.1 0 0.237 0.148 0.14 0.171 0.001 0.193 0.025 0.021 0.015 0.224 0.026 0.008 0.024 0.079 0.124 0.218 0.028 0.02 0.032 0.035 0.036 0.173 0.003 0.001 0.022
0.081 0.064 0.074 0.167 0.029 0.017 0.037 0.215 0.017 0.037 0.026 0.006 0.013 0.065 0.062 0.02 0.028 0 0.022 0.072 0.018 0.129 0.042 0.073 0.055 0.153 0.005 0.023 0.034 0.008 0.006 0.047 0.194 0.176 0.011 0.018 0.002 0.026 0.026 0.02 0.213 0.032 0.066 0.08 0.03 0.032 0.034 0.068 0.1 1 0.014 0.079 0.029 0.025 0.036 0.012 0.041 0 0.002 0.011 0.055 0.06 0.025 0.019 0.03 0.031 0.054 0.065 0.002 0.006 0 0.009 0.034 0.004 0.008 0.005
0.016 0.019 0.017 0.006 0.11 0.049 0.004 0.028 0 0.004 0.002 0.002 0.066 0.042 0.038 0 0.006 0 0.002 0.043 0.005 0.006 0.015 0.044 0 0.011 0.001 0.002 0.111 0.002 0.002 0.006 0.012 0.007 0.001 0.099 0.001 0.008 0.06 0.007 0.006 0.001 0.003 0 0.008 0.001 0.002 0.018 0 0.014 1 0.012 0.008 0.007 0.009 0.896 0.01 0.001 0.001 0.001 0.012 0.002 0 0.001 0.004 0.002 0.012 0.002 0.001 0.001 0.002 0.001 0.009 0.741 0.118 0.001
0.021 0.012 0.021 0.004 0.021 0.059 0.008 0.027 0.004 0.005 0.003 0.121 0.011 0 0 0.002 0 0.012 0.084 0 0.361 0.038 0.099 0 0.01 0.032 0.006 0.102 0.026 0.037 0.031 0.01 0.027 0.043 0.01 0.034 0 0.024 0.074 0.054 0.062 0.01 0.099 0.327 0.596 0.011 0.183 0.207 0.237 0.079 0.012 1 0.625 0.578 0.675 0.014 0.737 0.108 0.053 0.062 0.857 0.023 0.006 0.092 0.312 0.029 0.841 0.024 0.047 0.008 0.146 0.008 0.657 0.015 0.024 0.067
0.009 0.008 0.01 0.068 0.018 0.01 0.022 0.15 0.003 0.019 0.014 0.174 0.007 0.069 0.068 0.001 0.029 0.007 0.138 0.081 0.555 0.01 0.258 0.089 0.048 0.168 0.002 0.169 0.018 0.009 0.01 0.047 0.181 0.185 0.006 0.008 0.001 0.033 0.016 0.026 0.229 0.004 0.062 0.241 0.762 0.007 0.019 0.223 0.148 0.029 0.008 0.625 1 0.925 0.84 0.009 0.712 0.172 0.091 0.047 0.564 0.014 0.004 0.003 0.365 0.018 0.595 0.015 0.081 0.005 0.173 0.005 0.671 0.009 0.015 0.112
0.006 0.005 0.007 0.065 0.016 0.009 0.02 0.149 0.003 0.017 0.013 0.127 0.006 0.081 0.079 0.001 0.027 0.007 0.148 0.075 0.494 0.007 0.244 0.082 0.045 0.156 0.002 0.157 0.017 0.008 0.009 0.043 0.169 0.166 0.006 0.008 0.001 0.027 0.015 0.021 0.207 0.004 0.059 0.218 0.764 0.006 0.018 0.21 0.14 0.025 0.007 0.578 0.925 1 0.792 0.008 0.669 0.182 0.108 0.009 0.551 0.014 0.003 0.003 0.305 0.017 0.558 0.014 0.097 0.005 0.184 0.004 0.625 0.009 0.014 0.131
0.001 0 0.001 0.041 0.022 0.012 0.001 0.104 0.003 0 0 0.131 0.008 0.034 0.035 0.001 0.002 0.009 0.12 0.042 0.458 0.011 0.204 0.047 0.013 0.116 0.003 0.146 0.022 0.01 0.011 0.013 0.125 0.139 0.007 0.01 0 0.03 0.018 0.031 0.168 0.002 0.071 0.183 0.811 0.008 0.012 0.235 0.171 0.036 0.009 0.675 0.84 0.792 1 0.01 0.8 0.149 0.089 0.039 0.618 0.01 0.004 0.004 0.347 0.021 0.652 0.011 0.064 0.006 0.148 0.006 0.718 0.011 0.017 0.106
0.017 0.021 0.019 0.006 0.095 0.042 0.005 0.027 0 0.004 0.002 0.002 0.058 0.044 0.039 0 0.006 0 0.002 0.045 0.006 0.005 0.014 0.046 0.001 0.007 0.001 0.002 0.096 0.001 0.001 0.007 0.008 0.004 0.001 0.087 0.001 0.009 0.052 0.008 0.003 0.002 0.002 0.001 0.008 0.001 0.003 0.02 0.001 0.012 0.896 0.014 0.009 0.008 0.01 1 0.011 0.001 0.001 0.001 0.013 0.002 0 0.001 0.005 0.002 0.013 0.002 0.001 0.001 0.002 0.001 0.01 0.808 0.151 0.001
0.001 0 0.001 0.022 0.011 0.003 0.002 0.06 0.004 0.001 0.001 0.13 0.009 0.01 0.01 0 0.002 0.01 0.105 0.015 0.394 0.024 0.138 0.017 0.002 0.072 0.004 0.129 0.013 0.011 0.012 0.002 0.08 0.098 0.008 0.004 0 0.011 0.009 0.038 0.123 0.012 0.081 0.217 0.708 0.009 0.006 0.256 0.193 0.041 0.01 0.737 0.712 0.669 0.8 0.011 1 0.108 0.087 0.077 0.729 0.019 0.005 0.005 0.37 0.024 0.742 0.02 0.103 0.007 0.155 0.007 0.872 0.012 0.019 0.114
0.022 0.027 0.026 0.007 0.005 0.003 0.005 0.022 0 0.004 0.002 0.018 0.001 0.01 0.004 0.001 0.007 0.001 0.001 0.02 0.137 0.013 0.029 0.02 0.01 0.035 0.002 0.002 0.005 0.001 0.002 0.011 0.033 0.043 0.001 0.002 0.001 0.01 0.003 0.008 0.048 0.002 0.011 0.054 0.156 0.001 0.003 0.042 0.025 0 0.001 0.108 0.172 0.182 0.149 0.001 0.108 1 0.003 0.001 0.083 0.002 0.001 0.002 0.004 0.003 0.113 0.003 0.004 0.001 0.357 0.001 0.102 0.002 0.003 0.003
0.008 0.006 0.007 0.017 0.003 0.001 0 0.014 0 0 0.002 0.287 0.001 0.017 0.019 0 0.007 0.001 0 0.019 0.109 0.003 0.039 0.019 0.01 0.03 0.001 0 0.004 0.001 0.001 0.011 0.026 0.032 0.001 0.001 0.001 0.007 0.002 0.006 0.036 0.002 0.009 0.033 0.093 0.001 0.003 0.028 0.021 0.002 0.001 0.053 0.091 0.108 0.089 0.001 0.087 0.003 1 0.001 0.074 0.002 0.001 0.002 0.005 0.003 0.062 0.002 0.506 0.001 0.001 0.001 0.045 0.001 0.002 0.666
0 0.001 0.001 0.006 0.007 0.013 0.004 0.005 0 0.003 0.002 0.106 0.001 0.003 0.002 0 0.005 0.001 0.001 0.001 0.028 0.008 0.01 0.001 0.007 0.004 0.001 0.002 0.007 0 0 0.007 0.004 0.007 0.001 0.006 0.001 0.007 0.009 0.006 0.008 0.001 0.006 0.031 0.014 0.001 0.013 0.025 0.015 0.011 0.001 0.062 0.047 0.009 0.039 0.001 0.077 0.001 0.001 1 0.057 0.001 0 0.001 0.008 0.002 0.028 0.002 0.001 0.001 0.001 0.001 0.064 0.001 0.001 0.001
0.013 0.006 0.014 0.009 0.013 0.042 0.006 0.04 0.004 0.004 0.005 0.118 0.01 0 0 0.001 0 0.011 0.075 0.001 0.332 0.029 0.102 0.001 0.008 0.035 0.006 0.079 0.014 0.037 0.031 0.009 0.032 0.046 0.009 0.031 0 0.017 0.05 0.044 0.064 0.009 0.094 0.272 0.523 0.008 0.14 0.219 0.224 0.055 0.012 0.857 0.564 0.551 0.618 0.013 0.729 0.083 0.074 0.057 1 0.022 0.006 0.098 0.29 0.028 0.869 0.023 0.089 0.008 0.123 0.008 0.675 0.014 0.023 0.098
0.017 0.014 0.015 0.035 0.003 0.004 0.003 0.033 0.001 0.002 0.004 0.003 0 0.01 0.012 0.001 0.005 0.002 0.003 0.014 0.01 0.077 0.023 0.016 0.009 0.022 0.002 0.003 0.003 0.002 0.002 0.016 0.039 0.05 0.001 0.002 0.001 0.014 0.003 0.012 0.056 0.368 0.009 0.039 0.014 0.001 0.004 0.023 0.026 0.06 0.002 0.023 0.014 0.014 0.01 0.002 0.019 0.002 0.002 0.001 0.022 1 0.001 0.002 0.008 0.004 0.021 0.95 0.002 0.001 0.003 0.001 0.017 0.002 0.088 0.002
0.004 0.004 0.004 0.009 0.002 0.001 0.002 0.013 0.455 0.002 0.001 0.001 0 0.006 0.007 0 0.003 0 0.001 0.007 0.003 0.001 0.003 0.007 0.004 0.012 0.028 0.001 0.002 0.001 0.001 0.004 0.012 0.015 0 0.001 0 0.004 0.001 0.003 0.011 0.001 0.004 0.009 0.004 0 0.001 0 0.008 0.025 0 0.006 0.004 0.003 0.004 0 0.005 0.001 0.001 0 0.006 0.001 1 0.001 0.002 0.001 0.005 0.001 0 0 0.001 0 0.004 0.001 0.001 0.001
0.042 0.05 0.047 0.014 0.268 0.398 0.006 0.028 0 0.005 0.003 0 0.001 0.059 0.067 0.001 0.008 0.001 0.002 0.055 0.002 0.013 0.016 0.056 0.008 0.03 0.002 0.003 0.292 0.434 0.404 0.009 0.051 0.026 0.001 0.327 0.001 0.011 0.497 0.008 0.022 0.002 0.01 0.045 0.003 0.001 0.413 0.004 0.024 0.019 0.001 0.092 0.003 0.003 0.004 0.001 0.005 0.002 0.002 0.001 0.098 0.002 0.001 1 0.003 0.003 0.091 0.002 0.001 0.001 0.001 0.001 0.004 0.002 0.002 0.002
0.017 0.021 0.014 0.041 0.012 0.008 0.018 0.052 0.001 0.016 0.008 0.001 0.003 0.011 0.014 0 0 0.004 0.255 0.014 0.149 0.001 0.087 0.014 0.002 0.042 0 0.316 0.013 0.005 0.005 0.001 0.054 0.034 0.003 0.002 0.005 0 0.006 0.007 0.052 0.003 0.033 0.108 0.238 0.004 0.004 0.131 0.079 0.03 0.004 0.312 0.365 0.305 0.347 0.005 0.37 0.004 0.005 0.008 0.29 0.008 0.002 0.003 1 0.01 0.319 0.008 0.005 0.003 0.002 0.003 0.371 0.005 0.008 0
0.022 0.035 0.037 0.04 0.008 0.005 0.01 0.047 0.001 0.009 0.005 0.004 0.002 0.031 0.024 0.001 0.013 0.002 0.003 0.036 0.011 0.009 0.03 0.035 0.019 0.004 0.173 0.003 0.008 0.003 0.003 0.02 0.006 0.001 0.002 0.003 0.002 0.018 0.004 0.016 0.039 0 0.225 0.055 0.018 0.002 0.005 0.043 0.124 0.031 0.002 0.029 0.018 0.017 0.021 0.002 0.024 0.003 0.003 0.002 0.028 0.004 0.001 0.003 0.01 1 0.027 0.004 0.002 0.001 0.004 0.002 0.021 0.003 0.003 0.003
0.008 0.009 0.013 0.007 0.01 0.035 0.006 0.035 0.004 0.003 0.004 0.117 0.01 0 0 0.001 0 0.011 0.092 0.002 0.372 0.032 0.1 0.003 0.011 0.043 0.005 0.112 0.011 0.032 0.027 0.011 0.04 0.055 0.009 0.028 0 0.023 0.042 0.044 0.075 0.014 0.091 0.272 0.572 0.01 0.105 0.183 0.218 0.054 0.012 0.841 0.595 0.558 0.652 0.013 0.742 0.113 0.062 0.028 0.869 0.021 0.005 0.091 0.319 0.027 1 0.022 0.091 0.008 0.158 0.008 0.654 0.014 0.022 0.085
0.019 0.015 0.017 0.038 0.003 0.004 0.003 0.035 0.001 0.002 0.004 0.004 0 0.011 0.013 0.001 0.005 0.002 0.003 0.016 0.01 0.085 0.026 0.017 0.01 0.025 0.002 0.004 0.003 0.002 0.002 0.017 0.042 0.053 0.001 0.002 0.001 0.012 0.004 0.012 0.06 0.386 0.009 0.041 0.015 0.001 0.004 0.025 0.028 0.065 0.002 0.024 0.015 0.014 0.011 0.002 0.02 0.003 0.002 0.002 0.023 0.95 0.001 0.002 0.008 0.004 0.022 1 0.002 0.001 0.004 0.001 0.018 0.002 0.096 0.002
0.003 0.002 0.002 0.01 0.002 0.001 0.001 0.01 0 0.001 0.002 0.15 0.001 0.011 0.013 0 0.003 0.001 0 0.013 0.095 0.002 0.035 0.013 0.006 0.022 0.001 0 0.004 0.001 0.001 0.006 0.026 0.029 0.001 0.001 0.001 0.006 0.002 0.005 0.033 0.002 0.008 0.019 0.08 0.001 0.003 0.021 0.02 0.002 0.001 0.047 0.081 0.097 0.064 0.001 0.103 0.004 0.506 0.001 0.089 0.002 0 0.001 0.005 0.002 0.091 0.002 1 0.001 0.002 0.001 0.055 0.001 0.002 0.498
0.002 0.005 0.006 0.018 0.002 0.002 0 0.02 0 0 0 0.001 0 0.005 0.004 0 0.001 0.001 0.001 0.005 0.004 0.005 0.011 0.005 0.006 0.015 0.001 0.001 0.002 0.001 0.001 0.006 0.016 0.012 0.478 0.001 0 0.005 0.001 0.005 0.015 0.001 0.078 0.017 0.005 0.001 0.002 0.012 0.032 0.006 0.001 0.008 0.005 0.005 0.006 0.001 0.007 0.001 0.001 0.001 0.008 0.001 0 0.001 0.003 0.001 0.008 0.001 0.001 1 0.001 0 0.006 0.001 0.001 0.001
0.04 0.027 0.046 0.009 0 0 0.007 0.009 0.001 0.006 0.003 0.006 0.002 0.001 0 0.001 0.001 0.002 0.003 0.003 0.105 0.014 0.018 0.005 0.003 0.017 0.002 0.004 0 0.001 0.002 0.004 0.016 0.036 0.001 0.002 0.001 0.003 0.003 0.012 0.041 0.003 0.015 0.067 0.147 0.002 0.002 0.031 0.035 0 0.002 0.146 0.173 0.184 0.148 0.002 0.155 0.357 0.001 0.001 0.123 0.003 0.001 0.001 0.002 0.004 0.158 0.004 0.002 0.001 1 0.001 0.161 0.002 0.003 0.001
0.009 0.01 0.01 0.007 0.002 0.002 0.003 0.006 0 0.003 0.001 0.001 0.001 0.011 0.011 0 0.004 0.001 0.019 0.011 0.002 0.007 0.001 0.011 0.006 0.007 0.001 0.014 0.002 0.001 0.001 0.006 0.026 0.019 0.001 0.001 0 0.006 0.001 0.005 0.017 0.001 0.085 0.016 0.005 0.001 0.002 0.006 0.036 0.009 0.001 0.008 0.005 0.004 0.006 0.001 0.007 0.001 0.001 0.001 0.008 0.001 0 0.001 0.003 0.002 0.008 0.001 0.001 0 0.001 1 0.006 0.001 0.001 0.001
0 0.001 0 0.024 0.013 0.005 0.004 0.061 0.003 0.002 0.005 0.084 0.008 0.011 0.012 0 0.001 0.009 0.101 0.017 0.329 0.015 0.132 0.02 0.002 0.074 0.003 0.127 0.015 0.01 0.011 0.003 0.083 0.096 0.007 0.003 0 0.007 0.013 0.031 0.119 0.006 0.072 0.194 0.606 0.008 0.005 0.241 0.173 0.034 0.009 0.657 0.671 0.625 0.718 0.01 0.872 0.102 0.045 0.064 0.675 0.017 0.004 0.004 0.371 0.021 0.654 0.018 0.055 0.006 0.161 0.006 1 0.011 0.017 0.069
0.016 0.02 0.017 0.003 0.096 0.046 0.005 0.02 0 0.005 0.002 0.002 0.053 0.041 0.036 0 0.007 0 0.002 0.042 0.006 0.001 0.008 0.043 0 0.004 0.001 0.002 0.097 0.004 0.003 0.008 0.003 0.001 0.001 0.079 0.001 0.009 0.046 0.008 0 0.002 0 0.002 0.009 0.001 0.003 0.022 0.003 0.004 0.741 0.015 0.009 0.009 0.011 0.808 0.012 0.002 0.001 0.001 0.014 0.002 0.001 0.002 0.005 0.003 0.014 0.002 0.001 0.001 0.002 0.001 0.011 1 0.142 0.001
0 0 0 0.005 0.029 0.007 0.008 0 0.001 0.008 0.004 0.004 0.03 0.001 0.001 0.001 0.011 0.002 0.003 0 0.01 0.007 0 0 0.011 0 0.002 0.004 0.029 0 0 0.017 0 0.002 0.001 0.011 0.001 0.009 0.004 0.01 0.003 0.018 0.003 0.018 0.015 0 0.004 0.026 0.001 0.008 0.118 0.024 0.015 0.014 0.017 0.151 0.019 0.003 0.002 0.001 0.023 0.088 0.001 0.002 0.008 0.003 0.022 0.096 0.002 0.001 0.003 0.001 0.017 0.142 1 0.002
0.006 0.004 0.005 0.015 0.003 0.001 0 0.016 0 0 0.003 0.177 0.001 0.017 0.019 0 0.007 0.001 0 0.019 0.109 0 0.05 0.019 0.011 0.032 0.001 0 0.004 0.001 0.001 0.011 0.028 0.034 0.001 0.002 0.001 0.007 0.002 0.006 0.038 0.002 0.009 0.022 0.09 0.001 0.003 0.034 0.022 0.005 0.001 0.067 0.112 0.131 0.106 0.001 0.114 0.003 0.666 0.001 0.098 0.002 0.001 0.002 0 0.003 0.085 0.002 0.498 0.001 0.001 0.001 0.069 0.001 0.002 1
