1 0.882 0.907 0.411 0.212 0.141 0.268 0.255 0.007 0.247 0.144 0.02 0.056 0.558 0.528 0.001 0.267 0.018 0.041 0.574 0.007 0.123 0.105 0.601 0.325 0.286 0.014 0.043 0.169 0.069 0.07 0.282 0.219 0.137 0.001 0.025 0.011 0.072 0.064 0.048 0.107 0.025 0.024 0.094 0 0.006 0.09 0.014 0.002 0.052 0.008 0.027 0.006 0.007 0.001 0.007 0.002 0.034 0.004 0.012 0.013 0.005 0.002 0.021 0.028 0.023 0.006 0.006 0.001 0.01 0.035 0.006 0 0.015 0.01 0.003
0.882 1 0.954 0.397 0.239 0.158 0.302 0.236 0.006 0.278 0.162 0.018 0.064 0.592 0.558 0.001 0.271 0.018 0.036 0.599 0.004 0.114 0.09 0.627 0.323 0.273 0.024 0.038 0.192 0.077 0.079 0.287 0.213 0.129 0 0.029 0.01 0.069 0.074 0.057 0.096 0.022 0.035 0.108 0.001 0.008 0.079 0.017 0.001 0.048 0.01 0.03 0.003 0.004 0 0.009 0.002 0.04 0.003 0.013 0.015 0.003 0.005 0.025 0.03 0.037 0.01 0.004 0 0.01 0.033 0.009 0 0.017 0.008 0.002
0.907 0.954 1 0.421 0.234 0.155 0.295 0.256 0.007 0.272 0.158 0.018 0.062 0.625 0.589 0.001 0.296 0.021 0.037 0.638 0.004 0.117 0.094 0.667 0.362 0.296 0.024 0.039 0.188 0.076 0.077 0.315 0.227 0.14 0 0.028 0.015 0.08 0.072 0.055 0.105 0.023 0.037 0.114 0 0.009 0.101 0.02 0.001 0.046 0.009 0.035 0.004 0.005 0 0.009 0.004 0.039 0.003 0.013 0.019 0.004 0.003 0.024 0.024 0.038 0.01 0.004 0.001 0.01 0.039 0.009 0.001 0.017 0.008 0.002
0.411 0.397 0.421 1 0.095 0.062 0.127 0.808 0.015 0.117 0.068 0.042 0.027 0.286 0.28 0.006 0.135 0.029 0.086 0.301 0.052 0.308 0.359 0.331 0.189 0.639 0.001 0.081 0.069 0.032 0.033 0.167 0.583 0.347 0.027 0.007 0.036 0.007 0.022 0.002 0.401 0.053 0.206 0 0.024 0.027 0.035 0.016 0.214 0.145 0.007 0.004 0.059 0.066 0.045 0.005 0.014 0.012 0.002 0.001 0.007 0.025 0.01 0.011 0.064 0.049 0.011 0.027 0.01 0.016 0.009 0.012 0.021 0.005 0.012 0.003
0.212 0.239 0.234 0.095 1 0.664 0.017 0.11 0.002 0.016 0.009 0.004 0.266 0.227 0.214 0.003 0.019 0.004 0.009 0.216 0.022 0.018 0.04 0.207 0.028 0.099 0.005 0.008 0.829 0.319 0.325 0.023 0.097 0.064 0.006 0.137 0.004 0.022 0.348 0.02 0.053 0.005 0.003 0.015 0.021 0.004 0.331 0.057 0.004 0.02 0.043 0.035 0.022 0.023 0.027 0.028 0.001 0.004 0 0.065 0.019 0 0.003 0.134 0.01 0.009 0.006 0 0 0.001 0 0.002 0.002 0.047 0 0
0.141 0.158 0.155 0.062 0.664 1 0.011 0.08 0.001 0.01 0.006 0.003 0.002 0.162 0.153 0.006 0.013 0.003 0.006 0.147 0.015 0.012 0.025 0.134 0.019 0.064 0.004 0.005 0.54 0.481 0.489 0.013 0.063 0.039 0.002 0.212 0.002 0.013 0.533 0.012 0.034 0.004 0.02 0.065 0.013 0.003 0.514 0.034 0.042 0.014 0.026 0.089 0.014 0.014 0.017 0.014 0.001 0.003 0 0.105 0.058 0.005 0.002 0.209 0.005 0.006 0.028 0.005 0.001 0.003 0 0.001 0 0.03 0.002 0
0.268 0.302 0.295 0.127 0.017 0.011 1 0.136 0.002 0.92 0.535 0.005 0.005 0.284 0.267 0.002 0.749 0.005 0.011 0.301 0.019 0.046 0.076 0.322 0.543 0.163 0.007 0.012 0.016 0.005 0.005 0.502 0.132 0.093 0.002 0.004 0.005 0.288 0.009 0.274 0.075 0.007 0.029 0.08 0 0.005 0.011 0.115 0.064 0.035 0.002 0.001 0.01 0.01 0 0.002 0.001 0.001 0 0.001 0.002 0.002 0.003 0.005 0.01 0.011 0.001 0.002 0 0.003 0 0.003 0.001 0.002 0.006 0.001
0.255 0.236 0.256 0.808 0.11 0.08 0.136 1 0.013 0.124 0.082 0.035 0.032 0.348 0.344 0.004 0.146 0.035 0.07 0.361 0.153 0.276 0.494 0.391 0.214 0.744 0.003 0.065 0.092 0.039 0.04 0.189 0.702 0.45 0.033 0.011 0.03 0.012 0.03 0.004 0.52 0.044 0.252 0.007 0.083 0.031 0.046 0.034 0.26 0.181 0.011 0.025 0.142 0.152 0.109 0.008 0.051 0.022 0.001 0.003 0.032 0.024 0.015 0.018 0.053 0.061 0.037 0.025 0.011 0.021 0.007 0.015 0.051 0.008 0.007 0.004
0.007 0.006 0.007 0.015 0.002 0.001 0.002 0.013 1 0.002 0.001 0 0 0.004 0.001 0 0.002 0 0.001 0.006 0.002 0.004 0.008 0.006 0.003 0.011 0.087 0.001 0.001 0 0.001 0.003 0.011 0.013 0 0 0 0.003 0.001 0.003 0.01 0.005 0.004 0.01 0.003 0 0.001 0 0.008 0.017 0 0.005 0.003 0.003 0.003 0 0.004 0 0.001 0 0.005 0.001 0.244 0 0.002 0.001 0.005 0.001 0 0.001 0.001 0 0.004 0 0.001 0.001
0.247 0.278 0.272 0.117 0.016 0.01 0.92 0.124 0.002 1 0.581 0.005 0.004 0.259 0.244 0.002 0.726 0.004 0.01 0.275 0.017 0.043 0.069 0.294 0.495 0.149 0.007 0.011 0.015 0.005 0.005 0.455 0.118 0.083 0.002 0.004 0.004 0.246 0.008 0.231 0.066 0.006 0.026 0.068 0.001 0.004 0.01 0.099 0.051 0.035 0.002 0 0.008 0.008 0.001 0.002 0 0.001 0 0 0.001 0.002 0.003 0.004 0.009 0.01 0 0.002 0 0.002 0 0.003 0 0.002 0.006 0
0.144 0.162 0.158 0.068 0.009 0.006 0.535 0.082 0.001 0.581 1 0.003 0.002 0.166 0.156 0.001 0.481 0.003 0.006 0.175 0.015 0.025 0.048 0.187 0.305 0.097 0.004 0.006 0.008 0.002 0.003 0.305 0.095 0.067 0 0.002 0.002 0.149 0.004 0.128 0.054 0.004 0.012 0.039 0.001 0.002 0.006 0.056 0.034 0.031 0.001 0 0.005 0.005 0.003 0.001 0 0 0.003 0.002 0 0.005 0.002 0.002 0.003 0.006 0 0.005 0.003 0.001 0 0.002 0 0.001 0.003 0.004
0.02 0.018 0.018 0.042 0.004 0.003 0.005 0.035 0 0.005 0.003 1 0.001 0.011 0.007 0.001 0.006 0.001 0.003 0.008 0.163 0.012 0.049 0.015 0.009 0.029 0.002 0.003 0.004 0.001 0.001 0.005 0.022 0.029 0.001 0.002 0.001 0.009 0 0.008 0.033 0.002 0.007 0.043 0.072 0.001 0 0.032 0.019 0.004 0.001 0.072 0.11 0.077 0.083 0.001 0.076 0.007 0.121 0.069 0.069 0.002 0.001 0.001 0 0.001 0.066 0.002 0.143 0.001 0.01 0.001 0.064 0.001 0.002 0.115
0.056 0.064 0.062 0.027 0.266 0.002 0.005 0.032 0 0.004 0.002 0.001 1 0.065 0.061 0 0.005 0.001 0.002 0.069 0.006 0.01 0.019 0.074 0.007 0.038 0.001 0.003 0.275 0.001 0.001 0.007 0.037 0.03 0.047 0.001 0.001 0.007 0.002 0.007 0.023 0.001 0.107 0.023 0.006 0.001 0.002 0.018 0.041 0.01 0.017 0.012 0.007 0.007 0.008 0.014 0.009 0.001 0.001 0.001 0.012 0.013 0.001 0.001 0.004 0.002 0.011 0.012 0.001 0.001 0.001 0.001 0.009 0.016 0.003 0.001
0.558 0.592 0.625 0.286 0.227 0.162 0.284 0.348 0.004 0.259 0.166 0.011 0.065 1 0.935 0.001 0.334 0.07 0.023 0.812 0.069 0.088 0.175 0.846 0.48 0.399 0.021 0.025 0.206 0.079 0.08 0.42 0.337 0.274 0 0.037 0.015 0.124 0.083 0.092 0.229 0.021 0.026 0.071 0.025 0.007 0.114 0.004 0.014 0.068 0.012 0.003 0.058 0.061 0.031 0.011 0.009 0.007 0.009 0.016 0 0.003 0.007 0.05 0.011 0.034 0.001 0.003 0.008 0.009 0 0.009 0.008 0.02 0.004 0.012
0.528 0.558 0.589 0.28 0.214 0.153 0.267 0.344 0.001 0.244 0.156 0.007 0.061 0.935 1 0.001 0.314 0.066 0.025 0.765 0.068 0.089 0.173 0.798 0.453 0.376 0.014 0.027 0.194 0.075 0.076 0.396 0.326 0.271 0 0.045 0.016 0.121 0.089 0.09 0.23 0.022 0.023 0.068 0.027 0.004 0.118 0.004 0.015 0.061 0.011 0.002 0.061 0.064 0.034 0.01 0.011 0.006 0.01 0.014 0 0.004 0.004 0.058 0.013 0.034 0.001 0.004 0.009 0.009 0 0.003 0.01 0.019 0.004 0.013
0.001 0.001 0.001 0.006 0.003 0.006 0.002 0.004 0 0.002 0.001 0.001 0 0.001 0.001 1 0.003 0.001 0 0.007 0.001 0.039 0.026 0.007 0.004 0.009 0.001 0 0.002 0.001 0.001 0.004 0.013 0.017 0.001 0 0 0.004 0.001 0.004 0.019 0.006 0.004 0 0.001 0.001 0.001 0.005 0.01 0.03 0 0.003 0.001 0.001 0.001 0 0.001 0.001 0.016 0 0 0.004 0 0.001 0 0.001 0 0.004 0.017 0.001 0.001 0 0.001 0 0.007 0.013
0.267 0.271 0.296 0.135 0.019 0.013 0.749 0.146 0.002 0.726 0.481 0.006 0.005 0.334 0.314 0.003 1 0.005 0.012 0.365 0.032 0.052 0.099 0.39 0.612 0.203 0.008 0.013 0.018 0.006 0.006 0.571 0.167 0.122 0.002 0.005 0.005 0.348 0.01 0.263 0.1 0.007 0.025 0.086 0.001 0.005 0 0.113 0.066 0.033 0.002 0 0.019 0.02 0.001 0.003 0 0.002 0.006 0.001 0.001 0.003 0.004 0.005 0.003 0.012 0.001 0.003 0.006 0.003 0 0.003 0 0.002 0.007 0.007
0.018 0.018 0.021 0.029 0.004 0.003 0.005 0.035 0 0.004 0.003 0.001 0.001 0.07 0.066 0.001 0.005 1 0.002 0.074 0.006 0.011 0.02 0.079 0.136 0.041 0.002 0.003 0.004 0.001 0.001 0.137 0.04 0.032 0.001 0.001 0.001 0.008 0.002 0.007 0.028 0.002 0.009 0.025 0.007 0.001 0.003 0.02 0.001 0.004 0.001 0.013 0.007 0.007 0.009 0.001 0.01 0.001 0.001 0.001 0.013 0.002 0.001 0.001 0.004 0.003 0.012 0.002 0.001 0.001 0.001 0.001 0.01 0.001 0.001 0.002
0.041 0.036 0.037 0.086 0.009 0.006 0.011 0.07 0.001 0.01 0.006 0.003 0.002 0.023 0.025 0 0.012 0.002 1 0.034 0.387 0.024 0.123 0.031 0.018 0.06 0.004 0.848 0.008 0.003 0.003 0.018 0.056 0.054 0.002 0.001 0.002 0.017 0.004 0.016 0.079 0.002 0.016 0.081 0.314 0.002 0.006 0.058 0.042 0.023 0.001 0.172 0.267 0.283 0.253 0.001 0.208 0.003 0.002 0.002 0.136 0.002 0.002 0.003 0.509 0.005 0.172 0.002 0.002 0.003 0.003 0 0.196 0.001 0.001 0.002
0.574 0.599 0.638 0.301 0.216 0.147 0.301 0.361 0.006 0.275 0.175 0.008 0.069 0.812 0.765 0.007 0.365 0.074 0.034 1 0.068 0.115 0.207 0.928 0.539 0.454 0.022 0.028 0.206 0.084 0.085 0.475 0.378 0.265 0 0.029 0.013 0.101 0.079 0.084 0.235 0.017 0.023 0.066 0.022 0.015 0.111 0.004 0.017 0.087 0.013 0.003 0.056 0.065 0.029 0.012 0.01 0.01 0.017 0.027 0 0.003 0.008 0.043 0.008 0.034 0.002 0.004 0.016 0.009 0.001 0.009 0.01 0.021 0.005 0.02
0.007 0.004 0.004 0.052 0.022 0.015 0.019 0.153 0.002 0.017 0.015 0.163 0.006 0.069 0.068 0.001 0.032 0.006 0.387 0.068 1 0.042 0.274 0.081 0.047 0.142 0.009 0.402 0.022 0.007 0.007 0.042 0.137 0.156 0.006 0 0.006 0.045 0.005 0.042 0.198 0.007 0.043 0.18 0.624 0.001 0.008 0.146 0.102 0.012 0.002 0.391 0.626 0.572 0.537 0.002 0.453 0.128 0.018 0.005 0.315 0.008 0.006 0.001 0.269 0.012 0.425 0.008 0.057 0.007 0.074 0.001 0.379 0.002 0.001 0.041
0.123 0.114 0.117 0.308 0.018 0.012 0.046 0.276 0.004 0.043 0.025 0.012 0.01 0.088 0.089 0.039 0.052 0.011 0.024 0.115 0.042 1 0.373 0.133 0.077 0.245 0.016 0.023 0.036 0.012 0.012 0.065 0.243 0.065 0.01 0.009 0.082 0.019 0.02 0.03 0.068 0.105 0.077 0.016 0.052 0.08 0.025 0.009 0.028 0.159 0.003 0.058 0.02 0.011 0.018 0.001 0.037 0.012 0 0.009 0.031 0.059 0 0.011 0.016 0.017 0.036 0.064 0.001 0.002 0.011 0.006 0.021 0.001 0.024 0
0.105 0.09 0.094 0.359 0.04 0.025 0.076 0.494 0.008 0.069 0.048 0.049 0.019 0.175 0.173 0.026 0.099 0.02 0.123 0.207 0.274 0.373 1 0.254 0.147 0.459 0.031 0.131 0.068 0.023 0.023 0.119 0.438 0.217 0.019 0.007 0.041 0 0.026 0.001 0.255 0.046 0.141 0.076 0.194 0.054 0.036 0.072 0.116 0.032 0.005 0.095 0.268 0.272 0.233 0.004 0.149 0.035 0.017 0 0.101 0.016 0.001 0.011 0.101 0.033 0.094 0.018 0.046 0.009 0.016 0.008 0.146 0.004 0 0.029
0.601 0.627 0.667 0.331 0.207 0.134 0.322 0.391 0.006 0.294 0.187 0.015 0.074 0.846 0.798 0.007 0.39 0.079 0.031 0.928 0.081 0.133 0.254 1 0.579 0.511 0.02 0.033 0.224 0.089 0.091 0.496 0.408 0.3 0 0.035 0.012 0.107 0.088 0.076 0.251 0.019 0.019 0.057 0.028 0.014 0.122 0.001 0.017 0.086 0.014 0.002 0.067 0.068 0.035 0.013 0.013 0.009 0.016 0.017 0 0.004 0.007 0.049 0.014 0.032 0.003 0.005 0.015 0.008 0.001 0.008 0.013 0.023 0.006 0.019
0.325 0.323 0.362 0.189 0.028 0.019 0.543 0.214 0.003 0.495 0.305 0.009 0.007 0.48 0.453 0.004 0.612 0.136 0.018 0.539 0.047 0.077 0.147 0.579 1 0.293 0.012 0.02 0.027 0.009 0.009 0.87 0.227 0.166 0.008 0.007 0.007 0.249 0.015 0.189 0.138 0.011 0.058 0.032 0.008 0.008 0.003 0.052 0.032 0.045 0.001 0.01 0.035 0.035 0.009 0 0.008 0.004 0.009 0.002 0.013 0.006 0.003 0.002 0.004 0.018 0.012 0.007 0.009 0.009 0 0.005 0.007 0 0.006 0.011
0.286 0.273 0.296 0.639 0.099 0.064 0.163 0.744 0.011 0.149 0.097 0.029 0.038 0.399 0.376 0.009 0.203 0.041 0.06 0.454 0.142 0.245 0.459 0.511 0.293 1 0.04 0.064 0.112 0.047 0.047 0.261 0.822 0.619 0.017 0.015 0.024 0.028 0.039 0.016 0.528 0.033 0.166 0.001 0.085 0.017 0.057 0.027 0.238 0.179 0.011 0.02 0.144 0.145 0.106 0.006 0.074 0.021 0.03 0.005 0.04 0.015 0.012 0.022 0.047 0.009 0.052 0.016 0.028 0.01 0.007 0.019 0.073 0.006 0.005 0.037
0.014 0.024 0.024 0.001 0.005 0.004 0.007 0.003 0.087 0.007 0.004 0.002 0.001 0.021 0.014 0.001 0.008 0.002 0.004 0.022 0.009 0.016 0.031 0.02 0.012 0.04 1 0.004 0.005 0.002 0.002 0.012 0.041 0.051 0.014 0.001 0.002 0.012 0.003 0.011 0.002 0.002 0.047 0.038 0.011 0.002 0.004 0.006 0.01 0.006 0.001 0.011 0.004 0.004 0.006 0.001 0.008 0.002 0.002 0.001 0.011 0.003 0.042 0.002 0.001 0.12 0.011 0.003 0.002 0.01 0.002 0.001 0.008 0.001 0.002 0.002
0.043 0.038 0.039 0.081 0.008 0.005 0.012 0.065 0.001 0.011 0.006 0.003 0.003 0.025 0.027 0 0.013 0.003 0.848 0.028 0.402 0.023 0.131 0.033 0.02 0.064 0.004 1 0.008 0.003 0.003 0.02 0.06 0.059 0.003 0.001 0.003 0.019 0.004 0.018 0.085 0.004 0.018 0.097 0.357 0.003 0.005 0.059 0.047 0.027 0.001 0.194 0.298 0.289 0.279 0.001 0.242 0.003 0.002 0.001 0.124 0.005 0.002 0.003 0.578 0.006 0.197 0.005 0.002 0.003 0.004 0 0.223 0.001 0.003 0.003
0.169 0.192 0.188 0.069 0.829 0.54 0.016 0.092 0.001 0.015 0.008 0.004 0.275 0.206 0.194 0.002 0.018 0.004 0.008 0.206 0.022 0.036 0.068 0.224 0.027 0.112 0.005 0.008 1 0.335 0.341 0.027 0.12 0.089 0.007 0.176 0.003 0.026 0.482 0.023 0.075 0.005 0.004 0.027 0.02 0.004 0.451 0.055 0.005 0.038 0.045 0.06 0.022 0.022 0.026 0.029 0.003 0.004 0.004 0.068 0.028 0 0.003 0.178 0.01 0.009 0.011 0 0.004 0.001 0 0.002 0.005 0.049 0 0.005
0.069 0.077 0.076 0.032 0.319 0.481 0.005 0.039 0 0.005 0.002 0.001 0.001 0.079 0.075 0.001 0.006 0.001 0.003 0.084 0.007 0.012 0.023 0.089 0.009 0.047 0.002 0.003 0.335 1 0.983 0.009 0.031 0.024 0.001 0.017 0.001 0.009 0.486 0.008 0.02 0.002 0.01 0.036 0.007 0.001 0.263 0.022 0.024 0.011 0.027 0.045 0.007 0.008 0.009 0.014 0.005 0.001 0.001 0.005 0.02 0.002 0.001 0.269 0.005 0.003 0.005 0.002 0.001 0.001 0.001 0.001 0.004 0.035 0.002 0.002
0.07 0.079 0.077 0.033 0.325 0.489 0.005 0.04 0.001 0.005 0.003 0.001 0.001 0.08 0.076 0.001 0.006 0.001 0.003 0.085 0.007 0.012 0.023 0.091 0.009 0.047 0.002 0.003 0.341 0.983 1 0.009 0.032 0.024 0.001 0.022 0.001 0.009 0.496 0.008 0.021 0.002 0.01 0.037 0.007 0.001 0.27 0.022 0.024 0.012 0.027 0.046 0.008 0.008 0.009 0.014 0.004 0.001 0.001 0.008 0.021 0.002 0.001 0.264 0.003 0.003 0.006 0.002 0.001 0.001 0.001 0.001 0.004 0.034 0.002 0.002
0.282 0.287 0.315 0.167 0.023 0.013 0.502 0.189 0.003 0.455 0.305 0.005 0.007 0.42 0.396 0.004 0.571 0.137 0.018 0.475 0.042 0.065 0.119 0.496 0.87 0.261 0.012 0.02 0.027 0.009 0.009 1 0.263 0.204 0.008 0.007 0.007 0.307 0.015 0.241 0.172 0.011 0.054 0.047 0.007 0.008 0.002 0.061 0.048 0.056 0.001 0.009 0.034 0.034 0.008 0.002 0.007 0.004 0.009 0.002 0.013 0.014 0.006 0.002 0.003 0.015 0.011 0.015 0.009 0.009 0 0.005 0.007 0.001 0.01 0.011
0.219 0.213 0.227 0.583 0.097 0.063 0.132 0.702 0.011 0.118 0.095 0.022 0.037 0.337 0.326 0.013 0.167 0.04 0.056 0.378 0.137 0.243 0.438 0.408 0.227 0.822 0.041 0.06 0.12 0.031 0.032 0.263 1 0.706 0.016 0.032 0.026 0.037 0.074 0.023 0.607 0.038 0.167 0 0.09 0.027 0.094 0.018 0.245 0.19 0.011 0.012 0.15 0.151 0.112 0.005 0.059 0.022 0.008 0.004 0.017 0.028 0.016 0.043 0.049 0.009 0.025 0.03 0.03 0.01 0.008 0.023 0.058 0.002 0.008 0.014
0.137 0.129 0.14 0.347 0.064 0.039 0.093 0.45 0.013 0.083 0.067 0.029 0.03 0.274 0.271 0.017 0.122 0.032 0.054 0.265 0.156 0.065 0.217 0.3 0.166 0.619 0.051 0.059 0.089 0.024 0.024 0.204 0.706 1 0.011 0.025 0.032 0.221 0.058 0.193 0.821 0.047 0.114 0.027 0.109 0.021 0.075 0.004 0.354 0.195 0.008 0.027 0.167 0.145 0.119 0.003 0.089 0.029 0.019 0.002 0.032 0.036 0.021 0.031 0.048 0.004 0.049 0.038 0.017 0.006 0.014 0.019 0.087 0.001 0.01 0.027
0.001 0 0 0.027 0.006 0.002 0.002 0.033 0 0.002 0 0.001 0.047 0 0 0.001 0.002 0.001 0.002 0 0.006 0.01 0.019 0 0.008 0.017 0.014 0.003 0.007 0.001 0.001 0.008 0.016 0.011 1 0.001 0.001 0.007 0.002 0.007 0.027 0.001 0.119 0.024 0.006 0.001 0.002 0.019 0.05 0.013 0.009 0.012 0.007 0.007 0.008 0.007 0.01 0.001 0.001 0.001 0.012 0.002 0.001 0.001 0.004 0.002 0.012 0.002 0.001 0.522 0.001 0.001 0.009 0 0.001 0.001
0.025 0.029 0.028 0.007 0.137 0.212 0.004 0.011 0 0.004 0.002 0.002 0.001 0.037 0.045 0 0.005 0.001 0.001 0.029 0 0.009 0.007 0.035 0.007 0.015 0.001 0.001 0.176 0.017 0.022 0.007 0.032 0.025 0.001 1 0.001 0.006 0.307 0.006 0.024 0.001 0.007 0.037 0.006 0.001 0.203 0.005 0.017 0.011 0.091 0.034 0.006 0.006 0.007 0.058 0.007 0.001 0.001 0.185 0.016 0.002 0.001 0.048 0 0.002 0.008 0.002 0.001 0.001 0.001 0.001 0.005 0.065 0 0.001
0.011 0.01 0.015 0.036 0.004 0.002 0.005 0.03 0 0.004 0.002 0.001 0.001 0.015 0.016 0 0.005 0.001 0.002 0.013 0.006 0.082 0.041 0.012 0.007 0.024 0.002 0.003 0.003 0.001 0.001 0.007 0.026 0.032 0.001 0.001 1 0.007 0.002 0.007 0.036 0.001 0.008 0.011 0.006 0.001 0.002 0.018 0.019 0 0 0.011 0.006 0.006 0.008 0.001 0.009 0.001 0.001 0.001 0.011 0.002 0.011 0.001 0.003 0.002 0.011 0.002 0.001 0.017 0.001 0.001 0.009 0 0.001 0.001
0.072 0.069 0.08 0.007 0.022 0.013 0.288 0.012 0.003 0.246 0.149 0.009 0.007 0.124 0.121 0.004 0.348 0.008 0.017 0.101 0.045 0.019 0 0.107 0.249 0.028 0.012 0.019 0.026 0.009 0.009 0.307 0.037 0.221 0.007 0.006 0.007 1 0.015 0.879 0.195 0.011 0.062 0.264 0.04 0.111 0.002 0.171 0.186 0.014 0.003 0.041 0.037 0.024 0.031 0.004 0.018 0.008 0 0.002 0.023 0.012 0.005 0.008 0.006 0.018 0.032 0.01 0 0.009 0.002 0.004 0.021 0.003 0.005 0.001
0.064 0.074 0.072 0.022 0.348 0.533 0.009 0.03 0.001 0.008 0.004 0 0.002 0.083 0.089 0.001 0.01 0.002 0.004 0.079 0.005 0.02 0.026 0.088 0.015 0.039 0.003 0.004 0.482 0.486 0.496 0.015 0.074 0.058 0.002 0.307 0.002 0.015 1 0.012 0.053 0.003 0.016 0.083 0.013 0.002 0.601 0.023 0.039 0.025 0.037 0.113 0.014 0.014 0.016 0.022 0.001 0.002 0.002 0.061 0.077 0.004 0.002 0.405 0.004 0.005 0.039 0.004 0.002 0.002 0 0.001 0.002 0.025 0.002 0.003
0.048 0.057 0.055 0.002 0.02 0.012 0.274 0.004 0.003 0.231 0.128 0.008 0.007 0.092 0.09 0.004 0.263 0.007 0.016 0.084 0.042 0.03 0.001 0.076 0.189 0.016 0.011 0.018 0.023 0.008 0.008 0.241 0.023 0.193 0.007 0.006 0.007 0.879 0.012 1 0.188 0.01 0.058 0.252 0.038 0.119 0.016 0.154 0.212 0.012 0.003 0.059 0.034 0.021 0.029 0.004 0.032 0.008 0 0.002 0.036 0.012 0.005 0.006 0.015 0.016 0.042 0.012 0 0.008 0.005 0.004 0.037 0.003 0.007 0.001
0.107 0.096 0.105 0.401 0.053 0.034 0.075 0.52 0.01 0.066 0.054 0.033 0.023 0.229 0.23 0.019 0.1 0.028 0.079 0.235 0.198 0.068 0.255 0.251 0.138 0.528 0.002 0.085 0.075 0.02 0.021 0.172 0.607 0.821 0.027 0.024 0.036 0.195 0.053 0.188 1 0.053 0.214 0.01 0.151 0.018 0.067 0.01 0.48 0.234 0.008 0.051 0.228 0.203 0.164 0.003 0.129 0.043 0.023 0.001 0.054 0.042 0.02 0.027 0.076 0.051 0.08 0.044 0.021 0.016 0.024 0.016 0.123 0.001 0.013 0.032
0.025 0.022 0.023 0.053 0.005 0.004 0.007 0.044 0.005 0.006 0.004 0.002 0.001 0.021 0.022 0.006 0.007 0.002 0.002 0.017 0.007 0.105 0.046 0.019 0.011 0.033 0.002 0.004 0.005 0.002 0.002 0.011 0.038 0.047 0.001 0.001 0.001 0.011 0.003 0.01 0.053 1 0.008 0.024 0.008 0.002 0.004 0.004 0.022 0.031 0.001 0.001 0 0 0 0.001 0.013 0.002 0.002 0.001 0.001 0.27 0.001 0.002 0.005 0 0.015 0.274 0.002 0.002 0.002 0.001 0 0.001 0.024 0.002
0.024 0.035 0.037 0.206 0.003 0.02 0.029 0.252 0.004 0.026 0.012 0.007 0.107 0.026 0.023 0.004 0.025 0.009 0.016 0.023 0.043 0.077 0.141 0.019 0.058 0.166 0.047 0.018 0.004 0.01 0.01 0.054 0.167 0.114 0.119 0.007 0.008 0.062 0.016 0.058 0.214 0.008 1 0.198 0.048 0.009 0.021 0.134 0.391 0.077 0.003 0.093 0.058 0.058 0.063 0.002 0.074 0.01 0.01 0.007 0.094 0.002 0.004 0.009 0.033 0.262 0.09 0.002 0.01 0.098 0.011 0.072 0.072 0 0 0.012
0.094 0.108 0.114 0 0.015 0.065 0.08 0.007 0.01 0.068 0.039 0.043 0.023 0.071 0.068 0 0.086 0.025 0.081 0.066 0.18 0.016 0.076 0.057 0.032 0.001 0.038 0.097 0.027 0.036 0.037 0.047 0 0.027 0.024 0.037 0.011 0.264 0.083 0.252 0.01 0.024 0.198 1 0.19 0.031 0.104 0.309 0 0.064 0 0.29 0.19 0.166 0.132 0.001 0.177 0.049 0.002 0.037 0.198 0.033 0.009 0.03 0.096 0.055 0.191 0.035 0.01 0.029 0.052 0.014 0.125 0 0.018 0.003
0 0.001 0 0.024 0.021 0.013 0 0.083 0.003 0.001 0.001 0.072 0.006 0.025 0.027 0.001 0.001 0.007 0.314 0.022 0.624 0.052 0.194 0.028 0.008 0.085 0.011 0.357 0.02 0.007 0.007 0.007 0.09 0.109 0.006 0.006 0.006 0.04 0.013 0.038 0.151 0.008 0.048 0.19 1 0.007 0.016 0.195 0.13 0.028 0.003 0.54 0.695 0.645 0.773 0.003 0.614 0.168 0.025 0.005 0.423 0.012 0.006 0.005 0.307 0.016 0.516 0.013 0.038 0.008 0.115 0.004 0.552 0.003 0.009 0.027
0.006 0.008 0.009 0.027 0.004 0.003 0.005 0.031 0 0.004 0.002 0.001 0.001 0.007 0.004 0.001 0.005 0.001 0.002 0.015 0.001 0.08 0.054 0.014 0.008 0.017 0.002 0.003 0.004 0.001 0.001 0.008 0.027 0.021 0.001 0.001 0.001 0.111 0.002 0.119 0.018 0.002 0.009 0.031 0.007 1 0.003 0.007 0.016 0.043 0 0.012 0.007 0.007 0.008 0.001 0.01 0.001 0.001 0.001 0.004 0.001 0.001 0.001 0.004 0.003 0.012 0.001 0.001 0.001 0.001 0.001 0.01 0 0 0.002
0.09 0.079 0.101 0.035 0.331 0.514 0.011 0.046 0.001 0.01 0.006 0 0.002 0.114 0.118 0.001 0 0.003 0.006 0.111 0.008 0.025 0.036 0.122 0.003 0.057 0.004 0.005 0.451 0.263 0.27 0.002 0.094 0.075 0.002 0.203 0.002 0.002 0.601 0.016 0.067 0.004 0.021 0.104 0.016 0.003 1 0.011 0.049 0.031 0.001 0.205 0.017 0.017 0.02 0.001 0.004 0.003 0.003 0.099 0.132 0.005 0.002 0.329 0 0.006 0.074 0.005 0.003 0.003 0.001 0.001 0.003 0.001 0.003 0.004
0.014 0.017 0.02 0.016 0.057 0.034 0.115 0.034 0 0.099 0.056 0.032 0.018 0.004 0.004 0.005 0.113 0.02 0.058 0.004 0.146 0.009 0.072 0.001 0.052 0.027 0.006 0.059 0.055 0.022 0.022 0.061 0.018 0.004 0.019 0.005 0.018 0.171 0.023 0.154 0.01 0.004 0.134 0.309 0.195 0.007 0.011 1 0 0.027 0.008 0.147 0.21 0.205 0.228 0.01 0.184 0.041 0.01 0 0.16 0.02 0.004 0.007 0.094 0.047 0.132 0.021 0.008 0.023 0.017 0.005 0.202 0.009 0.021 0.025
0.002 0.001 0.001 0.214 0.004 0.042 0.064 0.26 0.008 0.051 0.034 0.019 0.041 0.014 0.015 0.01 0.066 0.001 0.042 0.017 0.102 0.028 0.116 0.017 0.032 0.238 0.01 0.047 0.005 0.024 0.024 0.048 0.245 0.354 0.05 0.017 0.019 0.186 0.039 0.212 0.48 0.022 0.391 0 0.13 0.016 0.049 0 1 0.121 0 0.241 0.138 0.139 0.166 0 0.194 0.023 0.025 0.018 0.241 0.018 0.012 0.022 0.08 0.123 0.233 0.019 0.023 0.036 0.027 0.03 0.189 0.002 0.003 0.029
0.052 0.048 0.046 0.145 0.02 0.014 0.035 0.181 0.017 0.035 0.031 0.004 0.01 0.068 0.061 0.03 0.033 0.004 0.023 0.087 0.012 0.159 0.032 0.086 0.045 0.179 0.006 0.027 0.038 0.011 0.012 0.056 0.19 0.195 0.013 0.011 0 0.014 0.025 0.012 0.234 0.031 0.077 0.064 0.028 0.043 0.031 0.027 0.121 1 0.005 0.081 0.03 0.031 0.041 0.002 0.025 0.001 0.004 0.011 0.039 0.065 0.039 0.014 0.035 0.029 0.032 0.069 0.002 0.007 0.001 0.008 0.035 0.001 0.032 0.001
0.008 0.01 0.009 0.007 0.043 0.026 0.002 0.011 0 0.002 0.001 0.001 0.017 0.012 0.011 0 0.002 0.001 0.001 0.013 0.002 0.003 0.005 0.014 0.001 0.011 0.001 0.001 0.045 0.027 0.027 0.001 0.011 0.008 0.009 0.091 0 0.003 0.037 0.003 0.008 0.001 0.003 0 0.003 0 0.001 0.008 0 0.005 1 0.005 0.003 0.003 0.004 0.764 0.004 0.001 0.001 0 0.005 0.001 0 0 0.002 0.001 0.005 0.001 0.001 0.007 0.001 0 0.004 0.562 0.016 0.001
0.027 0.03 0.035 0.004 0.035 0.089 0.001 0.025 0.005 0 0 0.072 0.012 0.003 0.002 0.003 0 0.013 0.172 0.003 0.391 0.058 0.095 0.002 0.01 0.02 0.011 0.194 0.06 0.045 0.046 0.009 0.012 0.027 0.012 0.034 0.011 0.041 0.113 0.059 0.051 0.001 0.093 0.29 0.54 0.012 0.205 0.147 0.241 0.081 0.005 1 0.574 0.53 0.624 0.006 0.617 0.097 0.008 0.073 0.768 0.023 0.011 0.066 0.288 0.03 0.708 0.023 0.03 0.015 0.113 0.007 0.601 0.006 0.016 0.02
0.006 0.003 0.004 0.059 0.022 0.014 0.01 0.142 0.003 0.008 0.005 0.11 0.007 0.058 0.061 0.001 0.019 0.007 0.267 0.056 0.626 0.02 0.268 0.067 0.035 0.144 0.004 0.298 0.022 0.007 0.008 0.034 0.15 0.167 0.007 0.006 0.006 0.037 0.014 0.034 0.228 0 0.058 0.19 0.695 0.007 0.017 0.21 0.138 0.03 0.003 0.574 1 0.888 0.821 0.004 0.626 0.169 0.023 0.006 0.458 0.013 0.006 0.006 0.383 0.017 0.483 0.013 0.063 0.008 0.125 0.004 0.575 0.003 0.009 0.048
0.007 0.004 0.005 0.066 0.023 0.014 0.01 0.152 0.003 0.008 0.005 0.077 0.007 0.061 0.064 0.001 0.02 0.007 0.283 0.065 0.572 0.011 0.272 0.068 0.035 0.145 0.004 0.289 0.022 0.008 0.008 0.034 0.151 0.145 0.007 0.006 0.006 0.024 0.014 0.021 0.203 0 0.058 0.166 0.645 0.007 0.017 0.205 0.139 0.031 0.003 0.53 0.888 1 0.827 0.004 0.631 0.167 0.052 0 0.495 0.013 0.006 0.006 0.336 0.017 0.487 0.014 0.109 0.008 0.124 0.004 0.581 0.003 0.009 0.084
0.001 0 0 0.045 0.027 0.017 0 0.109 0.003 0.001 0.003 0.083 0.008 0.031 0.034 0.001 0.001 0.009 0.253 0.029 0.537 0.018 0.233 0.035 0.009 0.106 0.006 0.279 0.026 0.009 0.009 0.008 0.112 0.119 0.008 0.007 0.008 0.031 0.016 0.029 0.164 0 0.063 0.132 0.773 0.008 0.02 0.228 0.166 0.041 0.004 0.624 0.821 0.827 1 0.004 0.698 0.14 0.042 0.004 0.553 0.012 0.007 0.007 0.346 0.02 0.582 0.013 0.084 0.01 0.102 0.005 0.688 0.004 0.011 0.067
0.007 0.009 0.009 0.005 0.028 0.014 0.002 0.008 0 0.002 0.001 0.001 0.014 0.011 0.01 0 0.003 0.001 0.001 0.012 0.002 0.001 0.004 0.013 0 0.006 0.001 0.001 0.029 0.014 0.014 0.002 0.005 0.003 0.007 0.058 0.001 0.004 0.022 0.004 0.003 0.001 0.002 0.001 0.003 0.001 0.001 0.01 0 0.002 0.764 0.006 0.004 0.004 0.004 1 0.005 0.001 0.001 0 0.006 0.001 0 0.001 0.002 0.001 0.006 0.001 0.001 0.005 0.001 0 0.005 0.666 0.051 0.001
0.002 0.002 0.004 0.014 0.001 0.001 0.001 0.051 0.004 0 0 0.076 0.009 0.009 0.011 0.001 0 0.01 0.208 0.01 0.453 0.037 0.149 0.013 0.008 0.074 0.008 0.242 0.003 0.005 0.004 0.007 0.059 0.089 0.01 0.007 0.009 0.018 0.001 0.032 0.129 0.013 0.074 0.177 0.614 0.01 0.004 0.184 0.194 0.025 0.004 0.617 0.626 0.631 0.698 0.005 1 0.119 0.109 0.091 0.641 0.018 0.008 0.009 0.374 0.024 0.701 0.019 0.12 0.012 0.139 0.006 0.829 0.004 0.013 0.151
0.034 0.04 0.039 0.012 0.004 0.003 0.001 0.022 0 0.001 0 0.007 0.001 0.007 0.006 0.001 0.002 0.001 0.003 0.01 0.128 0.012 0.035 0.009 0.004 0.021 0.002 0.003 0.004 0.001 0.001 0.004 0.022 0.029 0.001 0.001 0.001 0.008 0.002 0.008 0.043 0.002 0.01 0.049 0.168 0.001 0.003 0.041 0.023 0.001 0.001 0.097 0.169 0.167 0.14 0.001 0.119 1 0.001 0.001 0.074 0.002 0.001 0.001 0.001 0.003 0.084 0.002 0.001 0.001 0.278 0.001 0.071 0.001 0.002 0.001
0.004 0.003 0.003 0.002 0 0 0 0.001 0.001 0 0.003 0.121 0.001 0.009 0.01 0.016 0.006 0.001 0.002 0.017 0.018 0 0.017 0.016 0.009 0.03 0.002 0.002 0.004 0.001 0.001 0.009 0.008 0.019 0.001 0.001 0.001 0 0.002 0 0.023 0.002 0.01 0.002 0.025 0.001 0.003 0.01 0.025 0.004 0.001 0.008 0.023 0.052 0.042 0.001 0.109 0.001 1 0.001 0.087 0.002 0.001 0.001 0.005 0.003 0.08 0.002 0.372 0.001 0 0.001 0.099 0.001 0.002 0.601
0.012 0.013 0.013 0.001 0.065 0.105 0.001 0.003 0 0 0.002 0.069 0.001 0.016 0.014 0 0.001 0.001 0.002 0.027 0.005 0.009 0 0.017 0.002 0.005 0.001 0.001 0.068 0.005 0.008 0.002 0.004 0.002 0.001 0.185 0.001 0.002 0.061 0.002 0.001 0.001 0.007 0.037 0.005 0.001 0.099 0 0.018 0.011 0 0.073 0.006 0 0.004 0 0.091 0.001 0.001 1 0.045 0.002 0.001 0.001 0.003 0.002 0.027 0.002 0.001 0.001 0.04 0.001 0.08 0 0.001 0.001
0.013 0.015 0.019 0.007 0.019 0.058 0.002 0.032 0.005 0.001 0 0.069 0.012 0 0 0 0.001 0.013 0.136 0 0.315 0.031 0.101 0 0.013 0.04 0.011 0.124 0.028 0.02 0.021 0.013 0.017 0.032 0.012 0.016 0.011 0.023 0.077 0.036 0.054 0.001 0.094 0.198 0.423 0.004 0.132 0.16 0.241 0.039 0.005 0.768 0.458 0.495 0.553 0.006 0.641 0.074 0.087 0.045 1 0.023 0.01 0.066 0.225 0.03 0.771 0.023 0.097 0.015 0.089 0.007 0.63 0.006 0.016 0.122
0.005 0.003 0.004 0.025 0 0.005 0.002 0.024 0.001 0.002 0.005 0.002 0.013 0.003 0.004 0.004 0.003 0.002 0.002 0.003 0.008 0.059 0.016 0.004 0.006 0.015 0.003 0.005 0 0.002 0.002 0.014 0.028 0.036 0.002 0.002 0.002 0.012 0.004 0.012 0.042 0.27 0.002 0.033 0.012 0.001 0.005 0.02 0.018 0.065 0.001 0.023 0.013 0.013 0.012 0.001 0.018 0.002 0.002 0.002 0.023 1 0.002 0.002 0.008 0.005 0.022 0.971 0.002 0.002 0.003 0.001 0.018 0.001 0.106 0.003
0.002 0.005 0.003 0.01 0.003 0.002 0.003 0.015 0.244 0.003 0.002 0.001 0.001 0.007 0.004 0 0.004 0.001 0.002 0.008 0.006 0 0.001 0.007 0.003 0.012 0.042 0.002 0.003 0.001 0.001 0.006 0.016 0.021 0.001 0.001 0.011 0.005 0.002 0.005 0.02 0.001 0.004 0.009 0.006 0.001 0.002 0.004 0.012 0.039 0 0.011 0.006 0.006 0.007 0 0.008 0.001 0.001 0.001 0.01 0.002 1 0.001 0.003 0.002 0.01 0.002 0.001 0.001 0.001 0.001 0.008 0 0.001 0.001
0.021 0.025 0.024 0.011 0.134 0.209 0.005 0.018 0 0.004 0.002 0.001 0.001 0.05 0.058 0.001 0.005 0.001 0.003 0.043 0.001 0.011 0.011 0.049 0.002 0.022 0.002 0.003 0.178 0.269 0.264 0.002 0.043 0.031 0.001 0.048 0.001 0.008 0.405 0.006 0.027 0.002 0.009 0.03 0.005 0.001 0.329 0.007 0.022 0.014 0 0.066 0.006 0.006 0.007 0.001 0.009 0.001 0.001 0.001 0.066 0.002 0.001 1 0 0.003 0.035 0.002 0.001 0.001 0 0.001 0.008 0.001 0.001 0.002
0.028 0.03 0.024 0.064 0.01 0.005 0.01 0.053 0.002 0.009 0.003 0 0.004 0.011 0.013 0 0.003 0.004 0.509 0.008 0.269 0.016 0.101 0.014 0.004 0.047 0.001 0.578 0.01 0.005 0.003 0.003 0.049 0.048 0.004 0 0.003 0.006 0.004 0.015 0.076 0.005 0.033 0.096 0.307 0.004 0 0.094 0.08 0.035 0.002 0.288 0.383 0.336 0.346 0.002 0.374 0.001 0.005 0.003 0.225 0.008 0.003 0 1 0.01 0.294 0.008 0.005 0.005 0.005 0.002 0.316 0.002 0.005 0.002
0.023 0.037 0.038 0.049 0.009 0.006 0.011 0.061 0.001 0.01 0.006 0.001 0.002 0.034 0.034 0.001 0.012 0.003 0.005 0.034 0.012 0.017 0.033 0.032 0.018 0.009 0.12 0.006 0.009 0.003 0.003 0.015 0.009 0.004 0.002 0.002 0.002 0.018 0.005 0.016 0.051 0 0.262 0.055 0.016 0.003 0.006 0.047 0.123 0.029 0.001 0.03 0.017 0.017 0.02 0.001 0.024 0.003 0.003 0.002 0.03 0.005 0.002 0.003 0.01 1 0.029 0.005 0.003 0.003 0.003 0.001 0.023 0.001 0 0.004
0.006 0.01 0.01 0.011 0.006 0.028 0.001 0.037 0.005 0 0 0.066 0.011 0.001 0.001 0 0.001 0.012 0.172 0.002 0.425 0.036 0.094 0.003 0.012 0.052 0.011 0.197 0.011 0.005 0.006 0.011 0.025 0.049 0.012 0.008 0.011 0.032 0.039 0.042 0.08 0.015 0.09 0.191 0.516 0.012 0.074 0.132 0.233 0.032 0.005 0.708 0.483 0.487 0.582 0.006 0.701 0.084 0.08 0.027 0.771 0.022 0.01 0.035 0.294 0.029 1 0.023 0.1 0.014 0.117 0.007 0.612 0.005 0.002 0.115
0.006 0.004 0.004 0.027 0 0.005 0.002 0.025 0.001 0.002 0.005 0.002 0.012 0.003 0.004 0.004 0.003 0.002 0.002 0.004 0.008 0.064 0.018 0.005 0.007 0.016 0.003 0.005 0 0.002 0.002 0.015 0.03 0.038 0.002 0.002 0.002 0.01 0.004 0.012 0.044 0.274 0.002 0.035 0.013 0.001 0.005 0.021 0.019 0.069 0.001 0.023 0.013 0.014 0.013 0.001 0.019 0.002 0.002 0.002 0.023 0.971 0.002 0.002 0.008 0.005 0.023 1 0.002 0.002 0.003 0.001 0.018 0.001 0.117 0.003
0.001 0 0.001 0.01 0 0.001 0 0.011 0 0 0.003 0.143 0.001 0.008 0.009 0.017 0.006 0.001 0.002 0.016 0.057 0.001 0.046 0.015 0.009 0.028 0.002 0.002 0.004 0.001 0.001 0.009 0.03 0.017 0.001 0.001 0.001 0 0.002 0 0.021 0.002 0.01 0.01 0.038 0.001 0.003 0.008 0.023 0.002 0.001 0.03 0.063 0.109 0.084 0.001 0.12 0.001 0.372 0.001 0.097 0.002 0.001 0.001 0.005 0.003 0.1 0.002 1 0.001 0.002 0.001 0.11 0.001 0.002 0.563
0.01 0.01 0.01 0.016 0.001 0.003 0.003 0.021 0.001 0.002 0.001 0.001 0.001 0.009 0.009 0.001 0.003 0.001 0.003 0.009 0.007 0.002 0.009 0.008 0.009 0.01 0.01 0.003 0.001 0.001 0.001 0.009 0.01 0.006 0.522 0.001 0.017 0.009 0.002 0.008 0.016 0.002 0.098 0.029 0.008 0.001 0.003 0.023 0.036 0.007 0.007 0.015 0.008 0.008 0.01 0.005 0.012 0.001 0.001 0.001 0.015 0.002 0.001 0.001 0.005 0.003 0.014 0.002 0.001 1 0.002 0.001 0.012 0.001 0.002 0.002
0.035 0.033 0.039 0.009 0 0 0 0.007 0.001 0 0 0.01 0.001 0 0 0.001 0 0.001 0.003 0.001 0.074 0.011 0.016 0.001 0 0.007 0.002 0.004 0 0.001 0.001 0 0.008 0.014 0.001 0.001 0.001 0.002 0 0.005 0.024 0.002 0.011 0.052 0.115 0.001 0.001 0.017 0.027 0.001 0.001 0.113 0.125 0.124 0.102 0.001 0.139 0.278 0 0.04 0.089 0.003 0.001 0 0.005 0.003 0.117 0.003 0.002 0.002 1 0.001 0.129 0.001 0.002 0.002
0.006 0.009 0.009 0.012 0.002 0.001 0.003 0.015 0 0.003 0.002 0.001 0.001 0.009 0.003 0 0.003 0.001 0 0.009 0.001 0.006 0.008 0.008 0.005 0.019 0.001 0 0.002 0.001 0.001 0.005 0.023 0.019 0.001 0.001 0.001 0.004 0.001 0.004 0.016 0.001 0.072 0.014 0.004 0.001 0.001 0.005 0.03 0.008 0 0.007 0.004 0.004 0.005 0 0.006 0.001 0.001 0.001 0.007 0.001 0.001 0.001 0.002 0.001 0.007 0.001 0.001 0.001 0.001 1 0.006 0 0.001 0.001
0 0 0.001 0.021 0.002 0 0.001 0.051 0.004 0 0 0.064 0.009 0.008 0.01 0.001 0 0.01 0.196 0.01 0.379 0.021 0.146 0.013 0.007 0.073 0.008 0.223 0.005 0.004 0.004 0.007 0.058 0.087 0.009 0.005 0.009 0.021 0.002 0.037 0.123 0 0.072 0.125 0.552 0.01 0.003 0.202 0.189 0.035 0.004 0.601 0.575 0.581 0.688 0.005 0.829 0.071 0.099 0.08 0.63 0.018 0.008 0.008 0.316 0.023 0.612 0.018 0.11 0.012 0.129 0.006 1 0.004 0.013 0.143
0.015 0.017 0.017 0.005 0.047 0.03 0.002 0.008 0 0.002 0.001 0.001 0.016 0.02 0.019 0 0.002 0.001 0.001 0.021 0.002 0.001 0.004 0.023 0 0.006 0.001 0.001 0.049 0.035 0.034 0.001 0.002 0.001 0 0.065 0 0.003 0.025 0.003 0.001 0.001 0 0 0.003 0 0.001 0.009 0.002 0.001 0.562 0.006 0.003 0.003 0.004 0.666 0.004 0.001 0.001 0 0.006 0.001 0 0.001 0.002 0.001 0.005 0.001 0.001 0.001 0.001 0 0.004 1 0.044 0.001
0.01 0.008 0.008 0.012 0 0.002 0.006 0.007 0.001 0.006 0.003 0.002 0.003 0.004 0.004 0.007 0.007 0.001 0.001 0.005 0.001 0.024 0 0.006 0.006 0.005 0.002 0.003 0 0.002 0.002 0.01 0.008 0.01 0.001 0 0.001 0.005 0.002 0.007 0.013 0.024 0 0.018 0.009 0 0.003 0.021 0.003 0.032 0.016 0.016 0.009 0.009 0.011 0.051 0.013 0.002 0.002 0.001 0.016 0.106 0.001 0.001 0.005 0 0.002 0.117 0.002 0.002 0.002 0.001 0.013 0.044 1 0.002
0.003 0.002 0.002 0.003 0 0 0.001 0.004 0.001 0 0.004 0.115 0.001 0.012 0.013 0.013 0.007 0.002 0.002 0.02 0.041 0 0.029 0.019 0.011 0.037 0.002 0.003 0.005 0.002 0.002 0.011 0.014 0.027 0.001 0.001 0.001 0.001 0.003 0.001 0.032 0.002 0.012 0.003 0.027 0.002 0.004 0.025 0.029 0.001 0.001 0.02 0.048 0.084 0.067 0.001 0.151 0.001 0.601 0.001 0.122 0.003 0.001 0.002 0.002 0.004 0.115 0.003 0.563 0.002 0.002 0.001 0.143 0.001 0.002 1
