1 0.831 0.841 0.407 0.161 0.113 0.261 0.234 0.012 0.186 0.111 0.031 0.037 0.492 0.46 0.003 0.227 0.034 0.03 0.511 0.001 0.103 0.078 0.542 0.338 0.239 0.008 0.03 0.132 0.048 0.045 0.271 0.186 0.112 0 0.021 0 0.071 0.05 0.053 0.084 0.019 0.025 0.1 0.001 0.005 0.049 0.047 0.007 0.06 0.007 0.019 0.001 0.001 0 0.008 0.004 0.044 0.009 0 0.017 0.025 0.007 0.014 0.014 0.03 0.013 0.026 0 0 0.027 0.002 0.002 0.006 0.006 0
0.831 1 0.959 0.409 0.193 0.135 0.313 0.224 0.01 0.223 0.134 0.026 0.044 0.571 0.534 0.002 0.265 0.041 0.025 0.579 0 0.103 0.069 0.62 0.373 0.24 0.025 0.025 0.161 0.058 0.055 0.321 0.197 0.125 0.001 0.028 0.007 0.093 0.063 0.078 0.089 0.015 0.047 0.137 0.003 0.011 0.052 0.071 0.002 0.049 0.009 0.028 0 0 0.001 0.011 0.007 0.054 0.007 0 0.025 0.02 0.013 0.019 0.012 0.041 0.024 0.021 0.001 0.004 0.031 0.012 0.004 0.009 0.003 0
0.841 0.959 1 0.415 0.187 0.131 0.303 0.23 0.01 0.216 0.129 0.027 0.043 0.588 0.55 0.002 0.269 0.04 0.026 0.598 0 0.099 0.069 0.64 0.398 0.257 0.026 0.026 0.156 0.056 0.053 0.323 0.2 0.127 0.001 0.027 0.009 0.095 0.061 0.073 0.089 0.016 0.046 0.132 0.002 0.011 0.06 0.07 0.002 0.046 0.008 0.028 0 0 0.001 0.01 0.008 0.052 0.007 0 0.026 0.021 0.005 0.018 0.011 0.042 0.023 0.022 0.001 0.004 0.034 0.012 0.005 0.008 0.004 0
0.407 0.409 0.415 1 0.075 0.051 0.132 0.773 0.024 0.094 0.056 0.061 0.019 0.26 0.243 0.009 0.141 0.021 0.059 0.27 0.03 0.266 0.306 0.299 0.169 0.591 0.003 0.058 0.057 0.025 0.022 0.145 0.512 0.347 0.016 0.004 0.021 0.017 0.016 0.012 0.413 0.037 0.228 0.001 0.019 0.026 0.017 0 0.269 0.17 0.002 0.005 0.04 0.033 0.026 0.002 0.012 0.018 0.013 0.005 0.005 0.051 0.019 0.003 0.045 0.079 0.005 0.054 0.003 0.01 0.006 0.021 0.015 0 0.013 0.002
0.161 0.193 0.187 0.075 1 0.701 0.012 0.085 0.002 0.009 0.005 0.005 0.23 0.178 0.168 0.001 0.015 0.002 0.005 0.176 0.016 0.01 0.031 0.174 0.021 0.078 0.005 0.005 0.776 0.299 0.29 0.021 0.061 0.04 0 0.124 0.002 0.02 0.298 0.018 0.022 0.003 0 0.006 0.015 0.002 0.159 0.034 0.008 0.009 0.057 0.009 0.014 0.014 0.019 0.024 0.003 0.003 0 0.015 0.01 0.004 0.003 0.078 0.004 0.009 0.008 0.004 0 0 0 0.002 0.004 0.028 0 0
0.113 0.135 0.131 0.051 0.701 1 0.009 0.069 0.001 0.006 0.004 0.004 0.001 0.139 0.131 0.003 0.011 0.001 0.003 0.132 0.011 0.009 0.025 0.13 0.015 0.059 0.003 0.003 0.569 0.425 0.414 0.015 0.042 0.026 0.001 0.184 0.001 0.014 0.435 0.013 0.011 0.002 0.017 0.03 0.009 0.002 0.238 0.02 0.039 0.005 0.014 0.028 0.009 0.009 0.013 0.005 0 0.002 0 0.025 0.031 0.003 0.002 0.118 0.002 0.006 0.025 0.003 0 0.002 0 0.002 0.001 0.01 0.001 0
0.261 0.313 0.303 0.132 0.012 0.009 1 0.156 0.003 0.712 0.427 0.008 0.003 0.321 0.303 0.003 0.76 0.003 0.008 0.351 0.026 0.04 0.081 0.357 0.568 0.174 0.008 0.008 0.013 0.004 0.004 0.554 0.164 0.123 0 0.006 0.003 0.35 0.008 0.353 0.113 0.005 0.026 0.08 0.002 0.004 0.009 0.167 0.111 0.018 0.002 0.008 0.028 0.028 0.002 0.003 0.005 0.006 0.005 0.004 0.008 0.007 0.005 0.005 0.014 0.01 0.008 0.007 0.004 0 0.006 0.004 0.006 0.004 0.008 0.005
0.234 0.224 0.23 0.773 0.085 0.069 0.156 1 0.02 0.111 0.068 0.051 0.023 0.343 0.324 0.007 0.169 0.025 0.041 0.349 0.152 0.222 0.462 0.381 0.214 0.73 0.006 0.041 0.077 0.029 0.027 0.191 0.646 0.468 0.02 0.008 0.018 0.034 0.024 0.026 0.553 0.03 0.268 0.004 0.1 0.023 0.023 0.008 0.349 0.157 0.005 0.05 0.155 0.143 0.111 0.004 0.074 0.034 0.011 0.003 0.046 0.045 0.016 0.006 0.047 0.097 0.047 0.047 0.02 0.013 0.023 0.025 0.073 0.002 0.007 0.015
0.012 0.01 0.01 0.024 0.002 0.001 0.003 0.02 1 0.002 0.001 0.001 0 0.001 0 0 0.004 0.001 0.001 0.009 0.004 0.004 0.01 0.009 0.005 0.018 0.139 0.001 0.002 0.001 0.001 0.005 0.018 0.018 0 0.001 0 0.003 0.001 0.002 0.004 0.002 0.006 0.013 0.005 0 0.001 0.005 0.014 0.013 0 0.007 0.005 0.004 0.006 0 0.006 0.001 0.001 0.001 0.007 0.001 0.344 0.001 0.002 0.002 0.007 0.001 0.001 0.001 0.001 0.001 0.006 0.001 0.001 0.001
0.186 0.223 0.216 0.094 0.009 0.006 0.712 0.111 0.002 1 0.599 0.006 0.002 0.228 0.215 0.002 0.541 0.002 0.006 0.25 0.018 0.028 0.057 0.254 0.399 0.124 0.006 0.006 0.009 0.003 0.003 0.389 0.114 0.083 0 0.004 0.002 0.198 0.006 0.197 0.079 0.003 0.018 0.04 0 0.003 0.006 0.107 0.058 0.043 0.001 0.001 0.02 0.02 0 0.002 0.001 0.004 0.003 0.003 0.001 0.005 0.003 0.004 0.01 0.008 0.001 0.005 0.003 0 0.004 0.003 0.001 0.003 0.006 0.004
0.111 0.134 0.129 0.056 0.005 0.004 0.427 0.068 0.001 0.599 1 0.003 0.001 0.138 0.13 0.001 0.345 0.001 0.003 0.151 0.011 0.017 0.035 0.153 0.232 0.075 0.003 0.004 0.006 0.002 0.002 0.227 0.075 0.053 0.001 0.003 0.001 0.099 0.003 0.089 0.053 0.002 0.008 0.017 0 0.002 0.004 0.063 0.028 0.029 0.001 0 0.012 0.012 0.002 0.001 0 0.002 0.002 0.002 0 0.003 0.002 0.002 0.006 0.006 0 0.003 0.002 0 0.003 0.002 0 0.002 0.004 0.002
0.031 0.026 0.027 0.061 0.005 0.004 0.008 0.051 0.001 0.006 0.003 1 0.001 0.018 0.01 0.001 0.01 0.001 0.003 0.011 0.212 0.016 0.059 0.023 0.014 0.043 0.003 0.003 0.005 0.002 0.002 0.011 0.029 0.038 0 0.002 0.001 0.013 0 0.012 0.045 0.002 0.015 0.074 0.111 0.001 0 0.023 0.035 0.008 0.001 0.107 0.149 0.106 0.107 0.001 0.106 0.001 0.293 0.109 0.097 0.003 0.002 0.002 0.001 0.006 0.102 0.003 0.099 0.001 0.011 0.002 0.096 0.002 0.003 0.108
0.037 0.044 0.043 0.019 0.23 0.001 0.003 0.023 0 0.002 0.001 0.001 1 0.046 0.043 0 0.003 0 0.001 0.05 0.004 0.006 0.011 0.05 0.005 0.025 0.001 0.001 0.215 0.001 0.001 0.005 0.025 0.02 0.007 0.001 0 0.004 0.001 0.004 0.017 0.001 0.071 0.015 0.004 0.001 0.001 0.011 0.028 0.01 0.073 0.007 0.004 0.004 0.005 0.036 0.005 0.001 0.001 0.001 0.007 0.001 0.001 0.001 0.002 0.002 0.007 0.001 0.001 0.001 0.001 0.001 0.005 0.027 0.009 0.001
0.492 0.571 0.588 0.26 0.178 0.139 0.321 0.343 0.001 0.228 0.138 0.018 0.046 1 0.921 0.002 0.36 0.051 0.022 0.778 0.07 0.075 0.177 0.827 0.475 0.361 0.014 0.022 0.195 0.059 0.062 0.379 0.306 0.246 0.001 0.048 0.009 0.136 0.088 0.109 0.211 0.015 0.025 0.062 0.037 0.001 0.087 0.02 0.012 0.02 0.01 0 0.07 0.078 0.039 0.012 0.016 0.017 0.008 0.001 0 0.015 0.001 0.043 0.013 0.034 0 0.016 0.008 0.003 0.009 0.011 0.017 0.01 0 0.01
0.46 0.534 0.55 0.243 0.168 0.131 0.303 0.324 0 0.215 0.13 0.01 0.043 0.921 1 0.002 0.338 0.048 0.024 0.734 0.062 0.079 0.173 0.781 0.452 0.325 0.005 0.024 0.184 0.056 0.059 0.361 0.29 0.233 0.001 0.066 0.009 0.13 0.105 0.104 0.203 0.016 0.028 0.061 0.042 0 0.102 0.02 0.009 0.016 0.009 0 0.075 0.084 0.043 0.011 0.019 0.017 0.009 0.001 0 0.016 0 0.06 0.015 0.037 0 0.017 0.009 0.003 0.009 0.012 0.02 0.008 0 0.011
0.003 0.002 0.002 0.009 0.001 0.003 0.003 0.007 0 0.002 0.001 0.001 0 0.002 0.002 1 0.003 0 0 0.007 0.001 0.055 0.029 0.006 0.003 0.005 0.001 0 0 0 0 0.003 0.009 0.012 0 0 0 0.004 0 0.004 0.014 0.013 0.005 0 0.003 0 0 0.009 0.012 0.029 0 0.003 0.003 0.002 0.003 0 0 0.001 0.008 0.001 0 0.007 0.001 0.001 0.001 0.002 0 0.007 0.008 0 0.001 0 0 0 0.006 0.006
0.227 0.265 0.269 0.141 0.015 0.011 0.76 0.169 0.004 0.541 0.345 0.01 0.003 0.36 0.338 0.003 1 0.004 0.01 0.436 0.032 0.049 0.101 0.443 0.593 0.216 0.01 0.01 0.016 0.005 0.005 0.578 0.199 0.151 0 0.007 0.001 0.373 0.01 0.301 0.137 0.006 0.014 0.083 0.004 0.005 0 0.157 0.112 0.012 0.002 0.003 0.031 0.03 0.004 0.004 0.001 0.007 0.006 0.004 0.003 0.009 0.006 0.006 0.004 0.014 0.003 0.009 0.006 0.001 0.005 0.005 0.001 0.005 0.01 0.007
0.034 0.041 0.04 0.021 0.002 0.001 0.003 0.025 0.001 0.002 0.001 0.001 0 0.051 0.048 0 0.004 1 0.001 0.056 0.004 0.006 0.013 0.057 0.094 0.028 0.001 0.001 0.002 0.001 0.001 0.092 0.028 0.023 0 0 0 0.005 0 0.005 0.02 0.001 0.006 0.013 0.005 0.001 0 0.013 0.01 0.004 0 0.005 0.005 0.004 0.006 0 0.006 0.001 0.001 0.001 0.005 0.001 0.001 0 0.002 0.002 0.005 0.001 0.001 0.001 0.001 0.001 0.006 0 0.001 0.001
0.03 0.025 0.026 0.059 0.005 0.003 0.008 0.041 0.001 0.006 0.003 0.003 0.001 0.022 0.024 0 0.01 0.001 1 0.022 0.296 0.015 0.092 0.02 0.011 0.042 0.003 0.912 0.005 0.001 0.001 0.012 0.038 0.037 0.001 0.002 0.001 0.012 0.003 0.011 0.055 0.002 0.013 0.066 0.246 0.001 0.003 0.045 0.031 0.019 0.001 0.15 0.191 0.226 0.195 0.001 0.185 0.002 0 0.001 0.1 0.003 0.002 0.002 0.47 0.006 0.15 0.003 0 0.001 0.002 0 0.189 0.001 0.003 0
0.511 0.579 0.598 0.27 0.176 0.132 0.351 0.349 0.009 0.25 0.151 0.011 0.05 0.778 0.734 0.007 0.436 0.056 0.022 1 0.059 0.1 0.195 0.934 0.582 0.427 0.022 0.022 0.153 0.065 0.062 0.476 0.333 0.24 0.001 0.017 0.004 0.14 0.052 0.111 0.19 0.009 0.022 0.059 0.021 0.01 0.051 0.027 0.021 0.029 0.011 0 0.052 0.06 0.025 0.014 0.01 0.016 0.014 0.002 0.001 0.015 0.005 0.012 0.007 0.036 0.002 0.016 0.014 0.003 0.005 0.01 0.012 0.011 0.001 0.016
0.001 0 0 0.03 0.016 0.011 0.026 0.152 0.004 0.018 0.011 0.212 0.004 0.07 0.062 0.001 0.032 0.004 0.296 0.059 1 0.045 0.301 0.071 0.042 0.143 0.01 0.292 0.017 0.005 0.005 0.04 0.112 0.132 0.004 0 0.004 0.043 0.001 0.039 0.167 0.006 0.049 0.224 0.651 0.004 0.001 0.143 0.111 0.048 0.002 0.501 0.682 0.652 0.57 0.004 0.538 0.177 0.044 0.027 0.416 0.009 0.006 0 0.227 0.019 0.504 0.009 0.121 0.005 0.138 0.003 0.507 0.005 0.005 0.114
0.103 0.103 0.099 0.266 0.01 0.009 0.04 0.222 0.004 0.028 0.017 0.016 0.006 0.075 0.079 0.055 0.049 0.006 0.015 0.1 0.045 1 0.421 0.111 0.067 0.201 0.015 0.013 0.023 0.007 0.008 0.047 0.185 0.052 0.005 0.009 0.052 0.015 0.015 0.017 0.071 0.094 0.062 0.019 0.041 0.063 0.014 0.013 0.027 0.149 0 0.042 0.016 0.016 0.02 0.001 0.027 0.011 0.004 0.005 0.026 0.105 0.001 0.01 0.003 0.025 0.037 0.112 0.003 0.001 0.009 0.007 0.023 0.005 0.054 0.003
0.078 0.069 0.069 0.306 0.031 0.025 0.081 0.462 0.01 0.057 0.035 0.059 0.011 0.177 0.173 0.029 0.101 0.013 0.092 0.195 0.301 0.421 1 0.227 0.137 0.428 0.032 0.099 0.05 0.015 0.016 0.109 0.367 0.205 0.011 0.005 0.023 0.002 0.014 0.001 0.267 0.034 0.137 0.072 0.212 0.029 0.014 0.047 0.141 0.016 0.001 0.147 0.29 0.277 0.224 0 0.192 0.053 0.012 0.009 0.14 0.032 0.006 0.005 0.108 0.054 0.132 0.035 0.046 0.005 0.04 0.012 0.187 0 0.008 0.044
0.542 0.62 0.64 0.299 0.174 0.13 0.357 0.381 0.009 0.254 0.153 0.023 0.05 0.827 0.781 0.006 0.443 0.057 0.02 0.934 0.071 0.111 0.227 1 0.596 0.469 0.022 0.022 0.186 0.065 0.063 0.488 0.367 0.272 0.001 0.035 0.004 0.144 0.075 0.114 0.219 0.014 0.021 0.062 0.03 0.01 0.074 0.027 0.023 0.03 0.011 0 0.068 0.069 0.035 0.014 0.017 0.016 0.014 0 0.001 0.019 0.005 0.028 0.013 0.035 0.002 0.02 0.014 0.003 0.008 0.01 0.018 0.012 0.002 0.016
0.338 0.373 0.398 0.169 0.021 0.015 0.568 0.214 0.005 0.399 0.232 0.014 0.005 0.475 0.452 0.003 0.593 0.094 0.011 0.582 0.042 0.067 0.137 0.596 1 0.282 0.013 0.014 0.022 0.006 0.006 0.838 0.219 0.163 0.005 0.007 0.002 0.301 0.011 0.247 0.145 0.008 0.057 0.055 0.011 0.006 0 0.099 0.039 0.019 0.002 0.01 0.042 0.042 0.012 0.001 0.007 0.009 0.008 0.006 0.011 0.012 0.001 0.004 0.006 0.02 0.011 0.013 0.008 0.006 0.007 0.006 0.007 0 0.003 0.01
0.239 0.24 0.257 0.591 0.078 0.059 0.174 0.73 0.018 0.124 0.075 0.043 0.025 0.361 0.325 0.005 0.216 0.028 0.042 0.427 0.143 0.201 0.428 0.469 0.282 1 0.045 0.047 0.091 0.032 0.03 0.255 0.84 0.645 0.022 0.013 0.011 0.048 0.031 0.038 0.536 0.025 0.163 0.001 0.094 0.02 0.03 0.003 0.273 0.134 0.005 0.041 0.149 0.132 0.089 0.002 0.071 0.032 0.017 0.001 0.04 0.038 0.014 0.008 0.045 0.012 0.045 0.04 0.026 0.015 0.024 0.028 0.071 0 0.007 0.019
0.008 0.025 0.026 0.003 0.005 0.003 0.008 0.006 0.139 0.006 0.003 0.003 0.001 0.014 0.005 0.001 0.01 0.001 0.003 0.022 0.01 0.015 0.032 0.022 0.013 0.045 1 0.003 0.005 0.001 0.002 0.014 0.045 0.055 0 0.002 0.001 0.013 0.004 0.012 0.01 0.002 0.055 0.031 0.011 0.002 0.003 0.029 0.013 0.004 0.001 0.018 0.011 0.011 0.014 0.001 0.014 0.002 0.002 0.001 0.018 0.003 0.1 0.002 0.005 0.169 0.018 0.003 0.002 0.001 0.002 0.001 0.014 0.002 0.003 0.002
0.03 0.025 0.026 0.058 0.005 0.003 0.008 0.041 0.001 0.006 0.004 0.003 0.001 0.022 0.024 0 0.01 0.001 0.912 0.022 0.292 0.013 0.099 0.022 0.014 0.047 0.003 1 0.005 0.002 0.002 0.014 0.043 0.043 0.001 0.002 0.001 0.013 0.004 0.012 0.062 0.002 0.014 0.068 0.256 0.002 0.004 0.043 0.033 0.019 0.001 0.156 0.202 0.223 0.203 0.001 0.192 0.002 0 0.001 0.098 0.003 0.002 0.002 0.492 0.006 0.156 0.003 0 0.001 0.002 0 0.196 0.002 0.003 0
0.132 0.161 0.156 0.057 0.776 0.569 0.013 0.077 0.002 0.009 0.006 0.005 0.215 0.195 0.184 0 0.016 0.002 0.005 0.153 0.017 0.023 0.05 0.186 0.022 0.091 0.005 0.005 1 0.281 0.273 0.022 0.092 0.067 0 0.275 0.002 0.021 0.484 0.02 0.043 0.003 0 0.019 0.017 0.002 0.306 0.016 0.01 0.024 0.054 0.03 0.016 0.016 0.021 0.022 0.006 0.004 0.003 0.02 0.024 0.004 0.003 0.2 0.005 0.009 0.017 0.004 0.003 0 0.001 0.002 0.008 0.026 0 0.004
0.048 0.058 0.056 0.025 0.299 0.425 0.004 0.029 0.001 0.003 0.002 0.002 0.001 0.059 0.056 0 0.005 0.001 0.001 0.065 0.005 0.007 0.015 0.065 0.006 0.032 0.001 0.002 0.281 1 0.949 0.006 0.013 0.009 0.001 0.015 0.001 0.006 0.255 0.006 0.007 0.001 0.007 0.015 0.005 0.001 0.047 0.015 0.017 0.006 0.004 0.002 0.005 0.005 0.006 0.001 0.004 0.001 0.001 0 0.001 0.001 0.001 0.049 0.003 0.003 0.001 0.001 0.001 0 0 0.001 0.004 0.009 0 0.001
0.045 0.055 0.053 0.022 0.29 0.414 0.004 0.027 0.001 0.003 0.002 0.002 0.001 0.062 0.059 0 0.005 0.001 0.001 0.062 0.005 0.008 0.016 0.063 0.006 0.03 0.002 0.002 0.273 0.949 1 0.007 0.012 0.01 0.001 0.014 0.001 0.004 0.247 0.004 0.008 0.001 0.008 0.016 0.006 0.001 0.045 0.016 0.014 0.006 0.004 0.002 0.005 0.005 0.007 0.001 0.005 0.001 0.001 0.001 0.001 0.001 0.001 0.046 0.003 0.003 0 0.001 0.001 0.001 0 0.001 0.004 0.008 0 0.001
0.271 0.321 0.323 0.145 0.021 0.015 0.554 0.191 0.005 0.389 0.227 0.011 0.005 0.379 0.361 0.003 0.578 0.092 0.012 0.476 0.04 0.047 0.109 0.488 0.838 0.255 0.014 0.014 0.022 0.006 0.007 1 0.265 0.212 0.005 0.007 0.002 0.393 0.012 0.334 0.19 0.008 0.059 0.082 0.01 0.006 0 0.135 0.061 0.032 0.002 0.01 0.04 0.04 0.011 0.004 0.006 0.01 0.009 0.006 0.012 0.013 0.007 0.004 0.005 0.02 0.011 0.013 0.008 0.006 0.008 0.006 0.008 0.006 0.014 0.01
0.186 0.197 0.2 0.512 0.061 0.042 0.164 0.646 0.018 0.114 0.075 0.029 0.025 0.306 0.29 0.009 0.199 0.028 0.038 0.333 0.112 0.185 0.367 0.367 0.219 0.84 0.045 0.043 0.092 0.013 0.012 0.265 1 0.78 0.022 0.052 0.016 0.062 0.079 0.051 0.662 0.027 0.169 0.002 0.1 0.021 0.077 0 0.303 0.173 0.005 0.024 0.156 0.139 0.094 0 0.075 0.032 0.016 0.001 0.023 0.041 0.024 0.045 0.049 0.012 0.027 0.043 0.028 0.015 0.023 0.033 0.076 0.002 0.017 0.021
0.112 0.125 0.127 0.347 0.04 0.026 0.123 0.468 0.018 0.083 0.053 0.038 0.02 0.246 0.233 0.012 0.151 0.023 0.037 0.24 0.132 0.052 0.205 0.272 0.163 0.645 0.055 0.043 0.067 0.009 0.01 0.212 0.78 1 0.018 0.04 0.02 0.222 0.062 0.213 0.816 0.034 0.118 0.027 0.116 0.014 0.062 0.006 0.384 0.158 0.003 0.038 0.167 0.148 0.113 0.001 0.094 0.039 0.021 0.003 0.027 0.042 0.03 0.033 0.042 0.006 0.042 0.044 0.033 0.011 0.033 0.026 0.094 0.004 0.015 0.026
0 0.001 0.001 0.016 0 0.001 0 0.02 0 0 0.001 0 0.007 0.001 0.001 0 0 0 0.001 0.001 0.004 0.005 0.011 0.001 0.005 0.022 0 0.001 0 0.001 0.001 0.005 0.022 0.018 1 0.001 0 0.004 0.001 0.004 0.017 0.001 0.068 0.014 0.004 0 0.001 0.011 0.03 0.009 0.001 0.006 0.004 0.004 0.005 0 0.005 0.001 0.001 0 0.006 0.001 0.001 0.001 0.002 0.002 0.006 0.001 0.001 0.528 0.001 0 0.005 0.001 0.001 0.001
0.021 0.028 0.027 0.004 0.124 0.184 0.006 0.008 0.001 0.004 0.003 0.002 0.001 0.048 0.066 0 0.007 0 0.002 0.017 0 0.009 0.005 0.035 0.007 0.013 0.002 0.002 0.275 0.015 0.014 0.007 0.052 0.04 0.001 1 0.001 0.01 0.646 0.009 0.037 0.001 0.012 0.057 0.009 0.001 0.546 0 0.026 0.02 0.023 0.096 0.008 0.008 0.011 0.009 0.001 0.002 0.001 0.022 0.09 0.002 0.001 0.537 0.001 0.004 0.075 0.002 0.001 0.001 0.002 0.001 0.001 0.006 0.001 0.002
0 0.007 0.009 0.021 0.002 0.001 0.003 0.018 0 0.002 0.001 0.001 0 0.009 0.009 0 0.001 0 0.001 0.004 0.004 0.052 0.023 0.004 0.002 0.011 0.001 0.001 0.002 0.001 0.001 0.002 0.016 0.02 0 0.001 1 0.005 0.001 0.004 0.022 0.001 0.006 0.007 0.001 0.001 0.001 0.007 0.001 0.003 0 0.003 0.001 0.001 0.002 0 0.002 0.001 0.001 0.001 0.003 0.001 0 0.001 0 0.002 0.003 0.001 0.001 0.025 0.001 0.001 0.002 0.001 0.001 0.001
0.071 0.093 0.095 0.017 0.02 0.014 0.35 0.034 0.003 0.198 0.099 0.013 0.004 0.136 0.13 0.004 0.373 0.005 0.012 0.14 0.043 0.015 0.002 0.144 0.301 0.048 0.013 0.013 0.021 0.006 0.004 0.393 0.062 0.222 0.004 0.01 0.005 1 0.014 0.89 0.194 0.008 0.061 0.274 0.036 0.077 0 0.24 0.208 0.009 0.003 0.039 0.035 0.034 0.044 0.005 0.027 0.009 0.008 0.006 0.027 0.007 0.007 0.008 0.005 0.019 0.041 0.005 0.008 0.006 0.007 0.006 0.025 0.006 0.004 0.009
0.05 0.063 0.061 0.016 0.298 0.435 0.008 0.024 0.001 0.006 0.003 0 0.001 0.088 0.105 0 0.01 0 0.003 0.052 0.001 0.015 0.014 0.075 0.011 0.031 0.004 0.004 0.484 0.255 0.247 0.012 0.079 0.062 0.001 0.646 0.001 0.014 1 0.012 0.055 0.002 0.018 0.085 0.013 0.002 0.579 0.002 0.039 0.03 0.014 0.091 0.013 0.013 0.016 0.005 0.003 0.002 0.002 0.028 0.082 0.003 0.002 0.503 0.002 0.006 0.067 0.003 0.002 0.002 0.001 0.002 0.004 0.003 0.003 0.003
0.053 0.078 0.073 0.012 0.018 0.013 0.353 0.026 0.002 0.197 0.089 0.012 0.004 0.109 0.104 0.004 0.301 0.005 0.011 0.111 0.039 0.017 0.001 0.114 0.247 0.038 0.012 0.012 0.02 0.006 0.004 0.334 0.051 0.213 0.004 0.009 0.004 0.89 0.012 1 0.186 0.007 0.058 0.264 0.032 0.085 0.013 0.224 0.236 0.007 0.002 0.057 0.031 0.03 0.041 0.004 0.044 0.008 0.007 0.005 0.042 0.006 0.006 0.008 0.011 0.019 0.056 0.007 0.007 0.005 0.009 0.006 0.041 0.006 0.005 0.008
0.084 0.089 0.089 0.413 0.022 0.011 0.113 0.553 0.004 0.079 0.053 0.045 0.017 0.211 0.203 0.014 0.137 0.02 0.055 0.19 0.167 0.071 0.267 0.219 0.145 0.536 0.01 0.062 0.043 0.007 0.008 0.19 0.662 0.816 0.017 0.037 0.022 0.194 0.055 0.186 1 0.039 0.228 0.009 0.143 0.012 0.054 0 0.494 0.21 0.003 0.057 0.207 0.186 0.142 0.001 0.121 0.045 0.025 0.004 0.044 0.049 0.014 0.028 0.061 0.074 0.062 0.051 0.039 0.01 0.039 0.023 0.12 0.005 0.02 0.031
0.019 0.015 0.016 0.037 0.003 0.002 0.005 0.03 0.002 0.003 0.002 0.002 0.001 0.015 0.016 0.013 0.006 0.001 0.002 0.009 0.006 0.094 0.034 0.014 0.008 0.025 0.002 0.002 0.003 0.001 0.001 0.008 0.027 0.034 0.001 0.001 0.001 0.008 0.002 0.007 0.039 1 0.002 0.01 0.003 0.001 0.002 0.003 0.018 0.04 0 0.004 0.001 0.001 0 0.001 0.005 0.001 0.001 0.001 0.004 0.257 0.001 0.001 0.001 0.002 0.007 0.254 0.001 0.001 0.001 0.001 0.002 0.001 0.016 0.001
0.025 0.047 0.046 0.228 0 0.017 0.026 0.268 0.006 0.018 0.008 0.015 0.071 0.025 0.028 0.005 0.014 0.006 0.013 0.022 0.049 0.062 0.137 0.021 0.057 0.163 0.055 0.014 0 0.007 0.008 0.059 0.169 0.118 0.068 0.012 0.006 0.061 0.018 0.058 0.228 0.002 1 0.207 0.052 0.007 0.017 0.126 0.397 0.082 0.003 0.087 0.056 0.045 0.056 0 0.06 0.011 0.003 0.007 0.077 0.006 0.009 0.01 0.028 0.319 0.076 0.006 0.01 0.057 0.012 0.093 0.056 0 0.001 0.004
0.1 0.137 0.132 0.001 0.006 0.03 0.08 0.004 0.013 0.04 0.017 0.074 0.015 0.062 0.061 0 0.083 0.013 0.066 0.059 0.224 0.019 0.072 0.062 0.055 0.001 0.031 0.068 0.019 0.015 0.016 0.082 0.002 0.027 0.014 0.057 0.007 0.274 0.085 0.264 0.009 0.01 0.207 1 0.197 0.033 0.083 0.429 0 0.076 0.001 0.285 0.212 0.192 0.14 0.006 0.186 0.054 0.021 0.034 0.246 0.02 0.02 0.043 0.087 0.072 0.235 0.021 0.027 0.018 0.053 0.019 0.175 0.009 0.02 0.022
0.001 0.003 0.002 0.019 0.015 0.009 0.002 0.1 0.005 0 0 0.111 0.004 0.037 0.042 0.003 0.004 0.005 0.246 0.021 0.651 0.041 0.212 0.03 0.011 0.094 0.011 0.256 0.017 0.005 0.006 0.01 0.1 0.116 0.004 0.009 0.001 0.036 0.013 0.032 0.143 0.003 0.052 0.197 1 0.005 0.013 0.203 0.13 0.068 0.002 0.607 0.744 0.722 0.787 0.004 0.714 0.163 0.039 0.028 0.507 0.01 0.007 0.005 0.259 0.021 0.568 0.01 0.102 0.005 0.143 0.005 0.682 0.006 0.012 0.096
0.005 0.011 0.011 0.026 0.002 0.002 0.004 0.023 0 0.003 0.002 0.001 0.001 0.001 0 0 0.005 0.001 0.001 0.01 0.004 0.063 0.029 0.01 0.006 0.02 0.002 0.002 0.002 0.001 0.001 0.006 0.021 0.014 0 0.001 0.001 0.077 0.002 0.085 0.012 0.001 0.007 0.033 0.005 1 0.002 0 0.004 0.032 0 0.009 0.005 0.005 0.007 0.001 0.007 0.001 0.001 0.001 0 0.001 0.001 0.001 0.003 0.003 0.009 0.001 0.001 0.001 0.001 0.001 0.007 0.001 0.003 0.001
0.049 0.052 0.06 0.017 0.159 0.238 0.009 0.023 0.001 0.006 0.004 0 0.001 0.087 0.102 0 0 0 0.003 0.051 0.001 0.014 0.014 0.074 0 0.03 0.003 0.004 0.306 0.047 0.045 0 0.077 0.062 0.001 0.546 0.001 0 0.579 0.013 0.054 0.002 0.017 0.083 0.013 0.002 1 0.002 0.039 0.029 0.001 0.185 0.013 0.012 0.014 0.001 0.003 0.002 0.002 0.034 0.167 0.003 0.002 0.509 0.001 0.006 0.139 0.003 0.002 0.002 0 0.002 0.002 0.002 0.004 0.003
0.047 0.071 0.07 0 0.034 0.02 0.167 0.008 0.005 0.107 0.063 0.023 0.011 0.02 0.02 0.009 0.157 0.013 0.045 0.027 0.143 0.013 0.047 0.027 0.099 0.003 0.029 0.043 0.016 0.015 0.016 0.135 0 0.006 0.011 0 0.007 0.24 0.002 0.224 0 0.003 0.126 0.429 0.203 0 0.002 1 0.002 0.081 0.007 0.206 0.191 0.186 0.195 0.012 0.199 0.052 0.001 0.014 0.184 0.018 0.01 0.002 0.088 0.06 0.177 0.019 0.017 0.015 0.038 0.005 0.206 0.016 0.029 0.025
0.007 0.002 0.002 0.269 0.008 0.039 0.111 0.349 0.014 0.058 0.028 0.035 0.028 0.012 0.009 0.012 0.112 0.01 0.031 0.021 0.111 0.027 0.141 0.023 0.039 0.273 0.013 0.033 0.01 0.017 0.014 0.061 0.303 0.384 0.03 0.026 0.001 0.208 0.039 0.236 0.494 0.018 0.397 0 0.13 0.004 0.039 0.002 1 0.126 0 0.209 0.128 0.112 0.149 0.002 0.157 0.025 0.012 0.016 0.199 0.025 0.02 0.023 0.064 0.161 0.195 0.026 0.022 0.022 0.027 0.041 0.149 0.005 0.006 0.015
0.06 0.049 0.046 0.17 0.009 0.005 0.018 0.157 0.013 0.043 0.029 0.008 0.01 0.02 0.016 0.029 0.012 0.004 0.019 0.029 0.048 0.149 0.016 0.03 0.019 0.134 0.004 0.019 0.024 0.006 0.006 0.032 0.173 0.158 0.009 0.02 0.003 0.009 0.03 0.007 0.21 0.04 0.082 0.076 0.068 0.032 0.029 0.081 0.126 1 0.005 0.121 0.063 0.063 0.075 0 0.078 0.006 0 0.012 0.094 0.096 0.03 0.017 0.033 0.048 0.099 0.101 0.006 0.008 0.011 0.013 0.077 0.004 0.047 0.01
0.007 0.009 0.008 0.002 0.057 0.014 0.002 0.005 0 0.001 0.001 0.001 0.073 0.01 0.009 0 0.002 0 0.001 0.011 0.002 0 0.001 0.011 0.002 0.005 0.001 0.001 0.054 0.004 0.004 0.002 0.005 0.003 0.001 0.023 0 0.003 0.014 0.002 0.003 0 0.003 0.001 0.002 0 0.001 0.007 0 0.005 1 0.004 0.002 0.002 0.003 0.531 0.003 0 0 0 0.004 0.001 0 0 0.001 0.001 0.004 0.001 0 0 0 0 0.003 0.372 0.029 0
0.019 0.028 0.028 0.005 0.009 0.028 0.008 0.05 0.007 0.001 0 0.107 0.007 0 0 0.003 0.003 0.005 0.15 0 0.501 0.042 0.147 0 0.01 0.041 0.018 0.156 0.03 0.002 0.002 0.01 0.024 0.038 0.006 0.096 0.003 0.039 0.091 0.057 0.057 0.004 0.087 0.285 0.607 0.009 0.185 0.206 0.209 0.121 0.004 1 0.603 0.563 0.642 0.007 0.713 0.119 0.019 0.077 0.851 0.016 0.011 0.099 0.283 0.033 0.865 0.017 0.069 0.008 0.128 0.009 0.672 0.009 0.019 0.068
0.001 0 0 0.04 0.014 0.009 0.028 0.155 0.005 0.02 0.012 0.149 0.004 0.07 0.075 0.003 0.031 0.005 0.191 0.052 0.682 0.016 0.29 0.068 0.042 0.149 0.011 0.202 0.016 0.005 0.005 0.04 0.156 0.167 0.004 0.008 0.001 0.035 0.013 0.031 0.207 0.001 0.056 0.212 0.744 0.005 0.013 0.191 0.128 0.063 0.002 0.603 1 0.863 0.769 0.004 0.709 0.196 0.04 0.046 0.503 0.009 0.006 0.005 0.321 0.021 0.548 0.009 0.119 0.005 0.184 0.005 0.686 0.005 0.012 0.121
0.001 0 0 0.033 0.014 0.009 0.028 0.143 0.004 0.02 0.012 0.106 0.004 0.078 0.084 0.002 0.03 0.004 0.226 0.06 0.652 0.016 0.277 0.069 0.042 0.132 0.011 0.223 0.016 0.005 0.005 0.04 0.139 0.148 0.004 0.008 0.001 0.034 0.013 0.03 0.186 0.001 0.045 0.192 0.722 0.005 0.012 0.186 0.112 0.063 0.002 0.563 0.863 1 0.764 0.004 0.704 0.199 0.066 0.009 0.53 0.009 0.006 0.005 0.288 0.02 0.544 0.01 0.123 0.005 0.186 0.005 0.68 0.005 0.011 0.162
0 0.001 0.001 0.026 0.019 0.013 0.002 0.111 0.006 0 0.002 0.107 0.005 0.039 0.043 0.003 0.004 0.006 0.195 0.025 0.57 0.02 0.224 0.035 0.012 0.089 0.014 0.203 0.021 0.006 0.007 0.011 0.094 0.113 0.005 0.011 0.002 0.044 0.016 0.041 0.142 0 0.056 0.14 0.787 0.007 0.014 0.195 0.149 0.075 0.003 0.642 0.769 0.764 1 0.005 0.787 0.154 0.048 0.034 0.578 0.004 0.008 0.007 0.301 0.026 0.624 0.004 0.087 0.006 0.143 0.007 0.752 0.007 0.015 0.124
0.008 0.011 0.01 0.002 0.024 0.005 0.003 0.004 0 0.002 0.001 0.001 0.036 0.012 0.011 0 0.004 0 0.001 0.014 0.004 0.001 0 0.014 0.001 0.002 0.001 0.001 0.022 0.001 0.001 0.004 0 0.001 0 0.009 0 0.005 0.005 0.004 0.001 0.001 0 0.006 0.004 0.001 0.001 0.012 0.002 0 0.531 0.007 0.004 0.004 0.005 1 0.006 0.001 0.001 0.001 0.007 0.001 0.001 0.001 0.002 0.002 0.007 0.001 0.001 0 0.001 0.001 0.005 0.667 0.094 0.001
0.004 0.007 0.008 0.012 0.003 0 0.005 0.074 0.006 0.001 0 0.106 0.005 0.016 0.019 0 0.001 0.006 0.185 0.01 0.538 0.027 0.192 0.017 0.007 0.071 0.014 0.192 0.006 0.004 0.005 0.006 0.075 0.094 0.005 0.001 0.002 0.027 0.003 0.044 0.121 0.005 0.06 0.186 0.714 0.007 0.003 0.199 0.157 0.078 0.003 0.713 0.709 0.704 0.787 0.006 1 0.141 0.063 0.094 0.696 0.014 0.009 0.008 0.352 0.028 0.73 0.015 0.129 0.007 0.152 0.007 0.895 0.007 0.016 0.152
0.044 0.054 0.052 0.018 0.003 0.002 0.006 0.034 0.001 0.004 0.002 0.001 0.001 0.017 0.017 0.001 0.007 0.001 0.002 0.016 0.177 0.011 0.053 0.016 0.009 0.032 0.002 0.002 0.004 0.001 0.001 0.01 0.032 0.039 0.001 0.002 0.001 0.009 0.002 0.008 0.045 0.001 0.011 0.054 0.163 0.001 0.002 0.052 0.025 0.006 0 0.119 0.196 0.199 0.154 0.001 0.141 1 0.002 0.001 0.114 0.002 0.001 0.001 0.002 0.004 0.111 0.002 0.002 0.001 0.376 0.001 0.117 0.001 0.002 0.002
0.009 0.007 0.007 0.013 0 0 0.005 0.011 0.001 0.003 0.002 0.293 0.001 0.008 0.009 0.008 0.006 0.001 0 0.014 0.044 0.004 0.012 0.014 0.008 0.017 0.002 0 0.003 0.001 0.001 0.009 0.016 0.021 0.001 0.001 0.001 0.008 0.002 0.007 0.025 0.001 0.003 0.021 0.039 0.001 0.002 0.001 0.012 0 0 0.019 0.04 0.066 0.048 0.001 0.063 0.002 1 0.001 0.048 0.002 0.001 0.001 0.003 0.004 0.045 0.002 0.193 0.001 0.001 0.001 0.06 0.001 0.002 0.338
0 0 0 0.005 0.015 0.025 0.004 0.003 0.001 0.003 0.002 0.109 0.001 0.001 0.001 0.001 0.004 0.001 0.001 0.002 0.027 0.005 0.009 0 0.006 0.001 0.001 0.001 0.02 0 0.001 0.006 0.001 0.003 0 0.022 0.001 0.006 0.028 0.005 0.004 0.001 0.007 0.034 0.028 0.001 0.034 0.014 0.016 0.012 0 0.077 0.046 0.009 0.034 0.001 0.094 0.001 0.001 1 0.071 0.001 0.001 0.001 0.014 0.003 0.041 0.001 0.001 0.001 0.021 0.001 0.084 0.001 0.001 0.001
0.017 0.025 0.026 0.005 0.01 0.031 0.008 0.046 0.007 0.001 0 0.097 0.007 0 0 0 0.003 0.005 0.1 0.001 0.416 0.026 0.14 0.001 0.011 0.04 0.018 0.098 0.024 0.001 0.001 0.012 0.023 0.027 0.006 0.09 0.003 0.027 0.082 0.042 0.044 0.004 0.077 0.246 0.507 0 0.167 0.184 0.199 0.094 0.004 0.851 0.503 0.53 0.578 0.007 0.696 0.114 0.048 0.071 1 0.018 0.011 0.097 0.215 0.035 0.861 0.018 0.103 0.008 0.123 0.009 0.677 0.009 0.02 0.122
0.025 0.02 0.021 0.051 0.004 0.003 0.007 0.045 0.001 0.005 0.003 0.003 0.001 0.015 0.016 0.007 0.009 0.001 0.003 0.015 0.009 0.105 0.032 0.019 0.012 0.038 0.003 0.003 0.004 0.001 0.001 0.013 0.041 0.042 0.001 0.002 0.001 0.007 0.003 0.006 0.049 0.257 0.006 0.02 0.01 0.001 0.003 0.018 0.025 0.096 0.001 0.016 0.009 0.009 0.004 0.001 0.014 0.002 0.002 0.001 0.018 1 0.002 0.002 0.005 0.005 0.017 0.958 0.002 0.001 0.002 0.001 0.013 0.001 0.081 0.002
0.007 0.013 0.005 0.019 0.003 0.002 0.005 0.016 0.344 0.003 0.002 0.002 0.001 0.001 0 0.001 0.006 0.001 0.002 0.005 0.006 0.001 0.006 0.005 0.001 0.014 0.1 0.002 0.003 0.001 0.001 0.007 0.024 0.03 0.001 0.001 0 0.007 0.002 0.006 0.014 0.001 0.009 0.02 0.007 0.001 0.002 0.01 0.02 0.03 0 0.011 0.006 0.006 0.008 0.001 0.009 0.001 0.001 0.001 0.011 0.002 1 0.001 0.003 0.003 0.011 0.002 0.001 0.001 0.001 0.001 0.008 0.001 0.002 0.001
0.014 0.019 0.018 0.003 0.078 0.118 0.005 0.006 0.001 0.004 0.002 0.002 0.001 0.043 0.06 0.001 0.006 0 0.002 0.012 0 0.01 0.005 0.028 0.004 0.008 0.002 0.002 0.2 0.049 0.046 0.004 0.045 0.033 0.001 0.537 0.001 0.008 0.503 0.008 0.028 0.001 0.01 0.043 0.005 0.001 0.509 0.002 0.023 0.017 0 0.099 0.005 0.005 0.007 0.001 0.008 0.001 0.001 0.001 0.097 0.002 0.001 1 0.001 0.004 0.094 0.002 0.001 0.001 0 0.001 0.007 0.001 0.002 0.001
0.014 0.012 0.011 0.045 0.004 0.002 0.014 0.047 0.002 0.01 0.006 0.001 0.002 0.013 0.015 0.001 0.004 0.002 0.47 0.007 0.227 0.003 0.108 0.013 0.006 0.045 0.005 0.492 0.005 0.003 0.003 0.005 0.049 0.042 0.002 0.001 0 0.005 0.002 0.011 0.061 0.001 0.028 0.087 0.259 0.003 0.001 0.088 0.064 0.033 0.001 0.283 0.321 0.288 0.301 0.002 0.352 0.002 0.003 0.014 0.215 0.005 0.003 0.001 1 0.01 0.283 0.005 0.004 0.003 0.003 0.003 0.341 0.003 0.006 0.001
0.03 0.041 0.042 0.079 0.009 0.006 0.01 0.097 0.002 0.008 0.006 0.006 0.002 0.034 0.037 0.002 0.014 0.002 0.006 0.036 0.019 0.025 0.054 0.035 0.02 0.012 0.169 0.006 0.009 0.003 0.003 0.02 0.012 0.006 0.002 0.004 0.002 0.019 0.006 0.019 0.074 0.002 0.319 0.072 0.021 0.003 0.006 0.06 0.161 0.048 0.001 0.033 0.021 0.02 0.026 0.002 0.028 0.004 0.004 0.003 0.035 0.005 0.003 0.004 0.01 1 0.034 0.006 0.004 0.003 0.004 0.003 0.026 0.002 0.001 0.004
0.013 0.024 0.023 0.005 0.008 0.025 0.008 0.047 0.007 0.001 0 0.102 0.007 0 0 0 0.003 0.005 0.15 0.002 0.504 0.037 0.132 0.002 0.011 0.045 0.018 0.156 0.017 0.001 0 0.011 0.027 0.042 0.006 0.075 0.003 0.041 0.067 0.056 0.062 0.007 0.076 0.235 0.568 0.009 0.139 0.177 0.195 0.099 0.004 0.865 0.548 0.544 0.624 0.007 0.73 0.111 0.045 0.041 0.861 0.017 0.011 0.094 0.283 0.034 1 0.018 0.105 0.008 0.128 0.009 0.682 0.009 0.013 0.118
0.026 0.021 0.022 0.054 0.004 0.003 0.007 0.047 0.001 0.005 0.003 0.003 0.001 0.016 0.017 0.007 0.009 0.001 0.003 0.016 0.009 0.112 0.035 0.02 0.013 0.04 0.003 0.003 0.004 0.001 0.001 0.013 0.043 0.044 0.001 0.002 0.001 0.005 0.003 0.007 0.051 0.254 0.006 0.021 0.01 0.001 0.003 0.019 0.026 0.101 0.001 0.017 0.009 0.01 0.004 0.001 0.015 0.002 0.002 0.001 0.018 0.958 0.002 0.002 0.005 0.006 0.018 1 0.002 0.001 0.002 0.001 0.014 0.001 0.097 0.002
0 0.001 0.001 0.003 0 0 0.004 0.02 0.001 0.003 0.002 0.099 0.001 0.008 0.009 0.008 0.006 0.001 0 0.014 0.121 0.003 0.046 0.014 0.008 0.026 0.002 0 0.003 0.001 0.001 0.008 0.028 0.033 0.001 0.001 0.001 0.008 0.002 0.007 0.039 0.001 0.01 0.027 0.102 0.001 0.002 0.017 0.022 0.006 0 0.069 0.119 0.123 0.087 0.001 0.129 0.002 0.193 0.001 0.103 0.002 0.001 0.001 0.004 0.004 0.105 0.002 1 0.001 0.001 0.001 0.126 0.001 0.002 0.563
0 0.004 0.004 0.01 0 0.002 0 0.013 0.001 0 0 0.001 0.001 0.003 0.003 0 0.001 0.001 0.001 0.003 0.005 0.001 0.005 0.003 0.006 0.015 0.001 0.001 0 0 0.001 0.006 0.015 0.011 0.528 0.001 0.025 0.006 0.002 0.005 0.01 0.001 0.057 0.018 0.005 0.001 0.002 0.015 0.022 0.008 0 0.008 0.005 0.005 0.006 0 0.007 0.001 0.001 0.001 0.008 0.001 0.001 0.001 0.003 0.003 0.008 0.001 0.001 1 0.001 0.001 0.006 0.001 0.001 0.001
0.027 0.031 0.034 0.006 0 0 0.006 0.023 0.001 0.004 0.003 0.011 0.001 0.009 0.009 0.001 0.005 0.001 0.002 0.005 0.138 0.009 0.04 0.008 0.007 0.024 0.002 0.002 0.001 0 0 0.008 0.023 0.033 0.001 0.002 0.001 0.007 0.001 0.009 0.039 0.001 0.012 0.053 0.143 0.001 0 0.038 0.027 0.011 0 0.128 0.184 0.186 0.143 0.001 0.152 0.376 0.001 0.021 0.123 0.002 0.001 0 0.003 0.004 0.128 0.002 0.001 0.001 1 0.001 0.142 0.001 0.002 0.002
0.002 0.012 0.012 0.021 0.002 0.002 0.004 0.025 0.001 0.003 0.002 0.002 0.001 0.011 0.012 0 0.005 0.001 0 0.01 0.003 0.007 0.012 0.01 0.006 0.028 0.001 0 0.002 0.001 0.001 0.006 0.033 0.026 0 0.001 0.001 0.006 0.002 0.006 0.023 0.001 0.093 0.019 0.005 0.001 0.002 0.005 0.041 0.013 0 0.009 0.005 0.005 0.007 0.001 0.007 0.001 0.001 0.001 0.009 0.001 0.001 0.001 0.003 0.003 0.009 0.001 0.001 0.001 0.001 1 0.007 0.001 0.002 0.001
0.002 0.004 0.005 0.015 0.004 0.001 0.006 0.073 0.006 0.001 0 0.096 0.005 0.017 0.02 0 0.001 0.006 0.189 0.012 0.507 0.023 0.187 0.018 0.007 0.071 0.014 0.196 0.008 0.004 0.004 0.008 0.076 0.094 0.005 0.001 0.002 0.025 0.004 0.041 0.12 0.002 0.056 0.175 0.682 0.007 0.002 0.206 0.149 0.077 0.003 0.672 0.686 0.68 0.752 0.005 0.895 0.117 0.06 0.084 0.677 0.013 0.008 0.007 0.341 0.026 0.682 0.014 0.126 0.006 0.142 0.007 1 0.007 0.015 0.15
0.006 0.009 0.008 0 0.028 0.01 0.004 0.002 0.001 0.003 0.002 0.002 0.027 0.01 0.008 0 0.005 0 0.001 0.011 0.005 0.005 0 0.012 0 0 0.002 0.002 0.026 0.009 0.008 0.006 0.002 0.004 0.001 0.006 0.001 0.006 0.003 0.006 0.005 0.001 0 0.009 0.006 0.001 0.002 0.016 0.005 0.004 0.372 0.009 0.005 0.005 0.007 0.667 0.007 0.001 0.001 0.001 0.009 0.001 0.001 0.001 0.003 0.002 0.009 0.001 0.001 0.001 0.001 0.001 0.007 1 0.139 0.001
0.006 0.003 0.004 0.013 0 0.001 0.008 0.007 0.001 0.006 0.004 0.003 0.009 0 0 0.006 0.01 0.001 0.003 0.001 0.005 0.054 0.008 0.002 0.003 0.007 0.003 0.003 0 0 0 0.014 0.017 0.015 0.001 0.001 0.001 0.004 0.003 0.005 0.02 0.016 0.001 0.02 0.012 0.003 0.004 0.029 0.006 0.047 0.029 0.019 0.012 0.011 0.015 0.094 0.016 0.002 0.002 0.001 0.02 0.081 0.002 0.002 0.006 0.001 0.013 0.097 0.002 0.001 0.002 0.002 0.015 0.139 1 0.002
0 0 0 0.002 0 0 0.005 0.015 0.001 0.004 0.002 0.108 0.001 0.01 0.011 0.006 0.007 0.001 0 0.016 0.114 0.003 0.044 0.016 0.01 0.019 0.002 0 0.004 0.001 0.001 0.01 0.021 0.026 0.001 0.002 0.001 0.009 0.003 0.008 0.031 0.001 0.004 0.022 0.096 0.001 0.003 0.025 0.015 0.01 0 0.068 0.121 0.162 0.124 0.001 0.152 0.002 0.338 0.001 0.122 0.002 0.001 0.001 0.001 0.004 0.118 0.002 0.563 0.001 0.002 0.001 0.15 0.001 0.002 1
