1 0.839 0.858 0.402 0.137 0.094 0.308 0.268 0.009 0.26 0.146 0.018 0.041 0.554 0.554 0.005 0.294 0.047 0.03 0.587 0.001 0.13 0.102 0.622 0.413 0.252 0.003 0.03 0.128 0.047 0.046 0.371 0.219 0.139 0.001 0.045 0.013 0.134 0.065 0.097 0.136 0.021 0.016 0.124 0.001 0.002 0.081 0.066 0.027 0.084 0.003 0.013 0.004 0.003 0.006 0.003 0 0.036 0.023 0.009 0.004 0.017 0.008 0.024 0.007 0.007 0.001 0.018 0.011 0.003 0.023 0.001 0 0.003 0.009 0.008
0.839 1 0.962 0.383 0.162 0.111 0.364 0.244 0.008 0.308 0.173 0.016 0.048 0.632 0.632 0.007 0.32 0.056 0.025 0.656 0 0.13 0.095 0.697 0.453 0.275 0.025 0.025 0.152 0.055 0.054 0.416 0.242 0.152 0 0.053 0.016 0.143 0.077 0.117 0.116 0.02 0.041 0.147 0 0.005 0.069 0.076 0.014 0.072 0.005 0.014 0.003 0.002 0.003 0.004 0 0.044 0.018 0.006 0.005 0.016 0.009 0.029 0.011 0.037 0.006 0.016 0.008 0.002 0.03 0.008 0 0.004 0.007 0.006
0.858 0.962 1 0.394 0.158 0.108 0.355 0.254 0.008 0.3 0.169 0.016 0.047 0.654 0.653 0.007 0.342 0.055 0.026 0.681 0 0.13 0.097 0.725 0.481 0.291 0.026 0.026 0.148 0.054 0.053 0.435 0.252 0.159 0.001 0.052 0.018 0.155 0.075 0.112 0.122 0.02 0.041 0.152 0 0.006 0.094 0.081 0.013 0.073 0.004 0.018 0.003 0.002 0.004 0.004 0.001 0.043 0.019 0.006 0.008 0.016 0.006 0.029 0.005 0.038 0.004 0.017 0.009 0.002 0.028 0.008 0.002 0.004 0.008 0.007
0.402 0.383 0.394 1 0.06 0.04 0.144 0.826 0.02 0.123 0.068 0.039 0.019 0.265 0.271 0.017 0.139 0.024 0.064 0.263 0.025 0.341 0.377 0.299 0.196 0.607 0.008 0.062 0.055 0.022 0.02 0.167 0.591 0.378 0.024 0.019 0.044 0.026 0.027 0.015 0.469 0.053 0.227 0 0.037 0.018 0.036 0 0.281 0.257 0.008 0.009 0.055 0.053 0.033 0.003 0.011 0.013 0.005 0 0.004 0.048 0.017 0.009 0.038 0.071 0.006 0.049 0 0.014 0.003 0.01 0.024 0.001 0.019 0.017
0.137 0.162 0.158 0.06 1 0.682 0.011 0.072 0.001 0.009 0.005 0.003 0.279 0.158 0.157 0.001 0.013 0.002 0.004 0.165 0.01 0.017 0.033 0.161 0.019 0.072 0.004 0.004 0.929 0.342 0.349 0.018 0.07 0.042 0 0.313 0.003 0.018 0.474 0.016 0.035 0.004 0.003 0.011 0.011 0.002 0.266 0.026 0.004 0.018 0.056 0.026 0.012 0.011 0.015 0.029 0 0.002 0.004 0.079 0.012 0.002 0.002 0.18 0.001 0.007 0.009 0.002 0.003 0.001 0 0.001 0 0.038 0 0.002
0.094 0.111 0.108 0.04 0.682 1 0.007 0.049 0.001 0.006 0.004 0.002 0.001 0.108 0.108 0.001 0.009 0.001 0.003 0.113 0.007 0.01 0.021 0.106 0.013 0.047 0.003 0.003 0.616 0.501 0.513 0.012 0.043 0.022 0.001 0.46 0.002 0.012 0.698 0.011 0.018 0.002 0.013 0.041 0.007 0.001 0.399 0.014 0.032 0.009 0.045 0.057 0.008 0.007 0.01 0.024 0.001 0.002 0.003 0.12 0.032 0.003 0.001 0.266 0 0.004 0.026 0.003 0.002 0.002 0.002 0.001 0.001 0.035 0 0.002
0.308 0.364 0.355 0.144 0.011 0.007 1 0.161 0.003 0.847 0.475 0.006 0.002 0.346 0.346 0.002 0.745 0.004 0.009 0.362 0.019 0.051 0.085 0.388 0.525 0.178 0.009 0.01 0.011 0.004 0.004 0.519 0.163 0.118 0.001 0.004 0.006 0.379 0.006 0.379 0.101 0.006 0.026 0.122 0.007 0.004 0.007 0.149 0.135 0.048 0.003 0.016 0.022 0.021 0.012 0.005 0.018 0.005 0.006 0.003 0.019 0.005 0.004 0.003 0.013 0.013 0.017 0.005 0.003 0 0.007 0.003 0.013 0.005 0.009 0.003
0.268 0.244 0.254 0.826 0.072 0.049 0.161 1 0.018 0.138 0.077 0.035 0.021 0.335 0.323 0.015 0.158 0.027 0.048 0.313 0.12 0.304 0.512 0.35 0.228 0.692 0.011 0.046 0.066 0.025 0.023 0.192 0.682 0.458 0.027 0.023 0.039 0.036 0.033 0.023 0.566 0.046 0.259 0.002 0.097 0.023 0.041 0.006 0.324 0.281 0.011 0.042 0.135 0.132 0.09 0.004 0.046 0.03 0.003 0 0.029 0.04 0.017 0.013 0.036 0.082 0.034 0.041 0 0.017 0.021 0.012 0.061 0.002 0.012 0.02
0.009 0.008 0.008 0.02 0.001 0.001 0.003 0.018 1 0.002 0.001 0.001 0 0.003 0.003 0 0.003 0 0.001 0.008 0.003 0.003 0.007 0.007 0.005 0.015 0.134 0.001 0.001 0 0 0.005 0.015 0.014 0 0 0.001 0.002 0.001 0.002 0.003 0.006 0.005 0.009 0.003 0.001 0.001 0.008 0.012 0.026 0 0.005 0.003 0.003 0.004 0.001 0.005 0.001 0.001 0 0.005 0.001 0.348 0 0.002 0.002 0.005 0.001 0.001 0.001 0.001 0 0.004 0.001 0.001 0.001
0.26 0.308 0.3 0.123 0.009 0.006 0.847 0.138 0.002 1 0.553 0.005 0.002 0.291 0.291 0.002 0.633 0.004 0.008 0.305 0.016 0.044 0.072 0.326 0.436 0.149 0.007 0.008 0.009 0.003 0.004 0.431 0.133 0.094 0.002 0.003 0.005 0.296 0.005 0.29 0.082 0.005 0.02 0.092 0.004 0.004 0.006 0.112 0.105 0.047 0.002 0.012 0.019 0.018 0.008 0.004 0.013 0.004 0.005 0.003 0.014 0.004 0.003 0.002 0.011 0.01 0.013 0.004 0.003 0.001 0.006 0.002 0.01 0.004 0.008 0.002
0.146 0.173 0.169 0.068 0.005 0.004 0.475 0.077 0.001 0.553 1 0.003 0.002 0.169 0.169 0.001 0.408 0.002 0.004 0.177 0.011 0.024 0.042 0.189 0.234 0.088 0.004 0.005 0.005 0.002 0.002 0.235 0.094 0.065 0.007 0.002 0.003 0.166 0.003 0.163 0.058 0.002 0.007 0.055 0.002 0.002 0.003 0.061 0.071 0.031 0.001 0.005 0.011 0.01 0.004 0.002 0.007 0.002 0.004 0.002 0.006 0.002 0.002 0.001 0.005 0.007 0.006 0.002 0.003 0.004 0.003 0.001 0.005 0.002 0.004 0.003
0.018 0.016 0.016 0.039 0.003 0.002 0.006 0.035 0.001 0.005 0.003 1 0.001 0.005 0.004 0.001 0.007 0.001 0.002 0.011 0.14 0.012 0.026 0.014 0.01 0.031 0.002 0.002 0.003 0.001 0.001 0.008 0.027 0.035 0.001 0 0.001 0.009 0.001 0.009 0.041 0.002 0.01 0.053 0.079 0.001 0.001 0.017 0.025 0 0.001 0.07 0.102 0.082 0.071 0 0.069 0.007 0.175 0.045 0.061 0.002 0.001 0 0 0.003 0.041 0.002 0.019 0.001 0.016 0.001 0.074 0.001 0.002 0.107
0.041 0.048 0.047 0.019 0.279 0.001 0.002 0.021 0 0.002 0.002 0.001 1 0.047 0.047 0 0.003 0.001 0.001 0.049 0.003 0.007 0.012 0.052 0.004 0.024 0.001 0.001 0.279 0 0.001 0.004 0.023 0.018 0.001 0.001 0.001 0.005 0.001 0.005 0.015 0.001 0.071 0.014 0.004 0.001 0.001 0.011 0.025 0.01 0.01 0.005 0.004 0.004 0.005 0.005 0.005 0.001 0.001 0 0.006 0 0.001 0 0.002 0.002 0.006 0 0.001 0 0.001 0 0.005 0.004 0.001 0.001
0.554 0.632 0.654 0.265 0.158 0.108 0.346 0.335 0.003 0.291 0.169 0.005 0.047 1 0.911 0.007 0.365 0.06 0.022 0.774 0.044 0.103 0.178 0.821 0.545 0.339 0.02 0.022 0.15 0.054 0.061 0.461 0.306 0.228 0.001 0.054 0.018 0.185 0.077 0.138 0.192 0.02 0.026 0.093 0.029 0.01 0.096 0.039 0.028 0.077 0.016 0 0.047 0.048 0.043 0.011 0.012 0.006 0.023 0.01 0.002 0.007 0.003 0.032 0.006 0.023 0.005 0.008 0.016 0.002 0.001 0.008 0.006 0.013 0.001 0.014
0.554 0.632 0.653 0.271 0.157 0.108 0.346 0.323 0.003 0.291 0.169 0.004 0.047 0.911 1 0.007 0.364 0.06 0.022 0.781 0.043 0.102 0.175 0.828 0.546 0.319 0.007 0.022 0.15 0.054 0.061 0.468 0.285 0.212 0.001 0.056 0.018 0.187 0.08 0.14 0.195 0.02 0.026 0.088 0.035 0.009 0.098 0.036 0.028 0.071 0.016 0 0.054 0.056 0.05 0.011 0.016 0.006 0.023 0.01 0.003 0.009 0.003 0.035 0.006 0.025 0.007 0.01 0.016 0.002 0.004 0.006 0.009 0.013 0.002 0.014
0.005 0.007 0.007 0.017 0.001 0.001 0.002 0.015 0 0.002 0.001 0.001 0 0.007 0.007 1 0.003 0 0 0.006 0 0.037 0.027 0.006 0.004 0.009 0.001 0 0.001 0 0 0.004 0.012 0.015 0 0 0.001 0.004 0.001 0.004 0.018 0.001 0.004 0 0.001 0 0.001 0.005 0.01 0.026 0 0.001 0.001 0.001 0.001 0 0.001 0 0.001 0 0.002 0.001 0 0 0 0.001 0.002 0.001 0.001 0 0.001 0 0.001 0 0.001 0.001
0.294 0.32 0.342 0.139 0.013 0.009 0.745 0.158 0.003 0.633 0.408 0.007 0.003 0.365 0.364 0.003 1 0.005 0.011 0.433 0.026 0.06 0.104 0.463 0.6 0.215 0.011 0.011 0.013 0.004 0.005 0.595 0.172 0.123 0 0.005 0 0.399 0.007 0.294 0.104 0.007 0.025 0.139 0.004 0.005 0.007 0.168 0.096 0.05 0.003 0.001 0.017 0.016 0.009 0.005 0.001 0.006 0.009 0.004 0.002 0.006 0.005 0.003 0 0.015 0.004 0.006 0.006 0 0.008 0.003 0 0.006 0.011 0.006
0.047 0.056 0.055 0.024 0.002 0.001 0.004 0.027 0 0.004 0.002 0.001 0.001 0.06 0.06 0 0.005 1 0.002 0.063 0.004 0.009 0.015 0.067 0.1 0.031 0.002 0.001 0.002 0.001 0.001 0.096 0.031 0.025 0.001 0.001 0.001 0.007 0.001 0.006 0.021 0.001 0.007 0.016 0.003 0.001 0.001 0.013 0.016 0.002 0 0.006 0.004 0.003 0.005 0 0.006 0.001 0.001 0.001 0.006 0.001 0.001 0 0.002 0.002 0.006 0.002 0.001 0.001 0.001 0 0.005 0 0.002 0.001
0.03 0.025 0.026 0.064 0.004 0.003 0.009 0.048 0.001 0.008 0.004 0.002 0.001 0.022 0.022 0 0.011 0.002 1 0.025 0.411 0.019 0.103 0.023 0.016 0.05 0.003 0.954 0.004 0.001 0.002 0.016 0.044 0.044 0.002 0.001 0.002 0.015 0.002 0.013 0.067 0.003 0.014 0.082 0.307 0.002 0.003 0.052 0.038 0.018 0.001 0.202 0.286 0.278 0.216 0.002 0.191 0.002 0.001 0.001 0.152 0.003 0.001 0.001 0.448 0.005 0.183 0.003 0 0 0.003 0 0.207 0.002 0.003 0
0.587 0.656 0.681 0.263 0.165 0.113 0.362 0.313 0.008 0.305 0.177 0.011 0.049 0.774 0.781 0.006 0.433 0.063 0.025 1 0.053 0.095 0.179 0.926 0.629 0.376 0.024 0.023 0.15 0.056 0.056 0.545 0.305 0.202 0 0.049 0.004 0.169 0.074 0.123 0.162 0.002 0.033 0.082 0.021 0.011 0.094 0.036 0.019 0.069 0.017 0 0.045 0.045 0.041 0.012 0.011 0.013 0.022 0.009 0.002 0.002 0.007 0.028 0.001 0.036 0.005 0.002 0.016 0.002 0.008 0.007 0.006 0.014 0 0.014
0.001 0 0 0.025 0.01 0.007 0.019 0.12 0.003 0.016 0.011 0.14 0.003 0.044 0.043 0 0.026 0.004 0.411 0.053 1 0.041 0.237 0.056 0.038 0.111 0.008 0.42 0.01 0.003 0.004 0.036 0.109 0.124 0.004 0.003 0.006 0.037 0.005 0.033 0.165 0.007 0.037 0.177 0.622 0 0.006 0.137 0.086 0.01 0.003 0.466 0.663 0.624 0.502 0.003 0.449 0.201 0.018 0.006 0.377 0.008 0.004 0.002 0.239 0.013 0.414 0.008 0.013 0.002 0.15 0.001 0.447 0.004 0.004 0.054
0.13 0.13 0.13 0.341 0.017 0.01 0.051 0.304 0.003 0.044 0.024 0.012 0.007 0.103 0.102 0.037 0.06 0.009 0.019 0.095 0.041 1 0.51 0.129 0.087 0.247 0.019 0.02 0.023 0.008 0.009 0.068 0.219 0.067 0.009 0.008 0.075 0.006 0.012 0.01 0.092 0.125 0.079 0.012 0.028 0.057 0.015 0.006 0.039 0.161 0.002 0.034 0.016 0.012 0.02 0 0.032 0.01 0.004 0.007 0.035 0.093 0 0.006 0.013 0.024 0.03 0.096 0.001 0.003 0.005 0.006 0.024 0.003 0.044 0
0.102 0.095 0.097 0.377 0.033 0.021 0.085 0.512 0.007 0.072 0.042 0.026 0.012 0.178 0.175 0.027 0.104 0.015 0.103 0.179 0.237 0.51 1 0.225 0.152 0.434 0.033 0.105 0.04 0.014 0.016 0.126 0.398 0.209 0.015 0.013 0.039 0.003 0.021 0.001 0.284 0.062 0.141 0.047 0.172 0.043 0.025 0.045 0.133 0.067 0.005 0.107 0.223 0.218 0.147 0 0.105 0.049 0.002 0 0.077 0.037 0.003 0.009 0.061 0.046 0.078 0.039 0.003 0.006 0.042 0.008 0.119 0 0.01 0.024
0.622 0.697 0.725 0.299 0.161 0.106 0.388 0.35 0.007 0.326 0.189 0.014 0.052 0.821 0.828 0.006 0.463 0.067 0.023 0.926 0.056 0.129 0.225 1 0.675 0.428 0.023 0.023 0.166 0.06 0.06 0.586 0.339 0.241 0 0.058 0.003 0.188 0.085 0.138 0.199 0.018 0.029 0.096 0.027 0.011 0.106 0.042 0.027 0.09 0.019 0 0.049 0.046 0.043 0.013 0.011 0.012 0.02 0.007 0.002 0.015 0.007 0.035 0.002 0.034 0.004 0.016 0.014 0.001 0.009 0.007 0.006 0.015 0.006 0.013
0.413 0.453 0.481 0.196 0.019 0.013 0.525 0.228 0.005 0.436 0.234 0.01 0.004 0.545 0.546 0.004 0.6 0.1 0.016 0.629 0.038 0.087 0.152 0.675 1 0.282 0.015 0.015 0.019 0.006 0.007 0.867 0.219 0.155 0.006 0.007 0.001 0.326 0.01 0.248 0.127 0.011 0.067 0.084 0.012 0.007 0.002 0.111 0.038 0.061 0 0.009 0.029 0.028 0.022 0.001 0.01 0.008 0.014 0.006 0.011 0.011 0.004 0.004 0 0.022 0.016 0.011 0.01 0.008 0.012 0.005 0.005 0 0.007 0.009
0.252 0.275 0.291 0.607 0.072 0.047 0.178 0.692 0.015 0.149 0.088 0.031 0.024 0.339 0.319 0.009 0.215 0.031 0.05 0.376 0.111 0.247 0.434 0.428 0.282 1 0.048 0.05 0.076 0.028 0.027 0.277 0.835 0.62 0.017 0.026 0.016 0.052 0.038 0.035 0.515 0.027 0.129 0 0.087 0.013 0.047 0.001 0.235 0.222 0.003 0.033 0.123 0.118 0.059 0 0.04 0.027 0.005 0.001 0.023 0.027 0.014 0.015 0.023 0.004 0.028 0.026 0 0.01 0.026 0.014 0.056 0 0.009 0.028
0.003 0.025 0.026 0.008 0.004 0.003 0.009 0.011 0.134 0.007 0.004 0.002 0.001 0.02 0.007 0.001 0.011 0.002 0.003 0.024 0.008 0.019 0.033 0.023 0.015 0.048 1 0.004 0.004 0.001 0.002 0.015 0.045 0.057 0.001 0.001 0.002 0.015 0.002 0.014 0.013 0.003 0.079 0.039 0.01 0.001 0.003 0.028 0.02 0.002 0.001 0.013 0.009 0.008 0.011 0.002 0.013 0.002 0.003 0.001 0.014 0.003 0.092 0.001 0.004 0.215 0.013 0.003 0.002 0.001 0.003 0.001 0.011 0.002 0.003 0.002
0.03 0.025 0.026 0.062 0.004 0.003 0.01 0.046 0.001 0.008 0.005 0.002 0.001 0.022 0.022 0 0.011 0.001 0.954 0.023 0.42 0.02 0.105 0.023 0.015 0.05 0.004 1 0.004 0.001 0.002 0.016 0.046 0.046 0.002 0.002 0.003 0.016 0.002 0.014 0.07 0.003 0.015 0.085 0.321 0.002 0.003 0.053 0.04 0.019 0.001 0.212 0.3 0.282 0.227 0.002 0.201 0.002 0 0.001 0.15 0.003 0.002 0.001 0.473 0.006 0.192 0.004 0 0 0.003 0 0.219 0.002 0.004 0
0.128 0.152 0.148 0.055 0.929 0.616 0.011 0.066 0.001 0.009 0.005 0.003 0.279 0.15 0.15 0.001 0.013 0.002 0.004 0.15 0.01 0.023 0.04 0.166 0.019 0.076 0.004 0.004 1 0.344 0.351 0.018 0.07 0.05 0 0.343 0.003 0.018 0.539 0.014 0.042 0.004 0.003 0.015 0.011 0.002 0.31 0.023 0.004 0.024 0.056 0.033 0.012 0.011 0.015 0.029 0 0.002 0.004 0.08 0.017 0.002 0.002 0.234 0.001 0.007 0.013 0.002 0.003 0.001 0 0.001 0 0.038 0 0.002
0.047 0.055 0.054 0.022 0.342 0.501 0.004 0.025 0 0.003 0.002 0.001 0 0.054 0.054 0 0.004 0.001 0.001 0.056 0.003 0.008 0.014 0.06 0.006 0.028 0.001 0.001 0.344 1 0.882 0.006 0.015 0.011 0.001 0.096 0.001 0.006 0.428 0.006 0.008 0.001 0.007 0.018 0.004 0.001 0.125 0.013 0.016 0.005 0.042 0.014 0.004 0.004 0.006 0.023 0.001 0.001 0.001 0.018 0.009 0.001 0.001 0.129 0.002 0.002 0.005 0.001 0.001 0.001 0.006 0 0 0.04 0 0.001
0.046 0.054 0.053 0.02 0.349 0.513 0.004 0.023 0 0.004 0.002 0.001 0.001 0.061 0.061 0 0.005 0.001 0.002 0.056 0.004 0.009 0.016 0.06 0.007 0.027 0.002 0.002 0.351 0.882 1 0.006 0.015 0.014 0.001 0.13 0.001 0.004 0.45 0.004 0.011 0.001 0.007 0.023 0.005 0.001 0.147 0.015 0.014 0.006 0.037 0.017 0.005 0.005 0.006 0.019 0 0.001 0.001 0.041 0.011 0.002 0.001 0.112 0 0.003 0.007 0.002 0.001 0.001 0.005 0 0 0.034 0 0.001
0.371 0.416 0.435 0.167 0.018 0.012 0.519 0.192 0.005 0.431 0.235 0.008 0.004 0.461 0.468 0.004 0.595 0.096 0.016 0.545 0.036 0.068 0.126 0.586 0.867 0.277 0.015 0.016 0.018 0.006 0.006 1 0.266 0.197 0.006 0.007 0.001 0.374 0.009 0.29 0.165 0.011 0.067 0.106 0.012 0.007 0.002 0.132 0.051 0.061 0.003 0.008 0.029 0.027 0.021 0.006 0.009 0.008 0.014 0.005 0.011 0.012 0.007 0.004 0 0.022 0.015 0.013 0.01 0.008 0.012 0.005 0.005 0.007 0.015 0.008
0.219 0.242 0.252 0.591 0.07 0.043 0.163 0.682 0.015 0.133 0.094 0.027 0.023 0.306 0.285 0.012 0.172 0.031 0.044 0.305 0.109 0.219 0.398 0.339 0.219 0.835 0.045 0.046 0.07 0.015 0.015 0.266 1 0.74 0.022 0.031 0.032 0.068 0.048 0.05 0.628 0.038 0.148 0.001 0.1 0.021 0.059 0.001 0.27 0.238 0.003 0.034 0.137 0.132 0.067 0 0.041 0.025 0.002 0.001 0.021 0.038 0.017 0.023 0.033 0.005 0.026 0.039 0 0.014 0.024 0.018 0.059 0.002 0.02 0.019
0.139 0.152 0.159 0.378 0.042 0.022 0.118 0.458 0.014 0.094 0.065 0.035 0.018 0.228 0.212 0.015 0.123 0.025 0.044 0.202 0.124 0.067 0.209 0.241 0.155 0.62 0.057 0.046 0.05 0.011 0.014 0.197 0.74 1 0.016 0.022 0.041 0.258 0.036 0.233 0.816 0.052 0.1 0.034 0.124 0.015 0.047 0.009 0.394 0.231 0.001 0.055 0.161 0.149 0.088 0.002 0.066 0.031 0.006 0 0.039 0.052 0.022 0.016 0.037 0.001 0.047 0.053 0 0.009 0.033 0.014 0.084 0.006 0.027 0.029
0.001 0 0.001 0.024 0 0.001 0.001 0.027 0 0.002 0.007 0.001 0.001 0.001 0.001 0 0 0.001 0.002 0 0.004 0.009 0.015 0 0.006 0.017 0.001 0.002 0 0.001 0.001 0.006 0.022 0.016 1 0.001 0.001 0.007 0.001 0.006 0.022 0.001 0.096 0.018 0.005 0.001 0.001 0.014 0.038 0.012 0.007 0.007 0.005 0.005 0.006 0.003 0.007 0.001 0.001 0.001 0.007 0.001 0.001 0 0.003 0.002 0.007 0.002 0.001 0.555 0.001 0 0.006 0.001 0.002 0.001
0.045 0.053 0.052 0.019 0.313 0.46 0.004 0.023 0 0.003 0.002 0 0.001 0.054 0.056 0 0.005 0.001 0.001 0.049 0.003 0.008 0.013 0.058 0.007 0.026 0.001 0.002 0.343 0.096 0.13 0.007 0.031 0.022 0.001 1 0.001 0.007 0.504 0.006 0.021 0.001 0.007 0.036 0.004 0.001 0.272 0.004 0.017 0.011 0.095 0.041 0.005 0.004 0.006 0.054 0.001 0.001 0.001 0.08 0.023 0.001 0.001 0.248 0.001 0.002 0.023 0.001 0.001 0.001 0.001 0 0.001 0.05 0.001 0.001
0.013 0.016 0.018 0.044 0.003 0.002 0.006 0.039 0.001 0.005 0.003 0.001 0.001 0.018 0.018 0.001 0 0.001 0.002 0.004 0.006 0.075 0.039 0.003 0.001 0.016 0.002 0.003 0.003 0.001 0.001 0.001 0.032 0.041 0.001 0.001 1 0.011 0.002 0.01 0.049 0.002 0.011 0.008 0 0.001 0.002 0.008 0.022 0.008 0.001 0.001 0 0 0.001 0.001 0.001 0.001 0.002 0.001 0.002 0.002 0.001 0.001 0.001 0.004 0.001 0.002 0.002 0.004 0.002 0.001 0.001 0.001 0.002 0.001
0.134 0.143 0.155 0.026 0.018 0.012 0.379 0.036 0.002 0.296 0.166 0.009 0.005 0.185 0.187 0.004 0.399 0.007 0.015 0.169 0.037 0.006 0.003 0.188 0.326 0.052 0.015 0.016 0.018 0.006 0.004 0.374 0.068 0.258 0.007 0.007 0.011 1 0.01 0.875 0.219 0.014 0.071 0.351 0.044 0.073 0.002 0.307 0.233 0.032 0.005 0.032 0.046 0.041 0.053 0.008 0.029 0.008 0.011 0.005 0.032 0.014 0.007 0.005 0.006 0.022 0.041 0.013 0.007 0.008 0.012 0.005 0.021 0.008 0.013 0.006
0.065 0.077 0.075 0.027 0.474 0.698 0.006 0.033 0.001 0.005 0.003 0.001 0.001 0.077 0.08 0.001 0.007 0.001 0.002 0.074 0.005 0.012 0.021 0.085 0.01 0.038 0.002 0.002 0.539 0.428 0.45 0.009 0.048 0.036 0.001 0.504 0.002 0.01 1 0.007 0.032 0.002 0.01 0.056 0.007 0.001 0.437 0.008 0.026 0.018 0.059 0.066 0.007 0.007 0.009 0.032 0 0.001 0.002 0.083 0.051 0.002 0.001 0.419 0 0.004 0.043 0.002 0.001 0.001 0.002 0.001 0 0.029 0.001 0.001
0.097 0.117 0.112 0.015 0.016 0.011 0.379 0.023 0.002 0.29 0.163 0.009 0.005 0.138 0.14 0.004 0.294 0.006 0.013 0.123 0.033 0.01 0.001 0.138 0.248 0.035 0.014 0.014 0.014 0.006 0.004 0.29 0.05 0.233 0.006 0.006 0.01 0.875 0.007 1 0.196 0.012 0.064 0.329 0.039 0.082 0.009 0.272 0.272 0.024 0.004 0.057 0.041 0.037 0.049 0.007 0.056 0.007 0.01 0.005 0.056 0.012 0.006 0.002 0.022 0.02 0.055 0.013 0.006 0.008 0.011 0.004 0.047 0.007 0.013 0.005
0.136 0.116 0.122 0.469 0.035 0.018 0.101 0.566 0.003 0.082 0.058 0.041 0.015 0.192 0.195 0.018 0.104 0.021 0.067 0.162 0.165 0.092 0.284 0.199 0.127 0.515 0.013 0.07 0.042 0.008 0.011 0.165 0.628 0.816 0.022 0.021 0.049 0.219 0.032 0.196 1 0.062 0.222 0.011 0.161 0.012 0.039 0 0.517 0.279 0.001 0.084 0.209 0.195 0.122 0.002 0.097 0.037 0.01 0 0.064 0.062 0.01 0.013 0.059 0.065 0.074 0.061 0.001 0.012 0.041 0.015 0.117 0.007 0.033 0.035
0.021 0.02 0.02 0.053 0.004 0.002 0.006 0.046 0.006 0.005 0.002 0.002 0.001 0.02 0.02 0.001 0.007 0.001 0.003 0.002 0.007 0.125 0.062 0.018 0.011 0.027 0.003 0.003 0.004 0.001 0.001 0.011 0.038 0.052 0.001 0.001 0.002 0.014 0.002 0.012 0.062 1 0.011 0.024 0.001 0.001 0.002 0.018 0.035 0.092 0.001 0.008 0.004 0.004 0.003 0.002 0.008 0.002 0.003 0.001 0.009 0.458 0.001 0.001 0.001 0.005 0.009 0.462 0.002 0.002 0.002 0.001 0.006 0.002 0.071 0.002
0.016 0.041 0.041 0.227 0.003 0.013 0.026 0.259 0.005 0.02 0.007 0.01 0.071 0.026 0.026 0.004 0.025 0.007 0.014 0.033 0.037 0.079 0.141 0.029 0.067 0.129 0.079 0.015 0.003 0.007 0.007 0.067 0.148 0.1 0.096 0.007 0.011 0.071 0.01 0.064 0.222 0.011 1 0.186 0.044 0.007 0.013 0.127 0.379 0.109 0 0.068 0.05 0.048 0.059 0.001 0.067 0.009 0.015 0.006 0.073 0.01 0.007 0.005 0.027 0.301 0.07 0.01 0.01 0.078 0.013 0.065 0.057 0.004 0.002 0.009
0.124 0.147 0.152 0 0.011 0.041 0.122 0.002 0.009 0.092 0.055 0.053 0.014 0.093 0.088 0 0.139 0.016 0.082 0.082 0.177 0.012 0.047 0.096 0.084 0 0.039 0.085 0.015 0.018 0.023 0.106 0.001 0.034 0.018 0.036 0.008 0.351 0.056 0.329 0.011 0.024 0.186 1 0.198 0.025 0.068 0.521 0.006 0.055 0 0.273 0.206 0.191 0.119 0.002 0.173 0.046 0.012 0.031 0.194 0.032 0.011 0.024 0.098 0.054 0.173 0.033 0.003 0.018 0.047 0.012 0.197 0.004 0.032 0.022
0.001 0 0 0.037 0.011 0.007 0.007 0.097 0.003 0.004 0.002 0.079 0.004 0.029 0.035 0.001 0.004 0.003 0.307 0.021 0.622 0.028 0.172 0.027 0.012 0.087 0.01 0.321 0.011 0.004 0.005 0.012 0.1 0.124 0.005 0.004 0 0.044 0.007 0.039 0.161 0.001 0.044 0.198 1 0.005 0.008 0.203 0.119 0.017 0.003 0.633 0.794 0.764 0.696 0.004 0.608 0.146 0.04 0.009 0.526 0.005 0.004 0.002 0.273 0.016 0.532 0.005 0.038 0.003 0.137 0.003 0.632 0.005 0.005 0.097
0.002 0.005 0.006 0.018 0.002 0.001 0.004 0.023 0.001 0.004 0.002 0.001 0.001 0.01 0.009 0 0.005 0.001 0.002 0.011 0 0.057 0.043 0.011 0.007 0.013 0.001 0.002 0.002 0.001 0.001 0.007 0.021 0.015 0.001 0.001 0.001 0.073 0.001 0.082 0.012 0.001 0.007 0.025 0.005 1 0.001 0.011 0.01 0.048 0 0.007 0.005 0.005 0.006 0.001 0.007 0.001 0.001 0.001 0.006 0.001 0.001 0 0.003 0.003 0.007 0.001 0.001 0.001 0.001 0 0.006 0.001 0.001 0.001
0.081 0.069 0.094 0.036 0.266 0.399 0.007 0.041 0.001 0.006 0.003 0.001 0.001 0.096 0.098 0.001 0.007 0.001 0.003 0.094 0.006 0.015 0.025 0.106 0.002 0.047 0.003 0.003 0.31 0.125 0.147 0.002 0.059 0.047 0.001 0.272 0.002 0.002 0.437 0.009 0.039 0.002 0.013 0.068 0.008 0.001 1 0.001 0.032 0.022 0.001 0.178 0.009 0.008 0.01 0.001 0.032 0.001 0.003 0.124 0.127 0.003 0.001 0.344 0.022 0.004 0.084 0.003 0.002 0.002 0.001 0.001 0.035 0.001 0.003 0.002
0.066 0.076 0.081 0 0.026 0.014 0.149 0.006 0.008 0.112 0.061 0.017 0.011 0.039 0.036 0.005 0.168 0.013 0.052 0.036 0.137 0.006 0.045 0.042 0.111 0.001 0.028 0.053 0.023 0.013 0.015 0.132 0.001 0.009 0.014 0.004 0.008 0.307 0.008 0.272 0 0.018 0.127 0.521 0.203 0.011 0.001 1 0.016 0.052 0.01 0.2 0.219 0.209 0.158 0.014 0.182 0.043 0.003 0.002 0.163 0.024 0.012 0.001 0.09 0.051 0.144 0.025 0.004 0.014 0.043 0.003 0.213 0.017 0.027 0.036
0.027 0.014 0.013 0.281 0.004 0.032 0.135 0.324 0.012 0.105 0.071 0.025 0.025 0.028 0.028 0.01 0.096 0.016 0.038 0.019 0.086 0.039 0.133 0.027 0.038 0.235 0.02 0.04 0.004 0.016 0.014 0.051 0.27 0.394 0.038 0.017 0.022 0.233 0.026 0.272 0.517 0.035 0.379 0.006 0.119 0.01 0.032 0.016 1 0.179 0.002 0.18 0.126 0.121 0.158 0.008 0.178 0.022 0.037 0.014 0.193 0.035 0.017 0.012 0.069 0.136 0.185 0.035 0.026 0.026 0.032 0.026 0.152 0.014 0.016 0.023
0.084 0.072 0.073 0.257 0.018 0.009 0.048 0.281 0.026 0.047 0.031 0 0.01 0.077 0.071 0.026 0.05 0.002 0.018 0.069 0.01 0.161 0.067 0.09 0.061 0.222 0.002 0.019 0.024 0.005 0.006 0.061 0.238 0.231 0.012 0.011 0.008 0.032 0.018 0.024 0.279 0.092 0.109 0.055 0.017 0.048 0.022 0.052 0.179 1 0.008 0.046 0.02 0.018 0.031 0 0.034 0.003 0 0.01 0.044 0.11 0.037 0.008 0.024 0.037 0.034 0.112 0.004 0.014 0 0.008 0.03 0.001 0.062 0
0.003 0.005 0.004 0.008 0.056 0.045 0.003 0.011 0 0.002 0.001 0.001 0.01 0.016 0.016 0 0.003 0 0.001 0.017 0.003 0.002 0.005 0.019 0 0.003 0.001 0.001 0.056 0.042 0.037 0.003 0.003 0.001 0.007 0.095 0.001 0.005 0.059 0.004 0.001 0.001 0 0 0.003 0 0.001 0.01 0.002 0.008 1 0.005 0.003 0.003 0.004 0.606 0.005 0.001 0.001 0 0.005 0.001 0 0 0.002 0.002 0.005 0.001 0.001 0.005 0.001 0 0.004 0.432 0.003 0.001
0.013 0.014 0.018 0.009 0.026 0.057 0.016 0.042 0.005 0.012 0.005 0.07 0.005 0 0 0.001 0.001 0.006 0.202 0 0.466 0.034 0.107 0 0.009 0.033 0.013 0.212 0.033 0.014 0.017 0.008 0.034 0.055 0.007 0.041 0.001 0.032 0.066 0.057 0.084 0.008 0.068 0.273 0.633 0.007 0.178 0.2 0.18 0.046 0.005 1 0.698 0.66 0.598 0.006 0.741 0.121 0.02 0.08 0.812 0.015 0.007 0.065 0.35 0.025 0.757 0.015 0.026 0.005 0.176 0.005 0.768 0.008 0.015 0.077
0.004 0.003 0.003 0.055 0.012 0.008 0.022 0.135 0.003 0.019 0.011 0.102 0.004 0.047 0.054 0.001 0.017 0.004 0.286 0.045 0.663 0.016 0.223 0.049 0.029 0.123 0.009 0.3 0.012 0.004 0.005 0.029 0.137 0.161 0.005 0.005 0 0.046 0.007 0.041 0.209 0.004 0.05 0.206 0.794 0.005 0.009 0.219 0.126 0.02 0.003 0.698 1 0.941 0.766 0.004 0.682 0.173 0.037 0.014 0.585 0.01 0.005 0.002 0.339 0.017 0.589 0.011 0.045 0.003 0.209 0.003 0.699 0.006 0.011 0.114
0.003 0.002 0.002 0.053 0.011 0.007 0.021 0.132 0.003 0.018 0.01 0.082 0.004 0.048 0.056 0.001 0.016 0.003 0.278 0.045 0.624 0.012 0.218 0.046 0.028 0.118 0.008 0.282 0.011 0.004 0.005 0.027 0.132 0.149 0.005 0.004 0 0.041 0.007 0.037 0.195 0.004 0.048 0.191 0.764 0.005 0.008 0.209 0.121 0.018 0.003 0.66 0.941 1 0.755 0.004 0.673 0.18 0.045 0.002 0.589 0.01 0.005 0.002 0.315 0.017 0.58 0.01 0.055 0.006 0.217 0.003 0.686 0.005 0.01 0.131
0.006 0.003 0.004 0.033 0.015 0.01 0.012 0.09 0.004 0.008 0.004 0.071 0.005 0.043 0.05 0.001 0.009 0.005 0.216 0.041 0.502 0.02 0.147 0.043 0.022 0.059 0.011 0.227 0.015 0.006 0.006 0.021 0.067 0.088 0.006 0.006 0.001 0.053 0.009 0.049 0.122 0.003 0.059 0.119 0.696 0.006 0.01 0.158 0.158 0.031 0.004 0.598 0.766 0.755 1 0.005 0.758 0.138 0.123 0.01 0.665 0.008 0.004 0.003 0.273 0.022 0.674 0.008 0.151 0.007 0.165 0.004 0.623 0.007 0.013 0.099
0.003 0.004 0.004 0.003 0.029 0.024 0.005 0.004 0.001 0.004 0.002 0 0.005 0.011 0.011 0 0.005 0 0.002 0.012 0.003 0 0 0.013 0.001 0 0.002 0.002 0.029 0.023 0.019 0.006 0 0.002 0.003 0.054 0.001 0.008 0.032 0.007 0.002 0.002 0.001 0.002 0.004 0.001 0.001 0.014 0.008 0 0.606 0.006 0.004 0.004 0.005 1 0.006 0 0 0.001 0.007 0.002 0.001 0.001 0.003 0.003 0.006 0.002 0.001 0.002 0 0.001 0.006 0.415 0.074 0.001
0 0 0.001 0.011 0 0.001 0.018 0.046 0.005 0.013 0.007 0.069 0.005 0.012 0.016 0.001 0.001 0.006 0.191 0.011 0.449 0.032 0.105 0.011 0.01 0.04 0.013 0.201 0 0.001 0 0.009 0.041 0.066 0.007 0.001 0.001 0.029 0 0.056 0.097 0.008 0.067 0.173 0.608 0.007 0.032 0.182 0.178 0.034 0.005 0.741 0.682 0.673 0.758 0.006 1 0.117 0.123 0.081 0.833 0.015 0.005 0.003 0.379 0.024 0.799 0.015 0.148 0.008 0.173 0.005 0.837 0.008 0.015 0.131
0.036 0.044 0.043 0.013 0.002 0.002 0.005 0.03 0.001 0.004 0.002 0.007 0.001 0.006 0.006 0 0.006 0.001 0.002 0.013 0.201 0.01 0.049 0.012 0.008 0.027 0.002 0.002 0.002 0.001 0.001 0.008 0.025 0.031 0.001 0.001 0.001 0.008 0.001 0.007 0.037 0.002 0.009 0.046 0.146 0.001 0.001 0.043 0.022 0.003 0.001 0.121 0.173 0.18 0.138 0 0.117 1 0.001 0.001 0.112 0.002 0.001 0.001 0 0.003 0.115 0.002 0 0.001 0.377 0.001 0.09 0.001 0.002 0
0.023 0.018 0.019 0.005 0.004 0.003 0.006 0.003 0.001 0.005 0.004 0.175 0.001 0.023 0.023 0.001 0.009 0.001 0.001 0.022 0.018 0.004 0.002 0.02 0.014 0.005 0.003 0 0.004 0.001 0.001 0.014 0.002 0.006 0.001 0.001 0.002 0.011 0.002 0.01 0.01 0.003 0.015 0.012 0.04 0.001 0.003 0.003 0.037 0 0.001 0.02 0.037 0.045 0.123 0 0.123 0.001 1 0.001 0.112 0.003 0 0.001 0.005 0.005 0.086 0.003 0.5 0.002 0.002 0.001 0.039 0.001 0.003 0.349
0.009 0.006 0.006 0 0.079 0.12 0.003 0 0 0.003 0.002 0.045 0 0.01 0.01 0 0.004 0.001 0.001 0.009 0.006 0.007 0 0.007 0.006 0.001 0.001 0.001 0.08 0.018 0.041 0.005 0.001 0 0.001 0.08 0.001 0.005 0.083 0.005 0 0.001 0.006 0.031 0.009 0.001 0.124 0.002 0.014 0.01 0 0.08 0.014 0.002 0.01 0.001 0.081 0.001 0.001 1 0.051 0.001 0.001 0 0.01 0.002 0.037 0.001 0.001 0.001 0.027 0 0.082 0.001 0.001 0.001
0.004 0.005 0.008 0.004 0.012 0.032 0.019 0.029 0.005 0.014 0.006 0.061 0.006 0.002 0.003 0.002 0.002 0.006 0.152 0.002 0.377 0.035 0.077 0.002 0.011 0.023 0.014 0.15 0.017 0.009 0.011 0.011 0.021 0.039 0.007 0.023 0.002 0.032 0.051 0.056 0.064 0.009 0.073 0.194 0.526 0.006 0.127 0.163 0.193 0.044 0.005 0.812 0.585 0.589 0.665 0.007 0.833 0.112 0.112 0.051 1 0.016 0.005 0.06 0.308 0.026 0.88 0.016 0.136 0.009 0.163 0.005 0.711 0.009 0.016 0.121
0.017 0.016 0.016 0.048 0.002 0.003 0.005 0.04 0.001 0.004 0.002 0.002 0 0.007 0.009 0.001 0.006 0.001 0.003 0.002 0.008 0.093 0.037 0.015 0.011 0.027 0.003 0.003 0.002 0.001 0.002 0.012 0.038 0.052 0.001 0.001 0.002 0.014 0.002 0.012 0.062 0.458 0.01 0.032 0.005 0.001 0.003 0.024 0.035 0.11 0.001 0.015 0.01 0.01 0.008 0.002 0.015 0.002 0.003 0.001 0.016 1 0.001 0.001 0.006 0.005 0.015 0.979 0.002 0.002 0.003 0.001 0.013 0.002 0.243 0.002
0.008 0.009 0.006 0.017 0.002 0.001 0.004 0.017 0.348 0.003 0.002 0.001 0.001 0.003 0.003 0 0.005 0.001 0.001 0.007 0.004 0 0.003 0.007 0.004 0.014 0.092 0.002 0.002 0.001 0.001 0.007 0.017 0.022 0.001 0.001 0.001 0.007 0.001 0.006 0.01 0.001 0.007 0.011 0.004 0.001 0.001 0.012 0.017 0.037 0 0.007 0.005 0.005 0.004 0.001 0.005 0.001 0 0.001 0.005 0.001 1 0 0.003 0.002 0.005 0.001 0 0.001 0.001 0 0.006 0.001 0.001 0.001
0.024 0.029 0.029 0.009 0.18 0.266 0.003 0.013 0 0.002 0.001 0 0 0.032 0.035 0 0.003 0 0.001 0.028 0.002 0.006 0.009 0.035 0.004 0.015 0.001 0.001 0.234 0.129 0.112 0.004 0.023 0.016 0 0.248 0.001 0.005 0.419 0.002 0.013 0.001 0.005 0.024 0.002 0 0.344 0.001 0.012 0.008 0 0.065 0.002 0.002 0.003 0.001 0.003 0.001 0.001 0 0.06 0.001 0 1 0.001 0.002 0.048 0.001 0.001 0.001 0 0 0.003 0.001 0.001 0.001
0.007 0.011 0.005 0.038 0.001 0 0.013 0.036 0.002 0.011 0.005 0 0.002 0.006 0.006 0 0 0.002 0.448 0.001 0.239 0.013 0.061 0.002 0 0.023 0.004 0.473 0.001 0.002 0 0 0.033 0.037 0.003 0.001 0.001 0.006 0 0.022 0.059 0.001 0.027 0.098 0.273 0.003 0.022 0.09 0.069 0.024 0.002 0.35 0.339 0.315 0.273 0.003 0.379 0 0.005 0.01 0.308 0.006 0.003 0.001 1 0.009 0.324 0.006 0.004 0.003 0.004 0.002 0.406 0.003 0.006 0
0.007 0.037 0.038 0.071 0.007 0.004 0.013 0.082 0.002 0.01 0.007 0.003 0.002 0.023 0.025 0.001 0.015 0.002 0.005 0.036 0.013 0.024 0.046 0.034 0.022 0.004 0.215 0.006 0.007 0.002 0.003 0.022 0.005 0.001 0.002 0.002 0.004 0.022 0.004 0.02 0.065 0.005 0.301 0.054 0.016 0.003 0.004 0.051 0.136 0.037 0.002 0.025 0.017 0.017 0.022 0.003 0.024 0.003 0.005 0.002 0.026 0.005 0.002 0.002 0.009 1 0.025 0.005 0.004 0.003 0.004 0.002 0.021 0.003 0 0.003
0.001 0.006 0.004 0.006 0.009 0.026 0.017 0.034 0.005 0.013 0.006 0.041 0.006 0.005 0.007 0.002 0.004 0.006 0.183 0.005 0.414 0.03 0.078 0.004 0.016 0.028 0.013 0.192 0.013 0.005 0.007 0.015 0.026 0.047 0.007 0.023 0.001 0.041 0.043 0.055 0.074 0.009 0.07 0.173 0.532 0.007 0.084 0.144 0.185 0.034 0.005 0.757 0.589 0.58 0.674 0.006 0.799 0.115 0.086 0.037 0.88 0.015 0.005 0.048 0.324 0.025 1 0.016 0.142 0.009 0.171 0.005 0.664 0.008 0.011 0.087
0.018 0.016 0.017 0.049 0.002 0.003 0.005 0.041 0.001 0.004 0.002 0.002 0 0.008 0.01 0.001 0.006 0.002 0.003 0.002 0.008 0.096 0.039 0.016 0.011 0.026 0.003 0.004 0.002 0.001 0.002 0.013 0.039 0.053 0.002 0.001 0.002 0.013 0.002 0.013 0.061 0.462 0.01 0.033 0.005 0.001 0.003 0.025 0.035 0.112 0.001 0.015 0.011 0.01 0.008 0.002 0.015 0.002 0.003 0.001 0.016 0.979 0.001 0.001 0.006 0.005 0.016 1 0.002 0.002 0.003 0.001 0.013 0.002 0.251 0.002
0.011 0.008 0.009 0 0.003 0.002 0.003 0 0.001 0.003 0.003 0.019 0.001 0.016 0.016 0.001 0.006 0.001 0 0.016 0.013 0.001 0.003 0.014 0.01 0 0.002 0 0.003 0.001 0.001 0.01 0 0 0.001 0.001 0.002 0.007 0.001 0.006 0.001 0.002 0.01 0.003 0.038 0.001 0.002 0.004 0.026 0.004 0.001 0.026 0.045 0.055 0.151 0.001 0.148 0 0.5 0.001 0.136 0.002 0 0.001 0.004 0.004 0.142 0.002 1 0.001 0.002 0.001 0.04 0.001 0.002 0.278
0.003 0.002 0.002 0.014 0.001 0.002 0 0.017 0.001 0.001 0.004 0.001 0 0.002 0.002 0 0 0.001 0 0.002 0.002 0.003 0.006 0.001 0.008 0.01 0.001 0 0.001 0.001 0.001 0.008 0.014 0.009 0.555 0.001 0.004 0.008 0.001 0.008 0.012 0.002 0.078 0.018 0.003 0.001 0.002 0.014 0.026 0.014 0.005 0.005 0.003 0.006 0.007 0.002 0.008 0.001 0.002 0.001 0.009 0.002 0.001 0.001 0.003 0.003 0.009 0.002 0.001 1 0.001 0.001 0.007 0.001 0.002 0.001
0.023 0.03 0.028 0.003 0 0.002 0.007 0.021 0.001 0.006 0.003 0.016 0.001 0.001 0.004 0.001 0.008 0.001 0.003 0.008 0.15 0.005 0.042 0.009 0.012 0.026 0.003 0.003 0 0.006 0.005 0.012 0.024 0.033 0.001 0.001 0.002 0.012 0.002 0.011 0.041 0.002 0.013 0.047 0.137 0.001 0.001 0.043 0.032 0 0.001 0.176 0.209 0.217 0.165 0 0.173 0.377 0.002 0.027 0.163 0.003 0.001 0 0.004 0.004 0.171 0.003 0.002 0.001 1 0.001 0.165 0.001 0.003 0.001
0.001 0.008 0.008 0.01 0.001 0.001 0.003 0.012 0 0.002 0.001 0.001 0 0.008 0.006 0 0.003 0 0 0.007 0.001 0.006 0.008 0.007 0.005 0.014 0.001 0 0.001 0 0 0.005 0.018 0.014 0 0 0.001 0.005 0.001 0.004 0.015 0.001 0.065 0.012 0.003 0 0.001 0.003 0.026 0.008 0 0.005 0.003 0.003 0.004 0.001 0.005 0.001 0.001 0 0.005 0.001 0 0 0.002 0.002 0.005 0.001 0.001 0.001 0.001 1 0.004 0.001 0.001 0.001
0 0 0.002 0.024 0 0.001 0.013 0.061 0.004 0.01 0.005 0.074 0.005 0.006 0.009 0.001 0 0.005 0.207 0.006 0.447 0.024 0.119 0.006 0.005 0.056 0.011 0.219 0 0 0 0.005 0.059 0.084 0.006 0.001 0.001 0.021 0 0.047 0.117 0.006 0.057 0.197 0.632 0.006 0.035 0.213 0.152 0.03 0.004 0.768 0.699 0.686 0.623 0.006 0.837 0.09 0.039 0.082 0.711 0.013 0.006 0.003 0.406 0.021 0.664 0.013 0.04 0.007 0.165 0.004 1 0.007 0.013 0.149
0.003 0.004 0.004 0.001 0.038 0.035 0.005 0.002 0.001 0.004 0.002 0.001 0.004 0.013 0.013 0 0.006 0 0.002 0.014 0.004 0.003 0 0.015 0 0 0.002 0.002 0.038 0.04 0.034 0.007 0.002 0.006 0.001 0.05 0.001 0.008 0.029 0.007 0.007 0.002 0.004 0.004 0.005 0.001 0.001 0.017 0.014 0.001 0.432 0.008 0.006 0.005 0.007 0.415 0.008 0.001 0.001 0.001 0.009 0.002 0.001 0.001 0.003 0.003 0.008 0.002 0.001 0.001 0.001 0.001 0.007 1 0.028 0.001
0.009 0.007 0.008 0.019 0 0 0.009 0.012 0.001 0.008 0.004 0.002 0.001 0.001 0.002 0.001 0.011 0.002 0.003 0 0.004 0.044 0.01 0.006 0.007 0.009 0.003 0.004 0 0 0 0.015 0.02 0.027 0.002 0.001 0.002 0.013 0.001 0.013 0.033 0.071 0.002 0.032 0.005 0.001 0.003 0.027 0.016 0.062 0.003 0.015 0.011 0.01 0.013 0.074 0.015 0.002 0.003 0.001 0.016 0.243 0.001 0.001 0.006 0 0.011 0.251 0.002 0.002 0.003 0.001 0.013 0.028 1 0.002
0.008 0.006 0.007 0.017 0.002 0.002 0.003 0.02 0.001 0.002 0.003 0.107 0.001 0.014 0.014 0.001 0.006 0.001 0 0.014 0.054 0 0.024 0.013 0.009 0.028 0.002 0 0.002 0.001 0.001 0.008 0.019 0.029 0.001 0.001 0.001 0.006 0.001 0.005 0.035 0.002 0.009 0.022 0.097 0.001 0.002 0.036 0.023 0 0.001 0.077 0.114 0.131 0.099 0.001 0.131 0 0.349 0.001 0.121 0.002 0.001 0.001 0 0.003 0.087 0.002 0.278 0.001 0.001 0.001 0.149 0.001 0.002 1
