1 0.797 0.851 0.474 0.266 0.207 0.179 0.328 0.012 0.153 0.105 0.026 0.045 0.536 0.523 0.006 0.188 0.046 0.041 0.602 0.02 0.134 0.15 0.621 0.269 0.338 0.004 0.047 0.243 0.109 0.1 0.191 0.251 0.141 0.003 0.058 0.009 0.018 0.121 0.009 0.12 0.014 0.007 0.049 0.004 0.006 0.112 0.002 0 0.036 0.019 0.016 0.017 0.011 0.006 0.018 0 0.026 0.016 0.008 0.013 0.01 0.001 0.041 0.021 0.001 0.002 0.012 0.007 0.003 0.02 0.003 0.001 0.019 0 0.01
0.797 1 0.93 0.422 0.317 0.247 0.214 0.278 0.01 0.183 0.125 0.022 0.053 0.627 0.593 0.005 0.209 0.056 0.034 0.656 0.012 0.111 0.126 0.676 0.268 0.316 0.027 0.039 0.288 0.13 0.121 0.223 0.254 0.149 0.002 0.068 0.008 0.027 0.142 0.018 0.108 0.011 0.031 0.062 0.003 0.014 0.117 0.005 0.001 0.029 0.024 0.021 0.015 0.01 0.004 0.024 0 0.033 0.013 0.002 0.016 0.008 0.01 0.049 0.016 0.022 0.007 0.009 0.005 0.008 0.02 0.01 0 0.026 0 0.008
0.851 0.93 1 0.462 0.311 0.243 0.21 0.312 0.01 0.18 0.123 0.023 0.052 0.646 0.611 0.005 0.223 0.055 0.035 0.715 0.013 0.113 0.129 0.736 0.321 0.353 0.028 0.04 0.282 0.128 0.118 0.233 0.258 0.152 0.002 0.066 0.01 0.03 0.14 0.017 0.11 0.012 0.032 0.064 0.003 0.014 0.13 0.006 0.001 0.028 0.024 0.023 0.016 0.01 0.004 0.023 0 0.032 0.013 0.002 0.018 0.008 0 0.048 0.015 0.022 0.008 0.009 0.006 0.008 0.026 0.01 0 0.025 0 0.008
0.474 0.422 0.462 1 0.14 0.107 0.099 0.799 0.021 0.085 0.058 0.048 0.025 0.267 0.268 0.011 0.111 0.031 0.074 0.323 0.043 0.256 0.328 0.344 0.163 0.646 0 0.055 0.122 0.059 0.052 0.115 0.551 0.337 0.022 0.023 0.022 0.001 0.056 0 0.377 0.027 0.217 0 0.03 0.032 0.055 0.018 0.158 0.142 0.006 0.001 0.056 0.057 0.038 0.005 0.016 0.01 0.026 0 0.004 0.024 0.007 0.021 0.034 0.049 0.006 0.028 0.016 0.015 0.008 0.017 0.021 0.004 0.003 0.021
0.266 0.317 0.311 0.14 1 0.779 0.015 0.153 0.003 0.013 0.009 0.007 0.168 0.287 0.27 0.001 0.018 0.004 0.011 0.314 0.028 0.031 0.073 0.309 0.03 0.165 0.009 0.013 0.88 0.414 0.394 0.03 0.112 0.062 0 0.233 0.003 0.033 0.475 0.029 0.043 0.002 0 0.015 0.031 0.005 0.267 0.052 0.017 0.016 0.062 0.021 0.031 0.028 0.037 0.045 0.011 0.005 0.003 0.028 0.012 0.004 0.005 0.176 0.006 0.011 0.003 0.004 0.003 0.001 0.004 0.003 0.011 0.062 0.004 0.004
0.207 0.247 0.243 0.107 0.779 1 0.011 0.124 0.002 0.01 0.007 0.005 0.003 0.23 0.216 0.001 0.014 0.003 0.008 0.251 0.022 0.025 0.058 0.243 0.023 0.131 0.007 0.01 0.693 0.532 0.508 0.023 0.078 0.039 0.002 0.302 0.003 0.025 0.615 0.023 0.024 0.001 0.027 0.043 0.024 0.004 0.352 0.037 0.06 0.008 0.025 0.045 0.024 0.022 0.028 0.017 0.005 0.003 0.002 0.04 0.029 0.005 0.004 0.23 0.003 0.008 0.012 0.005 0.002 0.003 0.002 0.003 0.005 0.036 0 0.003
0.179 0.214 0.21 0.099 0.015 0.011 1 0.104 0.002 0.858 0.585 0.005 0.002 0.197 0.185 0.001 0.777 0.002 0.007 0.217 0.018 0.028 0.055 0.227 0.48 0.122 0.006 0.008 0.015 0.006 0.007 0.442 0.12 0.09 0.002 0.005 0.002 0.241 0.009 0.266 0.077 0.003 0.023 0.05 0 0.004 0.008 0.098 0.076 0.016 0.003 0.003 0.014 0.013 0 0.004 0.001 0 0.003 0.003 0.003 0 0.003 0.004 0.012 0.002 0.003 0.001 0.002 0.003 0 0.002 0.002 0.005 0.005 0.003
0.328 0.278 0.312 0.799 0.153 0.124 0.104 1 0.019 0.089 0.063 0.044 0.027 0.327 0.322 0.01 0.117 0.033 0.036 0.38 0.098 0.248 0.417 0.402 0.193 0.732 0 0.024 0.14 0.064 0.057 0.128 0.613 0.389 0.023 0.03 0.02 0.002 0.066 0 0.436 0.025 0.235 0.004 0.062 0.033 0.061 0.03 0.179 0.178 0.01 0.01 0.104 0.107 0.074 0.009 0.039 0.02 0.024 0 0.016 0.025 0.01 0.024 0.016 0.054 0.019 0.028 0.022 0.016 0.008 0.018 0.036 0.007 0.001 0.027
0.012 0.01 0.01 0.021 0.003 0.002 0.002 0.019 1 0.002 0.001 0.001 0.001 0.002 0.001 0 0.003 0.001 0.002 0.01 0.004 0.002 0.007 0.009 0.004 0.017 0.062 0.002 0.003 0.001 0.001 0.004 0.015 0.013 0 0.001 0 0.001 0.002 0.001 0.001 0 0.005 0.011 0.005 0.002 0.002 0 0.011 0.018 0.001 0.008 0.005 0.004 0.006 0.001 0.006 0.001 0.001 0.001 0.007 0.001 0.357 0.001 0.003 0.002 0.007 0.001 0.001 0.001 0.001 0 0.006 0.001 0.001 0.001
0.153 0.183 0.18 0.085 0.013 0.01 0.858 0.089 0.002 1 0.678 0.004 0.002 0.168 0.158 0.001 0.677 0.002 0.006 0.186 0.015 0.024 0.047 0.195 0.41 0.104 0.005 0.006 0.013 0.005 0.006 0.374 0.101 0.076 0.001 0.004 0.002 0.185 0.008 0.203 0.064 0.003 0.019 0.036 0.001 0.003 0.007 0.075 0.054 0.021 0.002 0.001 0.011 0.01 0 0.003 0 0 0.002 0.003 0.001 0 0.003 0.003 0.009 0.001 0.001 0 0.002 0.002 0 0.002 0 0.004 0.005 0.002
0.105 0.125 0.123 0.058 0.009 0.007 0.585 0.063 0.001 0.678 1 0.003 0.001 0.116 0.109 0.001 0.48 0.001 0.004 0.128 0.011 0.016 0.035 0.134 0.28 0.072 0.003 0.004 0.009 0.004 0.004 0.277 0.079 0.06 0.001 0.003 0.001 0.117 0.005 0.126 0.051 0.002 0.013 0.021 0.005 0.002 0.004 0.048 0.031 0.017 0.002 0 0.007 0.006 0.003 0.002 0.001 0 0.002 0.002 0 0.002 0.002 0.002 0.006 0.004 0 0.003 0.002 0.001 0 0.001 0 0.003 0.003 0.002
0.026 0.022 0.023 0.048 0.007 0.005 0.005 0.044 0.001 0.004 0.003 1 0.001 0.012 0.012 0.001 0.006 0.001 0.004 0.009 0.186 0.014 0.052 0.021 0.01 0.037 0.003 0.004 0.007 0.003 0.003 0.008 0.031 0.041 0.001 0.001 0.001 0.01 0.003 0.009 0.047 0.002 0.011 0.06 0.118 0.002 0.003 0.036 0.024 0.003 0.001 0.085 0.147 0.1 0.113 0.002 0.106 0.007 0.299 0.057 0.092 0.002 0.002 0.001 0.001 0.003 0.088 0.002 0.132 0.001 0.008 0.001 0.112 0.002 0.003 0.202
0.045 0.053 0.052 0.025 0.168 0.003 0.002 0.027 0.001 0.002 0.001 0.001 1 0.05 0.047 0 0.003 0.001 0.002 0.055 0.005 0.007 0.015 0.057 0.005 0.031 0.001 0.002 0.159 0.002 0.002 0.005 0.034 0.026 0.016 0.001 0.001 0.006 0.002 0.005 0.023 0.001 0.105 0.02 0.006 0.001 0.002 0.013 0.041 0.011 0.053 0.009 0.005 0.005 0.006 0.041 0.007 0.001 0.001 0.001 0.008 0 0.001 0.001 0.003 0.002 0.008 0 0.001 0.003 0.001 0.001 0.006 0.028 0.023 0.001
0.536 0.627 0.646 0.267 0.287 0.23 0.197 0.327 0.002 0.168 0.116 0.012 0.05 1 0.928 0.005 0.227 0.062 0.026 0.771 0.068 0.093 0.197 0.795 0.363 0.381 0.018 0.031 0.296 0.124 0.133 0.245 0.283 0.216 0.003 0.083 0.011 0.053 0.154 0.036 0.179 0.013 0.03 0.041 0.039 0.009 0.145 0.001 0 0.033 0.022 0.002 0.069 0.066 0.039 0.022 0.012 0.007 0.015 0.006 0.002 0.008 0 0.071 0.008 0.024 0 0.009 0.013 0.009 0.002 0.011 0.011 0.025 0 0.015
0.523 0.593 0.611 0.268 0.27 0.216 0.185 0.322 0.001 0.158 0.109 0.012 0.047 0.928 1 0.005 0.216 0.058 0.028 0.767 0.071 0.101 0.21 0.791 0.36 0.403 0.017 0.034 0.278 0.117 0.125 0.275 0.283 0.212 0.003 0.082 0.012 0.053 0.149 0.037 0.177 0.013 0.027 0.036 0.044 0.01 0.14 0 0 0.028 0.02 0.001 0.075 0.072 0.044 0.02 0.016 0.006 0.016 0.005 0.001 0.009 0 0.07 0.01 0.024 0.001 0.01 0.013 0.003 0.003 0.011 0.015 0.023 0 0.017
0.006 0.005 0.005 0.011 0.001 0.001 0.001 0.01 0 0.001 0.001 0.001 0 0.005 0.005 1 0.001 0 0 0.005 0.001 0.036 0.02 0.005 0.002 0.006 0.001 0 0.002 0.001 0.001 0.002 0.009 0.011 0 0.001 0 0.003 0.001 0.002 0.013 0.001 0.003 0.003 0.001 0 0.001 0.004 0.006 0.023 0 0.003 0.001 0.001 0.002 0 0.001 0 0 0 0.002 0 0 0.001 0 0.001 0.002 0 0 0 0 0 0.001 0.001 0 0
0.188 0.209 0.223 0.111 0.018 0.014 0.777 0.117 0.003 0.677 0.48 0.006 0.003 0.227 0.216 0.001 1 0.003 0.009 0.267 0.023 0.035 0.069 0.28 0.554 0.152 0.007 0.01 0.019 0.008 0.008 0.52 0.146 0.11 0.002 0.006 0.001 0.299 0.011 0.212 0.094 0.004 0.021 0.063 0 0.004 0.004 0.118 0.057 0.018 0.003 0 0.018 0.016 0 0.004 0.003 0.001 0.004 0.004 0 0.001 0.004 0.005 0 0.003 0 0.001 0.004 0.003 0 0.003 0.002 0.006 0.007 0.004
0.046 0.056 0.055 0.031 0.004 0.003 0.002 0.033 0.001 0.002 0.001 0.001 0.001 0.062 0.058 0 0.003 1 0.002 0.068 0.006 0.009 0.019 0.071 0.118 0.039 0.002 0.003 0 0.002 0.002 0.117 0.043 0.033 0.001 0.002 0.001 0.006 0.002 0.005 0.029 0.001 0.001 0.022 0.007 0.001 0.002 0.015 0.003 0.002 0.009 0.012 0.007 0.005 0.008 0.006 0.009 0.001 0.001 0.001 0.01 0.001 0.001 0.001 0.004 0.001 0.01 0.001 0.001 0.001 0.001 0.001 0.008 0.003 0.001 0.001
0.041 0.034 0.035 0.074 0.011 0.008 0.007 0.036 0.002 0.006 0.004 0.004 0.002 0.026 0.028 0 0.009 0.002 1 0.034 0.384 0.02 0.12 0.032 0.015 0.057 0.004 0.817 0.011 0.005 0.005 0.015 0.047 0.06 0.002 0.004 0.002 0.016 0.006 0.015 0.07 0.002 0.013 0.083 0.301 0.003 0.006 0.034 0.034 0.03 0.002 0.174 0.267 0.282 0.239 0.003 0.211 0.003 0 0.002 0.125 0.003 0.002 0.003 0.455 0.005 0.183 0.003 0 0.002 0.003 0 0.184 0.004 0.004 0
0.602 0.656 0.715 0.323 0.314 0.251 0.217 0.38 0.01 0.186 0.128 0.009 0.055 0.771 0.767 0.005 0.267 0.068 0.034 1 0.063 0.116 0.22 0.947 0.421 0.492 0.027 0.032 0.297 0.137 0.127 0.327 0.324 0.203 0.002 0.068 0.008 0.037 0.145 0.022 0.155 0.009 0.024 0.029 0.03 0.016 0.135 0 0 0.033 0.026 0.002 0.064 0.066 0.034 0.025 0.009 0.009 0.014 0.011 0 0.008 0.002 0.056 0.004 0.021 0 0.009 0.012 0.007 0.005 0.01 0.009 0.029 0 0.015
0.02 0.012 0.013 0.043 0.028 0.022 0.018 0.098 0.004 0.015 0.011 0.186 0.005 0.068 0.071 0.001 0.023 0.006 0.384 0.063 1 0.049 0.302 0.081 0.038 0.145 0.011 0.453 0.029 0.012 0.012 0.037 0.118 0.155 0.004 0.004 0.004 0.042 0.011 0.037 0.178 0.006 0.037 0.215 0.688 0.005 0.01 0.122 0.087 0.035 0.005 0.449 0.713 0.615 0.602 0.007 0.537 0.108 0.044 0.007 0.352 0.008 0.006 0.004 0.31 0.014 0.473 0.009 0.065 0.004 0.089 0.001 0.475 0.009 0.008 0.085
0.134 0.111 0.113 0.256 0.031 0.025 0.028 0.248 0.002 0.024 0.016 0.014 0.007 0.093 0.101 0.036 0.035 0.009 0.02 0.116 0.049 1 0.407 0.124 0.058 0.215 0.017 0.024 0.044 0.017 0.019 0.03 0.157 0.022 0.006 0.015 0.062 0.063 0.026 0.069 0.032 0.081 0.062 0.009 0.049 0.075 0.025 0.001 0.003 0.109 0 0.069 0.03 0.02 0.028 0 0.041 0.004 0.001 0.009 0.043 0.042 0.002 0.014 0.017 0.018 0.049 0.053 0 0.001 0.005 0.006 0.033 0.002 0.025 0.001
0.15 0.126 0.129 0.328 0.073 0.058 0.055 0.417 0.007 0.047 0.035 0.052 0.015 0.197 0.21 0.02 0.069 0.019 0.12 0.22 0.302 0.407 1 0.255 0.117 0.448 0.035 0.144 0.092 0.037 0.04 0.08 0.34 0.165 0.013 0.022 0.029 0.006 0.045 0.009 0.205 0.033 0.129 0.093 0.217 0.035 0.042 0.073 0.067 0.011 0.003 0.096 0.272 0.253 0.223 0.002 0.167 0.038 0.017 0.001 0.091 0.009 0.009 0.02 0.099 0.039 0.108 0.013 0.032 0.008 0.028 0.009 0.155 0.001 0.002 0.04
0.621 0.676 0.736 0.344 0.309 0.243 0.227 0.402 0.009 0.195 0.134 0.021 0.057 0.795 0.791 0.005 0.28 0.071 0.032 0.947 0.081 0.124 0.255 1 0.443 0.533 0.025 0.037 0.316 0.144 0.134 0.345 0.341 0.23 0.002 0.075 0.007 0.042 0.156 0.025 0.179 0.01 0.022 0.027 0.042 0.015 0.145 0 0 0.034 0.027 0.001 0.082 0.072 0.045 0.027 0.015 0.009 0.014 0.003 0 0.008 0.001 0.062 0.011 0.02 0.001 0.01 0.012 0.007 0.005 0.009 0.015 0.032 0 0.014
0.269 0.268 0.321 0.163 0.03 0.023 0.48 0.193 0.004 0.41 0.28 0.01 0.005 0.363 0.36 0.002 0.554 0.118 0.015 0.421 0.038 0.058 0.117 0.443 1 0.246 0.012 0.018 0.031 0.013 0.013 0.749 0.182 0.131 0.004 0.01 0.003 0.195 0.018 0.142 0.11 0.007 0.044 0.014 0.007 0.007 0 0.049 0.017 0.018 0.004 0.008 0.035 0.03 0.007 0.001 0.002 0.003 0.007 0.006 0.006 0.003 0 0.005 0.003 0.006 0.007 0.004 0.006 0.006 0.001 0.004 0.002 0.002 0.004 0.007
0.338 0.316 0.353 0.646 0.165 0.131 0.122 0.732 0.017 0.104 0.072 0.037 0.031 0.381 0.403 0.006 0.152 0.039 0.057 0.492 0.145 0.215 0.448 0.533 0.246 1 0.047 0.069 0.171 0.079 0.071 0.201 0.75 0.532 0.027 0.038 0.015 0.008 0.082 0.003 0.435 0.017 0.149 0.005 0.103 0.026 0.076 0.027 0.141 0.117 0.013 0.021 0.157 0.14 0.109 0.007 0.069 0.019 0.023 0 0.023 0.016 0.007 0.031 0.04 0.002 0.036 0.019 0.02 0.02 0.014 0.022 0.066 0.007 0 0.026
0.004 0.027 0.028 0 0.009 0.007 0.006 0 0.062 0.005 0.003 0.003 0.001 0.018 0.017 0.001 0.007 0.002 0.004 0.027 0.011 0.017 0.035 0.025 0.012 0.047 1 0.005 0.009 0.004 0.004 0.012 0.043 0.056 0.001 0.003 0.001 0.013 0.005 0.012 0.002 0.002 0.035 0.03 0.013 0.005 0.005 0.005 0.006 0.004 0.001 0.013 0.005 0.004 0.007 0.002 0.006 0.002 0.002 0.002 0.011 0.002 0.048 0.003 0.001 0.145 0.011 0.003 0.002 0.002 0.002 0.001 0.007 0.002 0.003 0.002
0.047 0.039 0.04 0.055 0.013 0.01 0.008 0.024 0.002 0.006 0.004 0.004 0.002 0.031 0.034 0 0.01 0.003 0.817 0.032 0.453 0.024 0.144 0.037 0.018 0.069 0.005 1 0.014 0.006 0.006 0.018 0.058 0.074 0.002 0.004 0.002 0.019 0.008 0.017 0.086 0.003 0.017 0.099 0.363 0.003 0.008 0.035 0.041 0.035 0.003 0.208 0.329 0.285 0.291 0.003 0.255 0.003 0 0.003 0.111 0.004 0.003 0.004 0.559 0.006 0.222 0.004 0 0.003 0.003 0 0.235 0.004 0.005 0
0.243 0.288 0.282 0.122 0.88 0.693 0.015 0.14 0.003 0.013 0.009 0.007 0.159 0.296 0.278 0.002 0.019 0 0.011 0.297 0.029 0.044 0.092 0.316 0.031 0.171 0.009 0.014 1 0.405 0.385 0.031 0.125 0.08 0 0.289 0.003 0.034 0.546 0.028 0.058 0.002 0 0.02 0.033 0.005 0.325 0.043 0.015 0.024 0.086 0.03 0.032 0.03 0.039 0.063 0.013 0.005 0.004 0.028 0.019 0.004 0.005 0.237 0.006 0.011 0.007 0.004 0.004 0.001 0.004 0.004 0.012 0.084 0.009 0.005
0.109 0.13 0.128 0.059 0.414 0.532 0.006 0.064 0.001 0.005 0.004 0.003 0.002 0.124 0.117 0.001 0.008 0.002 0.005 0.137 0.012 0.017 0.037 0.144 0.013 0.079 0.004 0.006 0.405 1 0.944 0.013 0.019 0.01 0.001 0.106 0.001 0.014 0.302 0.012 0.008 0 0.015 0.015 0.013 0.002 0.099 0.032 0.033 0.004 0.021 0.006 0.013 0.012 0.016 0.017 0.016 0.002 0.001 0.001 0.005 0.003 0.002 0.152 0.008 0.005 0 0.003 0.001 0.002 0.001 0.001 0.014 0.054 0 0.002
0.1 0.121 0.118 0.052 0.394 0.508 0.007 0.057 0.001 0.006 0.004 0.003 0.002 0.133 0.125 0.001 0.008 0.002 0.005 0.127 0.012 0.019 0.04 0.134 0.013 0.071 0.004 0.006 0.385 0.944 1 0.014 0.016 0.013 0.001 0.101 0.001 0.008 0.288 0.007 0.01 0 0.015 0.019 0.014 0.002 0.094 0.033 0.026 0.006 0.02 0.005 0.014 0.013 0.017 0.014 0.017 0.002 0.002 0.001 0.004 0.003 0.002 0.145 0.009 0.005 0 0.003 0.001 0.002 0.001 0.002 0.015 0.048 0 0.002
0.191 0.223 0.233 0.115 0.03 0.023 0.442 0.128 0.004 0.374 0.277 0.008 0.005 0.245 0.275 0.002 0.52 0.117 0.015 0.327 0.037 0.03 0.08 0.345 0.749 0.201 0.012 0.018 0.031 0.013 0.014 1 0.237 0.184 0.004 0.01 0.003 0.283 0.018 0.222 0.159 0.007 0.045 0.033 0.007 0.007 0 0.075 0.039 0.025 0.004 0.008 0.034 0.029 0.007 0.006 0.002 0.003 0.007 0.006 0.006 0.008 0.007 0.005 0.003 0.006 0.006 0.009 0.006 0.006 0.001 0.004 0.003 0.008 0.011 0.007
0.251 0.254 0.258 0.551 0.112 0.078 0.12 0.613 0.015 0.101 0.079 0.031 0.034 0.283 0.283 0.009 0.146 0.043 0.047 0.324 0.118 0.157 0.34 0.341 0.182 0.75 0.043 0.058 0.125 0.019 0.016 0.237 1 0.728 0.03 0.071 0.016 0.026 0.126 0.018 0.617 0.023 0.175 0.001 0.093 0.026 0.119 0.008 0.208 0.181 0.015 0.008 0.146 0.13 0.098 0.006 0.058 0.017 0.02 0 0.008 0.026 0.024 0.065 0.036 0.004 0.017 0.028 0.018 0.023 0.013 0.031 0.056 0 0.005 0.022
0.141 0.149 0.152 0.337 0.062 0.039 0.09 0.389 0.013 0.076 0.06 0.041 0.026 0.216 0.212 0.011 0.11 0.033 0.06 0.203 0.155 0.022 0.165 0.23 0.131 0.532 0.056 0.074 0.08 0.01 0.013 0.184 0.728 1 0.023 0.046 0.02 0.217 0.088 0.208 0.838 0.03 0.122 0.029 0.131 0.017 0.092 0 0.356 0.178 0.005 0.028 0.191 0.159 0.131 0.001 0.089 0.024 0.019 0 0.019 0.03 0.031 0.049 0.053 0.001 0.038 0.034 0.015 0.016 0.02 0.024 0.084 0.001 0.008 0.021
0.003 0.002 0.002 0.022 0 0.002 0.002 0.023 0 0.001 0.001 0.001 0.016 0.003 0.003 0 0.002 0.001 0.002 0.002 0.004 0.006 0.013 0.002 0.004 0.027 0.001 0.002 0 0.001 0.001 0.004 0.03 0.023 1 0.001 0 0.005 0.002 0.004 0.02 0.001 0.093 0.017 0.005 0.001 0.002 0.011 0.038 0.009 0 0.008 0.005 0.004 0.006 0 0.007 0.001 0.001 0.001 0.008 0.001 0.001 0.001 0.003 0.002 0.007 0.001 0.001 0.498 0.001 0 0.006 0.001 0.001 0.001
0.058 0.068 0.066 0.023 0.233 0.302 0.005 0.03 0.001 0.004 0.003 0.001 0.001 0.083 0.082 0.001 0.006 0.002 0.004 0.068 0.004 0.015 0.022 0.075 0.01 0.038 0.003 0.004 0.289 0.106 0.101 0.01 0.071 0.046 0.001 1 0.001 0.011 0.534 0.01 0.048 0.002 0.012 0.064 0.011 0.002 0.339 0.003 0.027 0.022 0.072 0.063 0.011 0.01 0.013 0.055 0 0.002 0.002 0.072 0.066 0.002 0.002 0.293 0 0.004 0.055 0.002 0.001 0.002 0.002 0.001 0 0.037 0.001 0.002
0.009 0.008 0.01 0.022 0.003 0.003 0.002 0.02 0 0.002 0.001 0.001 0.001 0.011 0.012 0 0.001 0.001 0.002 0.008 0.004 0.062 0.029 0.007 0.003 0.015 0.001 0.002 0.003 0.001 0.001 0.003 0.016 0.02 0 0.001 1 0.005 0.002 0.004 0.023 0.001 0.005 0.012 0.003 0.001 0.002 0.009 0.011 0.005 0.001 0.007 0.003 0.003 0.004 0.001 0.005 0.001 0.001 0.001 0.006 0.001 0 0.001 0.001 0.001 0.006 0.001 0.001 0.014 0.001 0 0.004 0.001 0.001 0.001
0.018 0.027 0.03 0.001 0.033 0.025 0.241 0.002 0.001 0.185 0.117 0.01 0.006 0.053 0.053 0.003 0.299 0.006 0.016 0.037 0.042 0.063 0.006 0.042 0.195 0.008 0.013 0.019 0.034 0.014 0.008 0.283 0.026 0.217 0.005 0.011 0.005 1 0.02 0.877 0.193 0.007 0.052 0.228 0.043 0.101 0 0.189 0.225 0.011 0.006 0.041 0.042 0.031 0.034 0.008 0.021 0.003 0.002 0.007 0.021 0.007 0.007 0.01 0.008 0.009 0.029 0.002 0.001 0.007 0.001 0.005 0.019 0.01 0.003 0.002
0.121 0.142 0.14 0.056 0.475 0.615 0.009 0.066 0.002 0.008 0.005 0.003 0.002 0.154 0.149 0.001 0.011 0.002 0.006 0.145 0.011 0.026 0.045 0.156 0.018 0.082 0.005 0.008 0.546 0.302 0.288 0.018 0.126 0.088 0.002 0.534 0.002 0.02 1 0.016 0.086 0.003 0.021 0.115 0.019 0.003 0.584 0.014 0.047 0.039 0.035 0.108 0.019 0.018 0.023 0.025 0.003 0.003 0.002 0.047 0.082 0.004 0.003 0.463 0.001 0.007 0.048 0.004 0.002 0.003 0.002 0.002 0.003 0.015 0.003 0.002
0.009 0.018 0.017 0 0.029 0.023 0.266 0 0.001 0.203 0.126 0.009 0.005 0.036 0.037 0.002 0.212 0.005 0.015 0.022 0.037 0.069 0.009 0.025 0.142 0.003 0.012 0.017 0.028 0.012 0.007 0.222 0.018 0.208 0.004 0.01 0.004 0.877 0.016 1 0.186 0.006 0.045 0.214 0.038 0.115 0.015 0.162 0.271 0.01 0.006 0.066 0.037 0.027 0.038 0.007 0.044 0.003 0.002 0.006 0.041 0.006 0.007 0.007 0.025 0.007 0.05 0.006 0.001 0.006 0.003 0.004 0.044 0.009 0.007 0.002
0.12 0.108 0.11 0.377 0.043 0.024 0.077 0.436 0.001 0.064 0.051 0.047 0.023 0.179 0.177 0.013 0.094 0.029 0.07 0.155 0.178 0.032 0.205 0.179 0.11 0.435 0.002 0.086 0.058 0.008 0.01 0.159 0.617 0.838 0.02 0.048 0.023 0.193 0.086 0.186 1 0.034 0.212 0.015 0.157 0.014 0.081 0.001 0.45 0.224 0.008 0.044 0.222 0.187 0.159 0.002 0.109 0.028 0.022 0 0.032 0.035 0.013 0.043 0.067 0.046 0.055 0.039 0.018 0.014 0.023 0.021 0.106 0.001 0.01 0.025
0.014 0.011 0.012 0.027 0.002 0.001 0.003 0.025 0 0.003 0.002 0.002 0.001 0.013 0.013 0.001 0.004 0.001 0.002 0.009 0.006 0.081 0.033 0.01 0.007 0.017 0.002 0.003 0.002 0 0 0.007 0.023 0.03 0.001 0.002 0.001 0.007 0.003 0.006 0.034 1 0.006 0.02 0.005 0.001 0.003 0.012 0.015 0.045 0.001 0.01 0.005 0.004 0.002 0.001 0.008 0.001 0.001 0.001 0.009 0.373 0.001 0.002 0.003 0.001 0.009 0.347 0.001 0.001 0.001 0.001 0.006 0 0.018 0.001
0.007 0.031 0.032 0.217 0 0.027 0.023 0.235 0.005 0.019 0.013 0.011 0.105 0.03 0.027 0.003 0.021 0.001 0.013 0.024 0.037 0.062 0.129 0.022 0.044 0.149 0.035 0.017 0 0.015 0.015 0.045 0.175 0.122 0.093 0.012 0.005 0.052 0.021 0.045 0.212 0.006 1 0.185 0.052 0.008 0.02 0.108 0.42 0.089 0.006 0.09 0.052 0.048 0.062 0.003 0.066 0.008 0.008 0.007 0.08 0.005 0.008 0.011 0.031 0.215 0.081 0.006 0.007 0.094 0.009 0.095 0.062 0 0.001 0.008
0.049 0.062 0.064 0 0.015 0.043 0.05 0.004 0.011 0.036 0.021 0.06 0.02 0.041 0.036 0.003 0.063 0.022 0.083 0.029 0.215 0.009 0.093 0.027 0.014 0.005 0.03 0.099 0.02 0.015 0.019 0.033 0.001 0.029 0.017 0.064 0.012 0.228 0.115 0.214 0.015 0.02 0.185 1 0.208 0.042 0.109 0.327 0 0.086 0 0.338 0.22 0.182 0.166 0.002 0.213 0.045 0.025 0.04 0.275 0.026 0.023 0.052 0.105 0.044 0.27 0.029 0.02 0.024 0.049 0.017 0.191 0.008 0.032 0.024
0.004 0.003 0.003 0.03 0.031 0.024 0 0.062 0.005 0.001 0.005 0.118 0.006 0.039 0.044 0.001 0 0.007 0.301 0.03 0.688 0.049 0.217 0.042 0.007 0.103 0.013 0.363 0.033 0.013 0.014 0.007 0.093 0.131 0.005 0.011 0.003 0.043 0.019 0.038 0.157 0.005 0.052 0.208 1 0.007 0.019 0.182 0.117 0.036 0.006 0.575 0.779 0.692 0.817 0.008 0.726 0.138 0.062 0.016 0.458 0.009 0.008 0.01 0.255 0.016 0.551 0.01 0.082 0.007 0.126 0.005 0.651 0.011 0.013 0.1
0.006 0.014 0.014 0.032 0.005 0.004 0.004 0.033 0.002 0.003 0.002 0.002 0.001 0.009 0.01 0 0.004 0.001 0.003 0.016 0.005 0.075 0.035 0.015 0.007 0.026 0.005 0.003 0.005 0.002 0.002 0.007 0.026 0.017 0.001 0.002 0.001 0.101 0.003 0.115 0.014 0.001 0.008 0.042 0.007 1 0.003 0.001 0.017 0.03 0.001 0.013 0.007 0.007 0.009 0.001 0.01 0.001 0.001 0.001 0.004 0 0.001 0.002 0.005 0.003 0.011 0 0.001 0.001 0.001 0.001 0.009 0.002 0 0.001
0.112 0.117 0.13 0.055 0.267 0.352 0.008 0.061 0.002 0.007 0.004 0.003 0.002 0.145 0.14 0.001 0.004 0.002 0.006 0.135 0.01 0.025 0.042 0.145 0 0.076 0.005 0.008 0.325 0.099 0.094 0 0.119 0.092 0.002 0.339 0.002 0 0.584 0.015 0.081 0.003 0.02 0.109 0.019 0.003 1 0 0.045 0.037 0.002 0.222 0.019 0.018 0.013 0.003 0.006 0.003 0.003 0.061 0.178 0.004 0.003 0.497 0.007 0.006 0.122 0.004 0.003 0.003 0 0.002 0.006 0.004 0.005 0.003
0.002 0.005 0.006 0.018 0.052 0.037 0.098 0.03 0 0.075 0.048 0.036 0.013 0.001 0 0.004 0.118 0.015 0.034 0 0.122 0.001 0.073 0 0.049 0.027 0.005 0.035 0.043 0.032 0.033 0.075 0.008 0 0.011 0.003 0.009 0.189 0.014 0.162 0.001 0.012 0.108 0.327 0.182 0.001 0 1 0.002 0.039 0.015 0.159 0.193 0.189 0.199 0.018 0.206 0.051 0.016 0.01 0.183 0.012 0.003 0.002 0.073 0.037 0.163 0.014 0.026 0.016 0.036 0.005 0.201 0.025 0.024 0.042
0 0.001 0.001 0.158 0.017 0.06 0.076 0.179 0.011 0.054 0.031 0.024 0.041 0 0 0.006 0.057 0.003 0.034 0 0.087 0.003 0.067 0 0.017 0.141 0.006 0.041 0.015 0.033 0.026 0.039 0.208 0.356 0.038 0.027 0.011 0.225 0.047 0.271 0.45 0.015 0.42 0 0.117 0.017 0.045 0.002 1 0.121 0 0.202 0.116 0.107 0.139 0 0.152 0.019 0.017 0.016 0.179 0.015 0.017 0.025 0.069 0.137 0.18 0.017 0.015 0.039 0.02 0.044 0.139 0.004 0.001 0.018
0.036 0.029 0.028 0.142 0.016 0.008 0.016 0.178 0.018 0.021 0.017 0.003 0.011 0.033 0.028 0.023 0.018 0.002 0.03 0.033 0.035 0.109 0.011 0.034 0.018 0.117 0.004 0.035 0.024 0.004 0.006 0.025 0.181 0.178 0.009 0.022 0.005 0.011 0.039 0.01 0.224 0.045 0.089 0.086 0.036 0.03 0.037 0.039 0.121 1 0.012 0.092 0.035 0.029 0.043 0.004 0.058 0.006 0 0.013 0.066 0.054 0.044 0.02 0.05 0.029 0.076 0.063 0.007 0.013 0.002 0.01 0.063 0.001 0.034 0.008
0.019 0.024 0.024 0.006 0.062 0.025 0.003 0.01 0.001 0.002 0.002 0.001 0.053 0.022 0.02 0 0.003 0.009 0.002 0.026 0.005 0 0.003 0.027 0.004 0.013 0.001 0.003 0.086 0.021 0.02 0.004 0.015 0.005 0 0.072 0.001 0.006 0.035 0.006 0.008 0.001 0.006 0 0.006 0.001 0.002 0.015 0 0.012 1 0.011 0.006 0.006 0.008 0.804 0.009 0.001 0.001 0.001 0.01 0.001 0.001 0.001 0.004 0.002 0.01 0.001 0.001 0 0.001 0.001 0.008 0.571 0.065 0.001
0.016 0.021 0.023 0.001 0.021 0.045 0.003 0.01 0.008 0.001 0 0.085 0.009 0.002 0.001 0.003 0 0.012 0.174 0.002 0.449 0.069 0.096 0.001 0.008 0.021 0.013 0.208 0.03 0.006 0.005 0.008 0.008 0.028 0.008 0.063 0.007 0.041 0.108 0.066 0.044 0.01 0.09 0.338 0.575 0.013 0.222 0.159 0.202 0.092 0.011 1 0.575 0.499 0.611 0.014 0.718 0.092 0.031 0.081 0.81 0.016 0.013 0.11 0.323 0.028 0.832 0.018 0.05 0.012 0.101 0.009 0.643 0.018 0.022 0.063
0.017 0.015 0.016 0.056 0.031 0.024 0.014 0.104 0.005 0.011 0.007 0.147 0.005 0.069 0.075 0.001 0.018 0.007 0.267 0.064 0.713 0.03 0.272 0.082 0.035 0.157 0.005 0.329 0.032 0.013 0.014 0.034 0.146 0.191 0.005 0.011 0.003 0.042 0.019 0.037 0.222 0.005 0.052 0.22 0.779 0.007 0.019 0.193 0.116 0.035 0.006 0.575 1 0.851 0.827 0.008 0.735 0.16 0.062 0.027 0.48 0.009 0.007 0.01 0.366 0.016 0.574 0.01 0.092 0.007 0.147 0.005 0.657 0.011 0.012 0.115
0.011 0.01 0.01 0.057 0.028 0.022 0.013 0.107 0.004 0.01 0.006 0.1 0.005 0.066 0.072 0.001 0.016 0.005 0.282 0.066 0.615 0.02 0.253 0.072 0.03 0.14 0.004 0.285 0.03 0.012 0.013 0.029 0.13 0.159 0.004 0.01 0.003 0.031 0.018 0.027 0.187 0.004 0.048 0.182 0.692 0.007 0.018 0.189 0.107 0.029 0.006 0.499 0.851 1 0.751 0.007 0.667 0.175 0.093 0.001 0.496 0.008 0.007 0.009 0.272 0.015 0.517 0.009 0.131 0.006 0.16 0.005 0.585 0.01 0.011 0.156
0.006 0.004 0.004 0.038 0.037 0.028 0 0.074 0.006 0 0.003 0.113 0.006 0.039 0.044 0.002 0 0.008 0.239 0.034 0.602 0.028 0.223 0.045 0.007 0.109 0.007 0.291 0.039 0.016 0.017 0.007 0.098 0.131 0.006 0.013 0.004 0.034 0.023 0.038 0.159 0.002 0.062 0.166 0.817 0.009 0.013 0.199 0.139 0.043 0.008 0.611 0.827 0.751 1 0.009 0.827 0.135 0.072 0.021 0.541 0.005 0.009 0.012 0.352 0.019 0.636 0.006 0.095 0.008 0.123 0.006 0.736 0.012 0.015 0.12
0.018 0.024 0.023 0.005 0.045 0.017 0.004 0.009 0.001 0.003 0.002 0.002 0.041 0.022 0.02 0 0.004 0.006 0.003 0.025 0.007 0 0.002 0.027 0.001 0.007 0.002 0.003 0.063 0.017 0.014 0.006 0.006 0.001 0 0.055 0.001 0.008 0.025 0.007 0.002 0.001 0.003 0.002 0.008 0.001 0.003 0.018 0 0.004 0.804 0.014 0.008 0.007 0.009 1 0.011 0.001 0.001 0.001 0.012 0.001 0.001 0.002 0.005 0.003 0.012 0.002 0.001 0 0.001 0.001 0.009 0.691 0.101 0.001
0 0 0 0.016 0.011 0.005 0.001 0.039 0.006 0 0.001 0.106 0.007 0.012 0.016 0.001 0.003 0.009 0.211 0.009 0.537 0.041 0.167 0.015 0.002 0.069 0.006 0.255 0.013 0.016 0.017 0.002 0.058 0.089 0.007 0 0.005 0.021 0.003 0.044 0.109 0.008 0.066 0.213 0.726 0.01 0.006 0.206 0.152 0.058 0.009 0.718 0.735 0.667 0.827 0.011 1 0.117 0.068 0.104 0.655 0.012 0.01 0.013 0.418 0.018 0.733 0.014 0.097 0.009 0.127 0.007 0.879 0.014 0.017 0.116
0.026 0.033 0.032 0.01 0.005 0.003 0 0.02 0.001 0 0 0.007 0.001 0.007 0.006 0 0.001 0.001 0.003 0.009 0.108 0.004 0.038 0.009 0.003 0.019 0.002 0.003 0.005 0.002 0.002 0.003 0.017 0.024 0.001 0.002 0.001 0.003 0.003 0.003 0.028 0.001 0.008 0.045 0.138 0.001 0.003 0.051 0.019 0.006 0.001 0.092 0.16 0.175 0.135 0.001 0.117 1 0.006 0.001 0.093 0.001 0.001 0.002 0.001 0.003 0.088 0.002 0.007 0.001 0.362 0.001 0.061 0.002 0.002 0.005
0.016 0.013 0.013 0.026 0.003 0.002 0.003 0.024 0.001 0.002 0.002 0.299 0.001 0.015 0.016 0 0.004 0.001 0 0.014 0.044 0.001 0.017 0.014 0.007 0.023 0.002 0 0.004 0.001 0.002 0.007 0.02 0.019 0.001 0.002 0.001 0.002 0.002 0.002 0.022 0.001 0.008 0.025 0.062 0.001 0.003 0.016 0.017 0 0.001 0.031 0.062 0.093 0.072 0.001 0.068 0.006 1 0.001 0.058 0.001 0.001 0.002 0.004 0.002 0.051 0.002 0.308 0.001 0 0.001 0.07 0.002 0.002 0.472
0.008 0.002 0.002 0 0.028 0.04 0.003 0 0.001 0.003 0.002 0.057 0.001 0.006 0.005 0 0.004 0.001 0.002 0.011 0.007 0.009 0.001 0.003 0.006 0 0.002 0.003 0.028 0.001 0.001 0.006 0 0 0.001 0.072 0.001 0.007 0.047 0.006 0 0.001 0.007 0.04 0.016 0.001 0.061 0.01 0.016 0.013 0.001 0.081 0.027 0.001 0.021 0.001 0.104 0.001 0.001 1 0.082 0.001 0.001 0.001 0.034 0.002 0.041 0.001 0.001 0.001 0.001 0.001 0.1 0.001 0.002 0.001
0.013 0.016 0.018 0.004 0.012 0.029 0.003 0.016 0.007 0.001 0 0.092 0.008 0.002 0.001 0.002 0 0.01 0.125 0 0.352 0.043 0.091 0 0.006 0.023 0.011 0.111 0.019 0.005 0.004 0.006 0.008 0.019 0.008 0.066 0.006 0.021 0.082 0.041 0.032 0.009 0.08 0.275 0.458 0.004 0.178 0.183 0.179 0.066 0.01 0.81 0.48 0.496 0.541 0.012 0.655 0.093 0.058 0.082 1 0.014 0.012 0.123 0.232 0.024 0.802 0.016 0.084 0.01 0.102 0.008 0.591 0.017 0.019 0.101
0.01 0.008 0.008 0.024 0.004 0.005 0 0.025 0.001 0 0.002 0.002 0 0.008 0.009 0 0.001 0.001 0.003 0.008 0.008 0.042 0.009 0.008 0.003 0.016 0.002 0.004 0.004 0.003 0.003 0.008 0.026 0.03 0.001 0.002 0.001 0.007 0.004 0.006 0.035 0.373 0.005 0.026 0.009 0 0.004 0.012 0.015 0.054 0.001 0.016 0.009 0.008 0.005 0.001 0.012 0.001 0.001 0.001 0.014 1 0.001 0.002 0.005 0.003 0.014 0.913 0.001 0.001 0.002 0.001 0.011 0.002 0.068 0.001
0.001 0.01 0 0.007 0.005 0.004 0.003 0.01 0.357 0.003 0.002 0.002 0.001 0 0 0 0.004 0.001 0.002 0.002 0.006 0.002 0.009 0.001 0 0.007 0.048 0.003 0.005 0.002 0.002 0.007 0.024 0.031 0.001 0.002 0 0.007 0.003 0.007 0.013 0.001 0.008 0.023 0.008 0.001 0.003 0.003 0.017 0.044 0.001 0.013 0.007 0.007 0.009 0.001 0.01 0.001 0.001 0.001 0.012 0.001 1 0.002 0.004 0.002 0.012 0.002 0.001 0.001 0.001 0.001 0.009 0.002 0.002 0.001
0.041 0.049 0.048 0.021 0.176 0.23 0.004 0.024 0.001 0.003 0.002 0.001 0.001 0.071 0.07 0.001 0.005 0.001 0.003 0.056 0.004 0.014 0.02 0.062 0.005 0.031 0.003 0.004 0.237 0.152 0.145 0.005 0.065 0.049 0.001 0.293 0.001 0.01 0.463 0.007 0.043 0.002 0.011 0.052 0.01 0.002 0.497 0.002 0.025 0.02 0.001 0.11 0.01 0.009 0.012 0.002 0.013 0.002 0.002 0.001 0.123 0.002 0.002 1 0.003 0.003 0.08 0.002 0.001 0.001 0.001 0.001 0.012 0.002 0.003 0.002
0.021 0.016 0.015 0.034 0.006 0.003 0.012 0.016 0.003 0.009 0.006 0.001 0.003 0.008 0.01 0 0 0.004 0.455 0.004 0.31 0.017 0.099 0.011 0.003 0.04 0.001 0.559 0.006 0.008 0.009 0.003 0.036 0.053 0.003 0 0.001 0.008 0.001 0.025 0.067 0.003 0.031 0.105 0.255 0.005 0.007 0.073 0.069 0.05 0.004 0.323 0.366 0.272 0.352 0.005 0.418 0.001 0.004 0.034 0.232 0.005 0.004 0.003 1 0.009 0.361 0.006 0.004 0.004 0.005 0.003 0.404 0.006 0.007 0.003
0.001 0.022 0.022 0.049 0.011 0.008 0.002 0.054 0.002 0.001 0.004 0.003 0.002 0.024 0.024 0.001 0.003 0.001 0.005 0.021 0.014 0.018 0.039 0.02 0.006 0.002 0.145 0.006 0.011 0.005 0.005 0.006 0.004 0.001 0.002 0.004 0.001 0.009 0.007 0.007 0.046 0.001 0.215 0.044 0.016 0.003 0.006 0.037 0.137 0.029 0.002 0.028 0.016 0.015 0.019 0.003 0.018 0.003 0.002 0.002 0.024 0.003 0.002 0.003 0.009 1 0.025 0.003 0.002 0.002 0.003 0.002 0.019 0.003 0 0.003
0.002 0.007 0.008 0.006 0.003 0.012 0.003 0.019 0.007 0.001 0 0.088 0.008 0 0.001 0.002 0 0.01 0.183 0 0.473 0.049 0.108 0.001 0.007 0.036 0.011 0.222 0.007 0 0 0.006 0.017 0.038 0.007 0.055 0.006 0.029 0.048 0.05 0.055 0.009 0.081 0.27 0.551 0.011 0.122 0.163 0.18 0.076 0.01 0.832 0.574 0.517 0.636 0.012 0.733 0.088 0.051 0.041 0.802 0.014 0.012 0.08 0.361 0.025 1 0.016 0.084 0.011 0.113 0.008 0.661 0.016 0.016 0.092
0.012 0.009 0.009 0.028 0.004 0.005 0.001 0.028 0.001 0 0.003 0.002 0 0.009 0.01 0 0.001 0.001 0.003 0.009 0.009 0.053 0.013 0.01 0.004 0.019 0.003 0.004 0.004 0.003 0.003 0.009 0.028 0.034 0.001 0.002 0.001 0.002 0.004 0.006 0.039 0.347 0.006 0.029 0.01 0 0.004 0.014 0.017 0.063 0.001 0.018 0.01 0.009 0.006 0.002 0.014 0.002 0.002 0.001 0.016 0.913 0.002 0.002 0.006 0.003 0.016 1 0.001 0.001 0.002 0.001 0.012 0.002 0.103 0.002
0.007 0.005 0.006 0.016 0.003 0.002 0.002 0.022 0.001 0.002 0.002 0.132 0.001 0.013 0.013 0 0.004 0.001 0 0.012 0.065 0 0.032 0.012 0.006 0.02 0.002 0 0.004 0.001 0.001 0.006 0.018 0.015 0.001 0.001 0.001 0.001 0.002 0.001 0.018 0.001 0.007 0.02 0.082 0.001 0.003 0.026 0.015 0.007 0.001 0.05 0.092 0.131 0.095 0.001 0.097 0.007 0.308 0.001 0.084 0.001 0.001 0.001 0.004 0.002 0.084 0.001 1 0.001 0.001 0.001 0.099 0.001 0.002 0.64
0.003 0.008 0.008 0.015 0.001 0.003 0.003 0.016 0.001 0.002 0.001 0.001 0.003 0.009 0.003 0 0.003 0.001 0.002 0.007 0.004 0.001 0.008 0.007 0.006 0.02 0.002 0.003 0.001 0.002 0.002 0.006 0.023 0.016 0.498 0.002 0.014 0.007 0.003 0.006 0.014 0.001 0.094 0.024 0.007 0.001 0.003 0.016 0.039 0.013 0 0.012 0.007 0.006 0.008 0 0.009 0.001 0.001 0.001 0.01 0.001 0.001 0.001 0.004 0.002 0.011 0.001 0.001 1 0.001 0.001 0.008 0.001 0.002 0.001
0.02 0.02 0.026 0.008 0.004 0.002 0 0.008 0.001 0 0 0.008 0.001 0.002 0.003 0 0 0.001 0.003 0.005 0.089 0.005 0.028 0.005 0.001 0.014 0.002 0.003 0.004 0.001 0.001 0.001 0.013 0.02 0.001 0.002 0.001 0.001 0.002 0.003 0.023 0.001 0.009 0.049 0.126 0.001 0 0.036 0.02 0.002 0.001 0.101 0.147 0.16 0.123 0.001 0.127 0.362 0 0.001 0.102 0.002 0.001 0.001 0.005 0.003 0.113 0.002 0.001 0.001 1 0.001 0.082 0.002 0.002 0.001
0.003 0.01 0.01 0.017 0.003 0.003 0.002 0.018 0 0.002 0.001 0.001 0.001 0.011 0.011 0 0.003 0.001 0 0.01 0.001 0.006 0.009 0.009 0.004 0.022 0.001 0 0.004 0.001 0.002 0.004 0.031 0.024 0 0.001 0 0.005 0.002 0.004 0.021 0.001 0.095 0.017 0.005 0.001 0.002 0.005 0.044 0.01 0.001 0.009 0.005 0.005 0.006 0.001 0.007 0.001 0.001 0.001 0.008 0.001 0.001 0.001 0.003 0.002 0.008 0.001 0.001 0.001 0.001 1 0.006 0.001 0.001 0.001
0.001 0 0 0.021 0.011 0.005 0.002 0.036 0.006 0 0 0.112 0.006 0.011 0.015 0.001 0.002 0.008 0.184 0.009 0.475 0.033 0.155 0.015 0.002 0.066 0.007 0.235 0.012 0.014 0.015 0.003 0.056 0.084 0.006 0 0.004 0.019 0.003 0.044 0.106 0.006 0.062 0.191 0.651 0.009 0.006 0.201 0.139 0.063 0.008 0.643 0.657 0.585 0.736 0.009 0.879 0.061 0.07 0.1 0.591 0.011 0.009 0.012 0.404 0.019 0.661 0.012 0.099 0.008 0.082 0.006 1 0.013 0.015 0.125
0.019 0.026 0.025 0.004 0.062 0.036 0.005 0.007 0.001 0.004 0.003 0.002 0.028 0.025 0.023 0.001 0.006 0.003 0.004 0.029 0.009 0.002 0.001 0.032 0.002 0.007 0.002 0.004 0.084 0.054 0.048 0.008 0 0.001 0.001 0.037 0.001 0.01 0.015 0.009 0.001 0 0 0.008 0.011 0.002 0.004 0.025 0.004 0.001 0.571 0.018 0.011 0.01 0.012 0.691 0.014 0.002 0.002 0.001 0.017 0.002 0.002 0.002 0.006 0.003 0.016 0.002 0.001 0.001 0.002 0.001 0.013 1 0.135 0.002
0 0 0 0.003 0.004 0 0.005 0.001 0.001 0.005 0.003 0.003 0.023 0 0 0 0.007 0.001 0.004 0 0.008 0.025 0.002 0 0.004 0 0.003 0.005 0.009 0 0 0.011 0.005 0.008 0.001 0.001 0.001 0.003 0.003 0.007 0.01 0.018 0.001 0.032 0.013 0 0.005 0.024 0.001 0.034 0.065 0.022 0.012 0.011 0.015 0.101 0.017 0.002 0.002 0.002 0.019 0.068 0.002 0.003 0.007 0 0.016 0.103 0.002 0.002 0.002 0.001 0.015 0.135 1 0.002
0.01 0.008 0.008 0.021 0.004 0.003 0.003 0.027 0.001 0.002 0.002 0.202 0.001 0.015 0.017 0 0.004 0.001 0 0.015 0.085 0.001 0.04 0.014 0.007 0.026 0.002 0 0.005 0.002 0.002 0.007 0.022 0.021 0.001 0.002 0.001 0.002 0.002 0.002 0.025 0.001 0.008 0.024 0.1 0.001 0.003 0.042 0.018 0.008 0.001 0.063 0.115 0.156 0.12 0.001 0.116 0.005 0.472 0.001 0.101 0.001 0.001 0.002 0.003 0.003 0.092 0.002 0.64 0.001 0.001 0.001 0.125 0.002 0.002 1
