1 0.812 0.815 0.398 0.167 0.129 0.227 0.184 0.013 0.214 0.102 0.027 0.027 0.38 0.409 0.009 0.236 0.009 0.031 0.458 0.001 0.141 0.086 0.494 0.259 0.222 0.01 0.035 0.148 0.06 0.037 0.212 0.173 0.082 0 0.06 0.009 0.031 0.086 0.017 0.063 0.024 0.021 0.088 0.008 0.003 0.061 0.033 0 0.046 0.013 0.031 0.001 0.001 0.004 0.016 0.009 0.079 0.012 0.006 0.022 0.005 0.009 0.028 0.009 0.011 0.019 0.006 0.006 0 0.039 0.004 0.006 0.019 0.002 0.007
0.812 1 0.96 0.373 0.205 0.158 0.279 0.152 0.011 0.262 0.125 0.022 0.033 0.465 0.445 0.007 0.262 0.012 0.026 0.541 0.005 0.117 0.056 0.582 0.297 0.202 0.035 0.029 0.184 0.074 0.048 0.246 0.152 0.07 0.007 0.075 0.007 0.038 0.109 0.029 0.045 0.019 0.062 0.123 0.018 0.008 0.056 0.053 0.003 0.033 0.018 0.047 0 0 0.013 0.022 0.016 0.099 0.009 0.005 0.035 0.003 0.007 0.035 0.006 0.029 0.033 0.003 0.004 0.018 0.044 0.01 0.011 0.026 0.001 0.005
0.815 0.96 1 0.38 0.2 0.155 0.273 0.159 0.011 0.257 0.122 0.022 0.032 0.479 0.459 0.008 0.285 0.012 0.026 0.56 0.005 0.113 0.055 0.602 0.319 0.22 0.036 0.03 0.18 0.072 0.046 0.264 0.167 0.079 0.007 0.074 0.011 0.045 0.106 0.028 0.053 0.02 0.059 0.128 0.017 0.008 0.076 0.058 0.003 0.035 0.018 0.053 0 0 0.011 0.022 0.02 0.097 0.009 0.005 0.04 0.003 0.007 0.035 0.004 0.029 0.038 0.004 0.004 0.018 0.051 0.011 0.014 0.025 0.001 0.005
0.398 0.373 0.38 1 0.069 0.051 0.114 0.686 0.027 0.107 0.051 0.053 0.014 0.172 0.177 0.018 0.118 0.01 0.063 0.221 0.013 0.312 0.314 0.248 0.142 0.538 0 0.066 0.056 0.03 0.013 0.094 0.469 0.252 0.02 0.02 0.028 0 0.03 0.001 0.323 0.054 0.238 0.001 0.007 0.025 0.025 0.004 0.194 0.168 0.008 0.002 0.037 0.041 0.016 0.009 0.008 0.035 0.019 0 0.003 0.024 0.024 0.009 0.039 0.066 0.003 0.026 0.014 0.023 0.008 0.019 0.011 0.009 0.008 0.014
0.167 0.205 0.2 0.069 1 0.773 0.012 0.091 0.002 0.011 0.005 0.004 0.162 0.198 0.185 0.001 0.013 0.001 0.005 0.234 0.018 0.02 0.048 0.235 0.02 0.105 0.007 0.006 0.83 0.359 0.279 0.019 0.078 0.047 0 0.294 0.002 0.021 0.483 0.019 0.031 0.004 0.001 0.019 0.02 0.003 0.158 0.044 0.016 0.01 0.139 0.003 0.019 0.019 0.025 0.115 0.007 0.005 0.003 0.048 0 0.003 0.003 0.063 0.002 0.006 0 0.003 0.002 0.002 0.003 0.002 0.008 0.136 0.002 0.003
0.129 0.158 0.155 0.051 0.773 1 0.009 0.08 0.002 0.009 0.004 0.003 0.001 0.169 0.159 0.001 0.01 0.001 0.004 0.198 0.014 0.021 0.044 0.199 0.015 0.091 0.006 0.005 0.703 0.464 0.365 0.014 0.065 0.039 0.002 0.384 0.002 0.016 0.631 0.014 0.024 0.003 0.019 0.047 0.015 0.002 0.212 0.032 0.041 0.01 0.135 0.011 0.014 0.014 0.019 0.112 0.003 0.004 0.002 0.064 0.004 0.004 0.003 0.085 0.001 0.004 0.004 0.004 0.002 0.003 0.002 0.002 0.004 0.137 0 0.002
0.227 0.279 0.273 0.114 0.012 0.009 1 0.125 0.003 0.94 0.448 0.006 0.002 0.291 0.273 0.002 0.734 0.001 0.007 0.344 0.022 0.04 0.079 0.349 0.587 0.161 0.01 0.008 0.013 0.004 0.005 0.517 0.133 0.082 0.003 0.005 0.003 0.189 0.009 0.206 0.077 0.006 0.027 0.028 0.004 0.004 0.007 0.104 0.041 0.042 0.004 0 0.027 0.027 0.001 0.005 0 0.007 0.002 0.002 0 0.001 0.004 0.003 0.014 0.006 0 0.001 0.002 0.006 0.009 0.003 0 0.005 0.005 0.002
0.184 0.152 0.159 0.686 0.091 0.08 0.125 1 0.021 0.117 0.063 0.043 0.017 0.259 0.253 0.015 0.133 0.013 0.025 0.296 0.131 0.275 0.515 0.326 0.176 0.683 0.001 0.028 0.088 0.037 0.018 0.116 0.593 0.356 0.025 0.036 0.022 0.002 0.049 0 0.451 0.043 0.286 0.014 0.056 0.027 0.033 0.021 0.245 0.229 0.019 0.03 0.134 0.14 0.076 0.02 0.044 0.042 0.018 0.001 0.036 0.017 0.03 0.016 0.03 0.083 0.027 0.019 0.018 0.03 0.028 0.024 0.039 0.019 0.002 0.018
0.013 0.011 0.011 0.027 0.002 0.002 0.003 0.021 1 0.003 0.001 0.001 0 0.004 0 0 0.003 0 0.001 0.009 0.005 0.008 0.016 0.008 0.005 0.018 0.234 0.002 0.002 0.001 0.001 0.005 0.017 0.023 0.001 0.001 0.001 0.005 0.002 0.005 0.013 0.001 0.007 0.018 0.006 0.001 0.001 0.002 0.014 0.034 0.001 0.009 0.006 0.006 0.007 0.001 0.008 0.001 0.001 0 0.009 0.001 0.639 0.001 0.003 0.002 0.009 0.001 0.001 0.001 0.002 0.001 0.007 0.001 0.001 0.001
0.214 0.262 0.257 0.107 0.011 0.009 0.94 0.117 0.003 1 0.477 0.006 0.002 0.273 0.256 0.002 0.702 0.001 0.007 0.323 0.02 0.038 0.074 0.327 0.55 0.151 0.009 0.008 0.012 0.004 0.005 0.48 0.122 0.075 0.003 0.005 0.003 0.163 0.008 0.177 0.071 0.006 0.025 0.022 0.005 0.004 0.007 0.093 0.033 0.043 0.004 0 0.025 0.025 0.002 0.005 0 0.007 0.002 0.002 0 0.002 0.004 0.003 0.013 0.006 0 0.001 0.002 0.005 0.008 0.003 0.001 0.005 0.004 0.002
0.102 0.125 0.122 0.051 0.005 0.004 0.448 0.063 0.001 0.477 1 0.003 0.001 0.134 0.125 0.001 0.396 0.001 0.003 0.159 0.011 0.018 0.037 0.161 0.27 0.075 0.004 0.004 0.006 0.002 0.002 0.282 0.08 0.046 0.001 0.002 0.001 0.039 0.004 0.041 0.05 0.003 0.008 0.001 0.028 0.002 0.003 0.048 0.004 0.022 0.002 0.015 0.013 0.013 0.021 0.002 0.011 0.003 0.002 0.001 0.014 0.003 0.002 0.013 0.006 0.004 0.014 0.003 0.002 0.003 0.004 0.001 0.013 0.002 0.003 0.002
0.027 0.022 0.022 0.053 0.004 0.003 0.006 0.043 0.001 0.006 0.003 1 0.001 0.008 0.007 0.001 0.007 0.001 0.003 0.002 0.182 0.014 0.048 0.017 0.009 0.035 0.004 0.003 0.005 0.002 0.002 0.001 0.027 0.037 0.001 0 0.001 0.01 0.001 0.009 0.044 0.002 0.013 0.06 0.077 0.001 0 0.043 0.028 0.003 0.002 0.083 0.127 0.093 0.083 0.002 0.09 0 0.242 0.033 0.059 0.002 0.002 0 0.003 0.004 0.084 0.002 0.069 0.002 0.021 0.001 0.067 0.002 0.002 0.142
0.027 0.033 0.032 0.014 0.162 0.001 0.002 0.017 0 0.002 0.001 0.001 1 0.037 0.034 0 0.002 0 0.001 0.043 0.003 0.005 0.01 0.044 0.003 0.019 0.001 0.001 0.136 0.001 0.001 0.003 0.018 0.013 0.002 0.001 0 0.003 0.001 0.003 0.011 0.001 0.047 0.012 0.004 0 0.001 0.009 0.021 0.004 0.013 0.006 0.004 0.004 0.005 0.01 0.005 0.001 0.001 0 0.006 0 0.001 0 0.002 0.001 0.006 0 0 0 0.001 0 0.005 0.009 0.006 0.001
0.38 0.465 0.479 0.172 0.198 0.169 0.291 0.259 0.004 0.273 0.134 0.008 0.037 1 0.865 0.007 0.319 0.026 0.009 0.73 0.048 0.094 0.178 0.779 0.447 0.302 0.025 0.012 0.206 0.078 0.099 0.33 0.235 0.181 0.006 0.09 0.01 0.103 0.125 0.076 0.15 0.02 0.049 0.073 0.01 0.005 0.092 0.014 0.001 0.062 0.043 0.002 0.052 0.063 0.011 0.047 0.002 0.021 0.014 0.019 0.002 0.002 0.008 0.049 0.002 0.016 0.001 0.002 0.011 0.017 0.009 0.01 0.001 0.052 0 0.013
0.409 0.445 0.459 0.177 0.185 0.159 0.273 0.253 0 0.256 0.125 0.007 0.034 0.865 1 0.007 0.299 0.025 0.01 0.686 0.048 0.103 0.19 0.733 0.421 0.291 0.012 0.013 0.193 0.074 0.093 0.313 0.231 0.174 0.007 0.094 0.011 0.092 0.126 0.067 0.147 0.021 0.042 0.061 0.014 0.005 0.094 0.008 0.001 0.054 0.04 0.001 0.058 0.069 0.015 0.044 0.003 0.015 0.015 0.018 0 0.002 0.001 0.054 0.003 0.025 0 0.003 0.012 0.002 0.011 0.01 0.002 0.048 0 0.014
0.009 0.007 0.008 0.018 0.001 0.001 0.002 0.015 0 0.002 0.001 0.001 0 0.007 0.007 1 0.003 0 0 0.006 0.001 0.046 0.028 0.006 0.004 0.008 0.001 0 0.002 0.001 0.001 0.004 0.013 0.017 0 0.001 0 0.004 0.001 0.004 0.02 0 0.005 0.003 0.002 0.001 0.001 0.006 0.011 0.037 0.001 0.003 0.001 0.001 0.002 0.001 0.002 0.001 0 0 0.003 0 0.001 0 0 0.001 0.003 0 0 0.001 0.001 0 0.002 0.001 0 0
0.236 0.262 0.285 0.118 0.013 0.01 0.734 0.133 0.003 0.702 0.396 0.007 0.002 0.319 0.299 0.003 1 0.002 0.008 0.4 0.027 0.045 0.093 0.405 0.664 0.187 0.011 0.009 0.014 0.005 0.006 0.596 0.148 0.093 0.003 0.006 0 0.231 0.01 0.16 0.086 0.007 0.029 0.039 0.002 0.004 0.007 0.117 0.025 0.045 0.005 0.003 0.028 0.028 0.002 0.006 0.006 0.008 0.005 0.002 0.005 0.001 0.005 0.002 0 0.007 0.005 0 0.004 0.006 0.005 0.003 0.008 0.006 0.007 0.005
0.009 0.012 0.012 0.01 0.001 0.001 0.001 0.013 0 0.001 0.001 0.001 0 0.026 0.025 0 0.002 1 0.001 0.031 0.002 0.004 0.007 0.032 0.053 0.015 0.001 0.001 0.001 0 0 0.056 0.016 0.012 0 0 0 0.003 0.001 0.002 0.01 0.001 0.003 0.009 0.003 0 0.001 0.007 0.001 0.003 0 0.004 0.003 0.003 0.004 0 0.004 0.001 0 0 0.004 0.001 0 0 0.001 0.001 0.004 0.001 0 0.001 0.001 0 0.003 0 0.001 0
0.031 0.026 0.026 0.063 0.005 0.004 0.007 0.025 0.001 0.007 0.003 0.003 0.001 0.009 0.01 0 0.008 0.001 1 0.02 0.295 0.018 0.087 0.02 0.012 0.043 0.004 0.885 0.006 0.002 0.002 0.011 0.039 0.048 0.001 0.002 0.001 0.012 0.004 0.011 0.062 0.003 0.015 0.069 0.223 0.002 0.003 0.055 0.033 0.021 0.002 0.147 0.211 0.23 0.18 0.002 0.174 0.003 0.001 0.001 0.139 0.003 0.002 0.001 0.469 0.004 0.152 0.003 0.001 0.003 0.004 0.001 0.163 0.002 0.003 0.001
0.458 0.541 0.56 0.221 0.234 0.198 0.344 0.296 0.009 0.323 0.159 0.002 0.043 0.73 0.686 0.006 0.4 0.031 0.02 1 0.045 0.111 0.195 0.925 0.567 0.382 0.028 0.021 0.202 0.094 0.064 0.433 0.28 0.169 0.005 0.067 0.004 0.08 0.112 0.054 0.134 0.017 0.045 0.058 0.005 0.011 0.082 0.017 0 0.065 0.053 0.002 0.049 0.051 0.008 0.058 0 0.021 0.013 0.009 0.001 0.002 0.012 0.031 0.005 0.022 0.001 0.002 0.01 0.014 0.003 0.008 0 0.064 0 0.012
0.001 0.005 0.005 0.013 0.018 0.014 0.022 0.131 0.005 0.02 0.011 0.182 0.003 0.048 0.048 0.001 0.027 0.002 0.295 0.045 1 0.058 0.291 0.067 0.039 0.134 0.014 0.279 0.019 0.006 0.008 0.026 0.117 0.155 0.004 0.005 0.005 0.042 0.01 0.038 0.191 0.01 0.046 0.215 0.576 0.002 0.007 0.207 0.096 0.011 0.006 0.448 0.684 0.643 0.523 0.007 0.472 0.249 0.034 0.004 0.395 0.01 0.007 0.002 0.25 0.015 0.426 0.01 0.039 0.009 0.193 0.004 0.385 0.008 0.008 0.067
0.141 0.117 0.113 0.312 0.02 0.021 0.04 0.275 0.008 0.038 0.018 0.014 0.005 0.094 0.103 0.046 0.045 0.004 0.018 0.111 0.058 1 0.424 0.106 0.062 0.198 0.024 0.01 0.032 0.011 0.013 0.036 0.179 0.032 0.007 0.014 0.05 0.035 0.021 0.044 0.05 0.131 0.079 0.015 0.048 0.054 0.017 0.007 0.02 0.138 0.001 0.051 0.021 0.014 0.021 0.001 0.038 0.019 0 0.005 0.035 0.044 0 0.008 0.012 0.023 0.05 0.05 0 0.004 0.015 0.006 0.026 0 0.027 0
0.086 0.056 0.055 0.314 0.048 0.044 0.079 0.515 0.016 0.074 0.037 0.048 0.01 0.178 0.19 0.028 0.093 0.007 0.087 0.195 0.291 0.424 1 0.229 0.135 0.434 0.05 0.098 0.065 0.022 0.027 0.084 0.388 0.199 0.015 0.023 0.021 0 0.039 0.002 0.265 0.053 0.161 0.071 0.156 0.031 0.03 0.083 0.121 0.052 0.008 0.104 0.267 0.273 0.188 0.008 0.131 0.067 0.018 0 0.11 0.008 0.005 0.012 0.089 0.049 0.094 0.01 0.026 0.014 0.052 0.014 0.122 0.007 0.004 0.039
0.494 0.582 0.602 0.248 0.235 0.199 0.349 0.326 0.008 0.327 0.161 0.017 0.044 0.779 0.733 0.006 0.405 0.032 0.02 0.925 0.067 0.106 0.229 1 0.588 0.426 0.027 0.022 0.239 0.095 0.065 0.451 0.316 0.198 0.005 0.098 0.004 0.082 0.144 0.055 0.161 0.017 0.044 0.05 0.011 0.011 0.103 0.014 0.001 0.064 0.053 0.001 0.072 0.073 0.014 0.059 0.003 0.021 0.012 0.008 0 0.002 0.012 0.049 0.006 0.021 0 0.002 0.01 0.013 0.015 0.008 0.003 0.065 0 0.012
0.259 0.297 0.319 0.142 0.02 0.015 0.587 0.176 0.005 0.55 0.27 0.009 0.003 0.447 0.421 0.004 0.664 0.053 0.012 0.567 0.039 0.062 0.135 0.588 1 0.244 0.016 0.013 0.021 0.007 0.009 0.782 0.181 0.113 0.005 0.009 0.001 0.197 0.015 0.143 0.1 0.011 0.05 0.021 0 0.006 0.002 0.077 0.013 0.043 0 0 0.043 0.044 0 0.001 0 0.012 0.008 0.003 0 0 0.007 0 0.003 0.012 0 0 0.006 0.01 0.009 0.005 0 0.001 0.002 0.007
0.222 0.202 0.22 0.538 0.105 0.091 0.161 0.683 0.018 0.151 0.075 0.035 0.019 0.302 0.291 0.008 0.187 0.015 0.043 0.382 0.134 0.198 0.434 0.426 0.244 1 0.056 0.048 0.106 0.044 0.024 0.199 0.783 0.534 0.019 0.043 0.012 0.009 0.06 0.003 0.444 0.025 0.173 0.009 0.07 0.016 0.042 0.014 0.195 0.158 0.009 0.033 0.164 0.166 0.086 0.009 0.057 0.045 0.024 0.001 0.041 0.006 0.026 0.02 0.036 0.003 0.038 0.007 0.019 0.029 0.039 0.028 0.056 0.009 0 0.025
0.01 0.035 0.036 0 0.007 0.006 0.01 0.001 0.234 0.009 0.004 0.004 0.001 0.025 0.012 0.001 0.011 0.001 0.004 0.028 0.014 0.024 0.05 0.027 0.016 0.056 1 0.005 0.008 0.003 0.003 0.015 0.055 0.074 0 0.003 0.002 0.017 0.005 0.016 0 0.004 0.039 0.049 0.019 0 0.004 0.027 0.007 0 0.003 0.023 0.013 0.013 0.018 0.003 0.019 0.005 0.003 0.001 0.023 0.004 0.175 0.002 0.004 0.187 0.022 0.004 0.002 0 0.005 0.002 0.017 0.003 0.004 0.003
0.035 0.029 0.03 0.066 0.006 0.005 0.008 0.028 0.002 0.008 0.004 0.003 0.001 0.012 0.013 0 0.009 0.001 0.885 0.021 0.279 0.01 0.098 0.022 0.013 0.048 0.005 1 0.006 0.002 0.003 0.013 0.045 0.055 0.001 0.003 0.002 0.014 0.004 0.013 0.071 0.003 0.018 0.06 0.209 0.002 0.003 0.045 0.038 0.013 0.002 0.135 0.199 0.206 0.167 0.003 0.161 0.004 0.001 0.001 0.117 0.003 0.002 0.002 0.45 0.005 0.14 0.003 0.001 0.003 0.004 0.001 0.152 0.003 0.003 0.001
0.148 0.184 0.18 0.056 0.83 0.703 0.013 0.088 0.002 0.012 0.006 0.005 0.136 0.206 0.193 0.002 0.014 0.001 0.006 0.202 0.019 0.032 0.065 0.239 0.021 0.106 0.008 0.006 1 0.336 0.261 0.02 0.104 0.068 0 0.395 0.003 0.022 0.659 0.019 0.048 0.004 0.002 0.032 0.022 0.003 0.266 0.034 0.016 0.02 0.129 0.012 0.02 0.02 0.028 0.106 0.009 0.006 0.004 0.044 0.005 0.003 0.004 0.122 0.003 0.006 0.004 0.003 0.003 0.003 0.004 0.002 0.01 0.125 0.001 0.003
0.06 0.074 0.072 0.03 0.359 0.464 0.004 0.037 0.001 0.004 0.002 0.002 0.001 0.078 0.074 0.001 0.005 0 0.002 0.094 0.006 0.011 0.022 0.095 0.007 0.044 0.003 0.002 0.336 1 0.791 0.007 0.018 0.011 0.001 0.043 0.001 0.007 0.262 0.007 0.008 0.001 0.008 0.015 0.008 0.001 0.061 0.019 0.018 0.004 0.03 0.001 0.008 0.008 0.01 0.025 0.01 0.002 0.001 0 0 0.002 0.001 0.056 0.004 0.001 0 0.002 0.001 0.002 0.002 0.001 0.01 0.048 0 0.001
0.037 0.048 0.046 0.013 0.279 0.365 0.005 0.018 0.001 0.005 0.002 0.002 0.001 0.099 0.093 0.001 0.006 0 0.002 0.064 0.008 0.013 0.027 0.065 0.009 0.024 0.003 0.003 0.261 0.791 1 0.009 0.007 0.019 0.001 0.033 0.001 0 0.204 0 0.014 0.002 0.01 0.025 0.011 0.001 0.047 0.025 0.005 0.006 0.022 0 0.01 0.01 0.013 0.018 0.013 0.003 0.002 0 0.001 0.002 0.001 0.043 0.005 0.002 0.002 0.002 0.001 0.002 0.003 0.001 0.012 0.035 0 0.001
0.212 0.246 0.264 0.094 0.019 0.014 0.517 0.116 0.005 0.48 0.282 0.001 0.003 0.33 0.313 0.004 0.596 0.056 0.011 0.433 0.026 0.036 0.084 0.451 0.782 0.199 0.015 0.013 0.02 0.007 0.009 1 0.232 0.162 0.005 0.009 0.001 0.255 0.014 0.194 0.147 0.01 0.047 0.046 0.001 0.006 0.002 0.093 0.026 0.048 0.007 0 0.03 0.03 0 0.008 0.002 0.012 0.007 0.003 0 0.01 0.007 0.001 0 0.011 0.001 0.011 0.006 0.009 0.009 0.005 0 0.009 0.009 0.007
0.173 0.152 0.167 0.469 0.078 0.065 0.133 0.593 0.017 0.122 0.08 0.027 0.018 0.235 0.231 0.013 0.148 0.016 0.039 0.28 0.117 0.179 0.388 0.316 0.181 0.783 0.055 0.045 0.104 0.018 0.007 0.232 1 0.695 0.021 0.061 0.018 0.02 0.098 0.011 0.591 0.036 0.197 0.001 0.068 0.022 0.077 0.01 0.248 0.2 0.01 0.02 0.161 0.163 0.082 0.005 0.049 0.042 0.016 0.002 0.023 0.033 0.025 0.037 0.037 0.003 0.021 0.034 0.017 0.031 0.036 0.032 0.048 0.002 0.005 0.017
0.082 0.07 0.079 0.252 0.047 0.039 0.082 0.356 0.023 0.075 0.046 0.037 0.013 0.181 0.174 0.017 0.093 0.012 0.048 0.169 0.155 0.032 0.199 0.198 0.113 0.534 0.074 0.055 0.068 0.011 0.019 0.162 0.695 1 0.015 0.043 0.024 0.226 0.071 0.207 0.817 0.048 0.122 0.018 0.11 0.015 0.057 0.001 0.389 0.199 0.004 0.053 0.204 0.184 0.117 0.001 0.084 0.056 0.015 0 0.044 0.044 0.033 0.022 0.045 0 0.048 0.046 0.009 0.021 0.056 0.024 0.081 0 0.004 0.015
0 0.007 0.007 0.02 0 0.002 0.003 0.025 0.001 0.003 0.001 0.001 0.002 0.006 0.007 0 0.003 0 0.001 0.005 0.004 0.007 0.015 0.005 0.005 0.019 0 0.001 0 0.001 0.001 0.005 0.021 0.015 1 0.001 0.001 0.005 0.002 0.005 0.02 0.001 0.079 0.017 0.006 0.001 0.001 0.013 0.037 0.009 0 0.008 0.005 0.005 0.007 0 0.007 0.001 0.001 0 0.008 0.001 0.001 0.001 0.003 0.002 0.008 0.001 0.001 0.388 0.002 0 0.007 0.001 0.001 0.001
0.06 0.075 0.074 0.02 0.294 0.384 0.005 0.036 0.001 0.005 0.002 0 0.001 0.09 0.094 0.001 0.006 0 0.002 0.067 0.005 0.014 0.023 0.098 0.009 0.043 0.003 0.003 0.395 0.043 0.033 0.009 0.061 0.043 0.001 1 0.001 0.01 0.597 0.009 0.038 0.002 0.012 0.051 0.011 0.001 0.183 0.009 0.021 0.017 0.238 0.012 0.01 0.01 0.013 0.201 0.001 0.003 0.002 0.071 0.011 0.002 0.002 0.087 0 0.003 0.01 0.002 0.001 0.002 0.003 0.001 0.001 0.186 0 0.001
0.009 0.007 0.011 0.028 0.002 0.002 0.003 0.022 0.001 0.003 0.001 0.001 0 0.01 0.011 0 0 0 0.001 0.004 0.005 0.05 0.021 0.004 0.001 0.012 0.002 0.002 0.003 0.001 0.001 0.001 0.018 0.024 0.001 0.001 1 0.005 0.002 0.003 0.024 0.001 0.007 0.007 0.002 0.001 0.001 0.006 0.012 0.005 0.001 0.005 0.002 0.002 0.003 0.001 0.004 0.002 0.001 0 0.005 0.001 0 0.001 0 0.002 0.004 0.001 0.001 0.017 0.002 0.001 0.003 0.001 0.001 0.001
0.031 0.038 0.045 0 0.021 0.016 0.189 0.002 0.005 0.163 0.039 0.01 0.003 0.103 0.092 0.004 0.231 0.003 0.012 0.08 0.042 0.035 0 0.082 0.197 0.009 0.017 0.014 0.022 0.007 0 0.255 0.02 0.226 0.005 0.01 0.005 1 0.016 0.894 0.19 0.011 0.062 0.248 0.047 0.09 0.001 0.125 0.185 0.022 0.008 0.04 0.044 0.031 0.035 0.009 0.02 0.013 0 0.004 0.022 0.011 0.008 0.006 0.003 0.013 0.027 0.009 0 0.01 0.01 0.005 0.017 0.01 0.001 0
0.086 0.109 0.106 0.03 0.483 0.631 0.009 0.049 0.002 0.008 0.004 0.001 0.001 0.125 0.126 0.001 0.01 0.001 0.004 0.112 0.01 0.021 0.039 0.144 0.015 0.06 0.005 0.004 0.659 0.262 0.204 0.014 0.098 0.071 0.002 0.597 0.002 0.016 1 0.013 0.062 0.004 0.02 0.086 0.018 0.002 0.41 0.019 0.037 0.027 0.14 0.034 0.017 0.017 0.022 0.116 0.005 0.004 0.003 0.057 0.021 0.004 0.002 0.188 0.001 0.005 0.02 0.004 0.002 0.003 0.004 0.002 0.006 0.107 0 0.002
0.017 0.029 0.028 0.001 0.019 0.014 0.206 0 0.005 0.177 0.041 0.009 0.003 0.076 0.067 0.004 0.16 0.002 0.011 0.054 0.038 0.044 0.002 0.055 0.143 0.003 0.016 0.013 0.019 0.007 0 0.194 0.011 0.207 0.005 0.009 0.003 0.894 0.013 1 0.179 0.01 0.057 0.229 0.042 0.1 0.01 0.104 0.223 0.019 0.007 0.066 0.04 0.028 0.04 0.008 0.042 0.012 0 0.003 0.042 0.01 0.007 0.005 0.017 0.011 0.049 0.011 0 0.009 0.014 0.005 0.038 0.009 0.001 0
0.063 0.045 0.053 0.323 0.031 0.024 0.077 0.451 0.013 0.071 0.05 0.044 0.011 0.15 0.147 0.02 0.086 0.01 0.062 0.134 0.191 0.05 0.265 0.161 0.1 0.444 0 0.071 0.048 0.008 0.014 0.147 0.591 0.817 0.02 0.038 0.024 0.19 0.062 0.179 1 0.056 0.251 0.004 0.132 0.012 0.049 0.008 0.514 0.255 0.003 0.074 0.25 0.228 0.143 0 0.107 0.066 0.019 0 0.064 0.052 0.025 0.019 0.063 0.066 0.067 0.055 0.012 0.022 0.066 0.02 0.102 0 0.006 0.019
0.024 0.019 0.02 0.054 0.004 0.003 0.006 0.043 0.001 0.006 0.003 0.002 0.001 0.02 0.021 0 0.007 0.001 0.003 0.017 0.01 0.131 0.053 0.017 0.011 0.025 0.004 0.003 0.004 0.001 0.002 0.01 0.036 0.048 0.001 0.002 0.001 0.011 0.004 0.01 0.056 1 0.013 0.022 0.005 0.002 0.003 0.006 0.028 0.033 0 0.001 0 0 0 0.002 0.007 0.003 0.002 0.001 0.001 0.295 0.002 0.001 0 0.003 0.009 0.299 0.001 0.002 0.003 0.001 0 0.002 0.015 0.002
0.021 0.062 0.059 0.238 0.001 0.019 0.027 0.286 0.007 0.025 0.008 0.013 0.047 0.049 0.042 0.005 0.029 0.003 0.015 0.045 0.046 0.079 0.161 0.044 0.05 0.173 0.039 0.018 0.002 0.008 0.01 0.047 0.197 0.122 0.079 0.012 0.007 0.062 0.02 0.057 0.251 0.013 1 0.212 0.06 0.009 0.016 0.125 0.429 0.099 0.002 0.095 0.067 0.067 0.076 0.004 0.079 0.017 0.01 0.005 0.095 0.011 0.01 0.007 0.033 0.248 0.09 0.012 0.008 0.114 0.019 0.081 0.073 0.006 0 0.009
0.088 0.123 0.128 0.001 0.019 0.047 0.028 0.014 0.018 0.022 0.001 0.06 0.012 0.073 0.061 0.003 0.039 0.009 0.069 0.058 0.215 0.015 0.071 0.05 0.021 0.009 0.049 0.06 0.032 0.015 0.025 0.046 0.001 0.018 0.017 0.051 0.007 0.248 0.086 0.229 0.004 0.022 0.212 1 0.176 0.031 0.073 0.337 0.002 0.053 0.003 0.255 0.23 0.209 0.14 0.001 0.18 0.079 0.017 0.022 0.207 0.034 0.023 0.013 0.118 0.052 0.216 0.035 0.008 0.034 0.078 0.017 0.145 0 0.013 0.016
0.008 0.018 0.017 0.007 0.02 0.015 0.004 0.056 0.006 0.005 0.028 0.077 0.004 0.01 0.014 0.002 0.002 0.003 0.223 0.005 0.576 0.048 0.156 0.011 0 0.07 0.019 0.209 0.022 0.008 0.011 0.001 0.068 0.11 0.006 0.011 0.002 0.047 0.018 0.042 0.132 0.005 0.06 0.176 1 0.008 0.014 0.283 0.151 0.025 0.009 0.644 0.674 0.668 0.791 0.01 0.694 0.205 0.037 0 0.559 0.013 0.009 0.001 0.234 0.02 0.607 0.013 0.032 0.011 0.193 0.006 0.601 0.011 0.013 0.055
0.003 0.008 0.008 0.025 0.003 0.002 0.004 0.027 0.001 0.004 0.002 0.001 0 0.005 0.005 0.001 0.004 0 0.002 0.011 0.002 0.054 0.031 0.011 0.006 0.016 0 0.002 0.003 0.001 0.001 0.006 0.022 0.015 0.001 0.001 0.001 0.09 0.002 0.1 0.012 0.002 0.009 0.031 0.008 1 0.002 0.005 0.01 0.03 0.001 0.012 0.007 0.007 0.01 0.001 0.01 0.002 0.001 0.001 0.004 0.002 0.001 0.001 0.004 0.002 0.011 0.002 0.001 0.001 0.002 0.001 0.009 0.001 0.007 0.001
0.061 0.056 0.076 0.025 0.158 0.212 0.007 0.033 0.001 0.007 0.003 0 0.001 0.092 0.094 0.001 0.007 0.001 0.003 0.082 0.007 0.017 0.03 0.103 0.002 0.042 0.004 0.003 0.266 0.061 0.047 0.002 0.077 0.057 0.001 0.183 0.001 0.001 0.41 0.01 0.049 0.003 0.016 0.073 0.014 0.002 1 0 0.033 0.021 0.002 0.144 0.013 0.013 0.007 0.002 0.009 0.003 0.002 0.087 0.109 0.003 0.002 0.243 0.015 0.004 0.105 0.003 0.002 0.002 0 0.001 0.008 0.002 0.003 0.002
0.033 0.053 0.058 0.004 0.044 0.032 0.104 0.021 0.002 0.093 0.048 0.043 0.009 0.014 0.008 0.006 0.117 0.007 0.055 0.017 0.207 0.007 0.083 0.014 0.077 0.014 0.027 0.045 0.034 0.019 0.025 0.093 0.01 0.001 0.013 0.009 0.006 0.125 0.019 0.104 0.008 0.006 0.125 0.337 0.283 0.005 0 1 0.003 0.043 0.02 0.279 0.267 0.251 0.299 0.023 0.277 0.071 0.012 0.002 0.265 0.009 0.003 0.002 0.114 0.046 0.245 0.01 0.01 0.026 0.073 0.001 0.286 0.025 0.014 0.03
0 0.003 0.003 0.194 0.016 0.041 0.041 0.245 0.014 0.033 0.004 0.028 0.021 0.001 0.001 0.011 0.025 0.001 0.033 0 0.096 0.02 0.121 0.001 0.013 0.195 0.007 0.038 0.016 0.018 0.005 0.026 0.248 0.389 0.037 0.021 0.012 0.185 0.037 0.223 0.514 0.028 0.429 0.002 0.151 0.01 0.033 0.003 1 0.152 0.01 0.228 0.142 0.143 0.186 0.013 0.193 0.035 0.021 0.01 0.227 0.027 0.021 0.016 0.07 0.131 0.218 0.029 0.017 0.049 0.041 0.038 0.18 0.018 0.001 0.02
0.046 0.033 0.035 0.168 0.01 0.01 0.042 0.229 0.034 0.043 0.022 0.003 0.004 0.062 0.054 0.037 0.045 0.003 0.021 0.065 0.011 0.138 0.052 0.064 0.043 0.158 0 0.013 0.02 0.004 0.006 0.048 0.2 0.199 0.009 0.017 0.005 0.022 0.027 0.019 0.255 0.033 0.099 0.053 0.025 0.03 0.021 0.043 0.152 1 0.008 0.056 0.018 0.019 0.031 0.002 0.03 0.004 0.001 0.007 0.038 0.039 0.061 0.01 0.031 0.03 0.051 0.044 0.001 0.013 0 0.009 0.033 0 0.023 0.003
0.013 0.018 0.018 0.008 0.139 0.135 0.004 0.019 0.001 0.004 0.002 0.002 0.013 0.043 0.04 0.001 0.005 0 0.002 0.053 0.006 0.001 0.008 0.053 0 0.009 0.003 0.002 0.129 0.03 0.022 0.007 0.01 0.004 0 0.238 0.001 0.008 0.14 0.007 0.003 0 0.002 0.003 0.009 0.001 0.002 0.02 0.01 0.008 1 0.013 0.008 0.008 0.011 0.743 0.011 0.002 0.001 0.001 0.013 0.002 0.001 0.001 0.004 0.003 0.013 0.002 0.001 0 0.002 0.001 0.01 0.647 0.008 0.001
0.031 0.047 0.053 0.002 0.003 0.011 0 0.03 0.009 0 0.015 0.083 0.006 0.002 0.001 0.003 0.003 0.004 0.147 0.002 0.448 0.051 0.104 0.001 0 0.033 0.023 0.135 0.012 0.001 0 0 0.02 0.053 0.008 0.012 0.005 0.04 0.034 0.066 0.074 0.001 0.095 0.255 0.644 0.012 0.144 0.279 0.228 0.056 0.013 1 0.622 0.582 0.717 0.015 0.73 0.155 0.02 0.045 0.841 0.019 0.013 0.067 0.304 0.03 0.836 0.02 0.025 0.017 0.181 0.009 0.681 0.016 0.019 0.041
0.001 0 0 0.037 0.019 0.014 0.027 0.134 0.006 0.025 0.013 0.127 0.004 0.052 0.058 0.001 0.028 0.003 0.211 0.049 0.684 0.021 0.267 0.072 0.043 0.164 0.013 0.199 0.02 0.008 0.01 0.03 0.161 0.204 0.005 0.01 0.002 0.044 0.017 0.04 0.25 0 0.067 0.23 0.674 0.007 0.013 0.267 0.142 0.018 0.008 0.622 1 0.914 0.743 0.01 0.628 0.25 0.04 0.007 0.538 0.012 0.008 0.003 0.319 0.019 0.536 0.012 0.046 0.011 0.264 0.005 0.59 0.01 0.012 0.072
0.001 0 0 0.041 0.019 0.014 0.027 0.14 0.006 0.025 0.013 0.093 0.004 0.063 0.069 0.001 0.028 0.003 0.23 0.051 0.643 0.014 0.273 0.073 0.044 0.166 0.013 0.206 0.02 0.008 0.01 0.03 0.163 0.184 0.005 0.01 0.002 0.031 0.017 0.028 0.228 0 0.067 0.209 0.668 0.007 0.013 0.251 0.143 0.019 0.008 0.582 0.914 1 0.749 0.01 0.633 0.248 0.072 0 0.555 0.012 0.008 0.003 0.286 0.019 0.54 0.012 0.085 0.011 0.262 0.005 0.595 0.01 0.012 0.116
0.004 0.013 0.011 0.016 0.025 0.019 0.001 0.076 0.007 0.002 0.021 0.083 0.005 0.011 0.015 0.002 0.002 0.004 0.18 0.008 0.523 0.021 0.188 0.014 0 0.086 0.018 0.167 0.028 0.01 0.013 0 0.082 0.117 0.007 0.013 0.003 0.035 0.022 0.04 0.143 0 0.076 0.14 0.791 0.01 0.007 0.299 0.186 0.031 0.011 0.717 0.743 0.749 1 0.013 0.784 0.19 0.057 0.004 0.681 0.008 0.011 0 0.286 0.024 0.683 0.009 0.058 0.014 0.2 0.007 0.735 0.013 0.016 0.088
0.016 0.022 0.022 0.009 0.115 0.112 0.005 0.02 0.001 0.005 0.002 0.002 0.01 0.047 0.044 0.001 0.006 0 0.002 0.058 0.007 0.001 0.008 0.059 0.001 0.009 0.003 0.003 0.106 0.025 0.018 0.008 0.005 0.001 0 0.201 0.001 0.009 0.116 0.008 0 0.002 0.004 0.001 0.01 0.001 0.002 0.023 0.013 0.002 0.743 0.015 0.01 0.01 0.013 1 0.013 0.002 0.001 0.001 0.015 0.002 0.001 0.001 0.005 0.003 0.015 0.002 0.001 0 0.003 0.001 0.012 0.743 0.058 0.001
0.009 0.016 0.02 0.008 0.007 0.003 0 0.044 0.008 0 0.011 0.09 0.005 0.002 0.003 0.002 0.006 0.004 0.174 0 0.472 0.038 0.131 0.003 0 0.057 0.019 0.161 0.009 0.01 0.013 0.002 0.049 0.084 0.007 0.001 0.004 0.02 0.005 0.042 0.107 0.007 0.079 0.18 0.694 0.01 0.009 0.277 0.193 0.03 0.011 0.73 0.628 0.633 0.784 0.013 1 0.142 0.07 0.053 0.734 0.016 0.011 0 0.314 0.025 0.782 0.017 0.089 0.015 0.171 0.007 0.834 0.014 0.016 0.104
0.079 0.099 0.097 0.035 0.005 0.004 0.007 0.042 0.001 0.007 0.003 0 0.001 0.021 0.015 0.001 0.008 0.001 0.003 0.021 0.249 0.019 0.067 0.021 0.012 0.045 0.005 0.004 0.006 0.002 0.003 0.012 0.042 0.056 0.001 0.003 0.002 0.013 0.004 0.012 0.066 0.003 0.017 0.079 0.205 0.002 0.003 0.071 0.035 0.004 0.002 0.155 0.25 0.248 0.19 0.002 0.142 1 0 0.001 0.134 0.003 0.002 0.002 0.003 0.005 0.123 0.003 0 0.003 0.415 0.001 0.111 0.003 0.003 0
0.012 0.009 0.009 0.019 0.003 0.002 0.002 0.018 0.001 0.002 0.002 0.242 0.001 0.014 0.015 0 0.005 0 0.001 0.013 0.034 0 0.018 0.012 0.008 0.024 0.003 0.001 0.004 0.001 0.002 0.007 0.016 0.015 0.001 0.002 0.001 0 0.003 0 0.019 0.002 0.01 0.017 0.037 0.001 0.002 0.012 0.021 0.001 0.001 0.02 0.04 0.072 0.057 0.001 0.07 0 1 0.001 0.058 0.002 0.001 0.001 0.004 0.003 0.058 0.002 0.333 0.002 0 0.001 0.059 0.002 0.002 0.607
0.006 0.005 0.005 0 0.048 0.064 0.002 0.001 0 0.002 0.001 0.033 0 0.019 0.018 0 0.002 0 0.001 0.009 0.004 0.005 0 0.008 0.003 0.001 0.001 0.001 0.044 0 0 0.003 0.002 0 0 0.071 0 0.004 0.057 0.003 0 0.001 0.005 0.022 0 0.001 0.087 0.002 0.01 0.007 0.001 0.045 0.007 0 0.004 0.001 0.053 0.001 0.001 1 0.041 0.001 0.001 0 0.033 0.001 0.03 0.001 0 0.001 0 0 0.043 0.001 0.001 0.001
0.022 0.035 0.04 0.003 0 0.004 0 0.036 0.009 0 0.014 0.059 0.006 0.002 0 0.003 0.005 0.004 0.139 0.001 0.395 0.035 0.11 0 0 0.041 0.023 0.117 0.005 0 0.001 0 0.023 0.044 0.008 0.011 0.005 0.022 0.021 0.042 0.064 0.001 0.095 0.207 0.559 0.004 0.109 0.265 0.227 0.038 0.013 0.841 0.538 0.555 0.681 0.015 0.734 0.134 0.058 0.041 1 0.019 0.013 0.067 0.251 0.03 0.864 0.02 0.076 0.017 0.16 0.009 0.734 0.016 0.019 0.088
0.005 0.003 0.003 0.024 0.003 0.004 0.001 0.017 0.001 0.002 0.003 0.002 0 0.002 0.002 0 0.001 0.001 0.003 0.002 0.01 0.044 0.008 0.002 0 0.006 0.004 0.003 0.003 0.002 0.002 0.01 0.033 0.044 0.001 0.002 0.001 0.011 0.004 0.01 0.052 0.295 0.011 0.034 0.013 0.002 0.003 0.009 0.027 0.039 0.002 0.019 0.012 0.012 0.008 0.002 0.016 0.003 0.002 0.001 0.019 1 0.002 0.001 0.006 0.004 0.018 0.956 0.001 0.002 0.003 0.001 0.015 0.002 0.039 0.002
0.009 0.007 0.007 0.024 0.003 0.003 0.004 0.03 0.639 0.004 0.002 0.002 0.001 0.008 0.001 0.001 0.005 0 0.002 0.012 0.007 0 0.005 0.012 0.007 0.026 0.175 0.002 0.004 0.001 0.001 0.007 0.025 0.033 0.001 0.002 0 0.008 0.002 0.007 0.025 0.002 0.01 0.023 0.009 0.001 0.002 0.003 0.021 0.061 0.001 0.013 0.008 0.008 0.011 0.001 0.011 0.002 0.001 0.001 0.013 0.002 1 0.001 0.004 0.003 0.013 0.002 0.001 0.002 0.002 0.001 0.011 0.002 0.002 0.001
0.028 0.035 0.035 0.009 0.063 0.085 0.003 0.016 0.001 0.003 0.013 0 0 0.049 0.054 0 0.002 0 0.001 0.031 0.002 0.008 0.012 0.049 0 0.02 0.002 0.002 0.122 0.056 0.043 0.001 0.037 0.022 0.001 0.087 0.001 0.006 0.188 0.005 0.019 0.001 0.007 0.013 0.001 0.001 0.243 0.002 0.016 0.01 0.001 0.067 0.003 0.003 0 0.001 0 0.002 0.001 0 0.067 0.001 0.001 1 0.002 0.002 0.066 0.001 0.001 0.001 0 0.001 0 0.001 0.001 0.001
0.009 0.006 0.004 0.039 0.002 0.001 0.014 0.03 0.003 0.013 0.006 0.003 0.002 0.002 0.003 0 0 0.001 0.469 0.005 0.25 0.012 0.089 0.006 0.003 0.036 0.004 0.45 0.003 0.004 0.005 0 0.037 0.045 0.003 0 0 0.003 0.001 0.017 0.063 0 0.033 0.118 0.234 0.004 0.015 0.114 0.07 0.031 0.004 0.304 0.319 0.286 0.286 0.005 0.314 0.003 0.004 0.033 0.251 0.006 0.004 0.002 1 0.009 0.314 0.006 0.003 0.005 0 0.003 0.275 0.005 0.006 0.004
0.011 0.029 0.029 0.066 0.006 0.004 0.006 0.083 0.002 0.006 0.004 0.004 0.001 0.016 0.025 0.001 0.007 0.001 0.004 0.022 0.015 0.023 0.049 0.021 0.012 0.003 0.187 0.005 0.006 0.001 0.002 0.011 0.003 0 0.002 0.003 0.002 0.013 0.005 0.011 0.066 0.003 0.248 0.052 0.02 0.002 0.004 0.046 0.131 0.03 0.003 0.03 0.019 0.019 0.024 0.003 0.025 0.005 0.003 0.001 0.03 0.004 0.003 0.002 0.009 1 0.029 0.004 0.002 0.004 0.005 0.002 0.024 0.003 0.002 0.003
0.019 0.033 0.038 0.003 0 0.004 0 0.027 0.009 0 0.014 0.084 0.006 0.001 0 0.003 0.005 0.004 0.152 0.001 0.426 0.05 0.094 0 0 0.038 0.022 0.14 0.004 0 0.002 0.001 0.021 0.048 0.008 0.01 0.004 0.027 0.02 0.049 0.067 0.009 0.09 0.216 0.607 0.011 0.105 0.245 0.218 0.051 0.013 0.836 0.536 0.54 0.683 0.015 0.782 0.123 0.058 0.03 0.864 0.018 0.013 0.066 0.314 0.029 1 0.019 0.078 0.017 0.187 0.008 0.69 0.016 0.017 0.089
0.006 0.003 0.004 0.026 0.003 0.004 0.001 0.019 0.001 0.001 0.003 0.002 0 0.002 0.003 0 0 0.001 0.003 0.002 0.01 0.05 0.01 0.002 0 0.007 0.004 0.003 0.003 0.002 0.002 0.011 0.034 0.046 0.001 0.002 0.001 0.009 0.004 0.011 0.055 0.299 0.012 0.035 0.013 0.002 0.003 0.01 0.029 0.044 0.002 0.02 0.012 0.012 0.009 0.002 0.017 0.003 0.002 0.001 0.02 0.956 0.002 0.001 0.006 0.004 0.019 1 0.002 0.002 0.004 0.001 0.016 0.002 0.048 0.002
0.006 0.004 0.004 0.014 0.002 0.002 0.002 0.018 0.001 0.002 0.002 0.069 0 0.011 0.012 0 0.004 0 0.001 0.01 0.039 0 0.026 0.01 0.006 0.019 0.002 0.001 0.003 0.001 0.001 0.006 0.017 0.009 0.001 0.001 0.001 0 0.002 0 0.012 0.001 0.008 0.008 0.032 0.001 0.002 0.01 0.017 0.001 0.001 0.025 0.046 0.085 0.058 0.001 0.089 0 0.333 0 0.076 0.001 0.001 0.001 0.003 0.002 0.078 0.002 1 0.001 0.002 0.001 0.074 0.001 0.001 0.536
0 0.018 0.018 0.023 0.002 0.003 0.006 0.03 0.001 0.005 0.003 0.002 0 0.017 0.002 0.001 0.006 0.001 0.003 0.014 0.009 0.004 0.014 0.013 0.01 0.029 0 0.003 0.003 0.002 0.002 0.009 0.031 0.021 0.388 0.002 0.017 0.01 0.003 0.009 0.022 0.002 0.114 0.034 0.011 0.001 0.002 0.026 0.049 0.013 0 0.017 0.011 0.011 0.014 0 0.015 0.003 0.002 0.001 0.017 0.002 0.002 0.001 0.005 0.004 0.017 0.002 0.001 1 0.003 0 0.014 0.002 0.002 0.002
0.039 0.044 0.051 0.008 0.003 0.002 0.009 0.028 0.002 0.008 0.004 0.021 0.001 0.009 0.011 0.001 0.005 0.001 0.004 0.003 0.193 0.015 0.052 0.015 0.009 0.039 0.005 0.004 0.004 0.002 0.003 0.009 0.036 0.056 0.002 0.003 0.002 0.01 0.004 0.014 0.066 0.003 0.019 0.078 0.193 0.002 0 0.073 0.041 0 0.002 0.181 0.264 0.262 0.2 0.003 0.171 0.415 0 0 0.16 0.003 0.002 0 0 0.005 0.187 0.004 0.002 0.003 1 0.002 0.144 0.003 0.003 0.001
0.004 0.01 0.011 0.019 0.002 0.002 0.003 0.024 0.001 0.003 0.001 0.001 0 0.01 0.01 0 0.003 0 0.001 0.008 0.004 0.006 0.014 0.008 0.005 0.028 0.002 0.001 0.002 0.001 0.001 0.005 0.032 0.024 0 0.001 0.001 0.005 0.002 0.005 0.02 0.001 0.081 0.017 0.006 0.001 0.001 0.001 0.038 0.009 0.001 0.009 0.005 0.005 0.007 0.001 0.007 0.001 0.001 0 0.009 0.001 0.001 0.001 0.003 0.002 0.008 0.001 0.001 0 0.002 1 0.007 0.001 0.001 0.001
0.006 0.011 0.014 0.011 0.008 0.004 0 0.039 0.007 0.001 0.013 0.067 0.005 0.001 0.002 0.002 0.008 0.003 0.163 0 0.385 0.026 0.122 0.003 0 0.056 0.017 0.152 0.01 0.01 0.012 0 0.048 0.081 0.007 0.001 0.003 0.017 0.006 0.038 0.102 0 0.073 0.145 0.601 0.009 0.008 0.286 0.18 0.033 0.01 0.681 0.59 0.595 0.735 0.012 0.834 0.111 0.059 0.043 0.734 0.015 0.011 0 0.275 0.024 0.69 0.016 0.074 0.014 0.144 0.007 1 0.013 0.015 0.096
0.019 0.026 0.025 0.009 0.136 0.137 0.005 0.019 0.001 0.005 0.002 0.002 0.009 0.052 0.048 0.001 0.006 0 0.002 0.064 0.008 0 0.007 0.065 0.001 0.009 0.003 0.003 0.125 0.048 0.035 0.009 0.002 0 0.001 0.186 0.001 0.01 0.107 0.009 0 0.002 0.006 0 0.011 0.001 0.002 0.025 0.018 0 0.647 0.016 0.01 0.01 0.013 0.743 0.014 0.003 0.002 0.001 0.016 0.002 0.002 0.001 0.005 0.003 0.016 0.002 0.001 0.002 0.003 0.001 0.013 1 0.066 0.001
0.002 0.001 0.001 0.008 0.002 0 0.005 0.002 0.001 0.004 0.003 0.002 0.006 0 0 0 0.007 0.001 0.003 0 0.008 0.027 0.004 0 0.002 0 0.004 0.003 0.001 0 0 0.009 0.005 0.004 0.001 0 0.001 0.001 0 0.001 0.006 0.015 0 0.013 0.013 0.007 0.003 0.014 0.001 0.023 0.008 0.019 0.012 0.012 0.016 0.058 0.016 0.003 0.002 0.001 0.019 0.039 0.002 0.001 0.006 0.002 0.017 0.048 0.001 0.002 0.003 0.001 0.015 0.066 1 0.002
0.007 0.005 0.005 0.014 0.003 0.002 0.002 0.018 0.001 0.002 0.002 0.142 0.001 0.013 0.014 0 0.005 0 0.001 0.012 0.067 0 0.039 0.012 0.007 0.025 0.003 0.001 0.003 0.001 0.001 0.007 0.017 0.015 0.001 0.001 0.001 0 0.002 0 0.019 0.002 0.009 0.016 0.055 0.001 0.002 0.03 0.02 0.003 0.001 0.041 0.072 0.116 0.088 0.001 0.104 0 0.607 0.001 0.088 0.002 0.001 0.001 0.004 0.003 0.089 0.002 0.536 0.002 0.001 0.001 0.096 0.001 0.002 1
