1 0.772 0.809 0.45 0.208 0.134 0.236 0.295 0.006 0.189 0.107 0.028 0.063 0.461 0.45 0.007 0.205 0.045 0.025 0.528 0.002 0.145 0.137 0.544 0.285 0.324 0.007 0.029 0.149 0.049 0.056 0.257 0.267 0.175 0.004 0.057 0.016 0.061 0.045 0.036 0.133 0.016 0.001 0.071 0 0 0.065 0.019 0.019 0.067 0.007 0.017 0.004 0.003 0 0.002 0.007 0.037 0.012 0.009 0.008 0.016 0.011 0.006 0.004 0.004 0.001 0.019 0.002 0.007 0.02 0.002 0.004 0.007 0.01 0.001
0.772 1 0.918 0.37 0.25 0.161 0.284 0.219 0.005 0.227 0.128 0.024 0.076 0.582 0.52 0.006 0.211 0.055 0.02 0.598 0 0.124 0.104 0.616 0.309 0.269 0.025 0.024 0.19 0.06 0.067 0.28 0.218 0.137 0.001 0.069 0.014 0.057 0.062 0.053 0.091 0.014 0.022 0.088 0.001 0.004 0.058 0.028 0.004 0.045 0.009 0.023 0.001 0.001 0 0.004 0.01 0.044 0.01 0.015 0.012 0.012 0.009 0.009 0.006 0.014 0.005 0.015 0.001 0.004 0.026 0.006 0.006 0.011 0.007 0
0.809 0.918 1 0.401 0.249 0.16 0.283 0.244 0.005 0.227 0.128 0.024 0.076 0.574 0.513 0.006 0.25 0.055 0.02 0.644 0 0.115 0.097 0.663 0.35 0.306 0.025 0.024 0.183 0.059 0.067 0.317 0.25 0.163 0.001 0.069 0.017 0.074 0.057 0.052 0.112 0.014 0.018 0.1 0.001 0.004 0.082 0.036 0.005 0.058 0.009 0.031 0.001 0.001 0 0.004 0.016 0.044 0.01 0.013 0.018 0.012 0.009 0.009 0.002 0.014 0.006 0.015 0.001 0.005 0.028 0.006 0.011 0.011 0.007 0
0.45 0.37 0.401 1 0.098 0.06 0.121 0.811 0.012 0.097 0.055 0.055 0.033 0.228 0.238 0.015 0.122 0.03 0.048 0.277 0.031 0.304 0.379 0.294 0.154 0.597 0.017 0.054 0.059 0.025 0.029 0.13 0.512 0.341 0.035 0.024 0.04 0.008 0.013 0.002 0.438 0.032 0.268 0.001 0.023 0.015 0.024 0.006 0.247 0.191 0.008 0.004 0.042 0.038 0.023 0.001 0.005 0.016 0.016 0 0.005 0.036 0.022 0 0.02 0.073 0.016 0.041 0.004 0.028 0.002 0.017 0.01 0.001 0.014 0.008
0.208 0.25 0.249 0.098 1 0.643 0.011 0.121 0.001 0.008 0.005 0.006 0.306 0.24 0.219 0.001 0.012 0.003 0.005 0.265 0.018 0.026 0.057 0.261 0.019 0.127 0.006 0.006 0.806 0.238 0.269 0.019 0.103 0.064 0.004 0.287 0.004 0.02 0.287 0.018 0.04 0.003 0.007 0.009 0.011 0.001 0.208 0.03 0.002 0.021 0.042 0.022 0.01 0.01 0.013 0.015 0.003 0.001 0.002 0.103 0.005 0.002 0.003 0.059 0.001 0.009 0.001 0.002 0.001 0.001 0.002 0.002 0.003 0.033 0.001 0.002
0.134 0.161 0.16 0.06 0.643 1 0.007 0.081 0.001 0.005 0.003 0.004 0.002 0.16 0.145 0.001 0.008 0.002 0.003 0.175 0.012 0.016 0.036 0.167 0.012 0.08 0.004 0.004 0.506 0.369 0.418 0.012 0.06 0.031 0.002 0.447 0.003 0.012 0.456 0.011 0.017 0.002 0.016 0.047 0.005 0.001 0.339 0.015 0.036 0.009 0.041 0.063 0.005 0.004 0.006 0.016 0.017 0 0.001 0.171 0.023 0.003 0.002 0.097 0 0.006 0.011 0.004 0.001 0.003 0.007 0.001 0.017 0.039 0.001 0.001
0.236 0.284 0.283 0.121 0.011 0.007 1 0.135 0.002 0.8 0.452 0.007 0.003 0.272 0.246 0.002 0.648 0.003 0.006 0.3 0.017 0.039 0.072 0.315 0.546 0.157 0.007 0.007 0.012 0.003 0.003 0.531 0.143 0.112 0.003 0.004 0.005 0.306 0.006 0.328 0.094 0.004 0.028 0.078 0 0.003 0.007 0.1 0.097 0.029 0.002 0.005 0.021 0.019 0.001 0.003 0.006 0.005 0.002 0.005 0.007 0.003 0.003 0.002 0.011 0 0.007 0.004 0.001 0.005 0.006 0.002 0.011 0.003 0.006 0.003
0.295 0.219 0.244 0.811 0.121 0.081 0.135 1 0.011 0.107 0.065 0.047 0.038 0.293 0.305 0.012 0.137 0.036 0.035 0.344 0.127 0.264 0.503 0.363 0.184 0.697 0.023 0.04 0.081 0.03 0.034 0.153 0.609 0.424 0.042 0.033 0.034 0.014 0.02 0.005 0.542 0.027 0.303 0.012 0.081 0.017 0.032 0.026 0.29 0.204 0.013 0.031 0.123 0.119 0.082 0.003 0.036 0.021 0.012 0.001 0.038 0.03 0.021 0.002 0.023 0.079 0.054 0.034 0.01 0.034 0.016 0.019 0.045 0.004 0.009 0.016
0.006 0.005 0.005 0.012 0.001 0.001 0.002 0.011 1 0.001 0.001 0.001 0 0.001 0 0 0.002 0 0.001 0.005 0.003 0.005 0.009 0.005 0.003 0.009 0.055 0.001 0.001 0 0 0.003 0.01 0.012 0 0 0.001 0.003 0.001 0.003 0.005 0 0.004 0.01 0.003 0 0.001 0 0.008 0.009 0 0.005 0.003 0.003 0.003 0 0.004 0.001 0.001 0.001 0.004 0.001 0.309 0 0.001 0.001 0.004 0.001 0.001 0.001 0.001 0 0.004 0 0.001 0.001
0.189 0.227 0.227 0.097 0.008 0.005 0.8 0.107 0.001 1 0.565 0.005 0.003 0.215 0.195 0.002 0.623 0.002 0.005 0.238 0.013 0.031 0.056 0.249 0.433 0.124 0.006 0.005 0.009 0.002 0.002 0.419 0.112 0.087 0.003 0.003 0.004 0.215 0.005 0.228 0.073 0.003 0.022 0.051 0 0.002 0.005 0.064 0.064 0.035 0.001 0.002 0.016 0.015 0 0.002 0.002 0.004 0.001 0.004 0.003 0.002 0.003 0.002 0.009 0 0.003 0.003 0.001 0.004 0.005 0.001 0.006 0.002 0.005 0.002
0.107 0.128 0.128 0.055 0.005 0.003 0.452 0.065 0.001 0.565 1 0.003 0.001 0.128 0.116 0.001 0.4 0.001 0.003 0.141 0.009 0.018 0.035 0.148 0.255 0.075 0.003 0.003 0.005 0.001 0.001 0.254 0.072 0.056 0.001 0.002 0.002 0.096 0.003 0.101 0.048 0.002 0.012 0.018 0.003 0.001 0.003 0.036 0.026 0.023 0.001 0 0.011 0.01 0.002 0.001 0 0.002 0.002 0.002 0 0.003 0.001 0.001 0.005 0.005 0 0.003 0.002 0.002 0.003 0.001 0.002 0.001 0.003 0.002
0.028 0.024 0.024 0.055 0.006 0.004 0.007 0.047 0.001 0.005 0.003 1 0.002 0.004 0.005 0.001 0.008 0.002 0.003 0.015 0.316 0.022 0.082 0.021 0.012 0.04 0.004 0.004 0.007 0.001 0.002 0.008 0.04 0.051 0.002 0.001 0.003 0.013 0.002 0.012 0.061 0.002 0.016 0.085 0.228 0.002 0.003 0.08 0.035 0.003 0.001 0.142 0.225 0.209 0.176 0.002 0.16 0.021 0.179 0.084 0.149 0.003 0 0 0 0.006 0.157 0.004 0.052 0.002 0.089 0.001 0.16 0.002 0.003 0.111
0.063 0.076 0.076 0.033 0.306 0.002 0.003 0.038 0 0.003 0.001 0.002 1 0.074 0.069 0.001 0.004 0.001 0.002 0.084 0.005 0.011 0.021 0.088 0.006 0.044 0.002 0.002 0.275 0.001 0.001 0.006 0.043 0.034 0.029 0.001 0.001 0.006 0.002 0.006 0.027 0.001 0.108 0.02 0.007 0.001 0.002 0.014 0.038 0.014 0.004 0.009 0.006 0.005 0.006 0.001 0.008 0.001 0.001 0.001 0.008 0 0.001 0.001 0.002 0.003 0.008 0 0 0.018 0.002 0 0.007 0.001 0 0.001
0.461 0.582 0.574 0.228 0.24 0.16 0.272 0.293 0.001 0.215 0.128 0.004 0.074 1 0.892 0.006 0.293 0.071 0.008 0.796 0.032 0.115 0.182 0.82 0.443 0.364 0.019 0.011 0.197 0.059 0.067 0.384 0.308 0.22 0.002 0.079 0.017 0.082 0.069 0.059 0.169 0.014 0.017 0.052 0.013 0.006 0.095 0.01 0.007 0.031 0.016 0.003 0.034 0.032 0.015 0.008 0 0.001 0.013 0.017 0 0.009 0.003 0.016 0.002 0.017 0.001 0.011 0.01 0.005 0 0.006 0 0.016 0.005 0.007
0.45 0.52 0.513 0.238 0.219 0.145 0.246 0.305 0 0.195 0.116 0.005 0.069 0.892 1 0.007 0.264 0.064 0.01 0.726 0.037 0.118 0.192 0.75 0.412 0.367 0.014 0.013 0.178 0.054 0.061 0.362 0.309 0.232 0.002 0.075 0.019 0.083 0.063 0.062 0.177 0.015 0.011 0.048 0.014 0.002 0.086 0.01 0.013 0.026 0.014 0.002 0.035 0.033 0.017 0.006 0 0 0.015 0.014 0 0.011 0.001 0.015 0.002 0.02 0.002 0.013 0.012 0 0 0.001 0.001 0.013 0.006 0.009
0.007 0.006 0.006 0.015 0.001 0.001 0.002 0.012 0 0.002 0.001 0.001 0.001 0.006 0.007 1 0.002 0 0.004 0.006 0 0.03 0.025 0.006 0.003 0.01 0.001 0.003 0.002 0 0 0.003 0.012 0.015 0.001 0.001 0.001 0.004 0.001 0.003 0.018 0 0.005 0 0 0 0.001 0.002 0.01 0.021 0 0.001 0 0 0 0 0 0.001 0 0.001 0 0 0 0 0.001 0.002 0 0 0 0.001 0.001 0 0 0 0 0
0.205 0.211 0.25 0.122 0.012 0.008 0.648 0.137 0.002 0.623 0.4 0.008 0.004 0.293 0.264 0.002 1 0.003 0.007 0.352 0.023 0.044 0.087 0.369 0.556 0.185 0.008 0.008 0.013 0.003 0.003 0.542 0.165 0.129 0.004 0.004 0.005 0.32 0.007 0.24 0.109 0.004 0.019 0.072 0.002 0.003 0.004 0.091 0.073 0.022 0.002 0 0.027 0.026 0.003 0.003 0 0.006 0.005 0.005 0.001 0.004 0.004 0.002 0 0.002 0.003 0.005 0.005 0.005 0.005 0.002 0.002 0.003 0.007 0.006
0.045 0.055 0.055 0.03 0.003 0.002 0.003 0.036 0 0.002 0.001 0.002 0.001 0.071 0.064 0 0.003 1 0.001 0.078 0.005 0.01 0.019 0.082 0.142 0.041 0.002 0.002 0.003 0.001 0.001 0.141 0.04 0.032 0.001 0.001 0.001 0.005 0.002 0.005 0.027 0.001 0.007 0.02 0.006 0.001 0.002 0.014 0.009 0.003 0.001 0.01 0.006 0.006 0.007 0 0.008 0.001 0.001 0.001 0.008 0.001 0.001 0.001 0.003 0.003 0.008 0.002 0.001 0.001 0.002 0 0.008 0 0.002 0.004
0.025 0.02 0.02 0.048 0.005 0.003 0.006 0.035 0.001 0.005 0.003 0.003 0.002 0.008 0.01 0.004 0.007 0.001 1 0.019 0.285 0.019 0.075 0.018 0.01 0.035 0.003 0.846 0.006 0.001 0.001 0.01 0.036 0.045 0.002 0.002 0.002 0.012 0.003 0.01 0.054 0.002 0.014 0.073 0.228 0.001 0.003 0.057 0.03 0.018 0.001 0.15 0.22 0.196 0.209 0.001 0.172 0.003 0 0.002 0.103 0.003 0.002 0.001 0.483 0.005 0.17 0.003 0 0.002 0.003 0.001 0.185 0.001 0.003 0
0.528 0.598 0.644 0.277 0.265 0.175 0.3 0.344 0.005 0.238 0.141 0.015 0.084 0.796 0.726 0.006 0.352 0.078 0.019 1 0.048 0.114 0.207 0.954 0.523 0.444 0.023 0.013 0.203 0.065 0.074 0.464 0.368 0.261 0.001 0.076 0.015 0.101 0.064 0.075 0.198 0.01 0.013 0.048 0.019 0.007 0.092 0.008 0.015 0.051 0.018 0.001 0.046 0.047 0.022 0.009 0.001 0.011 0.012 0.021 0.001 0.009 0.009 0.012 0.001 0.016 0.004 0.011 0.01 0.004 0.002 0.005 0.001 0.018 0.005 0.006
0.002 0 0 0.031 0.018 0.012 0.017 0.127 0.003 0.013 0.009 0.316 0.005 0.032 0.037 0 0.023 0.005 0.285 0.048 1 0.065 0.254 0.062 0.036 0.117 0.012 0.321 0.02 0.004 0.005 0.032 0.125 0.157 0.006 0.005 0.008 0.041 0.009 0.037 0.187 0.007 0.049 0.244 0.716 0.001 0.011 0.237 0.099 0.017 0.003 0.479 0.738 0.696 0.639 0.005 0.536 0.182 0.061 0.017 0.416 0.01 0.003 0.003 0.245 0.018 0.512 0.011 0.045 0.008 0.169 0.003 0.541 0.005 0.01 0.075
0.145 0.124 0.115 0.304 0.026 0.016 0.039 0.264 0.005 0.031 0.018 0.022 0.011 0.115 0.118 0.03 0.044 0.01 0.019 0.114 0.065 1 0.469 0.12 0.069 0.222 0.023 0.019 0.038 0.008 0.009 0.054 0.207 0.059 0.011 0.012 0.113 0.018 0.02 0.019 0.086 0.076 0.081 0.026 0.066 0.03 0.023 0.019 0.034 0.157 0.002 0.082 0.042 0.037 0.047 0.003 0.069 0.017 0.007 0.015 0.065 0.076 0.001 0.007 0.017 0.03 0.069 0.091 0.005 0.004 0.016 0.005 0.06 0.002 0.039 0.006
0.137 0.104 0.097 0.379 0.057 0.036 0.072 0.503 0.009 0.056 0.035 0.082 0.021 0.182 0.192 0.025 0.087 0.019 0.075 0.207 0.254 0.469 1 0.235 0.135 0.445 0.046 0.089 0.075 0.016 0.018 0.111 0.429 0.246 0.022 0.021 0.056 0 0.036 0 0.321 0.036 0.167 0.055 0.164 0.012 0.044 0.059 0.153 0.055 0.006 0.071 0.212 0.207 0.166 0 0.1 0.041 0.013 0 0.068 0.028 0 0.012 0.065 0.061 0.089 0.035 0.009 0.015 0.037 0.01 0.113 0 0.009 0.018
0.544 0.616 0.663 0.294 0.261 0.167 0.315 0.363 0.005 0.249 0.148 0.021 0.088 0.82 0.75 0.006 0.369 0.082 0.018 0.954 0.062 0.12 0.235 1 0.548 0.478 0.022 0.021 0.215 0.068 0.077 0.487 0.39 0.285 0.001 0.08 0.015 0.108 0.069 0.08 0.219 0.012 0.011 0.044 0.027 0.008 0.097 0.006 0.02 0.052 0.019 0 0.059 0.056 0.031 0.01 0.002 0.011 0.012 0.017 0.002 0.01 0.009 0.013 0.005 0.015 0.007 0.012 0.009 0.003 0.003 0.005 0.004 0.02 0.005 0.006
0.285 0.309 0.35 0.154 0.019 0.012 0.546 0.184 0.003 0.433 0.255 0.012 0.006 0.443 0.412 0.003 0.556 0.142 0.01 0.523 0.036 0.069 0.135 0.548 1 0.271 0.013 0.012 0.021 0.004 0.005 0.89 0.236 0.183 0.006 0.006 0.008 0.27 0.011 0.213 0.152 0.007 0.05 0.038 0.012 0.005 0 0.058 0.036 0.031 0 0.01 0.043 0.041 0.014 0.001 0.008 0.009 0.008 0.009 0.01 0.007 0.005 0.003 0.003 0.005 0.015 0.008 0.007 0.009 0.009 0.003 0.012 0.001 0.004 0.003
0.324 0.269 0.306 0.597 0.127 0.08 0.157 0.697 0.009 0.124 0.075 0.04 0.044 0.364 0.367 0.01 0.185 0.041 0.035 0.444 0.117 0.222 0.445 0.478 0.271 1 0.043 0.041 0.101 0.035 0.039 0.255 0.854 0.649 0.037 0.038 0.029 0.034 0.029 0.018 0.511 0.023 0.159 0.002 0.082 0.011 0.043 0.01 0.219 0.151 0.009 0.025 0.124 0.117 0.081 0.001 0.033 0.022 0.015 0.004 0.032 0.024 0.018 0.003 0.024 0.002 0.049 0.028 0.011 0.032 0.014 0.023 0.044 0.001 0.008 0.018
0.007 0.025 0.025 0.017 0.006 0.004 0.007 0.023 0.055 0.006 0.003 0.004 0.002 0.019 0.014 0.001 0.008 0.002 0.003 0.023 0.012 0.023 0.046 0.022 0.013 0.043 1 0.004 0.007 0.001 0.002 0.013 0.045 0.056 0 0.002 0.003 0.014 0.004 0.013 0.019 0.002 0.107 0.032 0.015 0.007 0.004 0.026 0.038 0.008 0.001 0.022 0.014 0.013 0.016 0.002 0.019 0.003 0.003 0.003 0.019 0.003 0.032 0.001 0.006 0.247 0.019 0.004 0.002 0 0.004 0.001 0.018 0.002 0.004 0.003
0.029 0.024 0.024 0.054 0.006 0.004 0.007 0.04 0.001 0.005 0.003 0.004 0.002 0.011 0.013 0.003 0.008 0.002 0.846 0.013 0.321 0.019 0.089 0.021 0.012 0.041 0.004 1 0.007 0.001 0.002 0.012 0.042 0.053 0.002 0.002 0.003 0.014 0.003 0.012 0.063 0.002 0.016 0.081 0.257 0.002 0.004 0.066 0.035 0.02 0.001 0.169 0.251 0.222 0.236 0.002 0.194 0.003 0 0.003 0.098 0.003 0.002 0.001 0.553 0.006 0.192 0.004 0 0.003 0.004 0.001 0.208 0.002 0.004 0
0.149 0.19 0.183 0.059 0.806 0.506 0.012 0.081 0.001 0.009 0.005 0.007 0.275 0.197 0.178 0.002 0.013 0.003 0.006 0.203 0.02 0.038 0.075 0.215 0.021 0.101 0.007 0.007 1 0.214 0.242 0.021 0.132 0.09 0.003 0.291 0.005 0.024 0.498 0.009 0.061 0.004 0.004 0.021 0.016 0.003 0.376 0.031 0.004 0.033 0.037 0.049 0.014 0.013 0.017 0.013 0.001 0.001 0.004 0.1 0.022 0.002 0.003 0.167 0.002 0.01 0.012 0.003 0.003 0.001 0.001 0.002 0.001 0.029 0.001 0.004
0.049 0.06 0.059 0.025 0.238 0.369 0.003 0.03 0 0.002 0.001 0.001 0.001 0.059 0.054 0 0.003 0.001 0.001 0.065 0.004 0.008 0.016 0.068 0.004 0.035 0.001 0.001 0.214 1 0.879 0.004 0.015 0.01 0.001 0.038 0.001 0.005 0.261 0.005 0.003 0.001 0.006 0.014 0.001 0.001 0.077 0.005 0.013 0.003 0.022 0.015 0.001 0.001 0.001 0.009 0 0.002 0.001 0.011 0.008 0.001 0.001 0.06 0.002 0.002 0.005 0.001 0.001 0.001 0.023 0 0.001 0.044 0 0.001
0.056 0.067 0.067 0.029 0.269 0.418 0.003 0.034 0 0.002 0.001 0.002 0.001 0.067 0.061 0 0.003 0.001 0.001 0.074 0.005 0.009 0.018 0.077 0.005 0.039 0.002 0.002 0.242 0.879 1 0.005 0.018 0.014 0.001 0.082 0.001 0.006 0.314 0.005 0.005 0.001 0.007 0.018 0.001 0.001 0.112 0.007 0.015 0.004 0.019 0.021 0.001 0.001 0.002 0.007 0.003 0.001 0.001 0.035 0.014 0.001 0.001 0.052 0 0.003 0.011 0.002 0.001 0.001 0.019 0 0.003 0.038 0 0.001
0.257 0.28 0.317 0.13 0.019 0.012 0.531 0.153 0.003 0.419 0.254 0.008 0.006 0.384 0.362 0.003 0.542 0.141 0.01 0.464 0.032 0.054 0.111 0.487 0.89 0.255 0.013 0.012 0.021 0.004 0.005 1 0.264 0.209 0.006 0.006 0.008 0.312 0.011 0.251 0.175 0.007 0.05 0.054 0.01 0.005 0 0.075 0.048 0.033 0.001 0.008 0.038 0.036 0.012 0.003 0.007 0.009 0.008 0.009 0.01 0.009 0.006 0.003 0.001 0.005 0.013 0.011 0.007 0.009 0.009 0.003 0.012 0.003 0.011 0.003
0.267 0.218 0.25 0.512 0.103 0.06 0.143 0.609 0.01 0.112 0.072 0.04 0.043 0.308 0.309 0.012 0.165 0.04 0.036 0.368 0.125 0.207 0.429 0.39 0.236 0.854 0.045 0.042 0.132 0.015 0.018 0.264 1 0.758 0.036 0.047 0.03 0.047 0.079 0.041 0.606 0.024 0.151 0 0.089 0.017 0.095 0.007 0.23 0.185 0.009 0.013 0.132 0.126 0.088 0 0.037 0.023 0.016 0.003 0.017 0.029 0.02 0.029 0.026 0.001 0.03 0.033 0.013 0.031 0.015 0.022 0.048 0.001 0.013 0.02
0.175 0.137 0.163 0.341 0.064 0.031 0.112 0.424 0.012 0.087 0.056 0.051 0.034 0.22 0.232 0.015 0.129 0.032 0.045 0.261 0.157 0.059 0.246 0.285 0.183 0.649 0.056 0.053 0.09 0.01 0.014 0.209 0.758 1 0.028 0.028 0.038 0.231 0.054 0.229 0.79 0.031 0.105 0.017 0.118 0.008 0.076 0 0.344 0.182 0.002 0.031 0.165 0.152 0.115 0.002 0.06 0.03 0.02 0.001 0.033 0.035 0.025 0.019 0.032 0 0.051 0.04 0.016 0.022 0.025 0.018 0.073 0.005 0.009 0.025
0.004 0.001 0.001 0.035 0.004 0.002 0.003 0.042 0 0.003 0.001 0.002 0.029 0.002 0.002 0.001 0.004 0.001 0.002 0.001 0.006 0.011 0.022 0.001 0.006 0.037 0 0.002 0.003 0.001 0.001 0.006 0.036 0.028 1 0.001 0.001 0.002 0.002 0.006 0.031 0.001 0.121 0.023 0.007 0.001 0.002 0.016 0.056 0.015 0.007 0.011 0.007 0.007 0.008 0.002 0.01 0.002 0.001 0.001 0.01 0.002 0.001 0.001 0.003 0.003 0.01 0.002 0.001 0.558 0.002 0 0.009 0.001 0.002 0.002
0.057 0.069 0.069 0.024 0.287 0.447 0.004 0.033 0 0.003 0.002 0.001 0.001 0.079 0.075 0.001 0.004 0.001 0.002 0.076 0.005 0.012 0.021 0.08 0.006 0.038 0.002 0.002 0.291 0.038 0.082 0.006 0.047 0.028 0.001 1 0.001 0.007 0.317 0.006 0.023 0.001 0.009 0.045 0.003 0.001 0.246 0.004 0.019 0.016 0.084 0.05 0.002 0.002 0.003 0.038 0.028 0.001 0.001 0.206 0.017 0.002 0.001 0.028 0.001 0.003 0.006 0.002 0.001 0.001 0 0.001 0.031 0.038 0 0.002
0.016 0.014 0.017 0.04 0.004 0.003 0.005 0.034 0.001 0.004 0.002 0.003 0.001 0.017 0.019 0.001 0.005 0.001 0.002 0.015 0.008 0.113 0.056 0.015 0.008 0.029 0.003 0.003 0.005 0.001 0.001 0.008 0.03 0.038 0.001 0.001 1 0.01 0.002 0.009 0.045 0.002 0.012 0.009 0.01 0.001 0.003 0.021 0.023 0.001 0.001 0.015 0.01 0.009 0.011 0.001 0.013 0.002 0.002 0.002 0.013 0.002 0.041 0.001 0.004 0.004 0.013 0.003 0.002 0.008 0.003 0.001 0.012 0 0.002 0.002
0.061 0.057 0.074 0.008 0.02 0.012 0.306 0.014 0.003 0.215 0.096 0.013 0.006 0.082 0.083 0.004 0.32 0.005 0.012 0.101 0.041 0.018 0 0.108 0.27 0.034 0.014 0.014 0.024 0.005 0.006 0.312 0.047 0.231 0.002 0.007 0.01 1 0.012 0.826 0.192 0.008 0.049 0.223 0.044 0.054 0 0.171 0.207 0.022 0.003 0.038 0.042 0.037 0.045 0.006 0.028 0.011 0.007 0.01 0.028 0.009 0.006 0.004 0.002 0.006 0.037 0.003 0.006 0.004 0.01 0.003 0.025 0.006 0 0.008
0.045 0.062 0.057 0.013 0.287 0.456 0.006 0.02 0.001 0.005 0.003 0.002 0.002 0.069 0.063 0.001 0.007 0.002 0.003 0.064 0.009 0.02 0.036 0.069 0.011 0.029 0.004 0.003 0.498 0.261 0.314 0.011 0.079 0.054 0.002 0.317 0.002 0.012 1 0.001 0.044 0.002 0.014 0.077 0.007 0.001 0.523 0.01 0.032 0.026 0.047 0.101 0.007 0.006 0.008 0.019 0.003 0 0.002 0.081 0.088 0.003 0.002 0.309 0 0.005 0.061 0.003 0.002 0.002 0.005 0.001 0.002 0.019 0.001 0.003
0.036 0.053 0.052 0.002 0.018 0.011 0.328 0.005 0.003 0.228 0.101 0.012 0.006 0.059 0.062 0.003 0.24 0.005 0.01 0.075 0.037 0.019 0 0.08 0.213 0.018 0.013 0.012 0.009 0.005 0.005 0.251 0.041 0.229 0.006 0.006 0.009 0.826 0.001 1 0.193 0.007 0.053 0.236 0.04 0.06 0.002 0.148 0.229 0.023 0.003 0.046 0.038 0.033 0.041 0.005 0.051 0.01 0.006 0.009 0.035 0.008 0.006 0.002 0.015 0.005 0.036 0.009 0.005 0.009 0.011 0.003 0.047 0.005 0.002 0.007
0.133 0.091 0.112 0.438 0.04 0.017 0.094 0.542 0.005 0.073 0.048 0.061 0.027 0.169 0.177 0.018 0.109 0.027 0.054 0.198 0.187 0.086 0.321 0.219 0.152 0.511 0.019 0.063 0.061 0.003 0.005 0.175 0.606 0.79 0.031 0.023 0.045 0.192 0.044 0.193 1 0.037 0.251 0.003 0.16 0.006 0.064 0.005 0.499 0.251 0.005 0.058 0.216 0.2 0.159 0.001 0.095 0.05 0.026 0 0.059 0.043 0.019 0.015 0.043 0.063 0.081 0.049 0.021 0.023 0.039 0.015 0.11 0.003 0.013 0.032
0.016 0.014 0.014 0.032 0.003 0.002 0.004 0.027 0 0.003 0.002 0.002 0.001 0.014 0.015 0 0.004 0.001 0.002 0.01 0.007 0.076 0.036 0.012 0.007 0.023 0.002 0.002 0.004 0.001 0.001 0.007 0.024 0.031 0.001 0.001 0.002 0.008 0.002 0.007 0.037 1 0.006 0.023 0.007 0.001 0.002 0.009 0.019 0.042 0 0.008 0.004 0.004 0.003 0.001 0.01 0.002 0.001 0.002 0.007 0.351 0.001 0.001 0.003 0.003 0.01 0.336 0.001 0.002 0.002 0.001 0.006 0.001 0.004 0.002
0.001 0.022 0.018 0.268 0.007 0.016 0.028 0.303 0.004 0.022 0.012 0.016 0.108 0.017 0.011 0.005 0.019 0.007 0.014 0.013 0.049 0.081 0.167 0.011 0.05 0.159 0.107 0.016 0.004 0.006 0.007 0.05 0.151 0.105 0.121 0.009 0.012 0.049 0.014 0.053 0.251 0.006 1 0.189 0.06 0.007 0.017 0.116 0.425 0.099 0 0.091 0.058 0.056 0.065 0.001 0.08 0.013 0.011 0.012 0.081 0.007 0.008 0.005 0.025 0.223 0.08 0.008 0.01 0.117 0.015 0.058 0.074 0.004 0.001 0.013
0.071 0.088 0.1 0.001 0.009 0.047 0.078 0.012 0.01 0.051 0.018 0.085 0.02 0.052 0.048 0 0.072 0.02 0.073 0.048 0.244 0.026 0.055 0.044 0.038 0.002 0.032 0.081 0.021 0.014 0.018 0.054 0 0.017 0.023 0.045 0.009 0.223 0.077 0.236 0.003 0.023 0.189 1 0.241 0.027 0.092 0.446 0 0.061 0 0.348 0.257 0.238 0.197 0.003 0.275 0.068 0.035 0.056 0.28 0.033 0.001 0.026 0.103 0.041 0.283 0.037 0.028 0.031 0.074 0.011 0.285 0.004 0.02 0.034
0 0.001 0.001 0.023 0.011 0.005 0 0.081 0.003 0 0.003 0.228 0.007 0.013 0.014 0 0.002 0.006 0.228 0.019 0.716 0.066 0.164 0.027 0.012 0.082 0.015 0.257 0.016 0.001 0.001 0.01 0.089 0.118 0.007 0.003 0.01 0.044 0.007 0.04 0.16 0.007 0.06 0.241 1 0.006 0.015 0.308 0.132 0.028 0.003 0.631 0.801 0.755 0.857 0.006 0.691 0.19 0.117 0.015 0.543 0.012 0.007 0.002 0.219 0.022 0.631 0.013 0.099 0.01 0.164 0.004 0.669 0.006 0.013 0.125
0 0.004 0.004 0.015 0.001 0.001 0.003 0.017 0 0.002 0.001 0.002 0.001 0.006 0.002 0 0.003 0.001 0.001 0.007 0.001 0.03 0.012 0.008 0.005 0.011 0.007 0.002 0.003 0.001 0.001 0.005 0.017 0.008 0.001 0.001 0.001 0.054 0.001 0.06 0.006 0.001 0.007 0.027 0.006 1 0.002 0.006 0.014 0.018 0 0.009 0.005 0.005 0.006 0.001 0.008 0.001 0.001 0.001 0.006 0 0.001 0 0.002 0.002 0.008 0 0.001 0.001 0.001 0 0.007 0.001 0.012 0.001
0.065 0.058 0.082 0.024 0.208 0.339 0.007 0.032 0.001 0.005 0.003 0.003 0.002 0.095 0.086 0.001 0.004 0.002 0.003 0.092 0.011 0.023 0.044 0.097 0 0.043 0.004 0.004 0.376 0.077 0.112 0 0.095 0.076 0.002 0.246 0.003 0 0.523 0.002 0.064 0.002 0.017 0.092 0.015 0.002 1 0.002 0.038 0.031 0.001 0.189 0.014 0.014 0.016 0.002 0.039 0.003 0.003 0.174 0.118 0.003 0.002 0.229 0.012 0.006 0.069 0.004 0.002 0.003 0.001 0.001 0.036 0.002 0.004 0.003
0.019 0.028 0.036 0.006 0.03 0.015 0.1 0.026 0 0.064 0.036 0.08 0.014 0.01 0.01 0.002 0.091 0.014 0.057 0.008 0.237 0.019 0.059 0.006 0.058 0.01 0.026 0.066 0.031 0.005 0.007 0.075 0.007 0 0.016 0.004 0.021 0.171 0.01 0.148 0.005 0.009 0.116 0.446 0.308 0.006 0.002 1 0 0.039 0.007 0.248 0.315 0.323 0.306 0.013 0.272 0.083 0.038 0.005 0.248 0.019 0.005 0.002 0.101 0.044 0.236 0.022 0.03 0.022 0.068 0.001 0.283 0.014 0.01 0.055
0.019 0.004 0.005 0.247 0.002 0.036 0.097 0.29 0.008 0.064 0.026 0.035 0.038 0.007 0.013 0.01 0.073 0.009 0.03 0.015 0.099 0.034 0.153 0.02 0.036 0.219 0.038 0.035 0.004 0.013 0.015 0.048 0.23 0.344 0.056 0.019 0.023 0.207 0.032 0.229 0.499 0.019 0.425 0 0.132 0.014 0.038 0 1 0.147 0 0.2 0.127 0.121 0.144 0.006 0.175 0.028 0.024 0.026 0.178 0.023 0.016 0.012 0.056 0.167 0.177 0.026 0.021 0.049 0.033 0.027 0.163 0.011 0.003 0.028
0.067 0.045 0.058 0.191 0.021 0.009 0.029 0.204 0.009 0.035 0.023 0.003 0.014 0.031 0.026 0.021 0.022 0.003 0.018 0.051 0.017 0.157 0.055 0.052 0.031 0.151 0.008 0.02 0.033 0.003 0.004 0.033 0.185 0.182 0.015 0.016 0.001 0.022 0.026 0.023 0.251 0.042 0.099 0.061 0.028 0.018 0.031 0.039 0.147 1 0.007 0.066 0.023 0.02 0.031 0.001 0.045 0.004 0.004 0.021 0.05 0.072 0.037 0.01 0.026 0.043 0.054 0.083 0.009 0.016 0 0.007 0.04 0.003 0.031 0.012
0.007 0.009 0.009 0.008 0.042 0.041 0.002 0.013 0 0.001 0.001 0.001 0.004 0.016 0.014 0 0.002 0.001 0.001 0.018 0.003 0.002 0.006 0.019 0 0.009 0.001 0.001 0.037 0.022 0.019 0.001 0.009 0.002 0.007 0.084 0.001 0.003 0.047 0.003 0.005 0 0 0 0.003 0 0.001 0.007 0 0.007 1 0.005 0.003 0.003 0.003 0.511 0.004 0.001 0.001 0.001 0.004 0.001 0 0 0.001 0.001 0.004 0.001 0.001 0.004 0.001 0 0.004 0.359 0.005 0.001
0.017 0.023 0.031 0.004 0.022 0.063 0.005 0.031 0.005 0.002 0 0.142 0.009 0.003 0.002 0.001 0 0.01 0.15 0.001 0.479 0.082 0.071 0 0.01 0.025 0.022 0.169 0.049 0.015 0.021 0.008 0.013 0.031 0.011 0.05 0.015 0.038 0.101 0.046 0.058 0.008 0.091 0.348 0.631 0.009 0.189 0.248 0.2 0.066 0.005 1 0.633 0.594 0.664 0.009 0.8 0.14 0.074 0.126 0.809 0.018 0.01 0.047 0.269 0.033 0.805 0.02 0.067 0.015 0.164 0.005 0.775 0.009 0.02 0.091
0.004 0.001 0.001 0.042 0.01 0.005 0.021 0.123 0.003 0.016 0.011 0.225 0.006 0.034 0.035 0 0.027 0.006 0.22 0.046 0.738 0.042 0.212 0.059 0.043 0.124 0.014 0.251 0.014 0.001 0.001 0.038 0.132 0.165 0.007 0.002 0.01 0.042 0.007 0.038 0.216 0.004 0.058 0.257 0.801 0.005 0.014 0.315 0.127 0.023 0.003 0.633 1 0.919 0.853 0.006 0.7 0.221 0.123 0.023 0.573 0.011 0.006 0.002 0.27 0.021 0.65 0.013 0.11 0.009 0.204 0.003 0.725 0.006 0.012 0.151
0.003 0.001 0.001 0.038 0.01 0.004 0.019 0.119 0.003 0.015 0.01 0.209 0.005 0.032 0.033 0 0.026 0.006 0.196 0.047 0.696 0.037 0.207 0.056 0.041 0.117 0.013 0.222 0.013 0.001 0.001 0.036 0.126 0.152 0.007 0.002 0.009 0.037 0.006 0.033 0.2 0.004 0.056 0.238 0.755 0.005 0.014 0.323 0.121 0.02 0.003 0.594 0.919 1 0.811 0.006 0.666 0.232 0.14 0.011 0.591 0.011 0.006 0.002 0.226 0.02 0.617 0.012 0.126 0.009 0.215 0.003 0.689 0.006 0.012 0.169
0 0 0 0.023 0.013 0.006 0.001 0.082 0.003 0 0.002 0.176 0.006 0.015 0.017 0 0.003 0.007 0.209 0.022 0.639 0.047 0.166 0.031 0.014 0.081 0.016 0.236 0.017 0.001 0.002 0.012 0.088 0.115 0.008 0.003 0.011 0.045 0.008 0.041 0.159 0.003 0.065 0.197 0.857 0.006 0.016 0.306 0.144 0.031 0.003 0.664 0.853 0.811 1 0.006 0.761 0.194 0.148 0.018 0.622 0.011 0.007 0.003 0.25 0.024 0.699 0.012 0.116 0.01 0.178 0.004 0.705 0.007 0.014 0.14
0.002 0.004 0.004 0.001 0.015 0.016 0.003 0.003 0 0.002 0.001 0.002 0.001 0.008 0.006 0 0.003 0 0.001 0.009 0.005 0.003 0 0.01 0.001 0.001 0.002 0.002 0.013 0.009 0.007 0.003 0 0.002 0.002 0.038 0.001 0.006 0.019 0.005 0.001 0.001 0.001 0.003 0.006 0.001 0.002 0.013 0.006 0.001 0.511 0.009 0.006 0.006 0.006 1 0.008 0.001 0.001 0.001 0.008 0.001 0.001 0.001 0.003 0.003 0.008 0.002 0.001 0.001 0.002 0 0.008 0.316 0.139 0.001
0.007 0.01 0.016 0.005 0.003 0.017 0.006 0.036 0.004 0.002 0 0.16 0.008 0 0 0 0 0.008 0.172 0.001 0.536 0.069 0.1 0.002 0.008 0.033 0.019 0.194 0.001 0 0.003 0.007 0.037 0.06 0.01 0.028 0.013 0.028 0.003 0.051 0.095 0.01 0.08 0.275 0.691 0.008 0.039 0.272 0.175 0.045 0.004 0.8 0.7 0.666 0.761 0.008 1 0.152 0.127 0.144 0.718 0.016 0.009 0.003 0.312 0.029 0.738 0.018 0.12 0.013 0.18 0.005 0.887 0.008 0.017 0.129
0.037 0.044 0.044 0.016 0.001 0 0.005 0.021 0.001 0.004 0.002 0.021 0.001 0.001 0 0.001 0.006 0.001 0.003 0.011 0.182 0.017 0.041 0.011 0.009 0.022 0.003 0.003 0.001 0.002 0.001 0.009 0.023 0.03 0.002 0.001 0.002 0.011 0 0.01 0.05 0.002 0.013 0.068 0.19 0.001 0.003 0.083 0.028 0.004 0.001 0.14 0.221 0.232 0.194 0.001 0.152 1 0 0.002 0.155 0.003 0.001 0.001 0.004 0.005 0.124 0.003 0 0.002 0.378 0.001 0.145 0.001 0.003 0
0.012 0.01 0.01 0.016 0.002 0.001 0.002 0.012 0.001 0.001 0.002 0.179 0.001 0.013 0.015 0 0.005 0.001 0 0.012 0.061 0.007 0.013 0.012 0.008 0.015 0.003 0 0.004 0.001 0.001 0.008 0.016 0.02 0.001 0.001 0.002 0.007 0.002 0.006 0.026 0.001 0.011 0.035 0.117 0.001 0.003 0.038 0.024 0.004 0.001 0.074 0.123 0.14 0.148 0.001 0.127 0 1 0.002 0.125 0.002 0.001 0.001 0.004 0.004 0.121 0.002 0.366 0.001 0 0.001 0.107 0.001 0.002 0.456
0.009 0.015 0.013 0 0.103 0.171 0.005 0.001 0.001 0.004 0.002 0.084 0.001 0.017 0.014 0.001 0.005 0.001 0.002 0.021 0.017 0.015 0 0.017 0.009 0.004 0.003 0.003 0.1 0.011 0.035 0.009 0.003 0.001 0.001 0.206 0.002 0.01 0.081 0.009 0 0.002 0.012 0.056 0.015 0.001 0.174 0.005 0.026 0.021 0.001 0.126 0.023 0.011 0.018 0.001 0.144 0.002 0.002 1 0.08 0.002 0.001 0.001 0.003 0.004 0.055 0.003 0.002 0.002 0.042 0.001 0.139 0.001 0.003 0.002
0.008 0.012 0.018 0.005 0.005 0.023 0.007 0.038 0.004 0.003 0 0.149 0.008 0 0 0 0.001 0.008 0.103 0.001 0.416 0.065 0.068 0.002 0.01 0.032 0.019 0.098 0.022 0.008 0.014 0.01 0.017 0.033 0.01 0.017 0.013 0.028 0.088 0.035 0.059 0.007 0.081 0.28 0.543 0.006 0.118 0.248 0.178 0.05 0.004 0.809 0.573 0.591 0.622 0.008 0.718 0.155 0.125 0.08 1 0.016 0.009 0.054 0.2 0.03 0.839 0.018 0.118 0.013 0.182 0.005 0.705 0.008 0.017 0.127
0.016 0.012 0.012 0.036 0.002 0.003 0.003 0.03 0.001 0.002 0.003 0.003 0 0.009 0.011 0 0.004 0.001 0.003 0.009 0.01 0.076 0.028 0.01 0.007 0.024 0.003 0.003 0.002 0.001 0.001 0.009 0.029 0.035 0.002 0.002 0.002 0.009 0.003 0.008 0.043 0.351 0.007 0.033 0.012 0 0.003 0.019 0.023 0.072 0.001 0.018 0.011 0.011 0.011 0.001 0.016 0.003 0.002 0.002 0.016 1 0.001 0.001 0.005 0.005 0.016 0.9 0.002 0.002 0.003 0.001 0.015 0.001 0.037 0.003
0.011 0.009 0.009 0.022 0.003 0.002 0.003 0.021 0.309 0.003 0.001 0 0.001 0.003 0.001 0 0.004 0.001 0.002 0.009 0.003 0.001 0 0.009 0.005 0.018 0.032 0.002 0.003 0.001 0.001 0.006 0.02 0.025 0.001 0.001 0.041 0.006 0.002 0.006 0.019 0.001 0.008 0.001 0.007 0.001 0.002 0.005 0.016 0.037 0 0.01 0.006 0.006 0.007 0.001 0.009 0.001 0.001 0.001 0.009 0.001 1 0.001 0.003 0.003 0.009 0.002 0.001 0.001 0.002 0 0.008 0.001 0.002 0.001
0.006 0.009 0.009 0 0.059 0.097 0.002 0.002 0 0.002 0.001 0 0.001 0.016 0.015 0 0.002 0.001 0.001 0.012 0.003 0.007 0.012 0.013 0.003 0.003 0.001 0.001 0.167 0.06 0.052 0.003 0.029 0.019 0.001 0.028 0.001 0.004 0.309 0.002 0.015 0.001 0.005 0.026 0.002 0 0.229 0.002 0.012 0.01 0 0.047 0.002 0.002 0.003 0.001 0.003 0.001 0.001 0.001 0.054 0.001 0.001 1 0.001 0.002 0.046 0.001 0.001 0.001 0 0 0.003 0.001 0.001 0.001
0.004 0.006 0.002 0.02 0.001 0 0.011 0.023 0.001 0.009 0.005 0 0.002 0.002 0.002 0.001 0 0.003 0.483 0.001 0.245 0.017 0.065 0.005 0.003 0.024 0.006 0.553 0.002 0.002 0 0.001 0.026 0.032 0.003 0.001 0.004 0.002 0 0.015 0.043 0.003 0.025 0.103 0.219 0.002 0.012 0.101 0.056 0.026 0.001 0.269 0.27 0.226 0.25 0.003 0.312 0.004 0.004 0.003 0.2 0.005 0.003 0.001 1 0.01 0.284 0.006 0.004 0.004 0.004 0.002 0.316 0.003 0.006 0.001
0.004 0.014 0.014 0.073 0.009 0.006 0 0.079 0.001 0 0.005 0.006 0.003 0.017 0.02 0.002 0.002 0.003 0.005 0.016 0.018 0.03 0.061 0.015 0.005 0.002 0.247 0.006 0.01 0.002 0.003 0.005 0.001 0 0.003 0.003 0.004 0.006 0.005 0.005 0.063 0.003 0.223 0.041 0.022 0.002 0.006 0.044 0.167 0.043 0.001 0.033 0.021 0.02 0.024 0.003 0.029 0.005 0.004 0.004 0.03 0.005 0.003 0.002 0.01 1 0.029 0.006 0.004 0.004 0.005 0.001 0.027 0.003 0.001 0.005
0.001 0.005 0.006 0.016 0.001 0.011 0.007 0.054 0.004 0.003 0 0.157 0.008 0.001 0.002 0 0.003 0.008 0.17 0.004 0.512 0.069 0.089 0.007 0.015 0.049 0.019 0.192 0.012 0.005 0.011 0.013 0.03 0.051 0.01 0.006 0.013 0.037 0.061 0.036 0.081 0.01 0.08 0.283 0.631 0.008 0.069 0.236 0.177 0.054 0.004 0.805 0.65 0.617 0.699 0.008 0.738 0.124 0.121 0.055 0.839 0.016 0.009 0.046 0.284 0.029 1 0.018 0.119 0.013 0.186 0.005 0.696 0.008 0.016 0.123
0.019 0.015 0.015 0.041 0.002 0.004 0.004 0.034 0.001 0.003 0.003 0.004 0 0.011 0.013 0 0.005 0.002 0.003 0.011 0.011 0.091 0.035 0.012 0.008 0.028 0.004 0.004 0.003 0.001 0.002 0.011 0.033 0.04 0.002 0.002 0.003 0.003 0.003 0.009 0.049 0.336 0.008 0.037 0.013 0 0.004 0.022 0.026 0.083 0.001 0.02 0.013 0.012 0.012 0.002 0.018 0.003 0.002 0.003 0.018 0.9 0.002 0.001 0.006 0.006 0.018 1 0.002 0.003 0.003 0.001 0.016 0.002 0.07 0.003
0.002 0.001 0.001 0.004 0.001 0.001 0.001 0.01 0.001 0.001 0.002 0.052 0 0.01 0.012 0 0.005 0.001 0 0.01 0.045 0.005 0.009 0.009 0.007 0.011 0.002 0 0.003 0.001 0.001 0.007 0.013 0.016 0.001 0.001 0.002 0.006 0.002 0.005 0.021 0.001 0.01 0.028 0.099 0.001 0.002 0.03 0.021 0.009 0.001 0.067 0.11 0.126 0.116 0.001 0.12 0 0.366 0.002 0.118 0.002 0.001 0.001 0.004 0.004 0.119 0.002 1 0.001 0.002 0.001 0.098 0.001 0.002 0.4
0.007 0.004 0.005 0.028 0.001 0.003 0.005 0.034 0.001 0.004 0.002 0.002 0.018 0.005 0 0.001 0.005 0.001 0.002 0.004 0.008 0.004 0.015 0.003 0.009 0.032 0 0.003 0.001 0.001 0.001 0.009 0.031 0.022 0.558 0.001 0.008 0.004 0.002 0.009 0.023 0.002 0.117 0.031 0.01 0.001 0.003 0.022 0.049 0.016 0.004 0.015 0.009 0.009 0.01 0.001 0.013 0.002 0.001 0.002 0.013 0.002 0.001 0.001 0.004 0.004 0.013 0.003 0.001 1 0.003 0.001 0.012 0.001 0.003 0.002
0.02 0.026 0.028 0.002 0.002 0.007 0.006 0.016 0.001 0.005 0.003 0.089 0.002 0 0 0.001 0.005 0.002 0.003 0.002 0.169 0.016 0.037 0.003 0.009 0.014 0.004 0.004 0.001 0.023 0.019 0.009 0.015 0.025 0.002 0 0.003 0.01 0.005 0.011 0.039 0.002 0.015 0.074 0.164 0.001 0.001 0.068 0.033 0 0.001 0.164 0.204 0.215 0.178 0.002 0.18 0.378 0 0.042 0.182 0.003 0.002 0 0.004 0.005 0.186 0.003 0.002 0.003 1 0.001 0.177 0.002 0.003 0.001
0.002 0.006 0.006 0.017 0.002 0.001 0.002 0.019 0 0.001 0.001 0.001 0 0.006 0.001 0 0.002 0 0.001 0.005 0.003 0.005 0.01 0.005 0.003 0.023 0.001 0.001 0.002 0 0 0.003 0.022 0.018 0 0.001 0.001 0.003 0.001 0.003 0.015 0.001 0.058 0.011 0.004 0 0.001 0.001 0.027 0.007 0 0.005 0.003 0.003 0.004 0 0.005 0.001 0.001 0.001 0.005 0.001 0 0 0.002 0.001 0.005 0.001 0.001 0.001 0.001 1 0.004 0 0.001 0.001
0.004 0.006 0.011 0.01 0.003 0.017 0.011 0.045 0.004 0.006 0.002 0.16 0.007 0 0.001 0 0.002 0.008 0.185 0.001 0.541 0.06 0.113 0.004 0.012 0.044 0.018 0.208 0.001 0.001 0.003 0.012 0.048 0.073 0.009 0.031 0.012 0.025 0.002 0.047 0.11 0.006 0.074 0.285 0.669 0.007 0.036 0.283 0.163 0.04 0.004 0.775 0.725 0.689 0.705 0.008 0.887 0.145 0.107 0.139 0.705 0.015 0.008 0.003 0.316 0.027 0.696 0.016 0.098 0.012 0.177 0.004 1 0.008 0.016 0.139
0.007 0.011 0.011 0.001 0.033 0.039 0.003 0.004 0 0.002 0.001 0.002 0.001 0.016 0.013 0 0.003 0 0.001 0.018 0.005 0.002 0 0.02 0.001 0.001 0.002 0.002 0.029 0.044 0.038 0.003 0.001 0.005 0.001 0.038 0 0.006 0.019 0.005 0.003 0.001 0.004 0.004 0.006 0.001 0.002 0.014 0.011 0.003 0.359 0.009 0.006 0.006 0.007 0.316 0.008 0.001 0.001 0.001 0.008 0.001 0.001 0.001 0.003 0.003 0.008 0.002 0.001 0.001 0.002 0 0.008 1 0.089 0.001
0.01 0.007 0.007 0.014 0.001 0.001 0.006 0.009 0.001 0.005 0.003 0.003 0 0.005 0.006 0 0.007 0.002 0.003 0.005 0.01 0.039 0.009 0.005 0.004 0.008 0.004 0.004 0.001 0 0 0.011 0.013 0.009 0.002 0 0.002 0 0.001 0.002 0.013 0.004 0.001 0.02 0.013 0.012 0.004 0.01 0.003 0.031 0.005 0.02 0.012 0.012 0.014 0.139 0.017 0.003 0.002 0.003 0.017 0.037 0.002 0.001 0.006 0.001 0.016 0.07 0.002 0.003 0.003 0.001 0.016 0.089 1 0.003
0.001 0 0 0.008 0.002 0.001 0.003 0.016 0.001 0.002 0.002 0.111 0.001 0.007 0.009 0 0.006 0.004 0 0.006 0.075 0.006 0.018 0.006 0.003 0.018 0.003 0 0.004 0.001 0.001 0.003 0.02 0.025 0.002 0.002 0.002 0.008 0.003 0.007 0.032 0.002 0.013 0.034 0.125 0.001 0.003 0.055 0.028 0.012 0.001 0.091 0.151 0.169 0.14 0.001 0.129 0 0.456 0.002 0.127 0.003 0.001 0.001 0.001 0.005 0.123 0.003 0.4 0.002 0.001 0.001 0.139 0.001 0.003 1
