1 0.851 0.873 0.393 0.179 0.136 0.221 0.265 0.012 0.167 0.082 0.014 0.033 0.577 0.56 0.008 0.22 0.056 0.032 0.587 0.001 0.131 0.103 0.59 0.333 0.246 0.001 0.035 0.123 0.067 0.073 0.271 0.197 0.109 0 0.023 0.003 0.069 0.064 0.031 0.1 0.017 0.035 0.128 0 0.001 0.087 0.032 0 0.051 0.007 0.04 0 0 0.002 0.013 0.009 0.054 0.005 0.002 0.036 0.004 0.005 0.043 0.001 0.018 0.03 0.005 0.001 0.002 0.023 0.004 0.006 0.008 0.012 0.003
0.851 1 0.95 0.401 0.208 0.158 0.258 0.263 0.01 0.194 0.096 0.012 0.039 0.637 0.622 0.006 0.228 0.066 0.028 0.626 0 0.126 0.09 0.641 0.348 0.261 0.023 0.03 0.147 0.078 0.085 0.296 0.218 0.125 0.001 0.029 0.005 0.073 0.078 0.042 0.104 0.014 0.049 0.129 0.002 0.016 0.081 0.038 0.001 0.053 0.009 0.042 0 0 0.004 0.017 0.008 0.063 0.004 0.002 0.039 0.003 0.007 0.052 0.002 0.029 0.036 0.003 0.001 0.004 0.025 0.008 0.006 0.01 0.009 0.002
0.873 0.95 1 0.426 0.204 0.155 0.252 0.285 0.01 0.19 0.094 0.012 0.038 0.669 0.652 0.006 0.254 0.064 0.028 0.666 0 0.127 0.092 0.681 0.386 0.285 0.024 0.031 0.144 0.076 0.083 0.319 0.231 0.134 0.001 0.028 0.011 0.085 0.076 0.04 0.112 0.015 0.05 0.139 0.001 0.016 0.103 0.044 0.001 0.054 0.009 0.051 0 0 0.003 0.016 0.013 0.062 0.004 0.002 0.047 0.003 0.003 0.051 0 0.03 0.04 0.003 0.001 0.004 0.028 0.008 0.011 0.01 0.009 0.002
0.393 0.401 0.426 1 0.075 0.053 0.115 0.795 0.023 0.086 0.04 0.026 0.017 0.291 0.29 0.018 0.123 0.036 0.062 0.292 0.021 0.301 0.317 0.306 0.179 0.63 0 0.067 0.061 0.035 0.037 0.135 0.555 0.367 0.024 0.022 0.024 0.009 0.042 0 0.44 0.032 0.196 0.002 0.019 0.039 0.057 0.005 0.168 0.211 0.008 0.001 0.033 0.033 0.013 0.011 0.002 0.026 0.006 0.007 0.001 0.018 0.015 0.013 0.017 0.05 0 0.019 0.002 0.019 0.002 0.009 0.003 0.001 0.012 0.009
0.179 0.208 0.204 0.075 1 0.761 0.014 0.099 0.002 0.01 0.006 0.002 0.188 0.209 0.199 0 0.018 0.004 0.006 0.199 0.014 0.019 0.04 0.198 0.029 0.096 0.004 0.006 0.803 0.374 0.414 0.03 0.09 0.048 0.002 0.192 0.002 0.027 0.463 0.023 0.04 0.003 0 0.032 0.008 0.004 0.251 0.039 0.015 0.027 0.009 0.064 0.008 0.008 0.012 0.006 0 0.004 0 0.041 0.069 0 0.003 0.299 0.001 0.009 0.065 0 0 0 0 0.002 0 0.006 0.002 0
0.136 0.158 0.155 0.053 0.761 1 0.01 0.079 0.002 0.008 0.004 0.002 0.002 0.166 0.158 0 0.013 0.003 0.004 0.155 0.01 0.015 0.031 0.153 0.022 0.074 0.003 0.005 0.617 0.491 0.544 0.022 0.068 0.032 0.003 0.257 0.002 0.02 0.615 0.017 0.027 0.002 0.019 0.072 0.005 0.003 0.343 0.026 0.047 0.019 0.014 0.107 0.005 0.005 0.008 0.009 0.001 0.003 0 0.057 0.115 0.004 0.002 0.397 0 0.007 0.107 0.004 0 0.002 0.001 0.001 0.001 0.009 0.001 0
0.221 0.258 0.252 0.115 0.014 0.01 1 0.128 0.003 0.753 0.387 0.003 0.003 0.254 0.242 0.003 0.646 0.005 0.007 0.259 0.011 0.038 0.05 0.266 0.418 0.132 0.006 0.008 0.015 0.005 0.006 0.398 0.114 0.084 0 0.006 0.003 0.317 0.011 0.338 0.078 0.004 0.022 0.096 0.001 0.005 0.013 0.152 0.116 0.025 0.003 0.013 0.012 0.012 0.002 0.004 0.005 0.005 0 0.003 0.013 0.004 0.002 0.007 0.01 0.005 0.008 0.004 0 0 0.005 0.002 0.006 0.004 0.007 0
0.265 0.263 0.285 0.795 0.099 0.079 0.128 1 0.02 0.096 0.046 0.023 0.019 0.384 0.374 0.016 0.139 0.041 0.044 0.374 0.108 0.276 0.446 0.389 0.218 0.765 0.001 0.049 0.088 0.039 0.042 0.159 0.671 0.451 0.028 0.028 0.021 0.016 0.051 0.003 0.535 0.029 0.222 0 0.064 0.038 0.066 0.016 0.204 0.271 0.011 0.004 0.095 0.094 0.051 0.014 0.017 0.027 0.005 0.009 0.003 0.026 0.016 0.027 0.013 0.058 0.004 0.027 0.004 0.022 0.007 0.011 0.017 0.002 0.008 0.013
0.012 0.01 0.01 0.023 0.002 0.002 0.003 0.02 1 0.002 0.002 0 0 0.008 0.001 0 0.003 0.001 0.001 0.009 0.003 0.001 0.003 0.009 0.006 0.018 0.047 0.001 0.002 0.001 0.001 0.006 0.018 0.011 0.001 0.001 0 0 0.002 0 0.007 0.001 0.005 0.006 0.003 0.008 0.002 0 0.012 0.033 0 0.006 0.003 0.003 0.004 0.001 0.005 0.001 0.001 0 0.006 0.001 0.38 0.001 0.002 0.002 0.006 0.001 0.001 0.001 0.001 0 0.005 0.001 0.001 0.001
0.167 0.194 0.19 0.086 0.01 0.008 0.753 0.096 0.002 1 0.515 0.002 0.002 0.188 0.179 0.002 0.47 0.004 0.005 0.192 0.008 0.028 0.035 0.197 0.304 0.097 0.005 0.006 0.011 0.004 0.004 0.287 0.08 0.057 0 0.004 0.002 0.204 0.008 0.209 0.054 0.003 0.015 0.058 0 0.004 0.009 0.099 0.071 0.043 0.002 0.006 0.008 0.007 0 0.003 0.001 0.004 0 0.002 0.006 0.002 0.002 0.005 0.007 0.003 0.003 0.002 0 0 0.004 0.001 0.002 0.003 0.006 0
0.082 0.096 0.094 0.04 0.006 0.004 0.387 0.046 0.002 0.515 1 0.001 0.001 0.101 0.11 0.001 0.298 0.002 0.003 0.103 0.007 0.016 0.021 0.106 0.156 0.051 0 0.003 0.007 0.002 0.003 0.152 0.051 0.036 0.001 0.002 0.001 0.126 0.005 0.117 0.036 0.002 0.006 0.032 0.001 0.002 0.005 0.048 0.046 0.02 0.001 0.004 0.006 0.006 0.001 0.002 0.002 0.002 0.002 0.001 0.007 0.003 0.002 0.003 0.003 0.005 0.003 0.003 0.001 0.001 0.002 0.001 0.004 0.002 0.003 0.002
0.014 0.012 0.012 0.026 0.002 0.002 0.003 0.023 0 0.002 0.001 1 0 0.008 0.008 0.001 0.004 0.001 0.001 0.007 0.152 0.007 0.036 0.011 0.006 0.021 0.001 0.001 0.003 0.001 0.001 0.004 0.02 0.026 0.001 0 0 0.006 0.001 0.005 0.028 0 0.006 0.031 0.092 0.001 0.002 0.022 0.013 0.003 0 0.059 0.113 0.087 0.085 0.001 0.072 0 0.263 0.006 0.05 0.001 0.001 0.001 0 0.001 0.059 0.001 0.06 0.001 0.006 0 0.069 0.001 0.001 0.192
0.033 0.039 0.038 0.017 0.188 0.002 0.003 0.019 0 0.002 0.001 0 1 0.04 0.038 0 0.003 0.001 0.001 0.041 0.003 0.006 0.01 0.042 0.006 0.021 0.001 0.001 0.168 0.001 0.001 0.006 0.021 0.017 0.038 0.001 0 0.005 0.002 0.004 0.015 0.001 0.081 0.015 0.003 0.001 0.002 0.011 0.024 0.009 0 0.006 0.003 0.003 0.004 0 0.005 0.001 0.001 0 0.006 0.016 0.001 0.001 0.002 0.002 0.006 0.015 0.001 0.004 0.001 0 0.005 0 0.001 0.001
0.577 0.637 0.669 0.291 0.209 0.166 0.254 0.384 0.008 0.188 0.101 0.008 0.04 1 0.935 0.006 0.308 0.086 0.022 0.854 0.054 0.102 0.178 0.872 0.498 0.398 0.02 0.024 0.163 0.081 0.094 0.393 0.33 0.233 0 0.036 0.01 0.113 0.089 0.059 0.208 0.014 0.034 0.078 0.028 0.017 0.119 0.014 0.002 0.07 0.013 0.006 0.047 0.049 0.016 0.022 0.002 0.018 0.008 0.004 0.007 0.003 0.004 0.074 0 0.027 0.009 0.003 0.006 0.003 0.003 0.007 0.002 0.014 0.003 0.009
0.56 0.622 0.652 0.29 0.199 0.158 0.242 0.374 0.001 0.179 0.11 0.008 0.038 0.935 1 0.006 0.292 0.082 0.023 0.812 0.056 0.1 0.179 0.83 0.481 0.379 0.012 0.026 0.154 0.078 0.089 0.379 0.314 0.227 0.001 0.035 0.011 0.116 0.085 0.062 0.203 0.014 0.034 0.077 0.028 0.011 0.114 0.012 0.002 0.062 0.012 0.005 0.048 0.049 0.017 0.021 0.003 0.011 0.009 0.004 0.004 0.003 0 0.072 0 0.028 0.007 0.004 0.007 0.003 0.002 0.004 0.002 0.013 0.004 0.01
0.008 0.006 0.006 0.018 0 0 0.003 0.016 0 0.002 0.001 0.001 0 0.006 0.006 1 0.004 0.001 0.001 0.011 0 0.063 0.047 0.011 0.007 0.022 0.001 0.001 0.003 0.001 0.001 0.007 0.022 0.028 0.001 0.001 0.001 0.006 0.002 0.005 0.03 0.001 0.006 0.003 0 0.001 0.002 0.007 0.015 0.036 0 0.003 0 0 0.001 0.001 0 0.001 0.004 0.001 0 0 0.001 0.001 0 0.002 0 0 0.005 0.001 0.001 0 0 0.001 0 0.003
0.22 0.228 0.254 0.123 0.018 0.013 0.646 0.139 0.003 0.47 0.298 0.004 0.003 0.308 0.292 0.004 1 0.007 0.009 0.356 0.022 0.049 0.076 0.365 0.523 0.185 0.008 0.01 0.02 0.007 0.008 0.501 0.149 0.118 0.001 0.007 0.001 0.412 0.014 0.243 0.109 0.005 0.019 0.116 0.004 0.006 0.01 0.181 0.077 0.027 0.003 0 0.019 0.019 0 0.005 0.003 0.006 0.005 0.004 0 0.005 0.002 0.008 0.004 0.007 0 0.005 0.004 0.001 0.004 0.003 0.002 0.006 0.009 0.005
0.056 0.066 0.064 0.036 0.004 0.003 0.005 0.041 0.001 0.004 0.002 0.001 0.001 0.086 0.082 0.001 0.007 1 0.002 0.088 0.005 0.012 0.021 0.09 0.148 0.045 0.002 0.002 0.005 0.002 0.002 0.145 0.045 0.036 0.001 0.002 0.001 0.011 0.003 0.009 0.032 0.001 0.01 0.03 0.006 0.002 0.004 0.022 0.017 0.006 0.054 0.012 0.006 0.006 0.008 0.036 0.01 0.002 0.001 0.001 0.013 0.002 0.001 0.002 0.004 0.004 0.012 0.002 0.001 0.001 0.002 0.001 0.009 0.027 0.002 0.001
0.032 0.028 0.028 0.062 0.006 0.004 0.007 0.044 0.001 0.005 0.003 0.001 0.001 0.022 0.023 0.001 0.009 0.002 1 0.026 0.421 0.016 0.108 0.025 0.015 0.05 0.003 0.911 0.006 0.002 0.002 0.014 0.043 0.037 0.002 0.002 0.001 0.014 0.004 0.012 0.062 0.002 0.01 0.066 0.322 0.002 0.005 0.065 0.029 0.023 0.001 0.161 0.295 0.314 0.248 0.002 0.2 0.002 0.005 0.001 0.145 0.003 0.002 0.003 0.388 0.005 0.174 0.003 0.007 0.002 0.002 0 0.204 0.002 0.003 0.004
0.587 0.626 0.666 0.292 0.199 0.155 0.259 0.374 0.009 0.192 0.103 0.007 0.041 0.854 0.812 0.011 0.356 0.088 0.026 1 0.055 0.123 0.204 0.972 0.581 0.465 0.022 0.027 0.158 0.083 0.091 0.467 0.365 0.251 0 0.031 0.006 0.116 0.084 0.06 0.223 0.01 0.033 0.075 0.027 0.018 0.113 0.016 0.002 0.083 0.014 0.006 0.044 0.044 0.014 0.023 0.003 0.018 0.014 0.004 0.005 0.006 0.005 0.067 0 0.027 0.007 0.006 0.012 0.003 0.004 0.007 0.003 0.015 0.006 0.015
0.001 0 0 0.021 0.014 0.01 0.011 0.108 0.003 0.008 0.007 0.152 0.003 0.054 0.056 0 0.022 0.005 0.421 0.055 1 0.038 0.256 0.06 0.036 0.113 0.007 0.407 0.015 0.005 0.006 0.033 0.107 0.115 0.004 0.004 0.003 0.033 0.008 0.029 0.151 0.003 0.028 0.161 0.702 0.003 0.01 0.167 0.07 0.012 0.003 0.39 0.717 0.708 0.58 0.004 0.455 0.214 0.079 0 0.355 0.006 0.004 0.004 0.204 0.01 0.331 0.006 0.073 0.004 0.09 0 0.428 0.005 0.007 0.116
0.131 0.126 0.127 0.301 0.019 0.015 0.038 0.276 0.001 0.028 0.016 0.007 0.006 0.102 0.1 0.063 0.049 0.012 0.016 0.123 0.038 1 0.509 0.134 0.081 0.252 0.015 0.01 0.034 0.011 0.013 0.043 0.203 0.056 0.008 0.012 0.041 0.021 0.024 0.034 0.069 0.08 0.064 0.009 0.036 0.059 0.028 0.004 0.007 0.122 0.001 0.053 0.017 0.016 0.024 0.001 0.033 0.009 0.003 0.007 0.047 0.032 0 0.015 0.011 0.015 0.042 0.034 0.002 0.005 0.004 0.004 0.031 0.004 0.03 0.003
0.103 0.09 0.092 0.317 0.04 0.031 0.05 0.446 0.003 0.035 0.021 0.036 0.01 0.178 0.179 0.047 0.076 0.021 0.108 0.204 0.256 0.509 1 0.223 0.132 0.426 0.025 0.118 0.06 0.02 0.023 0.083 0.361 0.177 0.014 0.019 0.021 0.001 0.038 0.004 0.225 0.037 0.11 0.044 0.165 0.033 0.046 0.057 0.056 0.044 0.004 0.052 0.216 0.216 0.148 0.005 0.092 0.052 0.021 0.005 0.048 0.007 0.002 0.023 0.047 0.03 0.045 0.008 0.022 0.01 0.021 0.005 0.087 0 0.008 0.035
0.59 0.641 0.681 0.306 0.198 0.153 0.266 0.389 0.009 0.197 0.106 0.011 0.042 0.872 0.83 0.011 0.365 0.09 0.025 0.972 0.06 0.134 0.223 1 0.596 0.487 0.021 0.027 0.164 0.085 0.093 0.48 0.379 0.268 0 0.033 0.005 0.121 0.088 0.064 0.239 0.013 0.031 0.077 0.029 0.017 0.118 0.014 0.003 0.084 0.014 0.005 0.052 0.051 0.018 0.023 0.004 0.017 0.014 0.003 0.004 0.008 0.004 0.071 0 0.026 0.005 0.008 0.012 0.003 0.005 0.007 0.004 0.016 0.007 0.015
0.333 0.348 0.386 0.179 0.029 0.022 0.418 0.218 0.006 0.304 0.156 0.006 0.006 0.498 0.481 0.007 0.523 0.148 0.015 0.581 0.036 0.081 0.132 0.596 1 0.289 0.014 0.017 0.033 0.011 0.013 0.832 0.209 0.161 0.008 0.012 0.002 0.268 0.023 0.161 0.145 0.008 0.063 0.038 0.016 0.011 0.001 0.081 0.015 0.044 0.004 0.01 0.036 0.035 0.005 0.014 0.002 0.011 0.008 0.007 0.01 0.01 0.001 0.008 0 0.013 0.007 0.01 0.007 0.008 0.008 0.004 0.002 0.008 0.004 0.009
0.246 0.261 0.285 0.63 0.096 0.074 0.132 0.765 0.018 0.097 0.051 0.021 0.021 0.398 0.379 0.022 0.185 0.045 0.05 0.465 0.113 0.252 0.426 0.487 0.289 1 0.043 0.055 0.105 0.043 0.046 0.235 0.832 0.615 0.026 0.037 0.013 0.03 0.063 0.009 0.552 0.02 0.138 0.001 0.082 0.03 0.08 0.009 0.17 0.233 0.009 0.005 0.116 0.114 0.059 0.008 0.026 0.034 0.015 0.014 0.004 0.018 0.014 0.031 0.009 0.007 0.007 0.019 0.012 0.021 0.017 0.012 0.026 0 0.007 0.026
0.001 0.023 0.024 0 0.004 0.003 0.006 0.001 0.047 0.005 0 0.001 0.001 0.02 0.012 0.001 0.008 0.002 0.003 0.022 0.007 0.015 0.025 0.021 0.014 0.043 1 0.003 0.005 0.001 0.001 0.014 0.043 0.055 0 0.001 0.001 0.013 0.003 0.011 0 0.001 0.038 0.011 0.007 0.026 0.004 0.017 0.005 0 0.001 0.013 0.008 0.008 0.01 0.001 0.012 0.002 0.001 0.001 0.014 0.002 0.063 0.001 0.005 0.117 0.012 0.002 0.001 0 0.002 0.001 0.011 0.002 0.003 0.002
0.035 0.03 0.031 0.067 0.006 0.005 0.008 0.049 0.001 0.006 0.003 0.001 0.001 0.024 0.026 0.001 0.01 0.002 0.911 0.027 0.407 0.01 0.118 0.027 0.017 0.055 0.003 1 0.007 0.002 0.003 0.016 0.048 0.043 0.002 0.003 0.001 0.015 0.005 0.013 0.068 0.002 0.011 0.06 0.312 0.002 0.006 0.06 0.033 0.017 0.001 0.153 0.286 0.302 0.238 0.002 0.191 0.002 0.004 0.001 0.135 0.003 0.002 0.003 0.379 0.005 0.165 0.003 0.006 0.002 0.002 0 0.196 0.002 0.003 0.004
0.123 0.147 0.144 0.061 0.803 0.617 0.015 0.088 0.002 0.011 0.007 0.003 0.168 0.163 0.154 0.003 0.02 0.005 0.006 0.158 0.015 0.034 0.06 0.164 0.033 0.105 0.005 0.007 1 0.334 0.37 0.033 0.118 0.072 0.002 0.342 0.002 0.03 0.674 0.016 0.062 0.003 0 0.057 0.01 0.004 0.404 0.041 0.021 0.045 0.008 0.112 0.01 0.01 0.014 0.005 0.001 0.004 0.003 0.143 0.106 0 0.003 0.363 0 0.01 0.069 0 0.003 0 0 0.002 0.001 0.004 0.003 0.004
0.067 0.078 0.076 0.035 0.374 0.491 0.005 0.039 0.001 0.004 0.002 0.001 0.001 0.081 0.078 0.001 0.007 0.002 0.002 0.083 0.005 0.011 0.02 0.085 0.011 0.043 0.001 0.002 0.334 1 0.868 0.011 0.033 0.026 0.001 0.041 0.001 0.01 0.418 0.009 0.023 0.001 0.009 0.042 0.006 0.002 0.195 0.021 0.023 0.013 0.001 0.051 0.006 0.006 0.008 0.001 0.008 0.001 0.001 0 0.049 0.002 0.001 0.37 0.004 0.003 0.047 0.002 0.001 0.001 0 0.001 0.008 0.002 0 0.001
0.073 0.085 0.083 0.037 0.414 0.544 0.006 0.042 0.001 0.004 0.003 0.001 0.001 0.094 0.089 0.001 0.008 0.002 0.002 0.091 0.006 0.013 0.023 0.093 0.013 0.046 0.001 0.003 0.37 0.868 1 0.013 0.037 0.031 0.001 0.091 0.001 0.01 0.471 0.008 0.027 0.001 0.011 0.05 0.007 0.002 0.237 0.024 0.024 0.016 0.001 0.063 0.007 0.007 0.009 0 0.002 0.002 0.001 0.019 0.061 0.002 0.001 0.318 0 0.004 0.06 0.002 0.001 0.001 0.001 0.001 0.001 0.001 0.001 0.001
0.271 0.296 0.319 0.135 0.03 0.022 0.398 0.159 0.006 0.287 0.152 0.004 0.006 0.393 0.379 0.007 0.501 0.145 0.014 0.467 0.033 0.043 0.083 0.48 0.832 0.235 0.014 0.016 0.033 0.011 0.013 1 0.261 0.216 0.009 0.012 0.003 0.362 0.023 0.241 0.199 0.008 0.064 0.065 0.015 0.011 0.001 0.116 0.033 0.06 0.002 0.01 0.034 0.033 0.005 0 0.002 0.011 0.008 0.007 0.011 0.013 0.005 0.009 0.001 0.013 0.007 0.013 0.007 0.008 0.009 0.004 0.002 0 0.016 0.009
0.197 0.218 0.231 0.555 0.09 0.068 0.114 0.671 0.018 0.08 0.051 0.02 0.021 0.33 0.314 0.022 0.149 0.045 0.043 0.365 0.107 0.203 0.361 0.379 0.209 0.832 0.043 0.048 0.118 0.033 0.037 0.261 1 0.736 0.026 0.046 0.019 0.05 0.09 0.03 0.668 0.026 0.143 0.008 0.087 0.035 0.107 0.004 0.208 0.273 0.009 0.003 0.122 0.12 0.064 0.002 0.027 0.034 0.013 0.014 0.002 0.026 0.02 0.055 0.012 0.007 0.004 0.027 0.012 0.021 0.017 0.017 0.028 0.001 0.019 0.024
0.109 0.125 0.134 0.367 0.048 0.032 0.084 0.451 0.011 0.057 0.036 0.026 0.017 0.233 0.227 0.028 0.118 0.036 0.037 0.251 0.115 0.056 0.177 0.268 0.161 0.615 0.055 0.043 0.072 0.026 0.031 0.216 0.736 1 0.02 0.031 0.024 0.221 0.065 0.192 0.854 0.033 0.1 0.048 0.117 0.007 0.085 0.001 0.329 0.25 0.003 0.014 0.154 0.15 0.092 0 0.051 0.043 0.019 0.01 0.011 0.028 0.026 0.029 0.013 0.002 0.015 0.029 0.015 0.016 0.038 0.013 0.051 0.005 0.015 0.032
0 0.001 0.001 0.024 0.002 0.003 0 0.028 0.001 0 0.001 0.001 0.038 0 0.001 0.001 0.001 0.001 0.002 0 0.004 0.008 0.014 0 0.008 0.026 0 0.002 0.002 0.001 0.001 0.009 0.026 0.02 1 0.001 0.001 0.008 0.003 0.007 0.023 0.001 0.121 0.022 0.004 0.001 0.003 0.015 0.046 0.014 0.012 0.009 0.004 0.004 0.006 0.009 0.007 0.001 0 0.001 0.009 0.001 0.001 0.002 0.003 0.003 0.009 0.001 0.001 0.796 0.001 0 0.006 0.001 0.001 0
0.023 0.029 0.028 0.022 0.192 0.257 0.006 0.028 0.001 0.004 0.002 0 0.001 0.036 0.035 0.001 0.007 0.002 0.002 0.031 0.004 0.012 0.019 0.033 0.012 0.037 0.001 0.003 0.342 0.041 0.091 0.012 0.046 0.031 0.001 1 0.001 0.011 0.51 0.009 0.033 0.001 0.01 0.055 0.007 0.002 0.303 0.017 0.026 0.02 0.031 0.087 0.007 0.007 0.009 0.024 0.017 0.002 0.001 0.338 0.083 0.002 0.001 0.09 0.006 0.004 0.036 0.002 0.001 0.001 0.002 0.001 0.02 0.018 0.001 0.001
0.003 0.005 0.011 0.024 0.002 0.002 0.003 0.021 0 0.002 0.001 0 0 0.01 0.011 0.001 0.001 0.001 0.001 0.006 0.003 0.041 0.021 0.005 0.002 0.013 0.001 0.001 0.002 0.001 0.001 0.003 0.019 0.024 0.001 0.001 1 0.005 0.002 0.005 0.027 0.001 0.005 0.002 0.001 0.001 0.002 0.007 0.008 0.002 0 0.003 0.001 0.001 0.001 0.001 0.002 0.001 0.001 0.001 0.003 0.001 0.017 0.001 0 0.002 0.003 0.001 0.001 0 0.001 0 0.002 0.001 0.001 0.001
0.069 0.073 0.085 0.009 0.027 0.02 0.317 0.016 0 0.204 0.126 0.006 0.005 0.113 0.116 0.006 0.412 0.011 0.014 0.116 0.033 0.021 0.001 0.121 0.268 0.03 0.013 0.015 0.03 0.01 0.01 0.362 0.05 0.221 0.008 0.011 0.005 1 0.021 0.806 0.2 0.007 0.061 0.31 0.04 0.069 0.002 0.299 0.208 0.018 0.005 0.02 0.037 0.036 0.018 0.007 0.01 0.01 0.007 0.006 0.022 0.007 0.004 0.013 0 0.014 0.019 0.006 0.006 0.007 0.008 0.004 0.009 0.009 0.003 0.007
0.064 0.078 0.076 0.042 0.463 0.615 0.011 0.051 0.002 0.008 0.005 0.001 0.002 0.089 0.085 0.002 0.014 0.003 0.004 0.084 0.008 0.024 0.038 0.088 0.023 0.063 0.003 0.005 0.674 0.418 0.471 0.023 0.09 0.065 0.003 0.51 0.002 0.021 1 0.009 0.064 0.002 0.019 0.108 0.013 0.003 0.562 0.033 0.049 0.04 0.013 0.16 0.013 0.013 0.016 0.009 0.002 0.003 0.002 0.202 0.156 0.004 0.002 0.452 0 0.007 0.101 0.004 0.002 0.002 0.002 0.001 0.002 0.006 0.003 0.003
0.031 0.042 0.04 0 0.023 0.017 0.338 0.003 0 0.209 0.117 0.005 0.004 0.059 0.062 0.005 0.243 0.009 0.012 0.06 0.029 0.034 0.004 0.064 0.161 0.009 0.011 0.013 0.016 0.009 0.008 0.241 0.03 0.192 0.007 0.009 0.005 0.806 0.009 1 0.174 0.006 0.052 0.27 0.034 0.083 0.012 0.225 0.257 0.011 0.004 0.051 0.031 0.03 0.039 0.006 0.049 0.008 0.006 0.005 0.055 0.006 0.005 0.003 0.019 0.011 0.046 0.006 0.005 0.006 0.009 0.003 0.049 0.008 0.003 0.006
0.1 0.104 0.112 0.44 0.04 0.027 0.078 0.535 0.007 0.054 0.036 0.028 0.015 0.208 0.203 0.03 0.109 0.032 0.062 0.223 0.151 0.069 0.225 0.239 0.145 0.552 0 0.068 0.062 0.023 0.027 0.199 0.668 0.854 0.023 0.033 0.027 0.2 0.064 0.174 1 0.036 0.188 0.027 0.148 0.005 0.077 0 0.418 0.292 0.005 0.026 0.194 0.191 0.12 0 0.073 0.048 0.022 0.009 0.023 0.032 0.021 0.026 0.027 0.044 0.028 0.033 0.018 0.019 0.042 0.012 0.073 0.004 0.018 0.036
0.017 0.014 0.015 0.032 0.003 0.002 0.004 0.029 0.001 0.003 0.002 0 0.001 0.014 0.014 0.001 0.005 0.001 0.002 0.01 0.003 0.08 0.037 0.013 0.008 0.02 0.001 0.002 0.003 0.001 0.001 0.008 0.026 0.033 0.001 0.001 0.001 0.007 0.002 0.006 0.036 1 0.006 0.011 0.001 0.001 0.003 0.008 0.006 0.012 0.001 0.004 0.001 0.001 0.001 0.001 0.003 0.001 0.001 0.001 0.004 0.192 0.001 0.001 0 0.002 0.004 0.19 0.001 0.001 0.001 0 0.002 0.001 0.009 0.001
0.035 0.049 0.05 0.196 0 0.019 0.022 0.222 0.005 0.015 0.006 0.006 0.081 0.034 0.034 0.006 0.019 0.01 0.01 0.033 0.028 0.064 0.11 0.031 0.063 0.138 0.038 0.011 0 0.009 0.011 0.064 0.143 0.1 0.121 0.01 0.005 0.061 0.019 0.052 0.188 0.006 1 0.176 0.035 0.009 0.023 0.113 0.374 0.097 0 0.071 0.039 0.038 0.046 0.001 0.057 0.009 0.007 0.006 0.073 0.002 0.007 0.012 0.026 0.241 0.066 0.002 0.006 0.107 0.009 0.063 0.052 0.008 0 0.007
0.128 0.129 0.139 0.002 0.032 0.072 0.096 0 0.006 0.058 0.032 0.031 0.015 0.078 0.077 0.003 0.116 0.03 0.066 0.075 0.161 0.009 0.044 0.077 0.038 0.001 0.011 0.06 0.057 0.042 0.05 0.065 0.008 0.048 0.022 0.055 0.002 0.31 0.108 0.27 0.027 0.011 0.176 1 0.163 0.047 0.131 0.395 0.001 0.064 0.002 0.321 0.171 0.166 0.149 0.005 0.194 0.052 0.015 0.033 0.27 0.024 0.01 0.056 0.092 0.046 0.239 0.024 0.011 0.02 0.042 0.011 0.192 0.009 0.02 0.019
0 0.002 0.001 0.019 0.008 0.005 0.001 0.064 0.003 0 0.001 0.092 0.003 0.028 0.028 0 0.004 0.006 0.322 0.027 0.702 0.036 0.165 0.029 0.016 0.082 0.007 0.312 0.01 0.006 0.007 0.015 0.087 0.117 0.004 0.007 0.001 0.04 0.013 0.034 0.148 0.001 0.035 0.163 1 0.006 0.015 0.211 0.096 0.023 0.003 0.482 0.792 0.789 0.765 0.004 0.605 0.214 0.087 0 0.439 0.007 0.005 0.001 0.185 0.014 0.44 0.007 0.071 0.004 0.167 0.002 0.582 0.005 0.009 0.112
0.001 0.016 0.016 0.039 0.004 0.003 0.005 0.038 0.008 0.004 0.002 0.001 0.001 0.017 0.011 0.001 0.006 0.002 0.002 0.018 0.003 0.059 0.033 0.017 0.011 0.03 0.026 0.002 0.004 0.002 0.002 0.011 0.035 0.007 0.001 0.002 0.001 0.069 0.003 0.083 0.005 0.001 0.009 0.047 0.006 1 0.004 0.006 0.01 0.055 0.001 0.012 0.006 0.006 0.008 0.001 0.01 0.001 0.001 0.001 0.011 0 0.001 0.002 0.004 0.003 0.011 0 0.001 0.001 0.002 0.001 0.009 0.001 0.006 0.001
0.087 0.081 0.103 0.057 0.251 0.343 0.013 0.066 0.002 0.009 0.005 0.002 0.002 0.119 0.114 0.002 0.01 0.004 0.005 0.113 0.01 0.028 0.046 0.118 0.001 0.08 0.004 0.006 0.404 0.195 0.237 0.001 0.107 0.085 0.003 0.303 0.002 0.002 0.562 0.012 0.077 0.003 0.023 0.131 0.015 0.004 1 0.001 0.059 0.047 0.002 0.311 0.016 0.016 0.001 0.003 0.048 0.004 0.003 0.175 0.3 0.005 0.003 0.377 0.044 0.008 0.217 0.005 0.002 0.003 0.001 0.001 0.053 0.003 0.006 0.003
0.032 0.038 0.044 0.005 0.039 0.026 0.152 0.016 0 0.099 0.048 0.022 0.011 0.014 0.012 0.007 0.181 0.022 0.065 0.016 0.167 0.004 0.057 0.014 0.081 0.009 0.017 0.06 0.041 0.021 0.024 0.116 0.004 0.001 0.015 0.017 0.007 0.299 0.033 0.225 0 0.008 0.113 0.395 0.211 0.006 0.001 1 0.01 0.022 0.011 0.131 0.201 0.196 0.228 0.015 0.196 0.045 0.02 0.003 0.12 0.021 0 0.011 0.086 0.046 0.116 0.021 0.015 0.015 0.039 0.001 0.191 0.019 0.013 0.028
0 0.001 0.001 0.168 0.015 0.047 0.116 0.204 0.012 0.071 0.046 0.013 0.024 0.002 0.002 0.015 0.077 0.017 0.029 0.002 0.07 0.007 0.056 0.003 0.015 0.17 0.005 0.033 0.021 0.023 0.024 0.033 0.208 0.329 0.046 0.026 0.008 0.208 0.049 0.257 0.418 0.006 0.374 0.001 0.096 0.01 0.059 0.01 1 0.137 0.004 0.19 0.1 0.098 0.124 0.008 0.154 0.023 0.018 0.015 0.194 0.011 0.018 0.031 0.066 0.132 0.177 0.011 0.016 0.041 0.024 0.025 0.139 0.021 0.003 0.018
0.051 0.053 0.054 0.211 0.027 0.019 0.025 0.271 0.033 0.043 0.02 0.003 0.009 0.07 0.062 0.036 0.027 0.006 0.023 0.083 0.012 0.122 0.044 0.084 0.044 0.233 0 0.017 0.045 0.013 0.016 0.06 0.273 0.25 0.014 0.02 0.002 0.018 0.04 0.011 0.292 0.012 0.097 0.064 0.023 0.055 0.047 0.022 0.137 1 0.01 0.08 0.023 0.022 0.036 0.003 0.043 0.003 0.001 0.012 0.07 0.045 0.047 0.024 0.037 0.036 0.081 0.046 0.005 0.013 0.003 0.007 0.042 0.002 0.037 0.004
0.007 0.009 0.009 0.008 0.009 0.014 0.003 0.011 0 0.002 0.001 0 0 0.013 0.012 0 0.003 0.054 0.001 0.014 0.003 0.001 0.004 0.014 0.004 0.009 0.001 0.001 0.008 0.001 0.001 0.002 0.009 0.003 0.012 0.031 0 0.005 0.013 0.004 0.005 0.001 0 0.002 0.003 0.001 0.002 0.011 0.004 0.01 1 0.006 0.003 0.003 0.004 0.724 0.005 0.001 0.001 0 0.006 0.001 0.001 0.001 0.002 0.002 0.006 0.001 0.001 0.014 0.001 0 0.005 0.404 0 0.001
0.04 0.042 0.051 0.001 0.064 0.107 0.013 0.004 0.006 0.006 0.004 0.059 0.006 0.006 0.005 0.003 0 0.012 0.161 0.006 0.39 0.053 0.052 0.005 0.01 0.005 0.013 0.153 0.112 0.051 0.063 0.01 0.003 0.014 0.009 0.087 0.003 0.02 0.16 0.051 0.026 0.004 0.071 0.321 0.482 0.012 0.311 0.131 0.19 0.08 0.006 1 0.525 0.514 0.572 0.009 0.693 0.122 0.039 0.077 0.893 0.014 0.009 0.141 0.306 0.027 0.811 0.015 0.036 0.009 0.125 0.005 0.651 0.011 0.018 0.06
0 0 0 0.033 0.008 0.005 0.012 0.095 0.003 0.008 0.006 0.113 0.003 0.047 0.048 0 0.019 0.006 0.295 0.044 0.717 0.017 0.216 0.052 0.036 0.116 0.008 0.286 0.01 0.006 0.007 0.034 0.122 0.154 0.004 0.007 0.001 0.037 0.013 0.031 0.194 0.001 0.039 0.171 0.792 0.006 0.016 0.201 0.1 0.023 0.003 0.525 1 0.963 0.796 0.005 0.625 0.233 0.083 0 0.445 0.008 0.005 0.001 0.254 0.014 0.458 0.008 0.076 0.004 0.217 0.002 0.573 0.006 0.009 0.122
0 0 0 0.033 0.008 0.005 0.012 0.094 0.003 0.007 0.006 0.087 0.003 0.049 0.049 0 0.019 0.006 0.314 0.044 0.708 0.016 0.216 0.051 0.035 0.114 0.008 0.302 0.01 0.006 0.007 0.033 0.12 0.15 0.004 0.007 0.001 0.036 0.013 0.03 0.191 0.001 0.038 0.166 0.789 0.006 0.016 0.196 0.098 0.022 0.003 0.514 0.963 1 0.784 0.005 0.616 0.237 0.088 0.003 0.439 0.007 0.005 0.001 0.251 0.014 0.45 0.008 0.081 0.004 0.22 0.002 0.563 0.006 0.009 0.128
0.002 0.004 0.003 0.013 0.012 0.008 0.002 0.051 0.004 0 0.001 0.085 0.004 0.016 0.017 0.001 0 0.008 0.248 0.014 0.58 0.024 0.148 0.018 0.005 0.059 0.01 0.238 0.014 0.008 0.009 0.005 0.064 0.092 0.006 0.009 0.001 0.018 0.016 0.039 0.12 0.001 0.046 0.149 0.765 0.008 0.001 0.228 0.124 0.036 0.004 0.572 0.796 0.784 1 0.006 0.756 0.187 0.097 0 0.545 0.008 0.006 0.003 0.316 0.017 0.568 0.008 0.089 0.006 0.173 0.003 0.666 0.007 0.012 0.099
0.013 0.017 0.016 0.011 0.006 0.009 0.004 0.014 0.001 0.003 0.002 0.001 0 0.022 0.021 0.001 0.005 0.036 0.002 0.023 0.004 0.001 0.005 0.023 0.014 0.008 0.001 0.002 0.005 0.001 0 0 0.002 0 0.009 0.024 0.001 0.007 0.009 0.006 0 0.001 0.001 0.005 0.004 0.001 0.003 0.015 0.008 0.003 0.724 0.009 0.005 0.005 0.006 1 0.007 0.001 0.001 0.001 0.009 0.001 0.001 0.001 0.003 0.002 0.008 0.001 0.001 0.009 0.001 0 0.006 0.588 0.026 0.001
0.009 0.008 0.013 0.002 0 0.001 0.005 0.017 0.005 0.001 0.002 0.072 0.005 0.002 0.003 0 0.003 0.01 0.2 0.003 0.455 0.033 0.092 0.004 0.002 0.026 0.012 0.191 0.001 0.008 0.002 0.002 0.027 0.051 0.007 0.017 0.002 0.01 0.002 0.049 0.073 0.003 0.057 0.194 0.605 0.01 0.048 0.196 0.154 0.043 0.005 0.693 0.625 0.616 0.756 0.007 1 0.134 0.102 0.096 0.713 0.012 0.007 0.004 0.386 0.022 0.64 0.012 0.101 0.007 0.138 0.004 0.901 0.009 0.014 0.124
0.054 0.063 0.062 0.026 0.004 0.003 0.005 0.027 0.001 0.004 0.002 0 0.001 0.018 0.011 0.001 0.006 0.002 0.002 0.018 0.214 0.009 0.052 0.017 0.011 0.034 0.002 0.002 0.004 0.001 0.002 0.011 0.034 0.043 0.001 0.002 0.001 0.01 0.003 0.008 0.048 0.001 0.009 0.052 0.214 0.001 0.004 0.045 0.023 0.003 0.001 0.122 0.233 0.237 0.187 0.001 0.134 1 0.001 0.001 0.096 0.002 0.001 0.002 0 0.003 0.061 0.002 0.001 0.001 0.373 0.001 0.108 0.001 0.002 0.001
0.005 0.004 0.004 0.006 0 0 0 0.005 0.001 0 0.002 0.263 0.001 0.008 0.009 0.004 0.005 0.001 0.005 0.014 0.079 0.003 0.021 0.014 0.008 0.015 0.001 0.004 0.003 0.001 0.001 0.008 0.013 0.019 0 0.001 0.001 0.007 0.002 0.006 0.022 0.001 0.007 0.015 0.087 0.001 0.003 0.02 0.018 0.001 0.001 0.039 0.083 0.088 0.097 0.001 0.102 0.001 1 0.001 0.08 0.001 0.001 0.001 0.003 0.003 0.08 0.001 0.442 0.001 0.001 0 0.081 0.001 0.002 0.524
0.002 0.002 0.002 0.007 0.041 0.057 0.003 0.009 0 0.002 0.001 0.006 0 0.004 0.004 0.001 0.004 0.001 0.001 0.004 0 0.007 0.005 0.003 0.007 0.014 0.001 0.001 0.143 0 0.019 0.007 0.014 0.01 0.001 0.338 0.001 0.006 0.202 0.005 0.009 0.001 0.006 0.033 0 0.001 0.175 0.003 0.015 0.012 0 0.077 0 0.003 0 0.001 0.096 0.001 0.001 1 0.073 0.001 0.001 0.001 0.032 0.002 0.017 0.001 0.001 0.001 0 0 0.094 0.001 0.001 0.001
0.036 0.039 0.047 0.001 0.069 0.115 0.013 0.003 0.006 0.006 0.007 0.05 0.006 0.007 0.004 0 0 0.013 0.145 0.005 0.355 0.047 0.048 0.004 0.01 0.004 0.014 0.135 0.106 0.049 0.061 0.011 0.002 0.011 0.009 0.083 0.003 0.022 0.156 0.055 0.023 0.004 0.073 0.27 0.439 0.011 0.3 0.12 0.194 0.07 0.006 0.893 0.445 0.439 0.545 0.009 0.713 0.096 0.08 0.073 1 0.015 0.009 0.138 0.28 0.027 0.834 0.015 0.08 0.009 0.099 0.005 0.667 0.011 0.018 0.098
0.004 0.003 0.003 0.018 0 0.004 0.004 0.026 0.001 0.002 0.003 0.001 0.016 0.003 0.003 0 0.005 0.002 0.003 0.006 0.006 0.032 0.007 0.008 0.01 0.018 0.002 0.003 0 0.002 0.002 0.013 0.026 0.028 0.001 0.002 0.001 0.007 0.004 0.006 0.032 0.192 0.002 0.024 0.007 0 0.005 0.021 0.011 0.045 0.001 0.014 0.008 0.007 0.008 0.001 0.012 0.002 0.001 0.001 0.015 1 0.001 0.002 0.005 0.004 0.013 0.983 0.001 0.001 0.002 0.001 0.011 0.002 0.132 0.001
0.005 0.007 0.003 0.015 0.003 0.002 0.002 0.016 0.38 0.002 0.002 0.001 0.001 0.004 0 0.001 0.002 0.001 0.002 0.005 0.004 0 0.002 0.004 0.001 0.014 0.063 0.002 0.003 0.001 0.001 0.005 0.02 0.026 0.001 0.001 0.017 0.004 0.002 0.005 0.021 0.001 0.007 0.01 0.005 0.001 0.003 0 0.018 0.047 0.001 0.009 0.005 0.005 0.006 0.001 0.007 0.001 0.001 0.001 0.009 0.001 1 0.001 0.003 0.002 0.008 0.001 0.001 0.001 0.001 0 0.007 0.001 0.002 0.001
0.043 0.052 0.051 0.013 0.299 0.397 0.007 0.027 0.001 0.005 0.003 0.001 0.001 0.074 0.072 0.001 0.008 0.002 0.003 0.067 0.004 0.015 0.023 0.071 0.008 0.031 0.001 0.003 0.363 0.37 0.318 0.009 0.055 0.029 0.002 0.09 0.001 0.013 0.452 0.003 0.026 0.001 0.012 0.056 0.001 0.002 0.377 0.011 0.031 0.024 0.001 0.141 0.001 0.001 0.003 0.001 0.004 0.002 0.001 0.001 0.138 0.002 0.001 1 0.001 0.004 0.139 0.002 0.001 0.001 0.003 0.001 0.004 0.002 0.003 0.002
0.001 0.002 0 0.017 0.001 0 0.01 0.013 0.002 0.007 0.003 0 0.002 0 0 0 0.004 0.004 0.388 0 0.204 0.011 0.047 0 0 0.009 0.005 0.379 0 0.004 0 0.001 0.012 0.013 0.003 0.006 0 0 0 0.019 0.027 0 0.026 0.092 0.185 0.004 0.044 0.086 0.066 0.037 0.002 0.306 0.254 0.251 0.316 0.003 0.386 0 0.003 0.032 0.28 0.005 0.003 0.001 1 0.009 0.332 0.005 0.003 0.003 0.001 0.002 0.36 0.004 0.006 0
0.018 0.029 0.03 0.05 0.009 0.007 0.005 0.058 0.002 0.003 0.005 0.001 0.002 0.027 0.028 0.002 0.007 0.004 0.005 0.027 0.01 0.015 0.03 0.026 0.013 0.007 0.117 0.005 0.01 0.003 0.004 0.013 0.007 0.002 0.003 0.004 0.002 0.014 0.007 0.011 0.044 0.002 0.241 0.046 0.014 0.003 0.008 0.046 0.132 0.036 0.002 0.027 0.014 0.014 0.017 0.002 0.022 0.003 0.003 0.002 0.027 0.004 0.002 0.004 0.009 1 0.025 0.004 0.002 0.002 0.003 0.001 0.02 0.003 0.005 0.003
0.03 0.036 0.04 0 0.065 0.107 0.008 0.004 0.006 0.003 0.003 0.059 0.006 0.009 0.007 0 0 0.012 0.174 0.007 0.331 0.042 0.045 0.005 0.007 0.007 0.012 0.165 0.069 0.047 0.06 0.007 0.004 0.015 0.009 0.036 0.003 0.019 0.101 0.046 0.028 0.004 0.066 0.239 0.44 0.011 0.217 0.116 0.177 0.081 0.006 0.811 0.458 0.45 0.568 0.008 0.64 0.061 0.08 0.017 0.834 0.013 0.008 0.139 0.332 0.025 1 0.014 0.088 0.008 0.134 0.004 0.562 0.01 0.017 0.099
0.005 0.003 0.003 0.019 0 0.004 0.004 0.027 0.001 0.002 0.003 0.001 0.015 0.003 0.004 0 0.005 0.002 0.003 0.006 0.006 0.034 0.008 0.008 0.01 0.019 0.002 0.003 0 0.002 0.002 0.013 0.027 0.029 0.001 0.002 0.001 0.006 0.004 0.006 0.033 0.19 0.002 0.024 0.007 0 0.005 0.021 0.011 0.046 0.001 0.015 0.008 0.008 0.008 0.001 0.012 0.002 0.001 0.001 0.015 0.983 0.001 0.002 0.005 0.004 0.014 1 0.001 0.001 0.002 0.001 0.011 0.002 0.14 0.002
0.001 0.001 0.001 0.002 0 0 0 0.004 0.001 0 0.001 0.06 0.001 0.006 0.007 0.005 0.004 0.001 0.007 0.012 0.073 0.002 0.022 0.012 0.007 0.012 0.001 0.006 0.003 0.001 0.001 0.007 0.012 0.015 0.001 0.001 0.001 0.006 0.002 0.005 0.018 0.001 0.006 0.011 0.071 0.001 0.002 0.015 0.016 0.005 0.001 0.036 0.076 0.081 0.089 0.001 0.101 0.001 0.442 0.001 0.08 0.001 0.001 0.001 0.003 0.002 0.088 0.001 1 0.001 0.001 0 0.078 0.001 0.001 0.537
0.002 0.004 0.004 0.019 0 0.002 0 0.022 0.001 0 0.001 0.001 0.004 0.003 0.003 0.001 0.001 0.001 0.002 0.003 0.004 0.005 0.01 0.003 0.008 0.021 0 0.002 0 0.001 0.001 0.008 0.021 0.016 0.796 0.001 0 0.007 0.002 0.006 0.019 0.001 0.107 0.02 0.004 0.001 0.003 0.015 0.041 0.013 0.014 0.009 0.004 0.004 0.006 0.009 0.007 0.001 0.001 0.001 0.009 0.001 0.001 0.001 0.003 0.002 0.008 0.001 0.001 1 0.001 0 0.006 0.001 0.002 0.001
0.023 0.025 0.028 0.002 0 0.001 0.005 0.007 0.001 0.004 0.002 0.006 0.001 0.003 0.002 0.001 0.004 0.002 0.002 0.004 0.09 0.004 0.021 0.005 0.008 0.017 0.002 0.002 0 0 0.001 0.009 0.017 0.038 0.001 0.002 0.001 0.008 0.002 0.009 0.042 0.001 0.009 0.042 0.167 0.002 0.001 0.039 0.024 0.003 0.001 0.125 0.217 0.22 0.173 0.001 0.138 0.373 0.001 0 0.099 0.002 0.001 0.003 0.001 0.003 0.134 0.002 0.001 0.001 1 0.001 0.121 0.001 0.002 0.001
0.004 0.008 0.008 0.009 0.002 0.001 0.002 0.011 0 0.001 0.001 0 0 0.007 0.004 0 0.003 0.001 0 0.007 0 0.004 0.005 0.007 0.004 0.012 0.001 0 0.002 0.001 0.001 0.004 0.017 0.013 0 0.001 0 0.004 0.001 0.003 0.012 0 0.063 0.011 0.002 0.001 0.001 0.001 0.025 0.007 0 0.005 0.002 0.002 0.003 0 0.004 0.001 0 0 0.005 0.001 0 0.001 0.002 0.001 0.004 0.001 0 0 0.001 1 0.003 0.001 0.001 0
0.006 0.006 0.011 0.003 0 0.001 0.006 0.017 0.005 0.002 0.004 0.069 0.005 0.002 0.002 0 0.002 0.009 0.204 0.003 0.428 0.031 0.087 0.004 0.002 0.026 0.011 0.196 0.001 0.008 0.001 0.002 0.028 0.051 0.006 0.02 0.002 0.009 0.002 0.049 0.073 0.002 0.052 0.192 0.582 0.009 0.053 0.191 0.139 0.042 0.005 0.651 0.573 0.563 0.666 0.006 0.901 0.108 0.081 0.094 0.667 0.011 0.007 0.004 0.36 0.02 0.562 0.011 0.078 0.006 0.121 0.003 1 0.008 0.013 0.136
0.008 0.01 0.01 0.001 0.006 0.009 0.004 0.002 0.001 0.003 0.002 0.001 0 0.014 0.013 0.001 0.006 0.027 0.002 0.015 0.005 0.004 0 0.016 0.008 0 0.002 0.002 0.004 0.002 0.001 0 0.001 0.005 0.001 0.018 0.001 0.009 0.006 0.008 0.004 0.001 0.008 0.009 0.005 0.001 0.003 0.019 0.021 0.002 0.404 0.011 0.006 0.006 0.007 0.588 0.009 0.001 0.001 0.001 0.011 0.002 0.001 0.002 0.004 0.003 0.01 0.002 0.001 0.001 0.001 0.001 0.008 1 0.034 0.001
0.012 0.009 0.009 0.012 0.002 0.001 0.007 0.008 0.001 0.006 0.003 0.001 0.001 0.003 0.004 0 0.009 0.002 0.003 0.006 0.007 0.03 0.008 0.007 0.004 0.007 0.003 0.003 0.003 0 0.001 0.016 0.019 0.015 0.001 0.001 0.001 0.003 0.003 0.003 0.018 0.009 0 0.02 0.009 0.006 0.006 0.013 0.003 0.037 0 0.018 0.009 0.009 0.012 0.026 0.014 0.002 0.002 0.001 0.018 0.132 0.002 0.003 0.006 0.005 0.017 0.14 0.001 0.002 0.002 0.001 0.013 0.034 1 0.002
0.003 0.002 0.002 0.009 0 0 0 0.013 0.001 0 0.002 0.192 0.001 0.009 0.01 0.003 0.005 0.001 0.004 0.015 0.116 0.003 0.035 0.015 0.009 0.026 0.002 0.004 0.004 0.001 0.001 0.009 0.024 0.032 0 0.001 0.001 0.007 0.003 0.006 0.036 0.001 0.007 0.019 0.112 0.001 0.003 0.028 0.018 0.004 0.001 0.06 0.122 0.128 0.099 0.001 0.124 0.001 0.524 0.001 0.098 0.001 0.001 0.002 0 0.003 0.099 0.002 0.537 0.001 0.001 0 0.136 0.001 0.002 1
