1 0.867 0.882 0.44 0.193 0.125 0.257 0.251 0.011 0.233 0.13 0.025 0.048 0.481 0.449 0.006 0.26 0.023 0.027 0.57 0 0.097 0.069 0.57 0.339 0.27 0.018 0.027 0.144 0.047 0.053 0.259 0.235 0.14 0 0.034 0.005 0.068 0.072 0.044 0.114 0.016 0.017 0.124 0.001 0.01 0.093 0.041 0.005 0.085 0.01 0.037 0 0 0.003 0.01 0.006 0.042 0.002 0.007 0.03 0.014 0.005 0.019 0.007 0.017 0.016 0.015 0 0.004 0.033 0.001 0.004 0.003 0.006 0.003
0.867 1 0.954 0.427 0.226 0.15 0.282 0.234 0.01 0.256 0.143 0.022 0.053 0.547 0.509 0.005 0.272 0.026 0.024 0.595 0 0.102 0.069 0.616 0.35 0.26 0.027 0.029 0.171 0.052 0.058 0.278 0.232 0.139 0.001 0.048 0.005 0.074 0.081 0.053 0.107 0.014 0.032 0.14 0.002 0.013 0.101 0.039 0.002 0.071 0.011 0.036 0.001 0 0.002 0.011 0.005 0.047 0.001 0.009 0.026 0.012 0.007 0.022 0.013 0.029 0.015 0.013 0 0.007 0.036 0.006 0.005 0.005 0.005 0.002
0.882 0.954 1 0.448 0.226 0.15 0.282 0.249 0.01 0.256 0.143 0.022 0.053 0.551 0.513 0.005 0.286 0.026 0.024 0.622 0 0.098 0.066 0.644 0.375 0.283 0.027 0.029 0.17 0.051 0.058 0.291 0.247 0.15 0.001 0.048 0.009 0.08 0.081 0.053 0.117 0.014 0.03 0.146 0.002 0.013 0.114 0.043 0.002 0.075 0.011 0.04 0.001 0 0.002 0.011 0.007 0.047 0.001 0.009 0.029 0.012 0.004 0.022 0.01 0.029 0.017 0.013 0 0.007 0.038 0.006 0.006 0.005 0.005 0.002
0.44 0.427 0.448 1 0.097 0.062 0.133 0.768 0.022 0.12 0.07 0.048 0.025 0.229 0.221 0.013 0.137 0.016 0.052 0.285 0.02 0.248 0.282 0.306 0.189 0.589 0.003 0.058 0.066 0.024 0.027 0.132 0.543 0.338 0.016 0.016 0.02 0.011 0.029 0.004 0.423 0.03 0.22 0.003 0.016 0.029 0.046 0.002 0.243 0.228 0.004 0.001 0.038 0.033 0.019 0.003 0.012 0.015 0.004 0.001 0.002 0.031 0.013 0.008 0.041 0.069 0.005 0.033 0.003 0.017 0.008 0.007 0.011 0 0.014 0.012
0.193 0.226 0.226 0.097 1 0.665 0.012 0.102 0.002 0.011 0.006 0.005 0.236 0.204 0.184 0 0.014 0.002 0.005 0.217 0.019 0.011 0.037 0.21 0.02 0.105 0.006 0.007 0.798 0.228 0.257 0.022 0.097 0.058 0.003 0.235 0.002 0.023 0.398 0.02 0.048 0.003 0.003 0.012 0.019 0.003 0.291 0.043 0.008 0.023 0.055 0.027 0.02 0.019 0.025 0.046 0.005 0.004 0.002 0.058 0.01 0.004 0.003 0.13 0.007 0.005 0.001 0.004 0.002 0.001 0.003 0.001 0.005 0.032 0.001 0.004
0.125 0.15 0.15 0.062 0.665 1 0.008 0.085 0.002 0.007 0.004 0.003 0.002 0.162 0.145 0 0.009 0.002 0.004 0.168 0.013 0.012 0.032 0.156 0.013 0.082 0.004 0.004 0.581 0.344 0.387 0.015 0.075 0.042 0.002 0.357 0.001 0.015 0.605 0.013 0.035 0.002 0.013 0.052 0.012 0.002 0.453 0.025 0.031 0.02 0.029 0.071 0.013 0.012 0.016 0.024 0 0.003 0.001 0.091 0.035 0.003 0.002 0.201 0.003 0.003 0.01 0.003 0.001 0.002 0.001 0.001 0 0.017 0.001 0.002
0.257 0.282 0.282 0.133 0.012 0.008 1 0.138 0.003 0.909 0.515 0.006 0.003 0.252 0.237 0.002 0.702 0.003 0.007 0.286 0.008 0.04 0.056 0.304 0.5 0.148 0.008 0.008 0.012 0.003 0.003 0.432 0.137 0.099 0.001 0.004 0.003 0.282 0.007 0.297 0.086 0.004 0.022 0.092 0 0.004 0.009 0.129 0.104 0.046 0.002 0.004 0.011 0.01 0 0.003 0.002 0.006 0.004 0.001 0.003 0.004 0.003 0.003 0.015 0.008 0.003 0.004 0.003 0.001 0.007 0.002 0.001 0.004 0.006 0
0.251 0.234 0.249 0.768 0.102 0.085 0.138 1 0.018 0.123 0.085 0.039 0.03 0.293 0.284 0.01 0.146 0.02 0.037 0.349 0.107 0.222 0.418 0.37 0.216 0.716 0.007 0.041 0.092 0.029 0.033 0.158 0.673 0.45 0.021 0.024 0.016 0.019 0.041 0.009 0.56 0.025 0.273 0.001 0.072 0.025 0.059 0.011 0.307 0.271 0.008 0.02 0.124 0.119 0.078 0.007 0.054 0.03 0.002 0.002 0.027 0.029 0.015 0.014 0.032 0.086 0.037 0.031 0.005 0.022 0.032 0.009 0.045 0.001 0.007 0.014
0.011 0.01 0.01 0.022 0.002 0.002 0.003 0.018 1 0.003 0.002 0.001 0.001 0.002 0.001 0 0.003 0.001 0.001 0.008 0.005 0.002 0.007 0.008 0.005 0.015 0.058 0.002 0.002 0 0 0.005 0.016 0.01 0.001 0.001 0.001 0 0.001 0 0.003 0.002 0.006 0.008 0.005 0.007 0.001 0.002 0.008 0.017 0 0.008 0.005 0.005 0.007 0.001 0.007 0.001 0.001 0 0.008 0.001 0.321 0.001 0.003 0 0.008 0.001 0.001 0.001 0.001 0 0.007 0.001 0.001 0.001
0.233 0.256 0.256 0.12 0.011 0.007 0.909 0.123 0.003 1 0.558 0.006 0.003 0.225 0.212 0.002 0.629 0.003 0.006 0.256 0.006 0.037 0.049 0.271 0.446 0.131 0.007 0.008 0.011 0.003 0.003 0.384 0.121 0.086 0.001 0.004 0.002 0.24 0.006 0.251 0.075 0.004 0.02 0.08 0 0.004 0.008 0.113 0.086 0.046 0.002 0.002 0.008 0.008 0 0.002 0.001 0.005 0.004 0.001 0.001 0.003 0.003 0.003 0.013 0.007 0.001 0.003 0.005 0.001 0.006 0.002 0 0.003 0.005 0.001
0.13 0.143 0.143 0.07 0.006 0.004 0.515 0.085 0.002 0.558 1 0.003 0.002 0.158 0.149 0.001 0.455 0.002 0.004 0.178 0.013 0.021 0.043 0.189 0.296 0.098 0.004 0.004 0.006 0.001 0.002 0.262 0.094 0.068 0 0.002 0.001 0.139 0.004 0.136 0.063 0.002 0.008 0.031 0 0.002 0.005 0.061 0.054 0.033 0.001 0.001 0.014 0.014 0 0.001 0.001 0.003 0.003 0 0.001 0.003 0.002 0.002 0.007 0.004 0.001 0.003 0.003 0 0.004 0.001 0.001 0.002 0.003 0.004
0.025 0.022 0.022 0.048 0.005 0.003 0.006 0.039 0.001 0.006 0.003 1 0.001 0.001 0.001 0.001 0.007 0.001 0.003 0.013 0.241 0.017 0.067 0.017 0.01 0.033 0.003 0.003 0.005 0.001 0.001 0.002 0.034 0.044 0.001 0.002 0.001 0.012 0.003 0.01 0.051 0.002 0.013 0.071 0.136 0.002 0.004 0.056 0.027 0 0.001 0.127 0.201 0.171 0.161 0.001 0.144 0.02 0.175 0.016 0.09 0.002 0.001 0.001 0.004 0.004 0.1 0.002 0.062 0.002 0.061 0.001 0.106 0.001 0.002 0.124
0.048 0.053 0.053 0.025 0.236 0.002 0.003 0.03 0.001 0.003 0.002 0.001 1 0.058 0.054 0 0.003 0.001 0.001 0.065 0.004 0.007 0.015 0.069 0.005 0.036 0.001 0.002 0.247 0.001 0.001 0.005 0.035 0.027 0.03 0.001 0.001 0.005 0.001 0.005 0.023 0.001 0.094 0.017 0.005 0.001 0.002 0.013 0.02 0.012 0.033 0.008 0.005 0.005 0.006 0.028 0.007 0.001 0.001 0 0.008 0.001 0.001 0.001 0.003 0.002 0.008 0.001 0.001 0 0.001 0 0.007 0.019 0.01 0.001
0.481 0.547 0.551 0.229 0.204 0.162 0.252 0.293 0.002 0.225 0.158 0.001 0.058 1 0.928 0.005 0.327 0.042 0.016 0.753 0.039 0.079 0.148 0.778 0.464 0.361 0.016 0.02 0.215 0.056 0.063 0.355 0.338 0.255 0.001 0.079 0.008 0.126 0.115 0.086 0.226 0.013 0.024 0.094 0.023 0.005 0.152 0.02 0.011 0.076 0.014 0.005 0.048 0.052 0.018 0.014 0.006 0.002 0.013 0.024 0.003 0.012 0.001 0.058 0.004 0.025 0 0.012 0.014 0.006 0.003 0.006 0.004 0.006 0 0.021
0.449 0.509 0.513 0.221 0.184 0.145 0.237 0.284 0.001 0.212 0.149 0.001 0.054 0.928 1 0.005 0.309 0.04 0.017 0.739 0.042 0.079 0.152 0.764 0.445 0.347 0.012 0.022 0.203 0.053 0.06 0.361 0.307 0.237 0.001 0.075 0.009 0.128 0.109 0.089 0.211 0.014 0.027 0.09 0.025 0.002 0.143 0.018 0.01 0.059 0.013 0.003 0.05 0.055 0.02 0.013 0.008 0.002 0.014 0.022 0.001 0.012 0.001 0.055 0.005 0.029 0 0.013 0.015 0.006 0.003 0.006 0.005 0.006 0.001 0.023
0.006 0.005 0.005 0.013 0 0 0.002 0.01 0 0.002 0.001 0.001 0 0.005 0.005 1 0.002 0 0 0.005 0.002 0.05 0.025 0.006 0.003 0.01 0.001 0.001 0.002 0 0 0.004 0.011 0.014 0 0.001 0 0.004 0.001 0.003 0.017 0 0.004 0.006 0.003 0.001 0.001 0.008 0.009 0.031 0 0.005 0.003 0.003 0.004 0 0.003 0.001 0 0 0.003 0 0 0 0.001 0.001 0.003 0 0 0.001 0.001 0 0.002 0 0 0
0.26 0.272 0.286 0.137 0.014 0.009 0.702 0.146 0.003 0.629 0.455 0.007 0.003 0.327 0.309 0.002 1 0.003 0.008 0.394 0.027 0.045 0.093 0.417 0.654 0.214 0.009 0.009 0.013 0.003 0.004 0.569 0.191 0.143 0.001 0.004 0 0.384 0.008 0.276 0.126 0.005 0.022 0.105 0.004 0.005 0.006 0.139 0.095 0.049 0.003 0.001 0.027 0.026 0 0.003 0 0.006 0.005 0.002 0 0.004 0.004 0.004 0 0.009 0 0.005 0.006 0.002 0.007 0.002 0 0.004 0.007 0.008
0.023 0.026 0.026 0.016 0.002 0.002 0.003 0.02 0.001 0.003 0.002 0.001 0.001 0.042 0.04 0 0.003 1 0.001 0.048 0.005 0.002 0.008 0.051 0.089 0.025 0.001 0.002 0.002 0.001 0.001 0.079 0.024 0.018 0.001 0.001 0.001 0.005 0.001 0.005 0.014 0.001 0.006 0.017 0.005 0.001 0.002 0.013 0.006 0.006 0.003 0.003 0.001 0.001 0.002 0.002 0.002 0.001 0.001 0 0.003 0.001 0.001 0.001 0 0.002 0.003 0.001 0.001 0.001 0.001 0 0.002 0.001 0.001 0.001
0.027 0.024 0.024 0.052 0.005 0.004 0.007 0.037 0.001 0.006 0.004 0.003 0.001 0.016 0.017 0 0.008 0.001 1 0.02 0.289 0.018 0.084 0.019 0.011 0.036 0.003 0.821 0.005 0.001 0.001 0.013 0.029 0.03 0.002 0.002 0.001 0.013 0.003 0.011 0.046 0.002 0.008 0.065 0.235 0.002 0.004 0.027 0.022 0.029 0.001 0.136 0.203 0.173 0.177 0.001 0.154 0.002 0.002 0.001 0.09 0.002 0.001 0.002 0.385 0.004 0.139 0.003 0.002 0.002 0.003 0.004 0.153 0.002 0.003 0.003
0.57 0.595 0.622 0.285 0.217 0.168 0.286 0.349 0.008 0.256 0.178 0.013 0.065 0.753 0.739 0.005 0.394 0.048 0.02 1 0.058 0.09 0.19 0.944 0.552 0.468 0.022 0.02 0.211 0.063 0.071 0.457 0.386 0.267 0 0.059 0.004 0.122 0.101 0.084 0.226 0.008 0.019 0.075 0.027 0.012 0.141 0.016 0.016 0.098 0.017 0.003 0.054 0.052 0.019 0.017 0.008 0.016 0.014 0.015 0 0.01 0.006 0.039 0.001 0.026 0.001 0.011 0.015 0.005 0.012 0.005 0.007 0.008 0.002 0.021
0 0 0 0.02 0.019 0.013 0.008 0.107 0.005 0.006 0.013 0.241 0.004 0.039 0.042 0.002 0.027 0.005 0.289 0.058 1 0.058 0.283 0.065 0.038 0.122 0.012 0.253 0.018 0.004 0.005 0.028 0.119 0.142 0.005 0.006 0.004 0.044 0.01 0.039 0.18 0.007 0.041 0.241 0.691 0.005 0.013 0.165 0.092 0.016 0.004 0.469 0.75 0.684 0.624 0.004 0.538 0.204 0.072 0.001 0.371 0.006 0.005 0.005 0.165 0.015 0.47 0.007 0.105 0.006 0.232 0 0.466 0.006 0.004 0.118
0.097 0.102 0.098 0.248 0.011 0.012 0.04 0.222 0.002 0.037 0.021 0.017 0.007 0.079 0.079 0.05 0.045 0.002 0.018 0.09 0.058 1 0.435 0.108 0.064 0.185 0.018 0.005 0.03 0.007 0.008 0.039 0.154 0.027 0.002 0.011 0.041 0.027 0.018 0.035 0.044 0.068 0.06 0.019 0.051 0.089 0.022 0.013 0.022 0.131 0 0.059 0.028 0.021 0.028 0 0.042 0.014 0.005 0.006 0.043 0.031 0 0.009 0.007 0.021 0.048 0.049 0.005 0.002 0.016 0.004 0.04 0.01 0.019 0.01
0.069 0.069 0.066 0.282 0.037 0.032 0.056 0.418 0.007 0.049 0.043 0.067 0.015 0.148 0.152 0.025 0.093 0.008 0.084 0.19 0.283 0.435 1 0.223 0.133 0.396 0.039 0.101 0.062 0.015 0.017 0.086 0.351 0.172 0.008 0.021 0.017 0 0.035 0 0.239 0.027 0.129 0.072 0.198 0.045 0.045 0.05 0.121 0.039 0.002 0.103 0.274 0.262 0.216 0.001 0.151 0.056 0.02 0 0.087 0.007 0.003 0.017 0.058 0.047 0.105 0.014 0.033 0.008 0.064 0.003 0.127 0.001 0.002 0.031
0.57 0.616 0.644 0.306 0.21 0.156 0.304 0.37 0.008 0.271 0.189 0.017 0.069 0.778 0.764 0.006 0.417 0.051 0.019 0.944 0.065 0.108 0.223 1 0.584 0.51 0.021 0.023 0.224 0.067 0.075 0.486 0.408 0.299 0 0.064 0.003 0.134 0.108 0.093 0.257 0.011 0.017 0.08 0.031 0.011 0.151 0.013 0.022 0.103 0.018 0.001 0.068 0.065 0.027 0.018 0.012 0.015 0.013 0.013 0 0.012 0.005 0.042 0.004 0.024 0.003 0.012 0.014 0.005 0.015 0.005 0.009 0.009 0.003 0.02
0.339 0.35 0.375 0.189 0.02 0.013 0.5 0.216 0.005 0.446 0.296 0.01 0.005 0.464 0.445 0.003 0.654 0.089 0.011 0.552 0.038 0.064 0.133 0.584 1 0.304 0.012 0.013 0.019 0.005 0.005 0.817 0.256 0.191 0.006 0.006 0.001 0.295 0.011 0.216 0.166 0.007 0.044 0.057 0.011 0.007 0.001 0.083 0.051 0.06 0.001 0.009 0.041 0.038 0.006 0 0.006 0.009 0.008 0.004 0.007 0.007 0.002 0.002 0 0.014 0.008 0.007 0.008 0.006 0.01 0.003 0.004 0.001 0.007 0.012
0.27 0.26 0.283 0.589 0.105 0.082 0.148 0.716 0.015 0.131 0.098 0.033 0.036 0.361 0.347 0.01 0.214 0.025 0.036 0.468 0.122 0.185 0.396 0.51 0.304 1 0.04 0.043 0.111 0.035 0.039 0.246 0.852 0.638 0.043 0.03 0.009 0.041 0.051 0.024 0.551 0.021 0.177 0 0.083 0.02 0.073 0.008 0.268 0.237 0.009 0.021 0.139 0.13 0.085 0.007 0.065 0.029 0.019 0.003 0.029 0.025 0.013 0.018 0.027 0.009 0.044 0.026 0.021 0.045 0.031 0.011 0.057 0.001 0.005 0.038
0.018 0.027 0.027 0.003 0.006 0.004 0.008 0.007 0.058 0.007 0.004 0.003 0.001 0.016 0.012 0.001 0.009 0.001 0.003 0.022 0.012 0.018 0.039 0.021 0.012 0.04 1 0.004 0.006 0.001 0.002 0.014 0.041 0.053 0.002 0.002 0.001 0.014 0.003 0.013 0.008 0.002 0.063 0.041 0.013 0 0.004 0.022 0.017 0.002 0.001 0.015 0.008 0.007 0.011 0.001 0.013 0.003 0.002 0.001 0.015 0.003 0.091 0.002 0.003 0.168 0.015 0.003 0.003 0.002 0.003 0.001 0.011 0.002 0.003 0.004
0.027 0.029 0.029 0.058 0.007 0.004 0.008 0.041 0.002 0.008 0.004 0.003 0.002 0.02 0.022 0.001 0.009 0.002 0.821 0.02 0.253 0.005 0.101 0.023 0.013 0.043 0.004 1 0.006 0.002 0.002 0.015 0.037 0.039 0.002 0.002 0.001 0.015 0.004 0.014 0.057 0.002 0.011 0.055 0.224 0.002 0.005 0.022 0.028 0.018 0.001 0.125 0.193 0.156 0.166 0.001 0.143 0.003 0.002 0.001 0.071 0.003 0.002 0.002 0.377 0.005 0.128 0.003 0.002 0.002 0.004 0.003 0.144 0.002 0.003 0.004
0.144 0.171 0.17 0.066 0.798 0.581 0.012 0.092 0.002 0.011 0.006 0.005 0.247 0.215 0.203 0.002 0.013 0.002 0.005 0.211 0.018 0.03 0.062 0.224 0.019 0.111 0.006 0.006 1 0.24 0.271 0.021 0.122 0.088 0.003 0.341 0.002 0.022 0.569 0.017 0.076 0.003 0.003 0.028 0.018 0.003 0.421 0.029 0.008 0.045 0.058 0.053 0.019 0.018 0.024 0.048 0.005 0.004 0.004 0.061 0.024 0.004 0.003 0.234 0.006 0.008 0.007 0.004 0.004 0.001 0.003 0.001 0.005 0.034 0.001 0.006
0.047 0.052 0.051 0.024 0.228 0.344 0.003 0.029 0 0.003 0.001 0.001 0.001 0.056 0.053 0 0.003 0.001 0.001 0.063 0.004 0.007 0.015 0.067 0.005 0.035 0.001 0.002 0.24 1 0.884 0.005 0.018 0.013 0.001 0.001 0 0.005 0.289 0.005 0.011 0.001 0.006 0.017 0.005 0.001 0.164 0.012 0.012 0.009 0.001 0.025 0.005 0.005 0.006 0.001 0.006 0.001 0.001 0 0.011 0.001 0.001 0.242 0.003 0.002 0.001 0.001 0.001 0.001 0.001 0 0.006 0.001 0 0.001
0.053 0.058 0.058 0.027 0.257 0.387 0.003 0.033 0 0.003 0.002 0.001 0.001 0.063 0.06 0 0.004 0.001 0.001 0.071 0.005 0.008 0.017 0.075 0.005 0.039 0.002 0.002 0.271 0.884 1 0.006 0.022 0.017 0.001 0.007 0.001 0.006 0.339 0.005 0.013 0.001 0.006 0.02 0.005 0.001 0.202 0.014 0.013 0.011 0.001 0.032 0.006 0.006 0.007 0 0.003 0.001 0.001 0.006 0.016 0.001 0.001 0.25 0 0.002 0 0.001 0.001 0.001 0.001 0 0.003 0 0 0.002
0.259 0.278 0.291 0.132 0.022 0.015 0.432 0.158 0.005 0.384 0.262 0.002 0.005 0.355 0.361 0.004 0.569 0.079 0.013 0.457 0.028 0.039 0.086 0.486 0.817 0.246 0.014 0.015 0.021 0.005 0.006 1 0.247 0.2 0.006 0.007 0.002 0.343 0.012 0.265 0.171 0.008 0.05 0.071 0.007 0.007 0.001 0.1 0.053 0.066 0.001 0.007 0.031 0.028 0.004 0.002 0.004 0.01 0.009 0.004 0.011 0.01 0.006 0.002 0 0.016 0.006 0.011 0.008 0.007 0.012 0.003 0.006 0.003 0.01 0.012
0.235 0.232 0.247 0.543 0.097 0.075 0.137 0.673 0.016 0.121 0.094 0.034 0.035 0.338 0.307 0.011 0.191 0.024 0.029 0.386 0.119 0.154 0.351 0.408 0.256 0.852 0.041 0.037 0.122 0.018 0.022 0.247 1 0.729 0.042 0.049 0.015 0.056 0.08 0.039 0.631 0.022 0.179 0.003 0.092 0.022 0.102 0.003 0.299 0.258 0.009 0.017 0.15 0.14 0.094 0.005 0.067 0.03 0.014 0.003 0.021 0.029 0.018 0.039 0.032 0.008 0.034 0.031 0.021 0.043 0.032 0.021 0.059 0 0.008 0.032
0.14 0.139 0.15 0.338 0.058 0.042 0.099 0.45 0.01 0.086 0.068 0.044 0.027 0.255 0.237 0.014 0.143 0.018 0.03 0.267 0.142 0.027 0.172 0.299 0.191 0.638 0.053 0.039 0.088 0.013 0.017 0.2 0.729 1 0.033 0.036 0.019 0.257 0.061 0.234 0.829 0.029 0.123 0.037 0.12 0.032 0.08 0.002 0.384 0.222 0.004 0.037 0.181 0.162 0.123 0.002 0.101 0.038 0.021 0.001 0.037 0.037 0.023 0.027 0.039 0.003 0.062 0.039 0.022 0.033 0.045 0.016 0.089 0 0.007 0.042
0 0.001 0.001 0.016 0.003 0.002 0.001 0.021 0.001 0.001 0 0.001 0.03 0.001 0.001 0 0.001 0.001 0.002 0 0.005 0.002 0.008 0 0.006 0.043 0.002 0.002 0.003 0.001 0.001 0.006 0.042 0.033 1 0.001 0.001 0.007 0.002 0.006 0.028 0.001 0.115 0.021 0.006 0.001 0.002 0.016 0.053 0.015 0.001 0.01 0.007 0.006 0.008 0.001 0.009 0.001 0.001 0.001 0.01 0.001 0.001 0.001 0.004 0.002 0.01 0.001 0.001 0.487 0.002 0 0.008 0.001 0.001 0.002
0.034 0.048 0.048 0.016 0.235 0.357 0.004 0.024 0.001 0.004 0.002 0.002 0.001 0.079 0.075 0.001 0.004 0.001 0.002 0.059 0.006 0.011 0.021 0.064 0.006 0.03 0.002 0.002 0.341 0.001 0.007 0.007 0.049 0.036 0.001 1 0.001 0.007 0.446 0.007 0.033 0.001 0.008 0.045 0.007 0.001 0.282 0.004 0.017 0.017 0.063 0.046 0.008 0.007 0.009 0.054 0.001 0.001 0.001 0.144 0.027 0.001 0.001 0.093 0 0.003 0.024 0.002 0.001 0.001 0.002 0 0.001 0.038 0 0.002
0.005 0.005 0.009 0.02 0.002 0.001 0.003 0.016 0.001 0.002 0.001 0.001 0.001 0.008 0.009 0 0 0.001 0.001 0.004 0.004 0.041 0.017 0.003 0.001 0.009 0.001 0.001 0.002 0 0.001 0.002 0.015 0.019 0.001 0.001 1 0.005 0.001 0.004 0.022 0.001 0.005 0.007 0.001 0.001 0.002 0.007 0.011 0.005 0 0.004 0.002 0.001 0.002 0 0.003 0.001 0.001 0 0.004 0.001 0.001 0.001 0 0.002 0.004 0.001 0.001 0 0.001 0 0.002 0.001 0.001 0.001
0.068 0.074 0.08 0.011 0.023 0.015 0.282 0.019 0 0.24 0.139 0.012 0.005 0.126 0.128 0.004 0.384 0.005 0.013 0.122 0.044 0.027 0 0.134 0.295 0.041 0.014 0.015 0.022 0.005 0.006 0.343 0.056 0.257 0.007 0.007 0.005 1 0.013 0.873 0.221 0.008 0.055 0.266 0.046 0.127 0 0.205 0.194 0.018 0.004 0.041 0.051 0.043 0.036 0.005 0.03 0.01 0.005 0.004 0.029 0.01 0.006 0.006 0.004 0.016 0.037 0.009 0.006 0.007 0.012 0.003 0.024 0.007 0.002 0.01
0.072 0.081 0.081 0.029 0.398 0.605 0.007 0.041 0.001 0.006 0.004 0.003 0.001 0.115 0.109 0.001 0.008 0.001 0.003 0.101 0.01 0.018 0.035 0.108 0.011 0.051 0.003 0.004 0.569 0.289 0.339 0.012 0.08 0.061 0.002 0.446 0.001 0.013 1 0.008 0.055 0.002 0.013 0.074 0.011 0.002 0.536 0.012 0.029 0.028 0.035 0.092 0.013 0.012 0.015 0.029 0.003 0.002 0.002 0.039 0.063 0.002 0.001 0.394 0.002 0.004 0.024 0.003 0.002 0.002 0.002 0.001 0.004 0.019 0.001 0.003
0.044 0.053 0.053 0.004 0.02 0.013 0.297 0.009 0 0.251 0.136 0.01 0.005 0.086 0.089 0.003 0.276 0.005 0.011 0.084 0.039 0.035 0 0.093 0.216 0.024 0.013 0.014 0.017 0.005 0.005 0.265 0.039 0.234 0.006 0.007 0.004 0.873 0.008 1 0.204 0.007 0.049 0.241 0.041 0.143 0.012 0.169 0.227 0.013 0.004 0.068 0.045 0.038 0.05 0.004 0.058 0.009 0.005 0.004 0.052 0.009 0.005 0.003 0.024 0.014 0.062 0.01 0.005 0.006 0.011 0.003 0.051 0.006 0.003 0.008
0.114 0.107 0.117 0.423 0.048 0.035 0.086 0.56 0.003 0.075 0.063 0.051 0.023 0.226 0.211 0.017 0.126 0.014 0.046 0.226 0.18 0.044 0.239 0.257 0.166 0.551 0.008 0.057 0.076 0.011 0.013 0.171 0.631 0.829 0.028 0.033 0.022 0.221 0.055 0.204 1 0.034 0.242 0.014 0.153 0.027 0.069 0.001 0.506 0.273 0.004 0.06 0.228 0.206 0.16 0.002 0.137 0.044 0.026 0.001 0.061 0.044 0.012 0.024 0.059 0.066 0.092 0.046 0.029 0.029 0.053 0.014 0.121 0.001 0.01 0.053
0.016 0.014 0.014 0.03 0.003 0.002 0.004 0.025 0.002 0.004 0.002 0.002 0.001 0.013 0.014 0 0.005 0.001 0.002 0.008 0.007 0.068 0.027 0.011 0.007 0.021 0.002 0.002 0.003 0.001 0.001 0.008 0.022 0.029 0.001 0.001 0.001 0.008 0.002 0.007 0.034 1 0.007 0.019 0.005 0.001 0.002 0.011 0.016 0.036 0.001 0.007 0.005 0.005 0.001 0.001 0.007 0.001 0.001 0.001 0.007 0.371 0.001 0.001 0.003 0.002 0.008 0.434 0.001 0.001 0.002 0 0.005 0.001 0.007 0.002
0.017 0.032 0.03 0.22 0.003 0.013 0.022 0.273 0.006 0.02 0.008 0.013 0.094 0.024 0.027 0.004 0.022 0.006 0.008 0.019 0.041 0.06 0.129 0.017 0.044 0.177 0.063 0.011 0.003 0.006 0.006 0.05 0.179 0.123 0.115 0.008 0.005 0.055 0.013 0.049 0.242 0.007 1 0.177 0.049 0.008 0.017 0.116 0.411 0.116 0.001 0.085 0.057 0.054 0.065 0 0.075 0.011 0.01 0.005 0.084 0.009 0.007 0.007 0.032 0.28 0.081 0.01 0.01 0.12 0.014 0.056 0.066 0.001 0 0.015
0.124 0.14 0.146 0.003 0.012 0.052 0.092 0.001 0.008 0.08 0.031 0.071 0.017 0.094 0.09 0.006 0.105 0.017 0.065 0.075 0.241 0.019 0.072 0.08 0.057 0 0.041 0.055 0.028 0.017 0.02 0.071 0.003 0.037 0.021 0.045 0.007 0.266 0.074 0.241 0.014 0.019 0.177 1 0.223 0.043 0.096 0.423 0 0.077 0 0.33 0.238 0.212 0.194 0.001 0.207 0.061 0.026 0.026 0.24 0.027 0.015 0.029 0.069 0.054 0.23 0.028 0.033 0.022 0.075 0.01 0.19 0.004 0.017 0.028
0.001 0.002 0.002 0.016 0.019 0.012 0 0.072 0.005 0 0 0.136 0.005 0.023 0.025 0.003 0.004 0.005 0.235 0.027 0.691 0.051 0.198 0.031 0.011 0.083 0.013 0.224 0.018 0.005 0.005 0.007 0.092 0.12 0.006 0.007 0.001 0.046 0.011 0.041 0.153 0.005 0.049 0.223 1 0.007 0.015 0.207 0.113 0.024 0.004 0.542 0.736 0.7 0.738 0.005 0.621 0.161 0.097 0 0.438 0.007 0.006 0.004 0.17 0.017 0.528 0.008 0.091 0.006 0.202 0.003 0.578 0.006 0.008 0.103
0.01 0.013 0.013 0.029 0.003 0.002 0.004 0.025 0.007 0.004 0.002 0.002 0.001 0.005 0.002 0.001 0.005 0.001 0.002 0.012 0.005 0.089 0.045 0.011 0.007 0.02 0 0.002 0.003 0.001 0.001 0.007 0.022 0.032 0.001 0.001 0.001 0.127 0.002 0.143 0.027 0.001 0.008 0.043 0.007 1 0.002 0.005 0.01 0.038 0.001 0.012 0.008 0.007 0.009 0.001 0.011 0.001 0.001 0.001 0.004 0.001 0.001 0.001 0.004 0.003 0.012 0.002 0.001 0.001 0.002 0 0.009 0.001 0.002 0.002
0.093 0.101 0.114 0.046 0.291 0.453 0.009 0.059 0.001 0.008 0.005 0.004 0.002 0.152 0.143 0.001 0.006 0.002 0.004 0.141 0.013 0.022 0.045 0.151 0.001 0.073 0.004 0.005 0.421 0.164 0.202 0.001 0.102 0.08 0.002 0.282 0.002 0 0.536 0.012 0.069 0.002 0.017 0.096 0.015 0.002 1 0 0.037 0.036 0.001 0.192 0.016 0.015 0.004 0.001 0.008 0.003 0.003 0.085 0.126 0.003 0.002 0.309 0.011 0.006 0.071 0.003 0.003 0.002 0.002 0.001 0.009 0.002 0.003 0.004
0.041 0.039 0.043 0.002 0.043 0.025 0.129 0.011 0.002 0.113 0.061 0.056 0.013 0.02 0.018 0.008 0.139 0.013 0.027 0.016 0.165 0.013 0.05 0.013 0.083 0.008 0.022 0.022 0.029 0.012 0.014 0.1 0.003 0.002 0.016 0.004 0.007 0.205 0.012 0.169 0.001 0.011 0.116 0.423 0.207 0.005 0 1 0.002 0.036 0.01 0.172 0.211 0.214 0.23 0.012 0.205 0.052 0.038 0.001 0.17 0.02 0.003 0.001 0.065 0.044 0.174 0.021 0.03 0.017 0.055 0.002 0.199 0.016 0.016 0.037
0.005 0.002 0.002 0.243 0.008 0.031 0.104 0.307 0.008 0.086 0.054 0.027 0.02 0.011 0.01 0.009 0.095 0.006 0.022 0.016 0.092 0.022 0.121 0.022 0.051 0.268 0.017 0.028 0.008 0.012 0.013 0.053 0.299 0.384 0.053 0.017 0.011 0.194 0.029 0.227 0.506 0.016 0.411 0 0.113 0.01 0.037 0.002 1 0.176 0 0.193 0.124 0.116 0.149 0.001 0.171 0.024 0.021 0.01 0.19 0.023 0.014 0.015 0.068 0.152 0.186 0.025 0.022 0.055 0.03 0.026 0.152 0.005 0.002 0.032
0.085 0.071 0.075 0.228 0.023 0.02 0.046 0.271 0.017 0.046 0.033 0 0.012 0.076 0.059 0.031 0.049 0.006 0.029 0.098 0.016 0.131 0.039 0.103 0.06 0.237 0.002 0.018 0.045 0.009 0.011 0.066 0.258 0.222 0.015 0.017 0.005 0.018 0.028 0.013 0.273 0.036 0.116 0.077 0.024 0.038 0.036 0.036 0.176 1 0.01 0.08 0.031 0.026 0.041 0.005 0.036 0.01 0 0.01 0.04 0.064 0.028 0.014 0.034 0.041 0.044 0.068 0.013 0.014 0.006 0.007 0.029 0 0.023 0.004
0.01 0.011 0.011 0.004 0.055 0.029 0.002 0.008 0 0.002 0.001 0.001 0.033 0.014 0.013 0 0.003 0.003 0.001 0.017 0.004 0 0.002 0.018 0.001 0.009 0.001 0.001 0.058 0.001 0.001 0.001 0.009 0.004 0.001 0.063 0 0.004 0.035 0.004 0.004 0.001 0.001 0 0.004 0.001 0.001 0.01 0 0.01 1 0.007 0.004 0.004 0.005 0.871 0.006 0.001 0.001 0 0.007 0.001 0.001 0.001 0.002 0.002 0.007 0.001 0.001 0.001 0.001 0 0.005 0.553 0.023 0.001
0.037 0.036 0.04 0.001 0.027 0.071 0.004 0.02 0.008 0.002 0.001 0.127 0.008 0.005 0.003 0.005 0.001 0.003 0.136 0.003 0.469 0.059 0.103 0.001 0.009 0.021 0.015 0.125 0.053 0.025 0.032 0.007 0.017 0.037 0.01 0.046 0.004 0.041 0.092 0.068 0.06 0.007 0.085 0.33 0.542 0.012 0.192 0.172 0.193 0.08 0.007 1 0.621 0.568 0.678 0.008 0.701 0.108 0.051 0.053 0.761 0.016 0.01 0.061 0.272 0.029 0.77 0.017 0.075 0.011 0.139 0.005 0.622 0.011 0.017 0.077
0 0.001 0.001 0.038 0.02 0.013 0.011 0.124 0.005 0.008 0.014 0.201 0.005 0.048 0.05 0.003 0.027 0.001 0.203 0.054 0.75 0.028 0.274 0.068 0.041 0.139 0.008 0.193 0.019 0.005 0.006 0.031 0.15 0.181 0.007 0.008 0.002 0.051 0.013 0.045 0.228 0.005 0.057 0.238 0.736 0.008 0.016 0.211 0.124 0.031 0.004 0.621 1 0.904 0.822 0.005 0.71 0.192 0.087 0.006 0.507 0.01 0.006 0.004 0.276 0.019 0.598 0.011 0.122 0.007 0.233 0.003 0.617 0.007 0.011 0.131
0 0 0 0.033 0.019 0.012 0.01 0.119 0.005 0.008 0.014 0.171 0.005 0.052 0.055 0.003 0.026 0.001 0.173 0.052 0.684 0.021 0.262 0.065 0.038 0.13 0.007 0.156 0.018 0.005 0.006 0.028 0.14 0.162 0.006 0.007 0.001 0.043 0.012 0.038 0.206 0.005 0.054 0.212 0.7 0.007 0.015 0.214 0.116 0.026 0.004 0.568 0.904 1 0.77 0.005 0.665 0.205 0.107 0.001 0.523 0.01 0.006 0.004 0.214 0.018 0.558 0.01 0.146 0.007 0.249 0.003 0.569 0.006 0.01 0.154
0.003 0.002 0.002 0.019 0.025 0.016 0 0.078 0.007 0 0 0.161 0.006 0.018 0.02 0.004 0 0.002 0.177 0.019 0.624 0.028 0.216 0.027 0.006 0.085 0.011 0.166 0.024 0.006 0.007 0.004 0.094 0.123 0.008 0.009 0.002 0.036 0.015 0.05 0.16 0.001 0.065 0.194 0.738 0.009 0.004 0.23 0.149 0.041 0.005 0.678 0.822 0.77 1 0.006 0.808 0.159 0.094 0.004 0.601 0.005 0.007 0.006 0.292 0.023 0.695 0.006 0.123 0.009 0.193 0.004 0.7 0.008 0.013 0.116
0.01 0.011 0.011 0.003 0.046 0.024 0.003 0.007 0.001 0.002 0.001 0.001 0.028 0.014 0.013 0 0.003 0.002 0.001 0.017 0.004 0 0.001 0.018 0 0.007 0.001 0.001 0.048 0.001 0 0.002 0.005 0.002 0.001 0.054 0 0.005 0.029 0.004 0.002 0.001 0 0.001 0.005 0.001 0.001 0.012 0.001 0.005 0.871 0.008 0.005 0.005 0.006 1 0.007 0.001 0.001 0 0.008 0.001 0.001 0.001 0.003 0.002 0.008 0.001 0.001 0.001 0.001 0 0.006 0.6 0.041 0.001
0.006 0.005 0.007 0.012 0.005 0 0.002 0.054 0.007 0.001 0.001 0.144 0.007 0.006 0.008 0.003 0 0.002 0.154 0.008 0.538 0.042 0.151 0.012 0.006 0.065 0.013 0.143 0.005 0.006 0.003 0.004 0.067 0.101 0.009 0.001 0.003 0.03 0.003 0.058 0.137 0.007 0.075 0.207 0.621 0.011 0.008 0.205 0.171 0.036 0.006 0.701 0.71 0.665 0.808 0.007 1 0.13 0.104 0.06 0.7 0.014 0.009 0.007 0.372 0.026 0.791 0.015 0.13 0.01 0.165 0.004 0.866 0.009 0.015 0.185
0.042 0.047 0.047 0.015 0.004 0.003 0.006 0.03 0.001 0.005 0.003 0.02 0.001 0.002 0.002 0.001 0.006 0.001 0.002 0.016 0.204 0.014 0.056 0.015 0.009 0.029 0.003 0.003 0.004 0.001 0.001 0.01 0.03 0.038 0.001 0.001 0.001 0.01 0.002 0.009 0.044 0.001 0.011 0.061 0.161 0.001 0.003 0.052 0.024 0.01 0.001 0.108 0.192 0.205 0.159 0.001 0.13 1 0.001 0.001 0.117 0.002 0.001 0.001 0 0.004 0.124 0.002 0.001 0.001 0.58 0.001 0.1 0.001 0.002 0.002
0.002 0.001 0.001 0.004 0.002 0.001 0.004 0.002 0.001 0.004 0.003 0.175 0.001 0.013 0.014 0 0.005 0.001 0.002 0.014 0.072 0.005 0.02 0.013 0.008 0.019 0.002 0.002 0.004 0.001 0.001 0.009 0.014 0.021 0.001 0.001 0.001 0.005 0.002 0.005 0.026 0.001 0.01 0.026 0.097 0.001 0.003 0.038 0.021 0 0.001 0.051 0.087 0.107 0.094 0.001 0.104 0.001 1 0.001 0.093 0.002 0.001 0.001 0.005 0.003 0.066 0.002 0.239 0.001 0.006 0.001 0.092 0.001 0.002 0.356
0.007 0.009 0.009 0.001 0.058 0.091 0.001 0.002 0 0.001 0 0.016 0 0.024 0.022 0 0.002 0 0.001 0.015 0.001 0.006 0 0.013 0.004 0.003 0.001 0.001 0.061 0 0.006 0.004 0.003 0.001 0.001 0.144 0 0.004 0.039 0.004 0.001 0.001 0.005 0.026 0 0.001 0.085 0.001 0.01 0.01 0 0.053 0.006 0.001 0.004 0 0.06 0.001 0.001 1 0.027 0.001 0.001 0.001 0.015 0.002 0.016 0.001 0.001 0.001 0 0 0.058 0.001 0.001 0.001
0.03 0.026 0.029 0.002 0.01 0.035 0.003 0.027 0.008 0.001 0.001 0.09 0.008 0.003 0.001 0.003 0 0.003 0.09 0 0.371 0.043 0.087 0 0.007 0.029 0.015 0.071 0.024 0.011 0.016 0.011 0.021 0.037 0.01 0.027 0.004 0.029 0.063 0.052 0.061 0.007 0.084 0.24 0.438 0.004 0.126 0.17 0.19 0.04 0.007 0.761 0.507 0.523 0.601 0.008 0.7 0.117 0.093 0.027 1 0.016 0.01 0.062 0.227 0.029 0.815 0.017 0.117 0.011 0.149 0.005 0.66 0.01 0.017 0.166
0.014 0.012 0.012 0.031 0.004 0.003 0.004 0.029 0.001 0.003 0.003 0.002 0.001 0.012 0.012 0 0.004 0.001 0.002 0.01 0.006 0.031 0.007 0.012 0.007 0.025 0.003 0.003 0.004 0.001 0.001 0.01 0.029 0.037 0.001 0.001 0.001 0.01 0.002 0.009 0.044 0.371 0.009 0.027 0.007 0.001 0.003 0.02 0.023 0.064 0.001 0.016 0.01 0.01 0.005 0.001 0.014 0.002 0.002 0.001 0.016 1 0.001 0.001 0.006 0.004 0.016 0.828 0.002 0.001 0.002 0.001 0.013 0.001 0.104 0.003
0.005 0.007 0.004 0.013 0.003 0.002 0.003 0.015 0.321 0.003 0.002 0.001 0.001 0.001 0.001 0 0.004 0.001 0.001 0.006 0.005 0 0.003 0.005 0.002 0.013 0.091 0.002 0.003 0.001 0.001 0.006 0.018 0.023 0.001 0.001 0.001 0.006 0.001 0.005 0.012 0.001 0.007 0.015 0.006 0.001 0.002 0.003 0.014 0.028 0.001 0.01 0.006 0.006 0.007 0.001 0.009 0.001 0.001 0.001 0.01 0.001 1 0.001 0.003 0.002 0.009 0.001 0.001 0.001 0.001 0 0.008 0.001 0.001 0.002
0.019 0.022 0.022 0.008 0.13 0.201 0.003 0.014 0.001 0.003 0.002 0.001 0.001 0.058 0.055 0 0.004 0.001 0.002 0.039 0.005 0.009 0.017 0.042 0.002 0.018 0.002 0.002 0.234 0.242 0.25 0.002 0.039 0.027 0.001 0.093 0.001 0.006 0.394 0.003 0.024 0.001 0.007 0.029 0.004 0.001 0.309 0.001 0.015 0.014 0.001 0.061 0.004 0.004 0.006 0.001 0.007 0.001 0.001 0.001 0.062 0.001 0.001 1 0 0.002 0.016 0.001 0.001 0.001 0 0 0.006 0.001 0.001 0.002
0.007 0.013 0.01 0.041 0.007 0.003 0.015 0.032 0.003 0.013 0.007 0.004 0.003 0.004 0.005 0.001 0 0 0.385 0.001 0.165 0.007 0.058 0.004 0 0.027 0.003 0.377 0.006 0.003 0 0 0.032 0.039 0.004 0 0 0.004 0.002 0.024 0.059 0.003 0.032 0.069 0.17 0.004 0.011 0.065 0.068 0.034 0.002 0.272 0.276 0.214 0.292 0.003 0.372 0 0.005 0.015 0.227 0.006 0.003 0 1 0.01 0.343 0.006 0.005 0.004 0.005 0.002 0.319 0.004 0.006 0.001
0.017 0.029 0.029 0.069 0.005 0.003 0.008 0.086 0 0.007 0.004 0.004 0.002 0.025 0.029 0.001 0.009 0.002 0.004 0.026 0.015 0.021 0.047 0.024 0.014 0.009 0.168 0.005 0.008 0.002 0.002 0.016 0.008 0.003 0.002 0.003 0.002 0.016 0.004 0.014 0.066 0.002 0.28 0.054 0.017 0.003 0.006 0.044 0.152 0.041 0.002 0.029 0.019 0.018 0.023 0.002 0.026 0.004 0.003 0.002 0.029 0.004 0.002 0.002 0.01 1 0.029 0.004 0.003 0.002 0.005 0.001 0.023 0.002 0.001 0.005
0.016 0.015 0.017 0.005 0.001 0.01 0.003 0.037 0.008 0.001 0.001 0.1 0.008 0 0 0.003 0 0.003 0.139 0.001 0.47 0.048 0.105 0.003 0.008 0.044 0.015 0.128 0.007 0.001 0 0.006 0.034 0.062 0.01 0.024 0.004 0.037 0.024 0.062 0.092 0.008 0.081 0.23 0.528 0.012 0.071 0.174 0.186 0.044 0.007 0.77 0.598 0.558 0.695 0.008 0.791 0.124 0.066 0.016 0.815 0.016 0.009 0.016 0.343 0.029 1 0.017 0.118 0.011 0.158 0.005 0.697 0.01 0.013 0.135
0.015 0.013 0.013 0.033 0.004 0.003 0.004 0.031 0.001 0.003 0.003 0.002 0.001 0.012 0.013 0 0.005 0.001 0.003 0.011 0.007 0.049 0.014 0.012 0.007 0.026 0.003 0.003 0.004 0.001 0.001 0.011 0.031 0.039 0.001 0.002 0.001 0.009 0.003 0.01 0.046 0.434 0.01 0.028 0.008 0.002 0.003 0.021 0.025 0.068 0.001 0.017 0.011 0.01 0.006 0.001 0.015 0.002 0.002 0.001 0.017 0.828 0.001 0.001 0.006 0.004 0.017 1 0.002 0.001 0.003 0.001 0.013 0.001 0.107 0.003
0 0 0 0.003 0.002 0.001 0.003 0.005 0.001 0.005 0.003 0.062 0.001 0.014 0.015 0 0.006 0.001 0.002 0.015 0.105 0.005 0.033 0.014 0.008 0.021 0.003 0.002 0.004 0.001 0.001 0.008 0.021 0.022 0.001 0.001 0.001 0.006 0.002 0.005 0.029 0.001 0.01 0.033 0.091 0.001 0.003 0.03 0.022 0.013 0.001 0.075 0.122 0.146 0.123 0.001 0.13 0.001 0.239 0.001 0.117 0.002 0.001 0.001 0.005 0.003 0.118 0.002 1 0.001 0.002 0.001 0.119 0.001 0.002 0.572
0.004 0.007 0.007 0.017 0.001 0.002 0.001 0.022 0.001 0.001 0 0.002 0 0.006 0.006 0.001 0.002 0.001 0.002 0.005 0.006 0.002 0.008 0.005 0.006 0.045 0.002 0.002 0.001 0.001 0.001 0.007 0.043 0.033 0.487 0.001 0 0.007 0.002 0.006 0.029 0.001 0.12 0.022 0.006 0.001 0.002 0.017 0.055 0.014 0.001 0.011 0.007 0.007 0.009 0.001 0.01 0.001 0.001 0.001 0.011 0.001 0.001 0.001 0.004 0.002 0.011 0.001 0.001 1 0.002 0 0.009 0.001 0.001 0.002
0.033 0.036 0.038 0.008 0.003 0.001 0.007 0.032 0.001 0.006 0.004 0.061 0.001 0.003 0.003 0.001 0.007 0.001 0.003 0.012 0.232 0.016 0.064 0.015 0.01 0.031 0.003 0.004 0.003 0.001 0.001 0.012 0.032 0.045 0.002 0.002 0.001 0.012 0.002 0.011 0.053 0.002 0.014 0.075 0.202 0.002 0.002 0.055 0.03 0.006 0.001 0.139 0.233 0.249 0.193 0.001 0.165 0.58 0.006 0 0.149 0.002 0.001 0 0.005 0.005 0.158 0.003 0.002 0.002 1 0.001 0.152 0.002 0.003 0.002
0.001 0.006 0.006 0.007 0.001 0.001 0.002 0.009 0 0.002 0.001 0.001 0 0.006 0.006 0 0.002 0 0.004 0.005 0 0.004 0.003 0.005 0.003 0.011 0.001 0.003 0.001 0 0 0.003 0.021 0.016 0 0 0 0.003 0.001 0.003 0.014 0 0.056 0.01 0.003 0 0.001 0.002 0.026 0.007 0 0.005 0.003 0.003 0.004 0 0.004 0.001 0.001 0 0.005 0.001 0 0 0.002 0.001 0.005 0.001 0.001 0 0.001 1 0.004 0 0.001 0.001
0.004 0.005 0.006 0.011 0.005 0 0.001 0.045 0.007 0 0.001 0.106 0.007 0.004 0.005 0.002 0 0.002 0.153 0.007 0.466 0.04 0.127 0.009 0.004 0.057 0.011 0.144 0.005 0.006 0.003 0.006 0.059 0.089 0.008 0.001 0.002 0.024 0.004 0.051 0.121 0.005 0.066 0.19 0.578 0.009 0.009 0.199 0.152 0.029 0.005 0.622 0.617 0.569 0.7 0.006 0.866 0.1 0.092 0.058 0.66 0.013 0.008 0.006 0.319 0.023 0.697 0.013 0.119 0.009 0.152 0.004 1 0.008 0.013 0.196
0.003 0.005 0.005 0 0.032 0.017 0.004 0.001 0.001 0.003 0.002 0.001 0.019 0.006 0.006 0 0.004 0.001 0.002 0.008 0.006 0.01 0.001 0.009 0.001 0.001 0.002 0.002 0.034 0.001 0 0.003 0 0 0.001 0.038 0.001 0.007 0.019 0.006 0.001 0.001 0.001 0.004 0.006 0.001 0.002 0.016 0.005 0 0.553 0.011 0.007 0.006 0.008 0.6 0.009 0.001 0.001 0.001 0.01 0.001 0.001 0.001 0.004 0.002 0.01 0.001 0.001 0.001 0.002 0 0.008 1 0.101 0.002
0.006 0.005 0.005 0.014 0.001 0.001 0.006 0.007 0.001 0.005 0.003 0.002 0.01 0 0.001 0 0.007 0.001 0.003 0.002 0.004 0.019 0.002 0.003 0.007 0.005 0.003 0.003 0.001 0 0 0.01 0.008 0.007 0.001 0 0.001 0.002 0.001 0.003 0.01 0.007 0 0.017 0.008 0.002 0.003 0.016 0.002 0.023 0.023 0.017 0.011 0.01 0.013 0.041 0.015 0.002 0.002 0.001 0.017 0.104 0.001 0.001 0.006 0.001 0.013 0.107 0.002 0.001 0.003 0.001 0.013 0.101 1 0.003
0.003 0.002 0.002 0.012 0.004 0.002 0 0.014 0.001 0.001 0.004 0.124 0.001 0.021 0.023 0 0.008 0.001 0.003 0.021 0.118 0.01 0.031 0.02 0.012 0.038 0.004 0.004 0.006 0.001 0.002 0.012 0.032 0.042 0.002 0.002 0.001 0.01 0.003 0.008 0.053 0.002 0.015 0.028 0.103 0.002 0.004 0.037 0.032 0.004 0.001 0.077 0.131 0.154 0.116 0.001 0.185 0.002 0.356 0.001 0.166 0.003 0.002 0.002 0.001 0.005 0.135 0.003 0.572 0.002 0.002 0.001 0.196 0.002 0.003 1
