1 0.87 0.896 0.501 0.201 0.127 0.266 0.328 0.013 0.214 0.139 0.027 0.056 0.567 0.537 0.01 0.279 0.038 0.042 0.631 0.009 0.156 0.157 0.645 0.361 0.352 0.012 0.048 0.162 0.052 0.053 0.31 0.309 0.171 0 0.051 0.005 0.057 0.074 0.029 0.154 0.023 0.009 0.064 0.007 0.006 0.093 0.026 0.016 0.047 0.004 0.011 0.023 0.016 0.005 0.006 0.001 0.048 0.013 0.005 0.011 0.01 0.005 0.014 0.035 0.022 0.003 0.011 0.012 0 0.047 0.001 0 0.005 0.015 0.012
0.87 1 0.944 0.464 0.231 0.145 0.305 0.29 0.011 0.246 0.159 0.023 0.065 0.598 0.564 0.009 0.266 0.044 0.037 0.656 0.004 0.141 0.13 0.672 0.356 0.317 0.02 0.042 0.188 0.06 0.061 0.31 0.279 0.153 0.001 0.058 0.005 0.054 0.087 0.041 0.135 0.021 0.022 0.074 0.003 0.01 0.07 0.03 0.011 0.039 0.006 0.011 0.015 0.01 0.001 0.007 0.001 0.056 0.011 0.007 0.011 0.009 0.006 0.018 0.033 0.034 0.003 0.009 0.01 0.004 0.028 0.007 0.001 0.007 0.012 0.01
0.896 0.944 1 0.49 0.223 0.14 0.294 0.312 0.012 0.237 0.154 0.024 0.063 0.637 0.601 0.009 0.309 0.043 0.038 0.7 0.005 0.143 0.135 0.718 0.402 0.346 0.021 0.044 0.18 0.058 0.059 0.348 0.302 0.169 0.001 0.056 0.011 0.07 0.084 0.038 0.15 0.022 0.022 0.084 0.004 0.01 0.105 0.038 0.009 0.042 0.005 0.018 0.017 0.012 0.002 0.007 0.004 0.054 0.011 0.006 0.018 0.009 0.004 0.017 0.031 0.035 0.007 0.01 0.01 0.005 0.054 0.007 0 0.006 0.013 0.01
0.501 0.464 0.49 1 0.106 0.065 0.148 0.789 0.023 0.119 0.077 0.048 0.035 0.311 0.312 0.019 0.16 0.026 0.076 0.358 0.045 0.304 0.383 0.374 0.216 0.648 0.002 0.083 0.079 0.028 0.029 0.178 0.593 0.346 0.022 0.023 0.022 0.007 0.031 0.001 0.42 0.044 0.219 0.001 0.043 0.027 0.045 0.003 0.224 0.146 0.007 0.007 0.079 0.065 0.044 0.008 0.016 0.024 0.02 0 0.005 0.029 0.011 0.008 0.071 0.067 0.014 0.03 0.021 0.013 0.021 0.013 0.029 0.001 0.032 0.024
0.201 0.231 0.223 0.106 1 0.63 0.015 0.119 0.003 0.013 0.008 0.005 0.288 0.218 0.203 0.002 0.018 0.003 0.009 0.238 0.022 0.024 0.058 0.231 0.025 0.118 0.005 0.01 0.849 0.262 0.263 0.026 0.11 0.056 0.001 0.251 0.002 0.028 0.428 0.025 0.058 0.005 0.011 0.007 0.022 0.005 0.236 0.038 0.001 0.023 0.044 0.017 0.024 0.022 0.028 0.036 0.001 0.003 0.002 0.078 0.013 0 0.002 0.109 0.012 0.008 0.001 0 0.003 0 0.002 0.002 0.004 0.045 0 0.003
0.127 0.145 0.14 0.065 0.63 1 0.01 0.082 0.002 0.008 0.005 0.003 0.002 0.148 0.138 0.001 0.011 0.002 0.005 0.16 0.014 0.017 0.039 0.15 0.016 0.077 0.003 0.006 0.546 0.416 0.419 0.016 0.069 0.031 0.001 0.377 0.002 0.018 0.669 0.016 0.033 0.003 0.016 0.048 0.013 0.003 0.397 0.017 0.038 0.013 0.033 0.062 0.015 0.013 0.017 0.028 0.001 0.002 0.001 0.135 0.051 0.004 0.001 0.182 0.007 0.005 0.013 0.004 0.002 0.002 0.001 0.001 0 0.043 0.001 0.002
0.266 0.305 0.294 0.148 0.015 0.01 1 0.169 0.003 0.807 0.523 0.007 0.005 0.31 0.288 0.003 0.737 0.004 0.011 0.338 0.029 0.05 0.099 0.35 0.583 0.188 0.006 0.013 0.016 0.004 0.004 0.528 0.172 0.123 0.001 0.005 0.003 0.268 0.01 0.292 0.109 0.006 0.027 0.059 0.001 0.006 0.012 0.139 0.112 0.021 0.002 0.01 0.031 0.027 0.001 0.003 0.006 0.003 0.003 0.006 0.007 0.003 0.002 0.005 0.02 0.01 0.007 0.003 0.004 0.002 0.005 0.002 0.007 0.004 0.008 0.004
0.328 0.29 0.312 0.789 0.119 0.082 0.169 1 0.02 0.135 0.09 0.041 0.04 0.396 0.392 0.016 0.184 0.03 0.055 0.438 0.153 0.264 0.526 0.455 0.261 0.765 0.004 0.061 0.1 0.033 0.034 0.219 0.721 0.457 0.026 0.032 0.019 0.018 0.042 0.006 0.548 0.038 0.255 0.006 0.084 0.037 0.055 0.007 0.266 0.208 0.013 0.028 0.16 0.143 0.101 0.013 0.049 0.018 0.017 0.001 0.027 0.025 0.011 0.012 0.066 0.078 0.044 0.027 0.022 0.016 0.001 0.016 0.052 0.003 0.024 0.025
0.013 0.011 0.012 0.023 0.003 0.002 0.003 0.02 1 0.003 0.002 0.001 0.001 0.007 0 0.001 0.004 0.001 0.002 0.01 0.005 0 0.004 0.01 0.006 0.018 0.065 0.002 0.003 0.001 0.001 0.006 0.018 0.009 0.001 0.001 0.001 0 0.002 0 0.005 0 0.005 0.007 0.005 0.015 0.002 0.005 0.014 0.041 0 0.01 0.006 0.005 0.007 0 0.008 0.001 0.001 0.001 0.009 0.001 0.369 0.001 0.003 0.001 0.009 0.002 0.001 0.001 0.001 0 0.007 0 0.001 0.001
0.214 0.246 0.237 0.119 0.013 0.008 0.807 0.135 0.003 1 0.645 0.006 0.004 0.25 0.232 0.002 0.63 0.003 0.009 0.274 0.023 0.04 0.08 0.284 0.47 0.152 0.005 0.01 0.013 0.003 0.003 0.42 0.137 0.097 0 0.004 0.003 0.183 0.008 0.2 0.085 0.005 0.021 0.036 0 0.005 0.009 0.1 0.072 0.046 0.002 0.004 0.024 0.021 0 0.002 0.002 0.002 0.003 0.005 0.002 0.002 0.002 0.004 0.016 0.008 0.002 0.002 0.003 0.001 0.003 0.002 0.002 0.003 0.006 0.004
0.139 0.159 0.154 0.077 0.008 0.005 0.523 0.09 0.002 0.645 1 0.004 0.003 0.162 0.151 0.002 0.454 0.002 0.006 0.178 0.015 0.026 0.052 0.184 0.302 0.099 0.003 0.007 0.008 0.002 0.002 0.291 0.1 0.071 0 0.002 0.002 0.116 0.005 0.127 0.062 0.003 0.012 0.023 0 0.003 0.006 0.048 0.047 0.03 0.001 0 0.015 0.013 0.001 0.001 0.001 0.001 0.002 0.003 0.001 0.005 0.001 0.002 0.01 0.006 0.001 0.005 0.002 0 0.002 0.001 0.001 0.002 0.004 0.002
0.027 0.023 0.024 0.048 0.005 0.003 0.007 0.041 0.001 0.006 0.004 1 0.002 0.008 0.007 0.001 0.008 0.001 0.004 0.015 0.185 0.015 0.051 0.02 0.012 0.037 0.002 0.004 0.005 0.001 0.001 0.01 0.033 0.045 0.001 0 0.001 0.013 0.001 0.012 0.05 0.002 0.011 0.047 0.065 0.002 0.002 0.032 0.028 0.004 0.001 0.078 0.131 0.098 0.079 0.001 0.088 0 0.229 0.056 0.081 0.003 0.001 0 0 0.004 0.082 0.003 0.24 0.001 0.002 0.001 0.088 0.001 0.001 0.208
0.056 0.065 0.063 0.035 0.288 0.002 0.005 0.04 0.001 0.004 0.003 0.002 1 0.066 0.061 0.001 0.006 0.001 0.003 0.073 0.007 0.012 0.023 0.075 0.008 0.044 0.002 0.003 0.278 0.001 0.001 0.008 0.045 0.03 0.011 0 0.001 0.009 0.001 0.008 0.03 0.002 0.134 0.025 0.007 0.001 0.003 0.019 0.051 0.015 0.01 0.014 0.008 0.007 0.009 0.008 0.011 0.001 0.001 0.001 0.013 0.004 0.001 0.001 0.005 0.001 0.013 0.003 0.001 0.003 0.002 0 0.01 0.005 0 0.001
0.567 0.598 0.637 0.311 0.218 0.148 0.31 0.396 0.007 0.25 0.162 0.008 0.066 1 0.904 0.009 0.341 0.054 0.02 0.829 0.057 0.112 0.208 0.848 0.488 0.421 0.016 0.025 0.193 0.061 0.065 0.405 0.375 0.238 0.001 0.061 0.011 0.088 0.091 0.051 0.223 0.021 0.016 0.046 0.028 0.016 0.113 0.023 0.014 0.067 0.009 0.002 0.063 0.069 0.025 0.01 0.002 0.012 0.01 0.022 0.003 0.002 0.002 0.03 0.013 0.029 0 0.002 0.013 0.004 0 0.007 0.003 0.009 0.001 0.014
0.537 0.564 0.601 0.312 0.203 0.138 0.288 0.392 0 0.232 0.151 0.007 0.061 0.904 1 0.009 0.317 0.05 0.022 0.78 0.06 0.122 0.223 0.798 0.454 0.384 0.003 0.028 0.179 0.056 0.061 0.384 0.34 0.208 0.001 0.065 0.011 0.076 0.09 0.042 0.201 0.023 0.015 0.037 0.031 0.017 0.111 0.015 0.011 0.052 0.008 0.001 0.067 0.072 0.028 0.008 0.003 0.007 0.011 0.02 0.001 0.002 0.001 0.032 0.015 0.029 0.001 0.002 0.015 0.003 0 0.004 0.004 0.008 0.001 0.015
0.01 0.009 0.009 0.019 0.002 0.001 0.003 0.016 0.001 0.002 0.002 0.001 0.001 0.009 0.009 1 0.003 0.001 0.001 0.009 0.004 0.06 0.03 0.009 0.005 0.002 0.001 0.002 0.002 0.001 0.001 0.005 0.012 0.016 0 0.001 0 0.005 0.002 0.005 0.018 0 0.003 0.006 0.004 0.001 0.002 0.012 0.008 0.039 0 0.008 0.005 0.004 0.006 0 0.007 0.001 0 0.001 0.007 0 0 0.001 0.003 0.002 0.007 0 0 0.001 0.001 0 0.006 0.001 0 0
0.279 0.266 0.309 0.16 0.018 0.011 0.737 0.184 0.004 0.63 0.454 0.008 0.006 0.341 0.317 0.003 1 0.004 0.013 0.392 0.033 0.057 0.114 0.405 0.655 0.218 0.007 0.015 0.018 0.005 0.005 0.596 0.198 0.142 0.001 0.005 0.002 0.318 0.012 0.206 0.125 0.007 0.027 0.072 0.002 0.007 0.007 0.157 0.069 0.024 0.003 0 0.034 0.03 0.001 0.003 0.001 0.004 0.004 0.006 0 0.004 0.003 0.005 0.008 0.011 0 0.004 0.005 0.002 0.006 0.002 0.001 0.004 0.009 0.005
0.038 0.044 0.043 0.026 0.003 0.002 0.004 0.03 0.001 0.003 0.002 0.001 0.001 0.054 0.05 0.001 0.004 1 0.002 0.059 0.005 0.009 0.017 0.061 0.105 0.033 0.001 0.002 0.003 0.001 0.001 0.101 0.033 0.025 0.001 0.001 0.001 0.007 0.002 0.006 0.022 0.001 0.006 0.021 0.006 0.001 0.002 0.015 0.01 0.005 0 0.01 0.006 0.005 0.007 0 0.008 0.001 0.001 0.001 0.009 0.002 0 0.001 0.003 0.002 0.009 0.002 0.001 0.001 0.001 0 0.008 0 0.001 0.001
0.042 0.037 0.038 0.076 0.009 0.005 0.011 0.055 0.002 0.009 0.006 0.004 0.003 0.02 0.022 0.001 0.013 0.002 1 0.033 0.387 0.027 0.113 0.032 0.019 0.059 0.004 0.87 0.009 0.002 0.002 0.019 0.058 0.064 0.002 0.003 0.002 0.021 0.006 0.02 0.087 0.004 0.017 0.089 0.35 0.003 0.006 0.045 0.043 0.034 0.001 0.19 0.299 0.283 0.279 0.001 0.228 0.003 0 0.003 0.135 0.005 0.001 0.003 0.524 0.006 0.205 0.005 0 0.002 0.004 0.001 0.243 0.002 0.004 0
0.631 0.656 0.7 0.358 0.238 0.16 0.338 0.438 0.01 0.274 0.178 0.015 0.073 0.829 0.78 0.009 0.392 0.059 0.033 1 0.068 0.136 0.255 0.959 0.556 0.496 0.019 0.028 0.207 0.067 0.068 0.476 0.429 0.272 0.001 0.061 0.007 0.099 0.096 0.058 0.25 0.019 0.014 0.047 0.026 0.019 0.12 0.024 0.02 0.077 0.01 0.001 0.074 0.065 0.03 0.011 0.002 0.011 0.01 0.01 0 0.008 0.005 0.029 0.02 0.031 0.001 0.009 0.013 0.003 0 0.006 0.004 0.011 0.01 0.013
0.009 0.004 0.005 0.045 0.022 0.014 0.029 0.153 0.005 0.023 0.015 0.185 0.007 0.057 0.06 0.004 0.033 0.005 0.387 0.068 1 0.068 0.288 0.082 0.048 0.143 0.009 0.428 0.023 0.006 0.006 0.047 0.144 0.18 0.004 0.004 0.005 0.055 0.011 0.051 0.219 0.009 0.046 0.196 0.561 0.001 0.013 0.128 0.095 0.019 0.003 0.413 0.678 0.628 0.555 0.003 0.482 0.126 0.031 0.005 0.336 0.012 0.003 0.003 0.333 0.016 0.448 0.013 0.087 0.006 0.055 0.002 0.437 0.005 0.008 0.076
0.156 0.141 0.143 0.304 0.024 0.017 0.05 0.264 0 0.04 0.026 0.015 0.012 0.112 0.122 0.06 0.057 0.009 0.027 0.136 0.068 1 0.386 0.141 0.081 0.213 0.016 0.028 0.039 0.009 0.01 0.053 0.196 0.033 0.007 0.012 0.045 0.033 0.02 0.04 0.046 0.098 0.069 0.02 0.051 0.079 0.025 0.016 0.017 0.177 0.002 0.078 0.033 0.024 0.038 0.002 0.061 0.013 0.001 0.012 0.062 0.07 0.001 0.011 0.016 0.022 0.069 0.074 0.003 0.001 0.013 0.005 0.048 0.001 0.065 0
0.157 0.13 0.135 0.383 0.058 0.039 0.099 0.526 0.004 0.08 0.052 0.051 0.023 0.208 0.223 0.03 0.114 0.017 0.113 0.255 0.288 0.386 1 0.282 0.163 0.447 0.031 0.129 0.078 0.019 0.021 0.125 0.427 0.203 0.015 0.018 0.02 0 0.039 0.001 0.261 0.02 0.144 0.064 0.16 0.052 0.047 0.039 0.106 0.048 0.007 0.075 0.246 0.244 0.181 0.006 0.117 0.031 0.013 0.001 0.064 0.009 0.005 0.018 0.127 0.048 0.09 0.01 0.033 0.006 0.008 0.009 0.115 0 0.021 0.041
0.645 0.672 0.718 0.374 0.231 0.15 0.35 0.455 0.01 0.284 0.184 0.02 0.075 0.848 0.798 0.009 0.405 0.061 0.032 0.959 0.082 0.141 0.282 1 0.575 0.528 0.018 0.036 0.22 0.069 0.071 0.494 0.445 0.296 0 0.069 0.007 0.106 0.104 0.063 0.274 0.018 0.012 0.045 0.034 0.018 0.13 0.021 0.024 0.078 0.011 0 0.088 0.079 0.038 0.012 0.005 0.011 0.01 0.01 0.001 0.008 0.005 0.034 0.027 0.03 0.002 0.008 0.012 0.003 0 0.006 0.007 0.011 0.01 0.013
0.361 0.356 0.402 0.216 0.025 0.016 0.583 0.261 0.006 0.47 0.302 0.012 0.008 0.488 0.454 0.005 0.655 0.105 0.019 0.556 0.048 0.081 0.163 0.575 1 0.304 0.009 0.021 0.027 0.007 0.007 0.854 0.261 0.185 0.005 0.008 0.004 0.256 0.017 0.169 0.164 0.011 0.05 0.033 0.01 0.011 0.002 0.098 0.036 0.041 0.002 0.007 0.051 0.045 0.01 0 0.003 0.006 0.006 0.009 0.004 0.007 0.002 0.002 0.012 0.015 0.005 0.008 0.007 0.007 0.002 0.003 0.002 0.002 0.009 0.007
0.352 0.317 0.346 0.648 0.118 0.077 0.188 0.765 0.018 0.152 0.099 0.037 0.044 0.421 0.384 0.002 0.218 0.033 0.059 0.496 0.143 0.213 0.447 0.528 0.304 1 0.034 0.068 0.113 0.037 0.038 0.264 0.82 0.56 0.018 0.036 0.014 0.026 0.049 0.01 0.508 0.025 0.172 0.003 0.092 0.025 0.064 0.003 0.221 0.162 0.012 0.027 0.169 0.151 0.106 0.01 0.05 0.022 0.015 0.001 0.022 0.016 0.01 0.014 0.066 0.015 0.044 0.017 0.02 0.011 0.003 0.017 0.055 0.002 0.016 0.024
0.012 0.02 0.021 0.002 0.005 0.003 0.006 0.004 0.065 0.005 0.003 0.002 0.002 0.016 0.003 0.001 0.007 0.001 0.004 0.019 0.009 0.016 0.031 0.018 0.009 0.034 1 0.004 0.005 0.001 0.001 0.011 0.034 0.045 0.003 0.001 0.001 0.012 0.003 0.011 0.003 0.002 0.049 0.03 0.01 0 0.004 0.012 0.011 0.001 0.001 0.009 0.003 0.002 0.004 0.001 0.006 0.002 0.001 0.002 0.008 0.003 0.097 0.001 0 0.139 0.008 0.003 0.001 0.001 0.002 0.001 0.005 0.001 0.002 0.001
0.048 0.042 0.044 0.083 0.01 0.006 0.013 0.061 0.002 0.01 0.007 0.004 0.003 0.025 0.028 0.002 0.015 0.002 0.87 0.028 0.428 0.028 0.129 0.036 0.021 0.068 0.004 1 0.01 0.003 0.003 0.022 0.066 0.075 0.002 0.003 0.002 0.025 0.007 0.023 0.1 0.004 0.02 0.097 0.389 0.004 0.007 0.053 0.05 0.035 0.001 0.209 0.334 0.315 0.309 0.002 0.252 0.003 0 0.004 0.131 0.006 0.002 0.003 0.586 0.007 0.226 0.006 0 0.003 0.004 0.001 0.27 0.002 0.005 0
0.162 0.188 0.18 0.079 0.849 0.546 0.016 0.1 0.003 0.013 0.008 0.005 0.278 0.193 0.179 0.002 0.018 0.003 0.009 0.207 0.023 0.039 0.078 0.22 0.027 0.113 0.005 0.01 1 0.254 0.255 0.027 0.128 0.077 0.001 0.266 0.003 0.03 0.572 0.013 0.079 0.005 0.01 0.016 0.023 0.005 0.341 0.038 0.002 0.037 0.042 0.035 0.025 0.023 0.029 0.035 0.002 0.003 0.003 0.076 0.029 0 0.002 0.211 0.013 0.009 0.006 0.001 0.003 0 0.003 0.002 0.005 0.043 0.001 0.004
0.052 0.06 0.058 0.028 0.262 0.416 0.004 0.033 0.001 0.003 0.002 0.001 0.001 0.061 0.056 0.001 0.005 0.001 0.002 0.067 0.006 0.009 0.019 0.069 0.007 0.037 0.001 0.003 0.254 1 0.944 0.007 0.02 0.014 0.001 0.005 0.001 0.007 0.276 0.006 0.011 0.001 0.007 0.018 0.006 0.001 0.133 0.015 0.015 0.004 0.004 0.018 0.006 0.006 0.007 0.003 0.007 0 0.001 0 0.01 0.002 0 0.197 0.004 0.002 0.005 0.002 0.001 0.001 0 0 0.006 0.024 0.001 0.001
0.053 0.061 0.059 0.029 0.263 0.419 0.004 0.034 0.001 0.003 0.002 0.001 0.001 0.065 0.061 0.001 0.005 0.001 0.002 0.068 0.006 0.01 0.021 0.071 0.007 0.038 0.001 0.003 0.255 0.944 1 0.007 0.021 0.015 0.001 0.007 0.001 0.006 0.279 0.006 0.012 0.001 0.007 0.018 0.006 0.001 0.136 0.016 0.015 0.005 0.003 0.019 0.006 0.006 0.008 0.003 0.006 0.001 0.001 0 0.01 0.002 0.001 0.191 0.003 0.002 0.005 0.002 0.001 0.001 0 0 0.005 0.023 0.001 0.001
0.31 0.31 0.348 0.178 0.026 0.016 0.528 0.219 0.006 0.42 0.291 0.01 0.008 0.405 0.384 0.005 0.596 0.101 0.019 0.476 0.047 0.053 0.125 0.494 0.854 0.264 0.011 0.022 0.027 0.007 0.007 1 0.303 0.225 0.005 0.008 0.004 0.323 0.017 0.227 0.199 0.011 0.054 0.051 0.01 0.011 0.002 0.117 0.054 0.045 0.004 0.007 0.051 0.045 0.01 0.004 0.003 0.007 0.006 0.009 0.005 0.015 0.004 0.003 0.011 0.017 0.005 0.015 0.007 0.007 0.001 0.003 0.003 0.006 0.013 0.008
0.309 0.279 0.302 0.593 0.11 0.069 0.172 0.721 0.018 0.137 0.1 0.033 0.045 0.375 0.34 0.012 0.198 0.033 0.058 0.429 0.144 0.196 0.427 0.445 0.261 0.82 0.034 0.066 0.128 0.02 0.021 0.303 1 0.693 0.018 0.044 0.017 0.046 0.088 0.034 0.635 0.034 0.175 0 0.093 0.033 0.104 0.001 0.259 0.216 0.012 0.016 0.172 0.154 0.107 0.008 0.051 0.023 0.016 0.001 0.012 0.031 0.013 0.044 0.069 0.015 0.029 0.032 0.02 0.011 0.003 0.019 0.056 0 0.026 0.023
0.171 0.153 0.169 0.346 0.056 0.031 0.123 0.457 0.009 0.097 0.071 0.045 0.03 0.238 0.208 0.016 0.142 0.025 0.064 0.272 0.18 0.033 0.203 0.296 0.185 0.56 0.045 0.075 0.077 0.014 0.015 0.225 0.693 1 0.012 0.019 0.023 0.266 0.05 0.248 0.855 0.046 0.115 0.023 0.116 0.02 0.077 0.004 0.369 0.18 0.001 0.037 0.2 0.172 0.136 0 0.078 0.032 0.018 0 0.026 0.044 0.017 0.032 0.074 0.007 0.052 0.046 0.024 0.006 0.008 0.014 0.08 0.006 0.027 0.028
0 0.001 0.001 0.022 0.001 0.001 0.001 0.026 0.001 0 0 0.001 0.011 0.001 0.001 0 0.001 0.001 0.002 0.001 0.004 0.007 0.015 0 0.005 0.018 0.003 0.002 0.001 0.001 0.001 0.005 0.018 0.012 1 0.001 0 0.006 0.002 0.005 0.019 0.001 0.09 0.017 0.005 0.001 0.002 0.012 0.038 0.009 0.041 0.009 0.005 0.005 0.006 0.035 0.007 0.001 0.001 0.001 0.008 0.001 0 0.001 0.003 0.002 0.008 0.001 0.001 0.548 0.001 0 0.007 0.001 0.001 0.001
0.051 0.058 0.056 0.023 0.251 0.377 0.005 0.032 0.001 0.004 0.002 0 0 0.061 0.065 0.001 0.005 0.001 0.003 0.061 0.004 0.012 0.018 0.069 0.008 0.036 0.001 0.003 0.266 0.005 0.007 0.008 0.044 0.019 0.001 1 0.001 0.009 0.436 0.008 0.03 0.002 0.008 0.038 0.007 0.001 0.228 0.009 0.019 0.015 0.1 0.037 0.008 0.007 0.009 0.086 0.004 0.001 0.001 0.125 0.037 0.002 0.001 0.086 0.002 0.003 0.004 0.002 0.001 0.001 0.002 0 0.006 0.057 0 0.001
0.005 0.005 0.011 0.022 0.002 0.002 0.003 0.019 0.001 0.003 0.002 0.001 0.001 0.011 0.011 0 0.002 0.001 0.002 0.007 0.005 0.045 0.02 0.007 0.004 0.014 0.001 0.002 0.003 0.001 0.001 0.004 0.017 0.023 0 0.001 1 0.006 0.002 0.006 0.025 0.001 0.005 0.013 0.003 0.001 0.002 0.011 0.01 0.005 0 0.007 0.004 0.003 0.004 0 0.006 0.001 0.001 0.001 0.007 0.001 0.001 0.001 0.002 0.002 0.007 0.001 0.001 0.034 0.001 0 0.005 0.001 0.001 0.001
0.057 0.054 0.07 0.007 0.028 0.018 0.268 0.018 0 0.183 0.116 0.013 0.009 0.088 0.076 0.005 0.318 0.007 0.021 0.099 0.055 0.033 0 0.106 0.256 0.026 0.012 0.025 0.03 0.007 0.006 0.323 0.046 0.266 0.006 0.009 0.006 1 0.019 0.845 0.238 0.012 0.062 0.255 0.05 0.104 0.001 0.206 0.212 0.008 0.004 0.045 0.054 0.044 0.057 0.005 0.03 0.01 0.004 0.011 0.034 0.016 0.005 0.009 0.016 0.02 0.039 0.015 0.006 0.008 0 0.004 0.024 0.007 0.006 0.006
0.074 0.087 0.084 0.031 0.428 0.669 0.01 0.042 0.002 0.008 0.005 0.001 0.001 0.091 0.09 0.002 0.012 0.002 0.006 0.096 0.011 0.02 0.039 0.104 0.017 0.049 0.003 0.007 0.572 0.276 0.279 0.017 0.088 0.05 0.002 0.436 0.002 0.019 1 0.005 0.056 0.003 0.017 0.075 0.015 0.003 0.546 0.015 0.04 0.027 0.042 0.094 0.016 0.015 0.019 0.035 0 0.002 0.002 0.117 0.085 0.004 0.001 0.369 0.007 0.006 0.033 0.005 0.002 0.002 0.001 0.001 0 0.021 0.002 0.002
0.029 0.041 0.038 0.001 0.025 0.016 0.292 0.006 0 0.2 0.127 0.012 0.008 0.051 0.042 0.005 0.206 0.006 0.02 0.058 0.051 0.04 0.001 0.063 0.169 0.01 0.011 0.023 0.013 0.006 0.006 0.227 0.034 0.248 0.005 0.008 0.006 0.845 0.005 1 0.223 0.011 0.057 0.236 0.046 0.113 0.007 0.155 0.248 0.005 0.004 0.071 0.049 0.04 0.056 0.004 0.071 0.009 0.004 0.01 0.057 0.015 0.004 0 0.026 0.018 0.062 0.015 0.005 0.007 0.012 0.004 0.063 0.006 0.006 0.006
0.154 0.135 0.15 0.42 0.058 0.033 0.109 0.548 0.005 0.085 0.062 0.05 0.03 0.223 0.201 0.018 0.125 0.022 0.087 0.25 0.219 0.046 0.261 0.274 0.164 0.508 0.003 0.1 0.079 0.011 0.012 0.199 0.635 0.855 0.019 0.03 0.025 0.238 0.056 0.223 1 0.051 0.201 0.009 0.147 0.017 0.069 0 0.454 0.213 0.007 0.06 0.249 0.217 0.174 0.004 0.109 0.041 0.021 0 0.045 0.05 0.01 0.028 0.099 0.057 0.079 0.052 0.027 0.01 0.013 0.013 0.111 0.001 0.031 0.031
0.023 0.021 0.022 0.044 0.005 0.003 0.006 0.038 0 0.005 0.003 0.002 0.002 0.021 0.023 0 0.007 0.001 0.004 0.019 0.009 0.098 0.02 0.018 0.011 0.025 0.002 0.004 0.005 0.001 0.001 0.011 0.034 0.046 0.001 0.002 0.001 0.012 0.003 0.011 0.051 1 0.009 0.023 0.004 0.002 0.002 0.013 0.023 0.032 0.001 0.006 0.002 0.002 0.001 0.001 0.007 0.002 0 0.001 0.005 0.341 0.001 0.002 0.001 0.002 0.009 0.418 0.001 0.001 0.002 0.001 0.003 0.001 0.03 0.001
0.009 0.022 0.022 0.219 0.011 0.016 0.027 0.255 0.005 0.021 0.012 0.011 0.134 0.016 0.015 0.003 0.027 0.006 0.017 0.014 0.046 0.069 0.144 0.012 0.05 0.172 0.049 0.02 0.01 0.007 0.007 0.054 0.175 0.115 0.09 0.008 0.005 0.062 0.017 0.057 0.201 0.009 1 0.199 0.049 0.01 0.019 0.124 0.378 0.091 0.004 0.091 0.055 0.049 0.062 0.002 0.076 0.008 0.006 0.009 0.084 0.004 0.004 0.008 0.032 0.297 0.085 0.004 0.007 0.077 0.011 0.062 0.068 0.001 0.006 0.007
0.064 0.074 0.084 0.001 0.007 0.048 0.059 0.006 0.007 0.036 0.023 0.047 0.025 0.046 0.037 0.006 0.072 0.021 0.089 0.047 0.196 0.02 0.064 0.045 0.033 0.003 0.03 0.097 0.016 0.018 0.018 0.051 0 0.023 0.017 0.038 0.013 0.255 0.075 0.236 0.009 0.023 0.199 1 0.166 0.041 0.091 0.38 0 0.054 0 0.288 0.209 0.177 0.141 0 0.219 0.042 0.018 0.042 0.24 0.045 0.011 0.027 0.099 0.063 0.246 0.046 0.024 0.025 0.05 0.012 0.195 0.003 0.023 0.019
0.007 0.003 0.004 0.043 0.022 0.013 0.001 0.084 0.005 0 0 0.065 0.007 0.028 0.031 0.004 0.002 0.006 0.35 0.026 0.561 0.051 0.16 0.034 0.01 0.092 0.01 0.389 0.023 0.006 0.006 0.01 0.093 0.116 0.005 0.007 0.003 0.05 0.015 0.046 0.147 0.004 0.049 0.166 1 0.01 0.018 0.184 0.126 0.04 0.003 0.524 0.679 0.628 0.745 0.003 0.617 0.077 0.047 0.005 0.43 0.014 0.004 0.007 0.338 0.017 0.563 0.014 0.066 0.006 0.035 0.003 0.573 0.005 0.011 0.058
0.006 0.01 0.01 0.027 0.005 0.003 0.006 0.037 0.015 0.005 0.003 0.002 0.001 0.016 0.017 0.001 0.007 0.001 0.003 0.019 0.001 0.079 0.052 0.018 0.011 0.025 0 0.004 0.005 0.001 0.001 0.011 0.033 0.02 0.001 0.001 0.001 0.104 0.003 0.113 0.017 0.002 0.01 0.041 0.01 1 0.004 0.004 0.032 0.033 0.001 0.018 0.011 0.01 0.012 0.001 0.015 0.002 0.001 0.002 0.012 0.002 0.001 0.001 0.006 0.003 0.017 0.002 0.001 0.001 0.002 0.001 0.014 0.001 0.001 0.001
0.093 0.07 0.105 0.045 0.236 0.397 0.012 0.055 0.002 0.009 0.006 0.002 0.003 0.113 0.111 0.002 0.007 0.002 0.006 0.12 0.013 0.025 0.047 0.13 0.002 0.064 0.004 0.007 0.341 0.133 0.136 0.002 0.104 0.077 0.002 0.228 0.002 0.001 0.546 0.007 0.069 0.002 0.019 0.091 0.018 0.004 1 0 0.046 0.036 0.001 0.199 0.019 0.017 0.019 0.001 0.031 0.003 0.002 0.122 0.184 0.005 0.001 0.33 0 0.006 0.099 0.005 0.002 0.002 0.024 0.001 0.02 0.002 0.004 0.003
0.026 0.03 0.038 0.003 0.038 0.017 0.139 0.007 0.005 0.1 0.048 0.032 0.019 0.023 0.015 0.012 0.157 0.015 0.045 0.024 0.128 0.016 0.039 0.021 0.098 0.003 0.012 0.053 0.038 0.015 0.016 0.117 0.001 0.004 0.012 0.009 0.011 0.206 0.015 0.155 0 0.013 0.124 0.38 0.184 0.004 0 1 0.004 0.054 0.009 0.162 0.168 0.164 0.187 0.01 0.204 0.014 0.008 0.009 0.176 0.025 0.002 0.009 0.093 0.046 0.179 0.026 0.018 0.017 0.017 0.003 0.197 0.014 0.021 0.02
0.016 0.011 0.009 0.224 0.001 0.038 0.112 0.266 0.014 0.072 0.047 0.028 0.051 0.014 0.011 0.008 0.069 0.01 0.043 0.02 0.095 0.017 0.106 0.024 0.036 0.221 0.011 0.05 0.002 0.015 0.015 0.054 0.259 0.369 0.038 0.019 0.01 0.212 0.04 0.248 0.454 0.023 0.378 0 0.126 0.032 0.046 0.004 1 0.098 0 0.232 0.134 0.121 0.158 0 0.193 0.021 0.014 0.022 0.214 0.021 0.01 0.019 0.079 0.135 0.215 0.022 0.017 0.026 0.027 0.025 0.175 0.007 0.013 0.018
0.047 0.039 0.042 0.146 0.023 0.013 0.021 0.208 0.041 0.046 0.03 0.004 0.015 0.067 0.052 0.039 0.024 0.005 0.034 0.077 0.019 0.177 0.048 0.078 0.041 0.162 0.001 0.035 0.037 0.004 0.005 0.045 0.216 0.18 0.009 0.015 0.005 0.008 0.027 0.005 0.213 0.032 0.091 0.054 0.04 0.033 0.036 0.054 0.098 1 0.007 0.088 0.031 0.024 0.04 0.004 0.061 0.009 0 0.017 0.07 0.056 0.026 0.015 0.04 0.032 0.072 0.059 0.005 0.013 0 0.006 0.066 0.003 0.059 0.007
0.004 0.006 0.005 0.007 0.044 0.033 0.002 0.013 0 0.002 0.001 0.001 0.01 0.009 0.008 0 0.003 0 0.001 0.01 0.003 0.002 0.007 0.011 0.002 0.012 0.001 0.001 0.042 0.004 0.003 0.004 0.012 0.001 0.041 0.1 0 0.004 0.042 0.004 0.007 0.001 0.004 0 0.003 0.001 0.001 0.009 0 0.007 1 0.006 0.004 0.003 0.004 0.877 0.005 0.001 0 0.001 0.006 0.001 0 0.001 0.002 0.001 0.006 0.001 0 0.029 0.001 0 0.005 0.336 0.007 0
0.011 0.011 0.018 0.007 0.017 0.062 0.01 0.028 0.01 0.004 0 0.078 0.014 0.002 0.001 0.008 0 0.01 0.19 0.001 0.413 0.078 0.075 0 0.007 0.027 0.009 0.209 0.035 0.018 0.019 0.007 0.016 0.037 0.009 0.037 0.007 0.045 0.094 0.071 0.06 0.006 0.091 0.288 0.524 0.018 0.199 0.162 0.232 0.088 0.006 1 0.581 0.513 0.628 0.007 0.785 0.088 0.021 0.096 0.857 0.025 0.007 0.062 0.319 0.032 0.868 0.026 0.055 0.012 0.116 0.006 0.711 0.01 0.021 0.067
0.023 0.015 0.017 0.079 0.024 0.015 0.031 0.16 0.006 0.024 0.015 0.131 0.008 0.063 0.067 0.005 0.034 0.006 0.299 0.074 0.678 0.033 0.246 0.088 0.051 0.169 0.003 0.334 0.025 0.006 0.006 0.051 0.172 0.2 0.005 0.008 0.004 0.054 0.016 0.049 0.249 0.002 0.055 0.209 0.679 0.011 0.019 0.168 0.134 0.031 0.004 0.581 1 0.852 0.802 0.004 0.677 0.152 0.043 0.018 0.483 0.015 0.004 0.008 0.439 0.018 0.606 0.015 0.098 0.007 0.09 0.003 0.65 0.006 0.012 0.117
0.016 0.01 0.012 0.065 0.022 0.013 0.027 0.143 0.005 0.021 0.013 0.098 0.007 0.069 0.072 0.004 0.03 0.005 0.283 0.065 0.628 0.024 0.244 0.079 0.045 0.151 0.002 0.315 0.023 0.006 0.006 0.045 0.154 0.172 0.005 0.007 0.003 0.044 0.015 0.04 0.217 0.002 0.049 0.177 0.628 0.01 0.017 0.164 0.121 0.024 0.003 0.513 0.852 1 0.718 0.004 0.608 0.169 0.057 0 0.485 0.013 0.004 0.007 0.376 0.017 0.543 0.013 0.121 0.006 0.102 0.003 0.576 0.005 0.011 0.142
0.005 0.001 0.002 0.044 0.028 0.017 0.001 0.101 0.007 0 0.001 0.079 0.009 0.025 0.028 0.006 0.001 0.007 0.279 0.03 0.555 0.038 0.181 0.038 0.01 0.106 0.004 0.309 0.029 0.007 0.008 0.01 0.107 0.136 0.006 0.009 0.004 0.057 0.019 0.056 0.174 0.001 0.062 0.141 0.745 0.012 0.019 0.187 0.158 0.04 0.004 0.628 0.802 0.718 1 0.005 0.747 0.13 0.046 0.014 0.555 0.013 0.005 0.009 0.409 0.022 0.68 0.013 0.061 0.008 0.075 0.004 0.698 0.007 0.015 0.109
0.006 0.007 0.007 0.008 0.036 0.028 0.003 0.013 0 0.002 0.001 0.001 0.008 0.01 0.008 0 0.003 0 0.001 0.011 0.003 0.002 0.006 0.012 0 0.01 0.001 0.002 0.035 0.003 0.003 0.004 0.008 0 0.035 0.086 0 0.005 0.035 0.004 0.004 0.001 0.002 0 0.003 0.001 0.001 0.01 0 0.004 0.877 0.007 0.004 0.004 0.005 1 0.006 0.001 0 0.001 0.007 0.001 0 0.001 0.002 0.001 0.007 0.001 0 0.025 0.001 0 0.005 0.388 0.02 0.001
0.001 0.001 0.004 0.016 0.001 0.001 0.006 0.049 0.008 0.002 0.001 0.088 0.011 0.002 0.003 0.007 0.001 0.008 0.228 0.002 0.482 0.061 0.117 0.005 0.003 0.05 0.006 0.252 0.002 0.007 0.006 0.003 0.051 0.078 0.007 0.004 0.006 0.03 0 0.071 0.109 0.007 0.076 0.219 0.617 0.015 0.031 0.204 0.193 0.061 0.005 0.785 0.677 0.608 0.747 0.006 1 0.104 0.037 0.115 0.72 0.021 0.006 0.011 0.384 0.026 0.768 0.021 0.087 0.01 0.137 0.005 0.855 0.009 0.018 0.092
0.048 0.056 0.054 0.024 0.003 0.002 0.003 0.018 0.001 0.002 0.001 0 0.001 0.012 0.007 0.001 0.004 0.001 0.003 0.011 0.126 0.013 0.031 0.011 0.006 0.022 0.002 0.003 0.003 0 0.001 0.007 0.023 0.032 0.001 0.001 0.001 0.01 0.002 0.009 0.041 0.002 0.008 0.042 0.077 0.002 0.003 0.014 0.021 0.009 0.001 0.088 0.152 0.169 0.13 0.001 0.104 1 0.002 0.001 0.079 0.002 0.001 0.001 0.001 0.003 0.095 0.002 0.001 0.001 0.283 0.001 0.052 0.001 0.002 0.001
0.013 0.011 0.011 0.02 0.002 0.001 0.003 0.017 0.001 0.003 0.002 0.229 0.001 0.01 0.011 0 0.004 0.001 0 0.01 0.031 0.001 0.013 0.01 0.006 0.015 0.001 0 0.003 0.001 0.001 0.006 0.016 0.018 0.001 0.001 0.001 0.004 0.002 0.004 0.021 0 0.006 0.018 0.047 0.001 0.002 0.008 0.014 0 0 0.021 0.043 0.057 0.046 0 0.037 0.002 1 0.001 0.033 0 0 0.001 0.003 0.002 0.031 0 0.214 0.001 0 0 0.034 0.001 0 0.327
0.005 0.007 0.006 0 0.078 0.135 0.006 0.001 0.001 0.005 0.003 0.056 0.001 0.022 0.02 0.001 0.006 0.001 0.003 0.01 0.005 0.012 0.001 0.01 0.009 0.001 0.002 0.004 0.076 0 0 0.009 0.001 0 0.001 0.125 0.001 0.011 0.117 0.01 0 0.001 0.009 0.042 0.005 0.002 0.122 0.009 0.022 0.017 0.001 0.096 0.018 0 0.014 0.001 0.115 0.001 0.001 1 0.098 0.002 0.001 0.001 0.002 0.003 0.037 0.002 0.001 0.001 0 0.001 0.082 0.001 0.002 0.001
0.011 0.011 0.018 0.005 0.013 0.051 0.007 0.027 0.009 0.002 0.001 0.081 0.013 0.003 0.001 0.007 0 0.009 0.135 0 0.336 0.062 0.064 0.001 0.004 0.022 0.008 0.131 0.029 0.01 0.01 0.005 0.012 0.026 0.008 0.037 0.007 0.034 0.085 0.057 0.045 0.005 0.084 0.24 0.43 0.012 0.184 0.176 0.214 0.07 0.006 0.857 0.483 0.485 0.555 0.007 0.72 0.079 0.033 0.098 1 0.023 0.006 0.068 0.238 0.029 0.831 0.024 0.079 0.011 0.108 0.005 0.66 0.01 0.02 0.083
0.01 0.009 0.009 0.029 0 0.004 0.003 0.025 0.001 0.002 0.005 0.003 0.004 0.002 0.002 0 0.004 0.002 0.005 0.008 0.012 0.07 0.009 0.008 0.007 0.016 0.003 0.006 0 0.002 0.002 0.015 0.031 0.044 0.001 0.002 0.001 0.016 0.004 0.015 0.05 0.341 0.004 0.045 0.014 0.002 0.005 0.025 0.021 0.056 0.001 0.025 0.015 0.013 0.013 0.001 0.021 0.002 0 0.002 0.023 1 0.001 0.002 0.009 0.005 0.023 0.887 0.002 0.002 0.003 0.001 0.019 0.001 0.167 0.002
0.005 0.006 0.004 0.011 0.002 0.001 0.002 0.011 0.369 0.002 0.001 0.001 0.001 0.002 0.001 0 0.003 0 0.001 0.005 0.003 0.001 0.005 0.005 0.002 0.01 0.097 0.002 0.002 0 0.001 0.004 0.013 0.017 0 0.001 0.001 0.005 0.001 0.004 0.01 0.001 0.004 0.011 0.004 0.001 0.001 0.002 0.01 0.026 0 0.007 0.004 0.004 0.005 0 0.006 0.001 0 0.001 0.006 0.001 1 0.001 0.002 0.001 0.006 0.001 0.001 0 0.001 0 0.005 0 0.001 0.001
0.014 0.018 0.017 0.008 0.109 0.182 0.005 0.012 0.001 0.004 0.002 0 0.001 0.03 0.032 0.001 0.005 0.001 0.003 0.029 0.003 0.011 0.018 0.034 0.002 0.014 0.001 0.003 0.211 0.197 0.191 0.003 0.044 0.032 0.001 0.086 0.001 0.009 0.369 0 0.028 0.002 0.008 0.027 0.007 0.001 0.33 0.009 0.019 0.015 0.001 0.062 0.008 0.007 0.009 0.001 0.011 0.001 0.001 0.001 0.068 0.002 0.001 1 0 0.003 0.053 0.002 0.001 0.001 0.001 0 0.01 0.001 0.002 0.001
0.035 0.033 0.031 0.071 0.012 0.007 0.02 0.066 0.003 0.016 0.01 0 0.005 0.013 0.015 0.003 0.008 0.003 0.524 0.02 0.333 0.016 0.127 0.027 0.012 0.066 0 0.586 0.013 0.004 0.003 0.011 0.069 0.074 0.003 0.002 0.002 0.016 0.007 0.026 0.099 0.001 0.032 0.099 0.338 0.006 0 0.093 0.079 0.04 0.002 0.319 0.439 0.376 0.409 0.002 0.384 0.001 0.003 0.002 0.238 0.009 0.002 0 1 0.011 0.34 0.009 0.004 0.004 0.006 0.002 0.405 0.004 0.008 0
0.022 0.034 0.035 0.067 0.008 0.005 0.01 0.078 0.001 0.008 0.006 0.004 0.001 0.029 0.029 0.002 0.011 0.002 0.006 0.031 0.016 0.022 0.048 0.03 0.015 0.015 0.139 0.007 0.009 0.002 0.002 0.017 0.015 0.007 0.002 0.003 0.002 0.02 0.006 0.018 0.057 0.002 0.297 0.063 0.017 0.003 0.006 0.046 0.135 0.032 0.001 0.032 0.018 0.017 0.022 0.001 0.026 0.003 0.002 0.003 0.029 0.005 0.001 0.003 0.011 1 0.029 0.005 0.002 0.002 0.004 0.001 0.024 0.002 0.002 0.002
0.003 0.003 0.007 0.014 0.001 0.013 0.007 0.044 0.009 0.002 0.001 0.082 0.013 0 0.001 0.007 0 0.009 0.205 0.001 0.448 0.069 0.09 0.002 0.005 0.044 0.008 0.226 0.006 0.005 0.005 0.005 0.029 0.052 0.008 0.004 0.007 0.039 0.033 0.062 0.079 0.009 0.085 0.246 0.563 0.017 0.099 0.179 0.215 0.072 0.006 0.868 0.606 0.543 0.68 0.007 0.768 0.095 0.031 0.037 0.831 0.023 0.006 0.053 0.34 0.029 1 0.024 0.079 0.011 0.125 0.005 0.685 0.01 0.018 0.08
0.011 0.009 0.01 0.03 0 0.004 0.003 0.027 0.002 0.002 0.005 0.003 0.003 0.002 0.002 0 0.004 0.002 0.005 0.009 0.013 0.074 0.01 0.008 0.008 0.017 0.003 0.006 0.001 0.002 0.002 0.015 0.032 0.046 0.001 0.002 0.001 0.015 0.005 0.015 0.052 0.418 0.004 0.046 0.014 0.002 0.005 0.026 0.022 0.059 0.001 0.026 0.015 0.013 0.013 0.001 0.021 0.002 0 0.002 0.024 0.887 0.001 0.002 0.009 0.005 0.024 1 0.002 0.002 0.003 0.001 0.019 0.002 0.133 0.002
0.012 0.01 0.01 0.021 0.003 0.002 0.004 0.022 0.001 0.003 0.002 0.24 0.001 0.013 0.015 0 0.005 0.001 0 0.013 0.087 0.003 0.033 0.012 0.007 0.02 0.001 0 0.003 0.001 0.001 0.007 0.02 0.024 0.001 0.001 0.001 0.006 0.002 0.005 0.027 0.001 0.007 0.024 0.066 0.001 0.002 0.018 0.017 0.005 0 0.055 0.098 0.121 0.061 0 0.087 0.001 0.214 0.001 0.079 0.002 0.001 0.001 0.004 0.002 0.079 0.002 1 0.001 0.001 0 0.085 0.001 0.002 0.495
0 0.004 0.005 0.013 0 0.002 0.002 0.016 0.001 0.001 0 0.001 0.003 0.004 0.003 0.001 0.002 0.001 0.002 0.003 0.006 0.001 0.006 0.003 0.007 0.011 0.001 0.003 0 0.001 0.001 0.007 0.011 0.006 0.548 0.001 0.034 0.008 0.002 0.007 0.01 0.001 0.077 0.025 0.006 0.001 0.002 0.017 0.026 0.013 0.029 0.012 0.007 0.006 0.008 0.025 0.01 0.001 0.001 0.001 0.011 0.002 0 0.001 0.004 0.002 0.011 0.002 0.001 1 0.001 0 0.009 0 0.002 0.001
0.047 0.028 0.054 0.021 0.002 0.001 0.005 0.001 0.001 0.003 0.002 0.002 0.002 0 0 0.001 0.006 0.001 0.004 0 0.055 0.013 0.008 0 0.002 0.003 0.002 0.004 0.003 0 0 0.001 0.003 0.008 0.001 0.002 0.001 0 0.001 0.012 0.013 0.002 0.011 0.05 0.035 0.002 0.024 0.017 0.027 0 0.001 0.116 0.09 0.102 0.075 0.001 0.137 0.283 0 0 0.108 0.003 0.001 0.001 0.006 0.004 0.125 0.003 0.001 0.001 1 0.001 0.122 0.001 0.003 0.001
0.001 0.007 0.007 0.013 0.002 0.001 0.002 0.016 0 0.002 0.001 0.001 0 0.007 0.004 0 0.002 0 0.001 0.006 0.002 0.005 0.009 0.006 0.003 0.017 0.001 0.001 0.002 0 0 0.003 0.019 0.014 0 0 0 0.004 0.001 0.004 0.013 0.001 0.062 0.012 0.003 0.001 0.001 0.003 0.025 0.006 0 0.006 0.003 0.003 0.004 0 0.005 0.001 0 0.001 0.005 0.001 0 0 0.002 0.001 0.005 0.001 0 0 0.001 1 0.004 0 0.001 0
0 0.001 0 0.029 0.004 0 0.007 0.052 0.007 0.002 0.001 0.088 0.01 0.003 0.004 0.006 0.001 0.008 0.243 0.004 0.437 0.048 0.115 0.007 0.002 0.055 0.005 0.27 0.005 0.006 0.005 0.003 0.056 0.08 0.007 0.006 0.005 0.024 0 0.063 0.111 0.003 0.068 0.195 0.573 0.014 0.02 0.197 0.175 0.066 0.005 0.711 0.65 0.576 0.698 0.005 0.855 0.052 0.034 0.082 0.66 0.019 0.005 0.01 0.405 0.024 0.685 0.019 0.085 0.009 0.122 0.004 1 0.008 0.017 0.096
0.005 0.007 0.006 0.001 0.045 0.043 0.004 0.003 0 0.003 0.002 0.001 0.005 0.009 0.008 0.001 0.004 0 0.002 0.011 0.005 0.001 0 0.011 0.002 0.002 0.001 0.002 0.043 0.024 0.023 0.006 0 0.006 0.001 0.057 0.001 0.007 0.021 0.006 0.001 0.001 0.001 0.003 0.005 0.001 0.002 0.014 0.007 0.003 0.336 0.01 0.006 0.005 0.007 0.388 0.009 0.001 0.001 0.001 0.01 0.001 0 0.001 0.004 0.002 0.01 0.002 0.001 0 0.001 0 0.008 1 0.094 0.001
0.015 0.012 0.013 0.032 0 0.001 0.008 0.024 0.001 0.006 0.004 0.001 0 0.001 0.001 0 0.009 0.001 0.004 0.01 0.008 0.065 0.021 0.01 0.009 0.016 0.002 0.005 0.001 0.001 0.001 0.013 0.026 0.027 0.001 0 0.001 0.006 0.002 0.006 0.031 0.03 0.006 0.023 0.011 0.001 0.004 0.021 0.013 0.059 0.007 0.021 0.012 0.011 0.015 0.02 0.018 0.002 0 0.002 0.02 0.167 0.001 0.002 0.008 0.002 0.018 0.133 0.002 0.002 0.003 0.001 0.017 0.094 1 0.002
0.012 0.01 0.01 0.024 0.003 0.002 0.004 0.025 0.001 0.004 0.002 0.208 0.001 0.014 0.015 0 0.005 0.001 0 0.013 0.076 0 0.041 0.013 0.007 0.024 0.001 0 0.004 0.001 0.001 0.008 0.023 0.028 0.001 0.001 0.001 0.006 0.002 0.006 0.031 0.001 0.007 0.019 0.058 0.001 0.003 0.02 0.018 0.007 0 0.067 0.117 0.142 0.109 0.001 0.092 0.001 0.327 0.001 0.083 0.002 0.001 0.001 0 0.002 0.08 0.002 0.495 0.001 0.001 0 0.096 0.001 0.002 1
