1 0.834 0.848 0.501 0.179 0.141 0.277 0.37 0.014 0.256 0.122 0.019 0.033 0.58 0.562 0.007 0.278 0.051 0.037 0.613 0.006 0.11 0.1 0.611 0.367 0.363 0.017 0.042 0.161 0.049 0.038 0.29 0.307 0.192 0.002 0.055 0.002 0.062 0.109 0.045 0.169 0.027 0.005 0.08 0.001 0.006 0.111 0.015 0.018 0.095 0.004 0.016 0.018 0.014 0.001 0.005 0 0.037 0.007 0.017 0.009 0.011 0.005 0.039 0.017 0.008 0.006 0.013 0.011 0 0.039 0 0.001 0.008 0.005 0.004
0.834 1 0.96 0.455 0.214 0.169 0.332 0.321 0.011 0.306 0.146 0.016 0.039 0.663 0.633 0.006 0.308 0.061 0.031 0.666 0.002 0.107 0.088 0.691 0.401 0.331 0.025 0.035 0.195 0.059 0.048 0.334 0.287 0.179 0.003 0.066 0.004 0.077 0.132 0.066 0.147 0.023 0.032 0.115 0 0.005 0.111 0.024 0.006 0.074 0.006 0.02 0.015 0.012 0 0.007 0 0.046 0.006 0.016 0.012 0.008 0.009 0.047 0.02 0.018 0.01 0.01 0.008 0.007 0.044 0.007 0 0.011 0.003 0.003
0.848 0.96 1 0.474 0.209 0.165 0.325 0.338 0.012 0.3 0.143 0.016 0.039 0.693 0.662 0.006 0.327 0.059 0.032 0.697 0.002 0.107 0.09 0.723 0.434 0.352 0.025 0.036 0.19 0.058 0.047 0.349 0.295 0.186 0.003 0.065 0.009 0.085 0.129 0.063 0.152 0.023 0.032 0.119 0 0.005 0.131 0.026 0.005 0.071 0.006 0.023 0.016 0.013 0 0.007 0.001 0.045 0.006 0.015 0.014 0.009 0.004 0.046 0.017 0.018 0.012 0.01 0.009 0.007 0.049 0.007 0 0.011 0.003 0.003
0.501 0.455 0.474 1 0.086 0.065 0.163 0.822 0.022 0.151 0.072 0.032 0.019 0.306 0.317 0.013 0.168 0.031 0.062 0.311 0.026 0.228 0.256 0.334 0.208 0.639 0 0.057 0.075 0.029 0.019 0.156 0.59 0.386 0.042 0.026 0.018 0.014 0.057 0.008 0.434 0.043 0.202 0.003 0.022 0.014 0.068 0.008 0.221 0.192 0 0.002 0.071 0.07 0.028 0 0.016 0.019 0.002 0.003 0.005 0.025 0.012 0.016 0.046 0.056 0.004 0.028 0.017 0.049 0.011 0.018 0.026 0.001 0.014 0.005
0.179 0.214 0.209 0.086 1 0.783 0.012 0.117 0.002 0.011 0.005 0.003 0.184 0.219 0.208 0.001 0.014 0.002 0.007 0.223 0.016 0.016 0.038 0.208 0.02 0.107 0.005 0.008 0.872 0.28 0.257 0.02 0.108 0.06 0 0.259 0.002 0.02 0.57 0.018 0.048 0.005 0 0.029 0.014 0.002 0.352 0.033 0.009 0.021 0.038 0.034 0.016 0.015 0.019 0.018 0 0.003 0.002 0.116 0.023 0.002 0.002 0.182 0.003 0.005 0.018 0.003 0.004 0.001 0.003 0.001 0.001 0.035 0 0.003
0.141 0.169 0.165 0.065 0.783 1 0.01 0.093 0.002 0.009 0.004 0.003 0.001 0.174 0.166 0.001 0.011 0.002 0.005 0.177 0.013 0.011 0.028 0.159 0.015 0.082 0.004 0.006 0.672 0.358 0.332 0.016 0.083 0.041 0.002 0.332 0.001 0.016 0.73 0.014 0.032 0.004 0.015 0.06 0.01 0.002 0.456 0.022 0.036 0.014 0.022 0.061 0.011 0.01 0.014 0.01 0.001 0.002 0.002 0.152 0.044 0.003 0.002 0.235 0.001 0.004 0.036 0.004 0.003 0.003 0.006 0 0 0.026 0 0.002
0.277 0.332 0.325 0.163 0.012 0.01 1 0.177 0.004 0.921 0.438 0.005 0.002 0.326 0.31 0.002 0.732 0.004 0.01 0.336 0.02 0.04 0.072 0.35 0.553 0.189 0.008 0.012 0.012 0.004 0.005 0.502 0.167 0.124 0 0.004 0.003 0.269 0.008 0.293 0.114 0.007 0.018 0.063 0 0.004 0.009 0.11 0.106 0.053 0.002 0.006 0.03 0.028 0 0.003 0.003 0.004 0 0.004 0.008 0.002 0.003 0.003 0.021 0.003 0.008 0.002 0.002 0.001 0.007 0.002 0.005 0.003 0.006 0.001
0.37 0.321 0.338 0.822 0.117 0.093 0.177 1 0.019 0.163 0.081 0.028 0.022 0.385 0.382 0.011 0.184 0.035 0.051 0.374 0.109 0.2 0.37 0.398 0.232 0.732 0 0.046 0.105 0.032 0.023 0.179 0.7 0.467 0.047 0.037 0.016 0.021 0.072 0.013 0.526 0.038 0.23 0 0.055 0.02 0.077 0.016 0.252 0.228 0.003 0.016 0.133 0.136 0.069 0.003 0.038 0.021 0.002 0.005 0.023 0.023 0.011 0.03 0.046 0.064 0.02 0.026 0.018 0.055 0.007 0.02 0.046 0.003 0.008 0.009
0.014 0.011 0.012 0.022 0.002 0.002 0.004 0.019 1 0.003 0.002 0.001 0 0.007 0.007 0 0.004 0.001 0.002 0.011 0.005 0 0.003 0.01 0.006 0.018 0.061 0.002 0.002 0.001 0.001 0.006 0.018 0.007 0.001 0.001 0.001 0 0.002 0 0 0 0.005 0.005 0.006 0.029 0.002 0.011 0.013 0.045 0 0.011 0.007 0.007 0.008 0.001 0.01 0.001 0.001 0.001 0.011 0 0.256 0.001 0.004 0.002 0.011 0 0.001 0.001 0.001 0.001 0.01 0.001 0 0.001
0.256 0.306 0.3 0.151 0.011 0.009 0.921 0.163 0.003 1 0.476 0.005 0.002 0.3 0.285 0.002 0.679 0.003 0.009 0.309 0.018 0.037 0.066 0.321 0.506 0.173 0.008 0.011 0.011 0.003 0.004 0.458 0.152 0.112 0 0.004 0.003 0.231 0.007 0.25 0.103 0.007 0.016 0.052 0 0.004 0.008 0.096 0.089 0.052 0.002 0.004 0.027 0.025 0 0.003 0.002 0.004 0 0.004 0.006 0.001 0.003 0.003 0.019 0.003 0.005 0.002 0.002 0.001 0.007 0.002 0.003 0.003 0.006 0.001
0.122 0.146 0.143 0.072 0.005 0.004 0.438 0.081 0.002 0.476 1 0.002 0.001 0.15 0.143 0.001 0.394 0.002 0.004 0.155 0.011 0.018 0.035 0.159 0.236 0.088 0.004 0.005 0.005 0.002 0.002 0.23 0.088 0.063 0.001 0.002 0.001 0.086 0.004 0.087 0.062 0.003 0.004 0.014 0.002 0.002 0.004 0.04 0.036 0.029 0.001 0 0.016 0.015 0.001 0.001 0 0.002 0.002 0.002 0.001 0.003 0.001 0.001 0.009 0.004 0.001 0.003 0.003 0 0.003 0.001 0.001 0.001 0.003 0.002
0.019 0.016 0.016 0.032 0.003 0.003 0.005 0.028 0.001 0.005 0.002 1 0.001 0.008 0.008 0.001 0.006 0.001 0.003 0.007 0.188 0.011 0.057 0.014 0.009 0.026 0.002 0.003 0 0.001 0.001 0.002 0.026 0.032 0.001 0.001 0.001 0.009 0.002 0.008 0.037 0.002 0.008 0.055 0.135 0.001 0.002 0.035 0.02 0.008 0 0.081 0.129 0.127 0.055 0.001 0.091 0.002 0.185 0.006 0.06 0.002 0.001 0.001 0 0.002 0.078 0.002 0.132 0.002 0.014 0.001 0.069 0.001 0.002 0.097
0.033 0.039 0.039 0.019 0.184 0.001 0.002 0.022 0 0.002 0.001 0.001 1 0.041 0.039 0 0.003 0 0.001 0.042 0.003 0.005 0.009 0.044 0.004 0.024 0.001 0.001 0.181 0 0.001 0.004 0.024 0.019 0.009 0 0 0.004 0.001 0.003 0.017 0.001 0.075 0.011 0.004 0 0.001 0.011 0.026 0.008 0.017 0.007 0.004 0.004 0.005 0.009 0.006 0.001 0 0 0.007 0 0 0 0.003 0.001 0.007 0 0.001 0.002 0.001 0 0.006 0.008 0.003 0.001
0.58 0.663 0.693 0.306 0.219 0.174 0.326 0.385 0.007 0.3 0.15 0.008 0.041 1 0.926 0.006 0.36 0.065 0.012 0.788 0.044 0.091 0.159 0.817 0.491 0.4 0.022 0.016 0.202 0.061 0.083 0.398 0.352 0.27 0.002 0.069 0.008 0.126 0.137 0.099 0.234 0.022 0.027 0.095 0.01 0.011 0.14 0.014 0.016 0.09 0.006 0.003 0.057 0.053 0.016 0.007 0.002 0.008 0.011 0.02 0.001 0.008 0.003 0.05 0.01 0.017 0 0.009 0.017 0.006 0 0.006 0.005 0.012 0.002 0.014
0.562 0.633 0.662 0.317 0.208 0.166 0.31 0.382 0.007 0.285 0.143 0.008 0.039 0.926 1 0.006 0.343 0.062 0.013 0.776 0.046 0.093 0.164 0.805 0.468 0.41 0.014 0.017 0.192 0.058 0.079 0.4 0.346 0.269 0.003 0.067 0.009 0.121 0.131 0.096 0.245 0.023 0.017 0.081 0.015 0.008 0.134 0.009 0.022 0.084 0.006 0.001 0.066 0.063 0.022 0.007 0.005 0.007 0.011 0.019 0 0.008 0.003 0.048 0.011 0.011 0 0.01 0.018 0.004 0.001 0.002 0.008 0.011 0.002 0.014
0.007 0.006 0.006 0.013 0.001 0.001 0.002 0.011 0 0.002 0.001 0.001 0 0.006 0.006 1 0.002 0 0.007 0.006 0.001 0.025 0.027 0.006 0.004 0.011 0.001 0.006 0.001 0 0.001 0.004 0.011 0.013 0.001 0 0 0.004 0.001 0.003 0.015 0 0.003 0 0 0 0.001 0.002 0.008 0.013 0 0 0 0 0 0 0 0.001 0 0 0 0 0 0 0.002 0.001 0 0 0 0.001 0.001 0 0 0 0 0
0.278 0.308 0.327 0.168 0.014 0.011 0.732 0.184 0.004 0.679 0.394 0.006 0.003 0.36 0.343 0.002 1 0.004 0.011 0.39 0.028 0.044 0.087 0.407 0.622 0.221 0.009 0.013 0.014 0.004 0.005 0.568 0.192 0.144 0.001 0.004 0.001 0.316 0.009 0.242 0.131 0.007 0.017 0.072 0 0.004 0.002 0.105 0.084 0.053 0.002 0.001 0.036 0.034 0.001 0.003 0 0.005 0.004 0.004 0.001 0.001 0.004 0.004 0.004 0.004 0.002 0.002 0.007 0.001 0.005 0.003 0 0.003 0.007 0.005
0.051 0.061 0.059 0.031 0.002 0.002 0.004 0.035 0.001 0.003 0.002 0.001 0 0.065 0.062 0 0.004 1 0.002 0.068 0.005 0.008 0.015 0.071 0.118 0.038 0.002 0.002 0.002 0.001 0.001 0.114 0.038 0.031 0.001 0.001 0.001 0.006 0.002 0.005 0.027 0.001 0.006 0.018 0.006 0.001 0.002 0.017 0.012 0.002 0 0.011 0.007 0.006 0.003 0 0.01 0.001 0.001 0.001 0.011 0.001 0.001 0.001 0.004 0.002 0.011 0.001 0.001 0.001 0.001 0.001 0.009 0 0.001 0.001
0.037 0.031 0.032 0.062 0.007 0.005 0.01 0.051 0.002 0.009 0.004 0.003 0.001 0.012 0.013 0.007 0.011 0.002 1 0.029 0.406 0.022 0.128 0.027 0.017 0.05 0.005 0.872 0.007 0.002 0.003 0.017 0.042 0.053 0.003 0.002 0.002 0.017 0.004 0.015 0.062 0.004 0.01 0.094 0.294 0.002 0.005 0.068 0.03 0.035 0.001 0.162 0.248 0.248 0.223 0.002 0.182 0.002 0.001 0.002 0.131 0.004 0.002 0.002 0.4 0.004 0.162 0.004 0 0.003 0.004 0.001 0.18 0.002 0.003 0
0.613 0.666 0.697 0.311 0.223 0.177 0.336 0.374 0.011 0.309 0.155 0.007 0.042 0.788 0.776 0.006 0.39 0.068 0.029 1 0.057 0.087 0.173 0.925 0.573 0.472 0.024 0.03 0.192 0.063 0.052 0.496 0.394 0.266 0.002 0.056 0.005 0.103 0.125 0.078 0.227 0.019 0.025 0.061 0.017 0.011 0.132 0.009 0.01 0.083 0.007 0.002 0.064 0.059 0.019 0.008 0.003 0.012 0.011 0.02 0 0.007 0.004 0.037 0.012 0.016 0 0.009 0.017 0.006 0 0.006 0.009 0.013 0.002 0.014
0.006 0.002 0.002 0.026 0.016 0.013 0.02 0.109 0.005 0.018 0.011 0.188 0.003 0.044 0.046 0.001 0.028 0.005 0.406 0.057 1 0.054 0.315 0.067 0.041 0.115 0.011 0.456 0.012 0.005 0.006 0.031 0.115 0.143 0.006 0.005 0.004 0.042 0.01 0.037 0.166 0.01 0.033 0.229 0.657 0.001 0.012 0.155 0.077 0.033 0.002 0.401 0.618 0.588 0.477 0.004 0.42 0.137 0.053 0 0.306 0.009 0.004 0.004 0.25 0.011 0.397 0.01 0.071 0.008 0.111 0 0.372 0.004 0.008 0.081
0.11 0.107 0.107 0.228 0.016 0.011 0.04 0.2 0 0.037 0.018 0.011 0.005 0.091 0.093 0.025 0.044 0.008 0.022 0.087 0.054 1 0.389 0.109 0.066 0.197 0.018 0.023 0.025 0.006 0.009 0.049 0.155 0.033 0.01 0.008 0.046 0.026 0.016 0.03 0.047 0.093 0.053 0.014 0.051 0.068 0.017 0.006 0.011 0.139 0.001 0.051 0.021 0.018 0.028 0.003 0.057 0.009 0.005 0.007 0.052 0.06 0.003 0.007 0.011 0.013 0.067 0.072 0.01 0.011 0.014 0.007 0.045 0.003 0.038 0.003
0.1 0.088 0.09 0.256 0.038 0.028 0.072 0.37 0.003 0.066 0.035 0.057 0.009 0.159 0.164 0.027 0.087 0.015 0.128 0.173 0.315 0.389 1 0.212 0.129 0.375 0.035 0.147 0.044 0.013 0.018 0.095 0.325 0.168 0.02 0.016 0.021 0 0.031 0 0.212 0.02 0.104 0.086 0.194 0.045 0.035 0.07 0.076 0.018 0 0.096 0.242 0.239 0.161 0 0.096 0.04 0.014 0.003 0.063 0.008 0.008 0.013 0.09 0.029 0.074 0.012 0.015 0.023 0.024 0.007 0.092 0 0.011 0.029
0.611 0.691 0.723 0.334 0.208 0.159 0.35 0.398 0.01 0.321 0.159 0.014 0.044 0.817 0.805 0.006 0.407 0.071 0.027 0.925 0.067 0.109 0.212 1 0.605 0.523 0.022 0.031 0.22 0.067 0.055 0.526 0.417 0.305 0.003 0.075 0.005 0.114 0.148 0.086 0.264 0.02 0.023 0.068 0.021 0.01 0.156 0.008 0.013 0.087 0.007 0.001 0.083 0.077 0.029 0.009 0.007 0.012 0.01 0.021 0 0.008 0.004 0.053 0.018 0.015 0 0.009 0.016 0.006 0.002 0.006 0.011 0.014 0.002 0.013
0.367 0.401 0.434 0.208 0.02 0.015 0.553 0.232 0.006 0.506 0.236 0.009 0.004 0.491 0.468 0.004 0.622 0.118 0.017 0.573 0.041 0.066 0.129 0.605 1 0.313 0.014 0.019 0.02 0.006 0.008 0.846 0.256 0.193 0.008 0.006 0.002 0.245 0.013 0.193 0.172 0.012 0.043 0.032 0.006 0.006 0 0.053 0.036 0.054 0.002 0.01 0.055 0.051 0.008 0 0.006 0.007 0.006 0.005 0.013 0.004 0.001 0.005 0.011 0.008 0.013 0.005 0.01 0.01 0.007 0.004 0.008 0 0.003 0.008
0.363 0.331 0.352 0.639 0.107 0.082 0.189 0.732 0.018 0.173 0.088 0.026 0.024 0.4 0.41 0.011 0.221 0.038 0.05 0.472 0.115 0.197 0.375 0.523 0.313 1 0.042 0.058 0.118 0.039 0.028 0.275 0.846 0.636 0.05 0.04 0.01 0.031 0.082 0.021 0.55 0.035 0.162 0 0.07 0.01 0.085 0.013 0.223 0.197 0.004 0.02 0.155 0.144 0.079 0.001 0.05 0.022 0.011 0.008 0.027 0.02 0.01 0.027 0.049 0.005 0.03 0.023 0.023 0.059 0.009 0.022 0.061 0.001 0.011 0.023
0.017 0.025 0.025 0 0.005 0.004 0.008 0 0.061 0.008 0.004 0.002 0.001 0.022 0.014 0.001 0.009 0.002 0.005 0.024 0.011 0.018 0.035 0.022 0.014 0.042 1 0.005 0.006 0.002 0.002 0.014 0.042 0.052 0.002 0.002 0.001 0.014 0.004 0.012 0.001 0.003 0.023 0.038 0.014 0.001 0.002 0.003 0.001 0.002 0.001 0 0.001 0.002 0 0.001 0 0.002 0.002 0.002 0 0.003 0.106 0 0.01 0.136 0 0.003 0.003 0.002 0.003 0.001 0 0.001 0.003 0.002
0.042 0.035 0.036 0.057 0.008 0.006 0.012 0.046 0.002 0.011 0.005 0.003 0.001 0.016 0.017 0.006 0.013 0.002 0.872 0.03 0.456 0.023 0.147 0.031 0.019 0.058 0.005 1 0.008 0.002 0.003 0.019 0.05 0.062 0.003 0.002 0.002 0.019 0.005 0.017 0.073 0.005 0.013 0.107 0.333 0.002 0.006 0.065 0.036 0.038 0.001 0.183 0.282 0.247 0.252 0.002 0.206 0.003 0 0.002 0.122 0.004 0.002 0.002 0.459 0.005 0.183 0.005 0 0.004 0.005 0 0.206 0.002 0.004 0
0.161 0.195 0.19 0.075 0.872 0.672 0.012 0.105 0.002 0.011 0.005 0 0.181 0.202 0.192 0.001 0.014 0.002 0.007 0.192 0.012 0.025 0.044 0.22 0.02 0.118 0.006 0.008 1 0.292 0.267 0.02 0.104 0.071 0 0.308 0.002 0.02 0.647 0.017 0.058 0.005 0 0.042 0.011 0.003 0.412 0.024 0.01 0.032 0.037 0.049 0.013 0.011 0.02 0.018 0 0.003 0.003 0.124 0.035 0.003 0.002 0.236 0.003 0.005 0.029 0.003 0.001 0.001 0.005 0.001 0 0.034 0 0.003
0.049 0.059 0.058 0.029 0.28 0.358 0.004 0.032 0.001 0.003 0.002 0.001 0 0.061 0.058 0 0.004 0.001 0.002 0.063 0.005 0.006 0.013 0.067 0.006 0.039 0.002 0.002 0.292 1 0.754 0.006 0.023 0.017 0.001 0.044 0.001 0.006 0.328 0.005 0.014 0.001 0.006 0.022 0.006 0.001 0.113 0.017 0.014 0.005 0.017 0.009 0.007 0.006 0.008 0.009 0 0.001 0.001 0.035 0.004 0.001 0.001 0.054 0.004 0.002 0.004 0.001 0.001 0.001 0.016 0 0 0.038 0 0.001
0.038 0.048 0.047 0.019 0.257 0.332 0.005 0.023 0.001 0.004 0.002 0.001 0.001 0.083 0.079 0.001 0.005 0.001 0.003 0.052 0.006 0.009 0.018 0.055 0.008 0.028 0.002 0.003 0.267 0.754 1 0.008 0.016 0.027 0.001 0.074 0.001 0 0.312 0 0.023 0.002 0.008 0.034 0.008 0.001 0.122 0.023 0.005 0.009 0.012 0.008 0.009 0.008 0.01 0.006 0 0.001 0.001 0.063 0.003 0.002 0.001 0.038 0.001 0.002 0.003 0.002 0.002 0.002 0.01 0 0 0.027 0.001 0.001
0.29 0.334 0.349 0.156 0.02 0.016 0.502 0.179 0.006 0.458 0.23 0.002 0.004 0.398 0.4 0.004 0.568 0.114 0.017 0.496 0.031 0.049 0.095 0.526 0.846 0.275 0.014 0.019 0.02 0.006 0.008 1 0.281 0.215 0.008 0.006 0.002 0.284 0.013 0.23 0.192 0.012 0.044 0.051 0.003 0.006 0 0.068 0.048 0.061 0.002 0.007 0.045 0.042 0.005 0.003 0.004 0.007 0.006 0.005 0.014 0.011 0.006 0.005 0.007 0.008 0.01 0.011 0.01 0.01 0.008 0.004 0.009 0.004 0.01 0.008
0.307 0.287 0.295 0.59 0.108 0.083 0.167 0.7 0.018 0.152 0.088 0.026 0.024 0.352 0.346 0.011 0.192 0.038 0.042 0.394 0.115 0.155 0.325 0.417 0.256 0.846 0.042 0.05 0.104 0.023 0.016 0.281 1 0.719 0.05 0.041 0.014 0.05 0.086 0.038 0.626 0.035 0.172 0.002 0.073 0.018 0.089 0.008 0.261 0.221 0.004 0.021 0.16 0.149 0.082 0 0.046 0.022 0.004 0.008 0.022 0.03 0.017 0.03 0.053 0.005 0.026 0.032 0.023 0.059 0.009 0.033 0.056 0 0.016 0.013
0.192 0.179 0.186 0.386 0.06 0.041 0.124 0.467 0.007 0.112 0.063 0.032 0.019 0.27 0.269 0.013 0.144 0.031 0.053 0.266 0.143 0.033 0.168 0.305 0.193 0.636 0.052 0.062 0.071 0.017 0.027 0.215 0.719 1 0.04 0.032 0.018 0.252 0.068 0.24 0.86 0.046 0.123 0.037 0.108 0.022 0.071 0.001 0.415 0.213 0.002 0.05 0.206 0.191 0.125 0 0.09 0.027 0.014 0.005 0.059 0.032 0.019 0.014 0.065 0.002 0.062 0.035 0.029 0.047 0.02 0.027 0.105 0.002 0.012 0.028
0.002 0.003 0.003 0.042 0 0.002 0 0.047 0.001 0 0.001 0.001 0.009 0.002 0.003 0.001 0.001 0.001 0.003 0.002 0.006 0.01 0.02 0.003 0.008 0.05 0.002 0.003 0 0.001 0.001 0.008 0.05 0.04 1 0.001 0.001 0.008 0.002 0.007 0.036 0.002 0.16 0.024 0.008 0.001 0.002 0.023 0.068 0.017 0.001 0.014 0.009 0.009 0.01 0 0.012 0.001 0 0.001 0.013 0.002 0.001 0.001 0.005 0.002 0.013 0.002 0.002 0.671 0.002 0.001 0.011 0.001 0.002 0.001
0.055 0.066 0.065 0.026 0.259 0.332 0.004 0.037 0.001 0.004 0.002 0.001 0 0.069 0.067 0 0.004 0.001 0.002 0.056 0.005 0.008 0.016 0.075 0.006 0.04 0.002 0.002 0.308 0.044 0.074 0.006 0.041 0.032 0.001 1 0.001 0.006 0.448 0.006 0.029 0.002 0.006 0.04 0.006 0.001 0.282 0.008 0.014 0.014 0.063 0.038 0.007 0.007 0.008 0.035 0 0.001 0.001 0.086 0.033 0.001 0.001 0.12 0.001 0.002 0.023 0.002 0.001 0.001 0.001 0 0.001 0.031 0 0.001
0.002 0.004 0.009 0.018 0.002 0.001 0.003 0.016 0.001 0.003 0.001 0.001 0 0.008 0.009 0 0.001 0.001 0.002 0.005 0.004 0.046 0.021 0.005 0.002 0.01 0.001 0.002 0.002 0.001 0.001 0.002 0.014 0.018 0.001 0.001 1 0.005 0.001 0.004 0.02 0.001 0.005 0.005 0 0.001 0.001 0.005 0.006 0.001 0 0.002 0 0 0.001 0 0.002 0.001 0.001 0.001 0.002 0.001 0 0.001 0 0.001 0.002 0.001 0.001 0 0.001 0 0.001 0 0.001 0.001
0.062 0.077 0.085 0.014 0.02 0.016 0.269 0.021 0 0.231 0.086 0.009 0.004 0.126 0.121 0.004 0.316 0.006 0.017 0.103 0.042 0.026 0 0.114 0.245 0.031 0.014 0.019 0.02 0.006 0 0.284 0.05 0.252 0.008 0.006 0.005 1 0.013 0.887 0.219 0.012 0.049 0.278 0.047 0.091 0 0.143 0.259 0.024 0.003 0.053 0.054 0.05 0.059 0.005 0.044 0.007 0.006 0.007 0.053 0.007 0.004 0.005 0.011 0.008 0.053 0.002 0.01 0.01 0.009 0.004 0.04 0.005 0 0.008
0.109 0.132 0.129 0.057 0.57 0.73 0.008 0.072 0.002 0.007 0.004 0.002 0.001 0.137 0.131 0.001 0.009 0.002 0.004 0.125 0.01 0.016 0.031 0.148 0.013 0.082 0.004 0.005 0.647 0.328 0.312 0.013 0.086 0.068 0.002 0.448 0.001 0.013 1 0.011 0.061 0.003 0.013 0.083 0.014 0.002 0.586 0.016 0.03 0.029 0.027 0.078 0.015 0.014 0.017 0.014 0.001 0.002 0.002 0.178 0.062 0.003 0.001 0.283 0.001 0.003 0.051 0.003 0.003 0.003 0.003 0 0 0.012 0 0.002
0.045 0.066 0.063 0.008 0.018 0.014 0.293 0.013 0 0.25 0.087 0.008 0.003 0.099 0.096 0.003 0.242 0.005 0.015 0.078 0.037 0.03 0 0.086 0.193 0.021 0.012 0.017 0.017 0.005 0 0.23 0.038 0.24 0.007 0.006 0.004 0.887 0.011 1 0.209 0.011 0.044 0.264 0.041 0.102 0.012 0.127 0.303 0.023 0.003 0.076 0.047 0.044 0.055 0.004 0.068 0.006 0.005 0.006 0.076 0.007 0.004 0.004 0.026 0.007 0.076 0.007 0.009 0.009 0.011 0.004 0.064 0.005 0.002 0.007
0.169 0.147 0.152 0.434 0.048 0.032 0.114 0.526 0 0.103 0.062 0.037 0.017 0.234 0.245 0.015 0.131 0.027 0.062 0.227 0.166 0.047 0.212 0.264 0.172 0.55 0.001 0.073 0.058 0.014 0.023 0.192 0.626 0.86 0.036 0.029 0.02 0.219 0.061 0.209 1 0.053 0.209 0.019 0.125 0.018 0.067 0.006 0.488 0.234 0.002 0.066 0.24 0.223 0.148 0 0.112 0.031 0.017 0.004 0.076 0.037 0.002 0.015 0.081 0.051 0.08 0.041 0.034 0.042 0.024 0.023 0.128 0.002 0.015 0.032
0.027 0.023 0.023 0.043 0.005 0.004 0.007 0.038 0 0.007 0.003 0.002 0.001 0.022 0.023 0 0.007 0.001 0.004 0.019 0.01 0.093 0.02 0.02 0.012 0.035 0.003 0.005 0.005 0.001 0.002 0.012 0.035 0.046 0.002 0.002 0.001 0.012 0.003 0.011 0.053 1 0.005 0.032 0.01 0.002 0.004 0.003 0.024 0.021 0.001 0.001 0 0 0 0.001 0.017 0.002 0.002 0.002 0.001 0.38 0.001 0.001 0.006 0.001 0.02 0.358 0.002 0.002 0.003 0.001 0 0.001 0.047 0.002
0.005 0.032 0.032 0.202 0 0.015 0.018 0.23 0.005 0.016 0.004 0.008 0.075 0.027 0.017 0.003 0.017 0.006 0.01 0.025 0.033 0.053 0.104 0.023 0.043 0.162 0.023 0.013 0 0.006 0.008 0.044 0.172 0.123 0.16 0.006 0.005 0.049 0.013 0.044 0.209 0.005 1 0.151 0.045 0.005 0.014 0.113 0.374 0.083 0 0.081 0.055 0.051 0.058 0 0.071 0.007 0.005 0.006 0.08 0.003 0.005 0.005 0.032 0.22 0.08 0.004 0.01 0.192 0.011 0.093 0.066 0.001 0.003 0.007
0.08 0.115 0.119 0.003 0.029 0.06 0.063 0 0.005 0.052 0.014 0.055 0.011 0.095 0.081 0 0.072 0.018 0.094 0.061 0.229 0.014 0.086 0.068 0.032 0 0.038 0.107 0.042 0.022 0.034 0.051 0.002 0.037 0.024 0.04 0.005 0.278 0.083 0.264 0.019 0.032 0.151 1 0.213 0.028 0.093 0.328 0.005 0.13 0 0.251 0.181 0.161 0.111 0.002 0.164 0.046 0.014 0.042 0.177 0.027 0.015 0.034 0.086 0.032 0.211 0.03 0.01 0.03 0.075 0.013 0.135 0.003 0.014 0.016
0.001 0 0 0.022 0.014 0.01 0 0.055 0.006 0 0.002 0.135 0.004 0.01 0.015 0 0 0.006 0.294 0.017 0.657 0.051 0.194 0.021 0.006 0.07 0.014 0.333 0.011 0.006 0.008 0.003 0.073 0.108 0.008 0.006 0 0.047 0.014 0.041 0.125 0.01 0.045 0.213 1 0.006 0.015 0.236 0.119 0.058 0.003 0.55 0.629 0.574 0.681 0.005 0.586 0.092 0.048 0.002 0.426 0.012 0.006 0.001 0.228 0.014 0.515 0.012 0.059 0.01 0.112 0.005 0.518 0.005 0.011 0.07
0.006 0.005 0.005 0.014 0.002 0.002 0.004 0.02 0.029 0.004 0.002 0.001 0 0.011 0.008 0 0.004 0.001 0.002 0.011 0.001 0.068 0.045 0.01 0.006 0.01 0.001 0.002 0.003 0.001 0.001 0.006 0.018 0.022 0.001 0.001 0.001 0.091 0.002 0.102 0.018 0.002 0.005 0.028 0.006 1 0.002 0.006 0.017 0.027 0 0.011 0.007 0.007 0.008 0.001 0.01 0.001 0.001 0.001 0.011 0 0.001 0.001 0.004 0.002 0.011 0 0.001 0.001 0.001 0.001 0.01 0.001 0.006 0.001
0.111 0.111 0.131 0.068 0.352 0.456 0.009 0.077 0.002 0.008 0.004 0.002 0.001 0.14 0.134 0.001 0.002 0.002 0.005 0.132 0.012 0.017 0.035 0.156 0 0.085 0.002 0.006 0.412 0.113 0.122 0 0.089 0.071 0.002 0.282 0.001 0 0.586 0.012 0.067 0.004 0.014 0.093 0.015 0.002 1 0.002 0.033 0.032 0.001 0.156 0.017 0.016 0.017 0.001 0.018 0.002 0.002 0.19 0.128 0.003 0.002 0.289 0.006 0.004 0.111 0.004 0.003 0.003 0.008 0 0.011 0.001 0.003 0.002
0.015 0.024 0.026 0.008 0.033 0.022 0.11 0.016 0.011 0.096 0.04 0.035 0.011 0.014 0.009 0.002 0.105 0.017 0.068 0.009 0.155 0.006 0.07 0.008 0.053 0.013 0.003 0.065 0.024 0.017 0.023 0.068 0.008 0.001 0.023 0.008 0.005 0.143 0.016 0.127 0.006 0.003 0.113 0.328 0.236 0.006 0.002 1 0 0.085 0.008 0.224 0.249 0.26 0.254 0.013 0.213 0.025 0.015 0.001 0.207 0.015 0.009 0.002 0.117 0.039 0.177 0.018 0.007 0.029 0.023 0.008 0.216 0.015 0.011 0.027
0.018 0.006 0.005 0.221 0.009 0.036 0.106 0.252 0.013 0.089 0.036 0.02 0.026 0.016 0.022 0.008 0.084 0.012 0.03 0.01 0.077 0.011 0.076 0.013 0.036 0.223 0.001 0.036 0.01 0.014 0.005 0.048 0.261 0.415 0.068 0.014 0.006 0.259 0.03 0.303 0.488 0.024 0.374 0.005 0.119 0.017 0.033 0 1 0.153 0.001 0.212 0.135 0.126 0.156 0.003 0.188 0.016 0.013 0.015 0.212 0.018 0.012 0.012 0.079 0.116 0.21 0.02 0.023 0.081 0.027 0.04 0.176 0.006 0.006 0.017
0.095 0.074 0.071 0.192 0.021 0.014 0.053 0.228 0.045 0.052 0.029 0.008 0.008 0.09 0.084 0.013 0.053 0.002 0.035 0.083 0.033 0.139 0.018 0.087 0.054 0.197 0.002 0.038 0.032 0.005 0.009 0.061 0.221 0.213 0.017 0.014 0.001 0.024 0.029 0.023 0.234 0.021 0.083 0.13 0.058 0.027 0.032 0.085 0.153 1 0.006 0.123 0.061 0.054 0.07 0 0.054 0.002 0.001 0.014 0.07 0.047 0.039 0.012 0.052 0.028 0.069 0.054 0 0.017 0.001 0.011 0.054 0 0.021 0.002
0.004 0.006 0.006 0 0.038 0.022 0.002 0.003 0 0.002 0.001 0 0.017 0.006 0.006 0 0.002 0 0.001 0.007 0.002 0.001 0 0.007 0.002 0.004 0.001 0.001 0.037 0.017 0.012 0.002 0.004 0.002 0.001 0.063 0 0.003 0.027 0.003 0.002 0.001 0 0 0.003 0 0.001 0.008 0.001 0.006 1 0.005 0.003 0.003 0.004 0.606 0.005 0 0 0 0.005 0.001 0 0 0.002 0.001 0.005 0.001 0.001 0 0.001 0 0.004 0.469 0.018 0
0.016 0.02 0.023 0.002 0.034 0.061 0.006 0.016 0.011 0.004 0 0.081 0.007 0.003 0.001 0 0.001 0.011 0.162 0.002 0.401 0.051 0.096 0.001 0.01 0.02 0 0.183 0.049 0.009 0.008 0.007 0.021 0.05 0.014 0.038 0.002 0.053 0.078 0.076 0.066 0.001 0.081 0.251 0.55 0.011 0.156 0.224 0.212 0.123 0.005 1 0.635 0.593 0.666 0.008 0.694 0.077 0.023 0.07 0.806 0.021 0.01 0.058 0.349 0.025 0.791 0.022 0.026 0.018 0.128 0.007 0.661 0.009 0.019 0.044
0.018 0.015 0.016 0.071 0.016 0.011 0.03 0.133 0.007 0.027 0.016 0.129 0.004 0.057 0.066 0 0.036 0.007 0.248 0.064 0.618 0.021 0.242 0.083 0.055 0.155 0.001 0.282 0.013 0.007 0.009 0.045 0.16 0.206 0.009 0.007 0 0.054 0.015 0.047 0.24 0 0.055 0.181 0.629 0.007 0.017 0.249 0.135 0.061 0.003 0.635 1 0.921 0.783 0.005 0.59 0.122 0.041 0.003 0.52 0.013 0.006 0.001 0.4 0.016 0.527 0.014 0.051 0.011 0.132 0.006 0.602 0.006 0.012 0.075
0.014 0.012 0.013 0.07 0.015 0.01 0.028 0.136 0.007 0.025 0.015 0.127 0.004 0.053 0.063 0 0.034 0.006 0.248 0.059 0.588 0.018 0.239 0.077 0.051 0.144 0.002 0.247 0.011 0.006 0.008 0.042 0.149 0.191 0.009 0.007 0 0.05 0.014 0.044 0.223 0 0.051 0.161 0.574 0.007 0.016 0.26 0.126 0.054 0.003 0.593 0.921 1 0.728 0.005 0.545 0.13 0.046 0.001 0.533 0.012 0.006 0.001 0.368 0.015 0.488 0.013 0.057 0.011 0.142 0.006 0.555 0.006 0.011 0.082
0.001 0 0 0.028 0.019 0.014 0 0.069 0.008 0 0.001 0.055 0.005 0.016 0.022 0 0.001 0.003 0.223 0.019 0.477 0.028 0.161 0.029 0.008 0.079 0 0.252 0.02 0.008 0.01 0.005 0.082 0.125 0.01 0.008 0.001 0.059 0.017 0.055 0.148 0 0.058 0.111 0.681 0.008 0.017 0.254 0.156 0.07 0.004 0.666 0.783 0.728 1 0.006 0.643 0.106 0.049 0.001 0.548 0.014 0.007 0.002 0.359 0.018 0.564 0.015 0.02 0.013 0.113 0.007 0.616 0.007 0.014 0.064
0.005 0.007 0.007 0 0.018 0.01 0.003 0.003 0.001 0.003 0.001 0.001 0.009 0.007 0.007 0 0.003 0 0.002 0.008 0.004 0.003 0 0.009 0 0.001 0.001 0.002 0.018 0.009 0.006 0.003 0 0 0 0.035 0 0.005 0.014 0.004 0 0.001 0 0.002 0.005 0.001 0.001 0.013 0.003 0 0.606 0.008 0.005 0.005 0.006 1 0.008 0.001 0.001 0.001 0.009 0.001 0 0 0.003 0.001 0.008 0.001 0.001 0 0.001 0 0.007 0.515 0.134 0.001
0 0 0.001 0.016 0 0.001 0.003 0.038 0.01 0.002 0 0.091 0.006 0.002 0.005 0 0 0.01 0.182 0.003 0.42 0.057 0.096 0.007 0.006 0.05 0 0.206 0 0 0 0.004 0.046 0.09 0.012 0 0.002 0.044 0.001 0.068 0.112 0.017 0.071 0.164 0.586 0.01 0.018 0.213 0.188 0.054 0.005 0.694 0.59 0.545 0.643 0.008 1 0.067 0.063 0.078 0.726 0.019 0.009 0.003 0.391 0.022 0.812 0.02 0.12 0.016 0.122 0.008 0.819 0.008 0.017 0.095
0.037 0.046 0.045 0.019 0.003 0.002 0.004 0.021 0.001 0.004 0.002 0.002 0.001 0.008 0.007 0.001 0.005 0.001 0.002 0.012 0.137 0.009 0.04 0.012 0.007 0.022 0.002 0.003 0.003 0.001 0.001 0.007 0.022 0.027 0.001 0.001 0.001 0.007 0.002 0.006 0.031 0.002 0.007 0.046 0.092 0.001 0.002 0.025 0.016 0.002 0 0.077 0.122 0.13 0.106 0.001 0.067 1 0 0.001 0.072 0.002 0.001 0.001 0 0.002 0.076 0.002 0 0.001 0.455 0.001 0.044 0.001 0.001 0
0.007 0.006 0.006 0.002 0.002 0.002 0 0.002 0.001 0 0.002 0.185 0 0.011 0.011 0 0.004 0.001 0.001 0.011 0.053 0.005 0.014 0.01 0.006 0.011 0.002 0 0.003 0.001 0.001 0.006 0.004 0.014 0 0.001 0.001 0.006 0.002 0.005 0.017 0.002 0.005 0.014 0.048 0.001 0.002 0.015 0.013 0.001 0 0.023 0.041 0.046 0.049 0.001 0.063 0 1 0.001 0.05 0.001 0.001 0.001 0.004 0.002 0.053 0.002 0.171 0.001 0.001 0.001 0.05 0.001 0.001 0.449
0.017 0.016 0.015 0.003 0.116 0.152 0.004 0.005 0.001 0.004 0.002 0.006 0 0.02 0.019 0 0.004 0.001 0.002 0.02 0 0.007 0.003 0.021 0.005 0.008 0.002 0.002 0.124 0.035 0.063 0.005 0.008 0.005 0.001 0.086 0.001 0.007 0.178 0.006 0.004 0.002 0.006 0.042 0.002 0.001 0.19 0.001 0.015 0.014 0 0.07 0.003 0.001 0.001 0.001 0.078 0.001 0.001 1 0.064 0.001 0.001 0.001 0.002 0.002 0.04 0.002 0.001 0.001 0.028 0.001 0.054 0.001 0.001 0.001
0.009 0.012 0.014 0.005 0.023 0.044 0.008 0.023 0.011 0.006 0.001 0.06 0.007 0.001 0 0 0.001 0.011 0.131 0 0.306 0.052 0.063 0 0.013 0.027 0 0.122 0.035 0.004 0.003 0.014 0.022 0.059 0.013 0.033 0.002 0.053 0.062 0.076 0.076 0.001 0.08 0.177 0.426 0.011 0.128 0.207 0.212 0.07 0.005 0.806 0.52 0.533 0.548 0.009 0.726 0.072 0.05 0.064 1 0.021 0.01 0.058 0.275 0.025 0.857 0.022 0.1 0.018 0.122 0.007 0.735 0.009 0.019 0.084
0.011 0.008 0.009 0.025 0.002 0.003 0.002 0.023 0 0.001 0.003 0.002 0 0.008 0.008 0 0.001 0.001 0.004 0.007 0.009 0.06 0.008 0.008 0.004 0.02 0.003 0.004 0.003 0.001 0.002 0.011 0.03 0.032 0.002 0.001 0.001 0.007 0.003 0.007 0.037 0.38 0.003 0.027 0.012 0 0.003 0.015 0.018 0.047 0.001 0.021 0.013 0.012 0.014 0.001 0.019 0.002 0.001 0.001 0.021 1 0.001 0.001 0.008 0.003 0.021 0.921 0.002 0.002 0.003 0.001 0.017 0.001 0.101 0.002
0.005 0.009 0.004 0.012 0.002 0.002 0.003 0.011 0.256 0.003 0.001 0.001 0 0.003 0.003 0 0.004 0.001 0.002 0.004 0.004 0.003 0.008 0.004 0.001 0.01 0.106 0.002 0.002 0.001 0.001 0.006 0.017 0.019 0.001 0.001 0 0.004 0.001 0.004 0.002 0.001 0.005 0.015 0.006 0.001 0.002 0.009 0.012 0.039 0 0.01 0.006 0.006 0.007 0 0.009 0.001 0.001 0.001 0.01 0.001 1 0.001 0.004 0.001 0.01 0.001 0.001 0.001 0.001 0.001 0.008 0.001 0.001 0.001
0.039 0.047 0.046 0.016 0.182 0.235 0.003 0.03 0.001 0.003 0.001 0.001 0 0.05 0.048 0 0.004 0.001 0.002 0.037 0.004 0.007 0.013 0.053 0.005 0.027 0 0.002 0.236 0.054 0.038 0.005 0.03 0.014 0.001 0.12 0.001 0.005 0.283 0.004 0.015 0.001 0.005 0.034 0.001 0.001 0.289 0.002 0.012 0.012 0 0.058 0.001 0.001 0.002 0 0.003 0.001 0.001 0.001 0.058 0.001 0.001 1 0.004 0.001 0.058 0.001 0.001 0.001 0.002 0 0.003 0.001 0.001 0.001
0.017 0.02 0.017 0.046 0.003 0.001 0.021 0.046 0.004 0.019 0.009 0 0.003 0.01 0.011 0.002 0.004 0.004 0.4 0.012 0.25 0.011 0.09 0.018 0.011 0.049 0.01 0.459 0.003 0.004 0.001 0.007 0.053 0.065 0.005 0.001 0 0.011 0.001 0.026 0.081 0.006 0.032 0.086 0.228 0.004 0.006 0.117 0.079 0.052 0.002 0.349 0.4 0.368 0.359 0.003 0.391 0 0.004 0.002 0.275 0.008 0.004 0.004 1 0.009 0.367 0.008 0.007 0.007 0.003 0.004 0.34 0.003 0.007 0
0.008 0.018 0.018 0.056 0.005 0.004 0.003 0.064 0.002 0.003 0.004 0.002 0.001 0.017 0.011 0.001 0.004 0.002 0.004 0.016 0.011 0.013 0.029 0.015 0.008 0.005 0.136 0.005 0.005 0.002 0.002 0.008 0.005 0.002 0.002 0.002 0.001 0.008 0.003 0.007 0.051 0.001 0.22 0.032 0.014 0.002 0.004 0.039 0.116 0.028 0.001 0.025 0.016 0.015 0.018 0.001 0.022 0.002 0.002 0.002 0.025 0.003 0.001 0.001 0.009 1 0.025 0.003 0.003 0.003 0.003 0.001 0.021 0.001 0.001 0.002
0.006 0.01 0.012 0.004 0.018 0.036 0.008 0.02 0.011 0.005 0.001 0.078 0.007 0 0 0 0.002 0.011 0.162 0 0.397 0.067 0.074 0 0.013 0.03 0 0.183 0.029 0.004 0.003 0.01 0.026 0.062 0.013 0.023 0.002 0.053 0.051 0.076 0.08 0.02 0.08 0.211 0.515 0.011 0.111 0.177 0.21 0.069 0.005 0.791 0.527 0.488 0.564 0.008 0.812 0.076 0.053 0.04 0.857 0.021 0.01 0.058 0.367 0.025 1 0.022 0.107 0.018 0.128 0.007 0.692 0.009 0.018 0.082
0.013 0.01 0.01 0.028 0.003 0.004 0.002 0.026 0 0.002 0.003 0.002 0 0.009 0.01 0 0.002 0.001 0.004 0.009 0.01 0.072 0.012 0.009 0.005 0.023 0.003 0.005 0.003 0.001 0.002 0.011 0.032 0.035 0.002 0.002 0.001 0.002 0.003 0.007 0.041 0.358 0.004 0.03 0.012 0 0.004 0.018 0.02 0.054 0.001 0.022 0.014 0.013 0.015 0.001 0.02 0.002 0.002 0.002 0.022 0.921 0.001 0.001 0.008 0.003 0.022 1 0.002 0.002 0.003 0.001 0.019 0.001 0.142 0.002
0.011 0.008 0.009 0.017 0.004 0.003 0.002 0.018 0.001 0.002 0.003 0.132 0.001 0.017 0.018 0 0.007 0.001 0 0.017 0.071 0.01 0.015 0.016 0.01 0.023 0.003 0 0.001 0.001 0.002 0.01 0.023 0.029 0.002 0.001 0.001 0.01 0.003 0.009 0.034 0.002 0.01 0.01 0.059 0.001 0.003 0.007 0.023 0 0.001 0.026 0.051 0.057 0.02 0.001 0.12 0 0.171 0.001 0.1 0.002 0.001 0.001 0.007 0.003 0.107 0.002 1 0.002 0.002 0.001 0.108 0.001 0.002 0.201
0 0.007 0.007 0.049 0.001 0.003 0.001 0.055 0.001 0.001 0 0.002 0.002 0.006 0.004 0.001 0.001 0.001 0.003 0.006 0.008 0.011 0.023 0.006 0.01 0.059 0.002 0.004 0.001 0.001 0.002 0.01 0.059 0.047 0.671 0.001 0 0.01 0.003 0.009 0.042 0.002 0.192 0.03 0.01 0.001 0.003 0.029 0.081 0.017 0 0.018 0.011 0.011 0.013 0 0.016 0.001 0.001 0.001 0.018 0.002 0.001 0.001 0.007 0.003 0.018 0.002 0.002 1 0.002 0.001 0.015 0.001 0.002 0.002
0.039 0.044 0.049 0.011 0.003 0.006 0.007 0.007 0.001 0.007 0.003 0.014 0.001 0 0.001 0.001 0.005 0.001 0.004 0 0.111 0.014 0.024 0.002 0.007 0.009 0.003 0.005 0.005 0.016 0.01 0.008 0.009 0.02 0.002 0.001 0.001 0.009 0.003 0.011 0.024 0.003 0.011 0.075 0.112 0.001 0.008 0.023 0.027 0.001 0.001 0.128 0.132 0.142 0.113 0.001 0.122 0.455 0.001 0.028 0.122 0.003 0.001 0.002 0.003 0.003 0.128 0.003 0.002 0.002 1 0.001 0.104 0.001 0.002 0
0 0.007 0.007 0.018 0.001 0 0.002 0.02 0.001 0.002 0.001 0.001 0 0.006 0.002 0 0.003 0.001 0.001 0.006 0 0.007 0.007 0.006 0.004 0.022 0.001 0 0.001 0 0 0.004 0.033 0.027 0.001 0 0 0.004 0 0.004 0.023 0.001 0.093 0.013 0.005 0.001 0 0.008 0.04 0.011 0 0.007 0.006 0.006 0.007 0 0.008 0.001 0.001 0.001 0.007 0.001 0.001 0 0.004 0.001 0.007 0.001 0.001 0.001 0.001 1 0.008 0.001 0.001 0.001
0.001 0 0 0.026 0.001 0 0.005 0.046 0.01 0.003 0.001 0.069 0.006 0.005 0.008 0 0 0.009 0.18 0.009 0.372 0.045 0.092 0.011 0.008 0.061 0 0.206 0 0 0 0.009 0.056 0.105 0.011 0.001 0.001 0.04 0 0.064 0.128 0 0.066 0.135 0.518 0.01 0.011 0.216 0.176 0.054 0.004 0.661 0.602 0.555 0.616 0.007 0.819 0.044 0.05 0.054 0.735 0.017 0.008 0.003 0.34 0.021 0.692 0.019 0.108 0.015 0.104 0.008 1 0.008 0.016 0.1
0.008 0.011 0.011 0.001 0.035 0.026 0.003 0.003 0.001 0.003 0.001 0.001 0.008 0.012 0.011 0 0.003 0 0.002 0.013 0.004 0.003 0 0.014 0 0.001 0.001 0.002 0.034 0.038 0.027 0.004 0 0.002 0.001 0.031 0 0.005 0.012 0.005 0.002 0.001 0.001 0.003 0.005 0.001 0.001 0.015 0.006 0 0.469 0.009 0.006 0.006 0.007 0.515 0.008 0.001 0.001 0.001 0.009 0.001 0.001 0.001 0.003 0.001 0.009 0.001 0.001 0.001 0.001 0.001 0.008 1 0.104 0.001
0.005 0.003 0.003 0.014 0 0 0.006 0.008 0 0.006 0.003 0.002 0.003 0.002 0.002 0 0.007 0.001 0.003 0.002 0.008 0.038 0.011 0.002 0.003 0.011 0.003 0.004 0 0 0.001 0.01 0.016 0.012 0.002 0 0.001 0 0 0.002 0.015 0.047 0.003 0.014 0.011 0.006 0.003 0.011 0.006 0.021 0.018 0.019 0.012 0.011 0.014 0.134 0.017 0.001 0.001 0.001 0.019 0.101 0.001 0.001 0.007 0.001 0.018 0.142 0.002 0.002 0.002 0.001 0.016 0.104 1 0.002
0.004 0.003 0.003 0.005 0.003 0.002 0.001 0.009 0.001 0.001 0.002 0.097 0.001 0.014 0.014 0 0.005 0.001 0 0.014 0.081 0.003 0.029 0.013 0.008 0.023 0.002 0 0.003 0.001 0.001 0.008 0.013 0.028 0.001 0.001 0.001 0.008 0.002 0.007 0.032 0.002 0.007 0.016 0.07 0.001 0.002 0.027 0.017 0.002 0 0.044 0.075 0.082 0.064 0.001 0.095 0 0.449 0.001 0.084 0.002 0.001 0.001 0 0.002 0.082 0.002 0.201 0.002 0 0.001 0.1 0.001 0.002 1
