1 0.824 0.87 0.494 0.149 0.104 0.224 0.259 0.015 0.197 0.106 0.025 0.038 0.481 0.464 0.006 0.207 0.051 0.029 0.482 0 0.126 0.078 0.489 0.266 0.231 0 0.037 0.101 0.03 0.025 0.204 0.17 0.073 0.003 0.02 0.006 0.02 0.03 0.005 0.074 0.016 0.003 0.053 0.011 0.004 0.037 0.023 0.002 0.038 0.003 0.027 0 0 0.003 0.006 0.011 0.081 0.012 0.003 0.018 0.014 0.002 0.006 0.012 0.003 0.008 0.014 0.003 0.001 0.064 0.005 0.006 0.005 0.002 0.002
0.824 1 0.929 0.467 0.178 0.124 0.269 0.222 0.012 0.237 0.128 0.021 0.046 0.511 0.472 0.004 0.184 0.061 0.024 0.496 0.003 0.119 0.059 0.507 0.254 0.226 0.019 0.031 0.125 0.036 0.031 0.201 0.17 0.068 0.005 0.027 0.007 0.011 0.039 0.009 0.054 0.013 0.012 0.053 0.02 0.015 0.024 0.027 0 0.037 0.005 0.032 0.001 0.001 0.008 0.008 0.012 0.092 0.009 0.004 0.021 0.011 0.002 0.009 0.016 0.021 0.014 0.011 0.001 0.001 0.064 0.006 0.008 0.008 0.001 0.001
0.87 0.929 1 0.506 0.17 0.119 0.258 0.255 0.013 0.226 0.122 0.022 0.044 0.563 0.52 0.005 0.24 0.059 0.025 0.557 0.002 0.125 0.066 0.57 0.312 0.261 0.02 0.032 0.118 0.034 0.03 0.245 0.196 0.083 0.004 0.025 0.012 0.024 0.037 0.007 0.067 0.014 0.014 0.067 0.017 0.016 0.045 0.032 0 0.035 0.005 0.04 0.001 0 0.006 0.007 0.018 0.088 0.01 0.003 0.028 0.012 0.001 0.008 0.01 0.022 0.016 0.012 0.001 0 0.075 0.006 0.012 0.007 0.001 0.001
0.494 0.467 0.506 1 0.083 0.056 0.135 0.711 0.025 0.118 0.065 0.043 0.022 0.311 0.305 0.014 0.127 0.031 0.049 0.293 0.009 0.263 0.252 0.306 0.172 0.518 0.007 0.056 0.049 0.018 0.013 0.125 0.426 0.226 0.035 0.008 0.023 0.001 0.011 0.001 0.285 0.027 0.19 0 0.001 0.021 0.014 0.002 0.138 0.13 0.005 0 0.016 0.022 0.007 0.006 0.001 0.047 0.015 0 0.001 0.023 0.006 0.003 0.025 0.039 0.003 0.023 0.006 0.026 0.03 0.009 0.004 0.002 0.004 0.01
0.149 0.178 0.17 0.083 1 0.698 0.01 0.108 0.002 0.009 0.005 0.004 0.256 0.2 0.183 0.001 0.012 0.003 0.004 0.181 0.018 0.013 0.038 0.175 0.018 0.096 0.003 0.005 0.783 0.2 0.199 0.02 0.076 0.029 0.002 0.214 0.002 0.02 0.323 0.018 0.027 0.002 0.005 0.004 0.009 0.004 0.203 0.04 0.003 0.011 0.055 0.012 0.017 0.017 0.021 0.038 0.002 0.004 0 0.044 0.014 0.002 0.002 0.114 0.003 0.004 0.008 0.002 0 0.001 0.001 0.001 0.002 0.051 0.002 0
0.104 0.124 0.119 0.056 0.698 1 0.007 0.079 0.002 0.006 0.003 0.003 0.001 0.145 0.133 0.003 0.008 0.002 0.003 0.125 0.012 0.007 0.024 0.117 0.013 0.064 0.002 0.004 0.529 0.286 0.287 0.014 0.046 0.012 0.002 0.313 0.001 0.014 0.473 0.013 0.012 0.002 0.012 0.024 0.004 0.003 0.305 0.025 0.03 0.004 0.032 0.036 0.011 0.011 0.014 0.022 0 0.003 0.001 0.068 0.039 0.002 0.001 0.171 0.001 0.003 0.026 0.002 0.001 0.003 0 0.001 0 0.039 0 0
0.224 0.269 0.258 0.135 0.01 0.007 1 0.166 0.003 0.877 0.481 0.006 0.003 0.304 0.279 0.004 0.693 0.004 0.007 0.309 0.022 0.043 0.084 0.32 0.398 0.184 0.005 0.008 0.011 0.002 0.003 0.366 0.164 0.1 0.014 0.005 0.003 0.173 0.007 0.162 0.094 0.003 0.001 0.029 0 0.006 0.008 0.107 0.087 0.046 0.002 0.002 0.02 0.02 0 0.003 0 0.006 0.003 0.001 0.006 0.004 0.003 0.005 0.011 0.004 0.006 0.004 0.002 0.006 0.007 0.002 0.002 0.003 0.004 0.005
0.259 0.222 0.255 0.711 0.108 0.079 0.166 1 0.019 0.144 0.084 0.033 0.029 0.425 0.419 0.01 0.161 0.041 0.022 0.399 0.123 0.218 0.438 0.412 0.23 0.68 0.012 0.028 0.073 0.023 0.018 0.176 0.592 0.362 0.04 0.013 0.018 0.009 0.018 0.001 0.449 0.021 0.252 0.012 0.052 0.021 0.023 0.02 0.209 0.173 0.008 0.029 0.117 0.123 0.071 0.009 0.036 0.024 0.009 0.001 0.034 0.019 0.013 0.009 0.02 0.053 0.037 0.02 0.01 0.037 0.015 0.012 0.045 0.005 0.002 0.026
0.015 0.012 0.013 0.025 0.002 0.002 0.003 0.019 1 0.003 0.002 0.001 0.001 0.009 0.01 0.001 0.004 0.001 0.001 0.01 0.006 0 0.003 0.01 0.006 0.017 0.012 0.002 0.002 0 0.001 0.007 0.018 0.005 0.001 0.001 0.001 0.001 0.002 0.004 0.001 0 0.005 0.001 0.007 0.019 0.002 0 0.005 0.023 0 0.01 0.007 0.007 0.008 0.001 0.009 0.001 0.001 0.001 0.01 0.001 0.193 0.001 0.003 0.001 0.01 0.001 0.001 0.001 0.001 0 0.008 0.001 0.001 0.002
0.197 0.237 0.226 0.118 0.009 0.006 0.877 0.144 0.003 1 0.547 0.005 0.002 0.265 0.243 0.003 0.6 0.004 0.006 0.269 0.019 0.038 0.072 0.279 0.333 0.159 0.005 0.007 0.009 0.002 0.002 0.306 0.141 0.084 0.017 0.004 0.003 0.126 0.007 0.113 0.079 0.003 0 0.018 0.001 0.005 0.007 0.085 0.064 0.048 0.002 0.001 0.017 0.017 0.001 0.002 0 0.005 0.002 0.001 0.003 0.003 0.003 0.004 0.01 0.003 0.003 0.003 0.001 0.008 0.006 0.001 0.001 0.003 0.004 0.003
0.106 0.128 0.122 0.065 0.005 0.003 0.481 0.084 0.002 0.547 1 0.003 0.001 0.154 0.141 0.002 0.413 0.002 0.003 0.154 0.013 0.021 0.044 0.159 0.148 0.092 0.003 0.004 0.005 0.001 0.001 0.136 0.085 0.044 0.041 0.002 0.001 0.039 0.004 0.028 0.048 0.001 0.004 0.001 0.001 0.003 0.004 0.032 0.03 0.03 0.001 0 0.012 0.012 0.001 0.001 0 0.003 0.003 0.001 0.002 0.002 0.001 0.002 0.004 0.003 0.002 0.002 0.003 0.025 0.003 0.001 0.001 0.002 0.002 0.004
0.025 0.021 0.022 0.043 0.004 0.003 0.006 0.033 0.001 0.005 0.003 1 0.001 0.015 0.002 0.001 0.007 0.001 0.002 0.013 0.196 0.016 0.057 0.017 0.01 0.029 0.002 0.003 0.004 0.001 0.001 0.011 0.009 0.015 0.002 0.026 0.001 0.011 0.013 0.01 0.02 0.001 0.01 0.059 0.066 0.002 0.011 0.042 0.024 0.015 0.001 0.107 0.101 0.084 0.079 0.001 0.07 0.001 0.185 0.056 0.107 0.002 0.001 0.027 0.001 0.002 0.109 0.002 0.042 0.002 0 0.001 0.068 0.001 0.002 0.12
0.038 0.046 0.044 0.022 0.256 0.001 0.003 0.029 0.001 0.002 0.001 0.001 1 0.053 0.049 0.001 0.003 0.001 0.001 0.055 0.005 0.007 0.015 0.057 0.005 0.033 0.001 0.001 0.244 0 0 0.005 0.031 0.023 0.027 0.001 0.001 0.005 0.001 0.005 0.02 0.001 0.097 0.016 0.005 0.001 0.001 0.013 0.03 0.012 0.023 0.008 0.005 0.005 0.006 0.016 0.007 0.001 0.001 0 0.008 0 0.001 0.001 0.002 0.001 0.008 0 0.001 0.002 0.001 0 0.007 0.011 0.009 0.001
0.481 0.511 0.563 0.311 0.2 0.145 0.304 0.425 0.009 0.265 0.154 0.015 0.053 1 0.878 0.003 0.321 0.077 0.017 0.838 0.077 0.101 0.23 0.853 0.498 0.46 0.015 0.023 0.154 0.042 0.057 0.388 0.382 0.236 0.005 0.037 0.01 0.054 0.053 0.024 0.214 0.011 0.002 0.009 0.023 0.019 0.064 0.001 0.013 0.048 0.012 0.002 0.076 0.079 0.035 0.016 0.011 0.018 0.01 0.007 0.003 0.007 0.005 0.029 0.008 0.009 0.008 0.008 0.009 0.001 0.007 0.005 0.015 0.016 0.001 0.017
0.464 0.472 0.52 0.305 0.183 0.133 0.279 0.419 0.01 0.243 0.141 0.002 0.049 0.878 1 0.004 0.293 0.07 0.019 0.765 0.06 0.11 0.217 0.781 0.465 0.439 0.015 0.025 0.14 0.038 0.052 0.36 0.408 0.256 0.004 0.075 0.011 0.049 0.085 0.022 0.231 0.012 0.001 0.012 0.025 0.018 0.096 0.001 0.014 0.056 0.011 0 0.078 0.081 0.038 0.014 0.013 0.013 0.012 0.006 0.002 0.008 0.005 0.064 0.01 0.018 0.004 0.009 0.01 0.004 0.005 0 0.017 0.014 0 0.019
0.006 0.004 0.005 0.014 0.001 0.003 0.004 0.01 0.001 0.003 0.002 0.001 0.001 0.003 0.004 1 0.004 0.001 0 0.01 0.004 0.074 0.039 0.01 0.006 0.002 0.001 0 0.002 0 0.001 0.005 0.019 0.025 0.001 0.001 0.001 0.007 0.002 0.006 0.029 0 0.006 0.015 0.004 0.001 0.002 0.014 0.015 0.045 0 0.008 0.004 0.004 0.006 0.001 0.001 0.001 0.004 0.001 0.002 0 0.001 0.001 0.001 0.002 0.001 0 0.005 0.001 0.002 0 0.001 0.001 0 0.002
0.207 0.184 0.24 0.127 0.012 0.008 0.693 0.161 0.004 0.6 0.413 0.007 0.003 0.321 0.293 0.004 1 0.005 0.008 0.379 0.032 0.05 0.106 0.393 0.478 0.227 0.006 0.01 0.013 0.002 0.003 0.441 0.18 0.111 0.01 0.005 0.001 0.202 0.009 0.109 0.102 0.004 0.001 0.04 0 0.007 0.001 0.103 0.069 0.039 0.002 0 0.019 0.019 0 0.003 0.002 0.007 0.007 0.001 0 0.005 0.004 0.005 0 0.005 0.001 0.005 0.007 0.014 0.002 0.002 0 0.004 0.005 0.01
0.051 0.061 0.059 0.031 0.003 0.002 0.004 0.041 0.001 0.004 0.002 0.001 0.001 0.077 0.07 0.001 0.005 1 0.002 0.08 0.007 0.011 0.024 0.083 0.122 0.041 0.001 0.002 0.003 0.001 0.001 0.113 0.039 0.033 0.001 0.001 0.001 0.005 0.002 0.005 0.028 0.001 0.007 0.022 0.009 0.002 0.002 0.017 0.012 0 0 0.013 0.008 0.008 0.01 0 0.011 0.002 0.002 0.001 0.013 0.001 0.001 0.001 0.004 0.002 0.013 0.001 0.002 0.002 0.002 0 0.011 0.001 0.001 0.002
0.029 0.024 0.025 0.049 0.004 0.003 0.007 0.022 0.001 0.006 0.003 0.002 0.001 0.017 0.019 0 0.008 0.002 1 0.02 0.234 0.016 0.072 0.019 0.012 0.033 0.002 0.715 0.004 0.001 0.001 0.013 0.027 0.036 0 0.002 0.001 0.013 0.003 0.012 0.042 0.002 0.004 0.047 0.157 0.003 0.003 0.042 0.016 0.025 0 0.102 0.154 0.15 0.129 0 0.116 0.003 0.001 0.001 0.079 0.002 0.001 0.001 0.293 0.003 0.104 0.002 0.001 0.001 0.003 0 0.124 0 0.002 0
0.482 0.496 0.557 0.293 0.181 0.125 0.309 0.399 0.01 0.269 0.154 0.013 0.055 0.838 0.765 0.01 0.379 0.08 0.02 1 0.07 0.118 0.242 0.965 0.586 0.513 0.016 0.02 0.154 0.043 0.039 0.466 0.399 0.233 0.005 0.035 0.001 0.053 0.052 0.023 0.21 0.009 0.003 0.015 0.012 0.018 0.063 0.004 0.01 0.063 0.013 0 0.055 0.06 0.021 0.017 0.006 0.018 0.018 0.011 0.002 0.01 0.006 0.027 0.001 0.017 0.005 0.01 0.017 0.001 0.008 0.005 0.01 0.017 0 0.025
0 0.003 0.002 0.009 0.018 0.012 0.022 0.123 0.006 0.019 0.013 0.196 0.005 0.077 0.06 0.004 0.032 0.007 0.234 0.07 1 0.071 0.293 0.079 0.049 0.126 0.009 0.302 0.019 0.004 0.005 0.053 0.1 0.139 0.003 0.002 0.005 0.053 0 0.048 0.165 0.006 0.036 0.236 0.576 0.005 0 0.2 0.09 0.03 0.003 0.492 0.664 0.593 0.523 0.005 0.443 0.181 0.041 0.006 0.424 0.007 0.005 0.003 0.165 0.011 0.454 0.008 0.043 0.008 0.136 0.001 0.445 0.006 0.005 0.096
0.126 0.119 0.125 0.263 0.013 0.007 0.043 0.218 0 0.038 0.021 0.016 0.007 0.101 0.11 0.074 0.05 0.011 0.016 0.118 0.071 1 0.372 0.125 0.078 0.181 0.014 0.021 0.028 0.006 0.008 0.036 0.164 0.02 0.013 0.012 0.029 0.051 0.02 0.062 0.032 0.069 0.061 0.013 0.067 0.069 0.022 0.01 0.004 0.106 0 0.071 0.033 0.018 0.028 0 0.034 0.015 0.002 0.007 0.043 0.035 0 0.013 0.014 0.011 0.043 0.036 0.002 0.005 0.011 0.004 0.028 0.002 0.012 0.001
0.078 0.059 0.066 0.252 0.038 0.024 0.084 0.438 0.003 0.072 0.044 0.057 0.015 0.23 0.217 0.039 0.106 0.024 0.072 0.242 0.293 0.372 1 0.265 0.164 0.397 0.03 0.092 0.06 0.012 0.016 0.11 0.338 0.151 0.019 0.004 0.01 0.001 0.015 0.004 0.2 0.03 0.131 0.101 0.158 0.034 0.017 0.088 0.078 0.016 0.002 0.119 0.259 0.266 0.202 0.002 0.151 0.051 0.039 0 0.128 0.009 0.002 0.003 0.061 0.029 0.134 0.01 0.044 0.019 0.039 0.005 0.165 0 0 0.073
0.489 0.507 0.57 0.306 0.175 0.117 0.32 0.412 0.01 0.279 0.159 0.017 0.057 0.853 0.781 0.01 0.393 0.083 0.019 0.965 0.079 0.125 0.265 1 0.608 0.54 0.015 0.024 0.161 0.045 0.04 0.485 0.413 0.252 0.006 0.037 0.001 0.058 0.055 0.026 0.229 0.01 0.003 0.014 0.015 0.018 0.066 0.003 0.012 0.064 0.013 0 0.065 0.065 0.027 0.018 0.009 0.018 0.018 0.006 0.003 0.011 0.006 0.029 0.003 0.016 0.007 0.011 0.017 0.002 0.008 0.004 0.013 0.018 0 0.025
0.266 0.254 0.312 0.172 0.018 0.013 0.398 0.23 0.006 0.333 0.148 0.01 0.005 0.498 0.465 0.006 0.478 0.122 0.012 0.586 0.049 0.078 0.164 0.608 1 0.333 0.009 0.015 0.02 0.004 0.005 0.823 0.256 0.163 0.008 0.008 0 0.144 0.013 0.08 0.146 0.007 0.035 0.012 0.005 0.011 0 0.047 0.011 0.034 0.001 0.007 0.037 0.037 0.006 0.001 0.002 0.011 0.011 0.003 0.011 0.007 0.003 0.001 0.001 0.009 0.015 0.007 0.011 0.004 0.006 0.003 0.005 0 0.001 0.016
0.231 0.226 0.261 0.518 0.096 0.064 0.184 0.68 0.017 0.159 0.092 0.029 0.033 0.46 0.439 0.002 0.227 0.041 0.033 0.513 0.126 0.181 0.397 0.54 0.333 1 0.026 0.042 0.086 0.026 0.021 0.284 0.746 0.477 0.034 0.016 0.004 0.012 0.024 0.002 0.425 0.017 0.154 0.009 0.056 0.022 0.029 0.012 0.153 0.132 0.005 0.028 0.125 0.125 0.073 0.002 0.047 0.031 0.023 0.001 0.035 0.014 0.011 0.012 0.019 0.001 0.046 0.015 0.021 0.034 0.019 0.014 0.058 0.001 0.003 0.043
0 0.019 0.02 0.007 0.003 0.002 0.005 0.012 0.012 0.005 0.003 0.002 0.001 0.015 0.015 0.001 0.006 0.001 0.002 0.016 0.009 0.014 0.03 0.015 0.009 0.026 1 0.003 0.004 0.001 0.001 0.01 0.028 0.037 0.001 0.002 0.001 0.01 0.002 0.009 0.009 0.001 0.074 0.022 0.009 0.001 0.003 0.016 0.019 0.002 0.001 0.013 0.008 0.008 0.01 0.001 0.011 0.001 0.002 0.001 0.013 0.001 0.034 0.002 0.003 0.236 0.013 0.001 0.002 0 0.002 0.001 0.01 0.001 0.001 0.003
0.037 0.031 0.032 0.056 0.005 0.004 0.008 0.028 0.002 0.007 0.004 0.003 0.001 0.023 0.025 0 0.01 0.002 0.715 0.02 0.302 0.021 0.092 0.024 0.015 0.042 0.003 1 0.006 0.001 0.001 0.016 0.041 0.053 0.002 0.002 0.002 0.016 0.004 0.015 0.062 0.002 0.009 0.071 0.227 0.003 0.003 0.064 0.027 0.032 0.001 0.148 0.226 0.207 0.188 0.001 0.169 0.003 0 0.001 0.101 0.002 0.002 0.002 0.437 0.004 0.151 0.002 0 0.003 0.004 0 0.181 0.002 0.002 0
0.101 0.125 0.118 0.049 0.783 0.529 0.011 0.073 0.002 0.009 0.005 0.004 0.244 0.154 0.14 0.002 0.013 0.003 0.004 0.154 0.019 0.028 0.06 0.161 0.02 0.086 0.004 0.006 1 0.19 0.189 0.021 0.101 0.051 0.002 0.218 0.002 0.021 0.456 0.016 0.042 0.001 0.004 0.011 0.009 0.004 0.303 0.033 0.004 0.022 0.052 0.026 0.017 0.017 0.021 0.036 0.006 0.004 0.004 0.042 0.019 0.001 0.002 0.137 0.003 0.005 0.012 0.001 0.004 0.001 0.001 0.001 0.006 0.047 0.002 0.006
0.03 0.036 0.034 0.018 0.2 0.286 0.002 0.023 0 0.002 0.001 0.001 0 0.042 0.038 0 0.002 0.001 0.001 0.043 0.004 0.006 0.012 0.045 0.004 0.026 0.001 0.001 0.19 1 0.733 0.004 0.006 0.003 0.001 0.005 0 0.004 0.127 0.004 0.002 0 0.004 0.004 0.004 0.001 0.083 0.01 0.008 0 0.001 0.008 0.004 0.004 0.005 0.001 0.004 0.001 0.001 0.001 0.004 0.001 0 0.088 0.002 0.001 0 0.001 0.001 0.001 0 0 0.003 0.024 0.003 0.001
0.025 0.031 0.03 0.013 0.199 0.287 0.003 0.018 0.001 0.002 0.001 0.001 0 0.057 0.052 0.001 0.003 0.001 0.001 0.039 0.005 0.008 0.016 0.04 0.005 0.021 0.001 0.001 0.189 0.733 1 0.005 0.005 0.008 0.001 0.025 0.001 0.001 0.144 0 0.006 0.001 0.005 0.01 0.006 0.001 0.102 0.013 0.004 0.002 0.001 0.009 0.006 0.006 0.007 0 0.001 0.001 0.001 0.023 0.005 0.001 0.001 0.061 0 0.001 0 0.001 0.001 0.001 0 0 0.001 0.016 0.001 0.002
0.204 0.201 0.245 0.125 0.02 0.014 0.366 0.176 0.007 0.306 0.136 0.011 0.005 0.388 0.36 0.005 0.441 0.113 0.013 0.466 0.053 0.036 0.11 0.485 0.823 0.284 0.01 0.016 0.021 0.004 0.005 1 0.307 0.217 0.009 0.009 0 0.229 0.014 0.151 0.195 0.007 0.039 0.03 0.007 0.008 0 0.078 0.032 0.045 0.004 0.01 0.041 0.041 0.008 0.005 0.004 0.012 0.012 0.003 0.015 0.008 0.006 0.001 0.001 0.01 0.019 0.009 0.011 0.004 0.007 0.003 0.007 0.006 0.004 0.017
0.17 0.17 0.196 0.426 0.076 0.046 0.164 0.592 0.018 0.141 0.085 0.009 0.031 0.382 0.408 0.019 0.18 0.039 0.027 0.399 0.1 0.164 0.338 0.413 0.256 0.746 0.028 0.041 0.101 0.006 0.005 0.307 1 0.653 0.038 0.055 0.017 0.029 0.088 0.014 0.575 0.02 0.151 0 0.073 0.032 0.094 0.002 0.186 0.19 0.004 0.016 0.149 0.15 0.092 0.001 0.059 0.033 0.02 0.001 0.019 0.017 0.016 0.053 0.03 0.001 0.027 0.017 0.022 0.036 0.02 0.018 0.072 0.001 0.008 0.04
0.073 0.068 0.083 0.226 0.029 0.012 0.1 0.362 0.005 0.084 0.044 0.015 0.023 0.236 0.256 0.025 0.111 0.033 0.036 0.233 0.139 0.02 0.151 0.252 0.163 0.477 0.037 0.053 0.051 0.003 0.008 0.217 0.653 1 0.027 0.023 0.022 0.273 0.046 0.233 0.81 0.027 0.087 0.02 0.143 0.031 0.07 0 0.352 0.149 0.001 0.053 0.199 0.166 0.129 0.003 0.098 0.043 0.013 0 0.047 0.017 0.022 0.035 0.043 0 0.058 0.017 0.01 0.024 0.033 0.014 0.112 0.011 0.004 0.034
0.003 0.005 0.004 0.035 0.002 0.002 0.014 0.04 0.001 0.017 0.041 0.002 0.027 0.005 0.004 0.001 0.01 0.001 0 0.005 0.003 0.013 0.019 0.006 0.008 0.034 0.001 0.002 0.002 0.001 0.001 0.009 0.038 0.027 1 0.001 0.001 0.009 0.002 0.008 0.031 0.001 0.158 0.025 0.006 0.002 0.002 0.019 0.064 0.017 0.001 0.011 0.006 0.006 0.008 0.001 0.009 0 0.002 0.001 0.011 0.001 0.001 0.001 0.002 0.002 0.011 0.001 0.002 0.525 0.002 0 0.009 0.001 0.001 0.003
0.02 0.027 0.025 0.008 0.214 0.313 0.005 0.013 0.001 0.004 0.002 0.026 0.001 0.037 0.075 0.001 0.005 0.001 0.002 0.035 0.002 0.012 0.004 0.037 0.008 0.016 0.002 0.002 0.218 0.005 0.025 0.009 0.055 0.023 0.001 1 0.001 0.009 0.608 0.008 0.036 0.001 0.008 0.047 0.002 0.002 0.392 0.002 0.019 0.02 0.053 0.056 0.009 0.009 0.011 0.038 0.001 0.002 0.002 0.066 0.053 0.001 0.001 0.28 0 0.002 0.052 0.001 0.002 0.002 0.002 0 0 0.027 0.001 0.003
0.006 0.007 0.012 0.023 0.002 0.001 0.003 0.018 0.001 0.003 0.001 0.001 0.001 0.01 0.011 0.001 0.001 0.001 0.001 0.001 0.005 0.029 0.01 0.001 0 0.004 0.001 0.002 0.002 0 0.001 0 0.017 0.022 0.001 0.001 1 0.006 0.001 0.005 0.025 0.001 0.005 0.004 0 0.001 0.002 0.004 0.01 0.006 0 0.001 0 0 0 0.001 0 0.001 0.001 0 0.001 0.001 0.001 0.001 0.002 0.001 0.001 0.001 0.001 0.009 0.001 0 0 0.001 0.001 0.002
0.02 0.011 0.024 0.001 0.02 0.014 0.173 0.009 0.001 0.126 0.039 0.011 0.005 0.054 0.049 0.007 0.202 0.005 0.013 0.053 0.053 0.051 0.001 0.058 0.144 0.012 0.01 0.016 0.021 0.004 0.001 0.229 0.029 0.273 0.009 0.009 0.006 1 0.014 0.845 0.224 0.007 0.051 0.252 0.052 0.139 0 0.147 0.261 0.012 0.004 0.054 0.05 0.031 0.039 0.005 0.027 0.012 0 0.003 0.036 0.004 0.006 0.009 0.009 0.008 0.042 0.003 0 0.004 0.007 0.003 0.023 0.007 0 0.003
0.03 0.039 0.037 0.011 0.323 0.473 0.007 0.018 0.002 0.007 0.004 0.013 0.001 0.053 0.085 0.002 0.009 0.002 0.003 0.052 0 0.02 0.015 0.055 0.013 0.024 0.002 0.004 0.456 0.127 0.144 0.014 0.088 0.046 0.002 0.608 0.001 0.014 1 0.01 0.057 0.002 0.013 0.075 0.005 0.003 0.684 0.009 0.031 0.033 0.031 0.105 0.013 0.014 0.016 0.021 0.002 0.003 0.003 0.057 0.091 0.002 0.001 0.424 0.001 0.003 0.072 0.002 0.003 0.003 0.002 0.001 0.003 0.014 0.002 0.004
0.005 0.009 0.007 0.001 0.018 0.013 0.162 0.001 0.004 0.113 0.028 0.01 0.005 0.024 0.022 0.006 0.109 0.005 0.012 0.023 0.048 0.062 0.004 0.026 0.08 0.002 0.009 0.015 0.016 0.004 0 0.151 0.014 0.233 0.008 0.008 0.005 0.845 0.01 1 0.216 0.007 0.048 0.23 0.052 0.156 0.011 0.133 0.288 0.011 0.004 0.078 0.051 0.031 0.042 0.005 0.048 0.011 0 0.004 0.055 0.003 0.005 0.005 0.022 0.009 0.054 0.003 0 0.011 0.012 0.003 0.044 0.006 0 0.002
0.074 0.054 0.067 0.285 0.027 0.012 0.094 0.449 0.001 0.079 0.048 0.02 0.02 0.214 0.231 0.029 0.102 0.028 0.042 0.21 0.165 0.032 0.2 0.229 0.146 0.425 0.009 0.062 0.042 0.002 0.006 0.195 0.575 0.81 0.031 0.036 0.025 0.224 0.057 0.216 1 0.031 0.188 0.01 0.144 0.026 0.063 0.001 0.447 0.2 0.001 0.068 0.242 0.205 0.149 0 0.116 0.046 0.016 0 0.06 0.02 0.018 0.031 0.057 0.039 0.073 0.021 0.014 0.027 0.04 0.012 0.13 0.003 0.006 0.041
0.016 0.013 0.014 0.027 0.002 0.002 0.003 0.021 0 0.003 0.001 0.001 0.001 0.011 0.012 0 0.004 0.001 0.002 0.009 0.006 0.069 0.03 0.01 0.007 0.017 0.001 0.002 0.001 0 0.001 0.007 0.02 0.027 0.001 0.001 0.001 0.007 0.002 0.007 0.031 1 0.004 0.018 0.006 0.001 0.002 0.009 0.013 0.012 0 0.006 0.003 0.003 0.002 0.001 0.008 0.001 0.001 0.001 0.006 0.294 0.001 0.001 0.002 0 0.01 0.289 0.001 0.002 0.002 0 0.004 0.001 0.006 0.002
0.003 0.012 0.014 0.19 0.005 0.012 0.001 0.252 0.005 0 0.004 0.01 0.097 0.002 0.001 0.006 0.001 0.007 0.004 0.003 0.036 0.061 0.131 0.003 0.035 0.154 0.074 0.009 0.004 0.004 0.005 0.039 0.151 0.087 0.158 0.008 0.005 0.051 0.013 0.048 0.188 0.004 1 0.169 0.038 0.01 0.014 0.099 0.347 0.099 0.001 0.064 0.051 0.051 0.049 0 0.055 0.009 0.011 0.004 0.066 0.004 0.005 0.008 0.023 0.195 0.064 0.004 0.01 0.15 0.011 0.056 0.051 0.001 0.001 0.015
0.053 0.053 0.067 0 0.004 0.024 0.029 0.012 0.001 0.018 0.001 0.059 0.016 0.009 0.012 0.015 0.04 0.022 0.047 0.015 0.236 0.013 0.101 0.014 0.012 0.009 0.022 0.071 0.011 0.004 0.01 0.03 0 0.02 0.025 0.047 0.004 0.252 0.075 0.23 0.01 0.018 0.169 1 0.217 0.05 0.082 0.414 0.005 0.062 0 0.303 0.243 0.204 0.154 0.002 0.17 0.056 0.01 0.025 0.238 0.017 0.014 0.029 0.079 0.034 0.232 0.017 0.01 0.027 0.055 0.009 0.178 0.006 0.011 0.021
0.011 0.02 0.017 0.001 0.009 0.004 0 0.052 0.007 0.001 0.001 0.066 0.005 0.023 0.025 0.004 0 0.009 0.157 0.012 0.576 0.067 0.158 0.015 0.005 0.056 0.009 0.227 0.009 0.004 0.006 0.007 0.073 0.143 0.006 0.002 0 0.052 0.005 0.052 0.144 0.006 0.038 0.217 1 0.012 0.016 0.272 0.133 0.034 0 0.598 0.736 0.671 0.784 0 0.669 0.167 0.058 0.01 0.483 0.009 0.006 0.007 0.223 0.013 0.525 0.009 0.04 0.013 0.132 0.003 0.635 0 0.009 0.085
0.004 0.015 0.016 0.021 0.004 0.003 0.006 0.021 0.019 0.005 0.003 0.002 0.001 0.019 0.018 0.001 0.007 0.002 0.003 0.018 0.005 0.069 0.034 0.018 0.011 0.022 0.001 0.003 0.004 0.001 0.001 0.008 0.032 0.031 0.002 0.002 0.001 0.139 0.003 0.156 0.026 0.001 0.01 0.05 0.012 1 0.003 0.002 0.034 0.044 0.001 0.019 0.012 0.012 0.015 0.001 0.016 0.002 0.002 0.001 0.019 0 0.001 0.002 0.006 0.003 0.018 0 0.002 0.002 0.003 0.001 0.015 0.001 0.006 0.003
0.037 0.024 0.045 0.014 0.203 0.305 0.008 0.023 0.002 0.007 0.004 0.011 0.001 0.064 0.096 0.002 0.001 0.002 0.003 0.063 0 0.022 0.017 0.066 0 0.029 0.003 0.003 0.303 0.083 0.102 0 0.094 0.07 0.002 0.392 0.002 0 0.684 0.011 0.063 0.002 0.014 0.082 0.016 0.003 1 0 0.033 0.036 0.001 0.164 0.016 0.016 0.016 0.001 0.002 0.003 0.003 0.059 0.146 0.002 0.002 0.4 0.002 0.003 0.099 0.002 0.003 0.003 0 0.001 0.001 0.002 0.002 0.004
0.023 0.027 0.032 0.002 0.04 0.025 0.107 0.02 0 0.085 0.032 0.042 0.013 0.001 0.001 0.014 0.103 0.017 0.042 0.004 0.2 0.01 0.088 0.003 0.047 0.012 0.016 0.064 0.033 0.01 0.013 0.078 0.002 0 0.019 0.002 0.004 0.147 0.009 0.133 0.001 0.009 0.099 0.414 0.272 0.002 0 1 0.003 0.057 0.01 0.242 0.249 0.23 0.272 0.013 0.254 0.058 0.011 0.004 0.213 0.016 0 0.001 0.096 0.032 0.193 0.017 0.01 0.031 0.032 0.003 0.242 0.017 0.014 0.037
0.002 0 0 0.138 0.003 0.03 0.087 0.209 0.005 0.064 0.03 0.024 0.03 0.013 0.014 0.015 0.069 0.012 0.016 0.01 0.09 0.004 0.078 0.012 0.011 0.153 0.019 0.027 0.004 0.008 0.004 0.032 0.186 0.352 0.064 0.019 0.01 0.261 0.031 0.288 0.447 0.013 0.347 0.005 0.133 0.034 0.033 0.003 1 0.109 0 0.201 0.129 0.129 0.159 0.002 0.176 0.025 0.026 0.01 0.204 0.01 0.013 0.019 0.061 0.101 0.2 0.011 0.024 0.074 0.027 0.023 0.165 0.007 0.001 0.036
0.038 0.037 0.035 0.13 0.011 0.004 0.046 0.173 0.023 0.048 0.03 0.015 0.012 0.048 0.056 0.045 0.039 0 0.025 0.063 0.03 0.106 0.016 0.064 0.034 0.132 0.002 0.032 0.022 0 0.002 0.045 0.19 0.149 0.017 0.02 0.006 0.012 0.033 0.011 0.2 0.012 0.099 0.062 0.034 0.044 0.036 0.057 0.109 1 0.009 0.084 0.03 0.032 0.048 0.006 0.045 0.002 0.002 0.011 0.066 0.022 0.035 0.02 0.029 0.026 0.071 0.022 0.005 0.015 0 0.007 0.041 0 0.012 0.009
0.003 0.005 0.005 0.005 0.055 0.032 0.002 0.008 0 0.002 0.001 0.001 0.023 0.012 0.011 0 0.002 0 0 0.013 0.003 0 0.002 0.013 0.001 0.005 0.001 0.001 0.052 0.001 0.001 0.004 0.004 0.001 0.001 0.053 0 0.004 0.031 0.004 0.001 0 0.001 0 0 0.001 0.001 0.01 0 0.009 1 0.006 0.004 0.004 0.005 0.764 0.005 0.001 0.001 0 0.006 0.001 0 0.001 0.002 0.001 0.006 0.001 0.001 0 0.001 0 0.005 0.481 0.013 0.001
0.027 0.032 0.04 0 0.012 0.036 0.002 0.029 0.01 0.001 0 0.107 0.008 0.002 0 0.008 0 0.013 0.102 0 0.492 0.071 0.119 0 0.007 0.028 0.013 0.148 0.026 0.008 0.009 0.01 0.016 0.053 0.011 0.056 0.001 0.054 0.105 0.078 0.068 0.006 0.064 0.303 0.598 0.019 0.164 0.242 0.201 0.084 0.006 1 0.636 0.566 0.654 0.008 0.68 0.125 0.031 0.051 0.807 0.013 0.01 0.065 0.254 0.019 0.779 0.014 0.034 0.02 0.133 0.005 0.651 0.011 0.013 0.08
0 0.001 0.001 0.016 0.017 0.011 0.02 0.117 0.007 0.017 0.012 0.101 0.005 0.076 0.078 0.004 0.019 0.008 0.154 0.055 0.664 0.033 0.259 0.065 0.037 0.125 0.008 0.226 0.017 0.004 0.006 0.041 0.149 0.199 0.006 0.009 0 0.05 0.013 0.051 0.242 0.003 0.051 0.243 0.736 0.012 0.016 0.249 0.129 0.03 0.004 0.636 1 0.891 0.793 0.005 0.67 0.196 0.059 0.013 0.539 0.009 0.006 0.006 0.305 0.013 0.57 0.009 0.063 0.013 0.174 0.003 0.687 0.007 0.008 0.139
0 0.001 0 0.022 0.017 0.011 0.02 0.123 0.007 0.017 0.012 0.084 0.005 0.079 0.081 0.004 0.019 0.008 0.15 0.06 0.593 0.018 0.266 0.065 0.037 0.125 0.008 0.207 0.017 0.004 0.006 0.041 0.15 0.166 0.006 0.009 0 0.031 0.014 0.031 0.205 0.003 0.051 0.204 0.671 0.012 0.016 0.23 0.129 0.032 0.004 0.566 0.891 1 0.804 0.005 0.68 0.182 0.112 0.003 0.573 0.009 0.006 0.006 0.266 0.013 0.59 0.009 0.12 0.013 0.178 0.003 0.698 0.007 0.008 0.204
0.003 0.008 0.006 0.007 0.021 0.014 0 0.071 0.008 0.001 0.001 0.079 0.006 0.035 0.038 0.006 0 0.01 0.129 0.021 0.523 0.028 0.202 0.027 0.006 0.073 0.01 0.188 0.021 0.005 0.007 0.008 0.092 0.129 0.008 0.011 0 0.039 0.016 0.042 0.149 0.002 0.049 0.154 0.784 0.015 0.016 0.272 0.159 0.048 0.005 0.654 0.793 0.804 1 0.006 0.824 0.154 0.107 0.01 0.625 0.007 0.007 0.008 0.255 0.016 0.659 0.007 0.115 0.016 0.143 0.004 0.77 0.009 0.01 0.163
0.006 0.008 0.007 0.006 0.038 0.022 0.003 0.009 0.001 0.002 0.001 0.001 0.016 0.016 0.014 0.001 0.003 0 0 0.017 0.005 0 0.002 0.018 0.001 0.002 0.001 0.001 0.036 0.001 0 0.005 0.001 0.003 0.001 0.038 0.001 0.005 0.021 0.005 0 0.001 0 0.002 0 0.001 0.001 0.013 0.002 0.006 0.764 0.008 0.005 0.005 0.006 1 0.007 0.001 0.001 0 0.008 0.001 0.001 0.001 0.002 0.001 0.008 0.001 0.001 0 0.001 0 0.007 0.634 0.057 0.001
0.011 0.012 0.018 0.001 0.002 0 0 0.036 0.009 0 0 0.07 0.007 0.011 0.013 0.001 0.002 0.011 0.116 0.006 0.443 0.034 0.151 0.009 0.002 0.047 0.011 0.169 0.006 0.004 0.001 0.004 0.059 0.098 0.009 0.001 0 0.027 0.002 0.048 0.116 0.008 0.055 0.17 0.669 0.016 0.002 0.254 0.176 0.045 0.005 0.68 0.67 0.68 0.824 0.007 1 0.115 0.135 0.058 0.714 0.012 0.008 0.009 0.28 0.018 0.732 0.012 0.137 0.017 0.126 0.004 0.912 0.009 0.011 0.203
0.081 0.092 0.088 0.047 0.004 0.003 0.006 0.024 0.001 0.005 0.003 0.001 0.001 0.018 0.013 0.001 0.007 0.002 0.003 0.018 0.181 0.015 0.051 0.018 0.011 0.031 0.001 0.003 0.004 0.001 0.001 0.012 0.033 0.043 0 0.002 0.001 0.012 0.003 0.011 0.046 0.001 0.009 0.056 0.167 0.002 0.003 0.058 0.025 0.002 0.001 0.125 0.196 0.182 0.154 0.001 0.115 1 0.002 0.001 0.107 0.002 0.001 0.002 0.006 0.003 0.089 0.002 0.002 0.003 0.288 0.001 0.105 0.001 0.002 0.003
0.012 0.009 0.01 0.015 0 0.001 0.003 0.009 0.001 0.002 0.003 0.185 0.001 0.01 0.012 0.004 0.007 0.002 0.001 0.018 0.041 0.002 0.039 0.018 0.011 0.023 0.002 0 0.004 0.001 0.001 0.012 0.02 0.013 0.002 0.002 0.001 0 0.003 0 0.016 0.001 0.011 0.01 0.058 0.002 0.003 0.011 0.026 0.002 0.001 0.031 0.059 0.112 0.107 0.001 0.135 0.002 1 0.001 0.116 0.002 0.001 0.002 0.006 0.003 0.119 0.002 0.415 0.003 0 0.001 0.112 0.001 0.002 0.477
0.003 0.004 0.003 0 0.044 0.068 0.001 0.001 0.001 0.001 0.001 0.056 0 0.007 0.006 0.001 0.001 0.001 0.001 0.011 0.006 0.007 0 0.006 0.003 0.001 0.001 0.001 0.042 0.001 0.023 0.003 0.001 0 0.001 0.066 0 0.003 0.057 0.004 0 0.001 0.004 0.025 0.01 0.001 0.059 0.004 0.01 0.011 0 0.051 0.013 0.003 0.01 0 0.058 0.001 0.001 1 0.047 0.001 0 0.001 0.007 0.001 0.041 0.001 0.001 0.001 0 0 0.053 0.001 0.001 0.001
0.018 0.021 0.028 0.001 0.014 0.039 0.006 0.034 0.01 0.003 0.002 0.107 0.008 0.003 0.002 0.002 0 0.013 0.079 0.002 0.424 0.043 0.128 0.003 0.011 0.035 0.013 0.101 0.019 0.004 0.005 0.015 0.019 0.047 0.011 0.053 0.001 0.036 0.091 0.055 0.06 0.006 0.066 0.238 0.483 0.019 0.146 0.213 0.204 0.066 0.006 0.807 0.539 0.573 0.625 0.008 0.714 0.107 0.116 0.047 1 0.013 0.01 0.065 0.214 0.021 0.875 0.014 0.119 0.02 0.117 0.005 0.714 0.011 0.013 0.175
0.014 0.011 0.012 0.023 0.002 0.002 0.004 0.019 0.001 0.003 0.002 0.002 0 0.007 0.008 0 0.005 0.001 0.002 0.01 0.007 0.035 0.009 0.011 0.007 0.014 0.001 0.002 0.001 0.001 0.001 0.008 0.017 0.017 0.001 0.001 0.001 0.004 0.002 0.003 0.02 0.294 0.004 0.017 0.009 0 0.002 0.016 0.01 0.022 0.001 0.013 0.009 0.009 0.007 0.001 0.012 0.002 0.002 0.001 0.013 1 0.001 0.001 0.004 0.002 0.013 0.985 0.002 0.002 0.002 0 0.011 0.001 0.15 0.002
0.002 0.002 0.001 0.006 0.002 0.001 0.003 0.013 0.193 0.003 0.001 0.001 0.001 0.005 0.005 0.001 0.004 0.001 0.001 0.006 0.005 0 0.002 0.006 0.003 0.011 0.034 0.002 0.002 0 0.001 0.006 0.016 0.022 0.001 0.001 0.001 0.006 0.001 0.005 0.018 0.001 0.005 0.014 0.006 0.001 0.002 0 0.013 0.035 0 0.01 0.006 0.006 0.007 0.001 0.008 0.001 0.001 0 0.01 0.001 1 0.001 0.003 0.001 0.009 0.001 0.001 0.001 0.001 0 0.008 0.001 0.001 0.002
0.006 0.009 0.008 0.003 0.114 0.171 0.005 0.009 0.001 0.004 0.002 0.027 0.001 0.029 0.064 0.001 0.005 0.001 0.001 0.027 0.003 0.013 0.003 0.029 0.001 0.012 0.002 0.002 0.137 0.088 0.061 0.001 0.053 0.035 0.001 0.28 0.001 0.009 0.424 0.005 0.031 0.001 0.008 0.029 0.007 0.002 0.4 0.001 0.019 0.02 0.001 0.065 0.006 0.006 0.008 0.001 0.009 0.002 0.002 0.001 0.065 0.001 0.001 1 0 0.002 0.045 0.001 0.002 0.002 0 0 0.009 0.001 0.001 0.003
0.012 0.016 0.01 0.025 0.003 0.001 0.011 0.02 0.003 0.01 0.004 0.001 0.002 0.008 0.01 0.001 0 0.004 0.293 0.001 0.165 0.014 0.061 0.003 0.001 0.019 0.003 0.437 0.003 0.002 0 0.001 0.03 0.043 0.002 0 0.002 0.009 0.001 0.022 0.057 0.002 0.023 0.079 0.223 0.006 0.002 0.096 0.061 0.029 0.002 0.254 0.305 0.266 0.255 0.002 0.28 0.006 0.006 0.007 0.214 0.004 0.003 0 1 0.006 0.248 0.004 0.005 0.006 0.001 0.001 0.292 0.003 0.004 0
0.003 0.021 0.022 0.039 0.004 0.003 0.004 0.053 0.001 0.003 0.003 0.002 0.001 0.009 0.018 0.002 0.005 0.002 0.003 0.017 0.011 0.011 0.029 0.016 0.009 0.001 0.236 0.004 0.005 0.001 0.001 0.01 0.001 0 0.002 0.002 0.001 0.008 0.003 0.009 0.039 0 0.195 0.034 0.013 0.003 0.003 0.032 0.101 0.026 0.001 0.019 0.013 0.013 0.016 0.001 0.018 0.003 0.003 0.001 0.021 0.002 0.001 0.002 0.006 1 0.02 0.002 0.002 0.003 0.003 0.001 0.017 0.001 0.001 0.004
0.008 0.014 0.016 0.003 0.008 0.026 0.006 0.037 0.01 0.003 0.002 0.109 0.008 0.008 0.004 0.001 0.001 0.013 0.104 0.005 0.454 0.043 0.134 0.007 0.015 0.046 0.013 0.151 0.012 0 0 0.019 0.027 0.058 0.011 0.052 0.001 0.042 0.072 0.054 0.073 0.01 0.064 0.232 0.525 0.018 0.099 0.193 0.2 0.071 0.006 0.779 0.57 0.59 0.659 0.008 0.732 0.089 0.119 0.041 0.875 0.013 0.009 0.045 0.248 0.02 1 0.013 0.121 0.02 0.138 0.005 0.717 0.011 0.011 0.179
0.014 0.011 0.012 0.023 0.002 0.002 0.004 0.02 0.001 0.003 0.002 0.002 0 0.008 0.009 0 0.005 0.001 0.002 0.01 0.008 0.036 0.01 0.011 0.007 0.015 0.001 0.002 0.001 0.001 0.001 0.009 0.017 0.017 0.001 0.001 0.001 0.003 0.002 0.003 0.021 0.289 0.004 0.017 0.009 0 0.002 0.017 0.011 0.022 0.001 0.014 0.009 0.009 0.007 0.001 0.012 0.002 0.002 0.001 0.014 0.985 0.001 0.001 0.004 0.002 0.013 1 0.002 0.002 0.002 0 0.011 0.001 0.16 0.002
0.003 0.001 0.001 0.006 0 0.001 0.002 0.01 0.001 0.001 0.003 0.042 0.001 0.009 0.01 0.005 0.007 0.002 0.001 0.017 0.043 0.002 0.044 0.017 0.011 0.021 0.002 0 0.004 0.001 0.001 0.011 0.022 0.01 0.002 0.002 0.001 0 0.003 0 0.014 0.001 0.01 0.01 0.04 0.002 0.003 0.01 0.024 0.005 0.001 0.034 0.063 0.12 0.115 0.001 0.137 0.002 0.415 0.001 0.119 0.002 0.001 0.002 0.005 0.002 0.121 0.002 1 0.002 0.002 0.001 0.113 0.001 0.002 0.492
0.001 0.001 0 0.026 0.001 0.003 0.006 0.037 0.001 0.008 0.025 0.002 0.002 0.001 0.004 0.001 0.014 0.002 0.001 0.001 0.008 0.005 0.019 0.002 0.004 0.034 0 0.003 0.001 0.001 0.001 0.004 0.036 0.024 0.525 0.002 0.009 0.004 0.003 0.011 0.027 0.002 0.15 0.027 0.013 0.002 0.003 0.031 0.074 0.015 0 0.02 0.013 0.013 0.016 0 0.017 0.003 0.003 0.001 0.02 0.002 0.001 0.002 0.006 0.003 0.02 0.002 0.002 1 0.003 0.001 0.016 0.001 0.002 0.004
0.064 0.064 0.075 0.03 0.001 0 0.007 0.015 0.001 0.006 0.003 0 0.001 0.007 0.005 0.002 0.002 0.002 0.003 0.008 0.136 0.011 0.039 0.008 0.006 0.019 0.002 0.004 0.001 0 0 0.007 0.02 0.033 0.002 0.002 0.001 0.007 0.002 0.012 0.04 0.002 0.011 0.055 0.132 0.003 0 0.032 0.027 0 0.001 0.133 0.174 0.178 0.143 0.001 0.126 0.288 0 0 0.117 0.002 0.001 0 0.001 0.003 0.138 0.002 0.002 0.003 1 0.001 0.123 0.001 0.002 0.004
0.005 0.006 0.006 0.009 0.001 0.001 0.002 0.012 0 0.001 0.001 0.001 0 0.005 0 0 0.002 0 0 0.005 0.001 0.004 0.005 0.004 0.003 0.014 0.001 0 0.001 0 0 0.003 0.018 0.014 0 0 0 0.003 0.001 0.003 0.012 0 0.056 0.009 0.003 0.001 0.001 0.003 0.023 0.007 0 0.005 0.003 0.003 0.004 0 0.004 0.001 0.001 0 0.005 0 0 0 0.001 0.001 0.005 0 0.001 0.001 0.001 1 0.004 0 0 0.001
0.006 0.008 0.012 0.004 0.002 0 0.002 0.045 0.008 0.001 0.001 0.068 0.007 0.015 0.017 0.001 0 0.011 0.124 0.01 0.445 0.028 0.165 0.013 0.005 0.058 0.01 0.181 0.006 0.003 0.001 0.007 0.072 0.112 0.009 0 0 0.023 0.003 0.044 0.13 0.004 0.051 0.178 0.635 0.015 0.001 0.242 0.165 0.041 0.005 0.651 0.687 0.698 0.77 0.007 0.912 0.105 0.112 0.053 0.714 0.011 0.008 0.009 0.292 0.017 0.717 0.011 0.113 0.016 0.123 0.004 1 0.009 0.011 0.205
0.005 0.008 0.007 0.002 0.051 0.039 0.003 0.005 0.001 0.003 0.002 0.001 0.011 0.016 0.014 0.001 0.004 0.001 0 0.017 0.006 0.002 0 0.018 0 0.001 0.001 0.002 0.047 0.024 0.016 0.006 0.001 0.011 0.001 0.027 0.001 0.007 0.014 0.006 0.003 0.001 0.001 0.006 0 0.001 0.002 0.017 0.007 0 0.481 0.011 0.007 0.007 0.009 0.634 0.009 0.001 0.001 0.001 0.011 0.001 0.001 0.001 0.003 0.001 0.011 0.001 0.001 0.001 0.001 0 0.009 1 0.096 0.002
0.002 0.001 0.001 0.004 0.002 0 0.004 0.002 0.001 0.004 0.002 0.002 0.009 0.001 0 0 0.005 0.001 0.002 0 0.005 0.012 0 0 0.001 0.003 0.001 0.002 0.002 0.003 0.001 0.004 0.008 0.004 0.001 0.001 0.001 0 0.002 0 0.006 0.006 0.001 0.011 0.009 0.006 0.002 0.014 0.001 0.012 0.013 0.013 0.008 0.008 0.01 0.057 0.011 0.002 0.002 0.001 0.013 0.15 0.001 0.001 0.004 0.001 0.011 0.16 0.002 0.002 0.002 0 0.011 0.096 1 0.002
0.002 0.001 0.001 0.01 0 0 0.005 0.026 0.002 0.003 0.004 0.12 0.001 0.017 0.019 0.002 0.01 0.002 0 0.025 0.096 0.001 0.073 0.025 0.016 0.043 0.003 0 0.006 0.001 0.002 0.017 0.04 0.034 0.003 0.003 0.002 0.003 0.004 0.002 0.041 0.002 0.015 0.021 0.085 0.003 0.004 0.037 0.036 0.009 0.001 0.08 0.139 0.204 0.163 0.001 0.203 0.003 0.477 0.001 0.175 0.002 0.002 0.003 0 0.004 0.179 0.002 0.492 0.004 0.004 0.001 0.205 0.002 0.002 1
