1 0.841 0.849 0.435 0.18 0.136 0.277 0.3 0.01 0.247 0.158 0.027 0.037 0.541 0.514 0.001 0.288 0.036 0.044 0.561 0.031 0.103 0.16 0.595 0.334 0.31 0.009 0.048 0.154 0.067 0.065 0.303 0.227 0.108 0.001 0.032 0 0.056 0.056 0.034 0.102 0.017 0.021 0.047 0.003 0.007 0.054 0.015 0.002 0.033 0.002 0.003 0.021 0.02 0.005 0.003 0.001 0.033 0.011 0.01 0.001 0.004 0.002 0.008 0.01 0.012 0.001 0.005 0.005 0.001 0.034 0.005 0.001 0.004 0.006 0.01
0.841 1 0.902 0.406 0.216 0.156 0.317 0.27 0.008 0.277 0.18 0.024 0.051 0.594 0.566 0 0.284 0.043 0.038 0.583 0.023 0.103 0.146 0.628 0.328 0.298 0.025 0.042 0.187 0.076 0.075 0.311 0.224 0.104 0.001 0.038 0 0.05 0.066 0.046 0.085 0.015 0.041 0.058 0.001 0.01 0.036 0.016 0 0.025 0.003 0.003 0.016 0.015 0.002 0.004 0 0.038 0.009 0.013 0 0.002 0.005 0.011 0.012 0.031 0.001 0.003 0.004 0.003 0.026 0.009 0.001 0.005 0.005 0.008
0.849 0.902 1 0.441 0.212 0.153 0.31 0.3 0.009 0.272 0.176 0.024 0.05 0.628 0.598 0.001 0.324 0.042 0.039 0.636 0.024 0.093 0.139 0.684 0.38 0.35 0.025 0.043 0.183 0.075 0.074 0.346 0.26 0.128 0.001 0.037 0.011 0.064 0.065 0.043 0.107 0.016 0.034 0.069 0.001 0.01 0.063 0.023 0.001 0.027 0.003 0.006 0.017 0.016 0.003 0.004 0.002 0.037 0.009 0.013 0.002 0.002 0.002 0.01 0.009 0.032 0.003 0.003 0.004 0.004 0.04 0.009 0 0.005 0.005 0.008
0.435 0.406 0.441 1 0.088 0.06 0.15 0.799 0.019 0.134 0.085 0.05 0.025 0.305 0.316 0.003 0.17 0.032 0.081 0.308 0.089 0.234 0.4 0.346 0.205 0.634 0.003 0.085 0.072 0.036 0.032 0.174 0.514 0.266 0.034 0.009 0.023 0.006 0.018 0.002 0.367 0.032 0.194 0.002 0.038 0.025 0.022 0.014 0.193 0.114 0.012 0.019 0.082 0.083 0.052 0.01 0.021 0.016 0.021 0.003 0.025 0.015 0.008 0 0.044 0.057 0.024 0.017 0.012 0.018 0.01 0 0.036 0.001 0.009 0.024
0.18 0.216 0.212 0.088 1 0.721 0.012 0.109 0.002 0.011 0.007 0.005 0.238 0.21 0.192 0.002 0.014 0.003 0.008 0.21 0.019 0.016 0.045 0.204 0.021 0.098 0.005 0.009 0.815 0.352 0.375 0.021 0.06 0.023 0.001 0.172 0.002 0.023 0.32 0.017 0.017 0.003 0 0.008 0.011 0.003 0.104 0.037 0.011 0.017 0.039 0.003 0.012 0.012 0.016 0.031 0 0.002 0 0.09 0.004 0.002 0.002 0.044 0.001 0.007 0.003 0.003 0 0 0.001 0.002 0 0.036 0 0.001
0.136 0.156 0.153 0.06 0.721 1 0.009 0.08 0.001 0.008 0.005 0.004 0.001 0.153 0.14 0.003 0.01 0.002 0.006 0.149 0.014 0.009 0.029 0.14 0.015 0.075 0.004 0.007 0.607 0.488 0.523 0.015 0.038 0.011 0.002 0.245 0.002 0.017 0.453 0.015 0.007 0.002 0.015 0.021 0.011 0.002 0.154 0.029 0.038 0.009 0.033 0.009 0.011 0.011 0.014 0.027 0.001 0.002 0 0.128 0.011 0.003 0.002 0.065 0 0.005 0.008 0.003 0 0.002 0 0.001 0.001 0.031 0 0
0.277 0.317 0.31 0.15 0.012 0.009 1 0.156 0.002 0.878 0.568 0.007 0.003 0.307 0.28 0.001 0.775 0.004 0.012 0.328 0.027 0.039 0.086 0.346 0.531 0.192 0.008 0.013 0.012 0.004 0.006 0.517 0.174 0.116 0 0.005 0.003 0.255 0.008 0.277 0.108 0.005 0.024 0.061 0 0.005 0.008 0.141 0.091 0.036 0.003 0.004 0.025 0.025 0 0.003 0.002 0.003 0.004 0.003 0.01 0.007 0.003 0.003 0.015 0.01 0.008 0.007 0.003 0 0.005 0.003 0.011 0.003 0.005 0.005
0.3 0.27 0.3 0.799 0.109 0.08 0.156 1 0.017 0.138 0.092 0.046 0.027 0.399 0.396 0.003 0.178 0.034 0.066 0.385 0.162 0.218 0.49 0.427 0.252 0.737 0.005 0.069 0.092 0.039 0.035 0.193 0.586 0.316 0.036 0.014 0.021 0.01 0.025 0.004 0.428 0.03 0.212 0.005 0.056 0.031 0.025 0.016 0.213 0.165 0.018 0.034 0.121 0.123 0.081 0.017 0.036 0.007 0.019 0.004 0.044 0.033 0.013 0.002 0.039 0.063 0.039 0.036 0.016 0.02 0 0 0.045 0.004 0.005 0.028
0.01 0.008 0.009 0.019 0.002 0.001 0.002 0.017 1 0.002 0.001 0.001 0 0.004 0.002 0 0.003 0.001 0.002 0.008 0.004 0.006 0.013 0.007 0.005 0.014 0.057 0.002 0.002 0.001 0.001 0.005 0.014 0.021 0 0.001 0.001 0.005 0.001 0.005 0.015 0.001 0.005 0.015 0.004 0.001 0.001 0 0.012 0.04 0 0.007 0.004 0.004 0.006 0 0.006 0.001 0 0 0.007 0.001 0.315 0.001 0.003 0.002 0.007 0.001 0.001 0 0.001 0 0.006 0 0.001 0.001
0.247 0.277 0.272 0.134 0.011 0.008 0.878 0.138 0.002 1 0.638 0.007 0.003 0.268 0.245 0.001 0.679 0.003 0.011 0.287 0.024 0.035 0.076 0.302 0.461 0.167 0.005 0.012 0.011 0.004 0.005 0.448 0.15 0.099 0 0.005 0.003 0.202 0.007 0.22 0.095 0.004 0.019 0.045 0.001 0.004 0.007 0.116 0.072 0.036 0.002 0.002 0.022 0.022 0 0.003 0.001 0.003 0.003 0.002 0.007 0.006 0.003 0.003 0.013 0.007 0.005 0.006 0.003 0 0.005 0.002 0.008 0.002 0.004 0.004
0.158 0.18 0.176 0.085 0.007 0.005 0.568 0.092 0.001 0.638 1 0.004 0.002 0.177 0.161 0.001 0.476 0.002 0.007 0.189 0.016 0.022 0.05 0.199 0.292 0.111 0.004 0.008 0.007 0.002 0.003 0.281 0.103 0.069 0 0.003 0.002 0.096 0.005 0.104 0.064 0.003 0.011 0.016 0.006 0.003 0.004 0.069 0.029 0.027 0.001 0 0.013 0.013 0.003 0.002 0.001 0.002 0.003 0.002 0.001 0.004 0.002 0.002 0.007 0.006 0.001 0.004 0.003 0 0.003 0.002 0.003 0.002 0.003 0.004
0.027 0.024 0.024 0.05 0.005 0.004 0.007 0.046 0.001 0.007 0.004 1 0.001 0.02 0.01 0.001 0.009 0.002 0.005 0.015 0.242 0.017 0.076 0.021 0.013 0.038 0.003 0.006 0.005 0.002 0.002 0.005 0.023 0.038 0.002 0.005 0.001 0.015 0.001 0.012 0.038 0.002 0.013 0.072 0.112 0.002 0.001 0.061 0.029 0.013 0.001 0.123 0.157 0.14 0.117 0.001 0.111 0.002 0.354 0.016 0.106 0.003 0.001 0.008 0 0.004 0.122 0.003 0.154 0.002 0.002 0.001 0.095 0.001 0.002 0.318
0.037 0.051 0.05 0.025 0.238 0.001 0.003 0.027 0 0.003 0.002 0.001 1 0.052 0.048 0 0.004 0.001 0.002 0.056 0.005 0.007 0.015 0.059 0.005 0.022 0.001 0.002 0.189 0.001 0.001 0.005 0.021 0.013 0.02 0.001 0.001 0.006 0.001 0.001 0.012 0.001 0.051 0.005 0.001 0.001 0.001 0.007 0.017 0.009 0.006 0.003 0.001 0.001 0.002 0.004 0.002 0.001 0.001 0 0.003 0 0.001 0.001 0.003 0.002 0.003 0 0.001 0.002 0.003 0 0.002 0.005 0.001 0.001
0.541 0.594 0.628 0.305 0.21 0.153 0.307 0.399 0.004 0.268 0.177 0.02 0.052 1 0.865 0.001 0.357 0.066 0.034 0.793 0.081 0.089 0.218 0.849 0.486 0.417 0.02 0.036 0.188 0.075 0.1 0.378 0.297 0.191 0 0.04 0.011 0.096 0.067 0.072 0.172 0.016 0.03 0.048 0.018 0.008 0.065 0.013 0.006 0.044 0.011 0.001 0.061 0.065 0.027 0.011 0.003 0.01 0.01 0.017 0 0.014 0.002 0.012 0.008 0.025 0.002 0.015 0.009 0.004 0 0.009 0.007 0.014 0.004 0.014
0.514 0.566 0.598 0.316 0.192 0.14 0.28 0.396 0.002 0.245 0.161 0.01 0.048 0.865 1 0.001 0.326 0.06 0.038 0.721 0.073 0.094 0.215 0.774 0.464 0.368 0.006 0.04 0.171 0.068 0.092 0.36 0.281 0.179 0.001 0.06 0.012 0.094 0.085 0.072 0.179 0.017 0.028 0.052 0.02 0.006 0.079 0.011 0.008 0.043 0.009 0 0.064 0.069 0.031 0.009 0.004 0.002 0.012 0.015 0.002 0.016 0.001 0.027 0.011 0.019 0.002 0.017 0.01 0.004 0 0.009 0.009 0.012 0.005 0.016
0.001 0 0.001 0.003 0.002 0.003 0.001 0.003 0 0.001 0.001 0.001 0 0.001 0.001 1 0.001 0 0 0.004 0 0.025 0.016 0.004 0.002 0.007 0.001 0 0.001 0 0 0.002 0.007 0.011 0 0 0 0.003 0.001 0.002 0.012 0.012 0.003 0 0 0 0.001 0.003 0.006 0.017 0 0.001 0 0 0.001 0 0 0 0.008 0 0 0.007 0 0 0 0 0 0.006 0.009 0 0 0 0 0 0.009 0.006
0.288 0.284 0.324 0.17 0.014 0.01 0.775 0.178 0.003 0.679 0.476 0.009 0.004 0.357 0.326 0.001 1 0.005 0.014 0.394 0.034 0.046 0.104 0.415 0.592 0.228 0.009 0.014 0.014 0.005 0.007 0.578 0.202 0.133 0 0.006 0.002 0.298 0.01 0.212 0.124 0.006 0.021 0.074 0 0.006 0.008 0.147 0.066 0.035 0.003 0 0.028 0.029 0.001 0.004 0.001 0.004 0.006 0.003 0.001 0.008 0.004 0.004 0.001 0.012 0 0.009 0.005 0.001 0.001 0.003 0 0.003 0.006 0.007
0.036 0.043 0.042 0.032 0.003 0.002 0.004 0.034 0.001 0.003 0.002 0.002 0.001 0.066 0.06 0 0.005 1 0.003 0.072 0.006 0.009 0.019 0.076 0.123 0.042 0.002 0.003 0.003 0.001 0.001 0.123 0.041 0.028 0.001 0.001 0.001 0.007 0.002 0.007 0.026 0.001 0.007 0.021 0.006 0.001 0.002 0.014 0.006 0.005 0 0.01 0.007 0.006 0.008 0 0.009 0.001 0.001 0.001 0.01 0 0.001 0.001 0.004 0.002 0.01 0 0.001 0.001 0.001 0.001 0.008 0 0.001 0.001
0.044 0.038 0.039 0.081 0.008 0.006 0.012 0.066 0.002 0.011 0.007 0.005 0.002 0.034 0.038 0 0.014 0.003 1 0.036 0.424 0.027 0.138 0.035 0.021 0.062 0.005 0.91 0.008 0.003 0.004 0.021 0.032 0.016 0.003 0.004 0.002 0.024 0.006 0.022 0.06 0.003 0.003 0.072 0.28 0.003 0.005 0.036 0.025 0.036 0.002 0.166 0.233 0.244 0.223 0.002 0.194 0.002 0.002 0.002 0.158 0.005 0.002 0.002 0.444 0.007 0.174 0.005 0.002 0.003 0.004 0.045 0.213 0.002 0.004 0.003
0.561 0.583 0.636 0.308 0.21 0.149 0.328 0.385 0.008 0.287 0.189 0.015 0.056 0.793 0.721 0.004 0.394 0.072 0.036 1 0.064 0.095 0.204 0.918 0.556 0.455 0.023 0.028 0.176 0.08 0.079 0.438 0.319 0.172 0 0.027 0.007 0.075 0.055 0.053 0.148 0.007 0.03 0.038 0.011 0.015 0.053 0.015 0.004 0.049 0.012 0 0.046 0.05 0.018 0.012 0.001 0.01 0.015 0.018 0.003 0.008 0.005 0.004 0.002 0.03 0.002 0.009 0.013 0.003 0 0.008 0.005 0.015 0.001 0.018
0.031 0.023 0.024 0.089 0.019 0.014 0.027 0.162 0.004 0.024 0.016 0.242 0.005 0.081 0.073 0 0.034 0.006 0.424 0.064 1 0.062 0.32 0.081 0.05 0.138 0.013 0.454 0.02 0.007 0.009 0.039 0.08 0.084 0.006 0.001 0.006 0.055 0 0.049 0.144 0.008 0.025 0.205 0.533 0.004 0 0.124 0.081 0.043 0.004 0.438 0.572 0.565 0.493 0.005 0.428 0.065 0.08 0.001 0.388 0.011 0.004 0.004 0.259 0.016 0.448 0.012 0.074 0.007 0.029 0.014 0.401 0.005 0.007 0.125
0.103 0.103 0.093 0.234 0.016 0.009 0.039 0.218 0.006 0.035 0.022 0.017 0.007 0.089 0.094 0.025 0.046 0.009 0.027 0.095 0.062 1 0.4 0.113 0.069 0.185 0.017 0.029 0.027 0.009 0.013 0.041 0.166 0.018 0.009 0.012 0.034 0.051 0.019 0.057 0.024 0.103 0.057 0.01 0.051 0.107 0.018 0.003 0.005 0.113 0.003 0.048 0.018 0.015 0.02 0.001 0.038 0.008 0.001 0.006 0.026 0.057 0.003 0.007 0.014 0.009 0.044 0.065 0 0.001 0.008 0.006 0.025 0.001 0.024 0.001
0.16 0.146 0.139 0.4 0.045 0.029 0.086 0.49 0.013 0.076 0.05 0.076 0.015 0.218 0.215 0.016 0.104 0.019 0.138 0.204 0.32 0.4 1 0.251 0.154 0.417 0.039 0.148 0.061 0.021 0.028 0.102 0.311 0.105 0.02 0.004 0.011 0 0.015 0.002 0.169 0.04 0.103 0.08 0.149 0.056 0.015 0.058 0.072 0.01 0.009 0.116 0.236 0.243 0.191 0.007 0.126 0.016 0.041 0.001 0.129 0.013 0.009 0 0.093 0.032 0.121 0.016 0.04 0.008 0.004 0.001 0.136 0 0.003 0.063
0.595 0.628 0.684 0.346 0.204 0.14 0.346 0.427 0.007 0.302 0.199 0.021 0.059 0.849 0.774 0.004 0.415 0.076 0.035 0.918 0.081 0.113 0.251 1 0.586 0.513 0.022 0.036 0.21 0.084 0.084 0.464 0.354 0.21 0 0.044 0.006 0.084 0.075 0.059 0.183 0.014 0.027 0.041 0.017 0.014 0.073 0.015 0.007 0.056 0.013 0 0.064 0.065 0.028 0.013 0.003 0.01 0.014 0.015 0.002 0.013 0.004 0.013 0.006 0.028 0.003 0.015 0.013 0.003 0 0.008 0.008 0.016 0.004 0.017
0.334 0.328 0.38 0.205 0.021 0.015 0.531 0.252 0.005 0.461 0.292 0.013 0.005 0.486 0.464 0.002 0.592 0.123 0.021 0.556 0.05 0.069 0.154 0.586 1 0.32 0.014 0.023 0.021 0.007 0.01 0.816 0.237 0.15 0.007 0.009 0.003 0.213 0.014 0.153 0.137 0.009 0.055 0.029 0.005 0.009 0.002 0.079 0.023 0.028 0 0.005 0.045 0.045 0.01 0 0.002 0.006 0.009 0.005 0.009 0.009 0.002 0.005 0.006 0.018 0.01 0.01 0.008 0.008 0.002 0.005 0.008 0 0.006 0.011
0.31 0.298 0.35 0.634 0.098 0.075 0.192 0.737 0.014 0.167 0.111 0.038 0.022 0.417 0.368 0.007 0.228 0.042 0.062 0.455 0.138 0.185 0.417 0.513 0.32 1 0.04 0.068 0.113 0.047 0.044 0.263 0.767 0.484 0.039 0.019 0.013 0.022 0.034 0.013 0.434 0.024 0.135 0.002 0.068 0.019 0.033 0.006 0.186 0.138 0.011 0.036 0.14 0.138 0.091 0.009 0.044 0.018 0.023 0.005 0.041 0.027 0.01 0.004 0.031 0.001 0.046 0.029 0.02 0.022 0.009 0.001 0.057 0.001 0.002 0.031
0.009 0.025 0.025 0.003 0.005 0.004 0.008 0.005 0.057 0.005 0.004 0.003 0.001 0.02 0.006 0.001 0.009 0.002 0.005 0.023 0.013 0.017 0.039 0.022 0.014 0.04 1 0.006 0.005 0.002 0.003 0.014 0.041 0.06 0 0.002 0.002 0.015 0.004 0.014 0.002 0.002 0.059 0.045 0.014 0.002 0.004 0.013 0.012 0 0.001 0.014 0.007 0.007 0.01 0.001 0.012 0.002 0.002 0.001 0.013 0.003 0.055 0.001 0.003 0.219 0.013 0.003 0.002 0 0.002 0.001 0.01 0.001 0.002 0.003
0.048 0.042 0.043 0.085 0.009 0.007 0.013 0.069 0.002 0.012 0.008 0.006 0.002 0.036 0.04 0 0.014 0.003 0.91 0.028 0.454 0.029 0.148 0.036 0.023 0.068 0.006 1 0.009 0.003 0.004 0.023 0.037 0.022 0.003 0.004 0.003 0.026 0.006 0.024 0.069 0.004 0.004 0.082 0.314 0.004 0.006 0.042 0.03 0.039 0.002 0.187 0.265 0.267 0.251 0.002 0.218 0.003 0.003 0.002 0.15 0.005 0.002 0.002 0.498 0.008 0.196 0.005 0.002 0.003 0.004 0.041 0.239 0.002 0.004 0.004
0.154 0.187 0.183 0.072 0.815 0.607 0.012 0.092 0.002 0.011 0.007 0.005 0.189 0.188 0.171 0.001 0.014 0.003 0.008 0.176 0.02 0.027 0.061 0.21 0.021 0.113 0.005 0.009 1 0.348 0.37 0.021 0.08 0.041 0.001 0.234 0.002 0.024 0.46 0.015 0.033 0.003 0 0.015 0.017 0.003 0.192 0.034 0.011 0.029 0.038 0.009 0.017 0.017 0.021 0.031 0.002 0.002 0.003 0.089 0.007 0.002 0.002 0.098 0.001 0.007 0.006 0.003 0.003 0 0 0.002 0.001 0.035 0 0.004
0.067 0.076 0.075 0.036 0.352 0.488 0.004 0.039 0.001 0.004 0.002 0.002 0.001 0.075 0.068 0 0.005 0.001 0.003 0.08 0.007 0.009 0.021 0.084 0.007 0.047 0.002 0.003 0.348 1 0.745 0.007 0.007 0.003 0.001 0.014 0.001 0.008 0.199 0.008 0.002 0.001 0.007 0.006 0.007 0.001 0.022 0.02 0.019 0.011 0.007 0 0.008 0.007 0.009 0.005 0.008 0.001 0.001 0 0 0.002 0.001 0.035 0.005 0.002 0.001 0.002 0.001 0.001 0 0.001 0.007 0.007 0.001 0.001
0.065 0.075 0.074 0.032 0.375 0.523 0.006 0.035 0.001 0.005 0.003 0.002 0.001 0.1 0.092 0 0.007 0.001 0.004 0.079 0.009 0.013 0.028 0.084 0.01 0.044 0.003 0.004 0.37 0.745 1 0.01 0.009 0.009 0.001 0.063 0.001 0.003 0.256 0.002 0.007 0.001 0.01 0.016 0.01 0.002 0.061 0.026 0.013 0.015 0.004 0.001 0.01 0.01 0.012 0.003 0.001 0.001 0.002 0.049 0.001 0.002 0.001 0.024 0 0.003 0 0.002 0.001 0.001 0 0.001 0.001 0.004 0.001 0.002
0.303 0.311 0.346 0.174 0.021 0.015 0.517 0.193 0.005 0.448 0.281 0.005 0.005 0.378 0.36 0.002 0.578 0.123 0.021 0.438 0.039 0.041 0.102 0.464 0.816 0.263 0.014 0.023 0.021 0.007 0.01 1 0.262 0.195 0.007 0.009 0.003 0.281 0.014 0.213 0.18 0.009 0.055 0.046 0.002 0.009 0.002 0.106 0.031 0.037 0.004 0.003 0.035 0.035 0.006 0.005 0.001 0.006 0.009 0.005 0.009 0.009 0.006 0.005 0.002 0.018 0.006 0.01 0.008 0.008 0.002 0.005 0.008 0.005 0.009 0.011
0.227 0.224 0.26 0.514 0.06 0.038 0.174 0.586 0.014 0.15 0.103 0.023 0.021 0.297 0.281 0.007 0.202 0.041 0.032 0.319 0.08 0.166 0.311 0.354 0.237 0.767 0.041 0.037 0.08 0.007 0.009 0.262 1 0.65 0.038 0.058 0.018 0.031 0.089 0.021 0.591 0.026 0.169 0.001 0.074 0.026 0.085 0.003 0.236 0.16 0.011 0.021 0.149 0.147 0.099 0.006 0.048 0.018 0.023 0.006 0.024 0.028 0.017 0.034 0.035 0.001 0.028 0.03 0.02 0.021 0.009 0.03 0.061 0 0.004 0.032
0.108 0.104 0.128 0.266 0.023 0.011 0.116 0.316 0.021 0.099 0.069 0.038 0.013 0.191 0.179 0.011 0.133 0.028 0.016 0.172 0.084 0.018 0.105 0.21 0.15 0.484 0.06 0.022 0.041 0.003 0.009 0.195 0.65 1 0.025 0.037 0.023 0.243 0.059 0.228 0.793 0.038 0.097 0.037 0.078 0.028 0.058 0.005 0.339 0.16 0.005 0.035 0.153 0.141 0.104 0.002 0.058 0.026 0.026 0.003 0.027 0.042 0.025 0.016 0.023 0 0.038 0.044 0.022 0.012 0.023 0.02 0.067 0.001 0.008 0.037
0.001 0.001 0.001 0.034 0.001 0.002 0 0.036 0 0 0 0.002 0.02 0 0.001 0 0 0.001 0.003 0 0.006 0.009 0.02 0 0.007 0.039 0 0.003 0.001 0.001 0.001 0.007 0.038 0.025 1 0.001 0.001 0.008 0.002 0.003 0.027 0.001 0.103 0.016 0.007 0.001 0.002 0.018 0.05 0.012 0.049 0.011 0.007 0.007 0.009 0.041 0.01 0.001 0.001 0.001 0.01 0.002 0.001 0.001 0.004 0.002 0.011 0.002 0.001 0.658 0.001 0.001 0.009 0.001 0.001 0.001
0.032 0.038 0.037 0.009 0.172 0.245 0.005 0.014 0.001 0.005 0.003 0.005 0.001 0.04 0.06 0 0.006 0.001 0.004 0.027 0.001 0.012 0.004 0.044 0.009 0.019 0.002 0.004 0.234 0.014 0.063 0.009 0.058 0.037 0.001 1 0.001 0.01 0.625 0.009 0.036 0.001 0.01 0.052 0.009 0.001 0.409 0.003 0.021 0.016 0.059 0.054 0.01 0.009 0.011 0.049 0.001 0.001 0.001 0.172 0.057 0.002 0.001 0.331 0.003 0.003 0.053 0.002 0.001 0.001 0.002 0.001 0.002 0.053 0 0.002
0 0 0.011 0.023 0.002 0.002 0.003 0.021 0.001 0.003 0.002 0.001 0.001 0.011 0.012 0 0.002 0.001 0.002 0.007 0.006 0.034 0.011 0.006 0.003 0.013 0.002 0.003 0.002 0.001 0.001 0.003 0.018 0.023 0.001 0.001 1 0.007 0.002 0.006 0.028 0.001 0.006 0.014 0.003 0.001 0.002 0.012 0.012 0.009 0 0.006 0.003 0.003 0.004 0.001 0.005 0.001 0.001 0.001 0.006 0.001 0 0.001 0.001 0.002 0.006 0.001 0.001 0.021 0.001 0.001 0.004 0.001 0.001 0.001
0.056 0.05 0.064 0.006 0.023 0.017 0.255 0.01 0.005 0.202 0.096 0.015 0.006 0.096 0.094 0.003 0.298 0.007 0.024 0.075 0.055 0.051 0 0.084 0.213 0.022 0.015 0.026 0.024 0.008 0.003 0.281 0.031 0.243 0.008 0.01 0.007 1 0.016 0.876 0.225 0.01 0.062 0.252 0.045 0.124 0.001 0.204 0.197 0.018 0.005 0.042 0.047 0.04 0.05 0.006 0.027 0.007 0.005 0.005 0.027 0.012 0.006 0.006 0.006 0.02 0.035 0.008 0.004 0.009 0.003 0.005 0.024 0.005 0.003 0.007
0.056 0.066 0.065 0.018 0.32 0.453 0.008 0.025 0.001 0.007 0.005 0.001 0.001 0.067 0.085 0.001 0.01 0.002 0.006 0.055 0 0.019 0.015 0.075 0.014 0.034 0.004 0.006 0.46 0.199 0.256 0.014 0.089 0.059 0.002 0.625 0.002 0.016 1 0.013 0.056 0.002 0.015 0.081 0.014 0.002 0.478 0.01 0.034 0.025 0.035 0.056 0.015 0.015 0.018 0.028 0 0.002 0.002 0.137 0.054 0.003 0.002 0.315 0 0.005 0.048 0.003 0.002 0.002 0.001 0.001 0 0.031 0 0.003
0.034 0.046 0.043 0.002 0.017 0.015 0.277 0.004 0.005 0.22 0.104 0.012 0.001 0.072 0.072 0.002 0.212 0.007 0.022 0.053 0.049 0.057 0.002 0.059 0.153 0.013 0.014 0.024 0.015 0.008 0.002 0.213 0.021 0.228 0.003 0.009 0.006 0.876 0.013 1 0.215 0.009 0.057 0.235 0.041 0.136 0.013 0.17 0.244 0.016 0.005 0.071 0.042 0.036 0.046 0.005 0.055 0.006 0.004 0.005 0.053 0.011 0.006 0.004 0.022 0.018 0.06 0.012 0.003 0.008 0.01 0.005 0.053 0.005 0.006 0.006
0.102 0.085 0.107 0.367 0.017 0.007 0.108 0.428 0.015 0.095 0.064 0.038 0.012 0.172 0.179 0.012 0.124 0.026 0.06 0.148 0.144 0.024 0.169 0.183 0.137 0.434 0.002 0.069 0.033 0.002 0.007 0.18 0.591 0.793 0.027 0.036 0.028 0.225 0.056 0.215 1 0.041 0.215 0.011 0.138 0.026 0.054 0 0.483 0.189 0.006 0.076 0.235 0.221 0.171 0.003 0.109 0.028 0.029 0.002 0.064 0.045 0.019 0.015 0.065 0.046 0.081 0.048 0.025 0.014 0.026 0.019 0.122 0.001 0.009 0.041
0.017 0.015 0.016 0.032 0.003 0.002 0.005 0.03 0.001 0.004 0.003 0.002 0.001 0.016 0.017 0.012 0.006 0.001 0.003 0.007 0.008 0.103 0.04 0.014 0.009 0.024 0.002 0.004 0.003 0.001 0.001 0.009 0.026 0.038 0.001 0.001 0.001 0.01 0.002 0.009 0.041 1 0.008 0.018 0.007 0.001 0.002 0.008 0.013 0.029 0.001 0.003 0 0 0 0.001 0.01 0.001 0.001 0.001 0.002 0.214 0.001 0.001 0.004 0 0.011 0.216 0.001 0.001 0.002 0.001 0.001 0.001 0.02 0.002
0.021 0.041 0.034 0.194 0 0.015 0.024 0.212 0.005 0.019 0.011 0.013 0.051 0.03 0.028 0.003 0.021 0.007 0.003 0.03 0.025 0.057 0.103 0.027 0.055 0.135 0.059 0.004 0 0.007 0.01 0.055 0.169 0.097 0.103 0.01 0.006 0.062 0.015 0.057 0.215 0.008 1 0.183 0.055 0.009 0.014 0.145 0.383 0.082 0.006 0.089 0.057 0.057 0.068 0.004 0.077 0.006 0.009 0.005 0.082 0.009 0.006 0.006 0.035 0.253 0.085 0.009 0.008 0.091 0.009 0.087 0.07 0.001 0 0.011
0.047 0.058 0.069 0.002 0.008 0.021 0.061 0.005 0.015 0.045 0.016 0.072 0.005 0.048 0.052 0 0.074 0.021 0.072 0.038 0.205 0.01 0.08 0.041 0.029 0.002 0.045 0.082 0.015 0.006 0.016 0.046 0.001 0.037 0.016 0.052 0.014 0.252 0.081 0.235 0.011 0.018 0.183 1 0.197 0.04 0.078 0.399 0.001 0.093 0 0.272 0.213 0.201 0.153 0.001 0.212 0.034 0.028 0.027 0.233 0.03 0.017 0.03 0.131 0.047 0.266 0.032 0.02 0.025 0.044 0.016 0.205 0.001 0.015 0.035
0.003 0.001 0.001 0.038 0.011 0.011 0 0.056 0.004 0.001 0.006 0.112 0.001 0.018 0.02 0 0 0.006 0.28 0.011 0.533 0.051 0.149 0.017 0.005 0.068 0.014 0.314 0.017 0.007 0.01 0.002 0.074 0.078 0.007 0.009 0.003 0.045 0.014 0.041 0.138 0.007 0.055 0.197 1 0.009 0.014 0.192 0.138 0.055 0.004 0.615 0.68 0.662 0.795 0.005 0.683 0.071 0.096 0.001 0.456 0.012 0.006 0.002 0.294 0.018 0.574 0.013 0.052 0.008 0.075 0.005 0.588 0.005 0.009 0.1
0.007 0.01 0.01 0.025 0.003 0.002 0.005 0.031 0.001 0.004 0.003 0.002 0.001 0.008 0.006 0 0.006 0.001 0.003 0.015 0.004 0.107 0.056 0.014 0.009 0.019 0.002 0.004 0.003 0.001 0.002 0.009 0.026 0.028 0.001 0.001 0.001 0.124 0.002 0.136 0.026 0.001 0.009 0.04 0.009 1 0.002 0.018 0.033 0.04 0.001 0.014 0.009 0.009 0.011 0.001 0.012 0.001 0.001 0.001 0.005 0.001 0.001 0.001 0.006 0.003 0.013 0.001 0.001 0.001 0.002 0.001 0.011 0.001 0 0.002
0.054 0.036 0.063 0.022 0.104 0.154 0.008 0.025 0.001 0.007 0.004 0.001 0.001 0.065 0.079 0.001 0.008 0.002 0.005 0.053 0 0.018 0.015 0.073 0.002 0.033 0.004 0.006 0.192 0.022 0.061 0.002 0.085 0.058 0.002 0.409 0.002 0.001 0.478 0.013 0.054 0.002 0.014 0.078 0.014 0.002 1 0.001 0.035 0.024 0.001 0.154 0.014 0.014 0.015 0.001 0.023 0.002 0.002 0.157 0.152 0.003 0.001 0.332 0.025 0.005 0.131 0.003 0.002 0.002 0.003 0.001 0.025 0.001 0.002 0.003
0.015 0.016 0.023 0.014 0.037 0.029 0.141 0.016 0 0.116 0.069 0.061 0.007 0.013 0.011 0.003 0.147 0.014 0.036 0.015 0.124 0.003 0.058 0.015 0.079 0.006 0.013 0.042 0.034 0.02 0.026 0.106 0.003 0.005 0.018 0.003 0.012 0.204 0.01 0.17 0 0.008 0.145 0.399 0.192 0.018 0.001 1 0.001 0.052 0.012 0.202 0.188 0.196 0.208 0.014 0.193 0.008 0.021 0 0.175 0.027 0 0.001 0.095 0.047 0.167 0.029 0.016 0.02 0.013 0.012 0.189 0.013 0.015 0.042
0.002 0 0.001 0.193 0.011 0.038 0.091 0.213 0.012 0.072 0.029 0.029 0.017 0.006 0.008 0.006 0.066 0.006 0.025 0.004 0.081 0.005 0.072 0.007 0.023 0.186 0.012 0.03 0.011 0.019 0.013 0.031 0.236 0.339 0.05 0.021 0.012 0.197 0.034 0.244 0.483 0.013 0.383 0.001 0.138 0.033 0.035 0.001 1 0.108 0 0.223 0.142 0.14 0.17 0 0.194 0.015 0.023 0.012 0.205 0.026 0.015 0.014 0.087 0.128 0.213 0.027 0.02 0.032 0.023 0.035 0.175 0.007 0.003 0.028
0.033 0.025 0.027 0.114 0.017 0.009 0.036 0.165 0.04 0.036 0.027 0.013 0.009 0.044 0.043 0.017 0.035 0.005 0.036 0.049 0.043 0.113 0.01 0.056 0.028 0.138 0 0.039 0.029 0.011 0.015 0.037 0.16 0.16 0.012 0.016 0.009 0.018 0.025 0.016 0.189 0.029 0.082 0.093 0.055 0.04 0.024 0.052 0.108 1 0.008 0.102 0.053 0.053 0.063 0.003 0.074 0 0.001 0.008 0.071 0.103 0.05 0.01 0.053 0.022 0.086 0.11 0.003 0.013 0.001 0.008 0.068 0 0.033 0.007
0.002 0.003 0.003 0.012 0.039 0.033 0.003 0.018 0 0.002 0.001 0.001 0.006 0.011 0.009 0 0.003 0 0.002 0.012 0.004 0.003 0.009 0.013 0 0.011 0.001 0.002 0.038 0.007 0.004 0.004 0.011 0.005 0.049 0.059 0 0.005 0.035 0.005 0.006 0.001 0.006 0 0.004 0.001 0.001 0.012 0 0.008 1 0.007 0.005 0.005 0.005 0.86 0.006 0 0.001 0 0.007 0.001 0 0 0.003 0.001 0.007 0.001 0.001 0.052 0.001 0 0.006 0.413 0.01 0.001
0.003 0.003 0.006 0.019 0.003 0.009 0.004 0.034 0.007 0.002 0 0.123 0.003 0.001 0 0.001 0 0.01 0.166 0 0.438 0.048 0.116 0 0.005 0.036 0.014 0.187 0.009 0 0.001 0.003 0.021 0.035 0.011 0.054 0.006 0.042 0.056 0.071 0.076 0.003 0.089 0.272 0.615 0.014 0.154 0.202 0.223 0.102 0.007 1 0.632 0.608 0.702 0.008 0.794 0.069 0.055 0.056 0.813 0.019 0.009 0.062 0.381 0.029 0.873 0.02 0.051 0.012 0.107 0.008 0.718 0.008 0.015 0.088
0.021 0.016 0.017 0.082 0.012 0.011 0.025 0.121 0.004 0.022 0.013 0.157 0.001 0.061 0.064 0 0.028 0.007 0.233 0.046 0.572 0.018 0.236 0.064 0.045 0.14 0.007 0.265 0.017 0.008 0.01 0.035 0.149 0.153 0.007 0.01 0.003 0.047 0.015 0.042 0.235 0 0.057 0.213 0.68 0.009 0.014 0.188 0.142 0.053 0.005 0.632 1 0.905 0.811 0.005 0.662 0.109 0.093 0.002 0.516 0.011 0.006 0.002 0.361 0.018 0.597 0.012 0.085 0.008 0.121 0.005 0.65 0.005 0.009 0.144
0.02 0.015 0.016 0.083 0.012 0.011 0.025 0.123 0.004 0.022 0.013 0.14 0.001 0.065 0.069 0 0.029 0.006 0.244 0.05 0.565 0.015 0.243 0.065 0.045 0.138 0.007 0.267 0.017 0.007 0.01 0.035 0.147 0.141 0.007 0.009 0.003 0.04 0.015 0.036 0.221 0 0.057 0.201 0.662 0.009 0.014 0.196 0.14 0.053 0.005 0.608 0.905 1 0.807 0.005 0.659 0.11 0.114 0 0.55 0.012 0.006 0.002 0.346 0.018 0.594 0.013 0.107 0.008 0.122 0.005 0.646 0.005 0.01 0.169
0.005 0.002 0.003 0.052 0.016 0.014 0 0.081 0.006 0 0.003 0.117 0.002 0.027 0.031 0.001 0.001 0.008 0.223 0.018 0.493 0.02 0.191 0.028 0.01 0.091 0.01 0.251 0.021 0.009 0.012 0.006 0.099 0.104 0.009 0.011 0.004 0.05 0.018 0.046 0.171 0 0.068 0.153 0.795 0.011 0.015 0.208 0.17 0.063 0.005 0.702 0.811 0.807 1 0.006 0.776 0.09 0.099 0.001 0.579 0.009 0.007 0.003 0.334 0.022 0.657 0.009 0.081 0.009 0.099 0.006 0.684 0.006 0.011 0.138
0.003 0.004 0.004 0.01 0.031 0.027 0.003 0.017 0 0.003 0.002 0.001 0.004 0.011 0.009 0 0.004 0 0.002 0.012 0.005 0.001 0.007 0.013 0 0.009 0.001 0.002 0.031 0.005 0.003 0.005 0.006 0.002 0.041 0.049 0.001 0.006 0.028 0.005 0.003 0.001 0.004 0.001 0.005 0.001 0.001 0.014 0 0.003 0.86 0.008 0.005 0.005 0.006 1 0.007 0.001 0.001 0 0.008 0.001 0.001 0.001 0.003 0.002 0.008 0.001 0.001 0.043 0.001 0 0.007 0.474 0.031 0.001
0.001 0 0.002 0.021 0 0.001 0.002 0.036 0.006 0.001 0.001 0.111 0.002 0.003 0.004 0 0.001 0.009 0.194 0.001 0.428 0.038 0.126 0.003 0.002 0.044 0.012 0.218 0.002 0.008 0.001 0.001 0.048 0.058 0.01 0.001 0.005 0.027 0 0.055 0.109 0.01 0.077 0.212 0.683 0.012 0.023 0.193 0.194 0.074 0.006 0.794 0.662 0.659 0.776 0.007 1 0.065 0.103 0.064 0.704 0.017 0.008 0.004 0.434 0.025 0.812 0.018 0.105 0.011 0.108 0.007 0.846 0.007 0.014 0.143
0.033 0.038 0.037 0.016 0.002 0.002 0.003 0.007 0.001 0.003 0.002 0.002 0.001 0.01 0.002 0 0.004 0.001 0.002 0.01 0.065 0.008 0.016 0.01 0.006 0.018 0.002 0.003 0.002 0.001 0.001 0.006 0.018 0.026 0.001 0.001 0.001 0.007 0.002 0.006 0.028 0.001 0.006 0.034 0.071 0.001 0.002 0.008 0.015 0 0 0.069 0.109 0.11 0.09 0.001 0.065 1 0.004 0.001 0.042 0.001 0.001 0.001 0 0.002 0.063 0.001 0.005 0.001 0.296 0.001 0.038 0.001 0.001 0.003
0.011 0.009 0.009 0.021 0 0 0.004 0.019 0 0.003 0.003 0.354 0.001 0.01 0.012 0.008 0.006 0.001 0.002 0.015 0.08 0.001 0.041 0.014 0.009 0.023 0.002 0.003 0.003 0.001 0.002 0.009 0.023 0.026 0.001 0.001 0.001 0.005 0.002 0.004 0.029 0.001 0.009 0.028 0.096 0.001 0.002 0.021 0.023 0.001 0.001 0.055 0.093 0.114 0.099 0.001 0.103 0.004 1 0.001 0.097 0.002 0.001 0.001 0.006 0.003 0.086 0.002 0.241 0.001 0 0.001 0.105 0.001 0.002 0.536
0.01 0.013 0.013 0.003 0.09 0.128 0.003 0.004 0 0.002 0.002 0.016 0 0.017 0.015 0 0.003 0.001 0.002 0.018 0.001 0.006 0.001 0.015 0.005 0.005 0.001 0.002 0.089 0 0.049 0.005 0.006 0.003 0.001 0.172 0.001 0.005 0.137 0.005 0.002 0.001 0.005 0.027 0.001 0.001 0.157 0 0.012 0.008 0 0.056 0.002 0 0.001 0 0.064 0.001 0.001 1 0.056 0.001 0.001 0.001 0.027 0.001 0.052 0.001 0.001 0.001 0 0 0.064 0 0.001 0.001
0.001 0 0.002 0.025 0.004 0.011 0.01 0.044 0.007 0.007 0.001 0.106 0.003 0 0.002 0 0.001 0.01 0.158 0.003 0.388 0.026 0.129 0.002 0.009 0.041 0.013 0.15 0.007 0 0.001 0.009 0.024 0.027 0.01 0.057 0.006 0.027 0.054 0.053 0.064 0.002 0.082 0.233 0.456 0.005 0.152 0.175 0.205 0.071 0.007 0.813 0.516 0.55 0.579 0.008 0.704 0.042 0.097 0.056 1 0.018 0.008 0.068 0.308 0.026 0.842 0.019 0.099 0.011 0.081 0.007 0.721 0.007 0.014 0.135
0.004 0.002 0.002 0.015 0.002 0.003 0.007 0.033 0.001 0.006 0.004 0.003 0 0.014 0.016 0.007 0.008 0 0.005 0.008 0.011 0.057 0.013 0.013 0.009 0.027 0.003 0.005 0.002 0.002 0.002 0.009 0.028 0.042 0.002 0.002 0.001 0.012 0.003 0.011 0.045 0.214 0.009 0.03 0.012 0.001 0.003 0.027 0.026 0.103 0.001 0.019 0.011 0.012 0.009 0.001 0.017 0.001 0.002 0.001 0.018 1 0.001 0.001 0.008 0.004 0.018 0.946 0.002 0.002 0.002 0.001 0.015 0.001 0.071 0.002
0.002 0.005 0.002 0.008 0.002 0.002 0.003 0.013 0.315 0.003 0.002 0.001 0.001 0.002 0.001 0 0.004 0.001 0.002 0.005 0.004 0.003 0.009 0.004 0.002 0.01 0.055 0.002 0.002 0.001 0.001 0.006 0.017 0.025 0.001 0.001 0 0.006 0.002 0.006 0.019 0.001 0.006 0.017 0.006 0.001 0.001 0 0.015 0.05 0 0.009 0.006 0.006 0.007 0.001 0.008 0.001 0.001 0.001 0.008 0.001 1 0.001 0.004 0.002 0.009 0.001 0.001 0.001 0.001 0.001 0.007 0.001 0.001 0.001
0.008 0.011 0.01 0 0.044 0.065 0.003 0.002 0.001 0.003 0.002 0.008 0.001 0.012 0.027 0 0.004 0.001 0.002 0.004 0.004 0.007 0 0.013 0.005 0.004 0.001 0.002 0.098 0.035 0.024 0.005 0.034 0.016 0.001 0.331 0.001 0.006 0.315 0.004 0.015 0.001 0.006 0.03 0.002 0.001 0.332 0.001 0.014 0.01 0 0.062 0.002 0.002 0.003 0.001 0.004 0.001 0.001 0.001 0.068 0.001 0.001 1 0.003 0.002 0.062 0.001 0.001 0.001 0.001 0 0.003 0 0.001 0.001
0.01 0.012 0.009 0.044 0.001 0 0.015 0.039 0.003 0.013 0.007 0 0.003 0.008 0.011 0 0.001 0.004 0.444 0.002 0.259 0.014 0.093 0.006 0.006 0.031 0.003 0.498 0.001 0.005 0 0.002 0.035 0.023 0.004 0.003 0.001 0.006 0 0.022 0.065 0.004 0.035 0.131 0.294 0.006 0.025 0.095 0.087 0.053 0.003 0.381 0.361 0.346 0.334 0.003 0.434 0 0.006 0.027 0.308 0.008 0.004 0.003 1 0.011 0.397 0.008 0.005 0.005 0.002 0.003 0.405 0.003 0.006 0.004
0.012 0.031 0.032 0.057 0.007 0.005 0.01 0.063 0.002 0.007 0.006 0.004 0.002 0.025 0.019 0 0.012 0.002 0.007 0.03 0.016 0.009 0.032 0.028 0.018 0.001 0.219 0.008 0.007 0.002 0.003 0.018 0.001 0 0.002 0.003 0.002 0.02 0.005 0.018 0.046 0 0.253 0.047 0.018 0.003 0.005 0.047 0.128 0.022 0.001 0.029 0.018 0.018 0.022 0.002 0.025 0.002 0.003 0.001 0.026 0.004 0.002 0.002 0.011 1 0.027 0.004 0.003 0.003 0.003 0.002 0.022 0.002 0.003 0.004
0.001 0.001 0.003 0.024 0.003 0.008 0.008 0.039 0.007 0.005 0.001 0.122 0.003 0.002 0.002 0 0 0.01 0.174 0.002 0.448 0.044 0.121 0.003 0.01 0.046 0.013 0.196 0.006 0.001 0 0.006 0.028 0.038 0.011 0.053 0.006 0.035 0.048 0.06 0.081 0.011 0.085 0.266 0.574 0.013 0.131 0.167 0.213 0.086 0.007 0.873 0.597 0.594 0.657 0.008 0.812 0.063 0.086 0.052 0.842 0.018 0.009 0.062 0.397 0.027 1 0.019 0.095 0.012 0.111 0.007 0.733 0.008 0.013 0.123
0.005 0.003 0.003 0.017 0.003 0.003 0.007 0.036 0.001 0.006 0.004 0.003 0 0.015 0.017 0.006 0.009 0 0.005 0.009 0.012 0.065 0.016 0.015 0.01 0.029 0.003 0.005 0.003 0.002 0.002 0.01 0.03 0.044 0.002 0.002 0.001 0.008 0.003 0.012 0.048 0.216 0.009 0.032 0.013 0.001 0.003 0.029 0.027 0.11 0.001 0.02 0.012 0.013 0.009 0.001 0.018 0.001 0.002 0.001 0.019 0.946 0.001 0.001 0.008 0.004 0.019 1 0.002 0.002 0.002 0.001 0.016 0.001 0.092 0.003
0.005 0.004 0.004 0.012 0 0 0.003 0.016 0.001 0.003 0.003 0.154 0.001 0.009 0.01 0.009 0.005 0.001 0.002 0.013 0.074 0 0.04 0.013 0.008 0.02 0.002 0.002 0.003 0.001 0.001 0.008 0.02 0.022 0.001 0.001 0.001 0.004 0.002 0.003 0.025 0.001 0.008 0.02 0.052 0.001 0.002 0.016 0.02 0.003 0.001 0.051 0.085 0.107 0.081 0.001 0.105 0.005 0.241 0.001 0.099 0.002 0.001 0.001 0.005 0.003 0.095 0.002 1 0.001 0.001 0.001 0.106 0.001 0.001 0.494
0.001 0.003 0.004 0.018 0 0.002 0 0.02 0 0 0 0.002 0.002 0.004 0.004 0 0.001 0.001 0.003 0.003 0.007 0.001 0.008 0.003 0.008 0.022 0 0.003 0 0.001 0.001 0.008 0.021 0.012 0.658 0.001 0.021 0.009 0.002 0.008 0.014 0.001 0.091 0.025 0.008 0.001 0.002 0.02 0.032 0.013 0.052 0.012 0.008 0.008 0.009 0.043 0.011 0.001 0.001 0.001 0.011 0.002 0.001 0.001 0.005 0.003 0.012 0.002 0.001 1 0.001 0.001 0.01 0.001 0.001 0.002
0.034 0.026 0.04 0.01 0.001 0 0.005 0 0.001 0.005 0.003 0.002 0.003 0 0 0 0.001 0.001 0.004 0 0.029 0.008 0.004 0 0.002 0.009 0.002 0.004 0 0 0 0.002 0.009 0.023 0.001 0.002 0.001 0.003 0.001 0.01 0.026 0.002 0.009 0.044 0.075 0.002 0.003 0.013 0.023 0.001 0.001 0.107 0.121 0.122 0.099 0.001 0.108 0.296 0 0 0.081 0.002 0.001 0.001 0.002 0.003 0.111 0.002 0.001 0.001 1 0.001 0.092 0.001 0.002 0.002
0.005 0.009 0.009 0 0.002 0.001 0.003 0 0 0.002 0.002 0.001 0 0.009 0.009 0 0.003 0.001 0.045 0.008 0.014 0.006 0.001 0.008 0.005 0.001 0.001 0.041 0.002 0.001 0.001 0.005 0.03 0.02 0.001 0.001 0.001 0.005 0.001 0.005 0.019 0.001 0.087 0.016 0.005 0.001 0.001 0.012 0.035 0.008 0 0.008 0.005 0.005 0.006 0 0.007 0.001 0.001 0 0.007 0.001 0.001 0 0.003 0.002 0.007 0.001 0.001 0.001 0.001 1 0.006 0 0.001 0.001
0.001 0.001 0 0.036 0 0.001 0.011 0.045 0.006 0.008 0.003 0.095 0.002 0.007 0.009 0 0 0.008 0.213 0.005 0.401 0.025 0.136 0.008 0.008 0.057 0.01 0.239 0.001 0.007 0.001 0.008 0.061 0.067 0.009 0.002 0.004 0.024 0 0.053 0.122 0.001 0.07 0.205 0.588 0.011 0.025 0.189 0.175 0.068 0.006 0.718 0.65 0.646 0.684 0.007 0.846 0.038 0.105 0.064 0.721 0.015 0.007 0.003 0.405 0.022 0.733 0.016 0.106 0.01 0.092 0.006 1 0.006 0.012 0.156
0.004 0.005 0.005 0.001 0.036 0.031 0.003 0.004 0 0.002 0.002 0.001 0.005 0.014 0.012 0 0.003 0 0.002 0.015 0.005 0.001 0 0.016 0 0.001 0.001 0.002 0.035 0.007 0.004 0.005 0 0.001 0.001 0.053 0.001 0.005 0.031 0.005 0.001 0.001 0.001 0.001 0.005 0.001 0.001 0.013 0.007 0 0.413 0.008 0.005 0.005 0.006 0.474 0.007 0.001 0.001 0 0.007 0.001 0.001 0 0.003 0.002 0.008 0.001 0.001 0.001 0.001 0 0.006 1 0.112 0.001
0.006 0.005 0.005 0.009 0 0 0.005 0.005 0.001 0.004 0.003 0.002 0.001 0.004 0.005 0.009 0.006 0.001 0.004 0.001 0.007 0.024 0.003 0.004 0.006 0.002 0.002 0.004 0 0.001 0.001 0.009 0.004 0.008 0.001 0 0.001 0.003 0 0.006 0.009 0.02 0 0.015 0.009 0 0.002 0.015 0.003 0.033 0.01 0.015 0.009 0.01 0.011 0.031 0.014 0.001 0.002 0.001 0.014 0.071 0.001 0.001 0.006 0.003 0.013 0.092 0.001 0.001 0.002 0.001 0.012 0.112 1 0.002
0.01 0.008 0.008 0.024 0.001 0 0.005 0.028 0.001 0.004 0.004 0.318 0.001 0.014 0.016 0.006 0.007 0.001 0.003 0.018 0.125 0.001 0.063 0.017 0.011 0.031 0.003 0.004 0.004 0.001 0.002 0.011 0.032 0.037 0.001 0.002 0.001 0.007 0.003 0.006 0.041 0.002 0.011 0.035 0.1 0.002 0.003 0.042 0.028 0.007 0.001 0.088 0.144 0.169 0.138 0.001 0.143 0.003 0.536 0.001 0.135 0.002 0.001 0.001 0.004 0.004 0.123 0.003 0.494 0.002 0.002 0.001 0.156 0.001 0.002 1
