1 0.828 0.844 0.442 0.162 0.125 0.257 0.305 0.011 0.211 0.105 0.025 0.032 0.521 0.473 0.006 0.23 0.056 0.037 0.536 0.006 0.122 0.116 0.549 0.33 0.288 0.01 0.039 0.138 0.048 0.056 0.293 0.256 0.134 0 0.051 0.008 0.055 0.067 0.039 0.121 0.015 0.014 0.079 0.001 0.014 0.065 0.014 0.009 0.068 0.016 0.01 0.004 0.003 0.001 0.015 0.001 0.03 0.006 0.004 0.007 0.014 0.008 0.026 0.027 0.013 0.001 0.015 0.001 0.001 0.013 0 0 0.005 0.002 0.002
0.828 1 0.95 0.435 0.194 0.149 0.307 0.289 0.009 0.252 0.125 0.021 0.038 0.601 0.55 0.004 0.237 0.068 0.031 0.587 0.002 0.11 0.106 0.62 0.361 0.287 0.018 0.035 0.166 0.058 0.067 0.324 0.255 0.137 0.002 0.063 0.008 0.062 0.082 0.058 0.117 0.012 0.032 0.097 0 0.013 0.05 0.015 0.006 0.044 0.021 0.007 0.005 0.004 0.001 0.02 0 0.038 0.005 0 0.004 0.01 0.008 0.033 0.032 0.022 0.001 0.012 0 0.006 0.009 0.008 0 0.009 0 0.001
0.844 0.95 1 0.448 0.187 0.145 0.297 0.301 0.009 0.244 0.121 0.021 0.037 0.618 0.565 0.005 0.269 0.065 0.032 0.612 0.003 0.106 0.106 0.646 0.39 0.312 0.019 0.036 0.161 0.056 0.065 0.348 0.276 0.151 0.002 0.06 0.01 0.074 0.079 0.054 0.13 0.012 0.029 0.103 0.001 0.013 0.077 0.019 0.006 0.049 0.02 0.01 0.006 0.005 0.002 0.019 0.001 0.037 0.005 0 0.007 0.011 0.007 0.032 0.03 0.023 0.003 0.012 0.001 0.006 0.018 0.009 0 0.008 0.001 0.001
0.442 0.435 0.448 1 0.068 0.048 0.147 0.788 0.018 0.121 0.06 0.043 0.018 0.277 0.263 0.013 0.138 0.042 0.064 0.275 0.031 0.247 0.316 0.305 0.213 0.611 0.001 0.063 0.054 0.034 0.032 0.174 0.581 0.352 0.034 0.019 0.021 0.011 0.026 0.005 0.406 0.029 0.228 0 0.033 0.026 0.033 0.013 0.233 0.157 0.007 0.009 0.052 0.054 0.037 0.005 0.017 0.015 0.005 0.002 0.011 0.03 0.015 0.005 0.06 0.062 0.013 0.033 0.002 0.025 0 0.021 0.023 0 0.005 0.005
0.162 0.194 0.187 0.068 1 0.772 0.01 0.104 0.002 0.008 0.004 0.004 0.196 0.188 0.173 0 0.011 0.003 0.006 0.182 0.016 0.018 0.043 0.187 0.019 0.098 0.004 0.007 0.89 0.315 0.349 0.02 0.083 0.041 0 0.341 0.002 0.02 0.461 0.019 0.035 0.004 0.001 0.018 0.011 0.003 0.269 0.036 0.008 0.019 0.111 0.025 0.011 0.01 0.013 0.076 0 0.003 0 0.028 0.015 0.002 0.002 0.207 0.006 0.005 0.003 0.003 0 0.002 0 0.002 0 0.053 0.007 0
0.125 0.149 0.145 0.048 0.772 1 0.008 0.082 0.001 0.006 0.003 0.003 0.001 0.147 0.135 0 0.008 0.002 0.005 0.14 0.012 0.013 0.032 0.142 0.015 0.074 0.003 0.005 0.678 0.409 0.434 0.015 0.059 0.025 0.002 0.444 0.002 0.015 0.601 0.014 0.021 0.003 0.013 0.044 0.007 0.002 0.355 0.026 0.033 0.012 0.099 0.047 0.007 0.007 0.008 0.068 0 0.003 0 0.039 0.031 0.004 0.002 0.272 0.004 0.004 0.011 0.004 0 0.002 0 0.001 0.001 0.048 0.005 0
0.257 0.307 0.297 0.147 0.01 0.008 1 0.167 0.003 0.821 0.408 0.006 0.002 0.302 0.278 0.003 0.704 0.005 0.009 0.294 0.025 0.033 0.085 0.31 0.448 0.161 0.006 0.011 0.01 0.004 0.004 0.441 0.163 0.11 0 0.004 0.003 0.304 0.006 0.308 0.104 0.001 0.016 0.075 0.007 0.005 0.007 0.099 0.133 0.026 0.002 0.018 0.03 0.029 0.008 0.003 0.012 0.005 0.003 0.004 0.018 0.002 0.003 0.004 0.014 0.005 0.016 0.002 0.003 0 0.008 0.003 0.016 0.004 0.005 0.004
0.305 0.289 0.301 0.788 0.104 0.082 0.167 1 0.016 0.137 0.068 0.038 0.021 0.38 0.35 0.011 0.157 0.048 0.055 0.361 0.137 0.215 0.463 0.395 0.254 0.749 0.002 0.053 0.087 0.039 0.037 0.21 0.721 0.453 0.039 0.031 0.018 0.021 0.039 0.012 0.519 0.025 0.261 0.002 0.095 0.027 0.039 0.029 0.284 0.18 0.016 0.044 0.134 0.137 0.105 0.012 0.064 0.027 0.004 0.001 0.049 0.03 0.015 0.016 0.055 0.071 0.053 0.033 0.005 0.029 0.009 0.024 0.062 0.003 0.001 0.014
0.011 0.009 0.009 0.018 0.002 0.001 0.003 0.016 1 0.002 0.001 0.001 0 0.001 0 0.001 0.003 0.001 0.002 0.009 0.004 0.002 0.008 0.008 0.005 0.015 0.13 0.002 0.002 0.001 0.001 0.005 0.014 0.012 0.001 0.001 0.001 0.001 0.001 0.001 0.003 0.001 0.005 0.009 0.005 0.003 0.001 0.002 0.012 0.01 0 0.007 0.005 0.005 0.005 0.001 0.006 0.001 0 0.001 0.007 0 0.357 0.001 0.002 0.001 0.006 0 0 0.001 0.001 0 0.005 0.001 0.001 0
0.211 0.252 0.244 0.121 0.008 0.006 0.821 0.137 0.002 1 0.496 0.005 0.002 0.248 0.228 0.002 0.755 0.004 0.008 0.238 0.021 0.026 0.07 0.251 0.365 0.133 0.005 0.009 0.008 0.003 0.003 0.359 0.134 0.089 0 0.003 0.003 0.228 0.005 0.228 0.086 0 0.012 0.053 0.004 0.004 0.005 0.071 0.099 0.024 0.002 0.012 0.025 0.024 0.005 0.002 0.007 0.004 0.002 0.003 0.012 0.001 0.003 0.003 0.011 0.004 0.01 0.001 0.002 0 0.006 0.002 0.011 0.003 0.004 0.003
0.105 0.125 0.121 0.06 0.004 0.003 0.408 0.068 0.001 0.496 1 0.003 0.001 0.123 0.113 0.001 0.384 0.002 0.004 0.129 0.01 0.017 0.035 0.136 0.184 0.074 0.002 0.004 0.004 0.001 0.001 0.181 0.076 0.048 0.001 0.002 0.001 0.093 0.003 0.086 0.05 0.002 0.002 0.018 0 0.002 0.003 0.027 0.043 0.023 0.001 0.001 0.012 0.012 0 0.002 0.001 0.002 0.001 0.001 0.003 0.003 0.001 0.002 0.006 0.003 0.002 0.003 0.001 0.001 0.003 0.001 0.005 0.002 0.001 0.002
0.025 0.021 0.021 0.043 0.004 0.003 0.006 0.038 0.001 0.005 0.003 1 0.001 0.006 0.006 0 0.007 0.002 0.004 0.007 0.209 0.013 0.064 0.019 0.012 0.035 0.002 0.004 0.004 0.001 0.001 0.011 0.033 0.045 0.001 0.002 0.001 0.013 0.002 0.012 0.051 0.002 0.01 0.058 0.168 0.002 0.002 0.054 0.027 0.003 0.001 0.119 0.171 0.156 0.137 0.002 0.136 0.016 0.204 0.099 0.118 0.003 0.001 0.001 0.001 0.003 0.114 0.003 0.079 0.001 0.102 0.001 0.145 0.002 0.003 0.172
0.032 0.038 0.037 0.018 0.196 0.001 0.002 0.021 0 0.002 0.001 0.001 1 0.037 0.034 0 0.002 0.001 0.001 0.039 0.003 0.005 0.011 0.041 0.004 0.022 0.001 0.001 0.192 0 0 0.004 0.023 0.017 0.009 0.001 0 0.004 0.001 0.004 0.015 0.001 0.073 0.012 0.004 0.001 0.001 0.01 0.025 0.008 0.012 0.005 0.004 0.004 0.004 0.008 0.005 0.001 0 0 0.005 0 0 0 0.002 0.001 0.005 0 0 0 0.001 0 0.004 0.005 0.003 0
0.521 0.601 0.618 0.277 0.188 0.147 0.302 0.38 0.001 0.248 0.123 0.006 0.037 1 0.887 0.004 0.291 0.086 0.021 0.75 0.051 0.093 0.191 0.79 0.495 0.375 0.008 0.025 0.163 0.057 0.067 0.417 0.334 0.222 0.002 0.062 0.01 0.1 0.08 0.076 0.215 0.012 0.027 0.06 0.025 0.014 0.08 0.007 0.015 0.046 0.032 0.001 0.048 0.047 0.031 0.029 0.009 0.004 0.005 0 0.001 0.013 0.001 0.035 0.022 0.021 0.005 0.015 0.004 0.006 0 0.009 0.008 0.014 0 0.008
0.473 0.55 0.565 0.263 0.173 0.135 0.278 0.35 0 0.228 0.113 0.006 0.034 0.887 1 0.005 0.268 0.079 0.023 0.728 0.056 0.083 0.185 0.767 0.477 0.374 0.004 0.027 0.151 0.052 0.061 0.438 0.309 0.226 0.002 0.057 0.011 0.119 0.074 0.095 0.223 0.013 0.027 0.058 0.035 0.002 0.073 0.007 0.022 0.031 0.029 0.003 0.061 0.06 0.042 0.026 0.016 0.004 0.005 0 0.006 0.015 0 0.033 0.025 0.02 0.01 0.016 0.005 0.006 0 0.006 0.015 0.012 0.001 0.009
0.006 0.004 0.005 0.013 0 0 0.003 0.011 0.001 0.002 0.001 0 0 0.004 0.005 1 0.003 0.001 0.001 0.009 0 0.049 0.033 0.008 0.005 0.015 0.001 0 0.002 0.001 0.001 0.006 0.016 0.021 0.001 0.001 0.001 0.006 0.001 0.005 0.024 0.002 0.005 0.003 0.001 0.001 0.001 0.007 0.012 0.029 0.001 0.002 0.001 0.001 0.001 0.001 0 0.001 0.004 0.001 0 0.001 0.001 0.001 0 0.001 0 0.001 0.004 0.001 0.001 0 0 0.001 0.001 0.002
0.23 0.237 0.269 0.138 0.011 0.008 0.704 0.157 0.003 0.755 0.384 0.007 0.002 0.291 0.268 0.003 1 0.005 0.01 0.314 0.027 0.036 0.09 0.331 0.453 0.173 0.006 0.011 0.011 0.004 0.004 0.445 0.158 0.105 0 0.004 0 0.283 0.006 0.215 0.099 0.001 0.012 0.075 0.004 0.005 0.002 0.091 0.091 0.024 0.002 0.003 0.023 0.023 0.005 0.003 0.001 0.006 0.003 0.004 0.003 0.002 0.003 0.004 0.004 0.005 0.002 0.003 0.003 0 0.001 0.003 0.002 0.005 0.005 0.004
0.056 0.068 0.065 0.042 0.003 0.002 0.005 0.048 0.001 0.004 0.002 0.002 0.001 0.086 0.079 0.001 0.005 1 0.003 0.09 0.007 0.012 0.024 0.095 0.147 0.051 0.002 0.003 0.003 0.001 0.001 0.144 0.053 0.039 0.001 0.001 0.001 0.009 0.002 0.008 0.035 0.002 0.008 0.028 0.008 0.001 0.002 0.022 0.011 0.002 0 0.012 0.008 0.008 0.009 0 0.01 0.002 0.001 0.001 0.012 0.002 0.001 0.001 0.004 0.002 0.011 0.002 0.001 0.001 0.002 0.001 0.009 0 0.002 0.001
0.037 0.031 0.032 0.064 0.006 0.005 0.009 0.055 0.002 0.008 0.004 0.004 0.001 0.021 0.023 0.001 0.01 0.003 1 0.03 0.378 0.025 0.112 0.028 0.018 0.052 0.003 0.879 0.003 0.002 0.002 0.019 0.048 0.062 0.002 0.003 0.002 0.019 0.004 0.017 0.074 0.003 0.014 0.087 0.298 0.003 0.004 0.057 0.038 0.029 0.002 0.204 0.279 0.299 0.261 0.002 0.235 0.003 0.002 0.002 0.186 0.004 0.002 0.002 0.648 0.005 0.227 0.005 0.002 0.002 0.004 0 0.197 0.003 0.004 0.002
0.536 0.587 0.612 0.275 0.182 0.14 0.294 0.361 0.009 0.238 0.129 0.007 0.039 0.75 0.728 0.009 0.314 0.09 0.03 1 0.059 0.114 0.218 0.941 0.579 0.472 0.018 0.031 0.171 0.06 0.069 0.534 0.377 0.229 0.002 0.063 0.003 0.086 0.083 0.064 0.204 0.015 0.026 0.048 0.029 0.015 0.082 0.004 0.012 0.055 0.033 0 0.048 0.05 0.03 0.031 0.011 0.017 0.009 0.001 0.003 0.017 0.009 0.036 0.013 0.021 0.006 0.018 0.009 0.005 0.001 0.008 0.013 0.015 0 0.012
0.006 0.002 0.003 0.031 0.016 0.012 0.025 0.137 0.004 0.021 0.01 0.209 0.003 0.051 0.056 0 0.027 0.007 0.378 0.059 1 0.065 0.295 0.075 0.048 0.134 0.009 0.386 0.013 0.006 0.006 0.047 0.115 0.156 0.006 0.001 0.005 0.049 0.003 0.046 0.18 0.009 0.04 0.235 0.72 0.005 0.003 0.166 0.1 0.034 0.004 0.551 0.725 0.713 0.642 0.006 0.59 0.166 0.029 0.016 0.51 0.011 0.005 0 0.309 0.013 0.576 0.012 0.036 0.006 0.131 0.002 0.515 0.008 0.011 0.075
0.122 0.11 0.106 0.247 0.018 0.013 0.033 0.215 0.002 0.026 0.017 0.013 0.005 0.093 0.083 0.049 0.036 0.012 0.025 0.114 0.065 1 0.381 0.124 0.08 0.217 0.014 0.019 0.027 0.009 0.009 0.063 0.197 0.022 0.01 0.012 0.045 0.043 0.017 0.048 0.031 0.113 0.061 0.014 0.071 0.103 0.017 0.007 0.005 0.132 0.001 0.072 0.043 0.04 0.045 0 0.061 0.013 0.001 0.01 0.061 0.081 0.001 0.01 0.016 0.014 0.063 0.091 0.001 0.004 0.018 0.007 0.05 0.007 0.017 0.001
0.116 0.106 0.106 0.316 0.043 0.032 0.085 0.463 0.008 0.07 0.035 0.064 0.011 0.191 0.185 0.033 0.09 0.024 0.112 0.218 0.295 0.381 1 0.254 0.164 0.447 0.03 0.127 0.05 0.019 0.019 0.141 0.397 0.167 0.02 0.013 0.019 0.001 0.022 0.002 0.208 0.029 0.128 0.096 0.206 0.054 0.022 0.078 0.083 0.017 0.006 0.137 0.258 0.26 0.217 0.003 0.168 0.046 0.011 0.005 0.136 0.014 0.007 0.008 0.108 0.034 0.14 0.017 0.015 0.012 0.027 0.011 0.154 0 0.001 0.032
0.549 0.62 0.646 0.305 0.187 0.142 0.31 0.395 0.008 0.251 0.136 0.019 0.041 0.79 0.767 0.008 0.331 0.095 0.028 0.941 0.075 0.124 0.254 1 0.615 0.516 0.017 0.032 0.182 0.063 0.073 0.568 0.41 0.26 0.001 0.069 0.002 0.096 0.09 0.071 0.234 0.018 0.023 0.046 0.039 0.015 0.088 0.002 0.016 0.051 0.035 0.003 0.069 0.067 0.046 0.033 0.02 0.016 0.009 0 0.007 0.019 0.008 0.04 0.021 0.02 0.012 0.02 0.008 0.005 0.004 0.008 0.019 0.017 0 0.012
0.33 0.361 0.39 0.213 0.019 0.015 0.448 0.254 0.005 0.365 0.184 0.012 0.004 0.495 0.477 0.005 0.453 0.147 0.018 0.579 0.048 0.08 0.164 0.615 1 0.33 0.011 0.021 0.02 0.007 0.007 0.873 0.285 0.195 0.007 0.008 0.001 0.218 0.012 0.174 0.178 0.011 0.046 0.032 0.022 0.009 0 0.04 0.04 0.033 0 0.025 0.048 0.047 0.025 0.001 0.016 0.01 0.006 0.007 0.024 0.014 0.005 0.006 0.012 0.012 0.022 0.015 0.005 0.008 0.005 0.005 0.018 0 0.005 0.008
0.288 0.287 0.312 0.611 0.098 0.074 0.161 0.749 0.015 0.133 0.074 0.035 0.022 0.375 0.374 0.015 0.173 0.051 0.052 0.472 0.134 0.217 0.447 0.516 0.33 1 0.031 0.06 0.095 0.041 0.04 0.317 0.863 0.582 0.034 0.034 0.008 0.026 0.043 0.016 0.523 0.031 0.182 0.001 0.098 0.021 0.043 0.023 0.233 0.147 0.01 0.043 0.138 0.135 0.101 0.006 0.072 0.029 0.01 0.001 0.05 0.036 0.014 0.018 0.05 0.011 0.06 0.038 0.009 0.025 0.016 0.026 0.071 0.001 0.001 0.021
0.01 0.018 0.019 0.001 0.004 0.003 0.006 0.002 0.13 0.005 0.002 0.002 0.001 0.008 0.004 0.001 0.006 0.002 0.003 0.018 0.009 0.014 0.03 0.017 0.011 0.031 1 0.004 0.004 0.001 0.001 0.011 0.03 0.04 0 0.002 0.001 0.011 0.002 0.01 0.003 0.002 0.037 0.034 0.01 0.002 0.002 0.01 0.006 0.007 0.001 0.011 0.007 0.007 0.008 0.001 0.01 0.002 0.001 0.001 0.011 0.001 0.135 0.001 0.002 0.138 0.01 0.001 0.001 0 0.003 0.001 0.008 0.002 0.002 0.001
0.039 0.035 0.036 0.063 0.007 0.005 0.011 0.053 0.002 0.009 0.004 0.004 0.001 0.025 0.027 0 0.011 0.003 0.879 0.031 0.386 0.019 0.127 0.032 0.021 0.06 0.004 1 0.004 0.002 0.002 0.021 0.055 0.071 0.003 0.003 0.002 0.021 0.004 0.02 0.084 0.004 0.016 0.086 0.308 0.003 0.005 0.053 0.044 0.026 0.002 0.209 0.29 0.292 0.27 0.002 0.242 0.004 0.002 0.002 0.174 0.005 0.002 0.003 0.678 0.005 0.233 0.005 0.002 0.003 0.005 0.001 0.207 0.003 0.005 0.003
0.138 0.166 0.161 0.054 0.89 0.678 0.01 0.087 0.002 0.008 0.004 0.004 0.192 0.163 0.151 0.002 0.011 0.003 0.003 0.171 0.013 0.027 0.05 0.182 0.02 0.095 0.004 0.004 1 0.308 0.341 0.02 0.089 0.048 0 0.338 0.002 0.02 0.527 0.014 0.042 0.004 0.001 0.026 0.008 0.003 0.322 0.033 0.009 0.027 0.109 0.037 0.009 0.008 0.011 0.074 0.001 0.003 0.002 0.027 0.02 0.003 0.002 0.252 0.004 0.005 0.006 0.003 0.002 0.002 0 0.002 0 0.051 0.007 0.003
0.048 0.058 0.056 0.034 0.315 0.409 0.004 0.039 0.001 0.003 0.001 0.001 0 0.057 0.052 0.001 0.004 0.001 0.002 0.06 0.006 0.009 0.019 0.063 0.007 0.041 0.001 0.002 0.308 1 0.906 0.007 0.022 0.014 0.001 0.061 0.001 0.007 0.309 0.007 0.012 0.001 0.002 0.012 0.007 0.001 0.141 0.018 0.01 0.004 0.038 0.012 0.007 0.007 0.008 0.026 0.006 0.001 0.001 0 0.01 0.002 0.001 0.196 0.003 0.002 0 0.002 0.001 0.001 0 0.003 0.006 0.019 0.007 0.001
0.056 0.067 0.065 0.032 0.349 0.434 0.004 0.037 0.001 0.003 0.001 0.001 0 0.067 0.061 0.001 0.004 0.001 0.002 0.069 0.006 0.009 0.019 0.073 0.007 0.04 0.001 0.002 0.341 0.906 1 0.007 0.02 0.013 0.001 0.068 0.001 0.007 0.33 0.006 0.011 0.001 0.005 0.015 0.007 0.001 0.152 0.017 0.013 0.003 0.04 0.014 0.007 0.006 0.007 0.027 0.006 0.001 0.001 0 0.012 0.001 0.001 0.204 0.003 0.002 0 0.001 0.001 0.001 0 0.001 0.005 0.02 0.007 0.001
0.293 0.324 0.348 0.174 0.02 0.015 0.441 0.21 0.005 0.359 0.181 0.011 0.004 0.417 0.438 0.006 0.445 0.144 0.019 0.534 0.047 0.063 0.141 0.568 0.873 0.317 0.011 0.021 0.02 0.007 0.007 1 0.29 0.214 0.007 0.008 0.001 0.249 0.012 0.202 0.197 0.011 0.047 0.035 0.022 0.01 0 0.044 0.043 0.033 0.002 0.025 0.048 0.047 0.025 0.004 0.016 0.01 0.006 0.007 0.025 0.014 0.006 0.006 0.011 0.012 0.022 0.015 0.005 0.008 0.005 0.005 0.018 0.006 0.011 0.007
0.256 0.255 0.276 0.581 0.083 0.059 0.163 0.721 0.014 0.134 0.076 0.033 0.023 0.334 0.309 0.016 0.158 0.053 0.048 0.377 0.115 0.197 0.397 0.41 0.285 0.863 0.03 0.055 0.089 0.022 0.02 0.29 1 0.685 0.035 0.055 0.017 0.034 0.078 0.027 0.622 0.031 0.194 0 0.104 0.024 0.077 0.019 0.259 0.185 0.01 0.033 0.145 0.142 0.106 0.003 0.074 0.028 0.007 0.001 0.037 0.035 0.015 0.044 0.058 0.012 0.045 0.038 0.009 0.026 0.015 0.03 0.073 0 0.009 0.017
0.134 0.137 0.151 0.352 0.041 0.025 0.11 0.453 0.012 0.089 0.048 0.045 0.017 0.222 0.226 0.021 0.105 0.039 0.062 0.229 0.156 0.022 0.167 0.26 0.195 0.582 0.04 0.071 0.048 0.014 0.013 0.214 0.685 1 0.025 0.037 0.022 0.266 0.054 0.254 0.881 0.042 0.125 0.026 0.164 0.037 0.057 0 0.434 0.142 0.004 0.078 0.211 0.203 0.167 0 0.132 0.038 0.011 0.003 0.082 0.035 0.021 0.02 0.077 0.005 0.094 0.039 0.01 0.017 0.034 0.022 0.128 0.001 0.011 0.024
0 0.002 0.002 0.034 0 0.002 0 0.039 0.001 0 0.001 0.001 0.009 0.002 0.002 0.001 0 0.001 0.002 0.002 0.006 0.01 0.02 0.001 0.007 0.034 0 0.003 0 0.001 0.001 0.007 0.035 0.025 1 0.001 0.001 0.007 0.002 0.007 0.029 0.001 0.134 0.023 0.007 0.001 0.002 0.018 0.054 0.015 0 0.01 0.007 0.007 0.008 0.001 0.009 0.001 0.001 0.001 0.01 0.002 0.001 0.001 0.003 0.002 0.009 0.002 0.001 0.634 0.002 0.001 0.008 0.001 0.002 0.001
0.051 0.063 0.06 0.019 0.341 0.444 0.004 0.031 0.001 0.003 0.002 0.002 0.001 0.062 0.057 0.001 0.004 0.001 0.003 0.063 0.001 0.012 0.013 0.069 0.008 0.034 0.002 0.003 0.338 0.061 0.068 0.008 0.055 0.037 0.001 1 0.001 0.009 0.561 0.009 0.036 0.002 0.008 0.047 0.009 0.001 0.282 0.02 0.02 0.019 0.182 0.031 0.009 0.009 0.01 0.13 0 0.002 0.001 0.058 0.018 0.002 0.001 0.146 0.002 0.002 0.02 0.002 0.001 0.001 0.002 0.001 0 0.093 0 0.001
0.008 0.008 0.01 0.021 0.002 0.002 0.003 0.018 0.001 0.003 0.001 0.001 0 0.01 0.011 0.001 0 0.001 0.002 0.003 0.005 0.045 0.019 0.002 0.001 0.008 0.001 0.002 0.002 0.001 0.001 0.001 0.017 0.022 0.001 0.001 1 0.006 0.001 0.006 0.025 0.001 0.005 0.007 0 0.001 0.001 0.006 0.012 0.004 0.001 0.002 0.001 0 0.001 0.001 0.001 0.001 0.001 0.001 0.002 0.001 0 0.001 0 0.002 0.001 0.002 0.001 0.005 0.001 0.001 0.001 0.001 0.001 0.001
0.055 0.062 0.074 0.011 0.02 0.015 0.304 0.021 0.001 0.228 0.093 0.013 0.004 0.1 0.119 0.006 0.283 0.009 0.019 0.086 0.049 0.043 0.001 0.096 0.218 0.026 0.011 0.021 0.02 0.007 0.007 0.249 0.034 0.266 0.007 0.009 0.006 1 0.013 0.906 0.237 0.012 0.053 0.267 0.058 0.137 0 0.217 0.282 0.009 0.005 0.056 0.059 0.055 0.062 0.007 0.044 0.01 0.004 0.007 0.051 0.006 0.006 0.007 0.021 0.011 0.049 0.005 0.004 0.008 0.005 0.005 0.037 0.01 0.004 0.006
0.067 0.082 0.079 0.026 0.461 0.601 0.006 0.039 0.001 0.005 0.003 0.002 0.001 0.08 0.074 0.001 0.006 0.002 0.004 0.083 0.003 0.017 0.022 0.09 0.012 0.043 0.002 0.004 0.527 0.309 0.33 0.012 0.078 0.054 0.002 0.561 0.001 0.013 1 0.007 0.051 0.002 0.011 0.067 0.012 0.002 0.513 0.03 0.029 0.027 0.125 0.064 0.012 0.012 0.014 0.087 0.004 0.002 0.001 0.014 0.051 0.003 0.001 0.418 0.003 0.003 0.022 0.003 0.001 0.002 0.002 0.001 0.003 0.061 0 0.002
0.039 0.058 0.054 0.005 0.019 0.014 0.308 0.012 0.001 0.228 0.086 0.012 0.004 0.076 0.095 0.005 0.215 0.008 0.017 0.064 0.046 0.048 0.002 0.071 0.174 0.016 0.01 0.02 0.014 0.007 0.006 0.202 0.027 0.254 0.007 0.009 0.006 0.906 0.007 1 0.228 0.011 0.049 0.255 0.054 0.147 0.007 0.192 0.305 0.007 0.005 0.072 0.055 0.052 0.059 0.007 0.066 0.01 0.004 0.007 0.066 0.006 0.006 0.003 0.025 0.01 0.062 0.006 0.003 0.007 0.014 0.005 0.058 0.009 0.005 0.005
0.121 0.117 0.13 0.406 0.035 0.021 0.104 0.519 0.003 0.086 0.05 0.051 0.015 0.215 0.223 0.024 0.099 0.035 0.074 0.204 0.18 0.031 0.208 0.234 0.178 0.523 0.003 0.084 0.042 0.012 0.011 0.197 0.622 0.881 0.029 0.036 0.025 0.237 0.051 0.228 1 0.047 0.207 0.012 0.187 0.033 0.051 0.004 0.505 0.171 0.005 0.098 0.242 0.233 0.192 0 0.156 0.042 0.013 0.004 0.103 0.04 0.009 0.017 0.092 0.053 0.115 0.044 0.012 0.021 0.04 0.02 0.15 0.001 0.012 0.028
0.015 0.012 0.012 0.029 0.004 0.003 0.001 0.025 0.001 0 0.002 0.002 0.001 0.012 0.013 0.002 0.001 0.002 0.003 0.015 0.009 0.113 0.029 0.018 0.011 0.031 0.002 0.004 0.004 0.001 0.001 0.011 0.031 0.042 0.001 0.002 0.001 0.012 0.002 0.011 0.047 1 0.009 0.026 0.01 0.002 0.002 0.017 0.021 0.03 0.001 0.007 0.004 0.004 0.002 0.001 0.012 0.002 0.001 0.001 0.007 0.388 0.001 0.001 0.004 0.001 0.013 0.417 0.001 0.001 0.003 0.001 0.005 0.002 0.007 0.001
0.014 0.032 0.029 0.228 0.001 0.013 0.016 0.261 0.005 0.012 0.002 0.01 0.073 0.027 0.027 0.005 0.012 0.008 0.014 0.026 0.04 0.061 0.128 0.023 0.046 0.182 0.037 0.016 0.001 0.002 0.005 0.047 0.194 0.125 0.134 0.008 0.005 0.053 0.011 0.049 0.207 0.009 1 0.166 0.047 0.007 0.011 0.124 0.37 0.086 0.001 0.07 0.051 0.049 0.054 0.002 0.061 0.009 0.005 0.006 0.068 0.009 0.004 0.007 0.023 0.249 0.063 0.01 0.005 0.115 0.013 0.097 0.053 0.004 0 0.007
0.079 0.097 0.103 0 0.018 0.044 0.075 0.002 0.009 0.053 0.018 0.058 0.012 0.06 0.058 0.003 0.075 0.028 0.087 0.048 0.235 0.014 0.096 0.046 0.032 0.001 0.034 0.086 0.026 0.012 0.015 0.035 0 0.026 0.023 0.047 0.007 0.267 0.067 0.255 0.012 0.026 0.166 1 0.241 0.041 0.067 0.435 0.006 0.075 0.002 0.312 0.242 0.232 0.191 0 0.23 0.053 0.009 0.037 0.264 0.025 0.016 0.036 0.09 0.04 0.248 0.028 0.007 0.025 0.075 0.016 0.218 0.002 0.02 0.016
0.001 0 0.001 0.033 0.011 0.007 0.007 0.095 0.005 0.004 0 0.168 0.004 0.025 0.035 0.001 0.004 0.008 0.298 0.029 0.72 0.071 0.206 0.039 0.022 0.098 0.01 0.308 0.008 0.007 0.007 0.022 0.104 0.164 0.007 0.009 0 0.058 0.012 0.054 0.187 0.01 0.047 0.241 1 0.009 0.012 0.233 0.127 0.05 0.005 0.67 0.835 0.81 0.859 0.007 0.782 0.152 0.031 0.041 0.621 0.013 0.006 0.001 0.308 0.015 0.656 0.014 0.037 0.007 0.171 0.005 0.679 0.009 0.014 0.072
0.014 0.013 0.013 0.026 0.003 0.002 0.005 0.027 0.003 0.004 0.002 0.002 0.001 0.014 0.002 0.001 0.005 0.001 0.003 0.015 0.005 0.103 0.054 0.015 0.009 0.021 0.002 0.003 0.003 0.001 0.001 0.01 0.024 0.037 0.001 0.001 0.001 0.137 0.002 0.147 0.033 0.002 0.007 0.041 0.009 1 0.002 0.016 0.048 0.053 0.001 0.013 0.009 0.009 0.01 0.001 0.011 0.002 0.001 0.001 0.011 0.002 0.001 0.001 0.004 0.001 0.012 0.001 0.001 0.001 0.002 0.001 0.01 0.002 0.002 0.001
0.065 0.05 0.077 0.033 0.269 0.355 0.007 0.039 0.001 0.005 0.003 0.002 0.001 0.08 0.073 0.001 0.002 0.002 0.004 0.082 0.003 0.017 0.022 0.088 0 0.043 0.002 0.005 0.322 0.141 0.152 0 0.077 0.057 0.002 0.282 0.001 0 0.513 0.007 0.051 0.002 0.011 0.067 0.012 0.002 1 0.007 0.029 0.028 0.001 0.155 0.013 0.012 0.013 0.002 0.006 0.002 0.001 0.047 0.11 0.003 0.001 0.422 0 0.003 0.06 0.003 0.001 0.002 0.003 0.001 0.008 0.002 0.003 0.002
0.014 0.015 0.019 0.013 0.036 0.026 0.099 0.029 0.002 0.071 0.027 0.054 0.01 0.007 0.007 0.007 0.091 0.022 0.057 0.004 0.166 0.007 0.078 0.002 0.04 0.023 0.01 0.053 0.033 0.018 0.017 0.044 0.019 0 0.018 0.02 0.006 0.217 0.03 0.192 0.004 0.017 0.124 0.435 0.233 0.016 0.007 1 0.008 0.029 0.013 0.172 0.242 0.239 0.229 0.018 0.219 0.052 0.008 0.011 0.169 0.035 0.003 0.008 0.086 0.037 0.163 0.037 0.007 0.019 0.053 0.01 0.235 0.024 0.028 0.024
0.009 0.006 0.006 0.233 0.008 0.033 0.133 0.284 0.012 0.099 0.043 0.027 0.025 0.015 0.022 0.012 0.091 0.011 0.038 0.012 0.1 0.005 0.083 0.016 0.04 0.233 0.006 0.044 0.009 0.01 0.013 0.043 0.259 0.434 0.054 0.02 0.012 0.282 0.029 0.305 0.505 0.021 0.37 0.006 0.127 0.048 0.029 0.008 1 0.104 0.005 0.184 0.129 0.127 0.145 0.009 0.161 0.023 0.012 0.016 0.18 0.018 0.012 0.017 0.059 0.116 0.166 0.02 0.012 0.043 0.033 0.038 0.142 0.015 0.005 0.017
0.068 0.044 0.049 0.157 0.019 0.012 0.026 0.18 0.01 0.024 0.023 0.003 0.008 0.046 0.031 0.029 0.024 0.002 0.029 0.055 0.034 0.132 0.017 0.051 0.033 0.147 0.007 0.026 0.027 0.004 0.003 0.033 0.185 0.142 0.015 0.019 0.004 0.009 0.027 0.007 0.171 0.03 0.086 0.075 0.05 0.053 0.028 0.029 0.104 1 0.011 0.09 0.048 0.046 0.055 0.002 0.057 0.003 0 0.015 0.075 0.065 0.012 0.016 0.037 0.031 0.064 0.072 0.002 0.007 0.004 0.011 0.057 0.001 0.045 0.004
0.016 0.021 0.02 0.007 0.111 0.099 0.002 0.016 0 0.002 0.001 0.001 0.012 0.032 0.029 0.001 0.002 0 0.002 0.033 0.004 0.001 0.006 0.035 0 0.01 0.001 0.002 0.109 0.038 0.04 0.002 0.01 0.004 0 0.182 0.001 0.005 0.125 0.005 0.005 0.001 0.001 0.002 0.005 0.001 0.001 0.013 0.005 0.011 1 0.007 0.005 0.005 0.006 0.734 0.006 0.001 0 0.001 0.007 0.001 0.001 0.001 0.002 0.001 0.007 0.001 0 0 0.001 0 0.006 0.542 0.011 0.001
0.01 0.007 0.01 0.009 0.025 0.047 0.018 0.044 0.007 0.012 0.001 0.119 0.005 0.001 0.003 0.002 0.003 0.012 0.204 0 0.551 0.072 0.137 0.003 0.025 0.043 0.011 0.209 0.037 0.012 0.014 0.025 0.033 0.078 0.01 0.031 0.002 0.056 0.064 0.072 0.098 0.007 0.07 0.312 0.67 0.013 0.155 0.172 0.184 0.09 0.007 1 0.701 0.679 0.705 0.01 0.769 0.123 0.019 0.086 0.867 0.02 0.009 0.085 0.298 0.021 0.798 0.021 0.024 0.011 0.177 0.007 0.689 0.013 0.02 0.054
0.004 0.005 0.006 0.052 0.011 0.007 0.03 0.134 0.005 0.025 0.012 0.171 0.004 0.048 0.061 0.001 0.023 0.008 0.279 0.048 0.725 0.043 0.258 0.069 0.048 0.138 0.007 0.29 0.009 0.007 0.007 0.048 0.145 0.211 0.007 0.009 0.001 0.059 0.012 0.055 0.242 0.004 0.051 0.242 0.835 0.009 0.013 0.242 0.129 0.048 0.005 0.701 1 0.952 0.875 0.007 0.77 0.175 0.03 0.043 0.653 0.014 0.006 0.001 0.375 0.015 0.66 0.015 0.037 0.007 0.195 0.005 0.707 0.009 0.014 0.081
0.003 0.004 0.005 0.054 0.01 0.007 0.029 0.137 0.005 0.024 0.012 0.156 0.004 0.047 0.06 0.001 0.023 0.008 0.299 0.05 0.713 0.04 0.26 0.067 0.047 0.135 0.007 0.292 0.008 0.007 0.006 0.047 0.142 0.203 0.007 0.009 0 0.055 0.012 0.052 0.233 0.004 0.049 0.232 0.81 0.009 0.012 0.239 0.127 0.046 0.005 0.679 0.952 1 0.856 0.007 0.753 0.179 0.036 0.024 0.655 0.013 0.006 0.001 0.359 0.015 0.644 0.014 0.044 0.007 0.199 0.005 0.689 0.009 0.014 0.09
0.001 0.001 0.002 0.037 0.013 0.008 0.008 0.105 0.005 0.005 0 0.137 0.004 0.031 0.042 0.001 0.005 0.009 0.261 0.03 0.642 0.045 0.217 0.046 0.025 0.101 0.008 0.27 0.011 0.008 0.007 0.025 0.106 0.167 0.008 0.01 0.001 0.062 0.014 0.059 0.192 0.002 0.054 0.191 0.859 0.01 0.013 0.229 0.145 0.055 0.006 0.705 0.875 0.856 1 0.008 0.818 0.157 0.042 0.037 0.681 0.011 0.007 0.002 0.351 0.017 0.692 0.012 0.038 0.008 0.173 0.005 0.7 0.011 0.015 0.078
0.015 0.02 0.019 0.005 0.076 0.068 0.003 0.012 0.001 0.002 0.002 0.002 0.008 0.029 0.026 0.001 0.003 0 0.002 0.031 0.006 0 0.003 0.033 0.001 0.006 0.001 0.002 0.074 0.026 0.027 0.004 0.003 0 0.001 0.13 0.001 0.007 0.087 0.007 0 0.001 0.002 0 0.007 0.001 0.002 0.018 0.009 0.002 0.734 0.01 0.007 0.007 0.008 1 0.009 0.001 0.001 0.001 0.01 0.002 0.001 0.001 0.003 0.002 0.009 0.002 0.001 0.001 0.002 0.001 0.008 0.68 0.04 0.001
0.001 0 0.001 0.017 0 0 0.012 0.064 0.006 0.007 0.001 0.136 0.005 0.009 0.016 0 0.001 0.01 0.235 0.011 0.59 0.061 0.168 0.02 0.016 0.072 0.01 0.242 0.001 0.006 0.006 0.016 0.074 0.132 0.009 0 0.001 0.044 0.004 0.066 0.156 0.012 0.061 0.23 0.782 0.011 0.006 0.219 0.161 0.057 0.006 0.769 0.77 0.753 0.818 0.009 1 0.139 0.057 0.098 0.768 0.017 0.007 0.002 0.354 0.019 0.803 0.018 0.072 0.009 0.201 0.006 0.844 0.012 0.017 0.104
0.03 0.038 0.037 0.015 0.003 0.003 0.005 0.027 0.001 0.004 0.002 0.016 0.001 0.004 0.004 0.001 0.006 0.002 0.003 0.017 0.166 0.013 0.046 0.016 0.01 0.029 0.002 0.004 0.003 0.001 0.001 0.01 0.028 0.038 0.001 0.002 0.001 0.01 0.002 0.01 0.042 0.002 0.009 0.053 0.152 0.002 0.002 0.052 0.023 0.003 0.001 0.123 0.175 0.179 0.157 0.001 0.139 1 0 0.001 0.12 0.002 0.001 0.001 0.001 0.003 0.124 0.003 0 0.001 0.239 0.001 0.099 0.002 0.002 0
0.006 0.005 0.005 0.005 0 0 0.003 0.004 0 0.002 0.001 0.204 0 0.005 0.005 0.004 0.003 0.001 0.002 0.009 0.029 0.001 0.011 0.009 0.006 0.01 0.001 0.002 0.002 0.001 0.001 0.006 0.007 0.011 0.001 0.001 0.001 0.004 0.001 0.004 0.013 0.001 0.005 0.009 0.031 0.001 0.001 0.008 0.012 0 0 0.019 0.03 0.036 0.042 0.001 0.057 0 1 0.001 0.05 0.001 0.001 0.001 0.002 0.001 0.038 0.001 0.158 0.001 0 0 0.046 0.001 0.001 0.409
0.004 0 0 0.002 0.028 0.039 0.004 0.001 0.001 0.003 0.001 0.099 0 0 0 0.001 0.004 0.001 0.002 0.001 0.016 0.01 0.005 0 0.007 0.001 0.001 0.002 0.027 0 0 0.007 0.001 0.003 0.001 0.058 0.001 0.007 0.014 0.007 0.004 0.001 0.006 0.037 0.041 0.001 0.047 0.011 0.016 0.015 0.001 0.086 0.043 0.024 0.037 0.001 0.098 0.001 0.001 1 0.061 0.002 0.001 0.001 0 0.002 0.035 0.002 0.001 0.001 0.027 0.001 0.111 0.001 0.002 0.001
0.007 0.004 0.007 0.011 0.015 0.031 0.018 0.049 0.007 0.012 0.003 0.118 0.005 0.001 0.006 0 0.003 0.012 0.186 0.003 0.51 0.061 0.136 0.007 0.024 0.05 0.011 0.174 0.02 0.01 0.012 0.025 0.037 0.082 0.01 0.018 0.002 0.051 0.051 0.066 0.103 0.007 0.068 0.264 0.621 0.011 0.11 0.169 0.18 0.075 0.007 0.867 0.653 0.655 0.681 0.01 0.768 0.12 0.05 0.061 1 0.019 0.008 0.086 0.268 0.021 0.853 0.02 0.064 0.01 0.176 0.007 0.693 0.013 0.019 0.093
0.014 0.01 0.011 0.03 0.002 0.004 0.002 0.03 0 0.001 0.003 0.003 0 0.013 0.015 0.001 0.002 0.002 0.004 0.017 0.011 0.081 0.014 0.019 0.014 0.036 0.001 0.005 0.003 0.002 0.001 0.014 0.035 0.035 0.002 0.002 0.001 0.006 0.003 0.006 0.04 0.388 0.009 0.025 0.013 0.002 0.003 0.035 0.018 0.065 0.001 0.02 0.014 0.013 0.011 0.002 0.017 0.002 0.001 0.002 0.019 1 0.001 0.002 0.006 0.004 0.018 0.936 0.001 0.002 0.003 0.001 0.015 0.002 0.084 0.002
0.008 0.008 0.007 0.015 0.002 0.002 0.003 0.015 0.357 0.003 0.001 0.001 0 0.001 0 0.001 0.003 0.001 0.002 0.009 0.005 0.001 0.007 0.008 0.005 0.014 0.135 0.002 0.002 0.001 0.001 0.006 0.015 0.021 0.001 0.001 0 0.006 0.001 0.006 0.009 0.001 0.004 0.016 0.006 0.001 0.001 0.003 0.012 0.012 0.001 0.009 0.006 0.006 0.007 0.001 0.007 0.001 0.001 0.001 0.008 0.001 1 0.001 0.003 0.002 0.008 0.002 0.001 0.001 0.002 0.001 0.007 0.001 0.001 0.001
0.026 0.033 0.032 0.005 0.207 0.272 0.004 0.016 0.001 0.003 0.002 0.001 0 0.035 0.033 0.001 0.004 0.001 0.002 0.036 0 0.01 0.008 0.04 0.006 0.018 0.001 0.003 0.252 0.196 0.204 0.006 0.044 0.02 0.001 0.146 0.001 0.007 0.418 0.003 0.017 0.001 0.007 0.036 0.001 0.001 0.422 0.008 0.017 0.016 0.001 0.085 0.001 0.001 0.002 0.001 0.002 0.001 0.001 0.001 0.086 0.002 0.001 1 0.002 0.002 0.037 0.002 0.001 0.001 0.002 0.001 0.002 0.001 0.002 0.001
0.027 0.032 0.03 0.06 0.006 0.004 0.014 0.055 0.002 0.011 0.006 0.001 0.002 0.022 0.025 0 0.004 0.004 0.648 0.013 0.309 0.016 0.108 0.021 0.012 0.05 0.002 0.678 0.004 0.003 0.003 0.011 0.058 0.077 0.003 0.002 0 0.021 0.003 0.025 0.092 0.004 0.023 0.09 0.308 0.004 0 0.086 0.059 0.037 0.002 0.298 0.375 0.359 0.351 0.003 0.354 0.001 0.002 0 0.268 0.006 0.003 0.002 1 0.007 0.336 0.007 0.002 0.003 0.006 0.002 0.296 0.004 0.006 0
0.013 0.022 0.023 0.062 0.005 0.004 0.005 0.071 0.001 0.004 0.003 0.003 0.001 0.021 0.02 0.001 0.005 0.002 0.005 0.021 0.013 0.014 0.034 0.02 0.012 0.011 0.138 0.005 0.005 0.002 0.002 0.012 0.012 0.005 0.002 0.002 0.002 0.011 0.003 0.01 0.053 0.001 0.249 0.04 0.015 0.001 0.003 0.037 0.116 0.031 0.001 0.021 0.015 0.015 0.017 0.002 0.019 0.003 0.001 0.002 0.021 0.004 0.002 0.002 0.007 1 0.019 0.004 0.001 0.002 0.004 0.001 0.017 0.003 0.001 0.002
0.001 0.001 0.003 0.013 0.003 0.011 0.016 0.053 0.006 0.01 0.002 0.114 0.005 0.005 0.01 0 0.002 0.011 0.227 0.006 0.576 0.063 0.14 0.012 0.022 0.06 0.01 0.233 0.006 0 0 0.022 0.045 0.094 0.009 0.02 0.001 0.049 0.022 0.062 0.115 0.013 0.063 0.248 0.656 0.012 0.06 0.163 0.166 0.064 0.007 0.798 0.66 0.644 0.692 0.009 0.803 0.124 0.038 0.035 0.853 0.018 0.008 0.037 0.336 0.019 1 0.019 0.07 0.01 0.197 0.006 0.688 0.012 0.017 0.081
0.015 0.012 0.012 0.033 0.003 0.004 0.002 0.033 0 0.001 0.003 0.003 0 0.015 0.016 0.001 0.003 0.002 0.005 0.018 0.012 0.091 0.017 0.02 0.015 0.038 0.001 0.005 0.003 0.002 0.001 0.015 0.038 0.039 0.002 0.002 0.002 0.005 0.003 0.006 0.044 0.417 0.01 0.028 0.014 0.001 0.003 0.037 0.02 0.072 0.001 0.021 0.015 0.014 0.012 0.002 0.018 0.003 0.001 0.002 0.02 0.936 0.002 0.002 0.007 0.004 0.019 1 0.001 0.002 0.004 0.001 0.016 0.002 0.092 0.002
0.001 0 0.001 0.002 0 0 0.003 0.005 0 0.002 0.001 0.079 0 0.004 0.005 0.004 0.003 0.001 0.002 0.009 0.036 0.001 0.015 0.008 0.005 0.009 0.001 0.002 0.002 0.001 0.001 0.005 0.009 0.01 0.001 0.001 0.001 0.004 0.001 0.003 0.012 0.001 0.005 0.007 0.037 0.001 0.001 0.007 0.012 0.002 0 0.024 0.037 0.044 0.038 0.001 0.072 0 0.158 0.001 0.064 0.001 0.001 0.001 0.002 0.001 0.07 0.001 1 0.001 0.001 0 0.06 0.001 0.001 0.367
0.001 0.006 0.006 0.025 0.002 0.002 0 0.029 0.001 0 0.001 0.001 0 0.006 0.006 0.001 0 0.001 0.002 0.005 0.006 0.004 0.012 0.005 0.008 0.025 0 0.003 0.002 0.001 0.001 0.008 0.026 0.017 0.634 0.001 0.005 0.008 0.002 0.007 0.021 0.001 0.115 0.025 0.007 0.001 0.002 0.019 0.043 0.007 0 0.011 0.007 0.007 0.008 0.001 0.009 0.001 0.001 0.001 0.01 0.002 0.001 0.001 0.003 0.002 0.01 0.002 0.001 1 0.002 0.001 0.008 0.001 0.002 0.001
0.013 0.009 0.018 0 0 0 0.008 0.009 0.001 0.006 0.003 0.102 0.001 0 0 0.001 0.001 0.002 0.004 0.001 0.131 0.018 0.027 0.004 0.005 0.016 0.003 0.005 0 0 0 0.005 0.015 0.034 0.002 0.002 0.001 0.005 0.002 0.014 0.04 0.003 0.013 0.075 0.171 0.002 0.003 0.053 0.033 0.004 0.001 0.177 0.195 0.199 0.173 0.002 0.201 0.239 0 0.027 0.176 0.003 0.002 0.002 0.006 0.004 0.197 0.004 0.001 0.002 1 0.001 0.218 0.002 0.003 0
0 0.008 0.009 0.021 0.002 0.001 0.003 0.024 0 0.002 0.001 0.001 0 0.009 0.006 0 0.003 0.001 0 0.008 0.002 0.007 0.011 0.008 0.005 0.026 0.001 0.001 0.002 0.003 0.001 0.005 0.03 0.022 0.001 0.001 0.001 0.005 0.001 0.005 0.02 0.001 0.097 0.016 0.005 0.001 0.001 0.01 0.038 0.011 0 0.007 0.005 0.005 0.005 0.001 0.006 0.001 0 0.001 0.007 0.001 0.001 0.001 0.002 0.001 0.006 0.001 0 0.001 0.001 1 0.005 0.001 0.001 0.001
0 0 0 0.023 0 0.001 0.016 0.062 0.005 0.011 0.005 0.145 0.004 0.008 0.015 0 0.002 0.009 0.197 0.013 0.515 0.05 0.154 0.019 0.018 0.071 0.008 0.207 0 0.006 0.005 0.018 0.073 0.128 0.008 0 0.001 0.037 0.003 0.058 0.15 0.005 0.053 0.218 0.679 0.01 0.008 0.235 0.142 0.057 0.006 0.689 0.707 0.689 0.7 0.008 0.844 0.099 0.046 0.111 0.693 0.015 0.007 0.002 0.296 0.017 0.688 0.016 0.06 0.008 0.218 0.005 1 0.01 0.015 0.112
0.005 0.009 0.008 0 0.053 0.048 0.004 0.003 0.001 0.003 0.002 0.002 0.005 0.014 0.012 0.001 0.005 0 0.003 0.015 0.008 0.007 0 0.017 0 0.001 0.002 0.003 0.051 0.019 0.02 0.006 0 0.001 0.001 0.093 0.001 0.01 0.061 0.009 0.001 0.002 0.004 0.002 0.009 0.002 0.002 0.024 0.015 0.001 0.542 0.013 0.009 0.009 0.011 0.68 0.012 0.002 0.001 0.001 0.013 0.002 0.001 0.001 0.004 0.003 0.012 0.002 0.001 0.001 0.002 0.001 0.01 1 0.103 0.001
0.002 0 0.001 0.005 0.007 0.005 0.005 0.001 0.001 0.004 0.001 0.003 0.003 0 0.001 0.001 0.005 0.002 0.004 0 0.011 0.017 0.001 0 0.005 0.001 0.002 0.005 0.007 0.007 0.007 0.011 0.009 0.011 0.002 0 0.001 0.004 0 0.005 0.012 0.007 0 0.02 0.014 0.002 0.003 0.028 0.005 0.045 0.011 0.02 0.014 0.014 0.015 0.04 0.017 0.002 0.001 0.002 0.019 0.084 0.001 0.002 0.006 0.001 0.017 0.092 0.001 0.002 0.003 0.001 0.015 0.103 1 0.002
0.002 0.001 0.001 0.005 0 0 0.004 0.014 0 0.003 0.002 0.172 0 0.008 0.009 0.002 0.004 0.001 0.002 0.012 0.075 0.001 0.032 0.012 0.008 0.021 0.001 0.003 0.003 0.001 0.001 0.007 0.017 0.024 0.001 0.001 0.001 0.006 0.002 0.005 0.028 0.001 0.007 0.016 0.072 0.001 0.002 0.024 0.017 0.004 0.001 0.054 0.081 0.09 0.078 0.001 0.104 0 0.409 0.001 0.093 0.002 0.001 0.001 0 0.002 0.081 0.002 0.367 0.001 0 0.001 0.112 0.001 0.002 1
