1 0.857 0.872 0.441 0.176 0.133 0.275 0.284 0.01 0.236 0.128 0.029 0.038 0.574 0.565 0.006 0.3 0.028 0.034 0.57 0.007 0.128 0.122 0.635 0.355 0.29 0.009 0.035 0.162 0.05 0.036 0.301 0.254 0.132 0.001 0.033 0.002 0.066 0.06 0.051 0.112 0.02 0.016 0.082 0 0.006 0.06 0.031 0.008 0.074 0.004 0.019 0.006 0.006 0 0.003 0.005 0.031 0.016 0.016 0.012 0.008 0.016 0.017 0.03 0.014 0.005 0.01 0 0 0.02 0.005 0.005 0.004 0.008 0.001
0.857 1 0.942 0.439 0.199 0.15 0.31 0.275 0.009 0.265 0.144 0.026 0.043 0.643 0.624 0.005 0.304 0.032 0.03 0.598 0.003 0.134 0.123 0.68 0.37 0.307 0.027 0.031 0.184 0.056 0.041 0.315 0.269 0.138 0.001 0.038 0.004 0.062 0.069 0.056 0.102 0.018 0.026 0.086 0.001 0.013 0.046 0.028 0.004 0.059 0.005 0.017 0.005 0.006 0 0.004 0.003 0.036 0.014 0.012 0.01 0.006 0.014 0.02 0.033 0.026 0.006 0.008 0.001 0 0.014 0.009 0.004 0.006 0.007 0
0.872 0.942 1 0.473 0.2 0.151 0.312 0.302 0.009 0.267 0.145 0.026 0.043 0.663 0.644 0.005 0.342 0.032 0.03 0.641 0.003 0.131 0.12 0.726 0.407 0.338 0.027 0.03 0.186 0.057 0.042 0.349 0.298 0.159 0.001 0.039 0.013 0.078 0.07 0.057 0.121 0.018 0.025 0.101 0.001 0.013 0.07 0.037 0.005 0.064 0.005 0.024 0.005 0.006 0 0.004 0.007 0.037 0.014 0.011 0.015 0.006 0.014 0.02 0.03 0.026 0.009 0.008 0.001 0 0.025 0.009 0.008 0.006 0.007 0
0.441 0.439 0.473 1 0.088 0.064 0.155 0.786 0.018 0.132 0.072 0.052 0.021 0.31 0.313 0.011 0.167 0.023 0.06 0.288 0.038 0.282 0.348 0.349 0.208 0.615 0.001 0.063 0.077 0.028 0.017 0.169 0.57 0.339 0.026 0.015 0.027 0.011 0.028 0.006 0.399 0.034 0.204 0 0.021 0.028 0.028 0.003 0.217 0.201 0.011 0.003 0.053 0.056 0.024 0.007 0.011 0.015 0.026 0.003 0.006 0.021 0.029 0.002 0.07 0.051 0.01 0.025 0 0.024 0.003 0.01 0.009 0.001 0.012 0.006
0.176 0.199 0.2 0.088 1 0.753 0.013 0.113 0.002 0.011 0.006 0.005 0.213 0.21 0.199 0 0.015 0.002 0.006 0.206 0.017 0.022 0.048 0.212 0.022 0.112 0.006 0.004 0.826 0.283 0.238 0.023 0.085 0.042 0.021 0.135 0.003 0.023 0.299 0.022 0.02 0.004 0.001 0.008 0.013 0.003 0.174 0.024 0.01 0.009 0.039 0.012 0.01 0.01 0.014 0.026 0 0.003 0.002 0.087 0.002 0.002 0.003 0.066 0.005 0.008 0 0.002 0.001 0.006 0 0.002 0.001 0.04 0 0.003
0.133 0.15 0.151 0.064 0.753 1 0.01 0.086 0.001 0.008 0.005 0.004 0.001 0.16 0.151 0 0.012 0.001 0.004 0.153 0.013 0.015 0.034 0.156 0.016 0.082 0.004 0.003 0.605 0.376 0.319 0.017 0.057 0.023 0.002 0.185 0.002 0.018 0.403 0.017 0.008 0.003 0.016 0.028 0.008 0.002 0.238 0.014 0.04 0.004 0.042 0.028 0.006 0.006 0.009 0.029 0.001 0.002 0.001 0.118 0.01 0.003 0.002 0.091 0.003 0.006 0.003 0.004 0.001 0.002 0.001 0.001 0 0.047 0.001 0.002
0.275 0.31 0.312 0.155 0.013 0.01 1 0.154 0.003 0.856 0.465 0.008 0.003 0.329 0.311 0.002 0.779 0.003 0.009 0.345 0.026 0.047 0.091 0.366 0.578 0.198 0.007 0.011 0.014 0.004 0.005 0.535 0.191 0.118 0.001 0.005 0.004 0.267 0.008 0.265 0.124 0.006 0.009 0.053 0 0.005 0.008 0.106 0.103 0.045 0.003 0.002 0.029 0.03 0 0.003 0.001 0.004 0.005 0.003 0.001 0.006 0.005 0.004 0.015 0.004 0.001 0.007 0.004 0.002 0.006 0.003 0 0.004 0.005 0.006
0.284 0.275 0.302 0.786 0.113 0.086 0.154 1 0.016 0.129 0.083 0.046 0.024 0.373 0.367 0.01 0.17 0.027 0.043 0.338 0.135 0.234 0.461 0.402 0.226 0.708 0.003 0.045 0.102 0.032 0.021 0.193 0.674 0.416 0.03 0.018 0.024 0.018 0.034 0.01 0.49 0.03 0.238 0.002 0.061 0.027 0.034 0.009 0.261 0.226 0.013 0.021 0.119 0.123 0.067 0.009 0.04 0.013 0.022 0.004 0.028 0.032 0.028 0.009 0.055 0.062 0.032 0.036 0.017 0.028 0.003 0.012 0.029 0.002 0.009 0.033
0.01 0.009 0.009 0.018 0.002 0.001 0.003 0.016 1 0.002 0.001 0.001 0 0.001 0 0 0.003 0 0.001 0.008 0.004 0.004 0.009 0.008 0.005 0.014 0.111 0.001 0.002 0.001 0.001 0.005 0.014 0.014 0 0.001 0.001 0.003 0.001 0.002 0.001 0.001 0.005 0.011 0.005 0 0.001 0.002 0.011 0.01 0 0.007 0.004 0.004 0.005 0 0.006 0.001 0.001 0 0.006 0.001 0.376 0.001 0.002 0.002 0.006 0.001 0.001 0.001 0.001 0 0.005 0.001 0.001 0.001
0.236 0.265 0.267 0.132 0.011 0.008 0.856 0.129 0.002 1 0.543 0.007 0.002 0.281 0.266 0.002 0.698 0.003 0.008 0.295 0.022 0.04 0.077 0.313 0.496 0.17 0.006 0.009 0.012 0.003 0.004 0.454 0.163 0.096 0.001 0.004 0.004 0.2 0.007 0.195 0.105 0.005 0.006 0.035 0.001 0.004 0.007 0.077 0.075 0.042 0.002 0 0.025 0.025 0.001 0.003 0 0.003 0.004 0.003 0 0.005 0.004 0.003 0.014 0.002 0 0.006 0.003 0.001 0.005 0.002 0.001 0.003 0.005 0.005
0.128 0.144 0.145 0.072 0.006 0.005 0.465 0.083 0.001 0.543 1 0.004 0.001 0.153 0.145 0.001 0.396 0.001 0.004 0.161 0.012 0.022 0.042 0.171 0.266 0.093 0.003 0.005 0.007 0.002 0.002 0.241 0.088 0.041 0 0.002 0.002 0.089 0.004 0.092 0.057 0.003 0.001 0.015 0.002 0.002 0.004 0.053 0.031 0.029 0.001 0 0.014 0.014 0.003 0.002 0 0.002 0.002 0.001 0.001 0.003 0.002 0.002 0.007 0.004 0.001 0.004 0.002 0 0.003 0.001 0.002 0.002 0.002 0.003
0.029 0.026 0.026 0.052 0.005 0.004 0.008 0.046 0.001 0.007 0.004 1 0.001 0.016 0.011 0.001 0.01 0.001 0.004 0.005 0.226 0.019 0.057 0.022 0.014 0.039 0.004 0.004 0.005 0.001 0.002 0.004 0.031 0.041 0.001 0.001 0.002 0.015 0 0.014 0.05 0.002 0.013 0.067 0.123 0.002 0 0.053 0.032 0.006 0.001 0.109 0.157 0.143 0.123 0.001 0.106 0.003 0.424 0.01 0.082 0.003 0.002 0.002 0 0.004 0.114 0.003 0.076 0.001 0.028 0.001 0.049 0.002 0.002 0.167
0.038 0.043 0.043 0.021 0.213 0.001 0.003 0.024 0 0.002 0.001 0.001 1 0.045 0.043 0 0.003 0 0.001 0.047 0.004 0.006 0.012 0.05 0.005 0.027 0.001 0.001 0.199 0.001 0.001 0.005 0.027 0.021 0.136 0.001 0.001 0.005 0.001 0.005 0.016 0.001 0.079 0.015 0.005 0.001 0.001 0.011 0.026 0.008 0.001 0.006 0.004 0.004 0.005 0.001 0.006 0.001 0.001 0 0.006 0.001 0 0 0.002 0.002 0.006 0 0.001 0.057 0.001 0 0.005 0 0 0.001
0.574 0.643 0.663 0.31 0.21 0.16 0.329 0.373 0.001 0.281 0.153 0.016 0.045 1 0.902 0.005 0.365 0.049 0.025 0.751 0.065 0.116 0.226 0.844 0.493 0.423 0.014 0.026 0.207 0.06 0.064 0.411 0.383 0.249 0.001 0.049 0.013 0.108 0.083 0.083 0.218 0.017 0.017 0.058 0.017 0.011 0.083 0.012 0.017 0.074 0.008 0.001 0.058 0.063 0.018 0.007 0.004 0.007 0.014 0.017 0 0.015 0.005 0.03 0.024 0.017 0.001 0.017 0.01 0 0 0.008 0.001 0.009 0.004 0.018
0.565 0.624 0.644 0.313 0.199 0.151 0.311 0.367 0 0.266 0.145 0.011 0.043 0.902 1 0.005 0.345 0.047 0.026 0.714 0.062 0.121 0.227 0.805 0.47 0.393 0.01 0.027 0.196 0.057 0.06 0.396 0.363 0.235 0.001 0.061 0.013 0.102 0.093 0.078 0.208 0.018 0.019 0.057 0.018 0.01 0.093 0.01 0.014 0.065 0.007 0.001 0.059 0.064 0.019 0.006 0.005 0.002 0.015 0.015 0 0.016 0.003 0.041 0.026 0.023 0 0.018 0.011 0 0 0.006 0.002 0.008 0.005 0.019
0.006 0.005 0.005 0.011 0 0 0.002 0.01 0 0.002 0.001 0.001 0 0.005 0.005 1 0.003 0 0.001 0.006 0 0.034 0.024 0.006 0.004 0.001 0.001 0 0.001 0 0 0.004 0.011 0.014 0 0.001 0 0.004 0.001 0.004 0.016 0.002 0.003 0.002 0.001 0.001 0.001 0.004 0.009 0.021 0 0.002 0 0 0.001 0 0 0 0 0 0.001 0.001 0.001 0 0 0.001 0.001 0.001 0 0 0.001 0 0 0 0.002 0
0.3 0.304 0.342 0.167 0.015 0.012 0.779 0.17 0.003 0.698 0.396 0.01 0.003 0.365 0.345 0.003 1 0.004 0.011 0.407 0.031 0.055 0.107 0.432 0.679 0.234 0.009 0.013 0.016 0.004 0.005 0.629 0.216 0.136 0.002 0.006 0.001 0.332 0.009 0.267 0.139 0.007 0.012 0.076 0 0.006 0 0.097 0.097 0.055 0.003 0 0.03 0.03 0 0.004 0 0.005 0.006 0.004 0 0.008 0.006 0.005 0.007 0.005 0 0.008 0.005 0.002 0.001 0.003 0.002 0.005 0.006 0.008
0.028 0.032 0.032 0.023 0.002 0.001 0.003 0.027 0 0.003 0.001 0.001 0 0.049 0.047 0 0.004 1 0.001 0.052 0.004 0.007 0.014 0.055 0.089 0.03 0.001 0.002 0.002 0.001 0.001 0.084 0.03 0.023 0.001 0.001 0.001 0.005 0.001 0.005 0.019 0.001 0.005 0.017 0.005 0.001 0.001 0.012 0.006 0.002 0.001 0.007 0.004 0.004 0.005 0.001 0.006 0.001 0.001 0 0.007 0.001 0.001 0.001 0.002 0.002 0.007 0.001 0.001 0.001 0.001 0 0.006 0 0.001 0.001
0.034 0.03 0.03 0.06 0.006 0.004 0.009 0.043 0.001 0.008 0.004 0.004 0.001 0.025 0.026 0.001 0.011 0.001 1 0.027 0.353 0.021 0.102 0.025 0.013 0.043 0.004 0.839 0.006 0.002 0 0.014 0.033 0.039 0.002 0.002 0.002 0.014 0.004 0.014 0.054 0.002 0.008 0.068 0.228 0.002 0.004 0.066 0.025 0.032 0.001 0.158 0.241 0.258 0.21 0.001 0.182 0.002 0.002 0.001 0.166 0.003 0.002 0.002 0.497 0.005 0.167 0.004 0.002 0.002 0.003 0.004 0.187 0.002 0.002 0.003
0.57 0.598 0.641 0.288 0.206 0.153 0.345 0.338 0.008 0.295 0.161 0.005 0.047 0.751 0.714 0.006 0.407 0.052 0.027 1 0.038 0.118 0.188 0.889 0.56 0.443 0.024 0.015 0.171 0.063 0.047 0.478 0.376 0.219 0.001 0.021 0.007 0.098 0.052 0.074 0.176 0.012 0.019 0.061 0.005 0.014 0.054 0.02 0.013 0.085 0.009 0.003 0.03 0.031 0.005 0.008 0 0.012 0.015 0.014 0 0.012 0.014 0.008 0.01 0.023 0 0.013 0.012 0 0.001 0.008 0 0.01 0.003 0.019
0.007 0.003 0.003 0.038 0.017 0.013 0.026 0.135 0.004 0.022 0.012 0.226 0.004 0.065 0.062 0 0.031 0.004 0.353 0.038 1 0.057 0.282 0.071 0.041 0.123 0.012 0.354 0.017 0.005 0.003 0.03 0.1 0.126 0.004 0 0.005 0.045 0.002 0.042 0.162 0.007 0.034 0.185 0.567 0.005 0.002 0.198 0.089 0.035 0.003 0.445 0.661 0.655 0.546 0.004 0.47 0.106 0.068 0 0.382 0.002 0.006 0 0.255 0.015 0.454 0.003 0.088 0.005 0.078 0 0.373 0.005 0.005 0.128
0.128 0.134 0.131 0.282 0.022 0.015 0.047 0.234 0.004 0.04 0.022 0.019 0.006 0.116 0.121 0.034 0.055 0.007 0.021 0.118 0.057 1 0.413 0.127 0.078 0.193 0.02 0.017 0.032 0.008 0.01 0.059 0.194 0.034 0.008 0.011 0.047 0.025 0.018 0.029 0.046 0.099 0.057 0.014 0.048 0.083 0.018 0.012 0.013 0.154 0.001 0.061 0.026 0.023 0.032 0 0.045 0.009 0.004 0.007 0.046 0.042 0 0.009 0.008 0.007 0.05 0.055 0.002 0.006 0.012 0.006 0.038 0.005 0.025 0.005
0.122 0.123 0.12 0.348 0.048 0.034 0.091 0.461 0.009 0.077 0.042 0.057 0.012 0.226 0.227 0.024 0.107 0.014 0.102 0.188 0.282 0.413 1 0.248 0.149 0.396 0.04 0.11 0.062 0.017 0.016 0.111 0.366 0.165 0.016 0.01 0.02 0 0.023 0 0.234 0.043 0.132 0.066 0.16 0.043 0.023 0.073 0.106 0.035 0.005 0.098 0.246 0.253 0.181 0.002 0.127 0.026 0.021 0 0.094 0.017 0.005 0.006 0.101 0.038 0.101 0.023 0.035 0.013 0.014 0.004 0.1 0 0.004 0.043
0.635 0.68 0.726 0.349 0.212 0.156 0.366 0.402 0.008 0.313 0.171 0.022 0.05 0.844 0.805 0.006 0.432 0.055 0.025 0.889 0.071 0.127 0.248 1 0.595 0.519 0.022 0.026 0.22 0.067 0.05 0.509 0.441 0.274 0.001 0.047 0.006 0.11 0.085 0.084 0.227 0.015 0.016 0.057 0.017 0.013 0.085 0.014 0.019 0.082 0.009 0.001 0.063 0.063 0.019 0.009 0.004 0.011 0.014 0.014 0 0.014 0.013 0.027 0.021 0.021 0.001 0.016 0.011 0 0.002 0.007 0.002 0.011 0.005 0.018
0.355 0.37 0.407 0.208 0.022 0.016 0.578 0.226 0.005 0.496 0.266 0.014 0.005 0.493 0.47 0.004 0.679 0.089 0.013 0.56 0.041 0.078 0.149 0.595 1 0.313 0.013 0.018 0.023 0.006 0.008 0.864 0.285 0.186 0.006 0.008 0.003 0.251 0.013 0.203 0.179 0.009 0.029 0.04 0.004 0.008 0 0.051 0.054 0.059 0.001 0.006 0.044 0.045 0.005 0 0.003 0.007 0.009 0.005 0.004 0.011 0.008 0.006 0.013 0.01 0.004 0.012 0.007 0.006 0.003 0.005 0.001 0 0.004 0.011
0.29 0.307 0.338 0.615 0.112 0.082 0.198 0.708 0.014 0.17 0.093 0.039 0.027 0.423 0.393 0.001 0.234 0.03 0.043 0.443 0.123 0.193 0.396 0.519 0.313 1 0.042 0.049 0.117 0.036 0.024 0.28 0.826 0.556 0.029 0.022 0.015 0.034 0.041 0.023 0.459 0.026 0.127 0 0.063 0.019 0.041 0.005 0.197 0.172 0.012 0.019 0.125 0.128 0.068 0.004 0.042 0.02 0.024 0.005 0.023 0.028 0.025 0.012 0.05 0.002 0.033 0.032 0.018 0.027 0.009 0.014 0.032 0 0.011 0.034
0.009 0.027 0.027 0.001 0.006 0.004 0.007 0.003 0.111 0.006 0.003 0.004 0.001 0.014 0.01 0.001 0.009 0.001 0.004 0.024 0.012 0.02 0.04 0.022 0.013 0.042 1 0.005 0.006 0.002 0.002 0.014 0.042 0.055 0 0.002 0.002 0.014 0.004 0.013 0.005 0.002 0.05 0.041 0.015 0 0.004 0.027 0.009 0 0.001 0.02 0.012 0.012 0.015 0.001 0.017 0.002 0.002 0.001 0.018 0.003 0.14 0.002 0.006 0.161 0.019 0.003 0.002 0 0.003 0.001 0.015 0.002 0.002 0.003
0.035 0.031 0.03 0.063 0.004 0.003 0.011 0.045 0.001 0.009 0.005 0.004 0.001 0.026 0.027 0 0.013 0.002 0.839 0.015 0.354 0.017 0.11 0.026 0.018 0.049 0.005 1 0.007 0.002 0 0.019 0.043 0.051 0.002 0.003 0.002 0.019 0.004 0.018 0.068 0.003 0.01 0.07 0.252 0.003 0.004 0.072 0.033 0.029 0.001 0.174 0.269 0.283 0.232 0.002 0.201 0.002 0.003 0.002 0.144 0.003 0.003 0.002 0.552 0.006 0.184 0.004 0.002 0.002 0.003 0.003 0.209 0.002 0.003 0.003
0.162 0.184 0.186 0.077 0.826 0.605 0.014 0.102 0.002 0.012 0.007 0.005 0.199 0.207 0.196 0.001 0.016 0.002 0.006 0.171 0.017 0.032 0.062 0.22 0.023 0.117 0.006 0.007 1 0.263 0.221 0.025 0.11 0.063 0.019 0.251 0.003 0.025 0.468 0.021 0.035 0.004 0 0.017 0.017 0.003 0.306 0.014 0.012 0.017 0.035 0.026 0.014 0.014 0.019 0.024 0.001 0.003 0.004 0.08 0.01 0.002 0.003 0.184 0.008 0.008 0.004 0.002 0.003 0.006 0 0.002 0.003 0.036 0 0.005
0.05 0.056 0.057 0.028 0.283 0.376 0.004 0.032 0.001 0.003 0.002 0.001 0.001 0.06 0.057 0 0.004 0.001 0.002 0.063 0.005 0.008 0.017 0.067 0.006 0.036 0.002 0.002 0.263 1 0.821 0.007 0.014 0.01 0.001 0.005 0.001 0.007 0.275 0.006 0.007 0.001 0.006 0.013 0.006 0.001 0.086 0.014 0.015 0.004 0.002 0.006 0.005 0.005 0.007 0.001 0.004 0.001 0.001 0.002 0.003 0.001 0.001 0.089 0.003 0.002 0 0.001 0.001 0.001 0 0 0.004 0.016 0 0.001
0.036 0.041 0.042 0.017 0.238 0.319 0.005 0.021 0.001 0.004 0.002 0.002 0.001 0.064 0.06 0 0.005 0.001 0 0.047 0.003 0.01 0.016 0.05 0.008 0.024 0.002 0 0.221 0.821 1 0.008 0.008 0.011 0.001 0.006 0.001 0.002 0.236 0.002 0.008 0.001 0.007 0.019 0.004 0.001 0.076 0.013 0.009 0.006 0.001 0.006 0.003 0.004 0.005 0.001 0.002 0.001 0.001 0.003 0.004 0.002 0.001 0.071 0 0.003 0.001 0.002 0.001 0.001 0 0.001 0.002 0.012 0 0.001
0.301 0.315 0.349 0.169 0.023 0.017 0.535 0.193 0.005 0.454 0.241 0.004 0.005 0.411 0.396 0.004 0.629 0.084 0.014 0.478 0.03 0.059 0.111 0.509 0.864 0.28 0.014 0.019 0.025 0.007 0.008 1 0.305 0.202 0.006 0.009 0.003 0.292 0.014 0.242 0.194 0.01 0.031 0.06 0.002 0.009 0.001 0.076 0.066 0.066 0.002 0.003 0.033 0.034 0.002 0.004 0.001 0.007 0.009 0.005 0.005 0.012 0.009 0.006 0.006 0.011 0.002 0.014 0.007 0.007 0.003 0.005 0.001 0.005 0.009 0.012
0.254 0.269 0.298 0.57 0.085 0.057 0.191 0.674 0.014 0.163 0.088 0.031 0.027 0.383 0.363 0.011 0.216 0.03 0.033 0.376 0.1 0.194 0.366 0.441 0.285 0.826 0.042 0.043 0.11 0.014 0.008 0.305 1 0.684 0.029 0.045 0.021 0.051 0.076 0.04 0.576 0.027 0.141 0.002 0.071 0.024 0.076 0.001 0.241 0.223 0.012 0.013 0.137 0.14 0.076 0.004 0.047 0.02 0.022 0.005 0.016 0.03 0.025 0.037 0.06 0.002 0.024 0.033 0.018 0.027 0.009 0.027 0.037 0 0.015 0.032
0.132 0.138 0.159 0.339 0.042 0.023 0.118 0.416 0.014 0.096 0.041 0.041 0.021 0.249 0.235 0.014 0.136 0.023 0.039 0.219 0.126 0.034 0.165 0.274 0.186 0.556 0.055 0.051 0.063 0.01 0.011 0.202 0.684 1 0.023 0.024 0.027 0.277 0.047 0.259 0.767 0.034 0.076 0.043 0.103 0.028 0.059 0.003 0.361 0.188 0.002 0.033 0.146 0.141 0.104 0 0.074 0.026 0.023 0.003 0.032 0.037 0.032 0.019 0.047 0 0.046 0.041 0.016 0.021 0.021 0.021 0.059 0.006 0.014 0.035
0.001 0.001 0.001 0.026 0.021 0.002 0.001 0.03 0 0.001 0 0.001 0.136 0.001 0.001 0 0.002 0.001 0.002 0.001 0.004 0.008 0.016 0.001 0.006 0.029 0 0.002 0.019 0.001 0.001 0.006 0.029 0.023 1 0.001 0.001 0.006 0.001 0.006 0.022 0 0.104 0.019 0.006 0.001 0.001 0.013 0.042 0.012 0.044 0.008 0.005 0.005 0.006 0.032 0.007 0.001 0.001 0.001 0.008 0.001 0.001 0.001 0.003 0.002 0.008 0.001 0.001 0.684 0.001 0 0.006 0.001 0.001 0.001
0.033 0.038 0.039 0.015 0.135 0.185 0.005 0.018 0.001 0.004 0.002 0.001 0.001 0.049 0.061 0.001 0.006 0.001 0.002 0.021 0 0.011 0.01 0.047 0.008 0.022 0.002 0.003 0.251 0.005 0.006 0.009 0.045 0.024 0.001 1 0.001 0.009 0.434 0.008 0.031 0.001 0.008 0.044 0.008 0.001 0.338 0 0.019 0.017 0.093 0.046 0.007 0.007 0.009 0.068 0 0.001 0.001 0.101 0.025 0.002 0.001 0.268 0.001 0.003 0.016 0.002 0.001 0.001 0.001 0.001 0.001 0.055 0.001 0.002
0.002 0.004 0.013 0.027 0.003 0.002 0.004 0.024 0.001 0.004 0.002 0.002 0.001 0.013 0.013 0 0.001 0.001 0.002 0.007 0.005 0.047 0.02 0.006 0.003 0.015 0.002 0.002 0.003 0.001 0.001 0.003 0.021 0.027 0.001 0.001 1 0.008 0.002 0.007 0.032 0.001 0.007 0.01 0.003 0.001 0.002 0.011 0.01 0.003 0.001 0.005 0.002 0.002 0.003 0.001 0.004 0.001 0.001 0.001 0.005 0.001 0.002 0.001 0 0.002 0.005 0.002 0.001 0 0.001 0.001 0.003 0.001 0.001 0.001
0.066 0.062 0.078 0.011 0.023 0.018 0.267 0.018 0.003 0.2 0.089 0.015 0.005 0.108 0.102 0.004 0.332 0.005 0.014 0.098 0.045 0.025 0 0.11 0.251 0.034 0.014 0.019 0.025 0.007 0.002 0.292 0.051 0.277 0.006 0.009 0.008 1 0.014 0.914 0.232 0.01 0.053 0.3 0.038 0.111 0.001 0.146 0.25 0.026 0.005 0.039 0.031 0.027 0.036 0.006 0.027 0.007 0.005 0.005 0.028 0.011 0.009 0.007 0.005 0.013 0.033 0.011 0.003 0.007 0.004 0.005 0.02 0.007 0.003 0.007
0.06 0.069 0.07 0.028 0.299 0.403 0.008 0.034 0.001 0.007 0.004 0 0.001 0.083 0.093 0.001 0.009 0.001 0.004 0.052 0.002 0.018 0.023 0.085 0.013 0.041 0.004 0.004 0.468 0.275 0.236 0.014 0.076 0.047 0.001 0.434 0.002 0.014 1 0.01 0.051 0.002 0.013 0.072 0.013 0.002 0.497 0.001 0.032 0.027 0.053 0.065 0.012 0.012 0.014 0.038 0.002 0.002 0.002 0.053 0.05 0.003 0.002 0.391 0.003 0.005 0.031 0.003 0.002 0.001 0 0.001 0.004 0.03 0.002 0.003
0.051 0.056 0.057 0.006 0.022 0.017 0.265 0.01 0.002 0.195 0.092 0.014 0.005 0.083 0.078 0.004 0.267 0.005 0.014 0.074 0.042 0.029 0 0.084 0.203 0.023 0.013 0.018 0.021 0.006 0.002 0.242 0.04 0.259 0.006 0.008 0.007 0.914 0.01 1 0.216 0.01 0.056 0.29 0.035 0.118 0.01 0.128 0.263 0.023 0.004 0.053 0.029 0.025 0.034 0.006 0.042 0.007 0.004 0.005 0.04 0.01 0.009 0.004 0.008 0.016 0.044 0.012 0.003 0.006 0.01 0.005 0.035 0.007 0.004 0.007
0.112 0.102 0.121 0.399 0.02 0.008 0.124 0.49 0.001 0.105 0.057 0.05 0.016 0.218 0.208 0.016 0.139 0.019 0.054 0.176 0.162 0.046 0.234 0.227 0.179 0.459 0.005 0.068 0.035 0.007 0.008 0.194 0.576 0.767 0.022 0.031 0.032 0.232 0.051 0.216 1 0.041 0.21 0.018 0.115 0.023 0.051 0 0.472 0.269 0.006 0.044 0.188 0.181 0.118 0.001 0.087 0.031 0.029 0.001 0.041 0.044 0.014 0.017 0.067 0.058 0.057 0.05 0.02 0.02 0.027 0.017 0.069 0.003 0.018 0.043
0.02 0.018 0.018 0.034 0.004 0.003 0.006 0.03 0.001 0.005 0.003 0.002 0.001 0.017 0.018 0.002 0.007 0.001 0.002 0.012 0.007 0.099 0.043 0.015 0.009 0.026 0.002 0.003 0.004 0.001 0.001 0.01 0.027 0.034 0 0.001 0.001 0.01 0.002 0.01 0.041 1 0.007 0.025 0.009 0.001 0.002 0.016 0.014 0.038 0.001 0.01 0.005 0.005 0.005 0.001 0.011 0.001 0.001 0.001 0.009 0.329 0.001 0.001 0.004 0 0.012 0.411 0.001 0 0.002 0.001 0.007 0.001 0.014 0.002
0.016 0.026 0.025 0.204 0.001 0.016 0.009 0.238 0.005 0.006 0.001 0.013 0.079 0.017 0.019 0.003 0.012 0.005 0.008 0.019 0.034 0.057 0.132 0.016 0.029 0.127 0.05 0.01 0 0.006 0.007 0.031 0.141 0.076 0.104 0.008 0.007 0.053 0.013 0.056 0.21 0.007 1 0.18 0.036 0.008 0.013 0.094 0.338 0.107 0.002 0.057 0.049 0.049 0.04 0 0.048 0.007 0.009 0.005 0.053 0.007 0.008 0.007 0.026 0.288 0.054 0.008 0.007 0.101 0.01 0.082 0.041 0.004 0.002 0.011
0.082 0.086 0.101 0 0.008 0.028 0.053 0.002 0.011 0.035 0.015 0.067 0.015 0.058 0.057 0.002 0.076 0.017 0.068 0.061 0.185 0.014 0.066 0.057 0.04 0 0.041 0.07 0.017 0.013 0.019 0.06 0.002 0.043 0.019 0.044 0.01 0.3 0.072 0.29 0.018 0.025 0.18 1 0.173 0.04 0.072 0.413 0.003 0.099 0 0.262 0.234 0.226 0.154 0.001 0.186 0.037 0.03 0.027 0.196 0.031 0.019 0.034 0.098 0.051 0.201 0.034 0.021 0.02 0.05 0.015 0.15 0.003 0.016 0.025
0 0.001 0.001 0.021 0.013 0.008 0 0.061 0.005 0.001 0.002 0.123 0.005 0.017 0.018 0.001 0 0.005 0.228 0.005 0.567 0.048 0.16 0.017 0.004 0.063 0.015 0.252 0.017 0.006 0.004 0.002 0.071 0.103 0.006 0.008 0.003 0.038 0.013 0.035 0.115 0.009 0.036 0.173 1 0.008 0.013 0.321 0.138 0.062 0.004 0.678 0.764 0.761 0.899 0.006 0.759 0.109 0.062 0.002 0.592 0.012 0.008 0.002 0.304 0.02 0.67 0.013 0.078 0.006 0.111 0.005 0.689 0.007 0.009 0.107
0.006 0.013 0.013 0.028 0.003 0.002 0.005 0.027 0 0.004 0.002 0.002 0.001 0.011 0.01 0.001 0.006 0.001 0.002 0.014 0.005 0.083 0.043 0.013 0.008 0.019 0 0.003 0.003 0.001 0.001 0.009 0.024 0.028 0.001 0.001 0.001 0.111 0.002 0.118 0.023 0.001 0.008 0.04 0.008 1 0.002 0.004 0.009 0.031 0.001 0.012 0.007 0.007 0.009 0.001 0.01 0.001 0.001 0.001 0.008 0.001 0.001 0.001 0.004 0.003 0.011 0.001 0.001 0.001 0.001 0.001 0.009 0.001 0.002 0.002
0.06 0.046 0.07 0.028 0.174 0.238 0.008 0.034 0.001 0.007 0.004 0 0.001 0.083 0.093 0.001 0 0.001 0.004 0.054 0.002 0.018 0.023 0.085 0 0.041 0.004 0.004 0.306 0.086 0.076 0.001 0.076 0.059 0.001 0.338 0.002 0.001 0.497 0.01 0.051 0.002 0.013 0.072 0.013 0.002 1 0.002 0.033 0.027 0.001 0.165 0.012 0.012 0.013 0.001 0.01 0.002 0.002 0.147 0.108 0.003 0.002 0.393 0 0.005 0.072 0.003 0.002 0.001 0.004 0.001 0.007 0.002 0.002 0.003
0.031 0.028 0.037 0.003 0.024 0.014 0.106 0.009 0.002 0.077 0.053 0.053 0.011 0.012 0.01 0.004 0.097 0.012 0.066 0.02 0.198 0.012 0.073 0.014 0.051 0.005 0.027 0.072 0.014 0.014 0.013 0.076 0.001 0.003 0.013 0 0.011 0.146 0.001 0.128 0 0.016 0.094 0.413 0.321 0.004 0.002 1 0 0.09 0.01 0.313 0.277 0.271 0.327 0.013 0.303 0.031 0.015 0.002 0.296 0.025 0.009 0.005 0.122 0.047 0.308 0.028 0.024 0.014 0.038 0.005 0.269 0.015 0.014 0.043
0.008 0.004 0.005 0.217 0.01 0.04 0.103 0.261 0.011 0.075 0.031 0.032 0.026 0.017 0.014 0.009 0.097 0.006 0.025 0.013 0.089 0.013 0.106 0.019 0.054 0.197 0.009 0.033 0.012 0.015 0.009 0.066 0.241 0.361 0.042 0.019 0.01 0.25 0.032 0.263 0.472 0.014 0.338 0.003 0.138 0.009 0.033 0 1 0.165 0 0.197 0.121 0.123 0.15 0.002 0.171 0.017 0.021 0.012 0.185 0.022 0.02 0.016 0.064 0.146 0.186 0.025 0.017 0.039 0.025 0.033 0.151 0.013 0.006 0.027
0.074 0.059 0.064 0.201 0.009 0.004 0.045 0.226 0.01 0.042 0.029 0.006 0.008 0.074 0.065 0.021 0.055 0.002 0.032 0.085 0.035 0.154 0.035 0.082 0.059 0.172 0 0.029 0.017 0.004 0.006 0.066 0.223 0.188 0.012 0.017 0.003 0.026 0.027 0.023 0.269 0.038 0.107 0.099 0.062 0.031 0.027 0.09 0.165 1 0.009 0.108 0.053 0.054 0.07 0.003 0.071 0.002 0.001 0.01 0.078 0.067 0.037 0.014 0.031 0.034 0.086 0.077 0.008 0.01 0.007 0.009 0.067 0.002 0.033 0.006
0.004 0.005 0.005 0.011 0.039 0.042 0.003 0.013 0 0.002 0.001 0.001 0.001 0.008 0.007 0 0.003 0.001 0.001 0.009 0.003 0.001 0.005 0.009 0.001 0.012 0.001 0.001 0.035 0.002 0.001 0.002 0.012 0.002 0.044 0.093 0.001 0.005 0.053 0.004 0.006 0.001 0.002 0 0.004 0.001 0.001 0.01 0 0.009 1 0.006 0.004 0.004 0.005 0.762 0.005 0.001 0.001 0 0.006 0.001 0.001 0 0.002 0.001 0.006 0.001 0.001 0.041 0.001 0 0.005 0.34 0 0.001
0.019 0.017 0.024 0.003 0.012 0.028 0.002 0.021 0.007 0 0 0.109 0.006 0.001 0.001 0.002 0 0.007 0.158 0.003 0.445 0.061 0.098 0.001 0.006 0.019 0.02 0.174 0.026 0.006 0.006 0.003 0.013 0.033 0.008 0.046 0.005 0.039 0.065 0.053 0.044 0.01 0.057 0.262 0.678 0.012 0.165 0.313 0.197 0.108 0.006 1 0.616 0.603 0.715 0.008 0.772 0.084 0.04 0.062 0.825 0.017 0.012 0.08 0.283 0.029 0.837 0.018 0.057 0.009 0.124 0.006 0.682 0.009 0.013 0.079
0.006 0.005 0.005 0.053 0.01 0.006 0.029 0.119 0.004 0.025 0.014 0.157 0.004 0.058 0.059 0 0.03 0.004 0.241 0.03 0.661 0.026 0.246 0.063 0.044 0.125 0.012 0.269 0.014 0.005 0.003 0.033 0.137 0.146 0.005 0.007 0.002 0.031 0.012 0.029 0.188 0.005 0.049 0.234 0.764 0.007 0.012 0.277 0.121 0.053 0.004 0.616 1 0.956 0.807 0.005 0.69 0.137 0.073 0.005 0.523 0.01 0.007 0.001 0.391 0.018 0.588 0.011 0.096 0.005 0.147 0.004 0.581 0.006 0.008 0.137
0.006 0.006 0.006 0.056 0.01 0.006 0.03 0.123 0.004 0.025 0.014 0.143 0.004 0.063 0.064 0 0.03 0.004 0.258 0.031 0.655 0.023 0.253 0.063 0.045 0.128 0.012 0.283 0.014 0.005 0.004 0.034 0.14 0.141 0.005 0.007 0.002 0.027 0.012 0.025 0.181 0.005 0.049 0.226 0.761 0.007 0.012 0.271 0.123 0.054 0.004 0.603 0.956 1 0.816 0.005 0.698 0.135 0.089 0.001 0.533 0.01 0.007 0.001 0.381 0.018 0.595 0.011 0.116 0.005 0.145 0.004 0.589 0.006 0.008 0.155
0 0 0 0.024 0.014 0.009 0 0.067 0.005 0.001 0.003 0.123 0.005 0.018 0.019 0.001 0 0.005 0.21 0.005 0.546 0.032 0.181 0.019 0.005 0.068 0.015 0.232 0.019 0.007 0.005 0.002 0.076 0.104 0.006 0.009 0.003 0.036 0.014 0.034 0.118 0.005 0.04 0.154 0.899 0.009 0.013 0.327 0.15 0.07 0.005 0.715 0.807 0.816 1 0.006 0.821 0.111 0.076 0.003 0.658 0.01 0.009 0.002 0.334 0.022 0.726 0.011 0.101 0.007 0.117 0.005 0.733 0.007 0.01 0.125
0.003 0.004 0.004 0.007 0.026 0.029 0.003 0.009 0 0.003 0.002 0.001 0.001 0.007 0.006 0 0.004 0.001 0.001 0.008 0.004 0 0.002 0.009 0 0.004 0.001 0.002 0.024 0.001 0.001 0.004 0.004 0 0.032 0.068 0.001 0.006 0.038 0.006 0.001 0.001 0 0.001 0.006 0.001 0.001 0.013 0.002 0.003 0.762 0.008 0.005 0.005 0.006 1 0.007 0.001 0.001 0 0.007 0.001 0.001 0.001 0.003 0.002 0.007 0.001 0.001 0.029 0.001 0 0.006 0.413 0.022 0.001
0.005 0.003 0.007 0.011 0 0.001 0.001 0.04 0.006 0 0 0.106 0.006 0.004 0.005 0 0 0.006 0.182 0 0.47 0.045 0.127 0.004 0.003 0.042 0.017 0.201 0.001 0.004 0.002 0.001 0.047 0.074 0.007 0 0.004 0.027 0.002 0.042 0.087 0.011 0.048 0.186 0.759 0.01 0.01 0.303 0.171 0.071 0.005 0.772 0.69 0.698 0.821 0.007 1 0.094 0.073 0.071 0.734 0.015 0.01 0.003 0.369 0.025 0.78 0.016 0.098 0.008 0.14 0.006 0.849 0.008 0.011 0.158
0.031 0.036 0.037 0.015 0.003 0.002 0.004 0.013 0.001 0.003 0.002 0.003 0.001 0.007 0.002 0 0.005 0.001 0.002 0.012 0.106 0.009 0.026 0.011 0.007 0.02 0.002 0.002 0.003 0.001 0.001 0.007 0.02 0.026 0.001 0.001 0.001 0.007 0.002 0.007 0.031 0.001 0.007 0.037 0.109 0.001 0.002 0.031 0.017 0.002 0.001 0.084 0.137 0.135 0.111 0.001 0.094 1 0 0.001 0.066 0.001 0.001 0.001 0.001 0.002 0.069 0.002 0.001 0.001 0.29 0.001 0.07 0.001 0.001 0
0.016 0.014 0.014 0.026 0.002 0.001 0.005 0.022 0.001 0.004 0.002 0.424 0.001 0.014 0.015 0 0.006 0.001 0.002 0.015 0.068 0.004 0.021 0.014 0.009 0.024 0.002 0.003 0.004 0.001 0.001 0.009 0.022 0.023 0.001 0.001 0.001 0.005 0.002 0.004 0.029 0.001 0.009 0.03 0.062 0.001 0.002 0.015 0.021 0.001 0.001 0.04 0.073 0.089 0.076 0.001 0.073 0 1 0.001 0.068 0.002 0.001 0.001 0.004 0.003 0.065 0.002 0.272 0.001 0.001 0.001 0.037 0.001 0.001 0.42
0.016 0.012 0.011 0.003 0.087 0.118 0.003 0.004 0 0.003 0.001 0.01 0 0.017 0.015 0 0.004 0 0.001 0.014 0 0.007 0 0.014 0.005 0.005 0.001 0.002 0.08 0.002 0.003 0.005 0.005 0.003 0.001 0.101 0.001 0.005 0.053 0.005 0.001 0.001 0.005 0.027 0.002 0.001 0.147 0.002 0.012 0.01 0 0.062 0.005 0.001 0.003 0 0.071 0.001 0.001 1 0.031 0.001 0.001 0.001 0.001 0.002 0.01 0.001 0.001 0.001 0 0 0.052 0.001 0.001 0.001
0.012 0.01 0.015 0.006 0.002 0.01 0.001 0.028 0.006 0 0.001 0.082 0.006 0 0 0.001 0 0.007 0.166 0 0.382 0.046 0.094 0 0.004 0.023 0.018 0.144 0.01 0.003 0.004 0.005 0.016 0.032 0.008 0.025 0.005 0.028 0.05 0.04 0.041 0.009 0.053 0.196 0.592 0.008 0.108 0.296 0.185 0.078 0.006 0.825 0.523 0.533 0.658 0.007 0.734 0.066 0.068 0.031 1 0.016 0.011 0.085 0.251 0.027 0.851 0.017 0.091 0.008 0.108 0.006 0.683 0.009 0.012 0.147
0.008 0.006 0.006 0.021 0.002 0.003 0.006 0.032 0.001 0.005 0.003 0.003 0.001 0.015 0.016 0.001 0.008 0.001 0.003 0.012 0.002 0.042 0.017 0.014 0.011 0.028 0.003 0.003 0.002 0.001 0.002 0.012 0.03 0.037 0.001 0.002 0.001 0.011 0.003 0.01 0.044 0.329 0.007 0.031 0.012 0.001 0.003 0.025 0.022 0.067 0.001 0.017 0.01 0.01 0.01 0.001 0.015 0.001 0.002 0.001 0.016 1 0.002 0.001 0.005 0.004 0.016 0.906 0.001 0.001 0.002 0.001 0.013 0.001 0.103 0.002
0.016 0.014 0.014 0.029 0.003 0.002 0.005 0.028 0.376 0.004 0.002 0.002 0 0.005 0.003 0.001 0.006 0.001 0.002 0.014 0.006 0 0.005 0.013 0.008 0.025 0.14 0.003 0.003 0.001 0.001 0.009 0.025 0.032 0.001 0.001 0.002 0.009 0.002 0.009 0.014 0.001 0.008 0.019 0.008 0.001 0.002 0.009 0.02 0.037 0.001 0.012 0.007 0.007 0.009 0.001 0.01 0.001 0.001 0.001 0.011 0.002 1 0.001 0.004 0.003 0.011 0.002 0.001 0.001 0.001 0.001 0.009 0.001 0.001 0.002
0.017 0.02 0.02 0.002 0.066 0.091 0.004 0.009 0.001 0.003 0.002 0.002 0 0.03 0.041 0 0.005 0.001 0.002 0.008 0 0.009 0.006 0.027 0.006 0.012 0.002 0.002 0.184 0.089 0.071 0.006 0.037 0.019 0.001 0.268 0.001 0.007 0.391 0.004 0.017 0.001 0.007 0.034 0.002 0.001 0.393 0.005 0.016 0.014 0 0.08 0.001 0.001 0.002 0.001 0.003 0.001 0.001 0.001 0.085 0.001 0.001 1 0.002 0.002 0.067 0.002 0.001 0.001 0.002 0.001 0.002 0.001 0.001 0.001
0.03 0.033 0.03 0.07 0.005 0.003 0.015 0.055 0.002 0.014 0.007 0 0.002 0.024 0.026 0 0.007 0.002 0.497 0.01 0.255 0.008 0.101 0.021 0.013 0.05 0.006 0.552 0.008 0.003 0 0.006 0.06 0.047 0.003 0.001 0 0.005 0.003 0.008 0.067 0.004 0.026 0.098 0.304 0.004 0 0.122 0.064 0.031 0.002 0.283 0.391 0.381 0.334 0.003 0.369 0.001 0.004 0.001 0.251 0.005 0.004 0.002 1 0.009 0.333 0.006 0.003 0.003 0.004 0.002 0.324 0.003 0.004 0
0.014 0.026 0.026 0.051 0.008 0.006 0.004 0.062 0.002 0.002 0.004 0.004 0.002 0.017 0.023 0.001 0.005 0.002 0.005 0.023 0.015 0.007 0.038 0.021 0.01 0.002 0.161 0.006 0.008 0.002 0.003 0.011 0.002 0 0.002 0.003 0.002 0.013 0.005 0.016 0.058 0 0.288 0.051 0.02 0.003 0.005 0.047 0.146 0.034 0.001 0.029 0.018 0.018 0.022 0.002 0.025 0.002 0.003 0.002 0.027 0.004 0.003 0.002 0.009 1 0.027 0.005 0.002 0.002 0.004 0.002 0.022 0.002 0 0.004
0.005 0.006 0.009 0.01 0 0.003 0.001 0.032 0.006 0 0.001 0.114 0.006 0.001 0 0.001 0 0.007 0.167 0 0.454 0.05 0.101 0.001 0.004 0.033 0.019 0.184 0.004 0 0.001 0.002 0.024 0.046 0.008 0.016 0.005 0.033 0.031 0.044 0.057 0.012 0.054 0.201 0.67 0.011 0.072 0.308 0.186 0.086 0.006 0.837 0.588 0.595 0.726 0.007 0.78 0.069 0.065 0.01 0.851 0.016 0.011 0.067 0.333 0.027 1 0.017 0.09 0.008 0.131 0.006 0.669 0.009 0.01 0.143
0.01 0.008 0.008 0.025 0.002 0.004 0.007 0.036 0.001 0.006 0.004 0.003 0 0.017 0.018 0.001 0.008 0.001 0.004 0.013 0.003 0.055 0.023 0.016 0.012 0.032 0.003 0.004 0.002 0.001 0.002 0.014 0.033 0.041 0.001 0.002 0.002 0.011 0.003 0.012 0.05 0.411 0.008 0.034 0.013 0.001 0.003 0.028 0.025 0.077 0.001 0.018 0.011 0.011 0.011 0.001 0.016 0.002 0.002 0.001 0.017 0.906 0.002 0.002 0.006 0.005 0.017 1 0.002 0.001 0.002 0.001 0.014 0.001 0.099 0.003
0 0.001 0.001 0 0.001 0.001 0.004 0.017 0.001 0.003 0.002 0.076 0.001 0.01 0.011 0 0.005 0.001 0.002 0.012 0.088 0.002 0.035 0.011 0.007 0.018 0.002 0.002 0.003 0.001 0.001 0.007 0.018 0.016 0.001 0.001 0.001 0.003 0.002 0.003 0.02 0.001 0.007 0.021 0.078 0.001 0.002 0.024 0.017 0.008 0.001 0.057 0.096 0.116 0.101 0.001 0.098 0.001 0.272 0.001 0.091 0.001 0.001 0.001 0.003 0.002 0.09 0.002 1 0.001 0.001 0.001 0.05 0.001 0.001 0.484
0 0 0 0.024 0.006 0.002 0.002 0.028 0.001 0.001 0 0.001 0.057 0 0 0 0.002 0.001 0.002 0 0.005 0.006 0.013 0 0.006 0.027 0 0.002 0.006 0.001 0.001 0.007 0.027 0.021 0.684 0.001 0 0.007 0.001 0.006 0.02 0 0.101 0.02 0.006 0.001 0.001 0.014 0.039 0.01 0.041 0.009 0.005 0.005 0.007 0.029 0.008 0.001 0.001 0.001 0.008 0.001 0.001 0.001 0.003 0.002 0.008 0.001 0.001 1 0.001 0 0.007 0.001 0.001 0.001
0.02 0.014 0.025 0.003 0 0.001 0.006 0.003 0.001 0.005 0.003 0.028 0.001 0 0 0.001 0.001 0.001 0.003 0.001 0.078 0.012 0.014 0.002 0.003 0.009 0.003 0.003 0 0 0 0.003 0.009 0.021 0.001 0.001 0.001 0.004 0 0.01 0.027 0.002 0.01 0.05 0.111 0.001 0.004 0.038 0.025 0.007 0.001 0.124 0.147 0.145 0.117 0.001 0.14 0.29 0.001 0 0.108 0.002 0.001 0.002 0.004 0.004 0.131 0.002 0.001 0.001 1 0.001 0.152 0.001 0.002 0
0.005 0.009 0.009 0.01 0.002 0.001 0.003 0.012 0 0.002 0.001 0.001 0 0.008 0.006 0 0.003 0 0.004 0.008 0 0.006 0.004 0.007 0.005 0.014 0.001 0.003 0.002 0 0.001 0.005 0.027 0.021 0 0.001 0.001 0.005 0.001 0.005 0.017 0.001 0.082 0.015 0.005 0.001 0.001 0.005 0.033 0.009 0 0.006 0.004 0.004 0.005 0 0.006 0.001 0.001 0 0.006 0.001 0.001 0.001 0.002 0.002 0.006 0.001 0.001 0 0.001 1 0.005 0.001 0.001 0.001
0.005 0.004 0.008 0.009 0.001 0 0 0.029 0.005 0.001 0.002 0.049 0.005 0.001 0.002 0 0.002 0.006 0.187 0 0.373 0.038 0.1 0.002 0.001 0.032 0.015 0.209 0.003 0.004 0.002 0.001 0.037 0.059 0.006 0.001 0.003 0.02 0.004 0.035 0.069 0.007 0.041 0.15 0.689 0.009 0.007 0.269 0.151 0.067 0.005 0.682 0.581 0.589 0.733 0.006 0.849 0.07 0.037 0.052 0.683 0.013 0.009 0.002 0.324 0.022 0.669 0.014 0.05 0.007 0.152 0.005 1 0.007 0.01 0.12
0.004 0.006 0.006 0.001 0.04 0.047 0.004 0.002 0.001 0.003 0.002 0.002 0 0.009 0.008 0 0.005 0 0.002 0.01 0.005 0.005 0 0.011 0 0 0.002 0.002 0.036 0.016 0.012 0.005 0 0.006 0.001 0.055 0.001 0.007 0.03 0.007 0.003 0.001 0.004 0.003 0.007 0.001 0.002 0.015 0.013 0.002 0.34 0.009 0.006 0.006 0.007 0.413 0.008 0.001 0.001 0.001 0.009 0.001 0.001 0.001 0.003 0.002 0.009 0.001 0.001 0.001 0.001 0.001 0.007 1 0.083 0.001
0.008 0.007 0.007 0.012 0 0.001 0.005 0.009 0.001 0.005 0.002 0.002 0 0.004 0.005 0.002 0.006 0.001 0.002 0.003 0.005 0.025 0.004 0.005 0.004 0.011 0.002 0.003 0 0 0 0.009 0.015 0.014 0.001 0.001 0.001 0.003 0.002 0.004 0.018 0.014 0.002 0.016 0.009 0.002 0.002 0.014 0.006 0.033 0 0.013 0.008 0.008 0.01 0.022 0.011 0.001 0.001 0.001 0.012 0.103 0.001 0.001 0.004 0 0.01 0.099 0.001 0.001 0.002 0.001 0.01 0.083 1 0.002
0.001 0 0 0.006 0.003 0.002 0.006 0.033 0.001 0.005 0.003 0.167 0.001 0.018 0.019 0 0.008 0.001 0.003 0.019 0.128 0.005 0.043 0.018 0.011 0.034 0.003 0.003 0.005 0.001 0.001 0.012 0.032 0.035 0.001 0.002 0.001 0.007 0.003 0.007 0.043 0.002 0.011 0.025 0.107 0.002 0.003 0.043 0.027 0.006 0.001 0.079 0.137 0.155 0.125 0.001 0.158 0 0.42 0.001 0.147 0.002 0.002 0.001 0 0.004 0.143 0.003 0.484 0.001 0 0.001 0.12 0.001 0.002 1
