1 0.841 0.832 0.439 0.172 0.113 0.259 0.299 0.01 0.219 0.096 0.024 0.05 0.526 0.475 0.007 0.262 0.047 0.039 0.6 0.01 0.129 0.136 0.6 0.375 0.287 0.002 0.041 0.143 0.035 0.014 0.323 0.258 0.138 0 0.048 0.004 0.072 0.069 0.065 0.134 0.019 0.01 0.071 0.001 0.003 0.055 0.029 0.018 0.065 0.009 0.005 0.009 0.009 0.002 0.01 0 0.031 0.007 0.012 0.005 0.009 0.005 0.016 0.01 0.001 0.002 0.013 0.004 0.001 0.026 0.013 0.002 0.014 0.002 0.006
0.841 1 0.962 0.409 0.203 0.133 0.305 0.265 0.008 0.258 0.113 0.02 0.059 0.628 0.571 0.005 0.3 0.056 0.033 0.686 0.005 0.116 0.113 0.695 0.43 0.286 0.025 0.035 0.17 0.041 0.018 0.379 0.259 0.143 0 0.058 0.005 0.094 0.083 0.09 0.116 0.016 0.039 0.099 0 0.006 0.059 0.044 0.007 0.049 0.012 0.008 0.007 0.006 0.001 0.014 0 0.037 0.005 0.011 0.008 0.007 0.004 0.02 0.01 0.02 0.006 0.01 0.003 0.002 0.033 0.019 0.001 0.018 0.001 0.004
0.832 0.962 1 0.422 0.203 0.134 0.305 0.275 0.008 0.258 0.113 0.02 0.059 0.638 0.58 0.005 0.311 0.056 0.033 0.704 0.005 0.11 0.108 0.714 0.446 0.305 0.024 0.035 0.171 0.041 0.018 0.39 0.274 0.154 0 0.058 0.013 0.099 0.083 0.09 0.126 0.016 0.036 0.102 0 0.006 0.067 0.046 0.009 0.05 0.012 0.009 0.007 0.007 0.001 0.014 0 0.037 0.005 0.011 0.009 0.007 0.003 0.02 0.008 0.02 0.006 0.01 0.003 0.002 0.03 0.019 0.001 0.018 0.001 0.004
0.439 0.409 0.422 1 0.081 0.051 0.136 0.814 0.019 0.115 0.05 0.045 0.026 0.238 0.241 0.017 0.138 0.029 0.075 0.294 0.048 0.287 0.371 0.303 0.199 0.629 0.006 0.071 0.063 0.018 0.004 0.178 0.595 0.349 0.026 0.018 0.028 0.013 0.027 0.011 0.446 0.036 0.239 0 0.03 0.021 0.024 0.003 0.266 0.211 0.007 0.011 0.055 0.06 0.038 0.005 0.031 0.013 0.015 0.002 0.012 0.024 0.015 0.005 0.041 0.062 0.018 0.031 0.013 0.028 0.006 0.031 0.04 0.002 0.001 0.016
0.172 0.203 0.203 0.081 1 0.656 0.012 0.098 0.002 0.01 0.005 0.004 0.291 0.197 0.178 0 0.011 0.003 0.007 0.213 0.016 0.017 0.041 0.197 0.021 0.092 0.005 0.007 0.836 0.202 0.131 0.019 0.087 0.046 0.018 0.277 0.003 0.022 0.415 0.021 0.039 0.003 0.006 0.004 0.015 0.003 0.266 0.037 0.004 0.023 0.085 0.02 0.015 0.015 0.017 0.074 0 0.003 0 0.081 0.02 0 0.003 0.094 0.002 0.009 0.014 0.001 0 0.005 0.001 0.004 0 0.081 0.01 0
0.113 0.133 0.134 0.051 0.656 1 0.008 0.068 0.001 0.007 0.003 0.003 0.002 0.135 0.122 0 0.007 0.002 0.004 0.14 0.011 0.01 0.025 0.124 0.014 0.058 0.003 0.005 0.519 0.308 0.205 0.011 0.052 0.023 0 0.426 0.002 0.013 0.637 0.012 0.019 0.002 0.014 0.033 0.009 0.002 0.414 0.021 0.037 0.012 0.041 0.053 0.009 0.009 0.01 0.036 0.002 0.002 0 0.127 0.053 0 0.002 0.147 0 0.006 0.042 0.001 0 0.001 0 0.003 0.002 0.036 0 0
0.259 0.305 0.305 0.136 0.012 0.008 1 0.148 0.003 0.845 0.371 0.006 0.004 0.308 0.278 0.004 0.829 0.004 0.01 0.342 0.02 0.046 0.081 0.351 0.567 0.168 0.007 0.011 0.012 0.003 0.004 0.534 0.167 0.116 0.004 0.005 0.004 0.325 0.007 0.326 0.106 0.005 0.032 0.104 0.002 0.005 0.007 0.151 0.098 0.029 0.004 0.007 0.02 0.02 0.002 0.004 0.003 0.004 0.002 0.003 0.007 0.005 0.004 0.002 0.015 0 0.008 0.005 0.001 0.004 0.005 0.006 0.004 0.004 0.006 0.001
0.299 0.265 0.275 0.814 0.098 0.068 0.148 1 0.017 0.124 0.057 0.039 0.03 0.295 0.297 0.016 0.152 0.033 0.053 0.349 0.126 0.268 0.483 0.359 0.227 0.714 0.009 0.049 0.082 0.021 0.005 0.207 0.703 0.442 0.029 0.027 0.025 0.022 0.037 0.019 0.558 0.032 0.275 0.003 0.076 0.029 0.028 0.008 0.313 0.27 0.013 0.036 0.115 0.122 0.085 0.01 0.055 0.015 0.012 0.003 0.039 0.026 0.027 0.008 0.049 0.073 0.047 0.032 0.014 0.032 0.016 0.036 0.055 0.006 0 0.018
0.01 0.008 0.008 0.019 0.002 0.001 0.003 0.017 1 0.002 0.001 0.001 0 0.005 0.001 0.001 0.003 0.001 0.001 0.007 0.003 0.006 0.012 0.007 0.004 0.014 0.091 0.001 0.002 0 0.001 0.005 0.014 0.019 0 0.001 0.001 0.005 0.001 0.005 0.014 0 0.005 0.014 0.004 0.001 0 0.002 0.014 0.028 0.001 0.005 0.004 0.004 0.004 0.001 0.002 0.001 0 0 0.003 0.001 0.396 0 0.001 0.002 0.003 0.001 0.001 0.001 0.001 0.001 0.002 0.001 0.001 0.001
0.219 0.258 0.258 0.115 0.01 0.007 0.845 0.124 0.002 1 0.439 0.005 0.003 0.261 0.235 0.003 0.693 0.003 0.009 0.301 0.021 0.039 0.074 0.31 0.497 0.15 0.006 0.009 0.01 0.002 0.003 0.469 0.148 0.103 0.003 0.004 0.003 0.269 0.006 0.269 0.095 0.004 0.027 0.08 0.001 0.004 0.006 0.125 0.08 0.034 0.003 0.005 0.021 0.021 0.001 0.004 0.002 0.003 0.002 0.002 0.005 0.004 0.004 0.002 0.013 0 0.006 0.004 0.004 0.003 0.005 0.005 0.003 0.003 0.005 0.004
0.096 0.113 0.113 0.05 0.005 0.003 0.371 0.057 0.001 0.439 1 0.002 0.001 0.115 0.103 0.001 0.332 0.001 0.004 0.133 0.009 0.017 0.033 0.136 0.219 0.066 0.003 0.004 0.004 0.001 0.001 0.208 0.067 0.044 0.001 0.002 0.001 0.085 0.003 0.079 0.043 0.002 0.01 0.021 0.001 0.002 0.002 0.07 0.019 0.026 0.001 0 0.008 0.008 0.002 0.002 0.001 0.001 0 0.001 0 0.002 0.002 0.001 0.005 0.005 0 0.003 0.002 0.001 0.002 0.002 0 0.001 0.002 0.001
0.024 0.02 0.02 0.045 0.004 0.003 0.006 0.039 0.001 0.005 0.002 1 0.001 0.01 0.009 0.001 0.007 0.001 0.003 0.012 0.196 0.015 0.049 0.017 0.01 0.034 0.002 0.004 0.004 0.001 0.001 0.01 0.03 0.041 0.001 0 0.001 0.012 0.001 0.012 0.048 0.002 0.012 0.058 0.161 0.001 0 0.014 0.033 0.003 0.001 0.117 0.167 0.162 0.107 0.001 0.135 0.007 0.242 0.008 0.12 0.002 0.001 0 0.003 0.004 0.114 0.002 0.25 0.001 0.023 0.002 0.14 0.001 0.002 0.231
0.05 0.059 0.059 0.026 0.291 0.002 0.004 0.03 0 0.003 0.001 0.001 1 0.06 0.054 0.001 0.004 0.001 0.002 0.069 0.005 0.009 0.017 0.071 0.006 0.034 0.001 0.002 0.3 0 0.001 0.007 0.035 0.026 0.068 0.001 0.001 0.007 0.001 0.007 0.023 0.001 0.099 0.021 0.005 0.001 0.001 0.015 0.031 0.014 0.046 0.008 0.005 0.005 0.006 0.04 0.006 0.001 0.001 0 0.007 0 0.001 0 0.003 0.003 0.008 0 0.001 0.026 0.001 0.001 0.006 0.048 0.025 0.001
0.526 0.628 0.638 0.238 0.197 0.135 0.308 0.295 0.005 0.261 0.115 0.01 0.06 1 0.892 0.006 0.323 0.066 0.021 0.752 0.047 0.081 0.156 0.762 0.479 0.308 0.02 0.024 0.178 0.042 0.062 0.41 0.293 0.261 0 0.063 0.012 0.194 0.088 0.182 0.231 0.016 0.035 0.11 0.021 0.002 0.072 0.033 0.026 0.074 0.014 0 0.046 0.047 0.023 0.016 0.005 0.004 0.005 0.013 0.001 0.01 0.011 0.025 0.013 0.019 0.001 0.012 0.005 0.001 0.003 0.019 0.005 0.021 0 0.007
0.475 0.571 0.58 0.241 0.178 0.122 0.278 0.297 0.001 0.235 0.103 0.009 0.054 0.892 1 0.007 0.29 0.059 0.024 0.698 0.051 0.088 0.169 0.709 0.436 0.316 0.015 0.027 0.159 0.038 0.056 0.39 0.292 0.265 0 0.063 0.014 0.179 0.085 0.169 0.232 0.018 0.024 0.095 0.024 0.001 0.069 0.026 0.031 0.068 0.011 0.001 0.05 0.051 0.027 0.013 0.007 0.002 0.006 0.011 0 0.011 0.007 0.027 0.016 0.023 0.002 0.014 0.006 0.001 0.002 0.002 0.008 0.018 0 0.009
0.007 0.005 0.005 0.017 0 0 0.004 0.016 0.001 0.003 0.001 0.001 0.001 0.006 0.007 1 0.004 0.001 0.03 0.01 0.009 0.021 0.042 0.01 0.006 0.011 0.001 0.027 0.002 0 0.001 0.007 0.02 0.027 0.001 0.001 0.001 0.007 0.001 0.007 0.029 0 0.006 0.004 0 0.001 0.001 0 0.018 0.028 0.001 0 0 0 0 0.001 0.001 0.001 0.004 0.001 0 0 0.001 0 0.001 0.002 0 0 0.002 0.001 0 0.001 0.001 0.001 0 0.001
0.262 0.3 0.311 0.138 0.011 0.007 0.829 0.152 0.003 0.693 0.332 0.007 0.004 0.323 0.29 0.004 1 0.004 0.011 0.385 0.023 0.052 0.092 0.395 0.611 0.189 0.008 0.012 0.011 0.003 0.004 0.576 0.18 0.125 0.004 0.003 0.001 0.346 0.006 0.315 0.113 0.006 0.033 0.119 0.002 0.005 0 0.158 0.092 0.034 0.004 0.003 0.02 0.019 0.001 0.005 0.001 0.004 0.003 0.003 0.002 0.006 0.005 0.003 0.006 0.001 0.004 0.006 0.002 0.004 0.006 0.006 0.001 0.004 0.007 0.002
0.047 0.056 0.056 0.029 0.003 0.002 0.004 0.033 0.001 0.003 0.001 0.001 0.001 0.066 0.059 0.001 0.004 1 0.002 0.071 0.004 0.009 0.016 0.073 0.117 0.031 0.002 0.002 0.003 0.001 0.001 0.111 0.035 0.026 0.001 0.001 0.001 0.008 0.002 0.008 0.022 0.001 0.008 0.02 0.004 0.001 0.001 0.014 0.017 0.003 0 0.007 0.004 0.004 0.005 0 0.007 0 0.001 0.001 0.006 0.001 0.001 0.001 0.002 0.003 0.007 0.001 0.001 0.001 0 0.001 0.006 0 0.001 0.001
0.039 0.033 0.033 0.075 0.007 0.004 0.01 0.053 0.001 0.009 0.004 0.003 0.002 0.021 0.024 0.03 0.011 0.002 1 0.029 0.416 0.025 0.116 0.028 0.017 0.057 0.004 0.927 0.007 0.001 0.002 0.018 0.048 0.049 0.002 0.003 0.002 0.021 0.004 0.02 0.077 0.003 0.014 0.066 0.298 0.002 0.004 0.075 0.047 0.01 0.002 0.193 0.262 0.285 0.256 0.002 0.239 0.002 0 0.001 0.108 0.003 0.002 0.001 0.482 0.007 0.194 0.004 0 0.002 0.002 0 0.246 0.002 0.003 0
0.6 0.686 0.704 0.294 0.213 0.14 0.342 0.349 0.007 0.301 0.133 0.012 0.069 0.752 0.698 0.01 0.385 0.071 0.029 1 0.061 0.116 0.22 0.96 0.598 0.441 0.021 0.029 0.2 0.048 0.023 0.543 0.391 0.25 0 0.06 0.007 0.139 0.09 0.127 0.218 0.013 0.026 0.07 0.026 0.013 0.079 0.031 0.024 0.08 0.017 0 0.052 0.052 0.026 0.02 0.008 0.011 0.009 0.014 0 0.008 0.011 0.018 0.014 0.015 0.002 0.011 0.012 0.001 0.006 0.016 0.011 0.025 0 0.014
0.01 0.005 0.005 0.048 0.016 0.011 0.02 0.126 0.003 0.021 0.009 0.196 0.005 0.047 0.051 0.009 0.023 0.004 0.416 0.061 1 0.047 0.252 0.067 0.042 0.124 0.01 0.413 0.016 0.003 0.005 0.043 0.117 0.142 0.005 0.002 0.005 0.05 0.004 0.048 0.187 0.006 0.042 0.158 0.676 0 0.004 0.117 0.111 0.005 0.005 0.467 0.646 0.645 0.546 0.006 0.459 0.125 0.034 0 0.357 0.007 0.006 0 0.271 0.018 0.487 0.009 0.098 0.005 0.135 0.003 0.427 0.005 0.001 0.089
0.129 0.116 0.11 0.287 0.017 0.01 0.046 0.268 0.006 0.039 0.017 0.015 0.009 0.081 0.088 0.021 0.052 0.009 0.025 0.116 0.047 1 0.445 0.126 0.078 0.236 0.017 0.022 0.03 0.006 0.009 0.068 0.218 0.061 0.009 0.012 0.048 0.011 0.017 0.012 0.08 0.099 0.081 0.013 0.056 0.053 0.016 0.01 0.029 0.142 0 0.045 0.021 0.018 0.022 0 0.027 0.01 0.001 0.006 0.023 0.047 0.002 0.006 0.007 0.013 0.03 0.067 0.002 0.009 0.011 0.012 0.023 0 0.008 0
0.136 0.113 0.108 0.371 0.041 0.025 0.081 0.483 0.012 0.074 0.033 0.049 0.017 0.156 0.169 0.042 0.092 0.016 0.116 0.22 0.252 0.445 1 0.24 0.149 0.444 0.033 0.122 0.057 0.012 0.018 0.137 0.413 0.218 0.017 0.015 0.022 0.003 0.025 0.002 0.29 0.045 0.151 0.053 0.179 0.038 0.023 0.039 0.138 0.055 0.004 0.118 0.242 0.248 0.195 0.003 0.145 0.032 0.014 0.002 0.112 0.008 0 0.005 0.107 0.036 0.113 0.016 0.04 0.018 0.034 0.018 0.14 0.001 0.003 0.048
0.6 0.695 0.714 0.303 0.197 0.124 0.351 0.359 0.007 0.31 0.136 0.017 0.071 0.762 0.709 0.01 0.395 0.073 0.028 0.96 0.067 0.126 0.24 1 0.614 0.465 0.02 0.029 0.216 0.049 0.024 0.558 0.4 0.268 0 0.071 0.006 0.145 0.101 0.133 0.235 0.013 0.025 0.075 0.029 0.012 0.09 0.03 0.026 0.082 0.016 0 0.061 0.061 0.032 0.018 0.011 0.011 0.008 0.014 0.001 0.008 0.01 0.026 0.016 0.015 0.003 0.011 0.012 0.001 0.01 0.016 0.012 0.026 0 0.014
0.375 0.43 0.446 0.199 0.021 0.014 0.567 0.227 0.004 0.497 0.219 0.01 0.006 0.479 0.436 0.006 0.611 0.117 0.017 0.598 0.042 0.078 0.149 0.614 1 0.284 0.013 0.018 0.021 0.004 0.006 0.87 0.26 0.18 0.006 0.008 0.003 0.294 0.012 0.272 0.16 0.008 0.058 0.065 0.012 0.008 0.003 0.111 0.053 0.045 0.003 0.019 0.037 0.038 0.012 0.001 0.01 0.007 0.005 0.004 0.018 0.009 0.006 0.004 0.013 0.005 0.022 0.01 0.008 0.007 0.009 0.01 0.011 0 0.006 0.008
0.287 0.286 0.305 0.629 0.092 0.058 0.168 0.714 0.014 0.15 0.066 0.034 0.034 0.308 0.316 0.011 0.189 0.031 0.057 0.441 0.124 0.236 0.444 0.465 0.284 1 0.042 0.061 0.102 0.024 0.007 0.282 0.86 0.594 0.03 0.031 0.016 0.038 0.044 0.034 0.515 0.025 0.161 0 0.089 0.015 0.039 0.001 0.26 0.202 0.014 0.038 0.134 0.134 0.092 0.008 0.064 0.021 0.017 0.004 0.038 0.02 0.023 0.01 0.049 0.003 0.05 0.025 0.023 0.033 0.023 0.042 0.065 0.004 0 0.03
0.002 0.025 0.024 0.006 0.005 0.003 0.007 0.009 0.091 0.006 0.003 0.002 0.001 0.02 0.015 0.001 0.008 0.002 0.004 0.021 0.01 0.017 0.033 0.02 0.013 0.042 1 0.004 0.005 0.001 0.002 0.013 0.041 0.056 0 0.002 0.002 0.015 0.003 0.015 0.006 0.002 0.071 0.032 0.011 0.001 0.003 0.02 0.014 0.002 0.002 0.015 0.01 0.01 0.012 0.002 0.01 0.002 0.001 0.001 0.012 0.002 0.038 0.001 0.004 0.21 0.013 0.003 0.002 0 0.002 0.002 0.009 0.002 0.003 0.002
0.041 0.035 0.035 0.071 0.007 0.005 0.011 0.049 0.001 0.009 0.004 0.004 0.002 0.024 0.027 0.027 0.012 0.002 0.927 0.029 0.413 0.022 0.122 0.029 0.018 0.061 0.004 1 0.007 0.001 0.002 0.019 0.051 0.053 0.002 0.003 0.002 0.022 0.004 0.021 0.082 0.003 0.016 0.063 0.297 0.003 0.004 0.066 0.051 0.008 0.002 0.192 0.262 0.264 0.255 0.003 0.22 0.002 0 0.001 0.096 0.003 0.003 0.001 0.46 0.008 0.177 0.004 0 0.002 0.003 0 0.227 0.002 0.004 0.001
0.143 0.17 0.171 0.063 0.836 0.519 0.012 0.082 0.002 0.01 0.004 0.004 0.3 0.178 0.159 0.002 0.011 0.003 0.007 0.2 0.016 0.03 0.057 0.216 0.021 0.102 0.005 0.007 1 0.208 0.135 0.022 0.098 0.062 0.014 0.334 0.002 0.025 0.522 0.023 0.054 0.003 0.006 0.01 0.014 0.003 0.381 0.034 0.005 0.036 0.079 0.037 0.014 0.014 0.017 0.068 0.001 0.003 0.002 0.083 0.031 0 0.003 0.141 0.002 0.008 0.023 0 0.003 0.004 0.001 0.004 0.001 0.084 0.01 0.004
0.035 0.041 0.041 0.018 0.202 0.308 0.003 0.021 0 0.002 0.001 0.001 0 0.042 0.038 0 0.003 0.001 0.001 0.048 0.003 0.006 0.012 0.049 0.004 0.024 0.001 0.001 0.208 1 0.672 0.005 0.01 0.006 0 0.042 0.001 0.005 0.214 0.005 0.005 0.001 0.005 0.011 0.002 0.001 0.106 0.01 0.014 0.009 0.024 0.014 0.002 0.002 0.003 0.021 0.001 0.001 0 0.003 0.015 0.001 0.001 0.221 0.001 0.002 0.011 0.001 0.001 0.001 0.001 0.001 0.001 0.026 0.001 0.001
0.014 0.018 0.018 0.004 0.131 0.205 0.004 0.005 0.001 0.003 0.001 0.001 0.001 0.062 0.056 0.001 0.004 0.001 0.002 0.023 0.005 0.009 0.018 0.024 0.006 0.007 0.002 0.002 0.135 0.672 1 0.007 0.001 0.014 0.001 0.028 0.001 0.001 0.143 0.002 0.011 0.001 0.007 0.022 0.004 0.001 0.07 0.015 0.001 0.014 0.014 0.005 0.004 0.004 0.005 0.012 0.002 0.001 0.001 0.003 0.006 0.001 0.001 0.146 0.001 0.003 0.004 0.001 0.001 0.001 0 0.001 0.002 0.015 0.001 0.001
0.323 0.379 0.39 0.178 0.019 0.011 0.534 0.207 0.005 0.469 0.208 0.01 0.007 0.41 0.39 0.007 0.576 0.111 0.018 0.543 0.043 0.068 0.137 0.558 0.87 0.282 0.013 0.019 0.022 0.005 0.007 1 0.29 0.205 0.006 0.008 0.003 0.349 0.013 0.327 0.183 0.009 0.061 0.084 0.013 0.008 0.003 0.137 0.07 0.05 0.004 0.021 0.039 0.039 0.013 0.005 0.011 0.007 0.005 0.005 0.02 0.01 0.008 0.004 0.013 0.006 0.024 0.011 0.008 0.007 0.01 0.011 0.013 0.004 0.011 0.009
0.258 0.259 0.274 0.595 0.087 0.052 0.167 0.703 0.014 0.148 0.067 0.03 0.035 0.293 0.292 0.02 0.18 0.035 0.048 0.391 0.117 0.218 0.413 0.4 0.26 0.86 0.041 0.051 0.098 0.01 0.001 0.29 1 0.698 0.03 0.046 0.021 0.05 0.068 0.046 0.614 0.027 0.176 0 0.094 0.025 0.062 0.001 0.286 0.24 0.014 0.031 0.14 0.14 0.097 0.007 0.067 0.021 0.016 0.004 0.031 0.022 0.025 0.023 0.055 0.004 0.042 0.027 0.022 0.033 0.023 0.053 0.068 0.003 0 0.029
0.138 0.143 0.154 0.349 0.046 0.023 0.116 0.442 0.019 0.103 0.044 0.041 0.026 0.261 0.265 0.027 0.125 0.026 0.049 0.25 0.142 0.061 0.218 0.268 0.18 0.594 0.056 0.053 0.062 0.006 0.014 0.205 0.698 1 0.022 0.027 0.029 0.264 0.043 0.261 0.823 0.037 0.109 0.041 0.126 0.012 0.045 0.012 0.428 0.234 0.008 0.059 0.172 0.167 0.13 0.003 0.097 0.028 0.019 0.002 0.042 0.035 0.033 0.015 0.063 0 0.071 0.043 0.027 0.024 0.034 0.038 0.097 0.001 0.001 0.036
0 0 0 0.026 0.018 0 0.004 0.029 0 0.003 0.001 0.001 0.068 0 0 0.001 0.004 0.001 0.002 0 0.005 0.009 0.017 0 0.006 0.03 0 0.002 0.014 0 0.001 0.006 0.03 0.022 1 0.001 0.001 0.007 0.001 0.007 0.022 0.001 0.096 0.02 0.005 0.001 0.001 0.014 0.035 0.013 0.036 0.008 0.005 0.005 0.006 0.018 0.006 0.001 0.001 0 0.007 0.001 0.001 0 0.003 0.003 0.008 0.001 0.001 0.547 0.001 0.001 0.006 0.001 0 0.001
0.048 0.058 0.058 0.018 0.277 0.426 0.005 0.027 0.001 0.004 0.002 0 0.001 0.063 0.063 0.001 0.003 0.001 0.003 0.06 0.002 0.012 0.015 0.071 0.008 0.031 0.002 0.003 0.334 0.042 0.028 0.008 0.046 0.027 0.001 1 0.001 0.01 0.635 0.009 0.03 0.001 0.009 0.039 0.007 0.001 0.34 0.009 0.026 0.014 0.067 0.045 0.007 0.007 0.008 0.059 0.001 0.001 0.001 0.124 0.044 0 0.001 0.088 0 0.003 0.036 0 0.001 0.001 0.001 0.001 0.002 0.07 0.002 0.001
0.004 0.005 0.013 0.028 0.003 0.002 0.004 0.025 0.001 0.003 0.001 0.001 0.001 0.012 0.014 0.001 0.001 0.001 0.002 0.007 0.005 0.048 0.022 0.006 0.003 0.016 0.002 0.002 0.002 0.001 0.001 0.003 0.021 0.029 0.001 0.001 1 0.008 0.001 0.008 0.033 0.001 0.008 0.005 0.001 0.001 0.001 0.009 0.017 0.005 0.001 0.003 0.001 0.001 0.002 0.001 0.002 0.001 0.001 0.001 0.003 0.001 0.01 0.001 0.001 0.003 0.003 0.001 0.001 0 0 0.001 0.002 0.001 0.001 0.001
0.072 0.094 0.099 0.013 0.022 0.013 0.325 0.022 0.005 0.269 0.085 0.012 0.007 0.194 0.179 0.007 0.346 0.008 0.021 0.139 0.05 0.011 0.003 0.145 0.294 0.038 0.015 0.022 0.025 0.005 0.001 0.349 0.05 0.264 0.007 0.01 0.008 1 0.015 0.955 0.23 0.01 0.075 0.34 0.052 0.066 0.005 0.278 0.261 0.021 0.008 0.066 0.052 0.049 0.055 0.009 0.049 0.008 0.004 0.005 0.043 0.011 0.009 0.005 0.021 0.008 0.067 0.008 0.007 0.008 0.011 0.012 0.044 0.008 0.006 0.008
0.069 0.083 0.083 0.027 0.415 0.637 0.007 0.037 0.001 0.006 0.003 0.001 0.001 0.088 0.085 0.001 0.006 0.002 0.004 0.09 0.004 0.017 0.025 0.101 0.012 0.044 0.003 0.004 0.522 0.214 0.143 0.013 0.068 0.043 0.001 0.635 0.001 0.015 1 0.013 0.044 0.002 0.014 0.061 0.01 0.002 0.654 0.014 0.038 0.023 0.041 0.095 0.01 0.01 0.012 0.035 0 0.001 0.001 0.128 0.086 0 0.002 0.319 0 0.005 0.071 0 0.002 0.002 0 0.002 0 0.043 0 0.002
0.065 0.09 0.09 0.011 0.021 0.012 0.326 0.019 0.005 0.269 0.079 0.012 0.007 0.182 0.169 0.007 0.315 0.008 0.02 0.127 0.048 0.012 0.002 0.133 0.272 0.034 0.015 0.021 0.023 0.005 0.002 0.327 0.046 0.261 0.007 0.009 0.008 0.955 0.013 1 0.228 0.01 0.072 0.335 0.05 0.07 0.012 0.268 0.276 0.02 0.008 0.075 0.05 0.047 0.055 0.009 0.059 0.008 0.004 0.005 0.05 0.01 0.009 0.004 0.03 0.007 0.072 0.012 0.006 0.008 0.01 0.011 0.054 0.007 0.01 0.007
0.134 0.116 0.126 0.446 0.039 0.019 0.106 0.558 0.014 0.095 0.043 0.048 0.023 0.231 0.232 0.029 0.113 0.022 0.077 0.218 0.187 0.08 0.29 0.235 0.16 0.515 0.006 0.082 0.054 0.005 0.011 0.183 0.614 0.823 0.022 0.03 0.033 0.23 0.044 0.228 1 0.042 0.226 0.016 0.164 0.009 0.041 0.002 0.549 0.285 0.007 0.087 0.224 0.218 0.169 0.002 0.128 0.033 0.022 0.001 0.063 0.035 0.035 0.013 0.091 0.054 0.099 0.044 0.031 0.024 0.04 0.033 0.126 0 0.002 0.042
0.019 0.016 0.016 0.036 0.003 0.002 0.005 0.032 0 0.004 0.002 0.002 0.001 0.016 0.018 0 0.006 0.001 0.003 0.013 0.006 0.099 0.045 0.013 0.008 0.025 0.002 0.003 0.003 0.001 0.001 0.009 0.027 0.037 0.001 0.001 0.001 0.01 0.002 0.01 0.042 1 0.01 0.021 0.004 0.001 0.002 0.013 0.023 0.044 0.001 0.005 0.002 0.002 0.001 0.001 0.005 0.001 0.001 0.001 0.005 0.342 0.001 0.001 0.001 0.001 0.007 0.463 0.001 0.001 0.001 0.002 0.003 0.001 0.004 0.001
0.01 0.039 0.036 0.239 0.006 0.014 0.032 0.275 0.005 0.027 0.01 0.012 0.099 0.035 0.024 0.006 0.033 0.008 0.014 0.026 0.042 0.081 0.151 0.025 0.058 0.161 0.071 0.016 0.006 0.005 0.007 0.061 0.176 0.109 0.096 0.009 0.008 0.075 0.014 0.072 0.226 0.01 1 0.208 0.048 0.009 0.013 0.134 0.347 0.123 0.008 0.074 0.053 0.052 0.056 0.003 0.06 0.008 0.007 0.005 0.07 0.008 0.009 0.005 0.031 0.208 0.074 0.01 0.009 0.105 0.011 0.16 0.055 0 0.006 0.011
0.071 0.099 0.102 0 0.004 0.033 0.104 0.003 0.014 0.08 0.021 0.058 0.021 0.11 0.095 0.004 0.119 0.02 0.066 0.07 0.158 0.013 0.053 0.075 0.065 0 0.032 0.063 0.01 0.011 0.022 0.084 0 0.041 0.02 0.039 0.005 0.34 0.061 0.335 0.016 0.021 0.208 1 0.188 0.028 0.063 0.392 0.006 0.054 0.002 0.227 0.175 0.17 0.125 0.003 0.143 0.037 0.019 0.024 0.187 0.028 0.013 0.023 0.076 0.027 0.186 0.034 0.025 0.022 0.046 0.033 0.136 0.001 0.025 0.018
0.001 0 0 0.03 0.015 0.009 0.002 0.076 0.004 0.001 0.001 0.161 0.005 0.021 0.024 0 0.002 0.004 0.298 0.026 0.676 0.056 0.179 0.029 0.012 0.089 0.011 0.297 0.014 0.002 0.004 0.013 0.094 0.126 0.005 0.007 0.001 0.052 0.01 0.05 0.164 0.004 0.048 0.188 1 0.006 0.009 0.153 0.144 0.022 0.006 0.651 0.779 0.768 0.811 0.006 0.691 0.141 0.056 0.002 0.499 0.008 0.006 0.002 0.293 0.019 0.605 0.01 0.119 0.006 0.169 0.008 0.636 0.005 0.009 0.11
0.003 0.006 0.006 0.021 0.003 0.002 0.005 0.029 0.001 0.004 0.002 0.001 0.001 0.002 0.001 0.001 0.005 0.001 0.002 0.013 0 0.053 0.038 0.012 0.008 0.015 0.001 0.003 0.003 0.001 0.001 0.008 0.025 0.012 0.001 0.001 0.001 0.066 0.002 0.07 0.009 0.001 0.009 0.028 0.006 1 0.002 0.011 0.007 0.043 0.001 0.01 0.007 0.006 0.007 0.001 0.008 0.001 0.001 0.001 0 0.001 0.001 0.001 0.004 0.003 0.01 0.001 0.001 0.001 0.001 0.001 0.007 0.001 0 0.001
0.055 0.059 0.067 0.024 0.266 0.414 0.007 0.028 0 0.006 0.002 0 0.001 0.072 0.069 0.001 0 0.001 0.004 0.079 0.004 0.016 0.023 0.09 0.003 0.039 0.003 0.004 0.381 0.106 0.07 0.003 0.062 0.045 0.001 0.34 0.001 0.005 0.654 0.012 0.041 0.002 0.013 0.063 0.009 0.002 1 0.005 0.036 0.025 0.001 0.166 0.01 0.009 0.009 0.002 0.008 0.001 0.001 0.165 0.147 0.002 0.002 0.345 0.003 0.005 0.116 0.002 0.002 0.001 0 0.002 0.007 0.001 0.002 0.002
0.029 0.044 0.046 0.003 0.037 0.021 0.151 0.008 0.002 0.125 0.07 0.014 0.015 0.033 0.026 0 0.158 0.014 0.075 0.031 0.117 0.01 0.039 0.03 0.111 0.001 0.02 0.066 0.034 0.01 0.015 0.137 0.001 0.012 0.014 0.009 0.009 0.278 0.014 0.268 0.002 0.013 0.134 0.392 0.153 0.011 0.005 1 0.013 0.02 0.016 0.1 0.121 0.128 0.13 0.018 0.113 0.038 0.01 0 0.086 0.022 0.001 0.001 0.074 0.054 0.086 0.026 0.001 0.016 0.026 0.017 0.102 0.015 0.021 0.002
0.018 0.007 0.009 0.266 0.004 0.037 0.098 0.313 0.014 0.08 0.019 0.033 0.031 0.026 0.031 0.018 0.092 0.017 0.047 0.024 0.111 0.029 0.138 0.026 0.053 0.26 0.014 0.051 0.005 0.014 0.001 0.07 0.286 0.428 0.035 0.026 0.017 0.261 0.038 0.276 0.549 0.023 0.347 0.006 0.144 0.007 0.036 0.013 1 0.175 0 0.217 0.146 0.144 0.167 0.001 0.178 0.021 0.02 0.014 0.207 0.025 0.024 0.013 0.084 0.131 0.217 0.03 0.024 0.038 0.029 0.058 0.163 0.004 0 0.031
0.065 0.049 0.05 0.211 0.023 0.012 0.029 0.27 0.028 0.034 0.026 0.003 0.014 0.074 0.068 0.028 0.034 0.003 0.01 0.08 0.005 0.142 0.055 0.082 0.045 0.202 0.002 0.008 0.036 0.009 0.014 0.05 0.24 0.234 0.013 0.014 0.005 0.021 0.023 0.02 0.285 0.044 0.123 0.054 0.022 0.043 0.025 0.02 0.175 1 0.015 0.057 0.022 0.021 0.027 0.009 0.029 0.001 0 0.009 0.044 0.062 0.061 0.009 0.025 0.03 0.038 0.077 0.006 0.007 0.001 0.022 0.033 0.003 0.009 0.008
0.009 0.012 0.012 0.007 0.085 0.041 0.004 0.013 0.001 0.003 0.001 0.001 0.046 0.014 0.011 0.001 0.004 0 0.002 0.017 0.005 0 0.004 0.016 0.003 0.014 0.002 0.002 0.079 0.024 0.014 0.004 0.014 0.008 0.036 0.067 0.001 0.008 0.041 0.008 0.007 0.001 0.008 0.002 0.006 0.001 0.001 0.016 0 0.015 1 0.008 0.006 0.006 0.006 0.816 0.007 0.001 0.001 0.001 0.008 0.001 0.001 0.001 0.003 0.003 0.008 0.001 0.001 0.017 0.001 0.001 0.006 0.548 0.055 0.001
0.005 0.008 0.009 0.011 0.02 0.053 0.007 0.036 0.005 0.005 0 0.117 0.008 0 0.001 0 0.003 0.007 0.193 0 0.467 0.045 0.118 0 0.019 0.038 0.015 0.192 0.037 0.014 0.005 0.021 0.031 0.059 0.008 0.045 0.003 0.066 0.095 0.075 0.087 0.005 0.074 0.227 0.651 0.01 0.166 0.1 0.217 0.057 0.008 1 0.667 0.653 0.696 0.009 0.737 0.097 0.034 0.064 0.801 0.012 0.01 0.06 0.362 0.029 0.863 0.014 0.078 0.008 0.134 0.013 0.676 0.008 0.014 0.102
0.009 0.007 0.007 0.055 0.015 0.009 0.02 0.115 0.004 0.021 0.008 0.167 0.005 0.046 0.05 0 0.02 0.004 0.262 0.052 0.646 0.021 0.242 0.061 0.037 0.134 0.01 0.262 0.014 0.002 0.004 0.039 0.14 0.172 0.005 0.007 0.001 0.052 0.01 0.05 0.224 0.002 0.053 0.175 0.779 0.007 0.01 0.121 0.146 0.022 0.006 0.667 1 0.933 0.816 0.006 0.692 0.145 0.055 0.004 0.521 0.008 0.006 0.002 0.407 0.019 0.62 0.01 0.119 0.006 0.184 0.008 0.658 0.005 0.009 0.157
0.009 0.006 0.007 0.06 0.015 0.009 0.02 0.122 0.004 0.021 0.008 0.162 0.005 0.047 0.051 0 0.019 0.004 0.285 0.052 0.645 0.018 0.248 0.061 0.038 0.134 0.01 0.264 0.014 0.002 0.004 0.039 0.14 0.167 0.005 0.007 0.001 0.049 0.01 0.047 0.218 0.002 0.052 0.17 0.768 0.006 0.009 0.128 0.144 0.021 0.006 0.653 0.933 1 0.81 0.006 0.709 0.146 0.063 0 0.546 0.008 0.006 0.002 0.425 0.019 0.635 0.01 0.131 0.006 0.186 0.008 0.674 0.005 0.009 0.169
0.002 0.001 0.001 0.038 0.017 0.01 0.002 0.085 0.004 0.001 0.002 0.107 0.006 0.023 0.027 0 0.001 0.005 0.256 0.026 0.546 0.022 0.195 0.032 0.012 0.092 0.012 0.255 0.017 0.003 0.005 0.013 0.097 0.13 0.006 0.008 0.002 0.055 0.012 0.055 0.169 0.001 0.056 0.125 0.811 0.007 0.009 0.13 0.167 0.027 0.006 0.696 0.816 0.81 1 0.007 0.758 0.126 0.058 0.003 0.563 0.004 0.007 0.003 0.39 0.022 0.658 0.006 0.079 0.006 0.16 0.01 0.694 0.006 0.01 0.145
0.01 0.014 0.014 0.005 0.074 0.036 0.004 0.01 0.001 0.004 0.002 0.001 0.04 0.016 0.013 0.001 0.005 0 0.002 0.02 0.006 0 0.003 0.018 0.001 0.008 0.002 0.003 0.068 0.021 0.012 0.005 0.007 0.003 0.018 0.059 0.001 0.009 0.035 0.009 0.002 0.001 0.003 0.003 0.006 0.001 0.002 0.018 0.001 0.009 0.816 0.009 0.006 0.006 0.007 1 0.008 0.001 0.001 0.001 0.009 0.001 0.001 0.001 0.004 0.003 0.009 0.002 0.001 0.015 0.001 0.001 0.007 0.69 0.07 0.001
0 0 0 0.031 0 0.002 0.003 0.055 0.002 0.002 0.001 0.135 0.006 0.005 0.007 0.001 0.001 0.007 0.239 0.008 0.459 0.027 0.145 0.011 0.01 0.064 0.01 0.22 0.001 0.001 0.002 0.011 0.067 0.097 0.006 0.001 0.002 0.049 0 0.059 0.128 0.005 0.06 0.143 0.691 0.008 0.008 0.113 0.178 0.029 0.007 0.737 0.692 0.709 0.758 0.008 1 0.052 0.071 0.078 0.663 0.01 0.008 0.003 0.387 0.023 0.746 0.012 0.135 0.007 0.093 0.01 0.899 0.007 0.011 0.173
0.031 0.037 0.037 0.013 0.003 0.002 0.004 0.015 0.001 0.003 0.001 0.007 0.001 0.004 0.002 0.001 0.004 0 0.002 0.011 0.125 0.01 0.032 0.011 0.007 0.021 0.002 0.002 0.003 0.001 0.001 0.007 0.021 0.028 0.001 0.001 0.001 0.008 0.001 0.008 0.033 0.001 0.008 0.037 0.141 0.001 0.001 0.038 0.021 0.001 0.001 0.097 0.145 0.146 0.126 0.001 0.052 1 0 0.001 0.083 0.001 0.001 0.001 0.022 0.003 0.097 0.001 0 0.001 0.417 0.001 0.023 0.001 0.001 0
0.007 0.005 0.005 0.015 0 0 0.002 0.012 0 0.002 0 0.242 0.001 0.005 0.006 0.004 0.003 0.001 0 0.009 0.034 0.001 0.014 0.008 0.005 0.017 0.001 0 0.002 0 0.001 0.005 0.016 0.019 0.001 0.001 0.001 0.004 0.001 0.004 0.022 0.001 0.007 0.019 0.056 0.001 0.001 0.01 0.02 0 0.001 0.034 0.055 0.063 0.058 0.001 0.071 0 1 0 0.06 0.001 0.001 0 0.003 0.003 0.054 0.001 0.165 0.001 0.001 0.001 0.071 0.001 0.001 0.298
0.012 0.011 0.011 0.002 0.081 0.127 0.003 0.003 0 0.002 0.001 0.008 0 0.013 0.011 0.001 0.003 0.001 0.001 0.014 0 0.006 0.002 0.014 0.004 0.004 0.001 0.001 0.083 0.003 0.003 0.005 0.004 0.002 0 0.124 0.001 0.005 0.128 0.005 0.001 0.001 0.005 0.024 0.002 0.001 0.165 0 0.014 0.009 0.001 0.064 0.004 0 0.003 0.001 0.078 0.001 0 1 0.06 0.001 0.001 0 0.006 0.002 0.038 0.001 0.001 0.001 0.001 0.001 0.068 0.001 0.001 0.001
0.005 0.008 0.009 0.012 0.02 0.053 0.007 0.039 0.003 0.005 0 0.12 0.007 0.001 0 0 0.002 0.006 0.108 0 0.357 0.023 0.112 0.001 0.018 0.038 0.012 0.096 0.031 0.015 0.006 0.02 0.031 0.042 0.007 0.044 0.003 0.043 0.086 0.05 0.063 0.005 0.07 0.187 0.499 0 0.147 0.086 0.207 0.044 0.008 0.801 0.521 0.546 0.563 0.009 0.663 0.083 0.06 0.06 1 0.011 0.009 0.064 0.277 0.027 0.821 0.014 0.116 0.008 0.121 0.012 0.619 0.008 0.013 0.148
0.009 0.007 0.007 0.024 0 0 0.005 0.026 0.001 0.004 0.002 0.002 0 0.01 0.011 0 0.006 0.001 0.003 0.008 0.007 0.047 0.008 0.008 0.009 0.02 0.002 0.003 0 0.001 0.001 0.01 0.022 0.035 0.001 0 0.001 0.011 0 0.01 0.035 0.342 0.008 0.028 0.008 0.001 0.002 0.022 0.025 0.062 0.001 0.012 0.008 0.008 0.004 0.001 0.01 0.001 0.001 0.001 0.011 1 0.001 0.001 0.005 0.004 0.012 0.824 0.001 0.001 0.002 0.002 0.009 0.001 0.073 0.002
0.005 0.004 0.003 0.015 0.003 0.002 0.004 0.027 0.396 0.004 0.002 0.001 0.001 0.011 0.007 0.001 0.005 0.001 0.002 0.011 0.006 0.002 0 0.01 0.006 0.023 0.038 0.003 0.003 0.001 0.001 0.008 0.025 0.033 0.001 0.001 0.01 0.009 0.002 0.009 0.035 0.001 0.009 0.013 0.006 0.001 0.002 0.001 0.024 0.061 0.001 0.01 0.006 0.006 0.007 0.001 0.008 0.001 0.001 0.001 0.009 0.001 1 0.001 0.004 0.003 0.01 0.002 0.001 0.001 0.001 0.001 0.007 0.001 0.002 0.001
0.016 0.02 0.02 0.005 0.094 0.147 0.002 0.008 0 0.002 0.001 0 0 0.025 0.027 0 0.003 0.001 0.001 0.018 0 0.006 0.005 0.026 0.004 0.01 0.001 0.001 0.141 0.221 0.146 0.004 0.023 0.015 0 0.088 0.001 0.005 0.319 0.004 0.013 0.001 0.005 0.023 0.002 0.001 0.345 0.001 0.013 0.009 0.001 0.06 0.002 0.002 0.003 0.001 0.003 0.001 0 0 0.064 0.001 0.001 1 0.002 0.002 0.055 0.001 0.001 0.001 0 0.001 0.003 0 0.001 0.001
0.01 0.01 0.008 0.041 0.002 0 0.015 0.049 0.001 0.013 0.005 0.003 0.003 0.013 0.016 0.001 0.006 0.002 0.482 0.014 0.271 0.007 0.107 0.016 0.013 0.049 0.004 0.46 0.002 0.001 0.001 0.013 0.055 0.063 0.003 0 0.001 0.021 0 0.03 0.091 0.001 0.031 0.076 0.293 0.004 0.003 0.074 0.084 0.025 0.003 0.362 0.407 0.425 0.39 0.004 0.387 0.022 0.003 0.006 0.277 0.005 0.004 0.002 1 0.011 0.373 0.006 0.004 0.003 0.004 0.005 0.386 0.003 0.005 0.001
0.001 0.02 0.02 0.062 0.009 0.006 0 0.073 0.002 0 0.005 0.004 0.003 0.019 0.023 0.002 0.001 0.003 0.007 0.015 0.018 0.013 0.036 0.015 0.005 0.003 0.21 0.008 0.008 0.002 0.003 0.006 0.004 0 0.003 0.003 0.003 0.008 0.005 0.007 0.054 0.001 0.208 0.027 0.019 0.003 0.005 0.054 0.131 0.03 0.003 0.029 0.019 0.019 0.022 0.003 0.023 0.003 0.003 0.002 0.027 0.004 0.003 0.002 0.011 1 0.028 0.005 0.003 0.003 0.004 0.004 0.021 0.003 0 0.004
0.002 0.006 0.006 0.018 0.014 0.042 0.008 0.047 0.003 0.006 0 0.114 0.008 0.001 0.002 0 0.004 0.007 0.194 0.002 0.487 0.03 0.113 0.003 0.022 0.05 0.013 0.177 0.023 0.011 0.004 0.024 0.042 0.071 0.008 0.036 0.003 0.067 0.071 0.072 0.099 0.007 0.074 0.186 0.605 0.01 0.116 0.086 0.217 0.038 0.008 0.863 0.62 0.635 0.658 0.009 0.746 0.097 0.054 0.038 0.821 0.012 0.01 0.055 0.373 0.028 1 0.014 0.111 0.008 0.135 0.013 0.69 0.008 0.004 0.137
0.013 0.01 0.01 0.031 0.001 0.001 0.005 0.032 0.001 0.004 0.003 0.002 0 0.012 0.014 0 0.006 0.001 0.004 0.011 0.009 0.067 0.016 0.011 0.01 0.025 0.003 0.004 0 0.001 0.001 0.011 0.027 0.043 0.001 0 0.001 0.008 0 0.012 0.044 0.463 0.01 0.034 0.01 0.001 0.002 0.026 0.03 0.077 0.001 0.014 0.01 0.01 0.006 0.002 0.012 0.001 0.001 0.001 0.014 0.824 0.002 0.001 0.006 0.005 0.014 1 0.002 0.001 0.002 0.002 0.011 0.001 0.078 0.002
0.004 0.003 0.003 0.013 0 0 0.001 0.014 0.001 0.004 0.002 0.25 0.001 0.005 0.006 0.002 0.002 0.001 0 0.012 0.098 0.002 0.04 0.012 0.008 0.023 0.002 0 0.003 0.001 0.001 0.008 0.022 0.027 0.001 0.001 0.001 0.007 0.002 0.006 0.031 0.001 0.009 0.025 0.119 0.001 0.002 0.001 0.024 0.006 0.001 0.078 0.119 0.131 0.079 0.001 0.135 0 0.165 0.001 0.116 0.001 0.001 0.001 0.004 0.003 0.111 0.002 1 0.001 0.001 0.001 0.137 0.001 0.002 0.484
0.001 0.002 0.002 0.028 0.005 0.001 0.004 0.032 0.001 0.003 0.001 0.001 0.026 0.001 0.001 0.001 0.004 0.001 0.002 0.001 0.005 0.009 0.018 0.001 0.007 0.033 0 0.002 0.004 0.001 0.001 0.007 0.033 0.024 0.547 0.001 0 0.008 0.002 0.008 0.024 0.001 0.105 0.022 0.006 0.001 0.001 0.016 0.038 0.007 0.017 0.008 0.006 0.006 0.006 0.015 0.007 0.001 0.001 0.001 0.008 0.001 0.001 0.001 0.003 0.003 0.008 0.001 0.001 1 0.001 0.001 0.006 0.001 0.001 0.001
0.026 0.033 0.03 0.006 0.001 0 0.005 0.016 0.001 0.005 0.002 0.023 0.001 0.003 0.002 0 0.006 0 0.002 0.006 0.135 0.011 0.034 0.01 0.009 0.023 0.002 0.003 0.001 0.001 0 0.01 0.023 0.034 0.001 0.001 0 0.011 0 0.01 0.04 0.001 0.011 0.046 0.169 0.001 0 0.026 0.029 0.001 0.001 0.134 0.184 0.186 0.16 0.001 0.093 0.417 0.001 0.001 0.121 0.002 0.001 0 0.004 0.004 0.135 0.002 0.001 0.001 1 0.002 0.072 0.001 0.002 0
0.013 0.019 0.019 0.031 0.004 0.003 0.006 0.036 0.001 0.005 0.002 0.002 0.001 0.019 0.002 0.001 0.006 0.001 0 0.016 0.003 0.012 0.018 0.016 0.01 0.042 0.002 0 0.004 0.001 0.001 0.011 0.053 0.038 0.001 0.001 0.001 0.012 0.002 0.011 0.033 0.002 0.16 0.033 0.008 0.001 0.002 0.017 0.058 0.022 0.001 0.013 0.008 0.008 0.01 0.001 0.01 0.001 0.001 0.001 0.012 0.002 0.001 0.001 0.005 0.004 0.013 0.002 0.001 0.001 0.002 1 0.009 0.001 0.002 0.002
0.002 0.001 0.001 0.04 0 0.002 0.004 0.055 0.002 0.003 0 0.14 0.006 0.005 0.008 0.001 0.001 0.006 0.246 0.011 0.427 0.023 0.14 0.012 0.011 0.065 0.009 0.227 0.001 0.001 0.002 0.013 0.068 0.097 0.006 0.002 0.002 0.044 0 0.054 0.126 0.003 0.055 0.136 0.636 0.007 0.007 0.102 0.163 0.033 0.006 0.676 0.658 0.674 0.694 0.007 0.899 0.023 0.071 0.068 0.619 0.009 0.007 0.003 0.386 0.021 0.69 0.011 0.137 0.006 0.072 0.009 1 0.006 0.01 0.184
0.014 0.018 0.018 0.002 0.081 0.036 0.004 0.006 0.001 0.003 0.001 0.001 0.048 0.021 0.018 0.001 0.004 0 0.002 0.025 0.005 0 0.001 0.026 0 0.004 0.002 0.002 0.084 0.026 0.015 0.004 0.003 0.001 0.001 0.07 0.001 0.008 0.043 0.007 0 0.001 0 0.001 0.005 0.001 0.001 0.015 0.004 0.003 0.548 0.008 0.005 0.005 0.006 0.69 0.007 0.001 0.001 0.001 0.008 0.001 0.001 0 0.003 0.003 0.008 0.001 0.001 0.001 0.001 0.001 0.006 1 0.075 0.001
0.002 0.001 0.001 0.001 0.01 0 0.006 0 0.001 0.005 0.002 0.002 0.025 0 0 0 0.007 0.001 0.003 0 0.001 0.008 0.003 0 0.006 0 0.003 0.004 0.01 0.001 0.001 0.011 0 0.001 0 0.002 0.001 0.006 0 0.01 0.002 0.004 0.006 0.025 0.009 0 0.002 0.021 0 0.009 0.055 0.014 0.009 0.009 0.01 0.07 0.011 0.001 0.001 0.001 0.013 0.073 0.002 0.001 0.005 0 0.004 0.078 0.002 0.001 0.002 0.002 0.01 0.075 1 0.002
0.006 0.004 0.004 0.016 0 0 0.001 0.018 0.001 0.004 0.001 0.231 0.001 0.007 0.009 0.001 0.002 0.001 0 0.014 0.089 0 0.048 0.014 0.008 0.03 0.002 0.001 0.004 0.001 0.001 0.009 0.029 0.036 0.001 0.001 0.001 0.008 0.002 0.007 0.042 0.001 0.011 0.018 0.11 0.001 0.002 0.002 0.031 0.008 0.001 0.102 0.157 0.169 0.145 0.001 0.173 0 0.298 0.001 0.148 0.002 0.001 0.001 0.001 0.004 0.137 0.002 0.484 0.001 0 0.002 0.184 0.001 0.002 1
