1 0.767 0.798 0.5 0.161 0.103 0.237 0.315 0.014 0.205 0.134 0.029 0.047 0.507 0.499 0.006 0.212 0.048 0.038 0.488 0.004 0.139 0.112 0.504 0.27 0.312 0.006 0.039 0.127 0.039 0.038 0.234 0.287 0.168 0 0.042 0.007 0.038 0.077 0.024 0.153 0.022 0 0.049 0 0.003 0.07 0.017 0.013 0.071 0.001 0.013 0.008 0.007 0 0.001 0.001 0.042 0.01 0.003 0.011 0.01 0.001 0.026 0.025 0.006 0.006 0.01 0.002 0 0.023 0.003 0 0.002 0.017 0.001
0.767 1 0.939 0.463 0.21 0.133 0.308 0.271 0.011 0.267 0.174 0.022 0.062 0.602 0.581 0.004 0.24 0.063 0.029 0.563 0 0.134 0.088 0.593 0.297 0.294 0.028 0.03 0.169 0.051 0.05 0.28 0.283 0.154 0.001 0.056 0.009 0.038 0.101 0.034 0.121 0.017 0.012 0.072 0.005 0.015 0.055 0.028 0.002 0.06 0.002 0.021 0.002 0.002 0.001 0.004 0.002 0.056 0.006 0.004 0.018 0.006 0.005 0.035 0.025 0.04 0.011 0.006 0 0 0.019 0.014 0.001 0.005 0.011 0
0.798 0.939 1 0.486 0.199 0.127 0.292 0.292 0.011 0.253 0.165 0.023 0.059 0.644 0.62 0.004 0.267 0.059 0.031 0.605 0 0.137 0.094 0.638 0.344 0.325 0.03 0.032 0.16 0.049 0.047 0.301 0.295 0.16 0.001 0.052 0.012 0.047 0.096 0.03 0.126 0.018 0.013 0.075 0.004 0.016 0.087 0.031 0.001 0.059 0.002 0.026 0.004 0.003 0.001 0.003 0.005 0.053 0.007 0.004 0.024 0.006 0 0.033 0.021 0.042 0.015 0.007 0.001 0 0.031 0.015 0.004 0.004 0.012 0
0.5 0.463 0.486 1 0.094 0.058 0.147 0.756 0.023 0.127 0.083 0.046 0.029 0.331 0.34 0.011 0.136 0.034 0.061 0.295 0.025 0.306 0.309 0.324 0.172 0.6 0 0.062 0.07 0.024 0.023 0.144 0.586 0.331 0.031 0.024 0.023 0.002 0.045 0 0.396 0.038 0.229 0 0.008 0.036 0.042 0.003 0.163 0.195 0.005 0.001 0.042 0.04 0.019 0.005 0.009 0.025 0.014 0 0.001 0.022 0.004 0.019 0.054 0.046 0.003 0.023 0.006 0.024 0.01 0.023 0.009 0.001 0.033 0.005
0.161 0.21 0.199 0.094 1 0.636 0.014 0.105 0.002 0.012 0.008 0.005 0.295 0.206 0.196 0 0.017 0.003 0.006 0.185 0.018 0.018 0.041 0.182 0.025 0.099 0.006 0.006 0.829 0.241 0.236 0.024 0.111 0.056 0 0.257 0.003 0.025 0.478 0.022 0.046 0.004 0.01 0.009 0.013 0.005 0.24 0.026 0.005 0.026 0.018 0.017 0.013 0.013 0.017 0.012 0.003 0.003 0 0.036 0.016 0.003 0.002 0.175 0.009 0.008 0.012 0.003 0.003 0.003 0.003 0.003 0.005 0.014 0.002 0
0.103 0.133 0.127 0.058 0.636 1 0.009 0.072 0.002 0.008 0.005 0.003 0.002 0.142 0.135 0.002 0.011 0.002 0.004 0.122 0.011 0.01 0.024 0.114 0.016 0.061 0.004 0.004 0.523 0.379 0.372 0.015 0.07 0.029 0.002 0.407 0.002 0.016 0.755 0.014 0.023 0.003 0.014 0.051 0.006 0.003 0.389 0.009 0.036 0.014 0.023 0.054 0.006 0.006 0.008 0.016 0 0.002 0 0.06 0.052 0.003 0.002 0.28 0.005 0.005 0.043 0.003 0.008 0.002 0.001 0.002 0 0.019 0.001 0.002
0.237 0.308 0.292 0.147 0.014 0.009 1 0.162 0.004 0.866 0.566 0.007 0.004 0.301 0.286 0.003 0.753 0.005 0.009 0.295 0.017 0.052 0.078 0.311 0.432 0.172 0.009 0.009 0.014 0.004 0.004 0.445 0.178 0.126 0.009 0.005 0.004 0.237 0.008 0.237 0.113 0.005 0.014 0.058 0.001 0.007 0.007 0.098 0.096 0.055 0.003 0.003 0.024 0.023 0 0.004 0.002 0.005 0.001 0.002 0.003 0.003 0.004 0.004 0.016 0.012 0.002 0.003 0.001 0.006 0.006 0.004 0.001 0.004 0.007 0.003
0.315 0.271 0.292 0.756 0.105 0.072 0.162 1 0.021 0.139 0.095 0.041 0.033 0.422 0.428 0.01 0.152 0.039 0.03 0.376 0.111 0.276 0.442 0.408 0.222 0.713 0.001 0.031 0.086 0.028 0.026 0.173 0.687 0.413 0.035 0.029 0.02 0.007 0.053 0.003 0.497 0.033 0.265 0.007 0.051 0.04 0.048 0.015 0.204 0.259 0.008 0.021 0.119 0.117 0.071 0.007 0.044 0.021 0.009 0.001 0.019 0.019 0.008 0.022 0.045 0.055 0.018 0.02 0.004 0.028 0.012 0.027 0.04 0.002 0.027 0.014
0.014 0.011 0.011 0.023 0.002 0.002 0.004 0.021 1 0.003 0.002 0.001 0.001 0.007 0.005 0.001 0.004 0.001 0.001 0.011 0.004 0.007 0.013 0.01 0.006 0.018 0.035 0.002 0.002 0.001 0.001 0.006 0.017 0.02 0.001 0.001 0.001 0.004 0.001 0.004 0.015 0.02 0.006 0.014 0.005 0 0.001 0.002 0.015 0.036 0 0.007 0.005 0.004 0.006 0.001 0.006 0.001 0.001 0 0.007 0.001 0.17 0.001 0.003 0.002 0.007 0.001 0.001 0.001 0.001 0.001 0.006 0.001 0.001 0.001
0.205 0.267 0.253 0.127 0.012 0.008 0.866 0.139 0.003 1 0.653 0.006 0.004 0.258 0.245 0.003 0.662 0.004 0.008 0.253 0.014 0.045 0.066 0.266 0.359 0.147 0.008 0.008 0.012 0.003 0.003 0.37 0.152 0.106 0.012 0.004 0.003 0.175 0.007 0.171 0.095 0.005 0.01 0.039 0.002 0.006 0.006 0.074 0.071 0.048 0.003 0.001 0.02 0.019 0.001 0.003 0 0.004 0.001 0.002 0.001 0.002 0.003 0.004 0.014 0.01 0.001 0.003 0.001 0.009 0.005 0.004 0 0.003 0.006 0.002
0.134 0.174 0.165 0.083 0.008 0.005 0.566 0.095 0.002 0.653 1 0.004 0.002 0.185 0.176 0.002 0.49 0.003 0.005 0.182 0.015 0.029 0.052 0.19 0.228 0.107 0.005 0.005 0.008 0.002 0.002 0.238 0.113 0.08 0.024 0.003 0.002 0.101 0.005 0.091 0.074 0.003 0.002 0.017 0.002 0.004 0.004 0.033 0.049 0.042 0.002 0 0.017 0.016 0.001 0.002 0 0.003 0.003 0.001 0 0.003 0.002 0.002 0.009 0.007 0 0.003 0.003 0.019 0.003 0.002 0 0.002 0.004 0.005
0.029 0.022 0.023 0.046 0.005 0.003 0.007 0.041 0.001 0.006 0.004 1 0.001 0.015 0.015 0.001 0.008 0.002 0.003 0.019 0.192 0.017 0.048 0.02 0.012 0.035 0.003 0.003 0.005 0.001 0.001 0.005 0.032 0.044 0.001 0.001 0.001 0.012 0.002 0.01 0.049 0.002 0.011 0.057 0.119 0.002 0.002 0.007 0.028 0.003 0.001 0.091 0.143 0.123 0.113 0.001 0.103 0 0.295 0.035 0.072 0.002 0.001 0.001 0 0.004 0.076 0.002 0.166 0.001 0.01 0.001 0.077 0.001 0.003 0.217
0.047 0.062 0.059 0.029 0.295 0.002 0.004 0.033 0.001 0.004 0.002 0.001 1 0.066 0.063 0.001 0.005 0.001 0.002 0.065 0.005 0.011 0.018 0.069 0.008 0.039 0.002 0.002 0.298 0.001 0.001 0.007 0.041 0.031 0.004 0.001 0.001 0.007 0.002 0.007 0.027 0.001 0.117 0.021 0.006 0.001 0.002 0.019 0.024 0.016 0 0.009 0.006 0.006 0.007 0 0.008 0.001 0.001 0 0.009 0 0.001 0.001 0.003 0.003 0.009 0 0.001 0 0.001 0.001 0.008 0 0 0.002
0.507 0.602 0.644 0.331 0.206 0.142 0.301 0.422 0.007 0.258 0.185 0.015 0.066 1 0.929 0.003 0.322 0.077 0.023 0.833 0.067 0.125 0.222 0.872 0.496 0.463 0.023 0.022 0.185 0.053 0.055 0.385 0.41 0.265 0.001 0.064 0.01 0.07 0.112 0.048 0.228 0.016 0.006 0.029 0.02 0.017 0.101 0.005 0.008 0.089 0.008 0 0.067 0.071 0.025 0.01 0.01 0.014 0.01 0.01 0 0.007 0.001 0.052 0.018 0.032 0 0.007 0.003 0 0.005 0.013 0.009 0.012 0.008 0.01
0.499 0.581 0.62 0.34 0.196 0.135 0.286 0.428 0.005 0.245 0.176 0.015 0.063 0.929 1 0.004 0.306 0.073 0.024 0.79 0.07 0.126 0.226 0.828 0.471 0.453 0.017 0.024 0.176 0.052 0.053 0.364 0.403 0.266 0.001 0.062 0.011 0.068 0.109 0.047 0.236 0.016 0.003 0.027 0.021 0.013 0.1 0.004 0.011 0.089 0.007 0 0.068 0.072 0.027 0.009 0.011 0.01 0.011 0.01 0 0.007 0 0.051 0.02 0.034 0 0.008 0.004 0 0.004 0.005 0.01 0.011 0.008 0.011
0.006 0.004 0.004 0.011 0 0.002 0.003 0.01 0.001 0.003 0.002 0.001 0.001 0.003 0.004 1 0.004 0.001 0.001 0.009 0.003 0.055 0.033 0.009 0.005 0.012 0.001 0.001 0.002 0.001 0.001 0.005 0.015 0.02 0.001 0.001 0.001 0.005 0.001 0.005 0.023 0 0.005 0.007 0.003 0.001 0.001 0.012 0.013 0.037 0 0.006 0.003 0.003 0.004 0.001 0.001 0.001 0.005 0 0.001 0 0.001 0.001 0.002 0.002 0.001 0 0.006 0.001 0.001 0.001 0 0.001 0 0.002
0.212 0.24 0.267 0.136 0.017 0.011 0.753 0.152 0.004 0.662 0.49 0.008 0.005 0.322 0.306 0.004 1 0.006 0.01 0.369 0.03 0.059 0.104 0.389 0.52 0.22 0.01 0.011 0.017 0.004 0.004 0.531 0.187 0.131 0.007 0.005 0.003 0.257 0.009 0.188 0.116 0.006 0.013 0.074 0.002 0.008 0.002 0.111 0.072 0.059 0.003 0.001 0.017 0.017 0 0.004 0.002 0.005 0.006 0.002 0.001 0.006 0.004 0.005 0 0.014 0.001 0.007 0.005 0.004 0 0.005 0.003 0.004 0.009 0.009
0.048 0.063 0.059 0.034 0.003 0.002 0.005 0.039 0.001 0.004 0.003 0.002 0.001 0.077 0.073 0.001 0.006 1 0.002 0.075 0.006 0.012 0.021 0.08 0.134 0.045 0.002 0.002 0.003 0.001 0.001 0.14 0.048 0.036 0.001 0.001 0 0.008 0.002 0.008 0.028 0 0.002 0.024 0.007 0.002 0.002 0.011 0.016 0 0.005 0.01 0.007 0.007 0.008 0.003 0.009 0.001 0.001 0 0.011 0.006 0.001 0.001 0.004 0.003 0.01 0.005 0.001 0.001 0.001 0.001 0.008 0.003 0 0.002
0.038 0.029 0.031 0.061 0.006 0.004 0.009 0.03 0.001 0.008 0.005 0.003 0.002 0.023 0.024 0.001 0.01 0.002 1 0.028 0.347 0.022 0.099 0.026 0.016 0.047 0.004 0.911 0.006 0.001 0.002 0.015 0.038 0.045 0.002 0.002 0.002 0.011 0.003 0.01 0.053 0.003 0.011 0.074 0.248 0 0.003 0.063 0.028 0.022 0.001 0.16 0.246 0.244 0.207 0.002 0.191 0.002 0.003 0.001 0.147 0.003 0.002 0.001 0.393 0.005 0.168 0.003 0.004 0.002 0.002 0 0.207 0.002 0.003 0.001
0.488 0.563 0.605 0.295 0.185 0.122 0.295 0.376 0.011 0.253 0.182 0.019 0.065 0.833 0.79 0.009 0.369 0.075 0.028 1 0.077 0.117 0.224 0.932 0.561 0.491 0.027 0.028 0.201 0.052 0.051 0.444 0.393 0.238 0.001 0.052 0 0.06 0.099 0.039 0.198 0.002 0.008 0.026 0.013 0.021 0.089 0.007 0.004 0.086 0.008 0 0.051 0.051 0.017 0.009 0.008 0.015 0.018 0.005 0 0 0.002 0.041 0.008 0.038 0 0 0.008 0 0.006 0.013 0.009 0.011 0.001 0.017
0.004 0 0 0.025 0.018 0.011 0.017 0.111 0.004 0.014 0.015 0.192 0.005 0.067 0.07 0.003 0.03 0.006 0.347 0.077 1 0.053 0.263 0.076 0.045 0.123 0.011 0.347 0.018 0.004 0.004 0.035 0.115 0.148 0.005 0.003 0.005 0.039 0.008 0.036 0.171 0.008 0.038 0.178 0.612 0.001 0.007 0.12 0.087 0.009 0.004 0.422 0.648 0.623 0.534 0.005 0.482 0.15 0.077 0.006 0.379 0.006 0.004 0.002 0.208 0.015 0.393 0.006 0.092 0.005 0.108 0.002 0.447 0.004 0.003 0.15
0.139 0.134 0.137 0.306 0.018 0.01 0.052 0.276 0.007 0.045 0.029 0.017 0.011 0.125 0.126 0.055 0.059 0.012 0.022 0.117 0.053 1 0.398 0.152 0.091 0.251 0.022 0.021 0.023 0.009 0.009 0.063 0.209 0.034 0.011 0.011 0.022 0.038 0.02 0.048 0.05 0.061 0.085 0.005 0.067 0.083 0.018 0.005 0.006 0.194 0 0.076 0.041 0.039 0.048 0 0.056 0.012 0.004 0.005 0.064 0.059 0 0.01 0.021 0.015 0.058 0.062 0.003 0.006 0.009 0.011 0.054 0.002 0.085 0.006
0.112 0.088 0.094 0.309 0.041 0.024 0.078 0.442 0.013 0.066 0.052 0.048 0.018 0.222 0.226 0.033 0.104 0.021 0.099 0.224 0.263 0.398 1 0.267 0.159 0.435 0.038 0.102 0.047 0.015 0.016 0.113 0.375 0.154 0.019 0.016 0.009 0.004 0.031 0.008 0.198 0.019 0.142 0.091 0.14 0.061 0.029 0.059 0.059 0.06 0.002 0.071 0.194 0.19 0.14 0.001 0.111 0.039 0.025 0 0.069 0.016 0.003 0.014 0.053 0.034 0.061 0.017 0.035 0.013 0.028 0.013 0.1 0 0.024 0.052
0.504 0.593 0.638 0.324 0.182 0.114 0.311 0.408 0.01 0.266 0.19 0.02 0.069 0.872 0.828 0.009 0.389 0.08 0.026 0.932 0.076 0.152 0.267 1 0.596 0.544 0.026 0.027 0.188 0.056 0.054 0.474 0.425 0.276 0.001 0.062 0 0.068 0.112 0.046 0.233 0.016 0.006 0.034 0.011 0.02 0.101 0.009 0.008 0.106 0.009 0.001 0.056 0.054 0.019 0.01 0.009 0.014 0.017 0.004 0 0.007 0.002 0.049 0.011 0.036 0 0.007 0.007 0 0.006 0.013 0.008 0.012 0.01 0.015
0.27 0.297 0.344 0.172 0.025 0.016 0.432 0.222 0.006 0.359 0.228 0.012 0.008 0.496 0.471 0.005 0.52 0.134 0.016 0.561 0.045 0.091 0.159 0.596 1 0.319 0.015 0.016 0.025 0.006 0.006 0.814 0.216 0.144 0.008 0.008 0.001 0.174 0.014 0.127 0.121 0.009 0.05 0.023 0.001 0.012 0 0.053 0.011 0.05 0 0.004 0.033 0.032 0.003 0.002 0.002 0.008 0.01 0.003 0.004 0.003 0 0.003 0.002 0.021 0.004 0.003 0.009 0.009 0.002 0.008 0.001 0.002 0.006 0.014
0.312 0.294 0.325 0.6 0.099 0.061 0.172 0.713 0.018 0.147 0.107 0.035 0.039 0.463 0.453 0.012 0.22 0.045 0.047 0.491 0.123 0.251 0.435 0.544 0.319 1 0.045 0.048 0.102 0.032 0.031 0.266 0.824 0.559 0.039 0.034 0.002 0.014 0.062 0.007 0.479 0.026 0.172 0.002 0.047 0.026 0.056 0.006 0.163 0.219 0.004 0.015 0.114 0.111 0.064 0.003 0.048 0.024 0.027 0.001 0.018 0.015 0.006 0.026 0.034 0.001 0.02 0.016 0.014 0.032 0.015 0.032 0.046 0 0.022 0.031
0.006 0.028 0.03 0 0.006 0.004 0.009 0.001 0.035 0.008 0.005 0.003 0.002 0.023 0.017 0.001 0.01 0.002 0.004 0.027 0.011 0.022 0.038 0.026 0.015 0.045 1 0.004 0.006 0.001 0.002 0.015 0.043 0.058 0.001 0.002 0.002 0.015 0.003 0.014 0.001 0.003 0.042 0.034 0.012 0 0.003 0.004 0.006 0.007 0.001 0.001 0 0 0 0.002 0.001 0.002 0.002 0.001 0.001 0.003 0.038 0.002 0.004 0.169 0.001 0.003 0.002 0.001 0.002 0.002 0 0.001 0.003 0.003
0.039 0.03 0.032 0.062 0.006 0.004 0.009 0.031 0.002 0.008 0.005 0.003 0.002 0.022 0.024 0.001 0.011 0.002 0.911 0.028 0.347 0.021 0.102 0.027 0.016 0.048 0.004 1 0.006 0.002 0.002 0.016 0.04 0.053 0.002 0.002 0.002 0.016 0.004 0.014 0.062 0.003 0.012 0.073 0.268 0.003 0.003 0.062 0.034 0.026 0.001 0.173 0.265 0.261 0.223 0.002 0.206 0.002 0.003 0.001 0.155 0.003 0.002 0.001 0.426 0.005 0.181 0.003 0.004 0.002 0.002 0 0.224 0.002 0.004 0.001
0.127 0.169 0.16 0.07 0.829 0.523 0.014 0.086 0.002 0.012 0.008 0.005 0.298 0.185 0.176 0.002 0.017 0.003 0.006 0.201 0.018 0.023 0.047 0.188 0.025 0.102 0.006 0.006 1 0.244 0.24 0.024 0.11 0.064 0 0.292 0.003 0.025 0.534 0.021 0.053 0 0.01 0.013 0.013 0.005 0.282 0.023 0.005 0.032 0.018 0.023 0.013 0.013 0.017 0.012 0.006 0.003 0.004 0.038 0.016 0.001 0.002 0.216 0.009 0.008 0.012 0 0 0.003 0.002 0.003 0.008 0.014 0.001 0.001
0.039 0.051 0.049 0.024 0.241 0.379 0.004 0.028 0.001 0.003 0.002 0.001 0.001 0.053 0.052 0.001 0.004 0.001 0.001 0.052 0.004 0.009 0.015 0.056 0.006 0.032 0.001 0.002 0.244 1 0.974 0.006 0.028 0.021 0.001 0.031 0.001 0.006 0.393 0.005 0.018 0.001 0.006 0.029 0.005 0.001 0.134 0.016 0.015 0.01 0.006 0.013 0.005 0.005 0.006 0.004 0.005 0.001 0.001 0.001 0.007 0.001 0.001 0.153 0.003 0.002 0.006 0.001 0.001 0.001 0 0.001 0.004 0.006 0 0.001
0.038 0.05 0.047 0.023 0.236 0.372 0.004 0.026 0.001 0.003 0.002 0.001 0.001 0.055 0.053 0.001 0.004 0.001 0.002 0.051 0.004 0.009 0.016 0.054 0.006 0.031 0.002 0.002 0.24 0.974 1 0.006 0.027 0.021 0.001 0.031 0.001 0.005 0.386 0.004 0.019 0.001 0.006 0.029 0.005 0.001 0.133 0.016 0.014 0.01 0.006 0.013 0.005 0.005 0.006 0.004 0.005 0.001 0.001 0.001 0.007 0.001 0.001 0.148 0.003 0.002 0.006 0.001 0.001 0.001 0 0.001 0.004 0.006 0 0.001
0.234 0.28 0.301 0.144 0.024 0.015 0.445 0.173 0.006 0.37 0.238 0.005 0.007 0.385 0.364 0.005 0.531 0.14 0.015 0.444 0.035 0.063 0.113 0.474 0.814 0.266 0.015 0.016 0.024 0.006 0.006 1 0.277 0.201 0.008 0.008 0.001 0.24 0.014 0.186 0.174 0.008 0.048 0.05 0 0.012 0 0.09 0.026 0.07 0.001 0.001 0.025 0.024 0.001 0.002 0 0.008 0.01 0.003 0.003 0.003 0.006 0.003 0 0.02 0.001 0.003 0.008 0.009 0.002 0.007 0 0.001 0.012 0.014
0.287 0.283 0.295 0.586 0.111 0.07 0.178 0.687 0.017 0.152 0.113 0.032 0.041 0.41 0.403 0.015 0.187 0.048 0.038 0.393 0.115 0.209 0.375 0.425 0.216 0.824 0.043 0.04 0.11 0.028 0.027 0.277 1 0.679 0.041 0.044 0.016 0.029 0.077 0.018 0.593 0.028 0.192 0 0.06 0.033 0.071 0.003 0.206 0.246 0.005 0.017 0.133 0.13 0.076 0.001 0.054 0.023 0.02 0.001 0.017 0.018 0.018 0.038 0.051 0.002 0.02 0.019 0.014 0.034 0.014 0.041 0.051 0 0.032 0.023
0.168 0.154 0.16 0.331 0.056 0.029 0.126 0.413 0.02 0.106 0.08 0.044 0.031 0.265 0.266 0.02 0.131 0.036 0.045 0.238 0.148 0.034 0.154 0.276 0.144 0.559 0.058 0.053 0.064 0.021 0.021 0.201 0.679 1 0.031 0.021 0.022 0.257 0.045 0.236 0.836 0.038 0.122 0.032 0.096 0.029 0.053 0.005 0.38 0.196 0 0.046 0.18 0.173 0.118 0.001 0.099 0.03 0.033 0 0.046 0.021 0.024 0.028 0.071 0 0.052 0.021 0.018 0.024 0.021 0.031 0.093 0.005 0.033 0.036
0 0.001 0.001 0.031 0 0.002 0.009 0.035 0.001 0.012 0.024 0.001 0.004 0.001 0.001 0.001 0.007 0.001 0.002 0.001 0.005 0.011 0.019 0.001 0.008 0.039 0.001 0.002 0 0.001 0.001 0.008 0.041 0.031 1 0.001 0.001 0.008 0.002 0.007 0.028 0.001 0.11 0.022 0.006 0.001 0.002 0.02 0.044 0.016 0.014 0.01 0.006 0.006 0.008 0.01 0.009 0.001 0.001 0 0.01 0.002 0.001 0.001 0.003 0.003 0.01 0.002 0.001 0.67 0.001 0.001 0.008 0.001 0.002 0.002
0.042 0.056 0.052 0.024 0.257 0.407 0.005 0.029 0.001 0.004 0.003 0.001 0.001 0.064 0.062 0.001 0.005 0.001 0.002 0.052 0.003 0.011 0.016 0.062 0.008 0.034 0.002 0.002 0.292 0.031 0.031 0.008 0.044 0.021 0.001 1 0.001 0.008 0.555 0.007 0.018 0.001 0.008 0.044 0.001 0.001 0.283 0 0.02 0.017 0.054 0.053 0.001 0.001 0.002 0.041 0 0.001 0.001 0.032 0.05 0.002 0.001 0.301 0.002 0.003 0.038 0.002 0.004 0.001 0.001 0.001 0 0.043 0.001 0.001
0.007 0.009 0.012 0.023 0.003 0.002 0.004 0.02 0.001 0.003 0.002 0.001 0.001 0.01 0.011 0.001 0.003 0 0.002 0 0.005 0.022 0.009 0 0.001 0.002 0.002 0.002 0.003 0.001 0.001 0.001 0.016 0.022 0.001 0.001 1 0.007 0.001 0.006 0.025 0.001 0.006 0.001 0.002 0.001 0.001 0.002 0.009 0.007 0.001 0 0.002 0.002 0.001 0.001 0 0.001 0.001 0 0 0.001 0 0.001 0.009 0.001 0 0.001 0.001 0.004 0.001 0.001 0.001 0.001 0.002 0.001
0.038 0.038 0.047 0.002 0.025 0.016 0.237 0.007 0.004 0.175 0.101 0.012 0.007 0.07 0.068 0.005 0.257 0.008 0.011 0.06 0.039 0.038 0.004 0.068 0.174 0.014 0.015 0.016 0.025 0.006 0.005 0.24 0.029 0.257 0.008 0.008 0.007 1 0.014 0.906 0.225 0.011 0.063 0.327 0.05 0.135 0 0.22 0.262 0.014 0.005 0.047 0.05 0.047 0.054 0.006 0.037 0.008 0.008 0.003 0.042 0.007 0.006 0.007 0.014 0.021 0.045 0.007 0.007 0.009 0.002 0.007 0.033 0.006 0.007 0.01
0.077 0.101 0.096 0.045 0.478 0.755 0.008 0.053 0.001 0.007 0.005 0.002 0.002 0.112 0.109 0.001 0.009 0.002 0.003 0.099 0.008 0.02 0.031 0.112 0.014 0.062 0.003 0.004 0.534 0.393 0.386 0.014 0.077 0.045 0.002 0.555 0.001 0.014 1 0.011 0.039 0.002 0.014 0.078 0.005 0.003 0.488 0.003 0.035 0.029 0.027 0.077 0.005 0.005 0.007 0.019 0 0.002 0.002 0.068 0.062 0.003 0.001 0.424 0.004 0.005 0.051 0.003 0.001 0.002 0.001 0.002 0.001 0.021 0.003 0
0.024 0.034 0.03 0 0.022 0.014 0.237 0.003 0.004 0.171 0.091 0.01 0.007 0.048 0.047 0.005 0.188 0.008 0.01 0.039 0.036 0.048 0.008 0.046 0.127 0.007 0.014 0.014 0.021 0.005 0.004 0.186 0.018 0.236 0.007 0.007 0.006 0.906 0.011 1 0.208 0.01 0.057 0.301 0.046 0.151 0.01 0.192 0.288 0.009 0.005 0.069 0.046 0.043 0.053 0.006 0.06 0.007 0.007 0.003 0.063 0.007 0.006 0.005 0.024 0.019 0.066 0.006 0.006 0.008 0.009 0.007 0.055 0.006 0.006 0.009
0.153 0.121 0.126 0.396 0.046 0.023 0.113 0.497 0.015 0.095 0.074 0.049 0.027 0.228 0.236 0.023 0.116 0.028 0.053 0.198 0.171 0.05 0.198 0.233 0.121 0.479 0.001 0.062 0.053 0.018 0.019 0.174 0.593 0.836 0.028 0.018 0.025 0.225 0.039 0.208 1 0.047 0.229 0.015 0.124 0.024 0.046 0 0.483 0.245 0.001 0.068 0.222 0.214 0.15 0 0.129 0.035 0.037 0 0.069 0.028 0.018 0.024 0.084 0.041 0.076 0.029 0.032 0.021 0.025 0.027 0.123 0.002 0.042 0.054
0.022 0.017 0.018 0.038 0.004 0.003 0.005 0.033 0.02 0.005 0.003 0.002 0.001 0.016 0.016 0 0.006 0 0.003 0.002 0.008 0.061 0.019 0.016 0.009 0.026 0.003 0.003 0 0.001 0.001 0.008 0.028 0.038 0.001 0.001 0.001 0.011 0.002 0.01 0.047 1 0.011 0.023 0.007 0.002 0.002 0.024 0.026 0.054 0.001 0.011 0.006 0.006 0.004 0.001 0.01 0.001 0.002 0.001 0.011 0.462 0.001 0.001 0.003 0.003 0.012 0.467 0.001 0.002 0.002 0.001 0.008 0.001 0.075 0.002
0 0.012 0.013 0.229 0.01 0.014 0.014 0.265 0.006 0.01 0.002 0.011 0.117 0.006 0.003 0.005 0.013 0.002 0.011 0.008 0.038 0.085 0.142 0.006 0.05 0.172 0.042 0.012 0.01 0.006 0.006 0.048 0.192 0.122 0.11 0.008 0.006 0.063 0.014 0.057 0.229 0.011 1 0.18 0.049 0.012 0.013 0.121 0.34 0.107 0 0.077 0.052 0.051 0.059 0 0.067 0.008 0.01 0.003 0.077 0.003 0.006 0.007 0.028 0.233 0.076 0.003 0.009 0.113 0.01 0.117 0.062 0.004 0.011 0.014
0.049 0.072 0.075 0 0.009 0.051 0.058 0.007 0.014 0.039 0.017 0.057 0.021 0.029 0.027 0.007 0.074 0.024 0.074 0.026 0.178 0.005 0.091 0.034 0.023 0.002 0.034 0.073 0.013 0.029 0.029 0.05 0 0.032 0.022 0.044 0.001 0.327 0.078 0.301 0.015 0.023 0.18 1 0.174 0.054 0.072 0.379 0.008 0.057 0.001 0.228 0.189 0.18 0.129 0.003 0.153 0.045 0.026 0.019 0.187 0.024 0.015 0.031 0.065 0.041 0.172 0.024 0.027 0.025 0.046 0.021 0.138 0.003 0.025 0.038
0 0.005 0.004 0.008 0.013 0.006 0.001 0.051 0.005 0.002 0.002 0.119 0.006 0.02 0.021 0.003 0.002 0.007 0.248 0.013 0.612 0.067 0.14 0.011 0.001 0.047 0.012 0.268 0.013 0.005 0.005 0 0.06 0.096 0.006 0.001 0.002 0.05 0.005 0.046 0.124 0.007 0.049 0.174 1 0.01 0.011 0.175 0.129 0.038 0.004 0.631 0.706 0.703 0.831 0.005 0.705 0.148 0.069 0.001 0.56 0.01 0.005 0.005 0.227 0.017 0.558 0.011 0.107 0.007 0.113 0.006 0.68 0.005 0.012 0.154
0.003 0.015 0.016 0.036 0.005 0.003 0.007 0.04 0 0.006 0.004 0.002 0.001 0.017 0.013 0.001 0.008 0.002 0 0.021 0.001 0.083 0.061 0.02 0.012 0.026 0 0.003 0.005 0.001 0.001 0.012 0.033 0.029 0.001 0.001 0.001 0.135 0.003 0.151 0.024 0.002 0.012 0.054 0.01 1 0.002 0.013 0.04 0.044 0.001 0.015 0.01 0.01 0.012 0.001 0.013 0.002 0.002 0.001 0.012 0 0.001 0.001 0.005 0.004 0.015 0 0.002 0.002 0.002 0.001 0.012 0.001 0 0.003
0.07 0.055 0.087 0.042 0.24 0.389 0.007 0.048 0.001 0.006 0.004 0.002 0.002 0.101 0.1 0.001 0.002 0.002 0.003 0.089 0.007 0.018 0.029 0.101 0 0.056 0.003 0.003 0.282 0.134 0.133 0 0.071 0.053 0.002 0.283 0.001 0 0.488 0.01 0.046 0.002 0.013 0.072 0.011 0.002 1 0.001 0.032 0.027 0.001 0.162 0.01 0.01 0.009 0.001 0.007 0.002 0.002 0.081 0.137 0.003 0.001 0.465 0.001 0.004 0.118 0.003 0.002 0.002 0.005 0.002 0.003 0.001 0.003 0.003
0.017 0.028 0.031 0.003 0.026 0.009 0.098 0.015 0.002 0.074 0.033 0.007 0.019 0.005 0.004 0.012 0.111 0.011 0.063 0.007 0.12 0.005 0.059 0.009 0.053 0.006 0.004 0.062 0.023 0.016 0.016 0.09 0.003 0.005 0.02 0 0.002 0.22 0.003 0.192 0 0.024 0.121 0.379 0.175 0.013 0.001 1 0.003 0.034 0.013 0.188 0.196 0.193 0.206 0.017 0.206 0.038 0.014 0.004 0.18 0.019 0.002 0.001 0.119 0.055 0.164 0.019 0.002 0.023 0.033 0.004 0.19 0.016 0.009 0.019
0.013 0.002 0.001 0.163 0.005 0.036 0.096 0.204 0.015 0.071 0.049 0.028 0.024 0.008 0.011 0.013 0.072 0.016 0.028 0.004 0.087 0.006 0.059 0.008 0.011 0.163 0.006 0.034 0.005 0.015 0.014 0.026 0.206 0.38 0.044 0.02 0.009 0.262 0.035 0.288 0.483 0.026 0.34 0.008 0.129 0.04 0.032 0.003 1 0.132 0.002 0.197 0.129 0.126 0.154 0.005 0.173 0.02 0.024 0.008 0.197 0.021 0.015 0.018 0.069 0.135 0.196 0.021 0.022 0.043 0.025 0.047 0.159 0.012 0.022 0.032
0.071 0.06 0.059 0.195 0.026 0.014 0.055 0.259 0.036 0.048 0.042 0.003 0.016 0.089 0.089 0.037 0.059 0 0.022 0.086 0.009 0.194 0.06 0.106 0.05 0.219 0.007 0.026 0.032 0.01 0.01 0.07 0.246 0.196 0.016 0.017 0.007 0.014 0.029 0.009 0.245 0.054 0.107 0.057 0.038 0.044 0.027 0.034 0.132 1 0.011 0.083 0.037 0.036 0.049 0.003 0.047 0.008 0.001 0.007 0.061 0.067 0.038 0.015 0.032 0.028 0.067 0.068 0.006 0.017 0.003 0.016 0.045 0 0.076 0.007
0.001 0.002 0.002 0.005 0.018 0.023 0.003 0.008 0 0.003 0.002 0.001 0 0.008 0.007 0 0.003 0.005 0.001 0.008 0.004 0 0.002 0.009 0 0.004 0.001 0.001 0.018 0.006 0.006 0.001 0.005 0 0.014 0.054 0.001 0.005 0.027 0.005 0.001 0.001 0 0.001 0.004 0.001 0.001 0.013 0.002 0.011 1 0.006 0.004 0.004 0.005 0.79 0.006 0.001 0.001 0 0.006 0.001 0.001 0.001 0.002 0.002 0.006 0.001 0.001 0.012 0.001 0.001 0.005 0.561 0 0.001
0.013 0.021 0.026 0.001 0.017 0.054 0.003 0.021 0.007 0.001 0 0.091 0.009 0 0 0.006 0.001 0.01 0.16 0 0.422 0.076 0.071 0.001 0.004 0.015 0.001 0.173 0.023 0.013 0.013 0.001 0.017 0.046 0.01 0.053 0 0.047 0.077 0.069 0.068 0.011 0.077 0.228 0.631 0.015 0.162 0.188 0.197 0.083 0.006 1 0.652 0.633 0.724 0.008 0.758 0.102 0.04 0.042 0.866 0.016 0.008 0.074 0.314 0.027 0.836 0.016 0.071 0.011 0.128 0.009 0.696 0.008 0.018 0.104
0.008 0.002 0.004 0.042 0.013 0.006 0.024 0.119 0.005 0.02 0.017 0.143 0.006 0.067 0.068 0.003 0.017 0.007 0.246 0.051 0.648 0.041 0.194 0.056 0.033 0.114 0 0.265 0.013 0.005 0.005 0.025 0.133 0.18 0.006 0.001 0.002 0.05 0.005 0.046 0.222 0.006 0.052 0.189 0.706 0.01 0.01 0.196 0.129 0.037 0.004 0.652 1 0.967 0.829 0.005 0.736 0.157 0.069 0.006 0.575 0.01 0.005 0.005 0.408 0.017 0.569 0.011 0.113 0.007 0.142 0.006 0.683 0.005 0.012 0.168
0.007 0.002 0.003 0.04 0.013 0.006 0.023 0.117 0.004 0.019 0.016 0.123 0.006 0.071 0.072 0.003 0.017 0.007 0.244 0.051 0.623 0.039 0.19 0.054 0.032 0.111 0 0.261 0.013 0.005 0.005 0.024 0.13 0.173 0.006 0.001 0.002 0.047 0.005 0.043 0.214 0.006 0.051 0.18 0.703 0.01 0.01 0.193 0.126 0.036 0.004 0.633 0.967 1 0.814 0.005 0.722 0.16 0.077 0 0.574 0.01 0.005 0.005 0.38 0.017 0.557 0.01 0.123 0.007 0.145 0.006 0.669 0.005 0.011 0.179
0 0.001 0.001 0.019 0.017 0.008 0 0.071 0.006 0.001 0.001 0.113 0.007 0.025 0.027 0.004 0 0.008 0.207 0.017 0.534 0.048 0.14 0.019 0.003 0.064 0 0.223 0.017 0.006 0.006 0.001 0.076 0.118 0.008 0.002 0.001 0.054 0.007 0.053 0.15 0.004 0.059 0.129 0.831 0.012 0.009 0.206 0.154 0.049 0.005 0.724 0.829 0.814 1 0.006 0.822 0.131 0.063 0.004 0.664 0.008 0.006 0.006 0.353 0.021 0.659 0.009 0.099 0.009 0.117 0.007 0.773 0.006 0.014 0.144
0.001 0.004 0.003 0.005 0.012 0.016 0.004 0.007 0.001 0.003 0.002 0.001 0 0.01 0.009 0.001 0.004 0.003 0.002 0.009 0.005 0 0.001 0.01 0.002 0.003 0.002 0.002 0.012 0.004 0.004 0.002 0.001 0.001 0.01 0.041 0.001 0.006 0.019 0.006 0 0.001 0 0.003 0.005 0.001 0.001 0.017 0.005 0.003 0.79 0.008 0.005 0.005 0.006 1 0.007 0.001 0.001 0 0.008 0.001 0.001 0.001 0.003 0.002 0.008 0.001 0.001 0.008 0.001 0.001 0.007 0.664 0.015 0.001
0.001 0.002 0.005 0.009 0.003 0 0.002 0.044 0.006 0 0 0.103 0.008 0.01 0.011 0.001 0.002 0.009 0.191 0.008 0.482 0.056 0.111 0.009 0.002 0.048 0.001 0.206 0.006 0.005 0.005 0 0.054 0.099 0.009 0 0 0.037 0 0.06 0.129 0.01 0.067 0.153 0.705 0.013 0.007 0.206 0.173 0.047 0.006 0.758 0.736 0.722 0.822 0.007 1 0.114 0.093 0.048 0.774 0.014 0.007 0.007 0.379 0.023 0.748 0.014 0.125 0.01 0.144 0.008 0.878 0.007 0.016 0.194
0.042 0.056 0.053 0.025 0.003 0.002 0.005 0.021 0.001 0.004 0.003 0 0.001 0.014 0.01 0.001 0.005 0.001 0.002 0.015 0.15 0.012 0.039 0.014 0.008 0.024 0.002 0.002 0.003 0.001 0.001 0.008 0.023 0.03 0.001 0.001 0.001 0.008 0.002 0.007 0.035 0.001 0.008 0.045 0.148 0.002 0.002 0.038 0.02 0.008 0.001 0.102 0.157 0.16 0.131 0.001 0.114 1 0 0 0.087 0.002 0.001 0.001 0.004 0.003 0.058 0.002 0 0.001 0.156 0.001 0.092 0.001 0.002 0
0.01 0.006 0.007 0.014 0 0 0.001 0.009 0.001 0.001 0.003 0.295 0.001 0.01 0.011 0.005 0.006 0.001 0.003 0.018 0.077 0.004 0.025 0.017 0.01 0.027 0.002 0.003 0.004 0.001 0.001 0.01 0.02 0.033 0.001 0.001 0.001 0.008 0.002 0.007 0.037 0.002 0.01 0.026 0.069 0.002 0.002 0.014 0.024 0.001 0.001 0.04 0.069 0.077 0.063 0.001 0.093 0 1 0.001 0.08 0.002 0.001 0.001 0.004 0.003 0.066 0.002 0.236 0.001 0.002 0.001 0.082 0.001 0.002 0.346
0.003 0.004 0.004 0 0.036 0.06 0.002 0.001 0 0.002 0.001 0.035 0 0.01 0.01 0 0.002 0 0.001 0.005 0.006 0.005 0 0.004 0.003 0.001 0.001 0.001 0.038 0.001 0.001 0.003 0.001 0 0 0.032 0 0.003 0.068 0.003 0 0.001 0.003 0.019 0.001 0.001 0.081 0.004 0.008 0.007 0 0.042 0.006 0 0.004 0 0.048 0 0.001 1 0.041 0.001 0 0 0.003 0.001 0.021 0.001 0 0 0.017 0 0.027 0 0.001 0.001
0.011 0.018 0.024 0.001 0.016 0.052 0.003 0.019 0.007 0.001 0 0.072 0.009 0 0 0.001 0.001 0.011 0.147 0 0.379 0.064 0.069 0 0.004 0.018 0.001 0.155 0.016 0.007 0.007 0.003 0.017 0.046 0.01 0.05 0 0.042 0.062 0.063 0.069 0.011 0.077 0.187 0.56 0.012 0.137 0.18 0.197 0.061 0.006 0.866 0.575 0.574 0.664 0.008 0.774 0.087 0.08 0.041 1 0.016 0.008 0.071 0.282 0.027 0.869 0.016 0.109 0.011 0.113 0.009 0.754 0.008 0.018 0.17
0.01 0.006 0.006 0.022 0.003 0.003 0.003 0.019 0.001 0.002 0.003 0.002 0 0.007 0.007 0 0.006 0.006 0.003 0 0.006 0.059 0.016 0.007 0.003 0.015 0.003 0.003 0.001 0.001 0.001 0.003 0.018 0.021 0.002 0.002 0.001 0.007 0.003 0.007 0.028 0.462 0.003 0.024 0.01 0 0.003 0.019 0.021 0.067 0.001 0.016 0.01 0.01 0.008 0.001 0.014 0.002 0.002 0.001 0.016 1 0.001 0.001 0.006 0.004 0.016 0.981 0.002 0.002 0.002 0.001 0.013 0.001 0.14 0.003
0.001 0.005 0 0.004 0.002 0.002 0.004 0.008 0.17 0.003 0.002 0.001 0.001 0.001 0 0.001 0.004 0.001 0.002 0.002 0.004 0 0.003 0.002 0 0.006 0.038 0.002 0.002 0.001 0.001 0.006 0.018 0.024 0.001 0.001 0 0.006 0.001 0.006 0.018 0.001 0.006 0.015 0.005 0.001 0.001 0.002 0.015 0.038 0.001 0.008 0.005 0.005 0.006 0.001 0.007 0.001 0.001 0 0.008 0.001 1 0.001 0.003 0.002 0.008 0.001 0.001 0.001 0.001 0.001 0.006 0.001 0.001 0.001
0.026 0.035 0.033 0.019 0.175 0.28 0.004 0.022 0.001 0.004 0.002 0.001 0.001 0.052 0.051 0.001 0.005 0.001 0.001 0.041 0.002 0.01 0.014 0.049 0.003 0.026 0.002 0.001 0.216 0.153 0.148 0.003 0.038 0.028 0.001 0.301 0.001 0.007 0.424 0.005 0.024 0.001 0.007 0.031 0.005 0.001 0.465 0.001 0.018 0.015 0.001 0.074 0.005 0.005 0.006 0.001 0.007 0.001 0.001 0 0.071 0.001 0.001 1 0 0.002 0.072 0.001 0.001 0.001 0.001 0.001 0.006 0.001 0.002 0.002
0.025 0.025 0.021 0.054 0.009 0.005 0.016 0.045 0.003 0.014 0.009 0 0.003 0.018 0.02 0.002 0 0.004 0.393 0.008 0.208 0.021 0.053 0.011 0.002 0.034 0.004 0.426 0.009 0.003 0.003 0 0.051 0.071 0.003 0.002 0.009 0.014 0.004 0.024 0.084 0.003 0.028 0.065 0.227 0.005 0.001 0.119 0.069 0.032 0.002 0.314 0.408 0.38 0.353 0.003 0.379 0.004 0.004 0.003 0.282 0.006 0.003 0 1 0.009 0.334 0.006 0.004 0.004 0.004 0.003 0.358 0.003 0.006 0.001
0.006 0.04 0.042 0.046 0.008 0.005 0.012 0.055 0.002 0.01 0.007 0.004 0.003 0.032 0.034 0.002 0.014 0.003 0.005 0.038 0.015 0.015 0.034 0.036 0.021 0.001 0.169 0.005 0.008 0.002 0.002 0.02 0.002 0 0.003 0.003 0.001 0.021 0.005 0.019 0.041 0.003 0.233 0.041 0.017 0.004 0.004 0.055 0.135 0.028 0.002 0.027 0.017 0.017 0.021 0.002 0.023 0.003 0.003 0.001 0.027 0.004 0.002 0.002 0.009 1 0.027 0.004 0.003 0.003 0.003 0.003 0.022 0.002 0.004 0.005
0.006 0.011 0.015 0.003 0.012 0.043 0.002 0.018 0.007 0.001 0 0.076 0.009 0 0 0.001 0.001 0.01 0.168 0 0.393 0.058 0.061 0 0.004 0.02 0.001 0.181 0.012 0.006 0.006 0.001 0.02 0.052 0.01 0.038 0 0.045 0.051 0.066 0.076 0.012 0.076 0.172 0.558 0.015 0.118 0.164 0.196 0.067 0.006 0.836 0.569 0.557 0.659 0.008 0.748 0.058 0.066 0.021 0.869 0.016 0.008 0.072 0.334 0.027 1 0.016 0.11 0.011 0.129 0.009 0.695 0.008 0.009 0.152
0.01 0.006 0.007 0.023 0.003 0.003 0.003 0.02 0.001 0.003 0.003 0.002 0 0.007 0.008 0 0.007 0.005 0.003 0 0.006 0.062 0.017 0.007 0.003 0.016 0.003 0.003 0 0.001 0.001 0.003 0.019 0.021 0.002 0.002 0.001 0.007 0.003 0.006 0.029 0.467 0.003 0.024 0.011 0 0.003 0.019 0.021 0.068 0.001 0.016 0.011 0.01 0.009 0.001 0.014 0.002 0.002 0.001 0.016 0.981 0.001 0.001 0.006 0.004 0.016 1 0.002 0.002 0.002 0.002 0.013 0.001 0.141 0.003
0.002 0 0.001 0.006 0.003 0.008 0.001 0.004 0.001 0.001 0.003 0.166 0.001 0.003 0.004 0.006 0.005 0.001 0.004 0.008 0.092 0.003 0.035 0.007 0.009 0.014 0.002 0.004 0 0.001 0.001 0.008 0.014 0.018 0.001 0.004 0.001 0.007 0.001 0.006 0.032 0.001 0.009 0.027 0.107 0.002 0.002 0.002 0.022 0.006 0.001 0.071 0.113 0.123 0.099 0.001 0.125 0 0.236 0 0.109 0.002 0.001 0.001 0.004 0.003 0.11 0.002 1 0.001 0.001 0.001 0.111 0.001 0.002 0.516
0 0 0 0.024 0.003 0.002 0.006 0.028 0.001 0.009 0.019 0.001 0 0 0 0.001 0.004 0.001 0.002 0 0.005 0.006 0.013 0 0.009 0.032 0.001 0.002 0.003 0.001 0.001 0.009 0.034 0.024 0.67 0.001 0.004 0.009 0.002 0.008 0.021 0.002 0.113 0.025 0.007 0.002 0.002 0.023 0.043 0.017 0.012 0.011 0.007 0.007 0.009 0.008 0.01 0.001 0.001 0 0.011 0.002 0.001 0.001 0.004 0.003 0.011 0.002 0.001 1 0.001 0.001 0.009 0.001 0.002 0.002
0.023 0.019 0.031 0.01 0.003 0.001 0.006 0.012 0.001 0.005 0.003 0.01 0.001 0.005 0.004 0.001 0 0.001 0.002 0.006 0.108 0.009 0.028 0.006 0.002 0.015 0.002 0.002 0.002 0 0 0.002 0.014 0.021 0.001 0.001 0.001 0.002 0.001 0.009 0.025 0.002 0.01 0.046 0.113 0.002 0.005 0.033 0.025 0.003 0.001 0.128 0.142 0.145 0.117 0.001 0.144 0.156 0.002 0.017 0.113 0.002 0.001 0.001 0.004 0.003 0.129 0.002 0.001 0.001 1 0.001 0.144 0.001 0.002 0.014
0.003 0.014 0.015 0.023 0.003 0.002 0.004 0.027 0.001 0.004 0.002 0.001 0.001 0.013 0.005 0.001 0.005 0.001 0 0.013 0.002 0.011 0.013 0.013 0.008 0.032 0.002 0 0.003 0.001 0.001 0.007 0.041 0.031 0.001 0.001 0.001 0.007 0.002 0.007 0.027 0.001 0.117 0.021 0.006 0.001 0.002 0.004 0.047 0.016 0.001 0.009 0.006 0.006 0.007 0.001 0.008 0.001 0.001 0 0.009 0.001 0.001 0.001 0.003 0.003 0.009 0.002 0.001 0.001 0.001 1 0.008 0.001 0.002 0.002
0 0.001 0.004 0.009 0.005 0 0.001 0.04 0.006 0 0 0.077 0.008 0.009 0.01 0 0.003 0.008 0.207 0.009 0.447 0.054 0.1 0.008 0.001 0.046 0 0.224 0.008 0.004 0.004 0 0.051 0.093 0.008 0 0.001 0.033 0.001 0.055 0.123 0.008 0.062 0.138 0.68 0.012 0.003 0.19 0.159 0.045 0.005 0.696 0.683 0.669 0.773 0.007 0.878 0.092 0.082 0.027 0.754 0.013 0.006 0.006 0.358 0.022 0.695 0.013 0.111 0.009 0.144 0.008 1 0.006 0.014 0.191
0.002 0.005 0.004 0.001 0.014 0.019 0.004 0.002 0.001 0.003 0.002 0.001 0 0.012 0.011 0.001 0.004 0.003 0.002 0.011 0.004 0.002 0 0.012 0.002 0 0.001 0.002 0.014 0.006 0.006 0.001 0 0.005 0.001 0.043 0.001 0.006 0.021 0.006 0.002 0.001 0.004 0.003 0.005 0.001 0.001 0.016 0.012 0 0.561 0.008 0.005 0.005 0.006 0.664 0.007 0.001 0.001 0 0.008 0.001 0.001 0.001 0.003 0.002 0.008 0.001 0.001 0.001 0.001 0.001 0.006 1 0.031 0.001
0.017 0.011 0.012 0.033 0.002 0.001 0.007 0.027 0.001 0.006 0.004 0.003 0 0.008 0.008 0 0.009 0 0.003 0.001 0.003 0.085 0.024 0.01 0.006 0.022 0.003 0.004 0.001 0 0 0.012 0.032 0.033 0.002 0.001 0.002 0.007 0.003 0.006 0.042 0.075 0.011 0.025 0.012 0 0.003 0.009 0.022 0.076 0 0.018 0.012 0.011 0.014 0.015 0.016 0.002 0.002 0.001 0.018 0.14 0.001 0.002 0.006 0.004 0.009 0.141 0.002 0.002 0.002 0.002 0.014 0.031 1 0.003
0.001 0 0 0.005 0 0.002 0.003 0.014 0.001 0.002 0.005 0.217 0.002 0.01 0.011 0.002 0.009 0.002 0.001 0.017 0.15 0.006 0.052 0.015 0.014 0.031 0.003 0.001 0.001 0.001 0.001 0.014 0.023 0.036 0.002 0.001 0.001 0.01 0 0.009 0.054 0.002 0.014 0.038 0.154 0.003 0.003 0.019 0.032 0.007 0.001 0.104 0.168 0.179 0.144 0.001 0.194 0 0.346 0.001 0.17 0.003 0.001 0.002 0.001 0.005 0.152 0.003 0.516 0.002 0.014 0.002 0.191 0.001 0.003 1
