1 0.837 0.836 0.436 0.143 0.084 0.266 0.239 0.009 0.253 0.137 0.013 0.052 0.505 0.502 0.005 0.277 0.027 0.029 0.525 0.001 0.151 0.091 0.527 0.328 0.271 0.011 0.031 0.092 0.033 0.032 0.302 0.218 0.111 0 0.029 0.003 0.06 0.026 0.036 0.096 0.019 0.011 0.098 0.002 0.007 0.035 0.035 0.013 0.069 0.003 0.017 0 0 0.002 0.002 0.009 0.062 0.005 0.009 0.017 0.009 0.008 0.005 0.002 0.008 0.009 0.011 0.001 0.008 0.044 0.012 0.005 0.002 0.014 0.003
0.837 1 0.921 0.448 0.168 0.099 0.314 0.237 0.008 0.298 0.163 0.01 0.061 0.569 0.562 0.003 0.286 0.032 0.025 0.549 0.004 0.157 0.091 0.579 0.35 0.291 0.024 0.026 0.111 0.039 0.037 0.329 0.24 0.129 0 0.035 0.008 0.066 0.033 0.052 0.099 0.016 0.019 0.115 0.003 0.008 0.022 0.035 0.01 0.051 0.004 0.011 0 0 0.001 0.004 0.004 0.073 0.003 0.004 0.011 0.006 0.009 0.007 0.006 0.022 0.009 0.007 0 0.007 0.052 0.012 0.003 0.004 0.01 0.002
0.836 0.921 1 0.489 0.16 0.094 0.299 0.27 0.008 0.284 0.155 0.011 0.058 0.622 0.615 0.004 0.313 0.031 0.026 0.613 0.003 0.163 0.1 0.646 0.415 0.333 0.025 0.027 0.105 0.037 0.036 0.385 0.274 0.152 0 0.033 0.015 0.092 0.031 0.061 0.118 0.017 0.021 0.137 0.002 0.009 0.041 0.049 0.012 0.058 0.004 0.015 0.001 0 0.001 0.003 0.008 0.07 0.004 0.003 0.016 0.007 0.007 0.006 0.002 0.023 0.011 0.008 0 0.008 0.051 0.013 0.006 0.003 0.011 0.002
0.436 0.448 0.489 1 0.075 0.042 0.149 0.734 0.016 0.142 0.077 0.024 0.029 0.313 0.307 0.012 0.16 0.028 0.052 0.302 0.005 0.348 0.323 0.331 0.22 0.606 0.004 0.046 0.04 0.019 0.017 0.201 0.547 0.301 0.028 0.013 0.029 0.012 0.008 0.004 0.373 0.038 0.204 0.006 0.007 0.024 0.012 0 0.217 0.17 0.001 0.003 0.026 0.022 0.013 0.001 0.003 0.033 0.002 0 0.002 0.026 0.017 0 0.022 0.058 0.003 0.03 0.002 0.014 0.018 0.019 0.004 0 0.015 0.006
0.143 0.168 0.16 0.075 1 0.586 0.011 0.09 0.001 0.009 0.006 0.001 0.361 0.171 0.169 0.002 0.013 0.002 0.004 0.149 0.012 0.016 0.034 0.152 0.022 0.083 0.004 0.004 0.747 0.232 0.227 0.022 0.073 0.042 0.012 0.24 0.002 0.024 0.285 0.022 0.033 0.003 0.019 0.002 0.01 0.003 0.117 0.039 0 0.014 0.067 0.006 0.012 0.011 0.015 0.057 0 0.003 0.002 0.064 0.008 0 0.002 0.083 0.002 0.005 0.006 0 0.003 0 0 0.002 0 0.059 0 0.001
0.084 0.099 0.094 0.042 0.586 1 0.007 0.056 0.001 0.005 0.003 0 0.001 0.104 0.103 0.007 0.008 0.001 0.002 0.082 0.007 0.007 0.017 0.081 0.013 0.043 0.002 0.003 0.432 0.396 0.389 0.013 0.035 0.017 0.001 0.414 0.001 0.014 0.5 0.013 0.012 0.002 0.011 0.029 0.005 0.002 0.218 0.02 0.03 0.005 0.042 0.03 0.006 0.006 0.008 0.036 0.007 0.002 0.007 0.117 0.037 0.003 0.001 0.15 0 0.003 0.032 0.003 0.008 0.002 0 0.001 0.006 0.041 0.002 0.004
0.266 0.314 0.299 0.149 0.011 0.007 1 0.169 0.002 0.934 0.517 0.004 0.004 0.33 0.327 0.004 0.785 0.004 0.008 0.339 0.022 0.057 0.098 0.357 0.473 0.196 0.008 0.008 0.012 0.003 0.003 0.477 0.178 0.12 0 0.004 0.004 0.313 0.007 0.321 0.114 0.007 0.018 0.101 0.003 0.006 0.008 0.119 0.129 0.04 0.004 0.015 0.026 0.024 0.005 0.004 0.01 0.006 0.004 0.003 0.014 0.006 0.004 0.003 0.018 0.004 0.013 0.007 0.004 0.002 0.006 0.004 0.009 0.004 0.007 0.005
0.239 0.237 0.27 0.734 0.09 0.056 0.169 1 0.014 0.16 0.091 0.02 0.034 0.444 0.428 0.01 0.183 0.033 0.04 0.42 0.117 0.29 0.504 0.453 0.294 0.76 0.007 0.034 0.055 0.022 0.02 0.248 0.672 0.405 0.032 0.017 0.025 0.026 0.012 0.012 0.495 0.032 0.243 0.001 0.068 0.034 0.017 0.007 0.27 0.211 0.002 0.046 0.128 0.125 0.087 0.002 0.038 0.03 0.001 0 0.04 0.026 0.016 0.002 0.036 0.069 0.039 0.029 0.004 0.018 0.019 0.023 0.037 0 0.011 0.009
0.009 0.008 0.008 0.016 0.001 0.001 0.002 0.014 1 0.002 0.001 0 0 0.007 0.003 0 0.003 0 0.001 0.007 0.002 0.003 0.007 0.007 0.005 0.012 0.085 0.001 0.001 0 0 0.005 0.012 0.011 0 0 0 0.002 0.001 0.002 0.007 0 0.004 0.007 0.003 0.001 0.001 0 0.011 0.032 0 0.005 0.003 0.003 0.004 0 0.004 0.001 0 0 0.005 0.001 0.327 0 0.002 0.001 0.005 0.001 0 0.001 0.001 0 0.004 0.001 0.001 0.001
0.253 0.298 0.284 0.142 0.009 0.005 0.934 0.16 0.002 1 0.545 0.004 0.004 0.313 0.31 0.004 0.755 0.004 0.007 0.322 0.021 0.054 0.093 0.338 0.439 0.185 0.007 0.008 0.01 0.001 0.001 0.443 0.167 0.113 0 0.004 0.004 0.285 0.005 0.291 0.107 0.007 0.016 0.092 0.002 0.006 0.008 0.105 0.115 0.044 0.003 0.013 0.024 0.022 0.004 0.004 0.008 0.005 0.004 0.003 0.012 0.006 0.003 0.003 0.017 0.004 0.012 0.006 0.004 0.002 0.005 0.004 0.008 0.004 0.007 0.005
0.137 0.163 0.155 0.077 0.006 0.003 0.517 0.091 0.001 0.545 1 0.002 0.002 0.171 0.169 0.002 0.444 0.002 0.004 0.175 0.011 0.029 0.051 0.184 0.244 0.106 0.004 0.004 0.006 0.001 0.001 0.245 0.103 0.062 0 0.002 0.002 0.143 0.004 0.144 0.067 0.004 0.006 0.049 0 0.003 0.004 0.055 0.066 0.032 0.002 0.003 0.015 0.014 0.001 0.002 0.002 0.003 0.002 0.002 0.004 0.005 0.002 0.002 0.01 0.005 0.003 0.005 0.002 0 0.003 0.002 0.002 0.002 0.004 0.003
0.013 0.01 0.011 0.024 0.001 0 0.004 0.02 0 0.004 0.002 1 0.001 0.002 0.001 0.001 0.005 0.001 0.002 0.003 0.143 0.011 0.028 0.009 0.008 0.017 0.001 0.002 0.001 0 0 0.007 0.014 0.021 0.001 0.002 0.001 0.009 0 0.008 0.025 0.001 0.007 0.037 0.056 0.001 0 0.029 0.019 0.005 0 0.07 0.098 0.047 0.056 0 0.069 0 0.122 0.082 0.065 0.001 0 0 0.004 0.002 0.061 0.002 0.104 0.001 0.001 0.001 0.07 0 0.001 0.103
0.052 0.061 0.058 0.029 0.361 0.001 0.004 0.034 0 0.004 0.002 0.001 1 0.064 0.063 0.001 0.005 0.001 0.002 0.066 0.004 0.011 0.019 0.069 0.008 0.04 0.002 0.002 0.299 0.001 0.001 0.008 0.04 0.028 0.048 0.001 0.001 0.009 0.001 0.008 0.025 0.001 0.121 0.021 0.005 0.001 0.002 0.018 0.039 0.012 0.024 0.009 0.006 0.005 0.006 0.02 0.008 0.001 0.001 0.001 0.009 0.007 0.001 0.001 0.004 0.002 0.009 0.006 0.001 0.002 0.001 0.001 0.007 0.017 0.007 0.001
0.505 0.569 0.622 0.313 0.171 0.104 0.33 0.444 0.007 0.313 0.171 0.002 0.064 1 0.948 0.003 0.353 0.063 0.017 0.833 0.048 0.139 0.229 0.872 0.57 0.476 0.023 0.018 0.119 0.041 0.044 0.475 0.376 0.245 0 0.039 0.013 0.122 0.036 0.084 0.204 0.015 0.012 0.067 0.027 0.017 0.048 0.016 0.031 0.086 0.007 0.002 0.054 0.058 0.03 0.006 0.004 0.015 0.003 0.014 0.002 0.007 0.007 0.011 0.005 0.014 0.003 0.008 0.003 0.007 0.007 0.012 0.003 0.006 0.006 0.006
0.502 0.562 0.615 0.307 0.169 0.103 0.327 0.428 0.003 0.31 0.169 0.001 0.063 0.948 1 0.003 0.349 0.062 0.017 0.829 0.046 0.139 0.226 0.869 0.571 0.466 0.017 0.019 0.118 0.041 0.044 0.481 0.37 0.242 0 0.044 0.013 0.125 0.04 0.087 0.202 0.015 0.015 0.066 0.031 0.016 0.052 0.016 0.029 0.078 0.007 0.003 0.059 0.064 0.034 0.006 0.006 0.015 0.003 0.014 0.002 0.007 0.004 0.014 0.005 0.02 0.004 0.009 0.003 0.006 0.01 0.012 0.005 0.006 0.006 0.006
0.005 0.003 0.004 0.012 0.002 0.007 0.004 0.01 0 0.004 0.002 0.001 0.001 0.003 0.003 1 0.004 0.001 0.003 0.011 0 0.045 0.039 0.011 0.008 0.018 0 0.003 0.002 0 0.001 0.007 0.019 0.026 0.001 0.001 0.001 0.008 0.001 0.007 0.029 0 0.006 0.004 0 0.001 0.001 0.007 0.017 0.041 0.001 0.002 0 0 0.001 0.001 0.001 0.001 0.017 0.001 0 0 0.001 0.001 0 0.002 0 0 0.017 0.001 0.001 0.001 0.001 0.001 0 0.011
0.277 0.286 0.313 0.16 0.013 0.008 0.785 0.183 0.003 0.755 0.444 0.005 0.005 0.353 0.349 0.004 1 0.005 0.009 0.394 0.026 0.066 0.114 0.414 0.545 0.229 0.009 0.009 0.014 0.003 0.003 0.549 0.205 0.139 0.001 0.005 0.003 0.36 0.009 0.259 0.13 0.008 0.02 0.121 0.003 0.007 0.008 0.142 0.093 0.047 0.004 0.001 0.028 0.025 0.004 0.005 0 0.007 0.004 0.004 0.001 0.008 0.004 0.004 0 0.005 0.001 0.008 0.004 0.003 0.006 0.005 0 0.005 0.009 0.006
0.027 0.032 0.031 0.028 0.002 0.001 0.004 0.033 0 0.004 0.002 0.001 0.001 0.063 0.062 0.001 0.005 1 0.001 0.064 0.004 0.011 0.019 0.068 0.098 0.039 0.001 0.002 0.002 0.001 0.001 0.098 0.039 0.028 0.001 0.001 0.001 0.009 0.001 0.008 0.017 0.001 0.007 0.02 0.005 0.001 0.002 0.017 0.005 0.007 0 0.008 0.005 0.005 0.006 0 0.007 0.001 0.001 0.001 0.009 0 0.001 0.001 0.004 0.002 0.008 0 0.001 0.001 0.001 0.001 0.007 0 0.002 0.001
0.029 0.025 0.026 0.052 0.004 0.002 0.008 0.04 0.001 0.007 0.004 0.002 0.002 0.017 0.017 0.003 0.009 0.001 1 0.023 0.349 0.021 0.078 0.021 0.015 0.037 0.003 0.944 0.004 0.001 0.001 0.015 0.03 0.041 0.001 0.001 0.002 0.016 0.003 0.015 0.05 0.003 0.007 0.059 0.275 0.002 0.003 0.048 0.027 0.016 0.001 0.153 0.237 0.233 0.206 0.002 0.171 0.002 0 0.001 0.111 0.004 0.001 0.001 0.313 0.003 0.15 0.004 0 0.002 0.002 0.001 0.175 0.002 0.003 0
0.525 0.549 0.613 0.302 0.149 0.082 0.339 0.42 0.007 0.322 0.175 0.003 0.066 0.833 0.829 0.011 0.394 0.064 0.023 1 0.055 0.14 0.241 0.95 0.628 0.515 0.022 0.024 0.121 0.042 0.04 0.533 0.4 0.253 0 0.038 0.01 0.125 0.036 0.086 0.211 0.009 0.014 0.062 0.024 0.018 0.048 0.02 0.03 0.097 0.007 0.001 0.05 0.052 0.025 0.007 0.005 0.015 0.011 0.012 0.003 0.005 0.007 0.01 0.003 0.02 0.004 0.006 0.011 0.006 0.01 0.012 0.007 0.007 0.005 0.015
0.001 0.004 0.003 0.005 0.012 0.007 0.022 0.117 0.002 0.021 0.011 0.143 0.004 0.048 0.046 0 0.026 0.004 0.349 0.055 1 0.058 0.223 0.062 0.035 0.09 0.008 0.345 0.012 0.003 0.003 0.042 0.084 0.119 0.004 0 0.005 0.047 0.001 0.043 0.14 0.007 0.029 0.164 0.559 0 0.001 0.119 0.074 0.012 0.004 0.425 0.611 0.545 0.491 0.004 0.385 0.228 0.015 0.009 0.356 0.01 0.004 0 0.21 0.009 0.391 0.011 0.039 0.006 0.176 0 0.364 0.005 0.008 0.032
0.151 0.157 0.163 0.348 0.016 0.007 0.057 0.29 0.003 0.054 0.029 0.011 0.011 0.139 0.139 0.045 0.066 0.011 0.021 0.14 0.058 1 0.493 0.16 0.111 0.271 0.018 0.021 0.032 0.007 0.008 0.069 0.248 0.046 0.011 0.011 0.056 0.02 0.02 0.023 0.066 0.102 0.077 0.015 0.039 0.073 0.022 0.005 0.02 0.117 0.002 0.041 0.016 0.012 0.016 0.003 0.028 0.015 0 0.009 0.035 0.057 0.006 0.009 0.008 0.022 0.037 0.067 0 0.001 0.014 0.011 0.027 0.007 0.037 0.001
0.091 0.091 0.1 0.323 0.034 0.017 0.098 0.504 0.007 0.093 0.051 0.028 0.019 0.229 0.226 0.039 0.114 0.019 0.078 0.241 0.223 0.493 1 0.275 0.179 0.443 0.032 0.076 0.055 0.012 0.013 0.138 0.407 0.171 0.018 0.007 0.03 0 0.021 0 0.222 0.045 0.13 0.039 0.13 0.06 0.025 0.041 0.09 0.036 0 0.084 0.202 0.188 0.156 0 0.091 0.048 0.005 0.001 0.071 0.017 0.012 0.005 0.058 0.039 0.07 0.022 0.017 0.006 0.034 0.011 0.085 0.001 0.013 0.011
0.527 0.579 0.646 0.331 0.152 0.081 0.357 0.453 0.007 0.338 0.184 0.009 0.069 0.872 0.869 0.011 0.414 0.068 0.021 0.95 0.062 0.16 0.275 1 0.661 0.555 0.021 0.023 0.129 0.044 0.043 0.562 0.429 0.282 0 0.041 0.009 0.137 0.04 0.096 0.239 0.013 0.012 0.067 0.027 0.017 0.052 0.017 0.037 0.099 0.008 0.004 0.068 0.062 0.037 0.007 0.01 0.014 0.011 0.005 0.006 0.007 0.007 0.011 0.008 0.019 0.008 0.008 0.01 0.006 0.01 0.011 0.009 0.007 0.008 0.015
0.328 0.35 0.415 0.22 0.022 0.013 0.473 0.294 0.005 0.439 0.244 0.008 0.008 0.57 0.571 0.008 0.545 0.098 0.015 0.628 0.035 0.111 0.179 0.661 1 0.374 0.015 0.016 0.023 0.005 0.006 0.811 0.283 0.18 0.008 0.008 0.006 0.244 0.014 0.178 0.153 0.009 0.053 0.072 0.01 0.012 0.001 0.077 0.04 0.065 0.004 0.011 0.04 0.036 0.015 0.003 0.009 0.004 0.007 0.006 0.011 0.01 0.004 0.005 0.003 0.012 0.013 0.011 0.007 0.011 0.004 0.008 0.007 0.004 0.013 0.01
0.271 0.291 0.333 0.606 0.083 0.043 0.196 0.76 0.012 0.185 0.106 0.017 0.04 0.476 0.466 0.018 0.229 0.039 0.037 0.515 0.09 0.271 0.443 0.555 0.374 1 0.037 0.04 0.067 0.026 0.024 0.311 0.801 0.532 0.025 0.021 0.018 0.041 0.016 0.023 0.454 0.025 0.141 0.001 0.066 0.015 0.023 0.001 0.232 0.179 0.002 0.038 0.123 0.113 0.079 0.001 0.045 0.026 0.011 0.001 0.04 0.019 0.014 0.004 0.031 0.005 0.044 0.022 0.011 0.007 0.02 0.028 0.045 0 0.008 0.025
0.011 0.024 0.025 0.004 0.004 0.002 0.008 0.007 0.085 0.007 0.004 0.001 0.002 0.023 0.017 0 0.009 0.001 0.003 0.022 0.008 0.018 0.032 0.021 0.015 0.037 1 0.003 0.004 0.001 0.001 0.015 0.037 0.052 0.002 0.001 0.002 0.016 0.003 0.014 0.005 0.001 0.069 0.034 0.009 0.002 0.003 0.007 0.014 0.002 0.001 0.007 0.003 0.003 0.004 0.002 0.006 0.002 0.001 0.001 0.008 0.002 0.067 0.001 0.001 0.192 0.008 0.002 0.001 0.012 0.002 0.001 0.005 0.002 0.001 0.002
0.031 0.026 0.027 0.046 0.004 0.003 0.008 0.034 0.001 0.008 0.004 0.002 0.002 0.018 0.019 0.003 0.009 0.002 0.944 0.024 0.345 0.021 0.076 0.023 0.016 0.04 0.003 1 0.005 0.001 0.001 0.016 0.032 0.044 0.002 0.002 0.002 0.017 0.003 0.016 0.053 0.003 0.008 0.063 0.29 0.002 0.003 0.043 0.029 0.017 0.001 0.161 0.25 0.221 0.218 0.002 0.181 0.002 0 0.001 0.102 0.004 0.001 0.001 0.332 0.004 0.159 0.004 0 0.002 0.002 0.001 0.186 0.002 0.003 0
0.092 0.111 0.105 0.04 0.747 0.432 0.012 0.055 0.001 0.01 0.006 0.001 0.299 0.119 0.118 0.002 0.014 0.002 0.004 0.121 0.012 0.032 0.055 0.129 0.023 0.067 0.004 0.005 1 0.221 0.217 0.023 0.101 0.067 0.004 0.237 0.002 0.025 0.507 0.012 0.055 0.004 0.013 0.012 0.011 0.003 0.261 0.039 0.001 0.03 0.063 0.027 0.013 0.012 0.015 0.054 0.001 0.003 0.002 0.061 0.02 0 0.002 0.168 0.003 0.005 0.017 0 0.002 0 0.001 0.002 0.001 0.056 0 0.003
0.033 0.039 0.037 0.019 0.232 0.396 0.003 0.022 0 0.001 0.001 0 0.001 0.041 0.041 0 0.003 0.001 0.001 0.042 0.003 0.007 0.012 0.044 0.005 0.026 0.001 0.001 0.221 1 0.938 0.005 0.014 0.009 0.001 0.068 0.001 0.006 0.253 0.005 0.007 0.001 0.004 0.013 0.003 0.001 0.036 0.011 0.012 0.005 0.066 0.002 0.004 0.003 0.004 0.057 0.004 0.001 0 0 0.002 0.001 0 0.081 0.003 0.001 0.001 0.001 0 0.001 0 0 0.003 0.071 0.001 0.001
0.032 0.037 0.036 0.017 0.227 0.389 0.003 0.02 0 0.001 0.001 0 0.001 0.044 0.044 0.001 0.003 0.001 0.001 0.04 0.003 0.008 0.013 0.043 0.006 0.024 0.001 0.001 0.217 0.938 1 0.005 0.013 0.01 0.001 0.073 0.001 0.004 0.25 0.004 0.008 0.001 0.005 0.015 0.003 0.001 0.038 0.012 0.01 0.006 0.061 0.002 0.004 0.003 0.004 0.053 0.003 0.001 0.001 0 0.002 0.001 0 0.076 0.002 0.001 0.001 0.001 0 0.001 0 0.001 0.003 0.066 0.001 0.001
0.302 0.329 0.385 0.201 0.022 0.013 0.477 0.248 0.005 0.443 0.245 0.007 0.008 0.475 0.481 0.007 0.549 0.098 0.015 0.533 0.042 0.069 0.138 0.562 0.811 0.311 0.015 0.016 0.023 0.005 0.005 1 0.319 0.252 0.008 0.008 0.006 0.341 0.014 0.265 0.22 0.008 0.052 0.084 0.014 0.012 0.001 0.084 0.055 0.068 0.007 0.014 0.046 0.042 0.018 0.007 0.009 0.01 0.007 0.006 0.015 0.013 0.007 0.005 0.005 0.012 0.016 0.015 0.007 0.011 0.009 0.008 0.007 0.008 0.016 0.01
0.218 0.24 0.274 0.547 0.073 0.035 0.178 0.672 0.012 0.167 0.103 0.014 0.04 0.376 0.37 0.019 0.205 0.039 0.03 0.4 0.084 0.248 0.407 0.429 0.283 0.801 0.037 0.032 0.101 0.014 0.013 0.319 1 0.665 0.025 0.039 0.021 0.05 0.071 0.039 0.577 0.027 0.149 0.011 0.069 0.029 0.079 0 0.242 0.201 0.002 0.018 0.128 0.118 0.083 0.001 0.042 0.026 0.005 0.001 0.015 0.025 0.018 0.033 0.034 0.005 0.018 0.028 0.011 0.007 0.02 0.038 0.041 0 0.01 0.016
0.111 0.129 0.152 0.301 0.042 0.017 0.12 0.405 0.011 0.113 0.062 0.021 0.028 0.245 0.242 0.026 0.139 0.028 0.041 0.253 0.119 0.046 0.171 0.282 0.18 0.532 0.052 0.044 0.067 0.009 0.01 0.252 0.665 1 0.017 0.028 0.03 0.297 0.051 0.285 0.844 0.04 0.084 0.076 0.116 0.024 0.057 0.006 0.414 0.194 0 0.053 0.177 0.161 0.139 0 0.097 0.036 0.016 0 0.055 0.022 0.024 0.019 0.053 0.001 0.06 0.025 0.016 0.003 0.034 0.027 0.094 0.001 0 0.034
0 0 0 0.028 0.012 0.001 0 0.032 0 0 0 0.001 0.048 0 0 0.001 0.001 0.001 0.001 0 0.004 0.011 0.018 0 0.008 0.025 0.002 0.002 0.004 0.001 0.001 0.008 0.025 0.017 1 0.001 0.001 0.009 0.001 0.008 0.024 0.001 0.118 0.02 0.005 0.001 0.002 0.017 0.042 0.012 0.001 0.008 0.005 0.005 0.006 0.001 0.007 0.001 0.001 0.001 0.009 0.002 0.001 0.001 0.004 0.002 0.008 0.002 0.001 0.449 0.001 0.001 0.007 0 0.001 0.001
0.029 0.035 0.033 0.013 0.24 0.414 0.004 0.017 0 0.004 0.002 0.002 0.001 0.039 0.044 0.001 0.005 0.001 0.001 0.038 0 0.011 0.007 0.041 0.008 0.021 0.001 0.002 0.237 0.068 0.073 0.008 0.039 0.028 0.001 1 0.001 0.009 0.501 0.008 0.025 0.001 0.007 0.038 0.005 0.001 0.242 0.012 0.018 0.012 0.076 0.037 0.005 0.005 0.006 0.066 0.003 0.001 0.001 0.138 0.029 0.002 0.001 0.142 0.001 0.002 0.025 0.002 0.001 0.001 0.001 0.001 0.004 0.059 0.002 0.001
0.003 0.008 0.015 0.029 0.002 0.001 0.004 0.025 0 0.004 0.002 0.001 0.001 0.013 0.013 0.001 0.003 0.001 0.002 0.01 0.005 0.056 0.03 0.009 0.006 0.018 0.002 0.002 0.002 0.001 0.001 0.006 0.021 0.03 0.001 0.001 1 0.009 0.002 0.009 0.034 0.001 0.003 0.017 0.001 0.001 0.002 0.011 0.009 0.008 0.001 0.003 0.004 0.003 0.002 0.001 0.002 0.001 0.001 0.001 0.003 0.002 0 0.001 0.002 0.002 0.003 0.002 0.001 0.043 0.001 0.001 0.002 0.001 0.002 0.001
0.06 0.066 0.092 0.012 0.024 0.014 0.313 0.026 0.002 0.285 0.143 0.009 0.009 0.122 0.125 0.008 0.36 0.009 0.016 0.125 0.047 0.02 0 0.137 0.244 0.041 0.016 0.017 0.025 0.006 0.004 0.341 0.05 0.297 0.009 0.009 0.009 1 0.016 0.86 0.256 0.015 0.068 0.337 0.046 0.095 0.001 0.235 0.261 0.027 0.008 0.043 0.053 0.048 0.055 0.009 0.035 0.012 0.007 0.007 0.045 0.007 0.008 0.007 0.008 0.013 0.049 0.004 0.007 0.012 0.012 0.008 0.03 0.01 0.006 0.01
0.026 0.033 0.031 0.008 0.285 0.5 0.007 0.012 0.001 0.005 0.004 0 0.001 0.036 0.04 0.001 0.009 0.001 0.003 0.036 0.001 0.02 0.021 0.04 0.014 0.016 0.003 0.003 0.507 0.253 0.25 0.014 0.071 0.051 0.001 0.501 0.002 0.016 1 0.004 0.045 0.002 0.012 0.069 0.009 0.002 0.521 0.021 0.032 0.022 0.037 0.085 0.01 0.009 0.011 0.032 0 0.002 0.001 0.083 0.077 0.003 0.001 0.382 0 0.003 0.071 0.004 0.001 0.002 0.001 0.001 0 0.028 0.003 0.002
0.036 0.052 0.061 0.004 0.022 0.013 0.321 0.012 0.002 0.291 0.144 0.008 0.008 0.084 0.087 0.007 0.259 0.008 0.015 0.086 0.043 0.023 0 0.096 0.178 0.023 0.014 0.016 0.012 0.005 0.004 0.265 0.039 0.285 0.008 0.008 0.009 0.86 0.004 1 0.251 0.014 0.061 0.317 0.044 0.104 0.006 0.192 0.298 0.025 0.007 0.065 0.051 0.046 0.058 0.008 0.071 0.011 0.007 0.006 0.067 0.006 0.007 0 0.035 0.011 0.066 0.007 0.007 0.011 0.011 0.008 0.064 0.009 0.003 0.009
0.096 0.099 0.118 0.373 0.033 0.012 0.114 0.495 0.007 0.107 0.067 0.025 0.025 0.204 0.202 0.029 0.13 0.017 0.05 0.211 0.14 0.066 0.222 0.239 0.153 0.454 0.005 0.053 0.055 0.007 0.008 0.22 0.577 0.844 0.024 0.025 0.034 0.256 0.045 0.251 1 0.055 0.192 0.046 0.128 0.02 0.05 0.001 0.523 0.23 0 0.067 0.21 0.192 0.156 0 0.113 0.042 0.019 0 0.069 0.033 0.021 0.017 0.069 0.051 0.074 0.038 0.019 0.011 0.04 0.024 0.109 0.002 0 0.039
0.019 0.016 0.017 0.038 0.003 0.002 0.007 0.032 0 0.007 0.004 0.001 0.001 0.015 0.015 0 0.008 0.001 0.003 0.009 0.007 0.102 0.045 0.013 0.009 0.025 0.001 0.003 0.004 0.001 0.001 0.008 0.027 0.04 0.001 0.001 0.001 0.015 0.002 0.014 0.055 1 0.007 0.018 0.001 0.002 0.003 0.011 0.031 0.033 0.001 0.003 0.001 0 0 0.001 0.004 0.002 0.001 0.001 0.004 0.462 0.001 0.001 0 0.002 0.006 0.46 0.001 0.002 0.002 0.001 0.002 0.002 0.002 0.002
0.011 0.019 0.021 0.204 0.019 0.011 0.018 0.243 0.004 0.016 0.006 0.007 0.121 0.012 0.015 0.006 0.02 0.007 0.007 0.014 0.029 0.077 0.13 0.012 0.053 0.141 0.069 0.008 0.013 0.004 0.005 0.052 0.149 0.084 0.118 0.007 0.003 0.068 0.012 0.061 0.192 0.007 1 0.171 0.026 0.01 0.013 0.1 0.302 0.084 0.001 0.055 0.046 0.042 0.038 0 0.048 0.009 0.006 0.005 0.058 0.003 0.006 0.005 0.032 0.24 0.056 0.004 0.006 0.093 0.009 0.115 0.043 0 0 0.008
0.098 0.115 0.137 0.006 0.002 0.029 0.101 0.001 0.007 0.092 0.049 0.037 0.021 0.067 0.066 0.004 0.121 0.02 0.059 0.062 0.164 0.015 0.039 0.067 0.072 0.001 0.034 0.063 0.012 0.013 0.015 0.084 0.011 0.076 0.02 0.038 0.017 0.337 0.069 0.317 0.046 0.018 0.171 1 0.161 0.036 0.078 0.405 0.018 0.072 0.001 0.222 0.16 0.141 0.109 0.003 0.129 0.053 0.004 0.031 0.167 0.025 0.016 0.028 0.075 0.039 0.164 0.028 0.01 0.029 0.052 0.02 0.129 0.004 0.001 0.004
0.002 0.003 0.002 0.007 0.01 0.005 0.003 0.068 0.003 0.002 0 0.056 0.005 0.027 0.031 0 0.003 0.005 0.275 0.024 0.559 0.039 0.13 0.027 0.01 0.066 0.009 0.29 0.011 0.003 0.003 0.014 0.069 0.116 0.005 0.005 0.001 0.046 0.009 0.044 0.128 0.001 0.026 0.161 1 0.007 0.01 0.188 0.11 0.027 0.004 0.548 0.681 0.647 0.708 0.005 0.559 0.16 0.036 0.006 0.465 0.011 0.004 0.002 0.237 0.011 0.486 0.012 0.052 0.007 0.15 0.005 0.567 0.005 0.009 0.041
0.007 0.008 0.009 0.024 0.003 0.002 0.006 0.034 0.001 0.006 0.003 0.001 0.001 0.017 0.016 0.001 0.007 0.001 0.002 0.018 0 0.073 0.06 0.017 0.012 0.015 0.002 0.002 0.003 0.001 0.001 0.012 0.029 0.024 0.001 0.001 0.001 0.095 0.002 0.104 0.02 0.002 0.01 0.036 0.007 1 0.002 0.02 0.051 0.017 0.001 0.012 0.008 0.007 0.009 0.001 0.011 0.002 0.001 0.001 0.012 0.006 0.001 0.001 0.006 0.003 0.013 0.005 0.001 0.002 0.002 0.001 0.01 0.001 0.116 0.001
0.035 0.022 0.041 0.012 0.117 0.218 0.008 0.017 0.001 0.008 0.004 0 0.002 0.048 0.052 0.001 0.008 0.002 0.003 0.048 0.001 0.022 0.025 0.052 0.001 0.023 0.003 0.003 0.261 0.036 0.038 0.001 0.079 0.057 0.002 0.242 0.002 0.001 0.521 0.006 0.05 0.003 0.013 0.078 0.01 0.002 1 0 0.037 0.024 0.001 0.189 0.011 0.01 0.008 0.002 0.026 0.002 0.001 0.093 0.166 0.004 0.001 0.341 0.025 0.004 0.141 0.004 0.001 0.002 0.001 0.002 0.026 0.002 0.003 0.002
0.035 0.035 0.049 0 0.039 0.02 0.119 0.007 0 0.105 0.055 0.029 0.018 0.016 0.016 0.007 0.142 0.017 0.048 0.02 0.119 0.005 0.041 0.017 0.077 0.001 0.007 0.043 0.039 0.011 0.012 0.084 0 0.006 0.017 0.012 0.011 0.235 0.021 0.192 0.001 0.011 0.1 0.405 0.188 0.02 0 1 0.015 0.051 0.016 0.152 0.173 0.171 0.181 0.018 0.17 0.037 0.008 0.003 0.143 0.031 0.001 0.006 0.097 0.038 0.125 0.034 0.011 0.024 0.018 0.003 0.175 0.02 0.002 0.012
0.013 0.01 0.012 0.217 0 0.03 0.129 0.27 0.011 0.115 0.066 0.019 0.039 0.031 0.029 0.017 0.093 0.005 0.027 0.03 0.074 0.02 0.09 0.037 0.04 0.232 0.014 0.029 0.001 0.012 0.01 0.055 0.242 0.414 0.042 0.018 0.009 0.261 0.032 0.298 0.523 0.031 0.302 0.018 0.11 0.051 0.037 0.015 1 0.13 0.002 0.195 0.127 0.117 0.146 0.004 0.176 0.025 0.017 0.015 0.204 0.013 0.016 0.015 0.089 0.094 0.199 0.016 0.017 0.026 0.026 0.041 0.161 0.007 0.004 0.023
0.069 0.051 0.058 0.17 0.014 0.005 0.04 0.211 0.032 0.044 0.032 0.005 0.012 0.086 0.078 0.041 0.047 0.007 0.016 0.097 0.012 0.117 0.036 0.099 0.065 0.179 0.002 0.017 0.03 0.005 0.006 0.068 0.201 0.194 0.012 0.012 0.008 0.027 0.022 0.025 0.23 0.033 0.084 0.072 0.027 0.017 0.024 0.051 0.13 1 0.011 0.069 0.032 0.027 0.036 0.006 0.03 0.001 0.002 0.01 0.046 0.065 0.05 0.01 0.029 0.025 0.045 0.074 0 0.011 0.001 0.012 0.026 0.001 0.019 0.002
0.003 0.004 0.004 0.001 0.067 0.042 0.004 0.002 0 0.003 0.002 0 0.024 0.007 0.007 0.001 0.004 0 0.001 0.007 0.004 0.002 0 0.008 0.004 0.002 0.001 0.001 0.063 0.066 0.061 0.007 0.002 0 0.001 0.076 0.001 0.008 0.037 0.007 0 0.001 0.001 0.001 0.004 0.001 0.001 0.016 0.002 0.011 1 0.008 0.005 0.005 0.006 0.883 0.007 0.001 0.001 0.001 0.008 0.002 0.001 0.001 0.003 0.002 0.008 0.002 0.001 0 0.001 0.001 0.006 0.704 0.009 0.001
0.017 0.011 0.015 0.003 0.006 0.03 0.015 0.046 0.005 0.013 0.003 0.07 0.009 0.002 0.003 0.002 0.001 0.008 0.153 0.001 0.425 0.041 0.084 0.004 0.011 0.038 0.007 0.161 0.027 0.002 0.002 0.014 0.018 0.053 0.008 0.037 0.003 0.043 0.085 0.065 0.067 0.003 0.055 0.222 0.548 0.012 0.189 0.152 0.195 0.069 0.008 1 0.649 0.597 0.671 0.009 0.725 0.13 0.016 0.076 0.856 0.02 0.007 0.071 0.393 0.019 0.837 0.022 0.036 0.012 0.134 0.008 0.676 0.009 0.017 0.031
0 0 0.001 0.026 0.012 0.006 0.026 0.128 0.003 0.024 0.015 0.098 0.006 0.054 0.059 0 0.028 0.005 0.237 0.05 0.611 0.016 0.202 0.068 0.04 0.123 0.003 0.25 0.013 0.004 0.004 0.046 0.128 0.177 0.005 0.005 0.004 0.053 0.01 0.051 0.21 0.001 0.046 0.16 0.681 0.008 0.011 0.173 0.127 0.032 0.005 0.649 1 0.92 0.824 0.006 0.64 0.2 0.03 0.018 0.548 0.013 0.005 0.002 0.399 0.012 0.557 0.014 0.061 0.008 0.197 0.005 0.594 0.006 0.011 0.056
0 0 0 0.022 0.011 0.006 0.024 0.125 0.003 0.022 0.014 0.047 0.005 0.058 0.064 0 0.025 0.005 0.233 0.052 0.545 0.012 0.188 0.062 0.036 0.113 0.003 0.221 0.012 0.003 0.003 0.042 0.118 0.161 0.005 0.005 0.003 0.048 0.009 0.046 0.192 0 0.042 0.141 0.647 0.007 0.01 0.171 0.117 0.027 0.005 0.597 0.92 1 0.759 0.005 0.587 0.216 0.035 0 0.541 0.012 0.004 0.002 0.325 0.011 0.511 0.013 0.069 0.007 0.213 0.005 0.539 0.006 0.01 0.064
0.002 0.001 0.001 0.013 0.015 0.008 0.005 0.087 0.004 0.004 0.001 0.056 0.006 0.03 0.034 0.001 0.004 0.006 0.206 0.025 0.491 0.016 0.156 0.037 0.015 0.079 0.004 0.218 0.015 0.004 0.004 0.018 0.083 0.139 0.006 0.006 0.002 0.055 0.011 0.058 0.156 0 0.038 0.109 0.708 0.009 0.008 0.181 0.146 0.036 0.006 0.671 0.824 0.759 1 0.006 0.709 0.174 0.04 0.014 0.606 0.008 0.006 0.003 0.361 0.014 0.617 0.009 0.046 0.009 0.17 0.006 0.635 0.007 0.013 0.048
0.002 0.004 0.003 0.001 0.057 0.036 0.004 0.002 0 0.004 0.002 0 0.02 0.006 0.006 0.001 0.005 0 0.002 0.007 0.004 0.003 0 0.007 0.003 0.001 0.002 0.002 0.054 0.057 0.053 0.007 0.001 0 0.001 0.066 0.001 0.009 0.032 0.008 0 0.001 0 0.003 0.005 0.001 0.002 0.018 0.004 0.006 0.883 0.009 0.006 0.005 0.006 1 0.008 0.001 0.001 0.001 0.009 0.002 0.001 0.001 0.004 0.002 0.009 0.002 0.001 0 0.001 0.001 0.007 0.724 0.022 0.001
0.009 0.004 0.008 0.003 0 0.007 0.01 0.038 0.004 0.008 0.002 0.069 0.008 0.004 0.006 0.001 0 0.007 0.171 0.005 0.385 0.028 0.091 0.01 0.009 0.045 0.006 0.181 0.001 0.004 0.003 0.009 0.042 0.097 0.007 0.003 0.002 0.035 0 0.071 0.113 0.004 0.048 0.129 0.559 0.011 0.026 0.17 0.176 0.03 0.007 0.725 0.64 0.587 0.709 0.008 1 0.092 0.081 0.085 0.769 0.018 0.007 0.004 0.436 0.017 0.767 0.019 0.094 0.011 0.096 0.007 0.896 0.009 0.015 0.132
0.062 0.073 0.07 0.033 0.003 0.002 0.006 0.03 0.001 0.005 0.003 0 0.001 0.015 0.015 0.001 0.007 0.001 0.002 0.015 0.228 0.015 0.048 0.014 0.004 0.026 0.002 0.002 0.003 0.001 0.001 0.01 0.026 0.036 0.001 0.001 0.001 0.012 0.002 0.011 0.042 0.002 0.009 0.053 0.16 0.002 0.002 0.037 0.025 0.001 0.001 0.13 0.2 0.216 0.174 0.001 0.092 1 0.001 0.001 0.124 0.003 0.001 0.001 0.018 0.002 0.108 0.003 0.001 0.002 0.378 0.001 0.068 0.001 0.002 0.001
0.005 0.003 0.004 0.002 0.002 0.007 0.004 0.001 0 0.004 0.002 0.122 0.001 0.003 0.003 0.017 0.004 0.001 0 0.011 0.015 0 0.005 0.011 0.007 0.011 0.001 0 0.002 0 0.001 0.007 0.005 0.016 0.001 0.001 0.001 0.007 0.001 0.007 0.019 0.001 0.006 0.004 0.036 0.001 0.001 0.008 0.017 0.002 0.001 0.016 0.03 0.035 0.04 0.001 0.081 0.001 1 0.001 0.07 0.002 0.001 0.001 0.004 0.002 0.063 0.002 0.321 0.001 0 0.001 0.064 0.001 0.001 0.454
0.009 0.004 0.003 0 0.064 0.117 0.003 0 0 0.003 0.002 0.082 0.001 0.014 0.014 0.001 0.004 0.001 0.001 0.012 0.009 0.009 0.001 0.005 0.006 0.001 0.001 0.001 0.061 0 0 0.006 0.001 0 0.001 0.138 0.001 0.007 0.083 0.006 0 0.001 0.005 0.031 0.006 0.001 0.093 0.003 0.015 0.01 0.001 0.076 0.018 0 0.014 0.001 0.085 0.001 0.001 1 0.063 0.002 0.001 0.001 0.029 0.001 0.034 0.002 0.001 0.001 0 0.001 0.079 0.001 0.001 0.001
0.017 0.011 0.016 0.002 0.008 0.037 0.014 0.04 0.005 0.012 0.004 0.065 0.009 0.002 0.002 0 0.001 0.009 0.111 0.003 0.356 0.035 0.071 0.006 0.011 0.04 0.008 0.102 0.02 0.002 0.002 0.015 0.015 0.055 0.009 0.029 0.003 0.045 0.077 0.067 0.069 0.004 0.058 0.167 0.465 0.012 0.166 0.143 0.204 0.046 0.008 0.856 0.548 0.541 0.606 0.009 0.769 0.124 0.07 0.063 1 0.021 0.008 0.068 0.36 0.02 0.893 0.023 0.081 0.012 0.127 0.008 0.705 0.01 0.018 0.114
0.009 0.006 0.007 0.026 0 0.003 0.006 0.026 0.001 0.006 0.005 0.001 0.007 0.007 0.007 0 0.008 0 0.004 0.005 0.01 0.057 0.017 0.007 0.01 0.019 0.002 0.004 0 0.001 0.001 0.013 0.025 0.022 0.002 0.002 0.002 0.007 0.003 0.006 0.033 0.462 0.003 0.025 0.011 0.006 0.004 0.031 0.013 0.065 0.002 0.02 0.013 0.012 0.008 0.002 0.018 0.003 0.002 0.002 0.021 1 0.002 0.002 0.009 0.004 0.021 0.934 0.002 0.003 0.003 0.002 0.017 0.002 0.069 0.002
0.008 0.009 0.007 0.017 0.002 0.001 0.004 0.016 0.327 0.003 0.002 0 0.001 0.007 0.004 0.001 0.004 0.001 0.001 0.007 0.004 0.006 0.012 0.007 0.004 0.014 0.067 0.001 0.002 0 0 0.007 0.018 0.024 0.001 0.001 0 0.008 0.001 0.007 0.021 0.001 0.006 0.016 0.004 0.001 0.001 0.001 0.016 0.05 0.001 0.007 0.005 0.004 0.006 0.001 0.007 0.001 0.001 0.001 0.008 0.002 1 0.001 0.003 0.002 0.008 0.002 0.001 0.001 0.001 0.001 0.006 0.001 0.001 0.001
0.005 0.007 0.006 0 0.083 0.15 0.003 0.002 0 0.003 0.002 0 0.001 0.011 0.014 0.001 0.004 0.001 0.001 0.01 0 0.009 0.005 0.011 0.005 0.004 0.001 0.001 0.168 0.081 0.076 0.005 0.033 0.019 0.001 0.142 0.001 0.007 0.382 0 0.017 0.001 0.005 0.028 0.002 0.001 0.341 0.006 0.015 0.01 0.001 0.071 0.002 0.002 0.003 0.001 0.004 0.001 0.001 0.001 0.068 0.002 0.001 1 0.002 0.001 0.067 0.002 0.001 0.001 0 0.001 0.003 0.001 0.001 0.001
0.002 0.006 0.002 0.022 0.002 0 0.018 0.036 0.002 0.017 0.01 0.004 0.004 0.005 0.005 0 0 0.004 0.313 0.003 0.21 0.008 0.058 0.008 0.003 0.031 0.001 0.332 0.003 0.003 0.002 0.005 0.034 0.053 0.004 0.001 0.002 0.008 0 0.035 0.069 0 0.032 0.075 0.237 0.006 0.025 0.097 0.089 0.029 0.003 0.393 0.399 0.325 0.361 0.004 0.436 0.018 0.004 0.029 0.36 0.009 0.003 0.002 1 0.009 0.418 0.01 0.003 0.005 0 0.004 0.413 0.004 0.007 0.002
0.008 0.022 0.023 0.058 0.005 0.003 0.004 0.069 0.001 0.004 0.005 0.002 0.002 0.014 0.02 0.002 0.005 0.002 0.003 0.02 0.009 0.022 0.039 0.019 0.012 0.005 0.192 0.004 0.005 0.001 0.001 0.012 0.005 0.001 0.002 0.002 0.002 0.013 0.003 0.011 0.051 0.002 0.24 0.039 0.011 0.003 0.004 0.038 0.094 0.025 0.002 0.019 0.012 0.011 0.014 0.002 0.017 0.002 0.002 0.001 0.02 0.004 0.002 0.001 0.009 1 0.019 0.005 0.002 0.002 0.003 0.002 0.015 0.002 0.002 0.002
0.009 0.009 0.011 0.003 0.006 0.032 0.013 0.039 0.005 0.012 0.003 0.061 0.009 0.003 0.004 0 0.001 0.008 0.15 0.004 0.391 0.037 0.07 0.008 0.013 0.044 0.008 0.159 0.017 0.001 0.001 0.016 0.018 0.06 0.008 0.025 0.003 0.049 0.071 0.066 0.074 0.006 0.056 0.164 0.486 0.013 0.141 0.125 0.199 0.045 0.008 0.837 0.557 0.511 0.617 0.009 0.767 0.108 0.063 0.034 0.893 0.021 0.008 0.067 0.418 0.019 1 0.022 0.083 0.012 0.131 0.008 0.682 0.01 0.016 0.108
0.011 0.007 0.008 0.03 0 0.003 0.007 0.029 0.001 0.006 0.005 0.002 0.006 0.008 0.009 0 0.008 0 0.004 0.006 0.011 0.067 0.022 0.008 0.011 0.022 0.002 0.004 0 0.001 0.001 0.015 0.028 0.025 0.002 0.002 0.002 0.004 0.004 0.007 0.038 0.46 0.004 0.028 0.012 0.005 0.004 0.034 0.016 0.074 0.002 0.022 0.014 0.013 0.009 0.002 0.019 0.003 0.002 0.002 0.023 0.934 0.002 0.002 0.01 0.005 0.022 1 0.002 0.003 0.003 0.002 0.018 0.002 0.092 0.003
0.001 0 0 0.002 0.003 0.008 0.004 0.004 0 0.004 0.002 0.104 0.001 0.003 0.003 0.017 0.004 0.001 0 0.011 0.039 0 0.017 0.01 0.007 0.011 0.001 0 0.002 0 0 0.007 0.011 0.016 0.001 0.001 0.001 0.007 0.001 0.007 0.019 0.001 0.006 0.01 0.052 0.001 0.001 0.011 0.017 0 0.001 0.036 0.061 0.069 0.046 0.001 0.094 0.001 0.321 0.001 0.081 0.002 0.001 0.001 0.003 0.002 0.083 0.002 1 0.001 0.001 0.001 0.076 0.001 0.001 0.381
0.008 0.007 0.008 0.014 0 0.002 0.002 0.018 0.001 0.002 0 0.001 0.002 0.007 0.006 0.001 0.003 0.001 0.002 0.006 0.006 0.001 0.006 0.006 0.011 0.007 0.012 0.002 0 0.001 0.001 0.011 0.007 0.003 0.449 0.001 0.043 0.012 0.002 0.011 0.011 0.002 0.093 0.029 0.007 0.002 0.002 0.024 0.026 0.011 0 0.012 0.008 0.007 0.009 0 0.011 0.002 0.001 0.001 0.012 0.003 0.001 0.001 0.005 0.002 0.012 0.003 0.001 1 0.002 0.001 0.01 0.001 0.002 0.001
0.044 0.052 0.051 0.018 0 0 0.006 0.019 0.001 0.005 0.003 0.001 0.001 0.007 0.01 0.001 0.006 0.001 0.002 0.01 0.176 0.014 0.034 0.01 0.004 0.02 0.002 0.002 0.001 0 0 0.009 0.02 0.034 0.001 0.001 0.001 0.012 0.001 0.011 0.04 0.002 0.009 0.052 0.15 0.002 0.001 0.018 0.026 0.001 0.001 0.134 0.197 0.213 0.17 0.001 0.096 0.378 0 0 0.127 0.003 0.001 0 0 0.003 0.131 0.003 0.001 0.002 1 0.001 0.078 0.001 0.002 0.001
0.012 0.012 0.013 0.019 0.002 0.001 0.004 0.023 0 0.004 0.002 0.001 0.001 0.012 0.012 0.001 0.005 0.001 0.001 0.012 0 0.011 0.011 0.011 0.008 0.028 0.001 0.001 0.002 0 0.001 0.008 0.038 0.027 0.001 0.001 0.001 0.008 0.001 0.008 0.024 0.001 0.115 0.02 0.005 0.001 0.002 0.003 0.041 0.012 0.001 0.008 0.005 0.005 0.006 0.001 0.007 0.001 0.001 0.001 0.008 0.002 0.001 0.001 0.004 0.002 0.008 0.002 0.001 0.001 0.001 1 0.007 0.001 0.002 0.001
0.005 0.003 0.006 0.004 0 0.006 0.009 0.037 0.004 0.008 0.002 0.07 0.007 0.003 0.005 0.001 0 0.007 0.175 0.007 0.364 0.027 0.085 0.009 0.007 0.045 0.005 0.186 0.001 0.003 0.003 0.007 0.041 0.094 0.007 0.004 0.002 0.03 0 0.064 0.109 0.002 0.043 0.129 0.567 0.01 0.026 0.175 0.161 0.026 0.006 0.676 0.594 0.539 0.635 0.007 0.896 0.068 0.064 0.079 0.705 0.017 0.006 0.003 0.413 0.015 0.682 0.018 0.076 0.01 0.078 0.007 1 0.008 0.014 0.139
0.002 0.004 0.003 0 0.059 0.041 0.004 0 0.001 0.004 0.002 0 0.017 0.006 0.006 0.001 0.005 0 0.002 0.007 0.005 0.007 0.001 0.007 0.004 0 0.002 0.002 0.056 0.071 0.066 0.008 0 0.001 0 0.059 0.001 0.01 0.028 0.009 0.002 0.002 0 0.004 0.005 0.001 0.002 0.02 0.007 0.001 0.704 0.009 0.006 0.006 0.007 0.724 0.009 0.001 0.001 0.001 0.01 0.002 0.001 0.001 0.004 0.002 0.01 0.002 0.001 0.001 0.001 0.001 0.008 1 0.019 0.001
0.014 0.01 0.011 0.015 0 0.002 0.007 0.011 0.001 0.007 0.004 0.001 0.007 0.006 0.006 0 0.009 0.002 0.003 0.005 0.008 0.037 0.013 0.008 0.013 0.008 0.001 0.003 0 0.001 0.001 0.016 0.01 0 0.001 0.002 0.002 0.006 0.003 0.003 0 0.002 0 0.001 0.009 0.116 0.003 0.002 0.004 0.019 0.009 0.017 0.011 0.01 0.013 0.022 0.015 0.002 0.001 0.001 0.018 0.069 0.001 0.001 0.007 0.002 0.016 0.092 0.001 0.002 0.002 0.002 0.014 0.019 1 0.002
0.003 0.002 0.002 0.006 0.001 0.004 0.005 0.009 0.001 0.005 0.003 0.103 0.001 0.006 0.006 0.011 0.006 0.001 0 0.015 0.032 0.001 0.011 0.015 0.01 0.025 0.002 0 0.003 0.001 0.001 0.01 0.016 0.034 0.001 0.001 0.001 0.01 0.002 0.009 0.039 0.002 0.008 0.004 0.041 0.001 0.002 0.012 0.023 0.002 0.001 0.031 0.056 0.064 0.048 0.001 0.132 0.001 0.454 0.001 0.114 0.002 0.001 0.001 0.002 0.002 0.108 0.003 0.381 0.001 0.001 0.001 0.139 0.001 0.002 1
