1 0.788 0.825 0.416 0.138 0.102 0.249 0.234 0.009 0.193 0.093 0.023 0.033 0.462 0.453 0.004 0.206 0.026 0.022 0.493 0.001 0.134 0.076 0.499 0.329 0.233 0.003 0.025 0.13 0.039 0.032 0.294 0.191 0.102 0.003 0.039 0.01 0.057 0.064 0.037 0.096 0.018 0.015 0.107 0.01 0.004 0.061 0.053 0.005 0.091 0.018 0.033 0 0 0.005 0.011 0.016 0.055 0.017 0.01 0.026 0.025 0.002 0.012 0.012 0.007 0.009 0.026 0.004 0.005 0.039 0 0.014 0.014 0.008 0.003
0.788 1 0.934 0.389 0.167 0.123 0.302 0.2 0.008 0.234 0.113 0.019 0.04 0.56 0.542 0.003 0.211 0.033 0.019 0.549 0.004 0.121 0.07 0.564 0.359 0.22 0.018 0.021 0.158 0.047 0.04 0.323 0.179 0.093 0.003 0.048 0.01 0.059 0.079 0.054 0.075 0.015 0.044 0.114 0.01 0.008 0.038 0.051 0.001 0.059 0.022 0.024 0 0 0.005 0.016 0.01 0.067 0.014 0 0.019 0.021 0.001 0.016 0.013 0.026 0.013 0.021 0.002 0.008 0.03 0.008 0.009 0.019 0.005 0.001
0.825 0.934 1 0.421 0.166 0.122 0.299 0.224 0.008 0.232 0.112 0.019 0.039 0.571 0.553 0.003 0.252 0.033 0.019 0.596 0.004 0.118 0.069 0.611 0.403 0.249 0.018 0.021 0.157 0.047 0.039 0.364 0.206 0.112 0.003 0.048 0.014 0.078 0.078 0.053 0.092 0.015 0.042 0.133 0.01 0.009 0.074 0.064 0.001 0.07 0.022 0.035 0 0 0.005 0.015 0.018 0.066 0.014 0 0.028 0.021 0.001 0.016 0.01 0.027 0.019 0.021 0.002 0.008 0.05 0.009 0.016 0.019 0.006 0.001
0.416 0.389 0.421 1 0.063 0.044 0.132 0.763 0.018 0.102 0.047 0.043 0.017 0.258 0.257 0.009 0.121 0.029 0.042 0.274 0.01 0.295 0.31 0.286 0.19 0.598 0.007 0.045 0.058 0.02 0.016 0.164 0.539 0.329 0.026 0.014 0.031 0.005 0.027 0.001 0.405 0.034 0.241 0 0.008 0.021 0.029 0.002 0.225 0.218 0.01 0.002 0.029 0.03 0.01 0.005 0.003 0.027 0.012 0.003 0.001 0.043 0.007 0.005 0.032 0.057 0.002 0.045 0.005 0.02 0.011 0.025 0.006 0.002 0.007 0.012
0.138 0.167 0.166 0.063 1 0.737 0.008 0.088 0.001 0.006 0.003 0.003 0.237 0.18 0.174 0 0.009 0.002 0.003 0.183 0.011 0.019 0.041 0.183 0.014 0.089 0.003 0.003 0.938 0.289 0.262 0.015 0.066 0.027 0 0.29 0.002 0.015 0.476 0.014 0.029 0.002 0.002 0.009 0.012 0.002 0.186 0.026 0.005 0.012 0.094 0.007 0.012 0.012 0.014 0.064 0.003 0.001 0.001 0.023 0.003 0.002 0.001 0.108 0.002 0.004 0.001 0.002 0.002 0 0.001 0.001 0.002 0.083 0.001 0.002
0.102 0.123 0.122 0.044 0.737 1 0.006 0.066 0.001 0.004 0.002 0.002 0.001 0.134 0.13 0 0.006 0.001 0.002 0.135 0.008 0.014 0.029 0.133 0.011 0.064 0.002 0.003 0.684 0.392 0.357 0.011 0.042 0.013 0.001 0.397 0.002 0.011 0.649 0.01 0.015 0.002 0.01 0.029 0.008 0.001 0.259 0.017 0.026 0.006 0.127 0.019 0.008 0.008 0.01 0.089 0 0.001 0.001 0.034 0.011 0.003 0.001 0.149 0.001 0.003 0.005 0.003 0.001 0.002 0 0.001 0 0.115 0.002 0.001
0.249 0.302 0.299 0.132 0.008 0.006 1 0.157 0.002 0.775 0.383 0.006 0.002 0.327 0.316 0.002 0.622 0.003 0.006 0.344 0.02 0.042 0.082 0.351 0.512 0.174 0.005 0.006 0.008 0.002 0.003 0.5 0.163 0.122 0.001 0.003 0.004 0.266 0.004 0.268 0.108 0.004 0.025 0.07 0 0.003 0.004 0.169 0.092 0.057 0.002 0.005 0.026 0.025 0.001 0.003 0.002 0.004 0.005 0.003 0.004 0.007 0.003 0.001 0.009 0.007 0.003 0.008 0.006 0.002 0.006 0.002 0.003 0.003 0.005 0.006
0.234 0.2 0.224 0.763 0.088 0.066 0.157 1 0.014 0.121 0.059 0.035 0.021 0.353 0.338 0.007 0.147 0.036 0.026 0.354 0.115 0.257 0.488 0.367 0.234 0.752 0.011 0.029 0.083 0.024 0.02 0.206 0.687 0.454 0.032 0.023 0.025 0.014 0.039 0.006 0.554 0.028 0.295 0.008 0.068 0.02 0.037 0.008 0.303 0.234 0.018 0.04 0.13 0.132 0.075 0.01 0.045 0.02 0.009 0.001 0.035 0.035 0.015 0.011 0.027 0.073 0.033 0.036 0.015 0.026 0.011 0.029 0.054 0.006 0.003 0.031
0.009 0.008 0.008 0.018 0.001 0.001 0.002 0.014 1 0.002 0.001 0.001 0 0.004 0.002 0 0.003 0.001 0.001 0.007 0.003 0.003 0.009 0.007 0.004 0.013 0.074 0.001 0.001 0 0 0.004 0.013 0.012 0 0.001 0.001 0.002 0.001 0.001 0.006 0.019 0.005 0.009 0.004 0.002 0.001 0.002 0.011 0.024 0 0.006 0.004 0.004 0.005 0 0.006 0.001 0.001 0 0.006 0.001 0.304 0 0.002 0.002 0.006 0.001 0.001 0.001 0.001 0 0.005 0.001 0.001 0.001
0.193 0.234 0.232 0.102 0.006 0.004 0.775 0.121 0.002 1 0.495 0.004 0.001 0.253 0.245 0.001 0.548 0.002 0.004 0.267 0.016 0.033 0.064 0.272 0.393 0.135 0.004 0.005 0.006 0.002 0.002 0.385 0.125 0.093 0.001 0.002 0.003 0.17 0.003 0.166 0.082 0.003 0.018 0.04 0.001 0.003 0.003 0.124 0.055 0.044 0.002 0.001 0.02 0.02 0 0.002 0 0.003 0.004 0.002 0.001 0.006 0.002 0.001 0.007 0.005 0 0.006 0.004 0.002 0.005 0.002 0 0.002 0.004 0.004
0.093 0.113 0.112 0.047 0.003 0.002 0.383 0.059 0.001 0.495 1 0.002 0.001 0.123 0.119 0.001 0.333 0.001 0.002 0.13 0.009 0.018 0.035 0.133 0.187 0.064 0.002 0.003 0.003 0.001 0.001 0.188 0.064 0.046 0 0.001 0.002 0.081 0.002 0.071 0.042 0.002 0.009 0.017 0.001 0.001 0.002 0.069 0.026 0.02 0.001 0 0.011 0.011 0 0.001 0 0.002 0.002 0.001 0.001 0.003 0.001 0.001 0.004 0.004 0.001 0.003 0.002 0 0.003 0.001 0.001 0.001 0.002 0.002
0.023 0.019 0.019 0.043 0.003 0.002 0.006 0.035 0.001 0.004 0.002 1 0.001 0.016 0.014 0.001 0.007 0.001 0.002 0.011 0.23 0.018 0.052 0.016 0.011 0.032 0.002 0.003 0.003 0.001 0.001 0.008 0.028 0.037 0.001 0 0.002 0.012 0 0.01 0.043 0.002 0.012 0.069 0.136 0.001 0 0.026 0.027 0.013 0.001 0.127 0.165 0.154 0.132 0.001 0.123 0 0.265 0.059 0.113 0.003 0.001 0 0 0.004 0.132 0.003 0.145 0.002 0.01 0.001 0.107 0.001 0.002 0.193
0.033 0.04 0.039 0.017 0.237 0.001 0.002 0.021 0 0.001 0.001 0.001 1 0.043 0.042 0 0.002 0 0.001 0.045 0.003 0.006 0.011 0.046 0.003 0.023 0.001 0.001 0.234 0 0 0.003 0.023 0.018 0.007 0 0.001 0.004 0.001 0.003 0.015 0.001 0.063 0.011 0.003 0 0.001 0.008 0.02 0.008 0 0.005 0.003 0.003 0.004 0 0.004 0 0.001 0 0.005 0 0 0 0.001 0.001 0.004 0 0.001 0.001 0.001 0 0.004 0 0 0.001
0.462 0.56 0.571 0.258 0.18 0.134 0.327 0.353 0.004 0.253 0.123 0.016 0.043 1 0.926 0.003 0.321 0.073 0.014 0.79 0.058 0.091 0.197 0.809 0.521 0.374 0.013 0.013 0.182 0.051 0.061 0.472 0.325 0.234 0.003 0.061 0.012 0.119 0.095 0.087 0.212 0.014 0.024 0.05 0.02 0.004 0.09 0.023 0.018 0.057 0.025 0.001 0.062 0.063 0.03 0.018 0.009 0.01 0.013 0 0.001 0.014 0.005 0.035 0.01 0.021 0.003 0.015 0.016 0.007 0.001 0.008 0.009 0.022 0 0.016
0.453 0.542 0.553 0.257 0.174 0.13 0.316 0.338 0.002 0.245 0.119 0.014 0.042 0.926 1 0.003 0.31 0.071 0.015 0.781 0.057 0.092 0.196 0.8 0.509 0.371 0.009 0.014 0.176 0.049 0.059 0.477 0.319 0.23 0.003 0.068 0.013 0.117 0.101 0.086 0.21 0.014 0.025 0.044 0.025 0.003 0.096 0.019 0.018 0.049 0.024 0.002 0.071 0.072 0.036 0.017 0.013 0.009 0.014 0 0.003 0.015 0.002 0.041 0.011 0.024 0.005 0.016 0.016 0.005 0.004 0.007 0.013 0.021 0 0.016
0.004 0.003 0.003 0.009 0 0 0.002 0.007 0 0.001 0.001 0.001 0 0.003 0.003 1 0.002 0 0 0.005 0.001 0.032 0.018 0.005 0.003 0.008 0.001 0 0.001 0 0 0.003 0.008 0.011 0 0 0 0.003 0.001 0.003 0.013 0.001 0.003 0 0.002 0 0.001 0.006 0.007 0.022 0 0.003 0.002 0.002 0.002 0 0.001 0 0 0 0.001 0 0 0 0 0.001 0.001 0 0 0 0.001 0 0.001 0 0 0
0.206 0.211 0.252 0.121 0.009 0.006 0.622 0.147 0.003 0.548 0.333 0.007 0.002 0.321 0.31 0.002 1 0.004 0.006 0.394 0.023 0.048 0.094 0.403 0.523 0.199 0.006 0.007 0.009 0.003 0.003 0.51 0.183 0.137 0.002 0.003 0.003 0.273 0.005 0.194 0.12 0.005 0.016 0.07 0 0.004 0.012 0.145 0.071 0.048 0.002 0 0.027 0.027 0.001 0.003 0.001 0.004 0.006 0.003 0 0.008 0.003 0.002 0.003 0.009 0 0.009 0.007 0.003 0 0.003 0 0.003 0.006 0.007
0.026 0.033 0.033 0.029 0.002 0.001 0.003 0.036 0.001 0.002 0.001 0.001 0 0.073 0.071 0 0.004 1 0.001 0.077 0.005 0.009 0.019 0.079 0.118 0.039 0.001 0.001 0.002 0.001 0.001 0.115 0.039 0.03 0.001 0.001 0.001 0.006 0.001 0.006 0.026 0.001 0.006 0.018 0.006 0.001 0.001 0.014 0.003 0.004 0.016 0.008 0.006 0.006 0.007 0.011 0.008 0.001 0.001 0.001 0.008 0.002 0.001 0 0.002 0.002 0.008 0.002 0.001 0.001 0.001 0.001 0.007 0.009 0.001 0.001
0.022 0.019 0.019 0.042 0.003 0.002 0.006 0.026 0.001 0.004 0.002 0.002 0.001 0.014 0.015 0 0.006 0.001 1 0.016 0.273 0.017 0.067 0.016 0.011 0.031 0.002 0.879 0.003 0 0.001 0.01 0.031 0.038 0.001 0.001 0.002 0.011 0.002 0.01 0.046 0.002 0.011 0.066 0.209 0.001 0.002 0.032 0.027 0.017 0.001 0.152 0.209 0.207 0.175 0.001 0.158 0.002 0 0.001 0.12 0.003 0.001 0.001 0.516 0.004 0.159 0.003 0 0.002 0.003 0.001 0.172 0.001 0.002 0
0.493 0.549 0.596 0.274 0.183 0.135 0.344 0.354 0.007 0.267 0.13 0.011 0.045 0.79 0.781 0.005 0.394 0.077 0.016 1 0.051 0.113 0.215 0.963 0.637 0.466 0.016 0.017 0.176 0.054 0.046 0.601 0.386 0.253 0.002 0.052 0.009 0.123 0.087 0.09 0.227 0.01 0.024 0.051 0.018 0.009 0.082 0.033 0.023 0.076 0.027 0.001 0.057 0.06 0.025 0.02 0.008 0.009 0.014 0.001 0.002 0.015 0.007 0.025 0.006 0.023 0.003 0.016 0.017 0.007 0.003 0.007 0.008 0.024 0.003 0.017
0.001 0.004 0.004 0.01 0.011 0.008 0.02 0.115 0.003 0.016 0.009 0.23 0.003 0.058 0.057 0.001 0.023 0.005 0.273 0.051 1 0.056 0.233 0.058 0.039 0.115 0.008 0.262 0.011 0.002 0.004 0.035 0.107 0.138 0.004 0.001 0.006 0.042 0.003 0.038 0.162 0.007 0.042 0.231 0.633 0.003 0.003 0.103 0.099 0.03 0.003 0.534 0.711 0.688 0.585 0.004 0.529 0.168 0.053 0.01 0.467 0.011 0.004 0 0.191 0.013 0.527 0.011 0.112 0.006 0.132 0.004 0.518 0.005 0.003 0.15
0.134 0.121 0.118 0.295 0.019 0.014 0.042 0.257 0.003 0.033 0.018 0.018 0.006 0.091 0.092 0.032 0.048 0.009 0.017 0.113 0.056 1 0.451 0.117 0.077 0.22 0.017 0.014 0.024 0.007 0.008 0.07 0.22 0.053 0.008 0.01 0.078 0.012 0.015 0.018 0.073 0.072 0.072 0.017 0.054 0.062 0.014 0.016 0.029 0.152 0.003 0.05 0.027 0.023 0.035 0 0.043 0.011 0.002 0.008 0.041 0.071 0 0.007 0.008 0.013 0.037 0.076 0.003 0.003 0.008 0.008 0.036 0.001 0.012 0.001
0.076 0.07 0.069 0.31 0.041 0.029 0.082 0.488 0.009 0.064 0.035 0.052 0.011 0.197 0.196 0.018 0.094 0.019 0.067 0.215 0.233 0.451 1 0.231 0.153 0.442 0.033 0.07 0.046 0.012 0.016 0.138 0.43 0.224 0.016 0.013 0.038 0.002 0.021 0 0.284 0.027 0.15 0.077 0.183 0.034 0.02 0.028 0.144 0.036 0.008 0.147 0.273 0.272 0.195 0.002 0.156 0.042 0.016 0.008 0.134 0.022 0.003 0.006 0.071 0.035 0.121 0.024 0.037 0.011 0.033 0.016 0.165 0.001 0 0.061
0.499 0.564 0.611 0.286 0.183 0.133 0.351 0.367 0.007 0.272 0.133 0.016 0.046 0.809 0.8 0.005 0.403 0.079 0.016 0.963 0.058 0.117 0.231 1 0.659 0.491 0.015 0.018 0.186 0.055 0.047 0.621 0.405 0.272 0.002 0.058 0.009 0.128 0.094 0.093 0.245 0.013 0.023 0.051 0.021 0.009 0.088 0.03 0.025 0.078 0.028 0.002 0.067 0.066 0.031 0.02 0.011 0.01 0.014 0 0.004 0.018 0.007 0.03 0.009 0.022 0.005 0.018 0.017 0.006 0.004 0.007 0.01 0.024 0.004 0.017
0.329 0.359 0.403 0.19 0.014 0.011 0.512 0.234 0.004 0.393 0.187 0.011 0.003 0.521 0.509 0.003 0.523 0.118 0.011 0.637 0.039 0.077 0.153 0.659 1 0.326 0.01 0.012 0.014 0.004 0.005 0.916 0.289 0.217 0.005 0.005 0.005 0.239 0.008 0.182 0.189 0.008 0.051 0.043 0.008 0.006 0.004 0.094 0.041 0.07 0 0.009 0.046 0.046 0.013 0 0.005 0.007 0.01 0.005 0.008 0.014 0.005 0 0.006 0.015 0.007 0.014 0.011 0.007 0.003 0.005 0.005 0 0.007 0.011
0.233 0.22 0.249 0.598 0.089 0.064 0.174 0.752 0.013 0.135 0.064 0.032 0.023 0.374 0.371 0.008 0.199 0.039 0.031 0.466 0.115 0.22 0.442 0.491 0.326 1 0.031 0.036 0.09 0.027 0.022 0.307 0.858 0.609 0.032 0.026 0.02 0.029 0.043 0.017 0.539 0.015 0.182 0.003 0.075 0.017 0.04 0.004 0.247 0.204 0.019 0.043 0.14 0.139 0.075 0.01 0.052 0.021 0.011 0.001 0.038 0.028 0.014 0.012 0.03 0.006 0.039 0.029 0.015 0.028 0.016 0.033 0.062 0.006 0.001 0.034
0.003 0.018 0.018 0.007 0.003 0.002 0.005 0.011 0.074 0.004 0.002 0.002 0.001 0.013 0.009 0.001 0.006 0.001 0.002 0.016 0.008 0.017 0.033 0.015 0.01 0.031 1 0.002 0.003 0.001 0.001 0.01 0.031 0.04 0 0.001 0.002 0.011 0.002 0.01 0.009 0.002 0.064 0.029 0.01 0 0.002 0.016 0.017 0.005 0.001 0.012 0.008 0.008 0.01 0.001 0.012 0.001 0.002 0.001 0.012 0.003 0.066 0.001 0.002 0.198 0.012 0.003 0.002 0.001 0.002 0.001 0.01 0.001 0.002 0.002
0.025 0.021 0.021 0.045 0.003 0.003 0.006 0.029 0.001 0.005 0.003 0.003 0.001 0.013 0.014 0 0.007 0.001 0.879 0.017 0.262 0.014 0.07 0.018 0.012 0.036 0.002 1 0.004 0 0 0.012 0.036 0.04 0.001 0.001 0.002 0.01 0.002 0.009 0.048 0.002 0.013 0.065 0.202 0.001 0.002 0.028 0.027 0.014 0.001 0.146 0.202 0.194 0.168 0.001 0.152 0.002 0 0.001 0.108 0.003 0.001 0.001 0.512 0.004 0.152 0.003 0 0.002 0.003 0.001 0.166 0.001 0.003 0
0.13 0.158 0.157 0.058 0.938 0.684 0.008 0.083 0.001 0.006 0.003 0.003 0.234 0.182 0.176 0.001 0.009 0.002 0.003 0.176 0.011 0.024 0.046 0.186 0.014 0.09 0.003 0.004 1 0.286 0.259 0.015 0.071 0.032 0 0.342 0.002 0.016 0.534 0.014 0.034 0.003 0.002 0.012 0.012 0.002 0.225 0.021 0.005 0.016 0.092 0.011 0.012 0.012 0.015 0.063 0.004 0.002 0.003 0.023 0.004 0.002 0.001 0.152 0.002 0.004 0.002 0.002 0.003 0 0.001 0.001 0.003 0.082 0.001 0.003
0.039 0.047 0.047 0.02 0.289 0.392 0.002 0.024 0 0.002 0.001 0.001 0 0.051 0.049 0 0.003 0.001 0 0.054 0.002 0.007 0.012 0.055 0.004 0.027 0.001 0 0.286 1 0.83 0.005 0.007 0.004 0 0.017 0.001 0.005 0.229 0.004 0.003 0.001 0.004 0.007 0.003 0.001 0.094 0.009 0.01 0.001 0.005 0.007 0.003 0.003 0.004 0.003 0.002 0.001 0.001 0 0.002 0.001 0 0.096 0 0.001 0 0.001 0.001 0.001 0 0 0.002 0.018 0.004 0.001
0.032 0.04 0.039 0.016 0.262 0.357 0.003 0.02 0 0.002 0.001 0.001 0 0.061 0.059 0 0.003 0.001 0.001 0.046 0.004 0.008 0.016 0.047 0.005 0.022 0.001 0 0.259 0.83 1 0.005 0.005 0.007 0.001 0.016 0.001 0.001 0.209 0.001 0.006 0.001 0.004 0.009 0.005 0.001 0.086 0.012 0.005 0.002 0.005 0.004 0.005 0.005 0.006 0.003 0.004 0.001 0.001 0.001 0.001 0.001 0.001 0.085 0.001 0 0 0.001 0.001 0.001 0 0.001 0.004 0.016 0.004 0.001
0.294 0.323 0.364 0.164 0.015 0.011 0.5 0.206 0.004 0.385 0.188 0.008 0.003 0.472 0.477 0.003 0.51 0.115 0.01 0.601 0.035 0.07 0.138 0.621 0.916 0.307 0.01 0.012 0.015 0.005 0.005 1 0.298 0.226 0.005 0.006 0.005 0.26 0.009 0.202 0.197 0.009 0.052 0.05 0.007 0.006 0.003 0.104 0.046 0.077 0 0.008 0.043 0.043 0.012 0.001 0.004 0.007 0.01 0.005 0.009 0.014 0.005 0.001 0.004 0.016 0.007 0.015 0.012 0.007 0.003 0.005 0.005 0.001 0.011 0.012
0.191 0.179 0.206 0.539 0.066 0.042 0.163 0.687 0.013 0.125 0.064 0.028 0.023 0.325 0.319 0.008 0.183 0.039 0.031 0.386 0.107 0.22 0.43 0.405 0.289 0.858 0.031 0.036 0.071 0.007 0.005 0.298 1 0.715 0.032 0.041 0.023 0.053 0.06 0.037 0.639 0.026 0.185 0 0.078 0.018 0.058 0 0.3 0.254 0.019 0.038 0.144 0.143 0.077 0.008 0.051 0.021 0.009 0.001 0.031 0.038 0.015 0.027 0.032 0.006 0.032 0.039 0.015 0.028 0.016 0.033 0.062 0.002 0.011 0.031
0.102 0.093 0.112 0.329 0.027 0.013 0.122 0.454 0.012 0.093 0.046 0.037 0.018 0.234 0.23 0.011 0.137 0.03 0.038 0.253 0.138 0.053 0.224 0.272 0.217 0.609 0.04 0.04 0.032 0.004 0.007 0.226 0.715 1 0.025 0.014 0.03 0.275 0.027 0.252 0.849 0.033 0.128 0.019 0.11 0.025 0.044 0.009 0.441 0.243 0.002 0.067 0.182 0.174 0.108 0 0.081 0.027 0.012 0.003 0.052 0.038 0.019 0.016 0.038 0.002 0.057 0.04 0.017 0.02 0.027 0.025 0.092 0.001 0.01 0.037
0.003 0.003 0.003 0.026 0 0.001 0.001 0.032 0 0.001 0 0.001 0.007 0.003 0.003 0 0.002 0.001 0.001 0.002 0.004 0.008 0.016 0.002 0.005 0.032 0 0.001 0 0 0.001 0.005 0.032 0.025 1 0.001 0.001 0.006 0.001 0.005 0.023 0.001 0.095 0.016 0.005 0 0.001 0.012 0.04 0.012 0.01 0.007 0.005 0.005 0.006 0.006 0.007 0.001 0.001 0.001 0.007 0.001 0 0 0.002 0.002 0.007 0.002 0.001 0.538 0.001 0.001 0.006 0.001 0.001 0.001
0.039 0.048 0.048 0.014 0.29 0.397 0.003 0.023 0.001 0.002 0.001 0 0 0.061 0.068 0 0.003 0.001 0.001 0.052 0.001 0.01 0.013 0.058 0.005 0.026 0.001 0.001 0.342 0.017 0.016 0.006 0.041 0.014 0.001 1 0.001 0.007 0.635 0.006 0.028 0.001 0.006 0.039 0.006 0.001 0.244 0.004 0.016 0.014 0.226 0.021 0.006 0.006 0.007 0.163 0 0.001 0.001 0.037 0.016 0.002 0.001 0.173 0 0.002 0.015 0.002 0.001 0.001 0.002 0.001 0 0.15 0 0.001
0.01 0.01 0.014 0.031 0.002 0.002 0.004 0.025 0.001 0.003 0.002 0.002 0.001 0.012 0.013 0 0.003 0.001 0.002 0.009 0.006 0.078 0.038 0.009 0.005 0.02 0.002 0.002 0.002 0.001 0.001 0.005 0.023 0.03 0.001 0.001 1 0.008 0.001 0.008 0.035 0.001 0.008 0.017 0.005 0.001 0.001 0.016 0.017 0.002 0.001 0.008 0.005 0.005 0.007 0.001 0.008 0.001 0.002 0.001 0.008 0.002 0 0.001 0.001 0.003 0.008 0.002 0.002 0.008 0.002 0.001 0.007 0.001 0.002 0.002
0.057 0.059 0.078 0.005 0.015 0.011 0.266 0.014 0.002 0.17 0.081 0.012 0.004 0.119 0.117 0.003 0.273 0.006 0.011 0.123 0.042 0.012 0.002 0.128 0.239 0.029 0.011 0.01 0.016 0.005 0.001 0.26 0.053 0.275 0.006 0.007 0.008 1 0.01 0.912 0.239 0.009 0.057 0.303 0.048 0.097 0.002 0.244 0.244 0.048 0.004 0.038 0.048 0.043 0.053 0.006 0.032 0.008 0.006 0.006 0.03 0.008 0.005 0.004 0.009 0.017 0.034 0.008 0.008 0.008 0.003 0.005 0.027 0.006 0.004 0.008
0.064 0.079 0.078 0.027 0.476 0.649 0.004 0.039 0.001 0.003 0.002 0 0.001 0.095 0.101 0.001 0.005 0.001 0.002 0.087 0.003 0.015 0.021 0.094 0.008 0.043 0.002 0.002 0.534 0.229 0.209 0.009 0.06 0.027 0.001 0.635 0.001 0.01 1 0.009 0.04 0.002 0.008 0.055 0.009 0.001 0.413 0.008 0.022 0.021 0.152 0.038 0.009 0.009 0.011 0.108 0.001 0.001 0.002 0.03 0.026 0.003 0.001 0.311 0 0.002 0.016 0.003 0.002 0.001 0.001 0.001 0.001 0.099 0 0.002
0.037 0.054 0.053 0.001 0.014 0.01 0.268 0.006 0.001 0.166 0.071 0.01 0.003 0.087 0.086 0.003 0.194 0.006 0.01 0.09 0.038 0.018 0 0.093 0.182 0.017 0.01 0.009 0.014 0.004 0.001 0.202 0.037 0.252 0.005 0.006 0.008 0.912 0.009 1 0.219 0.008 0.052 0.275 0.044 0.107 0.008 0.212 0.27 0.04 0.004 0.061 0.044 0.039 0.048 0.005 0.054 0.007 0.006 0.005 0.051 0.007 0.005 0.004 0.014 0.015 0.054 0.007 0.007 0.007 0.012 0.005 0.048 0.006 0.004 0.007
0.096 0.075 0.092 0.405 0.029 0.015 0.108 0.554 0.006 0.082 0.042 0.043 0.015 0.212 0.21 0.013 0.12 0.026 0.046 0.227 0.162 0.073 0.284 0.245 0.189 0.539 0.009 0.048 0.034 0.003 0.006 0.197 0.639 0.849 0.023 0.028 0.035 0.239 0.04 0.219 1 0.038 0.224 0.009 0.132 0.021 0.039 0.002 0.535 0.296 0.012 0.088 0.213 0.204 0.132 0.003 0.104 0.031 0.016 0.004 0.071 0.045 0.012 0.014 0.048 0.054 0.077 0.047 0.022 0.018 0.032 0.022 0.115 0 0.013 0.044
0.018 0.015 0.015 0.034 0.002 0.002 0.004 0.028 0.019 0.003 0.002 0.002 0.001 0.014 0.014 0.001 0.005 0.001 0.002 0.01 0.007 0.072 0.027 0.013 0.008 0.015 0.002 0.002 0.003 0.001 0.001 0.009 0.026 0.033 0.001 0.001 0.001 0.009 0.002 0.008 0.038 1 0.003 0.017 0.004 0.001 0.001 0.007 0.019 0.04 0.001 0.006 0.003 0.003 0.004 0.001 0.007 0.001 0.002 0.001 0.006 0.235 0.001 0.001 0 0.001 0.007 0.265 0.002 0.001 0.002 0.001 0.004 0.001 0.012 0.002
0.015 0.044 0.042 0.241 0.002 0.01 0.025 0.295 0.005 0.018 0.009 0.012 0.063 0.024 0.025 0.003 0.016 0.006 0.011 0.024 0.042 0.072 0.15 0.023 0.051 0.182 0.064 0.013 0.002 0.004 0.004 0.052 0.185 0.128 0.095 0.006 0.008 0.057 0.008 0.052 0.224 0.003 1 0.168 0.052 0.007 0.009 0.11 0.379 0.093 0 0.072 0.053 0.053 0.062 0.001 0.069 0.008 0.01 0.006 0.073 0.006 0.005 0.004 0.019 0.255 0.069 0.006 0.012 0.095 0.013 0.093 0.062 0.006 0.001 0.012
0.107 0.114 0.133 0 0.009 0.029 0.07 0.008 0.009 0.04 0.017 0.069 0.011 0.05 0.044 0 0.07 0.018 0.066 0.051 0.231 0.017 0.077 0.051 0.043 0.003 0.029 0.065 0.012 0.007 0.009 0.05 0 0.019 0.016 0.039 0.017 0.303 0.055 0.275 0.009 0.017 0.168 1 0.215 0.038 0.055 0.413 0.006 0.093 0.003 0.28 0.248 0.238 0.167 0 0.202 0.044 0.022 0.033 0.231 0.03 0.012 0.018 0.072 0.037 0.2 0.031 0.032 0.022 0.055 0.016 0.213 0 0.016 0.047
0.01 0.01 0.01 0.008 0.012 0.008 0 0.068 0.004 0.001 0.001 0.136 0.003 0.02 0.025 0.002 0 0.006 0.209 0.018 0.633 0.054 0.183 0.021 0.008 0.075 0.01 0.202 0.012 0.003 0.005 0.007 0.078 0.11 0.005 0.006 0.005 0.048 0.009 0.044 0.132 0.004 0.052 0.215 1 0.006 0.009 0.192 0.129 0.039 0.004 0.688 0.762 0.74 0.826 0.006 0.739 0.107 0.07 0.041 0.614 0.014 0.005 0.002 0.212 0.017 0.596 0.014 0.108 0.007 0.108 0.005 0.732 0.006 0.011 0.142
0.004 0.008 0.009 0.021 0.002 0.001 0.003 0.02 0.002 0.003 0.001 0.001 0 0.004 0.003 0 0.004 0.001 0.001 0.009 0.003 0.062 0.034 0.009 0.006 0.017 0 0.001 0.002 0.001 0.001 0.006 0.018 0.025 0 0.001 0.001 0.097 0.001 0.107 0.021 0.001 0.007 0.038 0.006 1 0.001 0.002 0.011 0.021 0.001 0.008 0.006 0.006 0.007 0.001 0.008 0.001 0.001 0.001 0.003 0.002 0.001 0 0.002 0.002 0.008 0.002 0.001 0.001 0.002 0.001 0.007 0.001 0.004 0.001
0.061 0.038 0.074 0.029 0.186 0.259 0.004 0.037 0.001 0.003 0.002 0 0.001 0.09 0.096 0.001 0.012 0.001 0.002 0.082 0.003 0.014 0.02 0.088 0.004 0.04 0.002 0.002 0.225 0.094 0.086 0.003 0.058 0.044 0.001 0.244 0.001 0.002 0.413 0.008 0.039 0.001 0.009 0.055 0.009 0.001 1 0.001 0.022 0.02 0.001 0.126 0.009 0.009 0.01 0.001 0.013 0.001 0.002 0.044 0.095 0.002 0.001 0.325 0.002 0.003 0.069 0.003 0.002 0.001 0.009 0.001 0.014 0.001 0.002 0.002
0.053 0.051 0.064 0.002 0.026 0.017 0.169 0.008 0.002 0.124 0.069 0.026 0.008 0.023 0.019 0.006 0.145 0.014 0.032 0.033 0.103 0.016 0.028 0.03 0.094 0.004 0.016 0.028 0.021 0.009 0.012 0.104 0 0.009 0.012 0.004 0.016 0.244 0.008 0.212 0.002 0.007 0.11 0.413 0.192 0.002 0.001 1 0.008 0.071 0.01 0.185 0.169 0.164 0.178 0.014 0.189 0.037 0.008 0.015 0.171 0.026 0.003 0 0.05 0.043 0.147 0.027 0.015 0.017 0.025 0.005 0.193 0.015 0.025 0.05
0.005 0.001 0.001 0.225 0.005 0.026 0.092 0.303 0.011 0.055 0.026 0.027 0.02 0.018 0.018 0.007 0.071 0.003 0.027 0.023 0.099 0.029 0.144 0.025 0.041 0.247 0.017 0.027 0.005 0.01 0.005 0.046 0.3 0.441 0.04 0.016 0.017 0.244 0.022 0.27 0.535 0.019 0.379 0.006 0.129 0.011 0.022 0.008 1 0.189 0.004 0.177 0.128 0.128 0.154 0.008 0.17 0.018 0.025 0.013 0.18 0.023 0.013 0.01 0.046 0.133 0.169 0.024 0.029 0.035 0.032 0.038 0.153 0.015 0.005 0.029
0.091 0.059 0.07 0.218 0.012 0.006 0.057 0.234 0.024 0.044 0.02 0.013 0.008 0.057 0.049 0.022 0.048 0.004 0.017 0.076 0.03 0.152 0.036 0.078 0.07 0.204 0.005 0.014 0.016 0.001 0.002 0.077 0.254 0.243 0.012 0.014 0.002 0.048 0.021 0.04 0.296 0.04 0.093 0.093 0.039 0.021 0.02 0.071 0.189 1 0.009 0.069 0.036 0.036 0.053 0.001 0.057 0.001 0.001 0.012 0.061 0.098 0.028 0.009 0.014 0.027 0.064 0.102 0.011 0.017 0.011 0.011 0.048 0 0.048 0.009
0.018 0.022 0.022 0.01 0.094 0.127 0.002 0.018 0 0.002 0.001 0.001 0 0.025 0.024 0 0.002 0.016 0.001 0.027 0.003 0.003 0.008 0.028 0 0.019 0.001 0.001 0.092 0.005 0.005 0 0.019 0.002 0.01 0.226 0.001 0.004 0.152 0.004 0.012 0.001 0 0.003 0.004 0.001 0.001 0.01 0.004 0.009 1 0.006 0.004 0.004 0.005 0.735 0.005 0.001 0.001 0 0.006 0.001 0 0 0.001 0.001 0.005 0.001 0.001 0.006 0.001 0 0.005 0.511 0 0.001
0.033 0.024 0.035 0.002 0.007 0.019 0.005 0.04 0.006 0.001 0 0.127 0.005 0.001 0.002 0.003 0 0.008 0.152 0.001 0.534 0.05 0.147 0.002 0.009 0.043 0.012 0.146 0.011 0.007 0.004 0.008 0.038 0.067 0.007 0.021 0.008 0.038 0.038 0.061 0.088 0.006 0.072 0.28 0.688 0.008 0.126 0.185 0.177 0.069 0.006 1 0.726 0.705 0.725 0.008 0.803 0.101 0.047 0.076 0.837 0.019 0.007 0.045 0.241 0.024 0.777 0.02 0.091 0.009 0.179 0.007 0.779 0.008 0.015 0.133
0 0 0 0.029 0.012 0.008 0.026 0.13 0.004 0.02 0.011 0.165 0.003 0.062 0.071 0.002 0.027 0.006 0.209 0.057 0.711 0.027 0.273 0.067 0.046 0.14 0.008 0.202 0.012 0.003 0.005 0.043 0.144 0.182 0.005 0.006 0.005 0.048 0.009 0.044 0.213 0.003 0.053 0.248 0.762 0.006 0.009 0.169 0.128 0.036 0.004 0.726 1 0.972 0.824 0.005 0.74 0.139 0.07 0.043 0.641 0.014 0.005 0.002 0.279 0.017 0.616 0.014 0.132 0.007 0.182 0.005 0.738 0.006 0.011 0.187
0 0 0 0.03 0.012 0.008 0.025 0.132 0.004 0.02 0.011 0.154 0.003 0.063 0.072 0.002 0.027 0.006 0.207 0.06 0.688 0.023 0.272 0.066 0.046 0.139 0.008 0.194 0.012 0.003 0.005 0.043 0.143 0.174 0.005 0.006 0.005 0.043 0.009 0.039 0.204 0.003 0.053 0.238 0.74 0.006 0.009 0.164 0.128 0.036 0.004 0.705 0.972 1 0.823 0.005 0.739 0.135 0.083 0.034 0.65 0.014 0.005 0.002 0.259 0.017 0.615 0.014 0.148 0.007 0.183 0.005 0.737 0.006 0.011 0.206
0.005 0.005 0.005 0.01 0.014 0.01 0.001 0.075 0.005 0 0 0.132 0.004 0.03 0.036 0.002 0.001 0.007 0.175 0.025 0.585 0.035 0.195 0.031 0.013 0.075 0.01 0.168 0.015 0.004 0.006 0.012 0.077 0.108 0.006 0.007 0.007 0.053 0.011 0.048 0.132 0.004 0.062 0.167 0.826 0.007 0.01 0.178 0.154 0.053 0.005 0.725 0.824 0.823 1 0.007 0.861 0.116 0.114 0.034 0.734 0.016 0.006 0.002 0.232 0.02 0.714 0.017 0.172 0.009 0.15 0.006 0.768 0.007 0.013 0.17
0.011 0.016 0.015 0.005 0.064 0.089 0.003 0.01 0 0.002 0.001 0.001 0 0.018 0.017 0 0.003 0.011 0.001 0.02 0.004 0 0.002 0.02 0 0.01 0.001 0.001 0.063 0.003 0.003 0.001 0.008 0 0.006 0.163 0.001 0.006 0.108 0.005 0.003 0.001 0.001 0 0.006 0.001 0.001 0.014 0.008 0.001 0.735 0.008 0.005 0.005 0.007 1 0.007 0.001 0.001 0.001 0.008 0.002 0.001 0 0.002 0.002 0.007 0.002 0.001 0.003 0.001 0.001 0.007 0.736 0.003 0.001
0.016 0.01 0.018 0.003 0.003 0 0.002 0.045 0.006 0 0 0.123 0.004 0.009 0.013 0.001 0.001 0.008 0.158 0.008 0.529 0.043 0.156 0.011 0.005 0.052 0.012 0.152 0.004 0.002 0.004 0.004 0.051 0.081 0.007 0 0.008 0.032 0.001 0.054 0.104 0.007 0.069 0.202 0.739 0.008 0.013 0.189 0.17 0.057 0.005 0.803 0.74 0.739 0.861 0.007 1 0.103 0.116 0.079 0.829 0.019 0.007 0.003 0.251 0.023 0.802 0.019 0.172 0.01 0.181 0.007 0.885 0.008 0.014 0.174
0.055 0.067 0.066 0.027 0.001 0.001 0.004 0.02 0.001 0.003 0.002 0 0 0.01 0.009 0 0.004 0.001 0.002 0.009 0.168 0.011 0.042 0.01 0.007 0.021 0.001 0.002 0.002 0.001 0.001 0.007 0.021 0.027 0.001 0.001 0.001 0.008 0.001 0.007 0.031 0.001 0.008 0.044 0.107 0.001 0.001 0.037 0.018 0.001 0.001 0.101 0.139 0.135 0.116 0.001 0.103 1 0 0 0.096 0.002 0.001 0.001 0.002 0.002 0.065 0.002 0 0.001 0.12 0.001 0.088 0.001 0.002 0
0.017 0.014 0.014 0.012 0.001 0.001 0.005 0.009 0.001 0.004 0.002 0.265 0.001 0.013 0.014 0 0.006 0.001 0 0.014 0.053 0.002 0.016 0.014 0.01 0.011 0.002 0 0.003 0.001 0.001 0.01 0.009 0.012 0.001 0.001 0.002 0.006 0.002 0.006 0.016 0.002 0.01 0.022 0.07 0.001 0.002 0.008 0.025 0.001 0.001 0.047 0.07 0.083 0.114 0.001 0.116 0 1 0.001 0.109 0.003 0.001 0.001 0.003 0.003 0.115 0.003 0.351 0.001 0.001 0.001 0.064 0.001 0.002 0.29
0.01 0 0 0.003 0.023 0.034 0.003 0.001 0 0.002 0.001 0.059 0 0 0 0 0.003 0.001 0.001 0.001 0.01 0.008 0.008 0 0.005 0.001 0.001 0.001 0.023 0 0.001 0.005 0.001 0.003 0.001 0.037 0.001 0.006 0.03 0.005 0.004 0.001 0.006 0.033 0.041 0.001 0.044 0.015 0.013 0.012 0 0.076 0.043 0.034 0.034 0.001 0.079 0 0.001 1 0.067 0.001 0.001 0 0.001 0.002 0.019 0.002 0.001 0.001 0.02 0.001 0.081 0.001 0.001 0.001
0.026 0.019 0.028 0.001 0.003 0.011 0.004 0.035 0.006 0.001 0.001 0.113 0.005 0.001 0.003 0.001 0 0.008 0.12 0.002 0.467 0.041 0.134 0.004 0.008 0.038 0.012 0.108 0.004 0.002 0.001 0.009 0.031 0.052 0.007 0.016 0.008 0.03 0.026 0.051 0.071 0.006 0.073 0.231 0.614 0.003 0.095 0.171 0.18 0.061 0.006 0.837 0.641 0.65 0.734 0.008 0.829 0.096 0.109 0.067 1 0.02 0.007 0.044 0.191 0.024 0.843 0.02 0.162 0.01 0.169 0.007 0.785 0.008 0.015 0.163
0.025 0.021 0.021 0.043 0.002 0.003 0.007 0.035 0.001 0.006 0.003 0.003 0 0.014 0.015 0 0.008 0.002 0.003 0.015 0.011 0.071 0.022 0.018 0.014 0.028 0.003 0.003 0.002 0.001 0.001 0.014 0.038 0.038 0.001 0.002 0.002 0.008 0.003 0.007 0.045 0.235 0.006 0.03 0.014 0.002 0.002 0.026 0.023 0.098 0.001 0.019 0.014 0.014 0.016 0.002 0.019 0.002 0.003 0.001 0.02 1 0.001 0.001 0.005 0.005 0.018 0.971 0.003 0.002 0.003 0.001 0.017 0.002 0.162 0.003
0.002 0.001 0.001 0.007 0.001 0.001 0.003 0.015 0.304 0.002 0.001 0.001 0 0.005 0.002 0 0.003 0.001 0.001 0.007 0.004 0 0.003 0.007 0.005 0.014 0.066 0.001 0.001 0 0.001 0.005 0.015 0.019 0 0.001 0 0.005 0.001 0.005 0.012 0.001 0.005 0.012 0.005 0.001 0.001 0.003 0.013 0.028 0 0.007 0.005 0.005 0.006 0.001 0.007 0.001 0.001 0.001 0.007 0.001 1 0 0.002 0.002 0.007 0.001 0.001 0.001 0.001 0 0.006 0.001 0.001 0.001
0.012 0.016 0.016 0.005 0.108 0.149 0.001 0.011 0 0.001 0.001 0 0 0.035 0.041 0 0.002 0 0.001 0.025 0 0.007 0.006 0.03 0 0.012 0.001 0.001 0.152 0.096 0.085 0.001 0.027 0.016 0 0.173 0.001 0.004 0.311 0.004 0.014 0.001 0.004 0.018 0.002 0 0.325 0 0.01 0.009 0 0.045 0.002 0.002 0.002 0 0.003 0.001 0.001 0 0.044 0.001 0 1 0 0.001 0.028 0.001 0.001 0.001 0 0 0.002 0 0.001 0.001
0.012 0.013 0.01 0.032 0.002 0.001 0.009 0.027 0.002 0.007 0.004 0 0.001 0.01 0.011 0 0.003 0.002 0.516 0.006 0.191 0.008 0.071 0.009 0.006 0.03 0.002 0.512 0.002 0 0.001 0.004 0.032 0.038 0.002 0 0.001 0.009 0 0.014 0.048 0 0.019 0.072 0.212 0.002 0.002 0.05 0.046 0.014 0.001 0.241 0.279 0.259 0.232 0.002 0.251 0.002 0.003 0.001 0.191 0.005 0.002 0 1 0.006 0.247 0.005 0.004 0.003 0.003 0.002 0.25 0.002 0.004 0.001
0.007 0.026 0.027 0.057 0.004 0.003 0.007 0.073 0.002 0.005 0.004 0.004 0.001 0.021 0.024 0.001 0.009 0.002 0.004 0.023 0.013 0.013 0.035 0.022 0.015 0.006 0.198 0.004 0.004 0.001 0 0.016 0.006 0.002 0.002 0.002 0.003 0.017 0.002 0.015 0.054 0.001 0.255 0.037 0.017 0.002 0.003 0.043 0.133 0.027 0.001 0.024 0.017 0.017 0.02 0.002 0.023 0.002 0.003 0.002 0.024 0.005 0.002 0.001 0.006 1 0.023 0.005 0.004 0.003 0.004 0.002 0.02 0.002 0 0.004
0.009 0.013 0.019 0.002 0.001 0.005 0.003 0.033 0.006 0 0.001 0.132 0.004 0.003 0.005 0.001 0 0.008 0.159 0.003 0.527 0.037 0.121 0.005 0.007 0.039 0.012 0.152 0.002 0 0 0.007 0.032 0.057 0.007 0.015 0.008 0.034 0.016 0.054 0.077 0.007 0.069 0.2 0.596 0.008 0.069 0.147 0.169 0.064 0.005 0.777 0.616 0.615 0.714 0.007 0.802 0.065 0.115 0.019 0.843 0.018 0.007 0.028 0.247 0.023 1 0.019 0.172 0.01 0.186 0.007 0.733 0.008 0.008 0.173
0.026 0.021 0.021 0.045 0.002 0.003 0.008 0.036 0.001 0.006 0.003 0.003 0 0.015 0.016 0 0.009 0.002 0.003 0.016 0.011 0.076 0.024 0.018 0.014 0.029 0.003 0.003 0.002 0.001 0.001 0.015 0.039 0.04 0.002 0.002 0.002 0.008 0.003 0.007 0.047 0.265 0.006 0.031 0.014 0.002 0.003 0.027 0.024 0.102 0.001 0.02 0.014 0.014 0.017 0.002 0.019 0.002 0.003 0.002 0.02 0.971 0.001 0.001 0.005 0.005 0.019 1 0.003 0.002 0.004 0.001 0.017 0.002 0.156 0.003
0.004 0.002 0.002 0.005 0.002 0.001 0.006 0.015 0.001 0.004 0.002 0.145 0.001 0.016 0.016 0 0.007 0.001 0 0.017 0.112 0.003 0.037 0.017 0.011 0.015 0.002 0 0.003 0.001 0.001 0.012 0.015 0.017 0.001 0.001 0.002 0.008 0.002 0.007 0.022 0.002 0.012 0.032 0.108 0.001 0.002 0.015 0.029 0.011 0.001 0.091 0.132 0.148 0.172 0.001 0.172 0 0.351 0.001 0.162 0.003 0.001 0.001 0.004 0.004 0.172 0.003 1 0.002 0.003 0.001 0.114 0.001 0.002 0.509
0.005 0.008 0.008 0.02 0 0.002 0.002 0.026 0.001 0.002 0 0.002 0.001 0.007 0.005 0 0.003 0.001 0.002 0.007 0.006 0.003 0.011 0.006 0.007 0.028 0.001 0.002 0 0.001 0.001 0.007 0.028 0.02 0.538 0.001 0.008 0.008 0.001 0.007 0.018 0.001 0.095 0.022 0.007 0.001 0.001 0.017 0.035 0.017 0.006 0.009 0.007 0.007 0.009 0.003 0.01 0.001 0.001 0.001 0.01 0.002 0.001 0.001 0.003 0.003 0.01 0.002 0.002 1 0.002 0.001 0.009 0.001 0.002 0.002
0.039 0.03 0.05 0.011 0.001 0 0.006 0.011 0.001 0.005 0.003 0.01 0.001 0.001 0.004 0.001 0 0.001 0.003 0.003 0.132 0.008 0.033 0.004 0.003 0.016 0.002 0.003 0.001 0 0 0.003 0.016 0.027 0.001 0.002 0.002 0.003 0.001 0.012 0.032 0.002 0.013 0.055 0.108 0.002 0.009 0.025 0.032 0.011 0.001 0.179 0.182 0.183 0.15 0.001 0.181 0.12 0.001 0.02 0.169 0.003 0.001 0 0.003 0.004 0.186 0.004 0.003 0.002 1 0.001 0.179 0.001 0.003 0.001
0 0.008 0.009 0.025 0.001 0.001 0.002 0.029 0 0.002 0.001 0.001 0 0.008 0.007 0 0.003 0.001 0.001 0.007 0.004 0.008 0.016 0.007 0.005 0.033 0.001 0.001 0.001 0 0.001 0.005 0.033 0.025 0.001 0.001 0.001 0.005 0.001 0.005 0.022 0.001 0.093 0.016 0.005 0.001 0.001 0.005 0.038 0.011 0 0.007 0.005 0.005 0.006 0.001 0.007 0.001 0.001 0.001 0.007 0.001 0 0 0.002 0.002 0.007 0.001 0.001 0.001 0.001 1 0.006 0.001 0.001 0.001
0.014 0.009 0.016 0.006 0.002 0 0.003 0.054 0.005 0 0.001 0.107 0.004 0.009 0.013 0.001 0 0.007 0.172 0.008 0.518 0.036 0.165 0.01 0.005 0.062 0.01 0.166 0.003 0.002 0.004 0.005 0.062 0.092 0.006 0 0.007 0.027 0.001 0.048 0.115 0.004 0.062 0.213 0.732 0.007 0.014 0.193 0.153 0.048 0.005 0.779 0.738 0.737 0.768 0.007 0.885 0.088 0.064 0.081 0.785 0.017 0.006 0.002 0.25 0.02 0.733 0.017 0.114 0.009 0.179 0.006 1 0.007 0.013 0.171
0.014 0.019 0.019 0.002 0.083 0.115 0.003 0.006 0.001 0.002 0.001 0.001 0 0.022 0.021 0 0.003 0.009 0.001 0.024 0.005 0.001 0.001 0.024 0 0.006 0.001 0.001 0.082 0.018 0.016 0.001 0.002 0.001 0.001 0.15 0.001 0.006 0.099 0.006 0 0.001 0.006 0 0.006 0.001 0.001 0.015 0.015 0 0.511 0.008 0.006 0.006 0.007 0.736 0.008 0.001 0.001 0.001 0.008 0.002 0.001 0 0.002 0.002 0.008 0.002 0.001 0.001 0.001 0.001 0.007 1 0.011 0.001
0.008 0.005 0.006 0.007 0.001 0.002 0.005 0.003 0.001 0.004 0.002 0.002 0 0 0 0 0.006 0.001 0.002 0.003 0.003 0.012 0 0.004 0.007 0.001 0.002 0.003 0.001 0.004 0.004 0.011 0.011 0.01 0.001 0 0.002 0.004 0 0.004 0.013 0.012 0.001 0.016 0.011 0.004 0.002 0.025 0.005 0.048 0 0.015 0.011 0.011 0.013 0.003 0.014 0.002 0.002 0.001 0.015 0.162 0.001 0.001 0.004 0 0.008 0.156 0.002 0.002 0.003 0.001 0.013 0.011 1 0.002
0.003 0.001 0.001 0.012 0.002 0.001 0.006 0.031 0.001 0.004 0.002 0.193 0.001 0.016 0.016 0 0.007 0.001 0 0.017 0.15 0.001 0.061 0.017 0.011 0.034 0.002 0 0.003 0.001 0.001 0.012 0.031 0.037 0.001 0.001 0.002 0.008 0.002 0.007 0.044 0.002 0.012 0.047 0.142 0.001 0.002 0.05 0.029 0.009 0.001 0.133 0.187 0.206 0.17 0.001 0.174 0 0.29 0.001 0.163 0.003 0.001 0.001 0.001 0.004 0.173 0.003 0.509 0.002 0.001 0.001 0.171 0.001 0.002 1
