1 0.77 0.808 0.475 0.133 0.094 0.267 0.305 0.013 0.225 0.123 0.023 0.034 0.512 0.5 0.01 0.265 0.032 0.042 0.596 0.012 0.155 0.157 0.595 0.389 0.321 0.005 0.049 0.133 0.05 0.047 0.287 0.24 0.141 0.001 0.033 0.013 0.049 0.064 0.037 0.125 0.027 0.011 0.056 0 0.007 0.059 0.038 0.004 0.114 0.019 0.022 0.007 0.005 0 0.024 0.009 0.026 0.013 0.006 0.019 0.017 0.008 0.014 0.015 0.006 0.007 0.019 0.005 0.006 0.036 0.005 0.002 0.014 0.005 0.002
0.77 1 0.947 0.479 0.17 0.121 0.341 0.294 0.01 0.288 0.158 0.018 0.043 0.62 0.603 0.008 0.295 0.039 0.033 0.624 0.004 0.158 0.138 0.693 0.433 0.347 0.023 0.039 0.171 0.064 0.062 0.335 0.27 0.166 0.001 0.045 0.01 0.06 0.085 0.062 0.123 0.021 0.034 0.093 0.002 0.01 0.045 0.043 0.002 0.081 0.026 0.019 0.009 0.007 0.001 0.034 0.006 0.035 0.01 0.008 0.016 0.011 0.01 0.02 0.034 0.032 0.006 0.013 0.002 0.006 0.036 0.009 0.004 0.021 0.002 0
0.808 0.947 1 0.506 0.163 0.116 0.328 0.317 0.011 0.277 0.152 0.019 0.041 0.651 0.633 0.008 0.331 0.037 0.034 0.668 0.005 0.163 0.145 0.74 0.483 0.376 0.024 0.04 0.165 0.061 0.059 0.366 0.287 0.178 0.001 0.043 0.011 0.074 0.081 0.056 0.132 0.022 0.035 0.102 0.001 0.01 0.075 0.051 0.001 0.085 0.025 0.026 0.011 0.008 0 0.032 0.01 0.034 0.01 0.007 0.023 0.012 0.006 0.019 0.025 0.033 0.009 0.014 0.003 0.006 0.046 0.01 0.008 0.02 0.003 0.001
0.475 0.479 0.506 1 0.077 0.053 0.171 0.768 0.02 0.144 0.079 0.036 0.022 0.348 0.338 0.016 0.192 0.02 0.066 0.345 0.036 0.321 0.365 0.403 0.26 0.666 0.003 0.071 0.076 0.032 0.029 0.183 0.554 0.35 0.021 0.016 0.021 0.011 0.034 0.006 0.397 0.042 0.183 0.001 0.012 0.022 0.033 0 0.166 0.189 0.01 0.001 0.055 0.049 0.019 0.012 0.005 0.014 0.015 0.001 0.002 0.03 0.015 0.006 0.058 0.031 0.007 0.033 0.009 0.026 0.017 0.016 0.004 0.004 0.013 0.005
0.133 0.17 0.163 0.077 1 0.711 0.014 0.096 0.002 0.011 0.006 0.003 0.254 0.17 0.161 0.001 0.016 0.002 0.006 0.178 0.015 0.027 0.05 0.191 0.022 0.109 0.004 0.007 0.905 0.375 0.387 0.023 0.092 0.056 0 0.266 0.002 0.023 0.459 0.021 0.034 0.003 0.005 0.019 0.013 0.002 0.181 0.034 0.011 0.025 0.14 0.012 0.012 0.011 0.016 0.078 0 0.002 0.002 0.092 0.009 0.003 0.002 0.095 0.001 0.006 0 0.004 0.002 0.001 0.001 0.002 0 0.068 0.001 0.003
0.094 0.121 0.116 0.053 0.711 1 0.01 0.069 0.001 0.008 0.004 0.002 0.001 0.123 0.116 0.001 0.011 0.001 0.004 0.128 0.01 0.02 0.036 0.137 0.016 0.079 0.003 0.005 0.648 0.528 0.547 0.016 0.063 0.035 0.001 0.38 0.001 0.016 0.654 0.015 0.017 0.002 0.012 0.058 0.008 0.002 0.266 0.021 0.035 0.016 0.111 0.032 0.007 0.007 0.01 0.062 0.001 0.002 0.001 0.134 0.027 0.003 0.002 0.139 0 0.004 0.002 0.003 0.002 0.002 0 0.001 0.001 0.058 0 0.002
0.267 0.341 0.328 0.171 0.014 0.01 1 0.173 0.003 0.843 0.462 0.006 0.003 0.34 0.322 0.003 0.683 0.003 0.011 0.356 0.027 0.056 0.1 0.378 0.573 0.218 0.008 0.013 0.015 0.005 0.006 0.524 0.187 0.14 0 0.007 0.004 0.238 0.01 0.252 0.123 0.007 0.025 0.052 0 0.005 0.01 0.122 0.093 0.043 0.003 0.002 0.032 0.03 0 0.005 0 0.005 0.002 0.004 0.002 0.003 0.005 0.005 0.021 0.009 0.002 0.003 0.003 0.001 0.006 0.003 0 0.007 0.01 0.004
0.305 0.294 0.317 0.768 0.096 0.069 0.173 1 0.018 0.143 0.091 0.031 0.025 0.411 0.387 0.014 0.199 0.023 0.038 0.391 0.119 0.266 0.459 0.451 0.277 0.742 0.005 0.043 0.087 0.037 0.034 0.214 0.644 0.426 0.024 0.022 0.018 0.017 0.036 0.009 0.483 0.036 0.218 0.001 0.049 0.025 0.029 0.002 0.204 0.187 0.014 0.017 0.123 0.117 0.057 0.017 0.027 0.023 0.013 0.002 0.02 0.023 0.016 0.006 0.04 0.038 0.034 0.026 0.02 0.03 0.013 0.019 0.024 0.007 0.008 0.023
0.013 0.01 0.011 0.02 0.002 0.001 0.003 0.018 1 0.003 0.002 0.001 0 0.002 0 0 0.004 0 0.001 0.008 0.004 0.005 0.011 0.009 0.006 0.016 0.112 0.002 0.002 0.001 0.001 0.006 0.016 0.017 0 0.001 0 0.004 0.001 0.004 0.007 0 0.004 0.013 0.005 0 0.001 0.007 0.012 0.015 0 0.007 0.004 0.004 0.005 0.001 0.007 0.001 0.001 0 0.007 0.001 0.281 0.001 0.003 0.002 0.007 0.001 0.001 0.001 0.001 0 0.006 0.001 0.001 0.001
0.225 0.288 0.277 0.144 0.011 0.008 0.843 0.143 0.003 1 0.537 0.005 0.003 0.286 0.271 0.002 0.583 0.003 0.009 0.3 0.023 0.047 0.084 0.318 0.478 0.183 0.007 0.011 0.013 0.004 0.005 0.435 0.155 0.115 0 0.006 0.003 0.166 0.009 0.175 0.101 0.006 0.02 0.031 0 0.004 0.008 0.089 0.062 0.05 0.003 0 0.026 0.025 0.002 0.004 0 0.004 0.002 0.003 0 0.002 0.004 0.004 0.018 0.007 0 0.002 0.002 0 0.005 0.003 0 0.006 0.009 0.003
0.123 0.158 0.152 0.079 0.006 0.004 0.462 0.091 0.002 0.537 1 0.003 0.002 0.16 0.152 0.001 0.38 0.002 0.005 0.167 0.014 0.026 0.047 0.176 0.255 0.102 0.004 0.006 0.007 0.002 0.003 0.248 0.101 0.076 0.001 0.003 0.002 0.081 0.005 0.081 0.067 0.003 0.008 0.012 0 0.002 0.005 0.048 0.032 0.031 0.001 0.001 0.016 0.015 0.004 0.002 0.002 0.002 0.002 0.002 0 0.004 0.002 0.002 0.01 0.004 0 0.004 0.002 0 0.003 0.001 0 0.003 0.005 0.003
0.023 0.018 0.019 0.036 0.003 0.002 0.006 0.031 0.001 0.005 0.003 1 0.001 0.009 0.004 0.001 0.007 0.001 0.003 0.009 0.14 0.013 0.034 0.016 0.01 0.028 0.002 0.003 0.003 0.001 0.001 0.009 0.017 0.024 0.001 0.003 0.001 0.01 0.001 0.009 0.027 0.002 0.008 0.046 0.057 0.001 0.001 0.018 0.022 0.003 0 0.063 0.087 0.056 0.038 0 0.052 0.004 0.248 0.032 0.061 0.002 0.001 0.005 0 0.003 0.057 0.002 0.117 0.001 0 0.001 0.058 0.001 0.002 0.104
0.034 0.043 0.041 0.022 0.254 0.001 0.003 0.025 0 0.003 0.002 0.001 1 0.044 0.041 0 0.004 0 0.001 0.046 0.004 0.007 0.013 0.049 0.006 0.028 0.001 0.002 0.232 0.001 0.001 0.006 0.028 0.021 0.007 0.001 0 0.006 0.001 0.005 0.019 0.001 0.099 0.016 0.005 0.001 0.001 0.013 0.011 0.009 0.027 0.007 0.004 0.004 0.005 0.015 0.007 0.001 0.001 0 0.007 0 0.001 0.001 0.003 0.002 0.007 0 0.001 0 0.001 0 0.005 0.01 0.005 0.001
0.512 0.62 0.651 0.348 0.17 0.123 0.34 0.411 0.002 0.286 0.16 0.009 0.044 1 0.888 0.008 0.396 0.041 0.027 0.78 0.068 0.138 0.245 0.859 0.529 0.472 0.012 0.032 0.169 0.065 0.077 0.403 0.374 0.282 0.001 0.053 0.01 0.106 0.082 0.078 0.241 0.02 0.011 0.052 0.018 0.01 0.071 0.015 0.015 0.079 0.027 0.001 0.069 0.071 0.016 0.035 0.001 0.012 0.012 0.017 0 0.013 0.001 0.022 0.016 0.014 0.002 0.014 0.014 0.006 0.004 0.009 0.002 0.022 0 0.017
0.5 0.603 0.633 0.338 0.161 0.116 0.322 0.387 0 0.271 0.152 0.004 0.041 0.888 1 0.008 0.374 0.039 0.029 0.744 0.062 0.141 0.24 0.822 0.513 0.438 0.004 0.034 0.159 0.061 0.073 0.397 0.355 0.269 0.001 0.066 0.011 0.106 0.094 0.079 0.232 0.022 0.015 0.051 0.022 0.008 0.082 0.015 0.012 0.064 0.026 0 0.076 0.079 0.02 0.033 0.003 0.011 0.012 0.015 0 0.017 0 0.034 0.018 0.022 0.002 0.018 0.014 0.004 0.006 0.007 0.003 0.02 0 0.018
0.01 0.008 0.008 0.016 0.001 0.001 0.003 0.014 0 0.002 0.001 0.001 0 0.008 0.008 1 0.003 0 0 0.008 0.001 0.04 0.027 0.007 0.005 0.001 0.001 0 0.002 0.001 0.001 0.005 0.013 0.017 0 0.001 0 0.005 0.001 0.004 0.018 0.003 0.004 0.003 0.001 0.001 0.001 0.007 0.01 0.031 0 0.003 0.001 0.001 0.002 0.001 0.002 0.001 0 0 0.003 0.002 0 0.001 0 0.001 0.003 0.002 0 0.001 0.001 0 0.002 0.001 0.002 0.001
0.265 0.295 0.331 0.192 0.016 0.011 0.683 0.199 0.004 0.583 0.38 0.007 0.004 0.396 0.374 0.003 1 0.004 0.013 0.431 0.035 0.067 0.123 0.459 0.627 0.265 0.009 0.016 0.018 0.006 0.007 0.578 0.225 0.168 0 0.008 0.001 0.252 0.012 0.186 0.148 0.009 0.017 0.052 0 0.006 0.002 0.11 0.072 0.039 0.004 0.001 0.036 0.034 0 0.006 0.003 0.006 0.005 0.005 0.001 0.004 0.005 0.006 0.009 0.011 0 0.005 0.006 0.001 0.002 0.004 0.002 0.008 0.012 0.007
0.032 0.039 0.037 0.02 0.002 0.001 0.003 0.023 0 0.003 0.002 0.001 0 0.041 0.039 0 0.004 1 0.001 0.045 0.004 0.006 0.012 0.046 0.073 0.026 0.001 0.002 0.002 0.001 0.001 0.071 0.026 0.02 0 0.001 0 0.006 0.001 0.005 0.018 0.001 0.004 0.016 0.004 0.001 0.001 0.012 0.011 0.006 0.003 0.007 0.004 0.003 0.005 0.001 0.006 0.001 0 0 0.006 0.001 0.001 0.001 0.002 0.002 0.006 0.001 0.001 0.001 0.001 0 0.005 0.001 0.001 0.001
0.042 0.033 0.034 0.066 0.006 0.004 0.011 0.038 0.001 0.009 0.005 0.003 0.001 0.027 0.029 0 0.013 0.001 1 0.031 0.37 0.021 0.108 0.029 0.018 0.05 0.003 0.826 0.006 0.002 0.003 0.019 0.048 0.046 0.001 0.003 0.001 0.017 0.004 0.016 0.067 0.003 0.012 0.083 0.296 0.002 0.004 0.039 0.035 0.028 0.001 0.179 0.293 0.297 0.237 0.002 0.196 0.002 0.001 0.002 0.146 0.004 0.002 0.002 0.482 0.005 0.179 0.004 0.002 0.002 0.002 0 0.168 0.003 0.004 0.002
0.596 0.624 0.668 0.345 0.178 0.128 0.356 0.391 0.008 0.3 0.167 0.009 0.046 0.78 0.744 0.008 0.431 0.045 0.031 1 0.066 0.114 0.214 0.911 0.577 0.489 0.02 0.031 0.152 0.068 0.066 0.45 0.366 0.244 0.001 0.037 0.006 0.092 0.067 0.066 0.191 0.016 0.019 0.044 0.013 0.013 0.056 0.026 0.009 0.082 0.031 0.004 0.041 0.042 0.005 0.039 0 0.014 0.011 0.016 0.002 0.012 0.006 0.011 0.002 0.03 0 0.013 0.013 0.005 0.006 0.009 0.001 0.025 0.001 0.016
0.012 0.004 0.005 0.036 0.015 0.01 0.027 0.119 0.004 0.023 0.014 0.14 0.004 0.068 0.062 0.001 0.035 0.004 0.37 0.066 1 0.042 0.248 0.076 0.048 0.126 0.008 0.379 0.016 0.006 0.007 0.048 0.11 0.131 0.004 0 0.004 0.05 0.002 0.045 0.162 0.008 0.036 0.173 0.561 0.002 0.001 0.116 0.089 0.035 0.003 0.404 0.619 0.571 0.442 0.005 0.404 0.137 0.018 0.002 0.343 0.01 0.005 0 0.258 0.009 0.45 0.01 0.064 0.005 0.117 0.002 0.385 0.006 0.001 0.082
0.155 0.158 0.163 0.321 0.027 0.02 0.056 0.266 0.005 0.047 0.026 0.013 0.007 0.138 0.141 0.04 0.067 0.006 0.021 0.114 0.042 1 0.439 0.144 0.091 0.219 0.016 0.015 0.031 0.01 0.013 0.044 0.176 0.037 0.007 0.014 0.051 0.026 0.021 0.03 0.045 0.127 0.052 0.013 0.051 0.07 0.019 0.003 0.007 0.142 0.003 0.048 0.013 0.009 0.016 0.001 0.038 0.01 0 0.008 0.041 0.051 0.004 0.01 0.005 0.012 0.032 0.059 0.001 0.007 0.012 0.007 0.044 0.001 0.042 0.002
0.157 0.138 0.145 0.365 0.05 0.036 0.1 0.459 0.011 0.084 0.047 0.034 0.013 0.245 0.24 0.027 0.123 0.012 0.108 0.214 0.248 0.439 1 0.266 0.168 0.415 0.029 0.127 0.056 0.019 0.023 0.107 0.34 0.159 0.013 0.01 0.026 0 0.023 0 0.196 0.057 0.105 0.062 0.145 0.045 0.018 0.059 0.069 0.018 0.006 0.095 0.258 0.25 0.167 0.006 0.108 0.036 0.008 0.001 0.081 0.013 0.01 0.005 0.112 0.024 0.093 0.016 0.028 0.015 0.026 0.009 0.091 0.001 0.003 0.033
0.595 0.693 0.74 0.403 0.191 0.137 0.378 0.451 0.009 0.318 0.176 0.016 0.049 0.859 0.822 0.007 0.459 0.046 0.029 0.911 0.076 0.144 0.266 1 0.616 0.556 0.02 0.034 0.18 0.072 0.071 0.484 0.424 0.294 0 0.053 0.005 0.106 0.086 0.076 0.236 0.018 0.015 0.053 0.016 0.013 0.074 0.018 0.015 0.076 0.031 0 0.076 0.071 0.018 0.04 0.001 0.013 0.011 0.01 0 0.014 0.006 0.021 0.017 0.027 0.002 0.015 0.013 0.005 0.007 0.008 0.002 0.027 0.001 0.015
0.389 0.433 0.483 0.26 0.022 0.016 0.573 0.277 0.006 0.478 0.255 0.01 0.006 0.529 0.513 0.005 0.627 0.073 0.018 0.577 0.048 0.091 0.168 0.616 1 0.347 0.013 0.022 0.024 0.008 0.01 0.8 0.255 0.186 0.006 0.011 0.003 0.237 0.017 0.182 0.163 0.012 0.054 0.035 0.003 0.008 0 0.083 0.035 0.052 0.002 0.002 0.051 0.048 0.003 0.002 0 0.008 0.007 0.006 0.002 0.008 0.003 0.005 0.014 0.016 0.003 0.008 0.008 0.008 0.004 0.005 0.001 0 0.002 0.01
0.321 0.347 0.376 0.666 0.109 0.079 0.218 0.742 0.016 0.183 0.102 0.028 0.028 0.472 0.438 0.001 0.265 0.026 0.05 0.489 0.126 0.219 0.415 0.556 0.347 1 0.035 0.059 0.1 0.042 0.04 0.275 0.768 0.544 0.026 0.026 0.011 0.032 0.043 0.02 0.452 0.028 0.124 0 0.056 0.016 0.035 0.001 0.165 0.144 0.016 0.017 0.137 0.129 0.061 0.012 0.031 0.022 0.017 0.003 0.019 0.023 0.013 0.008 0.045 0 0.037 0.026 0.02 0.033 0.016 0.022 0.03 0.005 0.008 0.027
0.005 0.023 0.024 0.003 0.004 0.003 0.008 0.005 0.112 0.007 0.004 0.002 0.001 0.012 0.004 0.001 0.009 0.001 0.003 0.02 0.008 0.016 0.029 0.02 0.013 0.035 1 0.004 0.004 0.001 0.002 0.013 0.035 0.046 0 0.002 0.001 0.013 0.003 0.012 0.006 0.002 0.062 0.035 0.01 0.001 0.003 0.023 0.011 0.003 0.001 0.016 0.009 0.006 0.012 0.001 0.014 0.001 0.001 0.001 0.016 0.003 0.104 0.001 0.005 0.189 0.015 0.003 0.001 0.001 0.002 0.001 0.012 0.002 0.003 0.002
0.049 0.039 0.04 0.071 0.007 0.005 0.013 0.043 0.002 0.011 0.006 0.003 0.002 0.032 0.034 0 0.016 0.002 0.826 0.031 0.379 0.015 0.127 0.034 0.022 0.059 0.004 1 0.007 0.002 0.003 0.022 0.056 0.06 0.002 0.003 0.002 0.022 0.005 0.021 0.082 0.004 0.015 0.076 0.302 0.002 0.005 0.034 0.044 0.021 0.002 0.18 0.302 0.289 0.241 0.002 0.198 0.002 0.002 0.002 0.128 0.004 0.002 0.002 0.504 0.006 0.18 0.005 0.002 0.002 0.003 0 0.175 0.003 0.005 0.003
0.133 0.171 0.165 0.076 0.905 0.648 0.015 0.087 0.002 0.013 0.007 0.003 0.232 0.169 0.159 0.002 0.018 0.002 0.006 0.152 0.016 0.031 0.056 0.18 0.024 0.1 0.004 0.007 1 0.343 0.353 0.025 0.104 0.065 0 0.319 0.002 0.025 0.567 0.017 0.042 0.003 0.003 0.027 0.015 0.003 0.262 0.028 0.014 0.029 0.128 0.022 0.014 0.013 0.018 0.07 0.001 0.003 0.002 0.083 0.018 0.004 0.002 0.185 0.002 0.007 0.002 0.004 0.003 0.001 0.001 0.002 0.001 0.061 0 0.003
0.05 0.064 0.061 0.032 0.375 0.528 0.005 0.037 0.001 0.004 0.002 0.001 0.001 0.065 0.061 0.001 0.006 0.001 0.002 0.068 0.006 0.01 0.019 0.072 0.008 0.042 0.001 0.002 0.343 1 0.83 0.009 0.027 0.019 0.001 0.053 0.001 0.009 0.383 0.008 0.004 0.001 0.007 0.026 0.007 0.001 0.062 0.019 0.018 0.006 0.095 0.002 0.006 0.006 0.008 0.055 0.009 0.001 0.001 0 0.002 0.002 0.001 0.126 0.004 0.002 0.001 0.002 0.001 0.001 0.001 0.001 0.007 0.058 0 0.001
0.047 0.062 0.059 0.029 0.387 0.547 0.006 0.034 0.001 0.005 0.003 0.001 0.001 0.077 0.073 0.001 0.007 0.001 0.003 0.066 0.007 0.013 0.023 0.071 0.01 0.04 0.002 0.003 0.353 0.83 1 0.01 0.026 0.026 0.001 0.091 0.001 0.005 0.407 0.005 0.008 0.001 0.007 0.033 0.008 0.001 0.09 0.023 0.015 0.008 0.078 0.005 0.008 0.007 0.01 0.044 0.004 0.001 0.001 0.011 0.005 0.002 0.001 0.102 0 0.003 0 0.002 0.001 0.001 0.001 0.001 0.002 0.046 0 0.001
0.287 0.335 0.366 0.183 0.023 0.016 0.524 0.214 0.006 0.435 0.248 0.009 0.006 0.403 0.397 0.005 0.578 0.071 0.019 0.45 0.048 0.044 0.107 0.484 0.8 0.275 0.013 0.022 0.025 0.009 0.01 1 0.336 0.256 0.006 0.011 0.003 0.333 0.017 0.271 0.228 0.013 0.051 0.068 0.003 0.008 0 0.12 0.071 0.076 0.002 0.002 0.051 0.047 0.003 0.005 0 0.008 0.007 0.007 0.003 0.012 0.008 0.005 0.013 0.017 0.003 0.013 0.008 0.008 0.005 0.005 0.001 0.007 0.017 0.01
0.24 0.27 0.287 0.554 0.092 0.063 0.187 0.644 0.016 0.155 0.101 0.017 0.028 0.374 0.355 0.013 0.225 0.026 0.048 0.366 0.11 0.176 0.34 0.424 0.255 0.768 0.035 0.056 0.104 0.027 0.026 0.336 1 0.729 0.026 0.054 0.016 0.069 0.084 0.056 0.622 0.032 0.134 0.01 0.062 0.022 0.074 0.002 0.23 0.223 0.016 0.009 0.145 0.137 0.066 0.002 0.033 0.022 0.014 0.003 0.01 0.033 0.021 0.04 0.051 0 0.023 0.035 0.021 0.033 0.016 0.026 0.031 0 0.026 0.023
0.141 0.166 0.178 0.35 0.056 0.035 0.14 0.426 0.017 0.115 0.076 0.024 0.021 0.282 0.269 0.017 0.168 0.02 0.046 0.244 0.131 0.037 0.159 0.294 0.186 0.544 0.046 0.06 0.065 0.019 0.026 0.256 0.729 1 0.02 0.032 0.021 0.268 0.055 0.253 0.818 0.042 0.099 0.054 0.08 0.022 0.058 0.019 0.369 0.207 0.005 0.023 0.168 0.153 0.086 0 0.054 0.029 0.019 0.001 0.022 0.026 0.027 0.026 0.054 0 0.043 0.029 0.023 0.024 0.027 0.02 0.048 0.003 0.012 0.031
0.001 0.001 0.001 0.021 0 0.001 0 0.024 0 0 0.001 0.001 0.007 0.001 0.001 0 0 0 0.001 0.001 0.004 0.007 0.013 0 0.006 0.026 0 0.002 0 0.001 0.001 0.006 0.026 0.02 1 0.001 0 0.006 0.001 0.005 0.019 0.001 0.098 0.016 0.004 0.001 0.001 0.012 0.035 0.009 0 0.007 0.004 0.004 0.005 0 0.006 0.001 0.001 0 0.007 0.001 0.001 0.001 0.003 0.002 0.007 0.001 0.001 0.368 0.001 0 0.005 0.001 0.001 0.001
0.033 0.045 0.043 0.016 0.266 0.38 0.007 0.022 0.001 0.006 0.003 0.003 0.001 0.053 0.066 0.001 0.008 0.001 0.003 0.037 0 0.014 0.01 0.053 0.011 0.026 0.002 0.003 0.319 0.053 0.091 0.011 0.054 0.032 0.001 1 0.001 0.011 0.575 0.01 0.017 0.001 0.008 0.051 0.009 0.001 0.31 0.002 0.024 0.018 0.165 0.041 0.008 0.008 0.011 0.097 0.002 0.001 0.001 0.165 0.033 0.002 0.001 0.148 0 0.003 0.014 0.002 0.001 0.001 0.002 0.001 0.003 0.071 0.001 0.001
0.013 0.01 0.011 0.021 0.002 0.001 0.004 0.018 0 0.003 0.002 0.001 0 0.01 0.011 0 0.001 0 0.001 0.006 0.004 0.051 0.026 0.005 0.003 0.011 0.001 0.002 0.002 0.001 0.001 0.003 0.016 0.021 0 0.001 1 0.006 0.001 0.006 0.023 0.001 0.005 0.009 0.002 0.001 0.001 0.009 0.013 0.001 0 0.004 0.002 0.001 0.002 0.001 0.003 0.001 0.001 0.001 0.004 0.001 0.001 0.001 0 0.002 0.004 0.001 0.001 0.001 0.001 0 0.002 0.001 0.001 0.001
0.049 0.06 0.074 0.011 0.023 0.016 0.238 0.017 0.004 0.166 0.081 0.01 0.006 0.106 0.106 0.005 0.252 0.006 0.017 0.092 0.05 0.026 0 0.106 0.237 0.032 0.013 0.022 0.025 0.009 0.005 0.333 0.069 0.268 0.006 0.011 0.006 1 0.018 0.893 0.25 0.013 0.051 0.313 0.054 0.086 0 0.224 0.308 0.027 0.005 0.053 0.051 0.044 0.063 0.009 0.042 0.008 0.005 0.007 0.047 0.004 0.008 0.008 0.016 0.013 0.053 0.003 0.006 0.009 0.005 0.005 0.03 0.011 0 0.008
0.064 0.085 0.081 0.034 0.459 0.654 0.01 0.036 0.001 0.009 0.005 0.001 0.001 0.082 0.094 0.001 0.012 0.001 0.004 0.067 0.002 0.021 0.023 0.086 0.017 0.043 0.003 0.005 0.567 0.383 0.407 0.017 0.084 0.055 0.001 0.575 0.001 0.018 1 0.01 0.037 0.002 0.013 0.081 0.014 0.002 0.457 0.01 0.038 0.028 0.102 0.058 0.013 0.012 0.017 0.057 0 0.002 0.002 0.091 0.058 0.003 0.002 0.396 0.001 0.005 0.017 0.004 0.002 0.002 0.002 0.001 0 0.04 0.002 0.002
0.037 0.062 0.056 0.006 0.021 0.015 0.252 0.009 0.004 0.175 0.081 0.009 0.005 0.078 0.079 0.004 0.186 0.005 0.016 0.066 0.045 0.03 0 0.076 0.182 0.02 0.012 0.021 0.017 0.008 0.005 0.271 0.056 0.253 0.005 0.01 0.006 0.893 0.01 1 0.24 0.012 0.046 0.298 0.049 0.093 0.009 0.194 0.348 0.025 0.005 0.076 0.046 0.04 0.058 0.008 0.071 0.008 0.004 0.006 0.068 0.003 0.007 0.003 0.027 0.011 0.07 0.004 0.005 0.008 0.01 0.005 0.058 0.01 0.001 0.007
0.125 0.123 0.132 0.397 0.034 0.017 0.123 0.483 0.007 0.101 0.067 0.027 0.019 0.241 0.232 0.018 0.148 0.018 0.067 0.191 0.162 0.045 0.196 0.236 0.163 0.452 0.006 0.082 0.042 0.004 0.008 0.228 0.622 0.818 0.019 0.017 0.023 0.25 0.037 0.24 1 0.049 0.192 0.028 0.108 0.019 0.052 0.009 0.481 0.244 0 0.041 0.209 0.188 0.116 0.003 0.078 0.032 0.021 0.001 0.039 0.03 0.015 0.024 0.077 0.034 0.065 0.034 0.026 0.023 0.03 0.018 0.069 0.01 0.015 0.035
0.027 0.021 0.022 0.042 0.003 0.002 0.007 0.036 0 0.006 0.003 0.002 0.001 0.02 0.022 0.003 0.009 0.001 0.003 0.016 0.008 0.127 0.057 0.018 0.012 0.028 0.002 0.004 0.003 0.001 0.001 0.013 0.032 0.042 0.001 0.001 0.001 0.013 0.002 0.012 0.049 1 0.007 0.022 0.007 0.001 0.003 0.018 0.02 0.059 0 0.01 0.004 0.004 0.001 0.001 0.011 0.001 0.001 0.001 0.01 0.288 0.001 0.001 0.003 0 0.012 0.311 0.001 0.001 0.002 0.001 0.007 0.001 0.002 0.002
0.011 0.034 0.035 0.183 0.005 0.012 0.025 0.218 0.004 0.02 0.008 0.008 0.099 0.011 0.015 0.004 0.017 0.004 0.012 0.019 0.036 0.052 0.105 0.015 0.054 0.124 0.062 0.015 0.003 0.007 0.007 0.051 0.134 0.099 0.098 0.008 0.005 0.051 0.013 0.046 0.192 0.007 1 0.165 0.045 0.006 0.013 0.099 0.303 0.064 0 0.075 0.043 0.038 0.055 0.001 0.066 0.006 0.005 0.005 0.074 0.005 0.006 0.006 0.027 0.234 0.072 0.006 0.006 0.128 0.008 0.091 0.055 0.002 0 0.008
0.056 0.093 0.102 0.001 0.019 0.058 0.052 0.001 0.013 0.031 0.012 0.046 0.016 0.052 0.051 0.003 0.052 0.016 0.083 0.044 0.173 0.013 0.062 0.053 0.035 0 0.035 0.076 0.027 0.026 0.033 0.068 0.01 0.054 0.016 0.051 0.009 0.313 0.081 0.298 0.028 0.022 0.165 1 0.148 0.03 0.078 0.398 0.013 0.111 0.002 0.198 0.176 0.154 0.085 0 0.131 0.038 0.021 0.03 0.165 0.019 0.017 0.032 0.077 0.054 0.14 0.021 0.022 0.024 0.048 0.015 0.146 0.003 0.019 0.024
0 0.002 0.001 0.012 0.013 0.008 0 0.049 0.005 0 0 0.057 0.005 0.018 0.022 0.001 0 0.004 0.296 0.013 0.561 0.051 0.145 0.016 0.003 0.056 0.01 0.302 0.015 0.007 0.008 0.003 0.062 0.08 0.004 0.009 0.002 0.054 0.014 0.049 0.108 0.007 0.045 0.148 1 0.006 0.013 0.166 0.129 0.057 0.004 0.601 0.683 0.64 0.764 0.007 0.678 0.132 0.042 0.002 0.52 0.012 0.006 0.004 0.232 0.016 0.582 0.013 0.089 0.007 0.136 0.004 0.587 0.009 0.014 0.104
0.007 0.01 0.01 0.022 0.002 0.002 0.005 0.025 0 0.004 0.002 0.001 0.001 0.01 0.008 0.001 0.006 0.001 0.002 0.013 0.002 0.07 0.045 0.013 0.008 0.016 0.001 0.002 0.003 0.001 0.001 0.008 0.022 0.022 0.001 0.001 0.001 0.086 0.002 0.093 0.019 0.001 0.006 0.03 0.006 1 0.001 0.006 0.028 0.032 0.001 0.011 0.006 0.006 0.008 0.001 0.009 0.001 0.001 0.001 0.007 0.011 0.001 0.001 0.004 0.002 0.01 0.01 0.001 0.001 0.001 0.001 0.008 0.001 0.016 0.001
0.059 0.045 0.075 0.033 0.181 0.266 0.01 0.029 0.001 0.008 0.005 0.001 0.001 0.071 0.082 0.001 0.002 0.001 0.004 0.056 0.001 0.019 0.018 0.074 0 0.035 0.003 0.005 0.262 0.062 0.09 0 0.074 0.058 0.001 0.31 0.001 0 0.457 0.009 0.052 0.003 0.013 0.078 0.013 0.001 1 0.001 0.035 0.027 0.001 0.168 0.013 0.012 0.016 0.002 0.02 0.002 0.002 0.128 0.155 0.003 0.002 0.41 0.005 0.005 0.071 0.004 0.002 0.002 0 0.001 0.025 0.002 0.004 0.002
0.038 0.043 0.051 0 0.034 0.021 0.122 0.002 0.007 0.089 0.048 0.018 0.013 0.015 0.015 0.007 0.11 0.012 0.039 0.026 0.116 0.003 0.059 0.018 0.083 0.001 0.023 0.034 0.028 0.019 0.023 0.12 0.002 0.019 0.012 0.002 0.009 0.224 0.01 0.194 0.009 0.018 0.099 0.398 0.166 0.006 0.001 1 0.015 0.099 0.012 0.183 0.182 0.174 0.179 0.019 0.191 0.043 0.011 0 0.179 0.021 0.011 0 0.067 0.046 0.175 0.023 0.019 0.019 0.05 0 0.194 0.025 0.03 0.028
0.004 0.002 0.001 0.166 0.011 0.035 0.093 0.204 0.012 0.062 0.032 0.022 0.011 0.015 0.012 0.01 0.072 0.011 0.035 0.009 0.089 0.007 0.069 0.015 0.035 0.165 0.011 0.044 0.014 0.018 0.015 0.071 0.23 0.369 0.035 0.024 0.013 0.308 0.038 0.348 0.481 0.02 0.303 0.013 0.129 0.028 0.035 0.015 1 0.116 0.003 0.211 0.122 0.112 0.156 0.008 0.187 0.018 0.015 0.014 0.208 0.013 0.016 0.018 0.076 0.124 0.204 0.015 0.018 0.044 0.023 0.032 0.156 0.014 0.004 0.021
0.114 0.081 0.085 0.189 0.025 0.016 0.043 0.187 0.015 0.05 0.031 0.003 0.009 0.079 0.064 0.031 0.039 0.006 0.028 0.082 0.035 0.142 0.018 0.076 0.052 0.144 0.003 0.021 0.029 0.006 0.008 0.076 0.223 0.207 0.009 0.018 0.001 0.027 0.028 0.025 0.244 0.059 0.064 0.111 0.057 0.032 0.027 0.099 0.116 1 0.008 0.111 0.052 0.048 0.061 0 0.076 0.002 0.002 0.01 0.086 0.078 0.027 0.013 0.043 0.031 0.07 0.085 0.001 0.01 0.005 0.008 0.065 0.004 0.066 0.001
0.019 0.026 0.025 0.01 0.14 0.111 0.003 0.014 0 0.003 0.001 0 0.027 0.027 0.026 0 0.004 0.003 0.001 0.031 0.003 0.003 0.006 0.031 0.002 0.016 0.001 0.002 0.128 0.095 0.078 0.002 0.016 0.005 0 0.165 0 0.005 0.102 0.005 0 0 0 0.002 0.004 0.001 0.001 0.012 0.003 0.008 1 0.007 0.004 0.004 0.005 0.62 0.006 0.001 0 0 0.007 0.001 0.001 0.001 0.002 0.001 0.007 0.001 0.001 0 0.001 0 0.005 0.47 0.01 0.001
0.022 0.019 0.026 0.001 0.012 0.032 0.002 0.017 0.007 0 0.001 0.063 0.007 0.001 0 0.003 0.001 0.007 0.179 0.004 0.404 0.048 0.095 0 0.002 0.017 0.016 0.18 0.022 0.002 0.005 0.002 0.009 0.023 0.007 0.041 0.004 0.053 0.058 0.076 0.041 0.01 0.075 0.198 0.601 0.011 0.168 0.183 0.211 0.111 0.007 1 0.577 0.527 0.664 0.011 0.802 0.084 0.022 0.066 0.884 0.019 0.01 0.074 0.323 0.026 0.819 0.021 0.056 0.011 0.11 0.007 0.662 0.014 0.022 0.066
0.007 0.009 0.011 0.055 0.012 0.007 0.032 0.123 0.004 0.026 0.016 0.087 0.004 0.069 0.076 0.001 0.036 0.004 0.293 0.041 0.619 0.013 0.258 0.076 0.051 0.137 0.009 0.302 0.014 0.006 0.008 0.051 0.145 0.168 0.004 0.008 0.002 0.051 0.013 0.046 0.209 0.004 0.043 0.176 0.683 0.006 0.013 0.182 0.122 0.052 0.004 0.577 1 0.902 0.73 0.006 0.639 0.145 0.045 0.009 0.51 0.011 0.006 0.004 0.416 0.015 0.561 0.012 0.101 0.006 0.155 0.004 0.537 0.008 0.013 0.119
0.005 0.007 0.008 0.049 0.011 0.007 0.03 0.117 0.004 0.025 0.015 0.056 0.004 0.071 0.079 0.001 0.034 0.003 0.297 0.042 0.571 0.009 0.25 0.071 0.048 0.129 0.006 0.289 0.013 0.006 0.007 0.047 0.137 0.153 0.004 0.008 0.001 0.044 0.012 0.04 0.188 0.004 0.038 0.154 0.64 0.006 0.012 0.174 0.112 0.048 0.004 0.527 0.902 1 0.677 0.006 0.594 0.155 0.057 0.001 0.502 0.011 0.005 0.004 0.363 0.012 0.521 0.011 0.119 0.006 0.165 0.004 0.489 0.008 0.012 0.138
0 0.001 0 0.019 0.016 0.01 0 0.057 0.005 0.002 0.004 0.038 0.005 0.016 0.02 0.002 0 0.005 0.237 0.005 0.442 0.016 0.167 0.018 0.003 0.061 0.012 0.241 0.018 0.008 0.01 0.003 0.066 0.086 0.005 0.011 0.002 0.063 0.017 0.058 0.116 0.001 0.055 0.085 0.764 0.008 0.016 0.179 0.156 0.061 0.005 0.664 0.73 0.677 1 0.008 0.763 0.114 0.042 0.005 0.604 0.005 0.007 0.005 0.328 0.019 0.658 0.005 0.054 0.008 0.12 0.005 0.595 0.011 0.016 0.1
0.024 0.034 0.032 0.012 0.078 0.062 0.005 0.017 0.001 0.004 0.002 0 0.015 0.035 0.033 0.001 0.006 0.001 0.002 0.039 0.005 0.001 0.006 0.04 0.002 0.012 0.001 0.002 0.07 0.055 0.044 0.005 0.002 0 0 0.097 0.001 0.009 0.057 0.008 0.003 0.001 0.001 0 0.007 0.001 0.002 0.019 0.008 0 0.62 0.011 0.006 0.006 0.008 1 0.01 0.001 0.001 0.001 0.011 0.002 0.001 0.001 0.004 0.002 0.011 0.002 0.001 0.001 0.001 0.001 0.008 0.729 0.079 0.001
0.009 0.006 0.01 0.005 0 0.001 0 0.027 0.007 0 0.002 0.052 0.007 0.001 0.003 0.002 0.003 0.006 0.196 0 0.404 0.038 0.108 0.001 0 0.031 0.014 0.198 0.001 0.009 0.004 0 0.033 0.054 0.006 0.002 0.003 0.042 0 0.071 0.078 0.011 0.066 0.131 0.678 0.009 0.02 0.191 0.187 0.076 0.006 0.802 0.639 0.594 0.763 0.01 1 0.095 0.041 0.075 0.785 0.017 0.009 0.007 0.392 0.023 0.785 0.018 0.093 0.01 0.124 0.006 0.821 0.013 0.02 0.114
0.026 0.035 0.034 0.014 0.002 0.002 0.005 0.023 0.001 0.004 0.002 0.004 0.001 0.012 0.011 0.001 0.006 0.001 0.002 0.014 0.137 0.01 0.036 0.013 0.008 0.022 0.001 0.002 0.003 0.001 0.001 0.008 0.022 0.029 0.001 0.001 0.001 0.008 0.002 0.008 0.032 0.001 0.006 0.038 0.132 0.001 0.002 0.043 0.018 0.002 0.001 0.084 0.145 0.155 0.114 0.001 0.095 1 0.003 0.001 0.081 0.002 0.001 0.001 0.001 0.002 0.083 0.002 0.002 0.001 0.487 0.001 0.084 0.001 0.002 0.001
0.013 0.01 0.01 0.015 0.002 0.001 0.002 0.013 0.001 0.002 0.002 0.248 0.001 0.012 0.012 0 0.005 0 0.001 0.011 0.018 0 0.008 0.011 0.007 0.017 0.001 0.002 0.002 0.001 0.001 0.007 0.014 0.019 0.001 0.001 0.001 0.005 0.002 0.004 0.021 0.001 0.005 0.021 0.042 0.001 0.002 0.011 0.015 0.002 0 0.022 0.045 0.057 0.042 0.001 0.041 0.003 1 0.001 0.036 0.001 0.001 0.001 0.003 0.002 0.029 0.001 0.188 0.001 0 0 0.043 0.001 0.002 0.356
0.006 0.008 0.007 0.001 0.092 0.134 0.004 0.002 0 0.003 0.002 0.032 0 0.017 0.015 0 0.005 0 0.002 0.016 0.002 0.008 0.001 0.01 0.006 0.003 0.001 0.002 0.083 0 0.011 0.007 0.003 0.001 0 0.165 0.001 0.007 0.091 0.006 0.001 0.001 0.005 0.03 0.002 0.001 0.128 0 0.014 0.01 0 0.066 0.009 0.001 0.005 0.001 0.075 0.001 0.001 1 0.054 0.001 0.001 0.001 0.022 0.002 0.019 0.001 0.001 0.001 0 0 0.081 0.001 0.001 0.001
0.019 0.016 0.023 0.002 0.009 0.027 0.002 0.02 0.007 0 0 0.061 0.007 0 0 0.003 0.001 0.006 0.146 0.002 0.343 0.041 0.081 0 0.002 0.019 0.016 0.128 0.018 0.002 0.005 0.003 0.01 0.022 0.007 0.033 0.004 0.047 0.058 0.068 0.039 0.01 0.074 0.165 0.52 0.007 0.155 0.179 0.208 0.086 0.007 0.884 0.51 0.502 0.604 0.011 0.785 0.081 0.036 0.054 1 0.019 0.01 0.075 0.289 0.026 0.835 0.02 0.084 0.011 0.107 0.007 0.66 0.014 0.022 0.103
0.017 0.011 0.012 0.03 0.003 0.003 0.003 0.023 0.001 0.002 0.004 0.002 0 0.013 0.017 0.002 0.004 0.001 0.004 0.012 0.01 0.051 0.013 0.014 0.008 0.023 0.003 0.004 0.004 0.002 0.002 0.012 0.033 0.026 0.001 0.002 0.001 0.004 0.003 0.003 0.03 0.288 0.005 0.019 0.012 0.011 0.003 0.021 0.013 0.078 0.001 0.019 0.011 0.011 0.005 0.002 0.017 0.002 0.001 0.001 0.019 1 0.001 0.002 0.007 0.004 0.019 0.936 0.002 0.002 0.002 0.001 0.014 0.002 0.082 0.002
0.008 0.01 0.006 0.015 0.002 0.002 0.005 0.016 0.281 0.004 0.002 0.001 0.001 0.001 0 0 0.005 0.001 0.002 0.006 0.005 0.004 0.01 0.006 0.003 0.013 0.104 0.002 0.002 0.001 0.001 0.008 0.021 0.027 0.001 0.001 0.001 0.008 0.002 0.007 0.015 0.001 0.006 0.017 0.006 0.001 0.002 0.011 0.016 0.027 0.001 0.01 0.006 0.005 0.007 0.001 0.009 0.001 0.001 0.001 0.01 0.001 1 0.001 0.004 0.002 0.009 0.002 0.001 0.001 0.001 0.001 0.007 0.001 0.002 0.001
0.014 0.02 0.019 0.006 0.095 0.139 0.005 0.006 0.001 0.004 0.002 0.005 0.001 0.022 0.034 0.001 0.006 0.001 0.002 0.011 0 0.01 0.005 0.021 0.005 0.008 0.001 0.002 0.185 0.126 0.102 0.005 0.04 0.026 0.001 0.148 0.001 0.008 0.396 0.003 0.024 0.001 0.006 0.032 0.004 0.001 0.41 0 0.018 0.013 0.001 0.074 0.004 0.004 0.005 0.001 0.007 0.001 0.001 0.001 0.075 0.002 0.001 1 0.001 0.002 0.038 0.002 0.001 0.001 0 0.001 0.005 0.001 0.002 0.001
0.015 0.034 0.025 0.058 0.001 0 0.021 0.04 0.003 0.018 0.01 0 0.003 0.016 0.018 0 0.009 0.002 0.482 0.002 0.258 0.005 0.112 0.017 0.014 0.045 0.005 0.504 0.002 0.004 0 0.013 0.051 0.054 0.003 0 0 0.016 0.001 0.027 0.077 0.003 0.027 0.077 0.232 0.004 0.005 0.067 0.076 0.043 0.002 0.323 0.416 0.363 0.328 0.004 0.392 0.001 0.003 0.022 0.289 0.007 0.004 0.001 1 0.009 0.345 0.007 0.004 0.004 0.005 0.002 0.289 0.005 0.008 0
0.006 0.032 0.033 0.031 0.006 0.004 0.009 0.038 0.002 0.007 0.004 0.003 0.002 0.014 0.022 0.001 0.011 0.002 0.005 0.03 0.009 0.012 0.024 0.027 0.016 0 0.189 0.006 0.007 0.002 0.003 0.017 0 0 0.002 0.003 0.002 0.013 0.005 0.011 0.034 0 0.234 0.054 0.016 0.002 0.005 0.046 0.124 0.031 0.001 0.026 0.015 0.012 0.019 0.002 0.023 0.002 0.002 0.002 0.026 0.004 0.002 0.002 0.009 1 0.025 0.004 0.002 0.002 0.003 0.001 0.019 0.003 0 0.003
0.007 0.006 0.009 0.007 0 0.002 0.002 0.034 0.007 0 0 0.057 0.007 0.002 0.002 0.003 0 0.006 0.179 0 0.45 0.032 0.093 0.002 0.003 0.037 0.015 0.18 0.002 0.001 0 0.003 0.023 0.043 0.007 0.014 0.004 0.053 0.017 0.07 0.065 0.012 0.072 0.14 0.582 0.01 0.071 0.175 0.204 0.07 0.007 0.819 0.561 0.521 0.658 0.011 0.785 0.083 0.029 0.019 0.835 0.019 0.009 0.038 0.345 0.025 1 0.02 0.086 0.01 0.114 0.007 0.644 0.014 0.007 0.093
0.019 0.013 0.014 0.033 0.004 0.003 0.003 0.026 0.001 0.002 0.004 0.002 0 0.014 0.018 0.002 0.005 0.001 0.004 0.013 0.01 0.059 0.016 0.015 0.008 0.026 0.003 0.005 0.004 0.002 0.002 0.013 0.035 0.029 0.001 0.002 0.001 0.003 0.004 0.004 0.034 0.311 0.006 0.021 0.013 0.01 0.004 0.023 0.015 0.085 0.001 0.021 0.012 0.011 0.005 0.002 0.018 0.002 0.001 0.001 0.02 0.936 0.002 0.002 0.007 0.004 0.02 1 0.002 0.002 0.002 0.001 0.015 0.002 0.09 0.002
0.005 0.002 0.003 0.009 0.002 0.002 0.003 0.02 0.001 0.002 0.002 0.117 0.001 0.014 0.014 0 0.006 0.001 0.002 0.013 0.064 0.001 0.028 0.013 0.008 0.02 0.001 0.002 0.003 0.001 0.001 0.008 0.021 0.023 0.001 0.001 0.001 0.006 0.002 0.005 0.026 0.001 0.006 0.022 0.089 0.001 0.002 0.019 0.018 0.001 0.001 0.056 0.101 0.119 0.054 0.001 0.093 0.002 0.188 0.001 0.084 0.002 0.001 0.001 0.004 0.002 0.086 0.002 1 0.001 0.001 0.001 0.103 0.001 0.002 0.418
0.006 0.006 0.006 0.026 0.001 0.002 0.001 0.03 0.001 0 0 0.001 0 0.006 0.004 0.001 0.001 0.001 0.002 0.005 0.005 0.007 0.015 0.005 0.008 0.033 0.001 0.002 0.001 0.001 0.001 0.008 0.033 0.024 0.368 0.001 0.001 0.009 0.002 0.008 0.023 0.001 0.128 0.024 0.007 0.001 0.002 0.019 0.044 0.01 0 0.011 0.006 0.006 0.008 0.001 0.01 0.001 0.001 0.001 0.011 0.002 0.001 0.001 0.004 0.002 0.01 0.002 0.001 1 0.001 0.001 0.008 0.001 0.002 0.001
0.036 0.036 0.046 0.017 0.001 0 0.006 0.013 0.001 0.005 0.003 0 0.001 0.004 0.006 0.001 0.002 0.001 0.002 0.006 0.117 0.012 0.026 0.007 0.004 0.016 0.002 0.003 0.001 0.001 0.001 0.005 0.016 0.027 0.001 0.002 0.001 0.005 0.002 0.01 0.03 0.002 0.008 0.048 0.136 0.001 0 0.05 0.023 0.005 0.001 0.11 0.155 0.165 0.12 0.001 0.124 0.487 0 0 0.107 0.002 0.001 0 0.005 0.003 0.114 0.002 0.001 0.001 1 0.001 0.129 0.002 0.002 0.006
0.005 0.009 0.01 0.016 0.002 0.001 0.003 0.019 0 0.003 0.001 0.001 0 0.009 0.007 0 0.004 0 0 0.009 0.002 0.007 0.009 0.008 0.005 0.022 0.001 0 0.002 0.001 0.001 0.005 0.026 0.02 0 0.001 0 0.005 0.001 0.005 0.018 0.001 0.091 0.015 0.004 0.001 0.001 0 0.032 0.008 0 0.007 0.004 0.004 0.005 0.001 0.006 0.001 0 0 0.007 0.001 0.001 0.001 0.002 0.001 0.007 0.001 0.001 0.001 0.001 1 0.005 0.001 0.001 0.001
0.002 0.004 0.008 0.004 0 0.001 0 0.024 0.006 0 0 0.058 0.005 0.002 0.003 0.002 0.002 0.005 0.168 0.001 0.385 0.044 0.091 0.002 0.001 0.03 0.012 0.175 0.001 0.007 0.002 0.001 0.031 0.048 0.005 0.003 0.002 0.03 0 0.058 0.069 0.007 0.055 0.146 0.587 0.008 0.025 0.194 0.156 0.065 0.005 0.662 0.537 0.489 0.595 0.008 0.821 0.084 0.043 0.081 0.66 0.014 0.007 0.005 0.289 0.019 0.644 0.015 0.103 0.008 0.129 0.005 1 0.011 0.016 0.132
0.014 0.021 0.02 0.004 0.068 0.058 0.007 0.007 0.001 0.006 0.003 0.001 0.01 0.022 0.02 0.001 0.008 0.001 0.003 0.025 0.006 0.001 0.001 0.027 0 0.005 0.002 0.003 0.061 0.058 0.046 0.007 0 0.003 0.001 0.071 0.001 0.011 0.04 0.01 0.01 0.001 0.002 0.003 0.009 0.001 0.002 0.025 0.014 0.004 0.47 0.014 0.008 0.008 0.011 0.729 0.013 0.001 0.001 0.001 0.014 0.002 0.001 0.001 0.005 0.003 0.014 0.002 0.001 0.001 0.002 0.001 0.011 1 0.144 0.001
0.005 0.002 0.003 0.013 0.001 0 0.01 0.008 0.001 0.009 0.005 0.002 0.005 0 0 0.002 0.012 0.001 0.004 0.001 0.001 0.042 0.003 0.001 0.002 0.008 0.003 0.005 0 0 0 0.017 0.026 0.012 0.001 0.001 0.001 0 0.002 0.001 0.015 0.002 0 0.019 0.014 0.016 0.004 0.03 0.004 0.066 0.01 0.022 0.013 0.012 0.016 0.079 0.02 0.002 0.002 0.001 0.022 0.082 0.002 0.002 0.008 0 0.007 0.09 0.002 0.002 0.002 0.001 0.016 0.144 1 0.002
0.002 0 0.001 0.005 0.003 0.002 0.004 0.023 0.001 0.003 0.003 0.104 0.001 0.017 0.018 0.001 0.007 0.001 0.002 0.016 0.082 0.002 0.033 0.015 0.01 0.027 0.002 0.003 0.003 0.001 0.001 0.01 0.023 0.031 0.001 0.001 0.001 0.008 0.002 0.007 0.035 0.002 0.008 0.024 0.104 0.001 0.002 0.028 0.021 0.001 0.001 0.066 0.119 0.138 0.1 0.001 0.114 0.001 0.356 0.001 0.103 0.002 0.001 0.001 0 0.003 0.093 0.002 0.418 0.001 0.006 0.001 0.132 0.001 0.002 1
