1 0.753 0.82 0.475 0.17 0.108 0.174 0.283 0.014 0.141 0.098 0.032 0.042 0.467 0.497 0.001 0.214 0.051 0.034 0.504 0.009 0.123 0.118 0.534 0.314 0.294 0.009 0.039 0.13 0.055 0.056 0.239 0.206 0.119 0.001 0.028 0.005 0.033 0.058 0.016 0.101 0.019 0.01 0.067 0 0.002 0.079 0.001 0.002 0.046 0.009 0.023 0.003 0.002 0 0.005 0.005 0.032 0.003 0.008 0.015 0.014 0.001 0.017 0.004 0.013 0.011 0.021 0.002 0 0.011 0.003 0.004 0.005 0.011 0
0.753 1 0.893 0.443 0.225 0.143 0.23 0.241 0.01 0.188 0.13 0.024 0.055 0.499 0.518 0 0.211 0.067 0.026 0.508 0.001 0.101 0.084 0.556 0.284 0.249 0.023 0.03 0.176 0.073 0.074 0.26 0.203 0.12 0.001 0.042 0.007 0.034 0.082 0.033 0.096 0.014 0.027 0.085 0.002 0.012 0.055 0.003 0.001 0.045 0.014 0.025 0.001 0 0.002 0.01 0.004 0.045 0.001 0.004 0.015 0.009 0.012 0.026 0.011 0.026 0.017 0.014 0.005 0.01 0.015 0.006 0.004 0.009 0.006 0.001
0.82 0.893 1 0.489 0.204 0.13 0.209 0.282 0.011 0.17 0.118 0.026 0.05 0.579 0.595 0 0.259 0.061 0.028 0.597 0.003 0.109 0.099 0.649 0.382 0.305 0.025 0.033 0.158 0.066 0.067 0.296 0.214 0.126 0.001 0.037 0.011 0.049 0.073 0.025 0.1 0.016 0.03 0.088 0.001 0.014 0.098 0.005 0 0.04 0.012 0.033 0.002 0.001 0 0.008 0.009 0.039 0.001 0.003 0.022 0.011 0 0.023 0.003 0.029 0.022 0.017 0.004 0.011 0.017 0.007 0.009 0.008 0.007 0
0.475 0.443 0.489 1 0.1 0.062 0.106 0.743 0.023 0.086 0.06 0.052 0.025 0.276 0.306 0.004 0.146 0.031 0.056 0.299 0.036 0.255 0.315 0.338 0.197 0.605 0.001 0.06 0.072 0.033 0.034 0.146 0.496 0.297 0.04 0.012 0.022 0.005 0.028 0.001 0.361 0.034 0.207 0.001 0.013 0.027 0.041 0.019 0.167 0.137 0.006 0 0.035 0.033 0.017 0.003 0.003 0.015 0.001 0 0.001 0.028 0.005 0.007 0.02 0.046 0.001 0.04 0 0.03 0.001 0.005 0.003 0.001 0.01 0
0.17 0.225 0.204 0.1 1 0.635 0.009 0.084 0.002 0.007 0.005 0.005 0.24 0.178 0.164 0.006 0.013 0.003 0.006 0.173 0.018 0.007 0.028 0.174 0.02 0.085 0.005 0.007 0.712 0.322 0.333 0.02 0.078 0.05 0.005 0.162 0.002 0.02 0.336 0.018 0.041 0.004 0.004 0.008 0.017 0.003 0.199 0.047 0.002 0.013 0.062 0.016 0.018 0.017 0.02 0.037 0.002 0.004 0.002 0.041 0.018 0.003 0.004 0.135 0.004 0.006 0.011 0.004 0.002 0.002 0.003 0.001 0.004 0.037 0 0
0.108 0.143 0.13 0.062 0.635 1 0.006 0.075 0.001 0.005 0.003 0.003 0.001 0.146 0.135 0.012 0.008 0.002 0.004 0.132 0.012 0.01 0.026 0.131 0.013 0.066 0.003 0.004 0.511 0.507 0.525 0.013 0.059 0.038 0.002 0.267 0.001 0.013 0.544 0.011 0.03 0.003 0.013 0.048 0.01 0.002 0.333 0.026 0.03 0.012 0.019 0.055 0.01 0.01 0.011 0.012 0 0.002 0.007 0.07 0.057 0.003 0.002 0.222 0.001 0.004 0.042 0.004 0.005 0.002 0.002 0.001 0 0.013 0.002 0.001
0.174 0.23 0.209 0.106 0.009 0.006 1 0.114 0.002 0.815 0.568 0.006 0.002 0.22 0.203 0.002 0.636 0.003 0.006 0.249 0.014 0.034 0.059 0.255 0.408 0.142 0.005 0.007 0.009 0.003 0.003 0.411 0.124 0.088 0.001 0.004 0.002 0.216 0.006 0.247 0.079 0.004 0.015 0.056 0 0.003 0.007 0.084 0.089 0.027 0.001 0.007 0.017 0.017 0.001 0.002 0.006 0.004 0 0.002 0.006 0.003 0.004 0.003 0.012 0.006 0.006 0.004 0 0.001 0.005 0.001 0.004 0.002 0.005 0.002
0.283 0.241 0.282 0.743 0.084 0.075 0.114 1 0.02 0.091 0.069 0.046 0.029 0.378 0.374 0.003 0.159 0.035 0.032 0.362 0.121 0.251 0.461 0.404 0.238 0.713 0.002 0.035 0.087 0.038 0.039 0.173 0.585 0.372 0.046 0.016 0.02 0.011 0.035 0.003 0.447 0.036 0.238 0 0.039 0.024 0.049 0.024 0.209 0.192 0.008 0.008 0.08 0.078 0.049 0.004 0.018 0.005 0 0 0.01 0.033 0.006 0.011 0.016 0.053 0.006 0.044 0.007 0.035 0.001 0.007 0.017 0.002 0.007 0.01
0.014 0.01 0.011 0.023 0.002 0.001 0.002 0.02 1 0.002 0.001 0.001 0.001 0.008 0.005 0 0.003 0.001 0.002 0.009 0.005 0.004 0.01 0.009 0.005 0.016 0.045 0.002 0.002 0.001 0.001 0.005 0.016 0.013 0.001 0.001 0.001 0.001 0.002 0.001 0.012 0.002 0.006 0.008 0.006 0.004 0.002 0 0.009 0.031 0 0.009 0.006 0.006 0.006 0.001 0.008 0.001 0.001 0 0.009 0.001 0.156 0.001 0.003 0.002 0.009 0.002 0.001 0.001 0.001 0 0.008 0.001 0.001 0.001
0.141 0.188 0.17 0.086 0.007 0.005 0.815 0.091 0.002 1 0.686 0.005 0.002 0.176 0.163 0.001 0.509 0.002 0.004 0.199 0.01 0.028 0.046 0.204 0.326 0.113 0.004 0.005 0.007 0.002 0.003 0.327 0.096 0.067 0.001 0.004 0.002 0.149 0.005 0.167 0.06 0.004 0.012 0.037 0 0.002 0.006 0.06 0.059 0.034 0.001 0.003 0.013 0.012 0 0.002 0.002 0.003 0 0.002 0.002 0.002 0.003 0.003 0.009 0.005 0.002 0.003 0 0.001 0.004 0.001 0.001 0.002 0.004 0.001
0.098 0.13 0.118 0.06 0.005 0.003 0.568 0.069 0.001 0.686 1 0.003 0.001 0.134 0.124 0.001 0.399 0.001 0.003 0.151 0.011 0.019 0.038 0.155 0.241 0.088 0.003 0.004 0.005 0.002 0.002 0.248 0.085 0.06 0 0.002 0.001 0.137 0.003 0.148 0.06 0.002 0.007 0.033 0 0.002 0.004 0.044 0.061 0.029 0.001 0.003 0.013 0.012 0 0.001 0.005 0.002 0.002 0.001 0.004 0.003 0.002 0.002 0.007 0.004 0.004 0.003 0.002 0 0.003 0.001 0.002 0.001 0.003 0.003
0.032 0.024 0.026 0.052 0.005 0.003 0.006 0.046 0.001 0.005 0.003 1 0.001 0.006 0.001 0.001 0.008 0.002 0.003 0.012 0.271 0.02 0.074 0.02 0.012 0.036 0.003 0.004 0.005 0.002 0.002 0.012 0.02 0.022 0.002 0.005 0.001 0.013 0.001 0.011 0.033 0.003 0.013 0.073 0.148 0.002 0 0.061 0.026 0.005 0.001 0.128 0.167 0.141 0.122 0.001 0.121 0.015 0.174 0.028 0.132 0.002 0.001 0.004 0.001 0.004 0.103 0.003 0.109 0.002 0.023 0.001 0.117 0.001 0.003 0.156
0.042 0.055 0.05 0.025 0.24 0.001 0.002 0.029 0.001 0.002 0.001 0.001 1 0.056 0.052 0 0.003 0.001 0.001 0.064 0.004 0.008 0.016 0.065 0.004 0.037 0.001 0.002 0.245 0.001 0.001 0.004 0.036 0.028 0.048 0.001 0.001 0.005 0.002 0.004 0.025 0.001 0.1 0.016 0.005 0.001 0.002 0.014 0.046 0.012 0.069 0.009 0.005 0.005 0.006 0.041 0.007 0.001 0.001 0 0.008 0 0.001 0.001 0.003 0.002 0.009 0 0.001 0 0.001 0 0.007 0.039 0.012 0.001
0.467 0.499 0.579 0.276 0.178 0.146 0.22 0.378 0.008 0.176 0.134 0.006 0.056 1 0.855 0 0.328 0.069 0.021 0.761 0.052 0.109 0.197 0.824 0.474 0.417 0.02 0.025 0.215 0.074 0.077 0.349 0.315 0.226 0.001 0.069 0.01 0.078 0.113 0.046 0.196 0.018 0.018 0.059 0.016 0.007 0.142 0.005 0.004 0.047 0.016 0.006 0.044 0.043 0.018 0.011 0.002 0.003 0.003 0.006 0.01 0.014 0 0.055 0.004 0.025 0.004 0.019 0.004 0.009 0 0.006 0.001 0.011 0.004 0.012
0.497 0.518 0.595 0.306 0.164 0.135 0.203 0.374 0.005 0.163 0.124 0.001 0.052 0.855 1 0 0.304 0.064 0.023 0.706 0.043 0.118 0.194 0.765 0.456 0.404 0.017 0.027 0.198 0.068 0.071 0.338 0.329 0.236 0.001 0.096 0.011 0.074 0.137 0.044 0.204 0.02 0.016 0.065 0.016 0.007 0.158 0.002 0.005 0.053 0.014 0.008 0.043 0.042 0.019 0.01 0.003 0.003 0.004 0.005 0.004 0.015 0 0.076 0.005 0.028 0.005 0.021 0.005 0.005 0.001 0.004 0.002 0.009 0.005 0.013
0.001 0 0 0.004 0.006 0.012 0.002 0.003 0 0.001 0.001 0.001 0 0 0 1 0.002 0 0.001 0.006 0.003 0.047 0.025 0.006 0.004 0.009 0.001 0.001 0.002 0.001 0.001 0.004 0.01 0.013 0.001 0.001 0 0.004 0.001 0.003 0.015 0 0.003 0.007 0.003 0 0.001 0.009 0.008 0.03 0 0.006 0.003 0.003 0.004 0 0 0.001 0.025 0 0 0 0.001 0.001 0.002 0.001 0 0 0.022 0.001 0.001 0 0 0 0 0.013
0.214 0.211 0.259 0.146 0.013 0.008 0.636 0.159 0.003 0.509 0.399 0.008 0.003 0.328 0.304 0.002 1 0.004 0.008 0.379 0.027 0.049 0.095 0.388 0.566 0.219 0.008 0.01 0.013 0.004 0.004 0.573 0.195 0.142 0.003 0.006 0.002 0.33 0.008 0.211 0.129 0.006 0.014 0.08 0.003 0.004 0.017 0.093 0.074 0.035 0.002 0 0.031 0.029 0.003 0.003 0 0.006 0.005 0.003 0 0.005 0.005 0.005 0.001 0.009 0 0.007 0.005 0.003 0.003 0.002 0.001 0.003 0.008 0.008
0.051 0.067 0.061 0.031 0.003 0.002 0.003 0.035 0.001 0.002 0.001 0.002 0.001 0.069 0.064 0 0.004 1 0.002 0.078 0.006 0.01 0.019 0.08 0.116 0.045 0.002 0.002 0.003 0.001 0.001 0.134 0.044 0.034 0.001 0.001 0.001 0.007 0.002 0.005 0.029 0.001 0.006 0.02 0.006 0.001 0.002 0.016 0.014 0.006 0.001 0.011 0.007 0.006 0.007 0.001 0.009 0.001 0.001 0.001 0.01 0.001 0 0.001 0.003 0.002 0.01 0.002 0.001 0.001 0.002 0 0.009 0.001 0.002 0.002
0.034 0.026 0.028 0.056 0.006 0.004 0.006 0.032 0.002 0.004 0.003 0.003 0.001 0.021 0.023 0.001 0.008 0.002 1 0.022 0.315 0.022 0.089 0.022 0.013 0.038 0.003 0.86 0.006 0.002 0.002 0.013 0.029 0.038 0.002 0.003 0.001 0.014 0.004 0.012 0.044 0.003 0.007 0.07 0.236 0.002 0.005 0.039 0.021 0.032 0.001 0.139 0.227 0.233 0.206 0.001 0.167 0.001 0.002 0.001 0.106 0.003 0.002 0.002 0.433 0.004 0.141 0.003 0.002 0.002 0 0.006 0.166 0.001 0.003 0.003
0.504 0.508 0.597 0.299 0.173 0.132 0.249 0.362 0.009 0.199 0.151 0.012 0.064 0.761 0.706 0.006 0.379 0.078 0.022 1 0.051 0.117 0.206 0.924 0.573 0.493 0.02 0.018 0.168 0.083 0.085 0.435 0.346 0.237 0 0.029 0.007 0.084 0.07 0.048 0.203 0.016 0.013 0.042 0.023 0.011 0.117 0.002 0.009 0.071 0.018 0.002 0.052 0.056 0.022 0.014 0.005 0.015 0.01 0.013 0.001 0.013 0 0.028 0 0.023 0 0.018 0.011 0.008 0.011 0.006 0.006 0.013 0.004 0.02
0.009 0.001 0.003 0.036 0.018 0.012 0.014 0.121 0.005 0.01 0.011 0.271 0.004 0.052 0.043 0.003 0.027 0.006 0.315 0.051 1 0.052 0.253 0.069 0.042 0.122 0.011 0.321 0.018 0.006 0.006 0.041 0.092 0.113 0.007 0 0.005 0.045 0.002 0.037 0.139 0.005 0.035 0.212 0.595 0.006 0.005 0.142 0.082 0.019 0.003 0.418 0.631 0.598 0.535 0.004 0.456 0.093 0.05 0.004 0.356 0.005 0.008 0 0.206 0.012 0.406 0.007 0.1 0.007 0.066 0 0.443 0.004 0.002 0.122
0.123 0.101 0.109 0.255 0.007 0.01 0.034 0.251 0.004 0.028 0.019 0.02 0.008 0.109 0.118 0.047 0.049 0.01 0.022 0.117 0.052 1 0.411 0.125 0.076 0.208 0.019 0.016 0.032 0.011 0.011 0.037 0.18 0.036 0.013 0.016 0.055 0.037 0.023 0.044 0.047 0.089 0.064 0.033 0.075 0.049 0.027 0.012 0.007 0.101 0 0.084 0.041 0.039 0.045 0.001 0.062 0.014 0.003 0.007 0.062 0.057 0.007 0.013 0.019 0.008 0.064 0.081 0.004 0.007 0.014 0.005 0.061 0.002 0.034 0.006
0.118 0.084 0.099 0.315 0.028 0.026 0.059 0.461 0.01 0.046 0.038 0.074 0.016 0.197 0.194 0.025 0.095 0.019 0.089 0.206 0.253 0.411 1 0.244 0.148 0.414 0.037 0.104 0.063 0.021 0.022 0.095 0.336 0.153 0.025 0.013 0.027 0.001 0.026 0.003 0.195 0.041 0.123 0.055 0.143 0.022 0.035 0.054 0.07 0.014 0.003 0.073 0.21 0.201 0.162 0 0.108 0.017 0.016 0.001 0.073 0.015 0.017 0.01 0.058 0.025 0.054 0.025 0.036 0.017 0.009 0.002 0.105 0 0 0.039
0.534 0.556 0.649 0.338 0.174 0.131 0.255 0.404 0.009 0.204 0.155 0.02 0.065 0.824 0.765 0.006 0.388 0.08 0.022 0.924 0.069 0.125 0.244 1 0.587 0.545 0.019 0.025 0.21 0.085 0.087 0.446 0.386 0.273 0 0.053 0.007 0.087 0.101 0.05 0.237 0.016 0.012 0.037 0.034 0.011 0.132 0 0.01 0.061 0.019 0 0.076 0.073 0.038 0.014 0.014 0.014 0.009 0.005 0 0.014 0 0.038 0.003 0.023 0.001 0.018 0.011 0.008 0.012 0.005 0.011 0.014 0.004 0.019
0.314 0.284 0.382 0.197 0.02 0.013 0.408 0.238 0.005 0.326 0.241 0.012 0.004 0.474 0.456 0.004 0.566 0.116 0.013 0.573 0.042 0.076 0.148 0.587 1 0.333 0.012 0.015 0.02 0.007 0.007 0.762 0.209 0.146 0.008 0.01 0.004 0.21 0.014 0.137 0.127 0.01 0.044 0.024 0.014 0.007 0.005 0.032 0.017 0.035 0.001 0.008 0.049 0.047 0.015 0 0.006 0.009 0.008 0.004 0.006 0.009 0.002 0.006 0 0.014 0.009 0.012 0.008 0.008 0.007 0.003 0.003 0 0.008 0.012
0.294 0.249 0.305 0.605 0.085 0.066 0.142 0.713 0.016 0.113 0.088 0.036 0.037 0.417 0.404 0.009 0.219 0.045 0.038 0.493 0.122 0.208 0.414 0.545 0.333 1 0.034 0.045 0.114 0.048 0.05 0.256 0.771 0.573 0.041 0.024 0.013 0.027 0.05 0.013 0.499 0.026 0.173 0 0.08 0.018 0.067 0.022 0.192 0.155 0.01 0.019 0.135 0.129 0.089 0.003 0.058 0.024 0.018 0.001 0.02 0.023 0.003 0.016 0.016 0.006 0.029 0.032 0.021 0.03 0.025 0.01 0.055 0.002 0.004 0.033
0.009 0.023 0.025 0.001 0.005 0.003 0.005 0.002 0.045 0.004 0.003 0.003 0.001 0.02 0.017 0.001 0.008 0.002 0.003 0.02 0.011 0.019 0.037 0.019 0.012 0.034 1 0.004 0.005 0.002 0.002 0.012 0.034 0.046 0.002 0.002 0.001 0.013 0.004 0.01 0.002 0.002 0.048 0.02 0.012 0.01 0.004 0.01 0.013 0 0.001 0.016 0.009 0.009 0.01 0.001 0.013 0.002 0.002 0.001 0.016 0.003 0.053 0.002 0.004 0.128 0.016 0.003 0.002 0.002 0.003 0.001 0.013 0.001 0.003 0.003
0.039 0.03 0.033 0.06 0.007 0.004 0.007 0.035 0.002 0.005 0.004 0.004 0.002 0.025 0.027 0.001 0.01 0.002 0.86 0.018 0.321 0.016 0.104 0.025 0.015 0.045 0.004 1 0.007 0.002 0.002 0.015 0.036 0.046 0.003 0.003 0.002 0.016 0.005 0.013 0.053 0.003 0.009 0.068 0.243 0.002 0.005 0.036 0.026 0.027 0.001 0.141 0.233 0.227 0.211 0.002 0.17 0.002 0.002 0.001 0.085 0.003 0.003 0.003 0.452 0.005 0.142 0.004 0.002 0.003 0 0.005 0.169 0.002 0.004 0.004
0.13 0.176 0.158 0.072 0.712 0.511 0.009 0.087 0.002 0.007 0.005 0.005 0.245 0.215 0.198 0.002 0.013 0.003 0.006 0.168 0.018 0.032 0.063 0.21 0.02 0.114 0.005 0.007 1 0.33 0.341 0.019 0.134 0.098 0.006 0.345 0.002 0.02 0.569 0.017 0.085 0.004 0.004 0.021 0.019 0.003 0.317 0.028 0.002 0.03 0.066 0.035 0.02 0.019 0.022 0.039 0.007 0.004 0.003 0.042 0.025 0.003 0.004 0.256 0.004 0.006 0.017 0.004 0.004 0.001 0.003 0.001 0.011 0.04 0.001 0.005
0.055 0.073 0.066 0.033 0.322 0.507 0.003 0.038 0.001 0.002 0.002 0.002 0.001 0.074 0.068 0.001 0.004 0.001 0.002 0.083 0.006 0.011 0.021 0.085 0.007 0.048 0.002 0.002 0.33 1 0.938 0.006 0.039 0.03 0.001 0.098 0.001 0.006 0.408 0.006 0.027 0.001 0.007 0.035 0.007 0.001 0.188 0.018 0.015 0.013 0.015 0.029 0.007 0.007 0.008 0.009 0.009 0.001 0.001 0 0.017 0.001 0.001 0.276 0.004 0.002 0.013 0.002 0.001 0.001 0.001 0 0.009 0.011 0 0.002
0.056 0.074 0.067 0.034 0.333 0.525 0.003 0.039 0.001 0.003 0.002 0.002 0.001 0.077 0.071 0.001 0.004 0.001 0.002 0.085 0.006 0.011 0.022 0.087 0.007 0.05 0.002 0.002 0.341 0.938 1 0.007 0.041 0.032 0.001 0.117 0.001 0.006 0.424 0.006 0.029 0.001 0.007 0.036 0.007 0.001 0.203 0.02 0.015 0.014 0.013 0.031 0.008 0.007 0.008 0.008 0.006 0.001 0.001 0.002 0.019 0.002 0.001 0.258 0.001 0.002 0.015 0.002 0.001 0.001 0.001 0 0.006 0.01 0 0.002
0.239 0.26 0.296 0.146 0.02 0.013 0.411 0.173 0.005 0.327 0.248 0.012 0.004 0.349 0.338 0.004 0.573 0.134 0.013 0.435 0.041 0.037 0.095 0.446 0.762 0.256 0.012 0.015 0.019 0.006 0.007 1 0.28 0.229 0.008 0.009 0.004 0.32 0.013 0.233 0.205 0.009 0.043 0.047 0.013 0.006 0.006 0.057 0.037 0.066 0.001 0.007 0.047 0.046 0.014 0.002 0.005 0.008 0.007 0.004 0.005 0.01 0.007 0.005 0 0.013 0.008 0.013 0.008 0.008 0.007 0.003 0.002 0.002 0.012 0.012
0.206 0.203 0.214 0.496 0.078 0.059 0.124 0.585 0.016 0.096 0.085 0.02 0.036 0.315 0.329 0.01 0.195 0.044 0.029 0.346 0.092 0.18 0.336 0.386 0.209 0.771 0.034 0.036 0.134 0.039 0.041 0.28 1 0.713 0.04 0.069 0.016 0.046 0.103 0.028 0.638 0.029 0.181 0.003 0.089 0.019 0.117 0.004 0.243 0.202 0.01 0.011 0.147 0.141 0.099 0.002 0.054 0.025 0.006 0.001 0.007 0.028 0.024 0.055 0.021 0.005 0.013 0.037 0.021 0.029 0.026 0.022 0.051 0.001 0.007 0.019
0.119 0.12 0.126 0.297 0.05 0.038 0.088 0.372 0.013 0.067 0.06 0.022 0.028 0.226 0.236 0.013 0.142 0.034 0.038 0.237 0.113 0.036 0.153 0.273 0.146 0.573 0.046 0.046 0.098 0.03 0.032 0.229 0.713 1 0.03 0.051 0.02 0.243 0.077 0.226 0.851 0.036 0.122 0.04 0.114 0.016 0.091 0.001 0.377 0.231 0.005 0.027 0.171 0.164 0.127 0 0.095 0.032 0.025 0 0.025 0.031 0.031 0.04 0.029 0.002 0.039 0.042 0.019 0.021 0.037 0.017 0.092 0 0.002 0.035
0.001 0.001 0.001 0.04 0.005 0.002 0.001 0.046 0.001 0.001 0 0.002 0.048 0.001 0.001 0.001 0.003 0.001 0.002 0 0.007 0.013 0.025 0 0.008 0.041 0.002 0.003 0.006 0.001 0.001 0.008 0.04 0.03 1 0.002 0.001 0.008 0.002 0.007 0.04 0.002 0.164 0.027 0.008 0.001 0.003 0.022 0.074 0.019 0 0.014 0.009 0.008 0.009 0 0.012 0.001 0.001 0.001 0.013 0.002 0.001 0.001 0.004 0.002 0.014 0.002 0.001 0.535 0.002 0.001 0.012 0.001 0.002 0.002
0.028 0.042 0.037 0.012 0.162 0.267 0.004 0.016 0.001 0.004 0.002 0.005 0.001 0.069 0.096 0.001 0.006 0.001 0.003 0.029 0 0.016 0.013 0.053 0.01 0.024 0.002 0.003 0.345 0.098 0.117 0.009 0.069 0.051 0.002 1 0.001 0.009 0.637 0.008 0.048 0.002 0.01 0.045 0.01 0.001 0.34 0.002 0.019 0.013 0.029 0.057 0.01 0.01 0.011 0.019 0.001 0.002 0.002 0.053 0.054 0.002 0.002 0.352 0 0.003 0.041 0.003 0.002 0.002 0.002 0.001 0.001 0.017 0.002 0.003
0.005 0.007 0.011 0.022 0.002 0.001 0.002 0.02 0.001 0.002 0.001 0.001 0.001 0.01 0.011 0 0.002 0.001 0.001 0.007 0.005 0.055 0.027 0.007 0.004 0.013 0.001 0.002 0.002 0.001 0.001 0.004 0.016 0.02 0.001 0.001 1 0.006 0.002 0.005 0.022 0.001 0.005 0.015 0.004 0.001 0.002 0.013 0.007 0.007 0 0.008 0.004 0.004 0.005 0.001 0.006 0.001 0.001 0 0.007 0.001 0.001 0.001 0.002 0.002 0.007 0.001 0.001 0.003 0.001 0 0.006 0.001 0.001 0.001
0.033 0.034 0.049 0.005 0.02 0.013 0.216 0.011 0.001 0.149 0.137 0.013 0.005 0.078 0.074 0.004 0.33 0.007 0.014 0.084 0.045 0.037 0.001 0.087 0.21 0.027 0.013 0.016 0.02 0.006 0.006 0.32 0.046 0.243 0.008 0.009 0.006 1 0.013 0.816 0.219 0.01 0.052 0.239 0.051 0.078 0.005 0.158 0.206 0.032 0.004 0.032 0.053 0.051 0.052 0.005 0.022 0.009 0.008 0.005 0.025 0.007 0.009 0.007 0.001 0.013 0.034 0.001 0.009 0.008 0.008 0.004 0.023 0.005 0.003 0.013
0.058 0.082 0.073 0.028 0.336 0.544 0.006 0.035 0.002 0.005 0.003 0.001 0.002 0.113 0.137 0.001 0.008 0.002 0.004 0.07 0.002 0.023 0.026 0.101 0.014 0.05 0.004 0.005 0.569 0.408 0.424 0.013 0.103 0.077 0.002 0.637 0.002 0.013 1 0.012 0.072 0.003 0.015 0.075 0.015 0.002 0.509 0.006 0.029 0.024 0.017 0.085 0.016 0.015 0.017 0.01 0.004 0.003 0.002 0.048 0.071 0.003 0.003 0.487 0.002 0.004 0.054 0.004 0.003 0.002 0.003 0.001 0.007 0.01 0.003 0.004
0.016 0.033 0.025 0.001 0.018 0.011 0.247 0.003 0.001 0.167 0.148 0.011 0.004 0.046 0.044 0.003 0.211 0.005 0.012 0.048 0.037 0.044 0.003 0.05 0.137 0.013 0.01 0.013 0.017 0.006 0.006 0.233 0.028 0.226 0.007 0.008 0.005 0.816 0.012 1 0.206 0.008 0.042 0.217 0.041 0.098 0.014 0.132 0.276 0.029 0.003 0.069 0.043 0.041 0.047 0.004 0.058 0.008 0.006 0.004 0.06 0.005 0.007 0.007 0.022 0.011 0.068 0.008 0.007 0.007 0.01 0.003 0.058 0.004 0 0.01
0.101 0.096 0.1 0.361 0.041 0.03 0.079 0.447 0.012 0.06 0.06 0.033 0.025 0.196 0.204 0.015 0.129 0.029 0.044 0.203 0.139 0.047 0.195 0.237 0.127 0.499 0.002 0.053 0.085 0.027 0.029 0.205 0.638 0.851 0.04 0.048 0.022 0.219 0.072 0.206 1 0.041 0.231 0.021 0.14 0.014 0.082 0 0.488 0.277 0.006 0.043 0.21 0.202 0.155 0 0.121 0.035 0.027 0 0.039 0.034 0.032 0.036 0.039 0.047 0.057 0.047 0.031 0.03 0.042 0.016 0.117 0 0.003 0.049
0.019 0.014 0.016 0.034 0.004 0.003 0.004 0.036 0.002 0.004 0.002 0.003 0.001 0.018 0.02 0 0.006 0.001 0.003 0.016 0.005 0.089 0.041 0.016 0.01 0.026 0.002 0.003 0.004 0.001 0.001 0.009 0.029 0.036 0.002 0.002 0.001 0.01 0.003 0.008 0.041 1 0.004 0.027 0.008 0.001 0.003 0.01 0.008 0.027 0.001 0.008 0.003 0.003 0.002 0.001 0.012 0.002 0.002 0.001 0.007 0.234 0.002 0.002 0.004 0.004 0.015 0.255 0.002 0.002 0.002 0.001 0.006 0.001 0 0.003
0.01 0.027 0.03 0.207 0.004 0.013 0.015 0.238 0.006 0.012 0.007 0.013 0.1 0.018 0.016 0.003 0.014 0.006 0.007 0.013 0.035 0.064 0.123 0.012 0.044 0.173 0.048 0.009 0.004 0.007 0.007 0.043 0.181 0.122 0.164 0.01 0.005 0.052 0.015 0.042 0.231 0.004 1 0.157 0.045 0.007 0.017 0.11 0.402 0.086 0.004 0.078 0.051 0.049 0.051 0.001 0.063 0.008 0.006 0.004 0.075 0.004 0.009 0.008 0.027 0.219 0.077 0.006 0.007 0.136 0.012 0.068 0.065 0 0 0.011
0.067 0.085 0.088 0.001 0.008 0.048 0.056 0 0.008 0.037 0.033 0.073 0.016 0.059 0.065 0.007 0.08 0.02 0.07 0.042 0.212 0.033 0.055 0.037 0.024 0 0.02 0.068 0.021 0.035 0.036 0.047 0.003 0.04 0.027 0.045 0.015 0.239 0.075 0.217 0.021 0.027 0.157 1 0.234 0.041 0.104 0.365 0.002 0.128 0.001 0.353 0.244 0.233 0.194 0.003 0.239 0.054 0.012 0.027 0.261 0.026 0.028 0.045 0.102 0.042 0.26 0.034 0.026 0.026 0.066 0.011 0.223 0.004 0.013 0.024
0 0.002 0.001 0.013 0.017 0.01 0 0.039 0.006 0 0 0.148 0.005 0.016 0.016 0.003 0.003 0.006 0.236 0.023 0.595 0.075 0.143 0.034 0.014 0.08 0.012 0.243 0.019 0.007 0.007 0.013 0.089 0.114 0.008 0.01 0.004 0.051 0.015 0.041 0.14 0.008 0.045 0.234 1 0.007 0.017 0.193 0.113 0.046 0.004 0.587 0.784 0.759 0.833 0.005 0.661 0.144 0.057 0.01 0.444 0.011 0.009 0.007 0.201 0.015 0.506 0.013 0.089 0.008 0.168 0.003 0.691 0.005 0.013 0.101
0.002 0.012 0.014 0.027 0.003 0.002 0.003 0.024 0.004 0.002 0.002 0.002 0.001 0.007 0.007 0 0.004 0.001 0.002 0.011 0.006 0.049 0.022 0.011 0.007 0.018 0.01 0.002 0.003 0.001 0.001 0.006 0.019 0.016 0.001 0.001 0.001 0.078 0.002 0.098 0.014 0.001 0.007 0.041 0.007 1 0.002 0.003 0.01 0.012 0 0.011 0.007 0.007 0.008 0.001 0.01 0.001 0.001 0.001 0.006 0 0.001 0.001 0.004 0.002 0.011 0 0.001 0.001 0.002 0 0.01 0.001 0.031 0.002
0.079 0.055 0.098 0.041 0.199 0.333 0.007 0.049 0.002 0.006 0.004 0 0.002 0.142 0.158 0.001 0.017 0.002 0.005 0.117 0.005 0.027 0.035 0.132 0.005 0.067 0.004 0.005 0.317 0.188 0.203 0.006 0.117 0.091 0.003 0.34 0.002 0.005 0.509 0.014 0.082 0.003 0.017 0.104 0.017 0.002 1 0.002 0.038 0.039 0.001 0.2 0.018 0.017 0.015 0.002 0.012 0.003 0.003 0.053 0.174 0.004 0.003 0.427 0.023 0.005 0.137 0.005 0.003 0.003 0.001 0.001 0.008 0.002 0.004 0.004
0.001 0.003 0.005 0.019 0.047 0.026 0.084 0.024 0 0.06 0.044 0.061 0.014 0.005 0.002 0.009 0.093 0.016 0.039 0.002 0.142 0.012 0.054 0 0.032 0.022 0.01 0.036 0.028 0.018 0.02 0.057 0.004 0.001 0.022 0.002 0.013 0.158 0.006 0.132 0 0.01 0.11 0.365 0.193 0.003 0.002 1 0 0.05 0.01 0.198 0.191 0.186 0.207 0.014 0.213 0.012 0.022 0.004 0.224 0.019 0.004 0 0.095 0.038 0.164 0.026 0.022 0.022 0.02 0.004 0.22 0.014 0.012 0.046
0.002 0.001 0 0.167 0.002 0.03 0.089 0.209 0.009 0.059 0.061 0.026 0.046 0.004 0.005 0.008 0.074 0.014 0.021 0.009 0.082 0.007 0.07 0.01 0.017 0.192 0.013 0.026 0.002 0.015 0.015 0.037 0.243 0.377 0.074 0.019 0.007 0.206 0.029 0.276 0.488 0.008 0.402 0.002 0.113 0.01 0.038 0 1 0.161 0 0.188 0.117 0.113 0.129 0 0.157 0.019 0.017 0.01 0.181 0.017 0.02 0.018 0.06 0.131 0.186 0.024 0.019 0.059 0.027 0.031 0.158 0.001 0 0.028
0.046 0.045 0.04 0.137 0.013 0.012 0.027 0.192 0.031 0.034 0.029 0.005 0.012 0.047 0.053 0.03 0.035 0.006 0.032 0.071 0.019 0.101 0.014 0.061 0.035 0.155 0 0.027 0.03 0.013 0.014 0.066 0.202 0.231 0.019 0.013 0.007 0.032 0.024 0.029 0.277 0.027 0.086 0.128 0.046 0.012 0.039 0.05 0.161 1 0.009 0.103 0.044 0.041 0.051 0.001 0.044 0.004 0 0.01 0.055 0.068 0.064 0.018 0.034 0.033 0.059 0.092 0.006 0.014 0 0.008 0.044 0 0.019 0.003
0.009 0.014 0.012 0.006 0.062 0.019 0.001 0.008 0 0.001 0.001 0.001 0.069 0.016 0.014 0 0.002 0.001 0.001 0.018 0.003 0 0.003 0.019 0.001 0.01 0.001 0.001 0.066 0.015 0.013 0.001 0.01 0.005 0 0.029 0 0.004 0.017 0.003 0.006 0.001 0.004 0.001 0.004 0 0.001 0.01 0 0.009 1 0.006 0.004 0.004 0.004 0.691 0.005 0.001 0.001 0 0.006 0 0.001 0.001 0.002 0.001 0.006 0 0.001 0 0.001 0 0.005 0.587 0.023 0.001
0.023 0.025 0.033 0 0.016 0.055 0.007 0.008 0.009 0.003 0.003 0.128 0.009 0.006 0.008 0.006 0 0.011 0.139 0.002 0.418 0.084 0.073 0 0.008 0.019 0.016 0.141 0.035 0.029 0.031 0.007 0.011 0.027 0.014 0.057 0.008 0.032 0.085 0.069 0.043 0.008 0.078 0.353 0.587 0.011 0.2 0.198 0.188 0.103 0.006 1 0.623 0.6 0.656 0.009 0.691 0.104 0.029 0.052 0.792 0.018 0.015 0.087 0.288 0.025 0.785 0.022 0.059 0.014 0.146 0.006 0.7 0.009 0.021 0.069
0.003 0.001 0.002 0.035 0.018 0.01 0.017 0.08 0.006 0.013 0.013 0.167 0.005 0.044 0.043 0.003 0.031 0.007 0.227 0.052 0.631 0.041 0.21 0.076 0.049 0.135 0.009 0.233 0.02 0.007 0.008 0.047 0.147 0.171 0.009 0.01 0.004 0.053 0.016 0.043 0.21 0.003 0.051 0.244 0.784 0.007 0.018 0.191 0.117 0.044 0.004 0.623 1 0.964 0.868 0.005 0.708 0.167 0.054 0.013 0.474 0.011 0.009 0.007 0.274 0.015 0.511 0.014 0.101 0.009 0.21 0.004 0.698 0.006 0.013 0.122
0.002 0 0.001 0.033 0.017 0.01 0.017 0.078 0.006 0.012 0.012 0.141 0.005 0.043 0.042 0.003 0.029 0.006 0.233 0.056 0.598 0.039 0.201 0.073 0.047 0.129 0.009 0.227 0.019 0.007 0.007 0.046 0.141 0.164 0.008 0.01 0.004 0.051 0.015 0.041 0.202 0.003 0.049 0.233 0.759 0.007 0.017 0.186 0.113 0.041 0.004 0.6 0.964 1 0.837 0.005 0.683 0.173 0.057 0.002 0.465 0.011 0.009 0.007 0.242 0.015 0.491 0.013 0.106 0.008 0.217 0.003 0.673 0.005 0.013 0.128
0 0.002 0 0.017 0.02 0.011 0.001 0.049 0.006 0 0 0.122 0.006 0.018 0.019 0.004 0.003 0.007 0.206 0.022 0.535 0.045 0.162 0.038 0.015 0.089 0.01 0.211 0.022 0.008 0.008 0.014 0.099 0.127 0.009 0.011 0.005 0.052 0.017 0.047 0.155 0.002 0.051 0.194 0.833 0.008 0.015 0.207 0.129 0.051 0.004 0.656 0.868 0.837 1 0.006 0.718 0.152 0.051 0.011 0.516 0.01 0.01 0.008 0.262 0.017 0.553 0.013 0.068 0.009 0.191 0.004 0.744 0.006 0.015 0.11
0.005 0.01 0.008 0.003 0.037 0.012 0.002 0.004 0.001 0.002 0.001 0.001 0.041 0.011 0.01 0 0.003 0.001 0.001 0.014 0.004 0.001 0 0.014 0 0.003 0.001 0.002 0.039 0.009 0.008 0.002 0.002 0 0 0.019 0.001 0.005 0.01 0.004 0 0.001 0.001 0.003 0.005 0.001 0.002 0.014 0 0.001 0.691 0.009 0.005 0.005 0.006 1 0.007 0.001 0.001 0 0.008 0.001 0.001 0.001 0.003 0.001 0.008 0.001 0.001 0 0.001 0 0.007 0.815 0.041 0.001
0.005 0.004 0.009 0.003 0.002 0 0.006 0.018 0.008 0.002 0.005 0.121 0.007 0.002 0.003 0 0 0.009 0.167 0.005 0.456 0.062 0.108 0.014 0.006 0.058 0.013 0.17 0.007 0.009 0.006 0.005 0.054 0.095 0.012 0.001 0.006 0.022 0.004 0.058 0.121 0.012 0.063 0.239 0.661 0.01 0.012 0.213 0.157 0.044 0.005 0.691 0.708 0.683 0.718 0.007 1 0.121 0.102 0.062 0.665 0.015 0.013 0.01 0.37 0.021 0.695 0.019 0.121 0.012 0.171 0.005 0.918 0.008 0.018 0.179
0.032 0.045 0.039 0.015 0.004 0.002 0.004 0.005 0.001 0.003 0.002 0.015 0.001 0.003 0.003 0.001 0.006 0.001 0.001 0.015 0.093 0.014 0.017 0.014 0.009 0.024 0.002 0.002 0.004 0.001 0.001 0.008 0.025 0.032 0.001 0.002 0.001 0.009 0.003 0.008 0.035 0.002 0.008 0.054 0.144 0.001 0.003 0.012 0.019 0.004 0.001 0.104 0.167 0.173 0.152 0.001 0.121 1 0 0.001 0.044 0.002 0.002 0.001 0.002 0.002 0.08 0.002 0 0.001 0.324 0.001 0.115 0.001 0.002 0.001
0.003 0.001 0.001 0.001 0.002 0.007 0 0 0.001 0 0.002 0.174 0.001 0.003 0.004 0.025 0.005 0.001 0.002 0.01 0.05 0.003 0.016 0.009 0.008 0.018 0.002 0.002 0.003 0.001 0.001 0.007 0.006 0.025 0.001 0.002 0.001 0.008 0.002 0.006 0.027 0.002 0.006 0.012 0.057 0.001 0.003 0.022 0.017 0 0.001 0.029 0.054 0.057 0.051 0.001 0.102 0 1 0.001 0.089 0.002 0.001 0.001 0.004 0.002 0.06 0.002 0.121 0.001 0 0.001 0.096 0.001 0.002 0.405
0.008 0.004 0.003 0 0.041 0.07 0.002 0 0 0.002 0.001 0.028 0 0.006 0.005 0 0.003 0.001 0.001 0.013 0.004 0.007 0.001 0.005 0.004 0.001 0.001 0.001 0.042 0 0.002 0.004 0.001 0 0.001 0.053 0 0.005 0.048 0.004 0 0.001 0.004 0.027 0.01 0.001 0.053 0.004 0.01 0.01 0 0.052 0.013 0.002 0.011 0 0.062 0.001 0.001 1 0.047 0.001 0.001 0.001 0.015 0.001 0.015 0.001 0.001 0.001 0 0 0.046 0 0.001 0.001
0.015 0.015 0.022 0.001 0.018 0.057 0.006 0.01 0.009 0.002 0.004 0.132 0.008 0.01 0.004 0 0 0.01 0.106 0.001 0.356 0.062 0.073 0 0.006 0.02 0.016 0.085 0.025 0.017 0.019 0.005 0.007 0.025 0.013 0.054 0.007 0.025 0.071 0.06 0.039 0.007 0.075 0.261 0.444 0.006 0.174 0.224 0.181 0.055 0.006 0.792 0.474 0.465 0.516 0.008 0.665 0.044 0.089 0.047 1 0.017 0.014 0.091 0.246 0.024 0.779 0.022 0.106 0.013 0.082 0.006 0.68 0.009 0.021 0.156
0.014 0.009 0.011 0.028 0.003 0.003 0.003 0.033 0.001 0.002 0.003 0.002 0 0.014 0.015 0 0.005 0.001 0.003 0.013 0.005 0.057 0.015 0.014 0.009 0.023 0.003 0.003 0.003 0.001 0.002 0.01 0.028 0.031 0.002 0.002 0.001 0.007 0.003 0.005 0.034 0.234 0.004 0.026 0.011 0 0.004 0.019 0.017 0.068 0 0.018 0.011 0.011 0.01 0.001 0.015 0.002 0.002 0.001 0.017 1 0.002 0.002 0.006 0.003 0.018 0.778 0.002 0.002 0.003 0.001 0.015 0.001 0.046 0.003
0.001 0.012 0 0.005 0.004 0.002 0.004 0.006 0.156 0.003 0.002 0.001 0.001 0 0 0.001 0.005 0 0.002 0 0.008 0.007 0.017 0 0.002 0.003 0.053 0.003 0.004 0.001 0.001 0.007 0.024 0.031 0.001 0.002 0.001 0.009 0.003 0.007 0.032 0.002 0.009 0.028 0.009 0.001 0.003 0.004 0.02 0.064 0.001 0.015 0.009 0.009 0.01 0.001 0.013 0.002 0.001 0.001 0.014 0.002 1 0.001 0.005 0.003 0.015 0.002 0.002 0.001 0.002 0.001 0.013 0.001 0.002 0.002
0.017 0.026 0.023 0.007 0.135 0.222 0.003 0.011 0.001 0.003 0.002 0.004 0.001 0.055 0.076 0.001 0.005 0.001 0.002 0.028 0 0.013 0.01 0.038 0.006 0.016 0.002 0.003 0.256 0.276 0.258 0.005 0.055 0.04 0.001 0.352 0.001 0.007 0.487 0.007 0.036 0.002 0.008 0.045 0.007 0.001 0.427 0 0.018 0.018 0.001 0.087 0.007 0.007 0.008 0.001 0.01 0.001 0.001 0.001 0.091 0.002 0.001 1 0.002 0.002 0.082 0.002 0.001 0.001 0.001 0.001 0.01 0.001 0.002 0.002
0.004 0.011 0.003 0.02 0.004 0.001 0.012 0.016 0.003 0.009 0.007 0.001 0.003 0.004 0.005 0.002 0.001 0.003 0.433 0 0.206 0.019 0.058 0.003 0 0.016 0.004 0.452 0.004 0.004 0.001 0 0.021 0.029 0.004 0 0.002 0.001 0.002 0.022 0.039 0.004 0.027 0.102 0.201 0.004 0.023 0.095 0.06 0.034 0.002 0.288 0.274 0.242 0.262 0.003 0.37 0.002 0.004 0.015 0.246 0.006 0.005 0.002 1 0.008 0.304 0.007 0.005 0.004 0.003 0.002 0.344 0.003 0.007 0
0.013 0.026 0.029 0.046 0.006 0.004 0.006 0.053 0.002 0.005 0.004 0.004 0.002 0.025 0.028 0.001 0.009 0.002 0.004 0.023 0.012 0.008 0.025 0.023 0.014 0.006 0.128 0.005 0.006 0.002 0.002 0.013 0.005 0.002 0.002 0.003 0.002 0.013 0.004 0.011 0.047 0.004 0.219 0.042 0.015 0.002 0.005 0.038 0.131 0.033 0.001 0.025 0.015 0.015 0.017 0.001 0.021 0.002 0.002 0.001 0.024 0.003 0.003 0.002 0.008 1 0.024 0.004 0.003 0.002 0.004 0.001 0.021 0.002 0 0.004
0.011 0.017 0.022 0.001 0.011 0.042 0.006 0.006 0.009 0.002 0.004 0.103 0.009 0.004 0.005 0 0 0.01 0.141 0 0.406 0.064 0.054 0.001 0.009 0.029 0.016 0.142 0.017 0.013 0.015 0.008 0.013 0.039 0.014 0.041 0.007 0.034 0.054 0.068 0.057 0.015 0.077 0.26 0.506 0.011 0.137 0.164 0.186 0.059 0.006 0.785 0.511 0.491 0.553 0.008 0.695 0.08 0.06 0.015 0.779 0.018 0.015 0.082 0.304 0.024 1 0.022 0.103 0.014 0.148 0.006 0.682 0.009 0.008 0.122
0.021 0.014 0.017 0.04 0.004 0.004 0.004 0.044 0.002 0.003 0.003 0.003 0 0.019 0.021 0 0.007 0.002 0.003 0.018 0.007 0.081 0.025 0.018 0.012 0.032 0.003 0.004 0.004 0.002 0.002 0.013 0.037 0.042 0.002 0.003 0.001 0.001 0.004 0.008 0.047 0.255 0.006 0.034 0.013 0 0.005 0.026 0.024 0.092 0 0.022 0.014 0.013 0.013 0.001 0.019 0.002 0.002 0.001 0.022 0.778 0.002 0.002 0.007 0.004 0.022 1 0.002 0.002 0.003 0.001 0.019 0.001 0.11 0.003
0.002 0.005 0.004 0 0.002 0.005 0 0.007 0.001 0 0.002 0.109 0.001 0.004 0.005 0.022 0.005 0.001 0.002 0.011 0.1 0.004 0.036 0.011 0.008 0.021 0.002 0.002 0.004 0.001 0.001 0.008 0.021 0.019 0.001 0.002 0.001 0.009 0.003 0.007 0.031 0.002 0.007 0.026 0.089 0.001 0.003 0.022 0.019 0.006 0.001 0.059 0.101 0.106 0.068 0.001 0.121 0 0.121 0.001 0.106 0.002 0.002 0.001 0.005 0.003 0.103 0.002 1 0.001 0.002 0.001 0.115 0.001 0.002 0.405
0 0.01 0.011 0.03 0.002 0.002 0.001 0.035 0.001 0.001 0 0.002 0 0.009 0.005 0.001 0.003 0.001 0.002 0.008 0.007 0.007 0.017 0.008 0.008 0.03 0.002 0.003 0.001 0.001 0.001 0.008 0.029 0.021 0.535 0.002 0.003 0.008 0.002 0.007 0.03 0.002 0.136 0.026 0.008 0.001 0.003 0.022 0.059 0.014 0 0.014 0.009 0.008 0.009 0 0.012 0.001 0.001 0.001 0.013 0.002 0.001 0.001 0.004 0.002 0.014 0.002 0.001 1 0.002 0.001 0.012 0.001 0.002 0.002
0.011 0.015 0.017 0.001 0.003 0.002 0.005 0.001 0.001 0.004 0.003 0.023 0.001 0 0.001 0.001 0.003 0.002 0 0.011 0.066 0.014 0.009 0.012 0.007 0.025 0.003 0 0.003 0.001 0.001 0.007 0.026 0.037 0.002 0.002 0.001 0.008 0.003 0.01 0.042 0.002 0.012 0.066 0.168 0.002 0.001 0.02 0.027 0 0.001 0.146 0.21 0.217 0.191 0.001 0.171 0.324 0 0 0.082 0.003 0.002 0.001 0.003 0.004 0.148 0.003 0.002 0.002 1 0.001 0.165 0.001 0.003 0
0.003 0.006 0.007 0.005 0.001 0.001 0.001 0.007 0 0.001 0.001 0.001 0 0.006 0.004 0 0.002 0 0.006 0.006 0 0.005 0.002 0.005 0.003 0.01 0.001 0.005 0.001 0 0 0.003 0.022 0.017 0.001 0.001 0 0.004 0.001 0.003 0.016 0.001 0.068 0.011 0.003 0 0.001 0.004 0.031 0.008 0 0.006 0.004 0.003 0.004 0 0.005 0.001 0.001 0 0.006 0.001 0.001 0.001 0.002 0.001 0.006 0.001 0.001 0.001 0.001 1 0.005 0 0.001 0.001
0.004 0.004 0.009 0.003 0.004 0 0.004 0.017 0.008 0.001 0.002 0.117 0.007 0.001 0.002 0 0.001 0.009 0.166 0.006 0.443 0.061 0.105 0.011 0.003 0.055 0.013 0.169 0.011 0.009 0.006 0.002 0.051 0.092 0.012 0.001 0.006 0.023 0.007 0.058 0.117 0.006 0.065 0.223 0.691 0.01 0.008 0.22 0.158 0.044 0.005 0.7 0.698 0.673 0.744 0.007 0.918 0.115 0.096 0.046 0.68 0.015 0.013 0.01 0.344 0.021 0.682 0.019 0.115 0.012 0.165 0.005 1 0.008 0.018 0.175
0.005 0.009 0.008 0.001 0.037 0.013 0.002 0.002 0.001 0.002 0.001 0.001 0.039 0.011 0.009 0 0.003 0.001 0.001 0.013 0.004 0.002 0 0.014 0 0.002 0.001 0.002 0.04 0.011 0.01 0.002 0.001 0 0.001 0.017 0.001 0.005 0.01 0.004 0 0.001 0 0.004 0.005 0.001 0.002 0.014 0.001 0 0.587 0.009 0.006 0.005 0.006 0.815 0.008 0.001 0.001 0 0.009 0.001 0.001 0.001 0.003 0.002 0.009 0.001 0.001 0.001 0.001 0 0.008 1 0.041 0.001
0.011 0.006 0.007 0.01 0 0.002 0.005 0.007 0.001 0.004 0.003 0.003 0.012 0.004 0.005 0 0.008 0.002 0.003 0.004 0.002 0.034 0 0.004 0.008 0.004 0.003 0.004 0.001 0 0 0.012 0.007 0.002 0.002 0.002 0.001 0.003 0.003 0 0.003 0 0 0.013 0.013 0.031 0.004 0.012 0 0.019 0.023 0.021 0.013 0.013 0.015 0.041 0.018 0.002 0.002 0.001 0.021 0.046 0.002 0.002 0.007 0 0.008 0.11 0.002 0.002 0.003 0.001 0.018 0.041 1 0.003
0 0.001 0 0 0 0.001 0.002 0.01 0.001 0.001 0.003 0.156 0.001 0.012 0.013 0.013 0.008 0.002 0.003 0.02 0.122 0.006 0.039 0.019 0.012 0.033 0.003 0.004 0.005 0.002 0.002 0.012 0.019 0.035 0.002 0.003 0.001 0.013 0.004 0.01 0.049 0.003 0.011 0.024 0.101 0.002 0.004 0.046 0.028 0.003 0.001 0.069 0.122 0.128 0.11 0.001 0.179 0.001 0.405 0.001 0.156 0.003 0.002 0.002 0 0.004 0.122 0.003 0.405 0.002 0 0.001 0.175 0.001 0.003 1
