1 0.83 0.868 0.472 0.222 0.157 0.243 0.355 0.012 0.221 0.12 0.02 0.054 0.61 0.564 0.001 0.264 0.055 0.043 0.655 0.012 0.107 0.123 0.656 0.367 0.339 0.014 0.045 0.173 0.049 0.068 0.27 0.286 0.177 0.003 0.055 0.004 0.066 0.087 0.038 0.152 0.019 0.008 0.08 0.004 0.007 0.114 0.02 0.007 0.075 0.005 0.016 0.01 0.013 0.006 0.01 0.003 0.026 0 0.02 0.017 0.013 0.012 0.038 0.016 0.005 0.007 0.016 0 0.006 0.023 0.003 0.003 0.005 0.009 0.002
0.83 1 0.943 0.459 0.26 0.183 0.285 0.337 0.01 0.255 0.141 0.017 0.064 0.686 0.637 0 0.263 0.065 0.036 0.702 0.006 0.095 0.101 0.705 0.376 0.325 0.023 0.038 0.204 0.057 0.08 0.284 0.281 0.174 0.004 0.067 0.007 0.069 0.104 0.054 0.143 0.016 0.021 0.102 0.001 0.007 0.101 0.028 0.003 0.05 0.007 0.019 0.006 0.008 0.003 0.013 0.003 0.032 0 0.021 0.02 0.01 0.013 0.047 0.018 0.018 0.013 0.012 0 0.008 0.023 0.01 0.003 0.007 0.007 0.001
0.868 0.943 1 0.488 0.254 0.179 0.278 0.363 0.01 0.249 0.137 0.018 0.062 0.707 0.657 0 0.302 0.063 0.037 0.748 0.007 0.096 0.103 0.753 0.422 0.356 0.023 0.039 0.199 0.056 0.078 0.316 0.303 0.191 0.004 0.065 0.009 0.086 0.101 0.051 0.158 0.017 0.021 0.114 0.002 0.007 0.133 0.035 0.002 0.056 0.007 0.026 0.006 0.009 0.003 0.012 0.007 0.031 0 0.021 0.028 0.011 0.01 0.046 0.012 0.018 0.014 0.013 0 0.008 0.028 0.01 0.007 0.007 0.007 0.001
0.472 0.459 0.488 1 0.108 0.069 0.147 0.811 0.02 0.133 0.073 0.034 0.033 0.34 0.345 0.003 0.162 0.034 0.07 0.359 0.043 0.208 0.289 0.368 0.236 0.629 0.001 0.073 0.076 0.029 0.041 0.164 0.554 0.403 0.028 0.029 0.017 0.023 0.046 0.01 0.461 0.031 0.232 0.003 0.042 0.014 0.064 0.003 0.211 0.161 0.008 0.004 0.058 0.066 0.055 0.011 0.013 0.012 0.003 0.007 0.003 0.027 0.021 0.008 0.043 0.049 0.008 0.032 0.003 0.03 0.001 0.021 0.012 0.001 0.018 0.007
0.222 0.26 0.254 0.108 1 0.704 0.014 0.141 0.003 0.012 0.007 0.005 0.244 0.257 0.24 0.004 0.015 0.003 0.009 0.251 0.022 0.01 0.037 0.224 0.024 0.114 0.006 0.01 0.81 0.22 0.311 0.025 0.127 0.058 0 0.276 0.002 0.025 0.432 0.021 0.052 0.004 0.006 0.015 0.013 0.002 0.243 0.027 0.007 0.021 0.029 0.033 0.011 0.013 0.017 0.019 0 0.004 0 0.109 0.038 0.001 0.004 0.205 0.007 0.007 0.021 0.002 0 0.001 0.001 0.003 0 0.014 0.002 0
0.157 0.183 0.179 0.069 0.704 1 0.01 0.102 0.002 0.009 0.005 0.003 0.002 0.186 0.174 0.008 0.011 0.002 0.007 0.173 0.015 0.004 0.021 0.143 0.017 0.071 0.004 0.007 0.529 0.313 0.442 0.018 0.086 0.028 0.002 0.398 0.002 0.018 0.621 0.015 0.025 0.003 0.016 0.055 0.006 0.001 0.362 0.011 0.038 0.01 0.028 0.077 0.006 0.006 0.009 0.019 0.007 0.003 0.002 0.159 0.085 0.005 0.003 0.297 0.003 0.005 0.054 0.005 0.002 0.002 0.004 0.002 0.007 0.014 0.002 0
0.243 0.285 0.278 0.147 0.014 0.01 1 0.147 0.003 0.899 0.494 0.005 0.003 0.255 0.238 0.002 0.701 0.003 0.01 0.282 0.013 0.038 0.062 0.299 0.516 0.161 0.007 0.011 0.013 0.003 0.004 0.456 0.129 0.107 0.002 0.006 0.003 0.304 0.008 0.361 0.092 0.005 0.024 0.085 0.001 0.002 0.011 0.127 0.122 0.035 0.002 0.011 0.015 0.017 0.002 0.003 0.007 0.004 0 0.003 0.014 0.002 0.004 0.005 0.018 0.002 0.014 0.003 0 0.003 0.005 0.003 0.01 0.003 0.006 0
0.355 0.337 0.363 0.811 0.141 0.102 0.147 1 0.018 0.132 0.078 0.031 0.035 0.403 0.404 0.002 0.162 0.036 0.059 0.418 0.122 0.173 0.373 0.427 0.249 0.713 0.001 0.061 0.109 0.032 0.044 0.194 0.665 0.469 0.03 0.033 0.016 0.034 0.052 0.018 0.535 0.029 0.252 0 0.082 0.015 0.07 0.005 0.248 0.175 0.01 0.018 0.113 0.123 0.102 0.013 0.036 0.024 0.002 0.008 0.015 0.025 0.02 0.024 0.047 0.054 0.025 0.029 0.004 0.032 0.008 0.023 0.032 0.002 0.016 0.008
0.012 0.01 0.01 0.02 0.003 0.002 0.003 0.018 1 0.003 0.001 0.001 0.001 0.008 0.004 0 0.003 0.001 0.002 0.009 0.005 0.007 0.015 0.009 0.005 0.015 0.128 0.002 0.003 0.001 0.001 0.005 0.016 0.018 0.001 0.001 0.001 0.005 0.002 0.004 0.006 0.006 0.005 0.017 0.005 0 0.002 0.003 0.011 0.034 0 0.01 0.005 0.005 0.006 0.001 0.008 0.001 0.001 0.001 0.009 0.001 0.404 0.001 0.004 0.002 0.009 0.001 0.001 0.001 0.001 0.001 0.007 0.001 0.001 0.001
0.221 0.255 0.249 0.133 0.012 0.009 0.899 0.132 0.003 1 0.542 0.004 0.003 0.227 0.211 0.002 0.62 0.003 0.009 0.25 0.011 0.035 0.055 0.265 0.458 0.144 0.006 0.01 0.012 0.003 0.004 0.402 0.114 0.094 0.002 0.005 0.002 0.256 0.008 0.304 0.081 0.004 0.021 0.071 0 0.002 0.01 0.109 0.102 0.047 0.002 0.008 0.013 0.014 0.001 0.003 0.005 0.004 0.001 0.003 0.01 0.002 0.004 0.004 0.016 0.001 0.01 0.002 0.001 0.002 0.005 0.003 0.007 0.003 0.006 0
0.12 0.141 0.137 0.073 0.007 0.005 0.494 0.078 0.001 0.542 1 0.002 0.002 0.142 0.133 0.001 0.438 0.002 0.005 0.157 0.012 0.019 0.039 0.166 0.282 0.092 0.003 0.005 0.006 0.002 0.002 0.266 0.087 0.073 0.001 0.003 0.001 0.17 0.004 0.198 0.065 0.002 0.011 0.041 0.001 0.001 0.005 0.074 0.071 0.029 0.001 0.005 0.013 0.014 0.001 0.001 0.004 0.002 0.002 0.002 0.01 0.003 0.002 0.002 0.009 0.004 0.009 0.004 0.002 0.001 0.003 0.001 0.008 0.002 0.003 0.003
0.02 0.017 0.018 0.034 0.005 0.003 0.005 0.031 0.001 0.004 0.002 1 0.001 0.003 0.003 0.001 0.006 0.001 0.003 0.008 0.199 0.013 0.059 0.015 0.008 0.026 0.002 0.004 0.004 0.001 0.001 0.005 0.026 0.03 0.001 0.001 0.001 0.006 0.001 0.005 0.029 0.002 0.009 0.055 0.133 0.001 0.002 0.031 0.015 0.002 0.001 0.081 0.149 0.114 0.107 0.001 0.091 0.022 0.133 0.006 0.073 0.002 0.001 0 0 0.003 0.072 0.003 0.136 0.001 0.028 0.001 0.084 0.001 0.002 0.187
0.054 0.064 0.062 0.033 0.244 0.002 0.003 0.035 0.001 0.003 0.002 0.001 1 0.064 0.06 0 0.004 0.001 0.002 0.071 0.005 0.009 0.018 0.075 0.006 0.042 0.001 0.002 0.257 0.001 0.001 0.006 0.039 0.034 0.004 0.001 0.001 0.006 0.002 0.005 0.029 0.001 0.128 0.02 0.006 0.001 0.002 0.017 0.026 0.013 0.002 0.011 0.006 0.006 0.007 0.001 0.01 0.001 0.001 0.001 0.011 0.002 0.001 0.001 0.004 0.002 0.01 0.002 0.001 0 0.001 0.001 0.008 0.001 0 0.001
0.61 0.686 0.707 0.34 0.257 0.186 0.255 0.403 0.008 0.227 0.142 0.003 0.064 1 0.895 0 0.319 0.066 0.019 0.819 0.044 0.085 0.16 0.824 0.469 0.413 0.021 0.021 0.209 0.058 0.083 0.344 0.353 0.243 0.004 0.069 0.009 0.101 0.107 0.063 0.208 0.016 0.014 0.075 0.02 0.006 0.139 0.018 0.007 0.045 0.009 0.005 0.038 0.043 0.026 0.015 0 0.002 0.004 0.022 0.006 0.008 0.009 0.053 0.008 0.01 0.001 0.01 0.005 0.008 0.001 0.01 0 0.009 0.004 0.008
0.564 0.637 0.657 0.345 0.24 0.174 0.238 0.404 0.004 0.211 0.133 0.003 0.06 0.895 1 0 0.298 0.062 0.021 0.784 0.047 0.091 0.172 0.79 0.458 0.399 0.01 0.023 0.194 0.054 0.078 0.351 0.331 0.226 0.005 0.068 0.01 0.1 0.103 0.064 0.202 0.017 0.013 0.067 0.025 0.006 0.133 0.015 0.008 0.036 0.008 0.003 0.044 0.049 0.032 0.013 0.001 0.002 0.005 0.02 0.003 0.01 0.005 0.053 0.011 0.013 0 0.012 0.005 0.008 0 0.003 0.001 0.008 0.005 0.009
0.001 0 0 0.003 0.004 0.008 0.002 0.002 0 0.002 0.001 0.001 0 0 0 1 0.002 0 0 0.007 0.002 0.048 0.027 0.006 0.004 0 0.001 0 0.002 0 0.001 0.004 0.012 0.014 0 0.001 0 0.004 0.001 0.003 0.016 0 0.004 0.006 0.002 0 0.001 0.008 0.008 0.03 0 0.005 0.002 0.002 0.003 0 0 0.001 0.027 0 0 0.001 0.001 0.001 0.001 0.001 0 0.001 0.026 0 0.001 0 0 0 0.001 0.018
0.264 0.263 0.302 0.162 0.015 0.011 0.701 0.162 0.003 0.62 0.438 0.006 0.004 0.319 0.298 0.002 1 0.004 0.012 0.359 0.027 0.043 0.088 0.38 0.634 0.209 0.007 0.012 0.015 0.003 0.005 0.566 0.169 0.143 0.003 0.006 0.002 0.396 0.009 0.26 0.124 0.005 0.026 0.1 0.007 0.003 0.016 0.147 0.075 0.041 0.002 0 0.028 0.03 0.007 0.003 0 0.005 0.004 0.004 0 0.003 0.004 0.005 0.001 0.003 0.002 0.003 0.005 0.003 0.003 0.003 0 0.004 0.007 0.006
0.055 0.065 0.063 0.034 0.003 0.002 0.003 0.036 0.001 0.003 0.002 0.001 0.001 0.066 0.062 0 0.004 1 0.002 0.073 0.005 0.009 0.018 0.077 0.132 0.043 0.001 0.002 0.003 0.001 0.001 0.125 0.04 0.035 0.001 0.001 0.001 0.006 0.002 0.005 0.03 0.001 0.006 0.021 0.006 0.001 0.002 0.017 0.013 0.002 0.004 0.011 0.006 0.006 0.008 0.002 0.01 0.001 0.001 0.001 0.011 0.002 0.001 0.001 0.004 0.002 0.01 0.002 0.001 0.001 0.001 0.001 0.009 0.002 0.001 0.001
0.043 0.036 0.037 0.07 0.009 0.007 0.01 0.059 0.002 0.009 0.005 0.003 0.002 0.019 0.021 0 0.012 0.002 1 0.033 0.44 0.026 0.133 0.031 0.018 0.055 0.005 0.954 0.009 0.002 0.003 0.019 0.053 0.062 0.002 0.004 0.002 0.019 0.006 0.016 0.072 0.003 0.014 0.107 0.353 0.002 0.007 0.067 0.037 0.034 0.002 0.198 0.219 0.344 0.298 0.002 0.232 0.003 0.001 0.002 0.17 0.005 0.003 0.003 0.532 0.005 0.216 0.005 0.001 0.002 0.004 0 0.194 0.002 0.004 0.002
0.655 0.702 0.748 0.359 0.251 0.173 0.282 0.418 0.009 0.25 0.157 0.008 0.071 0.819 0.784 0.007 0.359 0.073 0.033 1 0.062 0.092 0.195 0.939 0.528 0.477 0.02 0.032 0.226 0.064 0.09 0.411 0.395 0.266 0.004 0.072 0.007 0.111 0.114 0.069 0.229 0.01 0.014 0.069 0.03 0.008 0.15 0.016 0.008 0.057 0.01 0.003 0.051 0.063 0.035 0.017 0.002 0.013 0.012 0.037 0.001 0.006 0.009 0.055 0.008 0.015 0 0.007 0.013 0.007 0.001 0.009 0.003 0.011 0.003 0.017
0.012 0.006 0.007 0.043 0.022 0.015 0.013 0.122 0.005 0.011 0.012 0.199 0.005 0.044 0.047 0.002 0.027 0.005 0.44 0.062 1 0.054 0.289 0.07 0.04 0.123 0.01 0.449 0.021 0.005 0.007 0.038 0.105 0.123 0.005 0 0.004 0.039 0.002 0.033 0.139 0.007 0.037 0.24 0.657 0.003 0.004 0.139 0.079 0.037 0.003 0.425 0.565 0.647 0.569 0.004 0.444 0.149 0.041 0 0.382 0.011 0.006 0 0.301 0.012 0.448 0.012 0.054 0.005 0.085 0.002 0.4 0.005 0.007 0.061
0.107 0.095 0.096 0.208 0.01 0.004 0.038 0.173 0.007 0.035 0.019 0.013 0.009 0.085 0.091 0.048 0.043 0.009 0.026 0.092 0.054 1 0.425 0.113 0.066 0.162 0.017 0.026 0.023 0.007 0.001 0.029 0.129 0.036 0.007 0.014 0.058 0.013 0.021 0.019 0.052 0.073 0.06 0.022 0.039 0.057 0.024 0.004 0.012 0.114 0 0.043 0.014 0.016 0.014 0 0.025 0.01 0.001 0.007 0.037 0.038 0 0.012 0.015 0.013 0.036 0.051 0.001 0.008 0.007 0.007 0.024 0.006 0.035 0
0.123 0.101 0.103 0.289 0.037 0.021 0.062 0.373 0.015 0.055 0.039 0.059 0.018 0.16 0.172 0.027 0.088 0.018 0.133 0.195 0.289 0.425 1 0.232 0.135 0.363 0.034 0.138 0.056 0.016 0.009 0.082 0.295 0.172 0.015 0.012 0.027 0.002 0.025 0 0.214 0.031 0.123 0.069 0.214 0.03 0.033 0.061 0.09 0.016 0.003 0.112 0.238 0.272 0.238 0.004 0.15 0.042 0.035 0.004 0.103 0.008 0.005 0.009 0.104 0.032 0.119 0.013 0.043 0.016 0.023 0.01 0.132 0 0.006 0.043
0.656 0.705 0.753 0.368 0.224 0.143 0.299 0.427 0.009 0.265 0.166 0.015 0.075 0.824 0.79 0.006 0.38 0.077 0.031 0.939 0.07 0.113 0.232 1 0.56 0.523 0.019 0.032 0.244 0.068 0.061 0.437 0.402 0.3 0.003 0.081 0.006 0.122 0.126 0.077 0.262 0.014 0.012 0.075 0.034 0.007 0.164 0.016 0.012 0.068 0.011 0.003 0.059 0.064 0.041 0.019 0.003 0.012 0.012 0.026 0.001 0.008 0.008 0.063 0.011 0.014 0 0.009 0.012 0.006 0.001 0.008 0.004 0.012 0.005 0.016
0.367 0.376 0.422 0.236 0.024 0.017 0.516 0.249 0.005 0.458 0.282 0.008 0.006 0.469 0.458 0.004 0.634 0.132 0.018 0.528 0.04 0.066 0.135 0.56 1 0.3 0.011 0.019 0.023 0.005 0.008 0.783 0.222 0.186 0.005 0.01 0.003 0.291 0.015 0.198 0.159 0.008 0.043 0.044 0.019 0.004 0.005 0.074 0.035 0.026 0 0.01 0.044 0.047 0.021 0.002 0.005 0.007 0.007 0.006 0.011 0.006 0.004 0.006 0.005 0.006 0.015 0.007 0.007 0.005 0.006 0.005 0.005 0.001 0.003 0.009
0.339 0.325 0.356 0.629 0.114 0.071 0.161 0.713 0.015 0.144 0.092 0.026 0.042 0.413 0.399 0 0.209 0.043 0.055 0.477 0.123 0.162 0.363 0.523 0.3 1 0.035 0.058 0.131 0.038 0.03 0.244 0.754 0.591 0.02 0.04 0.012 0.045 0.064 0.025 0.511 0.019 0.169 0.001 0.085 0.011 0.086 0.004 0.196 0.139 0.01 0.014 0.118 0.126 0.1 0.005 0.042 0.022 0.021 0.01 0.017 0.015 0.016 0.031 0.039 0.005 0.028 0.019 0.022 0.022 0.008 0.028 0.039 0 0.015 0.029
0.014 0.023 0.023 0.001 0.006 0.004 0.007 0.001 0.128 0.006 0.003 0.002 0.001 0.021 0.01 0.001 0.007 0.001 0.005 0.02 0.01 0.017 0.034 0.019 0.011 0.035 1 0.005 0.006 0.001 0.002 0.012 0.037 0.043 0.005 0.002 0.001 0.012 0.004 0.01 0.004 0.002 0.041 0.039 0.012 0.001 0.005 0.013 0.008 0.001 0.001 0.011 0.003 0.004 0.006 0.001 0.009 0.002 0.002 0.001 0.011 0.003 0.133 0.002 0.001 0.122 0.01 0.003 0.002 0.004 0.002 0.001 0.007 0.001 0.003 0.002
0.045 0.038 0.039 0.073 0.01 0.007 0.011 0.061 0.002 0.01 0.005 0.004 0.002 0.021 0.023 0 0.012 0.002 0.954 0.032 0.449 0.026 0.138 0.032 0.019 0.058 0.005 1 0.009 0.002 0.003 0.02 0.056 0.065 0.002 0.004 0.002 0.02 0.006 0.017 0.076 0.003 0.015 0.112 0.371 0.002 0.008 0.071 0.039 0.036 0.002 0.207 0.235 0.36 0.314 0.002 0.243 0.003 0.001 0.002 0.172 0.005 0.003 0.004 0.557 0.006 0.226 0.006 0.001 0.002 0.004 0 0.206 0.002 0.005 0.002
0.173 0.204 0.199 0.076 0.81 0.529 0.013 0.109 0.003 0.012 0.006 0.004 0.257 0.209 0.194 0.002 0.015 0.003 0.009 0.226 0.021 0.023 0.056 0.244 0.023 0.131 0.006 0.009 1 0.236 0.232 0.024 0.128 0.078 0 0.304 0.002 0.024 0.514 0.019 0.071 0.004 0.008 0.025 0.012 0.002 0.298 0.023 0.006 0.047 0.031 0.047 0.011 0.012 0.015 0.021 0 0.004 0.003 0.115 0.04 0.001 0.003 0.24 0.006 0.007 0.022 0.001 0.004 0.001 0.001 0.002 0 0.015 0.002 0.005
0.049 0.057 0.056 0.029 0.22 0.313 0.003 0.032 0.001 0.003 0.002 0.001 0.001 0.058 0.054 0 0.003 0.001 0.002 0.064 0.005 0.007 0.016 0.068 0.005 0.038 0.001 0.002 0.236 1 0.699 0.006 0.03 0.026 0.001 0.04 0.001 0.006 0.35 0.005 0.025 0.001 0.005 0.031 0.006 0.001 0.165 0.015 0.012 0.011 0.046 0.029 0.005 0.006 0.007 0.034 0.007 0.001 0.001 0 0.019 0.001 0.001 0.247 0.004 0.002 0.006 0.002 0.001 0.001 0 0.001 0.006 0.027 0 0.001
0.068 0.08 0.078 0.041 0.311 0.442 0.004 0.044 0.001 0.004 0.002 0.001 0.001 0.083 0.078 0.001 0.005 0.001 0.003 0.09 0.007 0.001 0.009 0.061 0.008 0.03 0.002 0.003 0.232 0.699 1 0.008 0.044 0.02 0.001 0.082 0.001 0.007 0.352 0.006 0.018 0.001 0.008 0.025 0.008 0.001 0.18 0.022 0.017 0.004 0.03 0.028 0.008 0.008 0.01 0.022 0.002 0.001 0.001 0.024 0.019 0.002 0.001 0.167 0 0.002 0.008 0.002 0.001 0.001 0 0.001 0.001 0.017 0.001 0.002
0.27 0.284 0.316 0.164 0.025 0.018 0.456 0.194 0.005 0.402 0.266 0.005 0.006 0.344 0.351 0.004 0.566 0.125 0.019 0.411 0.038 0.029 0.082 0.437 0.783 0.244 0.012 0.02 0.024 0.006 0.008 1 0.279 0.242 0.005 0.01 0.004 0.359 0.015 0.262 0.209 0.009 0.046 0.065 0.011 0.005 0.004 0.109 0.053 0.036 0.001 0.005 0.042 0.045 0.013 0.002 0.002 0.007 0.007 0.006 0.014 0.013 0.007 0.007 0.004 0.007 0.015 0.014 0.008 0.006 0.006 0.005 0.007 0.003 0.012 0.01
0.286 0.281 0.303 0.554 0.127 0.086 0.129 0.665 0.016 0.114 0.087 0.026 0.039 0.353 0.331 0.012 0.169 0.04 0.053 0.395 0.105 0.129 0.295 0.402 0.222 0.754 0.037 0.056 0.128 0.03 0.044 0.279 1 0.757 0.019 0.065 0.015 0.082 0.094 0.058 0.658 0.026 0.163 0.013 0.079 0.014 0.12 0 0.25 0.193 0.007 0.006 0.127 0.137 0.095 0.002 0.038 0.023 0.019 0.009 0.011 0.029 0.022 0.057 0.045 0.004 0.021 0.033 0.023 0.021 0.009 0.033 0.044 0 0.025 0.028
0.177 0.174 0.191 0.403 0.058 0.028 0.107 0.469 0.018 0.094 0.073 0.03 0.034 0.243 0.226 0.014 0.143 0.035 0.062 0.266 0.123 0.036 0.172 0.3 0.186 0.591 0.043 0.065 0.078 0.026 0.02 0.242 0.757 1 0.015 0.047 0.017 0.257 0.073 0.229 0.857 0.03 0.134 0.046 0.116 0.021 0.104 0.006 0.385 0.203 0.002 0.022 0.171 0.18 0.135 0 0.069 0.027 0.024 0.007 0.03 0.034 0.026 0.027 0.055 0.002 0.046 0.038 0.025 0.017 0.027 0.028 0.077 0.003 0.021 0.034
0.003 0.004 0.004 0.028 0 0.002 0.002 0.03 0.001 0.002 0.001 0.001 0.004 0.004 0.005 0 0.003 0.001 0.002 0.004 0.005 0.007 0.015 0.003 0.005 0.02 0.005 0.002 0 0.001 0.001 0.005 0.019 0.015 1 0.001 0 0.005 0.002 0.004 0.025 0.001 0.11 0.017 0.005 0 0.002 0.014 0.048 0.011 0.021 0.01 0.005 0.005 0.006 0.015 0.008 0.001 0.001 0.001 0.009 0.001 0.001 0.001 0.003 0.001 0.009 0.001 0.001 0.695 0.001 0.001 0.007 0.001 0.001 0.001
0.055 0.067 0.065 0.029 0.276 0.398 0.006 0.033 0.001 0.005 0.003 0.001 0.001 0.069 0.068 0.001 0.006 0.001 0.004 0.072 0 0.014 0.012 0.081 0.01 0.04 0.002 0.004 0.304 0.04 0.082 0.01 0.065 0.047 0.001 1 0.001 0.01 0.634 0.009 0.049 0.002 0.009 0.06 0.01 0.001 0.365 0.008 0.021 0.022 0.043 0.069 0.01 0.01 0.012 0.031 0.002 0.002 0.001 0.191 0.068 0.003 0.001 0.194 0 0.003 0.051 0.003 0.002 0.001 0.002 0.001 0.004 0.024 0.002 0.002
0.004 0.007 0.009 0.017 0.002 0.002 0.003 0.016 0.001 0.002 0.001 0.001 0.001 0.009 0.01 0 0.002 0.001 0.002 0.007 0.004 0.058 0.027 0.006 0.003 0.012 0.001 0.002 0.002 0.001 0.001 0.004 0.015 0.017 0 0.001 1 0.005 0.001 0.004 0.019 0.001 0.004 0.01 0.004 0 0.002 0.011 0.006 0.001 0 0.007 0.003 0.004 0.004 0 0.006 0.001 0.001 0.001 0.007 0.001 0.001 0.001 0.002 0.001 0.006 0.001 0.001 0 0.001 0 0.005 0.001 0.001 0.001
0.066 0.069 0.086 0.023 0.025 0.018 0.304 0.034 0.005 0.256 0.17 0.006 0.006 0.101 0.1 0.004 0.396 0.006 0.019 0.111 0.039 0.013 0.002 0.122 0.291 0.045 0.012 0.02 0.024 0.006 0.007 0.359 0.082 0.257 0.005 0.01 0.005 1 0.015 0.836 0.228 0.009 0.048 0.276 0.051 0.08 0.004 0.233 0.247 0.036 0.004 0.033 0.048 0.05 0.054 0.005 0.023 0.008 0.006 0.006 0.026 0.012 0.007 0.009 0.007 0.007 0.033 0.007 0.006 0.006 0.006 0.005 0.017 0.006 0.001 0.009
0.087 0.104 0.101 0.046 0.432 0.621 0.008 0.052 0.002 0.008 0.004 0.001 0.002 0.107 0.103 0.001 0.009 0.002 0.006 0.114 0.002 0.021 0.025 0.126 0.015 0.064 0.004 0.006 0.514 0.35 0.352 0.015 0.094 0.073 0.002 0.634 0.001 0.015 1 0.012 0.074 0.003 0.014 0.091 0.016 0.001 0.601 0.014 0.033 0.033 0.034 0.117 0.015 0.016 0.018 0.023 0 0.002 0.002 0.168 0.107 0.004 0.002 0.393 0.002 0.004 0.069 0.004 0.002 0.002 0.002 0.002 0 0.018 0.003 0.003
0.038 0.054 0.051 0.01 0.021 0.015 0.361 0.018 0.004 0.304 0.198 0.005 0.005 0.063 0.064 0.003 0.26 0.005 0.016 0.069 0.033 0.019 0 0.077 0.198 0.025 0.01 0.017 0.019 0.005 0.006 0.262 0.058 0.229 0.004 0.009 0.004 0.836 0.012 1 0.206 0.007 0.041 0.246 0.043 0.095 0.015 0.194 0.324 0.03 0.003 0.075 0.041 0.042 0.049 0.004 0.064 0.006 0.005 0.005 0.065 0.01 0.006 0.007 0.028 0.005 0.067 0.011 0.005 0.005 0.008 0.004 0.056 0.005 0.004 0.007
0.152 0.143 0.158 0.461 0.052 0.025 0.092 0.535 0.006 0.081 0.065 0.029 0.029 0.208 0.202 0.016 0.124 0.03 0.072 0.229 0.139 0.052 0.214 0.262 0.159 0.511 0.004 0.076 0.071 0.025 0.018 0.209 0.658 0.857 0.025 0.049 0.019 0.228 0.074 0.206 1 0.035 0.225 0.029 0.138 0.018 0.09 0.001 0.472 0.233 0.006 0.036 0.199 0.209 0.16 0.001 0.092 0.031 0.028 0.005 0.046 0.04 0.012 0.022 0.069 0.044 0.065 0.045 0.029 0.027 0.032 0.025 0.098 0.001 0.025 0.039
0.019 0.016 0.017 0.031 0.004 0.003 0.005 0.029 0.006 0.004 0.002 0.002 0.001 0.016 0.017 0 0.005 0.001 0.003 0.01 0.007 0.073 0.031 0.014 0.008 0.019 0.002 0.003 0.004 0.001 0.001 0.009 0.026 0.03 0.001 0.002 0.001 0.009 0.003 0.007 0.035 1 0.005 0.025 0.007 0.001 0.003 0.011 0.016 0.032 0.001 0.008 0.003 0.003 0.003 0.001 0.011 0.001 0.001 0.001 0.008 0.321 0.001 0.002 0.004 0.001 0.012 0.336 0.001 0.001 0.002 0.001 0.005 0.001 0.033 0.002
0.008 0.021 0.021 0.232 0.006 0.016 0.024 0.252 0.005 0.021 0.011 0.009 0.128 0.014 0.013 0.004 0.026 0.006 0.014 0.014 0.037 0.06 0.123 0.012 0.043 0.169 0.041 0.015 0.008 0.005 0.008 0.046 0.163 0.134 0.11 0.009 0.004 0.048 0.014 0.041 0.225 0.005 1 0.158 0.045 0.004 0.018 0.117 0.376 0.094 0.001 0.085 0.046 0.049 0.056 0 0.072 0.007 0.007 0.006 0.082 0.004 0.007 0.008 0.032 0.193 0.078 0.005 0.007 0.118 0.009 0.108 0.064 0.003 0.005 0.009
0.08 0.102 0.114 0.003 0.015 0.055 0.085 0 0.017 0.071 0.041 0.055 0.02 0.075 0.067 0.006 0.1 0.021 0.107 0.069 0.24 0.022 0.069 0.075 0.044 0.001 0.039 0.112 0.025 0.031 0.025 0.065 0.013 0.046 0.017 0.06 0.01 0.276 0.091 0.246 0.029 0.025 0.158 1 0.219 0.024 0.117 0.437 0.004 0.135 0 0.332 0.187 0.201 0.164 0.001 0.228 0.045 0.02 0.037 0.304 0.041 0.02 0.05 0.109 0.03 0.285 0.045 0.022 0.019 0.046 0.017 0.216 0.003 0.027 0.019
0.004 0.001 0.002 0.042 0.013 0.006 0.001 0.082 0.005 0 0.001 0.133 0.006 0.02 0.025 0.002 0.007 0.006 0.353 0.03 0.657 0.039 0.214 0.034 0.019 0.085 0.012 0.371 0.012 0.006 0.008 0.011 0.079 0.116 0.005 0.01 0.004 0.051 0.016 0.043 0.138 0.007 0.045 0.219 1 0.005 0.02 0.228 0.109 0.043 0.004 0.551 0.664 0.713 0.824 0.005 0.639 0.122 0.078 0.001 0.442 0.013 0.007 0 0.273 0.014 0.496 0.014 0.087 0.006 0.118 0.004 0.53 0.006 0.012 0.089
0.007 0.007 0.007 0.014 0.002 0.001 0.002 0.015 0 0.002 0.001 0.001 0.001 0.006 0.006 0 0.003 0.001 0.002 0.008 0.003 0.057 0.03 0.007 0.004 0.011 0.001 0.002 0.002 0.001 0.001 0.005 0.014 0.021 0 0.001 0 0.08 0.001 0.095 0.018 0.001 0.004 0.024 0.005 1 0.002 0.003 0.009 0.017 0 0.008 0.004 0.005 0.005 0 0.007 0.001 0.001 0.001 0.006 0.001 0.001 0.001 0.003 0.001 0.007 0.001 0.001 0.001 0.001 0 0.006 0.001 0.005 0.001
0.114 0.101 0.133 0.064 0.243 0.362 0.011 0.07 0.002 0.01 0.005 0.002 0.002 0.139 0.133 0.001 0.016 0.002 0.007 0.15 0.004 0.024 0.033 0.164 0.005 0.086 0.005 0.008 0.298 0.165 0.18 0.004 0.12 0.104 0.002 0.365 0.002 0.004 0.601 0.015 0.09 0.003 0.018 0.117 0.02 0.002 1 0 0.043 0.042 0.002 0.213 0.019 0.02 0.02 0.002 0.03 0.003 0.003 0.157 0.196 0.005 0.003 0.308 0.006 0.005 0.129 0.005 0.003 0.002 0 0.002 0.028 0.002 0.004 0.004
0.02 0.028 0.035 0.003 0.027 0.011 0.127 0.005 0.003 0.109 0.074 0.031 0.017 0.018 0.015 0.008 0.147 0.017 0.067 0.016 0.139 0.004 0.061 0.016 0.074 0.004 0.013 0.071 0.023 0.015 0.022 0.109 0 0.006 0.014 0.008 0.011 0.233 0.014 0.194 0.001 0.011 0.117 0.437 0.228 0.003 0 1 0.007 0.083 0.011 0.205 0.182 0.202 0.239 0.014 0.233 0.042 0.024 0 0.177 0.023 0.006 0 0.103 0.038 0.172 0.026 0.012 0.015 0.043 0.01 0.225 0.017 0.016 0.015
0.007 0.003 0.002 0.211 0.007 0.038 0.122 0.248 0.011 0.102 0.071 0.015 0.026 0.007 0.008 0.008 0.075 0.013 0.037 0.008 0.079 0.012 0.09 0.012 0.035 0.196 0.008 0.039 0.006 0.012 0.017 0.053 0.25 0.385 0.048 0.021 0.006 0.247 0.033 0.324 0.472 0.016 0.376 0.004 0.109 0.009 0.043 0.007 1 0.16 0 0.199 0.106 0.112 0.132 0.002 0.17 0.016 0.016 0.014 0.188 0.018 0.016 0.02 0.073 0.129 0.182 0.021 0.017 0.051 0.022 0.047 0.15 0.01 0.01 0.022
0.075 0.05 0.056 0.161 0.021 0.01 0.035 0.175 0.034 0.047 0.029 0.002 0.013 0.045 0.036 0.03 0.041 0.002 0.034 0.057 0.037 0.114 0.016 0.068 0.026 0.139 0.001 0.036 0.047 0.011 0.004 0.036 0.193 0.203 0.011 0.022 0.001 0.036 0.033 0.03 0.233 0.032 0.094 0.135 0.043 0.017 0.042 0.083 0.16 1 0.008 0.108 0.035 0.039 0.052 0.007 0.06 0.001 0.001 0.013 0.079 0.058 0.052 0.019 0.049 0.026 0.067 0.068 0 0.01 0 0.011 0.048 0 0.04 0
0.005 0.007 0.007 0.008 0.029 0.028 0.002 0.01 0 0.002 0.001 0.001 0.002 0.009 0.008 0 0.002 0.004 0.002 0.01 0.003 0 0.003 0.011 0 0.01 0.001 0.002 0.031 0.046 0.03 0.001 0.007 0.002 0.021 0.043 0 0.004 0.034 0.003 0.006 0.001 0.001 0 0.004 0 0.002 0.011 0 0.008 1 0.007 0.004 0.004 0.005 0.764 0.006 0.001 0.001 0 0.007 0.001 0.001 0.001 0.003 0.001 0.007 0.001 0.001 0.019 0.001 0 0.005 0.417 0.001 0.001
0.016 0.019 0.026 0.004 0.033 0.077 0.011 0.018 0.01 0.008 0.005 0.081 0.011 0.005 0.003 0.005 0 0.011 0.198 0.003 0.425 0.043 0.112 0.003 0.01 0.014 0.011 0.207 0.047 0.029 0.028 0.005 0.006 0.022 0.01 0.069 0.007 0.033 0.117 0.075 0.036 0.008 0.085 0.332 0.551 0.008 0.213 0.205 0.199 0.108 0.007 1 0.531 0.559 0.636 0.009 0.758 0.082 0.04 0.068 0.848 0.023 0.013 0.092 0.334 0.026 0.805 0.026 0.048 0.01 0.108 0.009 0.663 0.011 0.021 0.054
0.01 0.006 0.006 0.058 0.011 0.006 0.015 0.113 0.005 0.013 0.013 0.149 0.006 0.038 0.044 0.002 0.028 0.006 0.219 0.051 0.565 0.014 0.238 0.059 0.044 0.118 0.003 0.235 0.011 0.005 0.008 0.042 0.127 0.171 0.005 0.01 0.003 0.048 0.015 0.041 0.199 0.003 0.046 0.187 0.664 0.004 0.019 0.182 0.106 0.035 0.004 0.531 1 0.858 0.786 0.005 0.599 0.154 0.083 0.002 0.484 0.012 0.007 0 0.3 0.014 0.524 0.014 0.097 0.005 0.176 0.005 0.572 0.006 0.011 0.114
0.013 0.008 0.009 0.066 0.013 0.006 0.017 0.123 0.005 0.014 0.014 0.114 0.006 0.043 0.049 0.002 0.03 0.006 0.344 0.063 0.647 0.016 0.272 0.064 0.047 0.126 0.004 0.36 0.012 0.006 0.008 0.045 0.137 0.18 0.005 0.01 0.004 0.05 0.016 0.042 0.209 0.003 0.049 0.201 0.713 0.005 0.02 0.202 0.112 0.039 0.004 0.559 0.858 1 0.835 0.005 0.637 0.145 0.082 0.003 0.525 0.013 0.007 0 0.376 0.015 0.559 0.014 0.096 0.006 0.166 0.005 0.614 0.006 0.012 0.112
0.006 0.003 0.003 0.055 0.017 0.009 0.002 0.102 0.006 0.001 0.001 0.107 0.007 0.026 0.032 0.003 0.007 0.008 0.298 0.035 0.569 0.014 0.238 0.041 0.021 0.1 0.006 0.314 0.015 0.007 0.01 0.013 0.095 0.135 0.006 0.012 0.004 0.054 0.018 0.049 0.16 0.003 0.056 0.164 0.824 0.005 0.02 0.239 0.132 0.052 0.005 0.636 0.786 0.835 1 0.006 0.726 0.123 0.069 0.001 0.532 0.013 0.009 0.001 0.356 0.017 0.575 0.014 0.071 0.007 0.14 0.006 0.632 0.007 0.014 0.093
0.01 0.013 0.012 0.011 0.019 0.019 0.003 0.013 0.001 0.003 0.001 0.001 0.001 0.015 0.013 0 0.003 0.002 0.002 0.017 0.004 0 0.004 0.019 0.002 0.005 0.001 0.002 0.021 0.034 0.022 0.002 0.002 0 0.015 0.031 0 0.005 0.023 0.004 0.001 0.001 0 0.001 0.005 0 0.002 0.014 0.002 0.007 0.764 0.009 0.005 0.005 0.006 1 0.008 0.001 0.001 0.001 0.009 0.001 0.001 0.001 0.003 0.001 0.009 0.001 0.001 0.013 0.001 0.001 0.007 0.554 0.031 0.001
0.003 0.003 0.007 0.013 0 0.007 0.007 0.036 0.008 0.005 0.004 0.091 0.01 0 0.001 0 0 0.01 0.232 0.002 0.444 0.025 0.15 0.003 0.005 0.042 0.009 0.243 0 0.007 0.002 0.002 0.038 0.069 0.008 0.002 0.006 0.023 0 0.064 0.092 0.011 0.072 0.228 0.639 0.007 0.03 0.233 0.17 0.06 0.006 0.758 0.599 0.637 0.726 0.008 1 0.092 0.087 0.08 0.727 0.02 0.011 0.003 0.417 0.022 0.736 0.022 0.098 0.009 0.123 0.008 0.856 0.01 0.018 0.128
0.026 0.032 0.031 0.012 0.004 0.003 0.004 0.024 0.001 0.004 0.002 0.022 0.001 0.002 0.002 0.001 0.005 0.001 0.003 0.013 0.149 0.01 0.042 0.012 0.007 0.022 0.002 0.003 0.004 0.001 0.001 0.007 0.023 0.027 0.001 0.002 0.001 0.008 0.002 0.006 0.031 0.001 0.007 0.045 0.122 0.001 0.003 0.042 0.016 0.001 0.001 0.082 0.154 0.145 0.123 0.001 0.092 1 0 0.001 0.083 0.002 0.001 0.001 0.001 0.002 0.083 0.002 0 0.001 0.377 0.001 0.093 0.001 0.002 0.001
0 0 0 0.003 0 0.002 0 0.002 0.001 0.001 0.002 0.133 0.001 0.004 0.005 0.027 0.004 0.001 0.001 0.012 0.041 0.001 0.035 0.012 0.007 0.021 0.002 0.001 0.003 0.001 0.001 0.007 0.019 0.024 0.001 0.001 0.001 0.006 0.002 0.005 0.028 0.001 0.007 0.02 0.078 0.001 0.003 0.024 0.016 0.001 0.001 0.04 0.083 0.082 0.069 0.001 0.087 0 1 0.001 0.077 0.002 0.001 0.001 0.005 0.002 0.062 0.002 0.426 0.001 0 0.001 0.091 0.001 0.002 0.572
0.02 0.021 0.021 0.007 0.109 0.159 0.003 0.008 0.001 0.003 0.002 0.006 0.001 0.022 0.02 0 0.004 0.001 0.002 0.037 0 0.007 0.004 0.026 0.006 0.01 0.001 0.002 0.115 0 0.024 0.006 0.009 0.007 0.001 0.191 0.001 0.006 0.168 0.005 0.005 0.001 0.006 0.037 0.001 0.001 0.157 0 0.014 0.013 0 0.068 0.002 0.003 0.001 0.001 0.08 0.001 0.001 1 0.065 0.002 0.001 0.001 0.006 0.002 0.039 0.002 0.001 0.001 0 0.001 0.064 0.001 0.001 0.001
0.017 0.02 0.028 0.003 0.038 0.085 0.014 0.015 0.009 0.01 0.01 0.073 0.011 0.006 0.003 0 0 0.011 0.17 0.001 0.382 0.037 0.103 0.001 0.011 0.017 0.011 0.172 0.04 0.019 0.019 0.014 0.011 0.03 0.009 0.068 0.007 0.026 0.107 0.065 0.046 0.008 0.082 0.304 0.442 0.006 0.196 0.177 0.188 0.079 0.007 0.848 0.484 0.525 0.532 0.009 0.727 0.083 0.077 0.065 1 0.022 0.013 0.096 0.313 0.025 0.86 0.025 0.087 0.01 0.11 0.009 0.719 0.011 0.02 0.114
0.013 0.01 0.011 0.027 0.001 0.005 0.002 0.025 0.001 0.002 0.003 0.002 0.002 0.008 0.01 0.001 0.003 0.002 0.005 0.006 0.011 0.038 0.008 0.008 0.006 0.015 0.003 0.005 0.001 0.001 0.002 0.013 0.029 0.034 0.001 0.003 0.001 0.012 0.004 0.01 0.04 0.321 0.004 0.041 0.013 0.001 0.005 0.023 0.018 0.058 0.001 0.023 0.012 0.013 0.013 0.001 0.02 0.002 0.002 0.002 0.022 1 0.002 0.002 0.008 0.004 0.021 0.912 0.002 0.001 0.003 0.001 0.017 0.002 0.125 0.002
0.012 0.013 0.01 0.021 0.004 0.003 0.004 0.02 0.404 0.004 0.002 0.001 0.001 0.009 0.005 0.001 0.004 0.001 0.003 0.009 0.006 0 0.005 0.008 0.004 0.016 0.133 0.003 0.003 0.001 0.001 0.007 0.022 0.026 0.001 0.001 0.001 0.007 0.002 0.006 0.012 0.001 0.007 0.02 0.007 0.001 0.003 0.006 0.016 0.052 0.001 0.013 0.007 0.007 0.009 0.001 0.011 0.001 0.001 0.001 0.013 0.002 1 0.001 0.005 0.002 0.012 0.002 0.001 0.001 0.001 0.001 0.01 0.001 0.002 0.001
0.038 0.047 0.046 0.008 0.205 0.297 0.005 0.024 0.001 0.004 0.002 0 0.001 0.053 0.053 0.001 0.005 0.001 0.003 0.055 0 0.012 0.009 0.063 0.006 0.031 0.002 0.004 0.24 0.247 0.167 0.007 0.057 0.027 0.001 0.194 0.001 0.009 0.393 0.007 0.022 0.002 0.008 0.05 0 0.001 0.308 0 0.02 0.019 0.001 0.092 0 0 0.001 0.001 0.003 0.001 0.001 0.001 0.096 0.002 0.001 1 0.004 0.003 0.071 0.003 0.001 0.001 0.011 0.001 0.002 0.001 0.002 0.002
0.016 0.018 0.012 0.043 0.007 0.003 0.018 0.047 0.004 0.016 0.009 0 0.004 0.008 0.011 0.001 0.001 0.004 0.532 0.008 0.301 0.015 0.104 0.011 0.005 0.039 0.001 0.557 0.006 0.004 0 0.004 0.045 0.055 0.003 0 0.002 0.007 0.002 0.028 0.069 0.004 0.032 0.109 0.273 0.003 0.006 0.103 0.073 0.049 0.003 0.334 0.3 0.376 0.356 0.003 0.417 0.001 0.005 0.006 0.313 0.008 0.005 0.004 1 0.009 0.365 0.009 0.005 0.004 0.005 0.003 0.375 0.004 0.008 0
0.005 0.018 0.018 0.049 0.007 0.005 0.002 0.054 0.002 0.001 0.004 0.003 0.002 0.01 0.013 0.001 0.003 0.002 0.005 0.015 0.012 0.013 0.032 0.014 0.006 0.005 0.122 0.006 0.007 0.002 0.002 0.007 0.004 0.002 0.001 0.003 0.001 0.007 0.004 0.005 0.044 0.001 0.193 0.03 0.014 0.001 0.005 0.038 0.129 0.026 0.001 0.026 0.014 0.015 0.017 0.001 0.022 0.002 0.002 0.002 0.025 0.004 0.002 0.003 0.009 1 0.023 0.004 0.002 0.002 0.003 0.001 0.019 0.002 0.001 0.003
0.007 0.013 0.014 0.008 0.021 0.054 0.014 0.025 0.009 0.01 0.009 0.072 0.01 0.001 0 0 0.002 0.01 0.216 0 0.448 0.036 0.119 0 0.015 0.028 0.01 0.226 0.022 0.006 0.008 0.015 0.021 0.046 0.009 0.051 0.006 0.033 0.069 0.067 0.065 0.012 0.078 0.285 0.496 0.007 0.129 0.172 0.182 0.067 0.007 0.805 0.524 0.559 0.575 0.009 0.736 0.083 0.062 0.039 0.86 0.021 0.012 0.071 0.365 0.023 1 0.023 0.091 0.01 0.118 0.009 0.692 0.01 0.015 0.1
0.016 0.012 0.013 0.032 0.002 0.005 0.003 0.029 0.001 0.002 0.004 0.003 0.002 0.01 0.012 0.001 0.003 0.002 0.005 0.007 0.012 0.051 0.013 0.009 0.007 0.019 0.003 0.006 0.001 0.002 0.002 0.014 0.033 0.038 0.001 0.003 0.001 0.007 0.004 0.011 0.045 0.336 0.005 0.045 0.014 0.001 0.005 0.026 0.021 0.068 0.001 0.026 0.014 0.014 0.014 0.001 0.022 0.002 0.002 0.002 0.025 0.912 0.002 0.003 0.009 0.004 0.023 1 0.002 0.002 0.003 0.001 0.019 0.002 0.158 0.003
0 0 0 0.003 0 0.002 0 0.004 0.001 0.001 0.002 0.136 0.001 0.005 0.005 0.026 0.005 0.001 0.001 0.013 0.054 0.001 0.043 0.012 0.007 0.022 0.002 0.001 0.004 0.001 0.001 0.008 0.023 0.025 0.001 0.002 0.001 0.006 0.002 0.005 0.029 0.001 0.007 0.022 0.087 0.001 0.003 0.012 0.017 0 0.001 0.048 0.097 0.096 0.071 0.001 0.098 0 0.426 0.001 0.087 0.002 0.001 0.001 0.005 0.002 0.091 0.002 1 0.001 0.001 0.001 0.103 0.001 0.002 0.623
0.006 0.008 0.008 0.03 0.001 0.002 0.003 0.032 0.001 0.002 0.001 0.001 0 0.008 0.008 0 0.003 0.001 0.002 0.007 0.005 0.008 0.016 0.006 0.005 0.022 0.004 0.002 0.001 0.001 0.001 0.006 0.021 0.017 0.695 0.001 0 0.006 0.002 0.005 0.027 0.001 0.118 0.019 0.006 0.001 0.002 0.015 0.051 0.01 0.019 0.01 0.005 0.006 0.007 0.013 0.009 0.001 0.001 0.001 0.01 0.001 0.001 0.001 0.004 0.002 0.01 0.002 0.001 1 0.001 0.001 0.008 0.001 0.001 0.001
0.023 0.023 0.028 0.001 0.001 0.004 0.005 0.008 0.001 0.005 0.003 0.028 0.001 0.001 0 0.001 0.003 0.001 0.004 0.001 0.085 0.007 0.023 0.001 0.006 0.008 0.002 0.004 0.001 0 0 0.006 0.009 0.027 0.001 0.002 0.001 0.006 0.002 0.008 0.032 0.002 0.009 0.046 0.118 0.001 0 0.043 0.022 0 0.001 0.108 0.176 0.166 0.14 0.001 0.123 0.377 0 0 0.11 0.003 0.001 0.011 0.005 0.003 0.118 0.003 0.001 0.001 1 0.001 0.132 0.001 0.002 0.001
0.003 0.01 0.01 0.021 0.003 0.002 0.003 0.023 0.001 0.003 0.001 0.001 0.001 0.01 0.003 0 0.003 0.001 0 0.009 0.002 0.007 0.01 0.008 0.005 0.028 0.001 0 0.002 0.001 0.001 0.005 0.033 0.028 0.001 0.001 0 0.005 0.002 0.004 0.025 0.001 0.108 0.017 0.004 0 0.002 0.01 0.047 0.011 0 0.009 0.005 0.005 0.006 0.001 0.008 0.001 0.001 0.001 0.009 0.001 0.001 0.001 0.003 0.001 0.009 0.001 0.001 0.001 0.001 1 0.007 0.001 0.001 0.001
0.003 0.003 0.007 0.012 0 0.007 0.01 0.032 0.007 0.007 0.008 0.084 0.008 0 0.001 0 0 0.009 0.194 0.003 0.4 0.024 0.132 0.004 0.005 0.039 0.007 0.206 0 0.006 0.001 0.007 0.044 0.077 0.007 0.004 0.005 0.017 0 0.056 0.098 0.005 0.064 0.216 0.53 0.006 0.028 0.225 0.15 0.048 0.005 0.663 0.572 0.614 0.632 0.007 0.856 0.093 0.091 0.064 0.719 0.017 0.01 0.002 0.375 0.019 0.692 0.019 0.103 0.008 0.132 0.007 1 0.008 0.016 0.138
0.005 0.007 0.007 0.001 0.014 0.014 0.003 0.002 0.001 0.003 0.002 0.001 0.001 0.009 0.008 0 0.004 0.002 0.002 0.011 0.005 0.006 0 0.012 0.001 0 0.001 0.002 0.015 0.027 0.017 0.003 0 0.003 0.001 0.024 0.001 0.006 0.018 0.005 0.001 0.001 0.003 0.003 0.006 0.001 0.002 0.017 0.01 0 0.417 0.011 0.006 0.006 0.007 0.554 0.01 0.001 0.001 0.001 0.011 0.002 0.001 0.001 0.004 0.002 0.01 0.002 0.001 0.001 0.001 0.001 0.008 1 0.078 0.001
0.009 0.007 0.007 0.018 0.002 0.002 0.006 0.016 0.001 0.006 0.003 0.002 0 0.004 0.005 0.001 0.007 0.001 0.004 0.003 0.007 0.035 0.006 0.005 0.003 0.015 0.003 0.005 0.002 0 0.001 0.012 0.025 0.021 0.001 0.002 0.001 0.001 0.003 0.004 0.025 0.033 0.005 0.027 0.012 0.005 0.004 0.016 0.01 0.04 0.001 0.021 0.011 0.012 0.014 0.031 0.018 0.002 0.002 0.001 0.02 0.125 0.002 0.002 0.008 0.001 0.015 0.158 0.002 0.001 0.002 0.001 0.016 0.078 1 0.002
0.002 0.001 0.001 0.007 0 0 0 0.008 0.001 0 0.003 0.187 0.001 0.008 0.009 0.018 0.006 0.001 0.002 0.017 0.061 0 0.043 0.016 0.009 0.029 0.002 0.002 0.005 0.001 0.002 0.01 0.028 0.034 0.001 0.002 0.001 0.009 0.003 0.007 0.039 0.002 0.009 0.019 0.089 0.001 0.004 0.015 0.022 0 0.001 0.054 0.114 0.112 0.093 0.001 0.128 0.001 0.572 0.001 0.114 0.002 0.001 0.002 0 0.003 0.1 0.003 0.623 0.001 0.001 0.001 0.138 0.001 0.002 1
