1 0.8 0.827 0.417 0.365 0.129 0.242 0.215 0.109 0.019 0.032 0.5 0.464 0.009 0.221 0.038 0.035 0.011 0.562 0.162 0.004 0.112 0.101 0.566 0.24 0.005 0.041 0.125 0.062 0.047 0.174 0.077 0.049 0.037 0.023 0.072 0.02 0.013 0.058 0.001 0 0.005 0.055 0.021 0.002 0.035 0.009 0.017 0.002 0 0.023 0.005 0.007 0.036 0.003 0.01 0 0.006 0.003 0.006 0.015 0.002 0.007 0.009 0.009 0.001 0.001 0.01 0.005 0.003 0.021 0 0.022 0.001 0.001
0.8 1 0.956 0.39 0.412 0.155 0.291 0.259 0.131 0.016 0.038 0.616 0.567 0.008 0.249 0.047 0.029 0.009 0.65 0.195 0.001 0.102 0.092 0.656 0.235 0.024 0.034 0.153 0.075 0.058 0.174 0.078 0.061 0.049 0.038 0.058 0.016 0.046 0.075 0.001 0.001 0.011 0.055 0.028 0 0.019 0.012 0.02 0.002 0 0.03 0.005 0.01 0.045 0.002 0.012 0 0.004 0.004 0.01 0.015 0.022 0.014 0.006 0.01 0 0.013 0.014 0.01 0.003 0.026 0 0.029 0.003 0
0.827 0.956 1 0.41 0.442 0.154 0.289 0.258 0.13 0.016 0.038 0.618 0.569 0.008 0.267 0.047 0.029 0.009 0.68 0.194 0.001 0.099 0.091 0.687 0.256 0.024 0.035 0.152 0.074 0.058 0.186 0.086 0.06 0.055 0.037 0.065 0.017 0.044 0.081 0.001 0.001 0.011 0.069 0.032 0 0.023 0.011 0.024 0.002 0 0.03 0.007 0.01 0.045 0.002 0.015 0.001 0.004 0.002 0.009 0.011 0.022 0.017 0.006 0.013 0 0.013 0.015 0.01 0.005 0.026 0 0.029 0.003 0
0.417 0.39 0.41 1 0.196 0.06 0.122 0.109 0.055 0.038 0.016 0.247 0.255 0.019 0.126 0.023 0.07 0.022 0.296 0.077 0.036 0.274 0.354 0.308 0.589 0.004 0.08 0.052 0.031 0.02 0.504 0.261 0.02 0.001 0 0.343 0.039 0.239 0.004 0.042 0.026 0.026 0.022 0.009 0.171 0.131 0.005 0.007 0.047 0.029 0.01 0.01 0.001 0.015 0 0.007 0.021 0.022 0.012 0.005 0.038 0.063 0.005 0.027 0.009 0.003 0.03 0 0.021 0.014 0.01 0.002 0.006 0 0.002
0.365 0.412 0.442 0.196 1 0.015 0.486 0.462 0.218 0.008 0.004 0.488 0.435 0.004 0.515 0.092 0.015 0.005 0.513 0.02 0.026 0.071 0.122 0.543 0.218 0.016 0.018 0.02 0.007 0.009 0.153 0.102 0.009 0.172 0.129 0.074 0.009 0.045 0.033 0.014 0.002 0.006 0 0.054 0.015 0.023 0.001 0.003 0.015 0.002 0.013 0.002 0.007 0.006 0 0.004 0.012 0.009 0.002 0.007 0.004 0.013 0.002 0.01 0.003 0 0.006 0 0.005 0 0.029 0.002 0.011 0.002 0.001
0.129 0.155 0.154 0.06 0.015 1 0.008 0.008 0.004 0.002 0.001 0.157 0.145 0.001 0.009 0.002 0.005 0.001 0.171 0.771 0.011 0.008 0.024 0.141 0.067 0.005 0.005 0.608 0.483 0.426 0.053 0.019 0.414 0.018 0.016 0.012 0.003 0.018 0.03 0.008 0.009 0.002 0.306 0.022 0.041 0.002 0.045 0.041 0.009 0.011 0.017 0.002 0.118 0.002 0.001 0.03 0.004 0.003 0.002 0.114 0.003 0.005 0.026 0.004 0.021 0 0.002 0.001 0.002 0.003 0.001 0.001 0.021 0.003 0
0.242 0.291 0.289 0.122 0.486 0.008 1 0.891 0.449 0.005 0.002 0.268 0.248 0.002 0.74 0.003 0.008 0.003 0.294 0.011 0.012 0.04 0.063 0.311 0.155 0.009 0.01 0.011 0.004 0.005 0.143 0.095 0.005 0.263 0.261 0.089 0.005 0.021 0.085 0.007 0.001 0.003 0.007 0.131 0.076 0.03 0.002 0 0.008 0.001 0.004 0 0.004 0.004 0.001 0.001 0.011 0.004 0.003 0.004 0.011 0.006 0 0.005 0.001 0 0.002 0 0.003 0 0.097 0.007 0.005 0.007 0
0.215 0.259 0.258 0.109 0.462 0.008 0.891 1 0.504 0.004 0.002 0.236 0.219 0.002 0.72 0.003 0.008 0.002 0.26 0.01 0.01 0.035 0.055 0.274 0.136 0.008 0.009 0.01 0.004 0.004 0.127 0.082 0.004 0.216 0.213 0.078 0.004 0.018 0.069 0.005 0.003 0.003 0.007 0.108 0.059 0.029 0.002 0 0.006 0.002 0.004 0 0.003 0.003 0.001 0 0.009 0.003 0.003 0.004 0.01 0.005 0 0.004 0 0 0.002 0 0.003 0 0.109 0.001 0.004 0.007 0
0.109 0.131 0.13 0.055 0.218 0.004 0.449 0.504 1 0.002 0.001 0.132 0.123 0.001 0.418 0.001 0.004 0.001 0.145 0.005 0.009 0.018 0.034 0.153 0.078 0.004 0.005 0.005 0.002 0.002 0.077 0.046 0.002 0.077 0.067 0.049 0.002 0.005 0.016 0.01 0.004 0.001 0.003 0.032 0.024 0.025 0.001 0.001 0.011 0.004 0.002 0 0.002 0.002 0.001 0.001 0.013 0.003 0.002 0.002 0.006 0.004 0.001 0.003 0.001 0.002 0 0.002 0.001 0.001 0.219 0.001 0.002 0.003 0.002
0.019 0.016 0.016 0.038 0.008 0.002 0.005 0.004 0.002 1 0.001 0.012 0.011 0.001 0.005 0.001 0.002 0.001 0.004 0.003 0.179 0.012 0.042 0.013 0.026 0.003 0.003 0.003 0.001 0.001 0.023 0.032 0 0.01 0.009 0.038 0.001 0.01 0.05 0.145 0.126 0.001 0.001 0.032 0.024 0.004 0.001 0.091 0.138 0.089 0.001 0.097 0 0.002 0.098 0.08 0.113 0.002 0.001 0 0 0.003 0.084 0.002 0.089 0.133 0.002 0.055 0.001 0.092 0 0.001 0.001 0.002 0.118
0.032 0.038 0.038 0.016 0.004 0.001 0.002 0.002 0.001 0.001 1 0.039 0.036 0 0.002 0 0.001 0 0.043 0.192 0.003 0.005 0.01 0.045 0.023 0.001 0.001 0.184 0.001 0.001 0.023 0.017 0.001 0.004 0.004 0.014 0.001 0.063 0.012 0.003 0.003 0 0.001 0.009 0.023 0.007 0.01 0.005 0.003 0.004 0.004 0.004 0.001 0.001 0 0.005 0.004 0.019 0 0.001 0.002 0.001 0.005 0.017 0.005 0 0 0.001 0 0.004 0 0 0.004 0.001 0.001
0.5 0.616 0.618 0.247 0.488 0.157 0.268 0.236 0.132 0.012 0.039 1 0.9 0.008 0.309 0.057 0.026 0.007 0.81 0.198 0.061 0.076 0.174 0.818 0.332 0.028 0.031 0.174 0.076 0.091 0.259 0.188 0.079 0.105 0.081 0.145 0.016 0.041 0.058 0.043 0.019 0.008 0.085 0.014 0.004 0.034 0.011 0 0.045 0.021 0.03 0.004 0.02 0.01 0.009 0 0.016 0.006 0.006 0.032 0.007 0.026 0 0.007 0 0.009 0.012 0.001 0.01 0.002 0.035 0 0.029 0.005 0.009
0.464 0.567 0.569 0.255 0.435 0.145 0.248 0.219 0.123 0.011 0.036 0.9 1 0.008 0.286 0.052 0.028 0.007 0.754 0.188 0.062 0.076 0.175 0.763 0.335 0.02 0.033 0.16 0.07 0.085 0.263 0.191 0.079 0.107 0.083 0.151 0.017 0.035 0.051 0.053 0.026 0.007 0.083 0.011 0.006 0.029 0.01 0 0.055 0.029 0.027 0.008 0.021 0.009 0.009 0 0.023 0.007 0.003 0.033 0.009 0.025 0 0.009 0.001 0.01 0.01 0.004 0.003 0.005 0.032 0 0.026 0.004 0.01
0.009 0.008 0.008 0.019 0.004 0.001 0.002 0.002 0.001 0.001 0 0.008 0.008 1 0.003 0 0 0 0.007 0.002 0.002 0.055 0.031 0.007 0.013 0.001 0 0.002 0.001 0.001 0.014 0.018 0.001 0.005 0.005 0.022 0.004 0.005 0.004 0.002 0.002 0 0.001 0.008 0.012 0.038 0 0.004 0.002 0.003 0.001 0.003 0.001 0.001 0 0.004 0.003 0.004 0.001 0.001 0.001 0.001 0.004 0.003 0.004 0 0.001 0.001 0 0.003 0 0 0.001 0.003 0
0.221 0.249 0.267 0.126 0.515 0.009 0.74 0.72 0.418 0.005 0.002 0.309 0.286 0.003 1 0.003 0.009 0.003 0.348 0.012 0.021 0.043 0.081 0.367 0.187 0.009 0.011 0.012 0.004 0.005 0.17 0.116 0.005 0.278 0.208 0.102 0.005 0.017 0.078 0.013 0 0.003 0.001 0.114 0.061 0.022 0.002 0 0.014 0 0.005 0 0.004 0.004 0.003 0 0.01 0.005 0.004 0.004 0 0.006 0 0.005 0 0.004 0.003 0 0.003 0.001 0.09 0.002 0.005 0.008 0.004
0.038 0.047 0.047 0.023 0.092 0.002 0.003 0.003 0.001 0.001 0 0.057 0.052 0 0.003 1 0.002 0.001 0.062 0.002 0.004 0.008 0.015 0.066 0.033 0.002 0.002 0.002 0.001 0.001 0.033 0.025 0.001 0.006 0.006 0.02 0.001 0.006 0.017 0.004 0.005 0.001 0.001 0.012 0.013 0.002 0.002 0.006 0.004 0.005 0 0.005 0.001 0.001 0.001 0.007 0.005 0.001 0.001 0.001 0.002 0.002 0.006 0.001 0.007 0.001 0.001 0.001 0.001 0.005 0 0 0 0.001 0.001
0.035 0.029 0.029 0.07 0.015 0.005 0.008 0.008 0.004 0.002 0.001 0.026 0.028 0 0.009 0.002 1 0.001 0.026 0.006 0.418 0.02 0.112 0.025 0.049 0.005 0.833 0.006 0.002 0.003 0.048 0.056 0.003 0.016 0.015 0.074 0.003 0.017 0.092 0.358 0.323 0.001 0.004 0.044 0.042 0.028 0.001 0.211 0.284 0.283 0.002 0.246 0.002 0.002 0 0.202 0.22 0.003 0.002 0.002 0.595 0.005 0.217 0.004 0.207 0.001 0.003 0.003 0.001 0.229 0.001 0.001 0.003 0.004 0.001
0.011 0.009 0.009 0.022 0.005 0.001 0.003 0.002 0.001 0.001 0 0.007 0.007 0 0.003 0.001 0.001 1 0.008 0.002 0.003 0.069 0.036 0.008 0.016 0.001 0.002 0.002 0.001 0.001 0.016 0.022 0.001 0.083 0.089 0.019 0.001 0.006 0.02 0.004 0.004 0.001 0.001 0.029 0.023 0.01 0 0.006 0.004 0.005 0.001 0.005 0.001 0.001 0 0.007 0.005 0.001 0.001 0.001 0.002 0.002 0.006 0.001 0.006 0.001 0.001 0.001 0.001 0.005 0 0.198 0.001 0.001 0.001
0.562 0.65 0.68 0.296 0.513 0.171 0.294 0.26 0.145 0.004 0.043 0.81 0.754 0.007 0.348 0.062 0.026 0.008 1 0.223 0.046 0.1 0.185 0.939 0.403 0.027 0.029 0.167 0.083 0.066 0.3 0.17 0.063 0.072 0.05 0.129 0.014 0.035 0.04 0.035 0.012 0.01 0.074 0.01 0.001 0.036 0.013 0.001 0.035 0.013 0.034 0.001 0.01 0.012 0.008 0 0.01 0.006 0.006 0.02 0.003 0.024 0 0.008 0 0.009 0.011 0.001 0.009 0 0.031 0 0.033 0.005 0.009
0.162 0.195 0.194 0.077 0.02 0.771 0.011 0.01 0.005 0.003 0.192 0.198 0.188 0.002 0.012 0.002 0.006 0.002 0.223 1 0.014 0.014 0.035 0.194 0.093 0.006 0.007 0.808 0.374 0.327 0.076 0.034 0.318 0.023 0.021 0.023 0.003 0 0.011 0.012 0.013 0.002 0.231 0.032 0.012 0.006 0.057 0.022 0.012 0.015 0.022 0 0.088 0.003 0.002 0.014 0.001 0 0.002 0.085 0.005 0.006 0.012 0 0.009 0.001 0.003 0.001 0.002 0 0.001 0.002 0.024 0.005 0.001
0.004 0.001 0.001 0.036 0.026 0.011 0.012 0.01 0.009 0.179 0.003 0.061 0.062 0.002 0.021 0.004 0.418 0.003 0.046 0.014 1 0.047 0.258 0.058 0.115 0.011 0.373 0.014 0.005 0.006 0.108 0.138 0.003 0.041 0.039 0.171 0.006 0.041 0.204 0.789 0.688 0.004 0.005 0.147 0.1 0.022 0.002 0.48 0.69 0.578 0.004 0.53 0.001 0.161 0.02 0.437 0.527 0.008 0.004 0.001 0.302 0.012 0.474 0.009 0.466 0.086 0.007 0.109 0.003 0.453 0.002 0.003 0.004 0.007 0.083
0.112 0.102 0.099 0.274 0.071 0.008 0.04 0.035 0.018 0.012 0.005 0.076 0.076 0.055 0.043 0.008 0.02 0.069 0.1 0.014 0.047 1 0.487 0.116 0.209 0.022 0.006 0.028 0.01 0.012 0.168 0.023 0.012 0.046 0.051 0.038 0.104 0.074 0.004 0.05 0.056 0.066 0.018 0 0.006 0.09 0 0.06 0.029 0.038 0 0.056 0.005 0.01 0.006 0.058 0.039 0.039 0.001 0.01 0.016 0.023 0.063 0.053 0.058 0.008 0.006 0.008 0.007 0.044 0.002 0.008 0 0.001 0.005
0.101 0.092 0.091 0.354 0.122 0.024 0.063 0.055 0.034 0.042 0.01 0.174 0.175 0.031 0.081 0.015 0.112 0.036 0.185 0.035 0.258 0.487 1 0.221 0.414 0.041 0.132 0.054 0.019 0.023 0.353 0.157 0.018 0.002 0.003 0.218 0.05 0.146 0.085 0.218 0.17 0.033 0.029 0.094 0.084 0.019 0.001 0.092 0.224 0.16 0.003 0.115 0.008 0.039 0.001 0.082 0.139 0.011 0.005 0.013 0.08 0.044 0.069 0.017 0.084 0.017 0.017 0.024 0.013 0.105 0.006 0.002 0.001 0.002 0.02
0.566 0.656 0.687 0.308 0.543 0.141 0.311 0.274 0.153 0.013 0.045 0.818 0.763 0.007 0.367 0.066 0.025 0.008 0.939 0.194 0.058 0.116 0.221 1 0.445 0.025 0.029 0.183 0.088 0.07 0.307 0.198 0.073 0.081 0.057 0.155 0.014 0.031 0.042 0.045 0.018 0.009 0.084 0.009 0.002 0.042 0.014 0.001 0.047 0.019 0.036 0.003 0.014 0.011 0.008 0 0.015 0.006 0.006 0.026 0.005 0.023 0 0.007 0 0.008 0.01 0.005 0.009 0.001 0.033 0 0.036 0.006 0.008
0.24 0.235 0.256 0.589 0.218 0.067 0.155 0.136 0.078 0.026 0.023 0.332 0.335 0.013 0.187 0.033 0.049 0.016 0.403 0.093 0.115 0.209 0.414 0.445 1 0.05 0.058 0.085 0.045 0.031 0.786 0.549 0.033 0.018 0.01 0.448 0.022 0.152 0.002 0.104 0.067 0.018 0.037 0.011 0.164 0.139 0.006 0.022 0.109 0.056 0.001 0.038 0.004 0.022 0.008 0.024 0.06 0.015 0.014 0.009 0.026 0 0.022 0.019 0.028 0.009 0.036 0.015 0.03 0.035 0.016 0.001 0 0 0.019
0.005 0.024 0.024 0.004 0.016 0.005 0.009 0.008 0.004 0.003 0.001 0.028 0.02 0.001 0.009 0.002 0.005 0.001 0.027 0.006 0.011 0.022 0.041 0.025 0.05 1 0.005 0.006 0.002 0.003 0.051 0.067 0.003 0.017 0.017 0.005 0.003 0.072 0.039 0.01 0.011 0 0.004 0.028 0.016 0.001 0.001 0.016 0.009 0.011 0.002 0.013 0.002 0 0.002 0.017 0.011 0.004 0.101 0 0.003 0.266 0.016 0.004 0.017 0.002 0 0.001 0.002 0.012 0.001 0.001 0.003 0.004 0.002
0.041 0.034 0.035 0.08 0.018 0.005 0.01 0.009 0.005 0.003 0.001 0.031 0.033 0 0.011 0.002 0.833 0.002 0.029 0.007 0.373 0.006 0.132 0.029 0.058 0.005 1 0.007 0.003 0.003 0.057 0.069 0.003 0.021 0.019 0.09 0.003 0.02 0.068 0.318 0.285 0.002 0.005 0.033 0.05 0.013 0.001 0.181 0.252 0.249 0.003 0.214 0.002 0.002 0.001 0.166 0.189 0.004 0.002 0.002 0.539 0.006 0.187 0.005 0.173 0.001 0.003 0.003 0.001 0.2 0.001 0.001 0.003 0.005 0.001
0.125 0.153 0.152 0.052 0.02 0.608 0.011 0.01 0.005 0.003 0.184 0.174 0.16 0.002 0.012 0.002 0.006 0.002 0.167 0.808 0.014 0.028 0.054 0.183 0.085 0.006 0.007 1 0.358 0.314 0.083 0.056 0.388 0.024 0.014 0.041 0.003 0 0.025 0.012 0.014 0.002 0.379 0.024 0.014 0.018 0.054 0.047 0.013 0.016 0.02 0 0.236 0.003 0.002 0.035 0 0 0.002 0.19 0.006 0.007 0.032 0 0.026 0.001 0.003 0.002 0.002 0 0.001 0.002 0.023 0.004 0.001
0.062 0.075 0.074 0.031 0.007 0.483 0.004 0.004 0.002 0.001 0.001 0.076 0.07 0.001 0.004 0.001 0.002 0.001 0.083 0.374 0.005 0.01 0.019 0.088 0.045 0.002 0.003 0.358 1 0.829 0.013 0.007 0.081 0.008 0.008 0.005 0.001 0.009 0.012 0.006 0.007 0.001 0.069 0.017 0.02 0.001 0.083 0.004 0.006 0.007 0.038 0.008 0.093 0.001 0.001 0.001 0.007 0.002 0.001 0.091 0.003 0.002 0.001 0.002 0 0.001 0.001 0.001 0.001 0.007 0.001 0.001 0.045 0.014 0.001
0.047 0.058 0.058 0.02 0.009 0.426 0.005 0.004 0.002 0.001 0.001 0.091 0.085 0.001 0.005 0.001 0.003 0.001 0.066 0.327 0.006 0.012 0.023 0.07 0.031 0.003 0.003 0.314 0.829 1 0.008 0.013 0.081 0.001 0.001 0.009 0.001 0.01 0.02 0.007 0.008 0.001 0.067 0.021 0.01 0.003 0.067 0.003 0.007 0.009 0.03 0.007 0.075 0.001 0.001 0.001 0.006 0.002 0.001 0.074 0.002 0.003 0.001 0.002 0 0.001 0.001 0.001 0.001 0.006 0.001 0.001 0.035 0.01 0.001
0.174 0.174 0.186 0.504 0.153 0.053 0.143 0.127 0.077 0.023 0.023 0.259 0.263 0.014 0.17 0.033 0.048 0.016 0.3 0.076 0.108 0.168 0.353 0.307 0.786 0.051 0.057 0.083 0.013 0.008 1 0.663 0.053 0.031 0.026 0.55 0.028 0.151 0 0.111 0.072 0.019 0.079 0.002 0.192 0.181 0.006 0.012 0.115 0.061 0 0.034 0.033 0.023 0.001 0.009 0.055 0.023 0.019 0.037 0.03 0 0.008 0.026 0.012 0.009 0.035 0.015 0.032 0.031 0.015 0 0.002 0.017 0.009
0.077 0.078 0.086 0.261 0.102 0.019 0.095 0.082 0.046 0.032 0.017 0.188 0.191 0.018 0.116 0.025 0.056 0.022 0.17 0.034 0.138 0.023 0.157 0.198 0.549 0.067 0.069 0.056 0.007 0.013 0.663 1 0.04 0.257 0.251 0.808 0.037 0.089 0.049 0.147 0.115 0.019 0.059 0.01 0.374 0.231 0.003 0.038 0.154 0.103 0.002 0.08 0.024 0.03 0.011 0.038 0.098 0.032 0.027 0.024 0.042 0.001 0.037 0.037 0.046 0.014 0.024 0.025 0.024 0.073 0.006 0.017 0.005 0.021 0.025
0.049 0.061 0.06 0.02 0.009 0.414 0.005 0.004 0.002 0 0.001 0.079 0.079 0.001 0.005 0.001 0.003 0.001 0.063 0.318 0.003 0.012 0.018 0.073 0.033 0.003 0.003 0.388 0.081 0.081 0.053 0.04 1 0.01 0.01 0.034 0.001 0.01 0.054 0.005 0.006 0.001 0.382 0.004 0.025 0.018 0.083 0.067 0.005 0.007 0.037 0.011 0.155 0.001 0.001 0.059 0.014 0.002 0.001 0.143 0.001 0.003 0.055 0.002 0.065 0 0.002 0.002 0.001 0.013 0.001 0.001 0.035 0.002 0
0.037 0.049 0.055 0.001 0.172 0.018 0.263 0.216 0.077 0.01 0.004 0.105 0.107 0.005 0.278 0.006 0.016 0.083 0.072 0.023 0.041 0.046 0.002 0.081 0.018 0.017 0.021 0.024 0.008 0.001 0.031 0.257 0.01 1 0.897 0.22 0.01 0.067 0.328 0.035 0.04 0.079 0.001 0.287 0.256 0.037 0.005 0.042 0.038 0.043 0.007 0.032 0.008 0.008 0.005 0.04 0.034 0.012 0.007 0.008 0.007 0.014 0.04 0.012 0.043 0.007 0.011 0.003 0.006 0.028 0.001 0.06 0.008 0.007 0.007
0.023 0.038 0.037 0 0.129 0.016 0.261 0.213 0.067 0.009 0.004 0.081 0.083 0.005 0.208 0.006 0.015 0.089 0.05 0.021 0.039 0.051 0.003 0.057 0.01 0.017 0.019 0.014 0.008 0.001 0.026 0.251 0.01 0.897 1 0.213 0.009 0.064 0.317 0.033 0.037 0.085 0.007 0.253 0.272 0.034 0.004 0.052 0.035 0.043 0.009 0.051 0.001 0.008 0.005 0.05 0.043 0.012 0.007 0.001 0.023 0.014 0.05 0.013 0.053 0.006 0.011 0.003 0.006 0.047 0.001 0.065 0.009 0.01 0.007
0.072 0.058 0.065 0.343 0.074 0.012 0.089 0.078 0.049 0.038 0.014 0.145 0.151 0.022 0.102 0.02 0.074 0.019 0.129 0.023 0.171 0.038 0.218 0.155 0.448 0.005 0.09 0.041 0.005 0.009 0.55 0.808 0.034 0.22 0.213 1 0.044 0.218 0.023 0.179 0.133 0.015 0.05 0.003 0.506 0.294 0.002 0.054 0.189 0.123 0.004 0.1 0.02 0.031 0.014 0.054 0.128 0.039 0.023 0.024 0.057 0.056 0.052 0.045 0.063 0.017 0.027 0.027 0.019 0.091 0.013 0.014 0.007 0.027 0.03
0.02 0.016 0.017 0.039 0.009 0.003 0.005 0.004 0.002 0.001 0.001 0.016 0.017 0.004 0.005 0.001 0.003 0.001 0.014 0.003 0.006 0.104 0.05 0.014 0.022 0.003 0.003 0.003 0.001 0.001 0.028 0.037 0.001 0.01 0.009 0.044 1 0.006 0.013 0.003 0.004 0.001 0.002 0.003 0.022 0.044 0.001 0.002 0 0 0.001 0.006 0 0.001 0.001 0.002 0.001 0.237 0.001 0.001 0.001 0.003 0.007 0.322 0.002 0.001 0.002 0.002 0.001 0.001 0.001 0.001 0.001 0.024 0.001
0.013 0.046 0.044 0.239 0.045 0.018 0.021 0.018 0.005 0.01 0.063 0.041 0.035 0.005 0.017 0.006 0.017 0.006 0.035 0 0.041 0.074 0.146 0.031 0.152 0.072 0.02 0 0.009 0.01 0.151 0.089 0.01 0.067 0.064 0.218 0.006 1 0.189 0.048 0.045 0.007 0.015 0.119 0.36 0.099 0 0.072 0.05 0.052 0.002 0.06 0.004 0.008 0.006 0.073 0.06 0.002 0.007 0.005 0.025 0.244 0.069 0.003 0.073 0.007 0.133 0.011 0.089 0.056 0 0.005 0.005 0.001 0.008
0.058 0.075 0.081 0.004 0.033 0.03 0.085 0.069 0.016 0.05 0.012 0.058 0.051 0.004 0.078 0.017 0.092 0.02 0.04 0.011 0.204 0.004 0.085 0.042 0.002 0.039 0.068 0.025 0.012 0.02 0 0.049 0.054 0.328 0.317 0.023 0.013 0.189 1 0.253 0.198 0.035 0.08 0.497 0.005 0.108 0 0.278 0.207 0.146 0.004 0.205 0.034 0.043 0.006 0.236 0.21 0.028 0.018 0.023 0.094 0.047 0.227 0.033 0.231 0.018 0.032 0.047 0.017 0.179 0.007 0.021 0.004 0.027 0.017
0.001 0.001 0.001 0.042 0.014 0.008 0.007 0.005 0.01 0.145 0.003 0.043 0.053 0.002 0.013 0.004 0.358 0.004 0.035 0.012 0.789 0.05 0.218 0.045 0.104 0.01 0.318 0.012 0.006 0.007 0.111 0.147 0.005 0.035 0.033 0.179 0.003 0.048 0.253 1 0.879 0.005 0.011 0.2 0.117 0.031 0.003 0.592 0.888 0.745 0.006 0.679 0.005 0.17 0.023 0.534 0.686 0.009 0.005 0.004 0.311 0.013 0.528 0.011 0.566 0.093 0.008 0.191 0.004 0.595 0.003 0.003 0.006 0.011 0.092
0 0.001 0.001 0.026 0.002 0.009 0.001 0.003 0.004 0.126 0.003 0.019 0.026 0.002 0 0.005 0.323 0.004 0.012 0.013 0.688 0.056 0.17 0.018 0.067 0.011 0.285 0.014 0.007 0.008 0.072 0.115 0.006 0.04 0.037 0.133 0.004 0.045 0.198 0.879 1 0.005 0.012 0.211 0.129 0.039 0.004 0.645 0.777 0.829 0.007 0.71 0.006 0.14 0.02 0.591 0.605 0.01 0.006 0.004 0.276 0.015 0.587 0.012 0.623 0.079 0.009 0.16 0.005 0.659 0.049 0.004 0.006 0.012 0.078
0.005 0.011 0.011 0.026 0.006 0.002 0.003 0.003 0.001 0.001 0 0.008 0.007 0 0.003 0.001 0.001 0.001 0.01 0.002 0.004 0.066 0.033 0.009 0.018 0 0.002 0.002 0.001 0.001 0.019 0.019 0.001 0.079 0.085 0.015 0.001 0.007 0.035 0.005 0.005 1 0.001 0.016 0.014 0.012 0 0.008 0.005 0.006 0.001 0.007 0.001 0.001 0.001 0.005 0.006 0.001 0.001 0.001 0.003 0.002 0.008 0.001 0.008 0.001 0.001 0.001 0.001 0.006 0.002 0 0.001 0 0.001
0.055 0.055 0.069 0.022 0 0.306 0.007 0.007 0.003 0.001 0.001 0.085 0.083 0.001 0.001 0.001 0.004 0.001 0.074 0.231 0.005 0.018 0.029 0.084 0.037 0.004 0.005 0.379 0.069 0.067 0.079 0.059 0.382 0.001 0.007 0.05 0.002 0.015 0.08 0.011 0.012 0.001 1 0 0.037 0.026 0.001 0.188 0.011 0.01 0.002 0.022 0.456 0.002 0.001 0.158 0.015 0.003 0.002 0.346 0.007 0.004 0.149 0.003 0.134 0.002 0.003 0.001 0.001 0.023 0.001 0.001 0.002 0.003 0.002
0.021 0.028 0.032 0.009 0.054 0.022 0.131 0.108 0.032 0.032 0.009 0.014 0.011 0.008 0.114 0.012 0.044 0.029 0.01 0.032 0.147 0 0.094 0.009 0.011 0.028 0.033 0.024 0.017 0.021 0.002 0.01 0.004 0.287 0.253 0.003 0.003 0.119 0.497 0.2 0.211 0.016 0 1 0.011 0.06 0.01 0.176 0.198 0.196 0.019 0.182 0 0.049 0.011 0.172 0.193 0.019 0.007 0 0.064 0.039 0.156 0.022 0.182 0.022 0.023 0.061 0.011 0.198 0.003 0.029 0.018 0.025 0.038
0.002 0 0 0.171 0.015 0.041 0.076 0.059 0.024 0.024 0.023 0.004 0.006 0.012 0.061 0.013 0.042 0.023 0.001 0.012 0.1 0.006 0.084 0.002 0.164 0.016 0.05 0.014 0.02 0.01 0.192 0.374 0.025 0.256 0.272 0.506 0.022 0.36 0.005 0.117 0.129 0.014 0.037 0.011 1 0.187 0.003 0.197 0.122 0.147 0.012 0.169 0.019 0.02 0.015 0.201 0.148 0.018 0.018 0.016 0.064 0.115 0.191 0.021 0.201 0.018 0.052 0.026 0.036 0.158 0.01 0.026 0.018 0.01 0.019
0.035 0.019 0.023 0.131 0.023 0.002 0.03 0.029 0.025 0.004 0.007 0.034 0.029 0.038 0.022 0.002 0.028 0.01 0.036 0.006 0.022 0.09 0.019 0.042 0.139 0.001 0.013 0.018 0.001 0.003 0.181 0.231 0.018 0.037 0.034 0.294 0.044 0.099 0.108 0.031 0.039 0.012 0.026 0.06 0.187 1 0.008 0.078 0.034 0.05 0.003 0.047 0.009 0.005 0.001 0.062 0.036 0.071 0.037 0.014 0.037 0.033 0.059 0.085 0.062 0.007 0.02 0.001 0.01 0.053 0.004 0.007 0.001 0.028 0.003
0.009 0.012 0.011 0.005 0.001 0.045 0.002 0.002 0.001 0.001 0.01 0.011 0.01 0 0.002 0.002 0.001 0 0.013 0.057 0.002 0 0.001 0.014 0.006 0.001 0.001 0.054 0.083 0.067 0.006 0.003 0.083 0.005 0.004 0.002 0.001 0 0 0.003 0.004 0 0.001 0.01 0.003 0.008 1 0.006 0.003 0.004 0.515 0.005 0.001 0.001 0 0.006 0.004 0.001 0.001 0 0.002 0.001 0.005 0.001 0.006 0.001 0.001 0.001 0 0.005 0 0 0.41 0.002 0.001
0.017 0.02 0.024 0.007 0.003 0.041 0 0 0.001 0.091 0.005 0 0 0.004 0 0.006 0.211 0.006 0.001 0.022 0.48 0.06 0.092 0.001 0.022 0.016 0.181 0.047 0.004 0.003 0.012 0.038 0.067 0.042 0.052 0.054 0.002 0.072 0.278 0.592 0.645 0.008 0.188 0.176 0.197 0.078 0.006 1 0.62 0.66 0.011 0.745 0.083 0.1 0.01 0.891 0.648 0.016 0.008 0.064 0.297 0.023 0.844 0.018 0.893 0.052 0.014 0.131 0.007 0.718 0.04 0.005 0.01 0.018 0.059
0.002 0.002 0.002 0.047 0.015 0.009 0.008 0.006 0.011 0.138 0.003 0.045 0.055 0.002 0.014 0.004 0.284 0.004 0.035 0.012 0.69 0.029 0.224 0.047 0.109 0.009 0.252 0.013 0.006 0.007 0.115 0.154 0.005 0.038 0.035 0.189 0 0.05 0.207 0.888 0.777 0.005 0.011 0.198 0.122 0.034 0.003 0.62 1 0.782 0.007 0.677 0.006 0.162 0.022 0.561 0.723 0.01 0.005 0.004 0.308 0.014 0.526 0.011 0.593 0.089 0.008 0.204 0.004 0.622 0.003 0.003 0.006 0.011 0.101
0 0 0 0.029 0.002 0.011 0.001 0.002 0.004 0.089 0.004 0.021 0.029 0.003 0 0.005 0.283 0.005 0.013 0.015 0.578 0.038 0.16 0.019 0.056 0.011 0.249 0.016 0.007 0.009 0.061 0.103 0.007 0.043 0.043 0.123 0 0.052 0.146 0.745 0.829 0.006 0.01 0.196 0.147 0.05 0.004 0.66 0.782 1 0.008 0.742 0.007 0.135 0.034 0.645 0.655 0.011 0.006 0.005 0.306 0.017 0.614 0.013 0.677 0.074 0.01 0.169 0.005 0.68 0.055 0.004 0.009 0.013 0.085
0.023 0.03 0.03 0.01 0.013 0.017 0.004 0.004 0.002 0.001 0.004 0.03 0.027 0.001 0.005 0 0.002 0.001 0.034 0.022 0.004 0 0.003 0.036 0.001 0.002 0.003 0.02 0.038 0.03 0 0.002 0.037 0.007 0.009 0.004 0.001 0.002 0.004 0.006 0.007 0.001 0.002 0.019 0.012 0.003 0.515 0.011 0.007 0.008 1 0.009 0.001 0.001 0.001 0.011 0.008 0.002 0.001 0.001 0.004 0.003 0.011 0.002 0.011 0.001 0 0.001 0.001 0.009 0.001 0.001 0.855 0.117 0.001
0.005 0.005 0.007 0.01 0.002 0.002 0 0 0 0.097 0.004 0.004 0.008 0.003 0 0.005 0.246 0.005 0.001 0 0.53 0.056 0.115 0.003 0.038 0.013 0.214 0 0.008 0.007 0.034 0.08 0.011 0.032 0.051 0.1 0.006 0.06 0.205 0.679 0.71 0.007 0.022 0.182 0.169 0.047 0.005 0.745 0.677 0.742 0.009 1 0.008 0.116 0.054 0.784 0.834 0.014 0.007 0.006 0.355 0.019 0.773 0.015 0.829 0.107 0.012 0.151 0.006 0.851 0.02 0.005 0.009 0.015 0.114
0.007 0.01 0.01 0.001 0.007 0.118 0.004 0.003 0.002 0 0.001 0.02 0.021 0.001 0.004 0.001 0.002 0.001 0.01 0.088 0.001 0.005 0.008 0.014 0.004 0.002 0.002 0.236 0.093 0.075 0.033 0.024 0.155 0.008 0.001 0.02 0 0.004 0.034 0.005 0.006 0.001 0.456 0 0.019 0.009 0.001 0.083 0.006 0.007 0.001 0.008 1 0.001 0.001 0.081 0.007 0 0.001 0.674 0.003 0.002 0.08 0 0.052 0.001 0.001 0.001 0.001 0.007 0 0.001 0.001 0.002 0.001
0.036 0.045 0.045 0.015 0.006 0.002 0.004 0.003 0.002 0.002 0.001 0.01 0.009 0.001 0.004 0.001 0.002 0.001 0.012 0.003 0.161 0.01 0.039 0.011 0.022 0 0.002 0.003 0.001 0.001 0.023 0.03 0.001 0.008 0.008 0.031 0.001 0.008 0.043 0.17 0.14 0.001 0.002 0.049 0.02 0.005 0.001 0.1 0.162 0.135 0.001 0.116 0.001 1 0 0.094 0.124 0.002 0.001 0.001 0 0.002 0.095 0.002 0.098 0 0.001 0.29 0.001 0.07 0 0.001 0.001 0.002 0
0.003 0.002 0.002 0 0 0.001 0.001 0.001 0.001 0.098 0 0.009 0.009 0 0.003 0.001 0 0 0.008 0.002 0.02 0.006 0.001 0.008 0.008 0.002 0.001 0.002 0.001 0.001 0.001 0.011 0.001 0.005 0.005 0.014 0.001 0.006 0.006 0.023 0.02 0.001 0.001 0.011 0.015 0.001 0 0.01 0.022 0.034 0.001 0.054 0.001 0 1 0.045 0.063 0.001 0.001 0.001 0.002 0.002 0.039 0.001 0.045 0.175 0.001 0 0.001 0.033 0 0 0.001 0.001 0.306
0.01 0.012 0.015 0.007 0.004 0.03 0.001 0 0.001 0.08 0.005 0 0 0.004 0 0.007 0.202 0.007 0 0.014 0.437 0.058 0.082 0 0.024 0.017 0.166 0.035 0.001 0.001 0.009 0.038 0.059 0.04 0.05 0.054 0.002 0.073 0.236 0.534 0.591 0.005 0.158 0.172 0.201 0.062 0.006 0.891 0.561 0.645 0.011 0.784 0.081 0.094 0.045 1 0.688 0.016 0.009 0.062 0.27 0.023 0.899 0.018 0.942 0.09 0.014 0.123 0.007 0.75 0.049 0.006 0.01 0.018 0.096
0 0 0.001 0.021 0.012 0.004 0.011 0.009 0.013 0.113 0.004 0.016 0.023 0.003 0.01 0.005 0.22 0.005 0.01 0.001 0.527 0.039 0.139 0.015 0.06 0.011 0.189 0 0.007 0.006 0.055 0.098 0.014 0.034 0.043 0.128 0.001 0.06 0.21 0.686 0.605 0.006 0.015 0.193 0.148 0.036 0.004 0.648 0.723 0.655 0.008 0.834 0.007 0.124 0.063 0.688 1 0.012 0.006 0.005 0.297 0.017 0.637 0.013 0.732 0.123 0.01 0.164 0.005 0.754 0.004 0.004 0.007 0.013 0.131
0.006 0.004 0.004 0.022 0.009 0.003 0.004 0.003 0.003 0.002 0.019 0.006 0.007 0.004 0.005 0.001 0.003 0.001 0.006 0 0.008 0.039 0.011 0.006 0.015 0.004 0.004 0 0.002 0.002 0.023 0.032 0.002 0.012 0.012 0.039 0.237 0.002 0.028 0.009 0.01 0.001 0.003 0.019 0.018 0.071 0.001 0.016 0.01 0.011 0.002 0.014 0 0.002 0.001 0.016 0.012 1 0.001 0.002 0.006 0.004 0.015 0.885 0.016 0.001 0.002 0.002 0.001 0.013 0.001 0.001 0.002 0.115 0.002
0.003 0.004 0.002 0.012 0.002 0.002 0.003 0.003 0.002 0.001 0 0.006 0.003 0.001 0.004 0.001 0.002 0.001 0.006 0.002 0.004 0.001 0.005 0.006 0.014 0.101 0.002 0.002 0.001 0.001 0.019 0.027 0.001 0.007 0.007 0.023 0.001 0.007 0.018 0.005 0.006 0.001 0.002 0.007 0.018 0.037 0.001 0.008 0.005 0.006 0.001 0.007 0.001 0.001 0.001 0.009 0.006 0.001 1 0.001 0.003 0.002 0.008 0.002 0.009 0.001 0.001 0.001 0.001 0.007 0 0 0.001 0.002 0.001
0.006 0.01 0.009 0.005 0.007 0.114 0.004 0.004 0.002 0 0.001 0.032 0.033 0.001 0.004 0.001 0.002 0.001 0.02 0.085 0.001 0.01 0.013 0.026 0.009 0 0.002 0.19 0.091 0.074 0.037 0.024 0.143 0.008 0.001 0.024 0.001 0.005 0.023 0.004 0.004 0.001 0.346 0 0.016 0.014 0 0.064 0.004 0.005 0.001 0.006 0.674 0.001 0.001 0.062 0.005 0.002 0.001 1 0.001 0.002 0.06 0.002 0.037 0.001 0.001 0 0.001 0.006 0 0.001 0.001 0.002 0.001
0.015 0.015 0.011 0.038 0.004 0.003 0.011 0.01 0.006 0 0.002 0.007 0.009 0.001 0 0.002 0.595 0.002 0.003 0.005 0.302 0.016 0.08 0.005 0.026 0.003 0.539 0.006 0.003 0.002 0.03 0.042 0.001 0.007 0.023 0.057 0.001 0.025 0.094 0.311 0.276 0.003 0.007 0.064 0.064 0.037 0.002 0.297 0.308 0.306 0.004 0.355 0.003 0 0.002 0.27 0.297 0.006 0.003 0.001 1 0.008 0.311 0.006 0.293 0.003 0.005 0.004 0.002 0.323 0.002 0.002 0.004 0.006 0
0.002 0.022 0.022 0.063 0.013 0.005 0.006 0.005 0.004 0.003 0.001 0.026 0.025 0.001 0.006 0.002 0.005 0.002 0.024 0.006 0.012 0.023 0.044 0.023 0 0.266 0.006 0.007 0.002 0.003 0 0.001 0.003 0.014 0.014 0.056 0.003 0.244 0.047 0.013 0.015 0.002 0.004 0.039 0.115 0.033 0.001 0.023 0.014 0.017 0.003 0.019 0.002 0.002 0.002 0.023 0.017 0.004 0.002 0.002 0.008 1 0.022 0.004 0.023 0.002 0.003 0.003 0.002 0.018 0.001 0.001 0.003 0.001 0.002
0.007 0.014 0.017 0.005 0.002 0.026 0 0 0.001 0.084 0.005 0 0 0.004 0 0.006 0.217 0.006 0 0.012 0.474 0.063 0.069 0 0.022 0.016 0.187 0.032 0.001 0.001 0.008 0.037 0.055 0.04 0.05 0.052 0.007 0.069 0.227 0.528 0.587 0.008 0.149 0.156 0.191 0.059 0.005 0.844 0.526 0.614 0.011 0.773 0.08 0.095 0.039 0.899 0.637 0.015 0.008 0.06 0.311 0.022 1 0.017 0.901 0.094 0.013 0.134 0.007 0.688 0.041 0.005 0.01 0.015 0.09
0.009 0.006 0.006 0.027 0.01 0.004 0.005 0.004 0.003 0.002 0.017 0.007 0.009 0.003 0.005 0.001 0.004 0.001 0.008 0 0.009 0.053 0.017 0.007 0.019 0.004 0.005 0 0.002 0.002 0.026 0.037 0.002 0.012 0.013 0.045 0.322 0.003 0.033 0.011 0.012 0.001 0.003 0.022 0.021 0.085 0.001 0.018 0.011 0.013 0.002 0.015 0 0.002 0.001 0.018 0.013 0.885 0.002 0.002 0.006 0.004 0.017 1 0.018 0.001 0.003 0.002 0.001 0.014 0.001 0.001 0.002 0.11 0.002
0.009 0.01 0.013 0.009 0.003 0.021 0.001 0 0.001 0.089 0.005 0 0.001 0.004 0 0.007 0.207 0.006 0 0.009 0.466 0.058 0.084 0 0.028 0.017 0.173 0.026 0 0 0.012 0.046 0.065 0.043 0.053 0.063 0.002 0.073 0.231 0.566 0.623 0.008 0.134 0.182 0.201 0.062 0.006 0.893 0.593 0.677 0.011 0.829 0.052 0.098 0.045 0.942 0.732 0.016 0.009 0.037 0.293 0.023 0.901 0.018 1 0.09 0.014 0.128 0.007 0.777 0.039 0.006 0.01 0.016 0.096
0.001 0 0 0.003 0 0 0 0 0.002 0.133 0 0.009 0.01 0 0.004 0.001 0.001 0.001 0.009 0.001 0.086 0.008 0.017 0.008 0.009 0.002 0.001 0.001 0.001 0.001 0.009 0.014 0 0.007 0.006 0.017 0.001 0.007 0.018 0.093 0.079 0.001 0.002 0.022 0.018 0.007 0.001 0.052 0.089 0.074 0.001 0.107 0.001 0 0.175 0.09 0.123 0.001 0.001 0.001 0.003 0.002 0.094 0.001 0.09 1 0.001 0.001 0.001 0.08 0 0.001 0 0.002 0.456
0.001 0.013 0.013 0.03 0.006 0.002 0.002 0.002 0 0.002 0 0.012 0.01 0.001 0.003 0.001 0.003 0.001 0.011 0.003 0.007 0.006 0.017 0.01 0.036 0 0.003 0.003 0.001 0.001 0.035 0.024 0.002 0.011 0.011 0.027 0.002 0.133 0.032 0.008 0.009 0.001 0.003 0.023 0.052 0.02 0.001 0.014 0.008 0.01 0 0.012 0.001 0.001 0.001 0.014 0.01 0.002 0.001 0.001 0.005 0.003 0.013 0.003 0.014 0.001 1 0.002 0.001 0.011 0.001 0.001 0.002 0.003 0.001
0.01 0.014 0.015 0 0 0.001 0 0 0.002 0.055 0.001 0.001 0.004 0.001 0 0.001 0.003 0.001 0.001 0.001 0.109 0.008 0.024 0.005 0.015 0.001 0.003 0.002 0.001 0.001 0.015 0.025 0.002 0.003 0.003 0.027 0.002 0.011 0.047 0.191 0.16 0.001 0.001 0.061 0.026 0.001 0.001 0.131 0.204 0.169 0.001 0.151 0.001 0.29 0 0.123 0.164 0.002 0.001 0 0.004 0.003 0.134 0.002 0.128 0.001 0.002 1 0.001 0.148 0.001 0.001 0.002 0.002 0
0.005 0.01 0.01 0.021 0.005 0.002 0.003 0.003 0.001 0.001 0 0.01 0.003 0 0.003 0.001 0.001 0.001 0.009 0.002 0.003 0.007 0.013 0.009 0.03 0.002 0.001 0.002 0.001 0.001 0.032 0.024 0.001 0.006 0.006 0.019 0.001 0.089 0.017 0.004 0.005 0.001 0.001 0.011 0.036 0.01 0 0.007 0.004 0.005 0.001 0.006 0.001 0.001 0.001 0.007 0.005 0.001 0.001 0.001 0.002 0.002 0.007 0.001 0.007 0.001 0.001 0.001 1 0.006 0 0 0.001 0.001 0.001
0.003 0.003 0.005 0.014 0 0.003 0 0 0.001 0.092 0.004 0.002 0.005 0.003 0.001 0.005 0.229 0.005 0 0 0.453 0.044 0.105 0.001 0.035 0.012 0.2 0 0.007 0.006 0.031 0.073 0.013 0.028 0.047 0.091 0.001 0.056 0.179 0.595 0.659 0.006 0.023 0.198 0.158 0.053 0.005 0.718 0.622 0.68 0.009 0.851 0.007 0.07 0.033 0.75 0.754 0.013 0.007 0.006 0.323 0.018 0.688 0.014 0.777 0.08 0.011 0.148 0.006 1 0.037 0.004 0.008 0.014 0.116
0.021 0.026 0.026 0.01 0.029 0.001 0.097 0.109 0.219 0 0 0.035 0.032 0 0.09 0 0.001 0 0.031 0.001 0.002 0.002 0.006 0.033 0.016 0.001 0.001 0.001 0.001 0.001 0.015 0.006 0.001 0.001 0.001 0.013 0.001 0 0.007 0.003 0.049 0.002 0.001 0.003 0.01 0.004 0 0.04 0.003 0.055 0.001 0.02 0 0 0 0.049 0.004 0.001 0 0 0.002 0.001 0.041 0.001 0.039 0 0.001 0.001 0 0.037 1 0 0.001 0.001 0
0 0 0 0.002 0.002 0.001 0.007 0.001 0.001 0.001 0 0 0 0 0.002 0 0.001 0.198 0 0.002 0.003 0.008 0.002 0 0.001 0.001 0.001 0.002 0.001 0.001 0 0.017 0.001 0.06 0.065 0.014 0.001 0.005 0.021 0.003 0.004 0 0.001 0.029 0.026 0.007 0 0.005 0.003 0.004 0.001 0.005 0.001 0.001 0 0.006 0.004 0.001 0 0.001 0.002 0.001 0.005 0.001 0.006 0.001 0.001 0.001 0 0.004 0 1 0.001 0.001 0.001
0.022 0.029 0.029 0.006 0.011 0.021 0.005 0.004 0.002 0.001 0.004 0.029 0.026 0.001 0.005 0 0.003 0.001 0.033 0.024 0.004 0 0.001 0.036 0 0.003 0.003 0.023 0.045 0.035 0.002 0.005 0.035 0.008 0.009 0.007 0.001 0.005 0.004 0.006 0.006 0.001 0.002 0.018 0.018 0.001 0.41 0.01 0.006 0.009 0.855 0.009 0.001 0.001 0.001 0.01 0.007 0.002 0.001 0.001 0.004 0.003 0.01 0.002 0.01 0 0.002 0.002 0.001 0.008 0.001 0.001 1 0.117 0.001
0.001 0.003 0.003 0 0.002 0.003 0.007 0.007 0.003 0.002 0.001 0.005 0.004 0.003 0.008 0.001 0.004 0.001 0.005 0.005 0.007 0.001 0.002 0.006 0 0.004 0.005 0.004 0.014 0.01 0.017 0.021 0.002 0.007 0.01 0.027 0.024 0.001 0.027 0.011 0.012 0 0.003 0.025 0.01 0.028 0.002 0.018 0.011 0.013 0.117 0.015 0.002 0.002 0.001 0.018 0.013 0.115 0.002 0.002 0.006 0.001 0.015 0.11 0.016 0.002 0.003 0.002 0.001 0.014 0.001 0.001 0.117 1 0.002
0.001 0 0 0.002 0.001 0 0 0 0.002 0.118 0.001 0.009 0.01 0 0.004 0.001 0.001 0.001 0.009 0.001 0.083 0.005 0.02 0.008 0.019 0.002 0.001 0.001 0.001 0.001 0.009 0.025 0 0.007 0.007 0.03 0.001 0.008 0.017 0.092 0.078 0.001 0.002 0.038 0.019 0.003 0.001 0.059 0.101 0.085 0.001 0.114 0.001 0 0.306 0.096 0.131 0.002 0.001 0.001 0 0.002 0.09 0.002 0.096 0.456 0.001 0 0.001 0.116 0 0.001 0.001 0.002 1
