1 0.864 0.882 0.483 0.37 0.112 0.289 0.25 0.106 0.025 0.04 0.552 0.507 0.001 0.279 0.037 0.03 0.01 0.576 0.15 0.004 0.126 0.116 0.607 0.307 0.003 0.034 0.138 0.061 0.056 0.201 0.137 0.02 0.081 0.053 0.128 0.021 0.018 0.079 0.007 0.001 0.003 0.074 0.028 0.013 0.072 0.01 0.017 0.008 0 0.007 0.003 0.012 0.038 0.004 0.011 0 0.007 0.008 0.011 0.005 0.008 0.006 0.008 0.01 0 0.001 0.014 0.012 0 0.019 0.002 0.014 0.005 0.001
0.864 1 0.97 0.466 0.395 0.13 0.333 0.289 0.122 0.021 0.046 0.613 0.563 0.001 0.294 0.043 0.026 0.008 0.634 0.174 0.002 0.12 0.104 0.667 0.312 0.018 0.03 0.162 0.07 0.066 0.203 0.136 0.025 0.084 0.066 0.109 0.018 0.04 0.094 0.005 0 0.005 0.066 0.036 0.005 0.057 0.012 0.02 0.005 0 0.009 0.003 0.016 0.045 0.003 0.013 0 0.005 0.008 0.014 0.007 0.028 0.011 0.005 0.012 0 0.003 0.017 0.016 0 0.022 0.001 0.018 0.003 0
0.882 0.97 1 0.482 0.424 0.127 0.327 0.284 0.12 0.022 0.045 0.637 0.586 0.001 0.32 0.042 0.027 0.009 0.661 0.171 0.002 0.123 0.107 0.695 0.327 0.019 0.03 0.159 0.069 0.064 0.215 0.145 0.024 0.097 0.064 0.117 0.018 0.041 0.103 0.005 0 0.006 0.086 0.042 0.004 0.059 0.012 0.025 0.006 0 0.009 0.006 0.016 0.044 0.003 0.018 0 0.005 0.007 0.014 0.003 0.029 0.013 0.006 0.017 0 0.003 0.018 0.016 0.002 0.022 0.001 0.017 0.004 0.001
0.483 0.466 0.482 1 0.225 0.059 0.159 0.138 0.058 0.045 0.022 0.31 0.309 0.006 0.174 0.024 0.055 0.018 0.327 0.077 0.03 0.256 0.322 0.352 0.669 0.001 0.057 0.067 0.033 0.029 0.519 0.356 0.008 0.019 0.009 0.398 0.038 0.198 0.001 0.036 0.02 0.016 0.032 0.002 0.21 0.172 0.007 0.001 0.04 0.016 0.003 0.005 0.002 0.017 0.001 0.002 0.017 0.023 0.016 0.002 0.023 0.055 0.002 0.023 0.002 0.001 0.013 0.002 0.024 0.01 0.01 0.005 0.005 0.011 0.003
0.37 0.395 0.424 0.225 1 0.015 0.597 0.539 0.222 0.011 0.005 0.556 0.495 0.005 0.687 0.084 0.014 0.004 0.554 0.023 0.038 0.078 0.143 0.564 0.287 0.01 0.016 0.025 0.008 0.009 0.224 0.175 0.007 0.262 0.188 0.155 0.009 0.034 0.053 0.032 0.008 0.006 0.001 0.084 0.047 0.058 0 0.004 0.028 0.001 0.001 0 0.01 0.008 0.005 0.003 0.01 0.012 0.004 0.006 0 0.012 0.003 0.013 0.003 0.004 0.001 0.004 0.008 0 0.038 0 0 0.007 0.006
0.112 0.13 0.127 0.059 0.015 1 0.009 0.008 0.003 0.003 0.001 0.14 0.13 0.01 0.012 0.001 0.003 0.001 0.115 0.55 0.01 0.009 0.022 0.117 0.058 0.002 0.004 0.479 0.31 0.313 0.018 0.009 0.159 0.016 0.015 0.005 0.002 0.013 0.013 0.009 0.009 0.002 0.196 0.03 0.034 0 0.025 0.029 0.01 0.012 0.01 0 0.159 0.002 0.005 0.029 0 0.002 0.001 0.098 0.003 0.005 0.017 0.002 0.03 0.005 0.001 0.001 0.002 0 0.001 0.001 0.043 0.003 0.003
0.289 0.333 0.327 0.159 0.597 0.009 1 0.867 0.367 0.007 0.003 0.354 0.329 0.003 0.726 0.004 0.009 0.003 0.369 0.014 0.024 0.05 0.09 0.376 0.198 0.006 0.01 0.016 0.005 0.006 0.163 0.126 0.004 0.311 0.343 0.116 0.006 0.031 0.082 0.026 0.003 0.004 0.012 0.134 0.117 0.06 0.002 0.011 0.02 0.001 0.003 0.004 0.007 0.006 0.003 0.008 0.026 0.007 0.003 0.004 0.01 0.006 0.007 0.008 0.009 0.003 0 0.007 0.005 0.004 0.07 0.001 0.004 0.01 0.004
0.25 0.289 0.284 0.138 0.539 0.008 0.867 1 0.423 0.006 0.003 0.306 0.284 0.003 0.636 0.003 0.008 0.002 0.319 0.012 0.02 0.043 0.078 0.325 0.171 0.005 0.009 0.014 0.004 0.005 0.136 0.105 0.004 0.243 0.268 0.097 0.005 0.026 0.06 0.022 0.001 0.004 0.011 0.106 0.089 0.054 0.001 0.006 0.017 0 0.003 0.002 0.006 0.005 0.002 0.005 0.022 0.006 0.002 0.004 0.008 0.004 0.004 0.006 0.005 0.002 0 0.006 0.005 0.002 0.081 0 0.003 0.009 0.003
0.106 0.122 0.12 0.058 0.222 0.003 0.367 0.423 1 0.003 0.001 0.132 0.123 0.001 0.299 0.001 0.003 0.001 0.138 0.005 0.009 0.018 0.034 0.14 0.074 0.002 0.004 0.006 0.002 0.002 0.075 0.059 0.002 0.109 0.117 0.055 0.002 0.009 0.027 0.01 0.001 0.002 0.004 0.056 0.042 0.026 0.001 0.001 0.004 0 0.001 0 0.002 0.002 0.002 0.001 0.006 0.003 0.001 0.002 0.001 0.005 0 0.003 0.001 0.002 0 0.003 0.002 0 0.031 0.001 0.001 0.004 0.002
0.025 0.021 0.022 0.045 0.011 0.003 0.007 0.006 0.003 1 0.001 0.005 0.002 0.001 0.009 0.001 0.003 0.001 0.01 0.004 0.243 0.015 0.064 0.019 0.035 0.002 0.003 0.005 0.001 0.002 0.026 0.033 0.001 0.012 0.011 0.037 0.002 0.01 0.06 0.195 0.118 0.001 0 0.037 0.027 0.006 0 0.116 0.175 0.13 0.001 0.125 0 0 0.164 0.111 0.143 0.003 0.001 0.002 0.006 0.004 0.115 0.003 0.116 0.074 0.001 0.019 0.002 0.123 0.001 0.001 0.001 0.003 0.146
0.04 0.046 0.045 0.022 0.005 0.001 0.003 0.003 0.001 0.001 1 0.049 0.046 0 0.004 0 0.001 0 0.052 0.232 0.004 0.007 0.013 0.044 0.028 0.001 0.001 0.21 0.001 0.001 0.028 0.023 0.001 0.006 0.005 0.021 0.001 0.095 0.016 0.004 0.004 0.001 0.002 0.014 0.034 0.01 0.03 0.007 0.004 0.005 0.013 0.006 0.001 0.001 0.001 0.007 0.005 0.008 0 0.001 0.002 0.002 0.007 0.008 0.007 0.001 0 0.001 0.001 0.006 0 0 0.01 0.002 0.001
0.552 0.613 0.637 0.31 0.556 0.14 0.354 0.306 0.132 0.005 0.049 1 0.893 0.001 0.405 0.053 0.021 0.006 0.767 0.142 0.047 0.107 0.187 0.804 0.398 0.015 0.024 0.15 0.034 0.042 0.288 0.23 0.042 0.136 0.095 0.197 0.017 0.02 0.068 0.042 0.025 0.009 0.075 0.028 0.022 0.068 0.014 0.002 0.041 0.01 0.011 0.001 0.028 0.012 0.003 0.003 0.009 0.009 0.005 0.028 0 0.023 0.001 0.01 0.002 0.002 0.003 0.007 0.015 0.001 0.03 0 0.02 0.002 0.005
0.507 0.563 0.586 0.309 0.495 0.13 0.329 0.284 0.123 0.002 0.046 0.893 1 0.001 0.376 0.05 0.023 0.007 0.738 0.151 0.045 0.114 0.192 0.774 0.403 0.007 0.026 0.138 0.031 0.038 0.288 0.231 0.052 0.137 0.098 0.201 0.018 0.019 0.061 0.055 0.035 0.008 0.079 0.024 0.024 0.058 0.013 0 0.053 0.017 0.01 0.003 0.034 0.013 0.003 0.001 0.015 0.011 0.001 0.037 0.001 0.026 0 0.011 0.001 0.003 0.002 0.014 0.009 0.003 0.028 0.001 0.018 0.002 0.005
0.001 0.001 0.001 0.006 0.005 0.01 0.003 0.003 0.001 0.001 0 0.001 0.001 1 0.004 0 0 0 0.008 0.002 0.002 0.057 0.033 0.008 0.003 0 0 0.002 0.001 0.001 0.015 0.018 0.001 0.005 0.005 0.018 0.015 0.004 0.001 0.002 0.002 0.001 0.002 0.01 0.01 0.034 0 0.004 0.002 0.003 0 0 0.001 0.001 0.032 0 0.001 0.008 0 0.001 0.001 0.001 0 0.008 0 0.032 0 0.001 0.001 0.001 0 0 0 0.007 0.025
0.279 0.294 0.32 0.174 0.687 0.012 0.726 0.636 0.299 0.009 0.004 0.405 0.376 0.004 1 0.004 0.011 0.003 0.459 0.018 0.031 0.061 0.113 0.468 0.247 0.008 0.012 0.02 0.006 0.007 0.194 0.151 0.005 0.347 0.252 0.138 0.007 0.022 0.095 0.025 0.003 0.005 0.003 0.145 0.088 0.056 0.002 0 0.02 0 0.004 0.001 0.008 0.007 0.005 0 0.004 0.009 0.003 0.005 0.003 0.008 0 0.01 0 0.005 0.001 0.008 0.007 0.002 0.057 0.004 0.005 0.013 0.006
0.037 0.043 0.042 0.024 0.084 0.001 0.004 0.003 0.001 0.001 0 0.053 0.05 0 0.004 1 0.001 0 0.056 0.002 0.004 0.007 0.014 0.057 0.03 0.001 0.001 0.002 0.001 0.001 0.031 0.025 0.001 0.006 0.006 0.022 0.001 0.005 0.017 0.004 0.004 0.001 0.002 0.015 0.011 0.004 0.007 0.008 0.005 0.005 0.003 0.006 0.001 0.001 0.001 0.008 0.006 0.001 0 0.001 0.003 0.002 0.007 0.001 0.008 0 0 0.001 0.001 0.006 0 0.001 0.002 0.002 0.001
0.03 0.026 0.027 0.055 0.014 0.003 0.009 0.008 0.003 0.003 0.001 0.021 0.023 0 0.011 0.001 1 0.001 0.023 0.005 0.342 0.018 0.095 0.023 0.043 0.002 0.885 0.006 0.002 0.002 0.032 0.036 0.002 0.015 0.013 0.045 0.002 0.006 0.053 0.254 0.249 0.001 0.004 0.049 0.023 0.027 0.001 0.131 0.225 0.195 0.001 0.165 0.002 0.002 0 0.126 0.171 0.003 0.001 0.001 0.405 0.005 0.139 0.003 0.13 0 0.001 0.003 0.001 0.171 0.001 0.001 0.001 0.004 0.001
0.01 0.008 0.009 0.018 0.004 0.001 0.003 0.002 0.001 0.001 0 0.006 0.007 0 0.003 0 0.001 1 0.007 0.002 0.003 0.056 0.03 0.007 0.014 0.001 0.001 0.002 0.001 0.001 0.014 0.019 0 0.067 0.075 0.018 0.001 0.004 0.011 0.001 0.001 0 0.001 0.013 0.011 0.009 0 0.004 0.002 0.002 0 0.003 0.001 0.001 0.001 0.004 0.002 0.001 0 0 0 0.001 0.003 0.001 0.004 0.001 0 0.001 0.001 0.002 0 0.344 0 0.001 0.001
0.576 0.634 0.661 0.327 0.554 0.115 0.369 0.319 0.138 0.01 0.052 0.767 0.738 0.008 0.459 0.056 0.023 0.007 1 0.222 0.052 0.129 0.22 0.946 0.49 0.016 0.022 0.161 0.079 0.074 0.315 0.232 0.014 0.128 0.088 0.197 0.014 0.02 0.064 0.045 0.018 0.011 0.082 0.019 0.02 0.07 0.015 0.002 0.044 0.011 0.012 0.003 0.01 0.015 0.011 0 0.015 0.009 0.007 0.006 0 0.025 0.001 0.009 0 0.011 0.002 0.013 0.014 0.003 0.025 0.001 0.021 0.001 0.014
0.15 0.174 0.171 0.077 0.023 0.55 0.014 0.012 0.005 0.004 0.232 0.142 0.151 0.002 0.018 0.002 0.005 0.002 0.222 1 0.015 0.029 0.054 0.216 0.119 0.004 0.006 0.804 0.355 0.348 0.053 0.036 0.1 0.025 0.022 0.026 0.004 0.002 0.004 0.015 0.015 0.002 0.196 0.05 0.006 0.006 0.048 0.021 0.017 0.02 0.019 0.008 0.098 0.003 0.003 0.002 0.006 0 0.002 0.06 0.006 0.008 0 0 0.003 0.003 0.001 0.002 0.003 0.009 0.001 0.001 0.05 0.003 0.003
0.004 0.002 0.002 0.03 0.038 0.01 0.024 0.02 0.009 0.243 0.004 0.047 0.045 0.002 0.031 0.004 0.342 0.003 0.052 0.015 1 0.049 0.268 0.067 0.115 0.006 0.354 0.017 0.005 0.006 0.099 0.12 0 0.044 0.039 0.137 0.006 0.029 0.173 0.745 0.587 0 0.006 0.144 0.076 0.027 0.002 0.411 0.667 0.543 0.003 0.472 0.001 0.16 0.03 0.379 0.486 0.009 0.003 0 0.238 0.013 0.432 0.01 0.409 0.049 0.002 0.14 0.001 0.418 0.002 0.003 0.004 0.008 0.078
0.126 0.12 0.123 0.256 0.078 0.009 0.05 0.043 0.018 0.015 0.007 0.107 0.114 0.057 0.061 0.007 0.018 0.056 0.129 0.029 0.049 1 0.459 0.13 0.208 0.012 0.017 0.033 0.01 0.012 0.147 0.038 0.009 0.015 0.022 0.046 0.106 0.05 0.013 0.046 0.047 0.058 0.025 0.013 0.008 0.119 0.001 0.076 0.035 0.044 0.001 0.051 0.005 0.012 0 0.058 0.036 0.032 0.001 0.008 0.025 0.006 0.062 0.034 0.059 0 0.004 0.01 0.011 0.041 0.002 0.022 0 0.021 0.001
0.116 0.104 0.107 0.322 0.143 0.022 0.09 0.078 0.034 0.064 0.013 0.187 0.192 0.033 0.113 0.014 0.095 0.03 0.22 0.054 0.268 0.459 1 0.243 0.417 0.022 0.102 0.061 0.019 0.022 0.319 0.174 0.007 0.001 0 0.203 0.045 0.109 0.052 0.207 0.147 0.042 0.036 0.04 0.077 0.028 0.003 0.059 0.198 0.136 0 0.101 0.007 0.038 0.013 0.065 0.129 0.004 0.004 0.007 0.051 0.03 0.066 0.005 0.066 0.023 0.007 0.035 0.012 0.096 0.005 0.008 0.001 0.002 0.032
0.607 0.667 0.695 0.352 0.564 0.117 0.376 0.325 0.14 0.019 0.044 0.804 0.774 0.008 0.468 0.057 0.023 0.007 0.946 0.216 0.067 0.13 0.243 1 0.52 0.016 0.026 0.18 0.08 0.076 0.338 0.253 0.03 0.132 0.091 0.216 0.016 0.021 0.065 0.059 0.026 0.011 0.104 0.019 0.021 0.07 0.015 0.002 0.057 0.017 0.012 0.006 0.021 0.015 0.011 0 0.022 0.01 0.006 0.018 0.001 0.024 0.001 0.01 0 0.011 0.002 0.015 0.014 0.006 0.026 0.001 0.022 0.002 0.014
0.307 0.312 0.327 0.669 0.287 0.058 0.198 0.171 0.074 0.035 0.028 0.398 0.403 0.003 0.247 0.03 0.043 0.014 0.49 0.119 0.115 0.208 0.417 0.52 1 0.03 0.049 0.092 0.042 0.038 0.694 0.533 0.012 0.043 0.025 0.467 0.03 0.157 0 0.106 0.064 0.012 0.046 0.004 0.221 0.17 0.009 0.013 0.108 0.056 0.002 0.041 0.005 0.028 0.011 0.024 0.066 0.026 0.012 0.006 0.015 0.014 0.029 0.027 0.025 0.011 0.015 0.031 0.031 0.04 0.013 0.003 0.005 0.007 0.025
0.003 0.018 0.019 0.001 0.01 0.002 0.006 0.005 0.002 0.002 0.001 0.015 0.007 0 0.008 0.001 0.002 0.001 0.016 0.004 0.006 0.012 0.022 0.016 0.03 1 0.001 0.004 0.001 0.001 0.03 0.037 0.001 0.01 0.009 0.001 0.002 0.039 0.028 0.007 0.007 0 0.003 0.007 0.007 0.002 0 0.006 0.002 0.003 0.001 0.004 0.002 0.001 0.001 0.006 0.003 0.002 0.102 0.001 0 0.122 0.006 0.002 0.006 0.001 0 0.002 0.001 0.004 0.001 0.001 0.001 0.003 0.001
0.034 0.03 0.03 0.057 0.016 0.004 0.01 0.009 0.004 0.003 0.001 0.024 0.026 0 0.012 0.001 0.885 0.001 0.022 0.006 0.354 0.017 0.102 0.026 0.049 0.001 1 0.007 0.002 0.002 0.038 0.043 0.002 0.017 0.015 0.052 0.002 0.008 0.053 0.265 0.259 0.002 0.005 0.049 0.027 0.026 0.001 0.135 0.235 0.202 0.001 0.171 0.003 0.002 0.001 0.111 0.168 0.004 0.001 0.002 0.425 0.005 0.143 0.004 0.125 0.001 0.001 0.003 0.001 0.177 0.001 0.001 0.002 0.004 0.001
0.138 0.162 0.159 0.067 0.025 0.479 0.016 0.014 0.006 0.005 0.21 0.15 0.138 0.002 0.02 0.002 0.006 0.002 0.161 0.804 0.017 0.033 0.061 0.18 0.092 0.004 0.007 1 0.32 0.314 0.08 0.058 0.196 0.027 0.018 0.045 0.004 0.001 0.015 0.017 0.017 0.003 0.34 0.036 0.009 0.016 0.043 0.049 0.019 0.022 0.017 0.011 0.265 0.004 0.003 0.017 0.008 0 0.002 0.184 0.007 0.008 0.01 0 0.017 0.003 0.001 0.003 0.004 0.011 0.001 0.002 0.044 0.002 0.004
0.061 0.07 0.069 0.033 0.008 0.31 0.005 0.004 0.002 0.001 0.001 0.034 0.031 0.001 0.006 0.001 0.002 0.001 0.079 0.355 0.005 0.01 0.019 0.08 0.042 0.001 0.002 0.32 1 0.897 0.005 0.002 0.009 0.009 0.008 0.002 0.001 0.007 0.005 0.006 0.006 0.001 0.092 0.02 0.018 0 0.012 0.011 0.006 0.008 0.004 0.008 0.03 0.001 0.001 0 0.007 0.002 0.001 0.054 0.004 0.003 0.001 0.002 0 0.001 0 0.001 0.001 0.008 0 0 0.048 0.008 0.001
0.056 0.066 0.064 0.029 0.009 0.313 0.006 0.005 0.002 0.002 0.001 0.042 0.038 0.001 0.007 0.001 0.002 0.001 0.074 0.348 0.006 0.012 0.022 0.076 0.038 0.001 0.002 0.314 0.897 1 0.004 0.004 0.019 0.005 0.004 0.003 0.001 0.008 0.008 0.006 0.007 0.001 0.099 0.022 0.014 0 0.01 0.012 0.007 0.008 0.004 0.006 0.026 0.001 0.001 0 0.005 0.002 0.001 0.047 0.001 0.003 0.001 0.002 0 0.001 0 0.001 0.001 0.005 0 0 0.042 0.006 0.001
0.201 0.203 0.215 0.519 0.224 0.018 0.163 0.136 0.075 0.026 0.028 0.288 0.288 0.015 0.194 0.031 0.032 0.014 0.315 0.053 0.099 0.147 0.319 0.338 0.694 0.03 0.038 0.08 0.005 0.004 1 0.779 0.036 0.098 0.078 0.699 0.029 0.174 0.016 0.127 0.081 0.02 0.096 0.001 0.318 0.251 0.009 0.007 0.128 0.069 0 0.046 0.039 0.028 0.011 0.012 0.073 0.029 0.013 0.035 0.02 0.014 0.015 0.03 0.013 0.018 0.016 0.031 0.045 0.045 0.013 0.001 0.001 0.025 0.017
0.137 0.136 0.145 0.356 0.175 0.009 0.126 0.105 0.059 0.033 0.023 0.23 0.231 0.018 0.151 0.025 0.036 0.019 0.232 0.036 0.12 0.038 0.174 0.253 0.533 0.037 0.043 0.058 0.002 0.004 0.779 1 0.027 0.276 0.255 0.883 0.036 0.13 0.059 0.15 0.102 0.016 0.078 0.007 0.425 0.228 0.006 0.018 0.153 0.092 0 0.074 0.031 0.034 0.023 0.028 0.103 0.035 0.016 0.026 0.025 0.008 0.034 0.036 0.032 0.022 0.013 0.041 0.037 0.073 0.011 0.013 0.002 0.031 0.03
0.02 0.025 0.024 0.008 0.007 0.159 0.004 0.004 0.002 0.001 0.001 0.042 0.052 0.001 0.005 0.001 0.002 0 0.014 0.1 0 0.009 0.007 0.03 0.012 0.001 0.002 0.196 0.009 0.019 0.036 0.027 1 0.007 0.007 0.027 0.001 0.006 0.036 0.005 0.005 0.001 0.234 0 0.016 0.013 0.063 0.049 0.005 0.006 0.029 0 0.239 0.001 0.001 0.043 0 0.002 0 0.339 0 0.002 0.034 0.002 0.049 0.001 0 0.001 0.001 0 0 0.001 0.023 0.002 0.001
0.081 0.084 0.097 0.019 0.262 0.016 0.311 0.243 0.109 0.012 0.006 0.136 0.137 0.005 0.347 0.006 0.015 0.067 0.128 0.025 0.044 0.015 0.001 0.132 0.043 0.01 0.017 0.027 0.009 0.005 0.098 0.276 0.007 1 0.867 0.252 0.01 0.06 0.317 0.044 0.045 0.071 0 0.225 0.257 0.039 0.003 0.039 0.049 0.036 0.005 0.025 0.011 0.01 0.007 0.034 0.023 0.011 0.004 0.007 0.001 0.014 0.037 0.009 0.038 0.007 0.003 0.011 0.009 0.022 0.002 0.049 0.007 0.011 0.008
0.053 0.066 0.064 0.009 0.188 0.015 0.343 0.268 0.117 0.011 0.005 0.095 0.098 0.005 0.252 0.006 0.013 0.075 0.088 0.022 0.039 0.022 0 0.091 0.025 0.009 0.015 0.018 0.008 0.004 0.078 0.255 0.007 0.867 1 0.236 0.009 0.054 0.294 0.04 0.04 0.079 0.013 0.189 0.309 0.034 0.003 0.07 0.044 0.051 0.005 0.06 0.005 0.009 0.006 0.064 0.053 0.011 0.004 0.002 0.024 0.012 0.063 0.012 0.069 0.006 0.003 0.011 0.008 0.057 0.001 0.055 0.006 0.013 0.007
0.128 0.109 0.117 0.398 0.155 0.005 0.116 0.097 0.055 0.037 0.021 0.197 0.201 0.018 0.138 0.022 0.045 0.018 0.197 0.026 0.137 0.046 0.203 0.216 0.467 0.001 0.052 0.045 0.002 0.003 0.699 0.883 0.027 0.252 0.236 1 0.039 0.207 0.044 0.171 0.117 0.015 0.078 0.003 0.505 0.269 0.006 0.025 0.175 0.107 0 0.085 0.028 0.037 0.026 0.036 0.117 0.039 0.014 0.024 0.033 0.054 0.042 0.039 0.04 0.025 0.012 0.044 0.034 0.083 0.013 0.011 0.002 0.035 0.034
0.021 0.018 0.018 0.038 0.009 0.002 0.006 0.005 0.002 0.002 0.001 0.017 0.018 0.015 0.007 0.001 0.002 0.001 0.014 0.004 0.006 0.106 0.045 0.016 0.03 0.002 0.002 0.004 0.001 0.001 0.029 0.036 0.001 0.01 0.009 0.039 1 0.002 0.013 0.004 0.004 0.001 0.003 0.006 0.016 0.037 0 0.004 0.001 0.001 0.001 0.007 0.003 0.001 0.001 0.004 0.002 0.273 0.001 0.001 0.002 0 0.009 0.269 0.004 0.001 0 0.002 0.001 0.002 0 0.001 0.001 0.011 0.001
0.018 0.04 0.041 0.198 0.034 0.013 0.031 0.026 0.009 0.01 0.095 0.02 0.019 0.004 0.022 0.005 0.006 0.004 0.02 0.002 0.029 0.05 0.109 0.021 0.157 0.039 0.008 0.001 0.007 0.008 0.174 0.13 0.006 0.06 0.054 0.207 0.002 1 0.171 0.04 0.039 0.006 0.018 0.12 0.341 0.073 0.002 0.074 0.045 0.051 0 0.059 0.003 0.008 0.007 0.073 0.054 0.001 0.004 0.006 0.025 0.252 0.07 0.001 0.075 0.007 0.055 0.011 0.152 0.056 0.002 0.005 0.001 0.002 0.008
0.079 0.094 0.103 0.001 0.053 0.013 0.082 0.06 0.027 0.06 0.016 0.068 0.061 0.001 0.095 0.017 0.053 0.011 0.064 0.004 0.173 0.013 0.052 0.065 0 0.028 0.053 0.015 0.005 0.008 0.016 0.059 0.036 0.317 0.294 0.044 0.013 0.171 1 0.235 0.171 0.023 0.104 0.402 0.009 0.12 0 0.287 0.188 0.152 0.004 0.171 0.039 0.049 0.009 0.222 0.189 0.027 0.01 0.034 0.101 0.04 0.216 0.028 0.226 0.011 0.01 0.052 0.026 0.152 0.007 0.015 0.006 0.033 0.01
0.007 0.005 0.005 0.036 0.032 0.009 0.026 0.022 0.01 0.195 0.004 0.042 0.055 0.002 0.025 0.004 0.254 0.001 0.045 0.015 0.745 0.046 0.207 0.059 0.106 0.007 0.265 0.017 0.006 0.006 0.127 0.15 0.005 0.044 0.04 0.171 0.004 0.04 0.235 1 0.818 0.005 0.014 0.177 0.105 0.037 0.002 0.526 0.895 0.738 0.004 0.644 0.007 0.208 0.052 0.49 0.671 0.01 0.003 0.003 0.285 0.014 0.523 0.01 0.512 0.076 0.002 0.224 0.006 0.586 0.002 0.004 0.004 0.012 0.081
0.001 0 0 0.02 0.008 0.009 0.003 0.001 0.001 0.118 0.004 0.025 0.035 0.002 0.003 0.004 0.249 0.001 0.018 0.015 0.587 0.047 0.147 0.026 0.064 0.007 0.259 0.017 0.006 0.007 0.081 0.102 0.005 0.045 0.04 0.117 0.004 0.039 0.171 0.818 1 0.005 0.014 0.196 0.107 0.04 0.002 0.523 0.729 0.754 0.004 0.654 0.008 0.151 0.051 0.498 0.569 0.01 0.003 0.003 0.228 0.015 0.532 0.011 0.52 0.061 0.002 0.171 0.006 0.619 0.034 0.004 0.004 0.012 0.067
0.003 0.005 0.006 0.016 0.006 0.002 0.004 0.004 0.002 0.001 0.001 0.009 0.008 0.001 0.005 0.001 0.001 0 0.011 0.002 0 0.058 0.042 0.011 0.012 0 0.002 0.003 0.001 0.001 0.02 0.016 0.001 0.071 0.079 0.015 0.001 0.006 0.023 0.005 0.005 1 0.002 0.002 0.012 0.032 0 0.009 0.005 0.006 0.001 0.007 0.001 0.001 0.001 0.006 0.006 0 0 0.001 0.003 0.002 0.008 0 0.009 0.001 0 0.001 0.001 0.007 0.001 0.001 0.001 0 0.001
0.074 0.066 0.086 0.032 0.001 0.196 0.012 0.011 0.004 0 0.002 0.075 0.079 0.002 0.003 0.002 0.004 0.001 0.082 0.196 0.006 0.025 0.036 0.104 0.046 0.003 0.005 0.34 0.092 0.099 0.096 0.078 0.234 0 0.013 0.078 0.003 0.018 0.104 0.014 0.014 0.002 1 0 0.046 0.038 0.001 0.233 0.015 0.003 0.002 0.009 0.435 0.003 0.002 0.146 0.008 0.004 0.001 0.315 0.017 0.006 0.112 0.005 0.146 0.002 0.001 0.002 0.003 0.009 0.001 0.002 0.002 0.005 0.003
0.028 0.036 0.042 0.002 0.084 0.03 0.134 0.106 0.056 0.037 0.014 0.028 0.024 0.01 0.145 0.015 0.049 0.013 0.019 0.05 0.144 0.013 0.04 0.019 0.004 0.007 0.049 0.036 0.02 0.022 0.001 0.007 0 0.225 0.189 0.003 0.006 0.12 0.402 0.177 0.196 0.002 0 1 0.007 0.082 0.007 0.173 0.193 0.228 0.013 0.22 0 0.036 0.006 0.188 0.213 0.024 0 0 0.117 0.052 0.181 0.024 0.188 0.001 0.008 0.046 0.014 0.228 0.01 0.018 0.016 0.036 0.012
0.013 0.005 0.004 0.21 0.047 0.034 0.117 0.089 0.042 0.027 0.034 0.022 0.024 0.01 0.088 0.011 0.023 0.011 0.02 0.006 0.076 0.008 0.077 0.021 0.221 0.007 0.027 0.009 0.018 0.014 0.318 0.425 0.016 0.257 0.309 0.505 0.016 0.341 0.009 0.105 0.107 0.012 0.046 0.007 1 0.147 0 0.199 0.116 0.136 0.003 0.159 0.025 0.022 0.017 0.194 0.14 0.019 0.011 0.016 0.065 0.137 0.186 0.019 0.199 0.017 0.022 0.028 0.058 0.152 0.008 0.025 0.007 0.015 0.021
0.072 0.057 0.059 0.172 0.058 0 0.06 0.054 0.026 0.006 0.01 0.068 0.058 0.034 0.056 0.004 0.027 0.009 0.07 0.006 0.027 0.119 0.028 0.07 0.17 0.002 0.026 0.016 0 0 0.251 0.228 0.013 0.039 0.034 0.269 0.037 0.073 0.12 0.037 0.04 0.032 0.038 0.082 0.147 1 0.005 0.102 0.044 0.058 0.001 0.049 0.01 0 0.003 0.069 0.038 0.082 0.028 0.013 0.041 0.029 0.065 0.084 0.071 0.001 0.005 0 0.016 0.054 0.004 0.004 0.005 0.081 0
0.01 0.012 0.012 0.007 0 0.025 0.002 0.001 0.001 0 0.03 0.014 0.013 0 0.002 0.007 0.001 0 0.015 0.048 0.002 0.001 0.003 0.015 0.009 0 0.001 0.043 0.012 0.01 0.009 0.006 0.063 0.003 0.003 0.006 0 0.002 0 0.002 0.002 0 0.001 0.007 0 0.005 1 0.004 0.002 0.002 0.517 0.003 0 0 0 0.003 0.003 0.001 0 0 0.001 0.001 0.003 0.001 0.004 0 0.003 0.001 0 0.003 0 0 0.371 0.007 0
0.017 0.02 0.025 0.001 0.004 0.029 0.011 0.006 0.001 0.116 0.007 0.002 0 0.004 0 0.008 0.131 0.004 0.002 0.021 0.411 0.076 0.059 0.002 0.013 0.006 0.135 0.049 0.011 0.012 0.007 0.018 0.049 0.039 0.07 0.025 0.004 0.074 0.287 0.526 0.523 0.009 0.233 0.173 0.199 0.102 0.004 1 0.583 0.657 0.007 0.683 0.096 0.109 0.022 0.844 0.605 0.019 0.006 0.077 0.312 0.027 0.804 0.02 0.866 0.041 0.004 0.138 0.012 0.653 0.032 0.008 0.008 0.022 0.044
0.008 0.005 0.006 0.04 0.028 0.01 0.02 0.017 0.004 0.175 0.004 0.041 0.053 0.002 0.02 0.005 0.225 0.002 0.044 0.017 0.667 0.035 0.198 0.057 0.108 0.002 0.235 0.019 0.006 0.007 0.128 0.153 0.005 0.049 0.044 0.175 0.001 0.045 0.188 0.895 0.729 0.005 0.015 0.193 0.116 0.044 0.002 0.583 1 0.82 0.004 0.683 0.008 0.187 0.046 0.547 0.75 0.011 0.004 0.004 0.326 0.016 0.555 0.011 0.568 0.077 0.003 0.227 0.007 0.659 0.003 0.004 0.005 0.013 0.084
0 0 0 0.016 0.001 0.012 0.001 0 0 0.13 0.005 0.01 0.017 0.003 0 0.005 0.195 0.002 0.011 0.02 0.543 0.044 0.136 0.017 0.056 0.003 0.202 0.022 0.008 0.008 0.069 0.092 0.006 0.036 0.051 0.107 0.001 0.051 0.152 0.738 0.754 0.006 0.003 0.228 0.136 0.058 0.002 0.657 0.82 1 0.005 0.802 0.01 0.159 0.043 0.645 0.702 0.013 0.004 0.005 0.352 0.019 0.656 0.013 0.664 0.055 0.003 0.192 0.008 0.763 0.047 0.005 0.006 0.015 0.072
0.007 0.009 0.009 0.003 0.001 0.01 0.003 0.003 0.001 0.001 0.013 0.011 0.01 0 0.004 0.003 0.001 0 0.012 0.019 0.003 0.001 0 0.012 0.002 0.001 0.001 0.017 0.004 0.004 0 0 0.029 0.005 0.005 0 0.001 0 0.004 0.004 0.004 0.001 0.002 0.013 0.003 0.001 0.517 0.007 0.004 0.005 1 0.006 0.001 0.001 0.001 0.007 0.005 0.001 0 0.001 0.002 0.002 0.007 0.001 0.007 0.001 0.001 0.001 0.001 0.005 0 0 0.388 0.108 0.001
0.003 0.003 0.006 0.005 0 0 0.004 0.002 0 0.125 0.006 0.001 0.003 0 0.001 0.006 0.165 0.003 0.003 0.008 0.472 0.051 0.101 0.006 0.041 0.004 0.171 0.011 0.008 0.006 0.046 0.074 0 0.025 0.06 0.085 0.007 0.059 0.171 0.644 0.654 0.007 0.009 0.22 0.159 0.049 0.003 0.683 0.683 0.802 0.006 1 0.011 0.127 0.087 0.753 0.837 0.015 0.005 0.006 0.394 0.022 0.761 0.016 0.783 0.106 0.003 0.163 0.009 0.916 0.037 0.006 0.007 0.018 0.13
0.012 0.016 0.016 0.002 0.01 0.159 0.007 0.006 0.002 0 0.001 0.028 0.034 0.001 0.008 0.001 0.002 0.001 0.01 0.098 0.001 0.005 0.007 0.021 0.005 0.002 0.003 0.265 0.03 0.026 0.039 0.031 0.239 0.011 0.005 0.028 0.003 0.003 0.039 0.007 0.008 0.001 0.435 0 0.025 0.01 0 0.096 0.008 0.01 0.001 0.011 1 0.002 0.001 0.099 0.01 0.001 0.001 0.593 0.005 0.003 0.084 0.001 0.092 0.001 0.001 0.002 0.001 0.011 0.001 0.001 0.001 0.003 0.001
0.038 0.045 0.044 0.017 0.008 0.002 0.006 0.005 0.002 0 0.001 0.012 0.013 0.001 0.007 0.001 0.002 0.001 0.015 0.003 0.16 0.012 0.038 0.015 0.028 0.001 0.002 0.004 0.001 0.001 0.028 0.034 0.001 0.01 0.009 0.037 0.001 0.008 0.049 0.208 0.151 0.001 0.003 0.036 0.022 0 0 0.109 0.187 0.159 0.001 0.127 0.002 1 0.001 0.11 0.123 0.002 0.001 0.001 0 0.003 0.111 0.002 0.109 0.001 0 0.521 0.001 0.074 0 0.001 0.001 0.002 0.001
0.004 0.003 0.003 0.001 0.005 0.005 0.003 0.002 0.002 0.164 0.001 0.003 0.003 0.032 0.005 0.001 0 0.001 0.011 0.003 0.03 0 0.013 0.011 0.011 0.001 0.001 0.003 0.001 0.001 0.011 0.023 0.001 0.007 0.006 0.026 0.001 0.007 0.009 0.052 0.051 0.001 0.002 0.006 0.017 0.003 0 0.022 0.046 0.043 0.001 0.087 0.001 0.001 1 0.07 0.099 0.002 0.001 0.001 0.003 0.002 0.065 0.002 0.068 0.162 0 0.003 0.001 0.086 0 0.001 0.001 0.002 0.348
0.011 0.013 0.018 0.002 0.003 0.029 0.008 0.005 0.001 0.111 0.007 0.003 0.001 0 0 0.008 0.126 0.004 0 0.002 0.379 0.058 0.065 0 0.024 0.006 0.111 0.017 0 0 0.012 0.028 0.043 0.034 0.064 0.036 0.004 0.073 0.222 0.49 0.498 0.006 0.146 0.188 0.194 0.069 0.003 0.844 0.547 0.645 0.007 0.753 0.099 0.11 0.07 1 0.672 0.019 0.006 0.079 0.289 0.027 0.894 0.019 0.959 0.087 0.004 0.14 0.011 0.729 0.039 0.007 0.008 0.022 0.107
0 0 0 0.017 0.01 0 0.026 0.022 0.006 0.143 0.005 0.009 0.015 0.001 0.004 0.006 0.171 0.002 0.015 0.006 0.486 0.036 0.129 0.022 0.066 0.003 0.168 0.008 0.007 0.005 0.073 0.103 0 0.023 0.053 0.117 0.002 0.054 0.189 0.671 0.569 0.006 0.008 0.213 0.14 0.038 0.003 0.605 0.75 0.702 0.005 0.837 0.01 0.123 0.099 0.672 1 0.014 0.004 0.005 0.399 0.019 0.638 0.014 0.704 0.12 0.003 0.164 0.008 0.835 0.003 0.005 0.006 0.016 0.148
0.007 0.005 0.005 0.023 0.012 0.002 0.007 0.006 0.003 0.003 0.008 0.009 0.011 0.008 0.009 0.001 0.003 0.001 0.009 0 0.009 0.032 0.004 0.01 0.026 0.002 0.004 0 0.002 0.002 0.029 0.035 0.002 0.011 0.011 0.039 0.273 0.001 0.027 0.01 0.01 0 0.004 0.024 0.019 0.082 0.001 0.019 0.011 0.013 0.001 0.015 0.001 0.002 0.002 0.019 0.014 1 0.001 0.002 0.006 0.005 0.018 0.986 0.019 0.002 0.001 0.003 0.002 0.015 0.001 0.001 0.001 0.139 0.002
0.008 0.008 0.007 0.016 0.004 0.001 0.003 0.002 0.001 0.001 0 0.005 0.001 0 0.003 0 0.001 0 0.007 0.002 0.003 0.001 0.004 0.006 0.012 0.102 0.001 0.002 0.001 0.001 0.013 0.016 0 0.004 0.004 0.014 0.001 0.004 0.01 0.003 0.003 0 0.001 0 0.011 0.028 0 0.006 0.004 0.004 0 0.005 0.001 0.001 0.001 0.006 0.004 0.001 1 0 0.002 0.001 0.005 0.001 0.006 0.001 0 0.001 0.001 0.005 0 0 0 0.001 0.001
0.011 0.014 0.014 0.002 0.006 0.098 0.004 0.004 0.002 0.002 0.001 0.028 0.037 0.001 0.005 0.001 0.001 0 0.006 0.06 0 0.008 0.007 0.018 0.006 0.001 0.002 0.184 0.054 0.047 0.035 0.026 0.339 0.007 0.002 0.024 0.001 0.006 0.034 0.003 0.003 0.001 0.315 0 0.016 0.013 0 0.077 0.004 0.005 0.001 0.006 0.593 0.001 0.001 0.079 0.005 0.002 0 1 0.003 0.002 0.062 0.002 0.073 0.001 0 0 0.001 0.005 0 0.001 0.001 0.002 0.001
0.005 0.007 0.003 0.023 0 0.003 0.01 0.008 0.001 0.006 0.002 0 0.001 0.001 0.003 0.003 0.405 0 0 0.006 0.238 0.025 0.051 0.001 0.015 0 0.425 0.007 0.004 0.001 0.02 0.025 0 0.001 0.024 0.033 0.002 0.025 0.101 0.285 0.228 0.003 0.017 0.117 0.065 0.041 0.001 0.312 0.326 0.352 0.002 0.394 0.005 0 0.003 0.289 0.399 0.006 0.002 0.003 1 0.009 0.329 0.006 0.312 0.003 0.001 0.003 0.004 0.4 0.001 0.002 0.003 0.007 0.001
0.008 0.028 0.029 0.055 0.012 0.005 0.006 0.004 0.005 0.004 0.002 0.023 0.026 0.001 0.008 0.002 0.005 0.001 0.025 0.008 0.013 0.006 0.03 0.024 0.014 0.122 0.005 0.008 0.003 0.003 0.014 0.008 0.002 0.014 0.012 0.054 0 0.252 0.04 0.014 0.015 0.002 0.006 0.052 0.137 0.029 0.001 0.027 0.016 0.019 0.002 0.022 0.003 0.003 0.002 0.027 0.019 0.005 0.001 0.002 0.009 1 0.026 0.005 0.028 0.002 0.001 0.004 0.003 0.021 0.001 0.002 0.002 0 0.003
0.006 0.011 0.013 0.002 0.003 0.017 0.007 0.004 0 0.115 0.007 0.001 0 0 0 0.007 0.139 0.003 0.001 0 0.432 0.062 0.066 0.001 0.029 0.006 0.143 0.01 0.001 0.001 0.015 0.034 0.034 0.037 0.063 0.042 0.009 0.07 0.216 0.523 0.532 0.008 0.112 0.181 0.186 0.065 0.003 0.804 0.555 0.656 0.007 0.761 0.084 0.111 0.065 0.894 0.638 0.018 0.005 0.062 0.329 0.026 1 0.018 0.917 0.09 0.004 0.147 0.011 0.698 0.034 0.007 0.008 0.018 0.101
0.008 0.005 0.006 0.023 0.013 0.002 0.008 0.006 0.003 0.003 0.008 0.01 0.011 0.008 0.01 0.001 0.003 0.001 0.009 0 0.01 0.034 0.005 0.01 0.027 0.002 0.004 0 0.002 0.002 0.03 0.036 0.002 0.009 0.012 0.039 0.269 0.001 0.028 0.01 0.011 0 0.005 0.024 0.019 0.084 0.001 0.02 0.011 0.013 0.001 0.016 0.001 0.002 0.002 0.019 0.014 0.986 0.001 0.002 0.006 0.005 0.018 1 0.02 0.002 0.001 0.003 0.002 0.015 0.001 0.001 0.001 0.147 0.002
0.01 0.012 0.017 0.002 0.003 0.03 0.009 0.005 0.001 0.116 0.007 0.002 0.001 0 0 0.008 0.13 0.004 0 0.003 0.409 0.059 0.066 0 0.025 0.006 0.125 0.017 0 0 0.013 0.032 0.049 0.038 0.069 0.04 0.004 0.075 0.226 0.512 0.52 0.009 0.146 0.188 0.199 0.071 0.004 0.866 0.568 0.664 0.007 0.783 0.092 0.109 0.068 0.959 0.704 0.019 0.006 0.073 0.312 0.028 0.917 0.02 1 0.085 0.004 0.138 0.012 0.749 0.031 0.008 0.008 0.019 0.104
0 0 0 0.001 0.004 0.005 0.003 0.002 0.002 0.074 0.001 0.002 0.003 0.032 0.005 0 0 0.001 0.011 0.003 0.049 0 0.023 0.011 0.011 0.001 0.001 0.003 0.001 0.001 0.018 0.022 0.001 0.007 0.006 0.025 0.001 0.007 0.011 0.076 0.061 0.001 0.002 0.001 0.017 0.001 0 0.041 0.077 0.055 0.001 0.106 0.001 0.001 0.162 0.087 0.12 0.002 0.001 0.001 0.003 0.002 0.09 0.002 0.085 1 0 0.001 0.001 0.105 0 0.001 0.001 0.002 0.431
0.001 0.003 0.003 0.013 0.001 0.001 0 0 0 0.001 0 0.003 0.002 0 0.001 0 0.001 0 0.002 0.001 0.002 0.004 0.007 0.002 0.015 0 0.001 0.001 0 0 0.016 0.013 0 0.003 0.003 0.012 0 0.055 0.01 0.002 0.002 0 0.001 0.008 0.022 0.005 0.003 0.004 0.003 0.003 0.001 0.003 0.001 0 0 0.004 0.003 0.001 0 0 0.001 0.001 0.004 0.001 0.004 0 1 0.001 0 0.003 0 0 0 0.001 0
0.014 0.017 0.018 0.002 0.004 0.001 0.007 0.006 0.003 0.019 0.001 0.007 0.014 0.001 0.008 0.001 0.003 0.001 0.013 0.002 0.14 0.01 0.035 0.015 0.031 0.002 0.003 0.003 0.001 0.001 0.031 0.041 0.001 0.011 0.011 0.044 0.002 0.011 0.052 0.224 0.171 0.001 0.002 0.046 0.028 0 0.001 0.138 0.227 0.192 0.001 0.163 0.002 0.521 0.003 0.14 0.164 0.003 0.001 0 0.003 0.004 0.147 0.003 0.138 0.001 0.001 1 0.002 0.113 0.001 0.001 0.001 0.003 0
0.012 0.016 0.016 0.024 0.008 0.002 0.005 0.005 0.002 0.002 0.001 0.015 0.009 0.001 0.007 0.001 0.001 0.001 0.014 0.003 0.001 0.011 0.012 0.014 0.031 0.001 0.001 0.004 0.001 0.001 0.045 0.037 0.001 0.009 0.008 0.034 0.001 0.152 0.026 0.006 0.006 0.001 0.003 0.014 0.058 0.016 0 0.012 0.007 0.008 0.001 0.009 0.001 0.001 0.001 0.011 0.008 0.002 0.001 0.001 0.004 0.003 0.011 0.002 0.012 0.001 0 0.002 1 0.009 0 0.001 0.001 0.002 0.001
0 0 0.002 0.01 0 0 0.004 0.002 0 0.123 0.006 0.001 0.003 0.001 0.002 0.006 0.171 0.002 0.003 0.009 0.418 0.041 0.096 0.006 0.04 0.004 0.177 0.011 0.008 0.005 0.045 0.073 0 0.022 0.057 0.083 0.002 0.056 0.152 0.586 0.619 0.007 0.009 0.228 0.152 0.054 0.003 0.653 0.659 0.763 0.005 0.916 0.011 0.074 0.086 0.729 0.835 0.015 0.005 0.005 0.4 0.021 0.698 0.015 0.749 0.105 0.003 0.113 0.009 1 0.032 0.006 0.006 0.017 0.137
0.019 0.022 0.022 0.01 0.038 0.001 0.07 0.081 0.031 0.001 0 0.03 0.028 0 0.057 0 0.001 0 0.025 0.001 0.002 0.002 0.005 0.026 0.013 0.001 0.001 0.001 0 0 0.013 0.011 0 0.002 0.001 0.013 0 0.002 0.007 0.002 0.034 0.001 0.001 0.01 0.008 0.004 0 0.032 0.003 0.047 0 0.037 0.001 0 0 0.039 0.003 0.001 0 0 0.001 0.001 0.034 0.001 0.031 0 0 0.001 0 0.032 1 0 0 0.001 0
0.002 0.001 0.001 0.005 0 0.001 0.001 0 0.001 0.001 0 0 0.001 0 0.004 0.001 0.001 0.344 0.001 0.001 0.003 0.022 0.008 0.001 0.003 0.001 0.001 0.002 0 0 0.001 0.013 0.001 0.049 0.055 0.011 0.001 0.005 0.015 0.004 0.004 0.001 0.002 0.018 0.025 0.004 0 0.008 0.004 0.005 0 0.006 0.001 0.001 0.001 0.007 0.005 0.001 0 0.001 0.002 0.002 0.007 0.001 0.008 0.001 0 0.001 0.001 0.006 0 1 0.001 0.001 0.001
0.014 0.018 0.017 0.005 0 0.043 0.004 0.003 0.001 0.001 0.01 0.02 0.018 0 0.005 0.002 0.001 0 0.021 0.05 0.004 0 0.001 0.022 0.005 0.001 0.002 0.044 0.048 0.042 0.001 0.002 0.023 0.007 0.006 0.002 0.001 0.001 0.006 0.004 0.004 0.001 0.002 0.016 0.007 0.005 0.371 0.008 0.005 0.006 0.388 0.007 0.001 0.001 0.001 0.008 0.006 0.001 0 0.001 0.003 0.002 0.008 0.001 0.008 0.001 0 0.001 0.001 0.006 0 0.001 1 0.069 0.001
0.005 0.003 0.004 0.011 0.007 0.003 0.01 0.009 0.004 0.003 0.002 0.002 0.002 0.007 0.013 0.002 0.004 0.001 0.001 0.003 0.008 0.021 0.002 0.002 0.007 0.003 0.004 0.002 0.008 0.006 0.025 0.031 0.002 0.011 0.013 0.035 0.011 0.002 0.033 0.012 0.012 0 0.005 0.036 0.015 0.081 0.007 0.022 0.013 0.015 0.108 0.018 0.003 0.002 0.002 0.022 0.016 0.139 0.001 0.002 0.007 0 0.018 0.147 0.019 0.002 0.001 0.003 0.002 0.017 0.001 0.001 0.069 1 0.002
0.001 0 0.001 0.003 0.006 0.003 0.004 0.003 0.002 0.146 0.001 0.005 0.005 0.025 0.006 0.001 0.001 0.001 0.014 0.003 0.078 0.001 0.032 0.014 0.025 0.001 0.001 0.004 0.001 0.001 0.017 0.03 0.001 0.008 0.007 0.034 0.001 0.008 0.01 0.081 0.067 0.001 0.003 0.012 0.021 0 0 0.044 0.084 0.072 0.001 0.13 0.001 0.001 0.348 0.107 0.148 0.002 0.001 0.001 0.001 0.003 0.101 0.002 0.104 0.431 0 0 0.001 0.137 0 0.001 0.001 0.002 1
