1 0.805 0.838 0.402 0.399 0.146 0.258 0.226 0.142 0.025 0.023 0.505 0.506 0.011 0.258 0.045 0.034 0.009 0.566 0.165 0.021 0.103 0.115 0.598 0.343 0.019 0.035 0.126 0.038 0.038 0.265 0.157 0.042 0.081 0.048 0.128 0.019 0.019 0.073 0.009 0.001 0.001 0.082 0.023 0.004 0.098 0.011 0.022 0.007 0 0.008 0.008 0.007 0.027 0.012 0.011 0.001 0.009 0.002 0.015 0.011 0.021 0.007 0.01 0.011 0.002 0.005 0.03 0 0.004 0.008 0.004 0.004 0.008 0.005
0.805 1 0.946 0.369 0.43 0.181 0.321 0.281 0.176 0.02 0.029 0.583 0.574 0.009 0.284 0.056 0.028 0.007 0.634 0.205 0.012 0.111 0.107 0.675 0.325 0.031 0.028 0.162 0.048 0.049 0.259 0.145 0.056 0.083 0.063 0.107 0.015 0.052 0.105 0.003 0 0.006 0.076 0.032 0 0.087 0.015 0.031 0.002 0.001 0.013 0.011 0.012 0.035 0.009 0.016 0.002 0.007 0.008 0.021 0.014 0.036 0.017 0.007 0.017 0.001 0.011 0.034 0.008 0.007 0.011 0.003 0.007 0.005 0.003
0.838 0.946 1 0.387 0.478 0.172 0.305 0.268 0.168 0.021 0.027 0.619 0.608 0.009 0.31 0.054 0.029 0.008 0.673 0.195 0.013 0.113 0.113 0.718 0.352 0.033 0.03 0.153 0.045 0.046 0.268 0.151 0.053 0.097 0.057 0.11 0.016 0.054 0.108 0.004 0 0.006 0.102 0.036 0.001 0.084 0.014 0.037 0.003 0 0.012 0.016 0.011 0.033 0.01 0.021 0.005 0.007 0.002 0.019 0.008 0.038 0.015 0.008 0.022 0.001 0.011 0.037 0.009 0.011 0.01 0.003 0.006 0.005 0.004
0.402 0.369 0.387 1 0.24 0.045 0.133 0.117 0.073 0.049 0.012 0.243 0.256 0.022 0.165 0.029 0.066 0.018 0.275 0.053 0.063 0.273 0.336 0.311 0.576 0.009 0.058 0.032 0.014 0.012 0.476 0.304 0.012 0.016 0.006 0.424 0.038 0.229 0.001 0.059 0.035 0.017 0.028 0.008 0.207 0.21 0.005 0.006 0.058 0.033 0.003 0.012 0 0.01 0.023 0.014 0.025 0.022 0.009 0 0.041 0.04 0.016 0.024 0.017 0.009 0.011 0.002 0.013 0.014 0.002 0.002 0 0.016 0.017
0.399 0.43 0.478 0.24 1 0.019 0.478 0.44 0.272 0.013 0.003 0.476 0.464 0.006 0.612 0.093 0.017 0.005 0.494 0.023 0.042 0.073 0.125 0.521 0.246 0.019 0.017 0.027 0.005 0.008 0.183 0.141 0.013 0.203 0.127 0.107 0.009 0.026 0.028 0.017 0.001 0.007 0.002 0.057 0.015 0.049 0.004 0 0.014 0 0.002 0 0.01 0.002 0.006 0.003 0.004 0.004 0 0.009 0.006 0.014 0.003 0.004 0.001 0.005 0.006 0.004 0.005 0 0.019 0.001 0.004 0.008 0.008
0.146 0.181 0.172 0.045 0.019 1 0.01 0.009 0.005 0.004 0.001 0.159 0.144 0.001 0.011 0.002 0.005 0.001 0.169 0.821 0.013 0.02 0.037 0.181 0.096 0.006 0.006 0.71 0.263 0.297 0.079 0.021 0.378 0.017 0.014 0.024 0.003 0.017 0.062 0.004 0.006 0.002 0.288 0.015 0.042 0.014 0.095 0.066 0.005 0.007 0.073 0.007 0.135 0.002 0.001 0.053 0.01 0.003 0.002 0.175 0 0.007 0.039 0.003 0.044 0.001 0.003 0.003 0.002 0.005 0.001 0.001 0.06 0 0.002
0.258 0.321 0.305 0.133 0.478 0.01 1 0.877 0.549 0.006 0.002 0.276 0.248 0.003 0.702 0.004 0.009 0.002 0.298 0.012 0.021 0.038 0.065 0.319 0.167 0.01 0.01 0.014 0.003 0.004 0.131 0.102 0.006 0.252 0.291 0.077 0.005 0.021 0.043 0.022 0 0.004 0.011 0.107 0.076 0.055 0.003 0.007 0.016 0 0.003 0.005 0.005 0.004 0.002 0.008 0.031 0.001 0.003 0.005 0.016 0.011 0.011 0.001 0.011 0.002 0.002 0.005 0.003 0.008 0.05 0 0.005 0.006 0.003
0.226 0.281 0.268 0.117 0.44 0.009 0.877 1 0.627 0.006 0.001 0.241 0.217 0.003 0.631 0.003 0.008 0.002 0.261 0.01 0.018 0.033 0.057 0.279 0.146 0.009 0.009 0.012 0.002 0.003 0.109 0.085 0.006 0.193 0.229 0.063 0.005 0.019 0.031 0.02 0 0.003 0.01 0.085 0.057 0.049 0.002 0.005 0.014 0 0.003 0.003 0.005 0.003 0.002 0.005 0.028 0.001 0.003 0.004 0.015 0.009 0.007 0.001 0.008 0.001 0.003 0.005 0.002 0.006 0.058 0.002 0.004 0.005 0.003
0.142 0.176 0.168 0.073 0.272 0.005 0.549 0.627 1 0.004 0.001 0.155 0.14 0.002 0.408 0.002 0.005 0.001 0.167 0.007 0.013 0.021 0.037 0.179 0.094 0.006 0.005 0.008 0.001 0.002 0.101 0.081 0.004 0.145 0.165 0.065 0.003 0.01 0.025 0.014 0.001 0.002 0.006 0.057 0.049 0.031 0.002 0 0.008 0.001 0.002 0.001 0.003 0.002 0.002 0.003 0.019 0.003 0.002 0.002 0.009 0.007 0.004 0.003 0.004 0.002 0.002 0.003 0.001 0.004 0.07 0.001 0.002 0.003 0.003
0.025 0.02 0.021 0.049 0.013 0.004 0.006 0.006 0.004 1 0.001 0.021 0.02 0.001 0.009 0.001 0.003 0.001 0.009 0.004 0.224 0.014 0.07 0.02 0.037 0.004 0.004 0.005 0.001 0.001 0.032 0.038 0.001 0.01 0.009 0.049 0.002 0.012 0.065 0.188 0.161 0.001 0.002 0.069 0.028 0.008 0.001 0.104 0.178 0.105 0.001 0.116 0 0.005 0.42 0.08 0.138 0.002 0.001 0 0.003 0.004 0.09 0.002 0.101 0.202 0.002 0.001 0.001 0.089 0.001 0.001 0.002 0.002 0.257
0.023 0.029 0.027 0.012 0.003 0.001 0.002 0.001 0.001 0.001 1 0.025 0.023 0 0.002 0 0.001 0 0.027 0.131 0.002 0.003 0.006 0.029 0.015 0.001 0.001 0.113 0 0 0.016 0.014 0.001 0.003 0.002 0.011 0 0.044 0.009 0.002 0.003 0 0.001 0.006 0.016 0.005 0.001 0.004 0.002 0.003 0.001 0.004 0 0 0 0.004 0.003 0 0 0 0.002 0.001 0.004 0 0.004 0 0 0 0 0.003 0 0 0 0 0
0.505 0.583 0.619 0.243 0.476 0.159 0.276 0.241 0.155 0.021 0.025 1 0.855 0.01 0.358 0.061 0.023 0.002 0.737 0.18 0.069 0.086 0.165 0.788 0.363 0.027 0.024 0.193 0.042 0.063 0.324 0.245 0.095 0.132 0.089 0.213 0.018 0.033 0.079 0.051 0.019 0.001 0.14 0.025 0.001 0.072 0.017 0.008 0.047 0.018 0.014 0.001 0.038 0.012 0.013 0.013 0.006 0.004 0 0.058 0.007 0.025 0.001 0.005 0.002 0.012 0.012 0.001 0.009 0.001 0.038 0 0.007 0.002 0.018
0.506 0.574 0.608 0.256 0.464 0.144 0.248 0.217 0.14 0.02 0.023 0.855 1 0.011 0.321 0.055 0.026 0.003 0.671 0.173 0.074 0.09 0.173 0.721 0.323 0.015 0.027 0.172 0.038 0.057 0.285 0.22 0.092 0.128 0.089 0.195 0.02 0.033 0.078 0.045 0.016 0 0.13 0.017 0.001 0.059 0.015 0.008 0.042 0.016 0.012 0 0.037 0 0.014 0.006 0.005 0.005 0.001 0.057 0.01 0.028 0.001 0.006 0.002 0.013 0.009 0.001 0.006 0.001 0.034 0 0.006 0.003 0.02
0.011 0.009 0.009 0.022 0.006 0.001 0.003 0.003 0.002 0.001 0 0.01 0.011 1 0.004 0.001 0.006 0 0.01 0.002 0 0.047 0.046 0.01 0.009 0.002 0.005 0.002 0 0.001 0.017 0.021 0.001 0.005 0.004 0.026 0 0.006 0.009 0 0 0.001 0.002 0.002 0.014 0.03 0 0.001 0 0 0.001 0 0.001 0.001 0 0 0 0 0.001 0.001 0.001 0.002 0 0 0.001 0 0.001 0.001 0 0 0 0 0.001 0 0
0.258 0.284 0.31 0.165 0.612 0.011 0.702 0.631 0.408 0.009 0.002 0.358 0.321 0.004 1 0.005 0.012 0.003 0.411 0.014 0.031 0.051 0.092 0.439 0.221 0.013 0.013 0.017 0.003 0.005 0.17 0.13 0.007 0.315 0.201 0.111 0.007 0.011 0.055 0.028 0.001 0.005 0.009 0.124 0.058 0.052 0.002 0 0.022 0.001 0.003 0.001 0.007 0.005 0.005 0 0.005 0.002 0.004 0.006 0.001 0.008 0.001 0.002 0 0.005 0.003 0.005 0.004 0 0.035 0.003 0.004 0.008 0.007
0.045 0.056 0.054 0.029 0.093 0.002 0.004 0.003 0.002 0.001 0 0.061 0.055 0.001 0.005 1 0.002 0.001 0.066 0.003 0.005 0.008 0.012 0.064 0.033 0.002 0.001 0.003 0.001 0.001 0.035 0.029 0.001 0.006 0.005 0.022 0.001 0.007 0.018 0.004 0.004 0.001 0.002 0.012 0.011 0.004 0 0.008 0.004 0.005 0 0.006 0.001 0.001 0.001 0.007 0.005 0.001 0.001 0.001 0.002 0.003 0.008 0.001 0.008 0.001 0.001 0.001 0.001 0.006 0.001 0 0 0.001 0.001
0.034 0.028 0.029 0.066 0.017 0.005 0.009 0.008 0.005 0.003 0.001 0.023 0.026 0.006 0.012 0.002 1 0.001 0.029 0.006 0.387 0.019 0.13 0.027 0.051 0.005 0.889 0.007 0.001 0.002 0.042 0.046 0.003 0.015 0.012 0.067 0.002 0.012 0.08 0.32 0.283 0.002 0.006 0.059 0.033 0.021 0.001 0.17 0.281 0.263 0.002 0.202 0.003 0.001 0.001 0.149 0.196 0.002 0.002 0.002 0.475 0.006 0.172 0.002 0.166 0.001 0.002 0.002 0 0.214 0.001 0.001 0.002 0.003 0.002
0.009 0.007 0.008 0.018 0.005 0.001 0.002 0.002 0.001 0.001 0 0.002 0.003 0 0.003 0.001 0.001 1 0.008 0.002 0.003 0.063 0.035 0.007 0.014 0.001 0.001 0.002 0 0.001 0.013 0.021 0.001 0.081 0.098 0.016 0.001 0.005 0.017 0 0 0.001 0.002 0.027 0.013 0.008 0 0.001 0 0 0 0.001 0.001 0.001 0.001 0.001 0 0.001 0 0.001 0 0.002 0.001 0.001 0.001 0 0.001 0.001 0 0.001 0 0.289 0.001 0.001 0.001
0.566 0.634 0.673 0.275 0.494 0.169 0.298 0.261 0.167 0.009 0.027 0.737 0.671 0.01 0.411 0.066 0.029 0.008 1 0.207 0.052 0.105 0.166 0.934 0.451 0.033 0.022 0.152 0.045 0.046 0.338 0.204 0.052 0.1 0.06 0.167 0.007 0.032 0.055 0.038 0.011 0.012 0.101 0.023 0 0.074 0.019 0.008 0.032 0.009 0.016 0 0.01 0.013 0.013 0.004 0.002 0.002 0.002 0.02 0.001 0.028 0 0.002 0.002 0.012 0.011 0.002 0.009 0 0.01 0.003 0.009 0.001 0.017
0.165 0.205 0.195 0.053 0.023 0.821 0.012 0.01 0.007 0.004 0.131 0.18 0.173 0.002 0.014 0.003 0.006 0.002 0.207 1 0.016 0.026 0.046 0.222 0.118 0.007 0.007 0.825 0.219 0.245 0.094 0.031 0.311 0.02 0.016 0.032 0.004 0.002 0.036 0.007 0.009 0.003 0.232 0.022 0.021 0.017 0.088 0.044 0.008 0.01 0.067 0.002 0.109 0.003 0.003 0.033 0.004 0.002 0.002 0.143 0 0.008 0.023 0.003 0.026 0.002 0.003 0.001 0.002 0.002 0.002 0.001 0.055 0 0.004
0.021 0.012 0.013 0.063 0.042 0.013 0.021 0.018 0.013 0.224 0.002 0.069 0.074 0 0.031 0.005 0.387 0.003 0.052 0.016 1 0.025 0.275 0.07 0.122 0.013 0.417 0.018 0.003 0.005 0.112 0.131 0.005 0.039 0.032 0.178 0.007 0.038 0.161 0.683 0.573 0.001 0.012 0.15 0.085 0.02 0.004 0.364 0.623 0.498 0.004 0.423 0.004 0.055 0.083 0.284 0.422 0.006 0.004 0.003 0.275 0.015 0.421 0.006 0.404 0.108 0.006 0.028 0.001 0.386 0.003 0.003 0.006 0.002 0.123
0.103 0.111 0.113 0.273 0.073 0.02 0.038 0.033 0.021 0.014 0.003 0.086 0.09 0.047 0.051 0.008 0.019 0.063 0.105 0.026 0.025 1 0.394 0.116 0.192 0.022 0.021 0.03 0.006 0.008 0.178 0.04 0.014 0.018 0.026 0.072 0.126 0.068 0.008 0.043 0.05 0.069 0.017 0.01 0.016 0.19 0.002 0.064 0.033 0.036 0 0.05 0.002 0.008 0.006 0.038 0.039 0.057 0.003 0.008 0.016 0.014 0.038 0.062 0.04 0.005 0 0.006 0.006 0.046 0.002 0.016 0.006 0.042 0.006
0.115 0.107 0.113 0.336 0.125 0.037 0.065 0.057 0.037 0.07 0.006 0.165 0.173 0.046 0.092 0.012 0.13 0.035 0.166 0.046 0.275 0.394 1 0.209 0.348 0.039 0.145 0.053 0.01 0.015 0.321 0.149 0.021 0 0.001 0.235 0.048 0.118 0.081 0.23 0.172 0.049 0.032 0.066 0.079 0.031 0.006 0.077 0.226 0.165 0.002 0.113 0.005 0.011 0.025 0.075 0.127 0.013 0.008 0.011 0.101 0.032 0.072 0.015 0.067 0.037 0.002 0.005 0.006 0.103 0 0.006 0.001 0.001 0.044
0.598 0.675 0.718 0.311 0.521 0.181 0.319 0.279 0.179 0.02 0.029 0.788 0.721 0.01 0.439 0.064 0.027 0.007 0.934 0.222 0.07 0.116 0.209 1 0.502 0.031 0.03 0.165 0.048 0.049 0.379 0.237 0.057 0.113 0.068 0.201 0.016 0.028 0.052 0.055 0.02 0.011 0.11 0.017 0.002 0.076 0.021 0.003 0.051 0.019 0.018 0 0.012 0.012 0.012 0.002 0.006 0.008 0.002 0.023 0.006 0.026 0 0.009 0 0.011 0.01 0.003 0.008 0.001 0.012 0.003 0.01 0.005 0.016
0.343 0.325 0.352 0.576 0.246 0.096 0.167 0.146 0.094 0.037 0.015 0.363 0.323 0.009 0.221 0.033 0.051 0.014 0.451 0.118 0.122 0.192 0.348 0.502 1 0.058 0.057 0.085 0.026 0.024 0.785 0.544 0.024 0.041 0.019 0.44 0.03 0.1 0 0.118 0.071 0.013 0.048 0.001 0.143 0.172 0.014 0.015 0.114 0.064 0.007 0.031 0.002 0.022 0.022 0.014 0.048 0.018 0.007 0.007 0.03 0 0.033 0.019 0.027 0.02 0.013 0.012 0.018 0.031 0.004 0.001 0.001 0.006 0.031
0.019 0.031 0.033 0.009 0.019 0.006 0.01 0.009 0.006 0.004 0.001 0.027 0.015 0.002 0.013 0.002 0.005 0.001 0.033 0.007 0.013 0.022 0.039 0.031 0.058 1 0.006 0.008 0.001 0.002 0.054 0.066 0.004 0.017 0.014 0.021 0.003 0.103 0.055 0.015 0.017 0.001 0.006 0.025 0.03 0.004 0.002 0.024 0.013 0.015 0.002 0.02 0.003 0.002 0.002 0.022 0.017 0.002 0.131 0.003 0.007 0.153 0.024 0.003 0.025 0.002 0 0.003 0.002 0.018 0.001 0.001 0.003 0.004 0.003
0.035 0.028 0.03 0.058 0.017 0.006 0.01 0.009 0.005 0.004 0.001 0.024 0.027 0.005 0.013 0.001 0.889 0.001 0.022 0.007 0.417 0.021 0.145 0.03 0.057 0.006 1 0.008 0.001 0.002 0.047 0.052 0.004 0.017 0.014 0.075 0.003 0.014 0.09 0.358 0.317 0.002 0.006 0.06 0.037 0.024 0.002 0.191 0.317 0.294 0.002 0.227 0.003 0.002 0.001 0.133 0.197 0.003 0.002 0.003 0.537 0.006 0.192 0.003 0.163 0.001 0.003 0.003 0 0.241 0.001 0.001 0.003 0.003 0.002
0.126 0.162 0.153 0.032 0.027 0.71 0.014 0.012 0.008 0.005 0.113 0.193 0.172 0.002 0.017 0.003 0.007 0.002 0.152 0.825 0.018 0.03 0.053 0.165 0.085 0.008 0.008 1 0.189 0.211 0.121 0.049 0.44 0.023 0.018 0.048 0.004 0.002 0.049 0.009 0.011 0.003 0.343 0.01 0.023 0.026 0.106 0.068 0.01 0.013 0.081 0 0.254 0.003 0.003 0.057 0.002 0.003 0.002 0.276 0.001 0.009 0.043 0.003 0.047 0.003 0.004 0.001 0.002 0 0.002 0.002 0.064 0.002 0.004
0.038 0.048 0.045 0.014 0.005 0.263 0.003 0.002 0.001 0.001 0 0.042 0.038 0 0.003 0.001 0.001 0 0.045 0.219 0.003 0.006 0.01 0.048 0.026 0.001 0.001 0.189 1 0.663 0.009 0.007 0.017 0.004 0.004 0.004 0.001 0.005 0.008 0.004 0.004 0.001 0.062 0.01 0.011 0.001 0.009 0.009 0.004 0.005 0.007 0.005 0.084 0.001 0.001 0.004 0.004 0.001 0 0.099 0.003 0.002 0.001 0.001 0 0.001 0.001 0 0 0.005 0 0 0.011 0.004 0.001
0.038 0.049 0.046 0.012 0.008 0.297 0.004 0.003 0.002 0.001 0 0.063 0.057 0.001 0.005 0.001 0.002 0.001 0.046 0.245 0.005 0.008 0.015 0.049 0.024 0.002 0.002 0.211 0.663 1 0.01 0.016 0.068 0.001 0 0.011 0.001 0.007 0.02 0.006 0.006 0.001 0.102 0.015 0.007 0.004 0.005 0.015 0.006 0.007 0.003 0 0.052 0.001 0.001 0.011 0 0.001 0.001 0.061 0.002 0.003 0.005 0.001 0.003 0.001 0.001 0.001 0.001 0 0.001 0 0.006 0.002 0.001
0.265 0.259 0.268 0.476 0.183 0.079 0.131 0.109 0.101 0.032 0.016 0.324 0.285 0.017 0.17 0.035 0.042 0.013 0.338 0.094 0.112 0.178 0.321 0.379 0.785 0.054 0.047 0.121 0.009 0.01 1 0.725 0.068 0.057 0.031 0.589 0.028 0.113 0.005 0.117 0.069 0.019 0.104 0 0.169 0.22 0.015 0.003 0.114 0.062 0.008 0.028 0.033 0.021 0.019 0.003 0.045 0.024 0.017 0.044 0.031 0 0.013 0.025 0.009 0.018 0.014 0.011 0.028 0.029 0.004 0 0.001 0.01 0.028
0.157 0.145 0.151 0.304 0.141 0.021 0.102 0.085 0.081 0.038 0.014 0.245 0.22 0.021 0.13 0.029 0.046 0.021 0.204 0.031 0.131 0.04 0.149 0.237 0.544 0.066 0.052 0.049 0.007 0.016 0.725 1 0.024 0.25 0.211 0.741 0.034 0.08 0.028 0.149 0.098 0.02 0.085 0.012 0.266 0.164 0 0.014 0.145 0.088 0.001 0.05 0.026 0.025 0.022 0.007 0.068 0.028 0.02 0.018 0.033 0.002 0.03 0.03 0.025 0.02 0.01 0.03 0.023 0.05 0.018 0.014 0.007 0.013 0.032
0.042 0.056 0.053 0.012 0.013 0.378 0.006 0.006 0.004 0.001 0.001 0.095 0.092 0.001 0.007 0.001 0.003 0.001 0.052 0.311 0.005 0.014 0.021 0.057 0.024 0.004 0.004 0.44 0.017 0.068 0.068 0.024 1 0.011 0.009 0.044 0.002 0.012 0.064 0.009 0.011 0.001 0.282 0.002 0.027 0.021 0.15 0.053 0.01 0.011 0.118 0.005 0.138 0.001 0.001 0.044 0.008 0.002 0.001 0.113 0.001 0.004 0.038 0.002 0.051 0.001 0.002 0.002 0.001 0.006 0.001 0.001 0.084 0 0.002
0.081 0.083 0.097 0.016 0.203 0.017 0.252 0.193 0.145 0.01 0.003 0.132 0.128 0.005 0.315 0.006 0.015 0.081 0.1 0.02 0.039 0.018 0 0.113 0.041 0.017 0.017 0.023 0.004 0.001 0.057 0.25 0.011 1 0.821 0.193 0.009 0.053 0.263 0.035 0.038 0.091 0.004 0.232 0.165 0.02 0.003 0.019 0.03 0.032 0.006 0.011 0.009 0.007 0.005 0.006 0.01 0.007 0.005 0.008 0.002 0.019 0.025 0.005 0.02 0.005 0.005 0.006 0.004 0.008 0.005 0.029 0.008 0.007 0.007
0.048 0.063 0.057 0.006 0.127 0.014 0.291 0.229 0.165 0.009 0.002 0.089 0.089 0.004 0.201 0.005 0.012 0.098 0.06 0.016 0.032 0.026 0.001 0.068 0.019 0.014 0.014 0.018 0.004 0 0.031 0.211 0.009 0.821 1 0.164 0.007 0.046 0.227 0.028 0.032 0.113 0.015 0.177 0.216 0.012 0.002 0.056 0.022 0.033 0.005 0.045 0.007 0.005 0.004 0.033 0.038 0.006 0.004 0.006 0.016 0.015 0.054 0.006 0.056 0.004 0.006 0.008 0.004 0.04 0.005 0.036 0.006 0.008 0.006
0.128 0.107 0.11 0.424 0.107 0.024 0.077 0.063 0.065 0.049 0.011 0.213 0.195 0.026 0.111 0.022 0.067 0.016 0.167 0.032 0.178 0.072 0.235 0.201 0.44 0.021 0.075 0.048 0.004 0.011 0.589 0.741 0.044 0.193 0.164 1 0.044 0.221 0.007 0.202 0.142 0.016 0.064 0 0.396 0.228 0.01 0.039 0.199 0.132 0.003 0.089 0.018 0.033 0.029 0.025 0.112 0.036 0.002 0.012 0.056 0.033 0.065 0.038 0.057 0.026 0.009 0.039 0.018 0.087 0.016 0.011 0 0.021 0.042
0.019 0.015 0.016 0.038 0.009 0.003 0.005 0.005 0.003 0.002 0 0.018 0.02 0 0.007 0.001 0.002 0.001 0.007 0.004 0.007 0.126 0.048 0.016 0.03 0.003 0.003 0.004 0.001 0.001 0.028 0.034 0.002 0.009 0.007 0.044 1 0.009 0.017 0.004 0.005 0.001 0.001 0.011 0.012 0.039 0.001 0.006 0.003 0.003 0.001 0.006 0 0.001 0.001 0.005 0.004 0.374 0.001 0 0.002 0 0.006 0.366 0.006 0.001 0.001 0.002 0.001 0.005 0.001 0.001 0.001 0.019 0.002
0.019 0.052 0.054 0.229 0.026 0.017 0.021 0.019 0.01 0.012 0.044 0.033 0.033 0.006 0.011 0.007 0.012 0.005 0.032 0.002 0.038 0.068 0.118 0.028 0.1 0.103 0.014 0.002 0.005 0.007 0.113 0.08 0.012 0.053 0.046 0.221 0.009 1 0.188 0.049 0.053 0.006 0.022 0.113 0.415 0.078 0 0.089 0.052 0.058 0 0.075 0.009 0.007 0.008 0.08 0.066 0.007 0.006 0.009 0.032 0.218 0.088 0.007 0.091 0.007 0.073 0.01 0.078 0.068 0.003 0.004 0.003 0.001 0.01
0.073 0.105 0.108 0.001 0.028 0.062 0.043 0.031 0.025 0.065 0.009 0.079 0.078 0.009 0.055 0.018 0.08 0.017 0.055 0.036 0.161 0.008 0.081 0.052 0 0.055 0.09 0.049 0.008 0.02 0.005 0.028 0.064 0.263 0.227 0.007 0.017 0.188 1 0.259 0.191 0.027 0.114 0.406 0.004 0.093 0.004 0.342 0.239 0.162 0 0.251 0.035 0.039 0.033 0.278 0.277 0.023 0.016 0.044 0.123 0.062 0.273 0.025 0.285 0.028 0.026 0.051 0.015 0.245 0 0.005 0 0.027 0.025
0.009 0.003 0.004 0.059 0.017 0.004 0.022 0.02 0.014 0.188 0.002 0.051 0.045 0 0.028 0.004 0.32 0 0.038 0.007 0.683 0.043 0.23 0.055 0.118 0.015 0.358 0.009 0.004 0.006 0.117 0.149 0.009 0.035 0.028 0.202 0.004 0.049 0.259 1 0.852 0.006 0.017 0.203 0.113 0.052 0.004 0.539 0.922 0.754 0.005 0.637 0.008 0.151 0.09 0.383 0.652 0.007 0.005 0 0.32 0.018 0.515 0.007 0.498 0.117 0.007 0.165 0.004 0.603 0.003 0.003 0.007 0.009 0.126
0.001 0 0 0.035 0.001 0.006 0 0 0.001 0.161 0.003 0.019 0.016 0 0.001 0.004 0.283 0 0.011 0.009 0.573 0.05 0.172 0.02 0.071 0.017 0.317 0.011 0.004 0.006 0.069 0.098 0.011 0.038 0.032 0.142 0.005 0.053 0.191 0.852 1 0.006 0.019 0.235 0.127 0.065 0.005 0.586 0.783 0.858 0.006 0.678 0.009 0.111 0.079 0.413 0.551 0.008 0.005 0 0.278 0.02 0.539 0.008 0.521 0.099 0.008 0.124 0.004 0.615 0.025 0.003 0.008 0.01 0.108
0.001 0.006 0.006 0.017 0.007 0.002 0.004 0.003 0.002 0.001 0 0.001 0 0.001 0.005 0.001 0.002 0.001 0.012 0.003 0.001 0.069 0.049 0.011 0.013 0.001 0.002 0.003 0.001 0.001 0.019 0.02 0.001 0.091 0.113 0.016 0.001 0.006 0.027 0.006 0.006 1 0.002 0.01 0.013 0.05 0.001 0.01 0.006 0.007 0.001 0.009 0.001 0.001 0.001 0 0.008 0.001 0.001 0.001 0.004 0.002 0.01 0.001 0.011 0.001 0.001 0.001 0.001 0.008 0.065 0 0.001 0.001 0.001
0.082 0.076 0.102 0.028 0.002 0.288 0.011 0.01 0.006 0.002 0.001 0.14 0.13 0.002 0.009 0.002 0.006 0.002 0.101 0.232 0.012 0.017 0.032 0.11 0.048 0.006 0.006 0.343 0.062 0.102 0.104 0.085 0.282 0.004 0.015 0.064 0.001 0.022 0.114 0.017 0.019 0.002 1 0.005 0.05 0.036 0.002 0.237 0.017 0.013 0.002 0.045 0.362 0.003 0.003 0.217 0.046 0.003 0.002 0.274 0.014 0.008 0.155 0.003 0.192 0.002 0.003 0 0.001 0.044 0.002 0.001 0.003 0.004 0.003
0.023 0.032 0.036 0.008 0.057 0.015 0.107 0.085 0.057 0.069 0.006 0.025 0.017 0.002 0.124 0.012 0.059 0.027 0.023 0.022 0.15 0.01 0.066 0.017 0.001 0.025 0.06 0.01 0.01 0.015 0 0.012 0.002 0.232 0.177 0 0.011 0.113 0.406 0.203 0.235 0.01 0.005 1 0 0.078 0.009 0.215 0.209 0.217 0.013 0.223 0 0.011 0.028 0.198 0.216 0.011 0.006 0.004 0.097 0.045 0.175 0.012 0.194 0.038 0.017 0.012 0.004 0.206 0.001 0.01 0.017 0.018 0.042
0.004 0 0.001 0.207 0.015 0.042 0.076 0.057 0.049 0.028 0.016 0.001 0.001 0.014 0.058 0.011 0.033 0.013 0 0.021 0.085 0.016 0.079 0.002 0.143 0.03 0.037 0.023 0.011 0.007 0.169 0.266 0.027 0.165 0.216 0.396 0.012 0.415 0.004 0.113 0.127 0.013 0.05 0 1 0.136 0.002 0.209 0.108 0.137 0.005 0.177 0.023 0.017 0.017 0.188 0.151 0.018 0.014 0.02 0.074 0.156 0.208 0.019 0.215 0.016 0.026 0.023 0.034 0.16 0.01 0.022 0.012 0.008 0.023
0.098 0.087 0.084 0.21 0.049 0.014 0.055 0.049 0.031 0.008 0.005 0.072 0.059 0.03 0.052 0.004 0.021 0.008 0.074 0.017 0.02 0.19 0.031 0.076 0.172 0.004 0.024 0.026 0.001 0.004 0.22 0.164 0.021 0.02 0.012 0.228 0.039 0.078 0.093 0.052 0.065 0.05 0.036 0.078 0.136 1 0.007 0.117 0.056 0.065 0.002 0.078 0.007 0.002 0.002 0.075 0.062 0.054 0.027 0.015 0.032 0.036 0.072 0.057 0.075 0.009 0.014 0.007 0.009 0.073 0 0.004 0.002 0.048 0.006
0.011 0.015 0.014 0.005 0.004 0.095 0.003 0.002 0.002 0.001 0.001 0.017 0.015 0 0.002 0 0.001 0 0.019 0.088 0.004 0.002 0.006 0.021 0.014 0.002 0.002 0.106 0.009 0.005 0.015 0 0.15 0.003 0.002 0.01 0.001 0 0.004 0.004 0.005 0.001 0.002 0.009 0.002 0.007 1 0.008 0.004 0.005 0.758 0.006 0.001 0.001 0.001 0.007 0.005 0.001 0 0.001 0.003 0.002 0.007 0.001 0.008 0.001 0 0.001 0 0.006 0 0 0.499 0.013 0.001
0.022 0.031 0.037 0.006 0 0.066 0.007 0.005 0 0.104 0.004 0.008 0.008 0.001 0 0.008 0.17 0.001 0.008 0.044 0.364 0.064 0.077 0.003 0.015 0.024 0.191 0.068 0.009 0.015 0.003 0.014 0.053 0.019 0.056 0.039 0.006 0.089 0.342 0.539 0.586 0.01 0.237 0.215 0.209 0.117 0.008 1 0.541 0.591 0.009 0.759 0.08 0.081 0.045 0.756 0.663 0.013 0.008 0.093 0.318 0.033 0.814 0.013 0.846 0.061 0.013 0.113 0.007 0.684 0.014 0.005 0.012 0.017 0.072
0.007 0.002 0.003 0.058 0.014 0.005 0.016 0.014 0.008 0.178 0.002 0.047 0.042 0 0.022 0.004 0.281 0 0.032 0.008 0.623 0.033 0.226 0.051 0.114 0.013 0.317 0.01 0.004 0.006 0.114 0.145 0.01 0.03 0.022 0.199 0.003 0.052 0.239 0.922 0.783 0.006 0.017 0.209 0.108 0.056 0.004 0.541 1 0.763 0.005 0.637 0.008 0.143 0.085 0.389 0.66 0.007 0.005 0 0.333 0.019 0.515 0.008 0.5 0.111 0.007 0.162 0.004 0.596 0.004 0.003 0.007 0.01 0.134
0 0.001 0 0.033 0 0.007 0 0 0.001 0.105 0.003 0.018 0.016 0 0.001 0.005 0.263 0 0.009 0.01 0.498 0.036 0.165 0.019 0.064 0.015 0.294 0.013 0.005 0.007 0.062 0.088 0.011 0.032 0.033 0.132 0.003 0.058 0.162 0.754 0.858 0.007 0.013 0.217 0.137 0.065 0.005 0.591 0.763 1 0.006 0.693 0.009 0.124 0.081 0.431 0.565 0.006 0.006 0 0.328 0.021 0.551 0.006 0.535 0.056 0.008 0.14 0.005 0.611 0.025 0.003 0.008 0.011 0.121
0.008 0.013 0.012 0.003 0.002 0.073 0.003 0.003 0.002 0.001 0.001 0.014 0.012 0.001 0.003 0 0.002 0 0.016 0.067 0.004 0 0.002 0.018 0.007 0.002 0.002 0.081 0.007 0.003 0.008 0.001 0.118 0.006 0.005 0.003 0.001 0 0 0.005 0.006 0.001 0.002 0.013 0.005 0.002 0.758 0.009 0.005 0.006 1 0.008 0.001 0.001 0.001 0.008 0.007 0.001 0.001 0.001 0.003 0.002 0.009 0.001 0.01 0.001 0 0.001 0.001 0.007 0 0 0.671 0.021 0.001
0.008 0.011 0.016 0.012 0 0.007 0.005 0.003 0.001 0.116 0.004 0.001 0 0 0.001 0.006 0.202 0.001 0 0.002 0.423 0.05 0.113 0 0.031 0.02 0.227 0 0.005 0 0.028 0.05 0.005 0.011 0.045 0.089 0.006 0.075 0.251 0.637 0.678 0.009 0.045 0.223 0.177 0.078 0.006 0.759 0.637 0.693 0.008 1 0.012 0.096 0.065 0.621 0.852 0.011 0.007 0.001 0.418 0.028 0.702 0.011 0.746 0.09 0.011 0.133 0.006 0.857 0.004 0.005 0.01 0.014 0.131
0.007 0.012 0.011 0 0.01 0.135 0.005 0.005 0.003 0 0 0.038 0.037 0.001 0.007 0.001 0.003 0.001 0.01 0.109 0.004 0.002 0.005 0.012 0.002 0.003 0.003 0.254 0.084 0.052 0.033 0.026 0.138 0.009 0.007 0.018 0 0.009 0.035 0.008 0.009 0.001 0.362 0 0.023 0.007 0.001 0.08 0.008 0.009 0.001 0.012 1 0.001 0.001 0.09 0.01 0.001 0.001 0.601 0.005 0.004 0.071 0.001 0.06 0.001 0.001 0.002 0.001 0.011 0.001 0.001 0.001 0.002 0.002
0.027 0.035 0.033 0.01 0.002 0.002 0.004 0.003 0.002 0.005 0 0.012 0 0.001 0.005 0.001 0.001 0.001 0.013 0.003 0.055 0.008 0.011 0.012 0.022 0.002 0.002 0.003 0.001 0.001 0.021 0.025 0.001 0.007 0.005 0.033 0.001 0.007 0.039 0.151 0.111 0.001 0.003 0.011 0.017 0.002 0.001 0.081 0.143 0.124 0.001 0.096 0.001 1 0.009 0.032 0.104 0.001 0.001 0.001 0.002 0.003 0.078 0.001 0.079 0.01 0.001 0.373 0.001 0.079 0.001 0 0.001 0.001 0.006
0.012 0.009 0.01 0.023 0.006 0.001 0.002 0.002 0.002 0.42 0 0.013 0.014 0 0.005 0.001 0.001 0.001 0.013 0.003 0.083 0.006 0.025 0.012 0.022 0.002 0.001 0.003 0.001 0.001 0.019 0.022 0.001 0.005 0.004 0.029 0.001 0.008 0.033 0.09 0.079 0.001 0.003 0.028 0.017 0.002 0.001 0.045 0.085 0.081 0.001 0.065 0.001 0.009 1 0.061 0.078 0.001 0.001 0.001 0.004 0.003 0.042 0.001 0.053 0.18 0.001 0.001 0.001 0.069 0.001 0 0.001 0.001 0.484
0.011 0.016 0.021 0.014 0.003 0.053 0.008 0.005 0.003 0.08 0.004 0.013 0.006 0 0 0.007 0.149 0.001 0.004 0.033 0.284 0.038 0.075 0.002 0.014 0.022 0.133 0.057 0.004 0.011 0.003 0.007 0.044 0.006 0.033 0.025 0.005 0.08 0.278 0.383 0.413 0 0.217 0.198 0.188 0.075 0.007 0.756 0.389 0.431 0.008 0.621 0.09 0.032 0.061 1 0.568 0.011 0.008 0.103 0.261 0.029 0.759 0.012 0.79 0.084 0.011 0.062 0.006 0.629 0.055 0.005 0.011 0.015 0.124
0.001 0.002 0.005 0.025 0.004 0.01 0.031 0.028 0.019 0.138 0.003 0.006 0.005 0 0.005 0.005 0.196 0 0.002 0.004 0.422 0.039 0.127 0.006 0.048 0.017 0.197 0.002 0.004 0 0.045 0.068 0.008 0.01 0.038 0.112 0.004 0.066 0.277 0.652 0.551 0.008 0.046 0.216 0.151 0.062 0.005 0.663 0.66 0.565 0.007 0.852 0.01 0.104 0.078 0.568 1 0.009 0.006 0.001 0.385 0.024 0.627 0.01 0.704 0.105 0.009 0.147 0.005 0.804 0.005 0.004 0.009 0.012 0.154
0.009 0.007 0.007 0.022 0.004 0.003 0.001 0.001 0.003 0.002 0 0.004 0.005 0 0.002 0.001 0.002 0.001 0.002 0.002 0.006 0.057 0.013 0.008 0.018 0.002 0.003 0.003 0.001 0.001 0.024 0.028 0.002 0.007 0.006 0.036 0.374 0.007 0.023 0.007 0.008 0.001 0.003 0.011 0.018 0.054 0.001 0.013 0.007 0.006 0.001 0.011 0.001 0.001 0.001 0.011 0.009 1 0.001 0.001 0.005 0.003 0.013 0.956 0.013 0.001 0.001 0.001 0.001 0.01 0.001 0.001 0.001 0.118 0.001
0.002 0.008 0.002 0.009 0 0.002 0.003 0.003 0.002 0.001 0 0 0.001 0.001 0.004 0.001 0.002 0 0.002 0.002 0.004 0.003 0.008 0.002 0.007 0.131 0.002 0.002 0 0.001 0.017 0.02 0.001 0.005 0.004 0.002 0.001 0.006 0.016 0.005 0.005 0.001 0.002 0.006 0.014 0.027 0 0.008 0.005 0.006 0.001 0.007 0.001 0.001 0.001 0.008 0.006 0.001 1 0.001 0.003 0.002 0.008 0.001 0.009 0.001 0.001 0.001 0 0.006 0 0 0.001 0.001 0.001
0.015 0.021 0.019 0 0.009 0.175 0.005 0.004 0.002 0 0 0.058 0.057 0.001 0.006 0.001 0.002 0.001 0.02 0.143 0.003 0.008 0.011 0.023 0.007 0.003 0.003 0.276 0.099 0.061 0.044 0.018 0.113 0.008 0.006 0.012 0 0.009 0.044 0 0 0.001 0.274 0.004 0.02 0.015 0.001 0.093 0 0 0.001 0.001 0.601 0.001 0.001 0.103 0.001 0.001 0.001 1 0.004 0.003 0.082 0.001 0.07 0.001 0.001 0.011 0 0.001 0.001 0.001 0.001 0.002 0.001
0.011 0.014 0.008 0.041 0.006 0 0.016 0.015 0.009 0.003 0.002 0.007 0.01 0.001 0.001 0.002 0.475 0 0.001 0 0.275 0.016 0.101 0.006 0.03 0.007 0.537 0.001 0.003 0.002 0.031 0.033 0.001 0.002 0.016 0.056 0.002 0.032 0.123 0.32 0.278 0.004 0.014 0.097 0.074 0.032 0.003 0.318 0.333 0.328 0.003 0.418 0.005 0.002 0.004 0.261 0.385 0.005 0.003 0.004 1 0.012 0.32 0.005 0.319 0.004 0.004 0.005 0.003 0.385 0.002 0.002 0.004 0.006 0.001
0.021 0.036 0.038 0.04 0.014 0.007 0.011 0.009 0.007 0.004 0.001 0.025 0.028 0.002 0.008 0.003 0.006 0.002 0.028 0.008 0.015 0.014 0.032 0.026 0 0.153 0.006 0.009 0.002 0.003 0 0.002 0.004 0.019 0.015 0.033 0 0.218 0.062 0.018 0.02 0.002 0.008 0.045 0.156 0.036 0.002 0.033 0.019 0.021 0.002 0.028 0.004 0.003 0.003 0.029 0.024 0.003 0.002 0.003 0.012 1 0.032 0.003 0.034 0.002 0.003 0.003 0.002 0.025 0.002 0.001 0.003 0.001 0.004
0.007 0.017 0.015 0.016 0.003 0.039 0.011 0.007 0.004 0.09 0.004 0.001 0.001 0 0.001 0.008 0.172 0.001 0 0.023 0.421 0.038 0.072 0 0.033 0.024 0.192 0.043 0.001 0.005 0.013 0.03 0.038 0.025 0.054 0.065 0.006 0.088 0.273 0.515 0.539 0.01 0.155 0.175 0.208 0.072 0.007 0.814 0.515 0.551 0.009 0.702 0.071 0.078 0.042 0.759 0.627 0.013 0.008 0.082 0.32 0.032 1 0.013 0.909 0.076 0.013 0.114 0.007 0.666 0.014 0.005 0.012 0.001 0.096
0.01 0.007 0.008 0.024 0.004 0.003 0.001 0.001 0.003 0.002 0 0.005 0.006 0 0.002 0.001 0.002 0.001 0.002 0.003 0.006 0.062 0.015 0.009 0.019 0.003 0.003 0.003 0.001 0.001 0.025 0.03 0.002 0.005 0.006 0.038 0.366 0.007 0.025 0.007 0.008 0.001 0.003 0.012 0.019 0.057 0.001 0.013 0.008 0.006 0.001 0.011 0.001 0.001 0.001 0.012 0.01 0.956 0.001 0.001 0.005 0.003 0.013 1 0.014 0.001 0.001 0.002 0.001 0.01 0.001 0.001 0.001 0.134 0.001
0.011 0.017 0.022 0.017 0.001 0.044 0.011 0.008 0.004 0.101 0.004 0.002 0.002 0.001 0 0.008 0.166 0.001 0.002 0.026 0.404 0.04 0.067 0 0.027 0.025 0.163 0.047 0 0.003 0.009 0.025 0.051 0.02 0.056 0.057 0.006 0.091 0.285 0.498 0.521 0.011 0.192 0.194 0.215 0.075 0.008 0.846 0.5 0.535 0.01 0.746 0.06 0.079 0.053 0.79 0.704 0.013 0.009 0.07 0.319 0.034 0.909 0.014 1 0.074 0.013 0.11 0.007 0.715 0.013 0.005 0.013 0.001 0.108
0.002 0.001 0.001 0.009 0.005 0.001 0.002 0.001 0.002 0.202 0 0.012 0.013 0 0.005 0.001 0.001 0 0.012 0.002 0.108 0.005 0.037 0.011 0.02 0.002 0.001 0.003 0.001 0.001 0.018 0.02 0.001 0.005 0.004 0.026 0.001 0.007 0.028 0.117 0.099 0.001 0.002 0.038 0.016 0.009 0.001 0.061 0.111 0.056 0.001 0.09 0.001 0.01 0.18 0.084 0.105 0.001 0.001 0.001 0.004 0.002 0.076 0.001 0.074 1 0.001 0.001 0.001 0.095 0 0 0.001 0.001 0.351
0.005 0.011 0.011 0.011 0.006 0.003 0.002 0.003 0.002 0.002 0 0.012 0.009 0.001 0.003 0.001 0.002 0.001 0.011 0.003 0.006 0 0.002 0.01 0.013 0 0.003 0.004 0.001 0.001 0.014 0.01 0.002 0.005 0.006 0.009 0.001 0.073 0.026 0.007 0.008 0.001 0.003 0.017 0.026 0.014 0 0.013 0.007 0.008 0 0.011 0.001 0.001 0.001 0.011 0.009 0.001 0.001 0.001 0.004 0.003 0.013 0.001 0.013 0.001 1 0.001 0.001 0.01 0.001 0.001 0.001 0.002 0.001
0.03 0.034 0.037 0.002 0.004 0.003 0.005 0.005 0.003 0.001 0 0.001 0.001 0.001 0.005 0.001 0.002 0.001 0.002 0.001 0.028 0.006 0.005 0.003 0.012 0.003 0.003 0.001 0 0.001 0.011 0.03 0.002 0.006 0.008 0.039 0.002 0.01 0.051 0.165 0.124 0.001 0 0.012 0.023 0.007 0.001 0.113 0.162 0.14 0.001 0.133 0.002 0.373 0.001 0.062 0.147 0.001 0.001 0.011 0.005 0.003 0.114 0.002 0.11 0.001 0.001 1 0.001 0.136 0.001 0.001 0.001 0.002 0
0 0.008 0.009 0.013 0.005 0.002 0.003 0.002 0.001 0.001 0 0.009 0.006 0 0.004 0.001 0 0 0.009 0.002 0.001 0.006 0.006 0.008 0.018 0.002 0 0.002 0 0.001 0.028 0.023 0.001 0.004 0.004 0.018 0.001 0.078 0.015 0.004 0.004 0.001 0.001 0.004 0.034 0.009 0 0.007 0.004 0.005 0.001 0.006 0.001 0.001 0.001 0.006 0.005 0.001 0 0 0.003 0.002 0.007 0.001 0.007 0.001 0.001 0.001 1 0.006 0 0 0.001 0.001 0.001
0.004 0.007 0.011 0.014 0 0.005 0.008 0.006 0.004 0.089 0.003 0.001 0.001 0 0 0.006 0.214 0.001 0 0.002 0.386 0.046 0.103 0.001 0.031 0.018 0.241 0 0.005 0 0.029 0.05 0.006 0.008 0.04 0.087 0.005 0.068 0.245 0.603 0.615 0.008 0.044 0.206 0.16 0.073 0.006 0.684 0.596 0.611 0.007 0.857 0.011 0.079 0.069 0.629 0.804 0.01 0.006 0.001 0.385 0.025 0.666 0.01 0.715 0.095 0.01 0.136 0.006 1 0.007 0.004 0.009 0.013 0.144
0.008 0.011 0.01 0.002 0.019 0.001 0.05 0.058 0.07 0.001 0 0.038 0.034 0 0.035 0.001 0.001 0 0.01 0.002 0.003 0.002 0 0.012 0.004 0.001 0.001 0.002 0 0.001 0.004 0.018 0.001 0.005 0.005 0.016 0.001 0.003 0 0.003 0.025 0.065 0.002 0.001 0.01 0 0 0.014 0.004 0.025 0 0.004 0.001 0.001 0.001 0.055 0.005 0.001 0 0.001 0.002 0.002 0.014 0.001 0.013 0 0.001 0.001 0 0.007 1 0 0.001 0.001 0.001
0.004 0.003 0.003 0.002 0.001 0.001 0 0.002 0.001 0.001 0 0 0 0 0.003 0 0.001 0.289 0.003 0.001 0.003 0.016 0.006 0.003 0.001 0.001 0.001 0.002 0 0 0 0.014 0.001 0.029 0.036 0.011 0.001 0.004 0.005 0.003 0.003 0 0.001 0.01 0.022 0.004 0 0.005 0.003 0.003 0 0.005 0.001 0 0 0.005 0.004 0.001 0 0.001 0.002 0.001 0.005 0.001 0.005 0 0.001 0.001 0 0.004 0 1 0.001 0.001 0.001
0.004 0.007 0.006 0 0.004 0.06 0.005 0.004 0.002 0.002 0 0.007 0.006 0.001 0.004 0 0.002 0.001 0.009 0.055 0.006 0.006 0.001 0.01 0.001 0.003 0.003 0.064 0.011 0.006 0.001 0.007 0.084 0.008 0.006 0 0.001 0.003 0 0.007 0.008 0.001 0.003 0.017 0.012 0.002 0.499 0.012 0.007 0.008 0.671 0.01 0.001 0.001 0.001 0.011 0.009 0.001 0.001 0.001 0.004 0.003 0.012 0.001 0.013 0.001 0.001 0.001 0.001 0.009 0.001 0.001 1 0.035 0.001
0.008 0.005 0.005 0.016 0.008 0 0.006 0.005 0.003 0.002 0 0.002 0.003 0 0.008 0.001 0.003 0.001 0.001 0 0.002 0.042 0.001 0.005 0.006 0.004 0.003 0.002 0.004 0.002 0.01 0.013 0 0.007 0.008 0.021 0.019 0.001 0.027 0.009 0.01 0.001 0.004 0.018 0.008 0.048 0.013 0.017 0.01 0.011 0.021 0.014 0.002 0.001 0.001 0.015 0.012 0.118 0.001 0.002 0.006 0.001 0.001 0.134 0.001 0.001 0.002 0.002 0.001 0.013 0.001 0.001 0.035 1 0.002
0.005 0.003 0.004 0.017 0.008 0.002 0.003 0.003 0.003 0.257 0 0.018 0.02 0 0.007 0.001 0.002 0.001 0.017 0.004 0.123 0.006 0.044 0.016 0.031 0.003 0.002 0.004 0.001 0.001 0.028 0.032 0.002 0.007 0.006 0.042 0.002 0.01 0.025 0.126 0.108 0.001 0.003 0.042 0.023 0.006 0.001 0.072 0.134 0.121 0.001 0.131 0.002 0.006 0.484 0.124 0.154 0.001 0.001 0.001 0.001 0.004 0.096 0.001 0.108 0.351 0.001 0 0.001 0.144 0.001 0.001 0.001 0.002 1
