1 0.862 0.894 0.477 0.35 0.118 0.265 0.216 0.089 0.031 0.057 0.504 0.49 0.007 0.278 0.058 0.035 0.012 0.579 0.172 0.006 0.118 0.116 0.604 0.299 0.008 0.029 0.141 0.056 0.052 0.228 0.132 0.016 0.058 0.031 0.118 0.016 0.005 0.058 0.006 0 0.006 0.056 0.03 0.011 0.056 0.012 0.012 0.008 0 0.007 0.002 0.002 0.041 0.015 0.007 0 0.008 0.015 0.002 0.01 0.011 0.004 0.01 0.005 0.007 0.001 0.023 0.006 0 0.038 0 0.004 0.004 0.007
0.862 1 0.951 0.449 0.35 0.135 0.301 0.246 0.102 0.028 0.064 0.554 0.541 0.006 0.273 0.067 0.031 0.01 0.604 0.195 0.003 0.111 0.099 0.637 0.292 0.025 0.025 0.162 0.064 0.06 0.224 0.13 0.02 0.057 0.041 0.102 0.014 0.015 0.066 0.003 0 0.011 0.039 0.034 0.006 0.043 0.014 0.012 0.005 0 0.009 0.002 0.003 0.048 0.012 0.007 0 0.006 0.015 0.004 0.012 0.029 0.005 0.008 0.005 0.006 0.002 0.018 0.006 0 0.044 0 0.006 0.003 0.005
0.894 0.951 1 0.475 0.392 0.132 0.295 0.241 0.1 0.028 0.063 0.576 0.562 0.006 0.311 0.066 0.032 0.01 0.643 0.191 0.003 0.112 0.102 0.678 0.318 0.025 0.025 0.159 0.062 0.058 0.244 0.143 0.019 0.071 0.039 0.114 0.014 0.015 0.076 0.003 0 0.012 0.065 0.042 0.005 0.048 0.014 0.019 0.006 0 0.009 0.005 0.003 0.047 0.013 0.012 0 0.006 0.014 0.003 0.009 0.03 0.008 0.008 0.009 0.006 0.002 0.028 0.006 0.001 0.043 0 0.006 0.003 0.005
0.477 0.449 0.475 1 0.201 0.052 0.149 0.122 0.046 0.056 0.032 0.27 0.268 0.015 0.166 0.042 0.063 0.02 0.318 0.082 0.039 0.251 0.322 0.345 0.641 0 0.054 0.06 0.031 0.028 0.548 0.341 0.002 0.012 0.003 0.378 0.028 0.245 0 0.042 0.021 0.024 0.025 0.001 0.236 0.169 0.003 0.005 0.053 0.029 0.001 0.013 0 0.021 0.024 0.008 0.027 0.021 0.029 0 0.033 0.076 0.012 0.025 0.012 0.017 0.021 0.005 0.016 0.02 0.021 0.002 0 0.014 0.017
0.35 0.35 0.392 0.201 1 0.012 0.435 0.434 0.152 0.013 0.006 0.426 0.395 0.005 0.506 0.153 0.014 0.005 0.462 0.018 0.036 0.066 0.128 0.483 0.254 0.011 0.009 0.02 0.006 0.006 0.219 0.163 0.005 0.174 0.097 0.125 0.007 0.035 0.028 0.028 0.006 0.006 0.004 0.058 0.019 0.039 0.002 0.002 0.031 0.008 0.002 0.002 0.005 0.007 0.008 0.003 0.011 0.007 0.005 0.004 0.005 0.013 0.004 0.008 0.003 0.007 0.003 0.001 0.003 0.001 0.04 0.003 0.003 0.012 0.01
0.118 0.135 0.132 0.052 0.012 1 0.008 0.006 0.003 0.004 0.002 0.126 0.123 0 0.009 0.002 0.004 0.001 0.119 0.578 0.013 0.006 0.023 0.116 0.058 0.003 0.005 0.487 0.472 0.461 0.022 0.013 0.177 0.009 0.007 0.007 0.002 0.013 0.02 0.01 0.011 0.002 0.22 0.013 0.024 0.001 0.049 0.019 0.011 0.013 0.036 0 0.065 0.002 0 0.007 0 0.003 0.002 0.059 0.002 0.003 0.004 0.003 0.005 0 0.001 0.001 0.001 0.001 0.001 0.001 0.037 0.009 0
0.265 0.301 0.295 0.149 0.435 0.008 1 0.816 0.359 0.008 0.004 0.28 0.274 0.003 0.762 0.005 0.009 0.003 0.316 0.012 0.022 0.043 0.08 0.328 0.175 0.007 0.004 0.013 0.004 0.004 0.159 0.095 0.003 0.249 0.244 0.091 0.004 0.014 0.059 0.021 0 0.004 0.008 0.145 0.09 0.028 0.002 0.002 0.024 0 0.003 0.003 0.004 0.005 0.005 0.002 0.03 0.004 0.004 0.003 0.008 0.009 0.002 0.004 0.003 0.005 0.002 0.008 0.002 0.001 0.15 0.008 0.004 0.01 0.007
0.216 0.246 0.241 0.122 0.434 0.006 0.816 1 0.442 0.007 0.003 0.228 0.223 0.002 0.623 0.004 0.008 0.003 0.255 0.009 0.017 0.035 0.064 0.264 0.14 0.006 0.003 0.01 0.003 0.003 0.125 0.071 0.003 0.169 0.176 0.079 0.004 0.01 0.042 0.016 0.002 0.003 0.006 0.122 0.064 0.038 0.002 0 0.018 0.001 0.002 0 0.003 0.004 0.004 0 0.023 0.002 0.004 0.002 0.006 0.008 0 0.003 0 0.004 0.001 0.007 0.002 0 0.184 0.005 0.003 0.008 0.005
0.089 0.102 0.1 0.046 0.152 0.003 0.359 0.442 1 0.001 0.002 0.095 0.092 0.001 0.32 0.002 0.004 0.001 0.146 0.005 0.003 0.019 0.026 0.121 0.062 0.003 0.004 0.006 0.002 0.002 0.061 0.026 0.002 0.058 0.051 0.038 0.002 0.001 0.016 0.004 0.009 0.002 0.003 0.064 0.019 0.029 0.001 0.003 0.005 0.009 0.001 0.002 0.002 0.002 0.002 0.003 0.007 0.003 0.002 0.001 0.007 0.004 0.003 0.003 0.003 0.002 0 0.001 0.001 0.002 0.171 0.001 0.002 0.004 0.003
0.031 0.028 0.028 0.056 0.013 0.004 0.008 0.007 0.001 1 0.002 0.023 0.018 0.001 0.009 0.002 0.004 0.001 0.01 0.005 0.27 0.02 0.08 0.024 0.043 0.003 0.005 0.006 0.002 0.002 0.036 0.048 0 0.016 0.014 0.057 0.002 0.014 0.082 0.233 0.177 0.002 0 0.061 0.033 0.018 0.001 0.151 0.213 0.167 0.001 0.154 0.001 0 0.378 0.15 0.177 0.003 0.002 0.001 0.004 0.005 0.141 0.003 0.147 0.141 0.001 0.028 0.001 0.132 0.001 0.001 0.002 0.005 0.303
0.057 0.064 0.063 0.032 0.006 0.002 0.004 0.003 0.002 0.002 1 0.06 0.059 0.001 0.004 0.001 0.002 0.001 0.071 0.329 0.006 0.009 0.02 0.076 0.041 0.002 0.002 0.298 0.001 0.001 0.041 0.031 0.001 0.007 0.006 0.027 0.001 0.124 0.021 0.006 0.007 0.001 0.002 0.018 0.045 0.014 0.033 0.011 0.007 0.008 0.025 0.009 0.001 0.001 0.001 0.011 0.008 0.006 0.001 0.001 0.003 0.002 0.011 0.005 0.011 0.001 0.009 0.002 0 0.008 0.001 0.001 0.018 0.003 0.001
0.504 0.554 0.576 0.27 0.426 0.126 0.28 0.228 0.095 0.023 0.06 1 0.914 0.007 0.313 0.08 0.003 0.01 0.731 0.182 0.043 0.108 0.185 0.771 0.379 0.016 0.001 0.177 0.059 0.06 0.312 0.204 0.037 0.071 0.04 0.181 0.015 0.01 0.036 0.034 0.009 0.013 0.083 0.027 0.01 0.057 0.018 0.002 0.041 0.014 0.012 0.002 0.012 0.01 0.014 0 0.01 0.008 0.006 0.02 0.001 0.021 0 0.011 0 0.013 0.003 0.005 0.007 0.001 0.044 0 0.008 0.001 0.019
0.49 0.541 0.562 0.268 0.395 0.123 0.274 0.223 0.092 0.018 0.059 0.914 1 0.007 0.306 0.078 0.003 0.01 0.714 0.178 0.039 0.111 0.182 0.753 0.367 0.011 0.002 0.173 0.058 0.059 0.312 0.204 0.049 0.074 0.043 0.185 0.015 0.011 0.035 0.042 0.013 0.012 0.093 0.026 0.01 0.052 0.018 0.001 0.05 0.02 0.011 0.004 0.019 0.01 0.014 0 0.014 0.009 0.004 0.03 0.001 0.029 0 0.011 0 0.013 0.003 0.01 0.002 0.003 0.043 0 0.008 0.001 0.02
0.007 0.006 0.006 0.015 0.005 0 0.003 0.002 0.001 0.001 0.001 0.007 0.007 1 0.003 0.001 0.013 0.001 0.009 0.002 0.001 0.032 0.033 0.009 0.003 0.001 0.011 0.002 0.001 0.001 0.016 0.021 0.001 0.006 0.005 0.024 0 0.005 0 0.001 0 0.001 0.001 0.002 0.012 0.018 0 0 0 0 0.001 0.001 0.001 0.001 0.001 0 0.001 0 0.001 0 0.006 0.002 0 0 0 0.001 0.001 0.001 0 0.001 0 0 0 0 0
0.278 0.273 0.311 0.166 0.506 0.009 0.762 0.623 0.32 0.009 0.004 0.313 0.306 0.003 1 0.006 0.01 0.004 0.356 0.013 0.026 0.048 0.091 0.37 0.198 0.008 0.005 0.014 0.004 0.005 0.18 0.112 0.004 0.282 0.168 0.105 0.005 0.011 0.065 0.025 0 0.004 0.01 0.15 0.059 0.029 0.003 0.001 0.027 0 0.003 0.001 0.004 0.005 0.006 0.001 0.006 0.004 0.005 0.003 0.001 0.009 0.001 0.005 0.001 0.005 0.002 0.002 0.002 0.003 0.134 0.003 0.004 0.01 0.008
0.058 0.067 0.066 0.042 0.153 0.002 0.005 0.004 0.002 0.002 0.001 0.08 0.078 0.001 0.006 1 0.003 0.001 0.095 0.003 0.008 0.012 0.026 0.1 0.054 0.002 0.003 0.004 0.001 0.001 0.054 0.041 0.001 0.01 0.008 0.035 0.001 0.009 0.029 0.008 0.009 0.001 0.002 0.024 0.012 0.005 0 0.014 0.009 0.011 0 0.012 0.001 0.001 0.001 0.014 0.011 0.002 0.001 0.001 0.004 0.003 0.014 0.002 0.014 0.001 0.001 0.002 0.001 0.011 0.001 0.001 0 0.002 0.002
0.035 0.031 0.032 0.063 0.014 0.004 0.009 0.008 0.004 0.004 0.002 0.003 0.003 0.013 0.01 0.003 1 0.002 0.028 0.006 0.334 0.023 0.102 0.026 0.049 0.004 0.928 0.007 0.002 0.001 0.049 0.063 0.002 0.018 0.015 0.074 0.002 0.016 0.086 0.303 0.277 0.002 0.004 0.045 0.038 0.03 0.001 0.178 0.278 0.235 0.002 0.199 0.002 0.002 0.001 0.145 0.198 0.003 0.003 0.002 0.578 0.005 0.177 0.004 0.173 0.001 0.002 0.003 0.001 0.223 0.002 0.002 0.002 0.005 0.002
0.012 0.01 0.01 0.02 0.005 0.001 0.003 0.003 0.001 0.001 0.001 0.01 0.01 0.001 0.004 0.001 0.002 1 0.009 0.002 0.005 0.072 0.034 0.009 0.016 0.001 0.002 0.002 0.001 0.001 0.016 0.026 0.001 0.09 0.102 0.021 0 0.005 0.006 0.005 0.006 0.001 0.001 0.008 0.012 0.011 0 0.009 0.006 0.007 0.001 0.008 0.001 0.001 0.001 0.009 0.007 0.001 0.001 0.001 0.003 0.002 0.009 0.001 0.009 0.001 0.001 0.001 0 0.007 0.001 0.147 0.001 0.001 0.001
0.579 0.604 0.643 0.318 0.462 0.119 0.316 0.255 0.146 0.01 0.071 0.731 0.714 0.009 0.356 0.095 0.028 0.009 1 0.216 0.064 0.111 0.22 0.932 0.483 0.022 0.027 0.173 0.07 0.066 0.379 0.236 0.018 0.079 0.043 0.2 0.007 0.007 0.02 0.06 0.021 0.012 0.069 0.014 0.014 0.056 0.023 0 0.064 0.025 0.016 0.006 0.002 0.013 0.016 0.002 0.021 0.003 0.012 0.005 0.012 0.026 0.005 0.005 0.004 0.015 0.002 0.003 0.006 0.007 0.049 0 0.011 0 0.02
0.172 0.195 0.191 0.082 0.018 0.578 0.012 0.009 0.005 0.005 0.329 0.182 0.178 0.002 0.013 0.003 0.006 0.002 0.216 1 0.018 0.023 0.053 0.216 0.116 0.005 0.007 0.862 0.324 0.316 0.068 0.039 0.118 0.022 0.019 0.029 0.003 0.015 0.001 0.015 0.017 0.003 0.142 0.034 0 0.015 0.09 0.004 0.017 0.02 0.067 0.004 0.041 0.003 0.003 0 0.002 0 0.003 0.037 0.005 0.005 0 0 0 0.003 0.001 0.002 0.001 0.008 0.002 0.002 0.061 0.015 0.004
0.006 0.003 0.003 0.039 0.036 0.013 0.022 0.017 0.003 0.27 0.006 0.043 0.039 0.001 0.026 0.008 0.334 0.005 0.064 0.018 1 0.058 0.287 0.079 0.143 0.012 0.348 0.02 0.006 0.005 0.136 0.176 0.001 0.054 0.046 0.208 0.007 0.048 0.25 0.849 0.691 0.005 0.006 0.153 0.11 0.043 0.004 0.521 0.778 0.642 0.005 0.54 0 0.134 0.095 0.478 0.571 0.01 0.008 0 0.255 0.016 0.534 0.011 0.529 0.066 0.005 0.136 0.003 0.477 0.005 0.005 0.006 0.009 0.15
0.118 0.111 0.112 0.251 0.066 0.006 0.043 0.035 0.019 0.02 0.009 0.108 0.111 0.032 0.048 0.012 0.023 0.072 0.111 0.023 0.058 1 0.414 0.122 0.2 0.018 0.024 0.031 0.009 0.01 0.179 0.026 0.008 0.04 0.05 0.042 0.096 0.067 0.014 0.062 0.067 0.071 0.019 0.013 0.008 0.142 0 0.077 0.041 0.042 0.001 0.059 0.003 0.011 0.005 0.068 0.047 0.042 0.003 0.007 0.015 0.019 0.063 0.055 0.063 0.004 0.005 0.012 0.005 0.051 0.005 0.01 0.006 0.046 0.007
0.116 0.099 0.102 0.322 0.128 0.023 0.08 0.064 0.026 0.08 0.02 0.185 0.182 0.033 0.091 0.026 0.102 0.034 0.22 0.053 0.287 0.414 1 0.26 0.444 0.039 0.11 0.066 0.019 0.019 0.406 0.198 0.009 0 0.001 0.261 0.04 0.149 0.096 0.262 0.188 0.034 0.03 0.05 0.103 0.019 0.004 0.112 0.273 0.211 0.001 0.141 0.004 0.037 0.033 0.107 0.171 0.008 0.013 0.006 0.089 0.046 0.112 0.012 0.111 0.021 0.012 0.038 0.01 0.126 0.012 0.001 0 0.004 0.052
0.604 0.637 0.678 0.345 0.483 0.116 0.328 0.264 0.121 0.024 0.076 0.771 0.753 0.009 0.37 0.1 0.026 0.009 0.932 0.216 0.079 0.122 0.26 1 0.531 0.021 0.029 0.193 0.075 0.071 0.411 0.271 0.025 0.089 0.049 0.234 0.012 0.006 0.019 0.078 0.031 0.011 0.081 0.011 0.019 0.057 0.024 0.001 0.085 0.038 0.017 0.012 0.005 0.012 0.015 0.005 0.032 0.006 0.011 0.009 0.017 0.024 0.008 0.008 0.007 0.014 0.001 0.009 0.005 0.012 0.052 0 0.012 0.001 0.019
0.299 0.292 0.318 0.641 0.254 0.058 0.175 0.14 0.062 0.043 0.041 0.379 0.367 0.003 0.198 0.054 0.049 0.016 0.483 0.116 0.143 0.2 0.444 0.531 1 0.039 0.053 0.098 0.04 0.037 0.801 0.557 0.009 0.025 0.01 0.477 0.022 0.194 0.008 0.147 0.087 0.018 0.036 0.008 0.223 0.148 0.008 0.039 0.16 0.102 0.003 0.066 0 0.023 0.026 0.052 0.096 0.017 0.021 0.002 0.044 0.017 0.062 0.02 0.06 0.024 0.026 0.024 0.02 0.063 0.027 0.001 0.001 0.004 0.035
0.008 0.025 0.025 0 0.011 0.003 0.007 0.006 0.003 0.003 0.002 0.016 0.011 0.001 0.008 0.002 0.004 0.001 0.022 0.005 0.012 0.018 0.039 0.021 0.039 1 0.004 0.005 0.002 0.002 0.038 0.049 0.001 0.013 0.011 0.008 0.002 0.025 0.032 0.011 0.012 0 0.003 0.019 0.003 0 0.001 0.012 0.006 0.008 0.001 0.01 0.001 0.002 0.002 0.012 0.008 0.003 0.255 0.001 0.001 0.111 0.012 0.003 0.012 0.002 0.001 0.003 0.001 0.008 0.001 0.001 0.002 0.004 0.003
0.029 0.025 0.025 0.054 0.009 0.005 0.004 0.003 0.004 0.005 0.002 0.001 0.002 0.011 0.005 0.003 0.928 0.002 0.027 0.007 0.348 0.024 0.11 0.029 0.053 0.004 1 0.007 0.002 0.001 0.053 0.068 0.002 0.019 0.017 0.08 0.002 0.017 0.093 0.326 0.298 0.002 0.004 0.05 0.04 0.033 0.001 0.192 0.299 0.253 0.002 0.214 0.002 0.002 0.001 0.155 0.211 0.004 0.003 0.002 0.624 0.006 0.191 0.004 0.183 0.001 0.002 0.003 0.001 0.241 0.002 0.002 0.002 0.006 0.002
0.141 0.162 0.159 0.06 0.02 0.487 0.013 0.01 0.006 0.006 0.298 0.177 0.173 0.002 0.014 0.004 0.007 0.002 0.173 0.862 0.02 0.031 0.066 0.193 0.098 0.005 0.007 1 0.294 0.285 0.08 0.053 0.204 0.025 0.016 0.04 0.003 0.011 0.005 0.018 0.019 0.003 0.251 0.026 0.001 0.022 0.081 0.014 0.019 0.023 0.06 0.006 0.159 0.003 0.004 0.004 0.004 0 0.003 0.134 0.006 0.006 0.002 0 0.002 0.003 0.001 0.002 0.001 0.01 0.002 0.002 0.054 0.012 0.005
0.056 0.064 0.062 0.031 0.006 0.472 0.004 0.003 0.002 0.002 0.001 0.059 0.058 0.001 0.004 0.001 0.002 0.001 0.07 0.324 0.006 0.009 0.019 0.075 0.04 0.002 0.002 0.294 1 0.926 0.003 0.001 0.022 0.007 0.006 0 0.001 0.006 0.002 0.005 0.006 0.001 0.062 0.016 0.015 0 0.018 0.003 0.006 0.007 0.014 0.006 0.032 0.001 0.001 0 0.005 0.001 0.001 0.041 0.002 0.002 0 0.002 0.002 0.001 0.001 0 0 0.005 0.001 0.001 0.021 0.016 0.001
0.052 0.06 0.058 0.028 0.006 0.461 0.004 0.003 0.002 0.002 0.001 0.06 0.059 0.001 0.005 0.001 0.001 0.001 0.066 0.316 0.005 0.01 0.019 0.071 0.037 0.002 0.001 0.285 0.926 1 0.002 0.001 0.029 0.006 0.005 0 0.001 0.007 0.003 0.004 0.005 0.001 0.065 0.018 0.014 0 0.017 0.004 0.005 0.006 0.012 0.004 0.029 0.001 0.001 0 0.003 0.001 0.001 0.038 0 0.002 0 0.002 0.001 0.001 0.001 0 0 0.003 0.001 0.001 0.019 0.014 0.002
0.228 0.224 0.244 0.548 0.219 0.022 0.159 0.125 0.061 0.036 0.041 0.312 0.312 0.016 0.18 0.054 0.049 0.016 0.379 0.068 0.136 0.179 0.406 0.411 0.801 0.038 0.053 0.08 0.003 0.002 1 0.703 0.037 0.049 0.031 0.612 0.022 0.191 0 0.149 0.089 0.021 0.083 0 0.271 0.196 0.008 0.023 0.162 0.104 0.003 0.064 0.025 0.023 0.023 0.031 0.095 0.021 0.025 0.031 0.045 0.017 0.039 0.025 0.037 0.025 0.026 0.024 0.02 0.061 0.027 0 0 0.016 0.032
0.132 0.13 0.143 0.341 0.163 0.013 0.095 0.071 0.026 0.048 0.031 0.204 0.204 0.021 0.112 0.041 0.063 0.026 0.236 0.039 0.176 0.026 0.198 0.271 0.557 0.049 0.068 0.053 0.001 0.001 0.703 1 0.026 0.264 0.242 0.822 0.028 0.116 0.02 0.196 0.151 0.022 0.064 0.002 0.425 0.184 0.004 0.065 0.214 0.168 0.001 0.124 0.019 0.031 0.03 0.076 0.139 0.025 0.032 0.02 0.062 0.009 0.09 0.03 0.088 0.027 0.019 0.037 0.016 0.118 0.005 0.015 0 0.019 0.041
0.016 0.02 0.019 0.002 0.005 0.177 0.003 0.003 0.002 0 0.001 0.037 0.049 0.001 0.004 0.001 0.002 0.001 0.018 0.118 0.001 0.008 0.009 0.025 0.009 0.001 0.002 0.204 0.022 0.029 0.037 0.026 1 0.007 0.006 0.024 0.001 0.006 0.034 0.006 0.006 0.001 0.206 0.001 0.014 0.013 0.123 0.024 0.006 0.007 0.095 0 0.217 0.001 0.001 0.019 0 0.001 0.001 0.246 0 0.001 0.013 0.001 0.023 0.001 0.001 0.002 0 0 0.001 0.001 0.072 0 0.001
0.058 0.057 0.071 0.012 0.174 0.009 0.249 0.169 0.058 0.016 0.007 0.071 0.074 0.006 0.282 0.01 0.018 0.09 0.079 0.022 0.054 0.04 0 0.089 0.025 0.013 0.019 0.025 0.007 0.006 0.049 0.264 0.007 1 0.834 0.211 0.008 0.056 0.247 0.056 0.062 0.09 0.002 0.207 0.241 0.018 0.005 0.051 0.061 0.066 0.006 0.038 0.007 0.009 0.007 0.046 0.03 0.009 0.009 0.006 0.014 0.017 0.051 0.004 0.05 0.006 0.006 0.007 0.004 0.031 0.004 0.062 0.007 0.005 0.01
0.031 0.041 0.039 0.003 0.097 0.007 0.244 0.176 0.051 0.014 0.006 0.04 0.043 0.005 0.168 0.008 0.015 0.102 0.043 0.019 0.046 0.05 0.001 0.049 0.01 0.011 0.017 0.016 0.006 0.005 0.031 0.242 0.006 0.834 1 0.207 0.007 0.051 0.237 0.048 0.053 0.106 0.008 0.183 0.287 0.017 0.004 0.075 0.053 0.058 0.005 0.068 0.002 0.008 0.006 0.069 0.059 0.008 0.008 0.001 0.025 0.016 0.072 0.009 0.074 0.005 0.005 0.013 0.003 0.06 0.004 0.073 0.006 0.01 0.008
0.118 0.102 0.114 0.378 0.125 0.007 0.091 0.079 0.038 0.057 0.027 0.181 0.185 0.024 0.105 0.035 0.074 0.021 0.2 0.029 0.208 0.042 0.261 0.234 0.477 0.008 0.08 0.04 0 0 0.612 0.822 0.024 0.211 0.207 1 0.034 0.207 0.005 0.231 0.157 0.018 0.055 0 0.481 0.214 0.004 0.076 0.251 0.179 0.001 0.136 0.015 0.036 0.035 0.088 0.173 0.031 0.003 0.017 0.077 0.062 0.103 0.037 0.101 0.032 0.018 0.044 0.013 0.127 0.02 0.012 0 0.026 0.049
0.016 0.014 0.014 0.028 0.007 0.002 0.004 0.004 0.002 0.002 0.001 0.015 0.015 0 0.005 0.001 0.002 0 0.007 0.003 0.007 0.096 0.04 0.012 0.022 0.002 0.002 0.003 0.001 0.001 0.022 0.028 0.001 0.008 0.007 0.034 1 0.004 0.015 0.003 0.003 0.001 0.002 0.009 0.015 0.042 0.001 0.006 0.003 0 0.001 0.006 0.001 0.001 0.001 0.006 0.004 0.255 0.001 0 0 0.001 0.007 0.262 0.006 0.001 0.001 0.002 0 0.004 0 0.001 0.001 0.016 0.002
0.005 0.015 0.015 0.245 0.035 0.013 0.014 0.01 0.001 0.014 0.124 0.01 0.011 0.005 0.011 0.009 0.016 0.005 0.007 0.015 0.048 0.067 0.149 0.006 0.194 0.025 0.017 0.011 0.006 0.007 0.191 0.116 0.006 0.056 0.051 0.207 0.004 1 0.173 0.051 0.038 0.007 0.013 0.108 0.365 0.097 0.001 0.065 0.055 0.046 0 0.056 0.002 0.008 0.009 0.065 0.066 0.001 0.008 0.005 0.026 0.299 0.066 0.002 0.067 0.008 0.088 0.014 0.062 0.048 0.002 0.005 0 0.001 0.012
0.058 0.066 0.076 0 0.028 0.02 0.059 0.042 0.016 0.082 0.021 0.036 0.035 0 0.065 0.029 0.086 0.006 0.02 0.001 0.25 0.014 0.096 0.019 0.008 0.032 0.093 0.005 0.002 0.003 0 0.02 0.034 0.247 0.237 0.005 0.015 0.173 1 0.291 0.209 0.036 0.077 0.47 0.004 0.101 0 0.292 0.247 0.171 0 0.21 0.025 0.045 0.033 0.238 0.25 0.029 0.02 0.022 0.091 0.05 0.232 0.033 0.238 0.016 0.017 0.066 0.011 0.179 0.014 0.018 0.002 0.036 0.041
0.006 0.003 0.003 0.042 0.028 0.01 0.021 0.016 0.004 0.233 0.006 0.034 0.042 0.001 0.025 0.008 0.303 0.005 0.06 0.015 0.849 0.062 0.262 0.078 0.147 0.011 0.326 0.018 0.005 0.004 0.149 0.196 0.006 0.056 0.048 0.231 0.003 0.051 0.291 1 0.824 0.007 0.013 0.187 0.118 0.052 0.004 0.593 0.919 0.763 0.005 0.646 0.005 0.158 0.111 0.544 0.686 0.011 0.008 0.003 0.286 0.017 0.574 0.012 0.573 0.082 0.005 0.191 0.003 0.582 0.005 0.005 0.006 0.017 0.166
0 0 0 0.021 0.006 0.011 0 0.002 0.009 0.177 0.007 0.009 0.013 0 0 0.009 0.277 0.006 0.021 0.017 0.691 0.067 0.188 0.031 0.087 0.012 0.298 0.019 0.006 0.005 0.089 0.151 0.006 0.062 0.053 0.157 0.003 0.038 0.209 0.824 1 0.007 0.014 0.213 0.129 0.061 0.004 0.648 0.754 0.835 0.005 0.676 0.005 0.109 0.101 0.597 0.582 0.011 0.009 0.003 0.256 0.018 0.627 0.013 0.624 0.05 0.005 0.142 0.003 0.644 0.07 0.005 0.007 0.018 0.121
0.006 0.011 0.012 0.024 0.006 0.002 0.004 0.003 0.002 0.002 0.001 0.013 0.012 0.001 0.004 0.001 0.002 0.001 0.012 0.003 0.005 0.071 0.034 0.011 0.018 0 0.002 0.003 0.001 0.001 0.021 0.022 0.001 0.09 0.106 0.018 0.001 0.007 0.036 0.007 0.007 1 0.002 0.002 0.019 0.017 0.001 0.011 0.007 0.008 0.001 0.01 0.001 0.001 0.001 0.01 0.008 0 0.001 0.001 0.003 0.002 0.011 0 0.011 0.001 0.001 0.002 0 0.009 0 0.001 0.001 0 0.002
0.056 0.039 0.065 0.025 0.004 0.22 0.008 0.006 0.003 0 0.002 0.083 0.093 0.001 0.01 0.002 0.004 0.001 0.069 0.142 0.006 0.019 0.03 0.081 0.036 0.003 0.004 0.251 0.062 0.065 0.083 0.064 0.206 0.002 0.008 0.055 0.002 0.013 0.077 0.013 0.014 0.002 1 0.003 0.031 0.029 0.001 0.157 0.014 0.014 0.001 0.016 0.359 0.002 0.002 0.108 0.021 0.003 0.002 0.289 0.001 0.003 0.083 0.003 0.096 0.002 0.001 0.001 0.001 0.009 0.001 0.001 0.002 0.004 0.003
0.03 0.034 0.042 0.001 0.058 0.013 0.145 0.122 0.064 0.061 0.018 0.027 0.026 0.002 0.15 0.024 0.045 0.008 0.014 0.034 0.153 0.013 0.05 0.011 0.008 0.019 0.05 0.026 0.016 0.018 0 0.002 0.001 0.207 0.183 0 0.009 0.108 0.47 0.187 0.213 0.002 0.003 1 0.006 0.092 0.011 0.227 0.205 0.219 0.014 0.224 0 0.036 0.031 0.225 0.226 0.021 0.009 0 0.078 0.048 0.213 0.024 0.219 0.012 0.014 0.045 0.004 0.213 0.015 0.023 0.018 0.042 0.049
0.011 0.006 0.005 0.236 0.019 0.024 0.09 0.064 0.019 0.033 0.045 0.01 0.01 0.012 0.059 0.012 0.038 0.012 0.014 0 0.11 0.008 0.103 0.019 0.223 0.003 0.04 0.001 0.015 0.014 0.271 0.425 0.014 0.241 0.287 0.481 0.015 0.365 0.004 0.118 0.129 0.019 0.031 0.006 1 0.136 0.001 0.199 0.128 0.151 0.002 0.175 0.014 0.018 0.021 0.197 0.153 0.012 0.019 0.012 0.06 0.139 0.2 0.015 0.204 0.019 0.037 0.032 0.027 0.156 0.012 0.027 0.005 0.009 0.027
0.056 0.043 0.048 0.169 0.039 0.001 0.028 0.038 0.029 0.018 0.014 0.057 0.052 0.018 0.029 0.005 0.03 0.011 0.056 0.015 0.043 0.142 0.019 0.057 0.148 0 0.033 0.022 0 0 0.196 0.184 0.013 0.018 0.017 0.214 0.042 0.097 0.101 0.052 0.061 0.017 0.029 0.092 0.136 1 0.009 0.116 0.06 0.069 0.002 0.069 0.007 0 0.005 0.088 0.054 0.063 0.042 0.011 0.041 0.034 0.079 0.073 0.082 0.002 0.01 0.005 0.007 0.07 0.009 0.005 0 0.071 0.012
0.012 0.014 0.014 0.003 0.002 0.049 0.002 0.002 0.001 0.001 0.033 0.018 0.018 0 0.003 0 0.001 0 0.023 0.09 0.004 0 0.004 0.024 0.008 0.001 0.001 0.081 0.018 0.017 0.008 0.004 0.123 0.005 0.004 0.004 0.001 0.001 0 0.004 0.004 0.001 0.001 0.011 0.001 0.009 1 0.007 0.004 0.005 0.791 0.006 0 0.001 0.001 0.007 0.005 0.001 0.001 0 0.002 0.001 0.007 0.001 0.007 0.001 0 0.001 0 0.005 0 0 0.601 0.029 0.001
0.012 0.012 0.019 0.005 0.002 0.019 0.002 0 0.003 0.151 0.011 0.002 0.001 0 0.001 0.014 0.178 0.009 0 0.004 0.521 0.077 0.112 0.001 0.039 0.012 0.192 0.014 0.003 0.004 0.023 0.065 0.024 0.051 0.075 0.076 0.006 0.065 0.292 0.593 0.648 0.011 0.157 0.227 0.199 0.116 0.007 1 0.645 0.711 0.008 0.775 0.055 0.093 0.062 0.877 0.67 0.018 0.013 0.048 0.277 0.027 0.865 0.02 0.887 0.043 0.008 0.163 0.005 0.685 0.055 0.008 0.011 0.028 0.096
0.008 0.005 0.006 0.053 0.031 0.011 0.024 0.018 0.005 0.213 0.007 0.041 0.05 0 0.027 0.009 0.278 0.006 0.064 0.017 0.778 0.041 0.273 0.085 0.16 0.006 0.299 0.019 0.006 0.005 0.162 0.214 0.006 0.061 0.053 0.251 0.003 0.055 0.247 0.919 0.754 0.007 0.014 0.205 0.128 0.06 0.004 0.645 1 0.832 0.005 0.7 0.005 0.145 0.101 0.596 0.752 0.011 0.009 0.003 0.348 0.018 0.622 0.013 0.624 0.074 0.005 0.201 0.003 0.633 0.005 0.005 0.007 0.018 0.155
0 0 0 0.029 0.008 0.013 0 0.001 0.009 0.167 0.008 0.014 0.02 0 0 0.011 0.235 0.007 0.025 0.02 0.642 0.042 0.211 0.038 0.102 0.008 0.253 0.023 0.007 0.006 0.104 0.168 0.007 0.066 0.058 0.179 0 0.046 0.171 0.763 0.835 0.008 0.014 0.219 0.151 0.069 0.005 0.711 0.832 1 0.006 0.76 0.007 0.123 0.096 0.674 0.634 0.006 0.01 0.004 0.298 0.022 0.699 0.008 0.699 0.061 0.006 0.169 0.004 0.694 0.072 0.006 0.008 0.021 0.14
0.007 0.009 0.009 0.001 0.002 0.036 0.003 0.002 0.001 0.001 0.025 0.012 0.011 0.001 0.003 0 0.002 0.001 0.016 0.067 0.005 0.001 0.001 0.017 0.003 0.001 0.002 0.06 0.014 0.012 0.003 0.001 0.095 0.006 0.005 0.001 0.001 0 0 0.005 0.005 0.001 0.001 0.014 0.002 0.002 0.791 0.008 0.005 0.006 1 0.007 0.001 0.001 0.001 0.008 0.006 0.001 0.001 0 0.002 0.002 0.008 0.001 0.009 0.001 0 0.001 0 0.007 0 0 0.677 0.038 0.001
0.002 0.002 0.005 0.013 0.002 0 0.003 0 0.002 0.154 0.009 0.002 0.004 0.001 0.001 0.012 0.199 0.008 0.006 0.004 0.54 0.059 0.141 0.012 0.066 0.01 0.214 0.006 0.006 0.004 0.064 0.124 0 0.038 0.068 0.136 0.006 0.056 0.21 0.646 0.676 0.01 0.016 0.224 0.175 0.069 0.006 0.775 0.7 0.76 0.007 1 0.008 0.085 0.102 0.816 0.844 0.016 0.012 0.005 0.305 0.023 0.818 0.017 0.85 0.111 0.007 0.162 0.005 0.853 0.039 0.007 0.009 0.025 0.154
0.002 0.003 0.003 0 0.005 0.065 0.004 0.003 0.002 0.001 0.001 0.012 0.019 0.001 0.004 0.001 0.002 0.001 0.002 0.041 0 0.003 0.004 0.005 0 0.001 0.002 0.159 0.032 0.029 0.025 0.019 0.217 0.007 0.002 0.015 0.001 0.002 0.025 0.005 0.005 0.001 0.359 0 0.014 0.007 0 0.055 0.005 0.007 0.001 0.008 1 0.001 0 0.055 0.007 0 0.001 0.641 0.003 0.002 0.049 0 0.039 0.001 0.001 0.002 0 0.007 0.001 0.001 0.001 0.002 0.001
0.041 0.048 0.047 0.021 0.007 0.002 0.005 0.004 0.002 0 0.001 0.01 0.01 0.001 0.005 0.001 0.002 0.001 0.013 0.003 0.134 0.011 0.037 0.012 0.023 0.002 0.002 0.003 0.001 0.001 0.023 0.031 0.001 0.009 0.008 0.036 0.001 0.008 0.045 0.158 0.109 0.001 0.002 0.036 0.018 0 0.001 0.093 0.145 0.123 0.001 0.085 0.001 1 0.001 0.092 0.092 0.002 0.001 0.001 0.004 0.003 0.092 0.002 0.091 0.001 0.001 0.288 0.001 0.037 0.001 0.001 0.001 0.003 0.001
0.015 0.012 0.013 0.024 0.008 0 0.005 0.004 0.002 0.378 0.001 0.014 0.014 0.001 0.006 0.001 0.001 0.001 0.016 0.003 0.095 0.005 0.033 0.015 0.026 0.002 0.001 0.004 0.001 0.001 0.023 0.03 0.001 0.007 0.006 0.035 0.001 0.009 0.033 0.111 0.101 0.001 0.002 0.031 0.021 0.005 0.001 0.062 0.101 0.096 0.001 0.102 0 0.001 1 0.09 0.117 0.002 0.001 0.001 0.004 0.003 0.08 0.002 0.087 0.239 0.001 0.001 0.001 0.074 0.001 0.001 0.001 0.003 0.588
0.007 0.007 0.012 0.008 0.003 0.007 0.002 0 0.003 0.15 0.011 0 0 0 0.001 0.014 0.145 0.009 0.002 0 0.478 0.068 0.107 0.005 0.052 0.012 0.155 0.004 0 0 0.031 0.076 0.019 0.046 0.069 0.088 0.006 0.065 0.238 0.544 0.597 0.01 0.108 0.225 0.197 0.088 0.007 0.877 0.596 0.674 0.008 0.816 0.055 0.092 0.09 1 0.716 0.018 0.013 0.048 0.247 0.026 0.921 0.02 0.937 0.098 0.008 0.162 0.005 0.728 0.059 0.008 0.011 0.028 0.136
0 0 0 0.027 0.011 0 0.03 0.023 0.007 0.177 0.008 0.01 0.014 0.001 0.006 0.011 0.198 0.007 0.021 0.002 0.571 0.047 0.171 0.032 0.096 0.008 0.211 0.004 0.005 0.003 0.095 0.139 0 0.03 0.059 0.173 0.004 0.066 0.25 0.686 0.582 0.008 0.021 0.226 0.153 0.054 0.005 0.67 0.752 0.634 0.006 0.844 0.007 0.092 0.117 0.716 1 0.014 0.01 0.004 0.335 0.02 0.71 0.015 0.752 0.127 0.006 0.18 0.004 0.77 0.006 0.006 0.008 0.022 0.176
0.008 0.006 0.006 0.021 0.007 0.003 0.004 0.002 0.003 0.003 0.006 0.008 0.009 0 0.004 0.002 0.003 0.001 0.003 0 0.01 0.042 0.008 0.006 0.017 0.003 0.004 0 0.001 0.001 0.021 0.025 0.001 0.009 0.008 0.031 0.255 0.001 0.029 0.011 0.011 0 0.003 0.021 0.012 0.063 0.001 0.018 0.011 0.006 0.001 0.016 0 0.002 0.002 0.018 0.014 1 0.002 0.001 0.005 0.004 0.018 0.897 0.018 0.002 0.001 0.003 0.001 0.014 0.001 0.001 0.001 0.091 0.002
0.015 0.015 0.014 0.029 0.005 0.002 0.004 0.004 0.002 0.002 0.001 0.006 0.004 0.001 0.005 0.001 0.003 0.001 0.012 0.003 0.008 0.003 0.013 0.011 0.021 0.255 0.003 0.003 0.001 0.001 0.025 0.032 0.001 0.009 0.008 0.003 0.001 0.008 0.02 0.008 0.009 0.001 0.002 0.009 0.019 0.042 0.001 0.013 0.009 0.01 0.001 0.012 0.001 0.001 0.001 0.013 0.01 0.002 1 0.001 0.004 0.003 0.013 0.002 0.014 0.001 0.001 0.002 0.001 0.01 0.001 0.001 0.001 0.003 0.002
0.002 0.004 0.003 0 0.004 0.059 0.003 0.002 0.001 0.001 0.001 0.02 0.03 0 0.003 0.001 0.002 0.001 0.005 0.037 0 0.007 0.006 0.009 0.002 0.001 0.002 0.134 0.041 0.038 0.031 0.02 0.246 0.006 0.001 0.017 0 0.005 0.022 0.003 0.003 0.001 0.289 0 0.012 0.011 0 0.048 0.003 0.004 0 0.005 0.641 0.001 0.001 0.048 0.004 0.001 0.001 1 0 0.002 0.042 0.001 0.032 0.001 0 0 0 0.004 0 0 0.001 0.002 0.001
0.01 0.012 0.009 0.033 0.005 0.002 0.008 0.006 0.007 0.004 0.003 0.001 0.001 0.006 0.001 0.004 0.578 0.003 0.012 0.005 0.255 0.015 0.089 0.017 0.044 0.001 0.624 0.006 0.002 0 0.045 0.062 0 0.014 0.025 0.077 0 0.026 0.091 0.286 0.256 0.003 0.001 0.078 0.06 0.041 0.002 0.277 0.348 0.298 0.002 0.305 0.003 0.004 0.004 0.247 0.335 0.005 0.004 0 1 0.009 0.277 0.006 0.277 0.004 0.003 0.002 0.002 0.328 0.002 0.002 0.003 0.008 0.002
0.011 0.029 0.03 0.076 0.013 0.003 0.009 0.008 0.004 0.005 0.002 0.021 0.029 0.002 0.009 0.003 0.005 0.002 0.026 0.005 0.016 0.019 0.046 0.024 0.017 0.111 0.006 0.006 0.002 0.002 0.017 0.009 0.001 0.017 0.016 0.062 0.001 0.299 0.05 0.017 0.018 0.002 0.003 0.048 0.139 0.034 0.001 0.027 0.018 0.022 0.002 0.023 0.002 0.003 0.003 0.026 0.02 0.004 0.003 0.002 0.009 1 0.029 0.004 0.027 0.003 0.002 0.005 0.001 0.021 0.002 0.002 0.002 0 0.004
0.004 0.005 0.008 0.012 0.004 0.004 0.002 0 0.003 0.141 0.011 0 0 0 0.001 0.014 0.177 0.009 0.005 0 0.534 0.063 0.112 0.008 0.062 0.012 0.191 0.002 0 0 0.039 0.09 0.013 0.051 0.072 0.103 0.007 0.066 0.232 0.574 0.627 0.011 0.083 0.213 0.2 0.079 0.007 0.865 0.622 0.699 0.008 0.818 0.049 0.092 0.08 0.921 0.71 0.018 0.013 0.042 0.277 0.029 1 0.02 0.95 0.097 0.008 0.162 0.005 0.722 0.054 0.008 0.011 0.02 0.125
0.01 0.008 0.008 0.025 0.008 0.003 0.004 0.003 0.003 0.003 0.005 0.011 0.011 0 0.005 0.002 0.004 0.001 0.005 0 0.011 0.055 0.012 0.008 0.02 0.003 0.004 0 0.002 0.002 0.025 0.03 0.001 0.004 0.009 0.037 0.262 0.002 0.033 0.012 0.013 0 0.003 0.024 0.015 0.073 0.001 0.02 0.013 0.008 0.001 0.017 0 0.002 0.002 0.02 0.015 0.897 0.002 0.001 0.006 0.004 0.02 1 0.02 0.002 0.001 0.003 0.001 0.016 0.001 0.001 0.002 0.12 0.003
0.005 0.005 0.009 0.012 0.003 0.005 0.003 0 0.003 0.147 0.011 0 0 0 0.001 0.014 0.173 0.009 0.004 0 0.529 0.063 0.111 0.007 0.06 0.012 0.183 0.002 0.002 0.001 0.037 0.088 0.023 0.05 0.074 0.101 0.006 0.067 0.238 0.573 0.624 0.011 0.096 0.219 0.204 0.082 0.007 0.887 0.624 0.699 0.009 0.85 0.039 0.091 0.087 0.937 0.752 0.018 0.014 0.032 0.277 0.027 0.95 0.02 1 0.095 0.009 0.158 0.005 0.76 0.053 0.008 0.011 0.02 0.132
0.007 0.006 0.006 0.017 0.007 0 0.005 0.004 0.002 0.141 0.001 0.013 0.013 0.001 0.005 0.001 0.001 0.001 0.015 0.003 0.066 0.004 0.021 0.014 0.024 0.002 0.001 0.003 0.001 0.001 0.025 0.027 0.001 0.006 0.005 0.032 0.001 0.008 0.016 0.082 0.05 0.001 0.002 0.012 0.019 0.002 0.001 0.043 0.074 0.061 0.001 0.111 0.001 0.001 0.239 0.098 0.127 0.002 0.001 0.001 0.004 0.003 0.097 0.002 0.095 1 0.001 0.002 0.001 0.081 0.001 0.001 0.001 0.003 0.391
0.001 0.002 0.002 0.021 0.003 0.001 0.002 0.001 0 0.001 0.009 0.003 0.003 0.001 0.002 0.001 0.002 0.001 0.002 0.001 0.005 0.005 0.012 0.001 0.026 0.001 0.002 0.001 0.001 0.001 0.026 0.019 0.001 0.006 0.005 0.018 0.001 0.088 0.017 0.005 0.005 0.001 0.001 0.014 0.037 0.01 0 0.008 0.005 0.006 0 0.007 0.001 0.001 0.001 0.008 0.006 0.001 0.001 0 0.003 0.002 0.008 0.001 0.009 0.001 1 0.001 0 0.007 0 0 0.001 0.002 0.001
0.023 0.018 0.028 0.005 0.001 0.001 0.008 0.007 0.001 0.028 0.002 0.005 0.01 0.001 0.002 0.002 0.003 0.001 0.003 0.002 0.136 0.012 0.038 0.009 0.024 0.003 0.003 0.002 0 0 0.024 0.037 0.002 0.007 0.013 0.044 0.002 0.014 0.066 0.191 0.142 0.002 0.001 0.045 0.032 0.005 0.001 0.163 0.201 0.169 0.001 0.162 0.002 0.288 0.001 0.162 0.18 0.003 0.002 0 0.002 0.005 0.162 0.003 0.158 0.002 0.001 1 0.001 0.137 0.001 0.001 0.002 0.005 0
0.006 0.006 0.006 0.016 0.003 0.001 0.002 0.002 0.001 0.001 0 0.007 0.002 0 0.002 0.001 0.001 0 0.006 0.001 0.003 0.005 0.01 0.005 0.02 0.001 0.001 0.001 0 0 0.02 0.016 0 0.004 0.003 0.013 0 0.062 0.011 0.003 0.003 0 0.001 0.004 0.027 0.007 0 0.005 0.003 0.004 0 0.005 0 0.001 0.001 0.005 0.004 0.001 0.001 0 0.002 0.001 0.005 0.001 0.005 0.001 0 0.001 1 0.004 0 0 0 0.001 0.001
0 0 0.001 0.02 0.001 0.001 0.001 0 0.002 0.132 0.008 0.001 0.003 0.001 0.003 0.011 0.223 0.007 0.007 0.008 0.477 0.051 0.126 0.012 0.063 0.008 0.241 0.01 0.005 0.003 0.061 0.118 0 0.031 0.06 0.127 0.004 0.048 0.179 0.582 0.644 0.009 0.009 0.213 0.156 0.07 0.005 0.685 0.633 0.694 0.007 0.853 0.007 0.037 0.074 0.728 0.77 0.014 0.01 0.004 0.328 0.021 0.722 0.016 0.76 0.081 0.007 0.137 0.004 1 0.042 0.006 0.008 0.022 0.129
0.038 0.044 0.043 0.021 0.04 0.001 0.15 0.184 0.171 0.001 0.001 0.044 0.043 0 0.134 0.001 0.002 0.001 0.049 0.002 0.005 0.005 0.012 0.052 0.027 0.001 0.002 0.002 0.001 0.001 0.027 0.005 0.001 0.004 0.004 0.02 0 0.002 0.014 0.005 0.07 0 0.001 0.015 0.012 0.009 0 0.055 0.005 0.072 0 0.039 0.001 0.001 0.001 0.059 0.006 0.001 0.001 0 0.002 0.002 0.054 0.001 0.053 0.001 0 0.001 0 0.042 1 0 0.001 0.001 0.001
0 0 0 0.002 0.003 0.001 0.008 0.005 0.001 0.001 0.001 0 0 0 0.003 0.001 0.002 0.147 0 0.002 0.005 0.01 0.001 0 0.001 0.001 0.002 0.002 0.001 0.001 0 0.015 0.001 0.062 0.073 0.012 0.001 0.005 0.018 0.005 0.005 0.001 0.001 0.023 0.027 0.005 0 0.008 0.005 0.006 0 0.007 0.001 0.001 0.001 0.008 0.006 0.001 0.001 0 0.002 0.002 0.008 0.001 0.008 0.001 0 0.001 0 0.006 0 1 0.001 0.002 0.001
0.004 0.006 0.006 0 0.003 0.037 0.004 0.003 0.002 0.002 0.018 0.008 0.008 0 0.004 0 0.002 0.001 0.011 0.061 0.006 0.006 0 0.012 0.001 0.002 0.002 0.054 0.021 0.019 0 0 0.072 0.007 0.006 0 0.001 0 0.002 0.006 0.007 0.001 0.002 0.018 0.005 0 0.601 0.011 0.007 0.008 0.677 0.009 0.001 0.001 0.001 0.011 0.008 0.001 0.001 0.001 0.003 0.002 0.011 0.002 0.011 0.001 0.001 0.002 0 0.008 0.001 0.001 1 0.071 0.001
0.004 0.003 0.003 0.014 0.012 0.009 0.01 0.008 0.004 0.005 0.003 0.001 0.001 0 0.01 0.002 0.005 0.001 0 0.015 0.009 0.046 0.004 0.001 0.004 0.004 0.006 0.012 0.016 0.014 0.016 0.019 0 0.005 0.01 0.026 0.016 0.001 0.036 0.017 0.018 0 0.004 0.042 0.009 0.071 0.029 0.028 0.018 0.021 0.038 0.025 0.002 0.003 0.003 0.028 0.022 0.091 0.003 0.002 0.008 0 0.02 0.12 0.02 0.003 0.002 0.005 0.001 0.022 0.001 0.002 0.071 1 0.004
0.007 0.005 0.005 0.017 0.01 0 0.007 0.005 0.003 0.303 0.001 0.019 0.02 0 0.008 0.002 0.002 0.001 0.02 0.004 0.15 0.007 0.052 0.019 0.035 0.003 0.002 0.005 0.001 0.002 0.032 0.041 0.001 0.01 0.008 0.049 0.002 0.012 0.041 0.166 0.121 0.002 0.003 0.049 0.027 0.012 0.001 0.096 0.155 0.14 0.001 0.154 0.001 0.001 0.588 0.136 0.176 0.002 0.002 0.001 0.002 0.004 0.125 0.003 0.132 0.391 0.001 0 0.001 0.129 0.001 0.001 0.001 0.004 1
