1 0.812 0.837 0.499 0.384 0.117 0.228 0.207 0.129 0.03 0.041 0.495 0.471 0.005 0.198 0.054 0.047 0.013 0.537 0.137 0.009 0.122 0.122 0.563 0.333 0.006 0.048 0.147 0.05 0.05 0.307 0.195 0.039 0.068 0.046 0.18 0.022 0.004 0.062 0.012 0.001 0.007 0.081 0.023 0.019 0.088 0.005 0.007 0.014 0.005 0.005 0 0.032 0.019 0.003 0.004 0.007 0.019 0.004 0.033 0.025 0.009 0.002 0.022 0.002 0.001 0 0.023 0.002 0 0.009 0.01 0.005 0.006 0
0.812 1 0.928 0.452 0.41 0.139 0.27 0.245 0.152 0.025 0.049 0.586 0.522 0.004 0.207 0.064 0.04 0.011 0.597 0.164 0.004 0.119 0.107 0.623 0.293 0.017 0.041 0.174 0.059 0.06 0.275 0.159 0.047 0.066 0.055 0.14 0.019 0.027 0.078 0.007 0 0.017 0.069 0.03 0.005 0.069 0.008 0.01 0.008 0.002 0.007 0 0.04 0.025 0.001 0.007 0.005 0.015 0.007 0.04 0.021 0.023 0.006 0.017 0.004 0 0.014 0.02 0.006 0 0.011 0.009 0.008 0.004 0
0.837 0.928 1 0.491 0.458 0.138 0.27 0.244 0.152 0.025 0.049 0.604 0.538 0.004 0.238 0.064 0.04 0.011 0.646 0.163 0.004 0.114 0.103 0.674 0.332 0.017 0.041 0.174 0.059 0.059 0.304 0.181 0.047 0.08 0.054 0.16 0.019 0.025 0.09 0.007 0 0.017 0.097 0.038 0.006 0.075 0.008 0.016 0.008 0.002 0.007 0.001 0.04 0.025 0.001 0.012 0.002 0.015 0.003 0.04 0.017 0.023 0.01 0.017 0.008 0 0.014 0.03 0.006 0 0.011 0.009 0.008 0.004 0
0.499 0.452 0.491 1 0.255 0.055 0.143 0.128 0.08 0.048 0.025 0.289 0.28 0.009 0.136 0.035 0.076 0.021 0.326 0.065 0.038 0.238 0.302 0.349 0.637 0.001 0.075 0.072 0.032 0.031 0.612 0.388 0.013 0.014 0.006 0.442 0.034 0.219 0 0.049 0.025 0.033 0.047 0.003 0.199 0.182 0.002 0.005 0.055 0.034 0.002 0.018 0.017 0.008 0.003 0.005 0.037 0.035 0.008 0.02 0.047 0.043 0.006 0.041 0.008 0.002 0.022 0.006 0.016 0.022 0.003 0.014 0 0.013 0.003
0.384 0.41 0.458 0.255 1 0.015 0.421 0.424 0.252 0.013 0.005 0.457 0.403 0.006 0.443 0.121 0.021 0.006 0.497 0.022 0.027 0.076 0.123 0.52 0.278 0.009 0.022 0.02 0.007 0.007 0.242 0.177 0.006 0.201 0.145 0.157 0.01 0.034 0.035 0.029 0.005 0.01 0.003 0.059 0.033 0.059 0.004 0.003 0.031 0.009 0.002 0.001 0.008 0.008 0 0.005 0.019 0.014 0.001 0.008 0.011 0.012 0.005 0.016 0.005 0 0.007 0.004 0.003 0.001 0.017 0.004 0.004 0.008 0
0.117 0.139 0.138 0.055 0.015 1 0.008 0.007 0.004 0.004 0.001 0.138 0.125 0.002 0.009 0.002 0.006 0.002 0.132 0.627 0.013 0.009 0.027 0.127 0.066 0.002 0.005 0.607 0.43 0.436 0.056 0.025 0.329 0.017 0.015 0.021 0.003 0.012 0.029 0.012 0.013 0.003 0.306 0.016 0.034 0.005 0.041 0.026 0.012 0.016 0.034 0.004 0.316 0.002 0 0.026 0.003 0.004 0.001 0.319 0.003 0.003 0.019 0.004 0.014 0 0.002 0 0.001 0.004 0.001 0.001 0.055 0 0
0.228 0.27 0.27 0.143 0.421 0.008 1 0.894 0.557 0.007 0.003 0.204 0.183 0.003 0.644 0.004 0.011 0.003 0.225 0.011 0.007 0.037 0.05 0.235 0.124 0.005 0.011 0.01 0.003 0.004 0.124 0.083 0.003 0.177 0.194 0.08 0.005 0.018 0.05 0.009 0.003 0.005 0.007 0.091 0.066 0.041 0.002 0 0.01 0.001 0.003 0 0.004 0.004 0.003 0 0.016 0.006 0.002 0.004 0.019 0.006 0 0.007 0 0.004 0.004 0.006 0.002 0 0.058 0.002 0.004 0.006 0.006
0.207 0.245 0.244 0.128 0.424 0.007 0.894 1 0.623 0.006 0.002 0.18 0.161 0.003 0.564 0.003 0.01 0.003 0.197 0.01 0.005 0.033 0.042 0.207 0.106 0.004 0.01 0.009 0.003 0.003 0.106 0.07 0.003 0.141 0.155 0.068 0.005 0.017 0.04 0.007 0.005 0.005 0.006 0.077 0.049 0.041 0.002 0 0.007 0.003 0.002 0.001 0.003 0.004 0.005 0 0.013 0.006 0.002 0.003 0.017 0.005 0 0.006 0 0.005 0.003 0.006 0.002 0.001 0.066 0.001 0.004 0.005 0.008
0.129 0.152 0.152 0.08 0.252 0.004 0.557 0.623 1 0.004 0.002 0.152 0.138 0.002 0.474 0.002 0.006 0.002 0.164 0.006 0.015 0.02 0.046 0.171 0.094 0.003 0.006 0.006 0.002 0.002 0.097 0.066 0.002 0.096 0.102 0.067 0.003 0.009 0.015 0.017 0.002 0.003 0.004 0.046 0.036 0.032 0.001 0 0.017 0.001 0.001 0 0.002 0.002 0.004 0 0.022 0.004 0.001 0.002 0.011 0.004 0 0.004 0 0.004 0.002 0.003 0.001 0 0.097 0.002 0.002 0.003 0.003
0.03 0.025 0.025 0.048 0.013 0.004 0.007 0.006 0.004 1 0.001 0.006 0.006 0.001 0.008 0.002 0.005 0.001 0.007 0.005 0.193 0.018 0.055 0.022 0.039 0.002 0.005 0.005 0.002 0.002 0.034 0.046 0 0.015 0.013 0.05 0.002 0.011 0.064 0.162 0.126 0.002 0.001 0.026 0.028 0.001 0.001 0.098 0.149 0.111 0.001 0.1 0 0.034 0.187 0.08 0.114 0.002 0.001 0 0 0.003 0.077 0.003 0.091 0.045 0.002 0.044 0.001 0.087 0.001 0.001 0.002 0.003 0.102
0.041 0.049 0.049 0.025 0.005 0.001 0.003 0.002 0.002 0.001 1 0.048 0.044 0.001 0.003 0.001 0.002 0.001 0.054 0.231 0.005 0.007 0.015 0.056 0.031 0.001 0.002 0.255 0.001 0.001 0.032 0.025 0.001 0.006 0.005 0.022 0.001 0.106 0.019 0.005 0.006 0.001 0.001 0.015 0.038 0.01 0.026 0.009 0.006 0.007 0.022 0.008 0.001 0.001 0.001 0.009 0.007 0.007 0 0.001 0.003 0.001 0.009 0.006 0.009 0.001 0.001 0.001 0 0.007 0 0 0.015 0.008 0.001
0.495 0.586 0.604 0.289 0.457 0.138 0.204 0.18 0.152 0.006 0.048 1 0.891 0.004 0.27 0.067 0.032 0 0.735 0.163 0.063 0.069 0.162 0.765 0.381 0.016 0.033 0.178 0.059 0.062 0.34 0.271 0.051 0.128 0.097 0.246 0.019 0.018 0.052 0.065 0.032 0.006 0.101 0.015 0.019 0.053 0.01 0.001 0.069 0.04 0.009 0.015 0.043 0.002 0.016 0 0.043 0.011 0.002 0.055 0.016 0.021 0.002 0.013 0.004 0.015 0.014 0 0.006 0.014 0.036 0.001 0.009 0.001 0.012
0.471 0.522 0.538 0.28 0.403 0.125 0.183 0.161 0.138 0.006 0.044 0.891 1 0.004 0.244 0.06 0.036 0 0.701 0.178 0.068 0.072 0.172 0.732 0.387 0.007 0.037 0.161 0.053 0.057 0.327 0.268 0.053 0.123 0.094 0.244 0.021 0.013 0.04 0.078 0.042 0.003 0.098 0.01 0.022 0.039 0.008 0.003 0.083 0.052 0.008 0.023 0.044 0.003 0.019 0.002 0.056 0.013 0 0.056 0.02 0.024 0.006 0.015 0.008 0.017 0.003 0.001 0.006 0.022 0.034 0.001 0.008 0.001 0.014
0.005 0.004 0.004 0.009 0.006 0.002 0.003 0.003 0.002 0.001 0.001 0.004 0.004 1 0.003 0.001 0.001 0.001 0.01 0.002 0 0.046 0.033 0.009 0.011 0.001 0.001 0.002 0.001 0.001 0.015 0.019 0.001 0.006 0.006 0.021 0.011 0.004 0.001 0 0.001 0.001 0.001 0.007 0.011 0.026 0 0.002 0 0.001 0.001 0 0.001 0.001 0.003 0 0 0.006 0 0.001 0 0.001 0 0.005 0 0.003 0 0.001 0 0 0 0.001 0.001 0.008 0.004
0.198 0.207 0.238 0.136 0.443 0.009 0.644 0.564 0.474 0.008 0.003 0.27 0.244 0.003 1 0.004 0.013 0.003 0.348 0.013 0.031 0.045 0.095 0.363 0.201 0.005 0.013 0.012 0.004 0.004 0.194 0.139 0.004 0.265 0.18 0.134 0.006 0.013 0.057 0.03 0.001 0.006 0.014 0.096 0.068 0.038 0.003 0 0.032 0.003 0.003 0.001 0.005 0.005 0.008 0 0.013 0.008 0.002 0.005 0.001 0.007 0 0.008 0 0.007 0.004 0.002 0.002 0.001 0.049 0.003 0.005 0.007 0.006
0.054 0.064 0.064 0.035 0.121 0.002 0.004 0.003 0.002 0.002 0.001 0.067 0.06 0.001 0.004 1 0.003 0.001 0.074 0.003 0.007 0.01 0.02 0.077 0.043 0.001 0.003 0.003 0.001 0.001 0.044 0.034 0.001 0.008 0.007 0.031 0.001 0.006 0.026 0.007 0.008 0.001 0.002 0.021 0.015 0.006 0 0.012 0.007 0.01 0 0.011 0.001 0.001 0.002 0.012 0.01 0.002 0.001 0.001 0.005 0.002 0.012 0.002 0.013 0.002 0.001 0.002 0 0.01 0.001 0.001 0.001 0.002 0.001
0.047 0.04 0.04 0.076 0.021 0.006 0.011 0.01 0.006 0.005 0.002 0.032 0.036 0.001 0.013 0.003 1 0.002 0.036 0.008 0.4 0.026 0.131 0.034 0.062 0.003 0.948 0.008 0.002 0.002 0.06 0.074 0.002 0.021 0.019 0.083 0.004 0.017 0.101 0.357 0.321 0.002 0.005 0.088 0.045 0.043 0.002 0.22 0.269 0.272 0.002 0.238 0.003 0.003 0 0.171 0.258 0.006 0.001 0.003 0.489 0.004 0.209 0.006 0.205 0 0.003 0.004 0.001 0.242 0.002 0.002 0.003 0.003 0
0.013 0.011 0.011 0.021 0.006 0.002 0.003 0.003 0.002 0.001 0.001 0 0 0.001 0.003 0.001 0.002 1 0.01 0.002 0.005 0.077 0.036 0.009 0.017 0.001 0.002 0.002 0.001 0.001 0.017 0.027 0.001 0.091 0.102 0.025 0.001 0.005 0.023 0.005 0.006 0.001 0.001 0.029 0.038 0.012 0.001 0.009 0.006 0.007 0.001 0.008 0.001 0.001 0.001 0.01 0.007 0.002 0 0.001 0.003 0.001 0.009 0.002 0.01 0.001 0.001 0.001 0 0.008 0 0.632 0.001 0.001 0.001
0.537 0.597 0.646 0.326 0.497 0.132 0.225 0.197 0.164 0.007 0.054 0.735 0.701 0.01 0.348 0.074 0.036 0.01 1 0.218 0.063 0.122 0.229 0.948 0.509 0.015 0.033 0.186 0.065 0.066 0.416 0.272 0.046 0.113 0.081 0.247 0.017 0.015 0.046 0.064 0.027 0.017 0.102 0.015 0.022 0.081 0.011 0 0.068 0.037 0.011 0.016 0.04 0.014 0.022 0.003 0.046 0.014 0.003 0.052 0.009 0.021 0.003 0.015 0.005 0.021 0.013 0.002 0.006 0.015 0.013 0.008 0.012 0.003 0.018
0.137 0.164 0.163 0.065 0.022 0.627 0.011 0.01 0.006 0.005 0.231 0.163 0.178 0.002 0.013 0.003 0.008 0.002 0.218 1 0.019 0.024 0.054 0.215 0.118 0.003 0.008 0.859 0.302 0.306 0.084 0.044 0.229 0.024 0.021 0.037 0.004 0.005 0.005 0.018 0.02 0.004 0.208 0.031 0.003 0.011 0.064 0.007 0.019 0.024 0.052 0.016 0.219 0.003 0.005 0.004 0.013 0 0.001 0.221 0.007 0.005 0.002 0 0.001 0.005 0.003 0 0.001 0.017 0.002 0.002 0.068 0.003 0.004
0.009 0.004 0.004 0.038 0.027 0.013 0.007 0.005 0.015 0.193 0.005 0.063 0.068 0 0.031 0.007 0.4 0.005 0.063 0.019 1 0.061 0.309 0.084 0.15 0.008 0.414 0.018 0.006 0.006 0.142 0.183 0.003 0.056 0.05 0.202 0.009 0.042 0.235 0.843 0.722 0.008 0.008 0.177 0.112 0.038 0.004 0.525 0.717 0.627 0.005 0.537 0.004 0.152 0.075 0.421 0.607 0.012 0.004 0.004 0.277 0.011 0.49 0.013 0.502 0.055 0.007 0.131 0.003 0.516 0.004 0.005 0.007 0.006 0.101
0.122 0.119 0.114 0.238 0.076 0.009 0.037 0.033 0.02 0.018 0.007 0.069 0.072 0.046 0.045 0.01 0.026 0.077 0.122 0.024 0.061 1 0.326 0.124 0.205 0.012 0.027 0.027 0.009 0.009 0.172 0.024 0.009 0.031 0.035 0.034 0.079 0.054 0.017 0.07 0.079 0.119 0.017 0.008 0.003 0.13 0 0.072 0.036 0.047 0 0.058 0.005 0.011 0.006 0.055 0.046 0.09 0.002 0.011 0.02 0.011 0.065 0.106 0.064 0.006 0.003 0.012 0.003 0.05 0.001 0.045 0.007 0.037 0.003
0.122 0.107 0.103 0.302 0.123 0.027 0.05 0.042 0.046 0.055 0.015 0.162 0.172 0.033 0.095 0.02 0.131 0.036 0.229 0.054 0.309 0.326 1 0.261 0.449 0.025 0.135 0.057 0.018 0.019 0.395 0.194 0.014 0 0 0.23 0.01 0.124 0.113 0.306 0.236 0.057 0.032 0.103 0.084 0.012 0.002 0.158 0.315 0.245 0.001 0.183 0.012 0.048 0.023 0.135 0.238 0.008 0.006 0.018 0.122 0.028 0.132 0.012 0.144 0.016 0.01 0.038 0.009 0.186 0.001 0.018 0 0.001 0.044
0.563 0.623 0.674 0.349 0.52 0.127 0.235 0.207 0.171 0.022 0.056 0.765 0.732 0.009 0.363 0.077 0.034 0.009 0.948 0.215 0.084 0.124 0.261 1 0.548 0.015 0.035 0.201 0.068 0.069 0.441 0.302 0.055 0.122 0.088 0.276 0.016 0.013 0.041 0.084 0.039 0.016 0.113 0.012 0.027 0.079 0.012 0.002 0.088 0.051 0.012 0.024 0.047 0.013 0.021 0.004 0.061 0.013 0.002 0.06 0.015 0.02 0.006 0.015 0.008 0.02 0.013 0.005 0.006 0.023 0.014 0.007 0.013 0.002 0.018
0.333 0.293 0.332 0.637 0.278 0.066 0.124 0.106 0.094 0.039 0.031 0.381 0.387 0.011 0.201 0.043 0.062 0.017 0.509 0.118 0.15 0.205 0.449 0.548 1 0.026 0.064 0.11 0.039 0.038 0.856 0.609 0.029 0.037 0.023 0.555 0.029 0.175 0.002 0.15 0.096 0.028 0.06 0.011 0.218 0.184 0.008 0.038 0.157 0.095 0.007 0.075 0.023 0.024 0.025 0.042 0.122 0.028 0.006 0.031 0.043 0.023 0.046 0.032 0.051 0.023 0.019 0.016 0.02 0.082 0.005 0.011 0.002 0.004 0.032
0.006 0.017 0.017 0.001 0.009 0.002 0.005 0.004 0.003 0.002 0.001 0.016 0.007 0.001 0.005 0.001 0.003 0.001 0.015 0.003 0.008 0.012 0.025 0.015 0.026 1 0.003 0.003 0.001 0.001 0.026 0.03 0.001 0.008 0.007 0.003 0.002 0.042 0.031 0.009 0.01 0.001 0.002 0.016 0.007 0.001 0.001 0.012 0.007 0.007 0.001 0.009 0.001 0.001 0.001 0.01 0.007 0.002 0.14 0.001 0.004 0.031 0.01 0.003 0.011 0.001 0.003 0.002 0.001 0.008 0.001 0.001 0.001 0.002 0
0.048 0.041 0.041 0.075 0.022 0.005 0.011 0.01 0.006 0.005 0.002 0.033 0.037 0.001 0.013 0.003 0.948 0.002 0.033 0.008 0.414 0.027 0.135 0.035 0.064 0.003 1 0.008 0.002 0.003 0.062 0.079 0.002 0.024 0.022 0.089 0.004 0.018 0.102 0.372 0.335 0.004 0.005 0.087 0.049 0.042 0.002 0.23 0.283 0.283 0.002 0.249 0.003 0.003 0 0.167 0.264 0.006 0.002 0.003 0.511 0.005 0.219 0.006 0.21 0 0.003 0.005 0.001 0.253 0.002 0.002 0.003 0.005 0
0.147 0.174 0.174 0.072 0.02 0.607 0.01 0.009 0.006 0.005 0.255 0.178 0.161 0.002 0.012 0.003 0.008 0.002 0.186 0.859 0.018 0.027 0.057 0.201 0.11 0.003 0.008 1 0.313 0.317 0.103 0.064 0.282 0.023 0.016 0.056 0.004 0.006 0.011 0.017 0.02 0.004 0.274 0.025 0.003 0.023 0.07 0.015 0.018 0.024 0.058 0.016 0.302 0.003 0.005 0.009 0.013 0 0.001 0.304 0.007 0.005 0.006 0 0.003 0.004 0.003 0 0.001 0.016 0.002 0.002 0.074 0.004 0.004
0.05 0.059 0.059 0.032 0.007 0.43 0.003 0.003 0.002 0.002 0.001 0.059 0.053 0.001 0.004 0.001 0.002 0.001 0.065 0.302 0.006 0.009 0.018 0.068 0.039 0.001 0.002 0.313 1 0.949 0.021 0.015 0.015 0.007 0.007 0.013 0.001 0.005 0.014 0.007 0.007 0.001 0.116 0.018 0.014 0.003 0.006 0.007 0.007 0.008 0.005 0.008 0.159 0.001 0.001 0.005 0.007 0.002 0 0.16 0.003 0.001 0.001 0.002 0 0.001 0.001 0.001 0 0.008 0 0.001 0.032 0 0.001
0.05 0.06 0.059 0.031 0.007 0.436 0.004 0.003 0.002 0.002 0.001 0.062 0.057 0.001 0.004 0.001 0.002 0.001 0.066 0.306 0.006 0.009 0.019 0.069 0.038 0.001 0.003 0.317 0.949 1 0.02 0.016 0.02 0.006 0.006 0.014 0.001 0.006 0.016 0.007 0.008 0.001 0.123 0.019 0.013 0.004 0.006 0.008 0.007 0.009 0.005 0.007 0.153 0.001 0.002 0.005 0.006 0.002 0 0.155 0.002 0.002 0.002 0.002 0 0.001 0.001 0.001 0 0.007 0.001 0.001 0.031 0 0.001
0.307 0.275 0.304 0.612 0.242 0.056 0.124 0.106 0.097 0.034 0.032 0.34 0.327 0.015 0.194 0.044 0.06 0.017 0.416 0.084 0.142 0.172 0.395 0.441 0.856 0.026 0.062 0.103 0.021 0.02 1 0.714 0.04 0.059 0.046 0.655 0.028 0.179 0 0.153 0.098 0.028 0.08 0.003 0.263 0.226 0.009 0.031 0.16 0.097 0.005 0.074 0.039 0.023 0.022 0.034 0.12 0.028 0.011 0.049 0.046 0.024 0.037 0.033 0.042 0.022 0.019 0.015 0.02 0.08 0.006 0.006 0 0.007 0.028
0.195 0.159 0.181 0.388 0.177 0.025 0.083 0.07 0.066 0.046 0.025 0.271 0.268 0.019 0.139 0.034 0.074 0.027 0.272 0.044 0.183 0.024 0.194 0.302 0.609 0.03 0.079 0.064 0.015 0.016 0.714 1 0.023 0.278 0.263 0.885 0.037 0.121 0.023 0.205 0.15 0.041 0.062 0.004 0.441 0.187 0.002 0.071 0.214 0.147 0 0.125 0.029 0.03 0.029 0.063 0.173 0.037 0.015 0.033 0.066 0.015 0.079 0.043 0.086 0.027 0.013 0.026 0.016 0.132 0.012 0.024 0.003 0.004 0.035
0.039 0.047 0.047 0.013 0.006 0.329 0.003 0.003 0.002 0 0.001 0.051 0.053 0.001 0.004 0.001 0.002 0.001 0.046 0.229 0.003 0.009 0.014 0.055 0.029 0.001 0.002 0.282 0.015 0.02 0.04 0.023 1 0.007 0.007 0.028 0.001 0.005 0.031 0.007 0.007 0.001 0.23 0.001 0.015 0.013 0.106 0.024 0.007 0.009 0.09 0.003 0.248 0.001 0.001 0.02 0.002 0.002 0 0.242 0 0.001 0.021 0.002 0.022 0.001 0.001 0.001 0 0.002 0 0.001 0.065 0.002 0.001
0.068 0.066 0.08 0.014 0.201 0.017 0.177 0.141 0.096 0.015 0.006 0.128 0.123 0.006 0.265 0.008 0.021 0.091 0.113 0.024 0.056 0.031 0 0.122 0.037 0.008 0.024 0.023 0.007 0.006 0.059 0.278 0.007 1 0.871 0.253 0.011 0.053 0.268 0.064 0.071 0.145 0.002 0.23 0.297 0.021 0.006 0.056 0.067 0.079 0.006 0.047 0.009 0.009 0.011 0.045 0.044 0.015 0.004 0.009 0.014 0.013 0.057 0.008 0.059 0.01 0.009 0.007 0.004 0.042 0.001 0.073 0.009 0 0.009
0.046 0.055 0.054 0.006 0.145 0.015 0.194 0.155 0.102 0.013 0.005 0.097 0.094 0.006 0.18 0.007 0.019 0.102 0.081 0.021 0.05 0.035 0 0.088 0.023 0.007 0.022 0.016 0.007 0.006 0.046 0.263 0.007 0.871 1 0.242 0.01 0.047 0.254 0.057 0.063 0.165 0.009 0.204 0.351 0.018 0.005 0.086 0.059 0.07 0.006 0.08 0.005 0.008 0.01 0.071 0.071 0.013 0.004 0.004 0.036 0.012 0.086 0.014 0.088 0.009 0.008 0.012 0.003 0.075 0.001 0.082 0.008 0.003 0.007
0.18 0.14 0.16 0.442 0.157 0.021 0.08 0.068 0.067 0.05 0.022 0.246 0.244 0.021 0.134 0.031 0.083 0.025 0.247 0.037 0.202 0.034 0.23 0.276 0.555 0.003 0.089 0.056 0.013 0.014 0.655 0.885 0.028 0.253 0.242 1 0.041 0.198 0.013 0.228 0.164 0.039 0.056 0 0.511 0.218 0.004 0.084 0.238 0.163 0.002 0.141 0.026 0.033 0.033 0.076 0.197 0.041 0.008 0.029 0.078 0.038 0.094 0.047 0.102 0.031 0.019 0.03 0.014 0.148 0.017 0.022 0.002 0.006 0.039
0.022 0.019 0.019 0.034 0.01 0.003 0.005 0.005 0.003 0.002 0.001 0.019 0.021 0.011 0.006 0.001 0.004 0.001 0.017 0.004 0.009 0.079 0.01 0.016 0.029 0.002 0.004 0.004 0.001 0.001 0.028 0.037 0.001 0.011 0.01 0.041 1 0.006 0.022 0.01 0.011 0.002 0.002 0.022 0.02 0.045 0.001 0.013 0.007 0.006 0.001 0.014 0 0.001 0.002 0.014 0.01 0.366 0.001 0.001 0.006 0.001 0.016 0.368 0.014 0.002 0.001 0.002 0.001 0.011 0.001 0.001 0.001 0.023 0.002
0.004 0.027 0.025 0.219 0.034 0.012 0.018 0.017 0.009 0.011 0.106 0.018 0.013 0.004 0.013 0.006 0.017 0.005 0.015 0.005 0.042 0.054 0.124 0.013 0.175 0.042 0.018 0.006 0.005 0.006 0.179 0.121 0.005 0.053 0.047 0.198 0.006 1 0.172 0.048 0.047 0.008 0.011 0.127 0.35 0.078 0.004 0.072 0.05 0.057 0.002 0.066 0.005 0.007 0.011 0.076 0.063 0.003 0.003 0.007 0.03 0.213 0.076 0.004 0.076 0.01 0.119 0.006 0.071 0.062 0.001 0.004 0 0 0.009
0.062 0.078 0.09 0 0.035 0.029 0.05 0.04 0.015 0.064 0.019 0.052 0.04 0.001 0.057 0.026 0.101 0.023 0.046 0.005 0.235 0.017 0.113 0.041 0.002 0.031 0.102 0.011 0.014 0.016 0 0.023 0.031 0.268 0.254 0.013 0.022 0.172 1 0.276 0.207 0.046 0.064 0.49 0.007 0.081 0 0.265 0.214 0.145 0.002 0.161 0.029 0.039 0.027 0.208 0.203 0.035 0.011 0.03 0.112 0.039 0.2 0.039 0.201 0.007 0.028 0.044 0.012 0.16 0.002 0.021 0.006 0.01 0.026
0.012 0.007 0.007 0.049 0.029 0.012 0.009 0.007 0.017 0.162 0.005 0.065 0.078 0 0.03 0.007 0.357 0.005 0.064 0.018 0.843 0.07 0.306 0.084 0.15 0.009 0.372 0.017 0.007 0.007 0.153 0.205 0.007 0.064 0.057 0.228 0.01 0.048 0.276 1 0.863 0.01 0.013 0.221 0.127 0.029 0.005 0.613 0.862 0.748 0.006 0.645 0.008 0.141 0.09 0.501 0.726 0.013 0.004 0.005 0.337 0.013 0.542 0.015 0.567 0.07 0.008 0.142 0.003 0.627 0.004 0.005 0.008 0.012 0.122
0.001 0 0 0.025 0.005 0.013 0.003 0.005 0.002 0.126 0.006 0.032 0.042 0.001 0.001 0.008 0.321 0.006 0.027 0.02 0.722 0.079 0.236 0.039 0.096 0.01 0.335 0.02 0.007 0.008 0.098 0.15 0.007 0.071 0.063 0.164 0.011 0.047 0.207 0.863 1 0.011 0.015 0.224 0.142 0.039 0.006 0.664 0.739 0.831 0.006 0.713 0.009 0.119 0.079 0.548 0.617 0.014 0.004 0.006 0.284 0.014 0.591 0.016 0.614 0.058 0.009 0.12 0.004 0.686 0.017 0.006 0.009 0.013 0.105
0.007 0.017 0.017 0.033 0.01 0.003 0.005 0.005 0.003 0.002 0.001 0.006 0.003 0.001 0.006 0.001 0.002 0.001 0.017 0.004 0.008 0.119 0.057 0.016 0.028 0.001 0.004 0.004 0.001 0.001 0.028 0.041 0.001 0.145 0.165 0.039 0.002 0.008 0.046 0.01 0.011 1 0.002 0.017 0.036 0.031 0.001 0.016 0.01 0.013 0.001 0.015 0.001 0.001 0.002 0.005 0.013 0.001 0.001 0.001 0.006 0.002 0.017 0.001 0.017 0.002 0.001 0.002 0.001 0.014 0.033 0.001 0.001 0.005 0.002
0.081 0.069 0.097 0.047 0.003 0.306 0.007 0.006 0.004 0.001 0.001 0.101 0.098 0.001 0.014 0.002 0.005 0.001 0.102 0.208 0.008 0.017 0.032 0.113 0.06 0.002 0.005 0.274 0.116 0.123 0.08 0.062 0.23 0.002 0.009 0.056 0.002 0.011 0.064 0.013 0.015 0.002 1 0.001 0.03 0.028 0.001 0.143 0.014 0.017 0.001 0.004 0.527 0.002 0.003 0.119 0.003 0.004 0.001 0.487 0.009 0.003 0.103 0.004 0.091 0.003 0.002 0 0.001 0.004 0.001 0.001 0.002 0.003 0.002
0.023 0.03 0.038 0.003 0.059 0.016 0.091 0.077 0.046 0.026 0.015 0.015 0.01 0.007 0.096 0.021 0.088 0.029 0.015 0.031 0.177 0.008 0.103 0.012 0.011 0.016 0.087 0.025 0.018 0.019 0.003 0.004 0.001 0.23 0.204 0 0.022 0.127 0.49 0.221 0.224 0.017 0.001 1 0.01 0.073 0.015 0.23 0.231 0.224 0.017 0.228 0.003 0.044 0.014 0.191 0.224 0.041 0.002 0.002 0.142 0.038 0.187 0.044 0.203 0.007 0.023 0.036 0.008 0.229 0.001 0.026 0.023 0.02 0.038
0.019 0.005 0.006 0.199 0.033 0.034 0.066 0.049 0.036 0.028 0.038 0.019 0.022 0.011 0.068 0.015 0.045 0.038 0.022 0.003 0.112 0.003 0.084 0.027 0.218 0.007 0.049 0.003 0.014 0.013 0.263 0.441 0.015 0.297 0.351 0.511 0.02 0.35 0.007 0.127 0.142 0.036 0.03 0.01 1 0.123 0 0.21 0.136 0.17 0.001 0.194 0.018 0.018 0.029 0.223 0.172 0.018 0.009 0.018 0.083 0.099 0.22 0.021 0.223 0.028 0.04 0.021 0.026 0.182 0.01 0.04 0.008 0.002 0.024
0.088 0.069 0.075 0.182 0.059 0.005 0.041 0.041 0.032 0.001 0.01 0.053 0.039 0.026 0.038 0.006 0.043 0.012 0.081 0.011 0.038 0.13 0.012 0.079 0.184 0.001 0.042 0.023 0.003 0.004 0.226 0.187 0.013 0.021 0.018 0.218 0.045 0.078 0.081 0.029 0.039 0.031 0.028 0.073 0.123 1 0.01 0.082 0.033 0.051 0.005 0.041 0.011 0.002 0.002 0.048 0.03 0.069 0.026 0.017 0.04 0.022 0.053 0.08 0.054 0.001 0.015 0.001 0.007 0.038 0 0.01 0.001 0.02 0.008
0.005 0.008 0.008 0.002 0.004 0.041 0.002 0.002 0.001 0.001 0.026 0.01 0.008 0 0.003 0 0.002 0.001 0.011 0.064 0.004 0 0.002 0.012 0.008 0.001 0.002 0.07 0.006 0.006 0.009 0.002 0.106 0.006 0.005 0.004 0.001 0.004 0 0.005 0.006 0.001 0.001 0.015 0 0.01 1 0.008 0.005 0.007 0.86 0.007 0.001 0.001 0.001 0.009 0.007 0.001 0 0.001 0.003 0.001 0.009 0.001 0.009 0.001 0.008 0.001 0 0.007 0 0 0.475 0.034 0.001
0.007 0.01 0.016 0.005 0.003 0.026 0 0 0 0.098 0.009 0.001 0.003 0.002 0 0.012 0.22 0.009 0 0.007 0.525 0.072 0.158 0.002 0.038 0.012 0.23 0.015 0.007 0.008 0.031 0.071 0.024 0.056 0.086 0.084 0.013 0.072 0.265 0.613 0.664 0.016 0.143 0.23 0.21 0.082 0.008 1 0.646 0.694 0.009 0.738 0.071 0.087 0.048 0.82 0.654 0.024 0.007 0.072 0.369 0.021 0.836 0.026 0.853 0.036 0.012 0.116 0.005 0.72 0.015 0.009 0.012 0.019 0.077
0.014 0.008 0.008 0.055 0.031 0.012 0.01 0.007 0.017 0.149 0.006 0.069 0.083 0 0.032 0.007 0.269 0.006 0.068 0.019 0.717 0.036 0.315 0.088 0.157 0.007 0.283 0.018 0.007 0.007 0.16 0.214 0.007 0.067 0.059 0.238 0.007 0.05 0.214 0.862 0.739 0.01 0.014 0.231 0.136 0.033 0.005 0.646 1 0.788 0.006 0.669 0.009 0.135 0.086 0.531 0.763 0.016 0.004 0.006 0.361 0.013 0.564 0.017 0.598 0.066 0.008 0.149 0.004 0.662 0.004 0.006 0.008 0.013 0.124
0.005 0.002 0.002 0.034 0.009 0.016 0.001 0.003 0.001 0.111 0.007 0.04 0.052 0.001 0.003 0.01 0.272 0.007 0.037 0.024 0.627 0.047 0.245 0.051 0.095 0.007 0.283 0.024 0.008 0.009 0.097 0.147 0.009 0.079 0.07 0.163 0.006 0.057 0.145 0.748 0.831 0.013 0.017 0.224 0.17 0.051 0.007 0.694 0.788 1 0.008 0.789 0.011 0.108 0.097 0.621 0.696 0.015 0.005 0.008 0.334 0.017 0.655 0.017 0.687 0.074 0.01 0.117 0.004 0.735 0.02 0.007 0.01 0.016 0.107
0.005 0.007 0.007 0.002 0.002 0.034 0.003 0.002 0.001 0.001 0.022 0.009 0.008 0.001 0.003 0 0.002 0.001 0.011 0.052 0.005 0 0.001 0.012 0.007 0.001 0.002 0.058 0.005 0.005 0.005 0 0.09 0.006 0.006 0.002 0.001 0.002 0.002 0.006 0.006 0.001 0.001 0.017 0.001 0.005 0.86 0.009 0.006 0.008 1 0.009 0.001 0.001 0.001 0.01 0.008 0.002 0 0.001 0.004 0.001 0.01 0.002 0.01 0.001 0.006 0.001 0 0.008 0 0.001 0.556 0.048 0.001
0 0 0.001 0.018 0.001 0.004 0 0.001 0 0.1 0.008 0.015 0.023 0 0.001 0.011 0.238 0.008 0.016 0.016 0.537 0.058 0.183 0.024 0.075 0.009 0.249 0.016 0.008 0.007 0.074 0.125 0.003 0.047 0.08 0.141 0.014 0.066 0.161 0.645 0.713 0.015 0.004 0.228 0.194 0.041 0.007 0.738 0.669 0.789 0.009 1 0.012 0.08 0.108 0.767 0.856 0.022 0.006 0.009 0.387 0.019 0.815 0.024 0.841 0.144 0.012 0.111 0.005 0.924 0.016 0.008 0.012 0.018 0.126
0.032 0.04 0.04 0.017 0.008 0.316 0.004 0.003 0.002 0 0.001 0.043 0.044 0.001 0.005 0.001 0.003 0.001 0.04 0.219 0.004 0.005 0.012 0.047 0.023 0.001 0.003 0.302 0.159 0.153 0.039 0.029 0.248 0.009 0.005 0.026 0 0.005 0.029 0.008 0.009 0.001 0.527 0.003 0.018 0.011 0.001 0.071 0.009 0.011 0.001 0.012 1 0.001 0.002 0.067 0.011 0.001 0.001 0.792 0.005 0.002 0.052 0.001 0.04 0.002 0.001 0.002 0 0.011 0.001 0.001 0.001 0.002 0.002
0.019 0.025 0.025 0.008 0.008 0.002 0.004 0.004 0.002 0.034 0.001 0.002 0.003 0.001 0.005 0.001 0.003 0.001 0.014 0.003 0.152 0.011 0.048 0.013 0.024 0.001 0.003 0.003 0.001 0.001 0.023 0.03 0.001 0.009 0.008 0.033 0.001 0.007 0.039 0.141 0.119 0.001 0.002 0.044 0.018 0.002 0.001 0.087 0.135 0.108 0.001 0.08 0.001 1 0 0.082 0.105 0.002 0.001 0.001 0 0.002 0.08 0.002 0.082 0.001 0.001 0.308 0 0.071 0.001 0.001 0.001 0.002 0.001
0.003 0.001 0.001 0.003 0 0 0.003 0.005 0.004 0.187 0.001 0.016 0.019 0.003 0.008 0.002 0 0.001 0.022 0.005 0.075 0.006 0.023 0.021 0.025 0.001 0 0.005 0.001 0.002 0.022 0.029 0.001 0.011 0.01 0.033 0.002 0.011 0.027 0.09 0.079 0.002 0.003 0.014 0.029 0.002 0.001 0.048 0.086 0.097 0.001 0.108 0.002 0 1 0.092 0.123 0.003 0.001 0.002 0.008 0.003 0.077 0.004 0.092 0.464 0.002 0 0.001 0.082 0.001 0.001 0.002 0.003 0.583
0.004 0.007 0.012 0.005 0.005 0.026 0 0 0 0.08 0.009 0 0.002 0 0 0.012 0.171 0.01 0.003 0.004 0.421 0.055 0.135 0.004 0.042 0.01 0.167 0.009 0.005 0.005 0.034 0.063 0.02 0.045 0.071 0.076 0.014 0.076 0.208 0.501 0.548 0.005 0.119 0.191 0.223 0.048 0.009 0.82 0.531 0.621 0.01 0.767 0.067 0.082 0.092 1 0.692 0.026 0.007 0.068 0.283 0.022 0.881 0.028 0.899 0.125 0.013 0.109 0.006 0.749 0.043 0.009 0.013 0.021 0.109
0.007 0.005 0.002 0.037 0.019 0.003 0.016 0.013 0.022 0.114 0.007 0.043 0.056 0 0.013 0.01 0.258 0.007 0.046 0.013 0.607 0.046 0.238 0.061 0.122 0.007 0.264 0.013 0.007 0.006 0.12 0.173 0.002 0.044 0.071 0.197 0.01 0.063 0.203 0.726 0.617 0.013 0.003 0.224 0.172 0.03 0.007 0.654 0.763 0.696 0.008 0.856 0.011 0.105 0.123 0.692 1 0.02 0.005 0.008 0.417 0.017 0.723 0.022 0.765 0.163 0.01 0.14 0.004 0.811 0.006 0.007 0.01 0.016 0.142
0.019 0.015 0.015 0.035 0.014 0.004 0.006 0.006 0.004 0.002 0.007 0.011 0.013 0.006 0.008 0.002 0.006 0.002 0.014 0 0.012 0.09 0.008 0.013 0.028 0.002 0.006 0 0.002 0.002 0.028 0.037 0.002 0.015 0.013 0.041 0.366 0.003 0.035 0.013 0.014 0.001 0.004 0.041 0.018 0.069 0.001 0.024 0.016 0.015 0.002 0.022 0.001 0.002 0.003 0.026 0.02 1 0.001 0.002 0.01 0.003 0.026 0.915 0.026 0.003 0.002 0.003 0.001 0.021 0.001 0.001 0.002 0.097 0.003
0.004 0.007 0.003 0.008 0.001 0.001 0.002 0.002 0.001 0.001 0 0.002 0 0 0.002 0.001 0.001 0 0.003 0.001 0.004 0.002 0.006 0.002 0.006 0.14 0.002 0.001 0 0 0.011 0.015 0 0.004 0.004 0.008 0.001 0.003 0.011 0.004 0.004 0.001 0.001 0.002 0.009 0.026 0 0.007 0.004 0.005 0 0.006 0.001 0.001 0.001 0.007 0.005 0.001 1 0.001 0.003 0.001 0.007 0.001 0.007 0.001 0.001 0.001 0 0.006 0 0 0.001 0.001 0.001
0.033 0.04 0.04 0.02 0.008 0.319 0.004 0.003 0.002 0 0.001 0.055 0.056 0.001 0.005 0.001 0.003 0.001 0.052 0.221 0.004 0.011 0.018 0.06 0.031 0.001 0.003 0.304 0.16 0.155 0.049 0.033 0.242 0.009 0.004 0.029 0.001 0.007 0.03 0.005 0.006 0.001 0.487 0.002 0.018 0.017 0.001 0.072 0.006 0.008 0.001 0.009 0.792 0.001 0.002 0.068 0.008 0.002 0.001 1 0.001 0.002 0.053 0.002 0.041 0.002 0.001 0 0 0.008 0.001 0.001 0.001 0.002 0.002
0.025 0.021 0.017 0.047 0.011 0.003 0.019 0.017 0.011 0 0.003 0.016 0.02 0 0.001 0.005 0.489 0.003 0.009 0.007 0.277 0.02 0.122 0.015 0.043 0.004 0.511 0.007 0.003 0.002 0.046 0.066 0 0.014 0.036 0.078 0.006 0.03 0.112 0.337 0.284 0.006 0.009 0.142 0.083 0.04 0.003 0.369 0.361 0.334 0.004 0.387 0.005 0 0.008 0.283 0.417 0.01 0.003 0.001 1 0.008 0.355 0.01 0.343 0.008 0.005 0.004 0.002 0.382 0.003 0.003 0.005 0.008 0.004
0.009 0.023 0.023 0.043 0.012 0.003 0.006 0.005 0.004 0.003 0.001 0.021 0.024 0.001 0.007 0.002 0.004 0.001 0.021 0.005 0.011 0.011 0.028 0.02 0.023 0.031 0.005 0.005 0.001 0.002 0.024 0.015 0.001 0.013 0.012 0.038 0.001 0.213 0.039 0.013 0.014 0.002 0.003 0.038 0.099 0.022 0.001 0.021 0.013 0.017 0.001 0.019 0.002 0.002 0.003 0.022 0.017 0.003 0.001 0.002 0.008 1 0.022 0.004 0.022 0.003 0.002 0.003 0.001 0.018 0.001 0.001 0.002 0.001 0.002
0.002 0.006 0.01 0.006 0.005 0.019 0 0 0 0.077 0.009 0.002 0.006 0 0 0.012 0.209 0.009 0.003 0.002 0.49 0.065 0.132 0.006 0.046 0.01 0.219 0.006 0.001 0.002 0.037 0.079 0.021 0.057 0.086 0.094 0.016 0.076 0.2 0.542 0.591 0.017 0.103 0.187 0.22 0.053 0.009 0.836 0.564 0.655 0.01 0.815 0.052 0.08 0.077 0.881 0.723 0.026 0.007 0.053 0.355 0.022 1 0.028 0.931 0.127 0.013 0.11 0.006 0.768 0.014 0.009 0.013 0.014 0.091
0.022 0.017 0.017 0.041 0.016 0.004 0.007 0.006 0.004 0.003 0.006 0.013 0.015 0.005 0.008 0.002 0.006 0.002 0.015 0 0.013 0.106 0.012 0.015 0.032 0.003 0.006 0 0.002 0.002 0.033 0.043 0.002 0.008 0.014 0.047 0.368 0.004 0.039 0.015 0.016 0.001 0.004 0.044 0.021 0.08 0.001 0.026 0.017 0.017 0.002 0.024 0.001 0.002 0.004 0.028 0.022 0.915 0.001 0.002 0.01 0.004 0.028 1 0.028 0.004 0.002 0.003 0.001 0.023 0.001 0.002 0.002 0.134 0.003
0.002 0.004 0.008 0.008 0.005 0.014 0 0 0 0.091 0.009 0.004 0.008 0 0 0.013 0.205 0.01 0.005 0.001 0.502 0.064 0.144 0.008 0.051 0.011 0.21 0.003 0 0 0.042 0.086 0.022 0.059 0.088 0.102 0.014 0.076 0.201 0.567 0.614 0.017 0.091 0.203 0.223 0.054 0.009 0.853 0.598 0.687 0.01 0.841 0.04 0.082 0.092 0.899 0.765 0.026 0.007 0.041 0.343 0.022 0.931 0.028 1 0.125 0.013 0.108 0.006 0.805 0.014 0.009 0.013 0.015 0.108
0.001 0 0 0.002 0 0 0.004 0.005 0.004 0.045 0.001 0.015 0.017 0.003 0.007 0.002 0 0.001 0.021 0.005 0.055 0.006 0.016 0.02 0.023 0.001 0 0.004 0.001 0.001 0.022 0.027 0.001 0.01 0.009 0.031 0.002 0.01 0.007 0.07 0.058 0.002 0.003 0.007 0.028 0.001 0.001 0.036 0.066 0.074 0.001 0.144 0.002 0.001 0.464 0.125 0.163 0.003 0.001 0.002 0.008 0.003 0.127 0.004 0.125 1 0.002 0.003 0.001 0.114 0.001 0.001 0.002 0.003 0.48
0 0.014 0.014 0.022 0.007 0.002 0.004 0.003 0.002 0.002 0.001 0.014 0.003 0 0.004 0.001 0.003 0.001 0.013 0.003 0.007 0.003 0.01 0.013 0.019 0.003 0.003 0.003 0.001 0.001 0.019 0.013 0.001 0.009 0.008 0.019 0.001 0.119 0.028 0.008 0.009 0.001 0.002 0.023 0.04 0.015 0.008 0.012 0.008 0.01 0.006 0.012 0.001 0.001 0.002 0.013 0.01 0.002 0.001 0.001 0.005 0.002 0.013 0.002 0.013 0.002 1 0.002 0 0.011 0.001 0.001 0.001 0.002 0.001
0.023 0.02 0.03 0.006 0.004 0 0.006 0.006 0.003 0.044 0.001 0 0.001 0.001 0.002 0.002 0.004 0.001 0.002 0 0.131 0.012 0.038 0.005 0.016 0.002 0.005 0 0.001 0.001 0.015 0.026 0.001 0.007 0.012 0.03 0.002 0.006 0.044 0.142 0.12 0.002 0 0.036 0.021 0.001 0.001 0.116 0.149 0.117 0.001 0.111 0.002 0.308 0 0.109 0.14 0.003 0.001 0 0.004 0.003 0.11 0.003 0.108 0.003 0.002 1 0.001 0.107 0.001 0.001 0.002 0.003 0.002
0.002 0.006 0.006 0.016 0.003 0.001 0.002 0.002 0.001 0.001 0 0.006 0.006 0 0.002 0 0.001 0 0.006 0.001 0.003 0.003 0.009 0.006 0.02 0.001 0.001 0.001 0 0 0.02 0.016 0 0.004 0.003 0.014 0.001 0.071 0.012 0.003 0.004 0.001 0.001 0.008 0.026 0.007 0 0.005 0.004 0.004 0 0.005 0 0 0.001 0.006 0.004 0.001 0 0 0.002 0.001 0.006 0.001 0.006 0.001 0 0.001 1 0.005 0 0 0 0.001 0.001
0 0 0 0.022 0.001 0.004 0 0.001 0 0.087 0.007 0.014 0.022 0 0.001 0.01 0.242 0.008 0.015 0.017 0.516 0.05 0.186 0.023 0.082 0.008 0.253 0.016 0.008 0.007 0.08 0.132 0.002 0.042 0.075 0.148 0.011 0.062 0.16 0.627 0.686 0.014 0.004 0.229 0.182 0.038 0.007 0.72 0.662 0.735 0.008 0.924 0.011 0.071 0.082 0.749 0.811 0.021 0.006 0.008 0.382 0.018 0.768 0.023 0.805 0.114 0.011 0.107 0.005 1 0.018 0.007 0.011 0.017 0.125
0.009 0.011 0.011 0.003 0.017 0.001 0.058 0.066 0.097 0.001 0 0.036 0.034 0 0.049 0.001 0.002 0 0.013 0.002 0.004 0.001 0.001 0.014 0.005 0.001 0.002 0.002 0 0.001 0.006 0.012 0 0.001 0.001 0.017 0.001 0.001 0.002 0.004 0.017 0.033 0.001 0.001 0.01 0 0 0.015 0.004 0.02 0 0.016 0.001 0.001 0.001 0.043 0.006 0.001 0 0.001 0.003 0.001 0.014 0.001 0.014 0.001 0.001 0.001 0 0.018 1 0 0.001 0.001 0.001
0.01 0.009 0.009 0.014 0.004 0.001 0.002 0.001 0.002 0.001 0 0.001 0.001 0.001 0.003 0.001 0.002 0.632 0.008 0.002 0.005 0.045 0.018 0.007 0.011 0.001 0.002 0.002 0.001 0.001 0.006 0.024 0.001 0.073 0.082 0.022 0.001 0.004 0.021 0.005 0.006 0.001 0.001 0.026 0.04 0.01 0 0.009 0.006 0.007 0.001 0.008 0.001 0.001 0.001 0.009 0.007 0.001 0 0.001 0.003 0.001 0.009 0.002 0.009 0.001 0.001 0.001 0 0.007 0 1 0.001 0.001 0.001
0.005 0.008 0.008 0 0.004 0.055 0.004 0.004 0.002 0.002 0.015 0.009 0.008 0.001 0.005 0.001 0.003 0.001 0.012 0.068 0.007 0.007 0 0.013 0.002 0.001 0.003 0.074 0.032 0.031 0 0.003 0.065 0.009 0.008 0.002 0.001 0 0.006 0.008 0.009 0.001 0.002 0.023 0.008 0.001 0.475 0.012 0.008 0.01 0.556 0.012 0.001 0.001 0.002 0.013 0.01 0.002 0.001 0.001 0.005 0.002 0.013 0.002 0.013 0.002 0.001 0.002 0 0.011 0.001 0.001 1 0.058 0.001
0.006 0.004 0.004 0.013 0.008 0 0.006 0.005 0.003 0.003 0.008 0.001 0.001 0.008 0.007 0.002 0.003 0.001 0.003 0.003 0.006 0.037 0.001 0.002 0.004 0.002 0.005 0.004 0 0 0.007 0.004 0.002 0 0.003 0.006 0.023 0 0.01 0.012 0.013 0.005 0.003 0.02 0.002 0.02 0.034 0.019 0.013 0.016 0.048 0.018 0.002 0.002 0.003 0.021 0.016 0.097 0.001 0.002 0.008 0.001 0.014 0.134 0.015 0.003 0.002 0.003 0.001 0.017 0.001 0.001 0.058 1 0.002
0 0 0 0.003 0 0 0.006 0.008 0.003 0.102 0.001 0.012 0.014 0.004 0.006 0.001 0 0.001 0.018 0.004 0.101 0.003 0.044 0.018 0.032 0 0 0.004 0.001 0.001 0.028 0.035 0.001 0.009 0.007 0.039 0.002 0.009 0.026 0.122 0.105 0.002 0.002 0.038 0.024 0.008 0.001 0.077 0.124 0.107 0.001 0.126 0.002 0.001 0.583 0.109 0.142 0.003 0.001 0.002 0.004 0.002 0.091 0.003 0.108 0.48 0.001 0.002 0.001 0.125 0.001 0.001 0.001 0.002 1
