1 0.85 0.858 0.367 0.386 0.086 0.278 0.238 0.118 0.013 0.056 0.495 0.427 0 0.249 0.061 0.03 0.011 0.549 0.124 0.002 0.133 0.073 0.551 0.245 0.013 0.035 0.121 0.032 0.033 0.194 0.09 0.012 0.055 0.048 0.072 0.021 0.022 0.08 0.001 0.005 0.003 0.036 0.041 0.006 0.04 0.001 0.018 0 0.002 0.001 0.007 0.007 0.067 0.002 0.02 0.004 0.019 0.005 0.007 0.008 0.03 0.014 0.021 0.017 0.001 0.001 0.044 0.002 0.002 0.004 0.007 0.001 0.005 0
0.85 1 0.924 0.354 0.395 0.099 0.321 0.274 0.136 0.011 0.064 0.557 0.487 0 0.266 0.071 0.026 0.01 0.596 0.144 0.005 0.117 0.054 0.597 0.228 0.029 0.03 0.141 0.037 0.039 0.185 0.087 0.014 0.064 0.064 0.065 0.018 0.042 0.093 0.003 0.009 0.009 0.028 0.056 0.003 0.033 0.002 0.023 0.001 0.005 0.002 0.009 0.009 0.078 0.001 0.024 0.005 0.016 0.009 0.009 0.009 0.04 0.02 0.018 0.021 0.002 0.007 0.05 0.011 0.002 0.006 0.005 0.002 0.003 0
0.858 0.924 1 0.384 0.432 0.1 0.323 0.276 0.137 0.011 0.065 0.588 0.499 0 0.291 0.072 0.026 0.01 0.644 0.145 0.005 0.115 0.053 0.645 0.264 0.029 0.03 0.142 0.037 0.039 0.209 0.103 0.015 0.075 0.065 0.079 0.018 0.038 0.097 0.001 0.007 0.014 0.044 0.065 0.005 0.031 0.002 0.025 0 0.003 0.002 0.011 0.009 0.064 0.001 0.031 0.006 0.015 0.004 0.009 0.005 0.04 0.021 0.018 0.023 0.002 0.004 0.042 0.011 0.003 0.006 0.005 0.002 0.003 0.001
0.367 0.354 0.384 1 0.187 0.038 0.125 0.107 0.053 0.029 0.025 0.217 0.229 0.005 0.128 0.032 0.066 0.025 0.258 0.052 0.008 0.335 0.297 0.263 0.515 0.01 0.058 0.051 0.013 0.014 0.469 0.225 0.003 0.001 0 0.305 0.047 0.222 0.002 0.014 0.007 0.037 0.012 0.004 0.204 0.128 0 0.002 0.02 0.015 0 0.004 0 0.028 0.004 0.002 0.011 0.049 0.002 0.002 0.029 0.07 0.002 0.054 0.004 0.002 0.019 0.013 0.014 0.01 0.024 0.014 0 0.005 0.001
0.386 0.395 0.432 0.187 1 0.011 0.563 0.54 0.264 0.006 0.007 0.504 0.447 0.004 0.575 0.146 0.013 0.005 0.563 0.017 0.03 0.075 0.124 0.573 0.271 0.015 0.015 0.017 0.005 0.005 0.257 0.182 0.004 0.208 0.184 0.151 0.009 0.043 0.054 0.018 0.004 0.007 0 0.067 0.036 0.042 0.001 0.003 0.024 0.005 0.001 0.002 0.005 0.004 0.003 0.006 0.016 0.012 0.001 0.002 0.009 0.018 0.004 0.013 0.005 0.002 0.001 0.002 0.005 0.004 0.02 0.002 0.001 0.013 0.003
0.086 0.099 0.1 0.038 0.011 1 0.007 0.006 0.003 0.001 0.001 0.112 0.098 0.029 0.007 0.002 0.003 0.001 0.088 0.456 0.007 0.001 0.008 0.078 0.031 0.003 0.003 0.42 0.396 0.41 0.012 0 0.199 0.013 0.012 0.001 0.002 0.013 0.009 0.008 0.008 0.002 0.267 0.021 0.032 0 0.021 0.018 0.008 0.01 0.02 0.001 0.164 0.002 0.012 0.031 0.001 0.002 0.001 0.127 0.001 0.005 0.027 0.003 0.023 0.013 0.001 0.001 0.001 0 0.001 0.001 0.022 0.016 0.009
0.278 0.321 0.323 0.125 0.563 0.007 1 0.854 0.425 0.004 0.004 0.342 0.298 0.003 0.786 0.006 0.008 0.003 0.39 0.011 0.017 0.048 0.077 0.395 0.187 0.009 0.01 0.011 0.003 0.003 0.188 0.135 0.003 0.349 0.37 0.115 0.005 0.037 0.127 0.02 0.001 0.008 0.005 0.162 0.119 0.046 0.003 0.004 0.02 0.002 0.004 0.002 0.003 0.006 0.001 0.004 0.024 0.008 0.003 0.001 0.015 0.01 0.004 0.008 0.005 0.001 0.002 0.007 0.003 0.007 0.04 0.001 0.003 0.009 0.002
0.238 0.274 0.276 0.107 0.54 0.006 0.854 1 0.497 0.003 0.004 0.289 0.252 0.002 0.664 0.005 0.007 0.003 0.33 0.01 0.014 0.041 0.065 0.334 0.158 0.008 0.008 0.009 0.003 0.003 0.159 0.113 0.002 0.276 0.293 0.096 0.005 0.031 0.099 0.016 0 0.007 0.004 0.126 0.091 0.04 0.003 0.002 0.017 0.001 0.003 0.001 0.003 0.005 0 0.002 0.02 0.007 0.003 0.001 0.012 0.008 0.002 0.007 0.002 0 0.001 0.006 0.003 0.004 0.049 0.001 0.003 0.007 0.001
0.118 0.136 0.137 0.053 0.264 0.003 0.425 0.497 1 0.002 0.002 0.154 0.134 0.001 0.404 0.002 0.004 0.001 0.175 0.005 0.01 0.02 0.037 0.18 0.085 0.004 0.004 0.005 0.001 0.001 0.087 0.062 0.001 0.127 0.132 0.054 0.003 0.015 0.037 0.011 0 0.003 0.002 0.053 0.039 0.033 0.001 0 0.012 0 0.002 0 0.001 0.003 0.002 0 0.013 0.003 0.001 0 0.006 0.007 0 0.004 0 0.002 0 0.003 0.001 0.003 0.052 0.001 0.001 0.004 0.003
0.013 0.011 0.011 0.029 0.006 0.001 0.004 0.003 0.002 1 0.001 0.008 0.004 0 0.004 0.001 0.001 0.001 0.006 0.002 0.14 0.008 0.038 0.009 0.018 0.002 0.002 0.002 0.001 0.001 0.01 0.015 0.009 0.007 0.006 0.019 0.001 0.007 0.036 0.096 0.081 0.001 0.003 0.025 0.016 0.008 0.001 0.086 0.094 0.073 0.001 0.072 0.006 0 0.249 0.083 0.08 0.001 0.001 0.01 0.001 0.003 0.057 0.001 0.081 0.106 0.001 0.007 0.001 0.071 0.001 0 0.001 0.001 0.19
0.056 0.064 0.065 0.025 0.007 0.001 0.004 0.004 0.002 0.001 1 0.072 0.063 0.001 0.005 0.001 0.002 0.001 0.083 0.394 0.005 0.01 0.017 0.085 0.04 0.002 0.002 0.407 0.001 0.001 0.041 0.03 0.001 0.008 0.008 0.026 0.001 0.103 0.02 0.005 0.006 0.002 0.001 0.016 0.027 0.015 0.006 0.008 0.005 0.007 0.005 0.007 0.001 0.001 0.001 0.008 0.006 0 0.001 0 0.003 0.003 0.008 0.001 0.008 0.001 0 0.001 0.001 0.006 0.001 0.001 0.005 0.001 0.001
0.495 0.557 0.588 0.217 0.504 0.112 0.342 0.289 0.154 0.008 0.072 1 0.839 0 0.367 0.09 0.018 0.009 0.808 0.164 0.059 0.066 0.145 0.81 0.353 0.026 0.014 0.171 0.042 0.051 0.315 0.213 0.025 0.121 0.109 0.181 0.016 0.02 0.042 0.044 0.023 0.022 0.059 0.017 0.025 0.044 0.004 0.002 0.052 0.027 0.003 0.007 0.017 0.017 0.003 0.002 0.023 0.007 0.004 0.022 0.008 0.028 0.001 0.009 0.002 0.002 0.006 0.011 0.009 0.011 0.008 0.005 0.004 0.001 0.004
0.427 0.487 0.499 0.229 0.447 0.098 0.298 0.252 0.134 0.004 0.063 0.839 1 0 0.32 0.079 0.021 0.01 0.727 0.161 0.06 0.075 0.158 0.73 0.299 0.022 0.017 0.149 0.036 0.045 0.264 0.174 0.034 0.103 0.092 0.146 0.018 0.024 0.032 0.049 0.029 0.013 0.065 0.009 0.016 0.022 0.003 0.003 0.058 0.033 0.002 0.011 0.023 0.012 0.004 0.004 0.029 0.009 0.005 0.031 0.011 0.037 0.002 0.011 0.003 0.003 0.007 0.011 0.002 0.015 0.059 0.006 0.003 0 0.005
0 0 0 0.005 0.004 0.029 0.003 0.002 0.001 0 0.001 0 0 1 0.003 0.001 0 0 0.007 0.001 0.001 0.046 0.032 0.007 0.011 0.001 0 0.001 0 0 0.014 0.019 0 0.005 0.005 0.022 0.008 0.005 0 0.001 0.001 0.001 0.001 0.006 0.013 0.028 0 0.002 0.001 0.001 0 0.006 0 0.001 0.054 0.005 0.008 0.006 0 0 0 0.002 0.005 0.005 0.005 0.057 0 0.001 0 0.008 0.001 0 0 0.005 0.043
0.249 0.266 0.291 0.128 0.575 0.007 0.786 0.664 0.404 0.004 0.005 0.367 0.32 0.003 1 0.006 0.009 0.003 0.425 0.012 0.025 0.051 0.091 0.43 0.206 0.01 0.01 0.011 0.003 0.003 0.209 0.146 0.003 0.34 0.301 0.125 0.006 0.027 0.112 0.026 0.003 0.008 0.002 0.145 0.103 0.035 0.003 0.001 0.027 0.002 0.004 0 0.003 0.007 0.003 0.001 0.014 0.008 0.004 0.001 0.003 0.011 0.001 0.009 0.001 0.005 0.002 0.006 0.004 0.002 0.037 0.003 0.004 0.009 0.003
0.061 0.071 0.072 0.032 0.146 0.002 0.006 0.005 0.002 0.001 0.001 0.09 0.079 0.001 0.006 1 0.002 0.001 0.105 0.003 0.006 0.012 0.022 0.108 0.051 0.002 0.002 0.003 0.001 0.001 0.052 0.038 0.001 0.01 0.01 0.032 0.002 0.011 0.026 0.002 0.007 0.002 0.001 0.021 0.022 0.002 0.003 0.01 0.007 0.009 0.002 0.009 0.001 0.002 0.001 0.01 0.008 0.002 0.001 0.001 0.004 0.004 0.01 0.002 0.01 0.001 0.001 0.002 0.001 0.008 0.001 0.001 0.003 0.002 0.002
0.03 0.026 0.026 0.066 0.013 0.003 0.008 0.007 0.004 0.001 0.002 0.018 0.021 0 0.009 0.002 1 0.001 0.02 0.004 0.345 0.018 0.095 0.019 0.041 0.004 0.799 0.004 0.001 0.001 0.035 0.041 0.001 0.011 0.01 0.052 0.002 0.013 0.073 0.268 0.248 0.001 0.002 0.034 0.029 0.021 0.001 0.184 0.235 0.206 0.001 0.202 0.001 0.002 0 0.175 0.185 0.003 0.001 0.001 0.469 0.006 0.183 0.003 0.175 0 0.001 0.002 0 0.201 0.002 0.001 0.001 0.003 0.001
0.011 0.01 0.01 0.025 0.005 0.001 0.003 0.003 0.001 0.001 0.001 0.009 0.01 0 0.003 0.001 0.001 1 0.007 0.002 0.003 0.064 0.036 0.007 0.015 0.001 0.001 0.002 0 0 0.015 0.021 0 0.076 0.079 0.017 0.001 0.006 0.029 0 0 0.001 0.001 0.035 0.018 0.011 0 0.001 0 0.001 0.001 0.001 0 0.001 0.001 0.001 0.001 0.001 0 0 0 0.002 0.001 0.001 0.001 0.001 0.001 0.001 0 0.001 0.001 0.465 0 0.001 0.001
0.549 0.596 0.644 0.258 0.563 0.088 0.39 0.33 0.175 0.006 0.083 0.808 0.727 0.007 0.425 0.105 0.02 0.007 1 0.21 0.05 0.11 0.191 0.973 0.454 0.023 0.019 0.181 0.048 0.05 0.379 0.238 0.02 0.121 0.107 0.208 0.014 0.016 0.04 0.047 0.024 0.019 0.057 0.018 0.028 0.053 0.006 0.002 0.055 0.026 0.005 0.013 0.013 0.015 0.013 0.004 0.035 0.017 0.003 0.016 0.009 0.03 0.005 0.019 0.006 0.012 0.005 0.011 0.008 0.018 0.01 0.004 0.006 0.001 0.013
0.124 0.144 0.145 0.052 0.017 0.456 0.011 0.01 0.005 0.002 0.394 0.164 0.161 0.001 0.012 0.003 0.004 0.002 0.21 1 0.012 0.019 0.038 0.2 0.093 0.005 0.005 0.885 0.24 0.249 0.053 0.02 0.119 0.021 0.019 0.02 0.003 0.016 0 0.013 0.014 0.004 0.156 0.037 0.001 0.007 0.028 0.003 0.013 0.017 0.026 0.007 0.096 0.003 0.003 0.001 0.006 0.003 0.002 0.075 0.003 0.008 0.001 0.003 0 0.003 0.001 0.002 0.002 0.008 0.002 0.001 0.028 0.014 0.003
0.002 0.005 0.005 0.008 0.03 0.007 0.017 0.014 0.01 0.14 0.005 0.059 0.06 0.001 0.025 0.006 0.345 0.003 0.05 0.012 1 0.049 0.269 0.057 0.103 0.01 0.347 0.012 0.003 0.003 0.101 0.132 0 0.04 0.037 0.161 0.007 0.042 0.199 0.739 0.661 0 0.001 0.132 0.086 0.01 0.004 0.531 0.691 0.565 0.004 0.496 0 0.204 0.042 0.457 0.522 0.008 0.004 0 0.292 0.017 0.469 0.009 0.472 0.054 0.004 0.175 0.001 0.446 0.005 0.003 0.004 0.007 0.074
0.133 0.117 0.115 0.335 0.075 0.001 0.048 0.041 0.02 0.008 0.01 0.066 0.075 0.046 0.051 0.012 0.018 0.064 0.11 0.019 0.049 1 0.429 0.114 0.233 0.02 0.019 0.023 0.007 0.007 0.211 0.028 0.006 0.04 0.04 0.046 0.08 0.084 0.001 0.048 0.053 0.075 0.011 0.003 0.023 0.131 0.004 0.052 0.031 0.038 0.006 0.035 0.001 0.014 0 0.033 0.022 0.072 0 0.005 0.018 0.027 0.038 0.085 0.033 0 0.007 0.012 0.007 0.023 0.009 0.033 0.009 0.015 0
0.073 0.054 0.053 0.297 0.124 0.008 0.077 0.065 0.037 0.038 0.017 0.145 0.158 0.032 0.091 0.022 0.095 0.036 0.191 0.038 0.269 0.429 1 0.204 0.4 0.037 0.094 0.042 0.009 0.012 0.372 0.142 0.004 0.003 0.003 0.196 0.035 0.151 0.117 0.211 0.174 0.058 0.012 0.067 0.101 0.041 0 0.129 0.229 0.163 0.001 0.142 0.001 0.051 0.025 0.132 0.18 0.029 0.004 0.003 0.094 0.053 0.115 0.035 0.127 0.032 0.013 0.044 0.009 0.146 0.016 0.016 0.002 0.001 0.038
0.551 0.597 0.645 0.263 0.573 0.078 0.395 0.334 0.18 0.009 0.085 0.81 0.73 0.007 0.43 0.108 0.019 0.007 0.973 0.2 0.057 0.114 0.204 1 0.469 0.022 0.023 0.187 0.05 0.052 0.382 0.25 0.021 0.127 0.112 0.219 0.013 0.016 0.04 0.052 0.028 0.019 0.06 0.018 0.031 0.054 0.006 0.003 0.061 0.03 0.005 0.015 0.014 0.015 0.012 0.004 0.039 0.017 0.003 0.017 0.012 0.031 0.006 0.018 0.008 0.012 0.005 0.013 0.008 0.021 0.01 0.004 0.006 0.001 0.013
0.245 0.228 0.264 0.515 0.271 0.031 0.187 0.158 0.085 0.018 0.04 0.353 0.299 0.011 0.206 0.051 0.041 0.015 0.454 0.093 0.103 0.233 0.4 0.469 1 0.047 0.048 0.087 0.023 0.024 0.853 0.582 0.008 0.023 0.019 0.501 0.028 0.178 0.008 0.118 0.086 0.026 0.025 0.008 0.248 0.176 0.002 0.047 0.131 0.068 0.001 0.07 0.003 0.032 0.024 0.049 0.106 0.036 0.01 0.006 0.039 0.01 0.055 0.039 0.06 0.023 0.027 0.03 0.025 0.079 0.002 0.007 0 0 0.029
0.013 0.029 0.029 0.01 0.015 0.003 0.009 0.008 0.004 0.002 0.002 0.026 0.022 0.001 0.01 0.002 0.004 0.001 0.023 0.005 0.01 0.02 0.037 0.022 0.047 1 0.004 0.005 0.001 0.001 0.046 0.062 0.001 0.017 0.016 0.003 0.003 0.062 0.029 0.011 0.012 0.001 0.002 0.017 0.014 0.001 0.001 0.015 0.01 0.013 0.002 0.014 0.001 0.003 0.002 0.015 0.012 0.003 0.095 0.001 0.005 0.182 0.015 0.004 0.016 0.002 0 0.003 0.001 0.012 0.002 0.001 0.001 0.004 0.003
0.035 0.03 0.03 0.058 0.015 0.003 0.01 0.008 0.004 0.002 0.002 0.014 0.017 0 0.01 0.002 0.799 0.001 0.019 0.005 0.347 0.019 0.094 0.023 0.048 0.004 1 0.005 0.001 0.001 0.042 0.056 0.001 0.018 0.017 0.07 0.003 0.015 0.084 0.333 0.308 0.004 0.002 0.021 0.041 0.028 0.001 0.229 0.297 0.256 0.002 0.251 0.001 0.003 0.001 0.137 0.191 0.003 0.002 0.001 0.584 0.007 0.228 0.004 0.177 0.001 0.002 0.003 0 0.253 0.002 0.001 0.002 0.004 0.001
0.121 0.141 0.142 0.051 0.017 0.42 0.011 0.009 0.005 0.002 0.407 0.171 0.149 0.001 0.011 0.003 0.004 0.002 0.181 0.885 0.012 0.023 0.042 0.187 0.087 0.005 0.005 1 0.252 0.261 0.061 0.03 0.163 0.02 0.019 0.031 0.003 0.017 0 0.012 0.013 0.004 0.215 0.03 0 0.014 0.03 0.008 0.013 0.016 0.027 0.007 0.152 0.003 0.003 0.005 0.005 0.003 0.002 0.114 0.003 0.008 0.003 0.003 0.002 0.002 0.001 0.002 0.002 0.007 0.002 0.001 0.029 0.015 0.003
0.032 0.037 0.037 0.013 0.005 0.396 0.003 0.003 0.001 0.001 0.001 0.042 0.036 0 0.003 0.001 0.001 0 0.048 0.24 0.003 0.007 0.009 0.05 0.023 0.001 0.001 0.252 1 0.864 0.001 0 0.011 0.006 0.005 0 0.001 0.006 0.002 0.001 0.002 0.001 0.075 0.008 0.015 0.002 0.003 0.005 0.001 0.002 0.003 0.002 0.059 0.001 0.001 0.003 0.001 0.001 0 0.086 0 0.002 0.002 0.001 0 0.001 0.001 0 0 0.001 0.001 0 0.004 0.05 0.001
0.033 0.039 0.039 0.014 0.005 0.41 0.003 0.003 0.001 0.001 0.001 0.051 0.045 0 0.003 0.001 0.001 0 0.05 0.249 0.003 0.007 0.012 0.052 0.024 0.001 0.001 0.261 0.864 1 0.001 0.001 0.017 0.003 0.003 0 0.001 0.006 0.003 0.004 0.004 0.001 0.084 0.012 0.011 0.001 0.003 0.003 0.004 0.005 0.003 0.003 0.058 0.001 0.001 0.001 0.003 0.001 0.001 0.085 0.001 0.002 0.001 0.001 0 0.001 0.001 0 0 0.003 0.001 0 0.004 0.049 0.001
0.194 0.185 0.209 0.469 0.257 0.012 0.188 0.159 0.087 0.01 0.041 0.315 0.264 0.014 0.209 0.052 0.035 0.015 0.379 0.053 0.101 0.211 0.372 0.382 0.853 0.046 0.042 0.061 0.001 0.001 1 0.667 0.025 0.03 0.026 0.582 0.028 0.188 0.002 0.118 0.086 0.039 0.047 0.003 0.26 0.223 0.002 0.036 0.131 0.068 0.001 0.06 0.016 0.031 0.013 0.031 0.094 0.036 0.017 0.021 0.04 0.011 0.036 0.039 0.04 0.022 0.028 0.029 0.032 0.068 0.002 0.004 0 0.008 0.017
0.09 0.087 0.103 0.225 0.182 0 0.135 0.113 0.062 0.015 0.03 0.213 0.174 0.019 0.146 0.038 0.041 0.021 0.238 0.02 0.132 0.028 0.142 0.25 0.582 0.062 0.056 0.03 0 0.001 0.667 1 0.007 0.26 0.257 0.839 0.039 0.118 0.024 0.151 0.118 0.018 0.035 0.007 0.414 0.196 0.001 0.064 0.166 0.097 0.002 0.1 0.011 0.042 0.027 0.064 0.137 0.038 0.023 0.015 0.049 0.003 0.07 0.042 0.077 0.025 0.02 0.042 0.023 0.108 0 0.013 0.004 0.005 0.033
0.012 0.014 0.015 0.003 0.004 0.199 0.003 0.002 0.001 0.009 0.001 0.025 0.034 0 0.003 0.001 0.001 0 0.02 0.119 0 0.006 0.004 0.021 0.008 0.001 0.001 0.163 0.011 0.017 0.025 0.007 1 0.005 0.005 0.016 0.001 0.005 0.024 0.003 0.003 0.001 0.234 0.001 0.013 0.009 0.065 0.025 0.003 0.003 0.056 0 0.182 0.001 0.001 0.024 0 0.001 0 0.215 0 0.002 0.021 0.001 0.023 0.001 0 0.001 0 0 0.001 0 0.061 0.001 0.001
0.055 0.064 0.075 0.001 0.208 0.013 0.349 0.276 0.127 0.007 0.008 0.121 0.103 0.005 0.34 0.01 0.011 0.076 0.121 0.021 0.04 0.04 0.003 0.127 0.023 0.017 0.018 0.02 0.006 0.003 0.03 0.26 0.005 1 0.935 0.219 0.01 0.079 0.364 0.042 0.046 0.104 0 0.278 0.225 0.014 0.006 0.043 0.043 0.045 0.007 0.034 0.006 0.012 0.006 0.039 0.03 0.007 0.006 0.003 0.008 0.024 0.042 0.004 0.042 0.006 0.007 0.011 0.006 0.03 0.008 0.05 0.006 0.001 0.007
0.048 0.064 0.065 0 0.184 0.012 0.37 0.293 0.132 0.006 0.008 0.109 0.092 0.005 0.301 0.01 0.01 0.079 0.107 0.019 0.037 0.04 0.003 0.112 0.019 0.016 0.017 0.019 0.005 0.003 0.026 0.257 0.005 0.935 1 0.219 0.009 0.074 0.356 0.04 0.043 0.112 0.009 0.268 0.253 0.013 0.006 0.059 0.041 0.049 0.006 0.05 0.006 0.011 0.005 0.054 0.044 0.007 0.006 0.003 0.019 0.022 0.055 0.008 0.058 0.005 0.006 0.012 0.006 0.045 0.007 0.054 0.006 0.003 0.007
0.072 0.065 0.079 0.305 0.151 0.001 0.115 0.096 0.054 0.019 0.026 0.181 0.146 0.022 0.125 0.032 0.052 0.017 0.208 0.02 0.161 0.046 0.196 0.219 0.501 0.003 0.07 0.031 0 0 0.582 0.839 0.016 0.219 0.219 1 0.046 0.235 0.01 0.185 0.148 0.013 0.029 0 0.537 0.253 0 0.089 0.202 0.126 0 0.13 0.008 0.05 0.032 0.088 0.171 0.046 0.026 0.013 0.065 0.071 0.096 0.051 0.105 0.03 0.02 0.049 0.02 0.138 0 0.011 0.001 0.008 0.04
0.021 0.018 0.018 0.047 0.009 0.002 0.005 0.005 0.003 0.001 0.001 0.016 0.018 0.008 0.006 0.002 0.002 0.001 0.014 0.003 0.007 0.08 0.035 0.013 0.028 0.003 0.003 0.003 0.001 0.001 0.028 0.039 0.001 0.01 0.009 0.046 1 0.006 0.016 0.007 0.008 0.002 0.001 0.006 0.025 0.026 0.001 0.003 0.001 0.001 0.001 0.01 0.004 0.002 0.001 0.003 0.002 0.37 0.001 0.001 0.004 0.003 0.011 0.372 0.004 0.001 0.001 0.002 0.001 0.002 0.001 0.001 0.001 0.027 0.002
0.022 0.042 0.038 0.222 0.043 0.013 0.037 0.031 0.015 0.007 0.103 0.02 0.024 0.005 0.027 0.011 0.013 0.006 0.016 0.016 0.042 0.084 0.151 0.016 0.178 0.062 0.015 0.017 0.006 0.006 0.188 0.118 0.005 0.079 0.074 0.235 0.006 1 0.195 0.051 0.054 0.016 0.01 0.134 0.356 0.117 0 0.072 0.053 0.064 0 0.065 0.001 0.012 0.01 0.071 0.061 0.008 0.007 0.005 0.028 0.3 0.072 0.009 0.075 0.01 0.082 0.013 0.079 0.06 0.006 0.006 0.002 0 0.012
0.08 0.093 0.097 0.002 0.054 0.009 0.127 0.099 0.037 0.036 0.02 0.042 0.032 0 0.112 0.026 0.073 0.029 0.04 0 0.199 0.001 0.117 0.04 0.008 0.029 0.084 0 0.002 0.003 0.002 0.024 0.024 0.364 0.356 0.01 0.016 0.195 1 0.248 0.206 0.06 0.05 0.444 0.007 0.039 0.002 0.247 0.225 0.156 0.003 0.165 0.018 0.063 0.008 0.177 0.19 0.017 0.011 0.019 0.121 0.058 0.191 0.02 0.189 0.01 0.016 0.062 0.015 0.153 0.019 0.018 0.003 0.013 0.014
0.001 0.003 0.001 0.014 0.018 0.008 0.02 0.016 0.011 0.096 0.005 0.044 0.049 0.001 0.026 0.002 0.268 0 0.047 0.013 0.739 0.048 0.211 0.052 0.118 0.011 0.333 0.012 0.001 0.004 0.118 0.151 0.003 0.042 0.04 0.185 0.007 0.051 0.248 1 0.865 0.004 0.006 0.132 0.124 0.019 0.004 0.663 0.904 0.739 0.004 0.662 0.004 0.24 0.056 0.52 0.701 0.009 0.004 0.002 0.374 0.019 0.576 0.01 0.584 0.071 0.004 0.23 0.004 0.614 0.005 0.003 0.004 0.01 0.088
0.005 0.009 0.007 0.007 0.004 0.008 0.001 0 0 0.081 0.006 0.023 0.029 0.001 0.003 0.007 0.248 0 0.024 0.014 0.661 0.053 0.174 0.028 0.086 0.012 0.308 0.013 0.002 0.004 0.086 0.118 0.003 0.046 0.043 0.148 0.008 0.054 0.206 0.865 1 0.005 0.007 0.132 0.133 0.026 0.004 0.742 0.814 0.831 0.005 0.749 0.004 0.21 0.051 0.592 0.627 0.01 0.004 0.002 0.341 0.02 0.65 0.011 0.655 0.062 0.005 0.201 0.004 0.64 0.021 0.004 0.004 0.011 0.078
0.003 0.009 0.014 0.037 0.007 0.002 0.008 0.007 0.003 0.001 0.002 0.022 0.013 0.001 0.008 0.002 0.001 0.001 0.019 0.004 0 0.075 0.058 0.019 0.026 0.001 0.004 0.004 0.001 0.001 0.039 0.018 0.001 0.104 0.112 0.013 0.002 0.016 0.06 0.004 0.005 1 0.002 0.008 0.01 0.034 0.001 0.008 0.005 0.007 0.001 0.007 0.001 0 0.002 0.013 0.006 0 0.001 0.001 0.004 0.006 0.008 0 0.009 0.002 0.001 0 0.001 0.006 0.001 0.001 0.001 0.005 0.002
0.036 0.028 0.044 0.012 0 0.267 0.005 0.004 0.002 0.003 0.001 0.059 0.065 0.001 0.002 0.001 0.002 0.001 0.057 0.156 0.001 0.011 0.012 0.06 0.025 0.002 0.002 0.215 0.075 0.084 0.047 0.035 0.234 0 0.009 0.029 0.001 0.01 0.05 0.006 0.007 0.002 1 0 0.024 0.018 0.001 0.127 0.006 0.003 0 0.006 0.456 0.001 0.001 0.107 0.007 0.002 0.001 0.364 0.011 0.004 0.092 0.002 0.089 0.001 0.001 0 0.001 0.005 0.001 0.001 0.001 0.002 0
0.041 0.056 0.065 0.004 0.067 0.021 0.162 0.126 0.053 0.025 0.016 0.017 0.009 0.006 0.145 0.021 0.034 0.035 0.018 0.037 0.132 0.003 0.067 0.018 0.008 0.017 0.021 0.03 0.008 0.012 0.003 0.007 0.001 0.278 0.268 0 0.006 0.134 0.444 0.132 0.132 0.008 0 1 0.017 0.023 0.012 0.131 0.144 0.126 0.014 0.123 0 0.058 0.017 0.137 0.16 0.021 0 0 0.053 0.056 0.1 0.023 0.131 0.009 0.013 0.039 0.006 0.127 0.002 0.023 0.013 0.018 0.03
0.006 0.003 0.005 0.204 0.036 0.032 0.119 0.091 0.039 0.016 0.027 0.025 0.016 0.013 0.103 0.022 0.029 0.018 0.028 0.001 0.086 0.023 0.101 0.031 0.248 0.014 0.041 0 0.015 0.011 0.26 0.414 0.013 0.225 0.253 0.537 0.025 0.356 0.007 0.124 0.133 0.01 0.024 0.017 1 0.165 0.004 0.179 0.127 0.16 0.005 0.163 0.016 0.03 0.024 0.177 0.146 0.025 0.016 0.009 0.068 0.144 0.18 0.028 0.187 0.023 0.034 0.032 0.033 0.15 0.02 0.02 0.009 0.001 0.029
0.04 0.033 0.031 0.128 0.042 0 0.046 0.04 0.033 0.008 0.015 0.044 0.022 0.028 0.035 0.002 0.021 0.011 0.053 0.007 0.01 0.131 0.041 0.054 0.176 0.001 0.028 0.014 0.002 0.001 0.223 0.196 0.009 0.014 0.013 0.253 0.026 0.117 0.039 0.019 0.026 0.034 0.018 0.023 0.165 1 0.011 0.048 0.021 0.036 0.007 0.017 0.003 0.003 0 0.024 0.011 0.062 0.036 0.008 0.024 0.049 0.028 0.071 0.025 0 0.009 0.001 0.012 0.021 0.002 0.005 0.005 0.019 0.001
0.001 0.002 0.002 0 0.001 0.021 0.003 0.003 0.001 0.001 0.006 0.004 0.003 0 0.003 0.003 0.001 0 0.006 0.028 0.004 0.004 0 0.006 0.002 0.001 0.001 0.03 0.003 0.003 0.002 0.001 0.065 0.006 0.006 0 0.001 0 0.002 0.004 0.004 0.001 0.001 0.012 0.004 0.011 1 0.006 0.004 0.005 0.884 0.005 0 0.001 0.001 0.006 0.005 0.001 0.001 0 0.002 0.002 0.006 0.001 0.006 0.001 0.005 0.001 0.001 0.005 0.001 0 0.773 0.002 0.001
0.018 0.023 0.025 0.002 0.003 0.018 0.004 0.002 0 0.086 0.008 0.002 0.003 0.002 0.001 0.01 0.184 0.001 0.002 0.003 0.531 0.052 0.129 0.003 0.047 0.015 0.229 0.008 0.005 0.003 0.036 0.064 0.025 0.043 0.059 0.089 0.003 0.072 0.247 0.663 0.742 0.008 0.127 0.131 0.179 0.048 0.006 1 0.709 0.75 0.006 0.739 0.051 0.166 0.034 0.806 0.653 0.013 0.006 0.043 0.362 0.027 0.807 0.015 0.853 0.045 0.006 0.18 0.006 0.673 0.02 0.005 0.006 0.015 0.063
0 0.001 0 0.02 0.024 0.008 0.02 0.017 0.012 0.094 0.005 0.052 0.058 0.001 0.027 0.007 0.235 0 0.055 0.013 0.691 0.031 0.229 0.061 0.131 0.01 0.297 0.013 0.001 0.004 0.131 0.166 0.003 0.043 0.041 0.202 0.001 0.053 0.225 0.904 0.814 0.005 0.006 0.144 0.127 0.021 0.004 0.709 1 0.79 0.005 0.669 0.004 0.234 0.054 0.562 0.753 0.01 0.004 0.002 0.376 0.019 0.583 0.01 0.627 0.068 0.004 0.24 0.004 0.661 0.005 0.004 0.004 0.011 0.09
0.002 0.005 0.003 0.015 0.005 0.01 0.002 0.001 0 0.073 0.007 0.027 0.033 0.001 0.002 0.009 0.206 0.001 0.026 0.017 0.565 0.038 0.163 0.03 0.068 0.013 0.256 0.016 0.002 0.005 0.068 0.097 0.003 0.045 0.049 0.126 0.001 0.064 0.156 0.739 0.831 0.007 0.003 0.126 0.16 0.036 0.005 0.75 0.79 1 0.006 0.747 0.005 0.185 0.052 0.628 0.656 0.009 0.005 0.003 0.341 0.024 0.647 0.01 0.685 0.065 0.006 0.19 0.005 0.68 0.023 0.005 0.005 0.013 0.078
0.001 0.002 0.002 0 0.001 0.02 0.004 0.003 0.002 0.001 0.005 0.003 0.002 0 0.004 0.002 0.001 0.001 0.005 0.026 0.004 0.006 0.001 0.005 0.001 0.002 0.002 0.027 0.003 0.003 0.001 0.002 0.056 0.007 0.006 0 0.001 0 0.003 0.004 0.005 0.001 0 0.014 0.005 0.007 0.884 0.006 0.005 0.006 1 0.006 0.001 0.001 0.001 0.006 0.005 0.001 0.001 0 0.002 0.003 0.006 0.001 0.007 0.001 0.004 0.001 0.001 0.005 0.001 0 0.824 0.004 0.001
0.007 0.009 0.011 0.004 0.002 0.001 0.002 0.001 0 0.072 0.007 0.007 0.011 0.006 0 0.009 0.202 0.001 0.013 0.007 0.496 0.035 0.142 0.015 0.07 0.014 0.251 0.007 0.002 0.003 0.06 0.1 0 0.034 0.05 0.13 0.01 0.065 0.165 0.662 0.749 0.007 0.006 0.123 0.163 0.017 0.005 0.739 0.669 0.747 0.006 1 0.005 0.127 0.136 0.754 0.788 0.012 0.005 0.003 0.343 0.025 0.798 0.013 0.813 0.141 0.006 0.141 0.005 0.873 0.023 0.005 0.005 0.014 0.179
0.007 0.009 0.009 0 0.005 0.164 0.003 0.003 0.001 0.006 0.001 0.017 0.023 0 0.003 0.001 0.001 0 0.013 0.096 0 0.001 0.001 0.014 0.003 0.001 0.001 0.152 0.059 0.058 0.016 0.011 0.182 0.006 0.006 0.008 0.004 0.001 0.018 0.004 0.004 0.001 0.456 0 0.016 0.003 0 0.051 0.004 0.005 0.001 0.005 1 0.001 0.001 0.056 0.005 0.003 0.001 0.557 0.002 0.002 0.052 0.002 0.042 0.001 0.001 0.001 0.001 0.005 0.001 0 0.001 0.001 0.001
0.067 0.078 0.064 0.028 0.004 0.002 0.006 0.005 0.003 0 0.001 0.017 0.012 0.001 0.007 0.002 0.002 0.001 0.015 0.003 0.204 0.014 0.051 0.015 0.032 0.003 0.003 0.003 0.001 0.001 0.031 0.042 0.001 0.012 0.011 0.05 0.002 0.012 0.063 0.24 0.21 0 0.001 0.058 0.03 0.003 0.001 0.166 0.234 0.185 0.001 0.127 0.001 1 0.001 0.141 0.201 0.002 0.001 0.001 0.014 0.004 0.13 0.002 0.159 0.001 0.001 0.465 0.001 0.082 0.001 0.001 0.001 0.003 0.001
0.002 0.001 0.001 0.004 0.003 0.012 0.001 0 0.002 0.249 0.001 0.003 0.004 0.054 0.003 0.001 0 0.001 0.013 0.003 0.042 0 0.025 0.012 0.024 0.002 0.001 0.003 0.001 0.001 0.013 0.027 0.001 0.006 0.005 0.032 0.001 0.01 0.008 0.056 0.051 0.002 0.001 0.017 0.024 0 0.001 0.034 0.054 0.052 0.001 0.136 0.001 0.001 1 0.125 0.152 0.002 0.001 0.001 0.003 0.004 0.094 0.002 0.119 0.465 0.001 0.001 0.001 0.138 0.001 0.001 0.001 0.002 0.677
0.02 0.024 0.031 0.002 0.006 0.031 0.004 0.002 0 0.083 0.008 0.002 0.004 0.005 0.001 0.01 0.175 0.001 0.004 0.001 0.457 0.033 0.132 0.004 0.049 0.015 0.137 0.005 0.003 0.001 0.031 0.064 0.024 0.039 0.054 0.088 0.003 0.071 0.177 0.52 0.592 0.013 0.107 0.137 0.177 0.024 0.006 0.806 0.562 0.628 0.006 0.754 0.056 0.141 0.125 1 0.721 0.013 0.006 0.049 0.262 0.027 0.835 0.015 0.928 0.13 0.006 0.154 0.006 0.689 0.02 0.005 0.006 0.015 0.165
0.004 0.005 0.006 0.011 0.016 0.001 0.024 0.02 0.013 0.08 0.006 0.023 0.029 0.008 0.014 0.008 0.185 0.001 0.035 0.006 0.522 0.022 0.18 0.039 0.106 0.012 0.191 0.005 0.001 0.003 0.094 0.137 0 0.03 0.044 0.171 0.002 0.061 0.19 0.701 0.627 0.006 0.007 0.16 0.146 0.011 0.005 0.653 0.753 0.656 0.005 0.788 0.005 0.201 0.152 0.721 1 0.011 0.005 0.003 0.345 0.022 0.676 0.012 0.784 0.157 0.005 0.218 0.005 0.771 0.006 0.004 0.005 0.012 0.199
0.019 0.016 0.015 0.049 0.012 0.002 0.008 0.007 0.003 0.001 0 0.007 0.009 0.006 0.008 0.002 0.003 0.001 0.017 0.003 0.008 0.072 0.029 0.017 0.036 0.003 0.003 0.003 0.001 0.001 0.036 0.038 0.001 0.007 0.007 0.046 0.37 0.008 0.017 0.009 0.01 0 0.002 0.021 0.025 0.062 0.001 0.013 0.01 0.009 0.001 0.012 0.003 0.002 0.002 0.013 0.011 1 0.001 0.001 0.005 0.005 0.014 0.917 0.014 0.002 0.001 0.002 0.001 0.011 0.002 0.001 0.001 0.139 0.002
0.005 0.009 0.004 0.002 0.001 0.001 0.003 0.003 0.001 0.001 0.001 0.004 0.005 0 0.004 0.001 0.001 0 0.003 0.002 0.004 0 0.004 0.003 0.01 0.095 0.002 0.002 0 0.001 0.017 0.023 0 0.006 0.006 0.026 0.001 0.007 0.011 0.004 0.004 0.001 0.001 0 0.016 0.036 0.001 0.006 0.004 0.005 0.001 0.005 0.001 0.001 0.001 0.006 0.005 0.001 1 0 0.002 0.002 0.006 0.001 0.006 0.001 0.001 0.001 0.001 0.005 0.001 0 0.001 0.001 0.001
0.007 0.009 0.009 0.002 0.002 0.127 0.001 0.001 0 0.01 0 0.022 0.031 0 0.001 0.001 0.001 0 0.016 0.075 0 0.005 0.003 0.017 0.006 0.001 0.001 0.114 0.086 0.085 0.021 0.015 0.215 0.003 0.003 0.013 0.001 0.005 0.019 0.002 0.002 0.001 0.364 0 0.009 0.008 0 0.043 0.002 0.003 0 0.003 0.557 0.001 0.001 0.049 0.003 0.001 0 1 0 0.002 0.045 0.001 0.035 0.001 0 0 0 0.003 0 0 0 0.001 0.001
0.008 0.009 0.005 0.029 0.009 0.001 0.015 0.012 0.006 0.001 0.003 0.008 0.011 0 0.003 0.004 0.469 0 0.009 0.003 0.292 0.018 0.094 0.012 0.039 0.005 0.584 0.003 0 0.001 0.04 0.049 0 0.008 0.019 0.065 0.004 0.028 0.121 0.374 0.341 0.004 0.011 0.053 0.068 0.024 0.002 0.362 0.376 0.341 0.002 0.343 0.002 0.014 0.003 0.262 0.345 0.005 0.002 0 1 0.01 0.357 0.006 0.305 0.003 0.002 0.001 0.002 0.35 0.003 0.002 0.002 0.006 0.001
0.03 0.04 0.04 0.07 0.018 0.005 0.01 0.008 0.007 0.003 0.003 0.028 0.037 0.002 0.011 0.004 0.006 0.002 0.03 0.008 0.017 0.027 0.053 0.031 0.01 0.182 0.007 0.008 0.002 0.002 0.011 0.003 0.002 0.024 0.022 0.071 0.003 0.3 0.058 0.019 0.02 0.006 0.004 0.056 0.144 0.049 0.002 0.027 0.019 0.024 0.003 0.025 0.002 0.004 0.004 0.027 0.022 0.005 0.002 0.002 0.01 1 0.027 0.006 0.028 0.003 0.003 0.005 0.002 0.022 0.003 0.002 0.002 0.002 0.004
0.014 0.02 0.021 0.002 0.004 0.027 0.004 0.002 0 0.057 0.008 0.001 0.002 0.005 0.001 0.01 0.183 0.001 0.005 0.001 0.469 0.038 0.115 0.006 0.055 0.015 0.228 0.003 0.002 0.001 0.036 0.07 0.021 0.042 0.055 0.096 0.011 0.072 0.191 0.576 0.65 0.008 0.092 0.1 0.18 0.028 0.006 0.807 0.583 0.647 0.006 0.798 0.052 0.13 0.094 0.835 0.676 0.014 0.006 0.045 0.357 0.027 1 0.015 0.889 0.128 0.006 0.179 0.006 0.693 0.019 0.005 0.006 0.012 0.131
0.021 0.018 0.018 0.054 0.013 0.003 0.008 0.007 0.004 0.001 0.001 0.009 0.011 0.005 0.009 0.002 0.003 0.001 0.019 0.003 0.009 0.085 0.035 0.018 0.039 0.004 0.004 0.003 0.001 0.001 0.039 0.042 0.001 0.004 0.008 0.051 0.372 0.009 0.02 0.01 0.011 0 0.002 0.023 0.028 0.071 0.001 0.015 0.01 0.01 0.001 0.013 0.002 0.002 0.002 0.015 0.012 0.917 0.001 0.001 0.006 0.006 0.015 1 0.015 0.002 0.001 0.003 0.001 0.012 0.002 0.001 0.001 0.17 0.002
0.017 0.021 0.023 0.004 0.005 0.023 0.005 0.002 0 0.081 0.008 0.002 0.003 0.005 0.001 0.01 0.175 0.001 0.006 0 0.472 0.033 0.127 0.008 0.06 0.016 0.177 0.002 0 0 0.04 0.077 0.023 0.042 0.058 0.105 0.004 0.075 0.189 0.584 0.655 0.009 0.089 0.131 0.187 0.025 0.006 0.853 0.627 0.685 0.007 0.813 0.042 0.159 0.119 0.928 0.784 0.014 0.006 0.035 0.305 0.028 0.889 0.015 1 0.123 0.007 0.172 0.006 0.748 0.018 0.005 0.006 0.013 0.156
0.001 0.002 0.002 0.002 0.002 0.013 0.001 0 0.002 0.106 0.001 0.002 0.003 0.057 0.005 0.001 0 0.001 0.012 0.003 0.054 0 0.032 0.012 0.023 0.002 0.001 0.002 0.001 0.001 0.022 0.025 0.001 0.006 0.005 0.03 0.001 0.01 0.01 0.071 0.062 0.002 0.001 0.009 0.023 0 0.001 0.045 0.068 0.065 0.001 0.141 0.001 0.001 0.465 0.13 0.157 0.002 0.001 0.001 0.003 0.003 0.128 0.002 0.123 1 0.001 0.002 0.001 0.143 0.001 0.001 0.001 0.002 0.605
0.001 0.007 0.004 0.019 0.001 0.001 0.002 0.001 0 0.001 0 0.006 0.007 0 0.002 0.001 0.001 0.001 0.005 0.001 0.004 0.007 0.013 0.005 0.027 0 0.002 0.001 0.001 0.001 0.028 0.02 0 0.007 0.006 0.02 0.001 0.082 0.016 0.004 0.005 0.001 0.001 0.013 0.034 0.009 0.005 0.006 0.004 0.006 0.004 0.006 0.001 0.001 0.001 0.006 0.005 0.001 0.001 0 0.002 0.003 0.006 0.001 0.007 0.001 1 0.001 0.001 0.005 0.001 0 0.001 0.001 0.001
0.044 0.05 0.042 0.013 0.002 0.001 0.007 0.006 0.003 0.007 0.001 0.011 0.011 0.001 0.006 0.002 0.002 0.001 0.011 0.002 0.175 0.012 0.044 0.013 0.03 0.003 0.003 0.002 0 0 0.029 0.042 0.001 0.011 0.012 0.049 0.002 0.013 0.062 0.23 0.201 0 0 0.039 0.032 0.001 0.001 0.18 0.24 0.19 0.001 0.141 0.001 0.465 0.001 0.154 0.218 0.002 0.001 0 0.001 0.005 0.179 0.003 0.172 0.002 0.001 1 0.001 0.113 0.001 0.001 0.001 0.003 0
0.002 0.011 0.011 0.014 0.005 0.001 0.003 0.003 0.001 0.001 0.001 0.009 0.002 0 0.004 0.001 0 0 0.008 0.002 0.001 0.007 0.009 0.008 0.025 0.001 0 0.002 0 0 0.032 0.023 0 0.006 0.006 0.02 0.001 0.079 0.015 0.004 0.004 0.001 0.001 0.006 0.033 0.012 0.001 0.006 0.004 0.005 0.001 0.005 0.001 0.001 0.001 0.006 0.005 0.001 0.001 0 0.002 0.002 0.006 0.001 0.006 0.001 0.001 0.001 1 0.005 0.001 0 0.001 0.001 0.001
0.002 0.002 0.003 0.01 0.004 0 0.007 0.004 0.003 0.071 0.006 0.011 0.015 0.008 0.002 0.008 0.201 0.001 0.018 0.008 0.446 0.023 0.146 0.021 0.079 0.012 0.253 0.007 0.001 0.003 0.068 0.108 0 0.03 0.045 0.138 0.002 0.06 0.153 0.614 0.64 0.006 0.005 0.127 0.15 0.021 0.005 0.673 0.661 0.68 0.005 0.873 0.005 0.082 0.138 0.689 0.771 0.011 0.005 0.003 0.35 0.022 0.693 0.012 0.748 0.143 0.005 0.113 0.005 1 0.006 0.004 0.005 0.013 0.189
0.004 0.006 0.006 0.024 0.02 0.001 0.04 0.049 0.052 0.001 0.001 0.008 0.059 0.001 0.037 0.001 0.002 0.001 0.01 0.002 0.005 0.009 0.016 0.01 0.002 0.002 0.002 0.002 0.001 0.001 0.002 0 0.001 0.008 0.007 0 0.001 0.006 0.019 0.005 0.021 0.001 0.001 0.002 0.02 0.002 0.001 0.02 0.005 0.023 0.001 0.023 0.001 0.001 0.001 0.02 0.006 0.002 0.001 0 0.003 0.003 0.019 0.002 0.018 0.001 0.001 0.001 0.001 0.006 1 0.001 0.001 0.002 0.001
0.007 0.005 0.005 0.014 0.002 0.001 0.001 0.001 0.001 0 0.001 0.005 0.006 0 0.003 0.001 0.001 0.465 0.004 0.001 0.003 0.033 0.016 0.004 0.007 0.001 0.001 0.001 0 0 0.004 0.013 0 0.05 0.054 0.011 0.001 0.006 0.018 0.003 0.004 0.001 0.001 0.023 0.02 0.005 0 0.005 0.004 0.005 0 0.005 0 0.001 0.001 0.005 0.004 0.001 0 0 0.002 0.002 0.005 0.001 0.005 0.001 0 0.001 0 0.004 0.001 1 0 0.001 0.001
0.001 0.002 0.002 0 0.001 0.022 0.003 0.003 0.001 0.001 0.005 0.004 0.003 0 0.004 0.003 0.001 0 0.006 0.028 0.004 0.009 0.002 0.006 0 0.001 0.002 0.029 0.004 0.004 0 0.004 0.061 0.006 0.006 0.001 0.001 0.002 0.003 0.004 0.004 0.001 0.001 0.013 0.009 0.005 0.773 0.006 0.004 0.005 0.824 0.005 0.001 0.001 0.001 0.006 0.005 0.001 0.001 0 0.002 0.002 0.006 0.001 0.006 0.001 0.001 0.001 0.001 0.005 0.001 0 1 0.004 0.001
0.005 0.003 0.003 0.005 0.013 0.016 0.009 0.007 0.004 0.001 0.001 0.001 0 0.005 0.009 0.002 0.003 0.001 0.001 0.014 0.007 0.015 0.001 0.001 0 0.004 0.004 0.015 0.05 0.049 0.008 0.005 0.001 0.001 0.003 0.008 0.027 0 0.013 0.01 0.011 0.005 0.002 0.018 0.001 0.019 0.002 0.015 0.011 0.013 0.004 0.014 0.001 0.003 0.002 0.015 0.012 0.139 0.001 0.001 0.006 0.002 0.012 0.17 0.013 0.002 0.001 0.003 0.001 0.013 0.002 0.001 0.004 1 0.002
0 0 0.001 0.001 0.003 0.009 0.002 0.001 0.003 0.19 0.001 0.004 0.005 0.043 0.003 0.002 0.001 0.001 0.013 0.003 0.074 0 0.038 0.013 0.029 0.003 0.001 0.003 0.001 0.001 0.017 0.033 0.001 0.007 0.007 0.04 0.002 0.012 0.014 0.088 0.078 0.002 0 0.03 0.029 0.001 0.001 0.063 0.09 0.078 0.001 0.179 0.001 0.001 0.677 0.165 0.199 0.002 0.001 0.001 0.001 0.004 0.131 0.002 0.156 0.605 0.001 0 0.001 0.189 0.001 0.001 0.001 0.002 1
