1 0.791 0.828 0.435 0.318 0.12 0.228 0.209 0.114 0.032 0.031 0.474 0.437 0.012 0.231 0.041 0.031 0.015 0.511 0.152 0 0.121 0.08 0.515 0.28 0.006 0.033 0.148 0.067 0.07 0.241 0.137 0.025 0.054 0.036 0.118 0.018 0.019 0.088 0.002 0.001 0.001 0.079 0.054 0.006 0.068 0.005 0.039 0.001 0.002 0.002 0.015 0.014 0.033 0.022 0.029 0.002 0.014 0.006 0.024 0.006 0.003 0.014 0.015 0.027 0.001 0.012 0.036 0.001 0.006 0.025 0.01 0.003 0.008 0.008
0.791 1 0.947 0.456 0.334 0.151 0.288 0.263 0.143 0.025 0.039 0.544 0.506 0.009 0.235 0.053 0.024 0.012 0.51 0.192 0.002 0.137 0.081 0.584 0.301 0.021 0.026 0.189 0.084 0.088 0.258 0.148 0.034 0.05 0.053 0.116 0.016 0.035 0.106 0 0.004 0.003 0.058 0.049 0.005 0.054 0.008 0.029 0.002 0.002 0.005 0.007 0.021 0.045 0.017 0.019 0 0.012 0.005 0.033 0.016 0.019 0.016 0.013 0.018 0 0.012 0.033 0.007 0.006 0.026 0.008 0.003 0.007 0.005
0.828 0.947 1 0.482 0.387 0.144 0.274 0.251 0.137 0.026 0.037 0.587 0.546 0.01 0.283 0.05 0.026 0.013 0.552 0.183 0.001 0.142 0.09 0.631 0.328 0.022 0.028 0.18 0.08 0.084 0.281 0.164 0.032 0.07 0.048 0.129 0.017 0.037 0.12 0.001 0.002 0.003 0.099 0.06 0.003 0.059 0.007 0.039 0.003 0.001 0.004 0.013 0.019 0.042 0.018 0.028 0.001 0.012 0.004 0.031 0.01 0.02 0.018 0.013 0.027 0 0.013 0.047 0.007 0.012 0.025 0.008 0.003 0.008 0.005
0.435 0.456 0.482 1 0.213 0.053 0.141 0.129 0.07 0.051 0.019 0.295 0.265 0.019 0.157 0.03 0.05 0.025 0.261 0.072 0.012 0.29 0.297 0.319 0.575 0.011 0.051 0.069 0.041 0.043 0.542 0.344 0.009 0.014 0.007 0.425 0.032 0.221 0.002 0.04 0.017 0.013 0.043 0 0.232 0.155 0.002 0.001 0.054 0.028 0 0.008 0.005 0.016 0.027 0.003 0.026 0.03 0.012 0.006 0.038 0.059 0.007 0.032 0.004 0.005 0.006 0.009 0.018 0.008 0.011 0.015 0 0.021 0.018
0.318 0.334 0.387 0.213 1 0.014 0.558 0.517 0.269 0.012 0.004 0.516 0.476 0.005 0.665 0.108 0.012 0.005 0.502 0.019 0.042 0.072 0.149 0.538 0.301 0.01 0.013 0.02 0.008 0.008 0.272 0.202 0.005 0.238 0.176 0.175 0.008 0.027 0.025 0.046 0.01 0.007 0.001 0.064 0.043 0.045 0.002 0.007 0.052 0.009 0.001 0.002 0.007 0.009 0.008 0.003 0.028 0.005 0.003 0.007 0.009 0.007 0.006 0.005 0.005 0.006 0.006 0.002 0.003 0.001 0.041 0.002 0.002 0.01 0.012
0.12 0.151 0.144 0.053 0.014 1 0.008 0.008 0.004 0.004 0.001 0.164 0.154 0.001 0.011 0.002 0.004 0.002 0.162 0.741 0.014 0.022 0.046 0.171 0.097 0.003 0.004 0.676 0.562 0.584 0.081 0.043 0.167 0.015 0.013 0.033 0.002 0.013 0.055 0.008 0.009 0.002 0.33 0.014 0.032 0.014 0.019 0.047 0.009 0.013 0.011 0 0.129 0.003 0.002 0.012 0.001 0.003 0.002 0.185 0.006 0.004 0.01 0.003 0.02 0.002 0.002 0.004 0.001 0 0.001 0.001 0.019 0 0.004
0.228 0.288 0.274 0.141 0.558 0.008 1 0.915 0.498 0.007 0.002 0.31 0.292 0.003 0.729 0.003 0.007 0.003 0.308 0.011 0.025 0.044 0.09 0.33 0.189 0.006 0.008 0.012 0.005 0.005 0.184 0.132 0.004 0.258 0.297 0.121 0.005 0.021 0.044 0.029 0 0.004 0.01 0.111 0.097 0.039 0.002 0.006 0.033 0 0.003 0.002 0.004 0.006 0.005 0.003 0.041 0.002 0.003 0.004 0.017 0.002 0.002 0.002 0.004 0.004 0.004 0.007 0.002 0.001 0.086 0.002 0.003 0.008 0.007
0.209 0.263 0.251 0.129 0.517 0.008 0.915 1 0.544 0.007 0.002 0.284 0.267 0.003 0.668 0.003 0.006 0.003 0.282 0.01 0.023 0.04 0.082 0.301 0.172 0.006 0.007 0.011 0.004 0.005 0.167 0.119 0.003 0.218 0.251 0.11 0.004 0.019 0.034 0.027 0 0.004 0.009 0.096 0.079 0.038 0.001 0.003 0.03 0 0.002 0.001 0.004 0.005 0.004 0.001 0.037 0.001 0.003 0.004 0.015 0.002 0.001 0.001 0.002 0.003 0.003 0.006 0.001 0 0.094 0.002 0.003 0.007 0.007
0.114 0.143 0.137 0.07 0.269 0.004 0.498 0.544 1 0.004 0.001 0.155 0.146 0.001 0.382 0.002 0.004 0.002 0.155 0.006 0.013 0.022 0.045 0.166 0.095 0.003 0.004 0.006 0.002 0.002 0.102 0.069 0.002 0.082 0.094 0.068 0.002 0.009 0.008 0.015 0.002 0.002 0.005 0.048 0.026 0.028 0.001 0.001 0.017 0.005 0.001 0.001 0.002 0.003 0.003 0.001 0.021 0.003 0.001 0.002 0.008 0.004 0.002 0.003 0.001 0.002 0.002 0.003 0.001 0.003 0.139 0.001 0.001 0.004 0.004
0.032 0.025 0.026 0.051 0.012 0.004 0.007 0.007 0.004 1 0.001 0.006 0.001 0.001 0.009 0.002 0.003 0.002 0.014 0.005 0.275 0.02 0.077 0.022 0.037 0.003 0.003 0.005 0.002 0.002 0.02 0.029 0.007 0.013 0.011 0.035 0.002 0.011 0.068 0.178 0.113 0.002 0 0.069 0.026 0.014 0.001 0.117 0.154 0.116 0.001 0.108 0.005 0 0.352 0.117 0.123 0.001 0.001 0.005 0.001 0.003 0.121 0.002 0.116 0.037 0.002 0.002 0 0.099 0.001 0.001 0.002 0.004 0.232
0.031 0.039 0.037 0.019 0.004 0.001 0.002 0.002 0.001 0.001 1 0.043 0.04 0 0.003 0.001 0.001 0.001 0.043 0.2 0.004 0.005 0.012 0.046 0.023 0.001 0.001 0.17 0.001 0.001 0.025 0.021 0.001 0.003 0.002 0.018 0.001 0.079 0.013 0.005 0.005 0 0.001 0.011 0.038 0.007 0.051 0.009 0.005 0.006 0.034 0.007 0.001 0.001 0.001 0.008 0.006 0 0 0.001 0.003 0.001 0.008 0 0.009 0.001 0 0.001 0 0.006 0 0 0.022 0.009 0.001
0.474 0.544 0.587 0.295 0.516 0.164 0.31 0.284 0.155 0.006 0.043 1 0.908 0.008 0.362 0.063 0.018 0.01 0.756 0.209 0.054 0.116 0.219 0.849 0.456 0.015 0.02 0.207 0.092 0.098 0.414 0.28 0.038 0.097 0.068 0.243 0.015 0.016 0.054 0.055 0.028 0.011 0.116 0.016 0.012 0.071 0.016 0.002 0.065 0.023 0.011 0.002 0.024 0.011 0.016 0 0.021 0.008 0.004 0.043 0.012 0.012 0 0.009 0 0.012 0.011 0 0.006 0.002 0.03 0.007 0.007 0.001 0.024
0.437 0.506 0.546 0.265 0.476 0.154 0.292 0.267 0.146 0.001 0.04 0.908 1 0.009 0.341 0.06 0.02 0.011 0.73 0.206 0.047 0.105 0.194 0.822 0.418 0.013 0.021 0.195 0.086 0.092 0.399 0.291 0.063 0.111 0.078 0.257 0.015 0.021 0.063 0.063 0.035 0.002 0.144 0.022 0.012 0.057 0.015 0.002 0.074 0.03 0.009 0.004 0.043 0.012 0.017 0 0.025 0.009 0.004 0.067 0.012 0.016 0 0.01 0 0.013 0.011 0 0.006 0.003 0.028 0.007 0.006 0.002 0.025
0.012 0.009 0.01 0.019 0.005 0.001 0.003 0.003 0.001 0.001 0 0.008 0.009 1 0.004 0.001 0.001 0.001 0.009 0.002 0.004 0.062 0.031 0.009 0.015 0.001 0.001 0.002 0.001 0.001 0.014 0.018 0.001 0.005 0.004 0.021 0.015 0.005 0.002 0.005 0.005 0.001 0.002 0.014 0.011 0.048 0 0.009 0.005 0.007 0.001 0.007 0.001 0.001 0.001 0.008 0.006 0.044 0.001 0.001 0.002 0.001 0.007 0.041 0.009 0 0.001 0.001 0 0.006 0 0 0.001 0.028 0.001
0.231 0.235 0.283 0.157 0.665 0.011 0.729 0.668 0.382 0.009 0.003 0.362 0.341 0.004 1 0.004 0.009 0.005 0.404 0.014 0.034 0.057 0.119 0.432 0.247 0.008 0.01 0.016 0.006 0.006 0.214 0.152 0.005 0.313 0.232 0.137 0.006 0.017 0.065 0.025 0.001 0.006 0.004 0.137 0.075 0.041 0.002 0 0.029 0 0.003 0.002 0.005 0.007 0.007 0.001 0.01 0.003 0.004 0.005 0 0.004 0 0.003 0 0.005 0.005 0.001 0.002 0.004 0.064 0.004 0.005 0.01 0.01
0.041 0.053 0.05 0.03 0.108 0.002 0.003 0.003 0.002 0.002 0.001 0.063 0.06 0.001 0.004 1 0.001 0.001 0.063 0.002 0.005 0.009 0.018 0.068 0.038 0.001 0.002 0.003 0.001 0.001 0.041 0.032 0.001 0.006 0.005 0.027 0.001 0.005 0.017 0.006 0.006 0.001 0.002 0.017 0.008 0.009 0 0.011 0.006 0.008 0 0.009 0.001 0.001 0.001 0.01 0.008 0.001 0.001 0.001 0.003 0.002 0.01 0.001 0.011 0.001 0.001 0.001 0 0.008 0 0.001 0 0.002 0.002
0.031 0.024 0.026 0.05 0.012 0.004 0.007 0.006 0.004 0.003 0.001 0.018 0.02 0.001 0.009 0.001 1 0.002 0.023 0.005 0.273 0.02 0.077 0.021 0.037 0.003 0.928 0.005 0.002 0.002 0.034 0.043 0.002 0.012 0.011 0.052 0.002 0.011 0.071 0.231 0.211 0.002 0.004 0.038 0.027 0.022 0.001 0.124 0.203 0.169 0.001 0.132 0.002 0 0.001 0.085 0.161 0.003 0.001 0.002 0.405 0.004 0.139 0.003 0.124 0.001 0.002 0 0.001 0.136 0.001 0.001 0.002 0.004 0.002
0.015 0.012 0.013 0.025 0.005 0.002 0.003 0.003 0.002 0.002 0.001 0.01 0.011 0.001 0.005 0.001 0.002 1 0.011 0.002 0.006 0.079 0.038 0.01 0.018 0.001 0.002 0.003 0.001 0.001 0.017 0.035 0.001 0.125 0.142 0.03 0.001 0.006 0.012 0.001 0.001 0.001 0.002 0.015 0.012 0.013 0 0.004 0.001 0.002 0.001 0.003 0.001 0.001 0.001 0.004 0.002 0.001 0.001 0.001 0 0.002 0.003 0.001 0.004 0.001 0.001 0.002 0 0.002 0 0.327 0.001 0.002 0.002
0.511 0.51 0.552 0.261 0.502 0.162 0.308 0.282 0.155 0.014 0.043 0.756 0.73 0.009 0.404 0.063 0.023 0.011 1 0.219 0.067 0.096 0.212 0.894 0.469 0.019 0.022 0.178 0.092 0.096 0.385 0.248 0.019 0.094 0.063 0.207 0.009 0.021 0.043 0.056 0.02 0.014 0.099 0.022 0.009 0.078 0.016 0.004 0.046 0.014 0.01 0 0.01 0.018 0.017 0 0.01 0.006 0.006 0.024 0.001 0.017 0 0.007 0.001 0.014 0.011 0.001 0.007 0.001 0.023 0.007 0.013 0.001 0.025
0.152 0.192 0.183 0.072 0.019 0.741 0.011 0.01 0.006 0.005 0.2 0.209 0.206 0.002 0.014 0.002 0.005 0.002 0.219 1 0.018 0.03 0.063 0.233 0.129 0.004 0.005 0.869 0.422 0.44 0.108 0.063 0.123 0.02 0.017 0.05 0.003 0.001 0.021 0.013 0.015 0.003 0.241 0.027 0.004 0.021 0.055 0.022 0.015 0.02 0.034 0.001 0.094 0.004 0.004 0.002 0 0.002 0.002 0.136 0.009 0.006 0.002 0.002 0.006 0.003 0.002 0.002 0.002 0.003 0.002 0.002 0.038 0.001 0.005
0 0.002 0.001 0.012 0.042 0.014 0.025 0.023 0.013 0.275 0.004 0.054 0.047 0.004 0.034 0.005 0.273 0.006 0.067 0.018 1 0.068 0.276 0.077 0.113 0.01 0.273 0.02 0.008 0.008 0.107 0.14 0 0.045 0.04 0.167 0.007 0.041 0.211 0.675 0.55 0 0.005 0.172 0.078 0.015 0.004 0.388 0.591 0.48 0.005 0.4 0 0.162 0.093 0.344 0.461 0.008 0.004 0 0.199 0.013 0.405 0.009 0.39 0.04 0.007 0.096 0.003 0.377 0.002 0.004 0.007 0.01 0.117
0.121 0.137 0.142 0.29 0.072 0.022 0.044 0.04 0.022 0.02 0.005 0.116 0.105 0.062 0.057 0.009 0.02 0.079 0.096 0.03 0.068 1 0.402 0.132 0.221 0.017 0.016 0.034 0.014 0.014 0.208 0.042 0.01 0.021 0.028 0.063 0.064 0.07 0.032 0.054 0.061 0.05 0.027 0.016 0.017 0.13 0 0.064 0.021 0.028 0.003 0.044 0.009 0.016 0.006 0.047 0.03 0.045 0.001 0.012 0.005 0.016 0.048 0.051 0.055 0 0.001 0.019 0.006 0.048 0.003 0.049 0.011 0.056 0.003
0.08 0.081 0.09 0.297 0.149 0.046 0.09 0.082 0.045 0.077 0.012 0.219 0.194 0.031 0.119 0.018 0.077 0.038 0.212 0.063 0.276 0.402 1 0.273 0.434 0.035 0.083 0.07 0.028 0.029 0.409 0.202 0.007 0.001 0 0.266 0.027 0.145 0.044 0.186 0.128 0.041 0.038 0.048 0.1 0.04 0.002 0.07 0.219 0.154 0 0.096 0.008 0.04 0.029 0.072 0.141 0.015 0 0.01 0.084 0.038 0.075 0.018 0.074 0.011 0.001 0.014 0.011 0.082 0.006 0.022 0.001 0.014 0.031
0.515 0.584 0.631 0.319 0.538 0.171 0.33 0.301 0.166 0.022 0.046 0.849 0.822 0.009 0.432 0.068 0.021 0.01 0.894 0.233 0.077 0.132 0.273 1 0.547 0.018 0.023 0.222 0.098 0.103 0.452 0.305 0.041 0.106 0.071 0.26 0.014 0.018 0.057 0.062 0.023 0.013 0.133 0.019 0.014 0.084 0.017 0.002 0.072 0.027 0.012 0.003 0.027 0.017 0.016 0 0.022 0.009 0.007 0.047 0.009 0.016 0 0.01 0 0.013 0.01 0.001 0.006 0.002 0.025 0.007 0.009 0.005 0.023
0.28 0.301 0.328 0.575 0.301 0.097 0.189 0.172 0.095 0.037 0.023 0.456 0.418 0.015 0.247 0.038 0.037 0.018 0.469 0.129 0.113 0.221 0.434 0.547 1 0.032 0.04 0.124 0.055 0.058 0.834 0.584 0.02 0.037 0.022 0.498 0.018 0.137 0 0.123 0.073 0.008 0.072 0.002 0.2 0.15 0.003 0.016 0.142 0.081 0.001 0.04 0.012 0.03 0.024 0.024 0.078 0.015 0.01 0.025 0.032 0.005 0.031 0.017 0.025 0.021 0 0.008 0.024 0.035 0.012 0.012 0 0.008 0.041
0.006 0.021 0.022 0.011 0.01 0.003 0.006 0.006 0.003 0.003 0.001 0.015 0.013 0.001 0.008 0.001 0.003 0.001 0.019 0.004 0.01 0.017 0.035 0.018 0.032 1 0.003 0.005 0.002 0.002 0.03 0.039 0.001 0.011 0.009 0.019 0.002 0.107 0.032 0.012 0.01 0 0.004 0.018 0.035 0.004 0.001 0.017 0.011 0.01 0.001 0.014 0.002 0.002 0.002 0.015 0.014 0.002 0.048 0.002 0.005 0.197 0.015 0.002 0.017 0.002 0.031 0.003 0.001 0.014 0 0.001 0.002 0.003 0.003
0.033 0.026 0.028 0.051 0.013 0.004 0.008 0.007 0.004 0.003 0.001 0.02 0.021 0.001 0.01 0.002 0.928 0.002 0.022 0.005 0.273 0.016 0.083 0.023 0.04 0.003 1 0.006 0.002 0.002 0.037 0.046 0.002 0.013 0.012 0.056 0.002 0.012 0.068 0.23 0.21 0.002 0.005 0.035 0.029 0.02 0.001 0.122 0.202 0.167 0.001 0.131 0.002 0 0.001 0.077 0.155 0.003 0.001 0.002 0.406 0.004 0.137 0.003 0.118 0.001 0.002 0 0.001 0.135 0.001 0.001 0.002 0.004 0.002
0.148 0.189 0.18 0.069 0.02 0.676 0.012 0.011 0.006 0.005 0.17 0.207 0.195 0.002 0.016 0.003 0.005 0.003 0.178 0.869 0.02 0.034 0.07 0.222 0.124 0.005 0.006 1 0.389 0.405 0.129 0.08 0.191 0.021 0.017 0.064 0.003 0.001 0.033 0.014 0.016 0.003 0.343 0.021 0.007 0.028 0.05 0.037 0.017 0.022 0.031 0.002 0.214 0.004 0.004 0.01 0.001 0.003 0.002 0.21 0.01 0.006 0.009 0.003 0.015 0.003 0.003 0.001 0.002 0.004 0.002 0.002 0.033 0.001 0.006
0.067 0.084 0.08 0.041 0.008 0.562 0.005 0.004 0.002 0.002 0.001 0.092 0.086 0.001 0.006 0.001 0.002 0.001 0.092 0.422 0.008 0.014 0.028 0.098 0.055 0.002 0.002 0.389 1 0.949 0.037 0.026 0.003 0.009 0.008 0.021 0.001 0.008 0.027 0.009 0.01 0.001 0.172 0.026 0.019 0.006 0.006 0.016 0.011 0.013 0.003 0.007 0.1 0.002 0.002 0.002 0.006 0.002 0.001 0.1 0.005 0.002 0.001 0.002 0.001 0.001 0.001 0.001 0.001 0.006 0.001 0.001 0.013 0 0.002
0.07 0.088 0.084 0.043 0.008 0.584 0.005 0.005 0.002 0.002 0.001 0.098 0.092 0.001 0.006 0.001 0.002 0.001 0.096 0.44 0.008 0.014 0.029 0.103 0.058 0.002 0.002 0.405 0.949 1 0.039 0.029 0.007 0.008 0.007 0.024 0.001 0.008 0.03 0.01 0.01 0.001 0.185 0.027 0.018 0.007 0.006 0.018 0.011 0.013 0.003 0.005 0.098 0.002 0.002 0.003 0.004 0.002 0.001 0.098 0.003 0.002 0.002 0.002 0.001 0.001 0.001 0.001 0.001 0.004 0.001 0.001 0.013 0 0.002
0.241 0.258 0.281 0.542 0.272 0.081 0.184 0.167 0.102 0.02 0.025 0.414 0.399 0.014 0.214 0.041 0.034 0.017 0.385 0.108 0.107 0.208 0.409 0.452 0.834 0.03 0.037 0.129 0.037 0.039 1 0.715 0.046 0.048 0.031 0.623 0.022 0.152 0.004 0.134 0.079 0.022 0.124 0.002 0.208 0.191 0.004 0.008 0.152 0.086 0 0.04 0.049 0.027 0.019 0.013 0.079 0.026 0.015 0.054 0.042 0.007 0.018 0.027 0.014 0.02 0 0.007 0.026 0.035 0.014 0.01 0.001 0.015 0.034
0.137 0.148 0.164 0.344 0.202 0.043 0.132 0.119 0.069 0.029 0.021 0.28 0.291 0.018 0.152 0.032 0.043 0.035 0.248 0.063 0.14 0.042 0.202 0.305 0.584 0.039 0.046 0.08 0.026 0.029 0.715 1 0.033 0.271 0.244 0.844 0.029 0.101 0.028 0.175 0.119 0.016 0.095 0.002 0.35 0.17 0.001 0.032 0.199 0.126 0 0.075 0.041 0.036 0.021 0.035 0.116 0.03 0.019 0.026 0.049 0.002 0.046 0.032 0.04 0.017 0 0.02 0.02 0.067 0.007 0.015 0.003 0.017 0.04
0.025 0.034 0.032 0.009 0.005 0.167 0.004 0.003 0.002 0.007 0.001 0.038 0.063 0.001 0.005 0.001 0.002 0.001 0.019 0.123 0 0.01 0.007 0.041 0.02 0.001 0.002 0.191 0.003 0.007 0.046 0.033 1 0.006 0.006 0.03 0.001 0.006 0.036 0.007 0.008 0.001 0.234 0 0.014 0.013 0.052 0.032 0.008 0.01 0.039 0 0.23 0.001 0.001 0.013 0 0.001 0.001 0.23 0.002 0.002 0.012 0.001 0.032 0.001 0.001 0.002 0 0 0.001 0.001 0.024 0 0.002
0.054 0.05 0.07 0.014 0.238 0.015 0.258 0.218 0.082 0.013 0.003 0.097 0.111 0.005 0.313 0.006 0.012 0.125 0.094 0.02 0.045 0.021 0.001 0.106 0.037 0.011 0.013 0.021 0.009 0.008 0.048 0.271 0.006 1 0.872 0.23 0.008 0.044 0.211 0.043 0.048 0.086 0.001 0.16 0.24 0.02 0.003 0.041 0.05 0.052 0.005 0.024 0.006 0.01 0.004 0.028 0.019 0.008 0.005 0.007 0.004 0.007 0.041 0.006 0.035 0.002 0.007 0.004 0.004 0.019 0.001 0.066 0.007 0.007 0.008
0.036 0.053 0.048 0.007 0.176 0.013 0.297 0.251 0.094 0.011 0.002 0.068 0.078 0.004 0.232 0.005 0.011 0.142 0.063 0.017 0.04 0.028 0 0.071 0.022 0.009 0.012 0.017 0.008 0.007 0.031 0.244 0.006 0.872 1 0.21 0.007 0.039 0.188 0.037 0.041 0.099 0.014 0.133 0.296 0.015 0.003 0.074 0.043 0.046 0.004 0.054 0.005 0.009 0.003 0.057 0.047 0.007 0.005 0.005 0.017 0.006 0.057 0.007 0.066 0.002 0.006 0.011 0.003 0.048 0.001 0.075 0.006 0.007 0.006
0.118 0.116 0.129 0.425 0.175 0.033 0.121 0.11 0.068 0.035 0.018 0.243 0.257 0.021 0.137 0.027 0.052 0.03 0.207 0.05 0.167 0.063 0.266 0.26 0.498 0.019 0.056 0.064 0.021 0.024 0.623 0.844 0.03 0.23 0.21 1 0.034 0.218 0.01 0.207 0.143 0.013 0.082 0 0.462 0.213 0.001 0.049 0.235 0.148 0 0.097 0.032 0.041 0.025 0.052 0.147 0.036 0.011 0.022 0.063 0.058 0.064 0.038 0.059 0.021 0.004 0.025 0.017 0.086 0.011 0.012 0.004 0.023 0.047
0.018 0.016 0.017 0.032 0.008 0.002 0.005 0.004 0.002 0.002 0.001 0.015 0.015 0.015 0.006 0.001 0.002 0.001 0.009 0.003 0.007 0.064 0.027 0.014 0.018 0.002 0.002 0.003 0.001 0.001 0.022 0.029 0.001 0.008 0.007 0.034 1 0.007 0.013 0.007 0.008 0.001 0.003 0.016 0.013 0.039 0.001 0.009 0.004 0.004 0.001 0.012 0.001 0.002 0.002 0.008 0.005 0.184 0.001 0.001 0.003 0 0.013 0.196 0.009 0.001 0.001 0.002 0.001 0.006 0.001 0.001 0.001 0.042 0.002
0.019 0.035 0.037 0.221 0.027 0.013 0.021 0.019 0.009 0.011 0.079 0.016 0.021 0.005 0.017 0.005 0.011 0.006 0.021 0.001 0.041 0.07 0.145 0.018 0.137 0.107 0.012 0.001 0.008 0.008 0.152 0.101 0.006 0.044 0.039 0.218 0.007 1 0.159 0.049 0.051 0.007 0.015 0.128 0.407 0.072 0.001 0.087 0.055 0.064 0 0.073 0.006 0.009 0.009 0.081 0.068 0.007 0.005 0.006 0.027 0.247 0.078 0.008 0.087 0.007 0.057 0.011 0.081 0.065 0.001 0.004 0 0.001 0.013
0.088 0.106 0.12 0.002 0.025 0.055 0.044 0.034 0.008 0.068 0.013 0.054 0.063 0.002 0.065 0.017 0.071 0.012 0.043 0.021 0.211 0.032 0.044 0.057 0 0.032 0.068 0.033 0.027 0.03 0.004 0.028 0.036 0.211 0.188 0.01 0.013 0.159 1 0.307 0.221 0.022 0.095 0.414 0 0.087 0.001 0.311 0.241 0.155 0.005 0.212 0.037 0.057 0.036 0.238 0.275 0.02 0.007 0.036 0.077 0.039 0.227 0.022 0.265 0.029 0.026 0.069 0.012 0.205 0.01 0.008 0.011 0.027 0.046
0.002 0 0.001 0.04 0.046 0.008 0.029 0.027 0.015 0.178 0.005 0.055 0.063 0.005 0.025 0.006 0.231 0.001 0.056 0.013 0.675 0.054 0.186 0.062 0.123 0.012 0.23 0.014 0.009 0.01 0.134 0.175 0.007 0.043 0.037 0.207 0.007 0.049 0.307 1 0.825 0.009 0.018 0.233 0.116 0.038 0.004 0.534 0.881 0.713 0.006 0.606 0.008 0.184 0.124 0.477 0.7 0.011 0.006 0.001 0.235 0.015 0.515 0.012 0.527 0.108 0.008 0.151 0.003 0.591 0.004 0.005 0.009 0.016 0.179
0.001 0.004 0.002 0.017 0.01 0.009 0 0 0.002 0.113 0.005 0.028 0.035 0.005 0.001 0.006 0.211 0.001 0.02 0.015 0.55 0.061 0.128 0.023 0.073 0.01 0.21 0.016 0.01 0.01 0.079 0.119 0.008 0.048 0.041 0.143 0.008 0.051 0.221 0.825 1 0.009 0.02 0.261 0.127 0.048 0.005 0.566 0.723 0.785 0.006 0.65 0.009 0.155 0.112 0.524 0.569 0.012 0.006 0.002 0.176 0.017 0.564 0.013 0.571 0.089 0.009 0.126 0.004 0.637 0.015 0.006 0.009 0.018 0.154
0.001 0.003 0.003 0.013 0.007 0.002 0.004 0.004 0.002 0.002 0 0.011 0.002 0.001 0.006 0.001 0.002 0.001 0.014 0.003 0 0.05 0.041 0.013 0.008 0 0.002 0.003 0.001 0.001 0.022 0.016 0.001 0.086 0.099 0.013 0.001 0.007 0.022 0.009 0.009 1 0.003 0.022 0.049 0.037 0.001 0.016 0.01 0.012 0.001 0.013 0.001 0.002 0.002 0.011 0.012 0 0.001 0.001 0.005 0.002 0.014 0 0.016 0.001 0.001 0.002 0.001 0.012 0.001 0.001 0.001 0 0.002
0.079 0.058 0.099 0.043 0.001 0.33 0.01 0.009 0.005 0 0.001 0.116 0.144 0.002 0.004 0.002 0.004 0.002 0.099 0.241 0.005 0.027 0.038 0.133 0.072 0.004 0.005 0.343 0.172 0.185 0.124 0.095 0.234 0.001 0.014 0.082 0.003 0.015 0.095 0.018 0.02 0.003 1 0.002 0.037 0.035 0.001 0.169 0.021 0.023 0.002 0.011 0.411 0.003 0.003 0.095 0.014 0.004 0.002 0.308 0.002 0.005 0.062 0.004 0.113 0.003 0.003 0.004 0.001 0.007 0.001 0.002 0.003 0.005 0.005
0.054 0.049 0.06 0 0.064 0.014 0.111 0.096 0.048 0.069 0.011 0.016 0.022 0.014 0.137 0.017 0.038 0.015 0.022 0.027 0.172 0.016 0.048 0.019 0.002 0.018 0.035 0.021 0.026 0.027 0.002 0.002 0 0.16 0.133 0 0.016 0.128 0.414 0.233 0.261 0.022 0.002 1 0 0.061 0.012 0.277 0.253 0.284 0.016 0.288 0 0.059 0.038 0.305 0.257 0.024 0 0.001 0.098 0.043 0.26 0.025 0.287 0.026 0.022 0.031 0.007 0.264 0.012 0.01 0.023 0.033 0.057
0.006 0.005 0.003 0.232 0.043 0.032 0.097 0.079 0.026 0.026 0.038 0.012 0.012 0.011 0.075 0.008 0.027 0.012 0.009 0.004 0.078 0.017 0.1 0.014 0.2 0.035 0.029 0.007 0.019 0.018 0.208 0.35 0.014 0.24 0.296 0.462 0.013 0.407 0 0.116 0.127 0.049 0.037 0 1 0.084 0 0.218 0.132 0.16 0.002 0.182 0.016 0.022 0.021 0.203 0.162 0.017 0.012 0.016 0.065 0.131 0.195 0.018 0.219 0.017 0.019 0.027 0.036 0.164 0.008 0.028 0.006 0.008 0.03
0.068 0.054 0.059 0.155 0.045 0.014 0.039 0.038 0.028 0.014 0.007 0.071 0.057 0.048 0.041 0.009 0.022 0.013 0.078 0.021 0.015 0.13 0.04 0.084 0.15 0.004 0.02 0.028 0.006 0.007 0.191 0.17 0.013 0.02 0.015 0.213 0.039 0.072 0.087 0.038 0.048 0.037 0.035 0.061 0.084 1 0.008 0.112 0.048 0.066 0 0.073 0.013 0.005 0.008 0.086 0.058 0.067 0.038 0.015 0.04 0.029 0.089 0.072 0.096 0.011 0.012 0.001 0.008 0.069 0.005 0.003 0.004 0.066 0.014
0.005 0.008 0.007 0.002 0.002 0.019 0.002 0.001 0.001 0.001 0.051 0.016 0.015 0 0.002 0 0.001 0 0.016 0.055 0.004 0 0.002 0.017 0.003 0.001 0.001 0.05 0.006 0.006 0.004 0.001 0.052 0.003 0.003 0.001 0.001 0.001 0.001 0.004 0.005 0.001 0.001 0.012 0 0.008 1 0.008 0.005 0.006 0.711 0.007 0.001 0.001 0.001 0.007 0.006 0.001 0 0.001 0.002 0.001 0.007 0.001 0.008 0.001 0 0.001 0 0.006 0 0 0.482 0.024 0.001
0.039 0.029 0.039 0.001 0.007 0.047 0.006 0.003 0.001 0.117 0.009 0.002 0.002 0.009 0 0.011 0.124 0.004 0.004 0.022 0.388 0.064 0.07 0.002 0.016 0.017 0.122 0.037 0.016 0.018 0.008 0.032 0.032 0.041 0.074 0.049 0.009 0.087 0.311 0.534 0.566 0.016 0.169 0.277 0.218 0.112 0.008 1 0.604 0.657 0.011 0.749 0.068 0.099 0.062 0.828 0.678 0.021 0.011 0.066 0.268 0.028 0.797 0.022 0.901 0.055 0.015 0.122 0.008 0.672 0.031 0.01 0.016 0.03 0.094
0.001 0.002 0.003 0.054 0.052 0.009 0.033 0.03 0.017 0.154 0.005 0.065 0.074 0.005 0.029 0.006 0.203 0.001 0.046 0.015 0.591 0.021 0.219 0.072 0.142 0.011 0.202 0.017 0.011 0.011 0.152 0.199 0.008 0.05 0.043 0.235 0.004 0.055 0.241 0.881 0.723 0.01 0.021 0.253 0.132 0.048 0.005 0.604 1 0.808 0.007 0.67 0.009 0.164 0.109 0.55 0.794 0.013 0.006 0.002 0.337 0.017 0.574 0.013 0.597 0.095 0.009 0.135 0.005 0.607 0.005 0.006 0.01 0.018 0.164
0.002 0.002 0.001 0.028 0.009 0.013 0 0 0.005 0.116 0.006 0.023 0.03 0.007 0 0.008 0.169 0.002 0.014 0.02 0.48 0.028 0.154 0.027 0.081 0.01 0.167 0.022 0.013 0.013 0.086 0.126 0.01 0.052 0.046 0.148 0.004 0.064 0.155 0.713 0.785 0.012 0.023 0.284 0.16 0.066 0.006 0.657 0.808 1 0.008 0.768 0.011 0.135 0.109 0.645 0.662 0.013 0.006 0.003 0.28 0.021 0.673 0.014 0.686 0.089 0.011 0.109 0.006 0.704 0.043 0.007 0.012 0.022 0.152
0.002 0.005 0.004 0 0.001 0.011 0.003 0.002 0.001 0.001 0.034 0.011 0.009 0.001 0.003 0 0.001 0.001 0.01 0.034 0.005 0.003 0 0.012 0.001 0.001 0.001 0.031 0.003 0.003 0 0 0.039 0.005 0.004 0 0.001 0 0.005 0.006 0.006 0.001 0.002 0.016 0.002 0 0.711 0.011 0.007 0.008 1 0.009 0.001 0.001 0.001 0.01 0.008 0.001 0.001 0.001 0.003 0.002 0.01 0.001 0.011 0.001 0.001 0.001 0 0.008 0 0.001 0.54 0.054 0.002
0.015 0.007 0.013 0.008 0.002 0 0.002 0.001 0.001 0.108 0.007 0.002 0.004 0.007 0.002 0.009 0.132 0.003 0 0.001 0.4 0.044 0.096 0.003 0.04 0.014 0.131 0.002 0.007 0.005 0.04 0.075 0 0.024 0.054 0.097 0.012 0.073 0.212 0.606 0.65 0.013 0.011 0.288 0.182 0.073 0.007 0.749 0.67 0.768 0.009 1 0.013 0.092 0.106 0.732 0.833 0.018 0.009 0.004 0.317 0.024 0.723 0.019 0.819 0.092 0.012 0.12 0.006 0.86 0.025 0.008 0.013 0.025 0.165
0.014 0.021 0.019 0.005 0.007 0.129 0.004 0.004 0.002 0.005 0.001 0.024 0.043 0.001 0.005 0.001 0.002 0.001 0.01 0.094 0 0.009 0.008 0.027 0.012 0.002 0.002 0.214 0.1 0.098 0.049 0.041 0.23 0.006 0.005 0.032 0.001 0.006 0.037 0.008 0.009 0.001 0.411 0 0.016 0.013 0.001 0.068 0.009 0.011 0.001 0.013 1 0.001 0.001 0.073 0.011 0.002 0.001 0.718 0.004 0.002 0.07 0.002 0.062 0.001 0.001 0.002 0.001 0.011 0.001 0.001 0.001 0.002 0.002
0.033 0.045 0.042 0.016 0.009 0.003 0.006 0.005 0.003 0 0.001 0.011 0.012 0.001 0.007 0.001 0 0.001 0.018 0.004 0.162 0.016 0.04 0.017 0.03 0.002 0 0.004 0.002 0.002 0.027 0.036 0.001 0.01 0.009 0.041 0.002 0.009 0.057 0.184 0.155 0.002 0.003 0.059 0.022 0.005 0.001 0.099 0.164 0.135 0.001 0.092 0.001 1 0.001 0.107 0.128 0.002 0.001 0.001 0.014 0.003 0.086 0.002 0.099 0.001 0.001 0.303 0.001 0.075 0.001 0.001 0.002 0.003 0.002
0.022 0.017 0.018 0.027 0.008 0.002 0.005 0.004 0.003 0.352 0.001 0.016 0.017 0.001 0.007 0.001 0.001 0.001 0.017 0.004 0.093 0.006 0.029 0.016 0.024 0.002 0.001 0.004 0.002 0.002 0.019 0.021 0.001 0.004 0.003 0.025 0.002 0.009 0.036 0.124 0.112 0.002 0.003 0.038 0.021 0.008 0.001 0.062 0.109 0.109 0.001 0.106 0.001 0.001 1 0.085 0.12 0.002 0.001 0.001 0.006 0.003 0.089 0.002 0.088 0.177 0.001 0.001 0.001 0.1 0.001 0.001 0.002 0.003 0.563
0.029 0.019 0.028 0.003 0.003 0.012 0.003 0.001 0.001 0.117 0.008 0 0 0.008 0.001 0.01 0.085 0.004 0 0.002 0.344 0.047 0.072 0 0.024 0.015 0.077 0.01 0.002 0.003 0.013 0.035 0.013 0.028 0.057 0.052 0.008 0.081 0.238 0.477 0.524 0.011 0.095 0.305 0.203 0.086 0.007 0.828 0.55 0.645 0.01 0.732 0.073 0.107 0.085 1 0.65 0.02 0.01 0.072 0.237 0.026 0.842 0.021 0.907 0.071 0.014 0.132 0.007 0.668 0.042 0.009 0.015 0.028 0.137
0.002 0 0.001 0.026 0.028 0.001 0.041 0.037 0.021 0.123 0.006 0.021 0.025 0.006 0.01 0.008 0.161 0.002 0.01 0 0.461 0.03 0.141 0.022 0.078 0.014 0.155 0.001 0.006 0.004 0.079 0.116 0 0.019 0.047 0.147 0.005 0.068 0.275 0.7 0.569 0.012 0.014 0.257 0.162 0.058 0.006 0.678 0.794 0.662 0.008 0.833 0.011 0.128 0.12 0.65 1 0.016 0.008 0.003 0.371 0.021 0.617 0.017 0.74 0.103 0.011 0.16 0.006 0.744 0.006 0.007 0.012 0.022 0.186
0.014 0.012 0.012 0.03 0.005 0.003 0.002 0.001 0.003 0.001 0 0.008 0.009 0.044 0.003 0.001 0.003 0.001 0.006 0.002 0.008 0.045 0.015 0.009 0.015 0.002 0.003 0.003 0.002 0.002 0.026 0.03 0.001 0.008 0.007 0.036 0.184 0.007 0.02 0.011 0.012 0 0.004 0.024 0.017 0.067 0.001 0.021 0.013 0.013 0.001 0.018 0.002 0.002 0.002 0.02 0.016 1 0.001 0.002 0.006 0.003 0.019 0.953 0.021 0.002 0.002 0.003 0.001 0.016 0.001 0.001 0.002 0.147 0.003
0.006 0.005 0.004 0.012 0.003 0.002 0.003 0.003 0.001 0.001 0 0.004 0.004 0.001 0.004 0.001 0.001 0.001 0.006 0.002 0.004 0.001 0 0.007 0.01 0.048 0.001 0.002 0.001 0.001 0.015 0.019 0.001 0.005 0.005 0.011 0.001 0.005 0.007 0.006 0.006 0.001 0.002 0 0.012 0.038 0 0.011 0.006 0.006 0.001 0.009 0.001 0.001 0.001 0.01 0.008 0.001 1 0.001 0.003 0.002 0.01 0.001 0.011 0.001 0.001 0.001 0 0.008 0 0.001 0.001 0.002 0.001
0.024 0.033 0.031 0.006 0.007 0.185 0.004 0.004 0.002 0.005 0.001 0.043 0.067 0.001 0.005 0.001 0.002 0.001 0.024 0.136 0 0.012 0.01 0.047 0.025 0.002 0.002 0.21 0.1 0.098 0.054 0.026 0.23 0.007 0.005 0.022 0.001 0.006 0.036 0.001 0.002 0.001 0.308 0.001 0.016 0.015 0.001 0.066 0.002 0.003 0.001 0.004 0.718 0.001 0.001 0.072 0.003 0.002 0.001 1 0.002 0.002 0.068 0.002 0.061 0.001 0.001 0.002 0.001 0.003 0.001 0.001 0.001 0.002 0.002
0.006 0.016 0.01 0.038 0.009 0.006 0.017 0.015 0.008 0.001 0.003 0.012 0.012 0.002 0 0.003 0.405 0 0.001 0.009 0.199 0.005 0.084 0.009 0.032 0.005 0.406 0.01 0.005 0.003 0.042 0.049 0.002 0.004 0.017 0.063 0.003 0.027 0.077 0.235 0.176 0.005 0.002 0.098 0.065 0.04 0.002 0.268 0.337 0.28 0.003 0.317 0.004 0.014 0.006 0.237 0.371 0.006 0.003 0.002 1 0.008 0.276 0.007 0.283 0.005 0.004 0.001 0.002 0.267 0.002 0.003 0.005 0.009 0.002
0.003 0.019 0.02 0.059 0.007 0.004 0.002 0.002 0.004 0.003 0.001 0.012 0.016 0.001 0.004 0.002 0.004 0.002 0.017 0.006 0.013 0.016 0.038 0.016 0.005 0.197 0.004 0.006 0.002 0.002 0.007 0.002 0.002 0.007 0.006 0.058 0 0.247 0.039 0.015 0.017 0.002 0.005 0.043 0.131 0.029 0.001 0.028 0.017 0.021 0.002 0.024 0.002 0.003 0.003 0.026 0.021 0.003 0.002 0.002 0.008 1 0.025 0.003 0.029 0.002 0.002 0.003 0.001 0.021 0.001 0.001 0.002 0.001 0.004
0.014 0.016 0.018 0.007 0.006 0.01 0.002 0.001 0.002 0.121 0.008 0 0 0.007 0 0.01 0.139 0.003 0 0.002 0.405 0.048 0.075 0 0.031 0.015 0.137 0.009 0.001 0.002 0.018 0.046 0.012 0.041 0.057 0.064 0.013 0.078 0.227 0.515 0.564 0.014 0.062 0.26 0.195 0.089 0.007 0.797 0.574 0.673 0.01 0.723 0.07 0.086 0.089 0.842 0.617 0.019 0.01 0.068 0.276 0.025 1 0.02 0.879 0.086 0.013 0.137 0.007 0.629 0.035 0.009 0.014 0.024 0.143
0.015 0.013 0.013 0.032 0.005 0.003 0.002 0.001 0.003 0.002 0 0.009 0.01 0.041 0.003 0.001 0.003 0.001 0.007 0.002 0.009 0.051 0.018 0.01 0.017 0.002 0.003 0.003 0.002 0.002 0.027 0.032 0.001 0.006 0.007 0.038 0.196 0.008 0.022 0.012 0.013 0 0.004 0.025 0.018 0.072 0.001 0.022 0.013 0.014 0.001 0.019 0.002 0.002 0.002 0.021 0.017 0.953 0.001 0.002 0.007 0.003 0.02 1 0.022 0.002 0.002 0.003 0.001 0.017 0.001 0.001 0.002 0.156 0.003
0.027 0.018 0.027 0.004 0.005 0.02 0.004 0.002 0.001 0.116 0.009 0 0 0.009 0 0.011 0.124 0.004 0.001 0.006 0.39 0.055 0.074 0 0.025 0.017 0.118 0.015 0.001 0.001 0.014 0.04 0.032 0.035 0.066 0.059 0.009 0.087 0.265 0.527 0.571 0.016 0.113 0.287 0.219 0.096 0.008 0.901 0.597 0.686 0.011 0.819 0.062 0.099 0.088 0.907 0.74 0.021 0.011 0.061 0.283 0.029 0.879 0.022 1 0.076 0.015 0.122 0.008 0.746 0.031 0.01 0.016 0.027 0.137
0.001 0 0 0.005 0.006 0.002 0.004 0.003 0.002 0.037 0.001 0.012 0.013 0 0.005 0.001 0.001 0.001 0.014 0.003 0.04 0 0.011 0.013 0.021 0.002 0.001 0.003 0.001 0.001 0.02 0.017 0.001 0.002 0.002 0.021 0.001 0.007 0.029 0.108 0.089 0.001 0.003 0.026 0.017 0.011 0.001 0.055 0.095 0.089 0.001 0.092 0.001 0.001 0.177 0.071 0.103 0.002 0.001 0.001 0.005 0.002 0.086 0.002 0.076 1 0.001 0.001 0.001 0.083 0.001 0.001 0.001 0.002 0.435
0.012 0.012 0.013 0.006 0.006 0.002 0.004 0.003 0.002 0.002 0 0.011 0.011 0.001 0.005 0.001 0.002 0.001 0.011 0.002 0.007 0.001 0.001 0.01 0 0.031 0.002 0.003 0.001 0.001 0 0 0.001 0.007 0.006 0.004 0.001 0.057 0.026 0.008 0.009 0.001 0.003 0.022 0.019 0.012 0 0.015 0.009 0.011 0.001 0.012 0.001 0.001 0.001 0.014 0.011 0.002 0.001 0.001 0.004 0.002 0.013 0.002 0.015 0.001 1 0.002 0.001 0.011 0.001 0.001 0.001 0.002 0.002
0.036 0.033 0.047 0.009 0.002 0.004 0.007 0.006 0.003 0.002 0.001 0 0 0.001 0.001 0.001 0 0.002 0.001 0.002 0.096 0.019 0.014 0.001 0.008 0.003 0 0.001 0.001 0.001 0.007 0.02 0.002 0.004 0.011 0.025 0.002 0.011 0.069 0.151 0.126 0.002 0.004 0.031 0.027 0.001 0.001 0.122 0.135 0.109 0.001 0.12 0.002 0.303 0.001 0.132 0.16 0.003 0.001 0.002 0.001 0.003 0.137 0.003 0.122 0.001 0.002 1 0.001 0.119 0.001 0.001 0.002 0.004 0
0.001 0.007 0.007 0.018 0.003 0.001 0.002 0.001 0.001 0 0 0.006 0.006 0 0.002 0 0.001 0 0.007 0.002 0.003 0.006 0.011 0.006 0.024 0.001 0.001 0.002 0.001 0.001 0.026 0.02 0 0.004 0.003 0.017 0.001 0.081 0.012 0.003 0.004 0.001 0.001 0.007 0.036 0.008 0 0.008 0.005 0.006 0 0.006 0.001 0.001 0.001 0.007 0.006 0.001 0 0.001 0.002 0.001 0.007 0.001 0.008 0.001 0.001 0.001 1 0.006 0 0 0.001 0.001 0.001
0.006 0.006 0.012 0.008 0.001 0 0.001 0 0.003 0.099 0.006 0.002 0.003 0.006 0.004 0.008 0.136 0.002 0.001 0.003 0.377 0.048 0.082 0.002 0.035 0.014 0.135 0.004 0.006 0.004 0.035 0.067 0 0.019 0.048 0.086 0.006 0.065 0.205 0.591 0.637 0.012 0.007 0.264 0.164 0.069 0.006 0.672 0.607 0.704 0.008 0.86 0.011 0.075 0.1 0.668 0.744 0.016 0.008 0.003 0.267 0.021 0.629 0.017 0.746 0.083 0.011 0.119 0.006 1 0.029 0.007 0.012 0.023 0.166
0.025 0.026 0.025 0.011 0.041 0.001 0.086 0.094 0.139 0.001 0 0.03 0.028 0 0.064 0 0.001 0 0.023 0.002 0.002 0.003 0.006 0.025 0.012 0 0.001 0.002 0.001 0.001 0.014 0.007 0.001 0.001 0.001 0.011 0.001 0.001 0.01 0.004 0.015 0.001 0.001 0.012 0.008 0.005 0 0.031 0.005 0.043 0 0.025 0.001 0.001 0.001 0.042 0.006 0.001 0 0.001 0.002 0.001 0.035 0.001 0.031 0.001 0.001 0.001 0 0.029 1 0 0.001 0.001 0.001
0.01 0.008 0.008 0.015 0.002 0.001 0.002 0.002 0.001 0.001 0 0.007 0.007 0 0.004 0.001 0.001 0.327 0.007 0.002 0.004 0.049 0.022 0.007 0.012 0.001 0.001 0.002 0.001 0.001 0.01 0.015 0.001 0.066 0.075 0.012 0.001 0.004 0.008 0.005 0.006 0.001 0.002 0.01 0.028 0.003 0 0.01 0.006 0.007 0.001 0.008 0.001 0.001 0.001 0.009 0.007 0.001 0.001 0.001 0.003 0.001 0.009 0.001 0.01 0.001 0.001 0.001 0 0.007 0 1 0.001 0.001 0.001
0.003 0.003 0.003 0 0.002 0.019 0.003 0.003 0.001 0.002 0.022 0.007 0.006 0.001 0.005 0 0.002 0.001 0.013 0.038 0.007 0.011 0.001 0.009 0 0.002 0.002 0.033 0.013 0.013 0.001 0.003 0.024 0.007 0.006 0.004 0.001 0 0.011 0.009 0.009 0.001 0.003 0.023 0.006 0.004 0.482 0.016 0.01 0.012 0.54 0.013 0.001 0.002 0.002 0.015 0.012 0.002 0.001 0.001 0.005 0.002 0.014 0.002 0.016 0.001 0.001 0.002 0.001 0.012 0.001 0.001 1 0.102 0.002
0.008 0.007 0.008 0.021 0.01 0 0.008 0.007 0.004 0.004 0.009 0.001 0.002 0.028 0.01 0.002 0.004 0.002 0.001 0.001 0.01 0.056 0.014 0.005 0.008 0.003 0.004 0.001 0 0 0.015 0.017 0 0.007 0.007 0.023 0.042 0.001 0.027 0.016 0.018 0 0.005 0.033 0.008 0.066 0.024 0.03 0.018 0.022 0.054 0.025 0.002 0.003 0.003 0.028 0.022 0.147 0.002 0.002 0.009 0.001 0.024 0.156 0.027 0.002 0.002 0.004 0.001 0.023 0.001 0.001 0.102 1 0.004
0.008 0.005 0.005 0.018 0.012 0.004 0.007 0.007 0.004 0.232 0.001 0.024 0.025 0.001 0.01 0.002 0.002 0.002 0.025 0.005 0.117 0.003 0.031 0.023 0.041 0.003 0.002 0.006 0.002 0.002 0.034 0.04 0.002 0.008 0.006 0.047 0.002 0.013 0.046 0.179 0.154 0.002 0.005 0.057 0.03 0.014 0.001 0.094 0.164 0.152 0.002 0.165 0.002 0.002 0.563 0.137 0.186 0.003 0.001 0.002 0.002 0.004 0.143 0.003 0.137 0.435 0.002 0 0.001 0.166 0.001 0.001 0.002 0.004 1
