1 0.804 0.813 0.43 0.353 0.099 0.19 0.16 0.094 0.033 0.032 0.406 0.39 0.006 0.198 0.046 0.043 0.008 0.501 0.129 0.003 0.11 0.096 0.503 0.229 0.009 0.047 0.111 0.044 0.044 0.162 0.091 0.028 0.028 0.018 0.073 0.018 0.015 0.05 0.001 0 0.004 0.062 0.01 0 0.045 0.012 0.016 0.001 0 0.014 0.006 0.005 0.053 0.02 0.016 0.001 0.02 0.002 0.008 0.004 0.01 0.006 0.024 0.014 0.01 0.002 0.064 0.004 0.002 0.005 0.004 0.017 0.006 0.011
0.804 1 0.95 0.43 0.383 0.136 0.23 0.194 0.116 0.027 0.039 0.491 0.463 0.004 0.203 0.057 0.035 0.006 0.58 0.172 0 0.105 0.075 0.587 0.216 0.015 0.039 0.15 0.053 0.053 0.152 0.083 0.047 0.03 0.028 0.063 0.015 0.042 0.076 0 0 0.008 0.061 0.015 0.002 0.029 0.015 0.025 0 0.002 0.019 0.011 0.009 0.068 0.016 0.025 0.003 0.016 0.001 0.011 0.004 0.019 0.018 0.019 0.023 0.007 0.01 0.078 0.008 0.004 0.007 0.003 0.022 0.004 0.008
0.813 0.95 1 0.448 0.42 0.133 0.225 0.19 0.113 0.027 0.038 0.516 0.486 0.004 0.237 0.056 0.036 0.006 0.613 0.168 0 0.103 0.076 0.621 0.238 0.015 0.039 0.147 0.052 0.052 0.171 0.096 0.045 0.041 0.027 0.074 0.015 0.041 0.085 0 0 0.008 0.088 0.02 0.002 0.031 0.015 0.032 0 0.002 0.018 0.016 0.008 0.067 0.016 0.032 0.006 0.017 0.001 0.011 0.001 0.019 0.019 0.02 0.029 0.008 0.01 0.079 0.008 0.008 0.007 0.003 0.021 0.004 0.008
0.43 0.43 0.448 1 0.198 0.059 0.103 0.087 0.047 0.06 0.018 0.224 0.214 0.013 0.111 0.04 0.079 0.014 0.296 0.075 0.031 0.262 0.319 0.303 0.618 0 0.069 0.061 0.024 0.024 0.507 0.315 0.013 0.001 0 0.335 0.033 0.207 0.001 0.025 0.022 0.019 0.032 0.013 0.155 0.138 0.011 0.002 0.031 0.017 0.01 0.004 0 0.021 0.03 0.002 0.013 0.037 0.007 0.001 0.016 0.056 0.004 0.045 0.003 0.021 0.041 0.027 0.005 0.008 0.001 0.002 0.009 0.011 0.022
0.353 0.383 0.42 0.198 1 0.01 0.415 0.394 0.236 0.012 0.003 0.473 0.451 0.004 0.463 0.136 0.016 0.003 0.559 0.013 0.045 0.063 0.144 0.572 0.269 0.007 0.018 0.013 0.004 0.004 0.195 0.148 0.008 0.142 0.107 0.117 0.007 0.033 0.01 0.035 0.017 0.004 0 0.021 0.012 0.023 0 0.015 0.037 0.016 0.005 0.01 0.005 0.011 0.009 0.013 0.025 0.008 0.006 0.005 0.001 0.006 0.019 0.01 0.014 0.007 0.006 0.01 0.003 0.007 0.019 0.001 0.005 0.002 0.009
0.099 0.136 0.133 0.059 0.01 1 0.005 0.004 0.003 0.004 0.001 0.144 0.137 0.001 0.006 0.002 0.005 0.001 0.154 0.726 0.014 0.011 0.033 0.148 0.069 0.002 0.005 0.653 0.393 0.397 0.054 0.027 0.439 0.012 0.011 0.031 0.002 0.012 0.039 0.014 0.013 0.001 0.434 0.017 0.029 0.01 0.035 0.055 0.014 0.015 0.022 0.006 0.138 0.003 0 0.044 0.009 0.002 0.002 0.153 0 0.003 0.027 0.003 0.045 0 0.002 0 0.001 0.009 0.001 0.001 0.027 0 0
0.19 0.23 0.225 0.103 0.415 0.005 1 0.845 0.533 0.006 0.001 0.239 0.228 0.002 0.773 0.003 0.008 0.001 0.282 0.006 0.022 0.032 0.072 0.289 0.139 0.004 0.009 0.007 0.002 0.002 0.12 0.093 0.004 0.263 0.289 0.085 0.003 0.017 0.058 0.022 0.005 0.002 0.006 0.078 0.101 0.032 0.001 0.012 0.023 0.005 0.002 0.009 0.003 0.006 0.004 0.011 0.027 0.004 0.003 0.002 0.012 0.001 0.01 0.005 0.012 0.003 0.003 0.006 0.002 0.008 0.048 0 0.002 0.005 0.004
0.16 0.194 0.19 0.087 0.394 0.004 0.845 1 0.629 0.005 0.001 0.201 0.192 0.002 0.662 0.003 0.007 0.001 0.238 0.005 0.018 0.027 0.06 0.243 0.117 0.003 0.007 0.006 0.002 0.002 0.1 0.077 0.003 0.204 0.222 0.071 0.003 0.013 0.042 0.018 0.003 0.002 0.005 0.057 0.077 0.028 0.001 0.008 0.019 0.002 0.002 0.005 0.002 0.005 0.003 0.007 0.022 0.003 0.003 0.002 0.01 0.001 0.007 0.004 0.007 0.002 0.002 0.005 0.002 0.005 0.057 0 0.002 0.004 0.003
0.094 0.116 0.113 0.047 0.236 0.003 0.533 0.629 1 0.004 0.001 0.123 0.117 0.001 0.436 0.002 0.005 0.001 0.147 0.004 0.015 0.009 0.031 0.15 0.068 0.002 0.006 0.004 0.001 0.001 0.069 0.052 0.003 0.12 0.129 0.048 0.001 0.006 0.02 0.015 0.002 0.001 0.004 0.035 0.049 0.018 0.001 0.005 0.016 0.001 0.001 0.004 0.002 0.004 0.003 0.005 0.018 0 0.002 0.002 0.008 0.002 0.005 0 0.005 0.003 0.002 0.004 0.001 0.004 0.068 0.001 0.001 0.003 0.003
0.033 0.027 0.027 0.06 0.012 0.004 0.006 0.005 0.004 1 0.001 0.016 0.007 0.001 0.008 0.002 0.006 0.001 0.017 0.005 0.207 0.019 0.065 0.021 0.043 0.003 0.006 0.005 0.001 0.001 0.029 0.036 0.003 0.012 0.01 0.041 0.002 0.015 0.08 0.154 0.124 0 0.001 0.058 0.036 0.006 0.001 0.125 0.146 0.091 0.002 0.108 0.007 0.001 0.273 0.125 0.124 0.001 0.002 0.009 0.002 0.005 0.118 0.002 0.125 0.135 0.003 0.008 0.001 0.101 0 0.001 0.002 0.004 0.18
0.032 0.039 0.038 0.018 0.003 0.001 0.001 0.001 0.001 0.001 1 0.041 0.039 0 0.002 0.001 0.001 0 0.045 0.211 0.004 0.005 0.013 0.046 0.022 0 0.002 0.201 0 0 0.02 0.016 0.001 0.003 0.003 0.012 0.001 0.057 0.01 0.003 0.002 0 0.001 0.007 0.017 0.006 0.019 0.005 0.003 0.003 0.012 0.004 0 0.001 0.001 0.004 0.003 0 0 0 0.001 0.001 0.004 0 0.005 0.001 0.002 0.001 0 0.003 0 0 0.013 0.003 0.001
0.406 0.491 0.516 0.224 0.473 0.144 0.239 0.201 0.123 0.016 0.041 1 0.939 0.004 0.271 0.095 0.008 0.004 0.753 0.182 0.056 0.074 0.17 0.762 0.317 0.003 0.01 0.186 0.056 0.058 0.247 0.186 0.07 0.071 0.053 0.175 0.014 0.033 0.036 0.045 0.029 0 0.119 0.004 0.001 0.045 0.024 0 0.049 0.026 0.026 0.003 0.021 0.021 0.016 0.001 0.008 0.016 0.001 0.028 0 0.014 0.001 0.019 0 0.013 0.009 0.013 0.008 0.001 0.034 0.001 0.031 0 0.017
0.39 0.463 0.486 0.214 0.451 0.137 0.228 0.192 0.117 0.007 0.039 0.939 1 0.004 0.258 0.09 0.009 0.004 0.719 0.174 0.046 0.079 0.163 0.728 0.305 0.002 0.011 0.178 0.054 0.056 0.259 0.195 0.1 0.069 0.051 0.185 0.014 0.032 0.042 0.048 0.032 0 0.148 0.007 0.001 0.048 0.022 0.001 0.053 0.029 0.025 0.004 0.045 0.022 0.017 0.002 0.01 0.017 0.001 0.055 0 0.017 0 0.02 0 0.014 0.008 0.014 0.005 0.001 0.033 0.001 0.029 0 0.018
0.006 0.004 0.004 0.013 0.004 0.001 0.002 0.002 0.001 0.001 0 0.004 0.004 1 0.002 0.001 0.004 0 0.007 0.002 0 0.034 0.027 0.007 0.007 0.001 0.003 0.002 0 0 0.015 0.019 0.001 0.005 0.004 0.021 0.001 0.005 0.005 0 0 0 0.001 0.003 0.012 0.025 0 0.001 0 0 0.001 0 0.001 0.001 0.001 0 0 0.001 0.001 0.001 0.001 0.002 0 0.001 0 0.001 0.001 0.001 0 0 0 0 0 0.001 0
0.198 0.203 0.237 0.111 0.463 0.006 0.773 0.662 0.436 0.008 0.002 0.271 0.258 0.002 1 0.004 0.01 0.002 0.35 0.008 0.029 0.039 0.091 0.358 0.174 0.004 0.011 0.008 0.002 0.002 0.152 0.117 0.005 0.335 0.252 0.107 0.004 0.017 0.074 0.029 0.01 0.002 0.006 0.101 0.083 0.036 0.002 0.003 0.03 0.006 0.003 0.001 0.003 0.007 0.006 0.002 0.013 0.005 0.004 0.003 0 0.002 0.005 0.006 0.002 0.005 0.003 0.006 0.002 0.001 0.038 0.002 0.003 0.006 0.006
0.046 0.057 0.056 0.04 0.136 0.002 0.003 0.003 0.002 0.002 0.001 0.095 0.09 0.001 0.004 1 0.003 0.001 0.112 0.002 0.009 0.012 0.029 0.114 0.055 0.001 0.003 0.003 0.001 0.001 0.052 0.04 0.002 0.008 0.007 0.022 0.001 0.008 0.016 0.002 0.002 0.001 0.002 0.01 0.007 0.001 0.014 0.005 0.002 0.003 0.008 0.004 0.001 0.002 0.002 0.005 0.003 0.002 0.001 0.001 0 0.002 0.005 0.002 0.005 0.002 0.001 0.002 0.001 0.003 0 0 0.009 0.002 0.002
0.043 0.035 0.036 0.079 0.016 0.005 0.008 0.007 0.005 0.006 0.001 0.008 0.009 0.004 0.01 0.003 1 0.001 0.028 0.006 0.343 0.031 0.11 0.028 0.057 0.004 0.907 0.006 0.002 0.002 0.041 0.053 0.004 0.018 0.016 0.063 0.003 0.008 0.075 0.258 0.265 0.002 0.006 0.047 0.029 0.035 0.001 0.162 0.236 0.229 0.002 0.185 0.003 0.005 0.003 0.122 0.197 0.001 0.003 0.002 0.41 0.006 0.17 0.001 0.162 0.005 0.003 0.006 0.01 0.196 0.001 0 0.002 0.005 0.003
0.008 0.006 0.006 0.014 0.003 0.001 0.001 0.001 0.001 0.001 0 0.004 0.004 0 0.002 0.001 0.001 1 0.005 0.001 0.004 0.045 0.019 0.005 0.01 0.001 0.002 0.001 0 0 0.011 0.018 0.001 0.07 0.079 0.016 0.001 0.004 0.014 0.002 0.002 0 0.001 0.02 0.018 0.007 0 0.004 0.003 0.003 0 0.004 0 0.001 0.001 0.004 0.003 0.001 0.001 0 0.001 0.001 0.004 0.001 0.004 0.001 0.001 0.001 0 0.003 0 0.216 0 0.001 0.001
0.501 0.58 0.613 0.296 0.559 0.154 0.282 0.238 0.147 0.017 0.045 0.753 0.719 0.007 0.35 0.112 0.028 0.005 1 0.216 0.077 0.102 0.239 0.978 0.451 0.013 0.03 0.19 0.067 0.067 0.344 0.239 0.062 0.081 0.059 0.206 0.011 0.026 0.029 0.063 0.039 0.007 0.117 0.003 0.006 0.06 0.029 0 0.064 0.036 0.033 0.006 0.013 0.019 0.018 0.001 0.014 0.013 0.011 0.017 0.002 0.014 0.005 0.015 0.001 0.015 0.007 0.008 0.006 0.004 0.01 0.002 0.037 0.001 0.018
0.129 0.172 0.168 0.075 0.013 0.726 0.006 0.005 0.004 0.005 0.211 0.182 0.174 0.002 0.008 0.002 0.006 0.001 0.216 1 0.018 0.021 0.052 0.211 0.101 0.003 0.007 0.909 0.309 0.312 0.083 0.048 0.342 0.015 0.014 0.049 0.003 0.001 0.018 0.016 0.015 0.002 0.335 0.024 0.006 0.02 0.057 0.033 0.017 0.018 0.036 0.001 0.106 0.004 0.004 0.021 0.002 0.003 0.002 0.117 0.001 0.004 0.011 0.003 0.021 0.003 0 0 0.001 0.002 0.001 0.001 0.043 0 0.004
0.003 0 0 0.031 0.045 0.014 0.022 0.018 0.015 0.207 0.004 0.056 0.046 0 0.029 0.009 0.343 0.004 0.077 0.018 1 0.085 0.313 0.081 0.165 0.01 0.366 0.019 0.005 0.006 0.127 0.167 0.001 0.056 0.049 0.191 0.009 0.042 0.263 0.79 0.679 0.005 0.004 0.168 0.114 0.038 0.004 0.55 0.738 0.636 0.006 0.54 0 0.156 0.077 0.46 0.538 0.005 0.008 0 0.223 0.018 0.566 0.007 0.526 0.078 0.01 0.181 0.001 0.463 0.003 0.002 0.006 0.011 0.099
0.11 0.105 0.103 0.262 0.063 0.011 0.032 0.027 0.009 0.019 0.005 0.074 0.079 0.034 0.039 0.012 0.031 0.045 0.102 0.021 0.085 1 0.336 0.108 0.199 0.014 0.031 0.025 0.007 0.008 0.177 0.035 0.015 0.048 0.049 0.044 0.085 0.065 0.015 0.061 0.059 0.058 0.022 0.01 0.003 0.153 0.002 0.077 0.042 0.044 0.001 0.056 0.004 0.005 0.002 0.056 0.048 0.05 0 0.009 0.024 0.014 0.064 0.07 0.068 0 0.012 0.015 0.007 0.051 0.001 0.005 0 0.036 0.001
0.096 0.075 0.076 0.319 0.144 0.033 0.072 0.06 0.031 0.065 0.013 0.17 0.163 0.027 0.091 0.029 0.11 0.019 0.239 0.052 0.313 0.336 1 0.253 0.487 0.032 0.119 0.058 0.017 0.018 0.401 0.218 0.015 0 0.001 0.259 0.03 0.141 0.12 0.282 0.232 0.025 0.03 0.076 0.09 0.019 0.008 0.15 0.297 0.24 0.006 0.174 0.002 0.072 0.038 0.138 0.186 0.01 0.004 0.004 0.071 0.042 0.162 0.017 0.143 0.047 0.03 0.059 0.002 0.146 0 0.001 0.006 0.001 0.057
0.503 0.587 0.621 0.303 0.572 0.148 0.289 0.243 0.15 0.021 0.046 0.762 0.728 0.007 0.358 0.114 0.028 0.005 0.978 0.211 0.081 0.108 0.253 1 0.467 0.012 0.03 0.194 0.068 0.068 0.351 0.251 0.064 0.085 0.061 0.217 0.011 0.025 0.029 0.066 0.042 0.007 0.121 0.003 0.007 0.061 0.03 0 0.07 0.04 0.034 0.008 0.014 0.019 0.018 0.001 0.017 0.013 0.01 0.018 0.003 0.013 0.006 0.016 0.002 0.015 0.007 0.011 0.006 0.004 0.01 0.002 0.038 0.002 0.018
0.229 0.216 0.238 0.618 0.269 0.069 0.139 0.117 0.068 0.043 0.022 0.317 0.305 0.007 0.174 0.055 0.057 0.01 0.451 0.101 0.165 0.199 0.487 0.467 1 0.026 0.062 0.091 0.033 0.033 0.791 0.585 0.024 0.016 0.01 0.511 0.019 0.205 0.013 0.147 0.113 0.013 0.05 0.028 0.218 0.159 0.012 0.046 0.156 0.11 0.009 0.065 0.002 0.039 0.032 0.048 0.079 0.023 0.019 0.004 0.024 0.023 0.065 0.028 0.051 0.026 0.057 0.029 0.009 0.054 0.003 0.001 0.008 0.004 0.037
0.009 0.015 0.015 0 0.007 0.002 0.004 0.003 0.002 0.003 0 0.003 0.002 0.001 0.004 0.001 0.004 0.001 0.013 0.003 0.01 0.014 0.032 0.012 0.026 1 0.004 0.003 0.001 0.001 0.027 0.035 0.002 0.009 0.008 0.006 0.001 0.022 0.03 0.01 0.01 0 0.003 0.017 0.002 0 0.001 0.015 0.01 0.011 0.001 0.014 0.001 0.002 0.002 0.015 0.012 0.002 0.142 0.001 0.005 0.082 0.015 0.002 0.015 0.002 0.001 0.002 0.001 0.012 0.001 0.001 0.001 0.002 0.002
0.047 0.039 0.039 0.069 0.018 0.005 0.009 0.007 0.006 0.006 0.002 0.01 0.011 0.003 0.011 0.003 0.907 0.002 0.03 0.007 0.366 0.031 0.119 0.03 0.062 0.004 1 0.007 0.002 0.002 0.048 0.061 0.004 0.021 0.019 0.072 0.004 0.01 0.081 0.285 0.292 0.002 0.006 0.041 0.034 0.036 0.002 0.179 0.261 0.253 0.002 0.205 0.003 0.006 0.002 0.114 0.187 0.001 0.003 0.003 0.462 0.007 0.188 0.001 0.152 0.004 0.004 0.006 0.009 0.218 0.001 0.001 0.002 0.005 0.002
0.111 0.15 0.147 0.061 0.013 0.653 0.007 0.006 0.004 0.005 0.201 0.186 0.178 0.002 0.008 0.003 0.006 0.001 0.19 0.909 0.019 0.025 0.058 0.194 0.091 0.003 0.007 1 0.295 0.298 0.088 0.055 0.417 0.016 0.013 0.057 0.003 0 0.025 0.017 0.016 0.002 0.404 0.017 0.008 0.025 0.054 0.044 0.018 0.019 0.034 0.001 0.172 0.004 0.004 0.029 0.001 0.003 0.002 0.191 0.001 0.004 0.018 0.003 0.03 0.003 0 0 0.001 0.001 0.001 0.001 0.04 0 0.004
0.044 0.053 0.052 0.024 0.004 0.393 0.002 0.002 0.001 0.001 0 0.056 0.054 0 0.002 0.001 0.002 0 0.067 0.309 0.005 0.007 0.017 0.068 0.033 0.001 0.002 0.295 1 0.965 0.017 0.012 0.035 0.005 0.004 0.01 0.001 0.005 0.013 0.005 0.005 0 0.15 0.012 0.012 0.004 0.011 0.018 0.006 0.006 0.007 0.002 0.116 0.001 0.001 0.008 0.001 0.001 0.001 0.129 0.003 0.001 0.008 0.001 0.006 0.001 0.001 0.002 0 0.001 0 0 0.012 0 0.001
0.044 0.053 0.052 0.024 0.004 0.397 0.002 0.002 0.001 0.001 0 0.058 0.056 0 0.002 0.001 0.002 0 0.067 0.312 0.006 0.008 0.018 0.068 0.033 0.001 0.002 0.298 0.965 1 0.017 0.013 0.04 0.004 0.004 0.011 0.001 0.005 0.014 0.006 0.006 0 0.156 0.013 0.011 0.004 0.011 0.018 0.006 0.006 0.007 0.001 0.111 0.001 0.001 0.009 0.001 0.001 0.001 0.124 0.002 0.002 0.009 0.001 0.006 0.001 0.001 0.002 0 0.001 0 0 0.011 0 0.001
0.162 0.152 0.171 0.507 0.195 0.054 0.12 0.1 0.069 0.029 0.02 0.247 0.259 0.015 0.152 0.052 0.041 0.011 0.344 0.083 0.127 0.177 0.401 0.351 0.791 0.027 0.048 0.088 0.017 0.017 1 0.733 0.063 0.033 0.026 0.647 0.025 0.224 0.002 0.159 0.125 0.015 0.093 0.008 0.278 0.217 0.011 0.036 0.168 0.123 0.003 0.071 0.03 0.041 0.028 0.033 0.083 0.03 0.021 0.039 0.028 0.02 0.048 0.036 0.036 0.028 0.053 0.032 0.029 0.058 0.002 0 0.001 0.016 0.033
0.091 0.083 0.096 0.315 0.148 0.027 0.093 0.077 0.052 0.036 0.016 0.186 0.195 0.019 0.117 0.04 0.053 0.018 0.239 0.048 0.167 0.035 0.218 0.251 0.585 0.035 0.061 0.055 0.012 0.013 0.733 1 0.037 0.217 0.215 0.858 0.032 0.164 0.009 0.201 0.162 0.017 0.073 0 0.444 0.23 0.002 0.066 0.212 0.163 0 0.114 0.022 0.053 0.045 0.055 0.126 0.034 0.027 0.03 0.04 0.011 0.086 0.041 0.071 0.036 0.041 0.043 0.022 0.095 0.013 0.015 0 0.018 0.05
0.028 0.047 0.045 0.013 0.008 0.439 0.004 0.003 0.003 0.003 0.001 0.07 0.1 0.001 0.005 0.002 0.004 0.001 0.062 0.342 0.001 0.015 0.015 0.064 0.024 0.002 0.004 0.417 0.035 0.04 0.063 0.037 1 0.01 0.009 0.045 0.002 0.01 0.055 0.011 0.011 0.001 0.486 0 0.024 0.02 0.045 0.07 0.012 0.013 0.029 0.004 0.285 0.003 0.002 0.063 0.006 0.002 0.001 0.314 0 0.002 0.041 0.002 0.068 0.002 0.002 0.003 0.001 0.006 0.001 0.001 0.03 0.002 0.003
0.028 0.03 0.041 0.001 0.142 0.012 0.263 0.204 0.12 0.012 0.003 0.071 0.069 0.005 0.335 0.008 0.018 0.07 0.081 0.015 0.056 0.048 0 0.085 0.016 0.009 0.021 0.016 0.005 0.004 0.033 0.217 0.01 1 0.858 0.196 0.008 0.051 0.22 0.055 0.054 0.077 0 0.173 0.231 0.027 0.004 0.051 0.058 0.054 0.005 0.042 0.007 0.013 0.012 0.036 0.04 0.007 0.008 0.006 0.006 0.011 0.058 0 0.05 0.01 0.008 0.013 0.004 0.034 0.003 0.036 0.005 0 0.013
0.018 0.028 0.027 0 0.107 0.011 0.289 0.222 0.129 0.01 0.003 0.053 0.051 0.004 0.252 0.007 0.016 0.079 0.059 0.014 0.049 0.049 0.001 0.061 0.01 0.008 0.019 0.013 0.004 0.004 0.026 0.215 0.009 0.858 1 0.201 0.007 0.045 0.222 0.048 0.047 0.102 0.011 0.158 0.289 0.032 0.003 0.074 0.051 0.054 0.005 0.066 0.005 0.012 0.011 0.056 0.058 0.006 0.007 0.004 0.023 0.009 0.07 0.007 0.073 0.009 0.007 0.012 0.004 0.058 0.004 0.041 0.004 0.006 0.011
0.073 0.063 0.074 0.335 0.117 0.031 0.085 0.071 0.048 0.041 0.012 0.175 0.185 0.021 0.107 0.022 0.063 0.016 0.206 0.049 0.191 0.044 0.259 0.217 0.511 0.006 0.072 0.057 0.01 0.011 0.647 0.858 0.045 0.196 0.201 1 0.036 0.226 0.002 0.249 0.203 0.019 0.066 0.003 0.499 0.249 0.007 0.096 0.261 0.205 0.001 0.151 0.02 0.059 0.05 0.083 0.166 0.038 0.008 0.027 0.062 0.05 0.119 0.046 0.102 0.041 0.037 0.048 0.02 0.129 0.013 0.014 0 0.021 0.056
0.018 0.015 0.015 0.033 0.007 0.002 0.003 0.003 0.001 0.002 0.001 0.014 0.014 0.001 0.004 0.001 0.003 0.001 0.011 0.003 0.009 0.085 0.03 0.011 0.019 0.001 0.004 0.003 0.001 0.001 0.025 0.032 0.002 0.008 0.007 0.036 1 0.005 0.007 0 0 0.001 0.002 0.002 0.02 0.026 0.001 0.001 0 0 0.001 0 0 0.018 0.02 0.001 0 0.252 0.001 0.001 0.005 0.002 0.001 0.22 0.001 0.026 0.001 0.002 0.001 0 0 0.001 0.001 0.002 0.019
0.015 0.042 0.041 0.207 0.033 0.012 0.017 0.013 0.006 0.015 0.057 0.033 0.032 0.005 0.017 0.008 0.008 0.004 0.026 0.001 0.042 0.065 0.141 0.025 0.205 0.022 0.01 0 0.005 0.005 0.224 0.164 0.01 0.051 0.045 0.226 0.005 1 0.177 0.059 0.056 0.005 0.015 0.118 0.388 0.084 0 0.089 0.062 0.064 0 0.079 0.004 0.014 0.013 0.086 0.071 0.007 0.008 0.006 0.029 0.223 0.085 0.008 0.089 0.011 0.163 0.014 0.087 0.069 0.002 0.003 0.001 0.001 0.013
0.05 0.076 0.085 0.001 0.01 0.039 0.058 0.042 0.02 0.08 0.01 0.036 0.042 0.005 0.074 0.016 0.075 0.014 0.029 0.018 0.263 0.015 0.12 0.029 0.013 0.03 0.081 0.025 0.013 0.014 0.002 0.009 0.055 0.22 0.222 0.002 0.007 0.177 1 0.322 0.269 0.026 0.081 0.456 0 0.118 0 0.385 0.287 0.238 0.003 0.288 0.025 0.075 0.048 0.329 0.299 0.031 0.024 0.032 0.125 0.034 0.32 0.037 0.339 0.041 0.03 0.067 0.016 0.264 0 0.007 0.003 0.034 0.045
0.001 0 0 0.025 0.035 0.014 0.022 0.018 0.015 0.154 0.003 0.045 0.048 0 0.029 0.002 0.258 0.002 0.063 0.016 0.79 0.061 0.282 0.066 0.147 0.01 0.285 0.017 0.005 0.006 0.159 0.201 0.011 0.055 0.048 0.249 0 0.059 0.322 1 0.877 0.006 0.017 0.22 0.14 0.038 0.004 0.648 0.938 0.817 0.006 0.699 0.008 0.233 0.135 0.546 0.702 0.012 0.009 0.007 0.275 0.018 0.642 0.014 0.61 0.143 0.01 0.186 0.005 0.612 0.003 0.004 0.006 0.014 0.163
0 0 0 0.022 0.017 0.013 0.005 0.003 0.002 0.124 0.002 0.029 0.032 0 0.01 0.002 0.265 0.002 0.039 0.015 0.679 0.059 0.232 0.042 0.113 0.01 0.292 0.016 0.005 0.006 0.125 0.162 0.011 0.054 0.047 0.203 0 0.056 0.269 0.877 1 0.006 0.016 0.233 0.137 0.04 0.004 0.624 0.822 0.797 0.006 0.679 0.007 0.164 0.139 0.527 0.662 0.011 0.009 0.006 0.271 0.017 0.622 0.013 0.59 0.12 0.009 0.126 0.005 0.636 0.005 0.003 0.006 0.013 0.142
0.004 0.008 0.008 0.019 0.004 0.001 0.002 0.002 0.001 0 0 0 0 0 0.002 0.001 0.002 0 0.007 0.002 0.005 0.058 0.025 0.007 0.013 0 0.002 0.002 0 0 0.015 0.017 0.001 0.077 0.102 0.019 0.001 0.005 0.026 0.006 0.006 1 0.001 0.001 0.013 0.019 0 0.009 0.006 0.006 0.001 0.008 0.001 0.001 0.001 0 0.007 0 0.001 0.001 0.003 0.002 0.008 0 0.009 0.001 0.001 0.001 0 0.007 0.08 0 0 0.001 0.001
0.062 0.061 0.088 0.032 0 0.434 0.006 0.005 0.004 0.001 0.001 0.119 0.148 0.001 0.006 0.002 0.006 0.001 0.117 0.335 0.004 0.022 0.03 0.121 0.05 0.003 0.006 0.404 0.15 0.156 0.093 0.073 0.486 0 0.011 0.066 0.002 0.015 0.081 0.017 0.016 0.001 1 0.001 0.035 0.029 0.001 0.163 0.017 0.012 0.001 0.022 0.368 0.004 0.004 0.132 0.019 0.003 0.002 0.403 0.014 0.004 0.081 0.003 0.133 0.003 0.002 0 0.001 0.027 0.001 0.001 0.001 0.003 0.004
0.01 0.015 0.02 0.013 0.021 0.017 0.078 0.057 0.035 0.058 0.007 0.004 0.007 0.003 0.101 0.01 0.047 0.02 0.003 0.024 0.168 0.01 0.076 0.003 0.028 0.017 0.041 0.017 0.012 0.013 0.008 0 0 0.173 0.158 0.003 0.002 0.118 0.456 0.22 0.233 0.001 0.001 1 0 0.059 0.009 0.207 0.219 0.212 0.013 0.196 0.003 0.064 0.054 0.214 0.219 0.022 0.004 0.003 0.079 0.04 0.203 0.027 0.218 0.048 0.022 0.034 0.009 0.196 0 0.011 0.013 0.023 0.073
0 0.002 0.002 0.155 0.012 0.029 0.101 0.077 0.049 0.036 0.017 0.001 0.001 0.012 0.083 0.007 0.029 0.018 0.006 0.006 0.114 0.003 0.09 0.007 0.218 0.002 0.034 0.008 0.012 0.011 0.278 0.444 0.024 0.231 0.289 0.499 0.02 0.388 0 0.14 0.137 0.013 0.035 0 1 0.156 0.001 0.216 0.148 0.157 0.004 0.191 0.016 0.033 0.031 0.208 0.169 0.02 0.019 0.015 0.07 0.124 0.206 0.024 0.216 0.026 0.068 0.034 0.036 0.169 0.007 0.025 0.006 0.007 0.031
0.045 0.029 0.031 0.138 0.023 0.01 0.032 0.028 0.018 0.006 0.006 0.045 0.048 0.025 0.036 0.001 0.035 0.007 0.06 0.02 0.038 0.153 0.019 0.061 0.159 0 0.036 0.025 0.004 0.004 0.217 0.23 0.02 0.027 0.032 0.249 0.026 0.084 0.118 0.038 0.04 0.019 0.029 0.059 0.156 1 0.007 0.086 0.043 0.047 0.001 0.054 0.006 0.001 0.001 0.059 0.044 0.063 0.032 0.012 0.033 0.02 0.064 0.08 0.068 0.013 0.014 0 0.009 0.058 0 0.006 0 0.061 0.014
0.012 0.015 0.015 0.011 0 0.035 0.001 0.001 0.001 0.001 0.019 0.024 0.022 0 0.002 0.014 0.001 0 0.029 0.057 0.004 0.002 0.008 0.03 0.012 0.001 0.002 0.054 0.011 0.011 0.011 0.002 0.045 0.004 0.003 0.007 0.001 0 0 0.004 0.004 0 0.001 0.009 0.001 0.007 1 0.006 0.004 0.005 0.702 0.006 0 0.001 0.001 0.006 0.005 0.001 0.001 0 0.002 0.001 0.006 0.001 0.006 0.001 0.001 0.001 0 0.005 0 0 0.612 0.005 0.001
0.016 0.025 0.032 0.002 0.015 0.055 0.012 0.008 0.005 0.125 0.005 0 0.001 0.001 0.003 0.005 0.162 0.004 0 0.033 0.55 0.077 0.15 0 0.046 0.015 0.179 0.044 0.018 0.018 0.036 0.066 0.07 0.051 0.074 0.096 0.001 0.089 0.385 0.648 0.624 0.009 0.163 0.207 0.216 0.086 0.006 1 0.682 0.687 0.009 0.801 0.056 0.151 0.082 0.844 0.721 0.018 0.013 0.066 0.32 0.026 0.871 0.021 0.913 0.09 0.015 0.156 0.008 0.722 0.007 0.006 0.009 0.021 0.113
0.001 0 0 0.031 0.037 0.014 0.023 0.019 0.016 0.146 0.003 0.049 0.053 0 0.03 0.002 0.236 0.003 0.064 0.017 0.738 0.042 0.297 0.07 0.156 0.01 0.261 0.018 0.006 0.006 0.168 0.212 0.012 0.058 0.051 0.261 0 0.062 0.287 0.938 0.822 0.006 0.017 0.219 0.148 0.043 0.004 0.682 1 0.864 0.006 0.738 0.008 0.222 0.128 0.58 0.744 0.012 0.009 0.007 0.309 0.019 0.678 0.014 0.643 0.135 0.01 0.198 0.005 0.645 0.003 0.004 0.006 0.015 0.169
0 0.002 0.002 0.017 0.016 0.015 0.005 0.002 0.001 0.091 0.003 0.026 0.029 0 0.006 0.003 0.229 0.003 0.036 0.018 0.636 0.044 0.24 0.04 0.11 0.011 0.253 0.019 0.006 0.006 0.123 0.163 0.013 0.054 0.054 0.205 0 0.064 0.238 0.817 0.797 0.006 0.012 0.212 0.157 0.047 0.005 0.687 0.864 1 0.007 0.766 0.009 0.209 0.13 0.604 0.679 0.011 0.01 0.007 0.319 0.02 0.702 0.013 0.667 0.087 0.011 0.186 0.006 0.654 0.012 0.004 0.006 0.015 0.16
0.014 0.019 0.018 0.01 0.005 0.022 0.002 0.002 0.001 0.002 0.012 0.026 0.025 0.001 0.003 0.008 0.002 0 0.033 0.036 0.006 0.001 0.006 0.034 0.009 0.001 0.002 0.034 0.007 0.007 0.003 0 0.029 0.005 0.005 0.001 0.001 0 0.003 0.006 0.006 0.001 0.001 0.013 0.004 0.001 0.702 0.009 0.006 0.007 1 0.008 0.001 0.001 0.001 0.009 0.007 0.001 0.001 0.001 0.003 0.002 0.009 0.001 0.009 0.001 0 0.001 0 0.007 0 0 0.759 0.052 0.001
0.006 0.011 0.016 0.004 0.01 0.006 0.009 0.005 0.004 0.108 0.004 0.003 0.004 0 0.001 0.004 0.185 0.004 0.006 0.001 0.54 0.056 0.174 0.008 0.065 0.014 0.205 0.001 0.002 0.001 0.071 0.114 0.004 0.042 0.066 0.151 0 0.079 0.288 0.699 0.679 0.008 0.022 0.196 0.191 0.054 0.006 0.801 0.738 0.766 0.008 1 0.01 0.145 0.132 0.753 0.852 0.016 0.009 0.009 0.338 0.024 0.778 0.018 0.829 0.134 0.013 0.151 0.007 0.88 0.007 0.005 0.008 0.019 0.164
0.005 0.009 0.008 0 0.005 0.138 0.003 0.002 0.002 0.007 0 0.021 0.045 0.001 0.003 0.001 0.003 0 0.013 0.106 0 0.004 0.002 0.014 0.002 0.001 0.003 0.172 0.116 0.111 0.03 0.022 0.285 0.007 0.005 0.02 0 0.004 0.025 0.008 0.007 0.001 0.368 0.003 0.016 0.006 0 0.056 0.008 0.009 0.001 0.01 1 0.002 0.002 0.058 0.009 0 0.001 0.876 0.004 0.002 0.058 0 0.052 0.001 0.001 0.002 0.001 0.009 0 0 0.001 0.002 0.002
0.053 0.068 0.067 0.021 0.011 0.003 0.006 0.005 0.004 0.001 0.001 0.021 0.022 0.001 0.007 0.002 0.005 0.001 0.019 0.004 0.156 0.005 0.072 0.019 0.039 0.002 0.006 0.004 0.001 0.001 0.041 0.053 0.003 0.013 0.012 0.059 0.018 0.014 0.075 0.233 0.164 0.001 0.004 0.064 0.033 0.001 0.001 0.151 0.222 0.209 0.001 0.145 0.002 1 0.03 0.157 0.142 0.003 0.002 0.002 0.001 0.004 0.155 0.003 0.152 0.04 0.002 0.345 0.001 0.078 0.001 0.001 0.001 0.003 0.03
0.02 0.016 0.016 0.03 0.009 0 0.004 0.003 0.003 0.273 0.001 0.016 0.017 0.001 0.006 0.002 0.003 0.001 0.018 0.004 0.077 0.002 0.038 0.018 0.032 0.002 0.002 0.004 0.001 0.001 0.028 0.045 0.002 0.012 0.011 0.05 0.02 0.013 0.048 0.135 0.139 0.001 0.004 0.054 0.031 0.001 0.001 0.082 0.128 0.13 0.001 0.132 0.002 0.03 1 0.12 0.149 0.003 0.002 0.002 0.007 0.004 0.108 0.003 0.115 0.33 0.002 0.001 0.001 0.128 0.001 0.001 0.001 0.003 0.594
0.016 0.025 0.032 0.002 0.013 0.044 0.011 0.007 0.005 0.125 0.004 0.001 0.002 0 0.002 0.005 0.122 0.004 0.001 0.021 0.46 0.056 0.138 0.001 0.048 0.015 0.114 0.029 0.008 0.009 0.033 0.055 0.063 0.036 0.056 0.083 0.001 0.086 0.329 0.546 0.527 0 0.132 0.214 0.208 0.059 0.006 0.844 0.58 0.604 0.009 0.753 0.058 0.157 0.12 1 0.705 0.017 0.013 0.068 0.229 0.026 0.842 0.02 0.911 0.123 0.014 0.162 0.008 0.688 0.034 0.005 0.009 0.021 0.15
0.001 0.003 0.006 0.013 0.025 0.009 0.027 0.022 0.018 0.124 0.003 0.008 0.01 0 0.013 0.003 0.197 0.003 0.014 0.002 0.538 0.048 0.186 0.017 0.079 0.012 0.187 0.001 0.001 0.001 0.083 0.126 0.006 0.04 0.058 0.166 0 0.071 0.299 0.702 0.662 0.007 0.019 0.219 0.169 0.044 0.005 0.721 0.744 0.679 0.007 0.852 0.009 0.142 0.149 0.705 1 0.014 0.011 0.008 0.336 0.021 0.692 0.016 0.783 0.151 0.012 0.149 0.006 0.813 0.004 0.004 0.007 0.017 0.185
0.02 0.016 0.017 0.037 0.008 0.002 0.004 0.003 0 0.001 0 0.016 0.017 0.001 0.005 0.002 0.001 0.001 0.013 0.003 0.005 0.05 0.01 0.013 0.023 0.002 0.001 0.003 0.001 0.001 0.03 0.034 0.002 0.007 0.006 0.038 0.252 0.007 0.031 0.012 0.011 0 0.003 0.022 0.02 0.063 0.001 0.018 0.012 0.011 0.001 0.016 0 0.003 0.003 0.017 0.014 1 0.002 0.001 0.006 0.003 0.017 0.849 0.018 0.002 0.002 0.003 0.001 0.014 0.001 0.001 0.001 0.079 0.003
0.002 0.001 0.001 0.007 0.006 0.002 0.003 0.003 0.002 0.002 0 0.001 0.001 0.001 0.004 0.001 0.003 0.001 0.011 0.002 0.008 0 0.004 0.01 0.019 0.142 0.003 0.002 0.001 0.001 0.021 0.027 0.001 0.008 0.007 0.008 0.001 0.008 0.024 0.009 0.009 0.001 0.002 0.004 0.019 0.032 0.001 0.013 0.009 0.01 0.001 0.009 0.001 0.002 0.002 0.013 0.011 0.002 1 0.001 0.004 0.002 0.013 0.002 0.013 0.002 0.001 0.002 0.001 0.011 0 0 0.001 0.002 0.002
0.008 0.011 0.011 0.001 0.005 0.153 0.002 0.002 0.002 0.009 0 0.028 0.055 0.001 0.003 0.001 0.002 0 0.017 0.117 0 0.009 0.004 0.018 0.004 0.001 0.003 0.191 0.129 0.124 0.039 0.03 0.314 0.006 0.004 0.027 0.001 0.006 0.032 0.007 0.006 0.001 0.403 0.003 0.015 0.012 0 0.066 0.007 0.007 0.001 0.009 0.876 0.002 0.002 0.068 0.008 0.001 0.001 1 0.003 0.002 0.069 0.001 0.062 0.001 0.001 0.001 0.001 0.008 0 0 0.001 0.001 0.002
0.004 0.004 0.001 0.016 0.001 0 0.012 0.01 0.008 0.002 0.001 0 0 0.001 0 0 0.41 0.001 0.002 0.001 0.223 0.024 0.071 0.003 0.024 0.005 0.462 0.001 0.003 0.002 0.028 0.04 0 0.006 0.023 0.062 0.005 0.029 0.125 0.275 0.271 0.003 0.014 0.079 0.07 0.033 0.002 0.32 0.309 0.319 0.003 0.338 0.004 0.001 0.007 0.229 0.336 0.006 0.004 0.003 1 0.009 0.306 0.007 0.292 0.006 0.005 0.002 0.003 0.336 0.002 0.002 0.003 0.007 0.003
0.01 0.019 0.019 0.056 0.006 0.003 0.001 0.001 0.002 0.005 0.001 0.014 0.017 0.002 0.002 0.002 0.006 0.001 0.014 0.004 0.018 0.014 0.042 0.013 0.023 0.082 0.007 0.004 0.001 0.002 0.02 0.011 0.002 0.011 0.009 0.05 0.002 0.223 0.034 0.018 0.017 0.002 0.004 0.04 0.124 0.02 0.001 0.026 0.019 0.02 0.002 0.024 0.002 0.004 0.004 0.026 0.021 0.003 0.002 0.002 0.009 1 0.026 0.004 0.027 0.003 0.003 0.004 0.001 0.021 0.001 0.001 0.002 0 0.004
0.006 0.018 0.019 0.004 0.019 0.027 0.01 0.007 0.005 0.118 0.004 0.001 0 0 0.005 0.005 0.17 0.004 0.005 0.011 0.566 0.064 0.162 0.006 0.065 0.015 0.188 0.018 0.008 0.009 0.048 0.086 0.041 0.058 0.07 0.119 0.001 0.085 0.32 0.642 0.622 0.008 0.081 0.203 0.206 0.064 0.006 0.871 0.678 0.702 0.009 0.778 0.058 0.155 0.108 0.842 0.692 0.017 0.013 0.069 0.306 0.026 1 0.02 0.909 0.124 0.014 0.164 0.008 0.69 0.008 0.005 0.009 0.017 0.137
0.024 0.019 0.02 0.045 0.01 0.003 0.005 0.004 0 0.002 0 0.019 0.02 0.001 0.006 0.002 0.001 0.001 0.015 0.003 0.007 0.07 0.017 0.016 0.028 0.002 0.001 0.003 0.001 0.001 0.036 0.041 0.002 0 0.007 0.046 0.22 0.008 0.037 0.014 0.013 0 0.003 0.027 0.024 0.08 0.001 0.021 0.014 0.013 0.001 0.018 0 0.003 0.003 0.02 0.016 0.849 0.002 0.001 0.007 0.004 0.02 1 0.021 0.002 0.002 0.003 0.001 0.016 0.001 0.001 0.001 0.158 0.003
0.014 0.023 0.029 0.003 0.014 0.045 0.012 0.007 0.005 0.125 0.005 0 0 0 0.002 0.005 0.162 0.004 0.001 0.021 0.526 0.068 0.143 0.002 0.051 0.015 0.152 0.03 0.006 0.006 0.036 0.071 0.068 0.05 0.073 0.102 0.001 0.089 0.339 0.61 0.59 0.009 0.133 0.218 0.216 0.068 0.006 0.913 0.643 0.667 0.009 0.829 0.052 0.152 0.115 0.911 0.783 0.018 0.013 0.062 0.292 0.027 0.909 0.021 1 0.119 0.015 0.157 0.008 0.743 0.007 0.006 0.009 0.018 0.145
0.01 0.007 0.008 0.021 0.007 0 0.003 0.002 0.003 0.135 0.001 0.013 0.014 0.001 0.005 0.002 0.005 0.001 0.015 0.003 0.078 0 0.047 0.015 0.026 0.002 0.004 0.003 0.001 0.001 0.028 0.036 0.002 0.01 0.009 0.041 0.026 0.011 0.041 0.143 0.12 0.001 0.003 0.048 0.026 0.013 0.001 0.09 0.135 0.087 0.001 0.134 0.001 0.04 0.33 0.123 0.151 0.002 0.002 0.001 0.006 0.003 0.124 0.002 0.119 1 0.002 0.003 0.001 0.127 0.001 0.001 0.001 0.003 0.466
0.002 0.01 0.01 0.041 0.006 0.002 0.003 0.002 0.002 0.003 0.002 0.009 0.008 0.001 0.003 0.001 0.003 0.001 0.007 0 0.01 0.012 0.03 0.007 0.057 0.001 0.004 0 0.001 0.001 0.053 0.041 0.002 0.008 0.007 0.037 0.001 0.163 0.03 0.01 0.009 0.001 0.002 0.022 0.068 0.014 0.001 0.015 0.01 0.011 0 0.013 0.001 0.002 0.002 0.014 0.012 0.002 0.001 0.001 0.005 0.003 0.014 0.002 0.015 0.002 1 0.002 0.001 0.012 0 0.001 0.001 0.002 0.002
0.064 0.078 0.079 0.027 0.01 0 0.006 0.005 0.004 0.008 0.001 0.013 0.014 0.001 0.006 0.002 0.006 0.001 0.008 0 0.181 0.015 0.059 0.011 0.029 0.002 0.006 0 0.002 0.002 0.032 0.043 0.003 0.013 0.012 0.048 0.002 0.014 0.067 0.186 0.126 0.001 0 0.034 0.034 0 0.001 0.156 0.198 0.186 0.001 0.151 0.002 0.345 0.001 0.162 0.149 0.003 0.002 0.001 0.002 0.004 0.164 0.003 0.157 0.003 0.002 1 0.001 0.096 0.001 0.001 0.001 0.003 0.001
0.004 0.008 0.008 0.005 0.003 0.001 0.002 0.002 0.001 0.001 0 0.008 0.005 0 0.002 0.001 0.01 0 0.006 0.001 0.001 0.007 0.002 0.006 0.009 0.001 0.009 0.001 0 0 0.029 0.022 0.001 0.004 0.004 0.02 0.001 0.087 0.016 0.005 0.005 0 0.001 0.009 0.036 0.009 0 0.008 0.005 0.006 0 0.007 0.001 0.001 0.001 0.008 0.006 0.001 0.001 0.001 0.003 0.001 0.008 0.001 0.008 0.001 0.001 0.001 1 0.006 0 0 0 0.001 0.001
0.002 0.004 0.008 0.008 0.007 0.009 0.008 0.005 0.004 0.101 0.003 0.001 0.001 0 0.001 0.003 0.196 0.003 0.004 0.002 0.463 0.051 0.146 0.004 0.054 0.012 0.218 0.001 0.001 0.001 0.058 0.095 0.006 0.034 0.058 0.129 0 0.069 0.264 0.612 0.636 0.007 0.027 0.196 0.169 0.058 0.005 0.722 0.645 0.654 0.007 0.88 0.009 0.078 0.128 0.688 0.813 0.014 0.011 0.008 0.336 0.021 0.69 0.016 0.743 0.127 0.012 0.096 0.006 1 0.007 0.004 0.007 0.017 0.172
0.005 0.007 0.007 0.001 0.019 0.001 0.048 0.057 0.068 0 0 0.034 0.033 0 0.038 0 0.001 0 0.01 0.001 0.003 0.001 0 0.01 0.003 0.001 0.001 0.001 0 0 0.002 0.013 0.001 0.003 0.004 0.013 0 0.002 0 0.003 0.005 0.08 0.001 0 0.007 0 0 0.007 0.003 0.012 0 0.007 0 0.001 0.001 0.034 0.004 0.001 0 0 0.002 0.001 0.008 0.001 0.007 0.001 0 0.001 0 0.007 1 0 0 0.001 0.001
0.004 0.003 0.003 0.002 0.001 0.001 0 0 0.001 0.001 0 0.001 0.001 0 0.002 0 0 0.216 0.002 0.001 0.002 0.005 0.001 0.002 0.001 0.001 0.001 0.001 0 0 0 0.015 0.001 0.036 0.041 0.014 0.001 0.003 0.007 0.004 0.003 0 0.001 0.011 0.025 0.006 0 0.006 0.004 0.004 0 0.005 0 0.001 0.001 0.005 0.004 0.001 0 0 0.002 0.001 0.005 0.001 0.006 0.001 0.001 0.001 0 0.004 0 1 0 0.001 0.001
0.017 0.022 0.021 0.009 0.005 0.027 0.002 0.002 0.001 0.002 0.013 0.031 0.029 0 0.003 0.009 0.002 0 0.037 0.043 0.006 0 0.006 0.038 0.008 0.001 0.002 0.04 0.012 0.011 0.001 0 0.03 0.005 0.004 0 0.001 0.001 0.003 0.006 0.006 0 0.001 0.013 0.006 0 0.612 0.009 0.006 0.006 0.759 0.008 0.001 0.001 0.001 0.009 0.007 0.001 0.001 0.001 0.003 0.002 0.009 0.001 0.009 0.001 0.001 0.001 0 0.007 0 0 1 0.041 0.001
0.006 0.004 0.004 0.011 0.002 0 0.005 0.004 0.003 0.004 0.003 0 0 0.001 0.006 0.002 0.005 0.001 0.001 0 0.011 0.036 0.001 0.002 0.004 0.002 0.005 0 0 0 0.016 0.018 0.002 0 0.006 0.021 0.002 0.001 0.034 0.014 0.013 0.001 0.003 0.023 0.007 0.061 0.005 0.021 0.015 0.015 0.052 0.019 0.002 0.003 0.003 0.021 0.017 0.079 0.002 0.001 0.007 0 0.017 0.158 0.018 0.003 0.002 0.003 0.001 0.017 0.001 0.001 0.041 1 0.003
0.011 0.008 0.008 0.022 0.009 0 0.004 0.003 0.003 0.18 0.001 0.017 0.018 0 0.006 0.002 0.003 0.001 0.018 0.004 0.099 0.001 0.057 0.018 0.037 0.002 0.002 0.004 0.001 0.001 0.033 0.05 0.003 0.013 0.011 0.056 0.019 0.013 0.045 0.163 0.142 0.001 0.004 0.073 0.031 0.014 0.001 0.113 0.169 0.16 0.001 0.164 0.002 0.03 0.594 0.15 0.185 0.003 0.002 0.002 0.003 0.004 0.137 0.003 0.145 0.466 0.002 0.001 0.001 0.172 0.001 0.001 0.001 0.003 1
