1 0.834 0.84 0.446 0.345 0.125 0.239 0.209 0.125 0.023 0.042 0.492 0.453 0.008 0.23 0.04 0.024 0.009 0.541 0.149 0 0.123 0.075 0.558 0.29 0.011 0.027 0.166 0.054 0.044 0.244 0.147 0.068 0.045 0.028 0.133 0.019 0.005 0.08 0 0.006 0.003 0.077 0.044 0.002 0.094 0.026 0.032 0 0.007 0.027 0.019 0.015 0.037 0.003 0.045 0.007 0.011 0.012 0.024 0.004 0.014 0.031 0.011 0.037 0.002 0.001 0.035 0.002 0.019 0.027 0.001 0.021 0.004 0.004
0.834 1 0.973 0.419 0.39 0.149 0.284 0.249 0.149 0.019 0.05 0.584 0.543 0.006 0.255 0.048 0.02 0.007 0.609 0.18 0.003 0.114 0.057 0.648 0.263 0.019 0.023 0.198 0.064 0.054 0.216 0.125 0.081 0.053 0.039 0.109 0.016 0.026 0.112 0.001 0.013 0.005 0.075 0.058 0 0.071 0.032 0.04 0 0.012 0.033 0.025 0.019 0.045 0.002 0.056 0.009 0.008 0.01 0.029 0.004 0.036 0.041 0.008 0.048 0.004 0 0.037 0.015 0.029 0.033 0.002 0.027 0.002 0.007
0.84 0.973 1 0.424 0.406 0.147 0.28 0.245 0.146 0.02 0.049 0.59 0.548 0.006 0.27 0.047 0.021 0.007 0.621 0.177 0.002 0.11 0.055 0.66 0.276 0.019 0.023 0.195 0.063 0.053 0.228 0.133 0.08 0.059 0.038 0.117 0.016 0.025 0.115 0.001 0.012 0.005 0.091 0.062 0 0.074 0.032 0.044 0 0.011 0.032 0.028 0.018 0.044 0.002 0.061 0.012 0.009 0.01 0.028 0.004 0.036 0.043 0.008 0.052 0.004 0.001 0.043 0.015 0.033 0.032 0.002 0.027 0.002 0.006
0.446 0.419 0.424 1 0.198 0.04 0.137 0.12 0.072 0.041 0.022 0.242 0.229 0.016 0.133 0.027 0.043 0.015 0.257 0.051 0.008 0.252 0.228 0.285 0.597 0.001 0.039 0.061 0.03 0.022 0.548 0.376 0.02 0.01 0.004 0.439 0.034 0.245 0.001 0.017 0.004 0.014 0.042 0 0.197 0.238 0.005 0 0.022 0.005 0.005 0.001 0.006 0.015 0.004 0.001 0.006 0.027 0.023 0.004 0.022 0.061 0 0.026 0 0 0.01 0.007 0.02 0 0.015 0 0.003 0.016 0
0.345 0.39 0.406 0.198 1 0.011 0.556 0.502 0.278 0.009 0.004 0.46 0.423 0.005 0.547 0.112 0.009 0.003 0.483 0.017 0.026 0.057 0.099 0.505 0.233 0.008 0.01 0.016 0.005 0.006 0.207 0.168 0.007 0.207 0.147 0.142 0.007 0.036 0.033 0.025 0.002 0.005 0.001 0.067 0.017 0.041 0.002 0.006 0.027 0.002 0 0.002 0.003 0.005 0.001 0.001 0.018 0.008 0.004 0.003 0.006 0.015 0.001 0.007 0.002 0.003 0 0.002 0.007 0 0.028 0.012 0.001 0.007 0.003
0.125 0.149 0.147 0.04 0.011 1 0.007 0.006 0.004 0.003 0.002 0.164 0.154 0 0.007 0.001 0.003 0.001 0.164 0.617 0.011 0.013 0.029 0.165 0.078 0.003 0.003 0.626 0.429 0.414 0.058 0.026 0.503 0.011 0.01 0.024 0.002 0.016 0.053 0.006 0.007 0.002 0.347 0.019 0.033 0.011 0.151 0.04 0.006 0.008 0.131 0.011 0.117 0.002 0 0.044 0.015 0.003 0.002 0.166 0 0.006 0.024 0.003 0.038 0 0.001 0.007 0.002 0.012 0.001 0.001 0.128 0.008 0
0.239 0.284 0.28 0.137 0.556 0.007 1 0.875 0.529 0.006 0.003 0.299 0.28 0.003 0.77 0.003 0.006 0.002 0.321 0.011 0.016 0.037 0.063 0.335 0.16 0.005 0.007 0.011 0.003 0.004 0.15 0.103 0.004 0.244 0.23 0.104 0.005 0.014 0.045 0.017 0.001 0.004 0.005 0.13 0.057 0.045 0.003 0.002 0.019 0.001 0.003 0 0.002 0.004 0 0 0.024 0.005 0.004 0.002 0.012 0.009 0 0.004 0 0.001 0.001 0.006 0.004 0 0.113 0.021 0.004 0.007 0.001
0.209 0.249 0.245 0.12 0.502 0.006 0.875 1 0.604 0.005 0.003 0.26 0.243 0.003 0.769 0.002 0.005 0.002 0.278 0.01 0.013 0.033 0.054 0.291 0.138 0.005 0.006 0.009 0.003 0.004 0.127 0.085 0.004 0.179 0.162 0.088 0.004 0.011 0.03 0.015 0.004 0.003 0.004 0.103 0.039 0.042 0.002 0.001 0.016 0.004 0.003 0 0.001 0.004 0 0.001 0.021 0.004 0.003 0.002 0.011 0.008 0.001 0.003 0 0.001 0.001 0.005 0.004 0.002 0.129 0 0.003 0.006 0.001
0.125 0.149 0.146 0.072 0.278 0.004 0.529 0.604 1 0.003 0.002 0.168 0.157 0.002 0.513 0.001 0.003 0.001 0.177 0.006 0.011 0.02 0.037 0.185 0.089 0.003 0.003 0.006 0.002 0.002 0.094 0.059 0.002 0.115 0.091 0.067 0.002 0.003 0.017 0.012 0.001 0.002 0.002 0.05 0.028 0.031 0.001 0 0.013 0.001 0.002 0.001 0.001 0.002 0.002 0 0.016 0.003 0.002 0.001 0.007 0.006 0 0.003 0 0.002 0.004 0.003 0.002 0 0.193 0.001 0.002 0.004 0.002
0.023 0.019 0.02 0.041 0.009 0.003 0.006 0.005 0.003 1 0.001 0.004 0.005 0.001 0.006 0.001 0.002 0.001 0.008 0.004 0.25 0.015 0.073 0.016 0.032 0.002 0.003 0.004 0.001 0.002 0.03 0.037 0.002 0.008 0.007 0.042 0.002 0.012 0.077 0.223 0.171 0.001 0.002 0.057 0.024 0.007 0.001 0.144 0.21 0.101 0.001 0.15 0.001 0.005 0.148 0.118 0.168 0.003 0.002 0.001 0.001 0.004 0.124 0.003 0.133 0.073 0.001 0.029 0.002 0.128 0.001 0.001 0.001 0.003 0.041
0.042 0.05 0.049 0.022 0.004 0.002 0.003 0.003 0.002 0.001 1 0.065 0.061 0.001 0.003 0.001 0.001 0 0.071 0.263 0.004 0.008 0.015 0.074 0.036 0.001 0.001 0.274 0.001 0.001 0.038 0.032 0.001 0.004 0.004 0.027 0.001 0.095 0.015 0.005 0.005 0.001 0.001 0.011 0.022 0.013 0.009 0.007 0.005 0.006 0.007 0.007 0 0.001 0.001 0.007 0.006 0.001 0.001 0 0.003 0.002 0.008 0.001 0.008 0.001 0.001 0.001 0.001 0.007 0 0 0.005 0.001 0.001
0.492 0.584 0.59 0.242 0.46 0.164 0.299 0.26 0.168 0.004 0.065 1 0.9 0.006 0.311 0.062 0.012 0.005 0.763 0.209 0.041 0.086 0.15 0.808 0.351 0.01 0.014 0.235 0.071 0.096 0.31 0.225 0.095 0.097 0.069 0.215 0.015 0.014 0.058 0.036 0.01 0.011 0.107 0.016 0.004 0.069 0.048 0.001 0.039 0.008 0.048 0 0.025 0.004 0.005 0.006 0.006 0.003 0.005 0.038 0.005 0.025 0.002 0.002 0.004 0.01 0 0 0.013 0.001 0.036 0.004 0.04 0.001 0.01
0.453 0.543 0.548 0.229 0.423 0.154 0.28 0.243 0.157 0.005 0.061 0.9 1 0.006 0.292 0.059 0.013 0.005 0.757 0.232 0.045 0.081 0.148 0.802 0.348 0.006 0.016 0.221 0.066 0.09 0.284 0.218 0.089 0.109 0.081 0.217 0.016 0.014 0.056 0.042 0.013 0.003 0.1 0.015 0.006 0.054 0.045 0 0.046 0.011 0.045 0 0.023 0.004 0.005 0.003 0.01 0.003 0.005 0.035 0.006 0.028 0 0.003 0.001 0.011 0 0 0.009 0 0.034 0.003 0.037 0.001 0.011
0.008 0.006 0.006 0.016 0.005 0 0.003 0.003 0.002 0.001 0.001 0.006 0.006 1 0.003 0.001 0 0 0.009 0.003 0.002 0.073 0.045 0.009 0.015 0.001 0 0.002 0.001 0.001 0.017 0.02 0.001 0.005 0.004 0.024 0.023 0.007 0.001 0.002 0.003 0.001 0.001 0.009 0.015 0.042 0.001 0.005 0.003 0.003 0.001 0.001 0 0.001 0.003 0.002 0.001 0.015 0.001 0 0.001 0.002 0.002 0.015 0.002 0.001 0.001 0.001 0.001 0.001 0 0 0.001 0.012 0.001
0.23 0.255 0.27 0.133 0.547 0.007 0.77 0.769 0.513 0.006 0.003 0.311 0.292 0.003 1 0.003 0.006 0.002 0.348 0.011 0.021 0.038 0.071 0.363 0.176 0.005 0.007 0.011 0.003 0.004 0.163 0.115 0.004 0.263 0.18 0.115 0.005 0.013 0.046 0.022 0 0.004 0.004 0.124 0.041 0.045 0.003 0 0.023 0.001 0.003 0.001 0.002 0.004 0.003 0.003 0.012 0.005 0.004 0.002 0.001 0.009 0.002 0.004 0.002 0.005 0.001 0.003 0.004 0.005 0.112 0.002 0.004 0.007 0.005
0.04 0.048 0.047 0.027 0.112 0.001 0.003 0.002 0.001 0.001 0.001 0.062 0.059 0.001 0.003 1 0.001 0 0.068 0.002 0.004 0.007 0.014 0.071 0.031 0.001 0.001 0.002 0.001 0.001 0.033 0.027 0.001 0.004 0.004 0.024 0.001 0.006 0.014 0.005 0.005 0.001 0.001 0.011 0.009 0.003 0.001 0.007 0.005 0.006 0.001 0.007 0 0.001 0.001 0.007 0.006 0.001 0 0 0.002 0.002 0.007 0.001 0.008 0.001 0 0.001 0.001 0.006 0 0 0.001 0.001 0.001
0.024 0.02 0.021 0.043 0.009 0.003 0.006 0.005 0.003 0.002 0.001 0.012 0.013 0 0.006 0.001 1 0.001 0.017 0.005 0.277 0.016 0.083 0.016 0.033 0.002 0.877 0.004 0.001 0.002 0.024 0.028 0.002 0.008 0.007 0.033 0.002 0.007 0.065 0.214 0.188 0.001 0.002 0.034 0.018 0.023 0.001 0.137 0.19 0.167 0.001 0.143 0.001 0.002 0.002 0.097 0.157 0.003 0.002 0.001 0.35 0.004 0.131 0.003 0.126 0 0.001 0.002 0.001 0.144 0.001 0.001 0.002 0.003 0
0.009 0.007 0.007 0.015 0.003 0.001 0.002 0.002 0.001 0.001 0 0.005 0.005 0 0.002 0 0.001 1 0.006 0.002 0.003 0.056 0.03 0.006 0.012 0.001 0.001 0.002 0 0.001 0.01 0.021 0.001 0.094 0.105 0.018 0.001 0.005 0.024 0.002 0.002 0.001 0.001 0.032 0.023 0.009 0 0.003 0.002 0.002 0 0.003 0 0.001 0 0.003 0.003 0.001 0.001 0 0 0.002 0.003 0.001 0.004 0.001 0 0.001 0.001 0.003 0 0.21 0.001 0.001 0.001
0.541 0.609 0.621 0.257 0.483 0.164 0.321 0.278 0.177 0.008 0.071 0.763 0.757 0.009 0.348 0.068 0.017 0.006 1 0.27 0.049 0.09 0.166 0.942 0.425 0.016 0.016 0.238 0.077 0.067 0.343 0.227 0.086 0.089 0.06 0.209 0.008 0.013 0.045 0.044 0.01 0.01 0.1 0.016 0.003 0.074 0.052 0.001 0.041 0.008 0.053 0 0.016 0.011 0.009 0.003 0.008 0.007 0.009 0.027 0.003 0.03 0.001 0.006 0.002 0.014 0 0 0.012 0 0.039 0.003 0.045 0 0.013
0.149 0.18 0.177 0.051 0.017 0.617 0.011 0.01 0.006 0.004 0.263 0.209 0.232 0.003 0.011 0.002 0.005 0.002 0.27 1 0.017 0.027 0.053 0.275 0.134 0.004 0.005 0.895 0.285 0.271 0.089 0.05 0.332 0.016 0.015 0.044 0.004 0.003 0.014 0.011 0.013 0.003 0.224 0.033 0.006 0.018 0.14 0.013 0.012 0.016 0.121 0 0.075 0.003 0.002 0.011 0.001 0.001 0.003 0.108 0.001 0.008 0.004 0.001 0.009 0.004 0 0.002 0.003 0.001 0.001 0.002 0.114 0.008 0.004
0 0.003 0.002 0.008 0.026 0.011 0.016 0.013 0.011 0.25 0.004 0.041 0.045 0.002 0.021 0.004 0.277 0.003 0.049 0.017 1 0.051 0.289 0.059 0.108 0.008 0.301 0.016 0.005 0.006 0.104 0.125 0.006 0.03 0.027 0.145 0.007 0.039 0.243 0.796 0.658 0 0.007 0.188 0.073 0.033 0.004 0.515 0.735 0.533 0.005 0.506 0.002 0.158 0.059 0.404 0.562 0.009 0.006 0.002 0.193 0.016 0.479 0.01 0.465 0.135 0.003 0.132 0.002 0.461 0.002 0.003 0.005 0.008 0.118
0.123 0.114 0.11 0.252 0.057 0.013 0.037 0.033 0.02 0.015 0.008 0.086 0.081 0.073 0.038 0.007 0.016 0.056 0.09 0.027 0.051 1 0.388 0.104 0.193 0.014 0.016 0.028 0.008 0.011 0.164 0.047 0.011 0.017 0.024 0.065 0.1 0.065 0.013 0.046 0.053 0.057 0.012 0.008 0.013 0.135 0.003 0.054 0.031 0.034 0.002 0.051 0.001 0.01 0.003 0.052 0.04 0.077 0.004 0.004 0.009 0.013 0.053 0.082 0.052 0.007 0 0.015 0.004 0.052 0.004 0.009 0 0.048 0.006
0.075 0.057 0.055 0.228 0.099 0.029 0.063 0.054 0.037 0.073 0.015 0.15 0.148 0.045 0.071 0.014 0.083 0.03 0.166 0.053 0.289 0.388 1 0.196 0.363 0.027 0.092 0.053 0.016 0.021 0.322 0.178 0.021 0 0.001 0.225 0.045 0.124 0.102 0.268 0.196 0.044 0.023 0.085 0.075 0.019 0.008 0.138 0.276 0.179 0.007 0.139 0.003 0.044 0.019 0.1 0.18 0.024 0.011 0.007 0.084 0.033 0.116 0.027 0.112 0.042 0.003 0.028 0.007 0.121 0.008 0.002 0.003 0.009 0.037
0.558 0.648 0.66 0.285 0.505 0.165 0.335 0.291 0.185 0.016 0.074 0.808 0.802 0.009 0.363 0.071 0.016 0.006 0.942 0.275 0.059 0.104 0.196 1 0.465 0.015 0.018 0.26 0.079 0.069 0.373 0.255 0.102 0.095 0.065 0.237 0.013 0.012 0.046 0.053 0.014 0.01 0.115 0.013 0.004 0.075 0.055 0 0.057 0.014 0.055 0.001 0.025 0.011 0.008 0.002 0.015 0.01 0.008 0.038 0.008 0.028 0 0.009 0.001 0.013 0 0.001 0.012 0 0.041 0.004 0.047 0 0.013
0.29 0.263 0.276 0.597 0.233 0.078 0.16 0.138 0.089 0.032 0.036 0.351 0.348 0.015 0.176 0.031 0.033 0.012 0.425 0.134 0.108 0.193 0.363 0.465 1 0.031 0.037 0.126 0.039 0.03 0.863 0.641 0.048 0.024 0.014 0.577 0.025 0.222 0.002 0.118 0.064 0.01 0.054 0.004 0.211 0.206 0.018 0.027 0.126 0.054 0.015 0.036 0.009 0.023 0.011 0.016 0.066 0.025 0.021 0.017 0.033 0.015 0.026 0.024 0.022 0.02 0.013 0.01 0.036 0.029 0.02 0 0.011 0.004 0.026
0.011 0.019 0.019 0.001 0.008 0.003 0.005 0.005 0.003 0.002 0.001 0.01 0.006 0.001 0.005 0.001 0.002 0.001 0.016 0.004 0.008 0.014 0.027 0.015 0.031 1 0.003 0.004 0.001 0.002 0.03 0.036 0.002 0.008 0.007 0.008 0.002 0.034 0.025 0.009 0.01 0 0.002 0.008 0.009 0 0.001 0.008 0.005 0.006 0.001 0.008 0.001 0.002 0.001 0.008 0.007 0.002 0.127 0.001 0.001 0.119 0.009 0.002 0.009 0.002 0 0.002 0.002 0.007 0.001 0.001 0.001 0.002 0.002
0.027 0.023 0.023 0.039 0.01 0.003 0.007 0.006 0.003 0.003 0.001 0.014 0.016 0 0.007 0.001 0.877 0.001 0.016 0.005 0.301 0.016 0.092 0.018 0.037 0.003 1 0.005 0.001 0.002 0.027 0.034 0.002 0.01 0.009 0.04 0.002 0.008 0.071 0.241 0.213 0.002 0.002 0.032 0.022 0.025 0.001 0.155 0.216 0.188 0.001 0.161 0.001 0.002 0.001 0.091 0.156 0.003 0.002 0.001 0.4 0.005 0.148 0.003 0.124 0 0.001 0.003 0 0.164 0.001 0.001 0.002 0.003 0
0.166 0.198 0.195 0.061 0.016 0.626 0.011 0.009 0.006 0.004 0.274 0.235 0.221 0.002 0.011 0.002 0.004 0.002 0.238 0.895 0.016 0.028 0.053 0.26 0.126 0.004 0.005 1 0.296 0.282 0.107 0.066 0.4 0.016 0.014 0.059 0.004 0.004 0.022 0.011 0.013 0.003 0.283 0.025 0.005 0.029 0.146 0.021 0.012 0.015 0.127 0.001 0.123 0.003 0.002 0.018 0.002 0.001 0.003 0.162 0.001 0.008 0.008 0.001 0.015 0.004 0 0.003 0.003 0.001 0.001 0.002 0.119 0.009 0.003
0.054 0.064 0.063 0.03 0.005 0.429 0.003 0.003 0.002 0.001 0.001 0.071 0.066 0.001 0.003 0.001 0.001 0 0.077 0.285 0.005 0.008 0.016 0.079 0.039 0.001 0.001 0.296 1 0.737 0.016 0.012 0.059 0.005 0.004 0.009 0.001 0.007 0.017 0.005 0.006 0.001 0.12 0.012 0.014 0.003 0.073 0.009 0.005 0.006 0.064 0.001 0.136 0.001 0.001 0.008 0 0.001 0.001 0.133 0.003 0.002 0.003 0.001 0.006 0.001 0.001 0.007 0.001 0.001 0 0 0.075 0.003 0.001
0.044 0.054 0.053 0.022 0.006 0.414 0.004 0.004 0.002 0.002 0.001 0.096 0.09 0.001 0.004 0.001 0.002 0.001 0.067 0.271 0.006 0.011 0.021 0.069 0.03 0.002 0.002 0.282 0.737 1 0.012 0.022 0.098 0 0 0.018 0.001 0.009 0.03 0.007 0.008 0.001 0.154 0.017 0.006 0.007 0.052 0.01 0.007 0.009 0.045 0 0.098 0.001 0.001 0.01 0 0.002 0.001 0.096 0 0.003 0.005 0.002 0.007 0.001 0.001 0.004 0.001 0 0 0.001 0.052 0.001 0.001
0.244 0.216 0.228 0.548 0.207 0.058 0.15 0.127 0.094 0.03 0.038 0.31 0.284 0.017 0.163 0.033 0.024 0.01 0.343 0.089 0.104 0.164 0.322 0.373 0.863 0.03 0.027 0.107 0.016 0.012 1 0.753 0.056 0.04 0.027 0.685 0.025 0.249 0 0.113 0.06 0.019 0.064 0.001 0.252 0.259 0.019 0.021 0.12 0.05 0.013 0.031 0.015 0.022 0.009 0.012 0.06 0.027 0.021 0.023 0.031 0.018 0.02 0.026 0.016 0.018 0.014 0.009 0.049 0.025 0.021 0 0.007 0.01 0.023
0.147 0.125 0.133 0.376 0.168 0.026 0.103 0.085 0.059 0.037 0.032 0.225 0.218 0.02 0.115 0.027 0.028 0.021 0.227 0.05 0.125 0.047 0.178 0.255 0.641 0.036 0.034 0.066 0.012 0.022 0.753 1 0.036 0.223 0.203 0.857 0.03 0.18 0.018 0.146 0.101 0.021 0.054 0.002 0.411 0.228 0.008 0.05 0.155 0.088 0.004 0.065 0.012 0.026 0.013 0.036 0.089 0.024 0.024 0.009 0.039 0.011 0.049 0.023 0.043 0.023 0.011 0.02 0.041 0.056 0.003 0.017 0.001 0.008 0.03
0.068 0.081 0.08 0.02 0.007 0.503 0.004 0.004 0.002 0.002 0.001 0.095 0.089 0.001 0.004 0.001 0.002 0.001 0.086 0.332 0.006 0.011 0.021 0.102 0.048 0.002 0.002 0.4 0.059 0.098 0.056 0.036 1 0.006 0.006 0.041 0.001 0.009 0.059 0.007 0.008 0.001 0.267 0.01 0.02 0.019 0.263 0.026 0.007 0.009 0.231 0.007 0.059 0.001 0.001 0.024 0.009 0.002 0.001 0.043 0.002 0.003 0.014 0.002 0.023 0.001 0.001 0.002 0.001 0.008 0 0.001 0.19 0.004 0.001
0.045 0.053 0.059 0.01 0.207 0.011 0.244 0.179 0.115 0.008 0.004 0.097 0.109 0.005 0.263 0.004 0.008 0.094 0.089 0.016 0.03 0.017 0 0.095 0.024 0.008 0.01 0.016 0.005 0 0.04 0.223 0.006 1 0.89 0.193 0.007 0.045 0.274 0.032 0.036 0.113 0.001 0.202 0.238 0.02 0.004 0.028 0.034 0.036 0.004 0.027 0.003 0.006 0.004 0.029 0.023 0.004 0.005 0.002 0.005 0.014 0.031 0.002 0.032 0.007 0.001 0.005 0.006 0.025 0.002 0.082 0.005 0.003 0.007
0.028 0.039 0.038 0.004 0.147 0.01 0.23 0.162 0.091 0.007 0.004 0.069 0.081 0.004 0.18 0.004 0.007 0.105 0.06 0.015 0.027 0.024 0.001 0.065 0.014 0.007 0.009 0.014 0.004 0 0.027 0.203 0.006 0.89 1 0.176 0.006 0.04 0.249 0.028 0.032 0.128 0.007 0.177 0.259 0.015 0.004 0.043 0.03 0.036 0.004 0.042 0.002 0.005 0.004 0.045 0.037 0.003 0.005 0.002 0.014 0.013 0.046 0.002 0.047 0.006 0.003 0.008 0.006 0.04 0.002 0.093 0.005 0.003 0.006
0.133 0.109 0.117 0.439 0.142 0.024 0.104 0.088 0.067 0.042 0.027 0.215 0.217 0.024 0.115 0.024 0.033 0.018 0.209 0.044 0.145 0.065 0.225 0.237 0.577 0.008 0.04 0.059 0.009 0.018 0.685 0.857 0.041 0.193 0.176 1 0.035 0.278 0.008 0.168 0.106 0.017 0.046 0 0.474 0.267 0.012 0.058 0.179 0.095 0.008 0.073 0.01 0.03 0.016 0.042 0.111 0.029 0.012 0.007 0.048 0.062 0.057 0.028 0.052 0.027 0.01 0.024 0.035 0.063 0.015 0.015 0.003 0.01 0.035
0.019 0.016 0.016 0.034 0.007 0.002 0.005 0.004 0.002 0.002 0.001 0.015 0.016 0.023 0.005 0.001 0.002 0.001 0.008 0.004 0.007 0.1 0.045 0.013 0.025 0.002 0.002 0.004 0.001 0.001 0.025 0.03 0.001 0.007 0.006 0.035 1 0.006 0.003 0.001 0.002 0.001 0.002 0.004 0.008 0.016 0.001 0.002 0 0 0.001 0.004 0.002 0.001 0.001 0.002 0.001 0.305 0.001 0.001 0 0.001 0.004 0.305 0.003 0.002 0.001 0.002 0.001 0.002 0.001 0.001 0.001 0.035 0.002
0.005 0.026 0.025 0.245 0.036 0.016 0.014 0.011 0.003 0.012 0.095 0.014 0.014 0.007 0.013 0.006 0.007 0.005 0.013 0.003 0.039 0.065 0.124 0.012 0.222 0.034 0.008 0.004 0.007 0.009 0.249 0.18 0.009 0.045 0.04 0.278 0.006 1 0.158 0.049 0.043 0.007 0.011 0.081 0.39 0.125 0.001 0.062 0.053 0.05 0.002 0.06 0.001 0.009 0.006 0.064 0.065 0.005 0.008 0.004 0.027 0.254 0.065 0.005 0.069 0.009 0.039 0.013 0.128 0.057 0.001 0.005 0.003 0.003 0.01
0.08 0.112 0.115 0.001 0.033 0.053 0.045 0.03 0.017 0.077 0.015 0.058 0.056 0.001 0.046 0.014 0.065 0.024 0.045 0.014 0.243 0.013 0.102 0.046 0.002 0.025 0.071 0.022 0.017 0.03 0 0.018 0.059 0.274 0.249 0.008 0.003 0.158 1 0.311 0.231 0.031 0.067 0.379 0.003 0.084 0.007 0.32 0.274 0.169 0.005 0.249 0.015 0.055 0.021 0.245 0.298 0.01 0.015 0.025 0.107 0.048 0.251 0.01 0.261 0.039 0.009 0.08 0.022 0.231 0.008 0.022 0.002 0.005 0.033
0 0.001 0.001 0.017 0.025 0.006 0.017 0.015 0.012 0.223 0.005 0.036 0.042 0.002 0.022 0.005 0.214 0.002 0.044 0.011 0.796 0.046 0.268 0.053 0.118 0.009 0.241 0.011 0.005 0.007 0.113 0.146 0.007 0.032 0.028 0.168 0.001 0.049 0.311 1 0.833 0.006 0.008 0.241 0.104 0.039 0.004 0.65 0.924 0.686 0.005 0.645 0.003 0.176 0.071 0.522 0.715 0.01 0.006 0 0.266 0.018 0.593 0.01 0.575 0.144 0.004 0.188 0.007 0.598 0.003 0.003 0.006 0.012 0.128
0.006 0.013 0.012 0.004 0.002 0.007 0.001 0.004 0.001 0.171 0.005 0.01 0.013 0.003 0 0.005 0.188 0.002 0.01 0.013 0.658 0.053 0.196 0.014 0.064 0.01 0.213 0.013 0.006 0.008 0.06 0.101 0.008 0.036 0.032 0.106 0.002 0.043 0.231 0.833 1 0.006 0.009 0.288 0.118 0.051 0.005 0.656 0.77 0.789 0.006 0.689 0.004 0.142 0.062 0.604 0.594 0.012 0.007 0 0.211 0.02 0.675 0.012 0.654 0.127 0.004 0.153 0.008 0.693 0.04 0.004 0.007 0.014 0.112
0.003 0.005 0.005 0.014 0.005 0.002 0.004 0.003 0.002 0.001 0.001 0.011 0.003 0.001 0.004 0.001 0.001 0.001 0.01 0.003 0 0.057 0.044 0.01 0.01 0 0.002 0.003 0.001 0.001 0.019 0.021 0.001 0.113 0.128 0.017 0.001 0.007 0.031 0.006 0.006 1 0.001 0.02 0.038 0.03 0.001 0.009 0.006 0.007 0.001 0.008 0 0.001 0.001 0.009 0.008 0.002 0.001 0 0.003 0.003 0.009 0.001 0.01 0.001 0.001 0.001 0.001 0.008 0 0.001 0.001 0.002 0.001
0.077 0.075 0.091 0.042 0.001 0.347 0.005 0.004 0.002 0.002 0.001 0.107 0.1 0.001 0.004 0.001 0.002 0.001 0.1 0.224 0.007 0.012 0.023 0.115 0.054 0.002 0.002 0.283 0.12 0.154 0.064 0.054 0.267 0.001 0.007 0.046 0.002 0.011 0.067 0.008 0.009 0.001 1 0.001 0.023 0.023 0.001 0.147 0.009 0.007 0.001 0.044 0.296 0.001 0.001 0.138 0.049 0.002 0.001 0.253 0.018 0.004 0.091 0.002 0.127 0.002 0.001 0.008 0.002 0.045 0.001 0.001 0.001 0.003 0.002
0.044 0.058 0.062 0 0.067 0.019 0.13 0.103 0.05 0.057 0.011 0.016 0.015 0.009 0.124 0.011 0.034 0.032 0.016 0.033 0.188 0.008 0.085 0.013 0.004 0.008 0.032 0.025 0.012 0.017 0.001 0.002 0.01 0.202 0.177 0 0.004 0.081 0.379 0.241 0.288 0.02 0.001 1 0.002 0.054 0.011 0.239 0.253 0.265 0.012 0.239 0 0.062 0.018 0.248 0.216 0.018 0.005 0 0.084 0.043 0.236 0.018 0.245 0.037 0.009 0.049 0.004 0.24 0.019 0.03 0.014 0.02 0.041
0.002 0 0 0.197 0.017 0.033 0.057 0.039 0.028 0.024 0.022 0.004 0.006 0.015 0.041 0.009 0.018 0.023 0.003 0.006 0.073 0.013 0.075 0.004 0.211 0.009 0.022 0.005 0.014 0.006 0.252 0.411 0.02 0.238 0.259 0.474 0.008 0.39 0.003 0.104 0.118 0.038 0.023 0.002 1 0.162 0.005 0.159 0.11 0.132 0.007 0.153 0.009 0.018 0.013 0.164 0.137 0.014 0.017 0.008 0.056 0.169 0.166 0.013 0.173 0.02 0.019 0.027 0.06 0.148 0.007 0.026 0.009 0.007 0.021
0.094 0.071 0.074 0.238 0.041 0.011 0.045 0.042 0.031 0.007 0.013 0.069 0.054 0.042 0.045 0.003 0.023 0.009 0.074 0.018 0.033 0.135 0.019 0.075 0.206 0 0.025 0.029 0.003 0.007 0.259 0.228 0.019 0.02 0.015 0.267 0.016 0.125 0.084 0.039 0.051 0.03 0.023 0.054 0.162 1 0.012 0.083 0.044 0.052 0.008 0.059 0.004 0 0.001 0.068 0.047 0.061 0.049 0.008 0.019 0.043 0.068 0.065 0.07 0.012 0.009 0.006 0.015 0.061 0.007 0.006 0.002 0.041 0.005
0.026 0.032 0.032 0.005 0.002 0.151 0.003 0.002 0.001 0.001 0.009 0.048 0.045 0.001 0.003 0.001 0.001 0 0.052 0.14 0.004 0.003 0.008 0.055 0.018 0.001 0.001 0.146 0.073 0.052 0.019 0.008 0.263 0.004 0.004 0.012 0.001 0.001 0.007 0.004 0.005 0.001 0.001 0.011 0.005 0.012 1 0.007 0.005 0.006 0.887 0.006 0 0.001 0.001 0.007 0.006 0.001 0.001 0 0.002 0.002 0.007 0.001 0.007 0.001 0 0.001 0.001 0.006 0 0 0.741 0.031 0.001
0.032 0.04 0.044 0 0.006 0.04 0.002 0.001 0 0.144 0.007 0.001 0 0.005 0 0.007 0.137 0.003 0.001 0.013 0.515 0.054 0.138 0 0.027 0.008 0.155 0.021 0.009 0.01 0.021 0.05 0.026 0.028 0.043 0.058 0.002 0.062 0.32 0.65 0.656 0.009 0.147 0.239 0.159 0.083 0.007 1 0.694 0.654 0.008 0.782 0.04 0.116 0.044 0.845 0.764 0.016 0.009 0.055 0.318 0.027 0.844 0.016 0.884 0.091 0.006 0.168 0.011 0.767 0.045 0.005 0.009 0.018 0.082
0 0 0 0.022 0.027 0.006 0.019 0.016 0.013 0.21 0.005 0.039 0.046 0.003 0.023 0.005 0.19 0.002 0.041 0.012 0.735 0.031 0.276 0.057 0.126 0.005 0.216 0.012 0.005 0.007 0.12 0.155 0.007 0.034 0.03 0.179 0 0.053 0.274 0.924 0.77 0.006 0.009 0.253 0.11 0.044 0.005 0.694 1 0.736 0.005 0.675 0.003 0.166 0.066 0.563 0.765 0.011 0.007 0 0.318 0.019 0.62 0.011 0.615 0.135 0.004 0.176 0.007 0.616 0.003 0.004 0.006 0.013 0.123
0.007 0.012 0.011 0.005 0.002 0.008 0.001 0.004 0.001 0.101 0.006 0.008 0.011 0.003 0.001 0.006 0.167 0.002 0.008 0.016 0.533 0.034 0.179 0.014 0.054 0.006 0.188 0.015 0.006 0.009 0.05 0.088 0.009 0.036 0.036 0.095 0 0.05 0.169 0.686 0.789 0.007 0.007 0.265 0.132 0.052 0.006 0.654 0.736 1 0.006 0.692 0.004 0.138 0.069 0.619 0.59 0.006 0.008 0 0.284 0.022 0.674 0.006 0.666 0.063 0.005 0.145 0.009 0.658 0.055 0.004 0.007 0.015 0.101
0.027 0.033 0.032 0.005 0 0.131 0.003 0.003 0.002 0.001 0.007 0.048 0.045 0.001 0.003 0.001 0.001 0 0.053 0.121 0.005 0.002 0.007 0.055 0.015 0.001 0.001 0.127 0.064 0.045 0.013 0.004 0.231 0.004 0.004 0.008 0.001 0.002 0.005 0.005 0.006 0.001 0.001 0.012 0.007 0.008 0.887 0.008 0.005 0.006 1 0.007 0 0.001 0.001 0.008 0.006 0.001 0.001 0 0.003 0.002 0.008 0.001 0.008 0.001 0.001 0.001 0.001 0.007 0 0 0.827 0.044 0.001
0.019 0.025 0.028 0.001 0.002 0.011 0 0 0.001 0.15 0.007 0 0 0.001 0.001 0.007 0.143 0.003 0 0 0.506 0.051 0.139 0.001 0.036 0.008 0.161 0.001 0.001 0 0.031 0.065 0.007 0.027 0.042 0.073 0.004 0.06 0.249 0.645 0.689 0.008 0.044 0.239 0.153 0.059 0.006 0.782 0.675 0.692 0.007 1 0.005 0.095 0.077 0.813 0.846 0.015 0.009 0 0.339 0.026 0.851 0.015 0.859 0.136 0.006 0.148 0.01 0.898 0.016 0.005 0.009 0.018 0.137
0.015 0.019 0.018 0.006 0.003 0.117 0.002 0.001 0.001 0.001 0 0.025 0.023 0 0.002 0 0.001 0 0.016 0.075 0.002 0.001 0.003 0.025 0.009 0.001 0.001 0.123 0.136 0.098 0.015 0.012 0.059 0.003 0.002 0.01 0.002 0.001 0.015 0.003 0.004 0 0.296 0 0.009 0.004 0 0.04 0.003 0.004 0 0.005 1 0.001 0 0.039 0.004 0.001 0.001 0.662 0.002 0.002 0.024 0.001 0.033 0.001 0 0.001 0.001 0.005 0 0 0.001 0.001 0.001
0.037 0.045 0.044 0.015 0.005 0.002 0.004 0.004 0.002 0.005 0.001 0.004 0.004 0.001 0.004 0.001 0.002 0.001 0.011 0.003 0.158 0.01 0.044 0.011 0.023 0.002 0.002 0.003 0.001 0.001 0.022 0.026 0.001 0.006 0.005 0.03 0.001 0.009 0.055 0.176 0.142 0.001 0.001 0.062 0.018 0 0.001 0.116 0.166 0.138 0.001 0.095 0.001 1 0.001 0.109 0.127 0.002 0.001 0.001 0.009 0.003 0.1 0.002 0.107 0.001 0.001 0.353 0.001 0.073 0 0.001 0.001 0.002 0.001
0.003 0.002 0.002 0.004 0.001 0 0 0 0.002 0.148 0.001 0.005 0.005 0.003 0.003 0.001 0.002 0 0.009 0.002 0.059 0.003 0.019 0.008 0.011 0.001 0.001 0.002 0.001 0.001 0.009 0.013 0.001 0.004 0.004 0.016 0.001 0.006 0.021 0.071 0.062 0.001 0.001 0.018 0.013 0.001 0.001 0.044 0.066 0.069 0.001 0.077 0 0.001 1 0.072 0.087 0.001 0.001 0 0.003 0.002 0.058 0.001 0.068 0.171 0 0.001 0.001 0.061 0 0 0.001 0.002 0.304
0.045 0.056 0.061 0.001 0.001 0.044 0 0.001 0 0.118 0.007 0.006 0.003 0.002 0.003 0.007 0.097 0.003 0.003 0.011 0.404 0.052 0.1 0.002 0.016 0.008 0.091 0.018 0.008 0.01 0.012 0.036 0.024 0.029 0.045 0.042 0.002 0.064 0.245 0.522 0.604 0.009 0.138 0.248 0.164 0.068 0.007 0.845 0.563 0.619 0.008 0.813 0.039 0.109 0.072 1 0.742 0.016 0.01 0.053 0.248 0.028 0.877 0.016 0.941 0.128 0.006 0.16 0.011 0.809 0.044 0.005 0.009 0.019 0.128
0.007 0.009 0.012 0.006 0.018 0.015 0.024 0.021 0.016 0.168 0.006 0.006 0.01 0.001 0.012 0.006 0.157 0.003 0.008 0.001 0.562 0.04 0.18 0.015 0.066 0.007 0.156 0.002 0 0 0.06 0.089 0.009 0.023 0.037 0.111 0.001 0.065 0.298 0.715 0.594 0.008 0.049 0.216 0.137 0.047 0.006 0.764 0.765 0.59 0.006 0.846 0.004 0.127 0.087 0.742 1 0.014 0.008 0 0.376 0.023 0.742 0.014 0.792 0.153 0.005 0.187 0.009 0.774 0.003 0.004 0.008 0.016 0.153
0.011 0.008 0.009 0.027 0.008 0.003 0.005 0.004 0.003 0.003 0.001 0.003 0.003 0.015 0.005 0.001 0.003 0.001 0.007 0.001 0.009 0.077 0.024 0.01 0.025 0.002 0.003 0.001 0.001 0.002 0.027 0.024 0.002 0.004 0.003 0.029 0.305 0.005 0.01 0.01 0.012 0.002 0.002 0.018 0.014 0.061 0.001 0.016 0.011 0.006 0.001 0.015 0.001 0.002 0.001 0.016 0.014 1 0.002 0.001 0.006 0.005 0.016 0.951 0.017 0.002 0.001 0.003 0.002 0.015 0.001 0.001 0.002 0.164 0.002
0.012 0.01 0.01 0.023 0.004 0.002 0.004 0.003 0.002 0.002 0.001 0.005 0.005 0.001 0.004 0 0.002 0.001 0.009 0.003 0.006 0.004 0.011 0.008 0.021 0.127 0.002 0.003 0.001 0.001 0.021 0.024 0.001 0.005 0.005 0.012 0.001 0.008 0.015 0.006 0.007 0.001 0.001 0.005 0.017 0.049 0.001 0.009 0.007 0.008 0.001 0.009 0.001 0.001 0.001 0.01 0.008 0.002 1 0.001 0.003 0.003 0.01 0.002 0.01 0.001 0.001 0.002 0.001 0.009 0 0.001 0.001 0.002 0.001
0.024 0.029 0.028 0.004 0.003 0.166 0.002 0.002 0.001 0.001 0 0.038 0.035 0 0.002 0 0.001 0 0.027 0.108 0.002 0.004 0.007 0.038 0.017 0.001 0.001 0.162 0.133 0.096 0.023 0.009 0.043 0.002 0.002 0.007 0.001 0.004 0.025 0 0 0 0.253 0 0.008 0.008 0 0.055 0 0 0 0 0.662 0.001 0 0.053 0 0.001 0.001 1 0.002 0.002 0.035 0.001 0.046 0.001 0 0.006 0.001 0 0 0 0.001 0.001 0.001
0.004 0.004 0.004 0.022 0.006 0 0.012 0.011 0.007 0.001 0.003 0.005 0.006 0.001 0.001 0.002 0.35 0 0.003 0.001 0.193 0.009 0.084 0.008 0.033 0.001 0.4 0.001 0.003 0 0.031 0.039 0.002 0.005 0.014 0.048 0 0.027 0.107 0.266 0.211 0.003 0.018 0.084 0.056 0.019 0.002 0.318 0.318 0.284 0.003 0.339 0.002 0.009 0.003 0.248 0.376 0.006 0.003 0.002 1 0.01 0.332 0.006 0.304 0.004 0.002 0.001 0.004 0.297 0.001 0.002 0.003 0.007 0
0.014 0.036 0.036 0.061 0.015 0.006 0.009 0.008 0.006 0.004 0.002 0.025 0.028 0.002 0.009 0.002 0.004 0.002 0.03 0.008 0.016 0.013 0.033 0.028 0.015 0.119 0.005 0.008 0.002 0.003 0.018 0.011 0.003 0.014 0.013 0.062 0.001 0.254 0.048 0.018 0.02 0.003 0.004 0.043 0.169 0.043 0.002 0.027 0.019 0.022 0.002 0.026 0.002 0.003 0.002 0.028 0.023 0.005 0.003 0.002 0.01 1 0.028 0.005 0.029 0.003 0.002 0.005 0.003 0.025 0.001 0.002 0.003 0 0.004
0.031 0.041 0.043 0 0.001 0.024 0 0.001 0 0.124 0.008 0.002 0 0.002 0.002 0.007 0.131 0.003 0.001 0.004 0.479 0.053 0.116 0 0.026 0.009 0.148 0.008 0.003 0.005 0.02 0.049 0.014 0.031 0.046 0.057 0.004 0.065 0.251 0.593 0.675 0.009 0.091 0.236 0.166 0.068 0.007 0.844 0.62 0.674 0.008 0.851 0.024 0.1 0.058 0.877 0.742 0.016 0.01 0.035 0.332 0.028 1 0.016 0.93 0.126 0.006 0.161 0.011 0.804 0.044 0.005 0.009 0.015 0.111
0.011 0.008 0.008 0.026 0.007 0.003 0.004 0.003 0.003 0.003 0.001 0.002 0.003 0.015 0.004 0.001 0.003 0.001 0.006 0.001 0.01 0.082 0.027 0.009 0.024 0.002 0.003 0.001 0.001 0.002 0.026 0.023 0.002 0.002 0.002 0.028 0.305 0.005 0.01 0.01 0.012 0.001 0.002 0.018 0.013 0.065 0.001 0.016 0.011 0.006 0.001 0.015 0.001 0.002 0.001 0.016 0.014 0.951 0.002 0.001 0.006 0.005 0.016 1 0.017 0.002 0.001 0.003 0.002 0.015 0.001 0.001 0.002 0.177 0.002
0.037 0.048 0.052 0 0.002 0.038 0 0 0 0.133 0.008 0.004 0.001 0.002 0.002 0.008 0.126 0.004 0.002 0.009 0.465 0.052 0.112 0.001 0.022 0.009 0.124 0.015 0.006 0.007 0.016 0.043 0.023 0.032 0.047 0.052 0.003 0.069 0.261 0.575 0.654 0.01 0.127 0.245 0.173 0.07 0.007 0.884 0.615 0.666 0.008 0.859 0.033 0.107 0.068 0.941 0.792 0.017 0.01 0.046 0.304 0.029 0.93 0.017 1 0.121 0.006 0.154 0.012 0.828 0.042 0.006 0.01 0.016 0.121
0.002 0.004 0.004 0 0.003 0 0.001 0.001 0.002 0.073 0.001 0.01 0.011 0.001 0.005 0.001 0 0.001 0.014 0.004 0.135 0.007 0.042 0.013 0.02 0.002 0 0.004 0.001 0.001 0.018 0.023 0.001 0.007 0.006 0.027 0.002 0.009 0.039 0.144 0.127 0.001 0.002 0.037 0.02 0.012 0.001 0.091 0.135 0.063 0.001 0.136 0.001 0.001 0.171 0.128 0.153 0.002 0.001 0.001 0.004 0.003 0.126 0.002 0.121 1 0.001 0.002 0.001 0.121 0.001 0.001 0.001 0.002 0.402
0.001 0 0.001 0.01 0 0.001 0.001 0.001 0.004 0.001 0.001 0 0 0.001 0.001 0 0.001 0 0 0 0.003 0 0.003 0 0.013 0 0.001 0 0.001 0.001 0.014 0.011 0.001 0.001 0.003 0.01 0.001 0.039 0.009 0.004 0.004 0.001 0.001 0.009 0.019 0.009 0 0.006 0.004 0.005 0.001 0.006 0 0.001 0 0.006 0.005 0.001 0.001 0 0.002 0.002 0.006 0.001 0.006 0.001 1 0.001 0.001 0.005 0 0 0.001 0.001 0.001
0.035 0.037 0.043 0.007 0.002 0.007 0.006 0.005 0.003 0.029 0.001 0 0 0.001 0.003 0.001 0.002 0.001 0 0.002 0.132 0.015 0.028 0.001 0.01 0.002 0.003 0.003 0.007 0.004 0.009 0.02 0.002 0.005 0.008 0.024 0.002 0.013 0.08 0.188 0.153 0.001 0.008 0.049 0.027 0.006 0.001 0.168 0.176 0.145 0.001 0.148 0.001 0.353 0.001 0.16 0.187 0.003 0.002 0.006 0.001 0.005 0.161 0.003 0.154 0.002 0.001 1 0.002 0.138 0.001 0.001 0.002 0.003 0
0.002 0.015 0.015 0.02 0.007 0.002 0.004 0.004 0.002 0.002 0.001 0.013 0.009 0.001 0.004 0.001 0.001 0.001 0.012 0.003 0.002 0.004 0.007 0.012 0.036 0.002 0 0.003 0.001 0.001 0.049 0.041 0.001 0.006 0.006 0.035 0.001 0.128 0.022 0.007 0.008 0.001 0.002 0.004 0.06 0.015 0.001 0.011 0.007 0.009 0.001 0.01 0.001 0.001 0.001 0.011 0.009 0.002 0.001 0.001 0.004 0.003 0.011 0.002 0.012 0.001 0.001 0.002 1 0.01 0 0.001 0.001 0.002 0.001
0.019 0.029 0.033 0 0 0.012 0 0.002 0 0.128 0.007 0.001 0 0.001 0.005 0.006 0.144 0.003 0 0.001 0.461 0.052 0.121 0 0.029 0.007 0.164 0.001 0.001 0 0.025 0.056 0.008 0.025 0.04 0.063 0.002 0.057 0.231 0.598 0.693 0.008 0.045 0.24 0.148 0.061 0.006 0.767 0.616 0.658 0.007 0.898 0.005 0.073 0.061 0.809 0.774 0.015 0.009 0 0.297 0.025 0.804 0.015 0.828 0.121 0.005 0.138 0.01 1 0.046 0.005 0.008 0.017 0.138
0.027 0.033 0.032 0.015 0.028 0.001 0.113 0.129 0.193 0.001 0 0.036 0.034 0 0.112 0 0.001 0 0.039 0.001 0.002 0.004 0.008 0.041 0.02 0.001 0.001 0.001 0 0 0.021 0.003 0 0.002 0.002 0.015 0.001 0.001 0.008 0.003 0.04 0 0.001 0.019 0.007 0.007 0 0.045 0.003 0.055 0 0.016 0 0 0 0.044 0.003 0.001 0 0 0.001 0.001 0.044 0.001 0.042 0.001 0 0.001 0 0.046 1 0 0 0.001 0.001
0.001 0.002 0.002 0 0.012 0.001 0.021 0 0.001 0.001 0 0.004 0.003 0 0.002 0 0.001 0.21 0.003 0.002 0.003 0.009 0.002 0.004 0 0.001 0.001 0.002 0 0.001 0 0.017 0.001 0.082 0.093 0.015 0.001 0.005 0.022 0.003 0.004 0.001 0.001 0.03 0.026 0.006 0 0.005 0.004 0.004 0 0.005 0 0.001 0 0.005 0.004 0.001 0.001 0 0.002 0.002 0.005 0.001 0.006 0.001 0 0.001 0.001 0.005 0 1 0.001 0.001 0.001
0.021 0.027 0.027 0.003 0.001 0.128 0.004 0.003 0.002 0.001 0.005 0.04 0.037 0.001 0.004 0.001 0.002 0.001 0.045 0.114 0.005 0 0.003 0.047 0.011 0.001 0.002 0.119 0.075 0.052 0.007 0.001 0.19 0.005 0.005 0.003 0.001 0.003 0.002 0.006 0.007 0.001 0.001 0.014 0.009 0.002 0.741 0.009 0.006 0.007 0.827 0.009 0.001 0.001 0.001 0.009 0.008 0.002 0.001 0.001 0.003 0.003 0.009 0.002 0.01 0.001 0.001 0.002 0.001 0.008 0 0.001 1 0.064 0.001
0.004 0.002 0.002 0.016 0.007 0.008 0.007 0.006 0.004 0.003 0.001 0.001 0.001 0.012 0.007 0.001 0.003 0.001 0 0.008 0.008 0.048 0.009 0 0.004 0.002 0.003 0.009 0.003 0.001 0.01 0.008 0.004 0.003 0.003 0.01 0.035 0.003 0.005 0.012 0.014 0.002 0.003 0.02 0.007 0.041 0.031 0.018 0.013 0.015 0.044 0.018 0.001 0.002 0.002 0.019 0.016 0.164 0.002 0.001 0.007 0 0.015 0.177 0.016 0.002 0.001 0.003 0.002 0.017 0.001 0.001 0.064 1 0.002
0.004 0.007 0.006 0 0.003 0 0.001 0.001 0.002 0.041 0.001 0.01 0.011 0.001 0.005 0.001 0 0.001 0.013 0.004 0.118 0.006 0.037 0.013 0.026 0.002 0 0.003 0.001 0.001 0.023 0.03 0.001 0.007 0.006 0.035 0.002 0.01 0.033 0.128 0.112 0.001 0.002 0.041 0.021 0.005 0.001 0.082 0.123 0.101 0.001 0.137 0.001 0.001 0.304 0.128 0.153 0.002 0.001 0.001 0 0.004 0.111 0.002 0.121 0.402 0.001 0 0.001 0.138 0.001 0.001 0.001 0.002 1
