1 0.739 0.777 0.495 0.299 0.12 0.203 0.185 0.091 0.019 0.046 0.449 0.444 0.001 0.208 0.052 0.025 0.008 0.486 0.151 0 0.136 0.104 0.519 0.318 0.004 0.031 0.122 0.048 0.036 0.237 0.152 0.036 0.025 0.012 0.139 0.028 0 0.044 0.002 0 0.001 0.052 0.006 0.011 0.054 0.007 0.016 0.003 0 0.003 0.006 0.004 0.039 0.002 0.013 0 0.02 0.003 0.013 0.006 0 0.004 0.023 0.012 0.002 0 0.014 0 0.001 0.023 0 0.015 0.009 0.002
0.739 1 0.916 0.4 0.315 0.16 0.271 0.247 0.121 0.015 0.061 0.542 0.529 0 0.217 0.07 0.018 0.006 0.56 0.204 0.003 0.105 0.06 0.599 0.24 0.021 0.023 0.17 0.065 0.05 0.183 0.114 0.052 0.028 0.028 0.091 0.021 0.024 0.072 0 0.006 0.006 0.038 0.017 0 0.031 0.013 0.026 0 0.005 0.007 0.01 0.009 0.055 0.001 0.022 0 0.014 0.007 0.022 0.014 0.028 0.02 0.016 0.021 0 0 0.023 0.01 0.003 0.032 0 0.024 0.005 0
0.777 0.916 1 0.419 0.376 0.149 0.252 0.23 0.113 0.016 0.057 0.577 0.563 0 0.261 0.065 0.019 0.007 0.611 0.189 0.002 0.102 0.063 0.652 0.28 0.022 0.025 0.157 0.06 0.046 0.204 0.129 0.048 0.042 0.023 0.103 0.023 0.023 0.079 0 0.003 0.006 0.07 0.022 0 0.035 0.011 0.035 0 0.003 0.006 0.016 0.008 0.051 0.001 0.03 0.003 0.015 0.002 0.019 0.003 0.03 0.015 0.018 0.029 0.001 0 0.021 0.01 0.008 0.029 0 0.022 0.006 0.001
0.495 0.4 0.419 1 0.181 0.056 0.115 0.105 0.052 0.034 0.026 0.258 0.258 0.004 0.133 0.032 0.05 0.015 0.273 0.07 0.011 0.272 0.283 0.304 0.601 0.005 0.049 0.05 0.027 0.018 0.49 0.328 0.013 0.003 0 0.399 0.049 0.241 0 0.026 0.013 0.015 0.021 0.004 0.21 0.15 0.008 0.002 0.031 0.017 0.003 0.004 0 0.018 0.004 0.002 0.016 0.04 0.009 0.004 0.02 0.076 0.007 0.045 0.003 0.008 0.024 0.002 0.025 0.009 0.012 0.001 0.004 0.018 0.006
0.299 0.315 0.376 0.181 1 0.012 0.483 0.473 0.222 0.007 0.005 0.477 0.426 0.003 0.583 0.141 0.011 0.003 0.487 0.017 0.025 0.066 0.114 0.506 0.236 0.01 0.011 0.02 0.005 0.006 0.177 0.136 0.008 0.149 0.096 0.112 0.01 0.023 0.016 0.017 0.001 0.005 0.001 0.05 0.013 0.042 0.004 0 0.019 0.001 0.003 0 0.01 0.007 0.001 0 0.007 0.009 0 0.007 0 0.012 0.003 0.01 0.001 0.002 0.001 0 0.005 0.001 0.055 0.004 0.003 0.009 0.002
0.12 0.16 0.149 0.056 0.012 1 0.007 0.006 0.003 0.002 0.001 0.162 0.159 0.006 0.008 0.002 0.001 0.001 0.154 0.612 0.01 0.011 0.027 0.154 0.071 0.003 0.004 0.51 0.401 0.35 0.049 0.027 0.325 0.012 0.011 0.023 0.003 0.017 0.046 0.009 0.011 0.001 0.266 0.024 0.033 0.003 0.038 0.026 0.01 0.012 0.026 0 0.119 0.002 0.001 0.019 0 0.004 0.002 0.157 0.003 0.005 0.01 0.004 0.023 0 0.002 0.001 0.002 0 0.001 0.001 0.077 0.001 0
0.203 0.271 0.252 0.115 0.483 0.007 1 0.912 0.448 0.004 0.003 0.25 0.244 0.002 0.72 0.003 0.006 0.002 0.28 0.009 0.011 0.036 0.058 0.291 0.14 0.006 0.006 0.011 0.003 0.003 0.118 0.089 0.004 0.185 0.202 0.078 0.006 0.011 0.036 0.013 0.001 0.003 0.008 0.101 0.064 0.039 0.003 0 0.014 0.001 0.003 0 0.005 0.004 0 0 0.018 0.004 0.003 0.004 0.01 0.004 0 0.005 0.001 0 0.005 0.005 0.003 0 0.125 0.002 0.003 0.006 0
0.185 0.247 0.23 0.105 0.473 0.006 0.912 1 0.491 0.004 0.002 0.227 0.221 0.001 0.65 0.003 0.005 0.002 0.254 0.009 0.009 0.032 0.052 0.264 0.126 0.005 0.006 0.01 0.002 0.003 0.105 0.078 0.004 0.148 0.161 0.069 0.005 0.009 0.027 0.011 0.002 0.002 0.007 0.086 0.051 0.042 0.002 0 0.012 0.002 0.003 0 0.005 0.004 0 0 0.016 0.004 0.003 0.003 0.009 0.004 0 0.004 0 0 0.006 0.004 0.002 0 0.138 0.002 0.003 0.006 0
0.091 0.121 0.113 0.052 0.222 0.003 0.448 0.491 1 0.002 0.001 0.123 0.12 0.001 0.363 0.001 0.003 0.001 0.137 0.004 0.008 0.016 0.031 0.143 0.07 0.002 0.003 0.005 0.001 0.001 0.068 0.05 0.002 0.053 0.054 0.047 0.003 0.001 0.005 0.009 0.001 0.001 0.003 0.036 0.025 0.023 0.001 0 0.01 0.002 0.002 0 0.002 0.002 0.001 0 0.012 0.003 0.001 0.002 0.004 0.004 0 0.003 0 0.002 0.021 0.002 0.001 0 0.092 0.001 0.001 0.003 0.002
0.019 0.015 0.016 0.034 0.007 0.002 0.004 0.004 0.002 1 0.001 0.012 0.007 0.001 0.005 0.001 0.002 0.001 0.008 0.003 0.198 0.013 0.05 0.012 0.025 0.002 0.002 0.004 0.001 0.001 0.019 0.024 0.001 0.007 0.006 0.027 0.002 0.01 0.056 0.139 0.104 0 0 0.041 0.019 0.013 0.001 0.094 0.133 0.097 0.001 0.097 0 0 0.16 0.084 0.108 0.002 0.001 0.001 0 0.003 0.075 0.002 0.09 0.123 0.001 0.01 0.001 0.087 0 0.001 0.001 0.002 0.163
0.046 0.061 0.057 0.026 0.005 0.001 0.003 0.002 0.001 0.001 1 0.062 0.061 0 0.003 0.001 0.001 0 0.069 0.266 0.004 0.008 0.015 0.072 0.035 0.001 0.001 0.23 0.001 0.001 0.034 0.028 0.001 0.005 0.004 0.024 0.001 0.087 0.016 0.005 0.005 0.001 0.002 0.012 0.041 0.012 0.052 0.008 0.005 0.006 0.037 0.007 0.001 0.001 0.001 0.008 0.006 0 0.001 0.001 0.002 0.002 0.008 0 0.008 0.001 0 0.001 0.001 0.006 0 0.001 0.038 0.016 0.001
0.449 0.542 0.577 0.258 0.477 0.162 0.25 0.227 0.123 0.012 0.062 1 0.887 0 0.324 0.076 0.012 0.005 0.753 0.207 0.054 0.095 0.191 0.8 0.371 0.016 0.016 0.207 0.066 0.079 0.303 0.231 0.084 0.065 0.04 0.199 0.021 0.01 0.036 0.046 0.018 0.009 0.107 0.005 0.006 0.06 0.017 0.002 0.049 0.02 0.011 0.003 0.023 0.013 0.004 0.001 0.016 0.016 0.001 0.053 0.002 0.018 0 0.018 0.001 0.007 0 0.002 0.01 0.001 0.032 0.007 0.026 0 0.009
0.444 0.529 0.563 0.258 0.426 0.159 0.244 0.221 0.12 0.007 0.061 0.887 1 0 0.316 0.074 0.012 0.005 0.765 0.228 0.049 0.094 0.183 0.813 0.371 0.013 0.016 0.202 0.064 0.077 0.298 0.232 0.097 0.07 0.045 0.204 0.021 0.012 0.032 0.061 0.027 0.005 0.117 0.004 0.006 0.048 0.016 0.001 0.064 0.03 0.01 0.007 0.03 0.013 0.005 0 0.025 0.016 0.001 0.065 0.003 0.025 0.001 0.019 0 0.008 0 0.011 0.008 0.004 0.031 0.007 0.025 0 0.009
0.001 0 0 0.004 0.003 0.006 0.002 0.001 0.001 0.001 0 0 0 1 0.002 0 0.014 0 0.005 0.001 0.002 0.017 0.022 0.005 0.005 0.001 0.013 0.001 0 0 0.01 0.012 0.001 0.003 0.002 0.014 0.001 0.004 0 0.001 0.001 0 0.001 0 0.008 0.009 0 0 0 0 0 0.005 0.001 0.001 0.017 0.003 0.006 0.001 0 0 0.004 0.001 0.003 0.001 0.003 0.012 0 0.001 0 0.005 0 0 0 0.001 0.011
0.208 0.217 0.261 0.133 0.583 0.008 0.72 0.65 0.363 0.005 0.003 0.324 0.316 0.002 1 0.004 0.007 0.002 0.378 0.012 0.022 0.044 0.084 0.393 0.193 0.007 0.008 0.013 0.003 0.004 0.163 0.125 0.005 0.263 0.178 0.111 0.007 0.008 0.048 0.023 0 0.003 0.005 0.107 0.059 0.037 0.003 0.001 0.024 0 0.004 0.002 0.007 0.005 0.004 0.001 0.007 0.005 0.003 0.004 0.001 0.006 0.001 0.006 0 0.005 0.003 0.005 0.003 0.004 0.101 0.003 0.003 0.008 0.006
0.052 0.07 0.065 0.032 0.141 0.002 0.003 0.003 0.001 0.001 0.001 0.076 0.074 0 0.004 1 0.002 0 0.084 0.003 0.005 0.01 0.019 0.088 0.043 0.002 0.002 0.003 0.001 0.001 0.042 0.034 0.001 0.006 0.005 0.029 0.002 0.008 0.019 0.006 0.006 0.001 0.002 0.015 0.014 0.003 0 0.01 0.006 0.007 0.001 0.008 0.001 0.001 0.001 0.01 0.007 0.002 0.001 0.001 0.003 0.003 0.009 0.002 0.01 0.001 0.001 0.001 0.001 0.007 0 0.001 0.001 0.002 0.001
0.025 0.018 0.019 0.05 0.011 0.001 0.006 0.005 0.003 0.002 0.001 0.012 0.012 0.014 0.007 0.002 1 0.001 0.015 0.002 0.304 0.019 0.078 0.015 0.033 0.003 0.885 0.003 0.001 0.002 0.031 0.04 0.002 0.01 0.009 0.044 0.003 0.011 0.066 0.236 0.23 0.001 0.004 0.047 0.025 0.027 0.001 0.144 0.208 0.195 0.002 0.156 0.003 0.002 0 0.107 0.171 0.003 0.001 0 0.424 0.003 0.148 0.003 0.132 0 0.002 0.001 0 0.16 0.001 0.001 0.002 0.003 0
0.008 0.006 0.007 0.015 0.003 0.001 0.002 0.002 0.001 0.001 0 0.005 0.005 0 0.002 0 0.001 1 0.006 0.001 0.003 0.048 0.025 0.005 0.011 0.001 0.001 0.002 0 0 0.011 0.019 0.001 0.085 0.095 0.016 0.001 0.004 0.021 0.002 0.003 0 0.001 0.027 0.024 0.008 0 0.005 0.002 0.003 0.001 0.004 0.001 0.001 0 0.005 0.003 0.001 0 0.001 0.001 0.001 0.004 0.001 0.005 0.001 0 0.001 0 0.003 0 0.274 0.001 0.001 0.001
0.486 0.56 0.611 0.273 0.487 0.154 0.28 0.254 0.137 0.008 0.069 0.753 0.765 0.005 0.378 0.084 0.015 0.006 1 0.261 0.05 0.091 0.183 0.937 0.443 0.018 0.019 0.179 0.073 0.058 0.317 0.225 0.047 0.067 0.041 0.19 0.006 0.01 0.024 0.053 0.021 0.008 0.078 0.003 0.006 0.05 0.02 0 0.054 0.022 0.013 0.005 0.007 0.014 0.01 0 0.022 0.004 0.002 0.022 0.001 0.024 0.005 0.006 0 0.013 0 0.008 0.009 0.003 0.036 0.008 0.03 0 0.015
0.151 0.204 0.189 0.07 0.017 0.612 0.009 0.009 0.004 0.003 0.266 0.207 0.228 0.001 0.012 0.003 0.002 0.001 0.261 1 0.014 0.028 0.055 0.263 0.128 0.005 0.005 0.766 0.281 0.243 0.085 0.054 0.223 0.017 0.015 0.045 0.005 0.003 0.013 0.014 0.016 0.002 0.176 0.038 0.002 0.011 0.085 0.008 0.015 0.019 0.06 0.005 0.076 0.004 0.003 0.002 0.003 0.004 0.002 0.105 0.006 0.008 0 0.004 0.003 0.003 0.002 0.001 0.002 0.005 0.002 0.002 0.12 0.002 0.004
0 0.003 0.002 0.011 0.025 0.01 0.011 0.009 0.008 0.198 0.004 0.054 0.049 0.002 0.022 0.005 0.304 0.003 0.05 0.014 1 0.053 0.251 0.055 0.109 0.009 0.34 0.017 0.004 0.005 0.102 0.123 0.001 0.033 0.028 0.136 0.009 0.041 0.216 0.712 0.607 0.001 0.005 0.145 0.08 0.017 0.004 0.438 0.66 0.558 0.005 0.484 0.003 0.157 0.046 0.368 0.51 0.01 0.005 0.001 0.203 0.013 0.437 0.011 0.413 0.088 0.004 0.105 0.003 0.384 0 0.005 0.005 0.007 0.108
0.136 0.105 0.102 0.272 0.066 0.011 0.036 0.032 0.016 0.013 0.008 0.095 0.094 0.017 0.044 0.01 0.019 0.048 0.091 0.028 0.053 1 0.471 0.112 0.202 0.018 0.019 0.035 0.008 0.01 0.164 0.049 0.014 0.03 0.034 0.069 0.133 0.064 0.02 0.055 0.062 0.031 0.024 0.005 0.014 0.115 0.001 0.079 0.04 0.045 0.001 0.058 0.002 0.013 0 0.066 0.042 0.084 0 0.011 0.019 0.024 0.063 0.099 0.067 0.002 0.005 0.012 0.009 0.045 0.006 0.015 0 0.053 0.002
0.104 0.06 0.063 0.283 0.114 0.027 0.058 0.052 0.031 0.05 0.015 0.191 0.183 0.022 0.084 0.019 0.078 0.025 0.183 0.055 0.251 0.471 1 0.215 0.399 0.034 0.091 0.067 0.016 0.02 0.342 0.196 0.017 0.001 0.002 0.243 0.066 0.134 0.055 0.187 0.138 0.017 0.037 0.059 0.091 0.038 0.005 0.064 0.194 0.145 0.001 0.1 0.005 0.035 0.021 0.056 0.131 0.031 0.002 0.013 0.058 0.047 0.071 0.038 0.06 0.033 0.011 0.019 0.014 0.082 0.006 0.026 0.001 0.012 0.04
0.519 0.599 0.652 0.304 0.506 0.154 0.291 0.264 0.143 0.012 0.072 0.8 0.813 0.005 0.393 0.088 0.015 0.005 0.937 0.263 0.055 0.112 0.215 1 0.486 0.017 0.02 0.205 0.076 0.061 0.348 0.256 0.063 0.072 0.044 0.219 0.018 0.008 0.029 0.058 0.023 0.007 0.095 0.004 0.008 0.061 0.021 0 0.061 0.025 0.014 0.006 0.014 0.013 0.01 0 0.025 0.015 0.002 0.034 0.002 0.023 0.005 0.017 0 0.013 0 0.011 0.008 0.004 0.038 0.007 0.032 0.003 0.014
0.318 0.24 0.28 0.601 0.236 0.071 0.14 0.126 0.07 0.025 0.035 0.371 0.371 0.005 0.193 0.043 0.033 0.011 0.443 0.128 0.109 0.202 0.399 0.486 1 0.036 0.04 0.089 0.037 0.026 0.774 0.589 0.025 0.017 0.008 0.5 0.034 0.197 0.006 0.123 0.078 0.01 0.035 0.011 0.217 0.176 0.016 0.028 0.129 0.076 0.007 0.053 0.001 0.026 0.018 0.035 0.086 0.031 0.007 0.011 0.019 0.016 0.055 0.035 0.038 0.024 0.018 0.025 0.034 0.046 0.017 0.011 0.008 0.008 0.029
0.004 0.021 0.022 0.005 0.01 0.003 0.006 0.005 0.002 0.002 0.001 0.016 0.013 0.001 0.007 0.002 0.003 0.001 0.018 0.005 0.009 0.018 0.034 0.017 0.036 1 0.003 0.005 0.001 0.002 0.037 0.044 0.002 0.01 0.009 0.008 0.003 0.053 0.021 0.01 0.011 0.006 0.003 0.02 0.018 0 0.001 0.014 0.008 0.01 0.001 0.012 0.002 0.002 0.002 0.014 0.01 0.003 0.054 0.001 0.002 0.144 0.013 0.003 0.015 0.002 0.003 0.002 0.001 0.01 0.001 0.001 0.001 0.003 0.002
0.031 0.023 0.025 0.049 0.011 0.004 0.006 0.006 0.003 0.002 0.001 0.016 0.016 0.013 0.008 0.002 0.885 0.001 0.019 0.005 0.34 0.019 0.091 0.02 0.04 0.003 1 0.006 0.001 0.002 0.038 0.043 0.002 0.011 0.01 0.049 0.003 0.012 0.072 0.257 0.249 0.001 0.004 0.048 0.027 0.028 0.001 0.156 0.228 0.212 0.002 0.17 0.003 0.002 0 0.107 0.174 0.003 0.002 0.002 0.485 0.003 0.16 0.004 0.133 0 0.002 0.003 0 0.175 0.001 0.001 0.002 0.004 0
0.122 0.17 0.157 0.05 0.02 0.51 0.011 0.01 0.005 0.004 0.23 0.207 0.202 0.001 0.013 0.003 0.003 0.002 0.179 0.766 0.017 0.035 0.067 0.205 0.089 0.005 0.006 1 0.243 0.209 0.121 0.086 0.326 0.02 0.012 0.073 0.006 0.001 0.035 0.017 0.019 0.002 0.366 0.025 0.005 0.026 0.072 0.035 0.018 0.022 0.05 0.007 0.258 0.004 0.003 0.021 0.005 0.005 0.003 0.236 0.007 0.009 0.014 0.005 0.023 0.004 0.003 0.002 0.003 0.008 0.002 0.002 0.102 0.001 0.004
0.048 0.065 0.06 0.027 0.005 0.401 0.003 0.002 0.001 0.001 0.001 0.066 0.064 0 0.003 0.001 0.001 0 0.073 0.281 0.004 0.008 0.016 0.076 0.037 0.001 0.001 0.243 1 0.83 0.014 0.01 0.074 0.005 0.004 0.008 0.001 0.007 0.015 0.005 0.005 0 0.103 0.013 0.014 0.002 0 0.013 0.005 0.006 0 0.007 0.148 0.001 0.001 0.014 0.006 0.001 0.001 0.22 0.002 0.002 0.006 0.002 0.007 0.001 0.001 0.001 0.001 0.006 0 0.001 0.034 0 0.001
0.036 0.05 0.046 0.018 0.006 0.35 0.003 0.003 0.001 0.001 0.001 0.079 0.077 0 0.004 0.001 0.002 0 0.058 0.243 0.005 0.01 0.02 0.061 0.026 0.002 0.002 0.209 0.83 1 0.009 0.015 0.071 0 0 0.012 0.002 0.008 0.022 0.006 0.007 0 0.092 0.016 0.006 0.003 0 0.01 0.006 0.007 0 0.006 0.12 0.001 0.001 0.01 0.005 0.002 0.001 0.18 0.001 0.003 0.004 0.002 0.005 0.001 0.001 0.001 0.001 0.006 0.001 0.001 0.027 0.001 0.001
0.237 0.183 0.204 0.49 0.177 0.049 0.118 0.105 0.068 0.019 0.034 0.303 0.298 0.01 0.163 0.042 0.031 0.011 0.317 0.085 0.102 0.164 0.342 0.348 0.774 0.037 0.038 0.121 0.014 0.009 1 0.763 0.058 0.037 0.027 0.66 0.037 0.191 0.001 0.131 0.085 0.015 0.102 0.001 0.254 0.249 0.015 0.011 0.137 0.083 0.005 0.055 0.035 0.027 0.013 0.013 0.088 0.037 0.017 0.049 0.022 0.015 0.026 0.041 0.015 0.025 0.017 0.026 0.036 0.047 0.016 0.011 0.001 0.012 0.023
0.152 0.114 0.129 0.328 0.136 0.027 0.089 0.078 0.05 0.024 0.028 0.231 0.232 0.012 0.125 0.034 0.04 0.019 0.225 0.054 0.123 0.049 0.196 0.256 0.589 0.044 0.043 0.086 0.01 0.015 0.763 1 0.044 0.207 0.196 0.842 0.046 0.139 0.025 0.161 0.116 0.008 0.082 0.002 0.388 0.279 0.009 0.028 0.169 0.112 0.002 0.086 0.026 0.034 0.018 0.032 0.12 0.045 0.021 0.034 0.029 0.008 0.05 0.05 0.036 0.026 0.019 0.037 0.029 0.075 0.009 0 0 0.016 0.031
0.036 0.052 0.048 0.013 0.008 0.325 0.004 0.004 0.002 0.001 0.001 0.084 0.097 0.001 0.005 0.001 0.002 0.001 0.047 0.223 0.001 0.014 0.017 0.063 0.025 0.002 0.002 0.326 0.074 0.071 0.058 0.044 1 0.008 0.007 0.041 0.002 0.011 0.063 0.008 0.009 0.001 0.334 0.001 0.022 0.021 0.068 0.059 0.008 0.01 0.049 0 0.269 0.002 0.001 0.038 0 0.002 0.001 0.325 0.001 0.004 0.034 0.003 0.056 0.002 0.001 0.002 0.001 0 0.001 0.001 0.05 0 0.002
0.025 0.028 0.042 0.003 0.149 0.012 0.185 0.148 0.053 0.007 0.005 0.065 0.07 0.003 0.263 0.006 0.01 0.085 0.067 0.017 0.033 0.03 0.001 0.072 0.017 0.01 0.011 0.02 0.005 0 0.037 0.207 0.008 1 0.852 0.178 0.01 0.052 0.254 0.036 0.04 0.06 0.001 0.193 0.207 0.04 0.005 0.029 0.038 0.039 0.006 0.017 0.01 0.007 0.003 0.025 0.017 0.01 0.005 0.007 0 0.012 0.042 0.006 0.028 0.004 0.002 0.008 0.005 0.014 0.003 0.015 0.005 0.005 0.005
0.012 0.028 0.023 0 0.096 0.011 0.202 0.161 0.054 0.006 0.004 0.04 0.045 0.002 0.178 0.005 0.009 0.095 0.041 0.015 0.028 0.034 0.002 0.044 0.008 0.009 0.01 0.012 0.004 0 0.027 0.196 0.007 0.852 1 0.171 0.009 0.046 0.24 0.032 0.036 0.072 0.007 0.162 0.249 0.039 0.004 0.051 0.034 0.036 0.005 0.042 0.004 0.007 0.002 0.045 0.037 0.009 0.005 0.002 0.015 0.011 0.042 0.01 0.048 0.003 0.001 0.008 0.004 0.038 0.003 0.018 0.004 0.009 0.004
0.139 0.091 0.103 0.399 0.112 0.023 0.078 0.069 0.047 0.027 0.024 0.199 0.204 0.014 0.111 0.029 0.044 0.016 0.19 0.045 0.136 0.069 0.243 0.219 0.5 0.008 0.049 0.073 0.008 0.012 0.66 0.842 0.041 0.178 0.171 1 0.054 0.242 0.01 0.193 0.133 0.007 0.071 0 0.489 0.336 0.009 0.041 0.202 0.129 0.002 0.109 0.021 0.039 0.022 0.045 0.15 0.053 0.015 0.029 0.039 0.069 0.065 0.059 0.05 0.031 0.028 0.043 0.026 0.09 0.017 0 0 0.021 0.036
0.028 0.021 0.023 0.049 0.01 0.003 0.006 0.005 0.003 0.002 0.001 0.021 0.021 0.001 0.007 0.002 0.003 0.001 0.006 0.005 0.009 0.133 0.066 0.018 0.034 0.003 0.003 0.006 0.001 0.002 0.037 0.046 0.002 0.01 0.009 0.054 1 0.004 0.029 0.007 0.008 0.001 0.004 0.005 0.024 0.049 0.001 0.006 0.002 0.003 0.002 0.011 0.004 0.002 0.002 0.007 0.004 0.365 0.001 0.002 0.002 0.002 0.013 0.382 0.008 0.002 0.002 0.002 0.001 0.004 0.001 0.001 0.002 0.039 0.002
0 0.024 0.023 0.241 0.023 0.017 0.011 0.009 0.001 0.01 0.087 0.01 0.012 0.004 0.008 0.008 0.011 0.004 0.01 0.003 0.041 0.064 0.134 0.008 0.197 0.053 0.012 0.001 0.007 0.008 0.191 0.139 0.011 0.052 0.046 0.242 0.004 1 0.173 0.053 0.055 0.007 0.019 0.089 0.437 0.104 0.007 0.087 0.056 0.062 0.003 0.072 0.003 0.011 0.008 0.087 0.068 0.003 0.006 0.009 0.025 0.269 0.083 0.004 0.092 0.011 0.086 0.012 0.094 0.066 0.002 0.006 0 0.001 0.012
0.044 0.072 0.079 0 0.016 0.046 0.036 0.027 0.005 0.056 0.016 0.036 0.032 0 0.048 0.019 0.066 0.021 0.024 0.013 0.216 0.02 0.055 0.029 0.006 0.021 0.072 0.035 0.015 0.022 0.001 0.025 0.063 0.254 0.24 0.01 0.029 0.173 1 0.299 0.224 0.028 0.109 0.396 0 0.102 0 0.346 0.267 0.187 0.002 0.235 0.039 0.06 0.016 0.277 0.262 0.036 0.008 0.045 0.104 0.049 0.258 0.039 0.293 0.022 0.012 0.063 0.017 0.186 0.011 0.014 0.001 0.033 0.027
0.002 0 0 0.026 0.017 0.009 0.013 0.011 0.009 0.139 0.005 0.046 0.061 0.001 0.023 0.006 0.236 0.002 0.053 0.014 0.712 0.055 0.187 0.058 0.123 0.01 0.257 0.017 0.005 0.006 0.131 0.161 0.008 0.036 0.032 0.193 0.007 0.053 0.299 1 0.84 0.005 0.014 0.214 0.105 0.022 0.005 0.569 0.933 0.77 0.006 0.685 0.01 0.2 0.063 0.493 0.731 0.011 0.005 0.004 0.241 0.017 0.56 0.012 0.524 0.102 0.005 0.211 0.005 0.563 0.003 0.004 0.006 0.012 0.121
0 0.006 0.003 0.013 0.001 0.011 0.001 0.002 0.001 0.104 0.005 0.018 0.027 0.001 0 0.006 0.23 0.003 0.021 0.016 0.607 0.062 0.138 0.023 0.078 0.011 0.249 0.019 0.005 0.007 0.085 0.116 0.009 0.04 0.036 0.133 0.008 0.055 0.224 0.84 1 0.005 0.016 0.253 0.117 0.028 0.005 0.625 0.781 0.851 0.007 0.715 0.011 0.162 0.055 0.55 0.622 0.012 0.006 0.005 0.21 0.019 0.621 0.014 0.579 0.074 0.007 0.172 0.006 0.639 0.06 0.003 0.007 0.013 0.09
0.001 0.006 0.006 0.015 0.005 0.001 0.003 0.002 0.001 0 0.001 0.009 0.005 0 0.003 0.001 0.001 0 0.008 0.002 0.001 0.031 0.017 0.007 0.01 0.006 0.001 0.002 0 0 0.015 0.008 0.001 0.06 0.072 0.007 0.001 0.007 0.028 0.005 0.005 1 0.001 0.005 0.008 0.017 0.001 0.008 0.005 0.006 0.001 0.007 0.001 0.001 0.001 0.007 0.006 0.001 0.001 0 0.002 0.002 0.008 0.001 0.008 0.001 0.001 0.001 0.001 0.006 0 0.001 0.001 0.001 0.001
0.052 0.038 0.07 0.021 0.001 0.266 0.008 0.007 0.003 0 0.002 0.107 0.117 0.001 0.005 0.002 0.004 0.001 0.078 0.176 0.005 0.024 0.037 0.095 0.035 0.003 0.004 0.366 0.103 0.092 0.102 0.082 0.334 0.001 0.007 0.071 0.004 0.019 0.109 0.014 0.016 0.001 1 0 0.038 0.026 0.002 0.178 0.015 0.016 0.002 0.005 0.464 0.003 0.002 0.139 0.004 0.004 0.002 0.403 0.011 0.007 0.067 0.004 0.146 0.003 0.002 0.002 0.002 0.005 0.001 0.002 0.002 0.004 0.003
0.006 0.017 0.022 0.004 0.05 0.024 0.101 0.086 0.036 0.041 0.012 0.005 0.004 0 0.107 0.015 0.047 0.027 0.003 0.038 0.145 0.005 0.059 0.004 0.011 0.02 0.048 0.025 0.013 0.016 0.001 0.002 0.001 0.193 0.162 0 0.005 0.089 0.396 0.214 0.253 0.005 0 1 0.001 0.056 0.013 0.237 0.223 0.249 0.017 0.244 0 0.063 0.019 0.234 0.221 0.012 0.007 0 0.088 0.046 0.195 0.015 0.222 0.018 0.016 0.032 0 0.239 0.026 0.019 0.016 0.015 0.036
0.011 0 0 0.21 0.013 0.033 0.064 0.051 0.025 0.019 0.041 0.006 0.006 0.008 0.059 0.014 0.025 0.024 0.006 0.002 0.08 0.014 0.091 0.008 0.217 0.018 0.027 0.005 0.014 0.006 0.254 0.388 0.022 0.207 0.249 0.489 0.024 0.437 0 0.105 0.117 0.008 0.038 0.001 1 0.196 0.001 0.185 0.11 0.131 0 0.15 0.027 0.021 0.016 0.181 0.134 0.028 0.013 0.019 0.05 0.167 0.172 0.031 0.192 0.021 0.053 0.024 0.048 0.138 0.009 0.003 0.003 0.008 0.023
0.054 0.031 0.035 0.15 0.042 0.003 0.039 0.042 0.023 0.013 0.012 0.06 0.048 0.009 0.037 0.003 0.027 0.008 0.05 0.011 0.017 0.115 0.038 0.061 0.176 0 0.028 0.026 0.002 0.003 0.249 0.279 0.021 0.04 0.039 0.336 0.049 0.104 0.102 0.022 0.028 0.017 0.026 0.056 0.196 1 0.013 0.074 0.025 0.036 0.002 0.03 0.006 0.014 0.001 0.049 0.021 0.076 0.04 0.018 0.019 0.045 0.038 0.087 0.051 0.003 0.016 0.002 0.013 0.042 0.007 0.002 0 0.046 0.005
0.007 0.013 0.011 0.008 0.004 0.038 0.003 0.002 0.001 0.001 0.052 0.017 0.016 0 0.003 0 0.001 0 0.02 0.085 0.004 0.001 0.005 0.021 0.016 0.001 0.001 0.072 0 0 0.015 0.009 0.068 0.005 0.004 0.009 0.001 0.007 0 0.005 0.005 0.001 0.002 0.013 0.001 0.013 1 0.008 0.005 0.006 0.76 0.007 0.001 0.001 0.001 0.008 0.006 0.001 0.001 0.001 0.002 0.002 0.008 0.002 0.009 0.001 0.023 0.001 0.001 0.006 0 0.001 0.494 0.027 0.001
0.016 0.026 0.035 0.002 0 0.026 0 0 0 0.094 0.008 0.002 0.001 0 0.001 0.01 0.144 0.005 0 0.008 0.438 0.079 0.064 0 0.028 0.014 0.156 0.035 0.013 0.01 0.011 0.028 0.059 0.029 0.051 0.041 0.006 0.087 0.346 0.569 0.625 0.008 0.178 0.237 0.185 0.074 0.008 1 0.596 0.651 0.011 0.689 0.09 0.113 0.031 0.851 0.607 0.017 0.009 0.089 0.243 0.03 0.78 0.019 0.89 0.053 0.009 0.129 0.009 0.632 0.05 0 0.011 0.021 0.065
0.003 0 0 0.031 0.019 0.01 0.014 0.012 0.01 0.133 0.005 0.049 0.064 0 0.024 0.006 0.208 0.002 0.054 0.015 0.66 0.04 0.194 0.061 0.129 0.008 0.228 0.018 0.005 0.006 0.137 0.169 0.008 0.038 0.034 0.202 0.002 0.056 0.267 0.933 0.781 0.005 0.015 0.223 0.11 0.025 0.005 0.596 1 0.814 0.007 0.691 0.01 0.191 0.059 0.524 0.773 0.011 0.005 0.004 0.258 0.018 0.565 0.013 0.555 0.097 0.005 0.212 0.005 0.596 0.004 0.003 0.006 0.012 0.118
0 0.005 0.003 0.017 0.001 0.012 0.001 0.002 0.002 0.097 0.006 0.02 0.03 0 0 0.007 0.195 0.003 0.022 0.019 0.558 0.045 0.145 0.025 0.076 0.01 0.212 0.022 0.006 0.007 0.083 0.112 0.01 0.039 0.036 0.129 0.003 0.062 0.187 0.77 0.851 0.006 0.016 0.249 0.131 0.036 0.006 0.651 0.814 1 0.008 0.745 0.012 0.161 0.062 0.6 0.658 0.011 0.007 0.006 0.224 0.022 0.645 0.013 0.626 0.081 0.006 0.179 0.006 0.679 0.07 0.002 0.008 0.015 0.11
0.003 0.007 0.006 0.003 0.003 0.026 0.003 0.003 0.002 0.001 0.037 0.011 0.01 0 0.004 0.001 0.002 0.001 0.013 0.06 0.005 0.001 0.001 0.014 0.007 0.001 0.002 0.05 0 0 0.005 0.002 0.049 0.006 0.005 0.002 0.002 0.003 0.002 0.006 0.007 0.001 0.002 0.017 0 0.002 0.76 0.011 0.007 0.008 1 0.009 0.002 0.001 0.001 0.011 0.008 0.002 0.001 0.001 0.003 0.003 0.01 0.002 0.011 0.001 0.016 0.001 0.001 0.008 0.001 0.001 0.53 0.065 0.001
0.006 0.01 0.016 0.004 0 0 0 0 0 0.097 0.007 0.003 0.007 0.005 0.002 0.008 0.156 0.004 0.005 0.005 0.484 0.058 0.1 0.006 0.053 0.012 0.17 0.007 0.007 0.006 0.055 0.086 0 0.017 0.042 0.109 0.011 0.072 0.235 0.685 0.715 0.007 0.005 0.244 0.15 0.03 0.007 0.689 0.691 0.745 0.009 1 0.014 0.14 0.091 0.701 0.858 0.016 0.007 0.007 0.318 0.025 0.685 0.017 0.765 0.139 0.009 0.159 0.007 0.839 0.028 0.001 0.009 0.017 0.152
0.004 0.009 0.008 0 0.01 0.119 0.005 0.005 0.002 0 0.001 0.023 0.03 0.001 0.007 0.001 0.003 0.001 0.007 0.076 0.003 0.002 0.005 0.014 0.001 0.002 0.003 0.258 0.148 0.12 0.035 0.026 0.269 0.01 0.004 0.021 0.004 0.003 0.039 0.01 0.011 0.001 0.464 0 0.027 0.006 0.001 0.09 0.01 0.012 0.002 0.014 1 0.002 0.001 0.088 0.013 0.004 0.001 0.576 0.005 0.005 0.073 0.003 0.07 0.002 0.002 0.002 0.001 0.013 0.001 0.001 0.002 0.003 0.002
0.039 0.055 0.051 0.018 0.007 0.002 0.004 0.004 0.002 0 0.001 0.013 0.013 0.001 0.005 0.001 0.002 0.001 0.014 0.004 0.157 0.013 0.035 0.013 0.026 0.002 0.002 0.004 0.001 0.001 0.027 0.034 0.002 0.007 0.007 0.039 0.002 0.011 0.06 0.2 0.162 0.001 0.003 0.063 0.021 0.014 0.001 0.113 0.191 0.161 0.001 0.14 0.002 1 0 0.114 0.144 0.002 0.001 0.001 0.001 0.004 0.12 0.002 0.11 0 0.001 0.239 0.001 0.057 0.001 0.046 0.001 0.002 0
0.002 0.001 0.001 0.004 0.001 0.001 0 0 0.001 0.16 0.001 0.004 0.005 0.017 0.004 0.001 0 0 0.01 0.003 0.046 0 0.021 0.01 0.018 0.002 0 0.003 0.001 0.001 0.013 0.018 0.001 0.003 0.002 0.022 0.002 0.008 0.016 0.063 0.055 0.001 0.002 0.019 0.016 0.001 0.001 0.031 0.059 0.062 0.001 0.091 0.001 0 1 0.075 0.102 0.002 0.001 0.001 0.003 0.003 0.054 0.002 0.07 0.332 0.001 0.001 0.001 0.088 0.001 0.001 0.001 0.002 0.523
0.013 0.022 0.03 0.002 0 0.019 0 0 0 0.084 0.008 0.001 0 0.003 0.001 0.01 0.107 0.005 0 0.002 0.368 0.066 0.056 0 0.035 0.014 0.107 0.021 0.014 0.01 0.013 0.032 0.038 0.025 0.045 0.045 0.007 0.087 0.277 0.493 0.55 0.007 0.139 0.234 0.181 0.049 0.008 0.851 0.524 0.6 0.011 0.701 0.088 0.114 0.075 1 0.634 0.019 0.009 0.091 0.201 0.031 0.841 0.021 0.925 0.115 0.01 0.129 0.009 0.658 0.051 0 0.011 0.021 0.126
0 0 0.003 0.016 0.007 0 0.018 0.016 0.012 0.108 0.006 0.016 0.025 0.006 0.007 0.007 0.171 0.003 0.022 0.003 0.51 0.042 0.131 0.025 0.086 0.01 0.174 0.005 0.006 0.005 0.088 0.12 0 0.017 0.037 0.15 0.004 0.068 0.262 0.731 0.622 0.006 0.004 0.221 0.134 0.021 0.006 0.607 0.773 0.658 0.008 0.858 0.013 0.144 0.102 0.634 1 0.014 0.007 0.006 0.316 0.023 0.575 0.016 0.699 0.155 0.008 0.165 0.006 0.761 0.004 0.002 0.008 0.015 0.17
0.02 0.014 0.015 0.04 0.009 0.004 0.004 0.004 0.003 0.002 0 0.016 0.016 0.001 0.005 0.002 0.003 0.001 0.004 0.004 0.01 0.084 0.031 0.015 0.031 0.003 0.003 0.005 0.001 0.002 0.037 0.045 0.002 0.01 0.009 0.053 0.365 0.003 0.036 0.011 0.012 0.001 0.004 0.012 0.028 0.076 0.001 0.017 0.011 0.011 0.002 0.016 0.004 0.002 0.002 0.019 0.014 1 0.002 0.002 0.005 0.005 0.018 0.906 0.02 0.002 0.002 0.003 0.001 0.014 0.001 0.001 0.002 0.098 0.002
0.003 0.007 0.002 0.009 0 0.002 0.003 0.003 0.001 0.001 0.001 0.001 0.001 0 0.003 0.001 0.001 0 0.002 0.002 0.005 0 0.002 0.002 0.007 0.054 0.002 0.003 0.001 0.001 0.017 0.021 0.001 0.005 0.005 0.015 0.001 0.006 0.008 0.005 0.006 0.001 0.002 0.007 0.013 0.04 0.001 0.009 0.005 0.007 0.001 0.007 0.001 0.001 0.001 0.009 0.007 0.002 1 0.001 0.002 0.002 0.009 0.002 0.01 0.001 0.001 0.001 0.001 0.007 0 0.001 0.001 0.002 0.001
0.013 0.022 0.019 0.004 0.007 0.157 0.004 0.003 0.002 0.001 0.001 0.053 0.065 0 0.004 0.001 0 0.001 0.022 0.105 0.001 0.011 0.013 0.034 0.011 0.001 0.002 0.236 0.22 0.18 0.049 0.034 0.325 0.007 0.002 0.029 0.002 0.009 0.045 0.004 0.005 0 0.403 0 0.019 0.018 0.001 0.089 0.004 0.006 0.001 0.007 0.576 0.001 0.001 0.091 0.006 0.002 0.001 1 0.001 0.003 0.072 0.002 0.072 0.001 0.001 0 0.001 0.006 0.001 0.001 0.001 0.002 0.001
0.006 0.014 0.003 0.02 0 0.003 0.01 0.009 0.004 0 0.002 0.002 0.003 0.004 0.001 0.003 0.424 0.001 0.001 0.006 0.203 0.019 0.058 0.002 0.019 0.002 0.485 0.007 0.002 0.001 0.022 0.029 0.001 0 0.015 0.039 0.002 0.025 0.104 0.241 0.21 0.002 0.011 0.088 0.05 0.019 0.002 0.243 0.258 0.224 0.003 0.318 0.005 0.001 0.003 0.201 0.316 0.005 0.002 0.001 1 0.009 0.207 0.006 0.238 0.004 0.003 0.004 0.002 0.295 0.002 0.002 0.003 0.006 0
0 0.028 0.03 0.076 0.012 0.005 0.004 0.004 0.004 0.003 0.002 0.018 0.025 0.001 0.006 0.003 0.003 0.001 0.024 0.008 0.013 0.024 0.047 0.023 0.016 0.144 0.003 0.009 0.002 0.003 0.015 0.008 0.004 0.012 0.011 0.069 0.002 0.269 0.049 0.017 0.019 0.002 0.007 0.046 0.167 0.045 0.002 0.03 0.018 0.022 0.003 0.025 0.005 0.004 0.003 0.031 0.023 0.005 0.002 0.003 0.009 1 0.029 0.006 0.033 0.004 0.003 0.004 0.002 0.023 0.002 0.002 0.003 0 0.004
0.004 0.02 0.015 0.007 0.003 0.01 0 0 0 0.075 0.008 0 0.001 0.003 0.001 0.009 0.148 0.004 0.005 0 0.437 0.063 0.071 0.005 0.055 0.013 0.16 0.014 0.006 0.004 0.026 0.05 0.034 0.042 0.042 0.065 0.013 0.083 0.258 0.56 0.621 0.008 0.067 0.195 0.172 0.038 0.008 0.78 0.565 0.645 0.01 0.685 0.073 0.12 0.054 0.841 0.575 0.018 0.009 0.072 0.207 0.029 1 0.02 0.856 0.121 0.01 0.14 0.008 0.597 0.054 0.001 0.01 0.015 0.104
0.023 0.016 0.018 0.045 0.01 0.004 0.005 0.004 0.003 0.002 0 0.018 0.019 0.001 0.006 0.002 0.003 0.001 0.006 0.004 0.011 0.099 0.038 0.017 0.035 0.003 0.004 0.005 0.002 0.002 0.041 0.05 0.003 0.006 0.01 0.059 0.382 0.004 0.039 0.012 0.014 0.001 0.004 0.015 0.031 0.087 0.002 0.019 0.013 0.013 0.002 0.017 0.003 0.002 0.002 0.021 0.016 0.906 0.002 0.002 0.006 0.006 0.02 1 0.022 0.002 0.002 0.003 0.002 0.016 0.001 0.001 0.002 0.119 0.003
0.012 0.021 0.029 0.003 0.001 0.023 0.001 0 0 0.09 0.008 0.001 0 0.003 0 0.01 0.132 0.005 0 0.003 0.413 0.067 0.06 0 0.038 0.015 0.133 0.023 0.007 0.005 0.015 0.036 0.056 0.028 0.048 0.05 0.008 0.092 0.293 0.524 0.579 0.008 0.146 0.222 0.192 0.051 0.009 0.89 0.555 0.626 0.011 0.765 0.07 0.11 0.07 0.925 0.699 0.02 0.01 0.072 0.238 0.033 0.856 0.022 1 0.109 0.011 0.125 0.009 0.708 0.048 0 0.011 0.017 0.119
0.002 0 0.001 0.008 0.002 0 0 0 0.002 0.123 0.001 0.007 0.008 0.012 0.005 0.001 0 0.001 0.013 0.003 0.088 0.002 0.033 0.013 0.024 0.002 0 0.004 0.001 0.001 0.025 0.026 0.002 0.004 0.003 0.031 0.002 0.011 0.022 0.102 0.074 0.001 0.003 0.018 0.021 0.003 0.001 0.053 0.097 0.081 0.001 0.139 0.002 0 0.332 0.115 0.155 0.002 0.001 0.001 0.004 0.004 0.121 0.002 0.109 1 0.001 0.002 0.001 0.138 0.001 0.001 0.001 0.002 0.574
0 0 0 0.024 0.001 0.002 0.005 0.006 0.021 0.001 0 0 0 0 0.003 0.001 0.002 0 0 0.002 0.004 0.005 0.011 0 0.018 0.003 0.002 0.003 0.001 0.001 0.017 0.019 0.001 0.002 0.001 0.028 0.002 0.086 0.012 0.005 0.007 0.001 0.002 0.016 0.053 0.016 0.023 0.009 0.005 0.006 0.016 0.009 0.002 0.001 0.001 0.01 0.008 0.002 0.001 0.001 0.003 0.003 0.01 0.002 0.011 0.001 1 0.001 0.001 0.008 0.001 0.001 0.001 0.002 0.001
0.014 0.023 0.021 0.002 0 0.001 0.005 0.004 0.002 0.01 0.001 0.002 0.011 0.001 0.005 0.001 0.001 0.001 0.008 0.001 0.105 0.012 0.019 0.011 0.025 0.002 0.003 0.002 0.001 0.001 0.026 0.037 0.002 0.008 0.008 0.043 0.002 0.012 0.063 0.211 0.172 0.001 0.002 0.032 0.024 0.002 0.001 0.129 0.212 0.179 0.001 0.159 0.002 0.239 0.001 0.129 0.165 0.003 0.001 0 0.004 0.004 0.14 0.003 0.125 0.002 0.001 1 0.001 0.149 0.001 0.001 0.001 0.003 0
0 0.01 0.01 0.025 0.005 0.002 0.003 0.002 0.001 0.001 0.001 0.01 0.008 0 0.003 0.001 0 0 0.009 0.002 0.003 0.009 0.014 0.008 0.034 0.001 0 0.003 0.001 0.001 0.036 0.029 0.001 0.005 0.004 0.026 0.001 0.094 0.017 0.005 0.006 0.001 0.002 0 0.048 0.013 0.001 0.009 0.005 0.006 0.001 0.007 0.001 0.001 0.001 0.009 0.006 0.001 0.001 0.001 0.002 0.002 0.008 0.002 0.009 0.001 0.001 0.001 1 0.007 0 0.001 0.001 0.002 0.001
0.001 0.003 0.008 0.009 0.001 0 0 0 0 0.087 0.006 0.001 0.004 0.005 0.004 0.007 0.16 0.003 0.003 0.005 0.384 0.045 0.082 0.004 0.046 0.01 0.175 0.008 0.006 0.006 0.047 0.075 0 0.014 0.038 0.09 0.004 0.066 0.186 0.563 0.639 0.006 0.005 0.239 0.138 0.042 0.006 0.632 0.596 0.679 0.008 0.839 0.013 0.057 0.088 0.658 0.761 0.014 0.007 0.006 0.295 0.023 0.597 0.016 0.708 0.138 0.008 0.149 0.007 1 0.056 0.006 0.008 0.016 0.158
0.023 0.032 0.029 0.012 0.055 0.001 0.125 0.138 0.092 0 0 0.032 0.031 0 0.101 0 0.001 0 0.036 0.002 0 0.006 0.006 0.038 0.017 0.001 0.001 0.002 0 0.001 0.016 0.009 0.001 0.003 0.003 0.017 0.001 0.002 0.011 0.003 0.06 0 0.001 0.026 0.009 0.007 0 0.05 0.004 0.07 0.001 0.028 0.001 0.001 0.001 0.051 0.004 0.001 0 0.001 0.002 0.002 0.054 0.001 0.048 0.001 0.001 0.001 0 0.056 1 0 0.001 0.001 0.001
0 0 0 0.001 0.004 0.001 0.002 0.002 0.001 0.001 0.001 0.007 0.007 0 0.003 0.001 0.001 0.274 0.008 0.002 0.005 0.015 0.026 0.007 0.011 0.001 0.001 0.002 0.001 0.001 0.011 0 0.001 0.015 0.018 0 0.001 0.006 0.014 0.004 0.003 0.001 0.002 0.019 0.003 0.002 0.001 0 0.003 0.002 0.001 0.001 0.001 0.046 0.001 0 0.002 0.001 0.001 0.001 0.002 0.002 0.001 0.001 0 0.001 0.001 0.001 0.001 0.006 0 1 0.001 0.001 0.001
0.015 0.024 0.022 0.004 0.003 0.077 0.003 0.003 0.001 0.001 0.038 0.026 0.025 0 0.003 0.001 0.002 0.001 0.03 0.12 0.005 0 0.001 0.032 0.008 0.001 0.002 0.102 0.034 0.027 0.001 0 0.05 0.005 0.004 0 0.002 0 0.001 0.006 0.007 0.001 0.002 0.016 0.003 0 0.494 0.011 0.006 0.008 0.53 0.009 0.002 0.001 0.001 0.011 0.008 0.002 0.001 0.001 0.003 0.003 0.01 0.002 0.011 0.001 0.001 0.001 0.001 0.008 0.001 0.001 1 0.033 0.001
0.009 0.005 0.006 0.018 0.009 0.001 0.006 0.006 0.003 0.002 0.016 0 0 0.001 0.008 0.002 0.003 0.001 0 0.002 0.007 0.053 0.012 0.003 0.008 0.003 0.004 0.001 0 0.001 0.012 0.016 0 0.005 0.009 0.021 0.039 0.001 0.033 0.012 0.013 0.001 0.004 0.015 0.008 0.046 0.027 0.021 0.012 0.015 0.065 0.017 0.003 0.002 0.002 0.021 0.015 0.098 0.002 0.002 0.006 0 0.015 0.119 0.017 0.002 0.002 0.003 0.002 0.016 0.001 0.001 0.033 1 0.003
0.002 0 0.001 0.006 0.002 0 0 0 0.002 0.163 0.001 0.009 0.009 0.011 0.006 0.001 0 0.001 0.015 0.004 0.108 0.002 0.04 0.014 0.029 0.002 0 0.004 0.001 0.001 0.023 0.031 0.002 0.005 0.004 0.036 0.002 0.012 0.027 0.121 0.09 0.001 0.003 0.036 0.023 0.005 0.001 0.065 0.118 0.11 0.001 0.152 0.002 0 0.523 0.126 0.17 0.002 0.001 0.001 0 0.004 0.104 0.003 0.119 0.574 0.001 0 0.001 0.158 0.001 0.001 0.001 0.003 1
