1 0.795 0.845 0.392 0.371 0.104 0.236 0.193 0.106 0.017 0.033 0.539 0.514 0.006 0.252 0.039 0.031 0.011 0.554 0.136 0 0.16 0.113 0.583 0.27 0.002 0.032 0.126 0.046 0.045 0.207 0.106 0.052 0.028 0.01 0.084 0.029 0.031 0.085 0 0.016 0.007 0.085 0.033 0.005 0.079 0.017 0.064 0 0.015 0.019 0.04 0.016 0.044 0.01 0.059 0.007 0.017 0.011 0.018 0.004 0.017 0.044 0.022 0.048 0.002 0.003 0.053 0.007 0.019 0.039 0.007 0.017 0.01 0.001
0.795 1 0.923 0.385 0.377 0.127 0.288 0.235 0.129 0.014 0.04 0.615 0.573 0.005 0.25 0.048 0.026 0.009 0.591 0.166 0 0.139 0.086 0.632 0.275 0.026 0.026 0.155 0.056 0.055 0.215 0.116 0.063 0.026 0.02 0.081 0.024 0.048 0.092 0.002 0.029 0.019 0.058 0.04 0.006 0.062 0.022 0.066 0.001 0.027 0.026 0.038 0.022 0.055 0.008 0.059 0.004 0.012 0.013 0.025 0.011 0.029 0.047 0.017 0.05 0.001 0.007 0.059 0.013 0.018 0.048 0.005 0.023 0.006 0
0.845 0.923 1 0.427 0.443 0.123 0.28 0.229 0.126 0.015 0.039 0.654 0.61 0.005 0.302 0.047 0.026 0.01 0.656 0.161 0 0.143 0.09 0.699 0.314 0.026 0.027 0.151 0.054 0.054 0.242 0.135 0.062 0.043 0.018 0.097 0.025 0.051 0.111 0.002 0.026 0.02 0.103 0.051 0.007 0.07 0.021 0.082 0 0.022 0.025 0.052 0.021 0.053 0.008 0.075 0.011 0.013 0.008 0.024 0.002 0.031 0.059 0.018 0.064 0.001 0.007 0.055 0.013 0.029 0.046 0.005 0.022 0.006 0.001
0.392 0.385 0.427 1 0.227 0.032 0.135 0.111 0.059 0.031 0.018 0.283 0.298 0.012 0.158 0.022 0.056 0.021 0.291 0.048 0.017 0.311 0.293 0.312 0.616 0 0.058 0.041 0.026 0.025 0.531 0.341 0.021 0.001 0 0.381 0.053 0.184 0 0.019 0.001 0.043 0.042 0.002 0.135 0.19 0.008 0.001 0.032 0.004 0.007 0 0.006 0.022 0.012 0.002 0.009 0.037 0.022 0.003 0.02 0.037 0 0.035 0 0.003 0.022 0.008 0.017 0.002 0.021 0.002 0.005 0.025 0.007
0.371 0.377 0.443 0.227 1 0.017 0.443 0.429 0.216 0.008 0.005 0.523 0.483 0.004 0.565 0.09 0.014 0.005 0.535 0.023 0.035 0.078 0.127 0.544 0.274 0.014 0.014 0.025 0.007 0.007 0.202 0.146 0.01 0.119 0.06 0.115 0.013 0.039 0.015 0.025 0.003 0.011 0.008 0.049 0.001 0.05 0.002 0.001 0.03 0.002 0.01 0.007 0.007 0.006 0.005 0.002 0.005 0.006 0.004 0.008 0 0.018 0.002 0.008 0.001 0.003 0.004 0.003 0.007 0.005 0.079 0.003 0.006 0.002 0.004
0.104 0.127 0.123 0.032 0.017 1 0.009 0.008 0.004 0.002 0.001 0.129 0.12 0 0.012 0.002 0.003 0.001 0.131 0.717 0.009 0.017 0.029 0.136 0.07 0.003 0.003 0.641 0.438 0.435 0.058 0.026 0.415 0.015 0.013 0.018 0.003 0.016 0.064 0.001 0.002 0.003 0.281 0.008 0.036 0.016 0.052 0.065 0.001 0.004 0.03 0.004 0.175 0.002 0 0.043 0.008 0.003 0.002 0.21 0.005 0.001 0.027 0.004 0.034 0 0.002 0.017 0.002 0.006 0.002 0.001 0.038 0.001 0
0.236 0.288 0.28 0.135 0.443 0.009 1 0.821 0.436 0.004 0.003 0.297 0.275 0.002 0.731 0.004 0.008 0.003 0.312 0.013 0.019 0.044 0.069 0.313 0.168 0.008 0.008 0.014 0.004 0.004 0.134 0.094 0.005 0.163 0.198 0.082 0.007 0.024 0.033 0.016 0.023 0.006 0.011 0.118 0.042 0.053 0.004 0 0.019 0.011 0.006 0.002 0.004 0.005 0.002 0.001 0.027 0.001 0.004 0.005 0.013 0.009 0.001 0.002 0 0.001 0.001 0.007 0.004 0 0.164 0.001 0.007 0.008 0.001
0.193 0.235 0.229 0.111 0.429 0.008 0.821 1 0.531 0.003 0.002 0.243 0.225 0.002 0.599 0.003 0.006 0.002 0.255 0.011 0.015 0.036 0.057 0.265 0.138 0.006 0.006 0.012 0.003 0.003 0.104 0.071 0.004 0.098 0.119 0.062 0.006 0.022 0.015 0.013 0.038 0.005 0.009 0.084 0.018 0.049 0.003 0.002 0.015 0.022 0.005 0.007 0.003 0.005 0.001 0.004 0.021 0 0.004 0.004 0.01 0.007 0.004 0.001 0.003 0 0.001 0.006 0.003 0.003 0.201 0.001 0.005 0.007 0.001
0.106 0.129 0.126 0.059 0.216 0.004 0.436 0.531 1 0.002 0.001 0.132 0.123 0.001 0.335 0.002 0.003 0.001 0.139 0.006 0.009 0.019 0.032 0.144 0.075 0.003 0.003 0.006 0.002 0.002 0.079 0.055 0.002 0.034 0.04 0.05 0.003 0.008 0.002 0.008 0.053 0.003 0.005 0.046 0.005 0.031 0.002 0.022 0.009 0.036 0.003 0.015 0.002 0.002 0.002 0.01 0.013 0.003 0.002 0.002 0.007 0.005 0.011 0.004 0.009 0 0 0.003 0.002 0.004 0.363 0.002 0.003 0.004 0.001
0.017 0.014 0.015 0.031 0.008 0.002 0.004 0.003 0.002 1 0.001 0.009 0.007 0 0.006 0.001 0.001 0.001 0.003 0.002 0.175 0.008 0.049 0.013 0.025 0.001 0.002 0.003 0.001 0.001 0.019 0.026 0 0.007 0.006 0.03 0.001 0.007 0.044 0.143 0.087 0.001 0 0.034 0.016 0.006 0.001 0.073 0.126 0.077 0.001 0.077 0 0.002 0.309 0.072 0.094 0.002 0.001 0 0.01 0.002 0.071 0.002 0.071 0.109 0.001 0 0.001 0.063 0.001 0.001 0.001 0.002 0.178
0.033 0.04 0.039 0.018 0.005 0.001 0.003 0.002 0.001 0.001 1 0.041 0.038 0 0.004 0 0.001 0 0.043 0.231 0.003 0.006 0.01 0.044 0.023 0.001 0.001 0.207 0.001 0.001 0.024 0.019 0.001 0.005 0.004 0.016 0.001 0.081 0.013 0.003 0.004 0.001 0.001 0.01 0.028 0.01 0.001 0.007 0.004 0.005 0 0.006 0.001 0.001 0 0.006 0.005 0.001 0.001 0.001 0.002 0.002 0.006 0.001 0.007 0.001 0.001 0.001 0.001 0.005 0.001 0 0 0 0.001
0.539 0.615 0.654 0.283 0.523 0.129 0.297 0.243 0.132 0.009 0.041 1 0.911 0.005 0.365 0.049 0.022 0.004 0.826 0.17 0.06 0.107 0.184 0.854 0.417 0.019 0.022 0.16 0.057 0.058 0.328 0.225 0.066 0.066 0.035 0.183 0.024 0.034 0.045 0.039 0.001 0.018 0.11 0.022 0 0.082 0.033 0.012 0.048 0.003 0.036 0.002 0.023 0.017 0.01 0.011 0.006 0.008 0.005 0.04 0.002 0.029 0.006 0.012 0.006 0.008 0.007 0.001 0.013 0.002 0.053 0.002 0.032 0.002 0.01
0.514 0.573 0.61 0.298 0.483 0.12 0.275 0.225 0.123 0.007 0.038 0.911 1 0.005 0.338 0.045 0.023 0.005 0.77 0.163 0.061 0.108 0.185 0.797 0.403 0.02 0.024 0.148 0.053 0.054 0.319 0.225 0.068 0.066 0.036 0.182 0.025 0.03 0.04 0.045 0.002 0.012 0.107 0.018 0 0.069 0.03 0.008 0.054 0.005 0.032 0.001 0.025 0.014 0.011 0.006 0.009 0.009 0.005 0.042 0.003 0.031 0.004 0.014 0.003 0.009 0.003 0.001 0.007 0.001 0.049 0.002 0.029 0.003 0.011
0.006 0.005 0.005 0.012 0.004 0 0.002 0.002 0.001 0 0 0.005 0.005 1 0.003 0 0 0 0.005 0.001 0.001 0.029 0.019 0.005 0.003 0.001 0 0.001 0 0 0.006 0.009 0.001 0.002 0.003 0.01 0.032 0.001 0.002 0.001 0.001 0.001 0 0.004 0.005 0.016 0 0.002 0.001 0.002 0.001 0 0 0.001 0.001 0.001 0.001 0.028 0 0 0 0.001 0.001 0.023 0.001 0.001 0 0.001 0 0 0 0 0.001 0.023 0
0.252 0.25 0.302 0.158 0.565 0.012 0.731 0.599 0.335 0.006 0.004 0.365 0.338 0.003 1 0.005 0.01 0.004 0.415 0.017 0.028 0.057 0.094 0.419 0.225 0.01 0.01 0.019 0.005 0.006 0.181 0.129 0.007 0.252 0.151 0.113 0.009 0.021 0.06 0.02 0.012 0.008 0.017 0.152 0.029 0.056 0.005 0.011 0.024 0.011 0.007 0.023 0.005 0.007 0.005 0.015 0.001 0.003 0.006 0.006 0.002 0.013 0.014 0.004 0.012 0.003 0.002 0.006 0.005 0.018 0.126 0.005 0.009 0.011 0.004
0.039 0.048 0.047 0.022 0.09 0.002 0.004 0.003 0.002 0.001 0 0.049 0.045 0 0.005 1 0.001 0 0.052 0.002 0.003 0.007 0.012 0.054 0.028 0.001 0.001 0.002 0.001 0.001 0.029 0.023 0.001 0.006 0.005 0.015 0.001 0.005 0.015 0.004 0.005 0.001 0.002 0.012 0.013 0.003 0.097 0.008 0.004 0.006 0.062 0.007 0.001 0.001 0.001 0.008 0.006 0.001 0.001 0.001 0.002 0.002 0.008 0.002 0.008 0.001 0 0.001 0.001 0.006 0.001 0.001 0.053 0.002 0.001
0.031 0.026 0.026 0.056 0.014 0.003 0.008 0.006 0.003 0.001 0.001 0.022 0.023 0 0.01 0.001 1 0 0.024 0.004 0.338 0.012 0.105 0.023 0.044 0.003 0.917 0.005 0.001 0.001 0.035 0.035 0.002 0.009 0.007 0.046 0.002 0.008 0.069 0.274 0.216 0.002 0.004 0.044 0.019 0.011 0.001 0.126 0.225 0.167 0.002 0.148 0.001 0.002 0 0.077 0.182 0.003 0.001 0.002 0.343 0.004 0.133 0.003 0.123 0 0.002 0.002 0.001 0.17 0.001 0 0.002 0.003 0
0.011 0.009 0.01 0.021 0.005 0.001 0.003 0.002 0.001 0.001 0 0.004 0.005 0 0.004 0 0 1 0.009 0.002 0.003 0.064 0.038 0.008 0.016 0.001 0.001 0.002 0.001 0.001 0.015 0.017 0.001 0.077 0.091 0.015 0.001 0.004 0.016 0.001 0.002 0.001 0.001 0.02 0.016 0.009 0 0.004 0.002 0.003 0.001 0.003 0 0.001 0 0.004 0.002 0.001 0.001 0.001 0 0.001 0.004 0.001 0.004 0 0.001 0.001 0 0.003 0 0.247 0.001 0.001 0
0.554 0.591 0.656 0.291 0.535 0.131 0.312 0.255 0.139 0.003 0.043 0.826 0.77 0.005 0.415 0.052 0.024 0.009 1 0.184 0.05 0.129 0.196 0.932 0.47 0.024 0.024 0.147 0.06 0.059 0.358 0.228 0.049 0.066 0.032 0.184 0.021 0.031 0.048 0.031 0 0.019 0.105 0.027 0 0.095 0.035 0.017 0.036 0 0.038 0.006 0.015 0.017 0.012 0.014 0.002 0.013 0.008 0.03 0 0.027 0.009 0.017 0.009 0.009 0.006 0.002 0.012 0.005 0.051 0.007 0.035 0.004 0.011
0.136 0.166 0.161 0.048 0.023 0.717 0.013 0.011 0.006 0.002 0.231 0.17 0.163 0.001 0.017 0.002 0.004 0.002 0.184 1 0.012 0.025 0.042 0.192 0.1 0.004 0.005 0.873 0.322 0.32 0.084 0.044 0.304 0.021 0.017 0.034 0.004 0.001 0.027 0.003 0.005 0.003 0.198 0.017 0.006 0.025 0.048 0.033 0.004 0.009 0.026 0 0.126 0.003 0.002 0.018 0.001 0.004 0.002 0.151 0.007 0.002 0.009 0.005 0.013 0.002 0.001 0.01 0.002 0.001 0.002 0.002 0.032 0 0.002
0 0 0 0.017 0.035 0.009 0.019 0.015 0.009 0.175 0.003 0.06 0.061 0.001 0.028 0.003 0.338 0.003 0.05 0.012 1 0.03 0.255 0.064 0.117 0.007 0.353 0.014 0.004 0.004 0.101 0.125 0.003 0.032 0.025 0.151 0.007 0.03 0.189 0.779 0.515 0.005 0.007 0.12 0.069 0.003 0.004 0.369 0.667 0.462 0.006 0.403 0.001 0.218 0.059 0.313 0.465 0.008 0.004 0.002 0.221 0.011 0.382 0.009 0.388 0.065 0.004 0.106 0 0.315 0.004 0.003 0.006 0.003 0.103
0.16 0.139 0.143 0.311 0.078 0.017 0.044 0.036 0.019 0.008 0.006 0.107 0.108 0.029 0.057 0.007 0.012 0.064 0.129 0.025 0.03 1 0.464 0.132 0.237 0.015 0.013 0.025 0.008 0.008 0.214 0.039 0.011 0.046 0.055 0.048 0.101 0.058 0.003 0.039 0.05 0.085 0.021 0.004 0.002 0.096 0.002 0.054 0.018 0.03 0 0.047 0.006 0.011 0.001 0.042 0.024 0.068 0.002 0.009 0.01 0.009 0.046 0.075 0.04 0.001 0.005 0.014 0.008 0.031 0.006 0.01 0 0.05 0
0.113 0.086 0.09 0.293 0.127 0.029 0.069 0.057 0.032 0.049 0.01 0.184 0.185 0.019 0.094 0.012 0.105 0.038 0.196 0.042 0.255 0.464 1 0.219 0.404 0.025 0.108 0.043 0.014 0.014 0.357 0.144 0.014 0.007 0.012 0.176 0.048 0.097 0.084 0.212 0.104 0.049 0.031 0.046 0.039 0.031 0.005 0.06 0.223 0.119 0.003 0.076 0.008 0.06 0.023 0.056 0.131 0.023 0 0.012 0.066 0.021 0.054 0.025 0.063 0.021 0.011 0.018 0.007 0.067 0.011 0.003 0.001 0.01 0.042
0.583 0.632 0.699 0.312 0.544 0.136 0.313 0.265 0.144 0.013 0.044 0.854 0.797 0.005 0.419 0.054 0.023 0.008 0.932 0.192 0.064 0.132 0.219 1 0.494 0.023 0.024 0.175 0.062 0.062 0.378 0.246 0.071 0.071 0.035 0.196 0.022 0.031 0.049 0.042 0 0.018 0.123 0.025 0 0.09 0.037 0.014 0.05 0.002 0.04 0.003 0.025 0.017 0.011 0.012 0.006 0.013 0.008 0.031 0.003 0.026 0.007 0.017 0.007 0.009 0.006 0.001 0.012 0.003 0.053 0.006 0.037 0.004 0.011
0.27 0.275 0.314 0.616 0.274 0.07 0.168 0.138 0.075 0.025 0.023 0.417 0.403 0.003 0.225 0.028 0.044 0.016 0.47 0.1 0.117 0.237 0.404 0.494 1 0.044 0.045 0.086 0.033 0.032 0.841 0.586 0.036 0.014 0.003 0.488 0.04 0.134 0.001 0.096 0.024 0.033 0.059 0.002 0.138 0.217 0.011 0.004 0.113 0.031 0.007 0.01 0.009 0.032 0.013 0.004 0.042 0.03 0.018 0.019 0.017 0.001 0.007 0.027 0.008 0.011 0.029 0.01 0.022 0.011 0.027 0.001 0.005 0.016 0.022
0.002 0.026 0.026 0 0.014 0.003 0.008 0.006 0.003 0.001 0.001 0.019 0.02 0.001 0.01 0.001 0.003 0.001 0.024 0.004 0.007 0.015 0.025 0.023 0.044 1 0.003 0.005 0.001 0.001 0.042 0.055 0.002 0.012 0.01 0.003 0.002 0.042 0.015 0.008 0.01 0.01 0.004 0.013 0.009 0.001 0.001 0.012 0.005 0.008 0.002 0.01 0.001 0.002 0.001 0.012 0.008 0.003 0.023 0.002 0.002 0.178 0.011 0.003 0.013 0.001 0.002 0.003 0.001 0.008 0.001 0.001 0.002 0.003 0.002
0.032 0.026 0.027 0.058 0.014 0.003 0.008 0.006 0.003 0.002 0.001 0.022 0.024 0 0.01 0.001 0.917 0.001 0.024 0.005 0.353 0.013 0.108 0.024 0.045 0.003 1 0.005 0.001 0.001 0.036 0.041 0.002 0.013 0.01 0.054 0.003 0.008 0.067 0.288 0.228 0.002 0.004 0.043 0.023 0.01 0.001 0.133 0.237 0.176 0.002 0.156 0.001 0.002 0 0.082 0.191 0.003 0.002 0.002 0.363 0.004 0.14 0.003 0.129 0 0.002 0.003 0 0.179 0.001 0.001 0.002 0.003 0
0.126 0.155 0.151 0.041 0.025 0.641 0.014 0.012 0.006 0.003 0.207 0.16 0.148 0.001 0.019 0.002 0.005 0.002 0.147 0.873 0.014 0.025 0.043 0.175 0.086 0.005 0.005 1 0.291 0.29 0.1 0.054 0.348 0.023 0.013 0.04 0.005 0.001 0.034 0.004 0.006 0.004 0.263 0.016 0.008 0.032 0.041 0.046 0.005 0.01 0.022 0 0.231 0.004 0.002 0.029 0.001 0.005 0.003 0.23 0.008 0.003 0.018 0.006 0.022 0.002 0.001 0.009 0.003 0 0.003 0.002 0.027 0.001 0.002
0.046 0.056 0.054 0.026 0.007 0.438 0.004 0.003 0.002 0.001 0.001 0.057 0.053 0 0.005 0.001 0.001 0.001 0.06 0.322 0.004 0.008 0.014 0.062 0.033 0.001 0.001 0.291 1 0.986 0.019 0.014 0.102 0.007 0.006 0.012 0.001 0.007 0.027 0.004 0.005 0.001 0.092 0.014 0.016 0.008 0.076 0.012 0.004 0.006 0.048 0.001 0.067 0.001 0.001 0.005 0 0.001 0.001 0.055 0.003 0 0.002 0.002 0.001 0.001 0.001 0.006 0.001 0 0.001 0.001 0.067 0.001 0
0.045 0.055 0.054 0.025 0.007 0.435 0.004 0.003 0.002 0.001 0.001 0.058 0.054 0 0.006 0.001 0.001 0.001 0.059 0.32 0.004 0.008 0.014 0.062 0.032 0.001 0.001 0.29 0.986 1 0.019 0.014 0.103 0.006 0.005 0.012 0.001 0.007 0.027 0.004 0.005 0.001 0.092 0.014 0.015 0.008 0.075 0.012 0.004 0.007 0.047 0.001 0.066 0.001 0.001 0.005 0 0.002 0.001 0.054 0.003 0 0.002 0.002 0.001 0.001 0.001 0.006 0.001 0 0.001 0.001 0.066 0.001 0
0.207 0.215 0.242 0.531 0.202 0.058 0.134 0.104 0.079 0.019 0.024 0.328 0.319 0.006 0.181 0.029 0.035 0.015 0.358 0.084 0.101 0.214 0.357 0.378 0.841 0.042 0.036 0.1 0.019 0.019 1 0.721 0.044 0.025 0.013 0.614 0.04 0.154 0.001 0.101 0.026 0.033 0.087 0.001 0.181 0.254 0.011 0.002 0.118 0.032 0.001 0.01 0.029 0.03 0.012 0.001 0.044 0.041 0.024 0.038 0.021 0.001 0.003 0.036 0.004 0.01 0.031 0.008 0.032 0.011 0.028 0 0 0.029 0.021
0.106 0.116 0.135 0.341 0.146 0.026 0.094 0.071 0.055 0.026 0.019 0.225 0.225 0.009 0.129 0.023 0.035 0.017 0.228 0.044 0.125 0.039 0.144 0.246 0.586 0.055 0.041 0.054 0.014 0.014 0.721 1 0.034 0.202 0.186 0.836 0.051 0.103 0.03 0.15 0.059 0.016 0.067 0.005 0.334 0.249 0.007 0.018 0.172 0.064 0 0.033 0.022 0.039 0.009 0.013 0.076 0.045 0.031 0.01 0.028 0 0.019 0.041 0.022 0.008 0.023 0.031 0.024 0.033 0.019 0.018 0.001 0.025 0.019
0.052 0.063 0.062 0.021 0.01 0.415 0.005 0.004 0.002 0 0.001 0.066 0.068 0.001 0.007 0.001 0.002 0.001 0.049 0.304 0.003 0.011 0.014 0.071 0.036 0.002 0.002 0.348 0.102 0.103 0.044 0.034 1 0.009 0.007 0.026 0.002 0.009 0.043 0.006 0.007 0.001 0.191 0.002 0.021 0.013 0.1 0.03 0.006 0.009 0.062 0 0.175 0.001 0.001 0.025 0.001 0.002 0.001 0.132 0.002 0 0.015 0.002 0.029 0.001 0.001 0.002 0.001 0.001 0.001 0.001 0.053 0 0.001
0.028 0.026 0.043 0.001 0.119 0.015 0.163 0.098 0.034 0.007 0.005 0.066 0.066 0.002 0.252 0.006 0.009 0.077 0.066 0.021 0.032 0.046 0.007 0.071 0.014 0.012 0.013 0.023 0.007 0.006 0.025 0.202 0.009 1 0.799 0.173 0.011 0.059 0.309 0.033 0.042 0.107 0.011 0.23 0.195 0.027 0.006 0.018 0.038 0.032 0.009 0.009 0.006 0.009 0.001 0.012 0.005 0.007 0.007 0.007 0 0.016 0.014 0.002 0.016 0.001 0.007 0.008 0.006 0.005 0.005 0.031 0.011 0 0.001
0.01 0.02 0.018 0 0.06 0.013 0.198 0.119 0.04 0.006 0.004 0.035 0.036 0.003 0.151 0.005 0.007 0.091 0.032 0.017 0.025 0.055 0.012 0.035 0.003 0.01 0.01 0.013 0.006 0.005 0.013 0.186 0.007 0.799 1 0.165 0.01 0.049 0.276 0.029 0.037 0.13 0.009 0.178 0.271 0.023 0.005 0.056 0.033 0.041 0.008 0.047 0.001 0.007 0.001 0.045 0.037 0.005 0.006 0.002 0.018 0.013 0.046 0.007 0.051 0.001 0.006 0.01 0.005 0.04 0.004 0.039 0.009 0.002 0.002
0.084 0.081 0.097 0.381 0.115 0.018 0.082 0.062 0.05 0.03 0.016 0.183 0.182 0.01 0.113 0.015 0.046 0.015 0.184 0.034 0.151 0.048 0.176 0.196 0.488 0.003 0.054 0.04 0.012 0.012 0.614 0.836 0.026 0.173 0.165 1 0.058 0.202 0.013 0.184 0.078 0.013 0.059 0 0.436 0.285 0.003 0.032 0.209 0.085 0 0.049 0.019 0.045 0.011 0.024 0.102 0.052 0.017 0.008 0.04 0.045 0.032 0.048 0.037 0.012 0.02 0.036 0.022 0.048 0.022 0.015 0.003 0.03 0.026
0.029 0.024 0.025 0.053 0.013 0.003 0.007 0.006 0.003 0.001 0.001 0.024 0.025 0.032 0.009 0.001 0.002 0.001 0.021 0.004 0.007 0.101 0.048 0.022 0.04 0.002 0.003 0.005 0.001 0.001 0.04 0.051 0.002 0.011 0.01 0.058 1 0.011 0.016 0.007 0.009 0.002 0.003 0.01 0.018 0.033 0.001 0.005 0 0.002 0.002 0.013 0.001 0.002 0.001 0.004 0.002 0.314 0.001 0.001 0.005 0 0.015 0.267 0.005 0.001 0.001 0.002 0.001 0.002 0.001 0.001 0.002 0.055 0.001
0.031 0.048 0.051 0.184 0.039 0.016 0.024 0.022 0.008 0.007 0.081 0.034 0.03 0.001 0.021 0.005 0.008 0.004 0.031 0.001 0.03 0.058 0.097 0.031 0.134 0.042 0.008 0.001 0.007 0.007 0.154 0.103 0.009 0.059 0.049 0.202 0.011 1 0.158 0.038 0.044 0.01 0.018 0.114 0.411 0.086 0.003 0.077 0.044 0.058 0.006 0.065 0.006 0.009 0.006 0.074 0.057 0.012 0.007 0.008 0.025 0.225 0.073 0.007 0.079 0.006 0.109 0.012 0.106 0.057 0.003 0.006 0.008 0.005 0.008
0.085 0.092 0.111 0 0.015 0.064 0.033 0.015 0.002 0.044 0.013 0.045 0.04 0.002 0.06 0.015 0.069 0.016 0.048 0.027 0.189 0.003 0.084 0.049 0.001 0.015 0.067 0.034 0.027 0.027 0.001 0.03 0.043 0.309 0.276 0.013 0.016 0.158 1 0.243 0.12 0.061 0.111 0.368 0.003 0.048 0 0.245 0.184 0.098 0.002 0.17 0.038 0.058 0.014 0.192 0.229 0.013 0.015 0.034 0.094 0.039 0.193 0.019 0.2 0.013 0.02 0.064 0.017 0.153 0.014 0.006 0.004 0.009 0.023
0 0.002 0.002 0.019 0.025 0.001 0.016 0.013 0.008 0.143 0.003 0.039 0.045 0.001 0.02 0.004 0.274 0.001 0.031 0.003 0.779 0.039 0.212 0.042 0.096 0.008 0.288 0.004 0.004 0.004 0.101 0.15 0.006 0.033 0.029 0.184 0.007 0.038 0.243 1 0.683 0.006 0.011 0.161 0.089 0.008 0.004 0.472 0.862 0.604 0.006 0.531 0.004 0.237 0.065 0.398 0.613 0.008 0.004 0.001 0.246 0.012 0.454 0.01 0.46 0.08 0.005 0.207 0.004 0.44 0.004 0.004 0.007 0.01 0.121
0.016 0.029 0.026 0.001 0.003 0.002 0.023 0.038 0.053 0.087 0.004 0.001 0.002 0.001 0.012 0.005 0.216 0.002 0 0.005 0.515 0.05 0.104 0 0.024 0.01 0.228 0.006 0.005 0.005 0.026 0.059 0.007 0.042 0.037 0.078 0.009 0.044 0.12 0.683 1 0.008 0.014 0.199 0.112 0.02 0.005 0.526 0.58 0.764 0.008 0.618 0.005 0.124 0.05 0.472 0.436 0.01 0.006 0 0.173 0.015 0.529 0.012 0.529 0.055 0.006 0.109 0.005 0.518 0.122 0.005 0.009 0.013 0.087
0.007 0.019 0.02 0.043 0.011 0.003 0.006 0.005 0.003 0.001 0.001 0.018 0.012 0.001 0.008 0.001 0.002 0.001 0.019 0.003 0.005 0.085 0.049 0.018 0.033 0.01 0.002 0.004 0.001 0.001 0.033 0.016 0.001 0.107 0.13 0.013 0.002 0.01 0.061 0.006 0.008 1 0.003 0.006 0.029 0.025 0.001 0.013 0.007 0.01 0.002 0.011 0.001 0.001 0.001 0.011 0.009 0 0.001 0.001 0.004 0.003 0.013 0 0.014 0.001 0.001 0.002 0.001 0.01 0 0.001 0.002 0.003 0.001
0.085 0.058 0.103 0.042 0.008 0.281 0.011 0.009 0.005 0 0.001 0.11 0.107 0 0.017 0.002 0.004 0.001 0.105 0.198 0.007 0.021 0.031 0.123 0.059 0.004 0.004 0.263 0.092 0.092 0.087 0.067 0.191 0.011 0.009 0.059 0.003 0.018 0.111 0.011 0.014 0.003 1 0.006 0.041 0.035 0.002 0.216 0.013 0.005 0.003 0.045 0.349 0.003 0.002 0.172 0.053 0.004 0.002 0.203 0.026 0.006 0.131 0.005 0.151 0.002 0.002 0.002 0.002 0.054 0.002 0.002 0.003 0.005 0.002
0.033 0.04 0.051 0.002 0.049 0.008 0.118 0.084 0.046 0.034 0.01 0.022 0.018 0.004 0.152 0.012 0.044 0.02 0.027 0.017 0.12 0.004 0.046 0.025 0.002 0.013 0.043 0.016 0.014 0.014 0.001 0.005 0.002 0.23 0.178 0 0.01 0.114 0.368 0.161 0.199 0.006 0.006 1 0.002 0.044 0.013 0.187 0.175 0.204 0.02 0.189 0 0.034 0.012 0.184 0.191 0.017 0.004 0.002 0.1 0.04 0.169 0.022 0.187 0.016 0.016 0.02 0.008 0.203 0.003 0.01 0.023 0.022 0.03
0.005 0.006 0.007 0.135 0.001 0.036 0.042 0.018 0.005 0.016 0.028 0 0 0.005 0.029 0.013 0.019 0.016 0 0.006 0.069 0.002 0.039 0 0.138 0.009 0.023 0.008 0.016 0.015 0.181 0.334 0.021 0.195 0.271 0.436 0.018 0.411 0.003 0.089 0.112 0.029 0.041 0.002 1 0.141 0.01 0.188 0.101 0.144 0.017 0.161 0.015 0.021 0.014 0.181 0.132 0.024 0.016 0.018 0.058 0.124 0.178 0.019 0.193 0.014 0.046 0.027 0.046 0.14 0.015 0.035 0.021 0.011 0.018
0.079 0.062 0.07 0.19 0.05 0.016 0.053 0.049 0.031 0.006 0.01 0.082 0.069 0.016 0.056 0.003 0.011 0.009 0.095 0.025 0.003 0.096 0.031 0.09 0.217 0.001 0.01 0.032 0.008 0.008 0.254 0.249 0.013 0.027 0.023 0.285 0.033 0.086 0.048 0.008 0.02 0.025 0.035 0.044 0.141 1 0.013 0.064 0.013 0.037 0.001 0.043 0.011 0.008 0.003 0.067 0.027 0.064 0.047 0.015 0.033 0.038 0.054 0.064 0.055 0.008 0.005 0 0.013 0.048 0.011 0.008 0 0.052 0.01
0.017 0.022 0.021 0.008 0.002 0.052 0.004 0.003 0.002 0.001 0.001 0.033 0.03 0 0.005 0.097 0.001 0 0.035 0.048 0.004 0.002 0.005 0.037 0.011 0.001 0.001 0.041 0.076 0.075 0.011 0.007 0.1 0.006 0.005 0.003 0.001 0.003 0 0.004 0.005 0.001 0.002 0.013 0.01 0.013 1 0.009 0.005 0.007 0.67 0.007 0.001 0.001 0.001 0.008 0.006 0.001 0.001 0.001 0.003 0 0.008 0.002 0.009 0.001 0 0.001 0.001 0.006 0.001 0.001 0.567 0.002 0.001
0.064 0.066 0.082 0.001 0.001 0.065 0 0.002 0.022 0.073 0.007 0.012 0.008 0.002 0.011 0.008 0.126 0.004 0.017 0.033 0.369 0.054 0.06 0.014 0.004 0.012 0.133 0.046 0.012 0.012 0.002 0.018 0.03 0.018 0.056 0.032 0.005 0.077 0.245 0.472 0.526 0.013 0.216 0.187 0.188 0.064 0.009 1 0.535 0.625 0.013 0.714 0.074 0.112 0.026 0.811 0.637 0.018 0.01 0.07 0.276 0.026 0.77 0.021 0.843 0.033 0.01 0.147 0.009 0.633 0.073 0.008 0.015 0.021 0.065
0 0.001 0 0.032 0.03 0.001 0.019 0.015 0.009 0.126 0.004 0.048 0.054 0.001 0.024 0.004 0.225 0.002 0.036 0.004 0.667 0.018 0.223 0.05 0.113 0.005 0.237 0.005 0.004 0.004 0.118 0.172 0.006 0.038 0.033 0.209 0 0.044 0.184 0.862 0.58 0.007 0.013 0.175 0.101 0.013 0.005 0.535 1 0.687 0.007 0.552 0.005 0.209 0.056 0.462 0.702 0.009 0.005 0 0.29 0.014 0.472 0.011 0.522 0.07 0.005 0.207 0.005 0.503 0.005 0.004 0.008 0.011 0.126
0.015 0.027 0.022 0.004 0.002 0.004 0.011 0.022 0.036 0.077 0.005 0.003 0.005 0.002 0.011 0.006 0.167 0.003 0 0.009 0.462 0.03 0.119 0.002 0.031 0.008 0.176 0.01 0.006 0.007 0.032 0.064 0.009 0.032 0.041 0.085 0.002 0.058 0.098 0.604 0.764 0.01 0.005 0.204 0.144 0.037 0.007 0.625 0.687 1 0.01 0.738 0.007 0.146 0.075 0.621 0.577 0.013 0.007 0 0.255 0.02 0.635 0.016 0.673 0.078 0.008 0.142 0.007 0.613 0.096 0.006 0.011 0.016 0.109
0.019 0.026 0.025 0.007 0.01 0.03 0.006 0.005 0.003 0.001 0 0.036 0.032 0.001 0.007 0.062 0.002 0.001 0.038 0.026 0.006 0 0.003 0.04 0.007 0.002 0.002 0.022 0.048 0.047 0.001 0 0.062 0.009 0.008 0 0.002 0.006 0.002 0.006 0.008 0.002 0.003 0.02 0.017 0.001 0.67 0.013 0.007 0.01 1 0.011 0.001 0.001 0.001 0.012 0.009 0.002 0.001 0.001 0.004 0 0.012 0.002 0.013 0.001 0.001 0.002 0.001 0.01 0.001 0.001 0.797 0.045 0.001
0.04 0.038 0.052 0 0.007 0.004 0.002 0.007 0.015 0.077 0.006 0.002 0.001 0 0.023 0.007 0.148 0.003 0.006 0 0.403 0.047 0.076 0.003 0.01 0.01 0.156 0 0.001 0.001 0.01 0.033 0 0.009 0.047 0.049 0.013 0.065 0.17 0.531 0.618 0.011 0.045 0.189 0.161 0.043 0.007 0.714 0.552 0.738 0.011 1 0.008 0.112 0.074 0.717 0.746 0.015 0.008 0 0.31 0.022 0.741 0.018 0.78 0.09 0.009 0.154 0.007 0.759 0.045 0.007 0.013 0.018 0.109
0.016 0.022 0.021 0.006 0.007 0.175 0.004 0.003 0.002 0 0.001 0.023 0.025 0 0.005 0.001 0.001 0 0.015 0.126 0.001 0.006 0.008 0.025 0.009 0.001 0.001 0.231 0.067 0.066 0.029 0.022 0.175 0.006 0.001 0.019 0.001 0.006 0.038 0.004 0.005 0.001 0.349 0 0.015 0.011 0.001 0.074 0.005 0.007 0.001 0.008 1 0.001 0.001 0.077 0.006 0.001 0.001 0.567 0.003 0.002 0.065 0.001 0.053 0.001 0.001 0.001 0.001 0.007 0.001 0.001 0.001 0.002 0.001
0.044 0.055 0.053 0.022 0.006 0.002 0.005 0.005 0.002 0.002 0.001 0.017 0.014 0.001 0.007 0.001 0.002 0.001 0.017 0.003 0.218 0.011 0.06 0.017 0.032 0.002 0.002 0.004 0.001 0.001 0.03 0.039 0.001 0.009 0.007 0.045 0.002 0.009 0.058 0.237 0.124 0.001 0.003 0.034 0.021 0.008 0.001 0.112 0.209 0.146 0.001 0.112 0.001 1 0.002 0.102 0.111 0.002 0.001 0.001 0.004 0.003 0.09 0.002 0.109 0.002 0.001 0.254 0.001 0.036 0.001 0.001 0.002 0.002 0.001
0.01 0.008 0.008 0.012 0.005 0 0.002 0.001 0.002 0.309 0 0.01 0.011 0.001 0.005 0.001 0 0 0.012 0.002 0.059 0.001 0.023 0.011 0.013 0.001 0 0.002 0.001 0.001 0.012 0.009 0.001 0.001 0.001 0.011 0.001 0.006 0.014 0.065 0.05 0.001 0.002 0.012 0.014 0.003 0.001 0.026 0.056 0.075 0.001 0.074 0.001 0.002 1 0.065 0.09 0.001 0.001 0.001 0.003 0.002 0.06 0.002 0.061 0.433 0.001 0 0.001 0.042 0.001 0.001 0.001 0.002 0.458
0.059 0.059 0.075 0.002 0.002 0.043 0.001 0.004 0.01 0.072 0.006 0.011 0.006 0.001 0.015 0.008 0.077 0.004 0.014 0.018 0.313 0.042 0.056 0.012 0.004 0.012 0.082 0.029 0.005 0.005 0.001 0.013 0.025 0.012 0.045 0.024 0.004 0.074 0.192 0.398 0.472 0.011 0.172 0.184 0.181 0.067 0.008 0.811 0.462 0.621 0.012 0.717 0.077 0.102 0.065 1 0.619 0.017 0.009 0.073 0.243 0.025 0.843 0.02 0.905 0.079 0.01 0.139 0.008 0.666 0.082 0.007 0.014 0.02 0.096
0.007 0.004 0.011 0.009 0.005 0.008 0.027 0.021 0.013 0.094 0.005 0.006 0.009 0.001 0.001 0.006 0.182 0.002 0.002 0.001 0.465 0.024 0.131 0.006 0.042 0.008 0.191 0.001 0 0 0.044 0.076 0.001 0.005 0.037 0.102 0.002 0.057 0.229 0.613 0.436 0.009 0.053 0.191 0.132 0.027 0.006 0.637 0.702 0.577 0.009 0.746 0.006 0.111 0.09 0.619 1 0.012 0.007 0 0.383 0.018 0.592 0.015 0.687 0.109 0.007 0.16 0.006 0.735 0.006 0.005 0.01 0.015 0.132
0.017 0.012 0.013 0.037 0.006 0.003 0.001 0 0.003 0.002 0.001 0.008 0.009 0.028 0.003 0.001 0.003 0.001 0.013 0.004 0.008 0.068 0.023 0.013 0.03 0.003 0.003 0.005 0.001 0.002 0.041 0.045 0.002 0.007 0.005 0.052 0.314 0.012 0.013 0.008 0.01 0 0.004 0.017 0.024 0.064 0.001 0.018 0.009 0.013 0.002 0.015 0.001 0.002 0.001 0.017 0.012 1 0.002 0.002 0.005 0.004 0.017 0.845 0.018 0.001 0.002 0.003 0.001 0.013 0.001 0.001 0.002 0.229 0.002
0.011 0.013 0.008 0.022 0.004 0.002 0.004 0.004 0.002 0.001 0.001 0.005 0.005 0 0.006 0.001 0.001 0.001 0.008 0.002 0.004 0.002 0 0.008 0.018 0.023 0.002 0.003 0.001 0.001 0.024 0.031 0.001 0.007 0.006 0.017 0.001 0.007 0.015 0.004 0.006 0.001 0.002 0.004 0.016 0.047 0.001 0.01 0.005 0.007 0.001 0.008 0.001 0.001 0.001 0.009 0.007 0.002 1 0.001 0.003 0.002 0.009 0.002 0.01 0.001 0.001 0.001 0.001 0.007 0.001 0.001 0.001 0.002 0.001
0.018 0.025 0.024 0.003 0.008 0.21 0.005 0.004 0.002 0 0.001 0.04 0.042 0 0.006 0.001 0.002 0.001 0.03 0.151 0.002 0.009 0.012 0.031 0.019 0.002 0.002 0.23 0.055 0.054 0.038 0.01 0.132 0.007 0.002 0.008 0.001 0.008 0.034 0.001 0 0.001 0.203 0.002 0.018 0.015 0.001 0.07 0 0 0.001 0 0.567 0.001 0.001 0.073 0 0.002 0.001 1 0 0.002 0.062 0.002 0.05 0.001 0.001 0.015 0.001 0 0.001 0.001 0.001 0.002 0.001
0.004 0.011 0.002 0.02 0 0.005 0.013 0.01 0.007 0.01 0.002 0.002 0.003 0 0.002 0.002 0.343 0 0 0.007 0.221 0.01 0.066 0.003 0.017 0.002 0.363 0.008 0.003 0.003 0.021 0.028 0.002 0 0.018 0.04 0.005 0.025 0.094 0.246 0.173 0.004 0.026 0.1 0.058 0.033 0.003 0.276 0.29 0.255 0.004 0.31 0.003 0.004 0.003 0.243 0.383 0.005 0.003 0 1 0.008 0.285 0.006 0.273 0.003 0.003 0.001 0.003 0.333 0.003 0.002 0.005 0.007 0
0.017 0.029 0.031 0.037 0.018 0.001 0.009 0.007 0.005 0.002 0.002 0.029 0.031 0.001 0.013 0.002 0.004 0.001 0.027 0.002 0.011 0.009 0.021 0.026 0.001 0.178 0.004 0.003 0 0 0.001 0 0 0.016 0.013 0.045 0 0.225 0.039 0.012 0.015 0.003 0.006 0.04 0.124 0.038 0 0.026 0.014 0.02 0 0.022 0.002 0.003 0.002 0.025 0.018 0.004 0.002 0.002 0.008 1 0.024 0 0.026 0.002 0.002 0.004 0.002 0.019 0.002 0.002 0 0.005 0.002
0.044 0.047 0.059 0 0.002 0.027 0.001 0.004 0.011 0.071 0.006 0.006 0.004 0.001 0.014 0.008 0.133 0.004 0.009 0.009 0.382 0.046 0.054 0.007 0.007 0.011 0.14 0.018 0.002 0.002 0.003 0.019 0.015 0.014 0.046 0.032 0.015 0.073 0.193 0.454 0.529 0.013 0.131 0.169 0.178 0.054 0.008 0.77 0.472 0.635 0.012 0.741 0.065 0.09 0.06 0.843 0.592 0.017 0.009 0.062 0.285 0.024 1 0.02 0.897 0.081 0.01 0.155 0.008 0.635 0.077 0.007 0.014 0.012 0.091
0.022 0.017 0.018 0.035 0.008 0.004 0.002 0.001 0.004 0.002 0.001 0.012 0.014 0.023 0.004 0.002 0.003 0.001 0.017 0.005 0.009 0.075 0.025 0.017 0.027 0.003 0.003 0.006 0.002 0.002 0.036 0.041 0.002 0.002 0.007 0.048 0.267 0.007 0.019 0.01 0.012 0 0.005 0.022 0.019 0.064 0.002 0.021 0.011 0.016 0.002 0.018 0.001 0.002 0.002 0.02 0.015 0.845 0.002 0.002 0.006 0 0.02 1 0.021 0.002 0.002 0.003 0.002 0.016 0.002 0.001 0.003 0.27 0.002
0.048 0.05 0.064 0 0.001 0.034 0 0.003 0.009 0.071 0.007 0.006 0.003 0.001 0.012 0.008 0.123 0.004 0.009 0.013 0.388 0.04 0.063 0.007 0.008 0.013 0.129 0.022 0.001 0.001 0.004 0.022 0.029 0.016 0.051 0.037 0.005 0.079 0.2 0.46 0.529 0.014 0.151 0.187 0.193 0.055 0.009 0.843 0.522 0.673 0.013 0.78 0.053 0.109 0.061 0.905 0.687 0.018 0.01 0.05 0.273 0.026 0.897 0.021 1 0.075 0.01 0.144 0.009 0.729 0.071 0.008 0.015 0.013 0.091
0.002 0.001 0.001 0.003 0.003 0 0.001 0 0 0.109 0.001 0.008 0.009 0.001 0.003 0.001 0 0 0.009 0.002 0.065 0.001 0.021 0.009 0.011 0.001 0 0.002 0.001 0.001 0.01 0.008 0.001 0.001 0.001 0.012 0.001 0.006 0.013 0.08 0.055 0.001 0.002 0.016 0.014 0.008 0.001 0.033 0.07 0.078 0.001 0.09 0.001 0.002 0.433 0.079 0.109 0.001 0.001 0.001 0.003 0.002 0.081 0.002 0.075 1 0.001 0.001 0.001 0.056 0.001 0.001 0.001 0.002 0.53
0.003 0.007 0.007 0.022 0.004 0.002 0.001 0.001 0 0.001 0.001 0.007 0.003 0 0.002 0 0.002 0.001 0.006 0.001 0.004 0.005 0.011 0.006 0.029 0.002 0.002 0.001 0.001 0.001 0.031 0.023 0.001 0.007 0.006 0.02 0.001 0.109 0.02 0.005 0.006 0.001 0.002 0.016 0.046 0.005 0 0.01 0.005 0.008 0.001 0.009 0.001 0.001 0.001 0.01 0.007 0.002 0.001 0.001 0.003 0.002 0.01 0.002 0.01 0.001 1 0.001 0.001 0.008 0.001 0.001 0.001 0.002 0.001
0.053 0.059 0.055 0.008 0.003 0.017 0.007 0.006 0.003 0 0.001 0.001 0.001 0.001 0.006 0.001 0.002 0.001 0.002 0.01 0.106 0.014 0.018 0.001 0.01 0.003 0.003 0.009 0.006 0.006 0.008 0.031 0.002 0.008 0.01 0.036 0.002 0.012 0.064 0.207 0.109 0.002 0.002 0.02 0.027 0 0.001 0.147 0.207 0.142 0.002 0.154 0.001 0.254 0 0.139 0.16 0.003 0.001 0.015 0.001 0.004 0.155 0.003 0.144 0.001 0.001 1 0.001 0.099 0.001 0.001 0.002 0.003 0.001
0.007 0.013 0.013 0.017 0.007 0.002 0.004 0.003 0.002 0.001 0.001 0.013 0.007 0 0.005 0.001 0.001 0 0.012 0.002 0 0.008 0.007 0.012 0.022 0.001 0 0.003 0.001 0.001 0.032 0.024 0.001 0.006 0.005 0.022 0.001 0.106 0.017 0.004 0.005 0.001 0.002 0.008 0.046 0.013 0.001 0.009 0.005 0.007 0.001 0.007 0.001 0.001 0.001 0.008 0.006 0.001 0.001 0.001 0.003 0.002 0.008 0.002 0.009 0.001 0.001 0.001 1 0.006 0.001 0.001 0.001 0.002 0.001
0.019 0.018 0.029 0.002 0.005 0.006 0 0.003 0.004 0.063 0.005 0.002 0.001 0 0.018 0.006 0.17 0.003 0.005 0.001 0.315 0.031 0.067 0.003 0.011 0.008 0.179 0 0 0 0.011 0.033 0.001 0.005 0.04 0.048 0.002 0.057 0.153 0.44 0.518 0.01 0.054 0.203 0.14 0.048 0.006 0.633 0.503 0.613 0.01 0.759 0.007 0.036 0.042 0.666 0.735 0.013 0.007 0 0.333 0.019 0.635 0.016 0.729 0.056 0.008 0.099 0.006 1 0.042 0.006 0.011 0.016 0.099
0.039 0.048 0.046 0.021 0.079 0.002 0.164 0.201 0.363 0.001 0.001 0.053 0.049 0 0.126 0.001 0.001 0 0.051 0.002 0.004 0.006 0.011 0.053 0.027 0.001 0.001 0.003 0.001 0.001 0.028 0.019 0.001 0.005 0.004 0.022 0.001 0.003 0.014 0.004 0.122 0 0.002 0.003 0.015 0.011 0.001 0.073 0.005 0.096 0.001 0.045 0.001 0.001 0.001 0.082 0.006 0.001 0.001 0.001 0.003 0.002 0.077 0.002 0.071 0.001 0.001 0.001 0.001 0.042 1 0.001 0.001 0.002 0.001
0.007 0.005 0.005 0.002 0.003 0.001 0.001 0.001 0.002 0.001 0 0.002 0.002 0 0.005 0.001 0 0.247 0.007 0.002 0.003 0.01 0.003 0.006 0.001 0.001 0.001 0.002 0.001 0.001 0 0.018 0.001 0.031 0.039 0.015 0.001 0.006 0.006 0.004 0.005 0.001 0.002 0.01 0.035 0.008 0.001 0.008 0.004 0.006 0.001 0.007 0.001 0.001 0.001 0.007 0.005 0.001 0.001 0.001 0.002 0.002 0.007 0.001 0.008 0.001 0.001 0.001 0.001 0.006 0.001 1 0.001 0.001 0.001
0.017 0.023 0.022 0.005 0.006 0.038 0.007 0.005 0.003 0.001 0 0.032 0.029 0.001 0.009 0.053 0.002 0.001 0.035 0.032 0.006 0 0.001 0.037 0.005 0.002 0.002 0.027 0.067 0.066 0 0.001 0.053 0.011 0.009 0.003 0.002 0.008 0.004 0.007 0.009 0.002 0.003 0.023 0.021 0 0.567 0.015 0.008 0.011 0.797 0.013 0.001 0.002 0.001 0.014 0.01 0.002 0.001 0.001 0.005 0 0.014 0.003 0.015 0.001 0.001 0.002 0.001 0.011 0.001 0.001 1 0.041 0.001
0.01 0.006 0.006 0.025 0.002 0.001 0.008 0.007 0.004 0.002 0 0.002 0.003 0.023 0.011 0.002 0.003 0.001 0.004 0 0.003 0.05 0.01 0.004 0.016 0.003 0.003 0.001 0.001 0.001 0.029 0.025 0 0 0.002 0.03 0.055 0.005 0.009 0.01 0.013 0.003 0.005 0.022 0.011 0.052 0.002 0.021 0.011 0.016 0.045 0.018 0.002 0.002 0.002 0.02 0.015 0.229 0.002 0.002 0.007 0.005 0.012 0.27 0.013 0.002 0.002 0.003 0.002 0.016 0.002 0.001 0.041 1 0.002
0.001 0 0.001 0.007 0.004 0 0.001 0.001 0.001 0.178 0.001 0.01 0.011 0 0.004 0.001 0 0 0.011 0.002 0.103 0 0.042 0.011 0.022 0.002 0 0.002 0 0 0.021 0.019 0.001 0.001 0.002 0.026 0.001 0.008 0.023 0.121 0.087 0.001 0.002 0.03 0.018 0.01 0.001 0.065 0.126 0.109 0.001 0.109 0.001 0.001 0.458 0.096 0.132 0.002 0.001 0.001 0 0.002 0.091 0.002 0.091 0.53 0.001 0.001 0.001 0.099 0.001 0.001 0.001 0.002 1
