1 0.803 0.825 0.518 0.382 0.141 0.242 0.183 0.099 0.031 0.036 0.545 0.52 0.005 0.246 0.045 0.035 0.009 0.608 0.18 0.015 0.173 0.197 0.618 0.378 0.002 0.041 0.165 0.08 0.074 0.282 0.146 0.049 0.046 0.026 0.145 0.038 0.003 0.055 0.013 0.003 0.018 0.083 0.017 0.018 0.061 0.015 0.006 0.021 0.006 0.017 0 0.019 0.034 0.014 0.002 0.002 0.023 0 0.028 0.013 0.001 0.001 0.028 0.003 0.004 0.001 0.019 0.002 0.001 0.001 0.002 0.017 0.002 0.011
0.803 1 0.949 0.449 0.413 0.176 0.301 0.229 0.123 0.025 0.045 0.638 0.613 0.003 0.297 0.057 0.028 0.007 0.695 0.224 0.007 0.142 0.147 0.705 0.335 0.019 0.033 0.206 0.1 0.094 0.269 0.143 0.063 0.07 0.046 0.124 0.03 0.036 0.102 0.006 0 0.017 0.097 0.04 0.004 0.048 0.02 0.016 0.012 0.001 0.024 0.001 0.026 0.044 0.011 0.008 0 0.018 0.005 0.037 0.009 0.026 0.006 0.022 0.01 0.002 0.006 0.026 0.009 0 0.003 0.004 0.024 0 0.007
0.825 0.949 1 0.465 0.456 0.169 0.288 0.219 0.118 0.026 0.043 0.668 0.642 0.004 0.294 0.054 0.03 0.007 0.73 0.215 0.008 0.143 0.152 0.742 0.362 0.019 0.035 0.197 0.095 0.089 0.262 0.137 0.06 0.068 0.041 0.118 0.032 0.035 0.094 0.007 0.001 0.018 0.1 0.036 0.003 0.04 0.019 0.015 0.013 0.002 0.022 0.001 0.025 0.042 0.011 0.007 0 0.019 0 0.035 0.008 0.027 0.005 0.023 0.009 0.003 0.006 0.025 0.01 0 0.003 0.003 0.022 0.001 0.008
0.518 0.449 0.465 1 0.236 0.061 0.148 0.11 0.06 0.051 0.021 0.299 0.29 0.01 0.152 0.033 0.058 0.015 0.347 0.083 0.035 0.311 0.379 0.364 0.644 0.001 0.044 0.074 0.049 0.042 0.554 0.314 0.021 0.007 0.002 0.365 0.063 0.187 0 0.042 0.024 0.038 0.046 0.002 0.193 0.149 0.01 0.004 0.061 0.035 0.011 0.012 0.008 0.018 0.012 0.01 0.029 0.04 0.002 0.006 0.024 0.041 0.007 0.048 0.008 0.005 0.026 0.002 0.014 0.019 0 0.002 0.006 0.004 0.014
0.382 0.413 0.456 0.236 1 0.019 0.579 0.455 0.232 0.012 0.006 0.461 0.444 0.004 0.606 0.121 0.014 0.004 0.506 0.025 0.038 0.079 0.149 0.54 0.284 0.009 0.016 0.024 0.011 0.012 0.238 0.169 0.01 0.248 0.173 0.148 0.014 0.04 0.043 0.038 0.011 0.011 0.001 0.087 0.049 0.036 0 0.011 0.045 0.01 0.001 0.008 0.008 0.006 0.007 0.015 0.024 0.008 0.001 0.007 0.007 0.01 0.014 0.01 0.015 0.004 0.004 0.007 0.005 0.008 0.007 0.014 0 0.005 0.008
0.141 0.176 0.169 0.061 0.019 1 0.012 0.009 0.005 0.004 0.002 0.17 0.164 0.001 0.012 0.003 0.005 0.001 0.176 0.697 0.015 0.022 0.048 0.186 0.098 0.003 0.006 0.726 0.563 0.564 0.051 0.019 0.379 0.022 0.019 0.016 0.006 0.017 0.039 0.007 0.008 0.003 0.321 0.027 0.044 0.011 0.06 0.046 0.009 0.013 0.049 0 0.192 0.003 0 0.03 0.001 0.004 0.003 0.235 0.002 0.006 0.02 0.005 0.037 0 0.003 0.001 0.002 0 0.002 0.001 0.06 0.006 0
0.242 0.301 0.288 0.148 0.579 0.012 1 0.773 0.409 0.007 0.004 0.285 0.275 0.003 0.744 0.004 0.009 0.002 0.31 0.015 0.023 0.048 0.089 0.328 0.176 0.006 0.009 0.015 0.007 0.008 0.183 0.123 0.006 0.305 0.309 0.118 0.009 0.02 0.085 0.023 0.001 0.007 0.009 0.161 0.14 0.045 0.004 0.01 0.027 0.004 0.004 0.008 0.005 0.003 0.004 0.015 0.033 0.004 0.004 0.004 0.018 0.004 0.014 0.005 0.015 0.002 0.002 0.005 0.003 0.01 0.029 0.026 0.005 0.006 0.005
0.183 0.229 0.219 0.11 0.455 0.009 0.773 1 0.503 0.006 0.003 0.216 0.208 0.002 0.611 0.004 0.007 0.002 0.233 0.013 0.018 0.032 0.063 0.246 0.13 0.005 0.008 0.012 0.005 0.006 0.134 0.087 0.005 0.202 0.199 0.085 0.008 0.015 0.051 0.018 0 0.006 0.008 0.12 0.089 0.032 0.003 0.004 0.021 0.001 0.003 0.004 0.004 0.003 0.003 0.008 0.026 0.003 0.004 0.003 0.014 0.003 0.008 0.004 0.008 0.001 0.001 0.004 0.002 0.005 0.038 0.004 0.004 0.001 0.004
0.099 0.123 0.118 0.06 0.232 0.005 0.409 0.503 1 0.003 0.002 0.119 0.115 0.001 0.383 0.002 0.003 0.001 0.131 0.006 0.009 0.021 0.039 0.136 0.074 0.002 0.003 0.006 0.003 0.003 0.079 0.049 0.002 0.09 0.073 0.052 0.004 0.004 0.02 0.009 0.001 0.003 0.004 0.07 0.041 0.025 0.001 0 0.011 0 0.002 0 0.002 0.001 0.002 0.002 0.013 0.003 0.002 0.002 0.007 0.004 0.002 0.003 0.002 0.001 0 0.002 0.001 0.001 0.029 0.001 0.002 0.002 0.003
0.031 0.025 0.026 0.051 0.012 0.004 0.007 0.006 0.003 1 0.001 0.017 0.015 0.001 0.008 0.002 0.003 0.001 0.008 0.006 0.249 0.02 0.061 0.021 0.039 0.002 0.004 0.006 0.002 0.003 0.033 0.045 0 0.014 0.013 0.05 0.004 0.011 0.067 0.22 0.175 0.003 0.001 0.047 0.029 0.011 0.001 0.123 0.19 0.133 0.002 0.138 0 0.003 0.302 0.104 0.157 0.002 0.002 0 0 0.004 0.121 0.002 0.125 0.071 0.002 0.031 0.001 0.122 0.001 0.001 0.002 0.002 0.256
0.036 0.045 0.043 0.021 0.006 0.002 0.004 0.003 0.002 0.001 1 0.044 0.042 0.001 0.004 0.001 0 0 0.05 0.203 0.002 0.01 0.013 0.022 0.008 0.001 0 0.111 0.001 0.001 0.009 0.005 0.001 0.007 0.006 0.004 0.002 0.049 0.014 0.001 0.002 0.001 0.002 0.012 0.012 0.001 0.003 0.005 0.002 0.003 0.002 0.004 0.001 0.001 0.001 0.005 0.003 0.001 0.001 0.001 0.002 0.002 0.004 0.002 0.005 0 0.005 0.001 0.001 0.003 0.001 0 0.002 0 0
0.545 0.638 0.668 0.299 0.461 0.17 0.285 0.216 0.119 0.017 0.044 1 0.951 0.004 0.301 0.066 0.021 0.002 0.78 0.216 0.068 0.091 0.199 0.792 0.373 0.018 0.026 0.205 0.096 0.114 0.284 0.239 0.066 0.147 0.104 0.214 0.032 0.032 0.084 0.058 0.031 0 0.107 0.013 0.01 0.042 0.028 0 0.07 0.034 0.031 0.011 0.029 0.011 0.013 0.001 0.024 0.016 0.001 0.043 0.011 0.023 0.003 0.02 0.001 0.006 0.005 0.004 0.01 0.011 0.056 0.009 0.03 0 0.015
0.52 0.613 0.642 0.29 0.444 0.164 0.275 0.208 0.115 0.015 0.042 0.951 1 0.004 0.291 0.063 0.022 0.002 0.765 0.22 0.067 0.091 0.199 0.778 0.369 0.013 0.027 0.198 0.093 0.11 0.279 0.238 0.07 0.148 0.107 0.216 0.033 0.031 0.083 0.061 0.033 0 0.109 0.014 0.011 0.038 0.026 0 0.074 0.037 0.029 0.013 0.032 0.012 0.014 0 0.026 0.017 0 0.047 0.013 0.026 0.004 0.021 0.001 0.007 0.006 0.005 0.005 0.013 0.054 0.009 0.029 0 0.016
0.005 0.003 0.004 0.01 0.004 0.001 0.003 0.002 0.001 0.001 0.001 0.004 0.004 1 0.003 0.001 0 0 0.008 0.002 0.002 0.048 0.027 0.008 0.005 0.001 0.001 0.002 0.001 0.001 0.013 0.018 0.001 0.005 0.005 0.02 0 0.004 0.001 0.003 0.003 0.001 0.001 0.009 0.01 0.035 0 0.006 0.003 0.004 0.001 0.001 0.001 0.001 0.003 0.001 0 0 0.001 0.001 0.002 0.001 0.001 0 0.001 0.007 0.001 0.001 0 0.001 0.001 0 0.001 0 0.003
0.246 0.297 0.294 0.152 0.606 0.012 0.744 0.611 0.383 0.008 0.004 0.301 0.291 0.003 1 0.005 0.009 0.002 0.338 0.017 0.026 0.052 0.099 0.358 0.193 0.006 0.01 0.016 0.007 0.008 0.195 0.135 0.006 0.333 0.225 0.128 0.009 0.02 0.093 0.025 0.001 0.007 0.006 0.161 0.093 0.048 0.004 0 0.03 0 0.004 0 0.005 0.004 0.006 0.001 0.01 0.005 0.005 0.005 0.001 0.005 0.001 0.006 0.001 0.004 0.002 0.005 0.003 0 0.026 0.003 0.005 0.007 0.007
0.045 0.057 0.054 0.033 0.121 0.003 0.004 0.004 0.002 0.002 0.001 0.066 0.063 0.001 0.005 1 0.002 0.001 0.074 0.004 0.006 0.012 0.022 0.08 0.043 0.001 0.002 0.003 0.001 0.002 0.047 0.034 0.001 0.009 0.008 0.03 0.002 0.007 0.025 0.006 0.007 0.002 0.002 0.018 0.012 0.002 0.017 0.011 0.007 0.009 0.014 0.01 0.001 0.001 0.001 0.011 0.008 0.002 0.001 0.001 0.004 0.002 0.011 0.002 0.011 0.001 0.001 0.001 0.001 0.009 0.001 0.001 0.011 0.002 0.001
0.035 0.028 0.03 0.058 0.014 0.005 0.009 0.007 0.003 0.003 0 0.021 0.022 0 0.009 0.002 1 0.001 0.026 0.007 0.329 0.022 0.086 0.024 0.044 0.002 0.819 0.006 0.003 0.003 0.034 0.042 0.003 0.016 0.014 0.053 0.004 0.008 0.064 0.276 0.253 0.003 0.004 0.046 0.026 0.018 0.002 0.146 0.209 0.189 0.002 0.175 0.002 0.002 0.001 0.108 0.171 0.003 0.002 0.002 0.378 0.004 0.155 0.004 0.149 0 0.002 0.002 0.001 0.184 0.002 0.001 0.002 0.003 0.001
0.009 0.007 0.007 0.015 0.004 0.001 0.002 0.002 0.001 0.001 0 0.002 0.002 0 0.002 0.001 0.001 1 0.007 0.002 0.003 0.043 0.022 0.006 0.012 0.001 0.001 0.002 0.001 0.001 0.011 0.017 0.001 0.058 0.067 0.015 0.001 0.003 0.014 0 0 0.001 0.001 0.021 0.011 0.008 0 0.001 0 0 0 0.001 0.001 0.001 0.001 0.001 0 0.001 0 0.001 0 0.001 0.001 0.001 0.001 0 0.001 0.001 0 0 0 0.083 0.001 0.001 0.001
0.608 0.695 0.73 0.347 0.506 0.176 0.31 0.233 0.131 0.008 0.05 0.78 0.765 0.008 0.338 0.074 0.026 0.007 1 0.257 0.057 0.148 0.257 0.921 0.462 0.017 0.028 0.22 0.109 0.103 0.341 0.199 0.066 0.092 0.059 0.178 0.023 0.029 0.063 0.047 0.019 0.02 0.112 0.019 0.01 0.063 0.032 0.001 0.057 0.023 0.036 0.006 0.027 0.013 0.017 0.001 0.018 0.016 0.001 0.04 0.011 0.023 0.001 0.02 0 0.011 0.005 0 0.009 0.007 0.004 0.004 0.035 0 0.019
0.18 0.224 0.215 0.083 0.025 0.697 0.015 0.013 0.006 0.006 0.203 0.216 0.22 0.002 0.017 0.004 0.007 0.002 0.257 1 0.02 0.039 0.076 0.229 0.118 0.004 0.008 0.875 0.423 0.421 0.066 0.028 0.282 0.03 0.026 0.024 0.007 0 0.012 0.012 0.013 0.004 0.234 0.042 0.015 0.012 0.061 0.021 0.015 0.02 0.05 0.002 0.141 0.003 0.004 0.009 0.001 0.005 0.003 0.174 0.005 0.008 0.004 0.006 0.012 0.003 0 0 0.002 0.002 0.002 0.002 0.058 0.007 0.005
0.015 0.007 0.008 0.035 0.038 0.015 0.023 0.018 0.009 0.249 0.002 0.068 0.067 0.002 0.026 0.006 0.329 0.003 0.057 0.02 1 0.063 0.254 0.073 0.128 0.007 0.378 0.019 0.009 0.01 0.104 0.14 0.002 0.05 0.044 0.163 0.012 0.033 0.203 0.816 0.692 0.005 0.005 0.138 0.086 0.026 0.005 0.459 0.672 0.537 0.005 0.502 0.001 0.166 0.061 0.34 0.486 0.008 0.005 0.001 0.253 0.013 0.481 0.01 0.425 0.042 0.007 0.128 0 0.458 0.005 0.003 0.006 0.005 0.109
0.173 0.142 0.143 0.311 0.079 0.022 0.048 0.032 0.021 0.02 0.01 0.091 0.091 0.048 0.052 0.012 0.022 0.043 0.148 0.039 0.063 1 0.446 0.147 0.238 0.014 0.024 0.038 0.017 0.02 0.216 0.036 0.015 0.026 0.037 0.048 0.113 0.066 0.017 0.058 0.064 0.111 0.024 0.013 0.02 0.123 0.003 0.052 0.018 0.019 0.003 0.036 0.005 0.012 0.003 0.018 0.021 0.078 0.002 0.012 0.006 0.011 0.043 0.103 0.039 0 0.006 0.013 0.007 0.026 0.009 0 0 0.014 0.002
0.197 0.147 0.152 0.379 0.149 0.048 0.089 0.063 0.039 0.061 0.013 0.199 0.199 0.027 0.099 0.022 0.086 0.022 0.257 0.076 0.254 0.446 1 0.279 0.465 0.028 0.103 0.073 0.033 0.039 0.404 0.178 0.018 0 0.001 0.22 0.043 0.125 0.059 0.218 0.163 0.063 0.035 0.039 0.105 0.026 0.009 0.099 0.255 0.191 0.009 0.139 0.006 0.043 0.019 0.11 0.162 0.018 0.007 0.012 0.1 0.03 0.109 0.028 0.097 0.022 0.016 0.027 0.008 0.14 0.001 0 0.004 0 0.045
0.618 0.705 0.742 0.364 0.54 0.186 0.328 0.246 0.136 0.021 0.022 0.792 0.778 0.008 0.358 0.08 0.024 0.006 0.921 0.229 0.073 0.147 0.279 1 0.518 0.016 0.028 0.244 0.117 0.112 0.384 0.237 0.076 0.106 0.069 0.215 0.026 0.026 0.066 0.061 0.027 0.018 0.126 0.018 0.016 0.072 0.035 0 0.072 0.031 0.039 0.01 0.033 0.012 0.016 0.001 0.025 0.019 0 0.048 0.012 0.021 0.002 0.023 0.001 0.01 0.005 0.004 0.008 0.011 0.005 0.005 0.039 0 0.018
0.378 0.335 0.362 0.644 0.284 0.098 0.176 0.13 0.074 0.039 0.008 0.373 0.369 0.005 0.193 0.043 0.044 0.012 0.462 0.118 0.128 0.238 0.465 0.518 1 0.029 0.054 0.13 0.064 0.057 0.807 0.531 0.038 0.028 0.014 0.48 0.047 0.154 0 0.123 0.078 0.029 0.063 0.003 0.22 0.171 0.015 0.024 0.143 0.086 0.013 0.056 0.013 0.023 0.022 0.036 0.079 0.034 0.004 0.022 0.042 0.006 0.04 0.04 0.032 0.012 0.037 0.012 0.019 0.06 0 0.003 0.009 0 0.033
0.002 0.019 0.019 0.001 0.009 0.003 0.006 0.005 0.002 0.002 0.001 0.018 0.013 0.001 0.006 0.001 0.002 0.001 0.017 0.004 0.007 0.014 0.028 0.016 0.029 1 0.003 0.004 0.002 0.002 0.027 0.037 0.002 0.011 0.009 0.003 0.003 0.041 0.028 0.008 0.008 0.001 0.003 0.014 0.008 0 0.001 0.012 0.007 0.008 0.001 0.009 0.001 0.001 0.002 0.011 0.008 0.002 0.104 0.001 0.003 0.133 0.01 0.002 0.011 0.001 0.002 0.001 0.001 0.008 0.001 0.001 0.001 0.002 0.002
0.041 0.033 0.035 0.044 0.016 0.006 0.009 0.008 0.003 0.004 0 0.026 0.027 0.001 0.01 0.002 0.819 0.001 0.028 0.008 0.378 0.024 0.103 0.028 0.054 0.003 1 0.008 0.003 0.004 0.043 0.054 0.003 0.02 0.018 0.067 0.005 0.01 0.075 0.33 0.302 0.004 0.005 0.037 0.033 0.021 0.002 0.174 0.254 0.225 0.002 0.208 0.003 0.002 0.002 0.092 0.156 0.004 0.002 0.002 0.456 0.005 0.184 0.004 0.131 0 0.003 0.003 0 0.219 0.002 0.001 0.003 0.003 0.001
0.165 0.206 0.197 0.074 0.024 0.726 0.015 0.012 0.006 0.006 0.111 0.205 0.198 0.002 0.016 0.003 0.006 0.002 0.22 0.875 0.019 0.038 0.073 0.244 0.13 0.004 0.008 1 0.448 0.447 0.087 0.044 0.334 0.028 0.022 0.038 0.007 0 0.022 0.011 0.012 0.004 0.296 0.034 0.013 0.025 0.066 0.034 0.013 0.019 0.054 0.001 0.2 0.003 0.004 0.017 0 0.005 0.003 0.232 0.004 0.008 0.01 0.006 0.021 0.003 0 0.001 0.002 0.002 0.002 0.002 0.062 0.008 0.005
0.08 0.1 0.095 0.049 0.011 0.563 0.007 0.005 0.003 0.002 0.001 0.096 0.093 0.001 0.007 0.001 0.003 0.001 0.109 0.423 0.009 0.017 0.033 0.117 0.064 0.002 0.003 0.448 1 0.845 0.016 0.009 0.15 0.013 0.011 0.007 0.003 0.01 0.013 0.009 0.01 0.002 0.127 0.026 0.025 0.004 0.055 0.009 0.01 0.013 0.045 0.013 0.169 0.001 0.002 0.004 0.011 0.002 0.001 0.177 0.006 0.004 0.002 0.003 0.003 0.001 0.002 0.001 0.001 0.012 0.001 0.001 0.064 0.008 0.002
0.074 0.094 0.089 0.042 0.012 0.564 0.008 0.006 0.003 0.003 0.001 0.114 0.11 0.001 0.008 0.002 0.003 0.001 0.103 0.421 0.01 0.02 0.039 0.112 0.057 0.002 0.004 0.447 0.845 1 0.016 0.015 0.193 0.006 0.007 0.012 0.004 0.008 0.017 0.011 0.012 0.002 0.154 0.031 0.019 0.007 0.045 0.012 0.012 0.015 0.037 0.007 0.14 0.002 0.002 0.006 0.005 0.003 0.002 0.147 0.001 0.004 0.004 0.003 0.005 0.001 0.002 0.001 0.001 0.006 0.001 0.001 0.052 0.006 0.002
0.282 0.269 0.262 0.554 0.238 0.051 0.183 0.134 0.079 0.033 0.009 0.284 0.279 0.013 0.195 0.047 0.034 0.011 0.341 0.066 0.104 0.216 0.404 0.384 0.807 0.027 0.043 0.087 0.016 0.016 1 0.664 0.062 0.042 0.027 0.608 0.045 0.179 0.004 0.116 0.072 0.032 0.094 0 0.269 0.238 0.016 0.013 0.135 0.08 0.01 0.044 0.035 0.022 0.012 0.018 0.064 0.033 0.021 0.048 0.04 0.008 0.021 0.039 0.015 0.011 0.039 0.011 0.03 0.048 0 0.005 0.003 0.008 0.021
0.146 0.143 0.137 0.314 0.169 0.019 0.123 0.087 0.049 0.045 0.005 0.239 0.238 0.018 0.135 0.034 0.042 0.017 0.199 0.028 0.14 0.036 0.178 0.237 0.531 0.037 0.054 0.044 0.009 0.015 0.664 1 0.043 0.287 0.254 0.884 0.061 0.117 0.057 0.159 0.117 0.042 0.071 0.002 0.379 0.184 0.008 0.043 0.185 0.121 0.004 0.087 0.025 0.029 0.02 0.027 0.105 0.042 0.029 0.02 0.05 0.002 0.055 0.05 0.046 0.007 0.03 0.031 0.022 0.091 0.021 0.015 0 0.011 0.029
0.049 0.063 0.06 0.021 0.01 0.379 0.006 0.005 0.002 0 0.001 0.066 0.07 0.001 0.006 0.001 0.003 0.001 0.066 0.282 0.002 0.015 0.018 0.076 0.038 0.002 0.003 0.334 0.15 0.193 0.062 0.043 1 0.011 0.01 0.041 0.003 0.009 0.055 0.008 0.009 0.001 0.3 0.013 0.023 0.02 0.127 0.043 0.009 0.012 0.107 0.001 0.204 0.001 0.002 0.031 0.001 0.002 0.001 0.189 0 0.003 0.023 0.002 0.044 0.001 0.002 0.001 0.001 0.001 0.001 0.001 0.089 0 0.002
0.046 0.07 0.068 0.007 0.248 0.022 0.305 0.202 0.09 0.014 0.007 0.147 0.148 0.005 0.333 0.009 0.016 0.058 0.092 0.03 0.05 0.026 0 0.106 0.028 0.011 0.02 0.028 0.013 0.006 0.042 0.287 0.011 1 0.864 0.258 0.017 0.053 0.307 0.044 0.049 0.153 0 0.183 0.214 0.014 0.007 0.046 0.052 0.038 0.008 0.028 0.009 0.009 0.005 0.014 0.025 0.011 0.008 0.009 0.008 0.012 0.036 0.012 0.038 0.001 0.009 0.01 0.005 0.025 0.016 0.04 0.009 0.007 0.005
0.026 0.046 0.041 0.002 0.173 0.019 0.309 0.199 0.073 0.013 0.006 0.104 0.107 0.005 0.225 0.008 0.014 0.067 0.059 0.026 0.044 0.037 0.001 0.069 0.014 0.009 0.018 0.022 0.011 0.007 0.027 0.254 0.01 0.864 1 0.23 0.016 0.05 0.278 0.038 0.042 0.176 0.013 0.148 0.239 0.008 0.006 0.073 0.044 0.05 0.007 0.054 0.006 0.008 0.004 0.029 0.046 0.01 0.007 0.006 0.025 0.01 0.06 0.012 0.063 0.001 0.007 0.008 0.005 0.05 0.02 0.047 0.008 0.007 0.004
0.145 0.124 0.118 0.365 0.148 0.016 0.118 0.085 0.052 0.05 0.004 0.214 0.216 0.02 0.128 0.03 0.053 0.015 0.178 0.024 0.163 0.048 0.22 0.215 0.48 0.003 0.067 0.038 0.007 0.012 0.608 0.884 0.041 0.258 0.23 1 0.069 0.197 0.036 0.184 0.132 0.038 0.065 0 0.448 0.208 0.009 0.055 0.214 0.137 0.004 0.102 0.022 0.033 0.023 0.036 0.127 0.047 0.02 0.018 0.062 0.038 0.068 0.057 0.058 0.009 0.027 0.034 0.02 0.105 0.026 0.013 0 0.014 0.034
0.038 0.03 0.032 0.063 0.014 0.006 0.009 0.008 0.004 0.004 0.002 0.032 0.033 0 0.009 0.002 0.004 0.001 0.023 0.007 0.012 0.113 0.043 0.026 0.047 0.003 0.005 0.007 0.003 0.004 0.045 0.061 0.003 0.017 0.016 0.069 1 0.01 0.046 0.011 0.012 0.003 0.004 0.021 0.016 0.063 0.002 0.014 0.006 0.003 0.002 0.018 0 0.002 0.003 0.014 0.009 0.269 0.002 0.002 0.007 0.002 0.021 0.383 0.014 0.002 0.003 0.002 0.001 0.01 0.002 0.001 0.002 0 0.003
0.003 0.036 0.035 0.187 0.04 0.017 0.02 0.015 0.004 0.011 0.049 0.032 0.031 0.004 0.02 0.007 0.008 0.003 0.029 0 0.033 0.066 0.125 0.026 0.154 0.041 0.01 0 0.01 0.008 0.179 0.117 0.009 0.053 0.05 0.197 0.01 1 0.164 0.041 0.039 0.01 0.014 0.093 0.363 0.089 0 0.069 0.047 0.052 0 0.056 0.004 0.007 0.008 0.067 0.055 0.006 0.006 0.007 0.027 0.215 0.064 0.009 0.065 0.005 0.145 0.007 0.096 0.053 0.002 0.004 0.003 0 0.01
0.055 0.102 0.094 0 0.043 0.039 0.085 0.051 0.02 0.067 0.014 0.084 0.083 0.001 0.093 0.025 0.064 0.014 0.063 0.012 0.203 0.017 0.059 0.066 0 0.028 0.075 0.022 0.013 0.017 0.004 0.057 0.055 0.307 0.278 0.036 0.046 0.164 1 0.247 0.186 0.055 0.085 0.341 0.002 0.08 0 0.247 0.171 0.123 0 0.171 0.03 0.041 0.013 0.213 0.178 0.032 0.023 0.04 0.085 0.046 0.208 0.04 0.205 0.007 0.028 0.045 0.016 0.157 0.001 0.011 0.001 0.025 0.02
0.013 0.006 0.007 0.042 0.038 0.007 0.023 0.018 0.009 0.22 0.001 0.058 0.061 0.003 0.025 0.006 0.276 0 0.047 0.012 0.816 0.058 0.218 0.061 0.123 0.008 0.33 0.011 0.009 0.011 0.116 0.159 0.008 0.044 0.038 0.184 0.011 0.041 0.247 1 0.857 0.009 0.013 0.182 0.104 0.034 0.005 0.539 0.83 0.669 0.006 0.626 0.007 0.167 0.069 0.412 0.616 0.009 0.005 0 0.282 0.015 0.543 0.011 0.491 0.055 0.008 0.178 0.004 0.581 0.005 0.003 0.007 0.01 0.122
0.003 0 0.001 0.024 0.011 0.008 0.001 0 0.001 0.175 0.002 0.031 0.033 0.003 0.001 0.007 0.253 0 0.019 0.013 0.692 0.064 0.163 0.027 0.078 0.008 0.302 0.012 0.01 0.012 0.072 0.117 0.009 0.049 0.042 0.132 0.012 0.039 0.186 0.857 1 0.01 0.014 0.207 0.113 0.044 0.005 0.587 0.706 0.73 0.006 0.659 0.007 0.13 0.062 0.43 0.519 0.01 0.006 0.001 0.237 0.016 0.561 0.012 0.509 0.047 0.008 0.141 0.004 0.602 0.015 0.004 0.007 0.011 0.108
0.018 0.017 0.018 0.038 0.011 0.003 0.007 0.006 0.003 0.003 0.001 0 0 0.001 0.007 0.002 0.003 0.001 0.02 0.004 0.005 0.111 0.063 0.018 0.029 0.001 0.004 0.004 0.002 0.002 0.032 0.042 0.001 0.153 0.176 0.038 0.003 0.01 0.055 0.009 0.01 1 0.003 0 0.003 0.043 0.001 0.017 0.011 0.014 0.001 0.015 0.001 0.002 0.002 0.001 0.013 0.001 0.002 0.001 0.006 0.004 0.016 0.001 0.016 0.001 0.001 0.002 0.001 0.014 0.146 0.001 0.002 0 0.002
0.083 0.097 0.1 0.046 0.001 0.321 0.009 0.008 0.004 0.001 0.002 0.107 0.109 0.001 0.006 0.002 0.004 0.001 0.112 0.234 0.005 0.024 0.035 0.126 0.063 0.003 0.005 0.296 0.127 0.154 0.094 0.071 0.3 0 0.013 0.065 0.004 0.014 0.085 0.013 0.014 0.003 1 0.001 0.036 0.032 0.002 0.186 0.015 0.003 0.002 0.017 0.417 0.002 0.003 0.132 0.016 0.003 0.002 0.352 0.013 0.005 0.108 0.004 0.149 0.002 0.003 0.002 0.001 0.016 0.002 0.001 0.002 0.004 0.003
0.017 0.04 0.036 0.002 0.087 0.027 0.161 0.12 0.07 0.047 0.012 0.013 0.014 0.009 0.161 0.018 0.046 0.021 0.019 0.042 0.138 0.013 0.039 0.018 0.003 0.014 0.037 0.034 0.026 0.031 0 0.002 0.013 0.183 0.148 0 0.021 0.093 0.341 0.182 0.207 0 0.001 1 0.009 0.058 0.014 0.184 0.203 0.22 0.017 0.212 0.005 0.046 0.022 0.157 0.221 0.022 0.006 0.002 0.1 0.043 0.173 0.028 0.185 0.003 0.022 0.034 0.003 0.205 0 0.017 0.019 0.015 0.028
0.018 0.004 0.003 0.193 0.049 0.044 0.14 0.089 0.041 0.029 0.012 0.01 0.011 0.01 0.093 0.012 0.026 0.011 0.01 0.015 0.086 0.02 0.105 0.016 0.22 0.008 0.033 0.013 0.025 0.019 0.269 0.379 0.023 0.214 0.239 0.448 0.016 0.363 0.002 0.104 0.113 0.003 0.036 0.009 1 0.16 0.005 0.193 0.12 0.15 0.007 0.161 0.019 0.017 0.022 0.189 0.142 0.024 0.017 0.017 0.07 0.141 0.181 0.029 0.186 0.014 0.053 0.019 0.038 0.152 0.015 0.027 0.013 0.005 0.024
0.061 0.048 0.04 0.149 0.036 0.011 0.045 0.032 0.025 0.011 0.001 0.042 0.038 0.035 0.048 0.002 0.018 0.008 0.063 0.012 0.026 0.123 0.026 0.072 0.171 0 0.021 0.025 0.004 0.007 0.238 0.184 0.02 0.014 0.008 0.208 0.063 0.089 0.08 0.034 0.044 0.043 0.032 0.058 0.16 1 0.012 0.1 0.045 0.056 0.007 0.062 0.009 0.002 0.001 0.054 0.048 0.084 0.051 0.016 0.041 0.037 0.074 0.105 0.077 0.005 0.012 0 0.01 0.066 0.005 0.006 0.001 0.039 0.007
0.015 0.02 0.019 0.01 0 0.06 0.004 0.003 0.001 0.001 0.003 0.028 0.026 0 0.004 0.017 0.002 0 0.032 0.061 0.005 0.003 0.009 0.035 0.015 0.001 0.002 0.066 0.055 0.045 0.016 0.008 0.127 0.007 0.006 0.009 0.002 0 0 0.005 0.005 0.001 0.002 0.014 0.005 0.012 1 0.009 0.006 0.007 0.862 0.008 0.001 0.001 0.001 0.009 0.007 0.001 0.001 0.001 0.003 0.002 0.009 0.001 0.009 0.001 0.001 0.001 0.001 0.007 0.001 0 0.642 0.007 0.001
0.006 0.016 0.015 0.004 0.011 0.046 0.01 0.004 0 0.123 0.005 0 0 0.006 0 0.011 0.146 0.001 0.001 0.021 0.459 0.052 0.099 0 0.024 0.012 0.174 0.034 0.009 0.012 0.013 0.043 0.043 0.046 0.073 0.055 0.014 0.069 0.247 0.539 0.587 0.017 0.186 0.184 0.193 0.1 0.009 1 0.62 0.673 0.011 0.736 0.073 0.09 0.03 0.743 0.641 0.017 0.01 0.087 0.363 0.027 0.825 0.021 0.854 0.026 0.014 0.099 0.007 0.708 0.005 0.006 0.012 0.019 0.068
0.021 0.012 0.013 0.061 0.045 0.009 0.027 0.021 0.011 0.19 0.002 0.07 0.074 0.003 0.03 0.007 0.209 0 0.057 0.015 0.672 0.018 0.255 0.072 0.143 0.007 0.254 0.013 0.01 0.012 0.135 0.185 0.009 0.052 0.044 0.214 0.006 0.047 0.171 0.83 0.706 0.011 0.015 0.203 0.12 0.045 0.006 0.62 1 0.772 0.007 0.676 0.008 0.145 0.057 0.479 0.708 0.011 0.006 0.001 0.375 0.017 0.586 0.013 0.561 0.047 0.009 0.155 0.004 0.664 0.006 0.004 0.008 0.012 0.118
0.006 0.001 0.002 0.035 0.01 0.013 0.004 0.001 0 0.133 0.003 0.034 0.037 0.004 0 0.009 0.189 0 0.023 0.02 0.537 0.019 0.191 0.031 0.086 0.008 0.225 0.019 0.013 0.015 0.08 0.121 0.012 0.038 0.05 0.137 0.003 0.052 0.123 0.669 0.73 0.014 0.003 0.22 0.15 0.056 0.007 0.673 0.772 1 0.008 0.777 0.01 0.115 0.073 0.553 0.679 0.004 0.008 0.002 0.387 0.021 0.664 0.006 0.635 0.056 0.011 0.122 0.006 0.731 0.009 0.005 0.009 0.015 0.113
0.017 0.024 0.022 0.011 0.001 0.049 0.004 0.003 0.002 0.002 0.002 0.031 0.029 0.001 0.004 0.014 0.002 0 0.036 0.05 0.005 0.003 0.009 0.039 0.013 0.001 0.002 0.054 0.045 0.037 0.01 0.004 0.107 0.008 0.007 0.004 0.002 0 0 0.006 0.006 0.001 0.002 0.017 0.007 0.007 0.862 0.011 0.007 0.008 1 0.009 0.001 0.001 0.001 0.01 0.008 0.001 0.001 0.001 0.004 0.002 0.01 0.002 0.01 0.001 0 0.001 0.001 0.008 0.001 0.001 0.724 0.029 0.001
0 0.001 0.001 0.012 0.008 0 0.008 0.004 0 0.138 0.004 0.011 0.013 0.001 0 0.01 0.175 0.001 0.006 0.002 0.502 0.036 0.139 0.01 0.056 0.009 0.208 0.001 0.013 0.007 0.044 0.087 0.001 0.028 0.054 0.102 0.018 0.056 0.171 0.626 0.659 0.015 0.017 0.212 0.161 0.062 0.008 0.736 0.676 0.777 0.009 1 0.01 0.096 0.106 0.648 0.833 0.015 0.009 0.002 0.423 0.023 0.77 0.018 0.761 0.084 0.012 0.106 0.006 0.879 0.003 0.005 0.01 0.016 0.149
0.019 0.026 0.025 0.008 0.008 0.192 0.005 0.004 0.002 0 0.001 0.029 0.032 0.001 0.005 0.001 0.002 0.001 0.027 0.141 0.001 0.005 0.006 0.033 0.013 0.001 0.003 0.2 0.169 0.14 0.035 0.025 0.204 0.009 0.006 0.022 0 0.004 0.03 0.007 0.007 0.001 0.417 0.005 0.019 0.009 0.001 0.073 0.008 0.01 0.001 0.01 1 0.001 0.001 0.074 0.009 0 0.001 0.69 0.005 0.003 0.067 0 0.071 0.001 0.001 0.001 0.001 0.01 0.001 0.001 0.001 0.002 0.002
0.034 0.044 0.042 0.018 0.006 0.003 0.003 0.003 0.001 0.003 0.001 0.011 0.012 0.001 0.004 0.001 0.002 0.001 0.013 0.003 0.166 0.012 0.043 0.012 0.023 0.001 0.002 0.003 0.001 0.002 0.022 0.029 0.001 0.009 0.008 0.033 0.002 0.007 0.041 0.167 0.13 0.002 0.002 0.046 0.017 0.002 0.001 0.09 0.145 0.115 0.001 0.096 0.001 1 0.003 0.091 0.116 0.002 0.001 0.001 0.006 0.002 0.089 0.002 0.092 0.006 0.001 0.241 0.001 0.063 0.001 0.001 0.001 0.002 0.002
0.014 0.011 0.011 0.012 0.007 0 0.004 0.003 0.002 0.302 0.001 0.013 0.014 0.003 0.006 0.001 0.001 0.001 0.017 0.004 0.061 0.003 0.019 0.016 0.022 0.002 0.002 0.004 0.002 0.002 0.012 0.02 0.002 0.005 0.004 0.023 0.003 0.008 0.013 0.069 0.062 0.002 0.003 0.022 0.022 0.001 0.001 0.03 0.057 0.073 0.001 0.106 0.001 0.003 1 0.09 0.121 0.002 0.001 0.001 0.005 0.003 0.086 0.002 0.091 0.189 0.002 0 0.001 0.094 0.001 0.001 0.001 0.002 0.581
0.002 0.008 0.007 0.01 0.015 0.03 0.015 0.008 0.002 0.104 0.005 0.001 0 0.001 0.001 0.011 0.108 0.001 0.001 0.009 0.34 0.018 0.11 0.001 0.036 0.011 0.092 0.017 0.004 0.006 0.018 0.027 0.031 0.014 0.029 0.036 0.014 0.067 0.213 0.412 0.43 0.001 0.132 0.157 0.189 0.054 0.009 0.743 0.479 0.553 0.01 0.648 0.074 0.091 0.09 1 0.642 0.017 0.01 0.088 0.247 0.027 0.793 0.021 0.857 0.073 0.012 0.1 0.007 0.657 0.077 0.006 0.012 0.019 0.128
0.002 0 0 0.029 0.024 0.001 0.033 0.026 0.013 0.157 0.003 0.024 0.026 0 0.01 0.008 0.171 0 0.018 0.001 0.486 0.021 0.162 0.025 0.079 0.008 0.156 0 0.011 0.005 0.064 0.105 0.001 0.025 0.046 0.127 0.009 0.055 0.178 0.616 0.519 0.013 0.016 0.221 0.142 0.048 0.007 0.641 0.708 0.679 0.008 0.833 0.009 0.116 0.121 0.642 1 0.013 0.008 0.001 0.378 0.02 0.672 0.016 0.758 0.096 0.01 0.128 0.005 0.797 0.007 0.005 0.009 0.014 0.17
0.023 0.018 0.019 0.04 0.008 0.004 0.004 0.003 0.003 0.002 0.001 0.016 0.017 0 0.005 0.002 0.003 0.001 0.016 0.005 0.008 0.078 0.018 0.019 0.034 0.002 0.004 0.005 0.002 0.003 0.033 0.042 0.002 0.011 0.01 0.047 0.269 0.006 0.032 0.009 0.01 0.001 0.003 0.022 0.024 0.084 0.001 0.017 0.011 0.004 0.001 0.015 0 0.002 0.002 0.017 0.013 1 0.001 0.002 0.006 0.004 0.016 0.825 0.017 0.001 0.002 0.002 0.001 0.014 0.001 0.001 0.002 0.067 0.002
0 0.005 0 0.002 0.001 0.003 0.004 0.004 0.002 0.002 0.001 0.001 0 0.001 0.005 0.001 0.002 0 0.001 0.003 0.005 0.002 0.007 0 0.004 0.104 0.002 0.003 0.001 0.002 0.021 0.029 0.001 0.008 0.007 0.02 0.002 0.006 0.023 0.005 0.006 0.002 0.002 0.006 0.017 0.051 0.001 0.01 0.006 0.008 0.001 0.009 0.001 0.001 0.001 0.01 0.008 0.001 1 0.001 0.004 0.002 0.01 0.002 0.01 0.001 0.001 0.001 0.001 0.008 0.001 0.001 0.001 0.002 0.001
0.028 0.037 0.035 0.006 0.007 0.235 0.004 0.003 0.002 0 0.001 0.043 0.047 0.001 0.005 0.001 0.002 0.001 0.04 0.174 0.001 0.012 0.012 0.048 0.022 0.001 0.002 0.232 0.177 0.147 0.048 0.02 0.189 0.009 0.006 0.018 0.002 0.007 0.04 0 0.001 0.001 0.352 0.002 0.017 0.016 0.001 0.087 0.001 0.002 0.001 0.002 0.69 0.001 0.001 0.088 0.001 0.002 0.001 1 0.003 0.003 0.08 0.002 0.085 0.001 0.001 0.008 0.001 0.002 0.001 0.001 0.001 0.002 0.001
0.013 0.009 0.008 0.024 0.007 0.002 0.018 0.014 0.007 0 0.002 0.011 0.013 0.002 0.001 0.004 0.378 0 0.011 0.005 0.253 0.006 0.1 0.012 0.042 0.003 0.456 0.004 0.006 0.001 0.04 0.05 0 0.008 0.025 0.062 0.007 0.027 0.085 0.282 0.237 0.006 0.013 0.1 0.07 0.041 0.003 0.363 0.375 0.387 0.004 0.423 0.005 0.006 0.005 0.247 0.378 0.006 0.004 0.003 1 0.01 0.384 0.008 0.319 0.003 0.005 0.002 0.003 0.415 0.004 0.002 0.005 0.007 0.003
0.001 0.026 0.027 0.041 0.01 0.006 0.004 0.003 0.004 0.004 0.002 0.023 0.026 0.001 0.005 0.002 0.004 0.001 0.023 0.008 0.013 0.011 0.03 0.021 0.006 0.133 0.005 0.008 0.004 0.004 0.008 0.002 0.003 0.012 0.01 0.038 0.002 0.215 0.046 0.015 0.016 0.004 0.005 0.043 0.141 0.037 0.002 0.027 0.017 0.021 0.002 0.023 0.003 0.002 0.003 0.027 0.02 0.004 0.002 0.003 0.01 1 0.026 0.004 0.027 0.002 0.003 0.003 0.002 0.022 0.002 0.001 0.003 0 0.003
0.001 0.006 0.005 0.007 0.014 0.02 0.014 0.008 0.002 0.121 0.004 0.003 0.004 0.001 0.001 0.011 0.155 0.001 0.001 0.004 0.481 0.043 0.109 0.002 0.04 0.01 0.184 0.01 0.002 0.004 0.021 0.055 0.023 0.036 0.06 0.068 0.021 0.064 0.208 0.543 0.561 0.016 0.108 0.173 0.181 0.074 0.009 0.825 0.586 0.664 0.01 0.77 0.067 0.089 0.086 0.793 0.672 0.016 0.01 0.08 0.384 0.026 1 0.02 0.895 0.075 0.013 0.104 0.007 0.722 0.006 0.006 0.012 0.014 0.124
0.028 0.022 0.023 0.048 0.01 0.005 0.005 0.004 0.003 0.002 0.002 0.02 0.021 0 0.006 0.002 0.004 0.001 0.02 0.006 0.01 0.103 0.028 0.023 0.04 0.002 0.004 0.006 0.003 0.003 0.039 0.05 0.002 0.012 0.012 0.057 0.383 0.009 0.04 0.011 0.012 0.001 0.004 0.028 0.029 0.105 0.001 0.021 0.013 0.006 0.002 0.018 0 0.002 0.002 0.021 0.016 0.825 0.002 0.002 0.008 0.004 0.02 1 0.021 0.001 0.002 0.002 0.001 0.017 0.002 0.001 0.002 0.059 0.003
0.003 0.01 0.009 0.008 0.015 0.037 0.015 0.008 0.002 0.125 0.005 0.001 0.001 0.001 0.001 0.011 0.149 0.001 0 0.012 0.425 0.039 0.097 0.001 0.032 0.011 0.131 0.021 0.003 0.005 0.015 0.046 0.044 0.038 0.063 0.058 0.014 0.065 0.205 0.491 0.509 0.016 0.149 0.185 0.186 0.077 0.009 0.854 0.561 0.635 0.01 0.761 0.071 0.092 0.091 0.857 0.758 0.017 0.01 0.085 0.319 0.027 0.895 0.021 1 0.073 0.014 0.1 0.007 0.745 0.006 0.006 0.012 0.015 0.129
0.004 0.002 0.003 0.005 0.004 0 0.002 0.001 0.001 0.071 0 0.006 0.007 0.007 0.004 0.001 0 0 0.011 0.003 0.042 0 0.022 0.01 0.012 0.001 0 0.003 0.001 0.001 0.011 0.007 0.001 0.001 0.001 0.009 0.002 0.005 0.007 0.055 0.047 0.001 0.002 0.003 0.014 0.005 0.001 0.026 0.047 0.056 0.001 0.084 0.001 0.006 0.189 0.073 0.096 0.001 0.001 0.001 0.003 0.002 0.075 0.001 0.073 1 0.001 0.001 0.001 0.069 0.001 0 0.001 0.001 0.371
0.001 0.006 0.006 0.026 0.004 0.003 0.002 0.001 0 0.002 0.005 0.005 0.006 0.001 0.002 0.001 0.002 0.001 0.005 0 0.007 0.006 0.016 0.005 0.037 0.002 0.003 0 0.002 0.002 0.039 0.03 0.002 0.009 0.007 0.027 0.003 0.145 0.028 0.008 0.008 0.001 0.003 0.022 0.053 0.012 0.001 0.014 0.009 0.011 0 0.012 0.001 0.001 0.002 0.012 0.01 0.002 0.001 0.001 0.005 0.003 0.013 0.002 0.014 0.001 1 0.001 0.001 0.011 0 0.001 0.001 0.002 0.002
0.019 0.026 0.025 0.002 0.007 0.001 0.005 0.004 0.002 0.031 0.001 0.004 0.005 0.001 0.005 0.001 0.002 0.001 0 0 0.128 0.013 0.027 0.004 0.012 0.001 0.003 0.001 0.001 0.001 0.011 0.031 0.001 0.01 0.008 0.034 0.002 0.007 0.045 0.178 0.141 0.002 0.002 0.034 0.019 0 0.001 0.099 0.155 0.122 0.001 0.106 0.001 0.241 0 0.1 0.128 0.002 0.001 0.008 0.002 0.003 0.104 0.002 0.1 0.001 0.001 1 0.001 0.078 0.001 0.001 0.001 0.002 0
0.002 0.009 0.01 0.014 0.005 0.002 0.003 0.002 0.001 0.001 0.001 0.01 0.005 0 0.003 0.001 0.001 0 0.009 0.002 0 0.007 0.008 0.008 0.019 0.001 0 0.002 0.001 0.001 0.03 0.022 0.001 0.005 0.005 0.02 0.001 0.096 0.016 0.004 0.004 0.001 0.001 0.003 0.038 0.01 0.001 0.007 0.004 0.006 0.001 0.006 0.001 0.001 0.001 0.007 0.005 0.001 0.001 0.001 0.003 0.002 0.007 0.001 0.007 0.001 0.001 0.001 1 0.006 0.001 0 0.001 0.001 0.001
0.001 0 0 0.019 0.008 0 0.01 0.005 0.001 0.122 0.003 0.011 0.013 0.001 0 0.009 0.184 0 0.007 0.002 0.458 0.026 0.14 0.011 0.06 0.008 0.219 0.002 0.012 0.006 0.048 0.091 0.001 0.025 0.05 0.105 0.01 0.053 0.157 0.581 0.602 0.014 0.016 0.205 0.152 0.066 0.007 0.708 0.664 0.731 0.008 0.879 0.01 0.063 0.094 0.657 0.797 0.014 0.008 0.002 0.415 0.022 0.722 0.017 0.745 0.069 0.011 0.078 0.006 1 0.007 0.005 0.01 0.015 0.157
0.001 0.003 0.003 0 0.007 0.002 0.029 0.038 0.029 0.001 0.001 0.056 0.054 0.001 0.026 0.001 0.002 0 0.004 0.002 0.005 0.009 0.001 0.005 0 0.001 0.002 0.002 0.001 0.001 0 0.021 0.001 0.016 0.02 0.026 0.002 0.002 0.001 0.005 0.015 0.146 0.002 0 0.015 0.005 0.001 0.005 0.006 0.009 0.001 0.003 0.001 0.001 0.001 0.077 0.007 0.001 0.001 0.001 0.004 0.002 0.006 0.002 0.006 0.001 0 0.001 0.001 0.007 1 0 0.001 0.001 0.001
0.002 0.004 0.003 0.002 0.014 0.001 0.026 0.004 0.001 0.001 0 0.009 0.009 0 0.003 0.001 0.001 0.083 0.004 0.002 0.003 0 0 0.005 0.003 0.001 0.001 0.002 0.001 0.001 0.005 0.015 0.001 0.04 0.047 0.013 0.001 0.004 0.011 0.003 0.004 0.001 0.001 0.017 0.027 0.006 0 0.006 0.004 0.005 0.001 0.005 0.001 0.001 0.001 0.006 0.005 0.001 0.001 0.001 0.002 0.001 0.006 0.001 0.006 0 0.001 0.001 0 0.005 0 1 0.001 0.001 0.001
0.017 0.024 0.022 0.006 0 0.06 0.005 0.004 0.002 0.002 0.002 0.03 0.029 0.001 0.005 0.011 0.002 0.001 0.035 0.058 0.006 0 0.004 0.039 0.009 0.001 0.003 0.062 0.064 0.052 0.003 0 0.089 0.009 0.008 0 0.002 0.003 0.001 0.007 0.007 0.002 0.002 0.019 0.013 0.001 0.642 0.012 0.008 0.009 0.724 0.01 0.001 0.001 0.001 0.012 0.009 0.002 0.001 0.001 0.005 0.003 0.012 0.002 0.012 0.001 0.001 0.001 0.001 0.01 0.001 0.001 1 0.036 0.002
0.002 0 0.001 0.004 0.005 0.006 0.006 0.001 0.002 0.002 0 0 0 0 0.007 0.002 0.003 0.001 0 0.007 0.005 0.014 0 0 0 0.002 0.003 0.008 0.008 0.006 0.008 0.011 0 0.007 0.007 0.014 0 0 0.025 0.01 0.011 0 0.004 0.015 0.005 0.039 0.007 0.019 0.012 0.015 0.029 0.016 0.002 0.002 0.002 0.019 0.014 0.067 0.002 0.002 0.007 0 0.014 0.059 0.015 0.001 0.002 0.002 0.001 0.015 0.001 0.001 0.036 1 0.002
0.011 0.007 0.008 0.014 0.008 0 0.005 0.004 0.003 0.256 0 0.015 0.016 0.003 0.007 0.001 0.001 0.001 0.019 0.005 0.109 0.002 0.045 0.018 0.033 0.002 0.001 0.005 0.002 0.002 0.021 0.029 0.002 0.005 0.004 0.034 0.003 0.01 0.02 0.122 0.108 0.002 0.003 0.028 0.024 0.007 0.001 0.068 0.118 0.113 0.001 0.149 0.002 0.002 0.581 0.128 0.17 0.002 0.001 0.001 0.003 0.003 0.124 0.003 0.129 0.371 0.002 0 0.001 0.157 0.001 0.001 0.002 0.002 1
