1 0.83 0.848 0.4 0.338 0.114 0.235 0.214 0.104 0.03 0.062 0.506 0.452 0.005 0.257 0.04 0.04 0.008 0.55 0.165 0.007 0.102 0.103 0.544 0.24 0.01 0.043 0.141 0.041 0.043 0.209 0.125 0.016 0.077 0.051 0.109 0.035 0.016 0.061 0.006 0 0.001 0.063 0.036 0.005 0.052 0.001 0.017 0.005 0 0.001 0.005 0.003 0.022 0.01 0.018 0 0.02 0.007 0.012 0.009 0.026 0.003 0.021 0.011 0.003 0.004 0.022 0.008 0.003 0.028 0.002 0.001 0.007 0.003
0.83 1 0.923 0.423 0.339 0.136 0.28 0.255 0.121 0.025 0.074 0.56 0.502 0.003 0.248 0.047 0.033 0.007 0.574 0.198 0.002 0.106 0.103 0.586 0.244 0.019 0.036 0.171 0.049 0.051 0.213 0.114 0.021 0.058 0.056 0.097 0.029 0.02 0.058 0.004 0 0.011 0.039 0.025 0.004 0.042 0.002 0.011 0.005 0 0.002 0.002 0.005 0.03 0.007 0.012 0.003 0.015 0.006 0.016 0.024 0.036 0.008 0.016 0.006 0.002 0.004 0.03 0.01 0.001 0.034 0.002 0.003 0.005 0.001
0.848 0.923 1 0.467 0.401 0.134 0.276 0.251 0.119 0.025 0.073 0.613 0.551 0.003 0.306 0.047 0.034 0.007 0.636 0.195 0.003 0.108 0.106 0.65 0.281 0.019 0.037 0.168 0.048 0.05 0.247 0.139 0.02 0.084 0.054 0.12 0.029 0.021 0.075 0.005 0 0.011 0.077 0.038 0.003 0.045 0.002 0.021 0.006 0 0.003 0.007 0.005 0.029 0.007 0.022 0 0.015 0.006 0.016 0.009 0.037 0.008 0.016 0.014 0.002 0.004 0.03 0.011 0.006 0.033 0.002 0.002 0.005 0.001
0.4 0.423 0.467 1 0.214 0.059 0.131 0.119 0.058 0.054 0.035 0.292 0.283 0.012 0.148 0.024 0.072 0.015 0.305 0.086 0.043 0.255 0.359 0.321 0.602 0.005 0.075 0.071 0.023 0.024 0.558 0.346 0.005 0.015 0.007 0.415 0.063 0.204 0.001 0.053 0.027 0.025 0.027 0.003 0.202 0.141 0.003 0.007 0.057 0.036 0.002 0.012 0 0.006 0.013 0.003 0.034 0.045 0.013 0.002 0.033 0.053 0.011 0.047 0.009 0.006 0.026 0.005 0.019 0.014 0.015 0.006 0 0.015 0.006
0.338 0.339 0.401 0.214 1 0.012 0.465 0.479 0.195 0.012 0.007 0.447 0.409 0.005 0.586 0.105 0.015 0.003 0.479 0.02 0.039 0.066 0.14 0.511 0.25 0.009 0.017 0.018 0.004 0.005 0.204 0.163 0.006 0.229 0.154 0.139 0.013 0.041 0.027 0.039 0.013 0.006 0.007 0.066 0.023 0.045 0.003 0.004 0.041 0.012 0 0.002 0.008 0.008 0.005 0.003 0.023 0.008 0.003 0.005 0 0.015 0.008 0.008 0.004 0.005 0.004 0.009 0.005 0.001 0.032 0 0 0.003 0.006
0.114 0.136 0.134 0.059 0.012 1 0.007 0.007 0.003 0.003 0.002 0.139 0.126 0.004 0.01 0.001 0.005 0.001 0.124 0.54 0.013 0.003 0.018 0.1 0.048 0.003 0.005 0.457 0.361 0.376 0.057 0.021 0.209 0.014 0.012 0.016 0.004 0.015 0.025 0.012 0.007 0.002 0.259 0.025 0.032 0.002 0.031 0.027 0.013 0.016 0.02 0 0.122 0.003 0.001 0.02 0 0.005 0.001 0.171 0.004 0.005 0.016 0.005 0.013 0.001 0.002 0.001 0.002 0.001 0.001 0.001 0.022 0 0
0.235 0.28 0.276 0.131 0.465 0.007 1 0.911 0.434 0.007 0.004 0.272 0.245 0.003 0.666 0.003 0.009 0.002 0.293 0.012 0.022 0.04 0.083 0.312 0.167 0.005 0.01 0.011 0.003 0.003 0.147 0.1 0.004 0.247 0.289 0.103 0.008 0.017 0.048 0.024 0 0.004 0.008 0.125 0.084 0.041 0.002 0.004 0.025 0 0.003 0.002 0.005 0.006 0.002 0.002 0.033 0.003 0.002 0.003 0.016 0.008 0.002 0.003 0.003 0.002 0.001 0.007 0.003 0.001 0.125 0 0.003 0.005 0.002
0.214 0.255 0.251 0.119 0.479 0.007 0.911 1 0.476 0.006 0.004 0.246 0.223 0.003 0.605 0.003 0.009 0.002 0.265 0.011 0.02 0.037 0.075 0.283 0.151 0.005 0.009 0.01 0.002 0.003 0.132 0.088 0.003 0.207 0.243 0.092 0.007 0.014 0.038 0.022 0 0.003 0.007 0.109 0.068 0.048 0.002 0.002 0.023 0 0.002 0.001 0.004 0.006 0.002 0.001 0.03 0.002 0.002 0.003 0.014 0.007 0.001 0.003 0.002 0.001 0.001 0.006 0.003 0 0.137 0 0.002 0.005 0.002
0.104 0.121 0.119 0.058 0.195 0.003 0.434 0.476 1 0.003 0.002 0.123 0.112 0.001 0.329 0.001 0.004 0.001 0.133 0.005 0.012 0.018 0.04 0.142 0.079 0.002 0.005 0.005 0.001 0.001 0.076 0.044 0.002 0.087 0.1 0.055 0.004 0.002 0.012 0.013 0 0.002 0.004 0.054 0.031 0.025 0.001 0 0.013 0.001 0.001 0 0.002 0.003 0.003 0 0.017 0.004 0.001 0.002 0.007 0.004 0 0.004 0 0.002 0 0.003 0.001 0 0.118 0.001 0.001 0.002 0.003
0.03 0.025 0.025 0.054 0.012 0.003 0.007 0.006 0.003 1 0.002 0.008 0.008 0.001 0.009 0.001 0.004 0.001 0.016 0.005 0.214 0.018 0.058 0.021 0.037 0.002 0.005 0.004 0.001 0.001 0.036 0.045 0 0.013 0.012 0.051 0.004 0.015 0.07 0.181 0.152 0.002 0.001 0.039 0.032 0.002 0.001 0.112 0.175 0.129 0.001 0.12 0.001 0.025 0.422 0.115 0.141 0.004 0.001 0 0.002 0.005 0.091 0.004 0.107 0.18 0.002 0.016 0.001 0.114 0.001 0.001 0.001 0.002 0.27
0.062 0.074 0.073 0.035 0.007 0.002 0.004 0.004 0.002 0.002 1 0.076 0.069 0.001 0.005 0.001 0.002 0.001 0.081 0.342 0.007 0.011 0.024 0.087 0.047 0.001 0.003 0.31 0.001 0.001 0.045 0.037 0.001 0.003 0.003 0.033 0.002 0.109 0.02 0.008 0.009 0.001 0.002 0.014 0.051 0.015 0.001 0.013 0.008 0.01 0.001 0.012 0.001 0.002 0.002 0.012 0.01 0 0 0.001 0.004 0.003 0.012 0 0.014 0.001 0.006 0.002 0.001 0.011 0.001 0.001 0.001 0 0.002
0.506 0.56 0.613 0.292 0.447 0.139 0.272 0.246 0.123 0.008 0.076 1 0.879 0.003 0.337 0.053 0.024 0 0.778 0.203 0.061 0.08 0.191 0.794 0.372 0.011 0.027 0.194 0.05 0.052 0.349 0.241 0.032 0.112 0.077 0.224 0.028 0.012 0.031 0.067 0.025 0.01 0.094 0.018 0.014 0.049 0.007 0 0.07 0.034 0.007 0.007 0.01 0.006 0.011 0 0.031 0.016 0.002 0.026 0.007 0.028 0.002 0.017 0.001 0.009 0.003 0.006 0.011 0.005 0.039 0.001 0.007 0.001 0.011
0.452 0.502 0.551 0.283 0.409 0.126 0.245 0.223 0.112 0.008 0.069 0.879 1 0.004 0.304 0.048 0.027 0 0.719 0.199 0.068 0.071 0.186 0.736 0.363 0.01 0.03 0.175 0.045 0.047 0.332 0.256 0.031 0.134 0.098 0.24 0.031 0.011 0.034 0.074 0.031 0 0.087 0.021 0.023 0.038 0.006 0.001 0.077 0.041 0.006 0.011 0.009 0.006 0.013 0 0.037 0.019 0.002 0.026 0.009 0.037 0.004 0.02 0.002 0.011 0.003 0.006 0.001 0.009 0.036 0.001 0.006 0.002 0.013
0.005 0.003 0.003 0.012 0.005 0.004 0.003 0.003 0.001 0.001 0.001 0.003 0.004 1 0.004 0.001 0 0 0.011 0.003 0.003 0.072 0.036 0.01 0.016 0.001 0 0.002 0.001 0.001 0.019 0.023 0.001 0.006 0.005 0.026 0.016 0.007 0 0.004 0.004 0.001 0.001 0.013 0.015 0.046 0 0.006 0.004 0.005 0.001 0.001 0 0.001 0.006 0 0 0.014 0 0.001 0.001 0.002 0 0.013 0.001 0.007 0.001 0.001 0.001 0.001 0 0 0.001 0.034 0.006
0.257 0.248 0.306 0.148 0.586 0.01 0.666 0.605 0.329 0.009 0.005 0.337 0.304 0.004 1 0.004 0.012 0.003 0.404 0.016 0.035 0.053 0.118 0.43 0.213 0.007 0.013 0.015 0.004 0.004 0.177 0.123 0.005 0.331 0.231 0.122 0.01 0.02 0.067 0.031 0.002 0.005 0.012 0.152 0.058 0.041 0.002 0 0.032 0.002 0.003 0.001 0.006 0.008 0.008 0.001 0.014 0.005 0.002 0.004 0.001 0.012 0 0.006 0 0.007 0.002 0.009 0.004 0.002 0.095 0.002 0.003 0.007 0.008
0.04 0.047 0.047 0.024 0.105 0.001 0.003 0.003 0.001 0.001 0.001 0.053 0.048 0.001 0.004 1 0.002 0 0.057 0.002 0.005 0.007 0.017 0.06 0.033 0.001 0.002 0.002 0.001 0.001 0.032 0.026 0.001 0.005 0.005 0.023 0.002 0.006 0.019 0.005 0.006 0.001 0.002 0.014 0.011 0.005 0 0.009 0.006 0.007 0 0.008 0.001 0.001 0.001 0.009 0.007 0.001 0 0.001 0.003 0.002 0.008 0.002 0.009 0.001 0.001 0.001 0.001 0.008 0 0 0 0.001 0.001
0.04 0.033 0.034 0.072 0.015 0.005 0.009 0.009 0.004 0.004 0.002 0.024 0.027 0 0.012 0.002 1 0.001 0.031 0.007 0.353 0.024 0.105 0.029 0.053 0.003 0.919 0.007 0.002 0.002 0.049 0.055 0.002 0.018 0.015 0.069 0.005 0.015 0.085 0.304 0.267 0.002 0.005 0.03 0.037 0.032 0.001 0.178 0.26 0.234 0.002 0.198 0.003 0.004 0.002 0.082 0.23 0.006 0.001 0.002 0.558 0.007 0.192 0.006 0.172 0.002 0.003 0.004 0 0.209 0.001 0.001 0.002 0.003 0.003
0.008 0.007 0.007 0.015 0.003 0.001 0.002 0.002 0.001 0.001 0.001 0 0 0 0.003 0 0.001 1 0.006 0.002 0.003 0.026 0.009 0.006 0.011 0.001 0.001 0.001 0 0 0.011 0.007 0 0.037 0.043 0.005 0.001 0.004 0.007 0.003 0.004 0 0.001 0.01 0.011 0.001 0 0.006 0.003 0.004 0 0.005 0.001 0.001 0.001 0.005 0.004 0.001 0 0 0.001 0.001 0.005 0.001 0.006 0.001 0.001 0.001 0 0.005 0 0.412 0 0.001 0.001
0.55 0.574 0.636 0.305 0.479 0.124 0.293 0.265 0.133 0.016 0.081 0.778 0.719 0.011 0.404 0.057 0.031 0.006 1 0.236 0.076 0.096 0.233 0.934 0.452 0.017 0.031 0.185 0.054 0.056 0.382 0.244 0.022 0.112 0.075 0.222 0.021 0.012 0.025 0.073 0.027 0.011 0.086 0.016 0.014 0.063 0.008 0 0.068 0.031 0.008 0.008 0.006 0.02 0.019 0 0.034 0.012 0.006 0.017 0.002 0.032 0.004 0.013 0.002 0.017 0.003 0.016 0.01 0.009 0.037 0.001 0.008 0.002 0.019
0.165 0.198 0.195 0.086 0.02 0.54 0.012 0.011 0.005 0.005 0.342 0.203 0.199 0.003 0.016 0.002 0.007 0.002 0.236 1 0.02 0.018 0.051 0.214 0.111 0.004 0.008 0.811 0.226 0.235 0.111 0.059 0.13 0.017 0.015 0.049 0.007 0.012 0.002 0.021 0.015 0.003 0.153 0.041 0 0.014 0.028 0.005 0.021 0.027 0.017 0.011 0.072 0.005 0.005 0.001 0.007 0.003 0.001 0.106 0.008 0.008 0 0.003 0 0.004 0 0.002 0.002 0.013 0.002 0.001 0.019 0 0.005
0.007 0.002 0.003 0.043 0.039 0.013 0.022 0.02 0.012 0.214 0.007 0.061 0.068 0.003 0.035 0.005 0.353 0.003 0.076 0.02 1 0.067 0.294 0.081 0.145 0.009 0.383 0.018 0.005 0.005 0.124 0.148 0 0.05 0.044 0.178 0.014 0.049 0.248 0.802 0.67 0.005 0.003 0.117 0.111 0.024 0.003 0.515 0.737 0.604 0.004 0.523 0.001 0.159 0.083 0.392 0.584 0.016 0.003 0 0.243 0.02 0.487 0.017 0.494 0.074 0.007 0.138 0.002 0.511 0.004 0.003 0.005 0.007 0.114
0.102 0.106 0.108 0.255 0.066 0.003 0.04 0.037 0.018 0.018 0.011 0.08 0.071 0.072 0.053 0.007 0.024 0.026 0.096 0.018 0.067 1 0.408 0.122 0.211 0.011 0.026 0.03 0.007 0.007 0.182 0.045 0.009 0.019 0.026 0.059 0.199 0.048 0.02 0.073 0.083 0.08 0.016 0.008 0.011 0.173 0 0.087 0.05 0.045 0.001 0.065 0.001 0.016 0.004 0.065 0.05 0.136 0 0.008 0.024 0.015 0.064 0.145 0.074 0.003 0.006 0.009 0.008 0.066 0.004 0.024 0.004 0.048 0.003
0.103 0.103 0.106 0.359 0.14 0.018 0.083 0.075 0.04 0.058 0.024 0.191 0.186 0.036 0.118 0.017 0.105 0.009 0.233 0.051 0.294 0.408 1 0.274 0.476 0.028 0.114 0.064 0.016 0.016 0.409 0.229 0.005 0.003 0 0.285 0.084 0.131 0.081 0.237 0.168 0.037 0.023 0.043 0.122 0.047 0.001 0.105 0.247 0.195 0 0.132 0 0.04 0.028 0.083 0.179 0.046 0.003 0.005 0.064 0.047 0.101 0.05 0.107 0.027 0.017 0.042 0.012 0.126 0.01 0.008 0 0.012 0.047
0.544 0.586 0.65 0.321 0.511 0.1 0.312 0.283 0.142 0.021 0.087 0.794 0.736 0.01 0.43 0.06 0.029 0.006 0.934 0.214 0.081 0.122 0.274 1 0.501 0.016 0.031 0.202 0.057 0.06 0.397 0.28 0.026 0.125 0.085 0.257 0.025 0.009 0.03 0.078 0.029 0.011 0.096 0.016 0.02 0.072 0.009 0 0.081 0.038 0.009 0.011 0.008 0.019 0.018 0.001 0.042 0.015 0.005 0.02 0.005 0.03 0.005 0.016 0.003 0.016 0.002 0.017 0.009 0.01 0.04 0.001 0.009 0.004 0.018
0.24 0.244 0.281 0.602 0.25 0.048 0.167 0.151 0.079 0.037 0.047 0.372 0.363 0.016 0.213 0.033 0.053 0.011 0.452 0.111 0.145 0.211 0.476 0.501 1 0.03 0.058 0.106 0.031 0.032 0.824 0.617 0.011 0.045 0.027 0.551 0.038 0.161 0.004 0.146 0.085 0.018 0.044 0.005 0.218 0.158 0.002 0.032 0.151 0.096 0.001 0.058 0 0.034 0.025 0.031 0.102 0.028 0.01 0.006 0.019 0.008 0.047 0.03 0.045 0.019 0.035 0.034 0.027 0.058 0.021 0.004 0 0.005 0.029
0.01 0.019 0.019 0.005 0.009 0.003 0.005 0.005 0.002 0.002 0.001 0.011 0.01 0.001 0.007 0.001 0.003 0.001 0.017 0.004 0.009 0.011 0.028 0.016 0.03 1 0.003 0.004 0.001 0.001 0.031 0.038 0.001 0.01 0.009 0.009 0.003 0.056 0.033 0.01 0.011 0.001 0.003 0.021 0.018 0.006 0.001 0.017 0.01 0.013 0.001 0.015 0.002 0.002 0.002 0.016 0.013 0.003 0.082 0.001 0.005 0.172 0.016 0.003 0.017 0.002 0.001 0.002 0.001 0.014 0.001 0.001 0.001 0.002 0.002
0.043 0.036 0.037 0.075 0.017 0.005 0.01 0.009 0.005 0.005 0.003 0.027 0.03 0 0.013 0.002 0.919 0.001 0.031 0.008 0.383 0.026 0.114 0.031 0.058 0.003 1 0.008 0.002 0.002 0.054 0.06 0.002 0.019 0.017 0.076 0.006 0.017 0.093 0.331 0.291 0.002 0.006 0.035 0.041 0.035 0.001 0.194 0.286 0.255 0.002 0.216 0.004 0.004 0.003 0.088 0.243 0.006 0.001 0.002 0.608 0.008 0.209 0.006 0.181 0.002 0.003 0.005 0 0.227 0.001 0.001 0.002 0.003 0.003
0.141 0.171 0.168 0.071 0.018 0.457 0.011 0.01 0.005 0.004 0.31 0.194 0.175 0.002 0.015 0.002 0.007 0.001 0.185 0.811 0.018 0.03 0.064 0.202 0.106 0.004 0.008 1 0.236 0.246 0.117 0.083 0.196 0.02 0.015 0.07 0.006 0.013 0.008 0.02 0.014 0.003 0.232 0.034 0 0.029 0.03 0.015 0.02 0.026 0.019 0.009 0.132 0.005 0.004 0.006 0.006 0.003 0.001 0.178 0.008 0.008 0.004 0.003 0.002 0.004 0 0.002 0.002 0.011 0.002 0.001 0.02 0 0.004
0.041 0.049 0.048 0.023 0.004 0.361 0.003 0.002 0.001 0.001 0.001 0.05 0.045 0.001 0.004 0.001 0.002 0 0.054 0.226 0.005 0.007 0.016 0.057 0.031 0.001 0.002 0.236 1 0.96 0.021 0.017 0.023 0.005 0.004 0.014 0.001 0.005 0.018 0.005 0 0.001 0.1 0.013 0.011 0.005 0.009 0.01 0.005 0.007 0.006 0.006 0.061 0.001 0.001 0.002 0.005 0.002 0 0.1 0.003 0.001 0 0.002 0 0.001 0.001 0 0.001 0.005 0 0 0.009 0.001 0.001
0.043 0.051 0.05 0.024 0.005 0.376 0.003 0.003 0.001 0.001 0.001 0.052 0.047 0.001 0.004 0.001 0.002 0 0.056 0.235 0.005 0.007 0.016 0.06 0.032 0.001 0.002 0.246 0.96 1 0.022 0.018 0.034 0.005 0.005 0.015 0.002 0.005 0.019 0.005 0 0.001 0.11 0.014 0.011 0.006 0.009 0.012 0.006 0.007 0.006 0.004 0.058 0.001 0.001 0.003 0.003 0.002 0 0.095 0.001 0.001 0.001 0.002 0 0.001 0.001 0 0.001 0.004 0 0 0.008 0.001 0.001
0.209 0.213 0.247 0.558 0.204 0.057 0.147 0.132 0.076 0.036 0.045 0.349 0.332 0.019 0.177 0.032 0.049 0.011 0.382 0.111 0.124 0.182 0.409 0.397 0.824 0.031 0.054 0.117 0.021 0.022 1 0.717 0.04 0.058 0.04 0.642 0.048 0.163 0 0.162 0.098 0.02 0.084 0.004 0.239 0.185 0.002 0.024 0.168 0.11 0 0.064 0.014 0.035 0.02 0.02 0.11 0.046 0.011 0.037 0.026 0.008 0.033 0.047 0.032 0.019 0.034 0.035 0.034 0.064 0.02 0.003 0.001 0.017 0.024
0.125 0.114 0.139 0.346 0.163 0.021 0.1 0.088 0.044 0.045 0.037 0.241 0.256 0.023 0.123 0.026 0.055 0.007 0.244 0.059 0.148 0.045 0.229 0.28 0.617 0.038 0.06 0.083 0.017 0.018 0.717 1 0.024 0.255 0.232 0.836 0.058 0.107 0.013 0.194 0.143 0.028 0.068 0.001 0.399 0.173 0 0.053 0.201 0.152 0.002 0.107 0.01 0.043 0.027 0.046 0.144 0.055 0.013 0.028 0.033 0.003 0.066 0.057 0.066 0.02 0.027 0.047 0.028 0.106 0.005 0.01 0.005 0.016 0.031
0.016 0.021 0.02 0.005 0.006 0.209 0.004 0.003 0.002 0 0.001 0.032 0.031 0.001 0.005 0.001 0.002 0 0.022 0.13 0 0.009 0.005 0.026 0.011 0.001 0.002 0.196 0.023 0.034 0.04 0.024 1 0.007 0.006 0.029 0.002 0.008 0.036 0.007 0.008 0.001 0.259 0.006 0.016 0.013 0.072 0.038 0.007 0.009 0.05 0 0.192 0.001 0.001 0.03 0 0.002 0 0.236 0.001 0.003 0.03 0.002 0.036 0.001 0.001 0.002 0.001 0 0.001 0 0.048 0.001 0.001
0.077 0.058 0.084 0.015 0.229 0.014 0.247 0.207 0.087 0.013 0.003 0.112 0.134 0.006 0.331 0.005 0.018 0.037 0.112 0.017 0.05 0.019 0.003 0.125 0.045 0.01 0.019 0.02 0.005 0.005 0.058 0.255 0.007 1 0.859 0.222 0.015 0.06 0.251 0.054 0.062 0.11 0.004 0.213 0.238 0.023 0.003 0.039 0.056 0.06 0.005 0.03 0.009 0.011 0.007 0.031 0.032 0.016 0.003 0.006 0.001 0.018 0.051 0.011 0.038 0.006 0.008 0.013 0.006 0.026 0.002 0.045 0.005 0.002 0.007
0.051 0.056 0.054 0.007 0.154 0.012 0.289 0.243 0.1 0.012 0.003 0.077 0.098 0.005 0.231 0.005 0.015 0.043 0.075 0.015 0.044 0.026 0 0.085 0.027 0.009 0.017 0.015 0.004 0.005 0.04 0.232 0.006 0.859 1 0.203 0.013 0.053 0.228 0.047 0.054 0.126 0.011 0.177 0.299 0.018 0.003 0.076 0.049 0.056 0.004 0.067 0.005 0.01 0.006 0.064 0.057 0.014 0.003 0.003 0.025 0.015 0.065 0.014 0.073 0.005 0.007 0.012 0.005 0.063 0.002 0.052 0.004 0.004 0.006
0.109 0.097 0.12 0.415 0.139 0.016 0.103 0.092 0.055 0.051 0.033 0.224 0.24 0.026 0.122 0.023 0.069 0.005 0.222 0.049 0.178 0.059 0.285 0.257 0.551 0.009 0.076 0.07 0.014 0.015 0.642 0.836 0.029 0.222 0.203 1 0.067 0.203 0.004 0.235 0.161 0.024 0.066 0 0.482 0.219 0 0.065 0.243 0.174 0 0.122 0.008 0.049 0.032 0.057 0.176 0.064 0.006 0.025 0.046 0.052 0.078 0.067 0.08 0.028 0.025 0.046 0.025 0.12 0.017 0.008 0.002 0.021 0.041
0.035 0.029 0.029 0.063 0.013 0.004 0.008 0.007 0.004 0.004 0.002 0.028 0.031 0.016 0.01 0.002 0.005 0.001 0.021 0.007 0.014 0.199 0.084 0.025 0.038 0.003 0.006 0.006 0.001 0.002 0.048 0.058 0.002 0.015 0.013 0.067 1 0 0.03 0.015 0.017 0.002 0.005 0.01 0.025 0.098 0.001 0.024 0.013 0.004 0.001 0.023 0.03 0.003 0.003 0.023 0.018 0.616 0.001 0.002 0.007 0.001 0.023 0.603 0.024 0.003 0.002 0.004 0.002 0.02 0.001 0.001 0.001 0.063 0.003
0.016 0.02 0.021 0.204 0.041 0.015 0.017 0.014 0.002 0.015 0.109 0.012 0.011 0.007 0.02 0.006 0.015 0.004 0.012 0.012 0.049 0.048 0.131 0.009 0.161 0.056 0.017 0.013 0.005 0.005 0.163 0.107 0.008 0.06 0.053 0.203 0 1 0.209 0.06 0.055 0.007 0.018 0.088 0.337 0.053 0 0.085 0.062 0.064 0 0.077 0.001 0.013 0.012 0.082 0.079 0 0.004 0.007 0.023 0.245 0.08 0 0.09 0.011 0.108 0.015 0.097 0.072 0 0.004 0.003 0.004 0.012
0.061 0.058 0.075 0.001 0.027 0.025 0.048 0.038 0.012 0.07 0.02 0.031 0.034 0 0.067 0.019 0.085 0.007 0.025 0.002 0.248 0.02 0.081 0.03 0.004 0.033 0.093 0.008 0.018 0.019 0 0.013 0.036 0.251 0.228 0.004 0.03 0.209 1 0.289 0.225 0.032 0.085 0.376 0 0.079 0 0.324 0.253 0.168 0.002 0.217 0.014 0.06 0.021 0.229 0.255 0.038 0.005 0.034 0.109 0.064 0.221 0.04 0.259 0.012 0.027 0.06 0.02 0.214 0.012 0.011 0.002 0.008 0.023
0.006 0.004 0.005 0.053 0.039 0.012 0.024 0.022 0.013 0.181 0.008 0.067 0.074 0.004 0.031 0.005 0.304 0.003 0.073 0.021 0.802 0.073 0.237 0.078 0.146 0.01 0.331 0.02 0.005 0.005 0.162 0.194 0.007 0.054 0.047 0.235 0.015 0.06 0.289 1 0.844 0.007 0.016 0.163 0.131 0.03 0.003 0.59 0.926 0.761 0.005 0.655 0.01 0.208 0.074 0.455 0.732 0.018 0.003 0.005 0.253 0.022 0.521 0.018 0.562 0.074 0.008 0.19 0.006 0.645 0.004 0.004 0.005 0.009 0.112
0 0 0 0.027 0.013 0.007 0 0 0 0.152 0.009 0.025 0.031 0.004 0.002 0.006 0.267 0.004 0.027 0.015 0.67 0.083 0.168 0.029 0.085 0.011 0.291 0.014 0 0 0.098 0.143 0.008 0.062 0.054 0.161 0.017 0.055 0.225 0.844 1 0.007 0.01 0.186 0.149 0.041 0.004 0.655 0.778 0.828 0.005 0.699 0.011 0.161 0.063 0.506 0.624 0.02 0.004 0.006 0.213 0.025 0.574 0.021 0.61 0.062 0.009 0.146 0.007 0.719 0.041 0.004 0.006 0.011 0.096
0.001 0.011 0.011 0.025 0.006 0.002 0.004 0.003 0.002 0.002 0.001 0.01 0 0.001 0.005 0.001 0.002 0 0.011 0.003 0.005 0.08 0.037 0.011 0.018 0.001 0.002 0.003 0.001 0.001 0.02 0.028 0.001 0.11 0.126 0.024 0.002 0.007 0.032 0.007 0.007 1 0.002 0.014 0.033 0.041 0 0.011 0.007 0.008 0.001 0.01 0.001 0.001 0.001 0.009 0.009 0.001 0 0.001 0.004 0.003 0.01 0.001 0.012 0.001 0.001 0.002 0.001 0.009 0 0 0.001 0.001 0.001
0.063 0.039 0.077 0.027 0.007 0.259 0.008 0.007 0.004 0.001 0.002 0.094 0.087 0.001 0.012 0.002 0.005 0.001 0.086 0.153 0.003 0.016 0.023 0.096 0.044 0.003 0.006 0.232 0.1 0.11 0.084 0.068 0.259 0.004 0.011 0.066 0.005 0.018 0.085 0.016 0.01 0.002 1 0 0.039 0.031 0.001 0.175 0.017 0.017 0.001 0.015 0.306 0.003 0.003 0.135 0.008 0.005 0.001 0.372 0.021 0.007 0.075 0.005 0.113 0.003 0.002 0 0.002 0.012 0.001 0.001 0.001 0.003 0.003
0.036 0.025 0.038 0.003 0.066 0.025 0.125 0.109 0.054 0.039 0.014 0.018 0.021 0.013 0.152 0.014 0.03 0.01 0.016 0.041 0.117 0.008 0.043 0.016 0.005 0.021 0.035 0.034 0.013 0.014 0.004 0.001 0.006 0.213 0.177 0 0.01 0.088 0.376 0.163 0.186 0.014 0 1 0.002 0.044 0.009 0.176 0.166 0.178 0.013 0.205 0 0.061 0.012 0.203 0.173 0.011 0.004 0.004 0.067 0.059 0.134 0.013 0.177 0.005 0.021 0.037 0.004 0.204 0.012 0.015 0.013 0.02 0.036
0.005 0.004 0.003 0.202 0.023 0.032 0.084 0.068 0.031 0.032 0.051 0.014 0.023 0.015 0.058 0.011 0.037 0.011 0.014 0 0.111 0.011 0.122 0.02 0.218 0.018 0.041 0 0.011 0.011 0.239 0.399 0.016 0.238 0.299 0.482 0.025 0.337 0 0.131 0.149 0.033 0.039 0.002 1 0.112 0.002 0.221 0.136 0.17 0.004 0.2 0.024 0.027 0.026 0.211 0.171 0.035 0.008 0.016 0.058 0.17 0.206 0.036 0.23 0.023 0.048 0.032 0.044 0.188 0.01 0.018 0.008 0.009 0.026
0.052 0.042 0.045 0.141 0.045 0.002 0.041 0.048 0.025 0.002 0.015 0.049 0.038 0.046 0.041 0.005 0.032 0.001 0.063 0.014 0.024 0.173 0.047 0.072 0.158 0.006 0.035 0.029 0.005 0.006 0.185 0.173 0.013 0.023 0.018 0.219 0.098 0.053 0.079 0.03 0.041 0.041 0.031 0.044 0.112 1 0.007 0.085 0.033 0.038 0.001 0.046 0 0.008 0.001 0.053 0.032 0.115 0.015 0.013 0.035 0.038 0.058 0.122 0.062 0.003 0.001 0.001 0.011 0.042 0.006 0.002 0 0.049 0.006
0.001 0.002 0.002 0.003 0.003 0.031 0.002 0.002 0.001 0.001 0.001 0.007 0.006 0 0.002 0 0.001 0 0.008 0.028 0.003 0 0.001 0.009 0.002 0.001 0.001 0.03 0.009 0.009 0.002 0 0.072 0.003 0.003 0 0.001 0 0 0.003 0.004 0 0.001 0.009 0.002 0.007 1 0.006 0.004 0.004 0.727 0.005 0.001 0.001 0.001 0.006 0.005 0.001 0 0 0.002 0.001 0.005 0.001 0.006 0.001 0.003 0.001 0 0.005 0 0 0.551 0.002 0.001
0.017 0.011 0.021 0.007 0.004 0.027 0.004 0.002 0 0.112 0.013 0 0.001 0.006 0 0.009 0.178 0.006 0 0.005 0.515 0.087 0.105 0 0.032 0.017 0.194 0.015 0.01 0.012 0.024 0.053 0.038 0.039 0.076 0.065 0.024 0.085 0.324 0.59 0.655 0.011 0.175 0.176 0.221 0.085 0.006 1 0.611 0.645 0.008 0.752 0.042 0.123 0.037 0.794 0.644 0.03 0.006 0.07 0.283 0.037 0.774 0.031 0.875 0.037 0.013 0.143 0.01 0.722 0.039 0.006 0.008 0.016 0.066
0.005 0.005 0.006 0.057 0.041 0.013 0.025 0.023 0.013 0.175 0.008 0.07 0.077 0.004 0.032 0.006 0.26 0.003 0.068 0.021 0.737 0.05 0.247 0.081 0.151 0.01 0.286 0.02 0.005 0.006 0.168 0.201 0.007 0.056 0.049 0.243 0.013 0.062 0.253 0.926 0.778 0.007 0.017 0.166 0.136 0.033 0.004 0.611 1 0.787 0.005 0.671 0.01 0.201 0.071 0.475 0.758 0.018 0.004 0.005 0.262 0.023 0.537 0.019 0.582 0.071 0.008 0.206 0.006 0.641 0.004 0.004 0.005 0.01 0.117
0 0 0 0.036 0.012 0.016 0 0 0.001 0.129 0.01 0.034 0.041 0.005 0.002 0.007 0.234 0.004 0.031 0.027 0.604 0.045 0.195 0.038 0.096 0.013 0.255 0.026 0.007 0.007 0.11 0.152 0.009 0.06 0.056 0.174 0.004 0.064 0.168 0.761 0.828 0.008 0.017 0.178 0.17 0.038 0.004 0.645 0.787 1 0.006 0.754 0.013 0.161 0.076 0.561 0.655 0.008 0.004 0.007 0.235 0.029 0.627 0.009 0.661 0.07 0.01 0.163 0.008 0.715 0.052 0.005 0.006 0.012 0.103
0.001 0.002 0.003 0.002 0 0.02 0.003 0.002 0.001 0.001 0.001 0.007 0.006 0.001 0.003 0 0.002 0 0.008 0.017 0.004 0.001 0 0.009 0.001 0.001 0.002 0.019 0.006 0.006 0 0.002 0.05 0.005 0.004 0 0.001 0 0.002 0.005 0.005 0.001 0.001 0.013 0.004 0.001 0.727 0.008 0.005 0.006 1 0.007 0.001 0.001 0.001 0.008 0.006 0.002 0 0.001 0.003 0.002 0.008 0.002 0.008 0.001 0.002 0.001 0.001 0.007 0 0 0.66 0.029 0.001
0.005 0.002 0.007 0.012 0.002 0 0.002 0.001 0 0.12 0.012 0.007 0.011 0.001 0.001 0.008 0.198 0.005 0.008 0.011 0.523 0.065 0.132 0.011 0.058 0.015 0.216 0.009 0.006 0.004 0.064 0.107 0 0.03 0.067 0.122 0.023 0.077 0.217 0.655 0.699 0.01 0.015 0.205 0.2 0.046 0.005 0.752 0.671 0.754 0.007 1 0.015 0.136 0.098 0.742 0.849 0.027 0.005 0.008 0.321 0.034 0.742 0.028 0.861 0.117 0.012 0.157 0.009 0.923 0.035 0.005 0.008 0.014 0.132
0.003 0.005 0.005 0 0.008 0.122 0.005 0.004 0.002 0.001 0.001 0.01 0.009 0 0.006 0.001 0.003 0.001 0.006 0.072 0.001 0.001 0 0.008 0 0.002 0.004 0.132 0.061 0.058 0.014 0.01 0.192 0.009 0.005 0.008 0.03 0.001 0.014 0.01 0.011 0.001 0.306 0 0.024 0 0.001 0.042 0.01 0.013 0.001 0.015 1 0.002 0.002 0.044 0.013 0.025 0.001 0.611 0.005 0.004 0.038 0.024 0.025 0.002 0.001 0.002 0.001 0.014 0.001 0.001 0.001 0.002 0.002
0.022 0.03 0.029 0.006 0.008 0.003 0.006 0.006 0.003 0.025 0.002 0.006 0.006 0.001 0.008 0.001 0.004 0.001 0.02 0.005 0.159 0.016 0.04 0.019 0.034 0.002 0.004 0.005 0.001 0.001 0.035 0.043 0.001 0.011 0.01 0.049 0.003 0.013 0.06 0.208 0.161 0.001 0.003 0.061 0.027 0.008 0.001 0.123 0.201 0.161 0.001 0.136 0.002 1 0.001 0.122 0.141 0.004 0.001 0.001 0.001 0.005 0.103 0.004 0.119 0.002 0.002 0.485 0.001 0.12 0.001 0.001 0.001 0.002 0.001
0.01 0.007 0.007 0.013 0.005 0.001 0.002 0.002 0.003 0.422 0.002 0.011 0.013 0.006 0.008 0.001 0.002 0.001 0.019 0.005 0.083 0.004 0.028 0.018 0.025 0.002 0.003 0.004 0.001 0.001 0.02 0.027 0.001 0.007 0.006 0.032 0.003 0.012 0.021 0.074 0.063 0.001 0.003 0.012 0.026 0.001 0.001 0.037 0.071 0.076 0.001 0.098 0.002 0.001 1 0.092 0.116 0.004 0.001 0.001 0.006 0.004 0.071 0.004 0.084 0.336 0.002 0.001 0.001 0.079 0.001 0.001 0.001 0.002 0.492
0.018 0.012 0.022 0.003 0.003 0.02 0.002 0.001 0 0.115 0.012 0 0 0 0.001 0.009 0.082 0.005 0 0.001 0.392 0.065 0.083 0.001 0.031 0.016 0.088 0.006 0.002 0.003 0.02 0.046 0.03 0.031 0.064 0.057 0.023 0.082 0.229 0.455 0.506 0.009 0.135 0.203 0.211 0.053 0.006 0.794 0.475 0.561 0.008 0.742 0.044 0.122 0.092 1 0.623 0.029 0.006 0.074 0.175 0.036 0.784 0.03 0.878 0.111 0.013 0.142 0.009 0.695 0.047 0.006 0.008 0.015 0.125
0 0.003 0 0.034 0.023 0 0.033 0.03 0.017 0.141 0.01 0.031 0.037 0 0.014 0.007 0.23 0.004 0.034 0.007 0.584 0.05 0.179 0.042 0.102 0.013 0.243 0.006 0.005 0.003 0.11 0.144 0 0.032 0.057 0.176 0.018 0.079 0.255 0.732 0.624 0.009 0.008 0.173 0.171 0.032 0.005 0.644 0.758 0.655 0.006 0.849 0.013 0.141 0.116 0.623 1 0.023 0.005 0.007 0.319 0.029 0.608 0.024 0.744 0.137 0.01 0.166 0.008 0.802 0.005 0.005 0.006 0.012 0.154
0.02 0.015 0.015 0.045 0.008 0.005 0.003 0.002 0.004 0.004 0 0.016 0.019 0.014 0.005 0.001 0.006 0.001 0.012 0.003 0.016 0.136 0.046 0.015 0.028 0.003 0.006 0.003 0.002 0.002 0.046 0.055 0.002 0.016 0.014 0.064 0.616 0 0.038 0.018 0.02 0.001 0.005 0.011 0.035 0.115 0.001 0.03 0.018 0.008 0.002 0.027 0.025 0.004 0.004 0.029 0.023 1 0.001 0.002 0.01 0.007 0.028 0.96 0.031 0.003 0.003 0.004 0.002 0.026 0.001 0.001 0.002 0.105 0.004
0.007 0.006 0.006 0.013 0.003 0.001 0.002 0.002 0.001 0.001 0 0.002 0.002 0 0.002 0 0.001 0 0.006 0.001 0.003 0 0.003 0.005 0.01 0.082 0.001 0.001 0 0 0.011 0.013 0 0.003 0.003 0.006 0.001 0.004 0.005 0.003 0.004 0 0.001 0.004 0.008 0.015 0 0.006 0.004 0.004 0 0.005 0.001 0.001 0.001 0.006 0.005 0.001 1 0 0.002 0.001 0.005 0.001 0.006 0.001 0 0.001 0 0.005 0 0 0 0.001 0.001
0.012 0.016 0.016 0.002 0.005 0.171 0.003 0.003 0.002 0 0.001 0.026 0.026 0.001 0.004 0.001 0.002 0 0.017 0.106 0 0.008 0.005 0.02 0.006 0.001 0.002 0.178 0.1 0.095 0.037 0.028 0.236 0.006 0.003 0.025 0.002 0.007 0.034 0.005 0.006 0.001 0.372 0.004 0.016 0.013 0 0.07 0.005 0.007 0.001 0.008 0.611 0.001 0.001 0.074 0.007 0.002 0 1 0.004 0.003 0.063 0.002 0.045 0.001 0.001 0 0.001 0.007 0 0 0.001 0.001 0.001
0.009 0.024 0.009 0.033 0 0.004 0.016 0.014 0.007 0.002 0.004 0.007 0.009 0.001 0.001 0.003 0.558 0.001 0.002 0.008 0.243 0.024 0.064 0.005 0.019 0.005 0.608 0.008 0.003 0.001 0.026 0.033 0.001 0.001 0.025 0.046 0.007 0.023 0.109 0.253 0.213 0.004 0.021 0.067 0.058 0.035 0.002 0.283 0.262 0.235 0.003 0.321 0.005 0.001 0.006 0.175 0.319 0.01 0.002 0.004 1 0.012 0.247 0.01 0.272 0.005 0 0.007 0.003 0.311 0.002 0.002 0.003 0.005 0.002
0.026 0.036 0.037 0.053 0.015 0.005 0.008 0.007 0.004 0.005 0.003 0.028 0.037 0.002 0.012 0.002 0.007 0.001 0.032 0.008 0.02 0.015 0.047 0.03 0.008 0.172 0.008 0.008 0.001 0.001 0.008 0.003 0.003 0.018 0.015 0.052 0.001 0.245 0.064 0.022 0.025 0.003 0.007 0.059 0.17 0.038 0.001 0.037 0.023 0.029 0.002 0.034 0.004 0.005 0.004 0.036 0.029 0.007 0.001 0.003 0.012 1 0.035 0.008 0.039 0.004 0.003 0.005 0.002 0.032 0.002 0.001 0.002 0.001 0.004
0.003 0.008 0.008 0.011 0.008 0.016 0.002 0.001 0 0.091 0.012 0.002 0.004 0 0 0.008 0.192 0.005 0.004 0 0.487 0.064 0.101 0.005 0.047 0.016 0.209 0.004 0 0.001 0.033 0.066 0.03 0.051 0.065 0.078 0.023 0.08 0.221 0.521 0.574 0.01 0.075 0.134 0.206 0.058 0.005 0.774 0.537 0.627 0.008 0.742 0.038 0.103 0.071 0.784 0.608 0.028 0.005 0.063 0.247 0.035 1 0.029 0.855 0.114 0.012 0.148 0.009 0.685 0.042 0.006 0.008 0.013 0.1
0.021 0.016 0.016 0.047 0.008 0.005 0.003 0.003 0.004 0.004 0 0.017 0.02 0.013 0.006 0.002 0.006 0.001 0.013 0.003 0.017 0.145 0.05 0.016 0.03 0.003 0.006 0.003 0.002 0.002 0.047 0.057 0.002 0.011 0.014 0.067 0.603 0 0.04 0.018 0.021 0.001 0.005 0.013 0.036 0.122 0.001 0.031 0.019 0.009 0.002 0.028 0.024 0.004 0.004 0.03 0.024 0.96 0.001 0.002 0.01 0.008 0.029 1 0.032 0.003 0.003 0.004 0.002 0.027 0.001 0.001 0.002 0.13 0.004
0.011 0.006 0.014 0.009 0.004 0.013 0.003 0.002 0 0.107 0.014 0.001 0.002 0.001 0 0.009 0.172 0.006 0.002 0 0.494 0.074 0.107 0.003 0.045 0.017 0.181 0.002 0 0 0.032 0.066 0.036 0.038 0.073 0.08 0.024 0.09 0.259 0.562 0.61 0.012 0.113 0.177 0.23 0.062 0.006 0.875 0.582 0.661 0.008 0.861 0.025 0.119 0.084 0.878 0.744 0.031 0.006 0.045 0.272 0.039 0.855 0.032 1 0.102 0.014 0.138 0.01 0.811 0.038 0.006 0.009 0.015 0.115
0.003 0.002 0.002 0.006 0.005 0.001 0.002 0.001 0.002 0.18 0.001 0.009 0.011 0.007 0.007 0.001 0.002 0.001 0.017 0.004 0.074 0.003 0.027 0.016 0.019 0.002 0.002 0.004 0.001 0.001 0.019 0.02 0.001 0.006 0.005 0.028 0.003 0.011 0.012 0.074 0.062 0.001 0.003 0.005 0.023 0.003 0.001 0.037 0.071 0.07 0.001 0.117 0.002 0.002 0.336 0.111 0.137 0.003 0.001 0.001 0.005 0.004 0.114 0.003 0.102 1 0.001 0.002 0.001 0.095 0.001 0.001 0.001 0.002 0.411
0.004 0.004 0.004 0.026 0.004 0.002 0.001 0.001 0 0.002 0.006 0.003 0.003 0.001 0.002 0.001 0.003 0.001 0.003 0 0.007 0.006 0.017 0.002 0.035 0.001 0.003 0 0.001 0.001 0.034 0.027 0.001 0.008 0.007 0.025 0.002 0.108 0.027 0.008 0.009 0.001 0.002 0.021 0.048 0.001 0.003 0.013 0.008 0.01 0.002 0.012 0.001 0.002 0.002 0.013 0.01 0.003 0 0.001 0 0.003 0.012 0.003 0.014 0.001 1 0.002 0.001 0.011 0.001 0.001 0.001 0.001 0.002
0.022 0.03 0.03 0.005 0.009 0.001 0.007 0.006 0.003 0.016 0.002 0.006 0.006 0.001 0.009 0.001 0.004 0.001 0.016 0.002 0.138 0.009 0.042 0.017 0.034 0.002 0.005 0.002 0 0 0.035 0.047 0.002 0.013 0.012 0.046 0.004 0.015 0.06 0.19 0.146 0.002 0 0.037 0.032 0.001 0.001 0.143 0.206 0.163 0.001 0.157 0.002 0.485 0.001 0.142 0.166 0.004 0.001 0 0.007 0.005 0.148 0.004 0.138 0.002 0.002 1 0.001 0.144 0.001 0.001 0.001 0.002 0
0.008 0.01 0.011 0.019 0.005 0.002 0.003 0.003 0.001 0.001 0.001 0.011 0.001 0.001 0.004 0.001 0 0 0.01 0.002 0.002 0.008 0.012 0.009 0.027 0.001 0 0.002 0.001 0.001 0.034 0.028 0.001 0.006 0.005 0.025 0.002 0.097 0.02 0.006 0.007 0.001 0.002 0.004 0.044 0.011 0 0.01 0.006 0.008 0.001 0.009 0.001 0.001 0.001 0.009 0.008 0.002 0 0.001 0.003 0.002 0.009 0.002 0.01 0.001 0.001 0.001 1 0.008 0 0 0.001 0.001 0.001
0.003 0.001 0.006 0.014 0.001 0.001 0.001 0 0 0.114 0.011 0.005 0.009 0.001 0.002 0.008 0.209 0.005 0.009 0.013 0.511 0.066 0.126 0.01 0.058 0.014 0.227 0.011 0.005 0.004 0.064 0.106 0 0.026 0.063 0.12 0.02 0.072 0.214 0.645 0.719 0.009 0.012 0.204 0.188 0.042 0.005 0.722 0.641 0.715 0.007 0.923 0.014 0.12 0.079 0.695 0.802 0.026 0.005 0.007 0.311 0.032 0.685 0.027 0.811 0.095 0.011 0.144 0.008 1 0.042 0.005 0.007 0.013 0.128
0.028 0.034 0.033 0.015 0.032 0.001 0.125 0.137 0.118 0.001 0.001 0.039 0.036 0 0.095 0 0.001 0 0.037 0.002 0.004 0.004 0.01 0.04 0.021 0.001 0.001 0.002 0 0 0.02 0.005 0.001 0.002 0.002 0.017 0.001 0 0.012 0.004 0.041 0 0.001 0.012 0.01 0.006 0 0.039 0.004 0.052 0 0.035 0.001 0.001 0.001 0.047 0.005 0.001 0 0 0.002 0.002 0.042 0.001 0.038 0.001 0.001 0.001 0 0.042 1 0 0 0.001 0.001
0.002 0.002 0.002 0.006 0 0.001 0 0 0.001 0.001 0.001 0.001 0.001 0 0.002 0 0.001 0.412 0.001 0.001 0.003 0.024 0.008 0.001 0.004 0.001 0.001 0.001 0 0 0.003 0.01 0 0.045 0.052 0.008 0.001 0.004 0.011 0.004 0.004 0 0.001 0.015 0.018 0.002 0 0.006 0.004 0.005 0 0.005 0.001 0.001 0.001 0.006 0.005 0.001 0 0 0.002 0.001 0.006 0.001 0.006 0.001 0.001 0.001 0 0.005 0 1 0 0.001 0.001
0.001 0.003 0.002 0 0 0.022 0.003 0.002 0.001 0.001 0.001 0.007 0.006 0.001 0.003 0 0.002 0 0.008 0.019 0.005 0.004 0 0.009 0 0.001 0.002 0.02 0.009 0.008 0.001 0.005 0.048 0.005 0.004 0.002 0.001 0.003 0.002 0.005 0.006 0.001 0.001 0.013 0.008 0 0.551 0.008 0.005 0.006 0.66 0.008 0.001 0.001 0.001 0.008 0.006 0.002 0 0.001 0.003 0.002 0.008 0.002 0.009 0.001 0.001 0.001 0.001 0.007 0 0 1 0.058 0.001
0.007 0.005 0.005 0.015 0.003 0 0.005 0.005 0.002 0.002 0 0.001 0.002 0.034 0.007 0.001 0.003 0.001 0.002 0 0.007 0.048 0.012 0.004 0.005 0.002 0.003 0 0.001 0.001 0.017 0.016 0.001 0.002 0.004 0.021 0.063 0.004 0.008 0.009 0.011 0.001 0.003 0.02 0.009 0.049 0.002 0.016 0.01 0.012 0.029 0.014 0.002 0.002 0.002 0.015 0.012 0.105 0.001 0.001 0.005 0.001 0.013 0.13 0.015 0.002 0.001 0.002 0.001 0.013 0.001 0.001 0.058 1 0.002
0.003 0.001 0.001 0.006 0.006 0 0.002 0.002 0.003 0.27 0.002 0.011 0.013 0.006 0.008 0.001 0.003 0.001 0.019 0.005 0.114 0.003 0.047 0.018 0.029 0.002 0.003 0.004 0.001 0.001 0.024 0.031 0.001 0.007 0.006 0.041 0.003 0.012 0.023 0.112 0.096 0.001 0.003 0.036 0.026 0.006 0.001 0.066 0.117 0.103 0.001 0.132 0.002 0.001 0.492 0.125 0.154 0.004 0.001 0.001 0.002 0.004 0.1 0.004 0.115 0.411 0.002 0 0.001 0.128 0.001 0.001 0.001 0.002 1
