1 0.887 0.894 0.484 0.368 0.16 0.254 0.222 0.077 0.036 0.033 0.573 0.523 0 0.254 0.034 0.028 0.009 0.548 0.181 0.004 0.122 0.117 0.563 0.3 0.016 0.032 0.181 0.042 0.042 0.247 0.133 0.041 0.063 0.055 0.1 0.022 0.009 0.076 0.004 0 0.01 0.052 0.032 0.02 0.041 0.021 0.006 0.005 0.001 0.026 0.001 0.013 0.04 0.005 0.004 0 0.003 0.02 0.014 0.028 0.007 0.004 0.004 0.005 0.001 0.003 0.038 0.006 0 0.011 0.001 0.028 0.006 0.001
0.887 1 0.978 0.473 0.396 0.179 0.285 0.248 0.086 0.032 0.037 0.636 0.585 0.001 0.277 0.039 0.025 0.008 0.592 0.203 0.002 0.12 0.109 0.617 0.303 0.032 0.029 0.202 0.047 0.047 0.252 0.136 0.047 0.072 0.066 0.091 0.019 0.025 0.096 0.002 0 0.013 0.054 0.04 0.011 0.031 0.023 0.008 0.004 0 0.029 0.002 0.016 0.046 0.003 0.006 0 0.002 0.021 0.017 0.028 0.03 0.007 0.002 0.007 0.001 0.003 0.042 0.01 0.001 0.013 0.001 0.032 0.004 0
0.894 0.978 1 0.484 0.411 0.178 0.284 0.247 0.086 0.032 0.037 0.644 0.592 0.001 0.283 0.038 0.025 0.008 0.607 0.202 0.002 0.119 0.108 0.632 0.315 0.032 0.029 0.202 0.047 0.047 0.258 0.137 0.047 0.072 0.063 0.092 0.02 0.024 0.095 0.002 0 0.013 0.059 0.039 0.011 0.031 0.023 0.009 0.004 0 0.029 0.002 0.016 0.046 0.003 0.006 0 0.002 0.018 0.016 0.027 0.03 0.008 0.002 0.008 0.001 0.003 0.045 0.01 0.001 0.013 0.001 0.032 0.004 0
0.484 0.473 0.484 1 0.239 0.047 0.159 0.142 0.048 0.056 0.021 0.299 0.299 0 0.164 0.024 0.044 0.014 0.276 0.059 0.024 0.227 0.274 0.294 0.529 0.001 0.047 0.059 0.027 0.027 0.459 0.298 0.004 0.021 0.018 0.326 0.034 0.214 0 0.038 0.024 0.022 0.03 0 0.239 0.117 0 0.008 0.045 0.033 0.001 0.015 0.004 0.022 0.013 0.011 0.027 0.009 0.034 0.001 0.05 0.062 0.009 0.011 0.01 0.007 0.008 0.008 0.025 0.019 0.007 0.001 0.002 0.02 0.005
0.368 0.396 0.411 0.239 1 0.018 0.576 0.509 0.149 0.014 0.004 0.428 0.402 0.003 0.592 0.09 0.011 0.003 0.427 0.022 0.027 0.067 0.12 0.443 0.244 0.013 0.013 0.022 0.005 0.005 0.215 0.157 0.007 0.248 0.221 0.14 0.008 0.03 0.057 0.023 0.01 0.006 0.001 0.073 0.078 0.041 0.004 0.012 0.026 0.009 0 0.01 0.004 0.001 0.002 0.016 0.027 0.006 0.008 0.005 0.012 0.012 0.01 0.006 0.011 0.002 0.001 0.001 0.004 0.006 0.023 0 0.002 0.008 0.003
0.16 0.179 0.178 0.047 0.018 1 0.013 0.01 0.004 0.006 0.002 0.203 0.184 0.025 0.013 0.002 0.005 0.001 0.168 0.696 0.017 0.01 0.032 0.164 0.091 0.006 0.005 0.662 0.263 0.268 0.056 0.02 0.266 0.021 0.02 0.003 0.003 0.013 0.011 0.009 0.01 0.002 0.235 0.027 0.042 0 0.108 0.015 0.01 0.013 0.086 0.002 0.099 0.004 0.001 0.017 0.003 0.002 0.004 0.103 0.005 0.006 0.015 0.002 0.015 0.001 0.001 0.001 0.002 0.001 0.001 0.001 0.138 0.002 0.001
0.254 0.285 0.284 0.159 0.576 0.013 1 0.79 0.279 0.01 0.003 0.293 0.258 0.002 0.786 0.003 0.007 0.002 0.302 0.016 0.017 0.048 0.068 0.314 0.175 0.009 0.009 0.016 0.003 0.004 0.174 0.12 0.005 0.32 0.332 0.116 0.006 0.02 0.1 0.014 0.002 0.004 0.007 0.16 0.143 0.042 0.003 0.006 0.016 0.001 0.004 0.006 0.003 0.006 0.001 0.005 0.022 0.003 0.008 0.003 0.007 0.008 0.005 0.004 0.006 0.001 0.001 0.008 0.003 0.002 0.055 0 0.006 0.011 0.001
0.222 0.248 0.247 0.142 0.509 0.01 0.79 1 0.353 0.008 0.002 0.248 0.22 0.002 0.677 0.002 0.006 0.002 0.256 0.012 0.011 0.038 0.061 0.266 0.15 0.007 0.007 0.012 0.003 0.003 0.146 0.1 0.004 0.243 0.25 0.099 0.005 0.014 0.066 0.016 0.001 0.003 0.005 0.114 0.108 0.044 0.002 0.005 0.018 0.001 0.003 0.005 0.003 0.005 0 0.004 0.023 0.002 0.006 0.003 0.012 0.006 0.004 0.002 0.004 0 0.001 0.007 0.002 0.002 0.071 0 0.004 0.009 0
0.077 0.086 0.086 0.048 0.149 0.004 0.279 0.353 1 0.003 0.001 0.1 0.088 0.001 0.275 0.001 0.002 0.001 0.103 0.005 0.009 0.011 0.026 0.106 0.062 0.003 0.003 0.005 0.001 0.001 0.067 0.042 0.002 0.071 0.068 0.046 0.002 0.003 0.012 0.011 0 0.001 0.002 0.045 0.029 0.024 0.001 0 0.012 0 0.001 0.001 0.001 0.002 0.003 0 0.014 0.002 0.002 0.001 0.005 0.003 0 0.002 0 0.003 0.002 0.002 0.001 0 0.147 0.001 0.002 0.003 0.003
0.036 0.032 0.032 0.056 0.014 0.006 0.01 0.008 0.003 1 0.001 0.021 0.013 0.001 0.01 0.001 0.004 0.001 0.014 0.007 0.316 0.021 0.089 0.026 0.044 0.005 0.004 0.007 0.002 0.002 0.023 0.033 0.003 0.013 0.013 0.038 0.003 0.012 0.078 0.192 0.155 0.002 0.001 0.028 0.029 0.02 0.001 0.154 0.178 0.134 0.002 0.134 0.006 0.001 0.229 0.141 0.149 0.003 0.003 0.006 0 0.005 0.127 0.003 0.145 0.145 0.001 0.004 0.001 0.136 0.001 0.001 0.001 0.003 0.098
0.033 0.037 0.037 0.021 0.004 0.002 0.003 0.002 0.001 0.001 1 0.043 0.038 0 0.003 0 0.001 0 0.045 0.179 0.004 0.006 0.013 0.046 0.027 0.001 0.001 0.179 0 0 0.029 0.022 0.001 0.005 0.005 0.02 0.001 0.099 0.016 0.004 0.005 0.001 0.001 0.012 0.036 0.009 0.011 0.007 0.005 0.005 0.009 0.006 0 0.001 0.001 0.007 0.006 0 0.001 0 0.002 0.001 0.007 0 0.007 0.001 0 0.001 0 0.006 0 0 0.004 0.001 0.001
0.573 0.636 0.644 0.299 0.428 0.203 0.293 0.248 0.1 0.021 0.043 1 0.877 0.001 0.34 0.049 0.016 0.006 0.761 0.232 0.066 0.082 0.192 0.789 0.422 0.012 0.019 0.231 0.054 0.057 0.347 0.226 0.055 0.113 0.101 0.193 0.017 0.015 0.043 0.065 0.046 0.004 0.07 0.009 0.028 0.042 0.038 0.006 0.072 0.044 0.045 0.016 0.019 0.016 0.009 0.003 0.032 0.005 0.005 0.026 0.014 0.024 0.005 0.006 0.006 0.008 0.003 0.006 0.008 0.013 0.034 0 0.047 0 0.01
0.523 0.585 0.592 0.299 0.402 0.184 0.258 0.22 0.088 0.013 0.038 0.877 1 0.001 0.301 0.044 0.018 0.007 0.687 0.22 0.062 0.087 0.192 0.714 0.388 0.005 0.022 0.208 0.048 0.05 0.335 0.225 0.075 0.111 0.1 0.2 0.019 0.012 0.045 0.066 0.048 0.001 0.085 0.009 0.032 0.041 0.034 0.005 0.072 0.046 0.04 0.019 0.035 0.008 0.011 0.004 0.035 0.005 0.003 0.044 0.018 0.02 0.005 0.006 0.005 0.01 0.003 0.003 0.004 0.015 0.03 0 0.041 0.001 0.012
0 0.001 0.001 0 0.003 0.025 0.002 0.002 0.001 0.001 0 0.001 0.001 1 0.002 0 0 0 0.006 0.002 0.002 0.043 0.022 0.006 0.009 0.001 0 0.002 0 0 0.009 0.012 0.001 0.004 0.003 0.013 0 0.003 0.004 0.003 0.003 0 0.001 0.008 0.007 0.026 0 0.004 0.003 0.003 0 0.003 0 0.001 0.041 0.003 0.004 0 0.001 0 0.001 0.001 0.003 0 0.003 0.043 0 0.001 0 0.004 0 0 0.001 0 0.04
0.254 0.277 0.283 0.164 0.592 0.013 0.786 0.677 0.275 0.01 0.003 0.34 0.301 0.002 1 0.003 0.007 0.003 0.379 0.016 0.03 0.049 0.102 0.392 0.228 0.009 0.009 0.016 0.004 0.004 0.221 0.159 0.005 0.388 0.349 0.154 0.006 0.017 0.098 0.033 0.011 0.004 0 0.148 0.158 0.051 0.003 0.01 0.036 0.009 0.004 0.009 0.003 0.006 0.009 0.008 0.033 0.003 0.008 0.003 0.005 0.008 0.008 0.004 0.009 0.009 0.001 0.007 0.003 0.005 0.054 0.001 0.006 0.011 0.009
0.034 0.039 0.038 0.024 0.09 0.002 0.003 0.002 0.001 0.001 0 0.049 0.044 0 0.003 1 0.001 0 0.045 0.002 0.004 0.007 0.014 0.046 0.031 0.001 0.001 0.002 0 0 0.033 0.026 0.001 0.005 0.005 0.023 0.001 0.002 0.017 0.005 0.005 0.001 0.001 0.013 0.006 0 0 0.007 0.005 0.006 0 0.007 0 0.001 0.001 0.007 0.006 0.001 0.001 0 0.002 0.001 0.007 0.001 0.008 0.001 0.001 0.001 0 0.006 0 0 0.001 0.001 0.001
0.028 0.025 0.025 0.044 0.011 0.005 0.007 0.006 0.002 0.004 0.001 0.016 0.018 0 0.007 0.001 1 0.001 0.021 0.006 0.275 0.017 0.08 0.02 0.035 0.004 0.886 0.006 0.001 0.001 0.032 0.041 0.002 0.013 0.012 0.046 0.002 0.01 0.067 0.222 0.21 0.002 0.002 0.031 0.026 0.028 0.001 0.15 0.195 0.184 0.001 0.159 0.001 0.002 0.006 0.128 0.16 0.003 0.003 0.001 0.382 0.004 0.147 0.003 0.142 0.006 0.001 0.003 0.001 0.141 0.001 0.001 0.002 0.004 0.005
0.009 0.008 0.008 0.014 0.003 0.001 0.002 0.002 0.001 0.001 0 0.006 0.007 0 0.003 0 0.001 1 0.007 0.002 0.003 0.033 0.014 0.006 0.011 0.001 0.001 0.002 0 0 0.01 0.011 0.001 0.043 0.046 0.009 0.001 0.003 0.002 0.002 0.002 0 0.001 0.004 0.004 0.003 0 0.004 0.003 0.003 0 0 0 0.001 0.001 0 0 0.001 0.001 0 0.002 0.001 0 0.001 0 0.001 0 0.001 0 0 0 0.244 0.001 0.001 0.003
0.548 0.592 0.607 0.276 0.427 0.168 0.302 0.256 0.103 0.014 0.045 0.761 0.687 0.006 0.379 0.045 0.021 0.007 1 0.255 0.062 0.117 0.232 0.952 0.528 0.027 0.024 0.231 0.056 0.057 0.426 0.268 0.049 0.112 0.1 0.204 0.015 0.016 0.044 0.061 0.037 0.011 0.064 0.015 0.033 0.063 0.039 0.005 0.063 0.037 0.046 0.02 0.014 0.016 0.023 0.008 0.038 0.007 0.017 0.02 0.013 0.025 0.009 0.008 0.01 0.023 0.005 0.003 0.008 0.018 0.017 0 0.049 0.002 0.024
0.181 0.203 0.202 0.059 0.022 0.696 0.016 0.012 0.005 0.007 0.179 0.232 0.22 0.002 0.016 0.002 0.006 0.002 0.255 1 0.02 0.028 0.063 0.251 0.147 0.007 0.006 0.925 0.22 0.223 0.099 0.047 0.221 0.025 0.024 0.018 0.004 0.003 0.003 0.012 0.014 0.003 0.193 0.034 0.008 0.007 0.128 0.007 0.014 0.017 0.102 0.002 0.081 0.004 0.006 0.002 0.001 0 0.005 0.084 0.007 0.007 0.001 0.001 0.001 0.006 0.002 0 0.002 0.003 0.002 0.001 0.144 0.004 0.006
0.004 0.002 0.002 0.024 0.027 0.017 0.017 0.011 0.009 0.316 0.004 0.066 0.062 0.002 0.03 0.004 0.275 0.003 0.062 0.02 1 0.057 0.282 0.076 0.127 0.014 0.287 0.02 0.004 0.005 0.098 0.129 0 0.045 0.042 0.145 0.008 0.036 0.226 0.711 0.629 0.005 0.001 0.133 0.091 0.04 0.004 0.511 0.649 0.551 0.005 0.499 0 0.129 0.133 0.453 0.526 0.009 0.01 0 0.143 0.013 0.465 0.01 0.483 0.139 0.002 0.105 0.004 0.426 0.003 0.002 0.006 0.009 0.121
0.122 0.12 0.119 0.227 0.067 0.01 0.048 0.038 0.011 0.021 0.006 0.082 0.087 0.043 0.049 0.007 0.017 0.033 0.117 0.028 0.057 1 0.396 0.125 0.187 0.022 0.014 0.033 0.007 0.008 0.166 0.028 0.011 0.021 0.021 0.038 0.115 0.053 0.014 0.045 0.049 0.082 0.014 0.009 0.014 0.117 0.003 0.05 0.027 0.024 0.004 0.026 0.006 0.013 0 0.026 0.02 0.038 0.002 0.007 0.003 0.016 0.028 0.046 0.031 0 0 0.01 0.007 0.022 0 0.012 0.001 0.044 0
0.117 0.109 0.108 0.274 0.12 0.032 0.068 0.061 0.026 0.089 0.013 0.192 0.192 0.022 0.102 0.014 0.08 0.014 0.232 0.063 0.282 0.396 1 0.261 0.408 0.047 0.091 0.069 0.015 0.016 0.341 0.166 0.01 0.001 0 0.2 0.052 0.115 0.091 0.256 0.211 0.04 0.017 0.058 0.104 0.017 0.009 0.156 0.269 0.228 0.01 0.198 0.003 0.03 0.07 0.176 0.228 0.009 0.012 0.004 0.091 0.038 0.157 0.012 0.166 0.075 0.002 0.024 0.014 0.174 0.003 0.004 0.007 0.007 0.07
0.563 0.617 0.632 0.294 0.443 0.164 0.314 0.266 0.106 0.026 0.046 0.789 0.714 0.006 0.392 0.046 0.02 0.006 0.952 0.251 0.076 0.125 0.261 1 0.564 0.026 0.024 0.25 0.058 0.059 0.448 0.293 0.06 0.119 0.106 0.227 0.016 0.016 0.044 0.073 0.046 0.011 0.076 0.012 0.037 0.063 0.041 0.007 0.079 0.048 0.048 0.028 0.021 0.016 0.022 0.011 0.049 0.009 0.016 0.028 0.018 0.024 0.012 0.01 0.013 0.022 0.005 0.007 0.008 0.024 0.018 0 0.051 0.001 0.023
0.3 0.303 0.315 0.529 0.244 0.091 0.175 0.15 0.062 0.044 0.027 0.422 0.388 0.009 0.228 0.031 0.035 0.011 0.528 0.147 0.127 0.187 0.408 0.564 1 0.047 0.04 0.147 0.034 0.034 0.809 0.578 0.032 0.048 0.043 0.467 0.012 0.14 0 0.133 0.098 0.017 0.041 0.003 0.236 0.142 0.016 0.048 0.143 0.104 0.014 0.085 0.01 0.027 0.038 0.058 0.112 0.008 0.029 0.014 0.04 0.009 0.06 0.01 0.063 0.037 0.008 0.018 0.032 0.075 0.01 0.001 0.016 0 0.039
0.016 0.032 0.032 0.001 0.013 0.006 0.009 0.007 0.003 0.005 0.001 0.012 0.005 0.001 0.009 0.001 0.004 0.001 0.027 0.007 0.014 0.022 0.047 0.026 0.047 1 0.004 0.007 0.002 0.002 0.043 0.056 0.002 0.018 0.017 0 0.003 0.031 0.056 0.017 0.018 0.002 0.003 0.021 0.001 0.001 0.001 0.021 0.013 0.016 0.002 0.019 0.002 0.003 0.004 0.021 0.017 0.003 0.323 0.002 0.004 0.094 0.021 0.004 0.022 0.004 0 0.004 0.002 0.017 0.001 0.001 0.003 0.005 0.004
0.032 0.029 0.029 0.047 0.013 0.005 0.009 0.007 0.003 0.004 0.001 0.019 0.022 0 0.009 0.001 0.886 0.001 0.024 0.006 0.287 0.014 0.091 0.024 0.04 0.004 1 0.006 0.001 0.001 0.037 0.047 0.002 0.015 0.014 0.053 0.002 0.011 0.066 0.231 0.218 0.002 0.003 0.029 0.03 0.026 0.001 0.155 0.204 0.19 0.001 0.165 0.001 0.002 0.004 0.126 0.159 0.003 0.003 0.001 0.409 0.004 0.152 0.003 0.139 0.005 0.001 0.003 0.001 0.148 0.001 0.001 0.002 0.004 0.004
0.181 0.202 0.202 0.059 0.022 0.662 0.016 0.012 0.005 0.007 0.179 0.231 0.208 0.002 0.016 0.002 0.006 0.002 0.231 0.925 0.02 0.033 0.069 0.25 0.147 0.007 0.006 1 0.221 0.224 0.106 0.057 0.249 0.025 0.023 0.024 0.004 0.002 0.006 0.012 0.014 0.003 0.243 0.033 0.008 0.01 0.128 0.012 0.014 0.017 0.102 0.001 0.128 0.004 0.006 0.005 0.001 0.003 0.005 0.114 0.007 0.007 0.004 0.003 0.004 0.006 0.002 0 0.002 0.003 0.002 0.001 0.144 0.004 0.006
0.042 0.047 0.047 0.027 0.005 0.263 0.003 0.003 0.001 0.002 0 0.054 0.048 0 0.004 0 0.001 0 0.056 0.22 0.004 0.007 0.015 0.058 0.034 0.002 0.001 0.221 1 0.961 0.001 0 0.021 0.006 0.005 0 0.001 0.004 0 0.005 0.006 0.001 0.028 0.014 0.011 0 0.023 0 0.006 0.007 0.019 0.006 0.043 0.001 0.001 0 0.006 0.001 0.001 0.044 0.002 0.002 0 0.001 0.001 0.001 0 0 0 0.006 0 0 0.149 0.001 0.001
0.042 0.047 0.047 0.027 0.005 0.268 0.004 0.003 0.001 0.002 0 0.057 0.05 0 0.004 0 0.001 0 0.057 0.223 0.005 0.008 0.016 0.059 0.034 0.002 0.001 0.224 0.961 1 0.001 0 0.027 0.005 0.005 0 0.001 0.004 0 0.006 0.006 0.001 0.034 0.015 0.011 0 0.022 0 0.006 0.007 0.018 0.005 0.041 0.001 0.001 0 0.004 0.001 0.001 0.042 0.001 0.002 0 0.001 0.001 0.001 0 0 0.001 0.004 0 0 0.143 0.001 0.001
0.247 0.252 0.258 0.459 0.215 0.056 0.174 0.146 0.067 0.023 0.029 0.347 0.335 0.009 0.221 0.033 0.032 0.01 0.426 0.099 0.098 0.166 0.341 0.448 0.809 0.043 0.037 0.106 0.001 0.001 1 0.706 0.057 0.076 0.07 0.585 0.025 0.146 0.006 0.126 0.092 0.016 0.073 0 0.281 0.184 0.018 0.032 0.136 0.097 0.01 0.076 0.034 0.025 0.034 0.038 0.103 0.022 0.031 0.036 0.04 0.011 0.041 0.025 0.043 0.034 0.009 0.016 0.035 0.067 0.011 0 0.001 0.004 0.035
0.133 0.136 0.137 0.298 0.157 0.02 0.12 0.1 0.042 0.033 0.022 0.226 0.225 0.012 0.159 0.026 0.041 0.011 0.268 0.047 0.129 0.028 0.166 0.293 0.578 0.056 0.047 0.057 0 0 0.706 1 0.042 0.301 0.297 0.822 0.032 0.102 0.034 0.184 0.152 0.034 0.057 0.005 0.427 0.153 0.011 0.076 0.197 0.149 0.005 0.128 0.026 0.032 0.035 0.072 0.151 0.034 0.04 0.009 0.052 0.005 0.083 0.036 0.087 0.033 0.006 0.039 0.027 0.115 0.012 0.011 0 0.004 0.031
0.041 0.047 0.047 0.004 0.007 0.266 0.005 0.004 0.002 0.003 0.001 0.055 0.075 0.001 0.005 0.001 0.002 0.001 0.049 0.221 0 0.011 0.01 0.06 0.032 0.002 0.002 0.249 0.021 0.027 0.057 0.042 1 0.009 0.008 0.04 0.001 0.007 0.042 0.008 0.009 0.001 0.254 0.007 0.017 0.018 0.275 0.02 0.009 0.01 0.226 0 0.17 0.001 0.002 0.015 0 0.001 0.002 0.147 0.001 0.002 0.014 0.002 0.018 0.002 0.001 0.002 0.001 0 0.001 0 0.136 0.019 0.002
0.063 0.072 0.072 0.021 0.248 0.021 0.32 0.243 0.071 0.013 0.005 0.113 0.111 0.004 0.388 0.005 0.013 0.043 0.112 0.025 0.045 0.021 0.001 0.119 0.048 0.018 0.015 0.025 0.006 0.005 0.076 0.301 0.009 1 0.937 0.27 0.01 0.046 0.252 0.057 0.061 0.106 0.001 0.194 0.316 0.022 0.005 0.067 0.061 0.06 0.006 0.054 0.005 0.01 0.007 0.052 0.054 0.012 0.012 0.006 0.013 0.016 0.061 0.007 0.064 0.007 0.004 0.012 0.005 0.048 0 0.029 0.009 0.004 0.005
0.055 0.066 0.063 0.018 0.221 0.02 0.332 0.25 0.068 0.013 0.005 0.101 0.1 0.003 0.349 0.005 0.012 0.046 0.1 0.024 0.042 0.021 0 0.106 0.043 0.017 0.014 0.023 0.005 0.005 0.07 0.297 0.008 0.937 1 0.267 0.009 0.043 0.248 0.054 0.057 0.112 0.009 0.185 0.339 0.022 0.005 0.079 0.058 0.057 0.005 0.066 0.004 0.01 0.007 0.062 0.059 0.011 0.012 0.004 0.022 0.015 0.071 0.012 0.074 0.006 0.003 0.013 0.005 0.059 0 0.031 0.009 0.008 0.005
0.1 0.091 0.092 0.326 0.14 0.003 0.116 0.099 0.046 0.038 0.02 0.193 0.2 0.013 0.154 0.023 0.046 0.009 0.204 0.018 0.145 0.038 0.2 0.227 0.467 0 0.053 0.024 0 0 0.585 0.822 0.04 0.27 0.267 1 0.035 0.204 0.019 0.206 0.164 0.03 0.051 0.001 0.525 0.217 0.011 0.089 0.219 0.163 0.005 0.143 0.024 0.036 0.039 0.084 0.174 0.038 0.021 0.008 0.06 0.059 0.096 0.041 0.1 0.038 0.006 0.044 0.024 0.128 0.018 0.009 0 0.005 0.036
0.022 0.019 0.02 0.034 0.008 0.003 0.006 0.005 0.002 0.003 0.001 0.017 0.019 0 0.006 0.001 0.002 0.001 0.015 0.004 0.008 0.115 0.052 0.016 0.012 0.003 0.002 0.004 0.001 0.001 0.025 0.032 0.001 0.01 0.009 0.035 1 0.006 0.009 0 0 0.001 0.002 0.005 0.017 0.023 0.001 0.001 0 0 0.001 0.001 0 0.002 0.002 0.001 0 0.248 0.002 0.001 0.005 0.001 0.001 0.247 0.001 0.002 0.001 0.002 0.001 0 0.001 0 0.001 0.027 0.002
0.009 0.025 0.024 0.214 0.03 0.013 0.02 0.014 0.003 0.012 0.099 0.015 0.012 0.003 0.017 0.002 0.01 0.003 0.016 0.003 0.036 0.053 0.115 0.016 0.14 0.031 0.011 0.002 0.004 0.004 0.146 0.102 0.007 0.046 0.043 0.204 0.006 1 0.149 0.044 0.038 0.005 0.008 0.095 0.337 0.085 0 0.059 0.046 0.047 0 0.055 0.003 0.007 0.011 0.06 0.056 0.003 0.009 0.004 0.019 0.308 0.06 0.004 0.062 0.01 0.045 0.01 0.113 0.05 0 0.002 0.002 0 0.011
0.076 0.096 0.095 0 0.057 0.011 0.1 0.066 0.012 0.078 0.016 0.043 0.045 0.004 0.098 0.017 0.067 0.002 0.044 0.003 0.226 0.014 0.091 0.044 0 0.056 0.066 0.006 0 0 0.006 0.034 0.042 0.252 0.248 0.019 0.009 0.149 1 0.297 0.246 0.034 0.056 0.419 0.012 0.096 0.006 0.3 0.254 0.187 0.002 0.215 0.026 0.051 0.033 0.234 0.24 0.037 0.023 0.022 0.069 0.05 0.226 0.04 0.238 0.029 0.01 0.056 0.017 0.185 0.004 0.007 0.001 0.017 0.025
0.004 0.002 0.002 0.038 0.023 0.009 0.014 0.016 0.011 0.192 0.004 0.065 0.066 0.003 0.033 0.005 0.222 0.002 0.061 0.012 0.711 0.045 0.256 0.073 0.133 0.017 0.231 0.012 0.005 0.006 0.126 0.184 0.008 0.057 0.054 0.206 0 0.044 0.297 1 0.898 0.007 0.011 0.184 0.118 0.039 0.005 0.677 0.919 0.789 0.006 0.711 0.005 0.172 0.127 0.571 0.755 0.012 0.012 0 0.236 0.016 0.595 0.013 0.625 0.134 0.002 0.19 0.005 0.642 0.004 0.003 0.009 0.017 0.116
0 0 0 0.024 0.01 0.01 0.002 0.001 0 0.155 0.005 0.046 0.048 0.003 0.011 0.005 0.21 0.002 0.037 0.014 0.629 0.049 0.211 0.046 0.098 0.018 0.218 0.014 0.006 0.006 0.092 0.152 0.009 0.061 0.057 0.164 0 0.038 0.246 0.898 1 0.007 0.011 0.191 0.122 0.046 0.005 0.686 0.822 0.828 0.006 0.716 0.006 0.154 0.119 0.599 0.673 0.012 0.013 0 0.203 0.017 0.622 0.013 0.652 0.12 0.003 0.171 0.005 0.663 0.012 0.003 0.009 0.018 0.103
0.01 0.013 0.013 0.022 0.006 0.002 0.004 0.003 0.001 0.002 0.001 0.004 0.001 0 0.004 0.001 0.002 0 0.011 0.003 0.005 0.082 0.04 0.011 0.017 0.002 0.002 0.003 0.001 0.001 0.016 0.034 0.001 0.106 0.112 0.03 0.001 0.005 0.034 0.007 0.007 1 0.001 0.005 0.015 0.019 0.001 0.01 0.007 0.008 0.001 0.009 0.001 0.001 0.002 0.003 0.008 0.001 0.001 0.001 0.003 0.002 0.01 0.001 0.01 0.002 0 0.002 0.001 0.008 0.02 0 0.001 0.004 0
0.052 0.054 0.059 0.03 0.001 0.235 0.007 0.005 0.002 0.001 0.001 0.07 0.085 0.001 0 0.001 0.002 0.001 0.064 0.193 0.001 0.014 0.017 0.076 0.041 0.003 0.003 0.243 0.028 0.034 0.073 0.057 0.254 0.001 0.009 0.051 0.002 0.008 0.056 0.011 0.011 0.001 1 0 0.022 0.024 0.001 0.127 0.012 0.013 0.001 0.009 0.44 0.002 0.003 0.09 0.006 0.002 0.002 0.238 0.001 0.003 0.082 0.002 0.085 0.002 0.001 0.001 0.001 0.004 0.001 0.001 0.002 0.003 0.003
0.032 0.04 0.039 0 0.073 0.027 0.16 0.114 0.045 0.028 0.012 0.009 0.009 0.008 0.148 0.013 0.031 0.004 0.015 0.034 0.133 0.009 0.058 0.012 0.003 0.021 0.029 0.033 0.014 0.015 0 0.005 0.007 0.194 0.185 0.001 0.005 0.095 0.419 0.184 0.191 0.005 0 1 0.018 0.055 0.012 0.178 0.187 0.189 0.015 0.174 0.001 0.039 0.013 0.17 0.16 0.02 0.011 0.001 0.056 0.043 0.15 0.022 0.164 0.013 0.008 0.052 0.004 0.162 0.004 0.01 0.023 0.017 0.036
0.02 0.011 0.011 0.239 0.078 0.042 0.143 0.108 0.029 0.029 0.036 0.028 0.032 0.007 0.158 0.006 0.026 0.004 0.033 0.008 0.091 0.014 0.104 0.037 0.236 0.001 0.03 0.008 0.011 0.011 0.281 0.427 0.017 0.316 0.339 0.525 0.017 0.337 0.012 0.118 0.122 0.015 0.022 0.018 1 0.138 0.004 0.175 0.125 0.143 0.005 0.165 0.011 0.02 0.028 0.18 0.15 0.02 0.025 0.011 0.051 0.139 0.179 0.022 0.185 0.028 0.014 0.027 0.043 0.15 0.007 0.018 0.012 0.005 0.025
0.041 0.031 0.031 0.117 0.041 0 0.042 0.044 0.024 0.02 0.009 0.042 0.041 0.026 0.051 0 0.028 0.003 0.063 0.007 0.04 0.117 0.017 0.063 0.142 0.001 0.026 0.01 0 0 0.184 0.153 0.018 0.022 0.022 0.217 0.023 0.085 0.096 0.039 0.046 0.019 0.024 0.055 0.138 1 0.01 0.084 0.046 0.055 0.005 0.052 0.01 0 0.002 0.054 0.041 0.054 0.051 0.012 0.019 0.032 0.062 0.061 0.062 0.006 0.005 0.004 0.011 0.059 0.002 0.004 0.002 0.026 0.004
0.021 0.023 0.023 0 0.004 0.108 0.003 0.002 0.001 0.001 0.011 0.038 0.034 0 0.003 0 0.001 0 0.039 0.128 0.004 0.003 0.009 0.041 0.016 0.001 0.001 0.128 0.023 0.022 0.018 0.011 0.275 0.005 0.005 0.011 0.001 0 0.006 0.005 0.005 0.001 0.001 0.012 0.004 0.01 1 0.007 0.005 0.004 0.777 0.005 0.001 0.001 0.001 0.005 0.004 0.001 0.001 0 0.001 0.001 0.005 0.001 0.006 0.001 0 0.001 0 0.004 0 0 0.487 0.08 0.001
0.006 0.008 0.009 0.008 0.012 0.015 0.006 0.005 0 0.154 0.007 0.006 0.005 0.004 0.01 0.007 0.15 0.004 0.005 0.007 0.511 0.05 0.156 0.007 0.048 0.021 0.155 0.012 0 0 0.032 0.076 0.02 0.067 0.079 0.089 0.001 0.059 0.3 0.677 0.686 0.01 0.127 0.178 0.175 0.084 0.007 1 0.72 0.726 0.008 0.783 0.054 0.116 0.08 0.83 0.72 0.017 0.018 0.054 0.253 0.024 0.843 0.019 0.878 0.085 0.004 0.156 0.008 0.699 0.022 0.004 0.013 0.025 0.073
0.005 0.004 0.004 0.045 0.026 0.01 0.016 0.018 0.012 0.178 0.005 0.072 0.072 0.003 0.036 0.005 0.195 0.003 0.063 0.014 0.649 0.027 0.269 0.079 0.143 0.013 0.204 0.014 0.006 0.006 0.136 0.197 0.009 0.061 0.058 0.219 0 0.046 0.254 0.919 0.822 0.007 0.012 0.187 0.125 0.046 0.005 0.72 1 0.842 0.006 0.757 0.006 0.161 0.118 0.612 0.805 0.013 0.013 0 0.283 0.017 0.636 0.014 0.666 0.124 0.002 0.204 0.005 0.677 0.004 0.003 0.009 0.018 0.109
0.001 0 0 0.033 0.009 0.013 0.001 0.001 0 0.134 0.005 0.044 0.046 0.003 0.009 0.006 0.184 0.003 0.037 0.017 0.551 0.024 0.228 0.048 0.104 0.016 0.19 0.017 0.007 0.007 0.097 0.149 0.01 0.06 0.057 0.163 0 0.047 0.187 0.789 0.828 0.008 0.013 0.189 0.143 0.055 0.004 0.726 0.842 1 0.007 0.8 0.007 0.142 0.123 0.675 0.725 0.009 0.015 0 0.264 0.02 0.699 0.01 0.727 0.108 0.004 0.18 0.006 0.738 0.028 0.003 0.011 0.021 0.114
0.026 0.029 0.029 0.001 0 0.086 0.004 0.003 0.001 0.002 0.009 0.045 0.04 0 0.004 0 0.001 0 0.046 0.102 0.005 0.004 0.01 0.048 0.014 0.002 0.001 0.102 0.019 0.018 0.01 0.005 0.226 0.006 0.005 0.005 0.001 0 0.002 0.006 0.006 0.001 0.001 0.015 0.005 0.005 0.777 0.008 0.006 0.007 1 0.008 0 0.001 0.001 0.008 0.007 0.001 0.001 0.001 0.002 0.002 0.008 0.001 0.009 0.001 0 0.001 0 0.007 0 0 0.572 0.137 0.001
0.001 0.002 0.002 0.015 0.01 0.002 0.006 0.005 0.001 0.134 0.006 0.016 0.019 0.003 0.009 0.007 0.159 0 0.02 0.002 0.499 0.026 0.198 0.028 0.085 0.019 0.165 0.001 0.006 0.005 0.076 0.128 0 0.054 0.066 0.143 0.001 0.055 0.215 0.711 0.716 0.009 0.009 0.174 0.165 0.052 0.005 0.783 0.757 0.8 0.008 1 0.007 0.122 0.154 0.814 0.905 0.016 0.017 0 0.296 0.023 0.834 0.018 0.878 0.167 0.005 0.164 0.007 0.877 0.01 0.004 0.012 0.024 0.165
0.013 0.016 0.016 0.004 0.004 0.099 0.003 0.003 0.001 0.006 0 0.019 0.035 0 0.003 0 0.001 0 0.014 0.081 0 0.006 0.003 0.021 0.01 0.002 0.001 0.128 0.043 0.041 0.034 0.026 0.17 0.005 0.004 0.024 0 0.003 0.026 0.005 0.006 0.001 0.44 0.001 0.011 0.01 0.001 0.054 0.006 0.007 0 0.007 1 0.001 0.001 0.052 0.007 0 0.001 0.482 0.002 0.002 0.047 0 0.04 0.001 0 0.001 0 0.007 0 0 0 0 0.001
0.04 0.046 0.046 0.022 0.001 0.004 0.006 0.005 0.002 0.001 0.001 0.016 0.008 0.001 0.006 0.001 0.002 0.001 0.016 0.004 0.129 0.013 0.03 0.016 0.027 0.003 0.002 0.004 0.001 0.001 0.025 0.032 0.001 0.01 0.01 0.036 0.002 0.007 0.051 0.172 0.154 0.001 0.002 0.039 0.02 0 0.001 0.116 0.161 0.142 0.001 0.122 0.001 1 0.002 0.081 0.134 0.002 0.002 0.001 0.001 0.003 0.1 0.002 0.11 0.002 0.001 0.358 0.001 0.071 0.001 0 0.002 0.003 0.002
0.005 0.003 0.003 0.013 0.002 0.001 0.001 0 0.003 0.229 0.001 0.009 0.011 0.041 0.009 0.001 0.006 0.001 0.023 0.006 0.133 0 0.07 0.022 0.038 0.004 0.004 0.006 0.001 0.001 0.034 0.035 0.002 0.007 0.007 0.039 0.002 0.011 0.033 0.127 0.119 0.002 0.003 0.013 0.028 0.002 0.001 0.08 0.118 0.123 0.001 0.154 0.001 0.002 1 0.141 0.17 0.003 0.003 0.001 0.006 0.004 0.117 0.003 0.136 0.561 0.001 0 0.001 0.166 0.001 0.001 0.002 0.004 0.532
0.004 0.006 0.006 0.011 0.016 0.017 0.005 0.004 0 0.141 0.007 0.003 0.004 0.003 0.008 0.007 0.128 0 0.008 0.002 0.453 0.026 0.176 0.011 0.058 0.021 0.126 0.005 0 0 0.038 0.072 0.015 0.052 0.062 0.084 0.001 0.06 0.234 0.571 0.599 0.003 0.09 0.17 0.18 0.054 0.005 0.83 0.612 0.675 0.008 0.814 0.052 0.081 0.141 1 0.742 0.018 0.018 0.052 0.236 0.025 0.888 0.019 0.92 0.153 0.005 0.118 0.008 0.744 0.042 0.004 0.013 0.026 0.151
0 0 0 0.027 0.027 0.003 0.022 0.023 0.014 0.149 0.006 0.032 0.035 0.004 0.033 0.006 0.16 0 0.038 0.001 0.526 0.02 0.228 0.049 0.112 0.017 0.159 0.001 0.006 0.004 0.103 0.151 0 0.054 0.059 0.174 0 0.056 0.24 0.755 0.673 0.008 0.006 0.16 0.15 0.041 0.004 0.72 0.805 0.725 0.007 0.905 0.007 0.134 0.17 0.742 1 0.015 0.015 0 0.283 0.021 0.752 0.016 0.807 0.184 0.004 0.18 0.006 0.798 0.005 0.003 0.011 0.021 0.182
0.003 0.002 0.002 0.009 0.006 0.002 0.003 0.002 0.002 0.003 0 0.005 0.005 0 0.003 0.001 0.003 0.001 0.007 0 0.009 0.038 0.009 0.009 0.008 0.003 0.003 0.003 0.001 0.001 0.022 0.034 0.001 0.012 0.011 0.038 0.248 0.003 0.037 0.012 0.012 0.001 0.002 0.02 0.02 0.054 0.001 0.017 0.013 0.009 0.001 0.016 0 0.002 0.003 0.018 0.015 1 0.003 0.001 0.005 0.003 0.018 0.932 0.018 0.003 0.001 0.003 0.001 0.015 0.001 0.001 0.002 0.087 0.003
0.02 0.021 0.018 0.034 0.008 0.004 0.008 0.006 0.002 0.003 0.001 0.005 0.003 0.001 0.008 0.001 0.003 0.001 0.017 0.005 0.01 0.002 0.012 0.016 0.029 0.323 0.003 0.005 0.001 0.001 0.031 0.04 0.002 0.012 0.012 0.021 0.002 0.009 0.023 0.012 0.013 0.001 0.002 0.011 0.025 0.051 0.001 0.018 0.013 0.015 0.001 0.017 0.001 0.002 0.003 0.018 0.015 0.003 1 0.001 0.005 0.003 0.018 0.003 0.019 0.003 0.001 0.003 0.001 0.015 0.001 0.001 0.002 0.004 0.003
0.014 0.017 0.016 0.001 0.005 0.103 0.003 0.003 0.001 0.006 0 0.026 0.044 0 0.003 0 0.001 0 0.02 0.084 0 0.007 0.004 0.028 0.014 0.002 0.001 0.114 0.044 0.042 0.036 0.009 0.147 0.006 0.004 0.008 0.001 0.004 0.022 0 0 0.001 0.238 0.001 0.011 0.012 0 0.054 0 0 0.001 0 0.482 0.001 0.001 0.052 0 0.001 0.001 1 0 0.002 0.047 0.001 0.04 0.001 0 0.015 0 0 0 0 0.001 0.002 0.001
0.028 0.028 0.027 0.05 0.012 0.005 0.007 0.012 0.005 0 0.002 0.014 0.018 0.001 0.005 0.002 0.382 0.002 0.013 0.007 0.143 0.003 0.091 0.018 0.04 0.004 0.409 0.007 0.002 0.001 0.04 0.052 0.001 0.013 0.022 0.06 0.005 0.019 0.069 0.236 0.203 0.003 0.001 0.056 0.051 0.019 0.001 0.253 0.283 0.264 0.002 0.296 0.002 0.001 0.006 0.236 0.283 0.005 0.005 0 1 0.007 0.273 0.005 0.257 0.006 0.002 0.005 0.002 0.267 0.002 0.001 0.004 0.007 0.001
0.007 0.03 0.03 0.062 0.012 0.006 0.008 0.006 0.003 0.005 0.001 0.024 0.02 0.001 0.008 0.001 0.004 0.001 0.025 0.007 0.013 0.016 0.038 0.024 0.009 0.094 0.004 0.007 0.002 0.002 0.011 0.005 0.002 0.016 0.015 0.059 0.001 0.308 0.05 0.016 0.017 0.002 0.003 0.043 0.139 0.032 0.001 0.024 0.017 0.02 0.002 0.023 0.002 0.003 0.004 0.025 0.021 0.003 0.003 0.002 0.007 1 0.025 0.004 0.026 0.004 0.001 0.004 0.001 0.021 0 0.001 0.003 0 0.004
0.004 0.007 0.008 0.009 0.01 0.015 0.005 0.004 0 0.127 0.007 0.005 0.005 0.003 0.008 0.007 0.147 0 0.009 0.001 0.465 0.028 0.157 0.012 0.06 0.021 0.152 0.004 0 0 0.041 0.083 0.014 0.061 0.071 0.096 0.001 0.06 0.226 0.595 0.622 0.01 0.082 0.15 0.179 0.062 0.005 0.843 0.636 0.699 0.008 0.834 0.047 0.1 0.117 0.888 0.752 0.018 0.018 0.047 0.273 0.025 1 0.019 0.94 0.154 0.005 0.153 0.008 0.752 0.021 0.004 0.013 0.021 0.127
0.004 0.002 0.002 0.011 0.006 0.002 0.004 0.002 0.002 0.003 0 0.006 0.006 0 0.004 0.001 0.003 0.001 0.008 0.001 0.01 0.046 0.012 0.01 0.01 0.004 0.003 0.003 0.001 0.001 0.025 0.036 0.002 0.007 0.012 0.041 0.247 0.004 0.04 0.013 0.013 0.001 0.002 0.022 0.022 0.061 0.001 0.019 0.014 0.01 0.001 0.018 0 0.002 0.003 0.019 0.016 0.932 0.003 0.001 0.005 0.004 0.019 1 0.02 0.003 0.001 0.003 0.001 0.016 0.001 0.001 0.002 0.107 0.003
0.005 0.007 0.008 0.01 0.011 0.015 0.006 0.004 0 0.145 0.007 0.006 0.005 0.003 0.009 0.008 0.142 0 0.01 0.001 0.483 0.031 0.166 0.013 0.063 0.022 0.139 0.004 0.001 0.001 0.043 0.087 0.018 0.064 0.074 0.1 0.001 0.062 0.238 0.625 0.652 0.01 0.085 0.164 0.185 0.062 0.006 0.878 0.666 0.727 0.009 0.878 0.04 0.11 0.136 0.92 0.807 0.018 0.019 0.04 0.257 0.026 0.94 0.02 1 0.148 0.005 0.147 0.008 0.797 0.021 0.004 0.014 0.022 0.147
0.001 0.001 0.001 0.007 0.002 0.001 0.001 0 0.003 0.145 0.001 0.008 0.01 0.043 0.009 0.001 0.006 0.001 0.023 0.006 0.139 0 0.075 0.022 0.037 0.004 0.005 0.006 0.001 0.001 0.034 0.033 0.002 0.007 0.006 0.038 0.002 0.01 0.029 0.134 0.12 0.002 0.002 0.013 0.028 0.006 0.001 0.085 0.124 0.108 0.001 0.167 0.001 0.002 0.561 0.153 0.184 0.003 0.003 0.001 0.006 0.004 0.154 0.003 0.148 1 0.001 0.003 0.001 0.179 0.001 0.001 0.002 0.004 0.515
0.003 0.003 0.003 0.008 0.001 0.001 0.001 0.001 0.002 0.001 0 0.003 0.003 0 0.001 0.001 0.001 0 0.005 0.002 0.002 0 0.002 0.005 0.008 0 0.001 0.002 0 0 0.009 0.006 0.001 0.004 0.003 0.006 0.001 0.045 0.01 0.002 0.003 0 0.001 0.008 0.014 0.005 0 0.004 0.002 0.004 0 0.005 0 0.001 0.001 0.005 0.004 0.001 0.001 0 0.002 0.001 0.005 0.001 0.005 0.001 1 0.001 0 0.004 0 0 0.001 0.001 0.001
0.038 0.042 0.045 0.008 0.001 0.001 0.008 0.007 0.002 0.004 0.001 0.006 0.003 0.001 0.007 0.001 0.003 0.001 0.003 0 0.105 0.01 0.024 0.007 0.018 0.004 0.003 0 0 0 0.016 0.039 0.002 0.012 0.013 0.044 0.002 0.01 0.056 0.19 0.171 0.002 0.001 0.052 0.027 0.004 0.001 0.156 0.204 0.18 0.001 0.164 0.001 0.358 0 0.118 0.18 0.003 0.003 0.015 0.005 0.004 0.153 0.003 0.147 0.003 0.001 1 0.001 0.138 0.001 0.001 0.002 0.004 0
0.006 0.01 0.01 0.025 0.004 0.002 0.003 0.002 0.001 0.001 0 0.008 0.004 0 0.003 0 0.001 0 0.008 0.002 0.004 0.007 0.014 0.008 0.032 0.002 0.001 0.002 0 0.001 0.035 0.027 0.001 0.005 0.005 0.024 0.001 0.113 0.017 0.005 0.005 0.001 0.001 0.004 0.043 0.011 0 0.008 0.005 0.006 0 0.007 0 0.001 0.001 0.008 0.006 0.001 0.001 0 0.002 0.001 0.008 0.001 0.008 0.001 0 0.001 1 0.006 0 0 0.001 0.002 0.001
0 0.001 0.001 0.019 0.006 0.001 0.002 0.002 0 0.136 0.006 0.013 0.015 0.004 0.005 0.006 0.141 0 0.018 0.003 0.426 0.022 0.174 0.024 0.075 0.017 0.148 0.003 0.006 0.004 0.067 0.115 0 0.048 0.059 0.128 0 0.05 0.185 0.642 0.663 0.008 0.004 0.162 0.15 0.059 0.004 0.699 0.677 0.738 0.007 0.877 0.007 0.071 0.166 0.744 0.798 0.015 0.015 0 0.267 0.021 0.752 0.016 0.797 0.179 0.004 0.138 0.006 1 0.018 0.003 0.011 0.021 0.178
0.011 0.013 0.013 0.007 0.023 0.001 0.055 0.071 0.147 0.001 0 0.034 0.03 0 0.054 0 0.001 0 0.017 0.002 0.003 0 0.003 0.018 0.01 0.001 0.001 0.002 0 0 0.011 0.012 0.001 0 0 0.018 0.001 0 0.004 0.004 0.012 0.02 0.001 0.004 0.007 0.002 0 0.022 0.004 0.028 0 0.01 0 0.001 0.001 0.042 0.005 0.001 0.001 0 0.002 0 0.021 0.001 0.021 0.001 0 0.001 0 0.018 1 0 0.001 0.001 0.001
0.001 0.001 0.001 0.001 0 0.001 0 0 0.001 0.001 0 0 0 0 0.001 0 0.001 0.244 0 0.001 0.002 0.012 0.004 0 0.001 0.001 0.001 0.001 0 0 0 0.011 0 0.029 0.031 0.009 0 0.002 0.007 0.003 0.003 0 0.001 0.01 0.018 0.004 0 0.004 0.003 0.003 0 0.004 0 0 0.001 0.004 0.003 0.001 0.001 0 0.001 0.001 0.004 0.001 0.004 0.001 0 0.001 0 0.003 0 1 0 0.001 0.001
0.028 0.032 0.032 0.002 0.002 0.138 0.006 0.004 0.002 0.001 0.004 0.047 0.041 0.001 0.006 0.001 0.002 0.001 0.049 0.144 0.006 0.001 0.007 0.051 0.016 0.003 0.002 0.144 0.149 0.143 0.001 0 0.136 0.009 0.009 0 0.001 0.002 0.001 0.009 0.009 0.001 0.002 0.023 0.012 0.002 0.487 0.013 0.009 0.011 0.572 0.012 0 0.002 0.002 0.013 0.011 0.002 0.002 0.001 0.004 0.003 0.013 0.002 0.014 0.002 0.001 0.002 0.001 0.011 0.001 0 1 0.141 0.002
0.006 0.004 0.004 0.02 0.008 0.002 0.011 0.009 0.003 0.003 0.001 0 0.001 0 0.011 0.001 0.004 0.001 0.002 0.004 0.009 0.044 0.007 0.001 0 0.005 0.004 0.004 0.001 0.001 0.004 0.004 0.019 0.004 0.008 0.005 0.027 0 0.017 0.017 0.018 0.004 0.003 0.017 0.005 0.026 0.08 0.025 0.018 0.021 0.137 0.024 0 0.003 0.004 0.026 0.021 0.087 0.004 0.002 0.007 0 0.021 0.107 0.022 0.004 0.001 0.004 0.002 0.021 0.001 0.001 0.141 1 0.001
0.001 0 0 0.005 0.003 0.001 0.001 0 0.003 0.098 0.001 0.01 0.012 0.04 0.009 0.001 0.005 0.003 0.024 0.006 0.121 0 0.07 0.023 0.039 0.004 0.004 0.006 0.001 0.001 0.035 0.031 0.002 0.005 0.005 0.036 0.002 0.011 0.025 0.116 0.103 0 0.003 0.036 0.025 0.004 0.001 0.073 0.109 0.114 0.001 0.165 0.001 0.002 0.532 0.151 0.182 0.003 0.003 0.001 0.001 0.004 0.127 0.003 0.147 0.515 0.001 0 0.001 0.178 0.001 0.001 0.002 0.001 1
