1 0.868 0.889 0.417 0.404 0.124 0.305 0.266 0.148 0.025 0.051 0.566 0.554 0.006 0.306 0.043 0.021 0.006 0.602 0.176 0.006 0.098 0.092 0.625 0.313 0.015 0.025 0.132 0.039 0.038 0.261 0.168 0.028 0.095 0.07 0.126 0.021 0.01 0.082 0.007 0.001 0.002 0.068 0.033 0.018 0.079 0.013 0.011 0.007 0.001 0.009 0 0.012 0.04 0.011 0.009 0.001 0.011 0.008 0.032 0.005 0.01 0.004 0.011 0.003 0.006 0.001 0.018 0.006 0 0.013 0.008 0.007 0.004 0.007
0.868 1 0.94 0.413 0.411 0.138 0.341 0.297 0.165 0.022 0.057 0.622 0.599 0.005 0.304 0.048 0.019 0.005 0.613 0.197 0.003 0.103 0.094 0.658 0.313 0.024 0.022 0.15 0.044 0.043 0.263 0.165 0.032 0.09 0.08 0.117 0.019 0.016 0.083 0.006 0.001 0.006 0.053 0.028 0.015 0.063 0.016 0.006 0.009 0.001 0.011 0.001 0.015 0.045 0.009 0.005 0.005 0.009 0.007 0.037 0.01 0.015 0.002 0.01 0.001 0.005 0 0.014 0.007 0.001 0.015 0.007 0.009 0.003 0.006
0.889 0.94 1 0.449 0.456 0.139 0.344 0.299 0.166 0.022 0.057 0.646 0.623 0.005 0.346 0.048 0.019 0.005 0.66 0.198 0.003 0.102 0.092 0.708 0.345 0.024 0.022 0.151 0.044 0.043 0.29 0.187 0.032 0.109 0.081 0.135 0.019 0.016 0.099 0.006 0.001 0.006 0.079 0.037 0.016 0.07 0.016 0.012 0.009 0.001 0.011 0 0.015 0.046 0.009 0.01 0.002 0.009 0.007 0.037 0.007 0.014 0.006 0.009 0.004 0.005 0 0.023 0.007 0 0.015 0.007 0.009 0.003 0.006
0.417 0.413 0.449 1 0.217 0.058 0.157 0.137 0.076 0.048 0.026 0.291 0.305 0.014 0.17 0.027 0.042 0.011 0.292 0.084 0.04 0.244 0.305 0.332 0.611 0.015 0.048 0.055 0.02 0.019 0.539 0.349 0.017 0.017 0.009 0.448 0.039 0.274 0 0.049 0.032 0.018 0.027 0.003 0.291 0.224 0.009 0.01 0.06 0.039 0.004 0.026 0.002 0.018 0.015 0.008 0.039 0.027 0.016 0.011 0.035 0.091 0.013 0.028 0.017 0.011 0.028 0.002 0.024 0.025 0.005 0 0.002 0.01 0.015
0.404 0.411 0.456 0.217 1 0.01 0.553 0.512 0.266 0.012 0.004 0.521 0.468 0.004 0.619 0.094 0.011 0.003 0.506 0.014 0.034 0.067 0.121 0.553 0.285 0.013 0.012 0.016 0.003 0.003 0.227 0.172 0.005 0.234 0.179 0.143 0.01 0.018 0.051 0.024 0.007 0.006 0.001 0.063 0.049 0.054 0.003 0.006 0.027 0.007 0.001 0.002 0.008 0.005 0.006 0.004 0.014 0.009 0.004 0.005 0.004 0.004 0.005 0.009 0.006 0.006 0 0 0.004 0.001 0.029 0.002 0.001 0.003 0.007
0.124 0.138 0.139 0.058 0.01 1 0.007 0.006 0.003 0.003 0.001 0.136 0.132 0 0.007 0.001 0.003 0.001 0.133 0.66 0.009 0.007 0.018 0.119 0.061 0.003 0.003 0.504 0.316 0.315 0.069 0.034 0.259 0.012 0.011 0.017 0.003 0.012 0.031 0.007 0.008 0.002 0.33 0.018 0.029 0.007 0.042 0.051 0.008 0.01 0.023 0.001 0.187 0.001 0 0.028 0.001 0.003 0.001 0.279 0.003 0.004 0.021 0.003 0.016 0 0.001 0.001 0.001 0.002 0.001 0.002 0.022 0.002 0
0.305 0.341 0.344 0.157 0.553 0.007 1 0.871 0.484 0.008 0.003 0.335 0.324 0.003 0.79 0.003 0.007 0.002 0.35 0.009 0.022 0.043 0.078 0.382 0.206 0.008 0.008 0.01 0.002 0.002 0.17 0.13 0.004 0.315 0.334 0.11 0.006 0.012 0.08 0.022 0.004 0.004 0.007 0.104 0.134 0.046 0.002 0.014 0.025 0.006 0.003 0.009 0.005 0.003 0.004 0.011 0.028 0.006 0.003 0.003 0.013 0.001 0.012 0.006 0.013 0.004 0.001 0.006 0.003 0.006 0.051 0 0.004 0.003 0.005
0.266 0.297 0.299 0.137 0.512 0.006 0.871 1 0.556 0.007 0.002 0.292 0.282 0.002 0.707 0.002 0.006 0.002 0.305 0.008 0.019 0.038 0.068 0.333 0.179 0.007 0.007 0.009 0.002 0.002 0.145 0.11 0.003 0.251 0.265 0.094 0.006 0.009 0.06 0.019 0.002 0.003 0.006 0.079 0.108 0.048 0.002 0.01 0.021 0.004 0.003 0.006 0.005 0.003 0.003 0.008 0.024 0.005 0.003 0.003 0.011 0 0.009 0.005 0.01 0.003 0.002 0.006 0.002 0.004 0.059 0.002 0.003 0.002 0.004
0.148 0.165 0.166 0.076 0.266 0.003 0.484 0.556 1 0.004 0.001 0.163 0.158 0.001 0.418 0.001 0.003 0.001 0.17 0.004 0.011 0.021 0.037 0.186 0.1 0.004 0.004 0.005 0.001 0.001 0.096 0.074 0.002 0.13 0.134 0.063 0.003 0.001 0.03 0.011 0.001 0.002 0.004 0.05 0.068 0.036 0.001 0.003 0.012 0.001 0.002 0.003 0.003 0.002 0.002 0.003 0.014 0.003 0.001 0.002 0.006 0.005 0.004 0.003 0.004 0.002 0.007 0.003 0.001 0.001 0.054 0.002 0.002 0 0.002
0.025 0.022 0.022 0.048 0.012 0.003 0.008 0.007 0.004 1 0.001 0.014 0.014 0.001 0.009 0.001 0.003 0.001 0.004 0.004 0.306 0.02 0.082 0.02 0.037 0.004 0.004 0.005 0.001 0.001 0.037 0.047 0.001 0.013 0.012 0.055 0.003 0.014 0.087 0.29 0.231 0.001 0.003 0.088 0.033 0.004 0.001 0.174 0.263 0.207 0.002 0.22 0.002 0.003 0.284 0.152 0.23 0.003 0.001 0.001 0.006 0.005 0.155 0.003 0.172 0.148 0.001 0.072 0.001 0.168 0.001 0.002 0.002 0.004 0.225
0.051 0.057 0.057 0.026 0.004 0.001 0.003 0.002 0.001 0.001 1 0.056 0.054 0 0.003 0 0.001 0 0.058 0.285 0.004 0.007 0.013 0.064 0.034 0.001 0.001 0.255 0 0 0.033 0.026 0.001 0.005 0.004 0.022 0.001 0.093 0.014 0.004 0.004 0.001 0.001 0.011 0.035 0.013 0.068 0.006 0.004 0.005 0.04 0.005 0.001 0.001 0.001 0.006 0.005 0.001 0 0.001 0.002 0.002 0.006 0.001 0.006 0.001 0.006 0.001 0 0.005 0 0.001 0.035 0.013 0.001
0.566 0.622 0.646 0.291 0.521 0.136 0.335 0.292 0.163 0.014 0.056 1 0.9 0.006 0.369 0.057 0.012 0.004 0.785 0.194 0.047 0.094 0.167 0.84 0.415 0.022 0.014 0.159 0.043 0.046 0.372 0.269 0.041 0.12 0.091 0.208 0.019 0.009 0.068 0.036 0.018 0.006 0.087 0.019 0.026 0.064 0.028 0 0.041 0.021 0.017 0.007 0.02 0.004 0.01 0 0.021 0.017 0.006 0.046 0.008 0.01 0 0.017 0.001 0.008 0 0.001 0.008 0.005 0.03 0.006 0.014 0.001 0.011
0.554 0.599 0.623 0.305 0.468 0.132 0.324 0.282 0.158 0.014 0.054 0.9 1 0.006 0.357 0.055 0.013 0.004 0.76 0.19 0.048 0.095 0.166 0.815 0.392 0.009 0.015 0.153 0.042 0.044 0.351 0.257 0.059 0.12 0.092 0.214 0.02 0.006 0.057 0.048 0.028 0.003 0.086 0.013 0.03 0.053 0.027 0 0.055 0.03 0.016 0.013 0.02 0.005 0.01 0 0.031 0.018 0.003 0.047 0.009 0.008 0.002 0.018 0.003 0.009 0.001 0.005 0.007 0.01 0.029 0.006 0.013 0.001 0.012
0.006 0.005 0.005 0.014 0.004 0 0.003 0.002 0.001 0.001 0 0.006 0.006 1 0.003 0 0.004 0 0.008 0.002 0 0.043 0.036 0.007 0.01 0.001 0.003 0.002 0 0 0.014 0.018 0.001 0.005 0.005 0.021 0.035 0.004 0 0 0 0.001 0.001 0.004 0.012 0.022 0 0.001 0 0 0.001 0 0.001 0.001 0 0 0 0.036 0.001 0.001 0 0.001 0 0.035 0 0 0.001 0.001 0 0 0 0.001 0.001 0.026 0
0.306 0.304 0.346 0.17 0.619 0.007 0.79 0.707 0.418 0.009 0.003 0.369 0.357 0.003 1 0.003 0.008 0.002 0.406 0.01 0.026 0.05 0.091 0.443 0.24 0.009 0.009 0.011 0.002 0.002 0.198 0.151 0.004 0.351 0.273 0.128 0.007 0.009 0.089 0.024 0.005 0.005 0.003 0.115 0.111 0.046 0.002 0.003 0.027 0.005 0.003 0 0.006 0.004 0.005 0.001 0.012 0.007 0.003 0.004 0.001 0.002 0.002 0.007 0.003 0.004 0.001 0.002 0.003 0 0.044 0.005 0.004 0.004 0.006
0.043 0.048 0.048 0.027 0.094 0.001 0.003 0.002 0.001 0.001 0 0.057 0.055 0 0.003 1 0.001 0 0.06 0.002 0.004 0.007 0.013 0.065 0.035 0.001 0.001 0.002 0 0 0.034 0.026 0.001 0.005 0.004 0.023 0.001 0.005 0.014 0.004 0.004 0.001 0.001 0.011 0.008 0.005 0 0.006 0.004 0.005 0 0.005 0.001 0.001 0.001 0.006 0.005 0.001 0 0.001 0.002 0.002 0.006 0.001 0.007 0.001 0 0.001 0 0.005 0 0.001 0 0.001 0.001
0.021 0.019 0.019 0.042 0.011 0.003 0.007 0.006 0.003 0.003 0.001 0.012 0.013 0.004 0.008 0.001 1 0.001 0.02 0.004 0.308 0.017 0.088 0.018 0.034 0.003 0.883 0.005 0.001 0.001 0.034 0.033 0.002 0.012 0.011 0.05 0.002 0.011 0.072 0.284 0.271 0.002 0.003 0.028 0.029 0.026 0.001 0.169 0.254 0.227 0.001 0.217 0.002 0.001 0 0.1 0.222 0.003 0.001 0.001 0.479 0.004 0.175 0.003 0.167 0 0.001 0.003 0.001 0.228 0.001 0.002 0.002 0.004 0
0.006 0.005 0.005 0.011 0.003 0.001 0.002 0.002 0.001 0.001 0 0.004 0.004 0 0.002 0 0.001 1 0.005 0.001 0.002 0.041 0.023 0.005 0.009 0.001 0.001 0.001 0 0 0.009 0.017 0 0.062 0.067 0.015 0.001 0.003 0.021 0.002 0.002 0 0.001 0.017 0.023 0.008 0 0.003 0.002 0.002 0 0.002 0.001 0 0 0.003 0.002 0.001 0 0 0.001 0.001 0.003 0.001 0.003 0 0 0.001 0 0.002 0 0.176 0 0.001 0.001
0.602 0.613 0.66 0.292 0.506 0.133 0.35 0.305 0.17 0.004 0.058 0.785 0.76 0.008 0.406 0.06 0.02 0.005 1 0.205 0.036 0.096 0.153 0.906 0.444 0.023 0.019 0.147 0.045 0.044 0.383 0.262 0.028 0.12 0.09 0.2 0.014 0.01 0.066 0.034 0.016 0.011 0.075 0.024 0.028 0.08 0.029 0.001 0.033 0.015 0.018 0.004 0.012 0.009 0.012 0 0.016 0.013 0.008 0.032 0.001 0.014 0 0.013 0.001 0.011 0 0.003 0.007 0.005 0.016 0.007 0.015 0.001 0.014
0.176 0.197 0.198 0.084 0.014 0.66 0.009 0.008 0.004 0.004 0.285 0.194 0.19 0.002 0.01 0.002 0.004 0.001 0.205 1 0.013 0.016 0.035 0.195 0.102 0.005 0.004 0.796 0.219 0.218 0.109 0.064 0.176 0.017 0.016 0.04 0.004 0.007 0.007 0.011 0.012 0.002 0.22 0.029 0.001 0.019 0.102 0.022 0.013 0.015 0.058 0.007 0.124 0.002 0.003 0.008 0.006 0.003 0.002 0.191 0.005 0.006 0.005 0.003 0.003 0.002 0 0.001 0.001 0.007 0.001 0.003 0.054 0.001 0.003
0.006 0.003 0.003 0.04 0.034 0.009 0.022 0.019 0.011 0.306 0.004 0.047 0.048 0 0.026 0.004 0.308 0.002 0.036 0.013 1 0.043 0.247 0.058 0.099 0.011 0.323 0.014 0.003 0.003 0.103 0.121 0.001 0.039 0.036 0.154 0.008 0.038 0.203 0.803 0.702 0.001 0.006 0.16 0.088 0.024 0.003 0.49 0.724 0.611 0.003 0.568 0.003 0.145 0.078 0.389 0.625 0.009 0.004 0.001 0.285 0.013 0.516 0.009 0.53 0.071 0.004 0.177 0.003 0.513 0.002 0.006 0.004 0.002 0.11
0.098 0.103 0.102 0.244 0.067 0.007 0.043 0.038 0.021 0.02 0.007 0.094 0.095 0.043 0.05 0.007 0.017 0.041 0.096 0.016 0.043 1 0.44 0.113 0.186 0.022 0.016 0.028 0.006 0.006 0.17 0.042 0.009 0.02 0.025 0.06 0.113 0.076 0.009 0.052 0.054 0.061 0.019 0.008 0.021 0.161 0.001 0.056 0.028 0.03 0.001 0.042 0.002 0.009 0.007 0.041 0.032 0.069 0.001 0.009 0.009 0.025 0.046 0.072 0.042 0.006 0.007 0.016 0.007 0.038 0 0.011 0.004 0.048 0.004
0.092 0.094 0.092 0.305 0.121 0.018 0.078 0.068 0.037 0.082 0.013 0.167 0.166 0.036 0.091 0.013 0.088 0.023 0.153 0.035 0.247 0.44 1 0.205 0.343 0.039 0.096 0.052 0.01 0.011 0.327 0.16 0.011 0 0.001 0.218 0.051 0.138 0.084 0.231 0.189 0.043 0.029 0.064 0.099 0.035 0.004 0.11 0.252 0.2 0 0.159 0.005 0.04 0.018 0.094 0.201 0.023 0.005 0.01 0.102 0.045 0.096 0.024 0.112 0.018 0.014 0.041 0.012 0.145 0.001 0.002 0 0.007 0.037
0.625 0.658 0.708 0.332 0.553 0.119 0.382 0.333 0.186 0.02 0.064 0.84 0.815 0.007 0.443 0.065 0.018 0.005 0.906 0.195 0.058 0.113 0.205 1 0.513 0.021 0.02 0.17 0.049 0.048 0.426 0.317 0.037 0.139 0.105 0.249 0.017 0.007 0.064 0.055 0.03 0.01 0.09 0.017 0.04 0.081 0.032 0 0.06 0.032 0.02 0.015 0.018 0.008 0.011 0.001 0.035 0.015 0.007 0.042 0.01 0.012 0.003 0.016 0.004 0.01 0 0.007 0.007 0.012 0.017 0.006 0.017 0.002 0.013
0.313 0.313 0.345 0.611 0.285 0.061 0.206 0.179 0.1 0.037 0.034 0.415 0.392 0.01 0.24 0.035 0.034 0.009 0.444 0.102 0.099 0.186 0.343 0.513 1 0.039 0.037 0.084 0.026 0.025 0.817 0.617 0.016 0.043 0.029 0.501 0.019 0.149 0 0.104 0.073 0.013 0.041 0.002 0.249 0.182 0.008 0.025 0.115 0.072 0.001 0.054 0.004 0.016 0.016 0.027 0.082 0.017 0.013 0.019 0.031 0.005 0.033 0.018 0.04 0.013 0.018 0.019 0.031 0.05 0.008 0 0.001 0.001 0.023
0.015 0.024 0.024 0.015 0.013 0.003 0.008 0.007 0.004 0.004 0.001 0.022 0.009 0.001 0.009 0.001 0.003 0.001 0.023 0.005 0.011 0.022 0.039 0.021 0.039 1 0.004 0.004 0.001 0.001 0.041 0.052 0.001 0.014 0.013 0.014 0.002 0.104 0.039 0.011 0.012 0 0.004 0.021 0.028 0.01 0.001 0.016 0.01 0.011 0.002 0.012 0.001 0.002 0.002 0.014 0.011 0.003 0.146 0.002 0.004 0.245 0.015 0.003 0.016 0.002 0.006 0.003 0.001 0.01 0.001 0.002 0.002 0.004 0.002
0.025 0.022 0.022 0.048 0.012 0.003 0.008 0.007 0.004 0.004 0.001 0.014 0.015 0.003 0.009 0.001 0.883 0.001 0.019 0.004 0.323 0.016 0.096 0.02 0.037 0.004 1 0.005 0.001 0.001 0.037 0.037 0.002 0.013 0.012 0.055 0.003 0.012 0.077 0.305 0.292 0.002 0.003 0.034 0.032 0.027 0.001 0.182 0.273 0.244 0.002 0.233 0.002 0.002 0 0.106 0.239 0.003 0.001 0.002 0.518 0.004 0.188 0.003 0.179 0 0.001 0.003 0.001 0.246 0.001 0.002 0.002 0.004 0
0.132 0.15 0.151 0.055 0.016 0.504 0.01 0.009 0.005 0.005 0.255 0.159 0.153 0.002 0.011 0.002 0.005 0.001 0.147 0.796 0.014 0.028 0.052 0.17 0.084 0.004 0.005 1 0.196 0.195 0.12 0.087 0.214 0.019 0.014 0.058 0.004 0.004 0.019 0.013 0.014 0.003 0.378 0.026 0.003 0.033 0.091 0.048 0.014 0.017 0.051 0.008 0.284 0.002 0.003 0.028 0.008 0.004 0.001 0.261 0.006 0.007 0.022 0.004 0.017 0.002 0 0.002 0.002 0.009 0.001 0.003 0.047 0 0.003
0.039 0.044 0.044 0.02 0.003 0.316 0.002 0.002 0.001 0.001 0 0.043 0.042 0 0.002 0 0.001 0 0.045 0.219 0.003 0.006 0.01 0.049 0.026 0.001 0.001 0.196 1 0.94 0.02 0.016 0.053 0.004 0.003 0.013 0.001 0.004 0.019 0.003 0.003 0.001 0.148 0.009 0.009 0.008 0.021 0.024 0.003 0.004 0.012 0.003 0.167 0 0.001 0.022 0.002 0.001 0 0.27 0.002 0.001 0.02 0.001 0.007 0 0 0 0 0.002 0 0.001 0.014 0.001 0.001
0.038 0.043 0.043 0.019 0.003 0.315 0.002 0.002 0.001 0.001 0 0.046 0.044 0 0.002 0 0.001 0 0.044 0.218 0.003 0.006 0.011 0.048 0.025 0.001 0.001 0.195 0.94 1 0.02 0.017 0.061 0.003 0.002 0.014 0.001 0.004 0.021 0.003 0.003 0.001 0.151 0.009 0.008 0.009 0.02 0.024 0.003 0.004 0.011 0.002 0.156 0 0.001 0.022 0.002 0.001 0 0.253 0.001 0.001 0.02 0.001 0.007 0.001 0 0 0 0.002 0 0.001 0.013 0.001 0.001
0.261 0.263 0.29 0.539 0.227 0.069 0.17 0.145 0.096 0.037 0.033 0.372 0.351 0.014 0.198 0.034 0.034 0.009 0.383 0.109 0.103 0.17 0.327 0.426 0.817 0.041 0.037 0.12 0.02 0.02 1 0.739 0.029 0.068 0.054 0.61 0.033 0.141 0.007 0.112 0.08 0.02 0.089 0 0.275 0.218 0.007 0.014 0.123 0.079 0 0.057 0.033 0.016 0.014 0.013 0.086 0.031 0.015 0.04 0.035 0.004 0.018 0.032 0.024 0.014 0.017 0.02 0.031 0.054 0.007 0.002 0 0.007 0.021
0.168 0.165 0.187 0.349 0.172 0.034 0.13 0.11 0.074 0.047 0.026 0.269 0.257 0.018 0.151 0.026 0.033 0.017 0.262 0.064 0.121 0.042 0.16 0.317 0.617 0.052 0.037 0.087 0.016 0.017 0.739 1 0.019 0.274 0.255 0.805 0.042 0.096 0.059 0.132 0.1 0.023 0.07 0.014 0.415 0.205 0.003 0.028 0.146 0.1 0 0.08 0.023 0.021 0.021 0.024 0.111 0.035 0.019 0.028 0.039 0.001 0.035 0.035 0.043 0.017 0.012 0.029 0.024 0.075 0.013 0.017 0.001 0.009 0.029
0.028 0.032 0.032 0.017 0.005 0.259 0.004 0.003 0.002 0.001 0.001 0.041 0.059 0.001 0.004 0.001 0.002 0 0.028 0.176 0.001 0.009 0.011 0.037 0.016 0.001 0.002 0.214 0.053 0.061 0.029 0.019 1 0.006 0.006 0.029 0.001 0.001 0.027 0.005 0.005 0.001 0.189 0.003 0.008 0.016 0.084 0.028 0.005 0.006 0.05 0.001 0.178 0.001 0.001 0.028 0.001 0.001 0.001 0.249 0.001 0.001 0.02 0.001 0.027 0.001 0.001 0.001 0.001 0.001 0 0.001 0.044 0.001 0.001
0.095 0.09 0.109 0.017 0.234 0.012 0.315 0.251 0.13 0.013 0.005 0.12 0.12 0.005 0.351 0.005 0.012 0.062 0.12 0.017 0.039 0.02 0 0.139 0.043 0.014 0.013 0.019 0.004 0.003 0.068 0.274 0.006 1 0.911 0.235 0.011 0.051 0.326 0.039 0.041 0.099 0 0.265 0.263 0.027 0.004 0.035 0.043 0.04 0.006 0.022 0.009 0.006 0.007 0.025 0.026 0.008 0.005 0.006 0.006 0.006 0.032 0.007 0.035 0.006 0.005 0.005 0.005 0.02 0 0.019 0.007 0.008 0.007
0.07 0.08 0.081 0.009 0.179 0.011 0.334 0.265 0.134 0.012 0.004 0.091 0.092 0.005 0.273 0.004 0.011 0.067 0.09 0.016 0.036 0.025 0.001 0.105 0.029 0.013 0.012 0.014 0.003 0.002 0.054 0.255 0.006 0.911 1 0.219 0.011 0.047 0.304 0.036 0.038 0.108 0.009 0.231 0.295 0.022 0.004 0.057 0.04 0.044 0.006 0.046 0.006 0.005 0.006 0.045 0.044 0.007 0.005 0.003 0.02 0.005 0.054 0.007 0.056 0.005 0.005 0.01 0.004 0.043 0 0.021 0.006 0.007 0.007
0.126 0.117 0.135 0.448 0.143 0.017 0.11 0.094 0.063 0.055 0.022 0.208 0.214 0.021 0.128 0.023 0.05 0.015 0.2 0.04 0.154 0.06 0.218 0.249 0.501 0.014 0.055 0.058 0.013 0.014 0.61 0.805 0.029 0.235 0.219 1 0.048 0.237 0.03 0.167 0.129 0.019 0.06 0.003 0.57 0.27 0.003 0.048 0.183 0.131 0 0.109 0.021 0.024 0.024 0.042 0.146 0.04 0.014 0.024 0.058 0.078 0.057 0.041 0.067 0.021 0.024 0.035 0.021 0.102 0.012 0.013 0.001 0.012 0.033
0.021 0.019 0.019 0.039 0.01 0.003 0.006 0.006 0.003 0.003 0.001 0.019 0.02 0.035 0.007 0.001 0.002 0.001 0.014 0.004 0.008 0.113 0.051 0.017 0.019 0.002 0.003 0.004 0.001 0.001 0.033 0.042 0.001 0.011 0.011 0.048 1 0.011 0.01 0.004 0.004 0.002 0.003 0.012 0.029 0.04 0.001 0.004 0.001 0 0.001 0.006 0.002 0.001 0.002 0.003 0.002 0.47 0.001 0.001 0.001 0.004 0.009 0.48 0.004 0.002 0.001 0.003 0.001 0.002 0.001 0.002 0.002 0.064 0.002
0.01 0.016 0.016 0.274 0.018 0.012 0.012 0.009 0.001 0.014 0.093 0.009 0.006 0.004 0.009 0.005 0.011 0.003 0.01 0.007 0.038 0.076 0.138 0.007 0.149 0.104 0.012 0.004 0.004 0.004 0.141 0.096 0.001 0.051 0.047 0.237 0.011 1 0.155 0.041 0.041 0.007 0.013 0.099 0.374 0.118 0.002 0.066 0.044 0.05 0 0.052 0.007 0.006 0.008 0.061 0.051 0.011 0.005 0.006 0.023 0.273 0.064 0.011 0.067 0.007 0.099 0.011 0.088 0.049 0.002 0.008 0 0 0.008
0.082 0.083 0.099 0 0.051 0.031 0.08 0.06 0.03 0.087 0.014 0.068 0.057 0 0.089 0.014 0.072 0.021 0.066 0.007 0.203 0.009 0.084 0.064 0 0.039 0.077 0.019 0.019 0.021 0.007 0.059 0.027 0.326 0.304 0.03 0.01 0.155 1 0.261 0.214 0.035 0.085 0.453 0.006 0.1 0 0.301 0.217 0.169 0.003 0.203 0.03 0.037 0.031 0.237 0.221 0.011 0.008 0.038 0.099 0.033 0.244 0.011 0.245 0.021 0.016 0.071 0.014 0.185 0.002 0.001 0.004 0.015 0.031
0.007 0.006 0.006 0.049 0.024 0.007 0.022 0.019 0.011 0.29 0.004 0.036 0.048 0 0.024 0.004 0.284 0.002 0.034 0.011 0.803 0.052 0.231 0.055 0.104 0.011 0.305 0.013 0.003 0.003 0.112 0.132 0.005 0.039 0.036 0.167 0.004 0.041 0.261 1 0.885 0.006 0.01 0.212 0.102 0.043 0.003 0.6 0.905 0.771 0.005 0.72 0.007 0.143 0.108 0.49 0.786 0.009 0.004 0.003 0.32 0.014 0.56 0.009 0.593 0.103 0.004 0.233 0.004 0.662 0.002 0.006 0.005 0.011 0.143
0.001 0.001 0.001 0.032 0.007 0.008 0.004 0.002 0.001 0.231 0.004 0.018 0.028 0 0.005 0.004 0.271 0.002 0.016 0.012 0.702 0.054 0.189 0.03 0.073 0.012 0.292 0.014 0.003 0.003 0.08 0.1 0.005 0.041 0.038 0.129 0.004 0.041 0.214 0.885 1 0.006 0.011 0.219 0.107 0.048 0.003 0.618 0.799 0.809 0.005 0.734 0.008 0.124 0.103 0.514 0.698 0.009 0.004 0.003 0.295 0.015 0.584 0.009 0.616 0.071 0.004 0.21 0.004 0.699 0.03 0.007 0.006 0.012 0.107
0.002 0.006 0.006 0.018 0.006 0.002 0.004 0.003 0.002 0.001 0.001 0.006 0.003 0.001 0.005 0.001 0.002 0 0.011 0.002 0.001 0.061 0.043 0.01 0.013 0 0.002 0.003 0.001 0.001 0.02 0.023 0.001 0.099 0.108 0.019 0.002 0.007 0.035 0.006 0.006 1 0.002 0.011 0.026 0.021 0.001 0.009 0.006 0.007 0.001 0.007 0.001 0.001 0.001 0.003 0.007 0 0.001 0.001 0.003 0.002 0.009 0 0.009 0.001 0.001 0.002 0.001 0.007 0.014 0.001 0.001 0 0.001
0.068 0.053 0.079 0.027 0.001 0.33 0.007 0.006 0.004 0.003 0.001 0.087 0.086 0.001 0.003 0.001 0.003 0.001 0.075 0.22 0.006 0.019 0.029 0.09 0.041 0.004 0.003 0.378 0.148 0.151 0.089 0.07 0.189 0 0.009 0.06 0.003 0.013 0.085 0.01 0.011 0.002 1 0 0.033 0.034 0.001 0.195 0.011 0.007 0.002 0.003 0.473 0.001 0.002 0.146 0.001 0.003 0.001 0.42 0.005 0.005 0.127 0.003 0.114 0.002 0.001 0 0.001 0.003 0.001 0.002 0.002 0.004 0.002
0.033 0.028 0.037 0.003 0.063 0.018 0.104 0.079 0.05 0.088 0.011 0.019 0.013 0.004 0.115 0.011 0.028 0.017 0.024 0.029 0.16 0.008 0.064 0.017 0.002 0.021 0.034 0.026 0.009 0.009 0 0.014 0.003 0.265 0.231 0.003 0.012 0.099 0.453 0.212 0.219 0.011 0 1 0.014 0.071 0.009 0.188 0.227 0.226 0.014 0.227 0.008 0.043 0.034 0.194 0.229 0.025 0.001 0.001 0.089 0.04 0.168 0.025 0.19 0.029 0.012 0.067 0.001 0.219 0.003 0.002 0.016 0.028 0.047
0.018 0.015 0.016 0.291 0.049 0.029 0.134 0.108 0.068 0.033 0.035 0.026 0.03 0.012 0.111 0.008 0.029 0.023 0.028 0.001 0.088 0.021 0.099 0.04 0.249 0.028 0.032 0.003 0.009 0.008 0.275 0.415 0.008 0.263 0.295 0.57 0.029 0.374 0.006 0.102 0.107 0.026 0.033 0.014 1 0.184 0 0.17 0.112 0.127 0.003 0.133 0.021 0.015 0.019 0.157 0.128 0.023 0.013 0.015 0.057 0.139 0.164 0.024 0.172 0.017 0.039 0.028 0.035 0.126 0.007 0.027 0.004 0.003 0.021
0.079 0.063 0.07 0.224 0.054 0.007 0.046 0.048 0.036 0.004 0.013 0.064 0.053 0.022 0.046 0.005 0.026 0.008 0.08 0.019 0.024 0.161 0.035 0.081 0.182 0.01 0.027 0.033 0.008 0.009 0.218 0.205 0.016 0.027 0.022 0.27 0.04 0.118 0.1 0.043 0.048 0.021 0.034 0.071 0.184 1 0.01 0.102 0.052 0.059 0.001 0.058 0.008 0 0 0.075 0.053 0.061 0.013 0.015 0.05 0.045 0.073 0.063 0.077 0.008 0.012 0 0.012 0.053 0.001 0.004 0 0.029 0.014
0.013 0.016 0.016 0.009 0.003 0.042 0.002 0.002 0.001 0.001 0.068 0.028 0.027 0 0.002 0 0.001 0 0.029 0.102 0.003 0.001 0.004 0.032 0.008 0.001 0.001 0.091 0.021 0.02 0.007 0.003 0.084 0.004 0.004 0.003 0.001 0.002 0 0.003 0.003 0.001 0.001 0.009 0 0.01 1 0.005 0.003 0.004 0.634 0.004 0.001 0 0.001 0.005 0.004 0.001 0 0 0.002 0.001 0.005 0.001 0.005 0.001 0 0.001 0 0.004 0 0.001 0.57 0.024 0.001
0.011 0.006 0.012 0.01 0.006 0.051 0.014 0.01 0.003 0.174 0.006 0 0 0.001 0.003 0.006 0.169 0.003 0.001 0.022 0.49 0.056 0.11 0 0.025 0.016 0.182 0.048 0.024 0.024 0.014 0.028 0.028 0.035 0.057 0.048 0.004 0.066 0.301 0.6 0.618 0.009 0.195 0.188 0.17 0.102 0.005 1 0.659 0.673 0.008 0.703 0.083 0.086 0.061 0.819 0.682 0.015 0.007 0.087 0.334 0.024 0.833 0.015 0.876 0.059 0.007 0.167 0.006 0.672 0.021 0.011 0.009 0.019 0.101
0.007 0.009 0.009 0.06 0.027 0.008 0.025 0.021 0.012 0.263 0.004 0.041 0.055 0 0.027 0.004 0.254 0.002 0.033 0.013 0.724 0.028 0.252 0.06 0.115 0.01 0.273 0.014 0.003 0.003 0.123 0.146 0.005 0.043 0.04 0.183 0.001 0.044 0.217 0.905 0.799 0.006 0.011 0.227 0.112 0.052 0.003 0.659 1 0.849 0.005 0.756 0.008 0.13 0.098 0.55 0.864 0.01 0.005 0.003 0.385 0.016 0.588 0.01 0.651 0.094 0.004 0.214 0.004 0.702 0.002 0.007 0.006 0.013 0.157
0.001 0.001 0.001 0.039 0.007 0.01 0.006 0.004 0.001 0.207 0.005 0.021 0.03 0 0.005 0.005 0.227 0.002 0.015 0.015 0.611 0.03 0.2 0.032 0.072 0.011 0.244 0.017 0.004 0.004 0.079 0.1 0.006 0.04 0.044 0.131 0 0.05 0.169 0.771 0.809 0.007 0.007 0.226 0.127 0.059 0.004 0.673 0.849 1 0.006 0.796 0.009 0.115 0.102 0.595 0.788 0.006 0.005 0.004 0.369 0.018 0.631 0.006 0.69 0.08 0.005 0.187 0.004 0.741 0.029 0.008 0.007 0.014 0.141
0.009 0.011 0.011 0.004 0.001 0.023 0.003 0.003 0.002 0.002 0.04 0.017 0.016 0.001 0.003 0 0.001 0 0.018 0.058 0.003 0.001 0 0.02 0.001 0.002 0.002 0.051 0.012 0.011 0 0 0.05 0.006 0.006 0 0.001 0 0.003 0.005 0.005 0.001 0.002 0.014 0.003 0.001 0.634 0.008 0.005 0.006 1 0.006 0.001 0.001 0.001 0.007 0.006 0.001 0.001 0.001 0.003 0.002 0.008 0.001 0.008 0.001 0.001 0.001 0.001 0.006 0 0.001 0.873 0.031 0.001
0 0.001 0 0.026 0.002 0.001 0.009 0.006 0.003 0.22 0.005 0.007 0.013 0 0 0.005 0.217 0.002 0.004 0.007 0.568 0.042 0.159 0.015 0.054 0.012 0.233 0.008 0.003 0.002 0.057 0.08 0.001 0.022 0.046 0.109 0.006 0.052 0.203 0.72 0.734 0.007 0.003 0.227 0.133 0.058 0.004 0.703 0.756 0.796 0.006 1 0.01 0.073 0.118 0.668 0.872 0.011 0.005 0.004 0.389 0.019 0.722 0.012 0.769 0.129 0.005 0.174 0.005 0.876 0.015 0.008 0.007 0.015 0.161
0.012 0.015 0.015 0.002 0.008 0.187 0.005 0.005 0.003 0.002 0.001 0.02 0.02 0.001 0.006 0.001 0.002 0.001 0.012 0.124 0.003 0.002 0.005 0.018 0.004 0.001 0.002 0.284 0.167 0.156 0.033 0.023 0.178 0.009 0.006 0.021 0.002 0.007 0.03 0.007 0.008 0.001 0.473 0.008 0.021 0.008 0.001 0.083 0.008 0.009 0.001 0.01 1 0.001 0.001 0.09 0.009 0.002 0.001 0.592 0.004 0.002 0.084 0.002 0.062 0.001 0.001 0.002 0.001 0.009 0 0.001 0.001 0.003 0.002
0.04 0.045 0.046 0.018 0.005 0.001 0.003 0.003 0.002 0.003 0.001 0.004 0.005 0.001 0.004 0.001 0.001 0 0.009 0.002 0.145 0.009 0.04 0.008 0.016 0.002 0.002 0.002 0 0 0.016 0.021 0.001 0.006 0.005 0.024 0.001 0.006 0.037 0.143 0.124 0.001 0.001 0.043 0.015 0 0 0.086 0.13 0.115 0.001 0.073 0.001 1 0 0.092 0.107 0.001 0.001 0.001 0.003 0.002 0.081 0.001 0.085 0 0.001 0.324 0.001 0.063 0 0.001 0.001 0.002 0
0.011 0.009 0.009 0.015 0.006 0 0.004 0.003 0.002 0.284 0.001 0.01 0.01 0 0.005 0.001 0 0 0.012 0.003 0.078 0.007 0.018 0.011 0.016 0.002 0 0.003 0.001 0.001 0.014 0.021 0.001 0.007 0.006 0.024 0.002 0.008 0.031 0.108 0.103 0.001 0.002 0.034 0.019 0 0.001 0.061 0.098 0.102 0.001 0.118 0.001 0 1 0.098 0.123 0.002 0.001 0.001 0.003 0.003 0.071 0.002 0.09 0.131 0.001 0.039 0.001 0.087 0 0.001 0.001 0.002 0.299
0.009 0.005 0.01 0.008 0.004 0.028 0.011 0.008 0.003 0.152 0.006 0 0 0 0.001 0.006 0.1 0.003 0 0.008 0.389 0.041 0.094 0.001 0.027 0.014 0.106 0.028 0.022 0.022 0.013 0.024 0.028 0.025 0.045 0.042 0.003 0.061 0.237 0.49 0.514 0.003 0.146 0.194 0.157 0.075 0.005 0.819 0.55 0.595 0.007 0.668 0.09 0.092 0.098 1 0.64 0.014 0.006 0.094 0.226 0.021 0.816 0.014 0.856 0.108 0.006 0.18 0.006 0.665 0.043 0.01 0.008 0.018 0.135
0.001 0.005 0.002 0.039 0.014 0.001 0.028 0.024 0.014 0.23 0.005 0.021 0.031 0 0.012 0.005 0.222 0.002 0.016 0.006 0.625 0.032 0.201 0.035 0.082 0.011 0.239 0.008 0.002 0.002 0.086 0.111 0.001 0.026 0.044 0.146 0.002 0.051 0.221 0.786 0.698 0.007 0.001 0.229 0.128 0.053 0.004 0.682 0.864 0.788 0.006 0.872 0.009 0.107 0.123 0.64 1 0.011 0.005 0.004 0.413 0.018 0.662 0.011 0.742 0.134 0.005 0.216 0.004 0.804 0.003 0.008 0.007 0.014 0.168
0.011 0.009 0.009 0.027 0.009 0.003 0.006 0.005 0.003 0.003 0.001 0.017 0.018 0.036 0.007 0.001 0.003 0.001 0.013 0.003 0.009 0.069 0.023 0.015 0.017 0.003 0.003 0.004 0.001 0.001 0.031 0.035 0.001 0.008 0.007 0.04 0.47 0.011 0.011 0.009 0.009 0 0.003 0.025 0.023 0.061 0.001 0.015 0.01 0.006 0.001 0.011 0.002 0.001 0.002 0.014 0.011 1 0.001 0.001 0.005 0.004 0.014 0.981 0.015 0.001 0.001 0.002 0.001 0.011 0.001 0.002 0.001 0.15 0.002
0.008 0.007 0.007 0.016 0.004 0.001 0.003 0.003 0.001 0.001 0 0.006 0.003 0.001 0.003 0 0.001 0 0.008 0.002 0.004 0.001 0.005 0.007 0.013 0.146 0.001 0.001 0 0 0.015 0.019 0.001 0.005 0.005 0.014 0.001 0.005 0.008 0.004 0.004 0.001 0.001 0.001 0.013 0.013 0 0.007 0.005 0.005 0.001 0.005 0.001 0.001 0.001 0.006 0.005 0.001 1 0.001 0.002 0.002 0.007 0.001 0.007 0.001 0.001 0.001 0 0.004 0 0.001 0.001 0.001 0.001
0.032 0.037 0.037 0.011 0.005 0.279 0.003 0.003 0.002 0.001 0.001 0.046 0.047 0.001 0.004 0.001 0.001 0 0.032 0.191 0.001 0.009 0.01 0.042 0.019 0.002 0.002 0.261 0.27 0.253 0.04 0.028 0.249 0.006 0.003 0.024 0.001 0.006 0.038 0.003 0.003 0.001 0.42 0.001 0.015 0.015 0 0.087 0.003 0.004 0.001 0.004 0.592 0.001 0.001 0.094 0.004 0.001 0.001 1 0.003 0.002 0.088 0.001 0.061 0.001 0.001 0 0.001 0.004 0 0.001 0.001 0.002 0.001
0.005 0.01 0.007 0.035 0.004 0.003 0.013 0.011 0.006 0.006 0.002 0.008 0.009 0 0.001 0.002 0.479 0.001 0.001 0.005 0.285 0.009 0.102 0.01 0.031 0.004 0.518 0.006 0.002 0.001 0.035 0.039 0.001 0.006 0.02 0.058 0.001 0.023 0.099 0.32 0.295 0.003 0.005 0.089 0.057 0.05 0.002 0.334 0.385 0.369 0.003 0.389 0.004 0.003 0.003 0.226 0.413 0.005 0.002 0.003 1 0.008 0.35 0.005 0.334 0.003 0.002 0 0.002 0.333 0.001 0.004 0.003 0.006 0
0.01 0.015 0.014 0.091 0.004 0.004 0.001 0 0.005 0.005 0.002 0.01 0.008 0.001 0.002 0.002 0.004 0.001 0.014 0.006 0.013 0.025 0.045 0.012 0.005 0.245 0.004 0.007 0.001 0.001 0.004 0.001 0.001 0.006 0.005 0.078 0.004 0.273 0.033 0.014 0.015 0.002 0.005 0.04 0.139 0.045 0.001 0.024 0.016 0.018 0.002 0.019 0.002 0.002 0.003 0.021 0.018 0.004 0.002 0.002 0.008 1 0.023 0.004 0.024 0.002 0.002 0.004 0.002 0.017 0.001 0.003 0.002 0.001 0.003
0.004 0.002 0.006 0.013 0.005 0.021 0.012 0.009 0.004 0.155 0.006 0 0.002 0 0.002 0.006 0.175 0.003 0 0.005 0.516 0.046 0.096 0.003 0.033 0.015 0.188 0.022 0.02 0.02 0.018 0.035 0.02 0.032 0.054 0.057 0.009 0.064 0.244 0.56 0.584 0.009 0.127 0.168 0.164 0.073 0.005 0.833 0.588 0.631 0.008 0.722 0.084 0.081 0.071 0.816 0.662 0.014 0.007 0.088 0.35 0.023 1 0.014 0.921 0.104 0.007 0.173 0.006 0.646 0.021 0.01 0.009 0.008 0.104
0.011 0.01 0.009 0.028 0.009 0.003 0.006 0.005 0.003 0.003 0.001 0.017 0.018 0.035 0.007 0.001 0.003 0.001 0.013 0.003 0.009 0.072 0.024 0.016 0.018 0.003 0.003 0.004 0.001 0.001 0.032 0.035 0.001 0.007 0.007 0.041 0.48 0.011 0.011 0.009 0.009 0 0.003 0.025 0.024 0.063 0.001 0.015 0.01 0.006 0.001 0.012 0.002 0.001 0.002 0.014 0.011 0.981 0.001 0.001 0.005 0.004 0.014 1 0.015 0.002 0.001 0.003 0.001 0.011 0.001 0.002 0.002 0.15 0.002
0.003 0.001 0.004 0.017 0.006 0.016 0.013 0.01 0.004 0.172 0.006 0.001 0.003 0 0.003 0.007 0.167 0.003 0.001 0.003 0.53 0.042 0.112 0.004 0.04 0.016 0.179 0.017 0.007 0.007 0.024 0.043 0.027 0.035 0.056 0.067 0.004 0.067 0.245 0.593 0.616 0.009 0.114 0.19 0.172 0.077 0.005 0.876 0.651 0.69 0.008 0.769 0.062 0.085 0.09 0.856 0.742 0.015 0.007 0.061 0.334 0.024 0.921 0.015 1 0.1 0.007 0.165 0.006 0.726 0.02 0.011 0.009 0.008 0.124
0.006 0.005 0.005 0.011 0.006 0 0.004 0.003 0.002 0.148 0.001 0.008 0.009 0 0.004 0.001 0 0 0.011 0.002 0.071 0.006 0.018 0.01 0.013 0.002 0 0.002 0 0.001 0.014 0.017 0.001 0.006 0.005 0.021 0.002 0.007 0.021 0.103 0.071 0.001 0.002 0.029 0.017 0.008 0.001 0.059 0.094 0.08 0.001 0.129 0.001 0 0.131 0.108 0.134 0.001 0.001 0.001 0.003 0.002 0.104 0.002 0.1 1 0.001 0.001 0.001 0.095 0 0.001 0.001 0.002 0.491
0.001 0 0 0.028 0 0.001 0.001 0.002 0.007 0.001 0.006 0 0.001 0.001 0.001 0 0.001 0 0 0 0.004 0.007 0.014 0 0.018 0.006 0.001 0 0 0 0.017 0.012 0.001 0.005 0.005 0.024 0.001 0.099 0.016 0.004 0.004 0.001 0.001 0.012 0.039 0.012 0 0.007 0.004 0.005 0.001 0.005 0.001 0.001 0.001 0.006 0.005 0.001 0.001 0.001 0.002 0.002 0.007 0.001 0.007 0.001 1 0.001 0 0.005 0 0.001 0.001 0.001 0.001
0.018 0.014 0.023 0.002 0 0.001 0.006 0.006 0.003 0.072 0.001 0.001 0.005 0.001 0.002 0.001 0.003 0.001 0.003 0.001 0.177 0.016 0.041 0.007 0.019 0.003 0.003 0.002 0 0 0.02 0.029 0.001 0.005 0.01 0.035 0.003 0.011 0.071 0.233 0.21 0.002 0 0.067 0.028 0 0.001 0.167 0.214 0.187 0.001 0.174 0.002 0.324 0.039 0.18 0.216 0.002 0.001 0 0 0.004 0.173 0.003 0.165 0.001 0.001 1 0.001 0.174 0.001 0.002 0.001 0.003 0
0.006 0.007 0.007 0.024 0.004 0.001 0.003 0.002 0.001 0.001 0 0.008 0.007 0 0.003 0 0.001 0 0.007 0.001 0.003 0.007 0.012 0.007 0.031 0.001 0.001 0.002 0 0 0.031 0.024 0.001 0.005 0.004 0.021 0.001 0.088 0.014 0.004 0.004 0.001 0.001 0.001 0.035 0.012 0 0.006 0.004 0.004 0.001 0.005 0.001 0.001 0.001 0.006 0.004 0.001 0 0.001 0.002 0.002 0.006 0.001 0.006 0.001 0 0.001 1 0.004 0 0.001 0.001 0.001 0.001
0 0.001 0 0.025 0.001 0.002 0.006 0.004 0.001 0.168 0.005 0.005 0.01 0 0 0.005 0.228 0.002 0.005 0.007 0.513 0.038 0.145 0.012 0.05 0.01 0.246 0.009 0.002 0.002 0.054 0.075 0.001 0.02 0.043 0.102 0.002 0.049 0.185 0.662 0.699 0.007 0.003 0.219 0.126 0.053 0.004 0.672 0.702 0.741 0.006 0.876 0.009 0.063 0.087 0.665 0.804 0.011 0.004 0.004 0.333 0.017 0.646 0.011 0.726 0.095 0.005 0.174 0.004 1 0.028 0.008 0.007 0.014 0.144
0.013 0.015 0.015 0.005 0.029 0.001 0.051 0.059 0.054 0.001 0 0.03 0.029 0 0.044 0 0.001 0 0.016 0.001 0.002 0 0.001 0.017 0.008 0.001 0.001 0.001 0 0 0.007 0.013 0 0 0 0.012 0.001 0.002 0.002 0.002 0.03 0.014 0.001 0.003 0.007 0.001 0 0.021 0.002 0.029 0 0.015 0 0 0 0.043 0.003 0.001 0 0 0.001 0.001 0.021 0.001 0.02 0 0 0.001 0 0.028 1 0 0 0.001 0
0.008 0.007 0.007 0 0.002 0.002 0 0.002 0.002 0.002 0.001 0.006 0.006 0.001 0.005 0.001 0.002 0.176 0.007 0.003 0.006 0.011 0.002 0.006 0 0.002 0.002 0.003 0.001 0.001 0.002 0.017 0.001 0.019 0.021 0.013 0.002 0.008 0.001 0.006 0.007 0.001 0.002 0.002 0.027 0.004 0.001 0.011 0.007 0.008 0.001 0.008 0.001 0.001 0.001 0.01 0.008 0.002 0.001 0.001 0.004 0.003 0.01 0.002 0.011 0.001 0.001 0.002 0.001 0.008 0 1 0.001 0.002 0.001
0.007 0.009 0.009 0.002 0.001 0.022 0.004 0.003 0.002 0.002 0.035 0.014 0.013 0.001 0.004 0 0.002 0 0.015 0.054 0.004 0.004 0 0.017 0.001 0.002 0.002 0.047 0.014 0.013 0 0.001 0.044 0.007 0.006 0.001 0.002 0 0.004 0.005 0.006 0.001 0.002 0.016 0.004 0 0.57 0.009 0.006 0.007 0.873 0.007 0.001 0.001 0.001 0.008 0.007 0.001 0.001 0.001 0.003 0.002 0.009 0.002 0.009 0.001 0.001 0.001 0.001 0.007 0 0.001 1 0.05 0.001
0.004 0.003 0.003 0.01 0.003 0.002 0.003 0.002 0 0.004 0.013 0.001 0.001 0.026 0.004 0.001 0.004 0.001 0.001 0.001 0.002 0.048 0.007 0.002 0.001 0.004 0.004 0 0.001 0.001 0.007 0.009 0.001 0.008 0.007 0.012 0.064 0 0.015 0.011 0.012 0 0.004 0.028 0.003 0.029 0.024 0.019 0.013 0.014 0.031 0.015 0.003 0.002 0.002 0.018 0.014 0.15 0.001 0.002 0.006 0.001 0.008 0.15 0.008 0.002 0.001 0.003 0.001 0.014 0.001 0.002 0.05 1 0.002
0.007 0.006 0.006 0.015 0.007 0 0.005 0.004 0.002 0.225 0.001 0.011 0.012 0 0.006 0.001 0 0.001 0.014 0.003 0.11 0.004 0.037 0.013 0.023 0.002 0 0.003 0.001 0.001 0.021 0.029 0.001 0.007 0.007 0.033 0.002 0.008 0.031 0.143 0.107 0.001 0.002 0.047 0.021 0.014 0.001 0.101 0.157 0.141 0.001 0.161 0.002 0 0.299 0.135 0.168 0.002 0.001 0.001 0 0.003 0.104 0.002 0.124 0.491 0.001 0 0.001 0.144 0 0.001 0.001 0.002 1
