1 0.845 0.868 0.406 0.409 0.136 0.31 0.276 0.115 0.021 0.039 0.57 0.538 0.008 0.314 0.027 0.035 0.011 0.623 0.175 0.007 0.136 0.139 0.66 0.3 0.005 0.042 0.144 0.043 0.042 0.253 0.138 0.042 0.073 0.064 0.116 0.022 0.017 0.094 0.004 0 0.007 0.052 0.042 0.017 0.067 0.025 0.009 0.006 0 0.033 0.001 0.003 0.024 0.012 0.009 0 0.014 0.006 0.016 0.015 0.008 0.002 0.02 0.008 0 0.002 0.026 0.001 0 0.019 0.001 0.022 0.003 0
0.845 1 0.958 0.392 0.429 0.16 0.367 0.326 0.136 0.018 0.047 0.634 0.599 0.007 0.336 0.033 0.03 0.01 0.677 0.207 0.003 0.119 0.111 0.722 0.301 0.021 0.035 0.174 0.051 0.05 0.265 0.148 0.052 0.085 0.089 0.11 0.019 0.036 0.124 0.001 0 0.012 0.044 0.059 0.012 0.056 0.031 0.013 0.002 0 0.04 0.002 0.005 0.03 0.01 0.013 0 0.011 0.01 0.021 0.018 0.019 0.004 0.016 0.011 0 0.009 0.032 0.007 0.001 0.023 0 0.028 0.001 0
0.868 0.958 1 0.401 0.465 0.154 0.352 0.313 0.131 0.019 0.045 0.658 0.621 0.007 0.357 0.031 0.031 0.01 0.705 0.199 0.004 0.119 0.115 0.751 0.322 0.022 0.037 0.166 0.049 0.048 0.273 0.153 0.05 0.093 0.082 0.114 0.02 0.036 0.124 0.002 0 0.012 0.062 0.061 0.011 0.056 0.03 0.016 0.003 0 0.038 0.004 0.005 0.028 0.01 0.015 0.001 0.012 0.005 0.019 0.012 0.02 0.005 0.017 0.013 0 0.009 0.031 0.007 0.002 0.022 0 0.027 0.002 0
0.406 0.392 0.401 1 0.211 0.037 0.162 0.144 0.06 0.041 0.021 0.262 0.262 0.016 0.164 0.018 0.067 0.022 0.29 0.056 0.03 0.283 0.34 0.322 0.593 0.005 0.053 0.041 0.025 0.023 0.541 0.343 0.012 0.012 0.01 0.414 0.044 0.215 0 0.04 0.024 0.027 0.016 0.001 0.249 0.2 0.013 0.009 0.047 0.023 0.016 0.012 0 0.009 0.009 0.008 0.026 0.032 0.015 0.001 0.03 0.074 0.012 0.043 0.011 0 0.039 0.001 0.014 0.018 0.009 0.003 0.007 0.012 0.002
0.409 0.429 0.465 0.211 1 0.013 0.648 0.611 0.245 0.009 0.004 0.485 0.436 0.004 0.667 0.065 0.015 0.005 0.518 0.017 0.034 0.07 0.132 0.54 0.252 0.011 0.018 0.02 0.004 0.005 0.198 0.15 0.009 0.266 0.236 0.129 0.011 0.044 0.064 0.028 0.007 0.006 0 0.093 0.064 0.047 0.004 0.008 0.029 0.007 0 0.004 0.009 0.004 0.005 0.007 0.018 0.009 0.001 0.008 0.008 0.005 0.009 0.011 0.008 0.002 0.005 0.001 0.004 0.003 0.033 0.001 0 0.004 0.004
0.136 0.16 0.154 0.037 0.013 1 0.009 0.008 0.003 0.003 0.001 0.156 0.148 0.001 0.009 0.001 0.005 0.002 0.175 0.735 0.012 0.012 0.03 0.15 0.07 0.003 0.006 0.54 0.327 0.332 0.072 0.022 0.263 0.017 0.015 0.009 0.002 0.015 0.029 0.002 0.003 0.002 0.194 0.009 0.037 0.005 0.104 0.032 0.002 0.004 0.078 0.003 0.049 0.001 0.002 0.024 0.006 0.002 0.002 0.113 0.002 0.006 0.012 0.003 0.026 0.002 0.002 0.018 0.001 0.001 0.001 0.002 0.075 0 0.002
0.31 0.367 0.352 0.162 0.648 0.009 1 0.89 0.372 0.007 0.003 0.343 0.324 0.003 0.807 0.002 0.011 0.004 0.386 0.012 0.023 0.05 0.092 0.402 0.197 0.008 0.013 0.014 0.003 0.004 0.191 0.144 0.006 0.335 0.374 0.132 0.008 0.028 0.103 0.025 0.003 0.004 0.008 0.149 0.146 0.046 0.003 0.012 0.026 0.005 0.002 0.008 0.006 0.004 0.003 0.011 0.031 0.006 0.004 0.006 0.019 0.002 0.011 0.008 0.012 0.001 0.004 0.005 0.003 0.007 0.065 0.003 0.005 0.008 0.002
0.276 0.326 0.313 0.144 0.611 0.008 0.89 1 0.418 0.006 0.002 0.304 0.287 0.002 0.743 0.002 0.01 0.003 0.342 0.011 0.02 0.044 0.081 0.356 0.174 0.007 0.012 0.012 0.003 0.003 0.168 0.127 0.005 0.282 0.317 0.116 0.007 0.025 0.086 0.022 0.002 0.004 0.008 0.126 0.122 0.049 0.003 0.009 0.023 0.003 0.002 0.005 0.006 0.003 0.002 0.007 0.027 0.005 0.003 0.005 0.017 0.001 0.008 0.007 0.009 0.001 0.003 0.005 0.002 0.005 0.073 0 0.005 0.007 0.002
0.115 0.136 0.131 0.06 0.245 0.003 0.372 0.418 1 0.002 0.001 0.132 0.125 0.001 0.355 0.001 0.004 0.001 0.15 0.005 0.01 0.019 0.037 0.156 0.077 0.003 0.005 0.005 0.001 0.001 0.076 0.055 0.002 0.109 0.13 0.054 0.003 0.008 0.035 0.011 0.001 0.002 0.003 0.065 0.055 0.025 0.001 0.004 0.012 0.002 0.001 0.003 0.002 0.001 0.002 0.004 0.014 0.003 0.001 0.002 0.007 0.005 0.005 0.004 0.005 0.002 0.001 0.002 0.001 0.003 0.011 0.001 0.002 0.003 0.002
0.021 0.018 0.019 0.041 0.009 0.003 0.007 0.006 0.002 1 0.001 0.015 0.007 0.001 0.007 0.001 0.004 0.001 0.015 0.004 0.172 0.016 0.041 0.016 0.032 0.002 0.004 0.004 0.001 0.001 0.02 0.027 0.003 0.012 0.011 0.031 0.002 0.008 0.046 0.105 0.081 0.001 0 0.024 0.024 0.004 0.001 0.077 0.099 0.059 0.001 0.072 0 0 0.415 0.08 0.085 0.002 0 0.001 0.004 0.002 0.071 0.003 0.076 0.098 0.002 0 0.001 0.074 0.001 0.001 0.002 0.003 0.202
0.039 0.047 0.045 0.021 0.004 0.001 0.003 0.002 0.001 0.001 1 0.045 0.044 0 0.003 0 0.001 0 0.051 0.216 0.004 0.006 0.013 0.053 0.025 0.001 0.002 0.19 0 0 0.026 0.02 0.001 0.005 0.005 0.019 0.001 0.078 0.015 0.004 0.004 0.001 0.001 0.011 0.027 0.009 0.061 0.006 0.004 0.005 0.046 0.006 0.001 0 0.001 0.006 0.005 0.001 0.001 0 0.002 0.001 0.006 0 0.006 0.001 0 0.001 0 0.005 0 0 0.038 0.02 0.001
0.57 0.634 0.658 0.262 0.485 0.156 0.343 0.304 0.132 0.015 0.045 1 0.896 0.007 0.365 0.041 0.008 0.001 0.776 0.202 0.044 0.094 0.173 0.825 0.363 0.021 0.012 0.193 0.054 0.061 0.325 0.226 0.071 0.124 0.112 0.178 0.019 0.033 0.096 0.029 0.011 0.011 0.079 0.056 0.023 0.077 0.041 0.002 0.031 0.012 0.049 0.002 0.011 0.006 0.017 0.002 0.008 0.011 0.005 0.045 0.003 0.015 0 0.016 0.001 0.012 0.009 0.001 0.007 0.002 0.028 0.002 0.035 0 0.015
0.538 0.599 0.621 0.262 0.436 0.148 0.324 0.287 0.125 0.007 0.044 0.896 1 0.008 0.345 0.039 0.009 0.002 0.744 0.2 0.038 0.1 0.171 0.792 0.347 0.008 0.014 0.183 0.051 0.057 0.324 0.224 0.091 0.125 0.114 0.189 0.021 0.03 0.089 0.038 0.017 0.011 0.089 0.052 0.026 0.072 0.038 0.001 0.042 0.019 0.046 0.005 0.016 0.006 0.017 0.001 0.013 0.012 0.001 0.056 0.004 0.012 0 0.017 0 0.012 0.009 0 0.006 0.005 0.026 0.002 0.033 0 0.016
0.008 0.007 0.007 0.016 0.004 0.001 0.003 0.002 0.001 0.001 0 0.007 0.008 1 0.003 0 0.001 0 0.007 0.002 0 0.037 0.027 0.006 0 0.001 0.001 0.002 0 0 0.013 0.017 0.001 0.005 0.005 0.019 0 0.004 0.002 0 0 0.001 0.001 0.005 0.011 0.025 0 0.002 0 0.001 0.001 0.001 0.001 0 0.001 0.001 0.001 0 0.001 0.001 0 0.002 0.001 0 0.001 0 0.001 0.001 0 0.001 0 0 0.001 0 0.001
0.314 0.336 0.357 0.164 0.667 0.009 0.807 0.743 0.355 0.007 0.003 0.365 0.345 0.003 1 0.002 0.011 0.004 0.422 0.013 0.029 0.052 0.103 0.439 0.216 0.008 0.014 0.015 0.003 0.004 0.206 0.156 0.006 0.365 0.321 0.143 0.008 0.029 0.109 0.029 0.005 0.005 0.001 0.147 0.118 0.048 0.004 0.004 0.03 0.004 0.002 0.001 0.007 0.004 0.006 0.003 0.016 0.006 0.004 0.006 0.002 0.002 0.004 0.008 0.004 0.004 0.004 0.005 0.003 0.001 0.062 0.004 0.005 0.009 0.005
0.027 0.033 0.031 0.018 0.065 0.001 0.002 0.002 0.001 0.001 0 0.041 0.039 0 0.002 1 0.001 0 0.046 0.001 0.003 0.006 0.011 0.048 0.024 0.001 0.001 0.002 0 0 0.023 0.018 0.001 0.004 0.004 0.017 0.001 0.004 0.013 0.004 0.004 0 0.001 0.01 0.006 0.003 0 0.006 0.004 0.004 0 0.005 0.001 0 0.001 0.005 0.004 0.001 0 0.001 0.002 0.002 0.005 0.001 0.006 0.001 0.001 0.001 0 0.005 0 0 0 0.001 0.001
0.035 0.03 0.031 0.067 0.015 0.005 0.011 0.01 0.004 0.004 0.001 0.008 0.009 0.001 0.011 0.001 1 0.002 0.027 0.006 0.395 0.026 0.109 0.026 0.052 0.004 0.837 0.007 0.002 0.002 0.049 0.056 0.003 0.02 0.019 0.07 0.004 0.015 0.088 0.342 0.316 0.002 0.004 0.066 0.041 0.029 0.002 0.213 0.309 0.283 0.002 0.246 0.003 0.002 0.002 0.18 0.249 0.004 0.002 0.003 0.537 0.007 0.22 0.005 0.213 0.001 0.003 0.003 0 0.26 0.001 0.002 0.003 0.003 0.002
0.011 0.01 0.01 0.022 0.005 0.002 0.004 0.003 0.001 0.001 0 0.001 0.002 0 0.004 0 0.002 1 0.009 0.002 0.005 0.071 0.036 0.008 0.017 0.001 0.002 0.002 0.001 0.001 0.017 0.028 0.001 0.092 0.099 0.025 0.001 0.006 0.025 0.001 0.002 0.001 0.001 0.035 0.026 0.012 0.001 0.004 0.001 0.002 0.001 0.003 0.001 0.001 0.001 0.003 0.002 0.001 0.001 0.001 0 0.002 0.003 0.002 0.004 0.001 0.001 0.001 0 0.002 0 0.216 0.001 0.001 0.001
0.623 0.677 0.705 0.29 0.518 0.175 0.386 0.342 0.15 0.015 0.051 0.776 0.744 0.007 0.422 0.046 0.027 0.009 1 0.238 0.054 0.094 0.188 0.905 0.412 0.019 0.021 0.16 0.061 0.06 0.343 0.209 0.035 0.121 0.107 0.164 0.008 0.03 0.064 0.041 0.018 0.011 0.047 0.031 0.024 0.059 0.046 0 0.042 0.017 0.056 0.003 0 0.008 0.015 0.002 0.012 0.005 0.004 0.016 0.004 0.016 0.004 0.008 0.001 0.01 0.008 0 0.006 0.004 0.025 0 0.041 0 0.013
0.175 0.207 0.199 0.056 0.017 0.735 0.012 0.011 0.005 0.004 0.216 0.202 0.2 0.002 0.013 0.001 0.006 0.002 0.238 1 0.016 0.019 0.045 0.215 0.101 0.005 0.008 0.741 0.241 0.244 0.097 0.039 0.189 0.023 0.021 0.021 0.003 0.001 0.007 0.005 0.006 0.003 0.136 0.019 0.008 0.011 0.164 0.013 0.006 0.008 0.123 0 0.032 0.001 0.004 0.009 0.001 0.001 0.002 0.08 0.005 0.008 0.003 0.002 0.01 0.003 0.001 0.011 0.002 0 0.001 0.002 0.113 0.003 0.003
0.007 0.003 0.004 0.03 0.034 0.012 0.023 0.02 0.01 0.172 0.004 0.044 0.038 0 0.029 0.003 0.395 0.005 0.054 0.016 1 0.066 0.278 0.065 0.133 0.01 0.467 0.018 0.004 0.005 0.112 0.137 0.001 0.051 0.047 0.162 0.01 0.039 0.215 0.794 0.698 0.006 0.004 0.133 0.105 0.042 0.004 0.521 0.731 0.606 0.006 0.55 0.002 0.073 0.063 0.404 0.539 0.01 0.003 0.001 0.338 0.016 0.495 0.013 0.458 0.083 0.007 0.035 0.002 0.557 0.002 0.005 0.007 0.009 0.143
0.136 0.119 0.119 0.283 0.07 0.012 0.05 0.044 0.019 0.016 0.006 0.094 0.1 0.037 0.052 0.006 0.026 0.071 0.094 0.019 0.066 1 0.428 0.119 0.179 0.019 0.031 0.034 0.008 0.008 0.188 0.04 0.015 0.032 0.021 0.053 0.116 0.057 0.021 0.051 0.057 0.068 0.021 0.012 0.021 0.19 0.003 0.067 0.033 0.042 0.003 0.053 0 0.002 0.01 0.058 0.041 0.089 0.002 0.014 0.018 0.029 0.063 0.123 0.065 0.007 0.012 0.005 0.005 0.049 0.003 0.015 0 0.041 0.008
0.139 0.111 0.115 0.34 0.132 0.03 0.092 0.081 0.037 0.041 0.013 0.173 0.171 0.027 0.103 0.011 0.109 0.036 0.188 0.045 0.278 0.428 1 0.236 0.397 0.037 0.13 0.066 0.015 0.017 0.382 0.189 0.014 0 0 0.234 0.046 0.122 0.059 0.232 0.184 0.032 0.028 0.04 0.125 0.04 0.01 0.107 0.243 0.175 0.011 0.134 0.001 0.027 0.011 0.078 0.149 0.021 0.006 0.015 0.108 0.057 0.101 0.035 0.088 0.021 0.024 0.007 0.008 0.143 0.006 0.004 0.004 0.007 0.042
0.66 0.722 0.751 0.322 0.54 0.15 0.402 0.356 0.156 0.016 0.053 0.825 0.792 0.006 0.439 0.048 0.026 0.008 0.905 0.215 0.065 0.119 0.236 1 0.474 0.018 0.031 0.206 0.064 0.062 0.376 0.254 0.065 0.13 0.115 0.204 0.016 0.027 0.076 0.05 0.023 0.01 0.077 0.037 0.029 0.073 0.048 0 0.053 0.024 0.059 0.006 0.008 0.007 0.014 0 0.017 0.011 0.004 0.039 0.009 0.015 0.003 0.015 0 0.01 0.007 0 0.006 0.007 0.026 0 0.043 0.001 0.013
0.3 0.301 0.322 0.593 0.252 0.07 0.197 0.174 0.077 0.032 0.025 0.363 0.347 0 0.216 0.024 0.052 0.017 0.412 0.101 0.133 0.179 0.397 0.474 1 0.037 0.062 0.092 0.031 0.03 0.765 0.542 0.026 0.03 0.027 0.453 0.021 0.14 0.001 0.118 0.082 0.021 0.029 0.002 0.225 0.16 0.018 0.036 0.124 0.071 0.017 0.048 0 0.016 0.016 0.028 0.064 0.015 0.011 0.013 0.04 0.011 0.041 0.023 0.032 0.009 0.043 0.005 0.019 0.057 0.012 0.001 0.009 0.002 0.027
0.005 0.021 0.022 0.005 0.011 0.003 0.008 0.007 0.003 0.002 0.001 0.021 0.008 0.001 0.008 0.001 0.004 0.001 0.019 0.005 0.01 0.019 0.037 0.018 0.037 1 0.005 0.005 0.001 0.001 0.037 0.047 0.002 0.014 0.013 0.004 0.002 0.065 0.035 0.011 0.012 0.001 0.003 0.019 0.015 0 0.001 0.018 0.011 0.013 0.002 0.015 0.002 0.001 0.002 0.017 0.013 0.003 0.101 0.002 0.007 0.154 0.017 0.004 0.018 0.002 0 0.002 0.001 0.014 0.001 0.001 0.002 0.003 0.002
0.042 0.035 0.037 0.053 0.018 0.006 0.013 0.012 0.005 0.004 0.002 0.012 0.014 0.001 0.014 0.001 0.837 0.002 0.021 0.008 0.467 0.031 0.13 0.031 0.062 0.005 1 0.009 0.002 0.002 0.06 0.07 0.004 0.024 0.022 0.085 0.005 0.019 0.105 0.409 0.378 0.003 0.005 0.059 0.051 0.035 0.002 0.255 0.372 0.338 0.003 0.294 0.004 0.002 0.002 0.143 0.238 0.005 0.002 0.004 0.645 0.009 0.264 0.006 0.199 0.002 0.003 0.003 0 0.311 0.001 0.002 0.003 0.004 0.002
0.144 0.174 0.166 0.041 0.02 0.54 0.014 0.012 0.005 0.004 0.19 0.193 0.183 0.002 0.015 0.002 0.007 0.002 0.16 0.741 0.018 0.034 0.066 0.206 0.092 0.005 0.009 1 0.226 0.228 0.122 0.071 0.326 0.026 0.012 0.046 0.005 0 0.026 0.007 0.008 0.003 0.328 0.009 0.012 0.027 0.155 0.045 0.008 0.01 0.115 0 0.182 0.002 0.004 0.037 0 0.002 0.003 0.26 0.006 0.009 0.023 0.003 0.038 0.003 0.001 0.009 0.002 0.001 0.001 0.002 0.106 0.002 0.003
0.043 0.051 0.049 0.025 0.004 0.327 0.003 0.003 0.001 0.001 0 0.054 0.051 0 0.003 0 0.002 0.001 0.061 0.241 0.004 0.008 0.015 0.064 0.031 0.001 0.002 0.226 1 0.884 0.018 0.014 0.155 0.006 0.005 0.012 0.001 0.005 0.015 0.005 0.005 0.001 0.035 0.013 0.013 0.005 0.229 0.001 0.005 0.006 0.178 0.003 0.028 0.001 0.001 0.001 0.002 0.001 0.001 0.032 0.003 0.002 0 0.001 0 0.001 0.001 0.001 0 0.003 0 0.001 0.179 0 0.001
0.042 0.05 0.048 0.023 0.005 0.332 0.004 0.003 0.001 0.001 0 0.061 0.057 0 0.004 0 0.002 0.001 0.06 0.244 0.005 0.008 0.017 0.062 0.03 0.001 0.002 0.228 0.884 1 0.018 0.016 0.174 0.004 0.004 0.014 0.001 0.006 0.018 0.005 0.005 0.001 0.046 0.014 0.012 0.006 0.201 0.002 0.006 0.005 0.155 0.001 0.024 0.001 0.001 0.002 0.001 0.001 0.001 0.028 0.001 0.002 0 0.001 0.001 0.001 0.001 0.001 0 0.001 0 0.001 0.157 0 0.001
0.253 0.265 0.273 0.541 0.198 0.072 0.191 0.168 0.076 0.02 0.026 0.325 0.324 0.013 0.206 0.023 0.049 0.017 0.343 0.097 0.112 0.188 0.382 0.376 0.765 0.037 0.06 0.122 0.018 0.018 1 0.694 0.059 0.048 0.055 0.593 0.037 0.146 0.004 0.124 0.086 0.021 0.081 0 0.271 0.238 0.018 0.018 0.13 0.075 0.01 0.046 0.021 0.016 0.01 0.01 0.062 0.032 0.019 0.055 0.043 0.013 0.019 0.041 0.013 0.009 0.043 0.005 0.022 0.055 0.012 0 0.003 0.014 0.02
0.138 0.148 0.153 0.343 0.15 0.022 0.144 0.127 0.055 0.027 0.02 0.226 0.224 0.017 0.156 0.018 0.056 0.028 0.209 0.039 0.137 0.04 0.189 0.254 0.542 0.047 0.07 0.071 0.014 0.016 0.694 1 0.046 0.248 0.275 0.843 0.047 0.099 0.043 0.169 0.13 0.023 0.064 0.009 0.419 0.234 0.013 0.046 0.177 0.116 0.006 0.089 0.014 0.021 0.02 0.034 0.105 0.035 0.024 0.021 0.05 0.006 0.05 0.046 0.041 0.012 0.033 0.024 0.017 0.1 0.008 0.016 0.001 0.016 0.033
0.042 0.052 0.05 0.012 0.009 0.263 0.006 0.005 0.002 0.003 0.001 0.071 0.091 0.001 0.006 0.001 0.003 0.001 0.035 0.189 0.001 0.015 0.014 0.065 0.026 0.002 0.004 0.326 0.155 0.174 0.059 0.046 1 0.011 0.01 0.043 0.002 0.007 0.047 0.009 0.01 0.001 0.275 0 0.021 0.02 0.177 0.033 0.01 0.011 0.135 0 0.162 0.001 0.002 0.027 0 0.002 0.001 0.165 0.001 0.002 0.018 0.003 0.033 0.001 0.001 0.002 0.001 0 0 0.001 0.111 0 0.002
0.073 0.085 0.093 0.012 0.266 0.017 0.335 0.282 0.109 0.012 0.005 0.124 0.125 0.005 0.365 0.004 0.02 0.092 0.121 0.023 0.051 0.032 0 0.13 0.03 0.014 0.024 0.026 0.006 0.004 0.048 0.248 0.011 1 0.826 0.22 0.014 0.063 0.258 0.05 0.053 0.089 0.001 0.18 0.241 0.019 0.006 0.054 0.052 0.049 0.007 0.043 0.012 0.007 0.01 0.047 0.037 0.01 0.007 0.01 0.011 0.01 0.054 0 0.053 0.006 0.009 0.009 0.005 0.038 0.001 0.054 0.01 0 0.009
0.064 0.089 0.082 0.01 0.236 0.015 0.374 0.317 0.13 0.011 0.005 0.112 0.114 0.005 0.321 0.004 0.019 0.099 0.107 0.021 0.047 0.021 0 0.115 0.027 0.013 0.022 0.012 0.005 0.004 0.055 0.275 0.01 0.826 1 0.249 0.013 0.058 0.286 0.046 0.049 0.098 0.005 0.175 0.289 0.029 0.006 0.061 0.049 0.054 0.006 0.063 0.002 0.006 0.009 0.054 0.055 0.009 0.007 0.001 0.027 0.009 0.057 0.012 0.06 0.007 0.008 0.009 0.004 0.059 0.001 0.059 0.009 0.009 0.009
0.116 0.11 0.114 0.414 0.129 0.009 0.132 0.116 0.054 0.031 0.019 0.178 0.189 0.019 0.143 0.017 0.07 0.025 0.164 0.021 0.162 0.053 0.234 0.204 0.453 0.004 0.085 0.046 0.012 0.014 0.593 0.843 0.043 0.22 0.249 1 0.052 0.208 0.023 0.201 0.154 0.021 0.059 0.003 0.546 0.29 0.011 0.063 0.211 0.139 0.005 0.111 0.012 0.025 0.023 0.048 0.132 0.039 0.026 0.018 0.064 0.069 0.067 0.052 0.057 0.015 0.035 0.029 0.016 0.123 0.011 0.014 0 0.019 0.041
0.022 0.019 0.02 0.044 0.011 0.002 0.008 0.007 0.003 0.002 0.001 0.019 0.021 0 0.008 0.001 0.004 0.001 0.008 0.003 0.01 0.116 0.046 0.016 0.021 0.002 0.005 0.005 0.001 0.001 0.037 0.047 0.002 0.014 0.013 0.052 1 0.001 0.033 0.008 0.009 0.002 0.003 0.009 0.029 0.074 0.001 0.013 0.007 0.009 0.002 0.012 0.011 0.001 0.002 0.012 0.009 0.473 0.001 0.002 0.004 0.004 0.013 0.402 0.013 0.002 0.002 0.002 0.001 0.01 0.001 0.001 0.002 0.034 0.002
0.017 0.036 0.036 0.215 0.044 0.015 0.028 0.025 0.008 0.008 0.078 0.033 0.03 0.004 0.029 0.004 0.015 0.006 0.03 0.001 0.039 0.057 0.122 0.027 0.14 0.065 0.019 0 0.005 0.006 0.146 0.099 0.007 0.063 0.058 0.208 0.001 1 0.194 0.051 0.051 0.007 0.014 0.1 0.338 0.09 0.001 0.077 0.053 0.058 0 0.067 0 0.006 0.01 0.072 0.061 0 0.006 0.009 0.031 0.262 0.074 0.001 0.077 0.008 0.144 0.008 0.069 0.062 0 0.006 0 0.001 0.01
0.094 0.124 0.124 0 0.064 0.029 0.103 0.086 0.035 0.046 0.015 0.096 0.089 0.002 0.109 0.013 0.088 0.025 0.064 0.007 0.215 0.021 0.059 0.076 0.001 0.035 0.105 0.026 0.015 0.018 0.004 0.043 0.047 0.258 0.286 0.023 0.033 0.194 1 0.262 0.211 0.037 0.072 0.423 0.002 0.125 0.002 0.293 0.227 0.17 0 0.202 0.017 0.031 0.022 0.227 0.219 0.033 0.018 0.034 0.108 0.051 0.239 0.043 0.248 0.017 0.028 0.042 0.014 0.205 0.006 0.013 0 0.029 0.033
0.004 0.001 0.002 0.04 0.028 0.002 0.025 0.022 0.011 0.105 0.004 0.029 0.038 0 0.029 0.004 0.342 0.001 0.041 0.005 0.794 0.051 0.232 0.05 0.118 0.011 0.409 0.007 0.005 0.005 0.124 0.169 0.009 0.05 0.046 0.201 0.008 0.051 0.262 1 0.887 0.006 0.013 0.184 0.127 0.05 0.005 0.621 0.926 0.773 0.006 0.7 0.009 0.117 0.064 0.497 0.7 0.011 0.006 0 0.346 0.021 0.589 0.014 0.555 0.09 0.007 0.144 0.004 0.714 0.002 0.005 0.008 0.011 0.149
0 0 0 0.024 0.007 0.003 0.003 0.002 0.001 0.081 0.004 0.011 0.017 0 0.005 0.004 0.316 0.002 0.018 0.006 0.698 0.057 0.184 0.023 0.082 0.012 0.378 0.008 0.005 0.005 0.086 0.13 0.01 0.053 0.049 0.154 0.009 0.051 0.211 0.887 1 0.007 0.014 0.205 0.137 0.058 0.005 0.666 0.818 0.835 0.005 0.752 0.01 0.098 0.058 0.542 0.616 0.012 0.006 0 0.315 0.023 0.633 0.015 0.597 0.068 0.008 0.123 0.004 0.77 0.042 0.006 0.008 0.012 0.121
0.007 0.012 0.012 0.027 0.006 0.002 0.004 0.004 0.002 0.001 0.001 0.011 0.011 0.001 0.005 0 0.002 0.001 0.011 0.003 0.006 0.068 0.032 0.01 0.021 0.001 0.003 0.003 0.001 0.001 0.021 0.023 0.001 0.089 0.098 0.021 0.002 0.007 0.037 0.006 0.007 1 0.002 0 0.004 0.031 0.001 0.01 0.007 0.008 0.001 0.009 0.001 0.001 0.001 0.008 0.008 0 0.001 0.001 0.004 0.003 0.01 0 0.01 0.001 0.001 0.001 0.001 0.008 0 0.001 0.001 0 0.001
0.052 0.044 0.062 0.016 0 0.194 0.008 0.008 0.003 0 0.001 0.079 0.089 0.001 0.001 0.001 0.004 0.001 0.047 0.136 0.004 0.021 0.028 0.077 0.029 0.003 0.005 0.328 0.035 0.046 0.081 0.064 0.275 0.001 0.005 0.059 0.003 0.014 0.072 0.013 0.014 0.002 1 0.002 0.035 0.029 0.001 0.172 0.013 0.008 0.002 0.01 0.413 0.001 0.002 0.152 0.011 0.003 0.002 0.364 0.006 0.006 0.107 0.004 0.155 0.002 0.002 0 0.001 0.006 0.001 0.001 0.002 0.003 0.003
0.042 0.059 0.061 0.001 0.093 0.009 0.149 0.126 0.065 0.024 0.011 0.056 0.052 0.005 0.147 0.01 0.066 0.035 0.031 0.019 0.133 0.012 0.04 0.037 0.002 0.019 0.059 0.009 0.013 0.014 0 0.009 0 0.18 0.175 0.003 0.009 0.1 0.423 0.184 0.205 0 0.002 1 0.005 0.087 0.014 0.199 0.185 0.193 0.015 0.2 0.002 0.035 0.012 0.203 0.203 0.012 0.001 0.003 0.082 0.058 0.19 0.018 0.208 0.016 0.02 0.018 0.002 0.199 0.01 0.02 0.021 0.027 0.06
0.017 0.012 0.011 0.249 0.064 0.037 0.146 0.122 0.055 0.024 0.027 0.023 0.026 0.011 0.118 0.006 0.041 0.026 0.024 0.008 0.105 0.021 0.125 0.029 0.225 0.015 0.051 0.012 0.013 0.012 0.271 0.419 0.021 0.241 0.289 0.546 0.029 0.338 0.002 0.127 0.137 0.004 0.035 0.005 1 0.189 0.002 0.203 0.133 0.153 0.003 0.176 0.026 0.015 0.025 0.191 0.153 0.021 0.016 0.023 0.079 0.164 0.196 0.028 0.203 0.02 0.058 0.021 0.029 0.165 0.007 0.027 0.007 0.009 0.026
0.067 0.056 0.056 0.2 0.047 0.005 0.046 0.049 0.025 0.004 0.009 0.077 0.072 0.025 0.048 0.003 0.029 0.012 0.059 0.011 0.042 0.19 0.04 0.073 0.16 0 0.035 0.027 0.005 0.006 0.238 0.234 0.02 0.019 0.029 0.29 0.074 0.09 0.125 0.05 0.058 0.031 0.029 0.087 0.189 1 0.012 0.106 0.056 0.07 0.005 0.074 0.002 0 0.001 0.09 0.058 0.078 0.049 0.019 0.048 0.044 0.098 0.103 0.092 0.01 0.015 0.004 0.008 0.071 0.004 0.005 0 0.045 0.01
0.025 0.031 0.03 0.013 0.004 0.104 0.003 0.003 0.001 0.001 0.061 0.041 0.038 0 0.004 0 0.002 0.001 0.046 0.164 0.004 0.003 0.01 0.048 0.018 0.001 0.002 0.155 0.229 0.201 0.018 0.013 0.177 0.006 0.006 0.011 0.001 0.001 0.002 0.005 0.005 0.001 0.001 0.014 0.002 0.012 1 0.008 0.005 0.006 0.785 0.007 0.001 0.001 0.001 0.008 0.006 0.001 0.001 0.001 0.003 0.002 0.008 0.002 0.008 0.001 0 0.001 0 0.007 0 0.001 0.642 0.026 0.001
0.009 0.013 0.016 0.009 0.008 0.032 0.012 0.009 0.004 0.077 0.006 0.002 0.001 0.002 0.004 0.006 0.213 0.004 0 0.013 0.521 0.067 0.107 0 0.036 0.018 0.255 0.045 0.001 0.002 0.018 0.046 0.033 0.054 0.061 0.063 0.013 0.077 0.293 0.621 0.666 0.01 0.172 0.199 0.203 0.106 0.008 1 0.657 0.687 0.009 0.774 0.059 0.073 0.034 0.838 0.662 0.018 0.009 0.09 0.356 0.033 0.869 0.023 0.901 0.053 0.012 0.105 0.006 0.763 0.029 0.009 0.012 0.018 0.097
0.006 0.002 0.003 0.047 0.029 0.002 0.026 0.023 0.012 0.099 0.004 0.031 0.042 0 0.03 0.004 0.309 0.001 0.042 0.006 0.731 0.033 0.243 0.053 0.124 0.011 0.372 0.008 0.005 0.006 0.13 0.177 0.01 0.052 0.049 0.211 0.007 0.053 0.227 0.926 0.818 0.007 0.013 0.185 0.133 0.056 0.005 0.657 1 0.82 0.007 0.736 0.01 0.112 0.061 0.533 0.746 0.012 0.006 0 0.393 0.022 0.621 0.015 0.59 0.085 0.008 0.141 0.004 0.748 0.003 0.006 0.008 0.011 0.152
0 0 0 0.023 0.007 0.004 0.005 0.003 0.002 0.059 0.005 0.012 0.019 0.001 0.004 0.004 0.283 0.002 0.017 0.008 0.606 0.042 0.175 0.024 0.071 0.013 0.338 0.01 0.006 0.005 0.075 0.116 0.011 0.049 0.054 0.139 0.009 0.058 0.17 0.773 0.835 0.008 0.008 0.193 0.153 0.07 0.006 0.687 0.82 1 0.006 0.826 0.011 0.097 0.083 0.611 0.696 0.014 0.007 0 0.381 0.025 0.699 0.017 0.665 0.079 0.009 0.122 0.005 0.792 0.039 0.007 0.009 0.013 0.136
0.033 0.04 0.038 0.016 0 0.078 0.002 0.002 0.001 0.001 0.046 0.049 0.046 0.001 0.002 0 0.002 0.001 0.056 0.123 0.006 0.003 0.011 0.059 0.017 0.002 0.003 0.115 0.178 0.155 0.01 0.006 0.135 0.007 0.006 0.005 0.002 0 0 0.006 0.005 0.001 0.002 0.015 0.003 0.005 0.785 0.009 0.007 0.006 1 0.007 0.001 0.001 0.001 0.008 0.008 0.002 0.001 0.001 0.004 0.003 0.008 0.002 0.009 0.001 0 0.001 0.001 0.007 0 0.001 0.758 0.058 0.001
0.001 0.002 0.004 0.012 0.004 0.003 0.008 0.005 0.003 0.072 0.006 0.002 0.005 0.001 0.001 0.005 0.246 0.003 0.003 0 0.55 0.053 0.134 0.006 0.048 0.015 0.294 0 0.003 0.001 0.046 0.089 0 0.043 0.063 0.111 0.012 0.067 0.202 0.7 0.752 0.009 0.01 0.2 0.176 0.074 0.007 0.774 0.736 0.826 0.007 1 0.013 0.073 0.088 0.722 0.845 0.016 0.008 0.001 0.405 0.029 0.78 0.02 0.794 0.111 0.01 0.108 0.005 0.931 0.033 0.008 0.011 0.015 0.147
0.003 0.005 0.005 0 0.009 0.049 0.006 0.006 0.002 0 0.001 0.011 0.016 0.001 0.007 0.001 0.003 0.001 0 0.032 0.002 0 0.001 0.008 0 0.002 0.004 0.182 0.028 0.024 0.021 0.014 0.162 0.012 0.002 0.012 0.011 0 0.017 0.009 0.01 0.001 0.413 0.002 0.026 0.002 0.001 0.059 0.01 0.011 0.001 0.013 1 0.001 0.002 0.064 0.011 0.011 0.001 0.496 0.006 0.004 0.05 0.007 0.056 0.001 0.001 0.002 0.001 0.012 0 0.001 0.002 0.003 0.002
0.024 0.03 0.028 0.009 0.004 0.001 0.004 0.003 0.001 0 0 0.006 0.006 0 0.004 0 0.002 0.001 0.008 0.001 0.073 0.002 0.027 0.007 0.016 0.001 0.002 0.002 0.001 0.001 0.016 0.021 0.001 0.007 0.006 0.025 0.001 0.006 0.031 0.117 0.098 0.001 0.001 0.035 0.015 0 0.001 0.073 0.112 0.097 0.001 0.073 0.001 1 0.001 0.075 0.094 0.001 0.001 0.001 0.003 0.002 0.05 0.002 0.073 0 0.001 0.186 0 0.059 0 0.001 0.001 0.001 0.001
0.012 0.01 0.01 0.009 0.005 0.002 0.003 0.002 0.002 0.415 0.001 0.017 0.017 0.001 0.006 0.001 0.002 0.001 0.015 0.004 0.063 0.01 0.011 0.014 0.016 0.002 0.002 0.004 0.001 0.001 0.01 0.02 0.002 0.01 0.009 0.023 0.002 0.01 0.022 0.064 0.058 0.001 0.002 0.012 0.025 0.001 0.001 0.034 0.061 0.083 0.001 0.088 0.002 0.001 1 0.081 0.103 0.002 0.001 0.002 0.006 0.004 0.069 0.003 0.075 0.181 0.001 0.001 0.001 0.063 0 0.001 0.001 0.001 0.378
0.009 0.013 0.015 0.008 0.007 0.024 0.011 0.007 0.004 0.08 0.006 0.002 0.001 0.001 0.003 0.005 0.18 0.003 0.002 0.009 0.404 0.058 0.078 0 0.028 0.017 0.143 0.037 0.001 0.002 0.01 0.034 0.027 0.047 0.054 0.048 0.012 0.072 0.227 0.497 0.542 0.008 0.152 0.203 0.191 0.09 0.008 0.838 0.533 0.611 0.008 0.722 0.064 0.075 0.081 1 0.675 0.017 0.009 0.096 0.247 0.031 0.846 0.021 0.929 0.103 0.011 0.108 0.006 0.674 0.035 0.008 0.011 0.017 0.136
0 0 0.001 0.026 0.018 0.006 0.031 0.027 0.014 0.085 0.005 0.008 0.013 0.001 0.016 0.004 0.249 0.002 0.012 0.001 0.539 0.041 0.149 0.017 0.064 0.013 0.238 0 0.002 0.001 0.062 0.105 0 0.037 0.055 0.132 0.009 0.061 0.219 0.7 0.616 0.008 0.011 0.203 0.153 0.058 0.006 0.662 0.746 0.696 0.008 0.845 0.011 0.094 0.103 0.675 1 0.014 0.007 0 0.366 0.025 0.662 0.017 0.752 0.128 0.009 0.135 0.005 0.787 0.003 0.007 0.009 0.013 0.17
0.014 0.011 0.012 0.032 0.009 0.002 0.006 0.005 0.003 0.002 0.001 0.011 0.012 0 0.006 0.001 0.004 0.001 0.005 0.001 0.01 0.089 0.021 0.011 0.015 0.003 0.005 0.002 0.001 0.001 0.032 0.035 0.002 0.01 0.009 0.039 0.473 0 0.033 0.011 0.012 0 0.003 0.012 0.021 0.078 0.001 0.018 0.012 0.014 0.002 0.016 0.011 0.001 0.002 0.017 0.014 1 0.001 0.002 0.007 0.005 0.018 0.808 0.018 0.002 0.002 0.002 0.001 0.015 0.001 0.001 0.002 0.132 0.002
0.006 0.01 0.005 0.015 0.001 0.002 0.004 0.003 0.001 0 0.001 0.005 0.001 0.001 0.004 0 0.002 0.001 0.004 0.002 0.003 0.002 0.006 0.004 0.011 0.101 0.002 0.003 0.001 0.001 0.019 0.024 0.001 0.007 0.007 0.026 0.001 0.006 0.018 0.006 0.006 0.001 0.002 0.001 0.016 0.049 0.001 0.009 0.006 0.007 0.001 0.008 0.001 0.001 0.001 0.009 0.007 0.001 1 0.001 0.004 0.003 0.009 0.002 0.009 0.001 0.001 0.001 0 0.008 0 0.001 0.001 0.002 0.001
0.016 0.021 0.019 0.001 0.008 0.113 0.006 0.005 0.002 0.001 0 0.045 0.056 0.001 0.006 0.001 0.003 0.001 0.016 0.08 0.001 0.014 0.015 0.039 0.013 0.002 0.004 0.26 0.032 0.028 0.055 0.021 0.165 0.01 0.001 0.018 0.002 0.009 0.034 0 0 0.001 0.364 0.003 0.023 0.019 0.001 0.09 0 0 0.001 0.001 0.496 0.001 0.002 0.096 0 0.002 0.001 1 0 0.004 0.078 0.003 0.085 0.001 0.001 0.018 0.001 0.001 0 0.001 0.001 0.002 0.002
0.015 0.018 0.012 0.03 0.008 0.002 0.019 0.017 0.007 0.004 0.002 0.003 0.004 0 0.002 0.002 0.537 0 0.004 0.005 0.338 0.018 0.108 0.009 0.04 0.007 0.645 0.006 0.003 0.001 0.043 0.05 0.001 0.011 0.027 0.064 0.004 0.031 0.108 0.346 0.315 0.004 0.006 0.082 0.079 0.048 0.003 0.356 0.393 0.381 0.004 0.405 0.006 0.003 0.006 0.247 0.366 0.007 0.004 0 1 0.013 0.362 0.009 0.304 0.004 0.005 0.002 0.002 0.419 0.001 0.003 0.005 0.008 0.002
0.008 0.019 0.02 0.074 0.005 0.006 0.002 0.001 0.005 0.002 0.001 0.015 0.012 0.002 0.002 0.002 0.007 0.002 0.016 0.008 0.016 0.029 0.057 0.015 0.011 0.154 0.009 0.009 0.002 0.002 0.013 0.006 0.002 0.01 0.009 0.069 0.004 0.262 0.051 0.021 0.023 0.003 0.006 0.058 0.164 0.044 0.002 0.033 0.022 0.025 0.003 0.029 0.004 0.002 0.004 0.031 0.025 0.005 0.003 0.004 0.013 1 0.032 0.006 0.033 0.003 0.003 0.003 0.002 0.027 0.001 0.002 0.003 0.002 0.004
0.002 0.004 0.005 0.012 0.009 0.012 0.011 0.008 0.005 0.071 0.006 0 0 0.001 0.004 0.005 0.22 0.003 0.004 0.003 0.495 0.063 0.101 0.003 0.041 0.017 0.264 0.023 0 0 0.019 0.05 0.018 0.054 0.057 0.067 0.013 0.074 0.239 0.589 0.633 0.01 0.107 0.19 0.196 0.098 0.008 0.869 0.621 0.699 0.008 0.78 0.05 0.05 0.069 0.846 0.662 0.018 0.009 0.078 0.362 0.032 1 0.022 0.888 0.1 0.011 0.108 0.006 0.725 0.03 0.008 0.012 0.017 0.121
0.02 0.016 0.017 0.043 0.011 0.003 0.008 0.007 0.004 0.003 0 0.016 0.017 0 0.008 0.001 0.005 0.002 0.008 0.002 0.013 0.123 0.035 0.015 0.023 0.004 0.006 0.003 0.001 0.001 0.041 0.046 0.003 0 0.012 0.052 0.402 0.001 0.043 0.014 0.015 0 0.004 0.018 0.028 0.103 0.002 0.023 0.015 0.017 0.002 0.02 0.007 0.002 0.003 0.021 0.017 0.808 0.002 0.003 0.009 0.006 0.022 1 0.023 0.002 0.002 0.002 0.001 0.018 0.001 0.002 0.002 0.256 0.003
0.008 0.011 0.013 0.011 0.008 0.026 0.012 0.009 0.005 0.076 0.006 0.001 0 0.001 0.004 0.006 0.213 0.004 0.001 0.01 0.458 0.065 0.088 0 0.032 0.018 0.199 0.038 0 0.001 0.013 0.041 0.033 0.053 0.06 0.057 0.013 0.077 0.248 0.555 0.597 0.01 0.155 0.208 0.203 0.092 0.008 0.901 0.59 0.665 0.009 0.794 0.056 0.073 0.075 0.929 0.752 0.018 0.009 0.085 0.304 0.033 0.888 0.023 1 0.097 0.012 0.104 0.006 0.745 0.029 0.009 0.012 0.018 0.128
0 0 0 0 0.002 0.002 0.001 0.001 0.002 0.098 0.001 0.012 0.012 0 0.004 0.001 0.001 0.001 0.01 0.003 0.083 0.007 0.021 0.01 0.009 0.002 0.002 0.003 0.001 0.001 0.009 0.012 0.001 0.006 0.007 0.015 0.002 0.008 0.017 0.09 0.068 0.001 0.002 0.016 0.02 0.01 0.001 0.053 0.085 0.079 0.001 0.111 0.001 0 0.181 0.103 0.128 0.002 0.001 0.001 0.004 0.003 0.1 0.002 0.097 1 0.001 0.001 0.001 0.079 0 0.001 0.001 0.001 0.262
0.002 0.009 0.009 0.039 0.005 0.002 0.004 0.003 0.001 0.002 0 0.009 0.009 0.001 0.004 0.001 0.003 0.001 0.008 0.001 0.007 0.012 0.024 0.007 0.043 0 0.003 0.001 0.001 0.001 0.043 0.033 0.001 0.009 0.008 0.035 0.002 0.144 0.028 0.007 0.008 0.001 0.002 0.02 0.058 0.015 0 0.012 0.008 0.009 0 0.01 0.001 0.001 0.001 0.011 0.009 0.002 0.001 0.001 0.005 0.003 0.011 0.002 0.012 0.001 1 0.001 0.001 0.01 0 0.001 0.001 0.002 0.001
0.026 0.032 0.031 0.001 0.001 0.018 0.005 0.005 0.002 0 0.001 0.001 0 0.001 0.005 0.001 0.003 0.001 0 0.011 0.035 0.005 0.007 0 0.005 0.002 0.003 0.009 0.001 0.001 0.005 0.024 0.002 0.009 0.009 0.029 0.002 0.008 0.042 0.144 0.123 0.001 0 0.018 0.021 0.004 0.001 0.105 0.141 0.122 0.001 0.108 0.002 0.186 0.001 0.108 0.135 0.002 0.001 0.018 0.002 0.003 0.108 0.002 0.104 0.001 0.001 1 0.001 0.112 0 0.001 0.001 0.002 0.003
0.001 0.007 0.007 0.014 0.004 0.001 0.003 0.002 0.001 0.001 0 0.007 0.006 0 0.003 0 0 0 0.006 0.002 0.002 0.005 0.008 0.006 0.019 0.001 0 0.002 0 0 0.022 0.017 0.001 0.005 0.004 0.016 0.001 0.069 0.014 0.004 0.004 0.001 0.001 0.002 0.029 0.008 0 0.006 0.004 0.005 0.001 0.005 0.001 0 0.001 0.006 0.005 0.001 0 0.001 0.002 0.002 0.006 0.001 0.006 0.001 0.001 0.001 1 0.005 0 0 0.001 0.001 0.001
0 0.001 0.002 0.018 0.003 0.001 0.007 0.005 0.003 0.074 0.005 0.002 0.005 0.001 0.001 0.005 0.26 0.002 0.004 0 0.557 0.049 0.143 0.007 0.057 0.014 0.311 0.001 0.003 0.001 0.055 0.1 0 0.038 0.059 0.123 0.01 0.062 0.205 0.714 0.77 0.008 0.006 0.199 0.165 0.071 0.007 0.763 0.748 0.792 0.007 0.931 0.012 0.059 0.063 0.674 0.787 0.015 0.008 0.001 0.419 0.027 0.725 0.018 0.745 0.079 0.01 0.112 0.005 1 0.035 0.007 0.01 0.014 0.154
0.019 0.023 0.022 0.009 0.033 0.001 0.065 0.073 0.011 0.001 0 0.028 0.026 0 0.062 0 0.001 0 0.025 0.001 0.002 0.003 0.006 0.026 0.012 0.001 0.001 0.001 0 0 0.012 0.008 0 0.001 0.001 0.011 0.001 0 0.006 0.002 0.042 0 0.001 0.01 0.007 0.004 0 0.029 0.003 0.039 0 0.033 0 0 0 0.035 0.003 0.001 0 0 0.001 0.001 0.03 0.001 0.029 0 0 0 0 0.035 1 0 0 0.001 0
0.001 0 0 0.003 0.001 0.002 0.003 0 0.001 0.001 0 0.002 0.002 0 0.004 0 0.002 0.216 0 0.002 0.005 0.015 0.004 0 0.001 0.001 0.002 0.002 0.001 0.001 0 0.016 0.001 0.054 0.059 0.014 0.001 0.006 0.013 0.005 0.006 0.001 0.001 0.02 0.027 0.005 0.001 0.009 0.006 0.007 0.001 0.008 0.001 0.001 0.001 0.008 0.007 0.001 0.001 0.001 0.003 0.002 0.008 0.002 0.009 0.001 0.001 0.001 0 0.007 0 1 0.001 0.001 0.001
0.022 0.028 0.027 0.007 0 0.075 0.005 0.005 0.002 0.002 0.038 0.035 0.033 0.001 0.005 0 0.003 0.001 0.041 0.113 0.007 0 0.004 0.043 0.009 0.002 0.003 0.106 0.179 0.157 0.003 0.001 0.111 0.01 0.009 0 0.002 0 0 0.008 0.008 0.001 0.002 0.021 0.007 0 0.642 0.012 0.008 0.009 0.758 0.011 0.002 0.001 0.001 0.011 0.009 0.002 0.001 0.001 0.005 0.003 0.012 0.002 0.012 0.001 0.001 0.001 0.001 0.01 0 0.001 1 0.1 0.002
0.003 0.001 0.002 0.012 0.004 0 0.008 0.007 0.003 0.003 0.02 0 0 0 0.009 0.001 0.003 0.001 0 0.003 0.009 0.041 0.007 0.001 0.002 0.003 0.004 0.002 0 0 0.014 0.016 0 0 0.009 0.019 0.034 0.001 0.029 0.011 0.012 0 0.003 0.027 0.009 0.045 0.026 0.018 0.011 0.013 0.058 0.015 0.003 0.001 0.001 0.017 0.013 0.132 0.002 0.002 0.008 0.002 0.017 0.256 0.018 0.001 0.002 0.002 0.001 0.014 0.001 0.001 0.1 1 0.001
0 0 0 0.002 0.004 0.002 0.002 0.002 0.002 0.202 0.001 0.015 0.016 0.001 0.005 0.001 0.002 0.001 0.013 0.003 0.143 0.008 0.042 0.013 0.027 0.002 0.002 0.003 0.001 0.001 0.02 0.033 0.002 0.009 0.009 0.041 0.002 0.01 0.033 0.149 0.121 0.001 0.003 0.06 0.026 0.01 0.001 0.097 0.152 0.136 0.001 0.147 0.002 0.001 0.378 0.136 0.17 0.002 0.001 0.002 0.002 0.004 0.121 0.003 0.128 0.262 0.001 0.003 0.001 0.154 0 0.001 0.002 0.001 1
