1 0.811 0.818 0.48 0.345 0.125 0.262 0.228 0.122 0.021 0.022 0.475 0.464 0.01 0.258 0.014 0.032 0.011 0.5 0.142 0 0.126 0.08 0.513 0.291 0.001 0.037 0.111 0.055 0.058 0.209 0.105 0.032 0.064 0.037 0.096 0.022 0.012 0.101 0.001 0 0 0.062 0.044 0.019 0.074 0.006 0.021 0.001 0 0.004 0.004 0.013 0.017 0.007 0.019 0.001 0.009 0.002 0.023 0.013 0.004 0.005 0.011 0.014 0.003 0 0.028 0.002 0.001 0.013 0.004 0.001 0.008 0
0.811 1 0.953 0.464 0.384 0.154 0.322 0.281 0.151 0.017 0.026 0.559 0.504 0.008 0.287 0.019 0.026 0.009 0.578 0.176 0.001 0.107 0.062 0.597 0.288 0.018 0.03 0.141 0.068 0.072 0.206 0.107 0.041 0.081 0.061 0.086 0.018 0.043 0.132 0 0.001 0.001 0.057 0.061 0.01 0.051 0.009 0.024 0.001 0 0.006 0.004 0.02 0.023 0.005 0.022 0 0.006 0.001 0.031 0.017 0.024 0.012 0.008 0.017 0.001 0.009 0.038 0.01 0.001 0.017 0.003 0.002 0.005 0
0.818 0.953 1 0.468 0.41 0.148 0.309 0.27 0.145 0.017 0.025 0.575 0.518 0.008 0.308 0.018 0.027 0.009 0.595 0.169 0 0.101 0.061 0.615 0.312 0.019 0.031 0.135 0.065 0.069 0.225 0.12 0.039 0.091 0.056 0.096 0.018 0.037 0.134 0 0 0.001 0.077 0.065 0.01 0.055 0.008 0.028 0.001 0 0.006 0.006 0.018 0.022 0.006 0.026 0.001 0.007 0.001 0.03 0.01 0.025 0.013 0.008 0.021 0.001 0.009 0.037 0.01 0.003 0.016 0.003 0.002 0.006 0
0.48 0.464 0.468 1 0.212 0.057 0.16 0.14 0.075 0.034 0.013 0.279 0.302 0.016 0.156 0.02 0.053 0.018 0.295 0.066 0.009 0.245 0.228 0.311 0.588 0 0.046 0.045 0.034 0.035 0.48 0.301 0.014 0.017 0.006 0.34 0.035 0.18 0.004 0.024 0.015 0.006 0.031 0 0.202 0.176 0.006 0.001 0.03 0.02 0.002 0.007 0.004 0.006 0.01 0.001 0.017 0.019 0.009 0.007 0.022 0.037 0.004 0.021 0.003 0.007 0.022 0.005 0.02 0.011 0.006 0.006 0 0.01 0.004
0.345 0.384 0.41 0.212 1 0.014 0.62 0.549 0.274 0.008 0.002 0.515 0.455 0.003 0.657 0.047 0.012 0.004 0.512 0.018 0.032 0.071 0.126 0.526 0.266 0.013 0.014 0.019 0.006 0.007 0.212 0.165 0.007 0.3 0.212 0.132 0.008 0.036 0.068 0.028 0.015 0.007 0 0.103 0.076 0.058 0.001 0.013 0.03 0.014 0 0.007 0.009 0.006 0.002 0.013 0.019 0.004 0.007 0.009 0.007 0.01 0.014 0.005 0.014 0.003 0.005 0.005 0.005 0.006 0.014 0 0 0.003 0.005
0.125 0.154 0.148 0.057 0.014 1 0.01 0.009 0.005 0.003 0.001 0.177 0.162 0.001 0.012 0.001 0.004 0.001 0.184 0.808 0.012 0.021 0.041 0.182 0.098 0 0.004 0.682 0.437 0.466 0.082 0.037 0.297 0.015 0.013 0.036 0.003 0.014 0.06 0.004 0.005 0.001 0.369 0.019 0.034 0.024 0.061 0.075 0.005 0.006 0.035 0.001 0.204 0.003 0.002 0.064 0.003 0.003 0.003 0.273 0 0.004 0.034 0.003 0.058 0.002 0.002 0.007 0.002 0.002 0 0.001 0.024 0 0.003
0.262 0.322 0.309 0.16 0.62 0.01 1 0.873 0.468 0.005 0.002 0.356 0.325 0.003 0.786 0.003 0.008 0.003 0.37 0.012 0.021 0.049 0.086 0.38 0.204 0.009 0.01 0.013 0.004 0.005 0.168 0.116 0.005 0.333 0.31 0.109 0.006 0.018 0.088 0.025 0.006 0.005 0.01 0.148 0.144 0.046 0.003 0.015 0.026 0.005 0.004 0.01 0.006 0.006 0.001 0.013 0.031 0.002 0.006 0.006 0.016 0.007 0.013 0.003 0.015 0.002 0.003 0.008 0.003 0.009 0.056 0 0.005 0.007 0.003
0.228 0.281 0.27 0.14 0.549 0.009 0.873 1 0.536 0.005 0.001 0.309 0.282 0.002 0.693 0.002 0.007 0.002 0.321 0.011 0.018 0.043 0.074 0.33 0.177 0.008 0.008 0.011 0.004 0.004 0.142 0.095 0.004 0.268 0.243 0.092 0.005 0.015 0.069 0.021 0.004 0.004 0.008 0.121 0.114 0.055 0.002 0.01 0.022 0.003 0.004 0.006 0.005 0.005 0 0.009 0.027 0.002 0.005 0.005 0.014 0.006 0.009 0.002 0.011 0.001 0.003 0.007 0.003 0.006 0.065 0.001 0.004 0.006 0.002
0.122 0.151 0.145 0.075 0.274 0.005 0.468 0.536 1 0.003 0.001 0.173 0.158 0.001 0.394 0.001 0.004 0.001 0.179 0.006 0.012 0.023 0.043 0.184 0.099 0.004 0.005 0.006 0.002 0.002 0.101 0.064 0.002 0.143 0.11 0.069 0.003 0.005 0.031 0.014 0 0.002 0.004 0.075 0.058 0.036 0.001 0.001 0.014 0 0.002 0.001 0.003 0.003 0.002 0.001 0.017 0.002 0.003 0.003 0.007 0.004 0.001 0.003 0.002 0.002 0.001 0.004 0.001 0.001 0.113 0.001 0.002 0.003 0.003
0.021 0.017 0.017 0.034 0.008 0.003 0.005 0.005 0.003 1 0 0.001 0.001 0.001 0.006 0.001 0.002 0.001 0.012 0.003 0.177 0.013 0.046 0.014 0.025 0.002 0.001 0.004 0.001 0.001 0.021 0.026 0 0.01 0.009 0.032 0.001 0.008 0.045 0.141 0.103 0.001 0.001 0.036 0.02 0 0.001 0.089 0.133 0.11 0.001 0.1 0 0.045 0.266 0.085 0.113 0.001 0.002 0 0.002 0.002 0.085 0.002 0.086 0.21 0.001 0.032 0.001 0.074 0.001 0.001 0.001 0.002 0.165
0.022 0.026 0.025 0.013 0.002 0.001 0.002 0.001 0.001 0 1 0.03 0.028 0 0.002 0 0.001 0 0.032 0.139 0.002 0.004 0.008 0.032 0.018 0.001 0.001 0.125 0 0 0.018 0.014 0 0.003 0.003 0.009 0 0.05 0.007 0.001 0.001 0 0.001 0.005 0.017 0.004 0 0.002 0.001 0.001 0 0.002 0.001 0 0.001 0.002 0.001 0 0 0.001 0.001 0.001 0.002 0 0.002 0 0.001 0 0 0.001 0 0 0 0 0.001
0.475 0.559 0.575 0.279 0.515 0.177 0.356 0.309 0.173 0.001 0.03 1 0.887 0.007 0.38 0.046 0.022 0.007 0.805 0.202 0.047 0.119 0.199 0.829 0.407 0.005 0.023 0.192 0.078 0.085 0.357 0.236 0.074 0.138 0.092 0.229 0.015 0.031 0.112 0.035 0.017 0.006 0.12 0.04 0.02 0.093 0.013 0.005 0.038 0.02 0.01 0.003 0.041 0.002 0.008 0.006 0.01 0.009 0.004 0.074 0.006 0.02 0 0.01 0.002 0.013 0.007 0.001 0.009 0.002 0.033 0.002 0.004 0.003 0.017
0.464 0.504 0.518 0.302 0.455 0.162 0.325 0.282 0.158 0.001 0.028 0.887 1 0.007 0.346 0.042 0.024 0.008 0.75 0.199 0.049 0.125 0.209 0.773 0.414 0.003 0.026 0.175 0.071 0.078 0.359 0.243 0.076 0.13 0.087 0.245 0.017 0.016 0.091 0.045 0.025 0.004 0.116 0.029 0.029 0.088 0.011 0.002 0.049 0.029 0.008 0.007 0.042 0.002 0.009 0.002 0.017 0.01 0.005 0.073 0.008 0.015 0 0.012 0 0.014 0 0 0.005 0.005 0.03 0.003 0.003 0.004 0.019
0.01 0.008 0.008 0.016 0.003 0.001 0.003 0.002 0.001 0.001 0 0.007 0.007 1 0.003 0 0.004 0 0.006 0.002 0 0.032 0.029 0.006 0.01 0.001 0.003 0.002 0.001 0.001 0.012 0.015 0.001 0.005 0.004 0.018 0.069 0.002 0 0 0 0.001 0.001 0.004 0.007 0.014 0 0.001 0 0 0.001 0 0.001 0.001 0 0.001 0 0.051 0.001 0.001 0.001 0.001 0.001 0.046 0.001 0.001 0.001 0.001 0 0 0 0 0.001 0.037 0.001
0.258 0.287 0.308 0.156 0.657 0.012 0.786 0.693 0.394 0.006 0.002 0.38 0.346 0.003 1 0.003 0.01 0.003 0.455 0.014 0.03 0.058 0.109 0.467 0.253 0.011 0.011 0.016 0.005 0.006 0.199 0.139 0.006 0.403 0.291 0.128 0.007 0.02 0.111 0.025 0.007 0.006 0 0.178 0.128 0.056 0.003 0.005 0.027 0.006 0.005 0.001 0.007 0.007 0.004 0.004 0.015 0.003 0.007 0.007 0.001 0.008 0.005 0.004 0.005 0.006 0.004 0.009 0.004 0.001 0.046 0.003 0.006 0.008 0.007
0.014 0.019 0.018 0.02 0.047 0.001 0.003 0.002 0.001 0.001 0 0.046 0.042 0 0.003 1 0.001 0 0.047 0.001 0.003 0.006 0.011 0.049 0.026 0.001 0.001 0.002 0.001 0.001 0.027 0.022 0.001 0.004 0.004 0.018 0.001 0.004 0.015 0.004 0.004 0.001 0.001 0.009 0.001 0.004 0.002 0.006 0.004 0.004 0.001 0.005 0.001 0.001 0 0.006 0.004 0.001 0.001 0.001 0.002 0.001 0.006 0.001 0.006 0.001 0 0.001 0 0.005 0 0 0 0.001 0.001
0.032 0.026 0.027 0.053 0.012 0.004 0.008 0.007 0.004 0.002 0.001 0.022 0.024 0.004 0.01 0.001 1 0.001 0.022 0.005 0.331 0.02 0.092 0.021 0.039 0.004 0.862 0.006 0.002 0.002 0.036 0.044 0.002 0.015 0.014 0.05 0.002 0.008 0.062 0.266 0.256 0.002 0.004 0.033 0.026 0.018 0.001 0.153 0.241 0.218 0.002 0.19 0.003 0.002 0.001 0.102 0.183 0.002 0.002 0.003 0.488 0.002 0.162 0.002 0.149 0.002 0.002 0.003 0 0.192 0.001 0.001 0.002 0.003 0.003
0.011 0.009 0.009 0.018 0.004 0.001 0.003 0.002 0.001 0.001 0 0.007 0.008 0 0.003 0 0.001 1 0.007 0.002 0.003 0.057 0.031 0.007 0.013 0.001 0.001 0.002 0.001 0.001 0.013 0.024 0.001 0.078 0.084 0.02 0.001 0.004 0.017 0.002 0.002 0.001 0.001 0.024 0.022 0.011 0 0.004 0.002 0.003 0.001 0.003 0.001 0.001 0 0.004 0.003 0.001 0.001 0.001 0 0.001 0.004 0.001 0.004 0.001 0.001 0.001 0 0.003 0 0.31 0.001 0.001 0.001
0.5 0.578 0.595 0.295 0.512 0.184 0.37 0.321 0.179 0.012 0.032 0.805 0.75 0.006 0.455 0.047 0.022 0.007 1 0.227 0.059 0.115 0.212 0.965 0.497 0.014 0.021 0.166 0.081 0.085 0.385 0.245 0.046 0.15 0.102 0.217 0.009 0.029 0.098 0.043 0.023 0.011 0.095 0.035 0.028 0.104 0.013 0.001 0.045 0.024 0.01 0.004 0.023 0.015 0.007 0.001 0.013 0.005 0.014 0.049 0.001 0.02 0 0.006 0 0.012 0.007 0.003 0.008 0.004 0.022 0.002 0.005 0.001 0.016
0.142 0.176 0.169 0.066 0.018 0.808 0.012 0.011 0.006 0.003 0.139 0.202 0.199 0.002 0.014 0.001 0.005 0.002 0.227 1 0.015 0.027 0.051 0.226 0.122 0 0.006 0.802 0.356 0.379 0.095 0.047 0.24 0.019 0.017 0.042 0.003 0 0.034 0.006 0.006 0.001 0.295 0.026 0.015 0.025 0.055 0.052 0.007 0.009 0.03 0 0.163 0.003 0.001 0.044 0.001 0.003 0.004 0.219 0 0.005 0.021 0.003 0.039 0.003 0.001 0.006 0.002 0 0 0.001 0.021 0 0.004
0 0.001 0 0.009 0.032 0.012 0.021 0.018 0.012 0.177 0.002 0.047 0.049 0 0.03 0.003 0.331 0.003 0.059 0.015 1 0.052 0.261 0.065 0.091 0.012 0.35 0.017 0.005 0.006 0.107 0.134 0.002 0.045 0.042 0.156 0.007 0.031 0.154 0.689 0.6 0.002 0.008 0.125 0.066 0.007 0.003 0.405 0.639 0.557 0.005 0.471 0.004 0.162 0.04 0.31 0.468 0.007 0.008 0.004 0.205 0.008 0.428 0.007 0.386 0.106 0.005 0.127 0.002 0.394 0.003 0.003 0.006 0.003 0.124
0.126 0.107 0.101 0.245 0.071 0.021 0.049 0.043 0.023 0.013 0.004 0.119 0.125 0.032 0.058 0.006 0.02 0.057 0.115 0.027 0.052 1 0.403 0.125 0.207 0.022 0.018 0.032 0.01 0.011 0.166 0.03 0.012 0.017 0.023 0.044 0.101 0.047 0.023 0.061 0.064 0.027 0.024 0.024 0.009 0.151 0 0.082 0.044 0.044 0.002 0.064 0.007 0.014 0.004 0.068 0.051 0.046 0.001 0.016 0.021 0.007 0.07 0.055 0.072 0.007 0.004 0.017 0.007 0.053 0 0.02 0.019 0.047 0.009
0.08 0.062 0.061 0.228 0.126 0.041 0.086 0.074 0.043 0.046 0.008 0.199 0.209 0.029 0.109 0.011 0.092 0.031 0.212 0.051 0.261 0.403 1 0.233 0.36 0.042 0.106 0.06 0.019 0.021 0.333 0.153 0.016 0 0 0.197 0.047 0.095 0.046 0.195 0.157 0.033 0.038 0.031 0.06 0.049 0.003 0.07 0.204 0.17 0 0.108 0.013 0.039 0.009 0.052 0.125 0.015 0.001 0.023 0.052 0.017 0.06 0.019 0.058 0.03 0.011 0.024 0.011 0.094 0.003 0.008 0.005 0.01 0.032
0.513 0.597 0.615 0.311 0.526 0.182 0.38 0.33 0.184 0.014 0.032 0.829 0.773 0.006 0.467 0.049 0.021 0.007 0.965 0.226 0.065 0.125 0.233 1 0.523 0.013 0.025 0.177 0.083 0.088 0.402 0.263 0.053 0.157 0.107 0.234 0.014 0.028 0.102 0.047 0.026 0.011 0.103 0.035 0.031 0.108 0.014 0.001 0.051 0.028 0.011 0.005 0.028 0.014 0.007 0.001 0.016 0.009 0.013 0.055 0.002 0.019 0 0.01 0 0.012 0.007 0.003 0.008 0.004 0.022 0.002 0.005 0.003 0.016
0.291 0.288 0.312 0.588 0.266 0.098 0.204 0.177 0.099 0.025 0.018 0.407 0.414 0.01 0.253 0.026 0.039 0.013 0.497 0.122 0.091 0.207 0.36 0.523 1 0.03 0.045 0.087 0.045 0.047 0.776 0.545 0.025 0.052 0.029 0.471 0.023 0.148 0.002 0.1 0.072 0.003 0.047 0 0.244 0.206 0.01 0.017 0.108 0.076 0.002 0.043 0.008 0.025 0.012 0.017 0.061 0.016 0.026 0.024 0.018 0.002 0.029 0.018 0.023 0.02 0.029 0.013 0.027 0.04 0.01 0.004 0 0.006 0.029
0.001 0.018 0.019 0 0.013 0 0.009 0.008 0.004 0.002 0.001 0.005 0.003 0.001 0.011 0.001 0.004 0.001 0.014 0 0.012 0.022 0.042 0.013 0.03 1 0.004 0 0.002 0.002 0.03 0.038 0.002 0.016 0.015 0.004 0.003 0.024 0.028 0.011 0.011 0.001 0 0.012 0.001 0.002 0.001 0.009 0.008 0.01 0.002 0.006 0.003 0.002 0.002 0.008 0.005 0.002 0.119 0.003 0 0.11 0.008 0.003 0.01 0.002 0.001 0.003 0.001 0.005 0.001 0.001 0.002 0.003 0.003
0.037 0.03 0.031 0.046 0.014 0.004 0.01 0.008 0.005 0.001 0.001 0.023 0.026 0.003 0.011 0.001 0.862 0.001 0.021 0.006 0.35 0.018 0.106 0.025 0.045 0.004 1 0.006 0.002 0.002 0.042 0.052 0.002 0.017 0.016 0.058 0.003 0.009 0.064 0.286 0.276 0.002 0.005 0.027 0.031 0.017 0.001 0.164 0.26 0.235 0.002 0.204 0.003 0.001 0.002 0.083 0.165 0.003 0.003 0.003 0.516 0.002 0.173 0.003 0.131 0.002 0.002 0.003 0 0.208 0.001 0.001 0.002 0.003 0.003
0.111 0.141 0.135 0.045 0.019 0.682 0.013 0.011 0.006 0.004 0.125 0.192 0.175 0.002 0.016 0.002 0.006 0.002 0.166 0.802 0.017 0.032 0.06 0.177 0.087 0 0.006 1 0.321 0.342 0.12 0.068 0.318 0.024 0.011 0.061 0.004 0.001 0.051 0.007 0.008 0.002 0.465 0.021 0.021 0.037 0.049 0.088 0.008 0.01 0.026 0 0.346 0.004 0.001 0.079 0 0.003 0.004 0.371 0.001 0.006 0.049 0.004 0.071 0.003 0.001 0.004 0.002 0 0 0.001 0.018 0 0.004
0.055 0.068 0.065 0.034 0.006 0.437 0.004 0.004 0.002 0.001 0 0.078 0.071 0.001 0.005 0.001 0.002 0.001 0.081 0.356 0.005 0.01 0.019 0.083 0.045 0.002 0.002 0.321 1 0.915 0.026 0.02 0.047 0.008 0.007 0.016 0.001 0.006 0.02 0.006 0.006 0.001 0.191 0.018 0.016 0.009 0.01 0.029 0.006 0.007 0.005 0.001 0.192 0.001 0.001 0.031 0.001 0.001 0.001 0.189 0.003 0.002 0.01 0.001 0.028 0.001 0.001 0.004 0.001 0.001 0.001 0 0.003 0.001 0.001
0.058 0.072 0.069 0.035 0.007 0.466 0.005 0.004 0.002 0.001 0 0.085 0.078 0.001 0.006 0.001 0.002 0.001 0.085 0.379 0.006 0.011 0.021 0.088 0.047 0.002 0.002 0.342 0.915 1 0.029 0.023 0.077 0.007 0.007 0.018 0.001 0.007 0.023 0.007 0.007 0.001 0.218 0.02 0.017 0.01 0.009 0.034 0.007 0.008 0.004 0 0.174 0.001 0.001 0.036 0 0.001 0.001 0.171 0 0.002 0.014 0.001 0.033 0.001 0.001 0.003 0.001 0 0.001 0.001 0.003 0.001 0.001
0.209 0.206 0.225 0.48 0.212 0.082 0.168 0.142 0.101 0.021 0.018 0.357 0.359 0.012 0.199 0.027 0.036 0.013 0.385 0.095 0.107 0.166 0.333 0.402 0.776 0.03 0.042 0.12 0.026 0.029 1 0.719 0.051 0.078 0.061 0.634 0.026 0.159 0.015 0.11 0.08 0.02 0.105 0.001 0.258 0.264 0.011 0.006 0.118 0.082 0.002 0.044 0.049 0.025 0.009 0.005 0.065 0.025 0.028 0.068 0.023 0.002 0.013 0.027 0.009 0.02 0.029 0.013 0.032 0.041 0.013 0.001 0.001 0.014 0.026
0.105 0.107 0.12 0.301 0.165 0.037 0.116 0.095 0.064 0.026 0.014 0.236 0.243 0.015 0.139 0.022 0.044 0.024 0.245 0.047 0.134 0.03 0.153 0.263 0.545 0.038 0.052 0.068 0.02 0.023 0.719 1 0.03 0.296 0.272 0.832 0.032 0.108 0.056 0.151 0.129 0.005 0.085 0.009 0.384 0.22 0.003 0.029 0.161 0.127 0 0.084 0.039 0.031 0.01 0.023 0.099 0.027 0.035 0.038 0.032 0 0.038 0.03 0.033 0.019 0.023 0.03 0.026 0.079 0.004 0.012 0.004 0.014 0.03
0.032 0.041 0.039 0.014 0.007 0.297 0.005 0.004 0.002 0 0 0.074 0.076 0.001 0.006 0.001 0.002 0.001 0.046 0.24 0.002 0.012 0.016 0.053 0.025 0.002 0.002 0.318 0.047 0.077 0.051 0.03 1 0.009 0.008 0.035 0.001 0.007 0.041 0.005 0.005 0 0.205 0.002 0.019 0.016 0.133 0.034 0.006 0.007 0.082 0.001 0.12 0.001 0.001 0.036 0.001 0.001 0.001 0.114 0.003 0.002 0.027 0.001 0.033 0.001 0.001 0.002 0.001 0.001 0 0.001 0.062 0 0.001
0.064 0.081 0.091 0.017 0.3 0.015 0.333 0.268 0.143 0.01 0.003 0.138 0.13 0.005 0.403 0.004 0.015 0.078 0.15 0.019 0.045 0.017 0 0.157 0.052 0.016 0.017 0.024 0.008 0.007 0.078 0.296 0.009 1 0.865 0.26 0.01 0.049 0.274 0.047 0.049 0.041 0.001 0.231 0.281 0.027 0.005 0.052 0.05 0.051 0.007 0.034 0.011 0.01 0.003 0.041 0.032 0.007 0.011 0.011 0.009 0.011 0.049 0.008 0.05 0.004 0.007 0.014 0.006 0.03 0.001 0.038 0.009 0.008 0.007
0.037 0.061 0.056 0.006 0.212 0.013 0.31 0.243 0.11 0.009 0.003 0.092 0.087 0.004 0.291 0.004 0.014 0.084 0.102 0.017 0.042 0.023 0 0.107 0.029 0.015 0.016 0.011 0.007 0.007 0.061 0.272 0.008 0.865 1 0.241 0.009 0.045 0.25 0.044 0.046 0.046 0.007 0.184 0.286 0.021 0.004 0.063 0.047 0.049 0.007 0.057 0.002 0.009 0.002 0.05 0.05 0.006 0.01 0.002 0.023 0.01 0.054 0.007 0.061 0.004 0.006 0.013 0.005 0.052 0 0.041 0.008 0.007 0.006
0.096 0.086 0.096 0.34 0.132 0.036 0.109 0.092 0.069 0.032 0.009 0.229 0.245 0.018 0.128 0.018 0.05 0.02 0.217 0.042 0.156 0.044 0.197 0.234 0.471 0.004 0.058 0.061 0.016 0.018 0.634 0.832 0.035 0.26 0.241 1 0.038 0.197 0.031 0.187 0.149 0.004 0.072 0.002 0.448 0.262 0.006 0.043 0.199 0.149 0 0.104 0.032 0.039 0.016 0.035 0.131 0.032 0.011 0.031 0.043 0.039 0.054 0.035 0.049 0.023 0.02 0.04 0.022 0.096 0.015 0.009 0.004 0.019 0.036
0.022 0.018 0.018 0.035 0.008 0.003 0.006 0.005 0.003 0.001 0 0.015 0.017 0.069 0.007 0.001 0.002 0.001 0.009 0.003 0.007 0.101 0.047 0.014 0.023 0.003 0.003 0.004 0.001 0.001 0.026 0.032 0.001 0.01 0.009 0.038 1 0.004 0.01 0.005 0.005 0.001 0.003 0.01 0.017 0.034 0.001 0.005 0.001 0.001 0.001 0.008 0 0.002 0.001 0.005 0.002 0.331 0.002 0.002 0.002 0.001 0.009 0.405 0.005 0.001 0 0.002 0.001 0.003 0.001 0.001 0.001 0.058 0.002
0.012 0.043 0.037 0.18 0.036 0.014 0.018 0.015 0.005 0.008 0.05 0.031 0.016 0.002 0.02 0.004 0.008 0.004 0.029 0 0.031 0.047 0.095 0.028 0.148 0.024 0.009 0.001 0.006 0.007 0.159 0.108 0.007 0.049 0.045 0.197 0.004 1 0.166 0.041 0.032 0.006 0.014 0.086 0.303 0.1 0 0.059 0.043 0.039 0 0.046 0.007 0.008 0.005 0.056 0.05 0.005 0.009 0.009 0.022 0.217 0.055 0.006 0.06 0.007 0.123 0.012 0.108 0.041 0 0.003 0.005 0.001 0.009
0.101 0.132 0.134 0.004 0.068 0.06 0.088 0.069 0.031 0.045 0.007 0.112 0.091 0 0.111 0.015 0.062 0.017 0.098 0.034 0.154 0.023 0.046 0.102 0.002 0.028 0.064 0.051 0.02 0.023 0.015 0.056 0.041 0.274 0.25 0.031 0.01 0.166 1 0.244 0.2 0.013 0.085 0.379 0.007 0.077 0 0.291 0.213 0.16 0.001 0.194 0.039 0.048 0.017 0.235 0.208 0.009 0.03 0.043 0.078 0.03 0.225 0.011 0.243 0.025 0.023 0.065 0.018 0.17 0.005 0.009 0.005 0.013 0.024
0.001 0 0 0.024 0.028 0.004 0.025 0.021 0.014 0.141 0.001 0.035 0.045 0 0.025 0.004 0.266 0.002 0.043 0.006 0.689 0.061 0.195 0.047 0.1 0.011 0.286 0.007 0.006 0.007 0.11 0.151 0.005 0.047 0.044 0.187 0.005 0.041 0.244 1 0.891 0.007 0.014 0.18 0.11 0.023 0.004 0.585 0.933 0.817 0.006 0.701 0.009 0.198 0.061 0.47 0.711 0.007 0.009 0.002 0.256 0.012 0.544 0.008 0.532 0.121 0.006 0.223 0.004 0.615 0.003 0.003 0.007 0.01 0.134
0 0.001 0 0.015 0.015 0.005 0.006 0.004 0 0.103 0.001 0.017 0.025 0 0.007 0.004 0.256 0.002 0.023 0.006 0.6 0.064 0.157 0.026 0.072 0.011 0.276 0.008 0.006 0.007 0.08 0.129 0.005 0.049 0.046 0.149 0.005 0.032 0.2 0.891 1 0.007 0.015 0.189 0.114 0.027 0.004 0.6 0.829 0.846 0.006 0.715 0.009 0.166 0.059 0.488 0.64 0.008 0.009 0.002 0.246 0.012 0.563 0.008 0.549 0.084 0.006 0.192 0.005 0.634 0.017 0.003 0.007 0.01 0.099
0 0.001 0.001 0.006 0.007 0.001 0.005 0.004 0.002 0.001 0 0.006 0.004 0.001 0.006 0.001 0.002 0.001 0.011 0.001 0.002 0.027 0.033 0.011 0.003 0.001 0.002 0.002 0.001 0.001 0.02 0.005 0 0.041 0.046 0.004 0.001 0.006 0.013 0.007 0.007 1 0.002 0.004 0.016 0.047 0.001 0.012 0.007 0.008 0.001 0.01 0.002 0.001 0.001 0.005 0.009 0 0.001 0.002 0.004 0.002 0.011 0 0.012 0.001 0.001 0.002 0.001 0.009 0.01 0.001 0.001 0 0.002
0.062 0.057 0.077 0.031 0 0.369 0.01 0.008 0.004 0.001 0.001 0.12 0.116 0.001 0 0.001 0.004 0.001 0.095 0.295 0.008 0.024 0.038 0.103 0.047 0 0.005 0.465 0.191 0.218 0.105 0.085 0.205 0.001 0.007 0.072 0.003 0.014 0.085 0.014 0.015 0.002 1 0.002 0.038 0.038 0.001 0.203 0.015 0.015 0.002 0.008 0.527 0.003 0.002 0.18 0.007 0.003 0.003 0.446 0.009 0.004 0.119 0.003 0.174 0.002 0.002 0 0.002 0.009 0.001 0.001 0.003 0.003 0.003
0.044 0.061 0.065 0 0.103 0.019 0.148 0.121 0.075 0.036 0.005 0.04 0.029 0.004 0.178 0.009 0.033 0.024 0.035 0.026 0.125 0.024 0.031 0.035 0 0.012 0.027 0.021 0.018 0.02 0.001 0.009 0.002 0.231 0.184 0.002 0.01 0.086 0.379 0.18 0.189 0.004 0.002 1 0.024 0.056 0.009 0.154 0.196 0.206 0.015 0.182 0.006 0.051 0.013 0.144 0.189 0.015 0.01 0.002 0.051 0.035 0.132 0.017 0.148 0.027 0.016 0.036 0.001 0.177 0.007 0.014 0.02 0.026 0.04
0.019 0.01 0.01 0.202 0.076 0.034 0.144 0.114 0.058 0.02 0.017 0.02 0.029 0.007 0.128 0.001 0.026 0.022 0.028 0.015 0.066 0.009 0.06 0.031 0.244 0.001 0.031 0.021 0.016 0.017 0.258 0.384 0.019 0.281 0.286 0.448 0.017 0.303 0.007 0.11 0.114 0.016 0.038 0.024 1 0.128 0.002 0.188 0.116 0.133 0.006 0.152 0.024 0.022 0.014 0.182 0.135 0.017 0.023 0.025 0.06 0.108 0.178 0.019 0.193 0.018 0.044 0.031 0.04 0.14 0.009 0.02 0.016 0.007 0.024
0.074 0.051 0.055 0.176 0.058 0.024 0.046 0.055 0.036 0 0.004 0.093 0.088 0.014 0.056 0.004 0.018 0.011 0.104 0.025 0.007 0.151 0.049 0.108 0.206 0.002 0.017 0.037 0.009 0.01 0.264 0.22 0.016 0.027 0.021 0.262 0.034 0.1 0.077 0.023 0.027 0.047 0.038 0.056 0.128 1 0.01 0.078 0.027 0.035 0.001 0.037 0.014 0.003 0.001 0.061 0.027 0.048 0.044 0.024 0.026 0.018 0.051 0.054 0.057 0.013 0.014 0 0.012 0.041 0.002 0.004 0.003 0.035 0.009
0.006 0.009 0.008 0.006 0.001 0.061 0.003 0.002 0.001 0.001 0 0.013 0.011 0 0.003 0.002 0.001 0 0.013 0.055 0.003 0 0.003 0.014 0.01 0.001 0.001 0.049 0.01 0.009 0.011 0.003 0.133 0.005 0.004 0.006 0.001 0 0 0.004 0.004 0.001 0.001 0.009 0.002 0.01 1 0.006 0.004 0.004 0.651 0.005 0.001 0.001 0 0.006 0.005 0.001 0.001 0.001 0.002 0.001 0.006 0.001 0.007 0.001 0.009 0.001 0 0.005 0 0 0.375 0.001 0.001
0.021 0.024 0.028 0.001 0.013 0.075 0.015 0.01 0.001 0.089 0.002 0.005 0.002 0.001 0.005 0.006 0.153 0.004 0.001 0.052 0.405 0.082 0.07 0.001 0.017 0.009 0.164 0.088 0.029 0.034 0.006 0.029 0.034 0.052 0.063 0.043 0.005 0.059 0.291 0.585 0.6 0.012 0.203 0.154 0.188 0.078 0.006 1 0.619 0.659 0.01 0.715 0.102 0.116 0.032 0.842 0.633 0.013 0.015 0.109 0.26 0.02 0.82 0.014 0.9 0.068 0.009 0.166 0.008 0.659 0.028 0.005 0.012 0.017 0.075
0.001 0.001 0.001 0.03 0.03 0.005 0.026 0.022 0.014 0.133 0.001 0.038 0.049 0 0.027 0.004 0.241 0.002 0.045 0.007 0.639 0.044 0.204 0.051 0.108 0.008 0.26 0.008 0.006 0.007 0.118 0.161 0.006 0.05 0.047 0.199 0.001 0.043 0.213 0.933 0.829 0.007 0.015 0.196 0.116 0.027 0.004 0.619 1 0.866 0.006 0.716 0.009 0.187 0.057 0.503 0.757 0.008 0.009 0.002 0.281 0.013 0.557 0.009 0.565 0.114 0.006 0.22 0.005 0.65 0.004 0.003 0.008 0.01 0.128
0 0 0 0.02 0.014 0.006 0.005 0.003 0 0.11 0.001 0.02 0.029 0 0.006 0.004 0.218 0.003 0.024 0.009 0.557 0.044 0.17 0.028 0.076 0.01 0.235 0.01 0.007 0.008 0.082 0.127 0.007 0.051 0.049 0.149 0.001 0.039 0.16 0.817 0.846 0.008 0.015 0.206 0.133 0.035 0.004 0.659 0.866 1 0.007 0.783 0.011 0.163 0.068 0.569 0.69 0.006 0.01 0.003 0.255 0.014 0.625 0.007 0.628 0.115 0.007 0.192 0.005 0.711 0.042 0.004 0.009 0.012 0.125
0.004 0.006 0.006 0.002 0 0.035 0.004 0.004 0.002 0.001 0 0.01 0.008 0.001 0.005 0.001 0.002 0.001 0.01 0.03 0.005 0.002 0 0.011 0.002 0.002 0.002 0.026 0.005 0.004 0.002 0 0.082 0.007 0.007 0 0.001 0 0.001 0.006 0.006 0.001 0.002 0.015 0.006 0.001 0.651 0.01 0.006 0.007 1 0.008 0.001 0.001 0.001 0.009 0.007 0.001 0.001 0.001 0.003 0.002 0.009 0.001 0.01 0.001 0.005 0.002 0.001 0.007 0 0 0.498 0.034 0.001
0.004 0.004 0.006 0.007 0.007 0.001 0.01 0.006 0.001 0.1 0.002 0.003 0.007 0 0.001 0.005 0.19 0.003 0.004 0 0.471 0.064 0.108 0.005 0.043 0.006 0.204 0 0.001 0 0.044 0.084 0.001 0.034 0.057 0.104 0.008 0.046 0.194 0.701 0.715 0.01 0.008 0.182 0.152 0.037 0.005 0.715 0.716 0.783 0.008 1 0.012 0.125 0.066 0.684 0.841 0.01 0.012 0.004 0.35 0.016 0.735 0.011 0.746 0.118 0.008 0.187 0.006 0.875 0.025 0.004 0.01 0.014 0.157
0.013 0.02 0.018 0.004 0.009 0.204 0.006 0.005 0.003 0 0.001 0.041 0.042 0.001 0.007 0.001 0.003 0.001 0.023 0.163 0.004 0.007 0.013 0.028 0.008 0.003 0.003 0.346 0.192 0.174 0.049 0.039 0.12 0.011 0.002 0.032 0 0.007 0.039 0.009 0.009 0.002 0.527 0.006 0.024 0.014 0.001 0.102 0.009 0.011 0.001 0.012 1 0.002 0.001 0.105 0.011 0 0.002 0.711 0.005 0.003 0.07 0 0.098 0.001 0.001 0.003 0.001 0.011 0.001 0.001 0.002 0.002 0.002
0.017 0.023 0.022 0.006 0.006 0.003 0.006 0.005 0.003 0.045 0 0.002 0.002 0.001 0.007 0.001 0.002 0.001 0.015 0.003 0.162 0.014 0.039 0.014 0.025 0.002 0.001 0.004 0.001 0.001 0.025 0.031 0.001 0.01 0.009 0.039 0.002 0.008 0.048 0.198 0.166 0.001 0.003 0.051 0.022 0.003 0.001 0.116 0.187 0.163 0.001 0.125 0.002 1 0.002 0.113 0.146 0.001 0.002 0.002 0 0.002 0.107 0.002 0.112 0.001 0.001 0.329 0.001 0.075 0.001 0.001 0.001 0.002 0
0.007 0.005 0.006 0.01 0.002 0.002 0.001 0 0.002 0.266 0.001 0.008 0.009 0 0.004 0 0.001 0 0.007 0.001 0.04 0.004 0.009 0.007 0.012 0.002 0.002 0.001 0.001 0.001 0.009 0.01 0.001 0.003 0.002 0.016 0.001 0.005 0.017 0.061 0.059 0.001 0.002 0.013 0.014 0.001 0 0.032 0.057 0.068 0.001 0.066 0.001 0.002 1 0.055 0.075 0.001 0.001 0.001 0.003 0.001 0.047 0.001 0.051 0.275 0.001 0.002 0.001 0.039 0 0 0.001 0.001 0.25
0.019 0.022 0.026 0.001 0.013 0.064 0.013 0.009 0.001 0.085 0.002 0.006 0.002 0.001 0.004 0.006 0.102 0.004 0.001 0.044 0.31 0.068 0.052 0.001 0.017 0.008 0.083 0.079 0.031 0.036 0.005 0.023 0.036 0.041 0.05 0.035 0.005 0.056 0.235 0.47 0.488 0.005 0.18 0.144 0.182 0.061 0.006 0.842 0.503 0.569 0.009 0.684 0.105 0.113 0.055 1 0.634 0.012 0.014 0.113 0.199 0.02 0.799 0.014 0.912 0.099 0.009 0.164 0.007 0.629 0.05 0.005 0.012 0.016 0.131
0.001 0 0.001 0.017 0.019 0.003 0.031 0.027 0.017 0.113 0.001 0.01 0.017 0 0.015 0.004 0.183 0.003 0.013 0.001 0.468 0.051 0.125 0.016 0.061 0.005 0.165 0 0.001 0 0.065 0.099 0.001 0.032 0.05 0.131 0.002 0.05 0.208 0.711 0.64 0.009 0.007 0.189 0.135 0.027 0.005 0.633 0.757 0.69 0.007 0.841 0.011 0.146 0.075 0.634 1 0.009 0.011 0.003 0.322 0.015 0.623 0.01 0.7 0.133 0.007 0.215 0.005 0.779 0.004 0.004 0.009 0.012 0.176
0.009 0.006 0.007 0.019 0.004 0.003 0.002 0.002 0.002 0.001 0 0.009 0.01 0.051 0.003 0.001 0.002 0.001 0.005 0.003 0.007 0.046 0.015 0.009 0.016 0.002 0.003 0.003 0.001 0.001 0.025 0.027 0.001 0.007 0.006 0.032 0.331 0.005 0.009 0.007 0.008 0 0.003 0.015 0.017 0.048 0.001 0.013 0.008 0.006 0.001 0.01 0 0.001 0.001 0.012 0.009 1 0.002 0.002 0.004 0.002 0.012 0.914 0.013 0.001 0.001 0.002 0.001 0.01 0.001 0.001 0.001 0.107 0.002
0.002 0.001 0.001 0.009 0.007 0.003 0.006 0.005 0.003 0.002 0 0.004 0.005 0.001 0.007 0.001 0.002 0.001 0.014 0.004 0.008 0.001 0.001 0.013 0.026 0.119 0.003 0.004 0.001 0.001 0.028 0.035 0.001 0.011 0.01 0.011 0.002 0.009 0.03 0.009 0.009 0.001 0.003 0.01 0.023 0.044 0.001 0.015 0.009 0.01 0.001 0.012 0.002 0.002 0.001 0.014 0.011 0.002 1 0.002 0.005 0.002 0.014 0.002 0.015 0.001 0.001 0.002 0.001 0.011 0.001 0.001 0.001 0.002 0.002
0.023 0.031 0.03 0.007 0.009 0.273 0.006 0.005 0.003 0 0.001 0.074 0.073 0.001 0.007 0.001 0.003 0.001 0.049 0.219 0.004 0.016 0.023 0.055 0.024 0.003 0.003 0.371 0.189 0.171 0.068 0.038 0.114 0.011 0.002 0.031 0.002 0.009 0.043 0.002 0.002 0.002 0.446 0.002 0.025 0.024 0.001 0.109 0.002 0.003 0.001 0.004 0.711 0.002 0.001 0.113 0.003 0.002 0.002 1 0.001 0.003 0.077 0.002 0.106 0.001 0.001 0.001 0.001 0.003 0.001 0.001 0.002 0.002 0.002
0.013 0.017 0.01 0.022 0.007 0 0.016 0.014 0.007 0.002 0.001 0.006 0.008 0.001 0.001 0.002 0.488 0 0.001 0 0.205 0.021 0.052 0.002 0.018 0 0.516 0.001 0.003 0 0.023 0.032 0.003 0.009 0.023 0.043 0.002 0.022 0.078 0.256 0.246 0.004 0.009 0.051 0.06 0.026 0.002 0.26 0.281 0.255 0.003 0.35 0.005 0 0.003 0.199 0.322 0.004 0.005 0.001 1 0.007 0.296 0.004 0.257 0.004 0.003 0.003 0.002 0.35 0.002 0.002 0.004 0.005 0
0.004 0.024 0.025 0.037 0.01 0.004 0.007 0.006 0.004 0.002 0.001 0.02 0.015 0.001 0.008 0.001 0.002 0.001 0.02 0.005 0.008 0.007 0.017 0.019 0.002 0.11 0.002 0.006 0.002 0.002 0.002 0 0.002 0.011 0.01 0.039 0.001 0.217 0.03 0.012 0.012 0.002 0.004 0.035 0.108 0.018 0.001 0.02 0.013 0.014 0.002 0.016 0.003 0.002 0.001 0.02 0.015 0.002 0.002 0.003 0.007 1 0.019 0.002 0.021 0.002 0.002 0.003 0.001 0.015 0.001 0.001 0.002 0 0.003
0.005 0.012 0.013 0.004 0.014 0.034 0.013 0.009 0.001 0.085 0.002 0 0 0.001 0.005 0.006 0.162 0.004 0 0.021 0.428 0.07 0.06 0 0.029 0.008 0.173 0.049 0.01 0.014 0.013 0.038 0.027 0.049 0.054 0.054 0.009 0.055 0.225 0.544 0.563 0.011 0.119 0.132 0.178 0.051 0.006 0.82 0.557 0.625 0.009 0.735 0.07 0.107 0.047 0.799 0.623 0.012 0.014 0.077 0.296 0.019 1 0.013 0.881 0.101 0.009 0.175 0.007 0.649 0.03 0.005 0.012 0.009 0.123
0.011 0.008 0.008 0.021 0.005 0.003 0.003 0.002 0.003 0.002 0 0.01 0.012 0.046 0.004 0.001 0.002 0.001 0.006 0.003 0.007 0.055 0.019 0.01 0.018 0.003 0.003 0.004 0.001 0.001 0.027 0.03 0.001 0.008 0.007 0.035 0.405 0.006 0.011 0.008 0.008 0 0.003 0.017 0.019 0.054 0.001 0.014 0.009 0.007 0.001 0.011 0 0.002 0.001 0.014 0.01 0.914 0.002 0.002 0.004 0.002 0.013 1 0.014 0.001 0.001 0.002 0.001 0.01 0.001 0.001 0.001 0.096 0.002
0.014 0.017 0.021 0.003 0.014 0.058 0.015 0.011 0.002 0.086 0.002 0.002 0 0.001 0.005 0.006 0.149 0.004 0 0.039 0.386 0.072 0.058 0 0.023 0.01 0.131 0.071 0.028 0.033 0.009 0.033 0.033 0.05 0.061 0.049 0.005 0.06 0.243 0.532 0.549 0.012 0.174 0.148 0.193 0.057 0.007 0.9 0.565 0.628 0.01 0.746 0.098 0.112 0.051 0.912 0.7 0.013 0.015 0.106 0.257 0.021 0.881 0.014 1 0.093 0.01 0.161 0.008 0.688 0.027 0.006 0.013 0.01 0.123
0.003 0.001 0.001 0.007 0.003 0.002 0.002 0.001 0.002 0.21 0 0.013 0.014 0.001 0.006 0.001 0.002 0.001 0.012 0.003 0.106 0.007 0.03 0.012 0.02 0.002 0.002 0.003 0.001 0.001 0.02 0.019 0.001 0.004 0.004 0.023 0.001 0.007 0.025 0.121 0.084 0.001 0.002 0.027 0.018 0.013 0.001 0.068 0.114 0.115 0.001 0.118 0.001 0.001 0.275 0.099 0.133 0.001 0.001 0.001 0.004 0.002 0.101 0.001 0.093 1 0.001 0.002 0.001 0.088 0.001 0.001 0.001 0.002 0.549
0 0.009 0.009 0.022 0.005 0.002 0.003 0.003 0.001 0.001 0.001 0.007 0 0.001 0.004 0 0.002 0.001 0.007 0.001 0.005 0.004 0.011 0.007 0.029 0.001 0.002 0.001 0.001 0.001 0.029 0.023 0.001 0.007 0.006 0.02 0 0.123 0.023 0.006 0.006 0.001 0.002 0.016 0.044 0.014 0.009 0.009 0.006 0.007 0.005 0.008 0.001 0.001 0.001 0.009 0.007 0.001 0.001 0.001 0.003 0.002 0.009 0.001 0.01 0.001 1 0.002 0.001 0.007 0 0 0.001 0.001 0.001
0.028 0.038 0.037 0.005 0.005 0.007 0.008 0.007 0.004 0.032 0 0.001 0 0.001 0.009 0.001 0.003 0.001 0.003 0.006 0.127 0.017 0.024 0.003 0.013 0.003 0.003 0.004 0.004 0.003 0.013 0.03 0.002 0.014 0.013 0.04 0.002 0.012 0.065 0.223 0.192 0.002 0 0.036 0.031 0 0.001 0.166 0.22 0.192 0.002 0.187 0.003 0.329 0.002 0.164 0.215 0.002 0.002 0.001 0.003 0.003 0.175 0.002 0.161 0.002 0.002 1 0.001 0.174 0.001 0.001 0.002 0.003 0.006
0.002 0.01 0.01 0.02 0.005 0.002 0.003 0.003 0.001 0.001 0 0.009 0.005 0 0.004 0 0 0 0.008 0.002 0.002 0.007 0.011 0.008 0.027 0.001 0 0.002 0.001 0.001 0.032 0.026 0.001 0.006 0.005 0.022 0.001 0.108 0.018 0.004 0.005 0.001 0.002 0.001 0.04 0.012 0 0.008 0.005 0.005 0.001 0.006 0.001 0.001 0.001 0.007 0.005 0.001 0.001 0.001 0.002 0.001 0.007 0.001 0.008 0.001 0.001 0.001 1 0.006 0 0 0.001 0.001 0.001
0.001 0.001 0.003 0.011 0.006 0.002 0.009 0.006 0.001 0.074 0.001 0.002 0.005 0 0.001 0.005 0.192 0.003 0.004 0 0.394 0.053 0.094 0.004 0.04 0.005 0.208 0 0.001 0 0.041 0.079 0.001 0.03 0.052 0.096 0.003 0.041 0.17 0.615 0.634 0.009 0.009 0.177 0.14 0.041 0.005 0.659 0.65 0.711 0.007 0.875 0.011 0.075 0.039 0.629 0.779 0.01 0.011 0.003 0.35 0.015 0.649 0.01 0.688 0.088 0.007 0.174 0.006 1 0.026 0.004 0.009 0.013 0.134
0.013 0.017 0.016 0.006 0.014 0 0.056 0.065 0.113 0.001 0 0.033 0.03 0 0.046 0 0.001 0 0.022 0 0.003 0 0.003 0.022 0.01 0.001 0.001 0 0.001 0.001 0.013 0.004 0 0.001 0 0.015 0.001 0 0.005 0.003 0.017 0.01 0.001 0.007 0.009 0.002 0 0.028 0.004 0.042 0 0.025 0.001 0.001 0 0.05 0.004 0.001 0.001 0.001 0.002 0.001 0.03 0.001 0.027 0.001 0 0.001 0 0.026 1 0 0.001 0.001 0.001
0.004 0.003 0.003 0.006 0 0.001 0 0.001 0.001 0.001 0 0.002 0.003 0 0.003 0 0.001 0.31 0.002 0.001 0.003 0.02 0.008 0.002 0.004 0.001 0.001 0.001 0 0.001 0.001 0.012 0.001 0.038 0.041 0.009 0.001 0.003 0.009 0.003 0.003 0.001 0.001 0.014 0.02 0.004 0 0.005 0.003 0.004 0 0.004 0.001 0.001 0 0.005 0.004 0.001 0.001 0.001 0.002 0.001 0.005 0.001 0.006 0.001 0 0.001 0 0.004 0 1 0.001 0.001 0.001
0.001 0.002 0.002 0 0 0.024 0.005 0.004 0.002 0.001 0 0.004 0.003 0.001 0.006 0 0.002 0.001 0.005 0.021 0.006 0.019 0.005 0.005 0 0.002 0.002 0.018 0.003 0.003 0.001 0.004 0.062 0.009 0.008 0.004 0.001 0.005 0.005 0.007 0.007 0.001 0.003 0.02 0.016 0.003 0.375 0.012 0.008 0.009 0.498 0.01 0.002 0.001 0.001 0.012 0.009 0.001 0.001 0.002 0.004 0.002 0.012 0.001 0.013 0.001 0.001 0.002 0.001 0.009 0.001 0.001 1 0.161 0.002
0.008 0.005 0.006 0.01 0.003 0 0.007 0.006 0.003 0.002 0 0.003 0.004 0.037 0.008 0.001 0.003 0.001 0.001 0 0.003 0.047 0.01 0.003 0.006 0.003 0.003 0 0.001 0.001 0.014 0.014 0 0.008 0.007 0.019 0.058 0.001 0.013 0.01 0.01 0 0.003 0.026 0.007 0.035 0.001 0.017 0.01 0.012 0.034 0.014 0.002 0.002 0.001 0.016 0.012 0.107 0.002 0.002 0.005 0 0.009 0.096 0.01 0.002 0.001 0.003 0.001 0.013 0.001 0.001 0.161 1 0.002
0 0 0 0.004 0.005 0.003 0.003 0.002 0.003 0.165 0.001 0.017 0.019 0.001 0.007 0.001 0.003 0.001 0.016 0.004 0.124 0.009 0.032 0.016 0.029 0.003 0.003 0.004 0.001 0.001 0.026 0.03 0.001 0.007 0.006 0.036 0.002 0.009 0.024 0.134 0.099 0.002 0.003 0.04 0.024 0.009 0.001 0.075 0.128 0.125 0.001 0.157 0.002 0 0.25 0.131 0.176 0.002 0.002 0.002 0 0.003 0.123 0.002 0.123 0.549 0.001 0.006 0.001 0.134 0.001 0.001 0.002 0.002 1
