1 0.84 0.866 0.391 0.373 0.106 0.238 0.191 0.113 0.015 0.03 0.486 0.48 0.008 0.246 0.051 0.026 0.013 0.481 0.117 0 0.104 0.069 0.512 0.203 0.005 0.03 0.126 0.029 0.027 0.176 0.08 0.047 0.036 0.029 0.068 0.017 0.025 0.065 0 0.002 0.003 0.05 0.035 0.002 0.056 0.007 0.018 0 0.001 0.007 0.005 0.005 0.028 0.007 0.011 0.002 0.015 0.003 0.008 0.013 0.021 0.007 0.016 0.01 0.001 0.001 0.048 0.006 0.001 0.021 0.001 0.01 0.009 0
0.84 1 0.961 0.395 0.397 0.125 0.28 0.225 0.133 0.013 0.035 0.549 0.541 0.006 0.282 0.06 0.022 0.011 0.515 0.14 0.002 0.103 0.062 0.565 0.199 0.018 0.026 0.15 0.034 0.032 0.186 0.084 0.056 0.044 0.039 0.07 0.014 0.043 0.09 0 0.005 0.007 0.052 0.044 0 0.059 0.009 0.024 0 0.003 0.01 0.007 0.007 0.036 0.005 0.014 0.003 0.012 0.01 0.01 0.013 0.024 0.013 0.012 0.014 0 0.002 0.058 0.01 0.003 0.025 0.001 0.014 0.006 0
0.866 0.961 1 0.409 0.43 0.121 0.272 0.219 0.129 0.013 0.034 0.568 0.559 0.007 0.284 0.059 0.022 0.012 0.542 0.135 0.001 0.104 0.064 0.594 0.215 0.018 0.027 0.145 0.033 0.031 0.185 0.082 0.055 0.045 0.036 0.068 0.015 0.043 0.086 0 0.004 0.007 0.058 0.042 0 0.055 0.009 0.023 0 0.002 0.009 0.007 0.007 0.035 0.005 0.014 0.003 0.012 0.002 0.01 0.012 0.025 0.012 0.013 0.014 0 0.002 0.057 0.01 0.003 0.024 0.001 0.013 0.006 0
0.391 0.395 0.409 1 0.186 0.042 0.117 0.094 0.055 0.03 0.015 0.233 0.233 0.019 0.128 0.028 0.052 0.027 0.218 0.044 0.011 0.281 0.283 0.249 0.557 0.002 0.046 0.047 0.014 0.011 0.549 0.29 0.017 0.001 0 0.354 0.034 0.232 0.001 0.027 0.015 0.02 0.019 0.006 0.203 0.192 0.005 0.006 0.035 0.022 0.003 0.014 0 0.006 0.013 0.012 0.022 0.017 0.013 0.001 0.045 0.045 0.01 0.018 0.014 0.005 0.021 0.012 0.021 0.019 0.01 0.001 0.003 0.001 0.004
0.373 0.397 0.43 0.186 1 0.01 0.459 0.371 0.203 0.007 0.003 0.528 0.52 0.005 0.539 0.113 0.012 0.006 0.525 0.014 0.031 0.075 0.132 0.54 0.231 0.01 0.014 0.015 0.003 0.004 0.165 0.104 0.007 0.137 0.117 0.088 0.008 0.036 0.022 0.019 0.003 0.004 0.001 0.031 0.024 0.045 0.005 0.007 0.022 0.004 0.001 0.006 0.006 0 0.005 0.017 0.019 0.007 0 0.005 0.019 0.016 0.01 0.007 0.01 0.004 0 0 0.005 0.005 0.044 0 0.001 0.007 0.008
0.106 0.125 0.121 0.042 0.01 1 0.005 0.004 0.003 0.002 0.001 0.138 0.127 0 0.007 0.001 0.003 0.001 0.129 0.667 0.008 0.013 0.026 0.131 0.06 0.002 0.003 0.605 0.269 0.283 0.05 0.014 0.338 0.012 0.012 0.015 0.002 0.011 0.029 0.007 0.008 0.001 0.283 0.012 0.027 0.007 0.097 0.025 0.007 0.009 0.068 0.004 0.061 0.003 0 0.028 0.006 0.003 0.002 0.055 0 0.004 0.016 0.003 0.017 0 0.001 0 0.001 0.001 0.001 0.001 0.087 0 0
0.238 0.28 0.272 0.117 0.459 0.005 1 0.801 0.473 0.004 0.002 0.301 0.276 0.003 0.719 0.003 0.006 0.003 0.31 0.007 0.015 0.039 0.067 0.319 0.148 0.005 0.007 0.008 0.001 0.002 0.138 0.094 0.004 0.216 0.218 0.084 0.004 0.02 0.053 0.021 0.001 0.002 0.005 0.092 0.084 0.052 0.002 0.005 0.023 0.001 0.003 0.005 0.003 0.006 0.002 0.007 0.027 0.002 0.004 0.002 0.015 0.008 0.008 0.002 0.009 0.001 0 0.006 0.003 0.005 0.089 0.002 0.003 0.007 0.003
0.191 0.225 0.219 0.094 0.371 0.004 0.801 1 0.59 0.003 0.001 0.24 0.219 0.002 0.61 0.002 0.005 0.003 0.247 0.006 0.012 0.031 0.053 0.254 0.118 0.004 0.006 0.006 0.001 0.002 0.108 0.074 0.003 0.146 0.147 0.066 0.003 0.015 0.033 0.016 0 0.002 0.004 0.061 0.054 0.044 0.002 0.002 0.018 0 0.003 0.002 0.003 0.005 0.001 0.003 0.021 0.001 0.003 0.002 0.012 0.006 0.004 0.001 0.004 0.001 0 0.004 0.002 0.002 0.111 0.001 0.003 0.006 0.002
0.113 0.133 0.129 0.055 0.203 0.003 0.473 0.59 1 0.002 0.001 0.147 0.134 0.001 0.377 0.001 0.003 0.002 0.151 0.004 0.008 0.018 0.033 0.156 0.073 0.002 0.003 0.004 0.001 0.001 0.079 0.056 0.002 0.08 0.079 0.05 0.002 0.007 0.015 0.011 0 0.001 0.002 0.05 0.032 0.027 0.001 0 0.012 0.001 0.002 0 0.002 0.003 0.002 0.001 0.014 0.003 0.002 0.001 0.007 0.004 0.002 0.003 0.002 0.002 0.002 0.003 0.001 0.001 0.127 0.001 0.001 0.003 0.003
0.015 0.013 0.013 0.03 0.007 0.002 0.004 0.003 0.002 1 0 0.011 0.01 0.001 0.004 0.001 0.002 0.001 0.006 0.002 0.147 0.011 0.032 0.011 0.023 0.001 0.002 0.002 0 0.001 0.019 0.027 0 0.008 0.008 0.031 0.001 0.008 0.043 0.103 0.091 0.001 0 0.031 0.018 0.002 0.001 0.067 0.091 0.06 0.001 0.069 0 0.012 0.39 0.06 0.078 0.002 0.001 0 0 0.002 0.056 0.002 0.065 0.126 0.001 0.003 0.001 0.06 0 0 0.001 0.002 0.155
0.03 0.035 0.034 0.015 0.003 0.001 0.002 0.001 0.001 0 1 0.039 0.036 0 0.002 0 0.001 0 0.04 0.203 0.002 0.005 0.009 0.041 0.019 0.001 0.001 0.19 0 0 0.021 0.015 0 0.003 0.003 0.013 0.001 0.057 0.01 0.003 0.003 0 0.001 0.008 0.012 0.007 0.008 0.005 0.003 0.004 0.005 0.004 0 0.001 0.001 0.004 0.004 0 0 0 0.002 0.001 0.005 0 0.005 0 0 0.001 0 0.004 0 0 0.005 0.001 0.001
0.486 0.549 0.568 0.233 0.528 0.138 0.301 0.24 0.147 0.011 0.039 1 0.88 0.006 0.355 0.075 0.015 0.001 0.764 0.155 0.051 0.088 0.173 0.828 0.343 0.014 0.018 0.178 0.038 0.053 0.273 0.177 0.073 0.087 0.075 0.161 0.013 0.029 0.037 0.055 0.028 0.007 0.077 0.013 0.012 0.068 0.021 0.002 0.061 0.031 0.021 0.013 0.013 0.018 0.009 0.002 0.026 0.01 0.002 0.026 0.019 0.022 0.006 0.01 0.006 0.007 0.002 0.007 0.009 0.016 0.03 0.005 0.026 0.003 0.014
0.48 0.541 0.559 0.233 0.52 0.127 0.276 0.219 0.134 0.01 0.036 0.88 1 0.006 0.324 0.069 0.016 0.002 0.737 0.176 0.054 0.09 0.179 0.798 0.334 0.012 0.02 0.162 0.034 0.048 0.248 0.163 0.071 0.083 0.072 0.147 0.014 0.029 0.038 0.049 0.025 0.003 0.074 0.008 0.011 0.059 0.019 0.001 0.055 0.028 0.018 0.012 0.013 0.005 0.01 0.005 0.024 0.011 0.001 0.026 0.022 0.028 0.005 0.012 0.005 0.008 0.002 0.002 0.002 0.014 0.027 0.005 0.023 0.004 0.016
0.008 0.006 0.007 0.019 0.005 0 0.003 0.002 0.001 0.001 0 0.006 0.006 1 0.003 0.001 0.001 0.001 0.009 0.002 0 0.053 0.04 0.008 0.002 0.001 0.001 0.002 0 0 0.017 0.023 0.001 0.006 0.006 0.026 0.007 0.006 0.002 0.001 0.001 0.001 0.001 0.007 0.014 0.033 0.001 0.003 0.001 0.002 0.001 0.001 0.001 0.001 0 0.001 0 0.003 0.001 0.001 0 0.001 0.001 0.002 0.001 0.001 0.001 0.001 0.001 0 0 0 0.001 0.002 0
0.246 0.282 0.284 0.128 0.539 0.007 0.719 0.61 0.377 0.004 0.002 0.355 0.324 0.003 1 0.004 0.008 0.004 0.402 0.009 0.022 0.049 0.089 0.413 0.194 0.006 0.009 0.01 0.002 0.003 0.166 0.113 0.004 0.267 0.235 0.101 0.005 0.019 0.072 0.02 0.002 0.003 0 0.108 0.096 0.056 0.003 0.003 0.023 0.002 0.004 0.002 0.004 0.007 0.005 0.004 0.017 0.003 0.004 0.003 0.005 0.01 0.005 0.003 0.006 0.004 0 0.007 0.003 0.002 0.071 0.002 0.004 0.009 0.007
0.051 0.06 0.059 0.028 0.113 0.001 0.003 0.002 0.001 0.001 0 0.075 0.069 0.001 0.004 1 0.001 0.001 0.078 0.002 0.004 0.009 0.017 0.08 0.038 0.001 0.002 0.002 0 0 0.04 0.029 0.001 0.007 0.007 0.026 0.001 0.006 0.017 0.004 0.004 0.001 0.001 0.013 0.012 0 0.001 0.007 0.004 0.005 0.001 0.006 0.001 0.001 0.001 0.006 0.005 0.002 0.001 0.001 0.002 0.002 0.007 0.002 0.007 0.001 0.001 0.001 0.001 0.005 0 0 0.001 0.002 0.001
0.026 0.022 0.022 0.052 0.012 0.003 0.006 0.005 0.003 0.002 0.001 0.015 0.016 0.001 0.008 0.001 1 0.002 0.019 0.004 0.343 0.02 0.086 0.019 0.039 0.003 0.832 0.004 0.001 0.001 0.034 0.047 0.002 0.014 0.014 0.054 0.002 0.012 0.07 0.249 0.231 0.002 0.002 0.034 0.03 0.023 0.001 0.161 0.203 0.194 0.002 0.175 0.002 0.003 0.002 0.133 0.147 0.003 0.002 0.001 0.381 0.004 0.161 0.003 0.157 0.002 0.001 0.003 0 0.188 0.001 0.001 0.002 0.004 0.003
0.013 0.011 0.012 0.027 0.006 0.001 0.003 0.003 0.002 0.001 0 0.001 0.002 0.001 0.004 0.001 0.002 1 0.01 0.002 0.005 0.082 0.045 0.01 0.021 0.001 0.002 0.002 0 0.001 0.019 0.031 0.001 0.116 0.106 0.023 0.001 0.007 0.036 0.001 0.001 0.001 0.001 0.047 0.017 0.015 0.001 0 0.001 0 0.001 0 0.001 0.002 0.001 0 0 0.002 0.001 0.001 0.004 0.002 0 0.002 0 0.001 0.001 0.001 0.001 0 0 0.16 0.001 0.002 0.002
0.481 0.515 0.542 0.218 0.525 0.129 0.31 0.247 0.151 0.006 0.04 0.764 0.737 0.009 0.402 0.078 0.019 0.01 1 0.198 0.042 0.106 0.182 0.926 0.398 0.016 0.016 0.14 0.039 0.037 0.271 0.146 0.039 0.067 0.056 0.129 0.008 0.029 0.026 0.043 0.019 0.008 0.046 0.01 0.007 0.064 0.022 0.001 0.042 0.018 0.022 0.007 0.001 0.018 0.013 0.003 0.017 0.008 0.002 0.005 0.006 0.025 0.006 0.009 0.006 0.01 0.001 0.011 0.009 0.012 0.028 0 0.027 0.004 0.018
0.117 0.14 0.135 0.044 0.014 0.667 0.007 0.006 0.004 0.002 0.203 0.155 0.176 0.002 0.009 0.002 0.004 0.002 0.198 1 0.011 0.023 0.043 0.201 0.094 0.003 0.004 0.773 0.196 0.205 0.063 0.022 0.243 0.017 0.017 0.022 0.002 0 0.008 0.011 0.012 0.002 0.201 0.021 0.01 0.009 0.096 0.01 0.011 0.014 0.066 0 0.041 0.004 0.003 0.009 0 0.002 0.002 0.037 0.002 0.005 0.003 0.002 0.004 0.002 0.001 0 0.002 0.001 0.001 0.001 0.083 0 0.004
0 0.002 0.001 0.011 0.031 0.008 0.015 0.012 0.008 0.147 0.002 0.051 0.054 0 0.022 0.004 0.343 0.005 0.042 0.011 1 0.054 0.246 0.054 0.111 0.007 0.38 0.012 0.002 0.003 0.089 0.128 0.001 0.04 0.039 0.145 0.006 0.033 0.19 0.661 0.579 0.003 0.002 0.134 0.083 0.031 0.004 0.449 0.581 0.495 0.005 0.436 0.001 0.117 0.054 0.362 0.416 0.01 0.006 0 0.24 0.008 0.43 0.01 0.412 0.066 0.003 0.122 0.003 0.408 0.002 0.002 0.005 0.005 0.111
0.104 0.103 0.104 0.281 0.075 0.013 0.039 0.031 0.018 0.011 0.005 0.088 0.09 0.053 0.049 0.009 0.02 0.082 0.106 0.023 0.054 1 0.463 0.118 0.217 0.016 0.018 0.026 0.005 0.007 0.198 0.018 0.012 0.061 0.059 0.03 0.079 0.071 0 0.027 0.031 0.064 0.015 0 0.011 0.123 0 0.03 0.011 0.011 0 0.019 0 0.002 0.001 0.018 0.011 0.031 0.006 0.008 0.003 0.013 0.024 0.033 0.022 0 0.007 0.011 0.007 0.016 0.003 0.009 0 0.011 0.004
0.069 0.062 0.064 0.283 0.132 0.026 0.067 0.053 0.033 0.032 0.009 0.173 0.179 0.04 0.089 0.017 0.086 0.045 0.182 0.043 0.246 0.463 1 0.214 0.408 0.029 0.103 0.047 0.009 0.012 0.355 0.125 0.013 0.008 0.008 0.164 0.029 0.13 0.116 0.214 0.174 0.038 0.019 0.086 0.08 0.024 0.002 0.125 0.231 0.192 0.001 0.143 0 0.042 0.021 0.115 0.157 0.001 0 0.007 0.107 0.026 0.117 0.001 0.12 0.032 0.013 0.025 0.012 0.14 0.006 0.003 0.001 0 0.034
0.512 0.565 0.594 0.249 0.54 0.131 0.319 0.254 0.156 0.011 0.041 0.828 0.798 0.008 0.413 0.08 0.019 0.01 0.926 0.201 0.054 0.118 0.214 1 0.441 0.015 0.022 0.177 0.04 0.038 0.303 0.171 0.067 0.071 0.06 0.153 0.012 0.028 0.029 0.053 0.026 0.008 0.073 0.009 0.008 0.065 0.023 0.002 0.058 0.029 0.022 0.013 0.01 0.017 0.012 0.003 0.027 0.011 0.002 0.02 0.014 0.025 0.007 0.011 0.007 0.01 0.002 0.012 0.008 0.017 0.029 0 0.028 0.006 0.017
0.203 0.199 0.215 0.557 0.231 0.06 0.148 0.118 0.073 0.023 0.019 0.343 0.334 0.002 0.194 0.038 0.039 0.021 0.398 0.094 0.111 0.217 0.408 0.441 1 0.032 0.047 0.078 0.019 0.016 0.779 0.488 0.028 0.008 0.006 0.436 0.024 0.179 0.012 0.128 0.092 0.014 0.028 0.017 0.205 0.157 0.005 0.053 0.141 0.099 0.002 0.08 0.001 0.037 0.023 0.052 0.1 0.011 0.011 0.006 0.053 0.005 0.068 0.011 0.069 0.019 0.015 0.029 0.029 0.084 0.013 0 0.001 0 0.037
0.005 0.018 0.018 0.002 0.01 0.002 0.005 0.004 0.002 0.001 0.001 0.014 0.012 0.001 0.006 0.001 0.003 0.001 0.016 0.003 0.007 0.016 0.029 0.015 0.032 1 0.003 0.003 0.001 0.001 0.03 0.042 0.001 0.011 0.011 0.002 0.002 0.045 0.033 0.01 0.01 0.001 0.002 0.01 0.01 0.003 0.001 0.01 0.006 0.008 0.001 0.009 0.001 0.002 0.002 0.009 0.008 0.003 0.02 0.001 0.002 0.131 0.01 0.003 0.01 0.001 0.006 0.002 0.001 0.008 0 0.001 0.001 0.003 0.002
0.03 0.026 0.027 0.046 0.014 0.003 0.007 0.006 0.003 0.002 0.001 0.018 0.02 0.001 0.009 0.002 0.832 0.002 0.016 0.004 0.38 0.018 0.103 0.022 0.047 0.003 1 0.005 0.001 0.001 0.042 0.058 0.002 0.017 0.016 0.065 0.002 0.014 0.076 0.279 0.258 0.002 0.003 0.03 0.036 0.024 0.001 0.179 0.231 0.217 0.002 0.196 0.002 0.003 0.002 0.106 0.138 0.004 0.002 0.001 0.429 0.005 0.179 0.004 0.144 0.002 0.001 0.003 0.001 0.21 0.001 0.001 0.002 0.004 0.003
0.126 0.15 0.145 0.047 0.015 0.605 0.008 0.006 0.004 0.002 0.19 0.178 0.162 0.002 0.01 0.002 0.004 0.002 0.14 0.773 0.012 0.026 0.047 0.177 0.078 0.003 0.005 1 0.183 0.191 0.092 0.041 0.375 0.018 0.01 0.04 0.003 0 0.023 0.012 0.013 0.002 0.388 0.011 0.013 0.021 0.089 0.03 0.012 0.015 0.061 0 0.173 0.004 0.003 0.029 0 0.002 0.003 0.192 0.002 0.005 0.017 0.003 0.018 0.002 0.001 0.001 0.002 0.001 0.001 0.001 0.077 0 0.004
0.029 0.034 0.033 0.014 0.003 0.269 0.001 0.001 0.001 0 0 0.038 0.034 0 0.002 0 0.001 0 0.039 0.196 0.002 0.005 0.009 0.04 0.019 0.001 0.001 0.183 1 0.71 0.006 0.003 0.006 0.003 0.003 0.003 0 0.003 0.005 0.003 0.003 0 0.07 0.007 0.008 0.001 0.004 0.005 0.002 0.003 0.003 0.002 0.077 0.001 0 0.005 0.002 0.001 0 0.109 0.001 0.001 0.004 0.001 0 0 0 0 0 0.002 0 0 0.013 0.001 0.001
0.027 0.032 0.031 0.011 0.004 0.283 0.002 0.002 0.001 0.001 0 0.053 0.048 0 0.003 0 0.001 0.001 0.037 0.205 0.003 0.007 0.012 0.038 0.016 0.001 0.001 0.191 0.71 1 0.006 0.008 0.034 0.001 0.001 0.007 0.001 0.005 0.011 0.004 0.004 0.001 0.105 0.01 0.005 0.003 0.003 0.008 0.004 0.004 0.001 0 0.052 0.001 0.001 0.008 0 0.001 0.001 0.075 0.001 0.001 0.006 0.001 0.001 0.001 0 0 0 0 0 0 0.008 0 0.001
0.176 0.186 0.185 0.549 0.165 0.05 0.138 0.108 0.079 0.019 0.021 0.273 0.248 0.017 0.166 0.04 0.034 0.019 0.271 0.063 0.089 0.198 0.355 0.303 0.779 0.03 0.042 0.092 0.006 0.006 1 0.657 0.049 0.022 0.022 0.599 0.024 0.207 0.002 0.132 0.092 0.018 0.064 0.009 0.261 0.209 0.006 0.036 0.144 0.097 0.001 0.073 0.016 0.034 0.016 0.034 0.095 0.015 0.022 0.033 0.058 0.008 0.047 0.016 0.047 0.017 0.017 0.027 0.034 0.08 0.014 0 0 0.001 0.029
0.08 0.084 0.082 0.29 0.104 0.014 0.094 0.074 0.056 0.027 0.015 0.177 0.163 0.023 0.113 0.029 0.047 0.031 0.146 0.022 0.128 0.018 0.125 0.171 0.488 0.042 0.058 0.041 0.003 0.008 0.657 1 0.018 0.267 0.263 0.862 0.034 0.132 0.02 0.13 0.095 0.023 0.046 0.004 0.408 0.213 0 0.047 0.146 0.096 0.003 0.08 0.009 0.021 0.019 0.039 0.098 0.022 0.031 0.018 0.042 0.002 0.055 0.023 0.057 0.013 0.011 0.045 0.024 0.084 0.011 0.014 0.005 0.002 0.035
0.047 0.056 0.055 0.017 0.007 0.338 0.004 0.003 0.002 0 0 0.073 0.071 0.001 0.004 0.001 0.002 0.001 0.039 0.243 0.001 0.012 0.013 0.067 0.028 0.001 0.002 0.375 0.006 0.034 0.049 0.018 1 0.008 0.008 0.032 0.001 0.008 0.044 0.007 0.008 0.001 0.325 0.003 0.019 0.017 0.152 0.031 0.008 0.009 0.11 0 0.156 0.002 0.001 0.032 0.001 0.002 0.001 0.12 0 0.002 0.017 0.002 0.03 0.001 0.001 0.002 0.001 0 0 0 0.112 0.001 0.002
0.036 0.044 0.045 0.001 0.137 0.012 0.216 0.146 0.08 0.008 0.003 0.087 0.083 0.006 0.267 0.007 0.014 0.116 0.067 0.017 0.04 0.061 0.008 0.071 0.008 0.011 0.017 0.018 0.003 0.001 0.022 0.267 0.008 1 0.936 0.233 0.009 0.061 0.298 0.017 0.021 0.092 0.002 0.212 0.231 0.041 0.005 0.03 0.021 0.02 0.007 0.019 0.008 0 0.002 0.02 0.014 0.011 0.008 0.006 0.002 0.018 0.024 0.01 0.025 0.001 0.005 0.012 0.006 0.015 0.002 0.031 0.007 0.01 0.005
0.029 0.039 0.036 0 0.117 0.012 0.218 0.147 0.079 0.008 0.003 0.075 0.072 0.006 0.235 0.007 0.014 0.106 0.056 0.017 0.039 0.059 0.008 0.06 0.006 0.011 0.016 0.01 0.003 0.001 0.022 0.263 0.008 0.936 1 0.236 0.009 0.059 0.294 0.019 0.022 0.094 0.004 0.192 0.239 0.041 0.005 0.034 0.023 0.023 0.007 0.028 0.001 0 0.002 0.023 0.022 0.011 0.008 0 0.006 0.018 0.027 0.011 0.028 0.001 0.005 0.012 0.006 0.024 0.002 0.032 0.007 0.011 0.005
0.068 0.07 0.068 0.354 0.088 0.015 0.084 0.066 0.05 0.031 0.013 0.161 0.147 0.026 0.101 0.026 0.054 0.023 0.129 0.022 0.145 0.03 0.164 0.153 0.436 0.002 0.065 0.04 0.003 0.007 0.599 0.862 0.032 0.233 0.236 1 0.037 0.218 0.012 0.154 0.116 0.02 0.041 0 0.495 0.262 0.002 0.065 0.172 0.118 0 0.102 0.007 0.024 0.022 0.055 0.121 0.026 0.03 0.015 0.054 0.041 0.074 0.027 0.076 0.016 0.019 0.05 0.021 0.105 0.01 0.013 0.001 0.004 0.04
0.017 0.014 0.015 0.034 0.008 0.002 0.004 0.003 0.002 0.001 0.001 0.013 0.014 0.007 0.005 0.001 0.002 0.001 0.008 0.002 0.006 0.079 0.029 0.012 0.024 0.002 0.002 0.003 0 0.001 0.024 0.034 0.001 0.009 0.009 0.037 1 0.002 0.014 0.005 0.006 0.001 0.002 0.005 0.018 0.041 0.001 0.005 0.002 0.001 0.001 0.008 0.007 0.002 0.001 0.004 0.003 0.294 0.001 0.001 0.003 0.001 0.009 0.301 0.005 0.001 0.001 0.002 0.001 0.004 0 0.001 0.001 0.009 0.002
0.025 0.043 0.043 0.232 0.036 0.011 0.02 0.015 0.007 0.008 0.057 0.029 0.029 0.006 0.019 0.006 0.012 0.007 0.029 0 0.033 0.071 0.13 0.028 0.179 0.045 0.014 0 0.003 0.005 0.207 0.132 0.008 0.061 0.059 0.218 0.002 1 0.181 0.052 0.056 0.006 0.01 0.114 0.359 0.099 0 0.08 0.057 0.066 0.001 0.073 0.001 0.013 0.009 0.076 0.066 0.005 0.008 0.005 0.034 0.22 0.08 0.005 0.081 0.007 0.083 0.012 0.096 0.067 0.002 0.004 0.003 0 0.013
0.065 0.09 0.086 0.001 0.022 0.029 0.053 0.033 0.015 0.043 0.01 0.037 0.038 0.002 0.072 0.017 0.07 0.036 0.026 0.008 0.19 0 0.116 0.029 0.012 0.033 0.076 0.023 0.005 0.011 0.002 0.02 0.044 0.298 0.294 0.012 0.014 0.181 1 0.287 0.233 0.029 0.057 0.387 0.003 0.095 0 0.271 0.229 0.168 0 0.19 0.013 0.07 0.019 0.201 0.205 0.023 0.002 0.022 0.102 0.041 0.223 0.024 0.223 0.017 0.015 0.051 0.019 0.178 0.007 0.008 0 0.022 0.019
0 0 0 0.027 0.019 0.007 0.021 0.016 0.011 0.103 0.003 0.055 0.049 0.001 0.02 0.004 0.249 0.001 0.043 0.011 0.661 0.027 0.214 0.053 0.128 0.01 0.279 0.012 0.003 0.004 0.132 0.13 0.007 0.017 0.019 0.154 0.005 0.052 0.287 1 0.891 0.006 0.009 0.202 0.124 0.045 0.005 0.646 0.881 0.753 0.006 0.669 0.007 0.243 0.064 0.496 0.666 0.013 0.007 0.002 0.359 0.016 0.596 0.013 0.593 0.08 0.004 0.191 0.005 0.652 0.002 0.003 0.006 0.014 0.11
0.002 0.005 0.004 0.015 0.003 0.008 0.001 0 0 0.091 0.003 0.028 0.025 0.001 0.002 0.004 0.231 0.001 0.019 0.012 0.579 0.031 0.174 0.026 0.092 0.01 0.258 0.013 0.003 0.004 0.092 0.095 0.008 0.021 0.022 0.116 0.006 0.056 0.233 0.891 1 0.006 0.01 0.232 0.133 0.054 0.005 0.683 0.781 0.814 0.007 0.697 0.007 0.201 0.058 0.505 0.599 0.014 0.008 0.002 0.329 0.017 0.602 0.014 0.599 0.07 0.005 0.154 0.006 0.678 0.021 0.003 0.007 0.015 0.098
0.003 0.007 0.007 0.02 0.004 0.001 0.002 0.002 0.001 0.001 0 0.007 0.003 0.001 0.003 0.001 0.002 0.001 0.008 0.002 0.003 0.064 0.038 0.008 0.014 0.001 0.002 0.002 0 0.001 0.018 0.023 0.001 0.092 0.094 0.02 0.001 0.006 0.029 0.006 0.006 1 0.001 0.005 0.031 0.024 0.001 0.009 0.007 0.008 0.001 0.008 0.001 0.001 0.001 0.008 0.008 0 0.001 0.001 0.004 0.002 0.009 0 0.009 0.001 0.001 0.001 0.001 0.008 0 0 0.001 0 0.001
0.05 0.052 0.058 0.019 0.001 0.283 0.005 0.004 0.002 0 0.001 0.077 0.074 0.001 0 0.001 0.002 0.001 0.046 0.201 0.002 0.015 0.019 0.073 0.028 0.002 0.003 0.388 0.07 0.105 0.064 0.046 0.325 0.002 0.004 0.041 0.002 0.01 0.057 0.009 0.01 0.001 1 0 0.025 0.022 0.001 0.129 0.01 0.009 0.001 0.009 0.393 0.002 0.002 0.124 0.012 0.003 0.001 0.369 0.001 0.003 0.091 0.003 0.096 0.001 0.001 0.001 0.001 0.003 0 0.001 0.001 0.003 0.002
0.035 0.044 0.042 0.006 0.031 0.012 0.092 0.061 0.05 0.031 0.008 0.013 0.008 0.007 0.108 0.013 0.034 0.047 0.01 0.021 0.134 0 0.086 0.009 0.017 0.01 0.03 0.011 0.007 0.01 0.009 0.004 0.003 0.212 0.192 0 0.005 0.114 0.387 0.202 0.232 0.005 0 1 0.001 0.079 0.013 0.226 0.222 0.235 0.017 0.209 0 0.045 0.02 0.215 0.224 0.017 0.005 0 0.085 0.043 0.187 0.018 0.21 0.02 0.012 0.035 0.006 0.19 0.01 0.011 0.017 0.034 0.032
0.002 0 0 0.203 0.024 0.027 0.084 0.054 0.032 0.018 0.012 0.012 0.011 0.014 0.096 0.012 0.03 0.017 0.007 0.01 0.083 0.011 0.08 0.008 0.205 0.01 0.036 0.013 0.008 0.005 0.261 0.408 0.019 0.231 0.239 0.495 0.018 0.359 0.003 0.124 0.133 0.031 0.025 0.001 1 0.177 0.004 0.192 0.137 0.16 0.008 0.176 0.018 0.03 0.022 0.182 0.157 0.027 0.02 0.013 0.082 0.126 0.192 0.028 0.196 0.018 0.035 0.03 0.04 0.162 0.006 0.023 0.011 0.004 0.03
0.056 0.059 0.055 0.192 0.045 0.007 0.052 0.044 0.027 0.002 0.007 0.068 0.059 0.033 0.056 0 0.023 0.015 0.064 0.009 0.031 0.123 0.024 0.065 0.157 0.003 0.024 0.021 0.001 0.003 0.209 0.213 0.017 0.041 0.041 0.262 0.041 0.099 0.095 0.045 0.054 0.024 0.022 0.079 0.177 1 0.011 0.094 0.054 0.066 0.003 0.056 0.001 0.002 0 0.063 0.044 0.089 0.051 0.011 0.024 0.026 0.068 0.091 0.067 0.006 0.01 0.01 0.013 0.054 0.004 0.006 0.002 0.044 0.002
0.007 0.009 0.009 0.005 0.005 0.097 0.002 0.002 0.001 0.001 0.008 0.021 0.019 0.001 0.003 0.001 0.001 0.001 0.022 0.096 0.004 0 0.002 0.023 0.005 0.001 0.001 0.089 0.004 0.003 0.006 0 0.152 0.005 0.005 0.002 0.001 0 0 0.005 0.005 0.001 0.001 0.013 0.004 0.011 1 0.007 0.005 0.006 0.743 0.007 0.001 0.001 0.001 0.007 0.006 0.001 0.001 0 0.003 0.002 0.007 0.001 0.007 0.001 0.003 0.001 0.001 0.006 0 0 0.643 0.002 0.001
0.018 0.024 0.023 0.006 0.007 0.025 0.005 0.002 0 0.067 0.005 0.002 0.001 0.003 0.003 0.007 0.161 0 0.001 0.01 0.449 0.03 0.125 0.002 0.053 0.01 0.179 0.03 0.005 0.008 0.036 0.047 0.031 0.03 0.034 0.065 0.005 0.08 0.271 0.646 0.683 0.009 0.129 0.226 0.192 0.094 0.007 1 0.711 0.741 0.01 0.759 0.041 0.158 0.036 0.786 0.679 0.02 0.011 0.054 0.352 0.024 0.827 0.021 0.848 0.049 0.007 0.154 0.008 0.695 0.029 0.005 0.009 0.021 0.065
0 0 0 0.035 0.022 0.007 0.023 0.018 0.012 0.091 0.003 0.061 0.055 0.001 0.023 0.004 0.203 0.001 0.042 0.011 0.581 0.011 0.231 0.058 0.141 0.006 0.231 0.012 0.002 0.004 0.144 0.146 0.008 0.021 0.023 0.172 0.002 0.057 0.229 0.881 0.781 0.007 0.01 0.222 0.137 0.054 0.005 0.711 1 0.83 0.007 0.718 0.007 0.222 0.057 0.559 0.742 0.014 0.008 0.002 0.402 0.017 0.641 0.015 0.656 0.072 0.005 0.211 0.006 0.7 0.002 0.004 0.007 0.015 0.099
0.001 0.003 0.002 0.022 0.004 0.009 0.001 0 0.001 0.06 0.004 0.031 0.028 0.002 0.002 0.005 0.194 0 0.018 0.014 0.495 0.011 0.192 0.029 0.099 0.008 0.217 0.015 0.003 0.004 0.097 0.096 0.009 0.02 0.023 0.118 0.001 0.066 0.168 0.753 0.814 0.008 0.009 0.235 0.16 0.066 0.006 0.741 0.83 1 0.008 0.786 0.008 0.19 0.075 0.606 0.678 0.013 0.009 0.003 0.369 0.02 0.683 0.013 0.696 0.076 0.006 0.18 0.007 0.744 0.035 0.004 0.008 0.018 0.106
0.007 0.01 0.009 0.003 0.001 0.068 0.003 0.003 0.002 0.001 0.005 0.021 0.018 0.001 0.004 0.001 0.002 0.001 0.022 0.066 0.005 0 0.001 0.022 0.002 0.001 0.002 0.061 0.003 0.001 0.001 0.003 0.11 0.007 0.007 0 0.001 0.001 0 0.006 0.007 0.001 0.001 0.017 0.008 0.003 0.743 0.01 0.007 0.008 1 0.009 0.001 0.002 0.001 0.009 0.008 0.002 0.001 0.001 0.004 0.002 0.01 0.002 0.01 0.001 0.002 0.001 0.001 0.008 0 0 0.645 0.041 0.002
0.005 0.007 0.007 0.014 0.006 0.004 0.005 0.002 0 0.069 0.004 0.013 0.012 0.001 0.002 0.006 0.175 0 0.007 0 0.436 0.019 0.143 0.013 0.08 0.009 0.196 0 0.002 0 0.073 0.08 0 0.019 0.028 0.102 0.008 0.073 0.19 0.669 0.697 0.008 0.009 0.209 0.176 0.056 0.007 0.759 0.718 0.786 0.009 1 0.009 0.143 0.091 0.716 0.835 0.019 0.01 0.003 0.415 0.022 0.781 0.019 0.809 0.1 0.006 0.139 0.008 0.866 0.013 0.005 0.009 0.02 0.173
0.005 0.007 0.007 0 0.006 0.061 0.003 0.003 0.002 0 0 0.013 0.013 0.001 0.004 0.001 0.002 0.001 0.001 0.041 0.001 0 0 0.01 0.001 0.001 0.002 0.173 0.077 0.052 0.016 0.009 0.156 0.008 0.001 0.007 0.007 0.001 0.013 0.007 0.007 0.001 0.393 0 0.018 0.001 0.001 0.041 0.007 0.008 0.001 0.009 1 0.002 0.001 0.044 0.008 0.002 0.001 0.517 0.004 0.002 0.04 0.002 0.027 0.001 0.001 0.002 0.001 0.008 0 0 0.001 0.002 0.002
0.028 0.036 0.035 0.006 0 0.003 0.006 0.005 0.003 0.012 0.001 0.018 0.005 0.001 0.007 0.001 0.003 0.002 0.018 0.004 0.117 0.002 0.042 0.017 0.037 0.002 0.003 0.004 0.001 0.001 0.034 0.021 0.002 0 0 0.024 0.002 0.013 0.07 0.243 0.201 0.001 0.002 0.045 0.03 0.002 0.001 0.158 0.222 0.19 0.002 0.143 0.002 1 0.009 0.111 0.177 0.003 0.002 0.001 0.032 0.004 0.144 0.003 0.154 0.013 0.001 0.26 0.001 0.117 0.001 0.001 0.001 0.003 0.004
0.007 0.005 0.005 0.013 0.005 0 0.002 0.001 0.002 0.39 0.001 0.009 0.01 0 0.005 0.001 0.002 0.001 0.013 0.003 0.054 0.001 0.021 0.012 0.023 0.002 0.002 0.003 0 0.001 0.016 0.019 0.001 0.002 0.002 0.022 0.001 0.009 0.019 0.064 0.058 0.001 0.002 0.02 0.022 0 0.001 0.036 0.057 0.075 0.001 0.091 0.001 0.009 1 0.087 0.102 0.002 0.001 0.001 0.005 0.003 0.071 0.002 0.081 0.369 0.001 0 0.001 0.086 0 0.001 0.001 0.002 0.432
0.011 0.014 0.014 0.012 0.017 0.028 0.007 0.003 0.001 0.06 0.004 0.002 0.005 0.001 0.004 0.006 0.133 0 0.003 0.009 0.362 0.018 0.115 0.003 0.052 0.009 0.106 0.029 0.005 0.008 0.034 0.039 0.032 0.02 0.023 0.055 0.004 0.076 0.201 0.496 0.505 0.008 0.124 0.215 0.182 0.063 0.007 0.786 0.559 0.606 0.009 0.716 0.044 0.111 0.087 1 0.703 0.019 0.011 0.057 0.32 0.023 0.835 0.02 0.897 0.096 0.006 0.107 0.008 0.701 0.034 0.005 0.009 0.02 0.167
0.002 0.003 0.003 0.022 0.019 0.006 0.027 0.021 0.014 0.078 0.004 0.026 0.024 0 0.017 0.005 0.147 0 0.017 0 0.416 0.011 0.157 0.027 0.1 0.008 0.138 0 0.002 0 0.095 0.098 0.001 0.014 0.022 0.121 0.003 0.066 0.205 0.666 0.599 0.008 0.012 0.224 0.157 0.044 0.006 0.679 0.742 0.678 0.008 0.835 0.008 0.177 0.102 0.703 1 0.017 0.009 0.003 0.405 0.02 0.713 0.017 0.802 0.112 0.006 0.172 0.007 0.789 0.003 0.004 0.008 0.018 0.193
0.015 0.012 0.012 0.017 0.007 0.003 0.002 0.001 0.003 0.002 0 0.01 0.011 0.003 0.003 0.002 0.003 0.002 0.008 0.002 0.01 0.031 0.001 0.011 0.011 0.003 0.004 0.002 0.001 0.001 0.015 0.022 0.002 0.011 0.011 0.026 0.294 0.005 0.023 0.013 0.014 0 0.003 0.017 0.027 0.089 0.001 0.02 0.014 0.013 0.002 0.019 0.002 0.003 0.002 0.019 0.017 1 0.002 0.001 0.009 0.004 0.02 0.982 0.021 0.002 0.001 0.003 0.002 0.017 0.001 0.001 0.002 0.201 0.003
0.003 0.01 0.002 0.013 0 0.002 0.004 0.003 0.002 0.001 0 0.002 0.001 0.001 0.004 0.001 0.002 0.001 0.002 0.002 0.006 0.006 0 0.002 0.011 0.02 0.002 0.003 0 0.001 0.022 0.031 0.001 0.008 0.008 0.03 0.001 0.008 0.002 0.007 0.008 0.001 0.001 0.005 0.02 0.051 0.001 0.011 0.008 0.009 0.001 0.01 0.001 0.002 0.001 0.011 0.009 0.002 1 0.001 0.005 0.003 0.011 0.002 0.012 0.001 0.001 0.002 0.001 0.01 0 0.001 0.001 0.002 0.002
0.008 0.01 0.01 0.001 0.005 0.055 0.002 0.002 0.001 0 0 0.026 0.026 0.001 0.003 0.001 0.001 0.001 0.005 0.037 0 0.008 0.007 0.02 0.006 0.001 0.001 0.192 0.109 0.075 0.033 0.018 0.12 0.006 0 0.015 0.001 0.005 0.022 0.002 0.002 0.001 0.369 0 0.013 0.011 0 0.054 0.002 0.003 0.001 0.003 0.517 0.001 0.001 0.057 0.003 0.001 0.001 1 0 0.002 0.052 0.001 0.035 0.001 0 0 0.001 0.003 0 0 0.001 0.001 0.001
0.013 0.013 0.012 0.045 0.019 0 0.015 0.012 0.007 0 0.002 0.019 0.022 0 0.005 0.002 0.381 0.004 0.006 0.002 0.24 0.003 0.107 0.014 0.053 0.002 0.429 0.002 0.001 0.001 0.058 0.042 0 0.002 0.006 0.054 0.003 0.034 0.102 0.359 0.329 0.004 0.001 0.085 0.082 0.024 0.003 0.352 0.402 0.369 0.004 0.415 0.004 0.032 0.005 0.32 0.405 0.009 0.005 0 1 0.01 0.408 0.009 0.365 0.004 0.003 0.001 0.004 0.411 0.001 0.002 0.004 0.009 0
0.021 0.024 0.025 0.045 0.016 0.004 0.008 0.006 0.004 0.002 0.001 0.022 0.028 0.001 0.01 0.002 0.004 0.002 0.025 0.005 0.008 0.013 0.026 0.025 0.005 0.131 0.005 0.005 0.001 0.001 0.008 0.002 0.002 0.018 0.018 0.041 0.001 0.22 0.041 0.016 0.017 0.002 0.003 0.043 0.126 0.026 0.002 0.024 0.017 0.02 0.002 0.022 0.002 0.004 0.003 0.023 0.02 0.004 0.003 0.002 0.01 1 0.024 0.005 0.025 0.002 0.002 0.004 0.002 0.02 0.001 0.001 0.002 0.003 0.004
0.007 0.013 0.012 0.01 0.01 0.016 0.008 0.004 0.002 0.056 0.005 0.006 0.005 0.001 0.005 0.007 0.161 0 0.006 0.003 0.43 0.024 0.117 0.007 0.068 0.01 0.179 0.017 0.004 0.006 0.047 0.055 0.017 0.024 0.027 0.074 0.009 0.08 0.223 0.596 0.602 0.009 0.091 0.187 0.192 0.068 0.007 0.827 0.641 0.683 0.01 0.781 0.04 0.144 0.071 0.835 0.713 0.02 0.011 0.052 0.408 0.024 1 0.021 0.906 0.092 0.007 0.154 0.008 0.735 0.029 0.005 0.009 0.019 0.145
0.016 0.012 0.013 0.018 0.007 0.003 0.002 0.001 0.003 0.002 0 0.01 0.012 0.002 0.003 0.002 0.003 0.002 0.009 0.002 0.01 0.033 0.001 0.011 0.011 0.003 0.004 0.003 0.001 0.001 0.016 0.023 0.002 0.01 0.011 0.027 0.301 0.005 0.024 0.013 0.014 0 0.003 0.018 0.028 0.091 0.001 0.021 0.015 0.013 0.002 0.019 0.002 0.003 0.002 0.02 0.017 0.982 0.002 0.001 0.009 0.005 0.021 1 0.021 0.002 0.001 0.003 0.002 0.017 0.001 0.001 0.002 0.205 0.003
0.01 0.014 0.014 0.014 0.01 0.017 0.009 0.004 0.002 0.065 0.005 0.006 0.005 0.001 0.006 0.007 0.157 0 0.006 0.004 0.412 0.022 0.12 0.007 0.069 0.01 0.144 0.018 0 0.001 0.047 0.057 0.03 0.025 0.028 0.076 0.005 0.081 0.223 0.593 0.599 0.009 0.096 0.21 0.196 0.067 0.007 0.848 0.656 0.696 0.01 0.809 0.027 0.154 0.081 0.897 0.802 0.021 0.012 0.035 0.365 0.025 0.906 0.021 1 0.09 0.007 0.151 0.009 0.783 0.029 0.005 0.01 0.019 0.155
0.001 0 0 0.005 0.004 0 0.001 0.001 0.002 0.126 0 0.007 0.008 0.001 0.004 0.001 0.002 0.001 0.01 0.002 0.066 0 0.032 0.01 0.019 0.001 0.002 0.002 0 0.001 0.017 0.013 0.001 0.001 0.001 0.016 0.001 0.007 0.017 0.08 0.07 0.001 0.001 0.02 0.018 0.006 0.001 0.049 0.072 0.076 0.001 0.1 0.001 0.013 0.369 0.096 0.112 0.002 0.001 0.001 0.004 0.002 0.092 0.002 0.09 1 0.001 0.002 0.001 0.094 0 0 0.001 0.002 0.451
0.001 0.002 0.002 0.021 0 0.001 0 0 0.002 0.001 0 0.002 0.002 0.001 0 0.001 0.001 0.001 0.001 0.001 0.003 0.007 0.013 0.002 0.015 0.006 0.001 0.001 0 0 0.017 0.011 0.001 0.005 0.005 0.019 0.001 0.083 0.015 0.004 0.005 0.001 0.001 0.012 0.035 0.01 0.003 0.007 0.005 0.006 0.002 0.006 0.001 0.001 0.001 0.006 0.006 0.001 0.001 0 0.003 0.002 0.007 0.001 0.007 0.001 1 0.001 0.001 0.006 0 0 0.001 0.001 0.001
0.048 0.058 0.057 0.012 0 0 0.006 0.004 0.003 0.003 0.001 0.007 0.002 0.001 0.007 0.001 0.003 0.001 0.011 0 0.122 0.011 0.025 0.012 0.029 0.002 0.003 0.001 0 0 0.027 0.045 0.002 0.012 0.012 0.05 0.002 0.012 0.051 0.191 0.154 0.001 0.001 0.035 0.03 0.01 0.001 0.154 0.211 0.18 0.001 0.139 0.002 0.26 0 0.107 0.172 0.003 0.002 0 0.001 0.004 0.154 0.003 0.151 0.002 0.001 1 0.001 0.115 0.001 0.001 0.001 0.003 0.013
0.006 0.01 0.01 0.021 0.005 0.001 0.003 0.002 0.001 0.001 0 0.009 0.002 0.001 0.003 0.001 0 0.001 0.009 0.002 0.003 0.007 0.012 0.008 0.029 0.001 0.001 0.002 0 0 0.034 0.024 0.001 0.006 0.006 0.021 0.001 0.096 0.019 0.005 0.006 0.001 0.001 0.006 0.04 0.013 0.001 0.008 0.006 0.007 0.001 0.008 0.001 0.001 0.001 0.008 0.007 0.002 0.001 0.001 0.004 0.002 0.008 0.002 0.009 0.001 0.001 0.001 1 0.007 0 0 0.001 0.002 0.001
0.001 0.003 0.003 0.019 0.005 0.001 0.005 0.002 0.001 0.06 0.004 0.016 0.014 0 0.002 0.005 0.188 0 0.012 0.001 0.408 0.016 0.14 0.017 0.084 0.008 0.21 0.001 0.002 0 0.08 0.084 0 0.015 0.024 0.105 0.004 0.067 0.178 0.652 0.678 0.008 0.003 0.19 0.162 0.054 0.006 0.695 0.7 0.744 0.008 0.866 0.008 0.117 0.086 0.701 0.789 0.017 0.01 0.003 0.411 0.02 0.735 0.017 0.783 0.094 0.006 0.115 0.007 1 0.034 0.004 0.008 0.018 0.181
0.021 0.025 0.024 0.01 0.044 0.001 0.089 0.111 0.127 0 0 0.03 0.027 0 0.071 0 0.001 0 0.028 0.001 0.002 0.003 0.006 0.029 0.013 0 0.001 0.001 0 0 0.014 0.011 0 0.002 0.002 0.01 0 0.002 0.007 0.002 0.021 0 0 0.01 0.006 0.004 0 0.029 0.002 0.035 0 0.013 0 0.001 0 0.034 0.003 0.001 0 0 0.001 0.001 0.029 0.001 0.029 0 0 0.001 0 0.034 1 0 0 0.001 0.001
0.001 0.001 0.001 0.001 0 0.001 0.002 0.001 0.001 0 0 0.005 0.005 0 0.002 0 0.001 0.16 0 0.001 0.002 0.009 0.003 0 0 0.001 0.001 0.001 0 0 0 0.014 0 0.031 0.032 0.013 0.001 0.004 0.008 0.003 0.003 0 0.001 0.011 0.023 0.006 0 0.005 0.004 0.004 0 0.005 0 0.001 0.001 0.005 0.004 0.001 0.001 0 0.002 0.001 0.005 0.001 0.005 0 0 0.001 0 0.004 0 1 0 0.001 0.001
0.01 0.014 0.013 0.003 0.001 0.087 0.003 0.003 0.001 0.001 0.005 0.026 0.023 0.001 0.004 0.001 0.002 0.001 0.027 0.083 0.005 0 0.001 0.028 0.001 0.001 0.002 0.077 0.013 0.008 0 0.005 0.112 0.007 0.007 0.001 0.001 0.003 0 0.006 0.007 0.001 0.001 0.017 0.011 0.002 0.643 0.009 0.007 0.008 0.645 0.009 0.001 0.001 0.001 0.009 0.008 0.002 0.001 0.001 0.004 0.002 0.009 0.002 0.01 0.001 0.001 0.001 0.001 0.008 0 0 1 0.041 0.002
0.009 0.006 0.006 0.001 0.007 0 0.007 0.006 0.003 0.002 0.001 0.003 0.004 0.002 0.009 0.002 0.004 0.002 0.004 0 0.005 0.011 0 0.006 0 0.003 0.004 0 0.001 0 0.001 0.002 0.001 0.01 0.011 0.004 0.009 0 0.022 0.014 0.015 0 0.003 0.034 0.004 0.044 0.002 0.021 0.015 0.018 0.041 0.02 0.002 0.003 0.002 0.02 0.018 0.201 0.002 0.001 0.009 0.003 0.019 0.205 0.019 0.002 0.001 0.003 0.002 0.018 0.001 0.001 0.041 1 0.003
0 0 0 0.004 0.008 0 0.003 0.002 0.003 0.155 0.001 0.014 0.016 0 0.007 0.001 0.003 0.002 0.018 0.004 0.111 0.004 0.034 0.017 0.037 0.002 0.003 0.004 0.001 0.001 0.029 0.035 0.002 0.005 0.005 0.04 0.002 0.013 0.019 0.11 0.098 0.001 0.002 0.032 0.03 0.002 0.001 0.065 0.099 0.106 0.002 0.173 0.002 0.004 0.432 0.167 0.193 0.003 0.002 0.001 0 0.004 0.145 0.003 0.155 0.451 0.001 0.013 0.001 0.181 0.001 0.001 0.002 0.003 1
