1 0.829 0.857 0.396 0.405 0.128 0.238 0.194 0.095 0.021 0.042 0.54 0.502 0.009 0.221 0.082 0.021 0.008 0.588 0.169 0.002 0.148 0.121 0.607 0.293 0.01 0.02 0.163 0.053 0.042 0.232 0.132 0.059 0.034 0.025 0.1 0.025 0.022 0.08 0.001 0 0.005 0.074 0.015 0.001 0.075 0.01 0.022 0.003 0.001 0.013 0.009 0.019 0.024 0.006 0.017 0 0.009 0.011 0.022 0.011 0.017 0.012 0.011 0.019 0.004 0.006 0.024 0.001 0.005 0.023 0 0.015 0.001 0.004
0.829 1 0.955 0.392 0.436 0.151 0.281 0.229 0.112 0.017 0.05 0.625 0.584 0.007 0.228 0.098 0.018 0.007 0.652 0.2 0 0.134 0.103 0.677 0.287 0.032 0.017 0.192 0.062 0.05 0.227 0.133 0.071 0.039 0.039 0.096 0.021 0.043 0.087 0 0.002 0.015 0.06 0.019 0 0.062 0.012 0.023 0.001 0.003 0.016 0.008 0.023 0.031 0.005 0.017 0 0.007 0.011 0.027 0.013 0.029 0.017 0.009 0.021 0.003 0.012 0.024 0.009 0.005 0.028 0 0.02 0 0.003
0.857 0.955 1 0.416 0.474 0.15 0.277 0.227 0.111 0.018 0.049 0.645 0.602 0.007 0.259 0.097 0.02 0.007 0.689 0.198 0.001 0.136 0.107 0.715 0.31 0.032 0.018 0.19 0.062 0.05 0.243 0.143 0.07 0.049 0.037 0.104 0.022 0.044 0.097 0 0.002 0.016 0.087 0.025 0 0.067 0.012 0.031 0.002 0.003 0.016 0.014 0.023 0.03 0.005 0.024 0.002 0.007 0.009 0.027 0.008 0.029 0.021 0.009 0.028 0.003 0.012 0.031 0.011 0.009 0.027 0 0.019 0 0.003
0.396 0.392 0.416 1 0.212 0.048 0.123 0.101 0.049 0.039 0.022 0.257 0.278 0.017 0.116 0.048 0.045 0.006 0.279 0.068 0.026 0.306 0.331 0.301 0.591 0.001 0.038 0.064 0.027 0.019 0.512 0.34 0.02 0.006 0.003 0.428 0.049 0.232 0 0.026 0.015 0.036 0.034 0.005 0.205 0.247 0.004 0.002 0.039 0.015 0.004 0.005 0.006 0.008 0.012 0.004 0.021 0.024 0.022 0.009 0.024 0.048 0.003 0.029 0.003 0.012 0.031 0.003 0.012 0.008 0.009 0.001 0.001 0.008 0.009
0.405 0.436 0.474 0.212 1 0.015 0.471 0.421 0.2 0.009 0.005 0.49 0.439 0.004 0.475 0.189 0.01 0.003 0.49 0.02 0.03 0.076 0.125 0.519 0.237 0.017 0.008 0.02 0.006 0.007 0.192 0.141 0.009 0.14 0.107 0.109 0.011 0.05 0.026 0.016 0.001 0.009 0.001 0.06 0.008 0.035 0 0.002 0.02 0 0.003 0.001 0.006 0.003 0.002 0.002 0.013 0.006 0.004 0.006 0.006 0.013 0.002 0.007 0.002 0.002 0.006 0 0.006 0 0.054 0 0.004 0.001 0.002
0.128 0.151 0.15 0.048 0.015 1 0.008 0.006 0.003 0.003 0.001 0.148 0.136 0.001 0.009 0.003 0.003 0.001 0.156 0.711 0.01 0.016 0.03 0.148 0.077 0.005 0.004 0.67 0.413 0.366 0.056 0.023 0.506 0.014 0.012 0.018 0.003 0.016 0.052 0.006 0.007 0.003 0.39 0.015 0.035 0.017 0.028 0.058 0.007 0.009 0.014 0.005 0.21 0.002 0.001 0.036 0.007 0.003 0.002 0.233 0 0.005 0.029 0.003 0.052 0.001 0.002 0 0.002 0.002 0.001 0.001 0.018 0.002 0.001
0.238 0.281 0.277 0.123 0.471 0.008 1 0.81 0.392 0.005 0.003 0.266 0.245 0.002 0.811 0.006 0.005 0.002 0.28 0.011 0.015 0.04 0.065 0.297 0.158 0.009 0.006 0.01 0.003 0.004 0.125 0.094 0.005 0.231 0.226 0.076 0.006 0.028 0.066 0.016 0 0.005 0.006 0.133 0.064 0.04 0.002 0.001 0.018 0.001 0.003 0.001 0.003 0.003 0 0 0.022 0.002 0.003 0.003 0.01 0.005 0 0.003 0.001 0 0.003 0.007 0.003 0 0.112 0.004 0.003 0.006 0
0.194 0.229 0.227 0.101 0.421 0.006 0.81 1 0.485 0.004 0.002 0.218 0.2 0.002 0.718 0.004 0.005 0.002 0.229 0.009 0.012 0.033 0.052 0.242 0.129 0.007 0.005 0.009 0.003 0.003 0.096 0.072 0.004 0.152 0.143 0.057 0.005 0.023 0.039 0.012 0.001 0.004 0.005 0.093 0.038 0.044 0.001 0 0.014 0.003 0.002 0 0.003 0.003 0 0 0.017 0.001 0.003 0.003 0.008 0.004 0 0.002 0 0 0.002 0.005 0.002 0 0.137 0 0.002 0.005 0
0.095 0.112 0.111 0.049 0.2 0.003 0.392 0.485 1 0.002 0.001 0.109 0.101 0.001 0.362 0.002 0.002 0.001 0.116 0.004 0.007 0.016 0.028 0.123 0.066 0.004 0.003 0.004 0.001 0.001 0.067 0.051 0.002 0.067 0.053 0.043 0.002 0.01 0.014 0.008 0.002 0.002 0.003 0.047 0.015 0.026 0.001 0.003 0.008 0.008 0.001 0 0.001 0.002 0.001 0.002 0.01 0.002 0.001 0.001 0.004 0.004 0.002 0.002 0.001 0.001 0.001 0.003 0.001 0.002 0.176 0.001 0.001 0.002 0.001
0.021 0.017 0.018 0.039 0.009 0.003 0.005 0.004 0.002 1 0.001 0.003 0.004 0.001 0.005 0.002 0.002 0.001 0.004 0.004 0.257 0.014 0.063 0.016 0.029 0.003 0.002 0.004 0.001 0.001 0.028 0.035 0.001 0.008 0.007 0.042 0.002 0.01 0.066 0.226 0.2 0.001 0.002 0.062 0.023 0.002 0.001 0.129 0.2 0.119 0.001 0.158 0.001 0.023 0.229 0.124 0.17 0.002 0.001 0.001 0.005 0.003 0.139 0.002 0.126 0.19 0.001 0.049 0.001 0.125 0.001 0.001 0.001 0.002 0.134
0.042 0.05 0.049 0.022 0.005 0.001 0.003 0.002 0.001 0.001 1 0.048 0.045 0 0.003 0.001 0.001 0 0.052 0.234 0.003 0.007 0.012 0.055 0.028 0.002 0.001 0.238 0.001 0.001 0.029 0.022 0.001 0.005 0.004 0.018 0.001 0.082 0.012 0.003 0.003 0.001 0.001 0.009 0.034 0.011 0.017 0.005 0.003 0.004 0.009 0.004 0.001 0 0 0.005 0.004 0 0.001 0.001 0.002 0.002 0.005 0 0.006 0 0.001 0.001 0.001 0.004 0 0 0.009 0.003 0
0.54 0.625 0.645 0.257 0.49 0.148 0.266 0.218 0.109 0.003 0.048 1 0.866 0.007 0.276 0.109 0.012 0.001 0.765 0.195 0.036 0.112 0.169 0.793 0.365 0.025 0.011 0.189 0.061 0.07 0.296 0.225 0.07 0.077 0.062 0.183 0.022 0.035 0.064 0.024 0.006 0.009 0.087 0.019 0.002 0.058 0.012 0.003 0.031 0.006 0.016 0 0.023 0.001 0.008 0.004 0.006 0.011 0.004 0.042 0.004 0.022 0.001 0.013 0.002 0.008 0.013 0 0.011 0 0.046 0.001 0.019 0 0.008
0.502 0.584 0.602 0.278 0.439 0.136 0.245 0.2 0.101 0.004 0.045 0.866 1 0.008 0.254 0.1 0.014 0 0.715 0.191 0.041 0.109 0.172 0.743 0.342 0.01 0.013 0.174 0.056 0.065 0.269 0.215 0.064 0.093 0.078 0.191 0.024 0.033 0.057 0.032 0.011 0.007 0.08 0.015 0.004 0.052 0.011 0.001 0.04 0.011 0.014 0.001 0.021 0 0.009 0.001 0.01 0.012 0.001 0.039 0.006 0.019 0 0.015 0 0.009 0.013 0.001 0.009 0.001 0.042 0.001 0.017 0 0.009
0.009 0.007 0.007 0.017 0.004 0.001 0.002 0.002 0.001 0.001 0 0.007 0.008 1 0.002 0.001 0 0 0.007 0.002 0.001 0.045 0.031 0.007 0.007 0.001 0 0.002 0 0.001 0.013 0.016 0.001 0.004 0.004 0.02 0.02 0.004 0 0.001 0.001 0.001 0.001 0.006 0.011 0.028 0 0.003 0.002 0.002 0 0.002 0 0.001 0 0.003 0.002 0.024 0 0 0 0.001 0.002 0.021 0.003 0 0.001 0.001 0 0.002 0 0 0 0.02 0
0.221 0.228 0.259 0.116 0.475 0.009 0.811 0.718 0.362 0.005 0.003 0.276 0.254 0.002 1 0.006 0.006 0.002 0.319 0.012 0.02 0.045 0.076 0.337 0.181 0.01 0.007 0.011 0.004 0.004 0.133 0.099 0.005 0.239 0.183 0.08 0.007 0.024 0.072 0.013 0 0.005 0 0.137 0.05 0.039 0.002 0 0.016 0.001 0.003 0.001 0.004 0.004 0.003 0.001 0.008 0.003 0.003 0.004 0 0.006 0 0.003 0 0.003 0.003 0.003 0.003 0.002 0.101 0.001 0.003 0.007 0.003
0.082 0.098 0.097 0.048 0.189 0.003 0.006 0.004 0.002 0.002 0.001 0.109 0.1 0.001 0.006 1 0.002 0.001 0.116 0.004 0.007 0.017 0.028 0.122 0.056 0.004 0 0.004 0.001 0.001 0.057 0.044 0.002 0.011 0.01 0.036 0.002 0.012 0.024 0.004 0.005 0.002 0.003 0.018 0.023 0 0.004 0.009 0.005 0.006 0.001 0.007 0.001 0.002 0.001 0.009 0.006 0.002 0.001 0.001 0.001 0.004 0.008 0.002 0.01 0.001 0.002 0.003 0.001 0.007 0.001 0.001 0.001 0.002 0.001
0.021 0.018 0.02 0.045 0.01 0.003 0.005 0.005 0.002 0.002 0.001 0.012 0.014 0 0.006 0.002 1 0.001 0.019 0.004 0.305 0.016 0.077 0.018 0.028 0.003 0.802 0.004 0.001 0.001 0.016 0.028 0.002 0.01 0.009 0.036 0.002 0.004 0.049 0.204 0.186 0.002 0.002 0.039 0.017 0.014 0.001 0.113 0.167 0.157 0.001 0.141 0.001 0 0.001 0.091 0.15 0.002 0.001 0.001 0.373 0.004 0.125 0.002 0.11 0.001 0.001 0.003 0.006 0.13 0.001 0.001 0.001 0.002 0.001
0.008 0.007 0.007 0.006 0.003 0.001 0.002 0.002 0.001 0.001 0 0.001 0 0 0.002 0.001 0.001 1 0.006 0.001 0.002 0.044 0.026 0.006 0.011 0.001 0.001 0.001 0 0 0.011 0.017 0.001 0.069 0.075 0.014 0.001 0.004 0.007 0.001 0.001 0.001 0.001 0.01 0.005 0.008 0 0.002 0.001 0.001 0 0.002 0 0.001 0 0.002 0.002 0.001 0 0 0 0.001 0.002 0.001 0.003 0 0 0.001 0 0.002 0 0.286 0 0.001 0
0.588 0.652 0.689 0.279 0.49 0.156 0.28 0.229 0.116 0.004 0.052 0.765 0.715 0.007 0.319 0.116 0.019 0.006 1 0.22 0.039 0.126 0.191 0.945 0.451 0.031 0.013 0.2 0.065 0.053 0.347 0.224 0.074 0.056 0.042 0.175 0.018 0.036 0.047 0.027 0.007 0.016 0.092 0.017 0.001 0.072 0.013 0.004 0.032 0.006 0.018 0 0.025 0.012 0.008 0.001 0.006 0.009 0.009 0.044 0 0.027 0.001 0.011 0.003 0.008 0.012 0.009 0.01 0 0.029 0 0.021 0 0.008
0.169 0.2 0.198 0.068 0.02 0.711 0.011 0.009 0.004 0.004 0.234 0.195 0.191 0.002 0.012 0.004 0.004 0.001 0.22 1 0.013 0.025 0.045 0.215 0.112 0.007 0.005 0.92 0.295 0.26 0.083 0.041 0.359 0.02 0.017 0.032 0.005 0.001 0.019 0.01 0.011 0.004 0.309 0.025 0.005 0.025 0.044 0.028 0.011 0.013 0.023 0.001 0.147 0.002 0.002 0.015 0.001 0.002 0.002 0.164 0.002 0.007 0.011 0.003 0.024 0.002 0.003 0.001 0.002 0 0.002 0.001 0.027 0.004 0.002
0.002 0 0.001 0.026 0.03 0.01 0.015 0.012 0.007 0.257 0.003 0.036 0.041 0.001 0.02 0.007 0.305 0.002 0.039 0.013 1 0.04 0.23 0.057 0.099 0.011 0.295 0.013 0.004 0.005 0.073 0.103 0 0.031 0.029 0.124 0.007 0.027 0.184 0.676 0.559 0.004 0.001 0.103 0.071 0.013 0.002 0.407 0.581 0.46 0.003 0.456 0 0.17 0.058 0.356 0.454 0.006 0.004 0 0.201 0.012 0.475 0.007 0.415 0.067 0.004 0.179 0 0.37 0.003 0.003 0.003 0.001 0.049
0.148 0.134 0.136 0.306 0.076 0.016 0.04 0.033 0.016 0.014 0.007 0.112 0.109 0.045 0.045 0.017 0.016 0.044 0.126 0.025 0.04 1 0.474 0.134 0.24 0.026 0.013 0.03 0.009 0.011 0.197 0.051 0.014 0.029 0.033 0.078 0.127 0.086 0.009 0.039 0.044 0.065 0.018 0.005 0.026 0.164 0.002 0.038 0.013 0.018 0.001 0.042 0.004 0.012 0.001 0.027 0.02 0.074 0.008 0.01 0.011 0.025 0.041 0.088 0.032 0.001 0.01 0.013 0.009 0.025 0.001 0.01 0 0.033 0
0.121 0.103 0.107 0.331 0.125 0.03 0.065 0.052 0.028 0.063 0.012 0.169 0.172 0.031 0.076 0.028 0.077 0.026 0.191 0.045 0.23 0.474 1 0.226 0.398 0.044 0.083 0.051 0.016 0.018 0.313 0.154 0.013 0.002 0.004 0.211 0.053 0.131 0.066 0.184 0.134 0.038 0.019 0.04 0.092 0.052 0.005 0.093 0.213 0.149 0.003 0.103 0.003 0.038 0.021 0.092 0.142 0.013 0.014 0.007 0.059 0.043 0.081 0.019 0.082 0.025 0.016 0.039 0.005 0.1 0.004 0.004 0.001 0.001 0.019
0.607 0.677 0.715 0.301 0.519 0.148 0.297 0.242 0.123 0.016 0.055 0.793 0.743 0.007 0.337 0.122 0.018 0.006 0.945 0.215 0.057 0.134 0.226 1 0.492 0.029 0.016 0.212 0.069 0.056 0.368 0.254 0.078 0.063 0.048 0.202 0.02 0.032 0.043 0.041 0.014 0.015 0.098 0.013 0.002 0.072 0.014 0.001 0.049 0.013 0.019 0.002 0.027 0.012 0.007 0 0.013 0.011 0.008 0.047 0.003 0.026 0 0.013 0 0.008 0.012 0.009 0.01 0.001 0.031 0 0.023 0 0.007
0.293 0.287 0.31 0.591 0.237 0.077 0.158 0.129 0.066 0.029 0.028 0.365 0.342 0.007 0.181 0.056 0.028 0.011 0.451 0.112 0.099 0.24 0.398 0.492 1 0.054 0.034 0.112 0.037 0.027 0.81 0.588 0.039 0.016 0.011 0.478 0.035 0.138 0 0.092 0.054 0.026 0.049 0.002 0.176 0.193 0.015 0.016 0.107 0.057 0.004 0.031 0.01 0.023 0.014 0.019 0.057 0.023 0.017 0.022 0.018 0 0.023 0.026 0.019 0.014 0.019 0.025 0.019 0.03 0.014 0 0.001 0.006 0.014
0.01 0.032 0.032 0.001 0.017 0.005 0.009 0.007 0.004 0.003 0.002 0.025 0.01 0.001 0.01 0.004 0.003 0.001 0.031 0.007 0.011 0.026 0.044 0.029 0.054 1 0.004 0.006 0.002 0.002 0.053 0.068 0.003 0.016 0.015 0.005 0.004 0.062 0.024 0.01 0.011 0.004 0.004 0.026 0.011 0.001 0.001 0.017 0.01 0.011 0.002 0.013 0.002 0.002 0.001 0.016 0.012 0.003 0.163 0.002 0.003 0.161 0.015 0.004 0.017 0.001 0.006 0.004 0.002 0.013 0.002 0.001 0.002 0.004 0.001
0.02 0.017 0.018 0.038 0.008 0.004 0.006 0.005 0.003 0.002 0.001 0.011 0.013 0 0.007 0 0.802 0.001 0.013 0.005 0.295 0.013 0.083 0.016 0.034 0.004 1 0.005 0.001 0.002 0.022 0.035 0.002 0.012 0.011 0.045 0.003 0.006 0.053 0.227 0.207 0.002 0.003 0.039 0.021 0.014 0.001 0.125 0.187 0.175 0.001 0.156 0.001 0.001 0.001 0.082 0.15 0.002 0.001 0.002 0.419 0.004 0.138 0.003 0.108 0.001 0.002 0.003 0.004 0.146 0.001 0.001 0.001 0.003 0.001
0.163 0.192 0.19 0.064 0.02 0.67 0.01 0.009 0.004 0.004 0.238 0.189 0.174 0.002 0.011 0.004 0.004 0.001 0.2 0.92 0.013 0.03 0.051 0.212 0.112 0.006 0.005 1 0.308 0.271 0.086 0.05 0.378 0.019 0.016 0.041 0.004 0.002 0.025 0.009 0.011 0.003 0.353 0.024 0.004 0.034 0.046 0.035 0.011 0.013 0.024 0.001 0.182 0.003 0.002 0.02 0.001 0.002 0.002 0.173 0.002 0.007 0.016 0.003 0.03 0.002 0.003 0.001 0.002 0 0.002 0.002 0.029 0.004 0.002
0.053 0.062 0.062 0.027 0.006 0.413 0.003 0.003 0.001 0.001 0.001 0.061 0.056 0 0.004 0.001 0.001 0 0.065 0.295 0.004 0.009 0.016 0.069 0.037 0.002 0.001 0.308 1 0.871 0.01 0.006 0.076 0.006 0.004 0.004 0.001 0.007 0.013 0.004 0.005 0.001 0.099 0.011 0.014 0.006 0 0.009 0.005 0.006 0 0.005 0.18 0.001 0.001 0.01 0.005 0.001 0.001 0.174 0.002 0.002 0.007 0.001 0.006 0.001 0.001 0.001 0.001 0.005 0.001 0.001 0 0.001 0.001
0.042 0.05 0.05 0.019 0.007 0.366 0.004 0.003 0.001 0.001 0.001 0.07 0.065 0.001 0.004 0.001 0.001 0 0.053 0.26 0.005 0.011 0.018 0.056 0.027 0.002 0.002 0.271 0.871 1 0.006 0.009 0.07 0.001 0 0.006 0.002 0.008 0.018 0.005 0.006 0.001 0.09 0.013 0.007 0.008 0 0.007 0.006 0.006 0 0.005 0.155 0.001 0.001 0.007 0.005 0.001 0.001 0.15 0.002 0.002 0.006 0.001 0.005 0.001 0.001 0.001 0.001 0.005 0.001 0.001 0 0.001 0.001
0.232 0.227 0.243 0.512 0.192 0.056 0.125 0.096 0.067 0.028 0.029 0.296 0.269 0.013 0.133 0.057 0.016 0.011 0.347 0.083 0.073 0.197 0.313 0.368 0.81 0.053 0.022 0.086 0.01 0.006 1 0.718 0.057 0.032 0.025 0.597 0.036 0.155 0.001 0.102 0.061 0.028 0.073 0 0.225 0.217 0.015 0.013 0.117 0.064 0.003 0.035 0.028 0.024 0.012 0.015 0.062 0.028 0.018 0.039 0.023 0.001 0.018 0.031 0.015 0.014 0.02 0.024 0.035 0.034 0.015 0 0 0.012 0.012
0.132 0.133 0.143 0.34 0.141 0.023 0.094 0.072 0.051 0.035 0.022 0.225 0.215 0.016 0.099 0.044 0.028 0.017 0.224 0.041 0.103 0.051 0.154 0.254 0.588 0.068 0.035 0.05 0.006 0.009 0.718 1 0.037 0.232 0.223 0.818 0.046 0.106 0.03 0.145 0.098 0.02 0.057 0.002 0.355 0.196 0.006 0.037 0.164 0.103 0 0.068 0.021 0.03 0.017 0.034 0.102 0.036 0.024 0.022 0.037 0 0.045 0.041 0.041 0.017 0.013 0.04 0.027 0.067 0.021 0.012 0.001 0.012 0.017
0.059 0.071 0.07 0.02 0.009 0.506 0.005 0.004 0.002 0.001 0.001 0.07 0.064 0.001 0.005 0.002 0.002 0.001 0.074 0.359 0 0.014 0.013 0.078 0.039 0.003 0.002 0.378 0.076 0.07 0.057 0.037 1 0.009 0.007 0.037 0.002 0.01 0.067 0.007 0.007 0.002 0.539 0.014 0.022 0.022 0.048 0.089 0.008 0.009 0.027 0.006 0.355 0.001 0.001 0.054 0.007 0.002 0.001 0.316 0 0.003 0.048 0.002 0.086 0.001 0.001 0.002 0.001 0.006 0.001 0.001 0.027 0 0.001
0.034 0.039 0.049 0.006 0.14 0.014 0.231 0.152 0.067 0.008 0.005 0.077 0.093 0.004 0.239 0.011 0.01 0.069 0.056 0.02 0.031 0.029 0.002 0.063 0.016 0.016 0.012 0.019 0.006 0.001 0.032 0.232 0.009 1 0.914 0.191 0.011 0.055 0.3 0.034 0.037 0.114 0.001 0.19 0.225 0.019 0.003 0.041 0.039 0.04 0.005 0.03 0.006 0.007 0.004 0.03 0.028 0.009 0.006 0.006 0.007 0.012 0.042 0.006 0.042 0.004 0.007 0.007 0.005 0.03 0 0.036 0.005 0.002 0.004
0.025 0.039 0.037 0.003 0.107 0.012 0.226 0.143 0.053 0.007 0.004 0.062 0.078 0.004 0.183 0.01 0.009 0.075 0.042 0.017 0.029 0.033 0.004 0.048 0.011 0.015 0.011 0.016 0.004 0 0.025 0.223 0.007 0.914 1 0.185 0.01 0.051 0.284 0.031 0.034 0.124 0.011 0.171 0.247 0.017 0.003 0.056 0.035 0.04 0.005 0.045 0.005 0.007 0.004 0.043 0.041 0.009 0.005 0.006 0.016 0.011 0.05 0.01 0.057 0.004 0.007 0.011 0.005 0.044 0 0.039 0.005 0.004 0.004
0.1 0.096 0.104 0.428 0.109 0.018 0.076 0.057 0.043 0.042 0.018 0.183 0.191 0.02 0.08 0.036 0.036 0.014 0.175 0.032 0.124 0.078 0.211 0.202 0.478 0.005 0.045 0.041 0.004 0.006 0.597 0.818 0.037 0.191 0.185 1 0.055 0.229 0.012 0.173 0.121 0.015 0.047 0 0.469 0.253 0.009 0.057 0.196 0.129 0 0.091 0.017 0.037 0.021 0.052 0.13 0.044 0.01 0.018 0.046 0.041 0.065 0.049 0.062 0.021 0.028 0.05 0.023 0.089 0.018 0.009 0 0.017 0.02
0.025 0.021 0.022 0.049 0.011 0.003 0.006 0.005 0.002 0.002 0.001 0.022 0.024 0.02 0.007 0.002 0.002 0.001 0.018 0.005 0.007 0.127 0.053 0.02 0.035 0.004 0.003 0.004 0.001 0.002 0.036 0.046 0.002 0.011 0.01 0.055 1 0.013 0.011 0.003 0.004 0.002 0.003 0.002 0.028 0.023 0.001 0 0.002 0.001 0.001 0.006 0.001 0.002 0.001 0 0.001 0.263 0.001 0.001 0 0.003 0.007 0.297 0 0.001 0.002 0.003 0.001 0.001 0.001 0.001 0.001 0.014 0.001
0.022 0.043 0.044 0.232 0.05 0.016 0.028 0.023 0.01 0.01 0.082 0.035 0.033 0.004 0.024 0.012 0.004 0.004 0.036 0.001 0.027 0.086 0.131 0.032 0.138 0.062 0.006 0.002 0.007 0.008 0.155 0.106 0.01 0.055 0.051 0.229 0.013 1 0.149 0.039 0.042 0.01 0.008 0.095 0.41 0.122 0.003 0.069 0.044 0.05 0 0.055 0.007 0.008 0.005 0.065 0.052 0.009 0.007 0.007 0.02 0.213 0.062 0.01 0.071 0.005 0.124 0.014 0.099 0.054 0.004 0.005 0.001 0.002 0.005
0.08 0.087 0.097 0 0.026 0.052 0.066 0.039 0.014 0.066 0.012 0.064 0.057 0 0.072 0.024 0.049 0.007 0.047 0.019 0.184 0.009 0.066 0.043 0 0.024 0.053 0.025 0.013 0.018 0.001 0.03 0.067 0.3 0.284 0.012 0.011 0.149 1 0.271 0.207 0.062 0.075 0.353 0.005 0.067 0 0.267 0.211 0.15 0.002 0.233 0.034 0.055 0.028 0.228 0.245 0.012 0.015 0.031 0.093 0.039 0.237 0.015 0.242 0.027 0.02 0.079 0.015 0.182 0.004 0.011 0.002 0.006 0.02
0.001 0 0 0.026 0.016 0.006 0.016 0.012 0.008 0.226 0.003 0.024 0.032 0.001 0.013 0.004 0.204 0.001 0.027 0.01 0.676 0.039 0.184 0.041 0.092 0.01 0.227 0.009 0.004 0.005 0.102 0.145 0.007 0.034 0.031 0.173 0.003 0.039 0.271 1 0.847 0.007 0.009 0.187 0.098 0.022 0.002 0.572 0.869 0.708 0.004 0.691 0.004 0.203 0.094 0.499 0.697 0.007 0.004 0.001 0.289 0.013 0.589 0.008 0.54 0.105 0.005 0.267 0.004 0.589 0.003 0.003 0.004 0.008 0.084
0 0.002 0.002 0.015 0.001 0.007 0 0.001 0.002 0.2 0.003 0.006 0.011 0.001 0 0.005 0.186 0.001 0.007 0.011 0.559 0.044 0.134 0.014 0.054 0.011 0.207 0.011 0.005 0.006 0.061 0.098 0.007 0.037 0.034 0.121 0.004 0.042 0.207 0.847 1 0.007 0.009 0.224 0.107 0.03 0.003 0.604 0.731 0.78 0.004 0.698 0.005 0.135 0.086 0.538 0.61 0.008 0.005 0.001 0.258 0.015 0.631 0.009 0.576 0.094 0.006 0.197 0.004 0.652 0.032 0.004 0.004 0.009 0.075
0.005 0.015 0.016 0.036 0.009 0.003 0.005 0.004 0.002 0.001 0.001 0.009 0.007 0.001 0.005 0.002 0.002 0.001 0.016 0.004 0.004 0.065 0.038 0.015 0.026 0.004 0.002 0.003 0.001 0.001 0.028 0.02 0.002 0.114 0.124 0.015 0.002 0.01 0.062 0.007 0.007 1 0.002 0.001 0.014 0.033 0.001 0.011 0.007 0.008 0.001 0.009 0.001 0.001 0.001 0.004 0.009 0.002 0.001 0.001 0.004 0.003 0.01 0.002 0.012 0.001 0.001 0.002 0.001 0.009 0.009 0.001 0.001 0.001 0.001
0.074 0.06 0.087 0.034 0.001 0.39 0.006 0.005 0.003 0.002 0.001 0.087 0.08 0.001 0 0.003 0.002 0.001 0.092 0.309 0.001 0.018 0.019 0.098 0.049 0.004 0.003 0.353 0.099 0.09 0.073 0.057 0.539 0.001 0.011 0.047 0.003 0.008 0.075 0.009 0.009 0.002 1 0.003 0.025 0.028 0.001 0.162 0.01 0.008 0.001 0.026 0.436 0.002 0.001 0.12 0.028 0.002 0.001 0.344 0.006 0.004 0.088 0.002 0.15 0.001 0.002 0 0.001 0.018 0.001 0.001 0.001 0.003 0.001
0.015 0.019 0.025 0.005 0.06 0.015 0.133 0.093 0.047 0.062 0.009 0.019 0.015 0.006 0.137 0.018 0.039 0.01 0.017 0.025 0.103 0.005 0.04 0.013 0.002 0.026 0.039 0.024 0.011 0.013 0 0.002 0.014 0.19 0.171 0 0.002 0.095 0.353 0.187 0.224 0.001 0.003 1 0.005 0.054 0.007 0.191 0.217 0.247 0.011 0.206 0.01 0.037 0.029 0.198 0.213 0.016 0.001 0.005 0.091 0.039 0.164 0.018 0.186 0.029 0.016 0.042 0.001 0.224 0.014 0.016 0.011 0.013 0.027
0.001 0 0 0.205 0.008 0.035 0.064 0.038 0.015 0.023 0.034 0.002 0.004 0.011 0.05 0.023 0.017 0.005 0.001 0.005 0.071 0.026 0.092 0.002 0.176 0.011 0.021 0.004 0.014 0.007 0.225 0.355 0.022 0.225 0.247 0.469 0.028 0.41 0.005 0.098 0.107 0.014 0.025 0.005 1 0.184 0 0.171 0.111 0.126 0.002 0.139 0.016 0.02 0.011 0.162 0.13 0.023 0.015 0.017 0.053 0.136 0.156 0.026 0.176 0.012 0.052 0.033 0.042 0.137 0.012 0.024 0.007 0.008 0.011
0.075 0.062 0.067 0.247 0.035 0.017 0.04 0.044 0.026 0.002 0.011 0.058 0.052 0.028 0.039 0 0.014 0.008 0.072 0.025 0.013 0.164 0.052 0.072 0.193 0.001 0.014 0.034 0.006 0.008 0.217 0.196 0.022 0.019 0.017 0.253 0.023 0.122 0.067 0.022 0.03 0.033 0.028 0.054 0.184 1 0.008 0.072 0.03 0.039 0.003 0.043 0.009 0.002 0 0.053 0.037 0.047 0.027 0.015 0.034 0.043 0.048 0.056 0.058 0.002 0.015 0 0.013 0.048 0.003 0.006 0 0.022 0.001
0.01 0.012 0.012 0.004 0 0.028 0.002 0.001 0.001 0.001 0.017 0.012 0.011 0 0.002 0.004 0.001 0 0.013 0.044 0.002 0.002 0.005 0.014 0.015 0.001 0.001 0.046 0 0 0.015 0.006 0.048 0.003 0.003 0.009 0.001 0.003 0 0.002 0.003 0.001 0.001 0.007 0 0.008 1 0.004 0.003 0.003 0.632 0.003 0 0 0 0.004 0.003 0.001 0 0 0.001 0.001 0.004 0.001 0.004 0 0.013 0.001 0 0.003 0 0 0.397 0.028 0
0.022 0.023 0.031 0.002 0.002 0.058 0.001 0 0.003 0.129 0.005 0.003 0.001 0.003 0 0.009 0.113 0.002 0.004 0.028 0.407 0.038 0.093 0.001 0.016 0.017 0.125 0.035 0.009 0.007 0.013 0.037 0.089 0.041 0.056 0.057 0 0.069 0.267 0.572 0.604 0.011 0.162 0.191 0.171 0.072 0.004 1 0.646 0.705 0.007 0.761 0.075 0.116 0.053 0.854 0.727 0.012 0.007 0.071 0.268 0.023 0.816 0.014 0.928 0.059 0.009 0.192 0.007 0.749 0.043 0.006 0.007 0.014 0.049
0.003 0.001 0.002 0.039 0.02 0.007 0.018 0.014 0.008 0.2 0.003 0.031 0.04 0.002 0.016 0.005 0.167 0.001 0.032 0.011 0.581 0.013 0.213 0.049 0.107 0.01 0.187 0.011 0.005 0.006 0.117 0.164 0.008 0.039 0.035 0.196 0.002 0.044 0.211 0.869 0.731 0.007 0.01 0.217 0.111 0.03 0.003 0.646 1 0.808 0.004 0.682 0.005 0.179 0.083 0.575 0.794 0.008 0.005 0.001 0.304 0.015 0.58 0.009 0.612 0.093 0.006 0.263 0.005 0.669 0.004 0.004 0.004 0.009 0.078
0.001 0.003 0.003 0.015 0 0.009 0.001 0.003 0.008 0.119 0.004 0.006 0.011 0.002 0.001 0.006 0.157 0.001 0.006 0.013 0.46 0.018 0.149 0.013 0.057 0.011 0.175 0.013 0.006 0.006 0.064 0.103 0.009 0.04 0.04 0.129 0.001 0.05 0.15 0.708 0.78 0.008 0.008 0.247 0.126 0.039 0.003 0.705 0.808 1 0.005 0.725 0.006 0.158 0.074 0.645 0.658 0.008 0.005 0.002 0.288 0.017 0.652 0.009 0.677 0.033 0.007 0.231 0.005 0.737 0.061 0.004 0.005 0.01 0.07
0.013 0.016 0.016 0.004 0.003 0.014 0.003 0.002 0.001 0.001 0.009 0.016 0.014 0 0.003 0.001 0.001 0 0.018 0.023 0.003 0.001 0.003 0.019 0.004 0.002 0.001 0.024 0 0 0.003 0 0.027 0.005 0.005 0 0.001 0 0.002 0.004 0.004 0.001 0.001 0.011 0.002 0.003 0.632 0.007 0.004 0.005 1 0.005 0.001 0.001 0 0.006 0.005 0.001 0.001 0.001 0.002 0.002 0.006 0.001 0.007 0 0.007 0.001 0.001 0.005 0 0 0.638 0.11 0
0.009 0.008 0.014 0.005 0.001 0.005 0.001 0 0 0.158 0.004 0 0.001 0.002 0.001 0.007 0.141 0.002 0 0.001 0.456 0.042 0.103 0.002 0.031 0.013 0.156 0.001 0.005 0.005 0.035 0.068 0.006 0.03 0.045 0.091 0.006 0.055 0.233 0.691 0.698 0.009 0.026 0.206 0.139 0.043 0.003 0.761 0.682 0.725 0.005 1 0.006 0.132 0.073 0.668 0.813 0.01 0.006 0.002 0.335 0.019 0.725 0.011 0.758 0.084 0.008 0.225 0.006 0.821 0.021 0.005 0.006 0.012 0.081
0.019 0.023 0.023 0.006 0.006 0.21 0.003 0.003 0.001 0.001 0.001 0.023 0.021 0 0.004 0.001 0.001 0 0.025 0.147 0 0.004 0.003 0.027 0.01 0.002 0.001 0.182 0.18 0.155 0.028 0.021 0.355 0.006 0.005 0.017 0.001 0.007 0.034 0.004 0.005 0.001 0.436 0.01 0.016 0.009 0 0.075 0.005 0.006 0.001 0.006 1 0.001 0.001 0.08 0.006 0.001 0.001 0.645 0.002 0.002 0.074 0.001 0.067 0.001 0.001 0.002 0.001 0.006 0.001 0.001 0.001 0.001 0.001
0.024 0.031 0.03 0.008 0.003 0.002 0.003 0.003 0.002 0.023 0 0.001 0 0.001 0.004 0.002 0 0.001 0.012 0.002 0.17 0.012 0.038 0.012 0.023 0.002 0.001 0.003 0.001 0.001 0.024 0.03 0.001 0.007 0.007 0.037 0.002 0.008 0.055 0.203 0.135 0.001 0.002 0.037 0.02 0.002 0 0.116 0.179 0.158 0.001 0.132 0.001 1 0.001 0.104 0.124 0.001 0.001 0.001 0 0.003 0.115 0.002 0.113 0.001 0.001 0.44 0.001 0.084 0.001 0.001 0.001 0.002 0.001
0.006 0.005 0.005 0.012 0.002 0.001 0 0 0.001 0.229 0 0.008 0.009 0 0.003 0.001 0.001 0 0.008 0.002 0.058 0.001 0.021 0.007 0.014 0.001 0.001 0.002 0.001 0.001 0.012 0.017 0.001 0.004 0.004 0.021 0.001 0.005 0.028 0.094 0.086 0.001 0.001 0.029 0.011 0 0 0.053 0.083 0.074 0 0.073 0.001 0.001 1 0.063 0.078 0.001 0 0.001 0.002 0.002 0.062 0.001 0.057 0.324 0.001 0.002 0 0.054 0 0 0 0.001 0.63
0.017 0.017 0.024 0.004 0.002 0.036 0 0 0.002 0.124 0.005 0.004 0.001 0.003 0.001 0.009 0.091 0.002 0.001 0.015 0.356 0.027 0.092 0 0.019 0.016 0.082 0.02 0.01 0.007 0.015 0.034 0.054 0.03 0.043 0.052 0 0.065 0.228 0.499 0.538 0.004 0.12 0.198 0.162 0.053 0.004 0.854 0.575 0.645 0.006 0.668 0.08 0.104 0.063 1 0.644 0.012 0.007 0.076 0.221 0.022 0.805 0.013 0.875 0.072 0.009 0.184 0.007 0.686 0.074 0.005 0.006 0.013 0.07
0 0 0.002 0.021 0.013 0.007 0.022 0.017 0.01 0.17 0.004 0.006 0.01 0.002 0.008 0.006 0.15 0.002 0.006 0.001 0.454 0.02 0.142 0.013 0.057 0.012 0.15 0.001 0.005 0.005 0.062 0.102 0.007 0.028 0.041 0.13 0.001 0.052 0.245 0.697 0.61 0.009 0.028 0.213 0.13 0.037 0.003 0.727 0.794 0.658 0.005 0.813 0.006 0.124 0.078 0.644 1 0.009 0.006 0.001 0.345 0.018 0.595 0.01 0.737 0.09 0.007 0.224 0.005 0.805 0.004 0.004 0.005 0.011 0.087
0.009 0.007 0.007 0.024 0.006 0.003 0.002 0.001 0.002 0.002 0 0.011 0.012 0.024 0.003 0.002 0.002 0.001 0.009 0.002 0.006 0.074 0.013 0.011 0.023 0.003 0.002 0.002 0.001 0.001 0.028 0.036 0.002 0.009 0.009 0.044 0.263 0.009 0.012 0.007 0.008 0.002 0.002 0.016 0.023 0.047 0.001 0.012 0.008 0.008 0.001 0.01 0.001 0.001 0.001 0.012 0.009 1 0.001 0.001 0.004 0.003 0.011 0.889 0.013 0.001 0.001 0.002 0.001 0.01 0.001 0.001 0.001 0.087 0.001
0.011 0.011 0.009 0.022 0.004 0.002 0.003 0.003 0.001 0.001 0.001 0.004 0.001 0 0.003 0.001 0.001 0 0.009 0.002 0.004 0.008 0.014 0.008 0.017 0.163 0.001 0.002 0.001 0.001 0.018 0.024 0.001 0.006 0.005 0.01 0.001 0.007 0.015 0.004 0.005 0.001 0.001 0.001 0.015 0.027 0 0.007 0.005 0.005 0.001 0.006 0.001 0.001 0 0.007 0.006 0.001 1 0.001 0.002 0.002 0.007 0.001 0.008 0.001 0.001 0.001 0.001 0.006 0.001 0.001 0.001 0.001 0
0.022 0.027 0.027 0.009 0.006 0.233 0.003 0.003 0.001 0.001 0.001 0.042 0.039 0 0.004 0.001 0.001 0 0.044 0.164 0 0.01 0.007 0.047 0.022 0.002 0.002 0.173 0.174 0.15 0.039 0.022 0.316 0.006 0.006 0.018 0.001 0.007 0.031 0.001 0.001 0.001 0.344 0.005 0.017 0.015 0 0.071 0.001 0.002 0.001 0.002 0.645 0.001 0.001 0.076 0.001 0.001 0.001 1 0.001 0.002 0.07 0.001 0.063 0.001 0.001 0 0.001 0.002 0.001 0.001 0.001 0.001 0.001
0.011 0.013 0.008 0.024 0.006 0 0.01 0.008 0.004 0.005 0.002 0.004 0.006 0 0 0.001 0.373 0 0 0.002 0.201 0.011 0.059 0.003 0.018 0.003 0.419 0.002 0.002 0.002 0.023 0.037 0 0.007 0.016 0.046 0 0.02 0.093 0.289 0.258 0.004 0.006 0.091 0.053 0.034 0.001 0.268 0.304 0.288 0.002 0.335 0.002 0 0.002 0.221 0.345 0.004 0.002 0.001 1 0.007 0.283 0.004 0.257 0.002 0.003 0.003 0.002 0.308 0.002 0.002 0.002 0.004 0
0.017 0.029 0.029 0.048 0.013 0.005 0.005 0.004 0.004 0.003 0.002 0.022 0.019 0.001 0.006 0.004 0.004 0.001 0.027 0.007 0.012 0.025 0.043 0.026 0 0.161 0.004 0.007 0.002 0.002 0.001 0 0.003 0.012 0.011 0.041 0.003 0.213 0.039 0.013 0.015 0.003 0.004 0.039 0.136 0.043 0.001 0.023 0.015 0.017 0.002 0.019 0.002 0.003 0.002 0.022 0.018 0.003 0.002 0.002 0.007 1 0.021 0.004 0.024 0.002 0.003 0.005 0.002 0.019 0.002 0.002 0.002 0 0.002
0.012 0.017 0.021 0.003 0.002 0.029 0 0 0.002 0.139 0.005 0.001 0 0.002 0 0.008 0.125 0.002 0.001 0.011 0.475 0.041 0.081 0 0.023 0.015 0.138 0.016 0.007 0.006 0.018 0.045 0.048 0.042 0.05 0.065 0.007 0.062 0.237 0.589 0.631 0.01 0.088 0.164 0.156 0.048 0.004 0.816 0.58 0.652 0.006 0.725 0.074 0.115 0.062 0.805 0.595 0.011 0.007 0.07 0.283 0.021 1 0.013 0.861 0.075 0.009 0.211 0.007 0.641 0.048 0.005 0.006 0.005 0.07
0.011 0.009 0.009 0.029 0.007 0.003 0.003 0.002 0.002 0.002 0 0.013 0.015 0.021 0.003 0.002 0.002 0.001 0.011 0.003 0.007 0.088 0.019 0.013 0.026 0.004 0.003 0.003 0.001 0.001 0.031 0.041 0.002 0.006 0.01 0.049 0.297 0.01 0.015 0.008 0.009 0.002 0.002 0.018 0.026 0.056 0.001 0.014 0.009 0.009 0.001 0.011 0.001 0.002 0.001 0.013 0.01 0.889 0.001 0.001 0.004 0.004 0.013 1 0.014 0.001 0.002 0.003 0.001 0.011 0.001 0.001 0.001 0.1 0.001
0.019 0.021 0.028 0.003 0.002 0.052 0.001 0 0.001 0.126 0.006 0.002 0 0.003 0 0.01 0.11 0.003 0.003 0.024 0.415 0.032 0.082 0 0.019 0.017 0.108 0.03 0.006 0.005 0.015 0.041 0.086 0.042 0.057 0.062 0 0.071 0.242 0.54 0.576 0.012 0.15 0.186 0.176 0.058 0.004 0.928 0.612 0.677 0.007 0.758 0.067 0.113 0.057 0.875 0.737 0.013 0.008 0.063 0.257 0.024 0.861 0.014 1 0.066 0.01 0.187 0.007 0.762 0.042 0.006 0.007 0.006 0.064
0.004 0.003 0.003 0.012 0.002 0.001 0 0 0.001 0.19 0 0.008 0.009 0 0.003 0.001 0.001 0 0.008 0.002 0.067 0.001 0.025 0.008 0.014 0.001 0.001 0.002 0.001 0.001 0.014 0.017 0.001 0.004 0.004 0.021 0.001 0.005 0.027 0.105 0.094 0.001 0.001 0.029 0.012 0.002 0 0.059 0.093 0.033 0 0.084 0.001 0.001 0.324 0.072 0.09 0.001 0.001 0.001 0.002 0.002 0.075 0.001 0.066 1 0.001 0.001 0 0.063 0 0 0 0.001 0.407
0.006 0.012 0.012 0.031 0.006 0.002 0.003 0.002 0.001 0.001 0.001 0.013 0.013 0.001 0.003 0.002 0.001 0 0.012 0.003 0.004 0.01 0.016 0.012 0.019 0.006 0.002 0.003 0.001 0.001 0.02 0.013 0.001 0.007 0.007 0.028 0.002 0.124 0.02 0.005 0.006 0.001 0.002 0.016 0.052 0.015 0.013 0.009 0.006 0.007 0.007 0.008 0.001 0.001 0.001 0.009 0.007 0.001 0.001 0.001 0.003 0.003 0.009 0.002 0.01 0.001 1 0.002 0.001 0.008 0.001 0.001 0.001 0.002 0.001
0.024 0.024 0.031 0.003 0 0 0.007 0.005 0.003 0.049 0.001 0 0.001 0.001 0.003 0.003 0.003 0.001 0.009 0.001 0.179 0.013 0.039 0.009 0.025 0.004 0.003 0.001 0.001 0.001 0.024 0.04 0.002 0.007 0.011 0.05 0.003 0.014 0.079 0.267 0.197 0.002 0 0.042 0.033 0 0.001 0.192 0.263 0.231 0.001 0.225 0.002 0.44 0.002 0.184 0.224 0.002 0.001 0 0.003 0.005 0.211 0.003 0.187 0.001 0.002 1 0.001 0.184 0.001 0.001 0.001 0.003 0.001
0.001 0.009 0.011 0.012 0.006 0.002 0.003 0.002 0.001 0.001 0.001 0.011 0.009 0 0.003 0.001 0.006 0 0.01 0.002 0 0.009 0.005 0.01 0.019 0.002 0.004 0.002 0.001 0.001 0.035 0.027 0.001 0.005 0.005 0.023 0.001 0.099 0.015 0.004 0.004 0.001 0.001 0.001 0.042 0.013 0 0.007 0.005 0.005 0.001 0.006 0.001 0.001 0 0.007 0.005 0.001 0.001 0.001 0.002 0.002 0.007 0.001 0.007 0 0.001 0.001 1 0.006 0.001 0 0.001 0.001 0
0.005 0.005 0.009 0.008 0 0.002 0 0 0.002 0.125 0.004 0 0.001 0.002 0.002 0.007 0.13 0.002 0 0 0.37 0.025 0.1 0.001 0.03 0.013 0.146 0 0.005 0.005 0.034 0.067 0.006 0.03 0.044 0.089 0.001 0.054 0.182 0.589 0.652 0.009 0.018 0.224 0.137 0.048 0.003 0.749 0.669 0.737 0.005 0.821 0.006 0.084 0.054 0.686 0.805 0.01 0.006 0.002 0.308 0.019 0.641 0.011 0.762 0.063 0.008 0.184 0.006 1 0.045 0.005 0.005 0.011 0.061
0.023 0.028 0.027 0.009 0.054 0.001 0.112 0.137 0.176 0.001 0 0.046 0.042 0 0.101 0.001 0.001 0 0.029 0.002 0.003 0.001 0.004 0.031 0.014 0.002 0.001 0.002 0.001 0.001 0.015 0.021 0.001 0 0 0.018 0.001 0.004 0.004 0.003 0.032 0.009 0.001 0.014 0.012 0.003 0 0.043 0.004 0.061 0 0.021 0.001 0.001 0 0.074 0.004 0.001 0.001 0.001 0.002 0.002 0.048 0.001 0.042 0 0.001 0.001 0.001 0.045 1 0 0 0.001 0
0 0 0 0.001 0 0.001 0.004 0 0.001 0.001 0 0.001 0.001 0 0.001 0.001 0.001 0.286 0 0.001 0.003 0.01 0.004 0 0 0.001 0.001 0.002 0.001 0.001 0 0.012 0.001 0.036 0.039 0.009 0.001 0.005 0.011 0.003 0.004 0.001 0.001 0.016 0.024 0.006 0 0.006 0.004 0.004 0 0.005 0.001 0.001 0 0.005 0.004 0.001 0.001 0.001 0.002 0.002 0.005 0.001 0.006 0 0.001 0.001 0 0.005 0 1 0 0.001 0
0.015 0.02 0.019 0.001 0.004 0.018 0.003 0.002 0.001 0.001 0.009 0.019 0.017 0 0.003 0.001 0.001 0 0.021 0.027 0.003 0 0.001 0.023 0.001 0.002 0.001 0.029 0 0 0 0.001 0.027 0.005 0.005 0 0.001 0.001 0.002 0.004 0.004 0.001 0.001 0.011 0.007 0 0.397 0.007 0.004 0.005 0.638 0.006 0.001 0.001 0 0.006 0.005 0.001 0.001 0.001 0.002 0.002 0.006 0.001 0.007 0 0.001 0.001 0.001 0.005 0 0 1 0.154 0
0.001 0 0 0.008 0.001 0.002 0.006 0.005 0.002 0.002 0.003 0 0 0.02 0.007 0.002 0.002 0.001 0 0.004 0.001 0.033 0.001 0 0.006 0.004 0.003 0.004 0.001 0.001 0.012 0.012 0 0.002 0.004 0.017 0.014 0.002 0.006 0.008 0.009 0.001 0.003 0.013 0.008 0.022 0.028 0.014 0.009 0.01 0.11 0.012 0.001 0.002 0.001 0.013 0.011 0.087 0.001 0.001 0.004 0 0.005 0.1 0.006 0.001 0.002 0.003 0.001 0.011 0.001 0.001 0.154 1 0.001
0.004 0.003 0.003 0.009 0.002 0.001 0 0 0.001 0.134 0 0.008 0.009 0 0.003 0.001 0.001 0 0.008 0.002 0.049 0 0.019 0.007 0.014 0.001 0.001 0.002 0.001 0.001 0.012 0.017 0.001 0.004 0.004 0.02 0.001 0.005 0.02 0.084 0.075 0.001 0.001 0.027 0.011 0.001 0 0.049 0.078 0.07 0 0.081 0.001 0.001 0.63 0.07 0.087 0.001 0 0.001 0 0.002 0.07 0.001 0.064 0.407 0.001 0.001 0 0.061 0 0 0 0.001 1
