1 0.85 0.881 0.444 0.33 0.118 0.224 0.205 0.099 0.012 0.063 0.47 0.45 0.002 0.21 0.066 0.03 0.009 0.565 0.177 0 0.105 0.081 0.583 0.279 0.006 0.032 0.153 0.061 0.039 0.231 0.12 0.025 0.046 0.024 0.101 0.016 0.008 0.067 0 0 0.006 0.058 0.04 0.006 0.079 0.041 0.019 0 0 0.033 0.006 0.018 0.042 0.009 0.026 0.002 0.013 0.004 0.027 0.011 0.005 0.013 0.014 0.018 0.002 0.001 0.046 0.001 0.002 0.018 0.007 0.044 0.005 0.002
0.85 1 0.961 0.41 0.34 0.138 0.263 0.24 0.116 0.01 0.073 0.523 0.499 0.001 0.221 0.078 0.026 0.008 0.59 0.207 0 0.099 0.067 0.632 0.272 0.024 0.027 0.182 0.072 0.047 0.235 0.126 0.031 0.053 0.036 0.088 0.014 0.027 0.086 0 0.003 0.01 0.049 0.049 0.001 0.064 0.049 0.02 0 0.001 0.041 0.005 0.023 0.051 0.007 0.028 0.001 0.01 0.007 0.033 0.019 0.028 0.019 0.011 0.019 0.001 0.005 0.054 0.005 0.003 0.021 0.005 0.053 0.003 0.001
0.881 0.961 1 0.428 0.379 0.134 0.255 0.232 0.113 0.01 0.071 0.551 0.525 0.001 0.241 0.076 0.027 0.008 0.625 0.201 0 0.103 0.072 0.669 0.29 0.025 0.028 0.175 0.069 0.045 0.239 0.128 0.029 0.06 0.033 0.089 0.014 0.027 0.089 0 0.002 0.01 0.068 0.052 0.001 0.066 0.047 0.024 0 0 0.039 0.008 0.022 0.049 0.007 0.033 0.003 0.011 0.003 0.032 0.013 0.029 0.017 0.012 0.023 0.001 0.005 0.055 0.005 0.005 0.02 0.005 0.051 0.003 0.001
0.444 0.41 0.428 1 0.193 0.046 0.114 0.104 0.051 0.029 0.032 0.214 0.218 0.008 0.136 0.036 0.06 0.019 0.28 0.075 0.019 0.26 0.283 0.312 0.6 0.005 0.059 0.058 0.031 0.015 0.556 0.312 0.007 0.003 0 0.375 0.032 0.268 0.001 0.027 0.017 0.028 0.023 0.001 0.204 0.203 0.017 0.005 0.033 0.022 0.012 0.007 0.004 0.016 0.006 0 0.012 0.032 0.012 0.005 0.046 0.065 0.004 0.034 0.003 0.002 0.027 0.011 0.013 0.012 0.008 0.015 0.017 0.013 0.005
0.33 0.34 0.379 0.193 1 0.012 0.418 0.385 0.149 0.009 0.006 0.44 0.414 0.005 0.523 0.16 0.013 0.004 0.517 0.017 0.034 0.069 0.122 0.535 0.266 0.012 0.014 0.02 0.006 0.008 0.23 0.16 0.005 0.164 0.099 0.135 0.007 0.027 0.029 0.03 0.01 0.008 0.005 0.051 0.021 0.05 0.012 0.006 0.033 0.015 0.011 0.003 0.007 0.008 0.009 0.006 0.013 0.005 0.001 0.007 0.004 0.015 0.01 0.006 0.007 0.006 0.006 0.004 0.003 0.002 0.022 0.001 0.01 0.011 0.008
0.118 0.138 0.134 0.046 0.012 1 0.006 0.006 0.003 0.002 0.002 0.125 0.117 0.009 0.007 0.002 0.004 0.001 0.119 0.55 0.009 0.006 0.016 0.113 0.053 0.003 0.004 0.449 0.519 0.415 0.027 0.007 0.173 0.014 0.013 0.001 0.002 0.013 0.011 0.005 0.005 0.002 0.162 0.015 0.033 0.001 0.026 0.02 0.005 0.006 0.022 0 0.169 0.002 0.003 0.031 0 0.003 0.001 0.213 0.003 0.003 0.023 0.003 0.026 0.006 0.002 0.001 0.001 0 0.001 0.002 0.046 0 0.003
0.224 0.263 0.255 0.114 0.418 0.006 1 0.912 0.442 0.005 0.003 0.238 0.224 0.003 0.697 0.004 0.007 0.002 0.289 0.009 0.018 0.036 0.063 0.299 0.153 0.006 0.007 0.01 0.003 0.004 0.141 0.098 0.003 0.279 0.278 0.087 0.004 0.026 0.089 0.019 0.001 0.004 0.006 0.139 0.101 0.049 0.004 0.01 0.021 0.003 0.004 0.006 0.004 0.004 0.004 0.008 0.026 0.001 0.002 0.003 0.011 0.008 0.009 0.002 0.01 0.003 0.003 0.006 0.001 0.006 0.056 0 0.004 0.006 0.004
0.205 0.24 0.232 0.104 0.385 0.006 0.912 1 0.484 0.004 0.003 0.217 0.204 0.002 0.63 0.004 0.006 0.002 0.264 0.008 0.016 0.033 0.058 0.273 0.14 0.006 0.007 0.009 0.003 0.004 0.127 0.089 0.003 0.244 0.241 0.078 0.003 0.023 0.076 0.017 0.001 0.004 0.005 0.123 0.087 0.046 0.003 0.008 0.019 0.002 0.004 0.005 0.003 0.004 0.004 0.006 0.023 0.001 0.002 0.003 0.01 0.007 0.007 0.001 0.008 0.003 0.003 0.005 0.001 0.004 0.062 0 0.004 0.006 0.004
0.099 0.116 0.113 0.051 0.149 0.003 0.442 0.484 1 0.002 0.001 0.105 0.099 0.001 0.359 0.002 0.003 0.001 0.128 0.004 0.008 0.016 0.028 0.132 0.068 0.003 0.003 0.005 0.001 0.002 0.069 0.047 0.001 0.106 0.088 0.043 0.002 0.01 0.031 0.008 0 0.002 0.003 0.044 0.036 0.026 0.002 0 0.009 0 0.002 0 0.002 0.002 0.002 0.001 0.011 0.002 0.001 0.002 0.005 0.004 0.001 0.002 0.001 0.001 0.001 0.003 0.001 0 0.103 0.002 0.002 0.003 0.002
0.012 0.01 0.01 0.029 0.009 0.002 0.005 0.004 0.002 1 0.003 0.005 0.004 0.001 0.006 0.002 0.003 0.001 0.002 0 0.15 0.015 0.03 0.007 0.019 0.003 0.003 0 0.001 0.002 0.014 0.022 0 0.011 0.009 0.027 0.001 0.005 0.043 0.106 0.073 0.001 0 0.028 0.016 0.003 0.001 0.07 0.096 0.081 0.001 0.072 0 0.01 0.246 0.062 0.074 0.002 0.001 0 0 0.003 0.064 0.002 0.063 0.086 0.001 0.012 0.001 0.07 0 0.001 0.002 0.001 0.182
0.063 0.073 0.071 0.032 0.006 0.002 0.003 0.003 0.001 0.003 1 0.066 0.062 0.001 0.004 0.001 0.002 0.001 0.081 0.353 0.005 0.01 0.017 0.083 0.043 0.002 0.002 0.31 0.001 0.001 0.043 0.031 0.001 0.004 0.003 0.027 0.001 0.1 0.015 0.005 0.005 0 0.002 0.016 0.039 0.011 0.029 0.008 0.006 0.007 0.025 0.008 0.001 0.001 0.001 0.005 0.007 0 0.001 0.001 0.003 0.002 0.009 0 0.009 0.001 0.005 0.002 0 0.006 0.006 0.001 0.024 0.013 0.001
0.47 0.523 0.551 0.214 0.44 0.125 0.238 0.217 0.105 0.005 0.066 1 0.914 0.002 0.285 0.078 0.017 0.002 0.728 0.188 0.05 0.073 0.142 0.776 0.341 0.015 0.018 0.18 0.065 0.084 0.277 0.227 0.041 0.106 0.071 0.189 0.015 0.017 0.047 0.043 0.024 0.012 0.077 0.019 0.017 0.076 0.049 0 0.048 0.033 0.04 0.01 0.03 0.013 0.008 0 0.02 0.004 0 0.043 0.009 0.03 0.001 0.005 0.001 0.003 0.006 0.005 0.006 0.006 0.02 0.001 0.052 0 0.008
0.45 0.499 0.525 0.218 0.414 0.117 0.224 0.204 0.099 0.004 0.062 0.914 1 0.002 0.268 0.073 0.019 0.003 0.682 0.176 0.051 0.075 0.144 0.729 0.313 0.003 0.02 0.168 0.061 0.079 0.265 0.222 0.045 0.112 0.077 0.199 0.016 0.014 0.044 0.052 0.031 0.01 0.078 0.018 0.022 0.071 0.045 0.002 0.057 0.041 0.037 0.015 0.033 0.013 0.009 0 0.027 0.005 0.001 0.046 0.011 0.022 0.003 0.006 0.002 0.004 0.005 0.009 0.006 0.011 0.019 0.001 0.051 0.001 0.008
0.002 0.001 0.001 0.008 0.005 0.009 0.003 0.002 0.001 0.001 0.001 0.002 0.002 1 0.003 0 0.002 0 0.009 0.002 0 0.048 0.04 0.009 0.006 0.001 0.002 0.002 0.001 0.001 0.017 0.023 0.001 0.006 0.005 0.026 0 0.006 0.003 0 0 0.001 0.001 0.005 0.015 0.026 0.001 0 0 0 0.001 0.002 0.001 0.001 0.013 0.001 0.003 0 0 0.001 0.001 0.002 0.001 0 0.001 0.021 0.001 0.001 0 0.003 0 0.001 0.001 0 0.014
0.21 0.221 0.241 0.136 0.523 0.007 0.697 0.63 0.359 0.006 0.004 0.285 0.268 0.003 1 0.005 0.008 0.003 0.356 0.011 0.022 0.044 0.078 0.368 0.189 0.008 0.009 0.013 0.004 0.005 0.174 0.122 0.003 0.286 0.178 0.107 0.004 0.012 0.085 0.022 0.003 0.005 0.016 0.129 0.075 0.036 0.005 0 0.024 0.005 0.005 0 0.005 0.006 0.006 0 0.004 0.002 0.003 0.004 0 0.01 0.001 0.003 0 0.004 0.004 0.006 0.002 0 0.045 0.004 0.005 0.008 0.005
0.066 0.078 0.076 0.036 0.16 0.002 0.004 0.004 0.002 0.002 0.001 0.078 0.073 0 0.005 1 0.002 0.001 0.095 0.003 0.006 0.01 0.019 0.099 0.056 0.002 0.003 0.004 0.001 0.001 0.05 0.036 0.001 0.01 0.009 0.031 0.001 0.01 0.027 0.007 0.007 0.002 0.002 0.021 0.02 0.006 0.123 0.011 0.007 0.009 0.107 0.01 0.001 0.002 0.002 0.012 0.009 0.002 0.001 0.001 0.004 0.003 0.012 0.002 0.012 0.001 0.001 0.002 0 0.009 0 0.001 0.103 0.002 0.002
0.03 0.026 0.027 0.06 0.013 0.004 0.007 0.006 0.003 0.003 0.002 0.017 0.019 0.002 0.008 0.002 1 0.001 0.024 0.005 0.385 0.021 0.107 0.023 0.044 0.004 0.947 0.006 0.002 0.002 0.043 0.053 0.002 0.016 0.014 0.069 0.002 0.016 0.089 0.347 0.335 0.002 0.003 0.033 0.039 0.033 0.002 0.212 0.298 0.272 0.002 0.236 0.002 0.003 0.001 0.119 0.23 0.003 0 0.002 0.593 0.005 0.201 0.003 0.193 0 0.002 0.003 0.001 0.257 0.001 0.002 0.003 0.004 0.001
0.009 0.008 0.008 0.019 0.004 0.001 0.002 0.002 0.001 0.001 0.001 0.002 0.003 0 0.003 0.001 0.001 1 0.007 0.002 0.003 0.059 0.033 0.007 0.014 0.001 0.001 0.002 0.001 0.001 0.014 0.021 0.001 0.077 0.087 0.018 0.001 0.005 0.028 0.003 0.004 0.001 0.001 0.035 0.03 0.011 0.001 0.006 0.004 0.004 0.001 0.005 0.001 0.001 0.001 0.006 0.005 0.001 0 0.001 0.002 0.001 0.006 0.001 0.006 0.001 0.001 0.001 0 0.005 0 0.325 0.001 0.001 0.001
0.565 0.59 0.625 0.28 0.517 0.119 0.289 0.264 0.128 0.002 0.081 0.728 0.682 0.009 0.356 0.095 0.024 0.007 1 0.229 0.046 0.103 0.174 0.923 0.45 0.022 0.023 0.175 0.079 0.053 0.353 0.217 0.017 0.076 0.043 0.167 0.009 0.009 0.026 0.043 0.02 0.01 0.058 0.013 0.013 0.072 0.061 0 0.039 0.024 0.052 0.008 0.013 0.016 0.015 0 0.019 0.007 0.004 0.022 0.006 0.026 0.003 0.008 0.001 0.011 0.004 0.003 0.005 0.008 0.023 0.004 0.065 0.001 0.015
0.177 0.207 0.201 0.075 0.017 0.55 0.009 0.008 0.004 0 0.353 0.188 0.176 0.002 0.011 0.003 0.005 0.002 0.229 1 0.014 0.024 0.045 0.224 0.114 0.005 0.006 0.838 0.344 0.271 0.08 0.039 0.111 0.018 0.015 0.023 0.003 0.013 0.001 0.01 0.01 0.001 0.099 0.029 0 0.013 0.06 0.005 0.01 0.012 0.051 0.008 0.106 0.004 0.004 0.005 0.007 0.002 0.002 0.136 0.006 0.005 0.001 0.002 0.002 0.003 0 0 0.001 0.008 0.001 0.003 0.078 0.009 0.003
0 0 0 0.019 0.034 0.009 0.018 0.016 0.008 0.15 0.005 0.05 0.051 0 0.022 0.006 0.385 0.003 0.046 0.014 1 0.041 0.268 0.057 0.111 0.01 0.393 0.016 0.005 0.006 0.1 0.131 0 0.042 0.037 0.161 0.005 0.041 0.215 0.812 0.688 0.004 0.003 0.14 0.095 0.024 0.006 0.525 0.729 0.639 0.005 0.54 0.001 0.209 0.025 0.392 0.561 0.008 0.002 0.001 0.279 0.012 0.495 0.009 0.484 0.03 0.005 0.191 0.002 0.496 0.001 0.006 0.007 0.006 0.072
0.105 0.099 0.103 0.26 0.069 0.006 0.036 0.033 0.016 0.015 0.01 0.073 0.075 0.048 0.044 0.01 0.021 0.059 0.103 0.024 0.041 1 0.452 0.12 0.203 0.018 0.022 0.029 0.01 0.013 0.206 0.035 0.009 0.033 0.043 0.051 0.075 0.082 0.005 0.04 0.042 0.079 0.018 0.001 0.011 0.126 0.003 0.044 0.022 0.022 0.001 0.024 0.007 0.014 0 0.03 0.018 0.068 0.003 0.011 0.009 0.018 0.032 0.074 0.033 0.001 0.007 0.008 0.004 0.021 0.003 0.043 0.002 0.036 0
0.081 0.067 0.072 0.283 0.122 0.016 0.063 0.058 0.028 0.03 0.017 0.142 0.144 0.04 0.078 0.019 0.107 0.033 0.174 0.045 0.268 0.452 1 0.212 0.375 0.033 0.11 0.053 0.017 0.022 0.364 0.153 0.008 0.001 0.004 0.204 0.026 0.146 0.09 0.227 0.174 0.046 0.023 0.066 0.08 0.029 0.009 0.119 0.24 0.203 0.004 0.16 0.009 0.054 0.014 0.093 0.186 0.018 0.006 0.012 0.103 0.035 0.119 0.02 0.115 0.026 0.014 0.045 0.007 0.148 0.006 0.019 0.009 0.009 0.046
0.583 0.632 0.669 0.312 0.535 0.113 0.299 0.273 0.132 0.007 0.083 0.776 0.729 0.009 0.368 0.099 0.023 0.007 0.923 0.224 0.057 0.12 0.212 1 0.503 0.021 0.024 0.208 0.081 0.055 0.391 0.254 0.036 0.081 0.046 0.2 0.012 0.007 0.028 0.055 0.027 0.01 0.082 0.012 0.016 0.075 0.063 0.001 0.059 0.037 0.054 0.015 0.028 0.015 0.015 0.001 0.031 0.009 0.004 0.04 0.011 0.025 0.005 0.01 0.002 0.01 0.004 0.009 0.004 0.012 0.028 0.004 0.068 0.002 0.015
0.279 0.272 0.29 0.6 0.266 0.053 0.153 0.14 0.068 0.019 0.043 0.341 0.313 0.006 0.189 0.056 0.044 0.014 0.45 0.114 0.111 0.203 0.375 0.503 1 0.041 0.045 0.1 0.042 0.024 0.804 0.541 0.015 0.015 0.005 0.433 0.017 0.179 0.006 0.113 0.075 0.02 0.036 0.007 0.181 0.185 0.026 0.034 0.12 0.083 0.018 0.058 0.009 0.029 0.017 0.027 0.08 0.018 0.009 0.016 0.035 0.001 0.042 0.019 0.037 0.01 0.033 0.023 0.017 0.058 0.014 0.01 0.024 0.003 0.029
0.006 0.024 0.025 0.005 0.012 0.003 0.006 0.006 0.003 0.003 0.002 0.015 0.003 0.001 0.008 0.002 0.004 0.001 0.022 0.005 0.01 0.018 0.033 0.021 0.041 1 0.004 0.006 0.002 0.002 0.041 0.056 0.002 0.015 0.013 0.013 0.002 0.068 0.034 0.01 0.011 0 0.003 0.023 0.016 0.004 0.002 0.014 0.008 0.01 0.002 0.012 0.002 0.002 0.002 0.014 0.011 0.003 0.126 0.002 0.003 0.249 0.015 0.003 0.015 0.002 0.001 0.003 0.001 0.011 0.001 0.002 0.001 0.004 0.002
0.032 0.027 0.028 0.059 0.014 0.004 0.007 0.007 0.003 0.003 0.002 0.018 0.02 0.002 0.009 0.003 0.947 0.001 0.023 0.006 0.393 0.022 0.11 0.024 0.045 0.004 1 0.006 0.002 0.003 0.044 0.054 0.002 0.017 0.015 0.07 0.002 0.016 0.09 0.356 0.345 0.003 0.004 0.033 0.039 0.034 0.002 0.216 0.306 0.278 0.003 0.242 0.002 0.003 0.001 0.117 0.231 0.003 0.001 0.002 0.612 0.005 0.206 0.004 0.193 0 0.002 0.003 0.001 0.262 0.001 0.002 0.003 0.004 0.001
0.153 0.182 0.175 0.058 0.02 0.449 0.01 0.009 0.005 0 0.31 0.18 0.168 0.002 0.013 0.004 0.006 0.002 0.175 0.838 0.016 0.029 0.053 0.208 0.1 0.006 0.006 1 0.302 0.238 0.092 0.055 0.21 0.018 0.012 0.035 0.003 0.008 0.006 0.012 0.012 0 0.211 0.019 0.002 0.019 0.051 0.018 0.012 0.015 0.043 0.011 0.254 0.004 0.004 0.019 0.009 0.002 0.002 0.258 0.007 0.006 0.01 0.002 0.012 0.003 0 0 0.001 0.01 0.001 0.003 0.066 0.007 0.004
0.061 0.072 0.069 0.031 0.006 0.519 0.003 0.003 0.001 0.001 0.001 0.065 0.061 0.001 0.004 0.001 0.002 0.001 0.079 0.344 0.005 0.01 0.017 0.081 0.042 0.002 0.002 0.302 1 0.768 0.009 0.005 0.07 0.008 0.007 0.003 0.001 0.008 0.009 0.005 0.005 0.001 0.116 0.016 0.018 0.003 0.02 0.011 0.006 0.007 0.017 0.005 0.144 0.001 0.001 0.01 0.005 0.001 0.001 0.157 0.003 0.002 0.005 0.002 0.007 0.001 0.001 0 0 0.004 0 0.001 0.049 0.001 0.001
0.039 0.047 0.045 0.015 0.008 0.415 0.004 0.004 0.002 0.002 0.001 0.084 0.079 0.001 0.005 0.001 0.002 0.001 0.053 0.271 0.006 0.013 0.022 0.055 0.024 0.002 0.003 0.238 0.768 1 0.003 0.011 0.066 0 0 0.008 0.001 0.01 0.019 0.007 0.007 0.001 0.097 0.021 0.005 0.006 0.014 0.007 0.007 0.009 0.011 0.006 0.107 0.002 0.002 0.005 0.005 0.002 0.001 0.118 0.002 0.003 0.002 0.002 0.004 0.001 0.001 0 0 0.005 0 0.001 0.035 0 0.002
0.231 0.235 0.239 0.556 0.23 0.027 0.141 0.127 0.069 0.014 0.043 0.277 0.265 0.017 0.174 0.05 0.043 0.014 0.353 0.08 0.1 0.206 0.364 0.391 0.804 0.041 0.044 0.092 0.009 0.003 1 0.669 0.038 0.03 0.017 0.549 0.023 0.178 0 0.113 0.075 0.021 0.076 0.001 0.213 0.221 0.027 0.019 0.12 0.083 0.018 0.05 0.039 0.029 0.009 0.01 0.071 0.03 0.014 0.044 0.036 0.001 0.021 0.032 0.018 0.009 0.034 0.023 0.018 0.05 0.015 0.004 0.016 0.01 0.018
0.12 0.126 0.128 0.312 0.16 0.007 0.098 0.089 0.047 0.022 0.031 0.227 0.222 0.023 0.122 0.036 0.053 0.021 0.217 0.039 0.131 0.035 0.153 0.254 0.541 0.056 0.054 0.055 0.005 0.011 0.669 1 0.027 0.262 0.24 0.811 0.032 0.11 0.036 0.16 0.118 0.029 0.056 0.007 0.394 0.199 0.017 0.051 0.171 0.116 0.01 0.09 0.028 0.04 0.013 0.034 0.113 0.024 0.02 0.023 0.05 0 0.052 0.026 0.048 0.005 0.024 0.04 0.013 0.087 0.009 0.006 0.008 0.006 0.023
0.025 0.031 0.029 0.007 0.005 0.173 0.003 0.003 0.001 0 0.001 0.041 0.045 0.001 0.003 0.001 0.002 0.001 0.017 0.111 0 0.009 0.008 0.036 0.015 0.002 0.002 0.21 0.07 0.066 0.038 0.027 1 0.007 0.006 0.022 0.001 0.007 0.035 0.005 0.005 0.001 0.198 0 0.016 0.014 0.07 0.03 0.004 0.005 0.061 0.002 0.244 0.001 0.001 0.029 0.002 0.001 0.001 0.265 0.001 0.002 0.026 0.001 0.026 0.001 0.001 0.001 0 0.002 0 0.001 0.059 0 0.001
0.046 0.053 0.06 0.003 0.164 0.014 0.279 0.244 0.106 0.011 0.004 0.106 0.112 0.006 0.286 0.01 0.016 0.077 0.076 0.018 0.042 0.033 0.001 0.081 0.015 0.015 0.017 0.018 0.008 0 0.03 0.262 0.007 1 0.867 0.226 0.009 0.066 0.332 0.045 0.047 0.12 0.002 0.256 0.238 0.023 0.009 0.035 0.049 0.043 0.01 0.02 0.009 0.011 0.002 0.024 0.018 0.003 0.005 0.008 0.007 0.019 0.036 0.001 0.031 0 0.008 0.01 0.003 0.015 0 0.043 0.01 0.001 0.002
0.024 0.036 0.033 0 0.099 0.013 0.278 0.241 0.088 0.009 0.003 0.071 0.077 0.005 0.178 0.009 0.014 0.087 0.043 0.015 0.037 0.043 0.004 0.046 0.005 0.013 0.015 0.012 0.007 0 0.017 0.24 0.006 0.867 1 0.208 0.008 0.059 0.301 0.04 0.042 0.136 0.008 0.211 0.273 0.017 0.008 0.061 0.044 0.039 0.009 0.046 0.004 0.01 0.001 0.045 0.042 0.002 0.005 0.004 0.023 0.017 0.051 0.002 0.054 0 0.007 0.011 0.003 0.04 0 0.051 0.009 0.002 0.001
0.101 0.088 0.089 0.375 0.135 0.001 0.087 0.078 0.043 0.027 0.027 0.189 0.199 0.026 0.107 0.031 0.069 0.018 0.167 0.023 0.161 0.051 0.204 0.2 0.433 0.013 0.07 0.035 0.003 0.008 0.549 0.811 0.022 0.226 0.208 1 0.037 0.228 0.015 0.194 0.145 0.024 0.048 0 0.519 0.256 0.014 0.075 0.211 0.149 0.008 0.12 0.023 0.046 0.017 0.054 0.147 0.029 0.003 0.019 0.068 0.054 0.077 0.031 0.072 0.007 0.023 0.049 0.011 0.115 0.01 0.004 0.006 0.009 0.027
0.016 0.014 0.014 0.032 0.007 0.002 0.004 0.003 0.002 0.001 0.001 0.015 0.016 0 0.004 0.001 0.002 0.001 0.009 0.003 0.005 0.075 0.026 0.012 0.017 0.002 0.002 0.003 0.001 0.001 0.023 0.032 0.001 0.009 0.008 0.037 1 0.007 0.015 0.003 0.003 0.001 0.002 0.009 0.016 0.025 0.001 0.004 0.001 0.002 0.001 0.005 0 0.001 0.001 0.004 0.003 0.279 0.001 0.001 0.001 0 0.006 0.271 0.005 0.001 0.001 0.002 0 0.002 0 0.001 0.001 0.02 0.001
0.008 0.027 0.027 0.268 0.027 0.013 0.026 0.023 0.01 0.005 0.1 0.017 0.014 0.006 0.012 0.01 0.016 0.005 0.009 0.013 0.041 0.082 0.146 0.007 0.179 0.068 0.016 0.008 0.008 0.01 0.178 0.11 0.007 0.066 0.059 0.228 0.007 1 0.177 0.046 0.045 0.01 0.014 0.127 0.382 0.102 0 0.073 0.05 0.056 0 0.065 0.008 0.011 0.011 0.074 0.062 0.008 0.005 0.008 0.026 0.252 0.077 0.009 0.08 0.008 0.104 0.014 0.049 0.057 0.001 0.009 0 0 0.011
0.067 0.086 0.089 0.001 0.029 0.011 0.089 0.076 0.031 0.043 0.015 0.047 0.044 0.003 0.085 0.027 0.089 0.028 0.026 0.001 0.215 0.005 0.09 0.028 0.006 0.034 0.09 0.006 0.009 0.019 0 0.036 0.035 0.332 0.301 0.015 0.015 0.177 1 0.258 0.2 0.053 0.077 0.478 0.008 0.075 0.003 0.281 0.211 0.156 0.005 0.173 0.04 0.061 0.006 0.21 0.193 0.015 0.011 0.043 0.089 0.047 0.217 0.016 0.229 0.003 0.021 0.077 0.009 0.17 0.002 0.009 0.006 0.014 0.01
0 0 0 0.027 0.03 0.005 0.019 0.017 0.008 0.106 0.005 0.043 0.052 0 0.022 0.007 0.347 0.003 0.043 0.01 0.812 0.04 0.227 0.055 0.113 0.01 0.356 0.012 0.005 0.007 0.113 0.16 0.005 0.045 0.04 0.194 0.003 0.046 0.258 1 0.851 0.007 0.009 0.174 0.11 0.031 0.006 0.609 0.895 0.775 0.007 0.66 0.006 0.236 0.031 0.464 0.697 0.009 0.004 0.001 0.293 0.013 0.56 0.009 0.551 0.038 0.005 0.268 0.002 0.624 0.002 0.006 0.007 0.011 0.08
0 0.003 0.002 0.017 0.01 0.005 0.001 0.001 0 0.073 0.005 0.024 0.031 0 0.003 0.007 0.335 0.004 0.02 0.01 0.688 0.042 0.174 0.027 0.075 0.011 0.345 0.012 0.005 0.007 0.075 0.118 0.005 0.047 0.042 0.145 0.003 0.045 0.2 0.851 1 0.007 0.01 0.171 0.114 0.04 0.006 0.611 0.759 0.801 0.007 0.676 0.006 0.184 0.029 0.478 0.589 0.009 0.004 0.002 0.268 0.014 0.575 0.01 0.565 0.02 0.005 0.216 0.002 0.633 0.037 0.006 0.007 0.011 0.055
0.006 0.01 0.01 0.028 0.008 0.002 0.004 0.004 0.002 0.001 0 0.012 0.01 0.001 0.005 0.002 0.002 0.001 0.01 0.001 0.004 0.079 0.046 0.01 0.02 0 0.003 0 0.001 0.001 0.021 0.029 0.001 0.12 0.136 0.024 0.001 0.01 0.053 0.007 0.007 1 0.002 0.005 0.023 0.063 0.001 0.011 0.008 0.009 0.002 0.01 0.001 0.002 0.002 0.007 0.009 0.009 0.001 0.001 0.004 0.003 0.012 0.009 0.012 0.001 0.001 0.001 0 0.009 0.006 0.001 0.002 0.013 0.002
0.058 0.049 0.068 0.023 0.005 0.162 0.006 0.005 0.003 0 0.002 0.077 0.078 0.001 0.016 0.002 0.003 0.001 0.058 0.099 0.003 0.018 0.023 0.082 0.036 0.003 0.004 0.211 0.116 0.097 0.076 0.056 0.198 0.002 0.008 0.048 0.002 0.014 0.077 0.009 0.01 0.002 1 0.005 0.033 0.029 0.002 0.182 0.01 0.01 0.002 0.008 0.57 0.002 0.002 0.171 0.007 0.003 0.001 0.487 0.007 0.004 0.12 0.003 0.156 0.002 0.002 0 0.001 0.008 0.001 0.002 0.002 0.003 0.002
0.04 0.049 0.052 0.001 0.051 0.015 0.139 0.123 0.044 0.028 0.016 0.019 0.018 0.005 0.129 0.021 0.033 0.035 0.013 0.029 0.14 0.001 0.066 0.012 0.007 0.023 0.033 0.019 0.016 0.021 0.001 0.007 0 0.256 0.211 0 0.009 0.127 0.478 0.174 0.171 0.005 0.005 1 0.01 0.056 0.019 0.18 0.188 0.167 0.021 0.186 0 0.055 0.005 0.182 0.2 0.019 0.001 0 0.07 0.041 0.155 0.02 0.167 0.003 0.016 0.062 0.002 0.174 0 0.014 0.022 0.021 0.023
0.006 0.001 0.001 0.204 0.021 0.033 0.101 0.087 0.036 0.016 0.039 0.017 0.022 0.015 0.075 0.02 0.039 0.03 0.013 0 0.095 0.011 0.08 0.016 0.181 0.016 0.039 0.002 0.018 0.005 0.213 0.394 0.016 0.238 0.273 0.519 0.016 0.382 0.008 0.11 0.114 0.023 0.033 0.01 1 0.147 0.005 0.181 0.12 0.141 0.007 0.162 0.022 0.026 0.026 0.185 0.149 0.012 0.013 0.02 0.062 0.12 0.19 0.013 0.198 0.019 0.042 0.031 0.02 0.144 0.007 0.013 0.008 0.001 0.025
0.079 0.064 0.066 0.203 0.05 0.001 0.049 0.046 0.026 0.003 0.011 0.076 0.071 0.026 0.036 0.006 0.033 0.011 0.072 0.013 0.024 0.126 0.029 0.075 0.185 0.004 0.034 0.019 0.003 0.006 0.221 0.199 0.014 0.023 0.017 0.256 0.025 0.102 0.075 0.031 0.04 0.063 0.029 0.056 0.147 1 0.019 0.075 0.037 0.051 0.011 0.046 0.012 0.004 0 0.056 0.038 0.056 0.013 0.016 0.048 0.037 0.062 0.059 0.065 0.004 0.012 0 0.007 0.05 0.002 0 0.009 0.04 0.003
0.041 0.049 0.047 0.017 0.012 0.026 0.004 0.003 0.002 0.001 0.029 0.049 0.045 0.001 0.005 0.123 0.002 0.001 0.061 0.06 0.006 0.003 0.009 0.063 0.026 0.002 0.002 0.051 0.02 0.014 0.027 0.017 0.07 0.009 0.008 0.014 0.001 0 0.003 0.006 0.006 0.001 0.002 0.019 0.005 0.019 1 0.01 0.007 0.008 0.878 0.009 0.001 0.001 0.001 0.01 0.008 0.002 0.001 0.001 0.003 0.002 0.01 0.002 0.011 0.001 0.001 0.002 0 0.008 0 0.001 0.838 0.017 0.001
0.019 0.02 0.024 0.005 0.006 0.02 0.01 0.008 0 0.07 0.008 0 0.002 0 0 0.011 0.212 0.006 0 0.005 0.525 0.044 0.119 0.001 0.034 0.014 0.216 0.018 0.011 0.007 0.019 0.051 0.03 0.035 0.061 0.075 0.004 0.073 0.281 0.609 0.611 0.011 0.182 0.18 0.181 0.075 0.01 1 0.661 0.662 0.011 0.699 0.1 0.144 0.013 0.8 0.65 0.015 0.006 0.104 0.335 0.022 0.827 0.015 0.872 0.018 0.009 0.181 0.004 0.643 0.022 0.01 0.012 0.017 0.049
0 0 0 0.033 0.033 0.005 0.021 0.019 0.009 0.096 0.006 0.048 0.057 0 0.024 0.007 0.298 0.004 0.039 0.01 0.729 0.022 0.24 0.059 0.12 0.008 0.306 0.012 0.006 0.007 0.12 0.171 0.004 0.049 0.044 0.211 0.001 0.05 0.211 0.895 0.759 0.008 0.01 0.188 0.12 0.037 0.007 0.661 1 0.842 0.007 0.706 0.007 0.217 0.027 0.513 0.76 0.01 0.004 0.002 0.365 0.014 0.599 0.01 0.599 0.034 0.006 0.252 0.002 0.645 0.002 0.007 0.008 0.011 0.082
0 0.001 0 0.022 0.015 0.006 0.003 0.002 0 0.081 0.007 0.033 0.041 0 0.005 0.009 0.272 0.004 0.024 0.012 0.639 0.022 0.203 0.037 0.083 0.01 0.278 0.015 0.007 0.009 0.083 0.116 0.005 0.043 0.039 0.149 0.002 0.056 0.156 0.775 0.801 0.009 0.01 0.167 0.141 0.051 0.008 0.662 0.842 1 0.009 0.816 0.008 0.184 0.063 0.606 0.744 0.011 0.005 0.003 0.331 0.017 0.693 0.011 0.689 0.08 0.007 0.213 0.003 0.708 0.03 0.008 0.009 0.013 0.101
0.033 0.041 0.039 0.012 0.011 0.022 0.004 0.004 0.002 0.001 0.025 0.04 0.037 0.001 0.005 0.107 0.002 0.001 0.052 0.051 0.005 0.001 0.004 0.054 0.018 0.002 0.003 0.043 0.017 0.011 0.018 0.01 0.061 0.01 0.009 0.008 0.001 0 0.005 0.007 0.007 0.002 0.002 0.021 0.007 0.011 0.878 0.011 0.007 0.009 1 0.01 0.001 0.002 0.002 0.012 0.009 0.002 0.001 0.001 0.004 0.003 0.012 0.002 0.012 0.001 0.001 0.002 0 0.009 0 0.001 0.77 0.047 0.002
0.006 0.005 0.008 0.007 0.003 0 0.006 0.005 0 0.072 0.008 0.01 0.015 0.002 0 0.01 0.236 0.005 0.008 0.008 0.54 0.024 0.16 0.015 0.058 0.012 0.242 0.011 0.005 0.006 0.05 0.09 0.002 0.02 0.046 0.12 0.005 0.065 0.173 0.66 0.676 0.01 0.008 0.186 0.162 0.046 0.009 0.699 0.706 0.816 0.01 1 0.009 0.143 0.108 0.724 0.885 0.013 0.005 0.003 0.359 0.019 0.783 0.014 0.805 0.115 0.008 0.184 0.003 0.869 0.021 0.009 0.01 0.015 0.157
0.018 0.023 0.022 0.004 0.007 0.169 0.004 0.003 0.002 0 0.001 0.03 0.033 0.001 0.005 0.001 0.002 0.001 0.013 0.106 0.001 0.007 0.009 0.028 0.009 0.002 0.002 0.254 0.144 0.107 0.039 0.028 0.244 0.009 0.004 0.023 0 0.008 0.04 0.006 0.006 0.001 0.57 0 0.022 0.012 0.001 0.1 0.007 0.008 0.001 0.009 1 0.001 0.001 0.102 0.008 0.001 0.001 0.771 0.003 0.003 0.085 0.001 0.092 0.001 0.001 0.002 0 0.008 0 0.001 0.001 0.002 0.001
0.042 0.051 0.049 0.016 0.008 0.002 0.004 0.004 0.002 0.01 0.001 0.013 0.013 0.001 0.006 0.002 0.003 0.001 0.016 0.004 0.209 0.014 0.054 0.015 0.029 0.002 0.003 0.004 0.001 0.002 0.029 0.04 0.001 0.011 0.01 0.046 0.001 0.011 0.061 0.236 0.184 0.002 0.002 0.055 0.026 0.004 0.001 0.144 0.217 0.184 0.002 0.143 0.001 1 0.002 0.136 0.169 0.002 0.001 0.001 0.001 0.003 0.126 0.002 0.131 0.005 0.001 0.409 0.001 0.094 0 0.001 0.002 0.002 0.003
0.009 0.007 0.007 0.006 0.009 0.003 0.004 0.004 0.002 0.246 0.001 0.008 0.009 0.013 0.006 0.002 0.001 0.001 0.015 0.004 0.025 0 0.014 0.015 0.017 0.002 0.001 0.004 0.001 0.002 0.009 0.013 0.001 0.002 0.001 0.017 0.001 0.011 0.006 0.031 0.029 0.002 0.002 0.005 0.026 0 0.001 0.013 0.027 0.063 0.002 0.108 0.001 0.002 1 0.092 0.118 0.002 0.001 0.001 0.004 0.003 0.088 0.002 0.086 0.379 0.001 0.001 0.001 0.083 0 0.001 0.002 0.002 0.51
0.026 0.028 0.033 0 0.006 0.031 0.008 0.006 0.001 0.062 0.005 0 0 0.001 0 0.012 0.119 0.006 0 0.005 0.392 0.03 0.093 0.001 0.027 0.014 0.117 0.019 0.01 0.005 0.01 0.034 0.029 0.024 0.045 0.054 0.004 0.074 0.21 0.464 0.478 0.007 0.171 0.182 0.185 0.056 0.01 0.8 0.513 0.606 0.012 0.724 0.102 0.136 0.092 1 0.668 0.015 0.006 0.106 0.217 0.022 0.861 0.016 0.911 0.1 0.009 0.172 0.004 0.647 0.036 0.01 0.012 0.017 0.137
0.002 0.001 0.003 0.012 0.013 0 0.026 0.023 0.011 0.074 0.007 0.02 0.027 0.003 0.004 0.009 0.23 0.005 0.019 0.007 0.561 0.018 0.186 0.031 0.08 0.011 0.231 0.009 0.005 0.005 0.071 0.113 0.002 0.018 0.042 0.147 0.003 0.062 0.193 0.697 0.589 0.009 0.007 0.2 0.149 0.038 0.008 0.65 0.76 0.744 0.009 0.885 0.008 0.169 0.118 0.668 1 0.012 0.005 0.003 0.365 0.018 0.711 0.013 0.751 0.125 0.007 0.215 0.003 0.791 0.003 0.008 0.01 0.014 0.171
0.013 0.01 0.011 0.032 0.005 0.003 0.001 0.001 0.002 0.002 0 0.004 0.005 0 0.002 0.002 0.003 0.001 0.007 0.002 0.008 0.068 0.018 0.009 0.018 0.003 0.003 0.002 0.001 0.002 0.03 0.024 0.001 0.003 0.002 0.029 0.279 0.008 0.015 0.009 0.009 0.009 0.003 0.019 0.012 0.056 0.002 0.015 0.01 0.011 0.002 0.013 0.001 0.002 0.002 0.015 0.012 1 0.001 0.002 0.005 0.004 0.015 0.961 0.016 0.002 0.002 0.003 0.001 0.012 0.001 0.002 0.002 0.221 0.002
0.004 0.007 0.003 0.012 0.001 0.001 0.002 0.002 0.001 0.001 0.001 0 0.001 0 0.003 0.001 0 0 0.004 0.002 0.002 0.003 0.006 0.004 0.009 0.126 0.001 0.002 0.001 0.001 0.014 0.02 0.001 0.005 0.005 0.003 0.001 0.005 0.011 0.004 0.004 0.001 0.001 0.001 0.013 0.013 0.001 0.006 0.004 0.005 0.001 0.005 0.001 0.001 0.001 0.006 0.005 0.001 1 0.001 0.002 0.002 0.006 0.001 0.007 0.001 0.001 0.001 0 0.005 0 0.001 0.001 0.001 0.001
0.027 0.033 0.032 0.005 0.007 0.213 0.003 0.003 0.002 0 0.001 0.043 0.046 0.001 0.004 0.001 0.002 0.001 0.022 0.136 0.001 0.011 0.012 0.04 0.016 0.002 0.002 0.258 0.157 0.118 0.044 0.023 0.265 0.008 0.004 0.019 0.001 0.008 0.043 0.001 0.002 0.001 0.487 0 0.02 0.016 0.001 0.104 0.002 0.003 0.001 0.003 0.771 0.001 0.001 0.106 0.003 0.002 0.001 1 0.003 0.002 0.088 0.002 0.095 0.001 0.001 0 0 0.003 0 0.001 0.001 0.002 0.001
0.011 0.019 0.013 0.046 0.004 0.003 0.011 0.01 0.005 0 0.003 0.009 0.011 0.001 0 0.004 0.593 0.002 0.006 0.006 0.279 0.009 0.103 0.011 0.035 0.003 0.612 0.007 0.003 0.002 0.036 0.05 0.001 0.007 0.023 0.068 0.001 0.026 0.089 0.293 0.268 0.004 0.007 0.07 0.062 0.048 0.003 0.335 0.365 0.331 0.004 0.359 0.003 0.001 0.004 0.217 0.365 0.005 0.002 0.003 1 0.007 0.289 0.005 0.304 0.003 0.003 0.002 0.001 0.342 0.001 0.003 0.004 0.006 0.001
0.005 0.028 0.029 0.065 0.015 0.003 0.008 0.007 0.004 0.003 0.002 0.03 0.022 0.002 0.01 0.003 0.005 0.001 0.026 0.005 0.012 0.018 0.035 0.025 0.001 0.249 0.005 0.006 0.002 0.003 0.001 0 0.002 0.019 0.017 0.054 0 0.252 0.047 0.013 0.014 0.003 0.004 0.041 0.12 0.037 0.002 0.022 0.014 0.017 0.003 0.019 0.003 0.003 0.003 0.022 0.018 0.004 0.002 0.002 0.007 1 0.023 0.004 0.024 0.002 0.002 0.004 0.001 0.017 0.001 0.003 0.003 0.002 0.003
0.013 0.019 0.017 0.004 0.01 0.023 0.009 0.007 0.001 0.064 0.009 0.001 0.003 0.001 0.001 0.012 0.201 0.006 0.003 0.001 0.495 0.032 0.119 0.005 0.042 0.015 0.206 0.01 0.005 0.002 0.021 0.052 0.026 0.036 0.051 0.077 0.006 0.077 0.217 0.56 0.575 0.012 0.12 0.155 0.19 0.062 0.01 0.827 0.599 0.693 0.012 0.783 0.085 0.126 0.088 0.861 0.711 0.015 0.006 0.088 0.289 0.023 1 0.016 0.945 0.098 0.009 0.173 0.004 0.684 0.021 0.01 0.012 0.015 0.131
0.014 0.011 0.012 0.034 0.006 0.003 0.002 0.001 0.002 0.002 0 0.005 0.006 0 0.003 0.002 0.003 0.001 0.008 0.002 0.009 0.074 0.02 0.01 0.019 0.003 0.004 0.002 0.002 0.002 0.032 0.026 0.001 0.001 0.002 0.031 0.271 0.009 0.016 0.009 0.01 0.009 0.003 0.02 0.013 0.059 0.002 0.015 0.01 0.011 0.002 0.014 0.001 0.002 0.002 0.016 0.013 0.961 0.001 0.002 0.005 0.004 0.016 1 0.017 0.002 0.002 0.003 0.001 0.012 0.001 0.002 0.002 0.245 0.002
0.018 0.019 0.023 0.003 0.007 0.026 0.01 0.008 0.001 0.063 0.009 0.001 0.002 0.001 0 0.012 0.193 0.006 0.001 0.002 0.484 0.033 0.115 0.002 0.037 0.015 0.193 0.012 0.007 0.004 0.018 0.048 0.026 0.031 0.054 0.072 0.005 0.08 0.229 0.551 0.565 0.012 0.156 0.167 0.198 0.065 0.011 0.872 0.599 0.689 0.012 0.805 0.092 0.131 0.086 0.911 0.751 0.016 0.007 0.095 0.304 0.024 0.945 0.017 1 0.094 0.01 0.165 0.004 0.72 0.02 0.011 0.013 0.016 0.128
0.002 0.001 0.001 0.002 0.006 0.006 0.003 0.003 0.001 0.086 0.001 0.003 0.004 0.021 0.004 0.001 0 0.001 0.011 0.003 0.03 0.001 0.026 0.01 0.01 0.002 0 0.003 0.001 0.001 0.009 0.005 0.001 0 0 0.007 0.001 0.008 0.003 0.038 0.02 0.001 0.002 0.003 0.019 0.004 0.001 0.018 0.034 0.08 0.001 0.115 0.001 0.005 0.379 0.1 0.125 0.002 0.001 0.001 0.003 0.002 0.098 0.002 0.094 1 0.001 0.002 0 0.083 0 0.001 0.001 0.002 0.477
0.001 0.005 0.005 0.027 0.006 0.002 0.003 0.003 0.001 0.001 0.005 0.006 0.005 0.001 0.004 0.001 0.002 0.001 0.004 0 0.005 0.007 0.014 0.004 0.033 0.001 0.002 0 0.001 0.001 0.034 0.024 0.001 0.008 0.007 0.023 0.001 0.104 0.021 0.005 0.005 0.001 0.002 0.016 0.042 0.012 0.001 0.009 0.006 0.007 0.001 0.008 0.001 0.001 0.001 0.009 0.007 0.002 0.001 0.001 0.003 0.002 0.009 0.002 0.01 0.001 1 0.002 0 0.007 0 0.001 0.001 0.002 0.001
0.046 0.054 0.055 0.011 0.004 0.001 0.006 0.005 0.003 0.012 0.002 0.005 0.009 0.001 0.006 0.002 0.003 0.001 0.003 0 0.191 0.008 0.045 0.009 0.023 0.003 0.003 0 0 0 0.023 0.04 0.001 0.01 0.011 0.049 0.002 0.014 0.077 0.268 0.216 0.001 0 0.062 0.031 0 0.002 0.181 0.252 0.213 0.002 0.184 0.002 0.409 0.001 0.172 0.215 0.003 0.001 0 0.002 0.004 0.173 0.003 0.165 0.002 0.002 1 0.001 0.15 0.001 0.002 0.002 0.003 0
0.001 0.005 0.005 0.013 0.003 0.001 0.001 0.001 0.001 0.001 0 0.006 0.006 0 0.002 0 0.001 0 0.005 0.001 0.002 0.004 0.007 0.004 0.017 0.001 0.001 0.001 0 0 0.018 0.013 0 0.003 0.003 0.011 0 0.049 0.009 0.002 0.002 0 0.001 0.002 0.02 0.007 0 0.004 0.002 0.003 0 0.003 0 0.001 0.001 0.004 0.003 0.001 0 0 0.001 0.001 0.004 0.001 0.004 0 0 0.001 1 0.003 0 0 0 0.001 0.001
0.002 0.003 0.005 0.012 0.002 0 0.006 0.004 0 0.07 0.006 0.006 0.011 0.003 0 0.009 0.257 0.005 0.008 0.008 0.496 0.021 0.148 0.012 0.058 0.011 0.262 0.01 0.004 0.005 0.05 0.087 0.002 0.015 0.04 0.115 0.002 0.057 0.17 0.624 0.633 0.009 0.008 0.174 0.144 0.05 0.008 0.643 0.645 0.708 0.009 0.869 0.008 0.094 0.083 0.647 0.791 0.012 0.005 0.003 0.342 0.017 0.684 0.012 0.72 0.083 0.007 0.15 0.003 1 0.019 0.008 0.009 0.014 0.167
0.018 0.021 0.02 0.008 0.022 0.001 0.056 0.062 0.103 0 0.006 0.02 0.019 0 0.045 0 0.001 0 0.023 0.001 0.001 0.003 0.006 0.028 0.014 0.001 0.001 0.001 0 0 0.015 0.009 0 0 0 0.01 0 0.001 0.002 0.002 0.037 0.006 0.001 0 0.007 0.002 0 0.022 0.002 0.03 0 0.021 0 0 0 0.036 0.003 0.001 0 0 0.001 0.001 0.021 0.001 0.02 0 0 0.001 0 0.019 1 0 0 0.001 0
0.007 0.005 0.005 0.015 0.001 0.002 0 0 0.002 0.001 0.001 0.001 0.001 0.001 0.004 0.001 0.002 0.325 0.004 0.003 0.006 0.043 0.019 0.004 0.01 0.002 0.002 0.003 0.001 0.001 0.004 0.006 0.001 0.043 0.051 0.004 0.001 0.009 0.009 0.006 0.006 0.001 0.002 0.014 0.013 0 0.001 0.01 0.007 0.008 0.001 0.009 0.001 0.001 0.001 0.01 0.008 0.002 0.001 0.001 0.003 0.003 0.01 0.002 0.011 0.001 0.001 0.002 0 0.008 0 1 0.001 0.002 0.001
0.044 0.053 0.051 0.017 0.01 0.046 0.004 0.004 0.002 0.002 0.024 0.052 0.051 0.001 0.005 0.103 0.003 0.001 0.065 0.078 0.007 0.002 0.009 0.068 0.024 0.001 0.003 0.066 0.049 0.035 0.016 0.008 0.059 0.01 0.009 0.006 0.001 0 0.006 0.007 0.007 0.002 0.002 0.022 0.008 0.009 0.838 0.012 0.008 0.009 0.77 0.01 0.001 0.002 0.002 0.012 0.01 0.002 0.001 0.001 0.004 0.003 0.012 0.002 0.013 0.001 0.001 0.002 0 0.009 0 0.001 1 0.022 0.002
0.005 0.003 0.003 0.013 0.011 0 0.006 0.006 0.003 0.001 0.013 0 0.001 0 0.008 0.002 0.004 0.001 0.001 0.009 0.006 0.036 0.009 0.002 0.003 0.004 0.004 0.007 0.001 0 0.01 0.006 0 0.001 0.002 0.009 0.02 0 0.014 0.011 0.011 0.013 0.003 0.021 0.001 0.04 0.017 0.017 0.011 0.013 0.047 0.015 0.002 0.002 0.002 0.017 0.014 0.221 0.001 0.002 0.006 0.002 0.015 0.245 0.016 0.002 0.002 0.003 0.001 0.014 0.001 0.002 0.022 1 0.002
0.002 0.001 0.001 0.005 0.008 0.003 0.004 0.004 0.002 0.182 0.001 0.008 0.008 0.014 0.005 0.002 0.001 0.001 0.015 0.003 0.072 0 0.046 0.015 0.029 0.002 0.001 0.004 0.001 0.002 0.018 0.023 0.001 0.002 0.001 0.027 0.001 0.011 0.01 0.08 0.055 0.002 0.002 0.023 0.025 0.003 0.001 0.049 0.082 0.101 0.002 0.157 0.001 0.003 0.51 0.137 0.171 0.002 0.001 0.001 0.001 0.003 0.131 0.002 0.128 0.477 0.001 0 0.001 0.167 0 0.001 0.002 0.002 1
