1 0.842 0.867 0.41 0.367 0.15 0.241 0.193 0.103 0.033 0.042 0.555 0.554 0.01 0.25 0.043 0.035 0.006 0.599 0.196 0.014 0.127 0.141 0.627 0.316 0.004 0.037 0.171 0.047 0.039 0.274 0.147 0.055 0.065 0.042 0.139 0.027 0.015 0.07 0.007 0 0.009 0.082 0.032 0.006 0.075 0.003 0.017 0.008 0 0.003 0.003 0.021 0.043 0.015 0.011 0 0.02 0.006 0.044 0.019 0.01 0.006 0.021 0.012 0.008 0.003 0.02 0.003 0.001 0.005 0 0.007 0.012 0.008
0.842 1 0.956 0.385 0.385 0.174 0.281 0.225 0.12 0.028 0.051 0.632 0.61 0.008 0.256 0.052 0.029 0.005 0.663 0.231 0.008 0.119 0.127 0.691 0.31 0.018 0.032 0.204 0.055 0.047 0.272 0.132 0.065 0.058 0.048 0.113 0.023 0.036 0.08 0.003 0.001 0.02 0.07 0.038 0.001 0.064 0.004 0.021 0.004 0 0.004 0.005 0.026 0.051 0.012 0.014 0 0.015 0.007 0.052 0.015 0.029 0.01 0.016 0.015 0.006 0.009 0.016 0.008 0.001 0.006 0.001 0.01 0.009 0.006
0.867 0.956 1 0.407 0.423 0.171 0.277 0.221 0.118 0.029 0.05 0.655 0.632 0.008 0.288 0.051 0.03 0.005 0.699 0.228 0.009 0.12 0.13 0.729 0.333 0.019 0.032 0.2 0.054 0.046 0.289 0.144 0.064 0.071 0.046 0.124 0.024 0.037 0.09 0.003 0 0.021 0.096 0.046 0.001 0.068 0.004 0.028 0.004 0 0.004 0.008 0.026 0.05 0.013 0.019 0.001 0.015 0.005 0.051 0.014 0.029 0.014 0.016 0.021 0.006 0.009 0.027 0.008 0.004 0.006 0 0.009 0.01 0.006
0.41 0.385 0.407 1 0.216 0.033 0.136 0.109 0.058 0.058 0.025 0.282 0.279 0.017 0.15 0.041 0.062 0.01 0.305 0.058 0.047 0.268 0.349 0.332 0.645 0 0.055 0.046 0.025 0.018 0.589 0.406 0.026 0.011 0.004 0.456 0.049 0.223 0.002 0.071 0.039 0.038 0.041 0.007 0.226 0.187 0.004 0.009 0.076 0.045 0.003 0.021 0.009 0.026 0.021 0.014 0.039 0.042 0.012 0 0.037 0.041 0.015 0.044 0.013 0.014 0.017 0.001 0.012 0.029 0.003 0 0.004 0.024 0.016
0.367 0.385 0.423 0.216 1 0.019 0.513 0.425 0.205 0.013 0.006 0.433 0.419 0.004 0.581 0.122 0.014 0.002 0.468 0.026 0.035 0.064 0.123 0.484 0.245 0.009 0.015 0.028 0.008 0.009 0.221 0.172 0.009 0.217 0.154 0.161 0.011 0.039 0.027 0.039 0.008 0.01 0.001 0.062 0.029 0.056 0.001 0.006 0.04 0.007 0 0.003 0.007 0.004 0.004 0.01 0.02 0.016 0.002 0.009 0.009 0.012 0.007 0.016 0.009 0.003 0.004 0.005 0.004 0.004 0.019 0.005 0.002 0.01 0.004
0.15 0.174 0.171 0.033 0.019 1 0.012 0.009 0.005 0.005 0.002 0.169 0.163 0.001 0.013 0.004 0.005 0.001 0.184 0.737 0.015 0.016 0.039 0.17 0.086 0.003 0.006 0.621 0.337 0.312 0.065 0.008 0.332 0.02 0.018 0.004 0.004 0.02 0.043 0 0 0.004 0.266 0.009 0.047 0.006 0.007 0.071 0 0.001 0.006 0.014 0.145 0.003 0.003 0.064 0.018 0.004 0.002 0.277 0.001 0.006 0.039 0.005 0.066 0.003 0.003 0.022 0.001 0.013 0.002 0.001 0.04 0.001 0.003
0.241 0.281 0.277 0.136 0.513 0.012 1 0.8 0.428 0.008 0.003 0.26 0.249 0.002 0.736 0.006 0.008 0.001 0.283 0.016 0.019 0.036 0.069 0.287 0.145 0.005 0.009 0.017 0.005 0.005 0.15 0.116 0.005 0.294 0.323 0.111 0.006 0.024 0.075 0.023 0 0.006 0.009 0.139 0.117 0.038 0.003 0.007 0.024 0.001 0.003 0.004 0.004 0.003 0.001 0.011 0.033 0.01 0.003 0.005 0.012 0.006 0.009 0.01 0.011 0.001 0.002 0.01 0.002 0.007 0.043 0.012 0.005 0.007 0.001
0.193 0.225 0.221 0.109 0.425 0.009 0.8 1 0.535 0.006 0.003 0.206 0.197 0.002 0.639 0.005 0.007 0.001 0.224 0.013 0.015 0.028 0.052 0.224 0.112 0.004 0.007 0.013 0.004 0.004 0.117 0.09 0.004 0.2 0.219 0.087 0.005 0.018 0.047 0.018 0 0.005 0.008 0.098 0.077 0.05 0.002 0.002 0.018 0 0.002 0.001 0.003 0.002 0.001 0.005 0.025 0.008 0.002 0.004 0.01 0.004 0.004 0.008 0.005 0 0.001 0.008 0.002 0.003 0.056 0 0.004 0.006 0.001
0.103 0.12 0.118 0.058 0.205 0.005 0.428 0.535 1 0.003 0.001 0.117 0.112 0.001 0.368 0.002 0.004 0.001 0.127 0.007 0.01 0.012 0.028 0.12 0.059 0.002 0.004 0.007 0.002 0.002 0.069 0.053 0.002 0.077 0.082 0.052 0.002 0.007 0.011 0.013 0.003 0.003 0.004 0.054 0.03 0.028 0.001 0 0.013 0.002 0.001 0 0.002 0.001 0.002 0.001 0.017 0.004 0.001 0.002 0.006 0.003 0.001 0.004 0.001 0.002 0 0.005 0.001 0.001 0.07 0 0.002 0.003 0.002
0.033 0.028 0.029 0.058 0.013 0.005 0.008 0.006 0.003 1 0.001 0.027 0.027 0.001 0.009 0.002 0.004 0.001 0.005 0.007 0.305 0.018 0.086 0.025 0.047 0.002 0.004 0.007 0.002 0.002 0.046 0.057 0.002 0.015 0.013 0.061 0.003 0.013 0.073 0.243 0.173 0.003 0.003 0.066 0.033 0.003 0.001 0.144 0.236 0.183 0.001 0.163 0.001 0.002 0.282 0.129 0.182 0.004 0.001 0.001 0.003 0.004 0.134 0.004 0.145 0.114 0.002 0.1 0.001 0.14 0.001 0.001 0.002 0.003 0.172
0.042 0.051 0.05 0.025 0.006 0.002 0.003 0.003 0.001 0.001 1 0.05 0.048 0 0.004 0.001 0.002 0 0.054 0.216 0.004 0.008 0.015 0.058 0.031 0.001 0.002 0.205 0.001 0.001 0.03 0.024 0.001 0.006 0.006 0.023 0.001 0.106 0.02 0.005 0.006 0.001 0.002 0.015 0.037 0.012 0.023 0.009 0.006 0.007 0.02 0.008 0.001 0.001 0.001 0.009 0.007 0.003 0 0.001 0.002 0.002 0.009 0.003 0.009 0.001 0 0.002 0 0.007 0.001 0 0.011 0.006 0.001
0.555 0.632 0.655 0.282 0.433 0.169 0.26 0.206 0.117 0.027 0.05 1 0.928 0.008 0.303 0.083 0.016 0.001 0.813 0.225 0.069 0.09 0.197 0.847 0.397 0.019 0.018 0.206 0.054 0.064 0.345 0.236 0.065 0.111 0.08 0.21 0.024 0.026 0.054 0.047 0.018 0.01 0.096 0.014 0.012 0.083 0.015 0.001 0.049 0.02 0.014 0.002 0.026 0.015 0.018 0.001 0.011 0.016 0.007 0.057 0.008 0.021 0 0.017 0 0.016 0.009 0 0.009 0.002 0.022 0.003 0.02 0.005 0.017
0.554 0.61 0.632 0.279 0.419 0.163 0.249 0.197 0.112 0.027 0.048 0.928 1 0.009 0.291 0.08 0.017 0.001 0.781 0.216 0.071 0.091 0.201 0.814 0.382 0.01 0.019 0.197 0.051 0.061 0.332 0.229 0.064 0.114 0.084 0.206 0.025 0.027 0.054 0.049 0.019 0.008 0.094 0.014 0.013 0.076 0.014 0.001 0.051 0.022 0.013 0.003 0.026 0.012 0.019 0 0.012 0.017 0.002 0.057 0.009 0.029 0 0.018 0 0.017 0.003 0 0.009 0.003 0.021 0.003 0.019 0.005 0.018
0.01 0.008 0.008 0.017 0.004 0.001 0.002 0.002 0.001 0.001 0 0.008 0.009 1 0.003 0.001 0.001 0 0.008 0.002 0 0.039 0.027 0.007 0.003 0.001 0.001 0 0.004 0.003 0.007 0.01 0.001 0.004 0.004 0.011 0.001 0.004 0.001 0 0.001 0.001 0.001 0.005 0.01 0.015 0 0 0.001 0.001 0 0 0 0.001 0.001 0 0 0 0 0.001 0 0.001 0 0 0 0.001 0.001 0.001 0 0 0 0 0.001 0.001 0.001
0.25 0.256 0.288 0.15 0.581 0.013 0.736 0.639 0.368 0.009 0.004 0.303 0.291 0.003 1 0.006 0.01 0.002 0.338 0.018 0.028 0.042 0.087 0.345 0.178 0.006 0.01 0.019 0.005 0.006 0.18 0.141 0.006 0.349 0.253 0.135 0.007 0.022 0.084 0.031 0.002 0.007 0.006 0.142 0.088 0.039 0.003 0 0.032 0.001 0.004 0 0.005 0.004 0.006 0.001 0.01 0.011 0.003 0.006 0.003 0.007 0.001 0.011 0.001 0.005 0.002 0.003 0.003 0 0.036 0.001 0.005 0.009 0.005
0.043 0.052 0.051 0.041 0.122 0.004 0.006 0.005 0.002 0.002 0.001 0.083 0.08 0.001 0.006 1 0.003 0 0.09 0.005 0.007 0.013 0.025 0.097 0.051 0.002 0.003 0.003 0.001 0.002 0.051 0.041 0.002 0.011 0.01 0.038 0.002 0.01 0.033 0.009 0.01 0.002 0.003 0.025 0.009 0.012 0.003 0.015 0.009 0.011 0.003 0.013 0.001 0.001 0.002 0.015 0.012 0.003 0.001 0.002 0.004 0.003 0.014 0.003 0.015 0.001 0.001 0.003 0.001 0.012 0.001 0.001 0.001 0.002 0.001
0.035 0.029 0.03 0.062 0.014 0.005 0.008 0.007 0.004 0.004 0.002 0.016 0.017 0.001 0.01 0.003 1 0.001 0.028 0.007 0.343 0.019 0.098 0.026 0.05 0.002 0.935 0.007 0.002 0.002 0.048 0.049 0.002 0.016 0.014 0.064 0.003 0.013 0.053 0.219 0.204 0.003 0.004 0.059 0.033 0.014 0.001 0.125 0.177 0.176 0.002 0.145 0.002 0.002 0.002 0.12 0.159 0.004 0.001 0.002 0.512 0.004 0.135 0.004 0.126 0.002 0.002 0.005 0 0.16 0 0.001 0.002 0.003 0.002
0.006 0.005 0.005 0.01 0.002 0.001 0.001 0.001 0.001 0.001 0 0.001 0.001 0 0.002 0 0.001 1 0.005 0.001 0.002 0.033 0.017 0.004 0.008 0 0.001 0.001 0 0 0.008 0.01 0 0.04 0.045 0.009 0.001 0.002 0.01 0 0 0 0.001 0.013 0.009 0.005 0 0.001 0 0.001 0 0.001 0 0 0 0.001 0.001 0.001 0 0 0 0.001 0.001 0.001 0.001 0 0 0.001 0 0.001 0 0.296 0 0.001 0
0.599 0.663 0.699 0.305 0.468 0.184 0.283 0.224 0.127 0.005 0.054 0.813 0.781 0.008 0.338 0.09 0.028 0.005 1 0.245 0.051 0.116 0.205 0.908 0.428 0.017 0.029 0.205 0.059 0.05 0.368 0.202 0.054 0.084 0.055 0.179 0.018 0.026 0.048 0.032 0.008 0.021 0.089 0.019 0.009 0.091 0.018 0.004 0.034 0.01 0.016 0 0.018 0.013 0.017 0.001 0.004 0.017 0.006 0.047 0.006 0.027 0 0.018 0.001 0.015 0.008 0.001 0.008 0 0.007 0.001 0.023 0.006 0.016
0.196 0.231 0.228 0.058 0.026 0.737 0.016 0.013 0.007 0.007 0.216 0.225 0.216 0.002 0.018 0.005 0.007 0.001 0.245 1 0.02 0.025 0.057 0.235 0.122 0.004 0.007 0.853 0.247 0.228 0.099 0.025 0.242 0.028 0.025 0.018 0.006 0.002 0.012 0.002 0.002 0.005 0.188 0.021 0.009 0.015 0.023 0.034 0.002 0.004 0.019 0.003 0.104 0.004 0.004 0.03 0.005 0.001 0.002 0.201 0.003 0.008 0.016 0.001 0.031 0.004 0.002 0.012 0.002 0.003 0.002 0.002 0.053 0 0.004
0.014 0.008 0.009 0.047 0.035 0.015 0.019 0.015 0.01 0.305 0.004 0.069 0.071 0 0.028 0.007 0.343 0.002 0.051 0.02 1 0.053 0.285 0.076 0.14 0.007 0.354 0.022 0.006 0.007 0.133 0.155 0.003 0.045 0.041 0.178 0.009 0.04 0.188 0.697 0.577 0.007 0.007 0.182 0.098 0.015 0.004 0.421 0.634 0.548 0.004 0.453 0.001 0.131 0.086 0.379 0.486 0.012 0.003 0.002 0.277 0.013 0.424 0.013 0.41 0.058 0.006 0.131 0.002 0.404 0.001 0.003 0.006 0.008 0.086
0.127 0.119 0.12 0.268 0.064 0.016 0.036 0.028 0.012 0.018 0.008 0.09 0.091 0.039 0.042 0.013 0.019 0.033 0.116 0.025 0.053 1 0.439 0.134 0.232 0.012 0.018 0.032 0.006 0.007 0.182 0.038 0.012 0.031 0.038 0.044 0.121 0.069 0.006 0.046 0.055 0.125 0.016 0.012 0.015 0.15 0 0.061 0.029 0.04 0 0.052 0.006 0.008 0.005 0.048 0.04 0.059 0 0.012 0.01 0.011 0.056 0.065 0.058 0.003 0.002 0.015 0.005 0.041 0 0.005 0.001 0.036 0.002
0.141 0.127 0.13 0.349 0.123 0.039 0.069 0.052 0.028 0.086 0.015 0.197 0.201 0.027 0.087 0.025 0.098 0.017 0.205 0.057 0.285 0.439 1 0.263 0.467 0.023 0.106 0.067 0.014 0.017 0.395 0.192 0.017 0 0.001 0.222 0.047 0.136 0.077 0.196 0.136 0.071 0.029 0.057 0.102 0.048 0.001 0.077 0.204 0.15 0.001 0.098 0.008 0.036 0.025 0.078 0.125 0.012 0.001 0.017 0.094 0.028 0.077 0.014 0.073 0.019 0.009 0.027 0.009 0.094 0 0.001 0.001 0.007 0.032
0.627 0.691 0.729 0.332 0.484 0.17 0.287 0.224 0.12 0.025 0.058 0.847 0.814 0.007 0.345 0.097 0.026 0.004 0.908 0.235 0.076 0.134 0.263 1 0.496 0.016 0.028 0.239 0.063 0.054 0.395 0.241 0.074 0.088 0.058 0.216 0.02 0.022 0.044 0.049 0.017 0.019 0.113 0.015 0.012 0.095 0.018 0.002 0.051 0.019 0.017 0.001 0.031 0.012 0.016 0 0.01 0.018 0.006 0.066 0.013 0.025 0 0.019 0.001 0.014 0.007 0 0.007 0.002 0.008 0.001 0.025 0.007 0.015
0.316 0.31 0.333 0.645 0.245 0.086 0.145 0.112 0.059 0.047 0.031 0.397 0.382 0.003 0.178 0.051 0.05 0.008 0.428 0.122 0.14 0.232 0.467 0.496 1 0.031 0.053 0.13 0.04 0.032 0.839 0.57 0.037 0.02 0.01 0.521 0.04 0.188 0.002 0.118 0.07 0.035 0.062 0.007 0.22 0.21 0.001 0.017 0.123 0.072 0 0.034 0.013 0.025 0.025 0.021 0.055 0.04 0.012 0.032 0.039 0.008 0.025 0.042 0.02 0.021 0.022 0.005 0.016 0.035 0.005 0 0.001 0.016 0.028
0.004 0.018 0.019 0 0.009 0.003 0.005 0.004 0.002 0.002 0.001 0.019 0.01 0.001 0.006 0.002 0.002 0 0.017 0.004 0.007 0.012 0.023 0.016 0.031 1 0.002 0.005 0.001 0.001 0.031 0.038 0.001 0.01 0.009 0 0.002 0.025 0.027 0.008 0.009 0 0.003 0.016 0.003 0 0.001 0.013 0.008 0.009 0.001 0.011 0.001 0.001 0.001 0.013 0.01 0.003 0.133 0.001 0.003 0.104 0.012 0.003 0.013 0.001 0 0.003 0.001 0.01 0.001 0.001 0.001 0.002 0.001
0.037 0.032 0.032 0.055 0.015 0.006 0.009 0.007 0.004 0.004 0.002 0.018 0.019 0.001 0.01 0.003 0.935 0.001 0.029 0.007 0.354 0.018 0.106 0.028 0.053 0.002 1 0.008 0.002 0.002 0.051 0.052 0.003 0.016 0.015 0.068 0.003 0.014 0.055 0.229 0.213 0.003 0.004 0.052 0.036 0.014 0.001 0.13 0.187 0.184 0.002 0.152 0.002 0.002 0.002 0.109 0.148 0.005 0.001 0.003 0.536 0.005 0.141 0.005 0.116 0.002 0.002 0.005 0 0.168 0 0.001 0.002 0.004 0.002
0.171 0.204 0.2 0.046 0.028 0.621 0.017 0.013 0.007 0.007 0.205 0.206 0.197 0 0.019 0.003 0.007 0.001 0.205 0.853 0.022 0.032 0.067 0.239 0.13 0.005 0.008 1 0.271 0.249 0.106 0.039 0.28 0.029 0.022 0.03 0.006 0.001 0.02 0.002 0.003 0.006 0.272 0.018 0.009 0.025 0.022 0.052 0.003 0.005 0.018 0.004 0.18 0.004 0.004 0.047 0.006 0.001 0.002 0.256 0.004 0.009 0.029 0.001 0.048 0.004 0.002 0.016 0.001 0.004 0.002 0.002 0.049 0 0.004
0.047 0.055 0.054 0.025 0.008 0.337 0.005 0.004 0.002 0.002 0.001 0.054 0.051 0.004 0.005 0.001 0.002 0 0.059 0.247 0.006 0.006 0.014 0.063 0.04 0.001 0.002 0.271 1 0.869 0.009 0.006 0.061 0.007 0.006 0.005 0.002 0.008 0.008 0.007 0.008 0.002 0.085 0.018 0.018 0 0.009 0.006 0.007 0.009 0.008 0.002 0.099 0.001 0.001 0.005 0.002 0.001 0.001 0.071 0.003 0.002 0.003 0.001 0.005 0.001 0.001 0.002 0.001 0.002 0.001 0 0.087 0 0.001
0.039 0.047 0.046 0.018 0.009 0.312 0.005 0.004 0.002 0.002 0.001 0.064 0.061 0.003 0.006 0.002 0.002 0 0.05 0.228 0.007 0.007 0.017 0.054 0.032 0.001 0.002 0.249 0.869 1 0.007 0.009 0.065 0.002 0.001 0.008 0.002 0.009 0.013 0.008 0.009 0.002 0.084 0.021 0.011 0.001 0.008 0.005 0.009 0.01 0.006 0.002 0.085 0.001 0.001 0.005 0.001 0.001 0.001 0.061 0.002 0.003 0.002 0.001 0.004 0.001 0.001 0.001 0.001 0.001 0.001 0.001 0.075 0 0.001
0.274 0.272 0.289 0.589 0.221 0.065 0.15 0.117 0.069 0.046 0.03 0.345 0.332 0.007 0.18 0.051 0.048 0.008 0.368 0.099 0.133 0.182 0.395 0.395 0.839 0.031 0.051 0.106 0.009 0.007 1 0.671 0.048 0.038 0.026 0.618 0.041 0.188 0 0.121 0.072 0.037 0.084 0.002 0.263 0.26 0.001 0.012 0.126 0.074 0 0.034 0.031 0.025 0.022 0.015 0.056 0.041 0.015 0.047 0.041 0.008 0.018 0.043 0.015 0.021 0.022 0.005 0.021 0.036 0.005 0 0.002 0.02 0.026
0.147 0.132 0.144 0.406 0.172 0.008 0.116 0.09 0.053 0.057 0.024 0.236 0.229 0.01 0.141 0.041 0.049 0.01 0.202 0.025 0.155 0.038 0.192 0.241 0.57 0.038 0.052 0.039 0.006 0.009 0.671 1 0.038 0.241 0.223 0.901 0.051 0.142 0.021 0.202 0.14 0.04 0.068 0 0.406 0.186 0 0.05 0.208 0.143 0 0.088 0.024 0.031 0.031 0.046 0.118 0.044 0.019 0.002 0.043 0.003 0.062 0.047 0.056 0.026 0.016 0.045 0.017 0.09 0.013 0.013 0.005 0.015 0.034
0.055 0.065 0.064 0.026 0.009 0.332 0.005 0.004 0.002 0.002 0.001 0.065 0.064 0.001 0.006 0.002 0.002 0 0.054 0.242 0.003 0.012 0.017 0.074 0.037 0.001 0.003 0.28 0.061 0.065 0.048 0.038 1 0.01 0.009 0.036 0.002 0.009 0.046 0.009 0.009 0.002 0.395 0.011 0.023 0.015 0.023 0.066 0.009 0.01 0.02 0.004 0.265 0.001 0.001 0.062 0.006 0.001 0.001 0.181 0 0.003 0.037 0.001 0.067 0.001 0.001 0.003 0.001 0.006 0.001 0.001 0.011 0.001 0.001
0.065 0.058 0.071 0.011 0.217 0.02 0.294 0.2 0.077 0.015 0.006 0.111 0.114 0.004 0.349 0.011 0.016 0.04 0.084 0.028 0.045 0.031 0 0.088 0.02 0.01 0.016 0.029 0.007 0.002 0.038 0.241 0.01 1 0.876 0.226 0.012 0.059 0.299 0.051 0.055 0.168 0.001 0.18 0.218 0.006 0.006 0.045 0.053 0.052 0.006 0.034 0.007 0.008 0.009 0.033 0.029 0.012 0.005 0.01 0.009 0.015 0.04 0.009 0.043 0.008 0.008 0.009 0.004 0.029 0 0.042 0.009 0.002 0.008
0.042 0.048 0.046 0.004 0.154 0.018 0.323 0.219 0.082 0.013 0.006 0.08 0.084 0.004 0.253 0.01 0.014 0.045 0.055 0.025 0.041 0.038 0.001 0.058 0.01 0.009 0.015 0.022 0.006 0.001 0.026 0.223 0.009 0.876 1 0.212 0.011 0.053 0.274 0.046 0.049 0.186 0.013 0.148 0.265 0.004 0.005 0.076 0.047 0.056 0.006 0.068 0.004 0.008 0.008 0.06 0.061 0.01 0.004 0.006 0.018 0.013 0.07 0.011 0.075 0.007 0.008 0.018 0.002 0.062 0 0.047 0.008 0.003 0.007
0.139 0.113 0.124 0.456 0.161 0.004 0.111 0.087 0.052 0.061 0.023 0.21 0.206 0.011 0.135 0.038 0.064 0.009 0.179 0.018 0.178 0.044 0.222 0.216 0.521 0 0.068 0.03 0.005 0.008 0.618 0.901 0.036 0.226 0.212 1 0.054 0.212 0.012 0.229 0.16 0.037 0.064 0.002 0.481 0.212 0 0.064 0.236 0.164 0 0.105 0.023 0.033 0.033 0.059 0.14 0.048 0.018 0.002 0.056 0.036 0.077 0.05 0.07 0.028 0.016 0.048 0.016 0.107 0.014 0.012 0.005 0.017 0.037
0.027 0.023 0.024 0.049 0.011 0.004 0.006 0.005 0.002 0.003 0.001 0.024 0.025 0.001 0.007 0.002 0.003 0.001 0.018 0.006 0.009 0.121 0.047 0.02 0.04 0.002 0.003 0.006 0.002 0.002 0.041 0.051 0.002 0.012 0.011 0.054 1 0.01 0.03 0.009 0.01 0.002 0.003 0.02 0.019 0.04 0.001 0.013 0.006 0.008 0.001 0.014 0 0.002 0.002 0.012 0.009 0.356 0.001 0.002 0.003 0 0.015 0.357 0.012 0.002 0.002 0.004 0.001 0.009 0.001 0.001 0.002 0.034 0.002
0.015 0.036 0.037 0.223 0.039 0.02 0.024 0.018 0.007 0.013 0.106 0.026 0.027 0.004 0.022 0.01 0.013 0.002 0.026 0.002 0.04 0.069 0.136 0.022 0.188 0.025 0.014 0.001 0.008 0.009 0.188 0.142 0.009 0.059 0.053 0.212 0.01 1 0.186 0.051 0.053 0.011 0.016 0.123 0.372 0.086 0 0.085 0.053 0.061 0 0.073 0.005 0.008 0.009 0.084 0.068 0.006 0.004 0.009 0.022 0.208 0.078 0.007 0.084 0.008 0.1 0.018 0.065 0.067 0 0.003 0.001 0.001 0.008
0.07 0.08 0.09 0.002 0.027 0.043 0.075 0.047 0.011 0.073 0.02 0.054 0.054 0.001 0.084 0.033 0.053 0.01 0.048 0.012 0.188 0.006 0.077 0.044 0.002 0.027 0.055 0.02 0.008 0.013 0 0.021 0.046 0.299 0.274 0.012 0.03 0.186 1 0.264 0.199 0.055 0.087 0.452 0 0.062 0.004 0.308 0.231 0.178 0.005 0.239 0.032 0.035 0.035 0.295 0.281 0.041 0.005 0.044 0.083 0.045 0.273 0.043 0.293 0.024 0.026 0.091 0.014 0.227 0.002 0.012 0.013 0.02 0.034
0.007 0.003 0.003 0.071 0.039 0 0.023 0.018 0.013 0.243 0.005 0.047 0.049 0 0.031 0.009 0.219 0 0.032 0.002 0.697 0.046 0.196 0.049 0.118 0.008 0.229 0.002 0.007 0.008 0.121 0.202 0.009 0.051 0.046 0.229 0.009 0.051 0.264 1 0.829 0.01 0.015 0.272 0.126 0.028 0.005 0.573 0.899 0.775 0.005 0.645 0.006 0.134 0.126 0.519 0.695 0.011 0.004 0.01 0.246 0.015 0.568 0.011 0.556 0.105 0.007 0.24 0.004 0.602 0.002 0.003 0.008 0.012 0.135
0 0.001 0 0.039 0.008 0 0 0 0.003 0.173 0.006 0.018 0.019 0.001 0.002 0.01 0.204 0 0.008 0.002 0.577 0.055 0.136 0.017 0.07 0.009 0.213 0.003 0.008 0.009 0.072 0.14 0.009 0.055 0.049 0.16 0.01 0.053 0.199 0.829 1 0.011 0.016 0.292 0.135 0.037 0.005 0.622 0.762 0.854 0.006 0.694 0.007 0.12 0.117 0.537 0.588 0.016 0.004 0.008 0.222 0.017 0.587 0.017 0.573 0.06 0.008 0.213 0.004 0.622 0.026 0.003 0.009 0.013 0.084
0.009 0.02 0.021 0.038 0.01 0.004 0.006 0.005 0.003 0.003 0.001 0.01 0.008 0.001 0.007 0.002 0.003 0 0.021 0.005 0.007 0.125 0.071 0.019 0.035 0 0.003 0.006 0.002 0.002 0.037 0.04 0.002 0.168 0.186 0.037 0.002 0.011 0.055 0.01 0.011 1 0.003 0.001 0.021 0.056 0.001 0.017 0.01 0.012 0.001 0.015 0.001 0.002 0.002 0.006 0.013 0 0.001 0.002 0.004 0.003 0.016 0 0.017 0.002 0.002 0.004 0.001 0.014 0.018 0.001 0.002 0.003 0.002
0.082 0.07 0.096 0.041 0.001 0.266 0.009 0.008 0.004 0.003 0.002 0.096 0.094 0.001 0.006 0.003 0.004 0.001 0.089 0.188 0.007 0.016 0.029 0.113 0.062 0.003 0.004 0.272 0.085 0.084 0.084 0.068 0.395 0.001 0.013 0.064 0.003 0.016 0.087 0.015 0.016 0.003 1 0 0.04 0.032 0.002 0.187 0.016 0.01 0.002 0.038 0.389 0.002 0.003 0.175 0.043 0.005 0.001 0.185 0.003 0.005 0.126 0.005 0.178 0.002 0.002 0.005 0.001 0.036 0.001 0.001 0.003 0.004 0.002
0.032 0.038 0.046 0.007 0.062 0.009 0.139 0.098 0.054 0.066 0.015 0.014 0.014 0.005 0.142 0.025 0.059 0.013 0.019 0.021 0.182 0.012 0.057 0.015 0.007 0.016 0.052 0.018 0.018 0.021 0.002 0 0.011 0.18 0.148 0.002 0.02 0.123 0.452 0.272 0.292 0.001 0 1 0 0.051 0.013 0.248 0.281 0.311 0.015 0.279 0.005 0.04 0.04 0.224 0.271 0.039 0.005 0.002 0.093 0.042 0.235 0.041 0.238 0.028 0.02 0.078 0.003 0.257 0.001 0.016 0.022 0.018 0.049
0.006 0.001 0.001 0.226 0.029 0.047 0.117 0.077 0.03 0.033 0.037 0.012 0.013 0.01 0.088 0.009 0.033 0.009 0.009 0.009 0.098 0.015 0.102 0.012 0.22 0.003 0.036 0.009 0.018 0.011 0.263 0.406 0.023 0.218 0.265 0.481 0.019 0.372 0 0.126 0.135 0.021 0.04 0 1 0.116 0.002 0.214 0.13 0.155 0.003 0.186 0.017 0.019 0.021 0.212 0.168 0.022 0.011 0.022 0.055 0.122 0.199 0.024 0.212 0.019 0.036 0.045 0.029 0.169 0.006 0.024 0.01 0.005 0.02
0.075 0.064 0.068 0.187 0.056 0.006 0.038 0.05 0.028 0.003 0.012 0.083 0.076 0.015 0.039 0.012 0.014 0.005 0.091 0.015 0.015 0.15 0.048 0.095 0.21 0 0.014 0.025 0 0.001 0.26 0.186 0.015 0.006 0.004 0.212 0.04 0.086 0.062 0.028 0.037 0.056 0.032 0.051 0.116 1 0.01 0.086 0.033 0.049 0.007 0.059 0.01 0.001 0.002 0.065 0.048 0.085 0.031 0.018 0.039 0.028 0.068 0.09 0.073 0.004 0.006 0.003 0.008 0.062 0.001 0.006 0.001 0.044 0.007
0.003 0.004 0.004 0.004 0.001 0.007 0.003 0.002 0.001 0.001 0.023 0.015 0.014 0 0.003 0.003 0.001 0 0.018 0.023 0.004 0 0.001 0.018 0.001 0.001 0.001 0.022 0.009 0.008 0.001 0 0.023 0.006 0.005 0 0.001 0 0.004 0.005 0.005 0.001 0.002 0.013 0.002 0.01 1 0.008 0.005 0.006 0.888 0.007 0.001 0.001 0.001 0.008 0.006 0.002 0 0.001 0.002 0.002 0.007 0.002 0.008 0.001 0 0.002 0 0.006 0 0 0.566 0.015 0.001
0.017 0.021 0.028 0.009 0.006 0.071 0.007 0.002 0 0.144 0.009 0.001 0.001 0 0 0.015 0.125 0.001 0.004 0.034 0.421 0.061 0.077 0.002 0.017 0.013 0.13 0.052 0.006 0.005 0.012 0.05 0.066 0.045 0.076 0.064 0.013 0.085 0.308 0.573 0.622 0.017 0.187 0.248 0.214 0.086 0.008 1 0.607 0.688 0.009 0.808 0.071 0.082 0.071 0.879 0.733 0.026 0.007 0.097 0.248 0.026 0.86 0.027 0.923 0.059 0.012 0.21 0.006 0.746 0.016 0.005 0.014 0.02 0.083
0.008 0.004 0.004 0.076 0.04 0 0.024 0.018 0.013 0.236 0.006 0.049 0.051 0.001 0.032 0.009 0.177 0 0.034 0.002 0.634 0.029 0.204 0.051 0.123 0.008 0.187 0.003 0.007 0.009 0.126 0.208 0.009 0.053 0.047 0.236 0.006 0.053 0.231 0.899 0.762 0.01 0.016 0.281 0.13 0.033 0.005 0.607 1 0.821 0.005 0.67 0.007 0.13 0.122 0.553 0.737 0.016 0.004 0.009 0.269 0.016 0.591 0.016 0.59 0.102 0.007 0.247 0.004 0.641 0.002 0.003 0.008 0.012 0.139
0 0 0 0.045 0.007 0.001 0.001 0 0.002 0.183 0.007 0.02 0.022 0.001 0.001 0.011 0.176 0.001 0.01 0.004 0.548 0.04 0.15 0.019 0.072 0.009 0.184 0.005 0.009 0.01 0.074 0.143 0.01 0.052 0.056 0.164 0.008 0.061 0.178 0.775 0.854 0.012 0.01 0.311 0.155 0.049 0.006 0.688 0.821 1 0.007 0.774 0.008 0.114 0.116 0.617 0.674 0.019 0.005 0.006 0.284 0.019 0.661 0.019 0.654 0.087 0.009 0.204 0.005 0.699 0.025 0.004 0.009 0.015 0.118
0.003 0.004 0.004 0.003 0 0.006 0.003 0.002 0.001 0.001 0.02 0.014 0.013 0 0.004 0.003 0.002 0 0.016 0.019 0.004 0 0.001 0.017 0 0.001 0.002 0.018 0.008 0.006 0 0 0.02 0.006 0.006 0 0.001 0 0.005 0.005 0.006 0.001 0.002 0.015 0.003 0.007 0.888 0.009 0.005 0.007 1 0.008 0.001 0.001 0.001 0.009 0.007 0.002 0 0.001 0.002 0.002 0.008 0.002 0.009 0.001 0 0.002 0 0.007 0.001 0 0.613 0.024 0.001
0.003 0.005 0.008 0.021 0.003 0.014 0.004 0.001 0 0.163 0.008 0.002 0.003 0 0 0.013 0.145 0.001 0 0.003 0.453 0.052 0.098 0.001 0.034 0.011 0.152 0.004 0.002 0.002 0.034 0.088 0.004 0.034 0.068 0.105 0.014 0.073 0.239 0.645 0.694 0.015 0.038 0.279 0.186 0.059 0.007 0.808 0.67 0.774 0.008 1 0.009 0.083 0.102 0.762 0.871 0.022 0.006 0.003 0.276 0.023 0.771 0.023 0.808 0.102 0.011 0.229 0.005 0.878 0.012 0.005 0.011 0.018 0.108
0.021 0.026 0.026 0.009 0.007 0.145 0.004 0.003 0.002 0.001 0.001 0.026 0.026 0 0.005 0.001 0.002 0 0.018 0.104 0.001 0.006 0.008 0.031 0.013 0.001 0.002 0.18 0.099 0.085 0.031 0.024 0.265 0.007 0.004 0.023 0 0.005 0.032 0.006 0.007 0.001 0.389 0.005 0.017 0.01 0.001 0.071 0.007 0.008 0.001 0.009 1 0.001 0.001 0.072 0.008 0.001 0.001 0.461 0.003 0.002 0.06 0.001 0.07 0.001 0.001 0.002 0 0.009 0.001 0 0.001 0.002 0.001
0.043 0.051 0.05 0.026 0.004 0.003 0.003 0.002 0.001 0.002 0.001 0.015 0.012 0.001 0.004 0.001 0.002 0 0.013 0.004 0.131 0.008 0.036 0.012 0.025 0.001 0.002 0.004 0.001 0.001 0.025 0.031 0.001 0.008 0.008 0.033 0.002 0.008 0.035 0.134 0.12 0.002 0.002 0.04 0.019 0.001 0.001 0.082 0.13 0.114 0.001 0.083 0.001 1 0.001 0.076 0.094 0.002 0.001 0.001 0 0.002 0.079 0.002 0.083 0.001 0.001 0.205 0.001 0.05 0.001 0 0.001 0.002 0.001
0.015 0.012 0.013 0.021 0.004 0.003 0.001 0.001 0.002 0.282 0.001 0.018 0.019 0.001 0.006 0.002 0.002 0 0.017 0.004 0.086 0.005 0.025 0.016 0.025 0.001 0.002 0.004 0.001 0.001 0.022 0.031 0.001 0.009 0.008 0.033 0.002 0.009 0.035 0.126 0.117 0.002 0.003 0.04 0.021 0.002 0.001 0.071 0.122 0.116 0.001 0.102 0.001 0.001 1 0.089 0.114 0.003 0.001 0.001 0.004 0.003 0.075 0.003 0.089 0.248 0.001 0.024 0.001 0.081 0.001 0.001 0.001 0.002 0.372
0.011 0.014 0.019 0.014 0.01 0.064 0.011 0.005 0.001 0.129 0.009 0.001 0 0 0.001 0.015 0.12 0.001 0.001 0.03 0.379 0.048 0.078 0 0.021 0.013 0.109 0.047 0.005 0.005 0.015 0.046 0.062 0.033 0.06 0.059 0.012 0.084 0.295 0.519 0.537 0.006 0.175 0.224 0.212 0.065 0.008 0.879 0.553 0.617 0.009 0.762 0.072 0.076 0.089 1 0.743 0.026 0.007 0.099 0.209 0.026 0.865 0.026 0.945 0.089 0.012 0.205 0.006 0.751 0.041 0.005 0.013 0.02 0.095
0 0 0.001 0.039 0.02 0.018 0.033 0.025 0.017 0.182 0.007 0.011 0.012 0 0.01 0.012 0.159 0.001 0.004 0.005 0.486 0.04 0.125 0.01 0.055 0.01 0.148 0.006 0.002 0.001 0.056 0.118 0.006 0.029 0.061 0.14 0.009 0.068 0.281 0.695 0.588 0.013 0.043 0.271 0.168 0.048 0.006 0.733 0.737 0.674 0.007 0.871 0.008 0.094 0.114 0.743 1 0.02 0.005 0.005 0.29 0.021 0.713 0.021 0.789 0.113 0.01 0.261 0.005 0.827 0.003 0.004 0.01 0.016 0.12
0.02 0.015 0.015 0.042 0.016 0.004 0.01 0.008 0.004 0.004 0.003 0.016 0.017 0 0.011 0.003 0.004 0.001 0.017 0.001 0.012 0.059 0.012 0.018 0.04 0.003 0.005 0.001 0.001 0.001 0.041 0.044 0.001 0.012 0.01 0.048 0.356 0.006 0.041 0.011 0.016 0 0.005 0.039 0.022 0.085 0.002 0.026 0.016 0.019 0.002 0.022 0.001 0.002 0.003 0.026 0.02 1 0.001 0.003 0.007 0.005 0.024 0.964 0.026 0.002 0.002 0.005 0.001 0.02 0.001 0.001 0.003 0.174 0.002
0.006 0.007 0.005 0.012 0.002 0.002 0.003 0.002 0.001 0.001 0 0.007 0.002 0 0.003 0.001 0.001 0 0.006 0.002 0.003 0 0.001 0.006 0.012 0.133 0.001 0.002 0.001 0.001 0.015 0.019 0.001 0.005 0.004 0.018 0.001 0.004 0.005 0.004 0.004 0.001 0.001 0.005 0.011 0.031 0 0.007 0.004 0.005 0 0.006 0.001 0.001 0.001 0.007 0.005 0.001 1 0.001 0.002 0.001 0.006 0.001 0.007 0.001 0.001 0.001 0 0.005 0 0 0.001 0.001 0.001
0.044 0.052 0.051 0 0.009 0.277 0.005 0.004 0.002 0.001 0.001 0.057 0.057 0.001 0.006 0.002 0.002 0 0.047 0.201 0.002 0.012 0.017 0.066 0.032 0.001 0.003 0.256 0.071 0.061 0.047 0.002 0.181 0.01 0.006 0.002 0.002 0.009 0.044 0.01 0.008 0.002 0.185 0.002 0.022 0.018 0.001 0.097 0.009 0.006 0.001 0.003 0.461 0.001 0.001 0.099 0.005 0.003 0.001 1 0.002 0.003 0.088 0.003 0.096 0.001 0.001 0.052 0.001 0.005 0.001 0.001 0.001 0.002 0.001
0.019 0.015 0.014 0.037 0.009 0.001 0.012 0.01 0.006 0.003 0.002 0.008 0.009 0 0.003 0.004 0.512 0 0.006 0.003 0.277 0.01 0.094 0.013 0.039 0.003 0.536 0.004 0.003 0.002 0.041 0.043 0 0.009 0.018 0.056 0.003 0.022 0.083 0.246 0.222 0.004 0.003 0.093 0.055 0.039 0.002 0.248 0.269 0.284 0.002 0.276 0.003 0 0.004 0.209 0.29 0.007 0.002 0.002 1 0.007 0.267 0.007 0.234 0.003 0.003 0.004 0.002 0.281 0 0.001 0.003 0.005 0.001
0.01 0.029 0.029 0.041 0.012 0.006 0.006 0.004 0.003 0.004 0.002 0.021 0.029 0.001 0.007 0.003 0.004 0.001 0.027 0.008 0.013 0.011 0.028 0.025 0.008 0.104 0.005 0.009 0.002 0.003 0.008 0.003 0.003 0.015 0.013 0.036 0 0.208 0.045 0.015 0.017 0.003 0.005 0.042 0.122 0.028 0.002 0.026 0.016 0.019 0.002 0.023 0.002 0.002 0.003 0.026 0.021 0.005 0.001 0.003 0.007 1 0.024 0.005 0.026 0.002 0.002 0.006 0.001 0.021 0.001 0.001 0.003 0 0.002
0.006 0.01 0.014 0.015 0.007 0.039 0.009 0.004 0.001 0.134 0.009 0 0 0 0.001 0.014 0.135 0.001 0 0.016 0.424 0.056 0.077 0 0.025 0.012 0.141 0.029 0.003 0.002 0.018 0.062 0.037 0.04 0.07 0.077 0.015 0.078 0.273 0.568 0.587 0.016 0.126 0.235 0.199 0.068 0.007 0.86 0.591 0.661 0.008 0.771 0.06 0.079 0.075 0.865 0.713 0.024 0.006 0.088 0.267 0.024 1 0.025 0.908 0.095 0.011 0.227 0.006 0.722 0.018 0.005 0.012 0.017 0.079
0.021 0.016 0.016 0.044 0.016 0.005 0.01 0.008 0.004 0.004 0.003 0.017 0.018 0 0.011 0.003 0.004 0.001 0.018 0.001 0.013 0.065 0.014 0.019 0.042 0.003 0.005 0.001 0.001 0.001 0.043 0.047 0.001 0.009 0.011 0.05 0.357 0.007 0.043 0.011 0.017 0 0.005 0.041 0.024 0.09 0.002 0.027 0.016 0.019 0.002 0.023 0.001 0.002 0.003 0.026 0.021 0.964 0.001 0.003 0.007 0.005 0.025 1 0.027 0.002 0.002 0.006 0.001 0.021 0.001 0.001 0.003 0.192 0.003
0.012 0.015 0.021 0.013 0.009 0.066 0.011 0.005 0.001 0.145 0.009 0 0 0 0.001 0.015 0.126 0.001 0.001 0.031 0.41 0.058 0.073 0.001 0.02 0.013 0.116 0.048 0.005 0.004 0.015 0.056 0.067 0.043 0.075 0.07 0.012 0.084 0.293 0.556 0.573 0.017 0.178 0.238 0.212 0.073 0.008 0.923 0.59 0.654 0.009 0.808 0.07 0.083 0.089 0.945 0.789 0.026 0.007 0.096 0.234 0.026 0.908 0.027 1 0.089 0.012 0.212 0.006 0.775 0.016 0.005 0.013 0.018 0.094
0.008 0.006 0.006 0.014 0.003 0.003 0.001 0 0.002 0.114 0.001 0.016 0.017 0.001 0.005 0.001 0.002 0 0.015 0.004 0.058 0.003 0.019 0.014 0.021 0.001 0.002 0.004 0.001 0.001 0.021 0.026 0.001 0.008 0.007 0.028 0.002 0.008 0.024 0.105 0.06 0.002 0.002 0.028 0.019 0.004 0.001 0.059 0.102 0.087 0.001 0.102 0.001 0.001 0.248 0.089 0.113 0.002 0.001 0.001 0.003 0.002 0.095 0.002 0.089 1 0.001 0.003 0.001 0.079 0.001 0 0.001 0.002 0.59
0.003 0.009 0.009 0.017 0.004 0.003 0.002 0.001 0 0.002 0 0.009 0.003 0.001 0.002 0.001 0.002 0 0.008 0.002 0.006 0.002 0.009 0.007 0.022 0 0.002 0.002 0.001 0.001 0.022 0.016 0.001 0.008 0.008 0.016 0.002 0.1 0.026 0.007 0.008 0.002 0.002 0.02 0.036 0.006 0 0.012 0.007 0.009 0 0.011 0.001 0.001 0.001 0.012 0.01 0.002 0.001 0.001 0.003 0.002 0.011 0.002 0.012 0.001 1 0.003 0.001 0.01 0 0 0.001 0.002 0.001
0.02 0.016 0.027 0.001 0.005 0.022 0.01 0.008 0.005 0.1 0.002 0 0 0.001 0.003 0.003 0.005 0.001 0.001 0.012 0.131 0.015 0.027 0 0.005 0.003 0.005 0.016 0.002 0.001 0.005 0.045 0.003 0.009 0.018 0.048 0.004 0.018 0.091 0.24 0.213 0.004 0.005 0.078 0.045 0.003 0.002 0.21 0.247 0.204 0.002 0.229 0.002 0.205 0.024 0.205 0.261 0.005 0.001 0.052 0.004 0.006 0.227 0.006 0.212 0.003 0.003 1 0.001 0.232 0.002 0.001 0.003 0.004 0.002
0.003 0.008 0.008 0.012 0.004 0.001 0.002 0.002 0.001 0.001 0 0.009 0.009 0 0.003 0.001 0 0 0.008 0.002 0.002 0.005 0.009 0.007 0.016 0.001 0 0.001 0.001 0.001 0.021 0.017 0.001 0.004 0.002 0.016 0.001 0.065 0.014 0.004 0.004 0.001 0.001 0.003 0.029 0.008 0 0.006 0.004 0.005 0 0.005 0 0.001 0.001 0.006 0.005 0.001 0 0.001 0.002 0.001 0.006 0.001 0.006 0.001 0.001 0.001 1 0.005 0 0 0.001 0.001 0.001
0.001 0.001 0.004 0.029 0.004 0.013 0.007 0.003 0.001 0.14 0.007 0.002 0.003 0 0 0.012 0.16 0.001 0 0.003 0.404 0.041 0.094 0.002 0.035 0.01 0.168 0.004 0.002 0.001 0.036 0.09 0.006 0.029 0.062 0.107 0.009 0.067 0.227 0.602 0.622 0.014 0.036 0.257 0.169 0.062 0.006 0.746 0.641 0.699 0.007 0.878 0.009 0.05 0.081 0.751 0.827 0.02 0.005 0.005 0.281 0.021 0.722 0.021 0.775 0.079 0.01 0.232 0.005 1 0.017 0.004 0.01 0.016 0.098
0.005 0.006 0.006 0.003 0.019 0.002 0.043 0.056 0.07 0.001 0.001 0.022 0.021 0 0.036 0.001 0 0 0.007 0.002 0.001 0 0 0.008 0.005 0.001 0 0.002 0.001 0.001 0.005 0.013 0.001 0 0 0.014 0.001 0 0.002 0.002 0.026 0.018 0.001 0.001 0.006 0.001 0 0.016 0.002 0.025 0.001 0.012 0.001 0.001 0.001 0.041 0.003 0.001 0 0.001 0 0.001 0.018 0.001 0.016 0.001 0 0.002 0 0.017 1 0 0.001 0.001 0.001
0 0.001 0 0 0.005 0.001 0.012 0 0 0.001 0 0.003 0.003 0 0.001 0.001 0.001 0.296 0.001 0.002 0.003 0.005 0.001 0.001 0 0.001 0.001 0.002 0 0.001 0 0.013 0.001 0.042 0.047 0.012 0.001 0.003 0.012 0.003 0.003 0.001 0.001 0.016 0.024 0.006 0 0.005 0.003 0.004 0 0.005 0 0 0.001 0.005 0.004 0.001 0 0.001 0.001 0.001 0.005 0.001 0.005 0 0 0.001 0 0.004 0 1 0.001 0.001 0.001
0.007 0.01 0.009 0.004 0.002 0.04 0.005 0.004 0.002 0.002 0.011 0.02 0.019 0.001 0.005 0.001 0.002 0 0.023 0.053 0.006 0.001 0.001 0.025 0.001 0.001 0.002 0.049 0.087 0.075 0.002 0.005 0.011 0.009 0.008 0.005 0.002 0.001 0.013 0.008 0.009 0.002 0.003 0.022 0.01 0.001 0.566 0.014 0.008 0.009 0.613 0.011 0.001 0.001 0.001 0.013 0.01 0.003 0.001 0.001 0.003 0.003 0.012 0.003 0.013 0.001 0.001 0.003 0.001 0.01 0.001 0.001 1 0.039 0.001
0.012 0.009 0.01 0.024 0.01 0.001 0.007 0.006 0.003 0.003 0.006 0.005 0.005 0.001 0.009 0.002 0.003 0.001 0.006 0 0.008 0.036 0.007 0.007 0.016 0.002 0.004 0 0 0 0.02 0.015 0.001 0.002 0.003 0.017 0.034 0.001 0.02 0.012 0.013 0.003 0.004 0.018 0.005 0.044 0.015 0.02 0.012 0.015 0.024 0.018 0.002 0.002 0.002 0.02 0.016 0.174 0.001 0.002 0.005 0 0.017 0.192 0.018 0.002 0.002 0.004 0.001 0.016 0.001 0.001 0.039 1 0.002
0.008 0.006 0.006 0.016 0.004 0.003 0.001 0.001 0.002 0.172 0.001 0.017 0.018 0.001 0.005 0.001 0.002 0 0.016 0.004 0.086 0.002 0.032 0.015 0.028 0.001 0.002 0.004 0.001 0.001 0.026 0.034 0.001 0.008 0.007 0.037 0.002 0.008 0.034 0.135 0.084 0.002 0.002 0.049 0.02 0.007 0.001 0.083 0.139 0.118 0.001 0.108 0.001 0.001 0.372 0.095 0.12 0.002 0.001 0.001 0.001 0.002 0.079 0.003 0.094 0.59 0.001 0.002 0.001 0.098 0.001 0.001 0.001 0.002 1
