1 0.791 0.809 0.52 0.278 0.091 0.216 0.189 0.109 0.032 0.033 0.419 0.387 0.005 0.203 0.049 0.038 0.013 0.433 0.126 0 0.148 0.082 0.467 0.299 0.011 0.043 0.12 0.036 0.028 0.224 0.108 0.038 0.024 0.013 0.097 0.025 0.002 0.052 0 0.003 0.006 0.068 0.032 0.006 0.073 0 0.03 0 0.001 0 0.009 0.009 0.059 0.009 0.028 0.003 0.02 0.008 0.012 0.019 0.004 0.015 0.021 0.021 0 0 0.022 0 0.007 0.017 0.001 0 0.009 0.001
0.791 1 0.953 0.462 0.309 0.115 0.271 0.238 0.137 0.025 0.042 0.504 0.451 0.003 0.233 0.062 0.03 0.01 0.501 0.158 0.003 0.136 0.059 0.548 0.259 0.029 0.034 0.152 0.046 0.036 0.198 0.09 0.048 0.031 0.024 0.067 0.02 0.027 0.085 0.003 0.011 0.009 0.067 0.053 0 0.061 0 0.045 0.001 0.006 0.001 0.015 0.014 0.077 0.006 0.042 0.006 0.015 0.013 0.016 0.02 0.027 0.029 0.015 0.033 0.001 0.005 0.033 0.007 0.014 0.022 0 0 0.01 0.003
0.809 0.953 1 0.474 0.342 0.111 0.261 0.229 0.132 0.026 0.04 0.525 0.471 0.004 0.25 0.059 0.031 0.011 0.528 0.152 0.002 0.133 0.06 0.576 0.282 0.03 0.035 0.146 0.044 0.034 0.207 0.095 0.046 0.036 0.021 0.07 0.021 0.026 0.086 0.002 0.01 0.01 0.083 0.054 0 0.06 0 0.048 0 0.005 0 0.018 0.013 0.074 0.007 0.045 0.008 0.015 0.006 0.015 0.015 0.028 0.031 0.016 0.036 0.001 0.005 0.032 0.008 0.016 0.021 0.001 0 0.011 0.002
0.52 0.462 0.474 1 0.178 0.045 0.131 0.115 0.066 0.052 0.02 0.261 0.257 0.009 0.135 0.033 0.063 0.021 0.265 0.065 0.011 0.299 0.258 0.305 0.551 0 0.061 0.06 0.022 0.013 0.457 0.235 0.019 0 0 0.281 0.041 0.175 0 0.013 0.006 0.026 0.036 0.003 0.117 0.156 0.004 0 0.023 0.012 0.003 0.003 0.003 0.032 0.011 0 0.009 0.038 0.015 0.004 0.041 0.045 0.001 0.04 0.001 0 0.022 0.004 0.003 0.004 0.009 0.002 0.002 0.009 0
0.278 0.309 0.342 0.178 1 0.013 0.423 0.38 0.161 0.011 0.004 0.468 0.422 0.003 0.469 0.149 0.013 0.004 0.476 0.018 0.04 0.068 0.132 0.504 0.272 0.012 0.014 0.019 0.005 0.007 0.208 0.141 0.007 0.123 0.08 0.121 0.008 0.024 0.006 0.038 0.011 0.007 0.001 0.033 0.016 0.037 0 0.009 0.041 0.012 0 0.006 0.009 0.011 0.002 0.01 0.023 0.006 0.001 0.004 0.009 0.013 0.012 0.006 0.012 0.001 0 0.013 0.003 0.004 0.033 0.002 0 0.008 0.001
0.091 0.115 0.111 0.045 0.013 1 0.009 0.008 0.004 0.003 0.001 0.134 0.123 0.001 0.01 0.002 0.004 0.001 0.129 0.652 0.014 0.011 0.03 0.132 0.07 0.004 0.004 0.607 0.354 0.332 0.043 0.022 0.362 0.011 0.01 0.012 0.003 0.012 0.033 0.005 0.006 0 0.372 0.021 0.031 0.008 0 0.055 0.006 0.009 0 0 0.187 0 0 0.047 0.001 0.003 0.002 0.13 0 0.005 0.033 0.003 0.039 0 0.002 0 0.001 0.001 0.001 0.002 0 0 0
0.216 0.271 0.261 0.131 0.423 0.009 1 0.878 0.506 0.007 0.003 0.293 0.27 0.002 0.717 0.005 0.008 0.003 0.304 0.012 0.023 0.044 0.081 0.322 0.176 0.008 0.009 0.012 0.003 0.004 0.156 0.1 0.004 0.231 0.25 0.097 0.005 0.013 0.049 0.024 0.001 0.004 0.008 0.126 0.1 0.041 0.002 0.007 0.026 0.001 0.002 0.005 0.006 0.007 0 0.009 0.031 0.003 0.003 0.003 0.015 0.008 0.009 0.003 0.01 0 0 0.011 0.002 0.004 0.088 0.006 0.002 0.007 0
0.189 0.238 0.229 0.115 0.38 0.008 0.878 1 0.576 0.006 0.002 0.255 0.235 0.002 0.647 0.004 0.007 0.002 0.265 0.01 0.02 0.038 0.07 0.28 0.153 0.007 0.008 0.011 0.003 0.004 0.133 0.083 0.004 0.177 0.191 0.082 0.005 0.01 0.034 0.02 0 0.004 0.007 0.106 0.078 0.045 0.002 0.004 0.022 0 0.002 0.003 0.005 0.006 0 0.005 0.027 0.002 0.003 0.002 0.013 0.007 0.006 0.002 0.006 0 0.001 0.01 0.002 0.002 0.1 0.002 0.002 0.006 0
0.109 0.137 0.132 0.066 0.161 0.004 0.506 0.576 1 0.003 0.001 0.159 0.146 0.001 0.447 0.002 0.004 0.001 0.165 0.006 0.016 0.022 0.046 0.174 0.097 0.004 0.005 0.006 0.002 0.002 0.095 0.058 0.002 0.114 0.12 0.061 0.003 0.002 0.019 0.016 0 0.002 0.004 0.057 0.061 0.031 0.001 0.003 0.018 0.001 0.001 0.004 0.003 0.003 0.002 0.006 0.021 0.004 0.002 0.001 0.008 0.005 0.006 0.004 0.007 0.002 0.005 0.006 0.001 0.003 0.052 0.002 0.001 0.003 0.002
0.032 0.025 0.026 0.052 0.011 0.003 0.007 0.006 0.003 1 0.001 0.016 0.014 0.001 0.008 0.002 0.003 0.001 0.002 0.004 0.212 0.016 0.07 0.02 0.036 0.003 0.003 0.005 0.001 0.002 0.03 0.043 0 0.013 0.011 0.048 0.002 0.012 0.062 0.185 0.161 0.002 0.001 0.045 0.027 0 0.001 0.116 0.166 0.114 0.001 0.126 0 0 0.255 0.089 0.141 0.003 0.001 0 0.012 0.004 0.115 0.003 0.116 0.066 0.002 0.042 0.001 0.098 0.001 0.001 0.001 0.001 0.04
0.033 0.042 0.04 0.02 0.004 0.001 0.003 0.002 0.001 0.001 1 0.048 0.045 0 0.003 0.001 0.001 0 0.05 0.243 0.005 0.007 0.014 0.053 0.029 0.001 0.001 0.232 0 0 0.029 0.021 0.001 0.005 0.005 0.019 0.001 0.09 0.016 0.005 0.005 0.001 0.001 0.014 0.008 0.009 0.019 0.008 0.005 0.007 0.016 0.007 0.001 0.001 0.001 0.008 0.006 0.001 0.001 0 0.002 0.002 0.008 0.001 0.008 0.001 0.001 0.002 0 0.006 0 0.001 0.016 0.002 0.001
0.419 0.504 0.525 0.261 0.468 0.134 0.293 0.255 0.159 0.016 0.048 1 0.908 0.003 0.334 0.08 0.018 0.002 0.798 0.186 0.081 0.103 0.223 0.859 0.418 0.021 0.021 0.187 0.053 0.073 0.324 0.224 0.065 0.087 0.063 0.193 0.017 0.016 0.025 0.065 0.03 0.011 0.108 0.006 0.007 0.071 0.013 0 0.073 0.038 0.014 0.013 0.02 0.012 0.011 0 0.031 0.006 0.002 0.032 0.008 0.028 0.002 0.006 0.002 0.009 0.003 0.014 0.006 0.008 0.039 0.001 0.013 0.004 0.008
0.387 0.451 0.471 0.257 0.422 0.123 0.27 0.235 0.146 0.014 0.045 0.908 1 0.003 0.307 0.074 0.02 0.002 0.746 0.183 0.084 0.102 0.225 0.805 0.398 0.012 0.023 0.172 0.049 0.067 0.306 0.219 0.068 0.085 0.062 0.195 0.019 0.012 0.019 0.075 0.039 0.005 0.107 0.004 0.01 0.056 0.012 0.001 0.085 0.048 0.012 0.019 0.023 0.014 0.012 0.001 0.039 0.007 0.001 0.036 0.01 0.025 0.005 0.007 0.004 0.01 0.001 0.018 0.006 0.013 0.036 0.001 0.011 0.005 0.009
0.005 0.003 0.004 0.009 0.003 0.001 0.002 0.002 0.001 0.001 0 0.003 0.003 1 0.002 0 0 0 0.006 0.001 0.001 0.037 0.021 0.006 0.007 0.001 0 0.001 0 0 0.01 0.014 0 0.004 0.003 0.015 0.007 0.003 0.001 0.001 0.002 0.001 0.001 0.007 0.007 0.025 0 0.003 0.002 0.002 0 0 0.001 0.001 0.002 0.001 0 0.005 0 0 0 0.001 0.001 0.004 0.001 0.002 0.001 0.001 0 0 0 0 0 0.004 0.003
0.203 0.233 0.25 0.135 0.469 0.01 0.717 0.647 0.447 0.008 0.003 0.334 0.307 0.002 1 0.005 0.009 0.003 0.369 0.013 0.035 0.049 0.104 0.39 0.216 0.009 0.01 0.014 0.003 0.005 0.196 0.129 0.005 0.28 0.205 0.123 0.006 0.009 0.053 0.035 0.004 0.005 0.004 0.126 0.086 0.037 0.002 0.002 0.038 0.004 0.002 0.001 0.006 0.008 0.005 0.002 0.017 0.003 0.004 0.003 0.004 0.009 0.003 0.004 0.003 0.005 0 0.011 0.002 0 0.077 0.004 0.003 0.008 0.004
0.049 0.062 0.059 0.033 0.149 0.002 0.005 0.004 0.002 0.002 0.001 0.08 0.074 0 0.005 1 0.002 0.001 0.083 0.003 0.008 0.011 0.023 0.088 0.049 0.002 0.002 0.003 0.001 0.001 0.05 0.036 0.001 0.009 0.008 0.031 0.001 0.008 0.027 0.008 0.009 0.001 0.002 0.023 0.015 0.004 0.003 0.014 0.009 0.011 0.002 0.012 0.001 0.002 0.001 0.013 0.01 0.002 0.001 0.001 0.004 0.003 0.013 0.002 0.014 0.001 0.001 0.003 0.001 0.01 0.001 0.001 0.002 0.002 0.001
0.038 0.03 0.031 0.063 0.013 0.004 0.008 0.007 0.004 0.003 0.001 0.018 0.02 0 0.009 0.002 1 0.001 0.025 0.005 0.267 0.02 0.089 0.024 0.043 0.004 0.89 0.005 0.001 0.002 0.029 0.025 0.002 0.015 0.014 0.049 0.002 0.006 0.061 0.22 0.201 0.002 0.004 0.053 0.021 0.019 0.001 0.126 0.183 0.16 0.001 0.15 0.003 0.004 0.001 0.116 0.158 0.003 0.002 0.001 0.45 0.005 0.131 0.003 0.127 0.001 0.002 0.005 0.012 0.16 0.001 0.002 0.001 0.003 0.001
0.013 0.01 0.011 0.021 0.004 0.001 0.003 0.002 0.001 0.001 0 0.002 0.002 0 0.003 0.001 0.001 1 0.008 0.002 0.005 0.063 0.03 0.008 0.014 0.001 0.001 0.002 0 0.001 0.014 0.021 0.001 0.082 0.077 0.015 0.001 0.005 0.016 0.003 0.003 0.001 0.001 0.025 0.021 0.006 0 0.006 0.003 0.004 0 0.005 0.001 0.001 0.001 0.005 0.004 0.001 0.001 0 0.001 0.002 0.006 0.001 0.006 0.001 0.001 0.002 0 0.004 0 0.154 0 0.001 0.001
0.433 0.501 0.528 0.265 0.476 0.129 0.304 0.265 0.165 0.002 0.05 0.798 0.746 0.006 0.369 0.083 0.025 0.008 1 0.206 0.061 0.123 0.222 0.928 0.465 0.024 0.025 0.174 0.055 0.046 0.348 0.204 0.05 0.07 0.048 0.169 0.015 0.015 0.022 0.05 0.021 0.015 0.098 0.011 0.005 0.085 0.014 0 0.053 0.024 0.014 0.006 0.015 0.017 0.014 0 0.02 0.01 0.004 0.021 0.001 0.028 0.001 0.011 0.001 0.012 0.003 0.014 0.006 0.005 0.027 0 0.013 0.006 0.012
0.126 0.158 0.152 0.065 0.018 0.652 0.012 0.01 0.006 0.004 0.243 0.186 0.183 0.001 0.013 0.003 0.005 0.002 0.206 1 0.019 0.026 0.056 0.213 0.118 0.005 0.006 0.89 0.266 0.253 0.078 0.04 0.272 0.021 0.019 0.026 0.003 0.004 0.007 0.009 0.011 0.003 0.274 0.034 0.011 0.019 0.008 0.027 0.011 0.015 0.006 0.001 0.134 0.001 0.003 0.019 0 0.001 0.002 0.095 0 0.006 0.011 0.001 0.014 0.002 0.003 0 0.001 0.001 0.001 0.002 0.006 0.001 0.002
0 0.003 0.002 0.011 0.04 0.014 0.023 0.02 0.016 0.212 0.005 0.081 0.084 0.001 0.035 0.008 0.267 0.005 0.061 0.019 1 0.062 0.313 0.089 0.146 0.013 0.268 0.02 0.005 0.007 0.135 0.165 0.004 0.057 0.051 0.213 0.009 0.041 0.229 0.807 0.695 0.002 0.01 0.188 0.095 0.006 0.003 0.475 0.706 0.56 0.004 0.531 0.005 0.185 0.063 0.417 0.576 0.012 0.006 0.001 0.208 0.017 0.495 0.012 0.488 0.068 0.008 0.186 0.001 0.471 0.004 0.006 0.004 0.004 0.066
0.148 0.136 0.133 0.299 0.068 0.011 0.044 0.038 0.022 0.016 0.007 0.103 0.102 0.037 0.049 0.011 0.02 0.063 0.123 0.026 0.062 1 0.336 0.127 0.212 0.017 0.015 0.029 0.007 0.01 0.168 0.022 0.011 0.044 0.052 0.032 0.105 0.055 0.008 0.069 0.075 0.09 0.018 0.007 0.003 0.144 0 0.076 0.041 0.037 0 0.056 0 0.019 0.005 0.06 0.047 0.087 0.002 0.006 0.017 0.011 0.057 0.091 0.06 0.004 0.004 0.01 0.005 0.052 0.001 0.014 0 0.035 0.003
0.082 0.059 0.06 0.258 0.132 0.03 0.081 0.07 0.046 0.07 0.014 0.223 0.225 0.021 0.104 0.023 0.089 0.03 0.222 0.056 0.313 0.336 1 0.266 0.439 0.038 0.1 0.061 0.015 0.021 0.369 0.163 0.016 0 0.002 0.222 0.032 0.116 0.124 0.266 0.206 0.056 0.034 0.101 0.065 0.035 0.002 0.118 0.274 0.213 0.002 0.167 0.004 0.054 0.022 0.113 0.201 0.009 0.009 0.008 0.069 0.033 0.12 0.01 0.12 0.025 0.014 0.072 0.001 0.145 0.006 0.003 0.001 0 0.028
0.467 0.548 0.576 0.305 0.504 0.132 0.322 0.28 0.174 0.02 0.053 0.859 0.805 0.006 0.39 0.088 0.024 0.008 0.928 0.213 0.089 0.127 0.266 1 0.519 0.023 0.027 0.197 0.058 0.049 0.389 0.24 0.064 0.079 0.054 0.203 0.016 0.012 0.018 0.075 0.036 0.015 0.115 0.006 0.008 0.08 0.015 0 0.083 0.043 0.015 0.017 0.022 0.015 0.013 0.002 0.038 0.01 0.003 0.031 0.01 0.026 0.004 0.011 0.003 0.011 0.003 0.018 0.006 0.012 0.029 0 0.014 0.006 0.011
0.299 0.259 0.282 0.551 0.272 0.07 0.176 0.153 0.097 0.036 0.029 0.418 0.398 0.007 0.216 0.049 0.043 0.014 0.465 0.118 0.146 0.212 0.439 0.519 1 0.041 0.048 0.106 0.032 0.024 0.797 0.522 0.033 0.016 0.008 0.451 0.026 0.151 0.013 0.144 0.096 0.016 0.059 0.016 0.157 0.157 0 0.035 0.16 0.1 0 0.069 0.006 0.032 0.017 0.037 0.1 0.022 0.009 0.015 0.032 0.012 0.046 0.023 0.045 0.014 0.017 0.04 0.006 0.061 0.015 0 0 0.002 0.021
0.011 0.029 0.03 0 0.012 0.004 0.008 0.007 0.004 0.003 0.001 0.021 0.012 0.001 0.009 0.002 0.004 0.001 0.024 0.005 0.013 0.017 0.038 0.023 0.041 1 0.004 0.005 0.001 0.002 0.04 0.056 0.002 0.015 0.013 0.002 0.002 0.033 0.044 0.014 0.015 0.002 0.004 0.02 0.004 0 0.001 0.011 0.005 0.008 0.001 0.008 0.001 0.003 0.002 0.01 0.007 0.002 0.192 0.001 0 0.077 0.011 0.002 0.011 0.002 0.006 0.005 0.001 0.007 0.001 0.002 0.001 0.003 0.002
0.043 0.034 0.035 0.061 0.014 0.004 0.009 0.008 0.005 0.003 0.001 0.021 0.023 0 0.01 0.002 0.89 0.001 0.025 0.006 0.268 0.015 0.1 0.027 0.048 0.004 1 0.006 0.002 0.002 0.034 0.031 0.002 0.017 0.015 0.056 0.003 0.007 0.058 0.223 0.203 0.003 0.004 0.043 0.025 0.016 0.001 0.126 0.186 0.16 0.001 0.15 0.003 0.004 0.001 0.096 0.142 0.004 0.002 0.001 0.461 0.005 0.131 0.004 0.112 0.001 0.002 0.006 0.01 0.161 0.001 0.002 0.001 0.004 0.001
0.12 0.152 0.146 0.06 0.019 0.607 0.012 0.011 0.006 0.005 0.232 0.187 0.172 0.001 0.014 0.003 0.005 0.002 0.174 0.89 0.02 0.029 0.061 0.197 0.106 0.005 0.006 1 0.254 0.241 0.091 0.051 0.324 0.022 0.019 0.035 0.004 0.003 0.012 0.01 0.012 0.004 0.35 0.03 0.013 0.026 0.008 0.039 0.012 0.016 0.006 0.002 0.207 0.001 0.003 0.029 0.001 0.001 0.002 0.141 0.001 0.007 0.02 0.001 0.023 0.002 0.003 0.001 0.001 0.001 0.001 0.002 0.006 0 0.002
0.036 0.046 0.044 0.022 0.005 0.354 0.003 0.003 0.002 0.001 0 0.053 0.049 0 0.003 0.001 0.001 0 0.055 0.266 0.005 0.007 0.015 0.058 0.032 0.001 0.002 0.254 1 0.726 0.006 0.002 0.011 0.006 0.005 0 0.001 0.003 0.003 0.001 0.001 0.001 0.05 0.007 0.009 0.003 0 0.007 0.001 0.002 0 0.001 0.034 0.001 0.001 0.003 0.001 0.001 0.001 0.081 0.003 0.002 0.002 0.001 0.001 0 0.001 0 0 0.001 0 0.001 0 0.003 0
0.028 0.036 0.034 0.013 0.007 0.332 0.004 0.004 0.002 0.002 0 0.073 0.067 0 0.005 0.001 0.002 0.001 0.046 0.253 0.007 0.01 0.021 0.049 0.024 0.002 0.002 0.241 0.726 1 0.004 0.008 0.037 0 0 0.003 0.001 0.005 0.01 0.002 0.002 0.001 0.07 0.012 0.004 0.007 0 0.007 0.003 0.004 0 0 0.022 0 0.001 0.004 0 0.002 0.001 0.057 0 0.002 0.003 0.002 0.002 0 0.001 0 0 0 0 0.001 0 0.001 0
0.224 0.198 0.207 0.457 0.208 0.043 0.156 0.133 0.095 0.03 0.029 0.324 0.306 0.01 0.196 0.05 0.029 0.014 0.348 0.078 0.135 0.168 0.369 0.389 0.797 0.04 0.034 0.091 0.006 0.004 1 0.68 0.048 0.038 0.026 0.598 0.028 0.172 0.001 0.141 0.093 0.026 0.084 0.008 0.21 0.19 0 0.026 0.157 0.097 0 0.066 0.019 0.031 0.015 0.026 0.096 0.029 0.017 0.029 0.032 0.012 0.034 0.03 0.033 0.014 0.017 0.039 0.022 0.059 0.014 0 0 0.007 0.018
0.108 0.09 0.095 0.235 0.141 0.022 0.1 0.083 0.058 0.043 0.021 0.224 0.219 0.014 0.129 0.036 0.025 0.021 0.204 0.04 0.165 0.022 0.163 0.24 0.522 0.056 0.031 0.051 0.002 0.008 0.68 1 0.03 0.26 0.237 0.808 0.038 0.104 0.021 0.178 0.136 0.026 0.061 0 0.342 0.172 0.001 0.061 0.2 0.145 0.002 0.111 0.011 0.045 0.021 0.056 0.136 0.039 0.019 0.013 0.034 0.004 0.072 0.041 0.071 0.018 0.01 0.064 0.016 0.098 0.008 0.01 0.003 0.005 0.025
0.038 0.048 0.046 0.019 0.007 0.362 0.004 0.004 0.002 0 0.001 0.065 0.068 0 0.005 0.001 0.002 0.001 0.05 0.272 0.004 0.011 0.016 0.064 0.033 0.002 0.002 0.324 0.011 0.037 0.048 0.03 1 0.008 0.007 0.023 0.001 0.008 0.04 0.003 0.004 0.001 0.4 0.003 0.018 0.014 0.002 0.071 0.004 0.005 0.002 0.004 0.218 0 0.001 0.072 0.005 0.001 0.001 0.129 0.003 0.002 0.052 0.001 0.066 0.001 0.001 0 0 0.005 0.001 0.001 0.001 0.001 0.001
0.024 0.031 0.036 0 0.123 0.011 0.231 0.177 0.114 0.013 0.005 0.087 0.085 0.004 0.28 0.009 0.015 0.082 0.07 0.021 0.057 0.044 0 0.079 0.016 0.015 0.017 0.022 0.006 0 0.038 0.26 0.008 1 0.9 0.226 0.01 0.057 0.287 0.055 0.06 0.121 0 0.174 0.25 0.019 0.003 0.056 0.061 0.066 0.004 0.042 0.01 0.013 0.006 0.045 0.038 0.012 0.004 0.005 0.011 0.016 0.053 0.011 0.054 0.006 0.009 0.018 0.004 0.036 0.001 0.042 0.004 0.002 0.006
0.013 0.024 0.021 0 0.08 0.01 0.25 0.191 0.12 0.011 0.005 0.063 0.062 0.003 0.205 0.008 0.014 0.077 0.048 0.019 0.051 0.052 0.002 0.054 0.008 0.013 0.015 0.019 0.005 0 0.026 0.237 0.007 0.9 1 0.213 0.009 0.052 0.267 0.05 0.054 0.134 0.013 0.146 0.29 0.016 0.003 0.084 0.055 0.065 0.004 0.07 0.008 0.012 0.006 0.071 0.062 0.011 0.006 0.003 0.023 0.014 0.078 0.011 0.081 0.006 0.008 0.018 0.003 0.063 0 0.047 0.004 0.002 0.005
0.097 0.067 0.07 0.281 0.121 0.012 0.097 0.082 0.061 0.048 0.019 0.193 0.195 0.015 0.123 0.031 0.049 0.015 0.169 0.026 0.213 0.032 0.222 0.203 0.451 0.002 0.056 0.035 0 0.003 0.598 0.808 0.023 0.226 0.213 1 0.042 0.205 0.005 0.239 0.18 0.023 0.055 0.007 0.438 0.195 0 0.093 0.265 0.191 0.001 0.152 0.008 0.06 0.024 0.086 0.19 0.044 0.005 0.012 0.058 0.048 0.107 0.046 0.106 0.021 0.021 0.082 0.014 0.137 0.015 0.009 0.002 0.007 0.029
0.025 0.02 0.021 0.041 0.008 0.003 0.005 0.005 0.003 0.002 0.001 0.017 0.019 0.007 0.006 0.001 0.002 0.001 0.015 0.003 0.009 0.105 0.032 0.016 0.026 0.002 0.003 0.004 0.001 0.001 0.028 0.038 0.001 0.01 0.009 0.042 1 0.005 0.021 0.008 0.009 0.002 0.002 0.019 0.013 0.05 0.001 0.014 0.009 0 0.001 0.012 0 0.002 0.001 0.014 0.011 0.392 0.001 0.001 0.003 0 0.014 0.41 0.014 0.001 0.001 0.003 0.001 0.011 0.001 0.001 0.001 0.011 0.001
0.002 0.027 0.026 0.175 0.024 0.012 0.013 0.01 0.002 0.012 0.09 0.016 0.012 0.003 0.009 0.008 0.006 0.005 0.015 0.004 0.041 0.055 0.116 0.012 0.151 0.033 0.007 0.003 0.003 0.005 0.172 0.104 0.008 0.057 0.052 0.205 0.005 1 0.177 0.053 0.05 0.009 0.014 0.131 0.315 0.072 0 0.082 0.059 0.064 0 0.069 0.005 0.013 0.008 0.078 0.069 0.004 0.006 0.005 0.026 0.253 0.079 0.004 0.081 0.008 0.119 0.019 0.066 0.061 0 0.006 0 0 0.008
0.052 0.085 0.086 0 0.006 0.033 0.049 0.034 0.019 0.062 0.016 0.025 0.019 0.001 0.053 0.027 0.061 0.016 0.022 0.007 0.229 0.008 0.124 0.018 0.013 0.044 0.058 0.012 0.003 0.01 0.001 0.021 0.04 0.287 0.267 0.005 0.021 0.177 1 0.299 0.233 0.036 0.079 0.426 0.003 0.07 0.006 0.301 0.236 0.154 0.008 0.218 0.017 0.075 0.023 0.264 0.256 0.031 0.015 0.018 0.082 0.05 0.255 0.032 0.265 0.023 0.027 0.074 0.012 0.204 0.007 0.008 0.008 0.017 0.023
0 0.003 0.002 0.013 0.038 0.005 0.024 0.02 0.016 0.185 0.005 0.065 0.075 0.001 0.035 0.008 0.22 0.003 0.05 0.009 0.807 0.069 0.266 0.075 0.144 0.014 0.223 0.01 0.001 0.002 0.141 0.178 0.003 0.055 0.05 0.239 0.008 0.053 0.299 1 0.869 0.009 0.014 0.232 0.125 0.019 0.003 0.587 0.881 0.706 0.004 0.671 0.01 0.245 0.086 0.522 0.726 0.012 0.006 0.001 0.216 0.017 0.562 0.013 0.569 0.096 0.008 0.266 0.003 0.608 0.004 0.006 0.004 0.013 0.094
0.003 0.011 0.01 0.006 0.011 0.006 0.001 0 0 0.161 0.005 0.03 0.039 0.002 0.004 0.009 0.201 0.003 0.021 0.011 0.695 0.075 0.206 0.036 0.096 0.015 0.203 0.012 0.001 0.002 0.093 0.136 0.004 0.06 0.054 0.18 0.009 0.05 0.233 0.869 1 0.01 0.016 0.276 0.136 0.029 0.003 0.635 0.764 0.773 0.004 0.711 0.011 0.194 0.078 0.551 0.627 0.013 0.006 0.001 0.193 0.019 0.591 0.014 0.596 0.083 0.009 0.215 0.004 0.649 0.034 0.007 0.004 0.014 0.082
0.006 0.009 0.01 0.026 0.007 0 0.004 0.004 0.002 0.002 0.001 0.011 0.005 0.001 0.005 0.001 0.002 0.001 0.015 0.003 0.002 0.09 0.056 0.015 0.016 0.002 0.003 0.004 0.001 0.001 0.026 0.026 0.001 0.121 0.134 0.023 0.002 0.009 0.036 0.009 0.01 1 0.003 0.004 0.014 0.036 0.001 0.016 0.01 0.013 0.001 0.014 0.002 0.002 0.001 0.01 0.012 0.001 0.001 0.001 0.005 0.003 0.016 0.001 0.016 0.001 0.001 0.003 0.001 0.012 0.003 0.001 0.001 0.008 0.001
0.068 0.067 0.083 0.036 0.001 0.372 0.008 0.007 0.004 0.001 0.001 0.108 0.107 0.001 0.004 0.002 0.004 0.001 0.098 0.274 0.01 0.018 0.034 0.115 0.059 0.004 0.004 0.35 0.05 0.07 0.084 0.061 0.4 0 0.013 0.055 0.002 0.014 0.079 0.014 0.016 0.003 1 0.001 0.033 0.028 0.001 0.156 0.016 0.013 0.001 0.008 0.368 0.004 0.002 0.131 0.009 0.003 0.002 0.205 0.011 0.005 0.102 0.003 0.116 0.002 0.002 0.003 0.001 0.011 0.001 0.002 0.001 0.003 0.002
0.032 0.053 0.054 0.003 0.033 0.021 0.126 0.106 0.057 0.045 0.014 0.006 0.004 0.007 0.126 0.023 0.053 0.025 0.011 0.034 0.188 0.007 0.101 0.006 0.016 0.02 0.043 0.03 0.007 0.012 0.008 0 0.003 0.174 0.146 0.007 0.019 0.131 0.426 0.232 0.276 0.004 0.001 1 0.002 0.057 0.009 0.241 0.259 0.258 0.011 0.278 0.007 0.072 0.016 0.226 0.255 0.022 0.01 0 0.087 0.049 0.221 0.023 0.234 0.018 0.023 0.08 0.008 0.254 0.014 0.01 0.011 0.007 0.031
0.006 0 0 0.117 0.016 0.031 0.1 0.078 0.061 0.027 0.008 0.007 0.01 0.007 0.086 0.015 0.021 0.021 0.005 0.011 0.095 0.003 0.065 0.008 0.157 0.004 0.025 0.013 0.009 0.004 0.21 0.342 0.018 0.25 0.29 0.438 0.013 0.315 0.003 0.125 0.136 0.014 0.033 0.002 1 0.124 0.001 0.212 0.138 0.169 0.002 0.18 0.022 0.03 0.018 0.202 0.162 0.021 0.014 0.011 0.06 0.138 0.204 0.022 0.211 0.018 0.047 0.043 0.028 0.163 0.009 0.023 0.003 0.001 0.018
0.073 0.061 0.06 0.156 0.037 0.008 0.041 0.045 0.031 0 0.009 0.071 0.056 0.025 0.037 0.004 0.019 0.006 0.085 0.019 0.006 0.144 0.035 0.08 0.157 0 0.016 0.026 0.003 0.007 0.19 0.172 0.014 0.019 0.016 0.195 0.05 0.072 0.07 0.019 0.029 0.036 0.028 0.057 0.124 1 0.006 0.069 0.026 0.029 0.003 0.043 0.001 0.002 0.002 0.053 0.034 0.072 0.033 0.009 0.046 0.031 0.054 0.075 0.053 0.01 0.012 0.003 0.001 0.048 0.003 0.002 0.002 0.035 0.007
0 0 0 0.004 0 0 0.002 0.002 0.001 0.001 0.019 0.013 0.012 0 0.002 0.003 0.001 0 0.014 0.008 0.003 0 0.002 0.015 0 0.001 0.001 0.008 0 0 0 0.001 0.002 0.003 0.003 0 0.001 0 0.006 0.003 0.003 0.001 0.001 0.009 0.001 0.006 1 0.005 0.003 0.004 0.861 0.005 0.001 0.001 0 0.005 0.004 0.001 0 0 0.002 0.001 0.005 0.001 0.005 0 0 0.001 0 0.004 0 0 0.775 0.006 0
0.03 0.045 0.048 0 0.009 0.055 0.007 0.004 0.003 0.116 0.008 0 0.001 0.003 0.002 0.014 0.126 0.006 0 0.027 0.475 0.076 0.118 0 0.035 0.011 0.126 0.039 0.007 0.007 0.026 0.061 0.071 0.056 0.084 0.093 0.014 0.082 0.301 0.587 0.635 0.016 0.156 0.241 0.212 0.069 0.005 1 0.653 0.66 0.006 0.788 0.045 0.143 0.047 0.872 0.711 0.021 0.01 0.039 0.265 0.029 0.868 0.022 0.897 0.054 0.014 0.206 0.006 0.729 0.028 0.01 0.007 0.022 0.059
0 0.001 0 0.023 0.041 0.006 0.026 0.022 0.018 0.166 0.005 0.073 0.085 0.002 0.038 0.009 0.183 0.003 0.053 0.011 0.706 0.041 0.274 0.083 0.16 0.005 0.186 0.012 0.001 0.003 0.157 0.2 0.004 0.061 0.055 0.265 0.009 0.059 0.236 0.881 0.764 0.01 0.016 0.259 0.138 0.026 0.003 0.653 1 0.788 0.004 0.748 0.011 0.22 0.076 0.589 0.812 0.014 0.007 0.001 0.265 0.019 0.629 0.014 0.635 0.087 0.009 0.306 0.004 0.673 0.004 0.007 0.004 0.015 0.094
0.001 0.006 0.005 0.012 0.012 0.009 0.001 0 0.001 0.114 0.007 0.038 0.048 0.002 0.004 0.011 0.16 0.004 0.024 0.015 0.56 0.037 0.213 0.043 0.1 0.008 0.16 0.016 0.002 0.004 0.097 0.145 0.005 0.066 0.065 0.191 0 0.064 0.154 0.706 0.773 0.013 0.013 0.258 0.169 0.029 0.004 0.66 0.788 1 0.005 0.778 0.013 0.18 0.083 0.61 0.69 0.002 0.008 0.002 0.239 0.023 0.648 0.003 0.651 0.073 0.011 0.25 0.005 0.687 0.035 0.008 0.005 0.018 0.082
0 0.001 0 0.003 0 0 0.002 0.002 0.001 0.001 0.016 0.014 0.012 0 0.002 0.002 0.001 0 0.014 0.006 0.004 0 0.002 0.015 0 0.001 0.001 0.006 0 0 0 0.002 0.002 0.004 0.004 0.001 0.001 0 0.008 0.004 0.004 0.001 0.001 0.011 0.002 0.003 0.861 0.006 0.004 0.005 1 0.005 0.001 0.001 0.001 0.006 0.005 0.001 0 0 0.002 0.001 0.006 0.001 0.006 0.001 0 0.001 0 0.005 0 0 0.818 0.019 0.001
0.009 0.015 0.018 0.003 0.006 0 0.005 0.003 0.004 0.126 0.007 0.013 0.019 0 0.001 0.012 0.15 0.005 0.006 0.001 0.531 0.056 0.167 0.017 0.069 0.008 0.15 0.002 0.001 0 0.066 0.111 0.004 0.042 0.07 0.152 0.012 0.069 0.218 0.671 0.711 0.014 0.008 0.278 0.18 0.043 0.005 0.788 0.748 0.778 0.005 1 0.014 0.154 0.093 0.759 0.881 0.018 0.009 0.002 0.302 0.025 0.761 0.018 0.804 0.101 0.012 0.226 0.005 0.881 0.019 0.009 0.006 0.019 0.099
0.009 0.014 0.013 0.003 0.009 0.187 0.006 0.005 0.003 0 0.001 0.02 0.023 0.001 0.006 0.001 0.003 0.001 0.015 0.134 0.005 0 0.004 0.022 0.006 0.001 0.003 0.207 0.034 0.022 0.019 0.011 0.218 0.01 0.008 0.008 0 0.005 0.017 0.01 0.011 0.002 0.368 0.007 0.022 0.001 0.001 0.045 0.011 0.013 0.001 0.014 1 0.002 0.001 0.048 0.013 0 0.001 0.305 0.005 0.003 0.045 0 0.038 0.001 0.001 0.003 0.001 0.013 0.001 0.001 0.001 0.002 0.001
0.059 0.077 0.074 0.032 0.011 0 0.007 0.006 0.003 0 0.001 0.012 0.014 0.001 0.008 0.002 0.004 0.001 0.017 0.001 0.185 0.019 0.054 0.015 0.032 0.003 0.004 0.001 0.001 0 0.031 0.045 0 0.013 0.012 0.06 0.002 0.013 0.075 0.245 0.194 0.002 0.004 0.072 0.03 0.002 0.001 0.143 0.22 0.18 0.001 0.154 0.002 1 0.001 0.15 0.184 0.003 0.001 0.001 0.001 0.004 0.134 0.003 0.144 0.001 0.002 0.345 0.001 0.114 0.001 0.002 0.001 0.003 0.001
0.009 0.006 0.007 0.011 0.002 0 0 0 0.002 0.255 0.001 0.011 0.012 0.002 0.005 0.001 0.001 0.001 0.014 0.003 0.063 0.005 0.022 0.013 0.017 0.002 0.001 0.003 0.001 0.001 0.015 0.021 0.001 0.006 0.006 0.024 0.001 0.008 0.023 0.086 0.078 0.001 0.002 0.016 0.018 0.002 0 0.047 0.076 0.083 0.001 0.093 0.001 0.001 1 0.083 0.104 0.002 0.001 0.001 0.004 0.003 0.077 0.002 0.079 0.265 0.001 0.029 0.001 0.079 0.001 0.001 0.001 0.002 0.231
0.028 0.042 0.045 0 0.01 0.047 0.009 0.005 0.006 0.089 0.008 0 0.001 0.001 0.002 0.013 0.116 0.005 0 0.019 0.417 0.06 0.113 0.002 0.037 0.01 0.096 0.029 0.003 0.004 0.026 0.056 0.072 0.045 0.071 0.086 0.014 0.078 0.264 0.522 0.551 0.01 0.131 0.226 0.202 0.053 0.005 0.872 0.589 0.61 0.006 0.759 0.048 0.15 0.083 1 0.721 0.02 0.01 0.041 0.205 0.028 0.873 0.021 0.922 0.09 0.013 0.216 0.006 0.748 0.042 0.01 0.006 0.021 0.088
0.003 0.006 0.008 0.009 0.023 0.001 0.031 0.027 0.021 0.141 0.006 0.031 0.039 0 0.017 0.01 0.158 0.004 0.02 0 0.576 0.047 0.201 0.038 0.1 0.007 0.142 0.001 0.001 0 0.096 0.136 0.005 0.038 0.062 0.19 0.011 0.069 0.256 0.726 0.627 0.012 0.009 0.255 0.162 0.034 0.004 0.711 0.812 0.69 0.005 0.881 0.013 0.184 0.104 0.721 1 0.016 0.008 0.002 0.314 0.022 0.703 0.017 0.768 0.112 0.011 0.266 0.005 0.792 0.005 0.008 0.005 0.017 0.11
0.02 0.015 0.015 0.038 0.006 0.003 0.003 0.002 0.004 0.003 0.001 0.006 0.007 0.005 0.003 0.002 0.003 0.001 0.01 0.001 0.012 0.087 0.009 0.01 0.022 0.002 0.004 0.001 0.001 0.002 0.029 0.039 0.001 0.012 0.011 0.044 0.392 0.004 0.031 0.012 0.013 0.001 0.003 0.022 0.021 0.072 0.001 0.021 0.014 0.002 0.001 0.018 0 0.003 0.002 0.02 0.016 1 0.001 0.001 0.006 0.004 0.02 0.972 0.021 0.002 0.002 0.004 0.001 0.016 0.001 0.001 0.001 0.103 0.002
0.008 0.013 0.006 0.015 0.001 0.002 0.003 0.003 0.002 0.001 0.001 0.002 0.001 0 0.004 0.001 0.002 0.001 0.004 0.002 0.006 0.002 0.009 0.003 0.009 0.192 0.002 0.002 0.001 0.001 0.017 0.019 0.001 0.004 0.006 0.005 0.001 0.006 0.015 0.006 0.006 0.001 0.002 0.01 0.014 0.033 0 0.01 0.007 0.008 0 0.009 0.001 0.001 0.001 0.01 0.008 0.001 1 0.001 0.003 0.002 0.01 0.001 0.01 0.001 0.001 0.002 0 0.008 0 0.001 0 0.001 0.001
0.012 0.016 0.015 0.004 0.004 0.13 0.003 0.002 0.001 0 0 0.032 0.036 0 0.003 0.001 0.001 0 0.021 0.095 0.001 0.006 0.008 0.031 0.015 0.001 0.001 0.141 0.081 0.057 0.029 0.013 0.129 0.005 0.003 0.012 0.001 0.005 0.018 0.001 0.001 0.001 0.205 0 0.011 0.009 0 0.039 0.001 0.002 0 0.002 0.305 0.001 0.001 0.041 0.002 0.001 0.001 1 0 0.001 0.037 0.001 0.033 0.001 0.001 0 0 0.002 0 0.001 0 0.001 0.001
0.019 0.02 0.015 0.041 0.009 0 0.015 0.013 0.008 0.012 0.002 0.008 0.01 0 0.004 0.004 0.45 0.001 0.001 0 0.208 0.017 0.069 0.01 0.032 0 0.461 0.001 0.003 0 0.032 0.034 0.003 0.011 0.023 0.058 0.003 0.026 0.082 0.216 0.193 0.005 0.011 0.087 0.06 0.046 0.002 0.265 0.265 0.239 0.002 0.302 0.005 0.001 0.004 0.205 0.314 0.006 0.003 0 1 0.008 0.27 0.006 0.254 0.004 0.004 0.005 0.002 0.272 0.002 0.003 0.002 0.006 0.001
0.004 0.027 0.028 0.045 0.013 0.005 0.008 0.007 0.005 0.004 0.002 0.028 0.025 0.001 0.009 0.003 0.005 0.002 0.028 0.006 0.017 0.011 0.033 0.026 0.012 0.077 0.005 0.007 0.002 0.002 0.012 0.004 0.002 0.016 0.014 0.048 0 0.253 0.05 0.017 0.019 0.003 0.005 0.049 0.138 0.031 0.001 0.029 0.019 0.023 0.001 0.025 0.003 0.004 0.003 0.028 0.022 0.004 0.002 0.001 0.008 1 0.028 0.004 0.029 0.002 0.003 0.006 0.001 0.022 0.001 0.002 0.001 0.001 0.002
0.015 0.029 0.031 0.001 0.012 0.033 0.009 0.006 0.006 0.115 0.008 0.002 0.005 0.001 0.003 0.013 0.131 0.006 0.001 0.011 0.495 0.057 0.12 0.004 0.046 0.011 0.131 0.02 0.002 0.003 0.034 0.072 0.052 0.053 0.078 0.107 0.014 0.079 0.255 0.562 0.591 0.016 0.102 0.221 0.204 0.054 0.005 0.868 0.629 0.648 0.006 0.761 0.045 0.134 0.077 0.873 0.703 0.02 0.01 0.037 0.27 0.028 1 0.021 0.931 0.089 0.013 0.208 0.006 0.707 0.029 0.01 0.006 0.012 0.081
0.021 0.015 0.016 0.04 0.006 0.003 0.003 0.002 0.004 0.003 0.001 0.006 0.007 0.004 0.004 0.002 0.003 0.001 0.011 0.001 0.012 0.091 0.01 0.011 0.023 0.002 0.004 0.001 0.001 0.002 0.03 0.041 0.001 0.011 0.011 0.046 0.41 0.004 0.032 0.013 0.014 0.001 0.003 0.023 0.022 0.075 0.001 0.022 0.014 0.003 0.001 0.018 0 0.003 0.002 0.021 0.017 0.972 0.001 0.001 0.006 0.004 0.021 1 0.022 0.002 0.002 0.004 0.001 0.017 0.001 0.001 0.001 0.105 0.002
0.021 0.033 0.036 0.001 0.012 0.039 0.01 0.006 0.007 0.116 0.008 0.002 0.004 0.001 0.003 0.014 0.127 0.006 0.001 0.014 0.488 0.06 0.12 0.003 0.045 0.011 0.112 0.023 0.001 0.002 0.033 0.071 0.066 0.054 0.081 0.106 0.014 0.081 0.265 0.569 0.596 0.016 0.116 0.234 0.211 0.053 0.005 0.897 0.635 0.651 0.006 0.804 0.038 0.144 0.079 0.922 0.768 0.021 0.01 0.033 0.254 0.029 0.931 0.022 1 0.086 0.014 0.207 0.006 0.752 0.028 0.01 0.006 0.013 0.084
0 0.001 0.001 0 0.001 0 0 0 0.002 0.066 0.001 0.009 0.01 0.002 0.005 0.001 0.001 0.001 0.012 0.002 0.068 0.004 0.025 0.011 0.014 0.002 0.001 0.002 0 0 0.014 0.018 0.001 0.006 0.006 0.021 0.001 0.008 0.023 0.096 0.083 0.001 0.002 0.018 0.018 0.01 0 0.054 0.087 0.073 0.001 0.101 0.001 0.001 0.265 0.09 0.112 0.002 0.001 0.001 0.004 0.002 0.089 0.002 0.086 1 0.001 0.003 0.001 0.086 0.001 0.001 0.001 0.002 0.569
0 0.005 0.005 0.022 0 0.002 0 0.001 0.005 0.002 0.001 0.003 0.001 0.001 0 0.001 0.002 0.001 0.003 0.003 0.008 0.004 0.014 0.003 0.017 0.006 0.002 0.003 0.001 0.001 0.017 0.01 0.001 0.009 0.008 0.021 0.001 0.119 0.027 0.008 0.009 0.001 0.002 0.023 0.047 0.012 0 0.014 0.009 0.011 0 0.012 0.001 0.002 0.001 0.013 0.011 0.002 0.001 0.001 0.004 0.003 0.013 0.002 0.014 0.001 1 0.003 0.001 0.011 0.001 0.001 0.001 0.002 0.001
0.022 0.033 0.032 0.004 0.013 0 0.011 0.01 0.006 0.042 0.002 0.014 0.018 0.001 0.011 0.003 0.005 0.002 0.014 0 0.186 0.01 0.072 0.018 0.04 0.005 0.006 0.001 0 0 0.039 0.064 0 0.018 0.018 0.082 0.003 0.019 0.074 0.266 0.215 0.003 0.003 0.08 0.043 0.003 0.001 0.206 0.306 0.25 0.001 0.226 0.003 0.345 0.029 0.216 0.266 0.004 0.002 0 0.005 0.006 0.208 0.004 0.207 0.003 0.003 1 0.001 0.192 0.001 0.002 0.001 0.005 0
0 0.007 0.008 0.003 0.003 0.001 0.002 0.002 0.001 0.001 0 0.006 0.006 0 0.002 0.001 0.012 0 0.006 0.001 0.001 0.005 0.001 0.006 0.006 0.001 0.01 0.001 0 0 0.022 0.016 0 0.004 0.003 0.014 0.001 0.066 0.012 0.003 0.004 0.001 0.001 0.008 0.028 0.001 0 0.006 0.004 0.005 0 0.005 0.001 0.001 0.001 0.006 0.005 0.001 0 0 0.002 0.001 0.006 0.001 0.006 0.001 0.001 0.001 1 0.005 0 0 0 0.001 0
0.007 0.014 0.016 0.004 0.004 0.001 0.004 0.002 0.003 0.098 0.006 0.008 0.013 0 0 0.01 0.16 0.004 0.005 0.001 0.471 0.052 0.145 0.012 0.061 0.007 0.161 0.001 0.001 0 0.059 0.098 0.005 0.036 0.063 0.137 0.011 0.061 0.204 0.608 0.649 0.012 0.011 0.254 0.163 0.048 0.004 0.729 0.673 0.687 0.005 0.881 0.013 0.114 0.079 0.748 0.792 0.016 0.008 0.002 0.272 0.022 0.707 0.017 0.752 0.086 0.011 0.192 0.005 1 0.037 0.008 0.005 0.017 0.102
0.017 0.022 0.021 0.009 0.033 0.001 0.088 0.1 0.052 0.001 0 0.039 0.036 0 0.077 0.001 0.001 0 0.027 0.001 0.004 0.001 0.006 0.029 0.015 0.001 0.001 0.001 0 0 0.014 0.008 0.001 0.001 0 0.015 0.001 0 0.007 0.004 0.034 0.003 0.001 0.014 0.009 0.003 0 0.028 0.004 0.035 0 0.019 0.001 0.001 0.001 0.042 0.005 0.001 0 0 0.002 0.001 0.029 0.001 0.028 0.001 0.001 0.001 0 0.037 1 0 0 0.001 0.001
0.001 0 0.001 0.002 0.002 0.002 0.006 0.002 0.002 0.001 0.001 0.001 0.001 0 0.004 0.001 0.002 0.154 0 0.002 0.006 0.014 0.003 0 0 0.002 0.002 0.002 0.001 0.001 0 0.01 0.001 0.042 0.047 0.009 0.001 0.006 0.008 0.006 0.007 0.001 0.002 0.01 0.023 0.002 0 0.01 0.007 0.008 0 0.009 0.001 0.002 0.001 0.01 0.008 0.001 0.001 0.001 0.003 0.002 0.01 0.001 0.01 0.001 0.001 0.002 0 0.008 0 1 0 0.001 0.001
0 0 0 0.002 0 0 0.002 0.002 0.001 0.001 0.016 0.013 0.011 0 0.003 0.002 0.001 0 0.013 0.006 0.004 0 0.001 0.014 0 0.001 0.001 0.006 0 0 0 0.003 0.001 0.004 0.004 0.002 0.001 0 0.008 0.004 0.004 0.001 0.001 0.011 0.003 0.002 0.775 0.007 0.004 0.005 0.818 0.006 0.001 0.001 0.001 0.006 0.005 0.001 0 0 0.002 0.001 0.006 0.001 0.006 0.001 0.001 0.001 0 0.005 0 0 1 0.024 0.001
0.009 0.01 0.011 0.009 0.008 0 0.007 0.006 0.003 0.001 0.002 0.004 0.005 0.004 0.008 0.002 0.003 0.001 0.006 0.001 0.004 0.035 0 0.006 0.002 0.003 0.004 0 0.003 0.001 0.007 0.005 0.001 0.002 0.002 0.007 0.011 0 0.017 0.013 0.014 0.008 0.003 0.007 0.001 0.035 0.006 0.022 0.015 0.018 0.019 0.019 0.002 0.003 0.002 0.021 0.017 0.103 0.001 0.001 0.006 0.001 0.012 0.105 0.013 0.002 0.002 0.005 0.001 0.017 0.001 0.001 0.024 1 0.002
0.001 0.003 0.002 0 0.001 0 0 0 0.002 0.04 0.001 0.008 0.009 0.003 0.004 0.001 0.001 0.001 0.012 0.002 0.066 0.003 0.028 0.011 0.021 0.002 0.001 0.002 0 0 0.018 0.025 0.001 0.006 0.005 0.029 0.001 0.008 0.023 0.094 0.082 0.001 0.002 0.031 0.018 0.007 0 0.059 0.094 0.082 0.001 0.099 0.001 0.001 0.231 0.088 0.11 0.002 0.001 0.001 0.001 0.002 0.081 0.002 0.084 0.569 0.001 0 0 0.102 0.001 0.001 0.001 0.002 1
