1 0.747 0.771 0.413 0.322 0.183 0.131 0.23 0.179 0.275 0.097 0.031 0.044 0.464 0.4 0.18 0.233 0.03 0.031 0.502 0.174 0.008 0.136 0.116 0.505 0.27 0.246 0 0.022 0.14 0.06 0.06 0.213 0.2 0.09 0 0.036 0.033 0.064 0.023 0.096 0.018 0.005 0.002 0 0.02 0.003 0.067 0.018 0.011 0.006 0.058 0.013 0.011 0.013 0.004 0.063 0.003 0.001 0.021 0.002 0.023 0.024 0.006 0.007 0.011 0.014 0 0.003 0.029 0.012 0.005 0.004 0.003 0 0 0.009 0.018 0.012 0.009 0.007
0.747 1 0.941 0.382 0.369 0.24 0.172 0.302 0.234 0.238 0.127 0.024 0.057 0.593 0.523 0.237 0.273 0.04 0.024 0.606 0.229 0.001 0.107 0.078 0.62 0.322 0.248 0.021 0.015 0.19 0.079 0.08 0.272 0.206 0.099 0 0.051 0.051 0.09 0.047 0.082 0.014 0.037 0 0.001 0.033 0.009 0.067 0.031 0.029 0.001 0.044 0.02 0.008 0.023 0.001 0.085 0 0 0.024 0.004 0.034 0.036 0.003 0.004 0.02 0.011 0.001 0.005 0.04 0.009 0.014 0.002 0.002 0.017 0 0.006 0.026 0.017 0.016 0.004
0.771 0.941 1 0.408 0.417 0.235 0.169 0.296 0.229 0.26 0.124 0.024 0.056 0.621 0.548 0.231 0.304 0.039 0.024 0.65 0.224 0.001 0.106 0.079 0.665 0.357 0.271 0.022 0.016 0.185 0.077 0.078 0.287 0.22 0.108 0 0.05 0.061 0.087 0.045 0.09 0.014 0.037 0 0.001 0.04 0.009 0.09 0.038 0.033 0.001 0.042 0.02 0.008 0.028 0.001 0.083 0 0 0.023 0.007 0.033 0.035 0.003 0.004 0.025 0.011 0.001 0.001 0.039 0.007 0.019 0.002 0.003 0.018 0.001 0.006 0.026 0.017 0.016 0.004
0.413 0.382 0.408 1 0.187 0.081 0.052 0.132 0.103 0.775 0.056 0.054 0.025 0.234 0.253 0.079 0.134 0.02 0.054 0.256 0.076 0.034 0.268 0.297 0.267 0.159 0.567 0.001 0.036 0.053 0.034 0.033 0.112 0.503 0.296 0.015 0.016 0.001 0.03 0 0.36 0.032 0.247 0.038 0.026 0.002 0.027 0.032 0.002 0.018 0.193 0.143 0.008 0.019 0.006 0.05 0.032 0.051 0.037 0.011 0.018 0.009 0.009 0.013 0 0.009 0.024 0.001 0.009 0.004 0.032 0.011 0.011 0.018 0.042 0.027 0.015 0.008 0.005 0.003 0.017
0.322 0.369 0.417 0.187 1 0.019 0.014 0.598 0.488 0.223 0.258 0.011 0.004 0.454 0.404 0.019 0.652 0.088 0.011 0.488 0.018 0.033 0.062 0.112 0.497 0.811 0.207 0.01 0.003 0.02 0.003 0.007 0.644 0.154 0.105 0.003 0.007 0.204 0.013 0.161 0.088 0.007 0.044 0.021 0.004 0.004 0.008 0 0.004 0.068 0.024 0.036 0.002 0.004 0.006 0.023 0.004 0.022 0.007 0 0.002 0.006 0.008 0.001 0.004 0.005 0.005 0.003 0.001 0.005 0.004 0.005 0.004 0.004 0.008 0.002 0.002 0.004 0.041 0 0.005
0.183 0.24 0.235 0.081 0.019 1 0.719 0.012 0.01 0.114 0.005 0.006 0.238 0.238 0.213 0.941 0.015 0.002 0.006 0.24 0.957 0.019 0.019 0.045 0.231 0.02 0.116 0.005 0.007 0.812 0.299 0.347 0.02 0.116 0.05 0.008 0.216 0.024 0.398 0.023 0.045 0.003 0.002 0.008 0.008 0.032 0.004 0.226 0.03 0.035 0.006 0.03 0.098 0.002 0.026 0.01 0.296 0.009 0.012 0.072 0 0.148 0.004 0 0.043 0.02 0.003 0.001 0.003 0.155 0.002 0.015 0 0 0.004 0 0.002 0.133 0.001 0.06 0
0.131 0.172 0.169 0.052 0.014 0.719 1 0.009 0.007 0.084 0.004 0.004 0.002 0.174 0.156 0.672 0.011 0.001 0.004 0.171 0.683 0.014 0.012 0.03 0.161 0.015 0.08 0.004 0.005 0.57 0.417 0.484 0.014 0.08 0.027 0.001 0.307 0.018 0.562 0.016 0.024 0.003 0.018 0.004 0.004 0.067 0.003 0.326 0.063 0.02 0.043 0.019 0.054 0.001 0.058 0.005 0.418 0.004 0.006 0.04 0.001 0.211 0.003 0 0.064 0.047 0.002 0.001 0.002 0.22 0.001 0.039 0 0.002 0.003 0.003 0.002 0.189 0.001 0.033 0
0.23 0.302 0.296 0.132 0.598 0.012 0.009 1 0.775 0.147 0.42 0.007 0.003 0.295 0.264 0.012 0.792 0.002 0.007 0.32 0.012 0.021 0.04 0.072 0.326 0.525 0.145 0.006 0.001 0.013 0.002 0.005 0.5 0.126 0.089 0.002 0.004 0.282 0.008 0.299 0.077 0.004 0.031 0.012 0 0.005 0.005 0.008 0.004 0.126 0.088 0.036 0.004 0.002 0.008 0.014 0.001 0.013 0.001 0.003 0.004 0.004 0.006 0 0.003 0.007 0.003 0.002 0.003 0.003 0.005 0.007 0.002 0.002 0.005 0.004 0.001 0.003 0.065 0.004 0.003
0.179 0.234 0.229 0.103 0.488 0.01 0.007 0.775 1 0.114 0.542 0.006 0.002 0.226 0.202 0.009 0.617 0.002 0.006 0.246 0.009 0.015 0.031 0.055 0.25 0.392 0.106 0.005 0 0.01 0.001 0.004 0.364 0.088 0.062 0.001 0.003 0.183 0.006 0.193 0.053 0.003 0.024 0.007 0.001 0.001 0.004 0.006 0.001 0.093 0.056 0.041 0.003 0.002 0.003 0.009 0 0.008 0 0.002 0.001 0.003 0.004 0.002 0.002 0.002 0.002 0.002 0.003 0.003 0.002 0.002 0.001 0.002 0.004 0.001 0.001 0.002 0.085 0.003 0.002
0.275 0.238 0.26 0.775 0.223 0.114 0.084 0.147 0.114 1 0.062 0.049 0.028 0.327 0.352 0.115 0.151 0.022 0.049 0.334 0.111 0.141 0.236 0.442 0.346 0.192 0.675 0.002 0.027 0.083 0.038 0.037 0.13 0.609 0.374 0.016 0.019 0.006 0.035 0.002 0.443 0.03 0.273 0.107 0.072 0.022 0.035 0.037 0.025 0.029 0.231 0.194 0.009 0.017 0.034 0.123 0.037 0.127 0.098 0.014 0.061 0.011 0.036 0.011 0 0.04 0.022 0.004 0.013 0.02 0.033 0.039 0.014 0.019 0.047 0.046 0.004 0.009 0.006 0.004 0.021
0.097 0.127 0.124 0.056 0.258 0.005 0.004 0.42 0.542 0.062 1 0.003 0.001 0.128 0.115 0.005 0.353 0.001 0.003 0.139 0.005 0.01 0.017 0.032 0.141 0.254 0.074 0.003 0.004 0.006 0 0.002 0.262 0.075 0.056 0.001 0.002 0.133 0.003 0.139 0.05 0.002 0.013 0.011 0 0.003 0.002 0.003 0.002 0.048 0.047 0.025 0.002 0.001 0.002 0.012 0 0.012 0.001 0.002 0.002 0.002 0.002 0.002 0.001 0.004 0.001 0.001 0.001 0.001 0.006 0.004 0.002 0.001 0.002 0.005 0.001 0.001 0.062 0.002 0.002
0.031 0.024 0.024 0.054 0.011 0.006 0.004 0.007 0.006 0.049 0.003 1 0.001 0.009 0.01 0.006 0.009 0.001 0.003 0.004 0.006 0.277 0.019 0.055 0.007 0.012 0.021 0.003 0.004 0 0.002 0.002 0.007 0.018 0.028 0.001 0.012 0.014 0.005 0.013 0.033 0.002 0.014 0.182 0.129 0.122 0.002 0.002 0.127 0.049 0.035 0.001 0.015 0.342 0.109 0.161 0.001 0.15 0.142 0.01 0.123 0.001 0.047 0.313 0.029 0.099 0.344 0.023 0.002 0 0.001 0.105 0.167 0.001 0.002 0.116 0.001 0 0.001 0.007 0.209
0.044 0.057 0.056 0.025 0.004 0.238 0.002 0.003 0.002 0.028 0.001 0.001 1 0.058 0.052 0.242 0.003 0 0.001 0.063 0.246 0.005 0.008 0.014 0.064 0.005 0.033 0.001 0.002 0.219 0.001 0.001 0.005 0.034 0.025 0.049 0.001 0.006 0.002 0.005 0.022 0.001 0.092 0.005 0.005 0.007 0.001 0.001 0.008 0.015 0.038 0.011 0.044 0 0.008 0.005 0.001 0.005 0.006 0.034 0.007 0.001 0.001 0.001 0.001 0.008 0.001 0 0.001 0.001 0.003 0.008 0.001 0.006 0.001 0.006 0.001 0.001 0 0.028 0.001
0.464 0.593 0.621 0.234 0.454 0.238 0.174 0.295 0.226 0.327 0.128 0.009 0.058 1 0.882 0.239 0.324 0.046 0.007 0.768 0.231 0.041 0.093 0.151 0.784 0.453 0.322 0.014 0.003 0.198 0.079 0.096 0.341 0.268 0.172 0 0.057 0.086 0.096 0.067 0.153 0.014 0.033 0.021 0.008 0.008 0.01 0.099 0.007 0.016 0.004 0.072 0.029 0.008 0.004 0.027 0.092 0.028 0.013 0.033 0.001 0.039 0.009 0.004 0.009 0.004 0.002 0 0.001 0.054 0.001 0.002 0.007 0.003 0.017 0 0.001 0.032 0.032 0.023 0.01
0.4 0.523 0.548 0.253 0.404 0.213 0.156 0.264 0.202 0.352 0.115 0.01 0.052 0.882 1 0.214 0.289 0.042 0.009 0.687 0.21 0.047 0.103 0.168 0.702 0.404 0.3 0.009 0.005 0.176 0.071 0.086 0.305 0.251 0.158 0 0.054 0.072 0.089 0.055 0.138 0.016 0.026 0.028 0.013 0.004 0.009 0.092 0.003 0.008 0.003 0.052 0.025 0.009 0.001 0.034 0.087 0.035 0.02 0.028 0.004 0.037 0.01 0.006 0.007 0.001 0.003 0 0 0.053 0.003 0 0.008 0.004 0.003 0.001 0.001 0.032 0.029 0.019 0.012
0.18 0.237 0.231 0.079 0.019 0.941 0.672 0.012 0.009 0.115 0.005 0.006 0.242 0.239 0.214 1 0.014 0.002 0.006 0.245 0.971 0.019 0.026 0.053 0.25 0.02 0.129 0.005 0.007 0.865 0.303 0.352 0.019 0.13 0.059 0.008 0.251 0.024 0.439 0.023 0.053 0.003 0.002 0.008 0.008 0.039 0.004 0.257 0.036 0.03 0.006 0.037 0.099 0.002 0.032 0.01 0.335 0.009 0.012 0.074 0.001 0.18 0.004 0.004 0.044 0.019 0.003 0.001 0.003 0.191 0.002 0.015 0.003 0 0.004 0 0.002 0.135 0.001 0.061 0.004
0.233 0.273 0.304 0.134 0.652 0.015 0.011 0.792 0.617 0.151 0.353 0.009 0.003 0.324 0.289 0.014 1 0.003 0.009 0.395 0.014 0.029 0.048 0.091 0.402 0.639 0.177 0.008 0.002 0.016 0.002 0.006 0.592 0.137 0.096 0.002 0.005 0.317 0.01 0.257 0.082 0.005 0.033 0.011 0 0 0.006 0.001 0 0.144 0.068 0.038 0.005 0.003 0.001 0.014 0.002 0.013 0.002 0.004 0 0.005 0.007 0.001 0.003 0.001 0.004 0.002 0.003 0.004 0 0.001 0.005 0.003 0.006 0 0.003 0.003 0.054 0.005 0.006
0.03 0.04 0.039 0.02 0.088 0.002 0.001 0.002 0.002 0.022 0.001 0.001 0 0.046 0.042 0.002 0.003 1 0.001 0.051 0.002 0.004 0.006 0.012 0.052 0.092 0.027 0.001 0.001 0.002 0.001 0.001 0.096 0.027 0.02 0 0.001 0.005 0.001 0.004 0.017 0.001 0.005 0.004 0.004 0.004 0.001 0 0.004 0.007 0.009 0.001 0.003 0 0.003 0.002 0.001 0.002 0.002 0.002 0.002 0.001 0.001 0.001 0 0.003 0 0 0.001 0.001 0.001 0.003 0.001 0 0.001 0.002 0 0 0 0.001 0.001
0.031 0.024 0.024 0.054 0.011 0.006 0.004 0.007 0.006 0.049 0.003 0.003 0.001 0.007 0.009 0.006 0.009 0.001 1 0.022 0.006 0.292 0.018 0.094 0.021 0.011 0.041 0.003 0.836 0.006 0.002 0.002 0.011 0.038 0.044 0.001 0.002 0.014 0.004 0.013 0.058 0.002 0.013 0.267 0.262 0.176 0.002 0.004 0.169 0.048 0.033 0.024 0.002 0.001 0.159 0.232 0.003 0.245 0.212 0.002 0.185 0.002 0.002 0 0.001 0.151 0.001 0.001 0.002 0.002 0.399 0.159 0.001 0.001 0.001 0.176 0.001 0.001 0.001 0.002 0
0.502 0.606 0.65 0.256 0.488 0.24 0.171 0.32 0.246 0.334 0.139 0.004 0.063 0.768 0.687 0.245 0.395 0.051 0.022 1 0.256 0.048 0.108 0.206 0.962 0.535 0.423 0.019 0.013 0.243 0.086 0.088 0.414 0.337 0.195 0 0.085 0.076 0.128 0.057 0.166 0.012 0.029 0.032 0.012 0.003 0.015 0.092 0.003 0.011 0.004 0.085 0.07 0.007 0.001 0.034 0.083 0.032 0.018 0.072 0.004 0.029 0.017 0.008 0.006 0 0.01 0.005 0.004 0.041 0.002 0 0.012 0.003 0.016 0.002 0.006 0.03 0.019 0.054 0.015
0.174 0.229 0.224 0.076 0.018 0.957 0.683 0.012 0.009 0.111 0.005 0.006 0.246 0.231 0.21 0.971 0.014 0.002 0.006 0.256 1 0.019 0.026 0.052 0.246 0.02 0.126 0.005 0.007 0.839 0.308 0.358 0.018 0.125 0.055 0.008 0.223 0.024 0.411 0.022 0.05 0.003 0.002 0.007 0.008 0.035 0.004 0.234 0.032 0.034 0.006 0.035 0.101 0.002 0.028 0.009 0.306 0.009 0.011 0.075 0.001 0.153 0.004 0.004 0.044 0.016 0.002 0.001 0.003 0.16 0.002 0.012 0.003 0 0.004 0 0.002 0.138 0.001 0.063 0.004
0.008 0.001 0.001 0.034 0.033 0.019 0.014 0.021 0.015 0.141 0.01 0.277 0.005 0.041 0.047 0.019 0.029 0.004 0.292 0.048 0.019 1 0.044 0.241 0.052 0.039 0.101 0.01 0.284 0.007 0.006 0.008 0.034 0.104 0.136 0.003 0 0.043 0.001 0.04 0.158 0.007 0.046 0.699 0.572 0.462 0.002 0.009 0.443 0.134 0.1 0.003 0.001 0.086 0.414 0.615 0.007 0.591 0.549 0 0.475 0.004 0.222 0.102 0.004 0.374 0.13 0.061 0.005 0.003 0.157 0.442 0.111 0.003 0.007 0.362 0.004 0.002 0.003 0 0.122
0.136 0.107 0.106 0.268 0.062 0.019 0.012 0.04 0.031 0.236 0.017 0.019 0.008 0.093 0.103 0.026 0.048 0.006 0.018 0.108 0.026 0.044 1 0.408 0.119 0.066 0.219 0.017 0.021 0.035 0.01 0.013 0.035 0.173 0.02 0.004 0.014 0.051 0.022 0.058 0.031 0.08 0.071 0.054 0.053 0.084 0.066 0.012 0.077 0 0.005 0.093 0.006 0.006 0.046 0.026 0.015 0.023 0.025 0.006 0.03 0.004 0.015 0.006 0.007 0.034 0.008 0.005 0 0.009 0.002 0.028 0.004 0.004 0.014 0.022 0.032 0.008 0 0 0.004
0.116 0.078 0.079 0.297 0.112 0.045 0.03 0.072 0.055 0.442 0.032 0.055 0.014 0.151 0.168 0.053 0.091 0.012 0.094 0.206 0.052 0.241 0.408 1 0.225 0.125 0.404 0.032 0.085 0.066 0.02 0.024 0.078 0.354 0.144 0.008 0.022 0.005 0.037 0.008 0.183 0.037 0.137 0.227 0.174 0.096 0.042 0.024 0.096 0.108 0.068 0.027 0.014 0.026 0.123 0.252 0.025 0.248 0.223 0.016 0.176 0.008 0.07 0.034 0 0.125 0.041 0.023 0.003 0.013 0.081 0.112 0.044 0.008 0.024 0.139 0.013 0.01 0.002 0.004 0.049
0.505 0.62 0.665 0.267 0.497 0.231 0.161 0.326 0.25 0.346 0.141 0.007 0.064 0.784 0.702 0.25 0.402 0.052 0.021 0.962 0.246 0.052 0.119 0.225 1 0.545 0.447 0.019 0.013 0.262 0.088 0.09 0.422 0.348 0.211 0 0.1 0.079 0.144 0.06 0.182 0.013 0.028 0.035 0.014 0.004 0.015 0.105 0.003 0.01 0.005 0.088 0.072 0.007 0.001 0.04 0.097 0.038 0.023 0.073 0.006 0.039 0.017 0.007 0.005 0 0.009 0.005 0.004 0.054 0.003 0 0.012 0.003 0.016 0.003 0.005 0.03 0.019 0.056 0.015
0.27 0.322 0.357 0.159 0.811 0.02 0.015 0.525 0.392 0.192 0.254 0.012 0.005 0.453 0.404 0.02 0.639 0.092 0.011 0.535 0.02 0.039 0.066 0.125 0.545 1 0.252 0.011 0.014 0.022 0.004 0.008 0.791 0.171 0.118 0.003 0.008 0.215 0.014 0.172 0.099 0.007 0.052 0.031 0.009 0.009 0.008 0 0.009 0.061 0.024 0.034 0 0.004 0.012 0.033 0.004 0.032 0.013 0.001 0.007 0.007 0.009 0.002 0.004 0.011 0.005 0.003 0.001 0.003 0.004 0.011 0.007 0.004 0.009 0.005 0.002 0.005 0.038 0 0.008
0.246 0.248 0.271 0.567 0.207 0.116 0.08 0.145 0.106 0.675 0.074 0.021 0.033 0.322 0.3 0.129 0.177 0.027 0.041 0.423 0.126 0.101 0.219 0.404 0.447 0.252 1 0.034 0.048 0.133 0.046 0.045 0.214 0.824 0.552 0.018 0.05 0.012 0.071 0.006 0.484 0.022 0.2 0.107 0.072 0.018 0.019 0.048 0.02 0.016 0.215 0.201 0.027 0.014 0.027 0.12 0.046 0.114 0.093 0.016 0.061 0.015 0.032 0.017 0 0.032 0.018 0.01 0.01 0.025 0.035 0.037 0.021 0.022 0.056 0.049 0.011 0.013 0.008 0.009 0.029
0 0.021 0.022 0.001 0.01 0.005 0.004 0.006 0.005 0.002 0.003 0.003 0.001 0.014 0.009 0.005 0.008 0.001 0.003 0.019 0.005 0.01 0.017 0.032 0.019 0.011 0.034 1 0.003 0.006 0.002 0.002 0.01 0.034 0.046 0 0.002 0.013 0.003 0.012 0.002 0.002 0.039 0.011 0.011 0.016 0.004 0.003 0.014 0.016 0.004 0 0.002 0.001 0.014 0.009 0.003 0.008 0.01 0 0.012 0.002 0.002 0.002 0.001 0.014 0.001 0.001 0.123 0.001 0.004 0.014 0.002 0.001 0.002 0.009 0.001 0.001 0.001 0.002 0.002
0.022 0.015 0.016 0.036 0.003 0.007 0.005 0.001 0 0.027 0.004 0.004 0.002 0.003 0.005 0.007 0.002 0.001 0.836 0.013 0.007 0.284 0.021 0.085 0.013 0.014 0.048 0.003 1 0.007 0.002 0.003 0.013 0.046 0.054 0.001 0.003 0.017 0.005 0.016 0.069 0.002 0.016 0.316 0.311 0.209 0.003 0.004 0.201 0.051 0.039 0.029 0.002 0.001 0.189 0.276 0.003 0.259 0.251 0.003 0.219 0.002 0.003 0 0.002 0.158 0.002 0.004 0.002 0.002 0.482 0.189 0 0.001 0.002 0.216 0.002 0.002 0.001 0.003 0
0.14 0.19 0.185 0.053 0.02 0.812 0.57 0.013 0.01 0.083 0.006 0 0.219 0.198 0.176 0.865 0.016 0.002 0.006 0.243 0.839 0.007 0.035 0.066 0.262 0.022 0.133 0.006 0.007 1 0.275 0.318 0.021 0.144 0.075 0.007 0.361 0.027 0.594 0.022 0.068 0.004 0.001 0.009 0.01 0.042 0.004 0.286 0.039 0.033 0.009 0.047 0.18 0.002 0.034 0.012 0.372 0.011 0.014 0.136 0.002 0.225 0.005 0.004 0.039 0.021 0.003 0.001 0.003 0.206 0.003 0.017 0.004 0 0.005 0.001 0.002 0.189 0.001 0.114 0.004
0.06 0.079 0.077 0.034 0.003 0.299 0.417 0.002 0.001 0.038 0 0.002 0.001 0.079 0.071 0.303 0.002 0.001 0.002 0.086 0.308 0.006 0.01 0.02 0.088 0.004 0.046 0.002 0.002 0.275 1 0.762 0.004 0.037 0.027 0 0.059 0.005 0.386 0.005 0.024 0.001 0.008 0.007 0.007 0.01 0.001 0.101 0.009 0.017 0.016 0.015 0.078 0.001 0.008 0.007 0.13 0.007 0.008 0.059 0.008 0.128 0.001 0.001 0 0.004 0.001 0.001 0.001 0.159 0.004 0.002 0.001 0.001 0.001 0.006 0.001 0.062 0 0.052 0.001
0.06 0.08 0.078 0.033 0.007 0.347 0.484 0.005 0.004 0.037 0.002 0.002 0.001 0.096 0.086 0.352 0.006 0.001 0.002 0.088 0.358 0.008 0.013 0.024 0.09 0.008 0.045 0.002 0.003 0.318 0.762 1 0.008 0.037 0.034 0.001 0.127 0.005 0.458 0.004 0.03 0.001 0.01 0.008 0.008 0.019 0.002 0.161 0.018 0.025 0.017 0.018 0.062 0.001 0.016 0.009 0.207 0.009 0.01 0.047 0.001 0.104 0.002 0.002 0.035 0.011 0.001 0.001 0.001 0.13 0 0.007 0.001 0.001 0.002 0 0.001 0.05 0.001 0.041 0.002
0.213 0.272 0.287 0.112 0.644 0.02 0.014 0.5 0.364 0.13 0.262 0.007 0.005 0.341 0.305 0.019 0.592 0.096 0.011 0.414 0.018 0.034 0.035 0.078 0.422 0.791 0.214 0.01 0.013 0.021 0.004 0.008 1 0.233 0.175 0.003 0.007 0.301 0.013 0.25 0.152 0.007 0.05 0.026 0.006 0.006 0.008 0 0.006 0.092 0.049 0.045 0.002 0.004 0.009 0.028 0.004 0.027 0.009 0.004 0.004 0.007 0.009 0.002 0.004 0.01 0.005 0.003 0.005 0.003 0.002 0.008 0.006 0.004 0.008 0.005 0.002 0.005 0.039 0.005 0.008
0.2 0.206 0.22 0.503 0.154 0.116 0.08 0.126 0.088 0.609 0.075 0.018 0.034 0.268 0.251 0.13 0.137 0.027 0.038 0.337 0.125 0.104 0.173 0.354 0.348 0.171 0.824 0.034 0.046 0.144 0.037 0.037 0.233 1 0.68 0.018 0.061 0.032 0.096 0.024 0.605 0.025 0.205 0.121 0.083 0.016 0.029 0.069 0.018 0.011 0.262 0.229 0.027 0.014 0.025 0.134 0.07 0.128 0.104 0.013 0.069 0.033 0.031 0.016 0.001 0.029 0.018 0.01 0.019 0.04 0.044 0.033 0.021 0.022 0.059 0.057 0.003 0.033 0.009 0.007 0.027
0.09 0.099 0.108 0.296 0.105 0.05 0.027 0.089 0.062 0.374 0.056 0.028 0.025 0.172 0.158 0.059 0.096 0.02 0.044 0.195 0.055 0.136 0.02 0.144 0.211 0.118 0.552 0.046 0.054 0.075 0.027 0.034 0.175 0.68 1 0.014 0.037 0.254 0.063 0.242 0.863 0.033 0.14 0.167 0.12 0.04 0.016 0.05 0.044 0 0.413 0.213 0.013 0.018 0.056 0.182 0.053 0.173 0.15 0.004 0.112 0.023 0.042 0.024 0 0.057 0.024 0.013 0.025 0.01 0.047 0.068 0.026 0.016 0.044 0.093 0.014 0.025 0.014 0.001 0.037
0 0 0 0.015 0.003 0.008 0.001 0.002 0.001 0.016 0.001 0.001 0.049 0 0 0.008 0.002 0 0.001 0 0.008 0.003 0.004 0.008 0 0.003 0.018 0 0.001 0.007 0 0.001 0.003 0.018 0.014 1 0.001 0.003 0.001 0.003 0.013 0 0.055 0.003 0.003 0.004 0.001 0.001 0.004 0.009 0.023 0.007 0 0 0.005 0.003 0.001 0.003 0.004 0.001 0.004 0 0.001 0.001 0 0.005 0 0 0 0 0.002 0.005 0 0.391 0.001 0.003 0 0 0 0.001 0.001
0.036 0.051 0.05 0.016 0.007 0.216 0.307 0.004 0.003 0.019 0.002 0.012 0.001 0.057 0.054 0.251 0.005 0.001 0.002 0.085 0.223 0 0.014 0.022 0.1 0.008 0.05 0.002 0.003 0.361 0.059 0.127 0.007 0.061 0.037 0.001 1 0.009 0.581 0.008 0.041 0.002 0.011 0.009 0.009 0.022 0.002 0.183 0.021 0.009 0.024 0.021 0.252 0.001 0.019 0.01 0.234 0.009 0.011 0.197 0 0.094 0.002 0.002 0.089 0.014 0.001 0 0.001 0.036 0 0.013 0.001 0.001 0.002 0 0.001 0.102 0.001 0.165 0.002
0.033 0.051 0.061 0.001 0.204 0.024 0.018 0.282 0.183 0.006 0.133 0.014 0.006 0.086 0.072 0.024 0.317 0.005 0.014 0.076 0.024 0.043 0.051 0.005 0.079 0.215 0.012 0.013 0.017 0.027 0.005 0.005 0.301 0.032 0.254 0.003 0.009 1 0.017 0.926 0.232 0.009 0.062 0.037 0.036 0.035 0.091 0 0.037 0.241 0.221 0.023 0.008 0.005 0.041 0.041 0.012 0.038 0.046 0.01 0.031 0.008 0.011 0.003 0.006 0.034 0.006 0.003 0.007 0.007 0.008 0.04 0.007 0.005 0.01 0.023 0.06 0.006 0 0.011 0.009
0.064 0.09 0.087 0.03 0.013 0.398 0.562 0.008 0.006 0.035 0.003 0.005 0.002 0.096 0.089 0.439 0.01 0.001 0.004 0.128 0.411 0.001 0.022 0.037 0.144 0.014 0.071 0.003 0.005 0.594 0.386 0.458 0.013 0.096 0.063 0.001 0.581 0.017 1 0.013 0.064 0.002 0.017 0.014 0.014 0.061 0.003 0.412 0.058 0.022 0.041 0.033 0.157 0.001 0.053 0.015 0.526 0.015 0.017 0.12 0.002 0.331 0.003 0.003 0.05 0.038 0.002 0.001 0.002 0.217 0 0.031 0.002 0.001 0.003 0.001 0.002 0.268 0.001 0.098 0.003
0.023 0.047 0.045 0 0.161 0.023 0.016 0.299 0.193 0.002 0.139 0.013 0.005 0.067 0.055 0.023 0.257 0.004 0.013 0.057 0.022 0.04 0.058 0.008 0.06 0.172 0.006 0.012 0.016 0.022 0.005 0.004 0.25 0.024 0.242 0.003 0.008 0.926 0.013 1 0.221 0.008 0.059 0.035 0.033 0.052 0.097 0.012 0.055 0.219 0.247 0.02 0.007 0.005 0.059 0.038 0.009 0.035 0.043 0.009 0.051 0.006 0.01 0.003 0.005 0.051 0.006 0.004 0.006 0.004 0.014 0.058 0.006 0.005 0.01 0.041 0.065 0.003 0 0.01 0.009
0.096 0.082 0.09 0.36 0.088 0.045 0.024 0.077 0.053 0.443 0.05 0.033 0.022 0.153 0.138 0.053 0.082 0.017 0.058 0.166 0.05 0.158 0.031 0.183 0.182 0.099 0.484 0.002 0.069 0.068 0.024 0.03 0.152 0.605 0.863 0.013 0.041 0.232 0.064 0.221 1 0.037 0.226 0.193 0.141 0.056 0.013 0.044 0.06 0.001 0.486 0.247 0.016 0.021 0.075 0.21 0.047 0.199 0.176 0.009 0.136 0.02 0.047 0.027 0 0.076 0.027 0.015 0.017 0.009 0.058 0.089 0.03 0.014 0.039 0.114 0.012 0.022 0.013 0.001 0.042
0.018 0.014 0.014 0.032 0.007 0.003 0.003 0.004 0.003 0.03 0.002 0.002 0.001 0.014 0.016 0.003 0.005 0.001 0.002 0.012 0.003 0.007 0.08 0.037 0.013 0.007 0.022 0.002 0.002 0.004 0.001 0.001 0.007 0.025 0.033 0 0.002 0.009 0.002 0.008 0.037 1 0.004 0.006 0.007 0.01 0.001 0.001 0.004 0.005 0.007 0.012 0.001 0.001 0.003 0.006 0.002 0.005 0.001 0.001 0.003 0.001 0.002 0.001 0.001 0.003 0.001 0.001 0.001 0.001 0 0.004 0.001 0.001 0.002 0.001 0.001 0.001 0 0.002 0.001
0.005 0.037 0.037 0.247 0.044 0.002 0.018 0.031 0.024 0.273 0.013 0.014 0.092 0.033 0.026 0.002 0.033 0.005 0.013 0.029 0.002 0.046 0.071 0.137 0.028 0.052 0.2 0.039 0.016 0.001 0.008 0.01 0.05 0.205 0.14 0.055 0.011 0.062 0.017 0.059 0.226 0.004 1 0.052 0.053 0.078 0.01 0.016 0.081 0.132 0.372 0.096 0 0.005 0.086 0.058 0.013 0.056 0.065 0 0.074 0.004 0.011 0.01 0.006 0.085 0.006 0.004 0.007 0.007 0.03 0.086 0.008 0.075 0.165 0.063 0.006 0.006 0.003 0.001 0.01
0.002 0 0 0.038 0.021 0.008 0.004 0.012 0.007 0.107 0.011 0.182 0.005 0.021 0.028 0.008 0.011 0.004 0.267 0.032 0.007 0.699 0.054 0.227 0.035 0.031 0.107 0.011 0.316 0.009 0.007 0.008 0.026 0.121 0.167 0.003 0.009 0.037 0.014 0.035 0.193 0.006 0.052 1 0.845 0.663 0.008 0.013 0.638 0.214 0.124 0.014 0.006 0.081 0.6 0.887 0.01 0.84 0.797 0.008 0.696 0.007 0.219 0.107 0.019 0.55 0.123 0.07 0.005 0 0.251 0.548 0.117 0.004 0.008 0.572 0.005 0.005 0.003 0.009 0.126
0 0.001 0.001 0.026 0.004 0.008 0.004 0 0.001 0.072 0 0.129 0.005 0.008 0.013 0.008 0 0.004 0.262 0.012 0.008 0.572 0.053 0.174 0.014 0.009 0.072 0.011 0.311 0.01 0.007 0.008 0.006 0.083 0.12 0.003 0.009 0.036 0.014 0.033 0.141 0.007 0.053 0.845 1 0.662 0.009 0.013 0.648 0.217 0.126 0.015 0.006 0.046 0.591 0.757 0.004 0.734 0.811 0.008 0.694 0.007 0.16 0.105 0.011 0.548 0.083 0.069 0.006 0 0.237 0.546 0.082 0.005 0.008 0.588 0.005 0.005 0.037 0.01 0.092
0.02 0.033 0.04 0.002 0.004 0.032 0.067 0.005 0.001 0.022 0.003 0.122 0.007 0.008 0.004 0.039 0 0.004 0.176 0.003 0.035 0.462 0.084 0.096 0.004 0.009 0.018 0.016 0.209 0.042 0.01 0.019 0.006 0.016 0.04 0.004 0.022 0.035 0.061 0.052 0.056 0.01 0.078 0.663 0.662 1 0.013 0.166 0.961 0.158 0.187 0.045 0.01 0.053 0.884 0.584 0.158 0.552 0.613 0.012 0.689 0.082 0.145 0.066 0.073 0.799 0.081 0.05 0.008 0.078 0.227 0.776 0.075 0.007 0.013 0.583 0.007 0.075 0.024 0.014 0.08
0.003 0.009 0.009 0.027 0.008 0.004 0.003 0.005 0.004 0.035 0.002 0.002 0.001 0.01 0.009 0.004 0.006 0.001 0.002 0.015 0.004 0.002 0.066 0.042 0.015 0.008 0.019 0.004 0.003 0.004 0.001 0.002 0.008 0.029 0.016 0.001 0.002 0.091 0.003 0.097 0.013 0.001 0.01 0.008 0.009 0.013 1 0.003 0.013 0.003 0.011 0.037 0.001 0.001 0.014 0.009 0.002 0.009 0.011 0.002 0.012 0.001 0.002 0.002 0.001 0.008 0.001 0.001 0.001 0.001 0.005 0.014 0.001 0.001 0.002 0.01 0.001 0.001 0.008 0.002 0.002
0.067 0.067 0.09 0.032 0 0.226 0.326 0.008 0.006 0.037 0.003 0.002 0.001 0.099 0.092 0.257 0.001 0 0.004 0.092 0.234 0.009 0.012 0.024 0.105 0 0.048 0.003 0.004 0.286 0.101 0.161 0 0.069 0.05 0.001 0.183 0 0.412 0.012 0.044 0.001 0.016 0.013 0.013 0.166 0.003 1 0.187 0 0.038 0.028 0.002 0.001 0.176 0.014 0.688 0.014 0.007 0.002 0.013 0.432 0.003 0.003 0.074 0.137 0.002 0 0.002 0.233 0.011 0.121 0.002 0.001 0.003 0.017 0.001 0.371 0.001 0.003 0.003
0.018 0.031 0.038 0.002 0.004 0.03 0.063 0.004 0.001 0.025 0.002 0.127 0.008 0.007 0.003 0.036 0 0.004 0.169 0.003 0.032 0.443 0.077 0.096 0.003 0.009 0.02 0.014 0.201 0.039 0.009 0.018 0.006 0.018 0.044 0.004 0.021 0.037 0.058 0.055 0.06 0.004 0.081 0.638 0.648 0.961 0.013 0.187 1 0.166 0.195 0.046 0.01 0.061 0.905 0.57 0.152 0.54 0.639 0.012 0.712 0.079 0.139 0.073 0.07 0.809 0.078 0.048 0.009 0.075 0.25 0.785 0.072 0.007 0.013 0.599 0.007 0.072 0.023 0.015 0.076
0.011 0.029 0.033 0.018 0.068 0.035 0.02 0.126 0.093 0.029 0.048 0.049 0.015 0.016 0.008 0.03 0.144 0.007 0.048 0.011 0.034 0.134 0 0.108 0.01 0.061 0.016 0.016 0.051 0.033 0.017 0.025 0.092 0.011 0 0.009 0.009 0.241 0.022 0.219 0.001 0.005 0.132 0.214 0.217 0.158 0.003 0 0.166 1 0.005 0.038 0.02 0.024 0.182 0.232 0.013 0.233 0.238 0.022 0.218 0.003 0.046 0.04 0.002 0.179 0.035 0.011 0.002 0 0.081 0.16 0.03 0.014 0.012 0.218 0.02 0.004 0 0.027 0.033
0.006 0.001 0.001 0.193 0.024 0.006 0.043 0.088 0.056 0.231 0.047 0.035 0.038 0.004 0.003 0.006 0.068 0.009 0.033 0.004 0.006 0.1 0.005 0.068 0.005 0.024 0.215 0.004 0.039 0.009 0.016 0.017 0.049 0.262 0.413 0.023 0.024 0.221 0.041 0.247 0.486 0.007 0.372 0.124 0.126 0.187 0.011 0.038 0.195 0.005 1 0.167 0.004 0.012 0.207 0.139 0.03 0.133 0.155 0.008 0.178 0.021 0.027 0.015 0.014 0.204 0.016 0.01 0.016 0.017 0.072 0.206 0.019 0.03 0.068 0.152 0.023 0.014 0.008 0.011 0.025
0.058 0.044 0.042 0.143 0.036 0.03 0.019 0.036 0.041 0.194 0.025 0.001 0.011 0.072 0.052 0.037 0.038 0.001 0.024 0.085 0.035 0.003 0.093 0.027 0.088 0.034 0.201 0 0.029 0.047 0.015 0.018 0.045 0.229 0.213 0.007 0.021 0.023 0.033 0.02 0.247 0.012 0.096 0.014 0.015 0.045 0.037 0.028 0.046 0.038 0.167 1 0.015 0.006 0.056 0.02 0.024 0.018 0.028 0.01 0.03 0.008 0.007 0 0.011 0.04 0.003 0.01 0.027 0.014 0.041 0.036 0.008 0.006 0.02 0.035 0.004 0.011 0.001 0.002 0.008
0.013 0.02 0.02 0.008 0.002 0.098 0.054 0.004 0.003 0.009 0.002 0.015 0.044 0.029 0.025 0.099 0.005 0.003 0.002 0.07 0.101 0.001 0.006 0.014 0.072 0 0.027 0.002 0.002 0.18 0.078 0.062 0.002 0.027 0.013 0 0.252 0.008 0.157 0.007 0.016 0.001 0 0.006 0.006 0.01 0.001 0.002 0.01 0.02 0.004 0.015 1 0.001 0.011 0.007 0.002 0.007 0.008 0.797 0.009 0.001 0.001 0.001 0.001 0.01 0.001 0 0.001 0.001 0.004 0.011 0.001 0.001 0.001 0.008 0.001 0.001 0 0.678 0.001
0.011 0.008 0.008 0.019 0.004 0.002 0.001 0.002 0.002 0.017 0.001 0.342 0 0.008 0.009 0.002 0.003 0 0.001 0.007 0.002 0.086 0.006 0.026 0.007 0.004 0.014 0.001 0.001 0.002 0.001 0.001 0.004 0.014 0.018 0 0.001 0.005 0.001 0.005 0.021 0.001 0.005 0.081 0.046 0.053 0.001 0.001 0.061 0.024 0.012 0.006 0.001 1 0.048 0.072 0.001 0.075 0.064 0.001 0.056 0.001 0.076 0.32 0 0.048 0.488 0 0.001 0.001 0.002 0.048 0.32 0 0.001 0.048 0 0 0 0.001 0.409
0.013 0.023 0.028 0.006 0.006 0.026 0.058 0.008 0.003 0.034 0.002 0.109 0.008 0.004 0.001 0.032 0.001 0.003 0.159 0.001 0.028 0.414 0.046 0.123 0.001 0.012 0.027 0.014 0.189 0.034 0.008 0.016 0.009 0.025 0.056 0.005 0.019 0.041 0.053 0.059 0.075 0.003 0.086 0.6 0.591 0.884 0.014 0.176 0.905 0.182 0.207 0.056 0.011 0.048 1 0.671 0.143 0.64 0.719 0.013 0.781 0.074 0.131 0.06 0.066 0.881 0.074 0.046 0.009 0.071 0.323 0.849 0.067 0.007 0.014 0.662 0.008 0.068 0.011 0.016 0.082
0.004 0.001 0.001 0.05 0.023 0.01 0.005 0.014 0.009 0.123 0.012 0.161 0.005 0.027 0.034 0.01 0.014 0.002 0.232 0.034 0.009 0.615 0.026 0.252 0.04 0.033 0.12 0.009 0.276 0.012 0.007 0.009 0.028 0.134 0.182 0.003 0.01 0.041 0.015 0.038 0.21 0.006 0.058 0.887 0.757 0.584 0.009 0.014 0.57 0.232 0.139 0.02 0.007 0.072 0.671 1 0.011 0.95 0.893 0.009 0.772 0.008 0.196 0.095 0.016 0.621 0.111 0.064 0.006 0 0.333 0.612 0.104 0.005 0.01 0.647 0.005 0.005 0.003 0.01 0.127
0.063 0.085 0.083 0.032 0.004 0.296 0.418 0.001 0 0.037 0 0.001 0.001 0.092 0.087 0.335 0.002 0.001 0.003 0.083 0.306 0.007 0.015 0.025 0.097 0.004 0.046 0.003 0.003 0.372 0.13 0.207 0.004 0.07 0.053 0.001 0.234 0.012 0.526 0.009 0.047 0.002 0.013 0.01 0.004 0.158 0.002 0.688 0.152 0.013 0.03 0.024 0.002 0.001 0.143 0.011 1 0.01 0.006 0.002 0.001 0.545 0.002 0.001 0.095 0.106 0.001 0 0.001 0.295 0 0.093 0.001 0.001 0.002 0 0.001 0.466 0.009 0.002 0.001
0.003 0 0 0.051 0.022 0.009 0.004 0.013 0.008 0.127 0.012 0.15 0.005 0.028 0.035 0.009 0.013 0.002 0.245 0.032 0.009 0.591 0.023 0.248 0.038 0.032 0.114 0.008 0.259 0.011 0.007 0.009 0.027 0.128 0.173 0.003 0.009 0.038 0.015 0.035 0.199 0.005 0.056 0.84 0.734 0.552 0.009 0.014 0.54 0.233 0.133 0.018 0.007 0.075 0.64 0.95 0.01 1 0.857 0.009 0.74 0.007 0.204 0.102 0.004 0.623 0.116 0.039 0.006 0 0.303 0.585 0.111 0.005 0.009 0.612 0.005 0.005 0.003 0.01 0.136
0.001 0 0 0.037 0.007 0.012 0.006 0.001 0 0.098 0.001 0.142 0.006 0.013 0.02 0.012 0.002 0.002 0.212 0.018 0.011 0.549 0.025 0.223 0.023 0.013 0.093 0.01 0.251 0.014 0.008 0.01 0.009 0.104 0.15 0.004 0.011 0.046 0.017 0.043 0.176 0.001 0.065 0.797 0.811 0.613 0.011 0.007 0.639 0.238 0.155 0.028 0.008 0.064 0.719 0.893 0.006 0.857 1 0.01 0.846 0.009 0.175 0.09 0.014 0.685 0.099 0.057 0.007 0 0.336 0.675 0.098 0.006 0.011 0.694 0.006 0.006 0.03 0.012 0.115
0.021 0.024 0.023 0.011 0 0.072 0.04 0.003 0.002 0.014 0.002 0.01 0.034 0.033 0.028 0.074 0.004 0.002 0.002 0.072 0.075 0 0.006 0.016 0.073 0.001 0.016 0 0.003 0.136 0.059 0.047 0.004 0.013 0.004 0.001 0.197 0.01 0.12 0.009 0.009 0.001 0 0.008 0.008 0.012 0.002 0.002 0.012 0.022 0.008 0.01 0.797 0.001 0.013 0.009 0.002 0.009 0.01 1 0.011 0.001 0.002 0.002 0.001 0.013 0.001 0.001 0.001 0.001 0.005 0.013 0.001 0.001 0.002 0.01 0.001 0.001 0.001 0.762 0.002
0.002 0.004 0.007 0.018 0.002 0 0.001 0.004 0.001 0.061 0.002 0.123 0.007 0.001 0.004 0.001 0 0.002 0.185 0.004 0.001 0.475 0.03 0.176 0.006 0.007 0.061 0.012 0.219 0.002 0.008 0.001 0.004 0.069 0.112 0.004 0 0.031 0.002 0.051 0.136 0.003 0.074 0.696 0.694 0.689 0.012 0.013 0.712 0.218 0.178 0.03 0.009 0.056 0.781 0.772 0.001 0.74 0.846 0.011 1 0.01 0.152 0.099 0.077 0.782 0.087 0.054 0.008 0 0.394 0.774 0.109 0.006 0.012 0.83 0.007 0.007 0.017 0.013 0.139
0.023 0.034 0.033 0.009 0.006 0.148 0.211 0.004 0.003 0.011 0.002 0.001 0.001 0.039 0.037 0.18 0.005 0.001 0.002 0.029 0.153 0.004 0.004 0.008 0.039 0.007 0.015 0.002 0.002 0.225 0.128 0.104 0.007 0.033 0.023 0 0.094 0.008 0.331 0.006 0.02 0.001 0.004 0.007 0.007 0.082 0.001 0.432 0.079 0.003 0.021 0.008 0.001 0.001 0.074 0.008 0.545 0.007 0.009 0.001 0.01 1 0.002 0.001 0.001 0.075 0.001 0.001 0.001 0.436 0.004 0.063 0.001 0.001 0.001 0.009 0.001 0.682 0 0.002 0.001
0.024 0.036 0.035 0.009 0.008 0.004 0.003 0.006 0.004 0.036 0.002 0.047 0.001 0.009 0.01 0.004 0.007 0.001 0.002 0.017 0.004 0.222 0.015 0.07 0.017 0.009 0.032 0.002 0.003 0.005 0.001 0.002 0.009 0.031 0.042 0.001 0.002 0.011 0.003 0.01 0.047 0.002 0.011 0.219 0.16 0.145 0.002 0.003 0.139 0.046 0.027 0.007 0.001 0.076 0.131 0.196 0.002 0.204 0.175 0.002 0.152 0.002 1 0.03 0.001 0.13 0.126 0.13 0.001 0.001 0.001 0.112 0.041 0.001 0.002 0.061 0.001 0.001 0.001 0.002 0.03
0.006 0.003 0.003 0.013 0.001 0 0 0 0.002 0.011 0.002 0.313 0.001 0.004 0.006 0.004 0.001 0.001 0 0.008 0.004 0.102 0.006 0.034 0.007 0.002 0.017 0.002 0 0.004 0.001 0.002 0.002 0.016 0.024 0.001 0.002 0.003 0.003 0.003 0.027 0.001 0.01 0.107 0.105 0.066 0.002 0.003 0.073 0.04 0.015 0 0.001 0.32 0.06 0.095 0.001 0.102 0.09 0.002 0.099 0.001 0.03 1 0.001 0.085 0.188 0.001 0.001 0.001 0.005 0.079 0.318 0.001 0.002 0.095 0.001 0.001 0.001 0.002 0.385
0.007 0.004 0.004 0 0.004 0.043 0.064 0.003 0.002 0 0.001 0.029 0.001 0.009 0.007 0.044 0.003 0 0.001 0.006 0.044 0.004 0.007 0 0.005 0.004 0 0.001 0.002 0.039 0 0.035 0.004 0.001 0 0 0.089 0.006 0.05 0.005 0 0.001 0.006 0.019 0.011 0.073 0.001 0.074 0.07 0.002 0.014 0.011 0.001 0 0.066 0.016 0.095 0.004 0.014 0.001 0.077 0.001 0.001 0.001 1 0.057 0.001 0 0.001 0.001 0.012 0.037 0.001 0 0.001 0.088 0.001 0.001 0 0.001 0.001
0.011 0.02 0.025 0.009 0.005 0.02 0.047 0.007 0.002 0.04 0.004 0.099 0.008 0.004 0.001 0.019 0.001 0.003 0.151 0 0.016 0.374 0.034 0.125 0 0.011 0.032 0.014 0.158 0.021 0.004 0.011 0.01 0.029 0.057 0.005 0.014 0.034 0.038 0.051 0.076 0.003 0.085 0.55 0.548 0.799 0.008 0.137 0.809 0.179 0.204 0.04 0.01 0.048 0.881 0.621 0.106 0.623 0.685 0.013 0.782 0.075 0.13 0.085 0.057 1 0.075 0.026 0.009 0.072 0.294 0.877 0.095 0.007 0.014 0.685 0.008 0.069 0.039 0.015 0.121
0.014 0.011 0.011 0.024 0.005 0.003 0.002 0.003 0.002 0.022 0.001 0.344 0.001 0.002 0.003 0.003 0.004 0 0.001 0.01 0.002 0.13 0.008 0.041 0.009 0.005 0.018 0.001 0.002 0.003 0.001 0.001 0.005 0.018 0.024 0 0.001 0.006 0.002 0.006 0.027 0.001 0.006 0.123 0.083 0.081 0.001 0.002 0.078 0.035 0.016 0.003 0.001 0.488 0.074 0.111 0.001 0.116 0.099 0.001 0.087 0.001 0.126 0.188 0.001 0.075 1 0.062 0.001 0.001 0.003 0.069 0.437 0.001 0.001 0.082 0.001 0.001 0 0.001 0.433
0 0.001 0.001 0.001 0.003 0.001 0.001 0.002 0.002 0.004 0.001 0.023 0 0 0 0.001 0.002 0 0.001 0.005 0.001 0.061 0.005 0.023 0.005 0.003 0.01 0.001 0.004 0.001 0.001 0.001 0.003 0.01 0.013 0 0 0.003 0.001 0.004 0.015 0.001 0.004 0.07 0.069 0.05 0.001 0 0.048 0.011 0.01 0.01 0 0 0.046 0.064 0 0.039 0.057 0.001 0.054 0.001 0.13 0.001 0 0.026 0.062 1 0 0 0.005 0.043 0.001 0 0.001 0.018 0 0 0 0.001 0.001
0.003 0.005 0.001 0.009 0.001 0.003 0.002 0.003 0.003 0.013 0.001 0.002 0.001 0.001 0 0.003 0.003 0.001 0.002 0.004 0.003 0.005 0 0.003 0.004 0.001 0.01 0.123 0.002 0.003 0.001 0.001 0.005 0.019 0.025 0 0.001 0.007 0.002 0.006 0.017 0.001 0.007 0.005 0.006 0.008 0.001 0.002 0.009 0.002 0.016 0.027 0.001 0.001 0.009 0.006 0.001 0.006 0.007 0.001 0.008 0.001 0.001 0.001 0.001 0.009 0.001 0 1 0.001 0.003 0.009 0.001 0.001 0.001 0.007 0.001 0.001 0 0.001 0.001
0.029 0.04 0.039 0.004 0.005 0.155 0.22 0.003 0.003 0.02 0.001 0 0.001 0.054 0.053 0.191 0.004 0.001 0.002 0.041 0.16 0.003 0.009 0.013 0.054 0.003 0.025 0.001 0.002 0.206 0.159 0.13 0.003 0.04 0.01 0 0.036 0.007 0.217 0.004 0.009 0.001 0.007 0 0 0.078 0.001 0.233 0.075 0 0.017 0.014 0.001 0.001 0.071 0 0.295 0 0 0.001 0 0.436 0.001 0.001 0.001 0.072 0.001 0 0.001 1 0.001 0.059 0.001 0.001 0.001 0 0.001 0.269 0 0.001 0.001
0.012 0.009 0.007 0.032 0.004 0.002 0.001 0.005 0.002 0.033 0.006 0.001 0.003 0.001 0.003 0.002 0 0.001 0.399 0.002 0.002 0.157 0.002 0.081 0.003 0.004 0.035 0.004 0.482 0.003 0.004 0 0.002 0.044 0.047 0.002 0 0.008 0 0.014 0.058 0 0.03 0.251 0.237 0.227 0.005 0.011 0.25 0.081 0.072 0.041 0.004 0.002 0.323 0.333 0 0.303 0.336 0.005 0.394 0.004 0.001 0.005 0.012 0.294 0.003 0.005 0.003 0.001 1 0.339 0.004 0.003 0.005 0.383 0.003 0.003 0.002 0.005 0
0.005 0.014 0.019 0.011 0.005 0.015 0.039 0.007 0.002 0.039 0.004 0.105 0.008 0.002 0 0.015 0.001 0.003 0.159 0 0.012 0.442 0.028 0.112 0 0.011 0.037 0.014 0.189 0.017 0.002 0.007 0.008 0.033 0.068 0.005 0.013 0.04 0.031 0.058 0.089 0.004 0.086 0.548 0.546 0.776 0.014 0.121 0.785 0.16 0.206 0.036 0.011 0.048 0.849 0.612 0.093 0.585 0.675 0.013 0.774 0.063 0.112 0.079 0.037 0.877 0.069 0.043 0.009 0.059 0.339 1 0.094 0.007 0.014 0.655 0.008 0.055 0.021 0.015 0.115
0.004 0.002 0.002 0.011 0.004 0 0 0.002 0.001 0.014 0.002 0.167 0.001 0.007 0.008 0.003 0.005 0.001 0.001 0.012 0.003 0.111 0.004 0.044 0.012 0.007 0.021 0.002 0 0.004 0.001 0.001 0.006 0.021 0.026 0 0.001 0.007 0.002 0.006 0.03 0.001 0.008 0.117 0.082 0.075 0.001 0.002 0.072 0.03 0.019 0.008 0.001 0.32 0.067 0.104 0.001 0.111 0.098 0.001 0.109 0.001 0.041 0.318 0.001 0.095 0.437 0.001 0.001 0.001 0.004 0.094 1 0.001 0.001 0.102 0.001 0.001 0 0.001 0.73
0.003 0.002 0.003 0.018 0.004 0 0.002 0.002 0.002 0.019 0.001 0.001 0.006 0.003 0.004 0 0.003 0 0.001 0.003 0 0.003 0.004 0.008 0.003 0.004 0.022 0.001 0.001 0 0.001 0.001 0.004 0.022 0.016 0.391 0.001 0.005 0.001 0.005 0.014 0.001 0.075 0.004 0.005 0.007 0.001 0.001 0.007 0.014 0.03 0.006 0.001 0 0.007 0.005 0.001 0.005 0.006 0.001 0.006 0.001 0.001 0.001 0 0.007 0.001 0 0.001 0.001 0.003 0.007 0.001 1 0.001 0.005 0 0.001 0 0.001 0.001
0 0.017 0.018 0.042 0.008 0.004 0.003 0.005 0.004 0.047 0.002 0.002 0.001 0.017 0.003 0.004 0.006 0.001 0.001 0.016 0.004 0.007 0.014 0.024 0.016 0.009 0.056 0.002 0.002 0.005 0.001 0.002 0.008 0.059 0.044 0.001 0.002 0.01 0.003 0.01 0.039 0.002 0.165 0.008 0.008 0.013 0.002 0.003 0.013 0.012 0.068 0.02 0.001 0.001 0.014 0.01 0.002 0.009 0.011 0.002 0.012 0.001 0.002 0.002 0.001 0.014 0.001 0.001 0.001 0.001 0.005 0.014 0.001 0.001 1 0.011 0.001 0.001 0.001 0.002 0.002
0 0 0.001 0.027 0.002 0 0.003 0.004 0.001 0.046 0.005 0.116 0.006 0 0.001 0 0 0.002 0.176 0.002 0 0.362 0.022 0.139 0.003 0.005 0.049 0.009 0.216 0.001 0.006 0 0.005 0.057 0.093 0.003 0 0.023 0.001 0.041 0.114 0.001 0.063 0.572 0.588 0.583 0.01 0.017 0.599 0.218 0.152 0.035 0.008 0.048 0.662 0.647 0 0.612 0.694 0.01 0.83 0.009 0.061 0.095 0.088 0.685 0.082 0.018 0.007 0 0.383 0.655 0.102 0.005 0.011 1 0.006 0.006 0.012 0.011 0.142
0.009 0.006 0.006 0.015 0.002 0.002 0.002 0.001 0.001 0.004 0.001 0.001 0.001 0.001 0.001 0.002 0.003 0 0.001 0.006 0.002 0.004 0.032 0.013 0.005 0.002 0.011 0.001 0.002 0.002 0.001 0.001 0.002 0.003 0.014 0 0.001 0.06 0.002 0.065 0.012 0.001 0.006 0.005 0.005 0.007 0.001 0.001 0.007 0.02 0.023 0.004 0.001 0 0.008 0.005 0.001 0.005 0.006 0.001 0.007 0.001 0.001 0.001 0.001 0.008 0.001 0 0.001 0.001 0.003 0.008 0.001 0 0.001 0.006 1 0.001 0 0.001 0.001
0.018 0.026 0.026 0.008 0.004 0.133 0.189 0.003 0.002 0.009 0.001 0 0.001 0.032 0.032 0.135 0.003 0 0.001 0.03 0.138 0.002 0.008 0.01 0.03 0.005 0.013 0.001 0.002 0.189 0.062 0.05 0.005 0.033 0.025 0 0.102 0.006 0.268 0.003 0.022 0.001 0.006 0.005 0.005 0.075 0.001 0.371 0.072 0.004 0.014 0.011 0.001 0 0.068 0.005 0.466 0.005 0.006 0.001 0.007 0.682 0.001 0.001 0.001 0.069 0.001 0 0.001 0.269 0.003 0.055 0.001 0.001 0.001 0.006 0.001 1 0 0.001 0.001
0.012 0.017 0.017 0.005 0.041 0.001 0.001 0.065 0.085 0.006 0.062 0.001 0 0.032 0.029 0.001 0.054 0 0.001 0.019 0.001 0.003 0 0.002 0.019 0.038 0.008 0.001 0.001 0.001 0 0.001 0.039 0.009 0.014 0 0.001 0 0.001 0 0.013 0 0.003 0.003 0.037 0.024 0.008 0.001 0.023 0 0.008 0.001 0 0 0.011 0.003 0.009 0.003 0.03 0.001 0.017 0 0.001 0.001 0 0.039 0 0 0 0 0.002 0.021 0 0 0.001 0.012 0 0 1 0.001 0.001
0.009 0.016 0.016 0.003 0 0.06 0.033 0.004 0.003 0.004 0.002 0.007 0.028 0.023 0.019 0.061 0.005 0.001 0.002 0.054 0.063 0 0 0.004 0.056 0 0.009 0.002 0.003 0.114 0.052 0.041 0.005 0.007 0.001 0.001 0.165 0.011 0.098 0.01 0.001 0.002 0.001 0.009 0.01 0.014 0.002 0.003 0.015 0.027 0.011 0.002 0.678 0.001 0.016 0.01 0.002 0.01 0.012 0.762 0.013 0.002 0.002 0.002 0.001 0.015 0.001 0.001 0.001 0.001 0.005 0.015 0.001 0.001 0.002 0.011 0.001 0.001 0.001 1 0.002
0.007 0.004 0.004 0.017 0.005 0 0 0.003 0.002 0.021 0.002 0.209 0.001 0.01 0.012 0.004 0.006 0.001 0 0.015 0.004 0.122 0.004 0.049 0.015 0.008 0.029 0.002 0 0.004 0.001 0.002 0.008 0.027 0.037 0.001 0.002 0.009 0.003 0.009 0.042 0.001 0.01 0.126 0.092 0.08 0.002 0.003 0.076 0.033 0.025 0.008 0.001 0.409 0.082 0.127 0.001 0.136 0.115 0.002 0.139 0.001 0.03 0.385 0.001 0.121 0.433 0.001 0.001 0.001 0 0.115 0.73 0.001 0.002 0.142 0.001 0.001 0.001 0.002 1
