1 0.746 0.791 0.435 0.346 0.173 0.126 0.187 0.16 0.284 0.096 0.034 0.035 0.462 0.457 0.167 0.21 0.039 0.029 0.532 0.155 0.005 0.112 0.1 0.528 0.298 0.261 0.001 0.029 0.128 0.036 0.034 0.213 0.203 0.109 0.002 0.06 0.041 0.075 0.016 0.106 0.019 0.008 0.003 0 0.027 0.001 0.082 0.022 0.016 0.001 0.054 0.008 0.007 0.021 0.004 0.042 0.004 0 0.006 0.012 0.004 0.024 0.013 0.036 0.017 0.009 0.002 0.01 0.006 0.001 0.008 0.008 0.001 0 0.005 0.002 0 0.011 0.006 0.002
0.746 1 0.937 0.416 0.374 0.23 0.167 0.248 0.212 0.253 0.127 0.026 0.047 0.56 0.552 0.222 0.203 0.054 0.022 0.578 0.206 0 0.102 0.081 0.617 0.322 0.253 0.014 0.022 0.175 0.048 0.048 0.231 0.194 0.105 0 0.082 0.042 0.107 0.036 0.09 0.012 0.032 0.001 0 0.03 0.007 0.062 0.024 0.017 0 0.032 0.012 0.005 0.017 0.004 0.063 0.004 0 0.01 0.007 0.008 0.036 0.01 0.031 0.012 0.007 0.001 0.007 0.011 0.006 0.012 0.004 0.001 0.011 0.003 0.001 0.002 0.015 0.01 0.001
0.791 0.937 1 0.444 0.438 0.218 0.158 0.235 0.201 0.278 0.121 0.027 0.044 0.603 0.593 0.21 0.266 0.051 0.023 0.633 0.196 0.001 0.107 0.089 0.674 0.382 0.283 0.015 0.023 0.166 0.045 0.045 0.282 0.221 0.124 0 0.077 0.066 0.099 0.031 0.105 0.014 0.035 0.001 0 0.046 0.008 0.109 0.039 0.027 0.001 0.039 0.011 0.005 0.028 0.006 0.058 0.005 0 0.01 0.016 0.007 0.033 0.01 0.029 0.022 0.007 0.004 0.008 0.01 0.001 0.017 0.005 0.001 0.011 0.011 0.001 0.001 0.014 0.009 0.001
0.435 0.416 0.444 1 0.209 0.088 0.061 0.109 0.093 0.781 0.056 0.059 0.021 0.254 0.259 0.085 0.129 0.033 0.049 0.283 0.078 0.03 0.254 0.311 0.317 0.187 0.601 0.002 0.049 0.057 0.021 0.017 0.136 0.526 0.317 0.029 0.023 0.008 0.028 0.001 0.398 0.041 0.218 0.035 0.022 0 0.021 0.04 0.001 0.004 0.19 0.166 0.001 0.011 0.004 0.055 0.017 0.055 0.029 0 0.005 0 0.011 0.012 0.007 0.004 0.016 0 0.02 0.001 0.023 0.005 0.018 0.018 0.01 0.006 0.003 0 0.005 0 0.004
0.346 0.374 0.438 0.209 1 0.02 0.015 0.436 0.376 0.252 0.21 0.013 0.004 0.452 0.455 0.02 0.544 0.115 0.011 0.49 0.019 0.035 0.064 0.124 0.513 0.8 0.247 0.006 0.011 0.021 0.004 0.007 0.601 0.169 0.125 0 0.009 0.216 0.016 0.128 0.097 0.003 0.037 0.028 0.013 0.004 0.001 0.004 0.006 0.044 0.017 0.025 0.001 0.002 0.009 0.035 0.014 0.035 0.016 0.001 0.005 0.007 0.002 0.005 0.009 0.013 0.004 0.002 0.004 0.006 0.001 0.013 0.01 0.001 0.005 0.001 0 0.005 0.012 0.001 0.006
0.173 0.23 0.218 0.088 0.02 1 0.691 0.01 0.009 0.094 0.005 0.006 0.203 0.202 0.191 0.907 0.013 0.003 0.005 0.208 0.906 0.017 0.013 0.037 0.207 0.02 0.098 0.006 0.005 0.772 0.207 0.24 0.021 0.096 0.055 0.002 0.329 0.021 0.478 0.019 0.051 0.007 0 0.019 0.019 0.028 0.004 0.222 0.025 0.032 0.011 0.016 0.059 0.001 0.021 0.022 0.305 0.022 0.023 0.047 0.002 0.053 0.004 0.002 0.187 0.02 0.002 0.001 0.003 0.058 0 0.02 0.004 0 0.002 0 0.001 0.03 0.001 0.046 0.003
0.126 0.167 0.158 0.061 0.015 0.691 1 0.007 0.006 0.077 0.004 0.004 0.001 0.161 0.153 0.706 0.009 0.002 0.004 0.163 0.698 0.009 0.016 0.031 0.159 0.015 0.077 0.005 0.004 0.59 0.286 0.334 0.015 0.075 0.039 0.002 0.457 0.015 0.667 0.014 0.039 0.005 0.017 0.01 0.011 0.067 0.003 0.32 0.063 0.015 0.037 0.015 0.066 0.001 0.056 0.012 0.43 0.012 0.013 0.053 0.015 0.079 0 0.001 0.264 0.053 0.001 0.001 0.002 0.085 0.002 0.053 0.003 0.002 0.002 0.007 0.001 0.045 0.001 0.053 0.002
0.187 0.248 0.235 0.109 0.436 0.01 0.007 1 0.854 0.125 0.513 0.006 0.002 0.221 0.21 0.01 0.614 0.004 0.005 0.241 0.009 0.017 0.032 0.061 0.252 0.389 0.122 0.001 0.005 0.011 0.002 0.004 0.285 0.079 0.048 0.001 0.005 0.18 0.008 0.205 0.044 0 0.011 0.018 0.001 0.008 0 0.009 0.01 0.084 0.061 0.014 0.002 0.001 0.013 0.021 0.007 0.021 0.002 0.002 0.01 0.004 0.004 0.002 0.004 0.015 0.002 0.001 0.001 0.003 0.012 0.014 0.004 0 0.003 0.007 0.001 0.002 0.068 0.002 0.003
0.16 0.212 0.201 0.093 0.376 0.009 0.006 0.854 1 0.107 0.6 0.005 0.002 0.185 0.175 0.008 0.556 0.003 0.005 0.201 0.008 0.014 0.027 0.052 0.211 0.319 0.101 0 0.004 0.009 0.002 0.003 0.221 0.06 0.034 0.001 0.004 0.125 0.007 0.143 0.032 0 0.008 0.015 0 0.005 0 0.008 0.006 0.061 0.04 0.011 0.002 0.001 0.009 0.018 0.006 0.018 0.001 0.002 0.006 0.003 0.003 0.002 0.004 0.01 0.001 0.001 0.001 0.003 0.01 0.01 0.003 0.001 0.002 0.004 0 0.002 0.081 0.002 0.002
0.284 0.253 0.278 0.781 0.252 0.094 0.077 0.125 0.107 1 0.064 0.052 0.023 0.337 0.342 0.112 0.148 0.038 0.043 0.357 0.103 0.138 0.236 0.471 0.394 0.227 0.731 0.003 0.04 0.08 0.024 0.02 0.159 0.633 0.419 0.033 0.038 0.017 0.044 0.005 0.512 0.034 0.245 0.134 0.098 0.021 0.017 0.048 0.027 0.013 0.239 0.19 0.008 0.01 0.038 0.162 0.022 0.162 0.113 0.006 0.043 0 0.02 0.01 0.009 0.037 0.014 0 0.018 0.002 0.02 0.036 0.034 0.021 0.012 0.035 0 0 0.006 0.002 0.017
0.096 0.127 0.121 0.056 0.21 0.005 0.004 0.513 0.6 0.064 1 0.003 0.001 0.131 0.124 0.005 0.4 0.002 0.003 0.142 0.005 0.009 0.016 0.032 0.148 0.206 0.074 0.003 0.002 0.005 0.001 0.002 0.14 0.045 0.024 0.004 0.002 0.066 0.004 0.075 0.026 0.003 0.002 0.009 0 0.001 0.002 0.005 0.001 0.037 0.024 0.009 0.001 0.001 0.002 0.011 0.003 0.011 0 0.001 0.002 0.002 0.002 0.002 0.002 0.004 0.001 0.001 0 0.002 0.006 0.004 0.003 0.003 0.001 0.001 0.001 0.001 0.089 0.001 0.002
0.034 0.026 0.027 0.059 0.013 0.006 0.004 0.006 0.005 0.052 0.003 1 0.001 0.02 0.019 0.006 0.008 0.002 0.003 0.014 0.006 0.296 0.019 0.079 0.022 0.013 0.043 0.004 0.003 0.006 0.001 0.002 0 0.04 0.05 0.002 0.001 0.013 0.003 0.012 0.06 0.004 0.016 0.251 0.228 0.146 0.002 0.003 0.173 0.074 0.032 0.015 0.001 0.19 0.129 0.212 0.002 0.193 0.079 0.001 0.142 0.001 0.006 0.185 0.01 0.077 0.237 0.017 0.002 0 0.004 0.132 0.266 0.002 0.001 0.092 0.001 0 0.001 0.001 0.107
0.035 0.047 0.044 0.021 0.004 0.203 0.001 0.002 0.002 0.023 0.001 0.001 1 0.048 0.046 0.21 0.003 0.001 0.001 0.052 0.217 0.003 0.006 0.012 0.055 0.004 0.028 0.001 0.001 0.191 0 0.001 0.004 0.027 0.022 0.034 0.001 0.004 0.001 0.004 0.018 0.001 0.074 0.004 0.004 0.007 0.001 0.002 0.007 0.011 0.023 0.009 0.002 0 0.007 0.004 0.001 0.004 0.005 0.001 0.006 0.001 0.001 0.001 0.001 0.007 0 0 0.001 0.001 0.002 0.007 0.001 0.012 0 0.005 0 0 0 0.001 0.001
0.462 0.56 0.603 0.254 0.452 0.202 0.161 0.221 0.185 0.337 0.131 0.02 0.048 1 0.93 0.229 0.31 0.079 0.016 0.786 0.213 0.059 0.079 0.173 0.833 0.483 0.383 0.022 0.016 0.192 0.049 0.085 0.349 0.307 0.232 0 0.095 0.114 0.12 0.066 0.211 0.012 0.028 0.066 0.04 0.002 0.014 0.132 0.001 0.008 0.005 0.053 0.014 0.005 0 0.08 0.074 0.082 0.047 0.012 0.003 0.013 0.013 0.011 0.035 0 0.005 0.001 0.004 0.018 0.001 0 0.02 0.001 0.01 0.002 0 0.005 0.02 0.01 0.013
0.457 0.552 0.593 0.259 0.455 0.191 0.153 0.21 0.175 0.342 0.124 0.019 0.046 0.93 1 0.217 0.294 0.075 0.017 0.754 0.21 0.06 0.079 0.174 0.8 0.461 0.366 0.018 0.017 0.182 0.047 0.08 0.339 0.291 0.226 0 0.096 0.114 0.118 0.067 0.206 0.013 0.027 0.06 0.036 0.003 0.01 0.129 0.002 0.007 0.005 0.051 0.013 0.005 0 0.073 0.073 0.075 0.042 0.011 0.002 0.014 0.007 0.012 0.033 0 0.005 0.001 0.003 0.02 0.001 0 0.021 0 0.01 0.001 0 0.006 0.019 0.009 0.014
0.167 0.222 0.21 0.085 0.02 0.907 0.706 0.01 0.008 0.112 0.005 0.006 0.21 0.229 0.217 1 0.012 0.003 0.005 0.22 0.94 0.016 0.024 0.051 0.237 0.019 0.118 0.006 0.005 0.855 0.215 0.249 0.02 0.116 0.069 0.003 0.392 0.02 0.544 0.018 0.066 0.006 0 0.018 0.019 0.038 0.004 0.262 0.035 0.024 0.009 0.026 0.062 0.001 0.03 0.021 0.358 0.021 0.022 0.049 0.003 0.08 0.004 0.003 0.195 0.027 0.002 0.001 0.003 0.088 0 0.027 0.005 0 0.002 0 0.001 0.032 0.001 0.048 0.003
0.21 0.203 0.266 0.129 0.544 0.013 0.009 0.614 0.556 0.148 0.4 0.008 0.003 0.31 0.294 0.012 1 0.005 0.007 0.355 0.012 0.023 0.041 0.08 0.371 0.548 0.187 0.009 0.006 0.013 0.003 0.005 0.432 0.127 0.085 0 0.006 0.292 0.01 0.165 0.077 0 0.013 0.019 0.003 0.001 0.005 0.015 0 0.11 0.044 0.028 0.002 0.002 0 0.024 0.009 0.024 0.004 0.003 0.001 0.005 0.005 0.004 0.006 0 0.002 0.006 0.001 0.004 0.002 0.001 0.007 0 0.003 0.003 0.002 0.003 0.053 0.003 0.005
0.039 0.054 0.051 0.033 0.115 0.003 0.002 0.004 0.003 0.038 0.002 0.002 0.001 0.079 0.075 0.003 0.005 1 0.002 0.086 0.003 0.006 0.009 0.018 0.09 0.155 0.045 0.002 0.002 0.003 0.001 0.001 0.151 0.045 0.036 0.001 0.002 0.007 0.003 0.007 0.029 0.002 0.009 0.007 0.006 0.011 0.001 0.003 0.011 0.018 0.009 0 0.001 0 0.012 0.008 0.002 0.008 0.007 0 0.011 0.001 0.001 0.001 0.001 0.013 0.001 0 0.001 0.001 0.004 0.012 0.002 0.001 0.001 0.01 0 0.001 0 0 0.001
0.029 0.022 0.023 0.049 0.011 0.005 0.004 0.005 0.005 0.043 0.003 0.003 0.001 0.016 0.017 0.005 0.007 0.002 1 0.019 0.005 0.298 0.016 0.086 0.019 0.011 0.036 0.003 0.953 0.005 0.001 0.002 0.011 0.022 0.028 0.001 0.002 0.01 0.004 0.009 0.035 0.004 0.004 0.205 0.198 0.114 0.001 0.004 0.109 0.03 0.014 0.023 0.001 0.001 0.1 0.165 0.003 0.166 0.169 0.001 0.116 0.002 0.002 0 0.002 0.091 0.001 0 0.001 0.002 0.3 0.107 0 0.002 0.01 0.126 0.001 0.001 0.001 0.001 0
0.532 0.578 0.633 0.283 0.49 0.208 0.163 0.241 0.201 0.357 0.142 0.014 0.052 0.786 0.754 0.22 0.355 0.086 0.019 1 0.24 0.052 0.088 0.176 0.926 0.554 0.45 0.025 0.018 0.182 0.053 0.055 0.416 0.337 0.217 0 0.077 0.091 0.106 0.047 0.191 0.01 0.023 0.053 0.028 0.004 0.015 0.119 0.002 0.015 0.003 0.069 0.016 0.004 0.003 0.048 0.06 0.051 0.023 0.014 0 0.005 0.014 0.011 0.042 0.002 0.006 0 0.007 0.008 0.002 0.001 0.019 0 0.01 0 0.001 0.002 0.017 0.012 0.014
0.155 0.206 0.196 0.078 0.019 0.906 0.698 0.009 0.008 0.103 0.005 0.006 0.217 0.213 0.21 0.94 0.012 0.003 0.005 0.24 1 0.016 0.023 0.049 0.239 0.019 0.12 0.006 0.005 0.828 0.222 0.257 0.017 0.112 0.067 0.003 0.353 0.02 0.513 0.017 0.063 0.006 0 0.018 0.018 0.034 0.004 0.24 0.031 0.029 0.008 0.025 0.064 0.001 0.026 0.021 0.328 0.021 0.021 0.051 0.003 0.058 0.003 0.003 0.202 0.023 0.001 0.001 0.002 0.063 0 0.024 0.005 0 0.002 0.001 0.001 0.033 0.001 0.05 0.003
0.005 0 0.001 0.03 0.035 0.017 0.009 0.017 0.014 0.138 0.009 0.296 0.003 0.059 0.06 0.016 0.023 0.006 0.298 0.052 0.016 1 0.052 0.286 0.062 0.037 0.121 0.008 0.303 0.017 0.003 0.006 0.016 0.097 0.123 0.005 0.004 0.036 0.009 0.032 0.142 0.012 0.029 0.77 0.695 0.451 0.006 0.01 0.43 0.16 0.071 0.031 0.003 0.045 0.398 0.642 0.007 0.618 0.467 0.004 0.437 0.002 0.129 0.042 0 0.32 0.095 0.018 0.005 0.001 0.138 0.389 0.173 0.006 0 0.345 0.002 0.001 0.002 0.003 0.107
0.112 0.102 0.107 0.254 0.064 0.013 0.016 0.032 0.027 0.236 0.016 0.019 0.006 0.079 0.079 0.024 0.041 0.009 0.016 0.088 0.023 0.052 1 0.432 0.109 0.064 0.192 0.02 0.016 0.031 0.006 0.011 0.049 0.182 0.041 0.008 0.014 0.023 0.023 0.028 0.062 0.109 0.068 0.044 0.046 0.08 0.049 0.021 0.084 0.002 0.013 0.146 0 0.004 0.04 0.013 0.01 0.01 0.01 0 0.041 0.002 0.012 0.002 0.012 0.031 0.005 0.004 0.003 0.005 0.004 0.043 0.008 0.002 0.008 0.029 0.013 0.004 0.001 0.003 0.003
0.1 0.081 0.089 0.311 0.124 0.037 0.031 0.061 0.052 0.471 0.032 0.079 0.012 0.173 0.174 0.051 0.08 0.018 0.086 0.176 0.049 0.286 0.432 1 0.215 0.126 0.394 0.036 0.088 0.061 0.012 0.021 0.079 0.351 0.18 0.017 0.021 0 0.039 0 0.233 0.044 0.119 0.246 0.211 0.077 0.019 0.039 0.067 0.082 0.082 0.028 0.002 0.011 0.102 0.273 0.022 0.275 0.201 0.001 0.116 0.005 0.029 0.012 0.001 0.086 0.027 0.004 0 0.008 0.051 0.081 0.053 0.008 0.004 0.099 0.004 0.005 0.004 0 0.039
0.528 0.617 0.674 0.317 0.513 0.207 0.159 0.252 0.211 0.394 0.148 0.022 0.055 0.833 0.8 0.237 0.371 0.09 0.019 0.926 0.239 0.062 0.109 0.215 1 0.585 0.502 0.024 0.018 0.209 0.056 0.058 0.441 0.369 0.25 0 0.097 0.099 0.127 0.052 0.223 0.009 0.02 0.06 0.033 0.005 0.014 0.14 0.003 0.011 0.004 0.067 0.017 0.004 0.001 0.072 0.076 0.072 0.04 0.015 0.001 0.011 0.014 0.011 0.039 0 0.006 0.001 0.007 0.016 0 0 0.019 0 0.009 0 0.001 0.003 0.018 0.013 0.013
0.298 0.322 0.382 0.187 0.8 0.02 0.015 0.389 0.319 0.227 0.206 0.013 0.004 0.483 0.461 0.019 0.548 0.155 0.011 0.554 0.019 0.037 0.064 0.126 0.585 1 0.296 0.014 0.011 0.021 0.004 0.007 0.768 0.196 0.135 0.006 0.009 0.229 0.016 0.138 0.117 0.003 0.045 0.034 0.012 0.004 0.009 0.004 0.005 0.059 0.016 0.032 0.001 0.002 0.008 0.04 0.014 0.04 0.015 0 0.004 0.007 0.008 0.006 0.009 0.008 0.003 0.002 0.003 0.005 0 0.013 0.011 0.007 0.005 0.001 0 0.005 0.032 0.001 0.008
0.261 0.253 0.283 0.601 0.247 0.098 0.077 0.122 0.101 0.731 0.074 0.043 0.028 0.383 0.366 0.118 0.187 0.045 0.036 0.45 0.12 0.121 0.192 0.394 0.502 0.296 1 0.047 0.038 0.098 0.028 0.025 0.225 0.789 0.569 0.036 0.046 0.026 0.055 0.009 0.495 0.019 0.162 0.125 0.089 0.013 0.028 0.061 0.018 0.009 0.183 0.179 0.009 0.007 0.026 0.149 0.029 0.148 0.097 0.006 0.037 0.001 0.026 0.016 0.013 0.026 0.011 0 0.015 0.004 0.012 0.03 0.031 0.024 0.016 0.032 0.002 0 0.011 0.002 0.024
0.001 0.014 0.015 0.002 0.006 0.006 0.005 0.001 0 0.003 0.003 0.004 0.001 0.022 0.018 0.006 0.009 0.002 0.003 0.025 0.006 0.008 0.02 0.036 0.024 0.014 0.047 1 0.004 0.007 0.001 0.002 0.015 0.047 0.059 0.001 0.003 0.015 0.005 0.013 0.001 0.005 0.04 0.013 0.013 0.023 0.035 0.006 0.012 0.014 0.008 0 0.001 0.001 0.014 0.006 0.004 0.006 0.006 0.001 0.011 0.002 0.003 0.002 0.003 0.013 0.001 0.001 0.084 0.002 0.001 0.013 0.003 0.001 0.002 0.008 0.001 0.002 0.001 0.002 0.002
0.029 0.022 0.023 0.049 0.011 0.005 0.004 0.005 0.004 0.04 0.002 0.003 0.001 0.016 0.017 0.005 0.006 0.002 0.953 0.018 0.005 0.303 0.016 0.088 0.018 0.011 0.038 0.004 1 0.005 0.001 0.002 0.012 0.023 0.03 0.002 0.002 0.011 0.004 0.01 0.037 0.004 0.004 0.214 0.207 0.121 0.001 0.004 0.115 0.032 0.015 0.024 0.001 0.001 0.106 0.172 0.003 0.171 0.176 0.001 0.123 0.002 0.002 0 0.002 0.091 0.001 0 0.001 0.002 0.314 0.114 0 0.002 0.01 0.131 0.001 0.001 0.001 0.001 0
0.128 0.175 0.166 0.057 0.021 0.772 0.59 0.011 0.009 0.08 0.005 0.006 0.191 0.192 0.182 0.855 0.013 0.003 0.005 0.182 0.828 0.017 0.031 0.061 0.209 0.021 0.098 0.007 0.005 1 0.199 0.229 0.022 0.133 0.089 0.002 0.396 0.022 0.697 0.007 0.084 0.007 0 0.02 0.02 0.063 0.004 0.372 0.058 0.024 0.012 0.037 0.057 0.001 0.052 0.023 0.502 0.023 0.024 0.045 0.001 0.203 0.004 0.003 0.179 0.048 0.002 0.001 0.003 0.202 0 0.049 0.005 0 0.003 0 0.001 0.149 0.001 0.043 0.004
0.036 0.048 0.045 0.021 0.004 0.207 0.286 0.002 0.002 0.024 0.001 0.001 0 0.049 0.047 0.215 0.003 0.001 0.001 0.053 0.222 0.003 0.006 0.012 0.056 0.004 0.028 0.001 0.001 0.199 1 0.581 0.004 0.02 0.015 0.001 0.018 0.004 0.214 0.004 0.012 0.001 0.004 0.004 0.004 0.012 0.001 0.073 0.011 0.011 0.01 0.003 0 0 0.01 0.005 0.099 0.005 0.005 0 0.003 0.122 0.001 0.001 0.001 0.008 0 0 0.001 0.147 0.002 0.008 0.001 0.001 0.001 0.002 0 0.031 0 0.001 0.001
0.034 0.048 0.045 0.017 0.007 0.24 0.334 0.004 0.003 0.02 0.002 0.002 0.001 0.085 0.08 0.249 0.005 0.001 0.002 0.055 0.257 0.006 0.011 0.021 0.058 0.007 0.025 0.002 0.002 0.229 0.581 1 0.007 0.019 0.031 0.001 0.1 0 0.266 0 0.026 0.002 0.008 0.007 0.007 0.021 0.001 0.127 0.02 0.019 0.005 0.009 0 0 0.018 0.008 0.172 0.008 0.008 0 0 0.066 0.001 0.001 0.058 0.016 0.001 0 0.001 0.08 0.007 0.016 0.002 0.001 0.001 0.001 0 0.015 0 0 0.001
0.213 0.231 0.282 0.136 0.601 0.021 0.015 0.285 0.221 0.159 0.14 0 0.004 0.349 0.339 0.02 0.432 0.151 0.011 0.416 0.017 0.016 0.049 0.079 0.441 0.768 0.225 0.015 0.012 0.022 0.004 0.007 1 0.23 0.165 0.006 0.01 0.286 0.016 0.186 0.144 0.014 0.046 0.015 0.002 0 0.009 0.003 0 0.101 0.028 0.055 0.001 0.003 0.002 0.021 0.014 0.02 0.004 0.002 0 0.007 0.008 0.006 0.009 0.009 0.004 0.002 0.004 0.005 0.003 0.004 0.011 0.007 0.005 0.002 0 0.005 0.032 0.003 0.008
0.203 0.194 0.221 0.526 0.169 0.096 0.075 0.079 0.06 0.633 0.045 0.04 0.027 0.307 0.291 0.116 0.127 0.045 0.022 0.337 0.112 0.097 0.182 0.351 0.369 0.196 0.789 0.047 0.023 0.133 0.02 0.019 0.23 1 0.718 0.036 0.063 0.039 0.106 0.028 0.635 0.047 0.182 0.137 0.099 0.006 0.028 0.11 0.009 0.004 0.228 0.234 0.009 0.008 0.015 0.161 0.071 0.16 0.107 0.005 0.038 0.027 0.027 0.01 0.013 0.012 0.012 0 0.016 0.034 0.017 0.015 0.032 0.024 0.035 0.035 0 0.025 0.011 0.001 0.017
0.109 0.105 0.124 0.317 0.125 0.055 0.039 0.048 0.034 0.419 0.024 0.05 0.022 0.232 0.226 0.069 0.085 0.036 0.028 0.217 0.067 0.123 0.041 0.18 0.25 0.135 0.569 0.059 0.03 0.089 0.015 0.031 0.165 0.718 1 0.029 0.035 0.242 0.068 0.217 0.831 0.06 0.129 0.157 0.13 0.02 0.009 0.087 0.025 0 0.376 0.208 0.001 0.01 0.036 0.187 0.064 0.175 0.133 0 0.065 0.02 0.034 0.015 0.008 0.029 0.015 0.001 0.022 0.026 0.021 0.034 0.033 0.018 0.028 0.058 0.011 0.019 0.003 0.002 0.024
0.002 0 0 0.029 0 0.002 0.002 0.001 0.001 0.033 0.004 0.002 0.034 0 0 0.003 0 0.001 0.001 0 0.003 0.005 0.008 0.017 0 0.006 0.036 0.001 0.002 0.002 0.001 0.001 0.006 0.036 0.029 1 0.001 0.006 0.002 0.005 0.027 0.002 0.107 0.005 0.006 0.009 0.001 0.002 0.01 0.006 0.052 0.014 0.003 0 0.011 0.006 0.002 0.006 0.006 0.002 0.009 0.001 0.001 0.001 0.001 0.01 0 0 0.001 0.001 0.003 0.01 0.001 0.543 0.001 0.008 0 0.001 0 0.001 0.001
0.06 0.082 0.077 0.023 0.009 0.329 0.457 0.005 0.004 0.038 0.002 0.001 0.001 0.095 0.096 0.392 0.006 0.002 0.002 0.077 0.353 0.004 0.014 0.021 0.097 0.009 0.046 0.003 0.002 0.396 0.018 0.1 0.01 0.063 0.035 0.001 1 0.01 0.555 0.009 0.043 0.003 0.012 0.009 0.009 0.059 0.002 0.279 0.056 0.01 0.024 0.018 0.109 0.001 0.051 0.01 0.372 0.01 0.01 0.089 0.01 0.1 0.002 0.001 0.197 0.047 0.001 0 0.001 0.113 0.009 0.048 0.002 0.001 0.001 0.014 0.001 0.1 0 0.076 0.002
0.041 0.042 0.066 0.008 0.216 0.021 0.015 0.18 0.125 0.017 0.066 0.013 0.004 0.114 0.114 0.02 0.292 0.007 0.01 0.091 0.02 0.036 0.023 0 0.099 0.229 0.026 0.015 0.011 0.022 0.004 0 0.286 0.039 0.242 0.006 0.01 1 0.016 0.805 0.203 0.015 0.049 0.034 0.035 0.018 0.078 0.003 0.02 0.203 0.201 0.021 0.004 0.003 0.023 0.041 0.009 0.034 0.034 0.004 0.013 0.007 0.008 0.002 0.009 0.017 0.004 0.002 0.005 0.006 0 0.024 0.006 0.007 0.005 0.007 0.041 0.005 0.001 0.005 0.003
0.075 0.107 0.099 0.028 0.016 0.478 0.667 0.008 0.007 0.044 0.004 0.003 0.001 0.12 0.118 0.544 0.01 0.003 0.004 0.106 0.513 0.009 0.023 0.039 0.127 0.016 0.055 0.005 0.004 0.697 0.214 0.266 0.016 0.106 0.068 0.002 0.555 0.016 1 0.003 0.072 0.005 0.019 0.015 0.015 0.114 0.003 0.522 0.108 0.011 0.04 0.033 0.061 0.001 0.099 0.017 0.694 0.017 0.018 0.049 0.006 0.318 0.003 0.002 0.222 0.099 0.001 0.001 0.002 0.324 0.001 0.099 0.004 0.002 0.002 0.002 0.001 0.247 0.001 0.04 0.003
0.016 0.036 0.031 0.001 0.128 0.019 0.014 0.205 0.143 0.005 0.075 0.012 0.004 0.066 0.067 0.018 0.165 0.007 0.009 0.047 0.017 0.032 0.028 0 0.052 0.138 0.009 0.013 0.01 0.007 0.004 0 0.186 0.028 0.217 0.005 0.009 0.805 0.003 1 0.183 0.013 0.05 0.03 0.031 0.039 0.089 0.004 0.042 0.15 0.237 0.015 0.003 0.002 0.046 0.036 0 0.029 0.031 0.004 0.048 0 0.007 0.002 0.008 0.037 0.003 0.003 0.004 0.001 0.017 0.037 0.005 0.006 0.005 0.039 0.046 0.002 0.001 0.005 0.002
0.106 0.09 0.105 0.398 0.097 0.051 0.039 0.044 0.032 0.512 0.026 0.06 0.018 0.211 0.206 0.066 0.077 0.029 0.035 0.191 0.063 0.142 0.062 0.233 0.223 0.117 0.495 0.001 0.037 0.084 0.012 0.026 0.144 0.635 0.831 0.027 0.043 0.203 0.072 0.183 1 0.071 0.244 0.188 0.146 0.03 0.008 0.074 0.037 0.001 0.477 0.262 0.005 0.012 0.051 0.223 0.055 0.21 0.151 0.002 0.084 0.017 0.04 0.018 0.005 0.044 0.017 0.001 0.014 0.022 0.031 0.05 0.04 0.016 0.024 0.074 0.009 0.016 0.01 0 0.029
0.019 0.012 0.014 0.041 0.003 0.007 0.005 0 0 0.034 0.003 0.004 0.001 0.012 0.013 0.006 0 0.002 0.004 0.01 0.006 0.012 0.109 0.044 0.009 0.003 0.019 0.005 0.004 0.007 0.001 0.002 0.014 0.047 0.06 0.002 0.003 0.015 0.005 0.013 0.071 1 0.015 0.01 0.011 0.02 0.003 0.006 0.021 0.015 0.03 0.044 0.001 0.001 0.008 0.002 0.004 0.002 0.001 0.001 0.019 0.001 0.003 0.002 0.003 0.008 0.001 0.001 0.002 0.002 0.006 0.021 0.004 0.002 0.002 0.003 0.001 0.002 0.001 0.002 0.002
0.008 0.032 0.035 0.218 0.037 0 0.017 0.011 0.008 0.245 0.002 0.016 0.074 0.028 0.027 0 0.013 0.009 0.004 0.023 0 0.029 0.068 0.119 0.02 0.045 0.162 0.04 0.004 0 0.004 0.008 0.046 0.182 0.129 0.107 0.012 0.049 0.019 0.05 0.244 0.015 1 0.05 0.043 0.077 0.008 0.022 0.081 0.109 0.416 0.115 0 0.003 0.088 0.059 0.017 0.059 0.051 0.001 0.077 0.007 0.01 0.008 0.011 0.086 0.004 0.003 0.006 0.008 0.032 0.083 0.013 0.085 0.097 0.064 0.003 0.005 0 0.004 0.009
0.003 0.001 0.001 0.035 0.028 0.019 0.01 0.018 0.015 0.134 0.009 0.251 0.004 0.066 0.06 0.018 0.019 0.007 0.205 0.053 0.018 0.77 0.044 0.246 0.06 0.034 0.125 0.013 0.214 0.02 0.004 0.007 0.015 0.137 0.157 0.005 0.009 0.034 0.015 0.03 0.188 0.01 0.05 1 0.876 0.574 0.008 0.017 0.548 0.202 0.104 0.036 0.003 0.04 0.509 0.84 0.013 0.805 0.643 0.004 0.58 0.007 0.198 0.047 0.006 0.401 0.085 0.023 0.005 0.006 0.178 0.462 0.171 0.006 0.005 0.464 0.003 0.005 0.002 0.004 0.111
0 0 0 0.022 0.013 0.019 0.011 0.001 0 0.098 0 0.228 0.004 0.04 0.036 0.019 0.003 0.006 0.198 0.028 0.018 0.695 0.046 0.211 0.033 0.012 0.089 0.013 0.207 0.02 0.004 0.007 0.002 0.099 0.13 0.006 0.009 0.035 0.015 0.031 0.146 0.011 0.043 0.876 1 0.594 0.008 0.017 0.564 0.237 0.108 0.039 0.003 0.033 0.518 0.731 0.013 0.707 0.67 0.004 0.587 0.007 0.132 0.045 0.004 0.397 0.076 0.022 0.004 0.006 0.165 0.457 0.159 0.006 0.005 0.505 0.003 0.005 0.031 0.004 0.101
0.027 0.03 0.046 0 0.004 0.028 0.067 0.008 0.005 0.021 0.001 0.146 0.007 0.002 0.003 0.038 0.001 0.011 0.114 0.004 0.034 0.451 0.08 0.077 0.005 0.004 0.013 0.023 0.121 0.063 0.012 0.021 0 0.006 0.02 0.009 0.059 0.018 0.114 0.039 0.03 0.02 0.077 0.574 0.594 1 0.014 0.252 0.952 0.195 0.182 0.094 0.006 0.022 0.878 0.461 0.173 0.439 0.426 0.007 0.698 0.078 0.114 0.022 0.123 0.733 0.049 0.039 0.008 0.081 0.22 0.764 0.092 0.011 0.008 0.555 0.005 0.067 0.019 0.007 0.059
0.001 0.007 0.008 0.021 0.001 0.004 0.003 0 0 0.017 0.002 0.002 0.001 0.014 0.01 0.004 0.005 0.001 0.001 0.015 0.004 0.006 0.049 0.019 0.014 0.009 0.028 0.035 0.001 0.004 0.001 0.001 0.009 0.028 0.009 0.001 0.002 0.078 0.003 0.089 0.008 0.003 0.008 0.008 0.008 0.014 1 0.003 0.014 0.003 0.009 0.057 0.001 0 0.015 0.009 0.003 0.008 0.009 0.001 0.013 0.001 0.002 0.001 0.002 0.013 0.001 0.001 0.001 0.001 0.005 0.014 0.002 0.001 0.001 0.011 0.001 0.001 0 0.001 0.001
0.082 0.062 0.109 0.04 0.004 0.222 0.32 0.009 0.008 0.048 0.005 0.003 0.002 0.132 0.129 0.262 0.015 0.003 0.004 0.119 0.24 0.01 0.021 0.039 0.14 0.004 0.061 0.006 0.004 0.372 0.073 0.127 0.003 0.11 0.087 0.002 0.279 0.003 0.522 0.004 0.074 0.006 0.022 0.017 0.017 0.252 0.003 1 0.241 0.002 0.046 0.042 0.001 0.001 0.224 0.019 0.699 0.019 0.018 0.002 0.059 0.326 0.003 0.003 0.219 0.217 0.001 0.014 0.002 0.325 0.038 0.186 0.004 0.003 0.002 0.045 0.001 0.267 0.001 0.002 0.003
0.022 0.024 0.039 0.001 0.006 0.025 0.063 0.01 0.006 0.027 0.001 0.173 0.007 0.001 0.002 0.035 0 0.011 0.109 0.002 0.031 0.43 0.084 0.067 0.003 0.005 0.018 0.012 0.115 0.058 0.011 0.02 0 0.009 0.025 0.01 0.056 0.02 0.108 0.042 0.037 0.021 0.081 0.548 0.564 0.952 0.014 0.241 1 0.196 0.19 0.088 0.006 0.033 0.877 0.474 0.166 0.453 0.437 0.007 0.701 0.074 0.109 0.041 0.117 0.734 0.047 0.038 0.008 0.078 0.241 0.765 0.087 0.011 0.009 0.562 0.005 0.064 0.016 0.008 0.056
0.016 0.017 0.027 0.004 0.044 0.032 0.015 0.084 0.061 0.013 0.037 0.074 0.011 0.008 0.007 0.024 0.11 0.018 0.03 0.015 0.029 0.16 0.002 0.082 0.011 0.059 0.009 0.014 0.032 0.024 0.011 0.019 0.101 0.004 0 0.006 0.01 0.203 0.011 0.15 0.001 0.015 0.109 0.202 0.237 0.195 0.003 0.002 0.196 1 0 0.074 0.009 0.01 0.245 0.252 0.005 0.243 0.22 0.011 0.252 0.002 0.029 0.015 0.003 0.217 0.021 0.021 0.005 0.002 0.106 0.187 0.044 0.018 0.008 0.211 0.014 0.002 0.008 0.012 0.038
0.001 0 0.001 0.19 0.017 0.011 0.037 0.061 0.04 0.239 0.024 0.032 0.023 0.005 0.005 0.009 0.044 0.009 0.014 0.003 0.008 0.071 0.013 0.082 0.004 0.016 0.183 0.008 0.015 0.012 0.01 0.005 0.028 0.228 0.376 0.052 0.024 0.201 0.04 0.237 0.477 0.03 0.416 0.104 0.108 0.182 0.009 0.046 0.19 0 1 0.15 0.003 0.006 0.204 0.122 0.035 0.122 0.125 0.004 0.178 0.018 0.021 0.016 0.022 0.198 0.009 0.007 0.015 0.016 0.066 0.191 0.028 0.037 0.047 0.149 0.019 0.012 0.006 0.01 0.019
0.054 0.032 0.039 0.166 0.025 0.016 0.015 0.014 0.011 0.19 0.009 0.015 0.009 0.053 0.051 0.026 0.028 0 0.023 0.069 0.025 0.031 0.146 0.028 0.067 0.032 0.179 0 0.024 0.037 0.003 0.009 0.055 0.234 0.208 0.014 0.018 0.021 0.033 0.015 0.262 0.044 0.115 0.036 0.039 0.094 0.057 0.042 0.088 0.074 0.15 1 0.008 0.002 0.112 0.049 0.032 0.048 0.047 0.003 0.07 0.009 0 0 0.02 0.083 0.006 0 0.04 0.014 0.053 0.09 0.011 0.016 0.013 0.061 0.004 0.012 0.003 0 0.006
0.008 0.012 0.011 0.001 0.001 0.059 0.066 0.002 0.002 0.008 0.001 0.001 0.002 0.014 0.013 0.062 0.002 0.001 0.001 0.016 0.064 0.003 0 0.002 0.017 0.001 0.009 0.001 0.001 0.057 0 0 0.001 0.009 0.001 0.003 0.109 0.004 0.061 0.003 0.005 0.001 0 0.003 0.003 0.006 0.001 0.001 0.006 0.009 0.003 0.008 1 0 0.007 0.004 0.001 0.004 0.004 0.84 0.006 0.001 0.001 0.001 0.001 0.006 0 0 0 0 0.002 0.006 0.001 0.002 0 0.005 0 0 0 0.597 0.001
0.007 0.005 0.005 0.011 0.002 0.001 0.001 0.001 0.001 0.01 0.001 0.19 0 0.005 0.005 0.001 0.002 0 0.001 0.004 0.001 0.045 0.004 0.011 0.004 0.002 0.007 0.001 0.001 0.001 0 0 0.003 0.008 0.01 0 0.001 0.003 0.001 0.002 0.012 0.001 0.003 0.04 0.033 0.022 0 0.001 0.033 0.01 0.006 0.002 0 1 0.019 0.034 0.001 0.034 0.033 0 0.022 0 0.044 0.354 0 0.02 0.438 0 0 0 0.001 0.021 0.086 0 0 0.016 0 0 0 0 0.205
0.021 0.017 0.028 0.004 0.009 0.021 0.056 0.013 0.009 0.038 0.002 0.129 0.007 0 0 0.03 0 0.012 0.1 0.003 0.026 0.398 0.04 0.102 0.001 0.008 0.026 0.014 0.106 0.052 0.01 0.018 0.002 0.015 0.036 0.011 0.051 0.023 0.099 0.046 0.051 0.008 0.088 0.509 0.518 0.878 0.015 0.224 0.877 0.245 0.204 0.112 0.007 0.019 1 0.599 0.154 0.575 0.543 0.008 0.755 0.069 0.101 0.018 0.109 0.842 0.043 0.035 0.009 0.072 0.316 0.817 0.08 0.012 0.009 0.622 0.005 0.06 0.012 0.008 0.055
0.004 0.004 0.006 0.055 0.035 0.022 0.012 0.021 0.018 0.162 0.011 0.212 0.004 0.08 0.073 0.021 0.024 0.008 0.165 0.048 0.021 0.642 0.013 0.273 0.072 0.04 0.149 0.006 0.172 0.023 0.005 0.008 0.021 0.161 0.187 0.006 0.01 0.041 0.017 0.036 0.223 0.002 0.059 0.84 0.731 0.461 0.009 0.019 0.474 0.252 0.122 0.049 0.004 0.034 0.599 1 0.015 0.954 0.772 0.005 0.621 0.008 0.168 0.038 0.004 0.49 0.073 0.019 0.006 0.007 0.265 0.5 0.143 0.007 0.005 0.521 0.003 0.005 0.002 0.005 0.099
0.042 0.063 0.058 0.017 0.014 0.305 0.43 0.007 0.006 0.022 0.003 0.002 0.001 0.074 0.073 0.358 0.009 0.002 0.003 0.06 0.328 0.007 0.01 0.022 0.076 0.014 0.029 0.004 0.003 0.502 0.099 0.172 0.014 0.071 0.064 0.002 0.372 0.009 0.694 0 0.055 0.004 0.017 0.013 0.013 0.173 0.003 0.699 0.166 0.005 0.035 0.032 0.001 0.001 0.154 0.015 1 0.009 0.01 0.001 0.021 0.43 0.002 0 0.293 0.162 0.001 0 0.002 0.427 0.003 0.163 0 0.002 0.002 0.01 0.001 0.351 0.001 0.002 0
0.004 0.004 0.005 0.055 0.035 0.022 0.012 0.021 0.018 0.162 0.011 0.193 0.004 0.082 0.075 0.021 0.024 0.008 0.166 0.051 0.021 0.618 0.01 0.275 0.072 0.04 0.148 0.006 0.171 0.023 0.005 0.008 0.02 0.16 0.175 0.006 0.01 0.034 0.017 0.029 0.21 0.002 0.059 0.805 0.707 0.439 0.008 0.019 0.453 0.243 0.122 0.048 0.004 0.034 0.575 0.954 0.009 1 0.766 0.005 0.617 0.008 0.169 0.053 0.001 0.494 0.073 0.017 0.006 0.007 0.248 0.497 0.165 0.007 0.005 0.516 0.003 0.005 0.002 0.005 0.12
0 0 0 0.029 0.016 0.023 0.013 0.002 0.001 0.113 0 0.079 0.005 0.047 0.042 0.022 0.004 0.007 0.169 0.023 0.021 0.467 0.01 0.201 0.04 0.015 0.097 0.006 0.176 0.024 0.005 0.008 0.004 0.107 0.133 0.006 0.01 0.034 0.018 0.031 0.151 0.001 0.051 0.643 0.67 0.426 0.009 0.018 0.437 0.22 0.125 0.047 0.004 0.033 0.543 0.772 0.01 0.766 1 0.005 0.601 0.008 0.165 0.06 0.004 0.454 0.071 0.018 0.005 0.007 0.272 0.471 0.052 0.008 0.006 0.471 0.003 0.005 0.038 0.005 0.117
0.006 0.01 0.01 0 0.001 0.047 0.053 0.002 0.002 0.006 0.001 0.001 0.001 0.012 0.011 0.049 0.003 0 0.001 0.014 0.051 0.004 0 0.001 0.015 0 0.006 0.001 0.001 0.045 0 0 0.002 0.005 0 0.002 0.089 0.004 0.049 0.004 0.002 0.001 0.001 0.004 0.004 0.007 0.001 0.002 0.007 0.011 0.004 0.003 0.84 0 0.008 0.005 0.001 0.005 0.005 1 0.007 0.001 0.001 0.001 0.001 0.007 0 0 0.001 0.001 0.003 0.007 0.001 0.002 0.001 0.006 0 0 0 0.66 0.001
0.012 0.007 0.016 0.005 0.005 0.002 0.015 0.01 0.006 0.043 0.002 0.142 0.006 0.003 0.002 0.003 0.001 0.011 0.116 0 0.003 0.437 0.041 0.116 0.001 0.004 0.037 0.011 0.123 0.001 0.003 0 0 0.038 0.065 0.009 0.01 0.013 0.006 0.048 0.084 0.019 0.077 0.58 0.587 0.698 0.013 0.059 0.701 0.252 0.178 0.07 0.006 0.022 0.755 0.621 0.021 0.617 0.601 0.007 1 0.011 0.112 0.058 0.125 0.727 0.05 0.04 0.009 0.01 0.363 0.762 0.156 0.011 0.008 0.757 0.004 0.008 0.015 0.007 0.107
0.004 0.008 0.007 0 0.007 0.053 0.079 0.004 0.003 0 0.002 0.001 0.001 0.013 0.014 0.08 0.005 0.001 0.002 0.005 0.058 0.002 0.002 0.005 0.011 0.007 0.001 0.002 0.002 0.203 0.122 0.066 0.007 0.027 0.02 0.001 0.1 0.007 0.318 0 0.017 0.001 0.007 0.007 0.007 0.078 0.001 0.326 0.074 0.002 0.018 0.009 0.001 0 0.069 0.008 0.43 0.008 0.008 0.001 0.011 1 0.001 0.001 0.001 0.071 0.001 0 0.001 0.808 0.004 0.071 0.002 0.001 0.001 0.01 0 0.664 0 0.001 0.001
0.024 0.036 0.033 0.011 0.002 0.004 0 0.004 0.003 0.02 0.002 0.006 0.001 0.013 0.007 0.004 0.005 0.001 0.002 0.014 0.003 0.129 0.012 0.029 0.014 0.008 0.026 0.003 0.002 0.004 0.001 0.001 0.008 0.027 0.034 0.001 0.002 0.008 0.003 0.007 0.04 0.003 0.01 0.198 0.132 0.114 0.002 0.003 0.109 0.029 0.021 0 0.001 0.044 0.101 0.168 0.002 0.169 0.165 0.001 0.112 0.001 1 0.013 0.002 0.082 0.041 0.017 0.001 0.001 0.001 0.078 0.005 0.001 0.001 0.054 0.001 0.001 0 0 0.009
0.013 0.01 0.01 0.012 0.005 0.002 0.001 0.002 0.002 0.01 0.002 0.185 0.001 0.011 0.012 0.003 0.004 0.001 0 0.011 0.003 0.042 0.002 0.012 0.011 0.006 0.016 0.002 0 0.003 0.001 0.001 0.006 0.01 0.015 0.001 0.001 0.002 0.002 0.002 0.018 0.002 0.008 0.047 0.045 0.022 0.001 0.003 0.041 0.015 0.016 0 0.001 0.354 0.018 0.038 0 0.053 0.06 0.001 0.058 0.001 0.013 1 0.001 0.051 0.337 0.027 0.001 0.001 0.004 0.049 0.204 0.001 0.001 0.05 0 0.001 0 0.001 0.47
0.036 0.031 0.029 0.007 0.009 0.187 0.264 0.004 0.004 0.009 0.002 0.01 0.001 0.035 0.033 0.195 0.006 0.001 0.002 0.042 0.202 0 0.012 0.001 0.039 0.009 0.013 0.003 0.002 0.179 0.001 0.058 0.009 0.013 0.008 0.001 0.197 0.009 0.222 0.008 0.005 0.003 0.011 0.006 0.004 0.123 0.002 0.219 0.117 0.003 0.022 0.02 0.001 0 0.109 0.004 0.293 0.001 0.004 0.001 0.125 0.001 0.002 0.001 1 0.104 0.001 0 0.001 0.001 0.019 0.075 0.002 0.001 0.001 0.09 0.001 0.001 0 0.001 0.001
0.017 0.012 0.022 0.004 0.013 0.02 0.053 0.015 0.01 0.037 0.004 0.077 0.007 0 0 0.027 0 0.013 0.091 0.002 0.023 0.32 0.031 0.086 0 0.008 0.026 0.013 0.091 0.048 0.008 0.016 0.009 0.012 0.029 0.01 0.047 0.017 0.099 0.037 0.044 0.008 0.086 0.401 0.397 0.733 0.013 0.217 0.734 0.217 0.198 0.083 0.006 0.02 0.842 0.49 0.162 0.494 0.454 0.007 0.727 0.071 0.082 0.051 0.104 1 0.045 0.034 0.01 0.075 0.24 0.821 0.14 0.012 0.009 0.68 0.005 0.062 0.022 0.008 0.096
0.009 0.007 0.007 0.016 0.004 0.002 0.001 0.002 0.001 0.014 0.001 0.237 0 0.005 0.005 0.002 0.002 0.001 0.001 0.006 0.001 0.095 0.005 0.027 0.006 0.003 0.011 0.001 0.001 0.002 0 0.001 0.004 0.012 0.015 0 0.001 0.004 0.001 0.003 0.017 0.001 0.004 0.085 0.076 0.049 0.001 0.001 0.047 0.021 0.009 0.006 0 0.438 0.043 0.073 0.001 0.073 0.071 0 0.05 0.001 0.041 0.337 0.001 0.045 1 0.08 0 0 0.002 0.041 0.19 0.001 0 0.045 0 0 0 0 0.387
0.002 0.001 0.004 0 0.002 0.001 0.001 0.001 0.001 0 0.001 0.017 0 0.001 0.001 0.001 0.006 0 0 0 0.001 0.018 0.004 0.004 0.001 0.002 0 0.001 0 0.001 0 0 0.002 0 0.001 0 0 0.002 0.001 0.003 0.001 0.001 0.003 0.023 0.022 0.039 0.001 0.014 0.038 0.021 0.007 0 0 0 0.035 0.019 0 0.017 0.018 0 0.04 0 0.017 0.027 0 0.034 0.08 1 0 0 0.017 0.01 0.011 0 0 0.027 0 0 0 0 0.021
0.01 0.007 0.008 0.02 0.004 0.003 0.002 0.001 0.001 0.018 0 0.002 0.001 0.004 0.003 0.003 0.001 0.001 0.001 0.007 0.002 0.005 0.003 0 0.007 0.003 0.015 0.084 0.001 0.003 0.001 0.001 0.004 0.016 0.022 0.001 0.001 0.005 0.002 0.004 0.014 0.002 0.006 0.005 0.004 0.008 0.001 0.002 0.008 0.005 0.015 0.04 0 0 0.009 0.006 0.002 0.006 0.005 0.001 0.009 0.001 0.001 0.001 0.001 0.01 0 0 1 0.001 0.003 0.01 0.001 0.001 0.001 0.008 0 0.001 0 0.001 0.001
0.006 0.011 0.01 0.001 0.006 0.058 0.085 0.003 0.003 0.002 0.002 0 0.001 0.018 0.02 0.088 0.004 0.001 0.002 0.008 0.063 0.001 0.005 0.008 0.016 0.005 0.004 0.002 0.002 0.202 0.147 0.08 0.005 0.034 0.026 0.001 0.113 0.006 0.324 0.001 0.022 0.002 0.008 0.006 0.006 0.081 0.001 0.325 0.078 0.002 0.016 0.014 0 0 0.072 0.007 0.427 0.007 0.007 0.001 0.01 0.808 0.001 0.001 0.001 0.075 0 0 0.001 1 0.002 0.074 0.002 0.001 0.001 0.008 0 0.614 0 0.001 0.001
0.001 0.006 0.001 0.023 0.001 0 0.002 0.012 0.01 0.02 0.006 0.004 0.002 0.001 0.001 0 0.002 0.004 0.3 0.002 0 0.138 0.004 0.051 0 0 0.012 0.001 0.314 0 0.002 0.007 0.003 0.017 0.021 0.003 0.009 0 0.001 0.017 0.031 0.006 0.032 0.178 0.165 0.22 0.005 0.038 0.241 0.106 0.066 0.053 0.002 0.001 0.316 0.265 0.003 0.248 0.272 0.003 0.363 0.004 0.001 0.004 0.019 0.24 0.002 0.017 0.003 0.002 1 0.305 0.006 0.004 0.003 0.279 0.002 0.003 0.001 0.002 0.002
0.008 0.012 0.017 0.005 0.013 0.02 0.053 0.014 0.01 0.036 0.004 0.132 0.007 0 0 0.027 0.001 0.012 0.107 0.001 0.024 0.389 0.043 0.081 0 0.013 0.03 0.013 0.114 0.049 0.008 0.016 0.004 0.015 0.034 0.01 0.048 0.024 0.099 0.037 0.05 0.021 0.083 0.462 0.457 0.764 0.014 0.186 0.765 0.187 0.191 0.09 0.006 0.021 0.817 0.5 0.163 0.497 0.471 0.007 0.762 0.071 0.078 0.049 0.075 0.821 0.041 0.01 0.01 0.074 0.305 1 0.145 0.012 0.009 0.576 0.005 0.061 0.018 0.008 0.094
0.008 0.004 0.005 0.018 0.01 0.004 0.003 0.004 0.003 0.034 0.003 0.266 0.001 0.02 0.021 0.005 0.007 0.002 0 0.019 0.005 0.173 0.008 0.053 0.019 0.011 0.031 0.003 0 0.005 0.001 0.002 0.011 0.032 0.033 0.001 0.002 0.006 0.004 0.005 0.04 0.004 0.013 0.171 0.159 0.092 0.002 0.004 0.087 0.044 0.028 0.011 0.001 0.086 0.08 0.143 0 0.165 0.052 0.001 0.156 0.002 0.005 0.204 0.002 0.14 0.19 0.011 0.001 0.002 0.006 0.145 1 0.002 0.001 0.159 0.001 0.001 0.001 0.001 0.419
0.001 0.001 0.001 0.018 0.001 0 0.002 0 0.001 0.021 0.003 0.002 0.012 0.001 0 0 0 0.001 0.002 0 0 0.006 0.002 0.008 0 0.007 0.024 0.001 0.002 0 0.001 0.001 0.007 0.024 0.018 0.543 0.001 0.007 0.002 0.006 0.016 0.002 0.085 0.006 0.006 0.011 0.001 0.003 0.011 0.018 0.037 0.016 0.002 0 0.012 0.007 0.002 0.007 0.008 0.002 0.011 0.001 0.001 0.001 0.001 0.012 0.001 0 0.001 0.001 0.004 0.012 0.002 1 0.001 0.009 0 0.001 0 0.001 0.001
0 0.011 0.011 0.01 0.005 0.002 0.002 0.003 0.002 0.012 0.001 0.001 0 0.01 0.01 0.002 0.003 0.001 0.01 0.01 0.002 0 0.008 0.004 0.009 0.005 0.016 0.002 0.01 0.003 0.001 0.001 0.005 0.035 0.028 0.001 0.001 0.005 0.002 0.005 0.024 0.002 0.097 0.005 0.005 0.008 0.001 0.002 0.009 0.008 0.047 0.013 0 0 0.009 0.005 0.002 0.005 0.006 0.001 0.008 0.001 0.001 0.001 0.001 0.009 0 0 0.001 0.001 0.003 0.009 0.001 0.001 1 0.007 0 0 0 0.001 0.001
0.005 0.003 0.011 0.006 0.001 0 0.007 0.007 0.004 0.035 0.001 0.092 0.005 0.002 0.001 0 0.003 0.01 0.126 0 0.001 0.345 0.029 0.099 0 0.001 0.032 0.008 0.131 0 0.002 0.001 0.002 0.035 0.058 0.008 0.014 0.007 0.002 0.039 0.074 0.003 0.064 0.464 0.505 0.555 0.011 0.045 0.562 0.211 0.149 0.061 0.005 0.016 0.622 0.521 0.01 0.516 0.471 0.006 0.757 0.01 0.054 0.05 0.09 0.68 0.045 0.027 0.008 0.008 0.279 0.576 0.159 0.009 0.007 1 0.004 0.006 0.023 0.006 0.113
0.002 0.001 0.001 0.003 0 0.001 0.001 0.001 0 0 0.001 0.001 0 0 0 0.001 0.002 0 0.001 0.001 0.001 0.002 0.013 0.004 0.001 0 0.002 0.001 0.001 0.001 0 0 0 0 0.011 0 0.001 0.041 0.001 0.046 0.009 0.001 0.003 0.003 0.003 0.005 0.001 0.001 0.005 0.014 0.019 0.004 0 0 0.005 0.003 0.001 0.003 0.003 0 0.004 0 0.001 0 0.001 0.005 0 0 0 0 0.002 0.005 0.001 0 0 0.004 1 0 0 0 0
0 0.002 0.001 0 0.005 0.03 0.045 0.002 0.002 0 0.001 0 0 0.005 0.006 0.032 0.003 0.001 0.001 0.002 0.033 0.001 0.004 0.005 0.003 0.005 0 0.002 0.001 0.149 0.031 0.015 0.005 0.025 0.019 0.001 0.1 0.005 0.247 0.002 0.016 0.002 0.005 0.005 0.005 0.067 0.001 0.267 0.064 0.002 0.012 0.012 0 0 0.06 0.005 0.351 0.005 0.005 0 0.008 0.664 0.001 0.001 0.001 0.062 0 0 0.001 0.614 0.003 0.061 0.001 0.001 0 0.006 0 1 0 0.001 0.001
0.011 0.015 0.014 0.005 0.012 0.001 0.001 0.068 0.081 0.006 0.089 0.001 0 0.02 0.019 0.001 0.053 0 0.001 0.017 0.001 0.002 0.001 0.004 0.018 0.032 0.011 0.001 0.001 0.001 0 0 0.032 0.011 0.003 0 0 0.001 0.001 0.001 0.01 0.001 0 0.002 0.031 0.019 0 0.001 0.016 0.008 0.006 0.003 0 0 0.012 0.002 0.001 0.002 0.038 0 0.015 0 0 0 0 0.022 0 0 0 0 0.001 0.018 0.001 0 0 0.023 0 0 1 0 0
0.006 0.01 0.009 0 0.001 0.046 0.053 0.002 0.002 0.002 0.001 0.001 0.001 0.01 0.009 0.048 0.003 0 0.001 0.012 0.05 0.003 0.003 0 0.013 0.001 0.002 0.002 0.001 0.043 0.001 0 0.003 0.001 0.002 0.001 0.076 0.005 0.04 0.005 0 0.002 0.004 0.004 0.004 0.007 0.001 0.002 0.008 0.012 0.01 0 0.597 0 0.008 0.005 0.002 0.005 0.005 0.66 0.007 0.001 0 0.001 0.001 0.008 0 0 0.001 0.001 0.002 0.008 0.001 0.001 0.001 0.006 0 0.001 0 1 0.001
0.002 0.001 0.001 0.004 0.006 0.003 0.002 0.003 0.002 0.017 0.002 0.107 0.001 0.013 0.014 0.003 0.005 0.001 0 0.014 0.003 0.107 0.003 0.039 0.013 0.008 0.024 0.002 0 0.004 0.001 0.001 0.008 0.017 0.024 0.001 0.002 0.003 0.003 0.002 0.029 0.002 0.009 0.111 0.101 0.059 0.001 0.003 0.056 0.038 0.019 0.006 0.001 0.205 0.055 0.099 0 0.12 0.117 0.001 0.107 0.001 0.009 0.47 0.001 0.096 0.387 0.021 0.001 0.001 0.002 0.094 0.419 0.001 0.001 0.113 0 0.001 0 0.001 1
