1 0.821 0.858 0.428 0.342 0.174 0.105 0.239 0.2 0.29 0.098 0.02 0.057 0.519 0.515 0.163 0.239 0.041 0.025 0.51 0.152 0.002 0.127 0.115 0.534 0.341 0.289 0 0.04 0.147 0.039 0.042 0.251 0.214 0.119 0 0.029 0.069 0.044 0.035 0.119 0.021 0.003 0.004 0.001 0.024 0.003 0.077 0.022 0.038 0.012 0.063 0.009 0.007 0.018 0.006 0.023 0.002 0.001 0.011 0.006 0.009 0.056 0.005 0.001 0.028 0.007 0.001 0.002 0.01 0.004 0.011 0.001 0.006 0.002 0.005 0.002 0.008 0.026 0.013 0.001
0.821 1 0.946 0.406 0.35 0.21 0.127 0.289 0.242 0.261 0.119 0.016 0.07 0.577 0.553 0.198 0.24 0.05 0.021 0.559 0.185 0 0.112 0.086 0.584 0.351 0.275 0.017 0.033 0.18 0.047 0.051 0.268 0.207 0.116 0 0.036 0.073 0.055 0.055 0.106 0.017 0.013 0.001 0 0.028 0.011 0.056 0.027 0.053 0.007 0.054 0.012 0.005 0.022 0.002 0.031 0 0 0.015 0.007 0.013 0.068 0.003 0.001 0.032 0.006 0.006 0.003 0.014 0.007 0.02 0 0.011 0.006 0.006 0.001 0.012 0.032 0.017 0
0.858 0.946 1 0.431 0.402 0.202 0.122 0.277 0.233 0.284 0.114 0.017 0.067 0.618 0.592 0.19 0.282 0.048 0.022 0.605 0.177 0 0.117 0.093 0.631 0.402 0.302 0.017 0.035 0.173 0.045 0.049 0.303 0.224 0.129 0.001 0.035 0.092 0.053 0.05 0.117 0.018 0.015 0.001 0 0.039 0.012 0.093 0.037 0.064 0.005 0.058 0.011 0.006 0.032 0.002 0.03 0 0 0.014 0.014 0.012 0.065 0.003 0.001 0.044 0.006 0 0.001 0.013 0.002 0.022 0 0.011 0.006 0.012 0.001 0.011 0.031 0.016 0.001
0.428 0.406 0.431 1 0.226 0.07 0.034 0.129 0.109 0.788 0.053 0.037 0.031 0.274 0.271 0.064 0.165 0.024 0.047 0.271 0.058 0.007 0.28 0.265 0.291 0.18 0.57 0.002 0.024 0.054 0.021 0.023 0.12 0.464 0.284 0.034 0.004 0.014 0.009 0.004 0.358 0.038 0.239 0.012 0.006 0.002 0.02 0.035 0.002 0 0.206 0.186 0 0.012 0.001 0.016 0.007 0.028 0.008 0.001 0 0.001 0.027 0.005 0 0 0.013 0.014 0.006 0.001 0.003 0.001 0.003 0.027 0.007 0 0.006 0.002 0.012 0 0.003
0.342 0.35 0.402 0.226 1 0.018 0.011 0.46 0.4 0.26 0.167 0.009 0.006 0.507 0.484 0.017 0.632 0.097 0.011 0.533 0.017 0.032 0.077 0.138 0.548 0.766 0.294 0.009 0.017 0.015 0.003 0.004 0.602 0.225 0.176 0.006 0.003 0.26 0.006 0.159 0.155 0.009 0.025 0.031 0.011 0 0.008 0.024 0 0.094 0.04 0.039 0.001 0.003 0.001 0.033 0.007 0.027 0.016 0.002 0.001 0.005 0.008 0.005 0.004 0 0.003 0 0.002 0.004 0 0.003 0.003 0.008 0.004 0 0 0.003 0.021 0.002 0.005
0.174 0.21 0.202 0.07 0.018 1 0.605 0.01 0.008 0.105 0.004 0.003 0.332 0.21 0.202 0.886 0.014 0.002 0.004 0.182 0.893 0.015 0.014 0.036 0.179 0.018 0.093 0.004 0.007 0.809 0.216 0.238 0.02 0.073 0.044 0.009 0.139 0.021 0.241 0.017 0.033 0.004 0.016 0.012 0.013 0.005 0.003 0.098 0.005 0.035 0 0.021 0.062 0.001 0.004 0.013 0.165 0.011 0.016 0.029 0.001 0.071 0.003 0.002 0.03 0.009 0.001 0 0.002 0.069 0.005 0.004 0.003 0 0.001 0.001 0.002 0.079 0.002 0.033 0.002
0.105 0.127 0.122 0.034 0.011 0.605 1 0.006 0.005 0.065 0.002 0.002 0.001 0.129 0.124 0.493 0.008 0.001 0.003 0.098 0.495 0.009 0.005 0.016 0.094 0.011 0.047 0.003 0.004 0.438 0.357 0.394 0.012 0.031 0.014 0.002 0.236 0.012 0.408 0.01 0.008 0.002 0.011 0.006 0.007 0.027 0.002 0.181 0.026 0.019 0.026 0.006 0.046 0.001 0.025 0.007 0.286 0.005 0.008 0.022 0.002 0.128 0.002 0.006 0.055 0.038 0.001 0 0.001 0.121 0.002 0.024 0.01 0.002 0.001 0.002 0.001 0.139 0.001 0.026 0.006
0.239 0.289 0.277 0.129 0.46 0.01 0.006 1 0.839 0.147 0.411 0.005 0.003 0.278 0.267 0.009 0.638 0.002 0.006 0.296 0.009 0.016 0.043 0.074 0.304 0.49 0.165 0.006 0.01 0.007 0.002 0.002 0.432 0.149 0.095 0.003 0.001 0.259 0.002 0.312 0.103 0.005 0.015 0.018 0 0.002 0.004 0.006 0.003 0.148 0.1 0.046 0.001 0.002 0.004 0.019 0.003 0.016 0 0.002 0.005 0.002 0.005 0.001 0.002 0.003 0.002 0.003 0.003 0.003 0.015 0.004 0.001 0.004 0.002 0.002 0.001 0.001 0.119 0.002 0.001
0.2 0.242 0.233 0.109 0.4 0.008 0.005 0.839 1 0.124 0.49 0.004 0.003 0.231 0.222 0.008 0.567 0.002 0.005 0.246 0.008 0.013 0.036 0.061 0.252 0.405 0.137 0.005 0.008 0.006 0.001 0.001 0.352 0.121 0.074 0.002 0.001 0.191 0.002 0.231 0.084 0.004 0.011 0.014 0.001 0.001 0.004 0.005 0.001 0.117 0.071 0.052 0.001 0.001 0.001 0.015 0.003 0.012 0 0.002 0.002 0.002 0.004 0.001 0.002 0.001 0.001 0.003 0.002 0.002 0.012 0.001 0 0.003 0.002 0 0.001 0.001 0.143 0.002 0.001
0.29 0.261 0.284 0.788 0.26 0.105 0.065 0.147 0.124 1 0.061 0.032 0.035 0.359 0.357 0.101 0.189 0.027 0.041 0.35 0.092 0.072 0.255 0.399 0.373 0.212 0.69 0.002 0.015 0.088 0.024 0.026 0.145 0.579 0.378 0.039 0.015 0.025 0.023 0.01 0.463 0.034 0.268 0.073 0.039 0.006 0.021 0.042 0.006 0.002 0.247 0.227 0.009 0.011 0.009 0.08 0.009 0.111 0.053 0.007 0.012 0.002 0.03 0.003 0 0.012 0.012 0.016 0.012 0.004 0.006 0.009 0.003 0.032 0.008 0.007 0.003 0.002 0.015 0.006 0.006
0.098 0.119 0.114 0.053 0.167 0.004 0.002 0.411 0.49 0.061 1 0.002 0.001 0.121 0.116 0.004 0.298 0.001 0.002 0.129 0.004 0.009 0.018 0.034 0.132 0.215 0.073 0.002 0.004 0.004 0.001 0.001 0.202 0.071 0.035 0.001 0.001 0.097 0.002 0.114 0.051 0.002 0.001 0.009 0.001 0 0.002 0.003 0 0.058 0.037 0.028 0.001 0.001 0 0.01 0.002 0.009 0 0.001 0.001 0.002 0.002 0.002 0.001 0 0.001 0.001 0.001 0.001 0.006 0 0.002 0.001 0.001 0 0.001 0.001 0.121 0.001 0.002
0.02 0.016 0.017 0.037 0.009 0.003 0.002 0.005 0.004 0.032 0.002 1 0.001 0.01 0.007 0.003 0.007 0.001 0.002 0.011 0.003 0.2 0.015 0.049 0.015 0.009 0.027 0.002 0.003 0.003 0.001 0.001 0.002 0.02 0.026 0.001 0 0.01 0 0.008 0.03 0.002 0.008 0.156 0.124 0.103 0.002 0.001 0.117 0.038 0.02 0.007 0.001 0.326 0.098 0.148 0 0.15 0.113 0.001 0.098 0 0.002 0.197 0.033 0.078 0.366 0 0.001 0 0 0.081 0.09 0.002 0.001 0.069 0.001 0 0.001 0.001 0.125
0.057 0.07 0.067 0.031 0.006 0.332 0.001 0.003 0.003 0.035 0.001 0.001 1 0.072 0.069 0.352 0.005 0.001 0.001 0.076 0.356 0.005 0.01 0.02 0.078 0.006 0.043 0.001 0.002 0.334 0.001 0.001 0.007 0.042 0.034 0.042 0.001 0.007 0.001 0.006 0.03 0.001 0.11 0.006 0.006 0.009 0.001 0.002 0.009 0.013 0.039 0.017 0.015 0 0.01 0.006 0.001 0.005 0.007 0.007 0.009 0.001 0.001 0.001 0.001 0.009 0 0.001 0.001 0.001 0.004 0.01 0.001 0.001 0 0.008 0.001 0.001 0.001 0.007 0.001
0.519 0.577 0.618 0.274 0.507 0.21 0.129 0.278 0.231 0.359 0.121 0.01 0.072 1 0.951 0.202 0.383 0.054 0.013 0.828 0.189 0.055 0.098 0.194 0.86 0.519 0.445 0.016 0.025 0.197 0.048 0.053 0.397 0.356 0.247 0 0.047 0.115 0.066 0.067 0.233 0.017 0.004 0.052 0.023 0.003 0.009 0.111 0.002 0.028 0.019 0.055 0.013 0.005 0.001 0.056 0.039 0.049 0.029 0.016 0.001 0.019 0.013 0.005 0.003 0.006 0.003 0 0.004 0.022 0.003 0 0.003 0.01 0.006 0 0 0.018 0.046 0.019 0.005
0.515 0.553 0.592 0.271 0.484 0.202 0.124 0.267 0.222 0.357 0.116 0.007 0.069 0.951 1 0.195 0.368 0.052 0.014 0.81 0.194 0.054 0.102 0.197 0.842 0.5 0.446 0.013 0.026 0.189 0.046 0.051 0.392 0.356 0.248 0.001 0.054 0.11 0.072 0.064 0.233 0.018 0.002 0.054 0.024 0.002 0.009 0.114 0.002 0.026 0.02 0.054 0.013 0.006 0.001 0.059 0.044 0.052 0.032 0.015 0.002 0.023 0.013 0.006 0.003 0.005 0.003 0 0.002 0.028 0.003 0 0.003 0.005 0.006 0 0 0.023 0.044 0.018 0.006
0.163 0.198 0.19 0.064 0.017 0.886 0.493 0.009 0.008 0.101 0.004 0.003 0.352 0.202 0.195 1 0.013 0.002 0.004 0.199 0.945 0.015 0.026 0.052 0.212 0.017 0.116 0.004 0.007 0.912 0.228 0.252 0.019 0.093 0.06 0.009 0.188 0.019 0.299 0.016 0.047 0.003 0.019 0.012 0.012 0.01 0.003 0.127 0.009 0.027 0 0.034 0.065 0.001 0.008 0.012 0.21 0.01 0.015 0.031 0.005 0.104 0.003 0.004 0.032 0.006 0.001 0 0.002 0.106 0.005 0.002 0.003 0 0.001 0.004 0.002 0.085 0.001 0.035 0.004
0.239 0.24 0.282 0.165 0.632 0.014 0.008 0.638 0.567 0.189 0.298 0.007 0.005 0.383 0.368 0.013 1 0.003 0.008 0.432 0.013 0.029 0.059 0.113 0.443 0.597 0.244 0.008 0.013 0.011 0.002 0.003 0.532 0.214 0.146 0.004 0.002 0.337 0.004 0.205 0.149 0.007 0.008 0.027 0.002 0.004 0.006 0.038 0.004 0.169 0.072 0.044 0.002 0.002 0.002 0.028 0.005 0.024 0.004 0.003 0.002 0.003 0.006 0.007 0.003 0.004 0.002 0 0.004 0.004 0.001 0 0.006 0.006 0.003 0.007 0.003 0.002 0.085 0.003 0.007
0.041 0.05 0.048 0.024 0.097 0.002 0.001 0.002 0.002 0.027 0.001 0.001 0.001 0.054 0.052 0.002 0.003 1 0.001 0.058 0.002 0.004 0.008 0.015 0.059 0.098 0.033 0.001 0.002 0.002 0 0 0.092 0.032 0.026 0.001 0.001 0.005 0.001 0.004 0.023 0.001 0.005 0.004 0.004 0.007 0.001 0.001 0.007 0.012 0.01 0.004 0 0 0.007 0.004 0.001 0.004 0.005 0 0.007 0 0.001 0.001 0 0.007 0 0.001 0 0 0.003 0.007 0.001 0.001 0 0.006 0 0 0 0 0.001
0.025 0.021 0.022 0.047 0.011 0.004 0.003 0.006 0.005 0.041 0.002 0.002 0.001 0.013 0.014 0.004 0.008 0.001 1 0.019 0.004 0.286 0.019 0.074 0.019 0.011 0.034 0.003 0.63 0.004 0.001 0.001 0.011 0.022 0.025 0.002 0.001 0.011 0.002 0.011 0.033 0.002 0.005 0.212 0.202 0.132 0.002 0.002 0.13 0.035 0.017 0.029 0.001 0.001 0.126 0.178 0.002 0.213 0.169 0.001 0.14 0.002 0.002 0.001 0.001 0.106 0.001 0.001 0.001 0.001 0.326 0.125 0.001 0.002 0.009 0.137 0.001 0.001 0.001 0.001 0.001
0.51 0.559 0.605 0.271 0.533 0.182 0.098 0.296 0.246 0.35 0.129 0.011 0.076 0.828 0.81 0.199 0.432 0.058 0.019 1 0.214 0.056 0.123 0.226 0.949 0.586 0.508 0.017 0.024 0.182 0.051 0.056 0.466 0.388 0.258 0 0.029 0.123 0.049 0.071 0.239 0.009 0.002 0.051 0.019 0.002 0.014 0.096 0.001 0.029 0.026 0.066 0.015 0.005 0.001 0.055 0.027 0.046 0.027 0.018 0.003 0.009 0.015 0.017 0.002 0 0.006 0 0.005 0.01 0.002 0.001 0.013 0.01 0.006 0.001 0.001 0.013 0.035 0.021 0.017
0.152 0.185 0.177 0.058 0.017 0.893 0.495 0.009 0.008 0.092 0.004 0.003 0.356 0.189 0.194 0.945 0.013 0.002 0.004 0.214 1 0.015 0.026 0.052 0.211 0.017 0.115 0.004 0.007 0.863 0.229 0.253 0.014 0.085 0.053 0.01 0.148 0.019 0.257 0.016 0.041 0.003 0.019 0.012 0.012 0.006 0.003 0.106 0.006 0.032 0 0.029 0.066 0.001 0.005 0.012 0.177 0.01 0.015 0.031 0.004 0.077 0.003 0.004 0.032 0.003 0.001 0 0.002 0.074 0.005 0.001 0.003 0 0.001 0.004 0.002 0.085 0.001 0.035 0.004
0.002 0 0 0.007 0.032 0.015 0.009 0.016 0.013 0.072 0.009 0.2 0.005 0.055 0.054 0.015 0.029 0.004 0.286 0.056 0.015 1 0.058 0.242 0.066 0.04 0.114 0.007 0.359 0.015 0.003 0.004 0.03 0.093 0.114 0.006 0 0.042 0.002 0.036 0.133 0.008 0.031 0.73 0.586 0.466 0.004 0.005 0.459 0.091 0.075 0.024 0.003 0.057 0.443 0.664 0.003 0.564 0.567 0.005 0.452 0.001 0.197 0.034 0.003 0.275 0.082 0.05 0.004 0 0.285 0.437 0.027 0.008 0 0.367 0.003 0 0.003 0.004 0.041
0.127 0.112 0.117 0.28 0.077 0.014 0.005 0.043 0.036 0.255 0.018 0.015 0.01 0.098 0.102 0.026 0.059 0.008 0.019 0.123 0.026 0.058 1 0.453 0.133 0.08 0.227 0.018 0.013 0.031 0.007 0.008 0.047 0.188 0.046 0.011 0.01 0.015 0.014 0.025 0.066 0.093 0.083 0.046 0.049 0.088 0.041 0.025 0.09 0.016 0.018 0.129 0.001 0.005 0.067 0.028 0.007 0.016 0.028 0 0.039 0.004 0.015 0.001 0.008 0.037 0.006 0.01 0.002 0.008 0.022 0.042 0.005 0.005 0.006 0.032 0.018 0.009 0.002 0 0.003
0.115 0.086 0.093 0.265 0.138 0.036 0.016 0.074 0.061 0.399 0.034 0.049 0.02 0.194 0.197 0.052 0.113 0.015 0.074 0.226 0.052 0.242 0.453 1 0.254 0.153 0.434 0.032 0.118 0.059 0.013 0.015 0.098 0.355 0.177 0.021 0.01 0.001 0.019 0 0.229 0.045 0.142 0.212 0.151 0.068 0.02 0.035 0.065 0.019 0.093 0.032 0.004 0.013 0.08 0.224 0.011 0.217 0.184 0.002 0.118 0.006 0.048 0.028 0.001 0.057 0.021 0.013 0.006 0.008 0.081 0.09 0.035 0.015 0.003 0.098 0.007 0.009 0.007 0.001 0.041
0.534 0.584 0.631 0.291 0.548 0.179 0.094 0.304 0.252 0.373 0.132 0.015 0.078 0.86 0.842 0.212 0.443 0.059 0.019 0.949 0.211 0.066 0.133 0.254 1 0.602 0.542 0.017 0.03 0.202 0.052 0.057 0.48 0.41 0.283 0 0.041 0.129 0.063 0.075 0.263 0.016 0.002 0.06 0.024 0.001 0.014 0.111 0.001 0.03 0.029 0.071 0.015 0.005 0 0.064 0.037 0.054 0.033 0.019 0.005 0.016 0.015 0.016 0.002 0.001 0.005 0 0.005 0.017 0.004 0.001 0.013 0.009 0.005 0.002 0.001 0.014 0.036 0.021 0.016
0.341 0.351 0.402 0.18 0.766 0.018 0.011 0.49 0.405 0.212 0.215 0.009 0.006 0.519 0.5 0.017 0.597 0.098 0.011 0.586 0.017 0.04 0.08 0.153 0.602 1 0.329 0.011 0.018 0.018 0.004 0.005 0.804 0.253 0.174 0.007 0.006 0.276 0.009 0.175 0.173 0.009 0.038 0.038 0.008 0 0.008 0.019 0 0.112 0.025 0.045 0.001 0.003 0.001 0.04 0.009 0.034 0.012 0.001 0 0.007 0.009 0.01 0.005 0 0.003 0 0.002 0.004 0 0.003 0.008 0.009 0.004 0 0 0.005 0.062 0.002 0.01
0.289 0.275 0.302 0.57 0.294 0.093 0.047 0.165 0.137 0.69 0.073 0.027 0.043 0.445 0.446 0.116 0.244 0.033 0.034 0.508 0.115 0.114 0.227 0.434 0.542 0.329 1 0.033 0.054 0.109 0.029 0.032 0.254 0.776 0.571 0.04 0.02 0.045 0.03 0.022 0.522 0.027 0.195 0.115 0.068 0.013 0.013 0.055 0.014 0 0.227 0.179 0.01 0.009 0.018 0.122 0.014 0.103 0.081 0.009 0.039 0.004 0.026 0.022 0 0.014 0.01 0.002 0.01 0.006 0.023 0.03 0.016 0.036 0.012 0.031 0.004 0.004 0.018 0.007 0.029
0 0.017 0.017 0.002 0.009 0.004 0.003 0.006 0.005 0.002 0.002 0.002 0.001 0.016 0.013 0.004 0.008 0.001 0.003 0.017 0.004 0.007 0.018 0.032 0.017 0.011 0.033 1 0.004 0.004 0.001 0.001 0.012 0.033 0.041 0 0.001 0.012 0.002 0.01 0.002 0.002 0.042 0.009 0.01 0.015 0.01 0.003 0.014 0.016 0.009 0.003 0.001 0.001 0.015 0.009 0.002 0.007 0.011 0.001 0.013 0.002 0.002 0.002 0.001 0.014 0.001 0.001 0.08 0.001 0.005 0.015 0.001 0 0.001 0.012 0.001 0.001 0.001 0.001 0.002
0.04 0.033 0.035 0.024 0.017 0.007 0.004 0.01 0.008 0.015 0.004 0.003 0.002 0.025 0.026 0.007 0.013 0.002 0.63 0.024 0.007 0.359 0.013 0.118 0.03 0.018 0.054 0.004 1 0.007 0.002 0.002 0.018 0.041 0.049 0.003 0.002 0.018 0.003 0.017 0.061 0.004 0.012 0.28 0.266 0.168 0.003 0.004 0.166 0.012 0.033 0.026 0.001 0.001 0.159 0.242 0.004 0.143 0.22 0.002 0.179 0.003 0.003 0.002 0.002 0.051 0.001 0.098 0.001 0.002 0.436 0.158 0.001 0.003 0.004 0.181 0.002 0.002 0.002 0.002 0.002
0.147 0.18 0.173 0.054 0.015 0.809 0.438 0.007 0.006 0.088 0.004 0.003 0.334 0.197 0.189 0.912 0.011 0.002 0.004 0.182 0.863 0.015 0.031 0.059 0.202 0.018 0.109 0.004 0.007 1 0.224 0.247 0.02 0.1 0.07 0.008 0.237 0.021 0.398 0.016 0.055 0.004 0.016 0.013 0.013 0.017 0.003 0.175 0.016 0.025 0 0.04 0.066 0.001 0.015 0.013 0.285 0.011 0.016 0.031 0.005 0.173 0.003 0.004 0.029 0.011 0.001 0 0.002 0.135 0.005 0.005 0.003 0 0.001 0.005 0.002 0.159 0.002 0.035 0.004
0.039 0.047 0.045 0.021 0.003 0.216 0.357 0.002 0.001 0.024 0.001 0.001 0.001 0.048 0.046 0.228 0.002 0 0.001 0.051 0.229 0.003 0.007 0.013 0.052 0.004 0.029 0.001 0.002 0.224 1 0.895 0.004 0.008 0.005 0.001 0.037 0.005 0.24 0.004 0.004 0.001 0.005 0.004 0.004 0.009 0.001 0.074 0.009 0.011 0.01 0.007 0.011 0 0.008 0.004 0.117 0.003 0.005 0.005 0.004 0.104 0.001 0.001 0 0.005 0 0.001 0 0.15 0.001 0.003 0.001 0.001 0 0.004 0 0.093 0 0.007 0.001
0.042 0.051 0.049 0.023 0.004 0.238 0.394 0.002 0.001 0.026 0.001 0.001 0.001 0.053 0.051 0.252 0.003 0 0.001 0.056 0.253 0.004 0.008 0.015 0.057 0.005 0.032 0.001 0.002 0.247 0.895 1 0.005 0.01 0.008 0.001 0.073 0.005 0.286 0.004 0.006 0.001 0.005 0.004 0.004 0.013 0.001 0.098 0.013 0.012 0.011 0.008 0.009 0 0.012 0.004 0.153 0.004 0.005 0.004 0.001 0.092 0.001 0.001 0.012 0.009 0 0.001 0 0.133 0 0.005 0.001 0.001 0 0.001 0 0.082 0 0.006 0.001
0.251 0.268 0.303 0.12 0.602 0.02 0.012 0.432 0.352 0.145 0.202 0.002 0.007 0.397 0.392 0.019 0.532 0.092 0.011 0.466 0.014 0.03 0.047 0.098 0.48 0.804 0.254 0.012 0.018 0.02 0.004 0.005 1 0.298 0.215 0.007 0.006 0.359 0.009 0.238 0.212 0.01 0.041 0.031 0.005 0 0.009 0.019 0 0.146 0.041 0.062 0.002 0.003 0 0.033 0.01 0.027 0.009 0.004 0 0.007 0.009 0.01 0.005 0 0.003 0 0.005 0.005 0 0.001 0.008 0.01 0.004 0 0 0.005 0.058 0.004 0.01
0.214 0.207 0.224 0.464 0.225 0.073 0.031 0.149 0.121 0.579 0.071 0.02 0.042 0.356 0.356 0.093 0.214 0.032 0.022 0.388 0.085 0.093 0.188 0.355 0.41 0.253 0.776 0.033 0.041 0.1 0.008 0.01 0.298 1 0.709 0.039 0.039 0.073 0.059 0.041 0.653 0.029 0.21 0.125 0.076 0.009 0.025 0.086 0.01 0.002 0.276 0.218 0.01 0.009 0.013 0.132 0.034 0.113 0.089 0 0.036 0.021 0.026 0.013 0 0.006 0.01 0.003 0.015 0.021 0.027 0.018 0.017 0.035 0.026 0.029 0.001 0.024 0.018 0 0.018
0.119 0.116 0.129 0.284 0.176 0.044 0.014 0.095 0.074 0.378 0.035 0.026 0.034 0.247 0.248 0.06 0.146 0.026 0.025 0.258 0.053 0.114 0.046 0.177 0.283 0.174 0.571 0.041 0.049 0.07 0.005 0.008 0.215 0.709 1 0.031 0.029 0.287 0.046 0.243 0.846 0.03 0.134 0.155 0.121 0.032 0.014 0.068 0.033 0.009 0.413 0.207 0.006 0.011 0.039 0.164 0.04 0.124 0.124 0 0.073 0.015 0.033 0.017 0 0.023 0.012 0.005 0.019 0.01 0.036 0.047 0.01 0.026 0.021 0.061 0.012 0.018 0.004 0 0.023
0 0 0.001 0.034 0.006 0.009 0.002 0.003 0.002 0.039 0.001 0.001 0.042 0 0.001 0.009 0.004 0.001 0.002 0 0.01 0.006 0.011 0.021 0 0.007 0.04 0 0.003 0.008 0.001 0.001 0.007 0.039 0.031 1 0.001 0.007 0.001 0.006 0.031 0.001 0.118 0.005 0.005 0.009 0.001 0.002 0.009 0.016 0.052 0.017 0.003 0 0.009 0.005 0.001 0.005 0.007 0.001 0.008 0.001 0.001 0.001 0 0.009 0 0.001 0.001 0.001 0.003 0.009 0.001 0.476 0.001 0.007 0.001 0.001 0.001 0.001 0.001
0.029 0.036 0.035 0.004 0.003 0.139 0.236 0.001 0.001 0.015 0.001 0 0.001 0.047 0.054 0.188 0.002 0.001 0.001 0.029 0.148 0 0.01 0.01 0.041 0.006 0.02 0.001 0.002 0.237 0.037 0.073 0.006 0.039 0.029 0.001 1 0.006 0.63 0.005 0.028 0.001 0.006 0.005 0.005 0.035 0.001 0.205 0.035 0.002 0.014 0.016 0.108 0 0.033 0.005 0.315 0.005 0.006 0.058 0 0.176 0.001 0.001 0.075 0.033 0 0.003 0.001 0.206 0 0.021 0.001 0.001 0 0 0 0.156 0 0.06 0.001
0.069 0.073 0.092 0.014 0.26 0.021 0.012 0.259 0.191 0.025 0.097 0.01 0.007 0.115 0.11 0.019 0.337 0.005 0.011 0.123 0.019 0.042 0.015 0.001 0.129 0.276 0.045 0.012 0.018 0.021 0.005 0.005 0.359 0.073 0.287 0.007 0.006 1 0.01 0.826 0.254 0.01 0.059 0.046 0.048 0.017 0.075 0.017 0.018 0.243 0.207 0.042 0.003 0.003 0.02 0.049 0.003 0.031 0.044 0.006 0.009 0.008 0.01 0.003 0.005 0.009 0.004 0 0.006 0.006 0.001 0.02 0.001 0.01 0.004 0.007 0.049 0.006 0.001 0.006 0.003
0.044 0.055 0.053 0.009 0.006 0.241 0.408 0.002 0.002 0.023 0.002 0 0.001 0.066 0.072 0.299 0.004 0.001 0.002 0.049 0.257 0.002 0.014 0.019 0.063 0.009 0.03 0.002 0.003 0.398 0.24 0.286 0.009 0.059 0.046 0.001 0.63 0.01 1 0.007 0.042 0.002 0.01 0.008 0.008 0.065 0.001 0.361 0.064 0.006 0.021 0.024 0.068 0.001 0.062 0.008 0.555 0.007 0.01 0.035 0 0.335 0.002 0.002 0.065 0.052 0.001 0.001 0.001 0.337 0.001 0.034 0.001 0.002 0.001 0 0.001 0.298 0.001 0.036 0.002
0.035 0.055 0.05 0.004 0.159 0.017 0.01 0.312 0.231 0.01 0.114 0.008 0.006 0.067 0.064 0.016 0.205 0.004 0.011 0.071 0.016 0.036 0.025 0 0.075 0.175 0.022 0.01 0.017 0.016 0.004 0.004 0.238 0.041 0.243 0.006 0.005 0.826 0.007 1 0.215 0.009 0.049 0.038 0.04 0.062 0.093 0.013 0.063 0.192 0.284 0.03 0.003 0.003 0.065 0.04 0.001 0.024 0.036 0.005 0.048 0.006 0.008 0.002 0.004 0.044 0.003 0.006 0.005 0.004 0.024 0.053 0.001 0.008 0.004 0.043 0.061 0.004 0 0.005 0.002
0.119 0.106 0.117 0.358 0.155 0.033 0.008 0.103 0.084 0.463 0.051 0.03 0.03 0.233 0.233 0.047 0.149 0.023 0.033 0.239 0.041 0.133 0.066 0.229 0.263 0.173 0.522 0.002 0.061 0.055 0.004 0.006 0.212 0.653 0.846 0.031 0.028 0.254 0.042 0.215 1 0.04 0.251 0.181 0.123 0.037 0.011 0.06 0.038 0.005 0.506 0.262 0.006 0.013 0.045 0.191 0.035 0.146 0.13 0 0.079 0.012 0.037 0.02 0.001 0.027 0.014 0.006 0.016 0.008 0.048 0.054 0.012 0.026 0.019 0.066 0.01 0.016 0.019 0 0.027
0.021 0.017 0.018 0.038 0.009 0.004 0.002 0.005 0.004 0.034 0.002 0.002 0.001 0.017 0.018 0.003 0.007 0.001 0.002 0.009 0.003 0.008 0.093 0.045 0.016 0.009 0.027 0.002 0.004 0.004 0.001 0.001 0.01 0.029 0.03 0.001 0.001 0.01 0.002 0.009 0.04 1 0.006 0.003 0.004 0.008 0.002 0.003 0.008 0.011 0.016 0.034 0.001 0.001 0.007 0.003 0.002 0.002 0.001 0.001 0.007 0 0.002 0.002 0.001 0.006 0.001 0.001 0.001 0.001 0.001 0.008 0.001 0.002 0.001 0.005 0.001 0.001 0.001 0.001 0.001
0.003 0.013 0.015 0.239 0.025 0.016 0.011 0.015 0.011 0.268 0.001 0.008 0.11 0.004 0.002 0.019 0.008 0.005 0.005 0.002 0.019 0.031 0.083 0.142 0.002 0.038 0.195 0.042 0.012 0.016 0.005 0.005 0.041 0.21 0.134 0.118 0.006 0.059 0.01 0.049 0.251 0.006 1 0.048 0.035 0.061 0.009 0.016 0.062 0.095 0.369 0.102 0.001 0.003 0.065 0.05 0.011 0.043 0.045 0 0.057 0.004 0.01 0.011 0.005 0.061 0.004 0.007 0.005 0.006 0.032 0.067 0.008 0.123 0.072 0.052 0.005 0.006 0.001 0.001 0.011
0.004 0.001 0.001 0.012 0.031 0.012 0.006 0.018 0.014 0.073 0.009 0.156 0.006 0.052 0.054 0.012 0.027 0.004 0.212 0.051 0.012 0.73 0.046 0.212 0.06 0.038 0.115 0.009 0.28 0.013 0.004 0.004 0.031 0.125 0.155 0.005 0.005 0.046 0.008 0.038 0.181 0.003 0.048 1 0.829 0.613 0.007 0.013 0.605 0.15 0.106 0.024 0.003 0.053 0.584 0.918 0.009 0.721 0.77 0.005 0.617 0.006 0.204 0.058 0.029 0.383 0.076 0.068 0.005 0.001 0.329 0.537 0.055 0.008 0.003 0.526 0.004 0.005 0.004 0.005 0.067
0.001 0 0 0.006 0.011 0.013 0.007 0 0.001 0.039 0.001 0.124 0.006 0.023 0.024 0.012 0.002 0.004 0.202 0.019 0.012 0.586 0.049 0.151 0.024 0.008 0.068 0.01 0.266 0.013 0.004 0.004 0.005 0.076 0.121 0.005 0.005 0.048 0.008 0.04 0.123 0.004 0.035 0.829 1 0.642 0.008 0.014 0.634 0.188 0.111 0.038 0.003 0.04 0.605 0.757 0.009 0.594 0.809 0.005 0.622 0.007 0.121 0.055 0.019 0.409 0.06 0.065 0.005 0.001 0.299 0.559 0.045 0.009 0.004 0.568 0.004 0.005 0.064 0.005 0.057
0.024 0.028 0.039 0.002 0 0.005 0.027 0.002 0.001 0.006 0 0.103 0.009 0.003 0.002 0.01 0.004 0.007 0.132 0.002 0.006 0.466 0.088 0.068 0.001 0 0.013 0.015 0.168 0.017 0.009 0.013 0 0.009 0.032 0.009 0.035 0.017 0.065 0.062 0.037 0.008 0.061 0.613 0.642 1 0.012 0.208 0.987 0.175 0.172 0.076 0.005 0.031 0.946 0.554 0.103 0.431 0.586 0.008 0.693 0.072 0.125 0.029 0.065 0.712 0.046 0.084 0.007 0.069 0.33 0.765 0.028 0.013 0.006 0.638 0.006 0.077 0.04 0.008 0.034
0.003 0.011 0.012 0.02 0.008 0.003 0.002 0.004 0.004 0.021 0.002 0.002 0.001 0.009 0.009 0.003 0.006 0.001 0.002 0.014 0.003 0.004 0.041 0.02 0.014 0.008 0.013 0.01 0.003 0.003 0.001 0.001 0.009 0.025 0.014 0.001 0.001 0.075 0.001 0.093 0.011 0.002 0.009 0.007 0.008 0.012 1 0.003 0.012 0.003 0.015 0.026 0.001 0.001 0.013 0.008 0.002 0.007 0.009 0.001 0.012 0.001 0.002 0.002 0.001 0.007 0.001 0.001 0.001 0.001 0.005 0.013 0.001 0.002 0.001 0.011 0.001 0.001 0.003 0.001 0.002
0.077 0.056 0.093 0.035 0.024 0.098 0.181 0.006 0.005 0.042 0.003 0.001 0.002 0.111 0.114 0.127 0.038 0.001 0.002 0.096 0.106 0.005 0.025 0.035 0.111 0.019 0.055 0.003 0.004 0.175 0.074 0.098 0.019 0.086 0.068 0.002 0.205 0.017 0.361 0.013 0.06 0.003 0.016 0.013 0.014 0.208 0.003 1 0.205 0.006 0.036 0.04 0.001 0.001 0.198 0.014 0.523 0.012 0.015 0.002 0.032 0.371 0.003 0.003 0.04 0.186 0.001 0.015 0.002 0.279 0.026 0.102 0.002 0.003 0.001 0.033 0.001 0.369 0.001 0.002 0.003
0.022 0.027 0.037 0.002 0 0.005 0.026 0.003 0.001 0.006 0 0.117 0.009 0.002 0.002 0.009 0.004 0.007 0.13 0.001 0.006 0.459 0.09 0.065 0.001 0 0.014 0.014 0.166 0.016 0.009 0.013 0 0.01 0.033 0.009 0.035 0.018 0.064 0.063 0.038 0.008 0.062 0.605 0.634 0.987 0.012 0.205 1 0.173 0.175 0.073 0.005 0.041 0.938 0.551 0.101 0.429 0.582 0.008 0.688 0.071 0.123 0.036 0.064 0.706 0.046 0.083 0.008 0.068 0.329 0.759 0.028 0.014 0.006 0.634 0.006 0.076 0.04 0.008 0.034
0.038 0.053 0.064 0 0.094 0.035 0.019 0.148 0.117 0.002 0.058 0.038 0.013 0.028 0.026 0.027 0.169 0.012 0.035 0.029 0.032 0.091 0.016 0.019 0.03 0.112 0 0.016 0.012 0.025 0.011 0.012 0.146 0.002 0.009 0.016 0.002 0.243 0.006 0.192 0.005 0.011 0.095 0.15 0.188 0.175 0.003 0.006 0.173 1 0.008 0.07 0.008 0.008 0.187 0.157 0.008 0.174 0.164 0.014 0.192 0.002 0.035 0.013 0.007 0.192 0.012 0 0.003 0 0.082 0.16 0.004 0.024 0 0.184 0.018 0.004 0.014 0.014 0.02
0.012 0.007 0.005 0.206 0.04 0 0.026 0.1 0.071 0.247 0.037 0.02 0.039 0.019 0.02 0 0.072 0.01 0.017 0.026 0 0.075 0.018 0.093 0.029 0.025 0.227 0.009 0.033 0 0.01 0.011 0.041 0.276 0.413 0.052 0.014 0.207 0.021 0.284 0.506 0.016 0.369 0.106 0.111 0.172 0.015 0.036 0.175 0.008 1 0.163 0 0.007 0.181 0.111 0.024 0.096 0.132 0.003 0.163 0.017 0.022 0.024 0.011 0.172 0.008 0.015 0.012 0.012 0.069 0.182 0.019 0.051 0.033 0.151 0.021 0.013 0.01 0.006 0.024
0.063 0.054 0.058 0.186 0.039 0.021 0.006 0.046 0.052 0.227 0.028 0.007 0.017 0.055 0.054 0.034 0.044 0.004 0.029 0.066 0.029 0.024 0.129 0.032 0.071 0.045 0.179 0.003 0.026 0.04 0.007 0.008 0.062 0.218 0.207 0.017 0.016 0.042 0.024 0.03 0.262 0.034 0.102 0.024 0.038 0.076 0.026 0.04 0.073 0.07 0.163 1 0.009 0.004 0.083 0.028 0.027 0.019 0.041 0 0.047 0.01 0.004 0.001 0.013 0.05 0.006 0.005 0.018 0.014 0.048 0.056 0.001 0.023 0.011 0.051 0.004 0.015 0.005 0.001 0
0.009 0.012 0.011 0 0.001 0.062 0.046 0.001 0.001 0.009 0.001 0.001 0.015 0.013 0.013 0.065 0.002 0 0.001 0.015 0.066 0.003 0.001 0.004 0.015 0.001 0.01 0.001 0.001 0.066 0.011 0.009 0.002 0.01 0.006 0.003 0.108 0.003 0.068 0.003 0.006 0.001 0.001 0.003 0.003 0.005 0.001 0.001 0.005 0.008 0 0.009 1 0 0.005 0.003 0.001 0.003 0.004 0.572 0.004 0 0.001 0.001 0 0.005 0 0 0 0 0.002 0.005 0.001 0.002 0 0.004 0 0 0 0.467 0.001
0.007 0.005 0.006 0.012 0.003 0.001 0.001 0.002 0.001 0.011 0.001 0.326 0 0.005 0.006 0.001 0.002 0 0.001 0.005 0.001 0.057 0.005 0.013 0.005 0.003 0.009 0.001 0.001 0.001 0 0 0.003 0.009 0.011 0 0 0.003 0.001 0.003 0.013 0.001 0.003 0.053 0.04 0.031 0.001 0.001 0.041 0.008 0.007 0.004 0 1 0.03 0.05 0.001 0.058 0.042 0 0.033 0 0.006 0.251 0 0.031 0.513 0 0 0 0.002 0.03 0.107 0.001 0 0.024 0 0 0 0 0.154
0.018 0.022 0.032 0.001 0.001 0.004 0.025 0.004 0.001 0.009 0 0.098 0.01 0.001 0.001 0.008 0.002 0.007 0.126 0.001 0.005 0.443 0.067 0.08 0 0.001 0.018 0.015 0.159 0.015 0.008 0.012 0 0.013 0.039 0.009 0.033 0.02 0.062 0.065 0.045 0.007 0.065 0.584 0.605 0.946 0.013 0.198 0.938 0.187 0.181 0.083 0.005 0.03 1 0.616 0.098 0.492 0.637 0.008 0.733 0.068 0.119 0.027 0.062 0.757 0.044 0.08 0.008 0.066 0.374 0.802 0.026 0.014 0.006 0.685 0.007 0.073 0.034 0.008 0.04
0.006 0.002 0.002 0.016 0.033 0.013 0.007 0.019 0.015 0.08 0.01 0.148 0.006 0.056 0.059 0.012 0.028 0.004 0.178 0.055 0.012 0.664 0.028 0.224 0.064 0.04 0.122 0.009 0.242 0.013 0.004 0.004 0.033 0.132 0.164 0.005 0.005 0.049 0.008 0.04 0.191 0.003 0.05 0.918 0.757 0.554 0.008 0.014 0.551 0.157 0.111 0.028 0.003 0.05 0.616 1 0.009 0.776 0.814 0.005 0.645 0.007 0.193 0.054 0.027 0.414 0.072 0.064 0.005 0.001 0.358 0.562 0.051 0.009 0.004 0.561 0.004 0.005 0.004 0.005 0.076
0.023 0.031 0.03 0.007 0.007 0.165 0.286 0.003 0.003 0.009 0.002 0 0.001 0.039 0.044 0.21 0.005 0.001 0.002 0.027 0.177 0.003 0.007 0.011 0.037 0.009 0.014 0.002 0.004 0.285 0.117 0.153 0.01 0.034 0.04 0.001 0.315 0.003 0.555 0.001 0.035 0.002 0.011 0.009 0.009 0.103 0.002 0.523 0.101 0.008 0.024 0.027 0.001 0.001 0.098 0.009 1 0.001 0.003 0.001 0.001 0.566 0.002 0.004 0.066 0.115 0.001 0.001 0.001 0.425 0.001 0.068 0.006 0.002 0.001 0.001 0.001 0.559 0.001 0.001 0.004
0.002 0 0 0.028 0.027 0.011 0.005 0.016 0.012 0.111 0.009 0.15 0.005 0.049 0.052 0.01 0.024 0.004 0.213 0.046 0.01 0.564 0.016 0.217 0.054 0.034 0.103 0.007 0.143 0.011 0.003 0.004 0.027 0.113 0.124 0.005 0.005 0.031 0.007 0.024 0.146 0.002 0.043 0.721 0.594 0.431 0.007 0.012 0.429 0.174 0.096 0.019 0.003 0.058 0.492 0.776 0.001 1 0.713 0.005 0.564 0.006 0.224 0.099 0 0.485 0.083 0 0.004 0.001 0.252 0.49 0.098 0.008 0.003 0.477 0.003 0.004 0.003 0.004 0.129
0.001 0 0 0.008 0.016 0.016 0.008 0 0 0.053 0 0.113 0.007 0.029 0.032 0.015 0.004 0.005 0.169 0.027 0.015 0.567 0.028 0.184 0.033 0.012 0.081 0.011 0.22 0.016 0.005 0.005 0.009 0.089 0.124 0.007 0.006 0.044 0.01 0.036 0.13 0.001 0.045 0.77 0.809 0.586 0.009 0.015 0.582 0.164 0.132 0.041 0.004 0.042 0.637 0.814 0.003 0.713 1 0.006 0.727 0.008 0.163 0.082 0.021 0.509 0.061 0.053 0.006 0.002 0.323 0.653 0.073 0.01 0.004 0.653 0.005 0.006 0.054 0.006 0.09
0.011 0.015 0.014 0.001 0.002 0.029 0.022 0.002 0.002 0.007 0.001 0.001 0.007 0.016 0.015 0.031 0.003 0 0.001 0.018 0.031 0.005 0 0.002 0.019 0.001 0.009 0.001 0.002 0.031 0.005 0.004 0.004 0 0 0.001 0.058 0.006 0.035 0.005 0 0.001 0 0.005 0.005 0.008 0.001 0.002 0.008 0.014 0.003 0 0.572 0 0.008 0.005 0.001 0.005 0.006 1 0.008 0.001 0.001 0.001 0.001 0.008 0 0.001 0.001 0.001 0.003 0.009 0.001 0 0 0.007 0 0.001 0 0.582 0.001
0.006 0.007 0.014 0 0.001 0.001 0.002 0.005 0.002 0.012 0.001 0.098 0.009 0.001 0.002 0.005 0.002 0.007 0.14 0.003 0.004 0.452 0.039 0.118 0.005 0 0.039 0.013 0.179 0.005 0.004 0.001 0 0.036 0.073 0.008 0 0.009 0 0.048 0.079 0.007 0.057 0.617 0.622 0.693 0.012 0.032 0.688 0.192 0.163 0.047 0.004 0.033 0.733 0.645 0.001 0.564 0.727 0.008 1 0.01 0.117 0.129 0.068 0.696 0.049 0.089 0.007 0.003 0.401 0.787 0.112 0.013 0.005 0.886 0.006 0.008 0.026 0.007 0.144
0.009 0.013 0.012 0.001 0.005 0.071 0.128 0.002 0.002 0.002 0.002 0 0.001 0.019 0.023 0.104 0.003 0 0.002 0.009 0.077 0.001 0.004 0.006 0.016 0.007 0.004 0.002 0.003 0.173 0.104 0.092 0.007 0.021 0.015 0.001 0.176 0.008 0.335 0.006 0.012 0 0.004 0.006 0.007 0.072 0.001 0.371 0.071 0.002 0.017 0.01 0 0 0.068 0.007 0.566 0.006 0.008 0.001 0.01 1 0.001 0.001 0.001 0.072 0 0.001 0.001 0.589 0.003 0.044 0.001 0.001 0.001 0.009 0.001 0.774 0.001 0.001 0.001
0.056 0.068 0.065 0.027 0.008 0.003 0.002 0.005 0.004 0.03 0.002 0.002 0.001 0.013 0.013 0.003 0.006 0.001 0.002 0.015 0.003 0.197 0.015 0.048 0.015 0.009 0.026 0.002 0.003 0.003 0.001 0.001 0.009 0.026 0.033 0.001 0.001 0.01 0.002 0.008 0.037 0.002 0.01 0.204 0.121 0.125 0.002 0.003 0.123 0.035 0.022 0.004 0.001 0.006 0.119 0.193 0.002 0.224 0.163 0.001 0.117 0.001 1 0 0.001 0.122 0.014 0 0.001 0.001 0.006 0.111 0.001 0.002 0.001 0.07 0.001 0.001 0.001 0.001 0
0.005 0.003 0.003 0.005 0.005 0.002 0.006 0.001 0.001 0.003 0.002 0.197 0.001 0.005 0.006 0.004 0.007 0.001 0.001 0.017 0.004 0.034 0.001 0.028 0.016 0.01 0.022 0.002 0.002 0.004 0.001 0.001 0.01 0.013 0.017 0.001 0.001 0.003 0.002 0.002 0.02 0.002 0.011 0.058 0.055 0.029 0.002 0.003 0.036 0.013 0.024 0.001 0.001 0.251 0.027 0.054 0.004 0.099 0.082 0.001 0.129 0.001 0 1 0.001 0.122 0.206 0.001 0.001 0.001 0.006 0.097 0.458 0.002 0.001 0.109 0.001 0.001 0.001 0.001 0.571
0.001 0.001 0.001 0 0.004 0.03 0.055 0.002 0.002 0 0.001 0.033 0.001 0.003 0.003 0.032 0.003 0 0.001 0.002 0.032 0.003 0.008 0.001 0.002 0.005 0 0.001 0.002 0.029 0 0.012 0.005 0 0 0 0.075 0.005 0.065 0.004 0.001 0.001 0.005 0.029 0.019 0.065 0.001 0.04 0.064 0.007 0.011 0.013 0 0 0.062 0.027 0.066 0 0.021 0.001 0.068 0.001 0.001 0.001 1 0.062 0 0.005 0 0 0.002 0.042 0.001 0.001 0 0.066 0 0.001 0 0.001 0.001
0.028 0.032 0.044 0 0 0.009 0.038 0.003 0.001 0.012 0 0.078 0.009 0.006 0.005 0.006 0.004 0.007 0.106 0 0.003 0.275 0.037 0.057 0.001 0 0.014 0.014 0.051 0.011 0.005 0.009 0 0.006 0.023 0.009 0.033 0.009 0.052 0.044 0.027 0.006 0.061 0.383 0.409 0.712 0.007 0.186 0.706 0.192 0.172 0.05 0.005 0.031 0.757 0.414 0.115 0.485 0.509 0.008 0.696 0.072 0.122 0.122 0.062 1 0.046 0.005 0.007 0.069 0.204 0.773 0.106 0.013 0.006 0.661 0.006 0.077 0.057 0.008 0.137
0.007 0.006 0.006 0.013 0.003 0.001 0.001 0.002 0.001 0.012 0.001 0.366 0 0.003 0.003 0.001 0.002 0 0.001 0.006 0.001 0.082 0.006 0.021 0.005 0.003 0.01 0.001 0.001 0.001 0 0 0.003 0.01 0.012 0 0 0.004 0.001 0.003 0.014 0.001 0.004 0.076 0.06 0.046 0.001 0.001 0.046 0.012 0.008 0.006 0 0.513 0.044 0.072 0.001 0.083 0.061 0 0.049 0 0.014 0.206 0 0.046 1 0.003 0 0 0.002 0.027 0.127 0.001 0 0.039 0 0 0 0 0.192
0.001 0.006 0 0.014 0 0 0 0.003 0.003 0.016 0.001 0 0.001 0 0 0 0 0.001 0.001 0 0 0.05 0.01 0.013 0 0 0.002 0.001 0.098 0 0.001 0.001 0 0.003 0.005 0.001 0.003 0 0.001 0.006 0.006 0.001 0.007 0.068 0.065 0.084 0.001 0.015 0.083 0 0.015 0.005 0 0 0.08 0.064 0.001 0 0.053 0.001 0.089 0.001 0 0.001 0.005 0.005 0.003 1 0.001 0 0.15 0.036 0.001 0.001 0 0.094 0.001 0.001 0.001 0.001 0.001
0.002 0.003 0.001 0.006 0.002 0.002 0.001 0.003 0.002 0.012 0.001 0.001 0.001 0.004 0.002 0.002 0.004 0 0.001 0.005 0.002 0.004 0.002 0.006 0.005 0.002 0.01 0.08 0.001 0.002 0 0 0.005 0.015 0.019 0.001 0.001 0.006 0.001 0.005 0.016 0.001 0.005 0.005 0.005 0.007 0.001 0.002 0.008 0.003 0.012 0.018 0 0 0.008 0.005 0.001 0.004 0.006 0.001 0.007 0.001 0.001 0.001 0 0.007 0 0.001 1 0.001 0.003 0.008 0.001 0.001 0 0.007 0 0.001 0 0.001 0.001
0.01 0.014 0.013 0.001 0.004 0.069 0.121 0.003 0.002 0.004 0.001 0 0.001 0.022 0.028 0.106 0.004 0 0.001 0.01 0.074 0 0.008 0.008 0.017 0.004 0.006 0.001 0.002 0.135 0.15 0.133 0.005 0.021 0.01 0.001 0.206 0.006 0.337 0.004 0.008 0.001 0.006 0.001 0.001 0.069 0.001 0.279 0.068 0 0.012 0.014 0 0 0.066 0.001 0.425 0.001 0.002 0.001 0.003 0.589 0.001 0.001 0 0.069 0 0 0.001 1 0.002 0.038 0.001 0.001 0 0.003 0 0.522 0 0.001 0.001
0.004 0.007 0.002 0.003 0 0.005 0.002 0.015 0.012 0.006 0.006 0 0.004 0.003 0.003 0.005 0.001 0.003 0.326 0.002 0.005 0.285 0.022 0.081 0.004 0 0.023 0.005 0.436 0.005 0.001 0 0 0.027 0.036 0.003 0 0.001 0.001 0.024 0.048 0.001 0.032 0.329 0.299 0.33 0.005 0.026 0.329 0.082 0.069 0.048 0.002 0.002 0.374 0.358 0.001 0.252 0.323 0.003 0.401 0.003 0.006 0.006 0.002 0.204 0.002 0.15 0.003 0.002 1 0.339 0.005 0.005 0.002 0.382 0.002 0.002 0.002 0.003 0.001
0.011 0.02 0.022 0.001 0.003 0.004 0.024 0.004 0.001 0.009 0 0.081 0.01 0 0 0.002 0 0.007 0.125 0.001 0.001 0.437 0.042 0.09 0.001 0.003 0.03 0.015 0.158 0.005 0.003 0.005 0.001 0.018 0.047 0.009 0.021 0.02 0.034 0.053 0.054 0.008 0.067 0.537 0.559 0.765 0.013 0.102 0.759 0.16 0.182 0.056 0.005 0.03 0.802 0.562 0.068 0.49 0.653 0.009 0.787 0.044 0.111 0.097 0.042 0.773 0.027 0.036 0.008 0.038 0.339 1 0.1 0.014 0.006 0.714 0.007 0.045 0.035 0.008 0.11
0.001 0 0 0.003 0.003 0.003 0.01 0.001 0 0.003 0.002 0.09 0.001 0.003 0.003 0.003 0.006 0.001 0.001 0.013 0.003 0.027 0.005 0.035 0.013 0.008 0.016 0.001 0.001 0.003 0.001 0.001 0.008 0.017 0.01 0.001 0.001 0.001 0.001 0.001 0.012 0.001 0.008 0.055 0.045 0.028 0.001 0.002 0.028 0.004 0.019 0.001 0.001 0.107 0.026 0.051 0.006 0.098 0.073 0.001 0.112 0.001 0.001 0.458 0.001 0.106 0.127 0.001 0.001 0.001 0.005 0.1 1 0.001 0.001 0.089 0.001 0.001 0.001 0.001 0.502
0.006 0.011 0.011 0.027 0.008 0 0.002 0.004 0.003 0.032 0.001 0.002 0.001 0.01 0.005 0 0.006 0.001 0.002 0.01 0 0.008 0.005 0.015 0.009 0.009 0.036 0 0.003 0 0.001 0.001 0.01 0.035 0.026 0.476 0.001 0.01 0.002 0.008 0.026 0.002 0.123 0.008 0.009 0.013 0.002 0.003 0.014 0.024 0.051 0.023 0.002 0.001 0.014 0.009 0.002 0.008 0.01 0 0.013 0.001 0.002 0.002 0.001 0.013 0.001 0.001 0.001 0.001 0.005 0.014 0.001 1 0.001 0.012 0.001 0.001 0.001 0.001 0.002
0.002 0.006 0.006 0.007 0.004 0.001 0.001 0.002 0.002 0.008 0.001 0.001 0 0.006 0.006 0.001 0.003 0 0.009 0.006 0.001 0 0.006 0.003 0.005 0.004 0.012 0.001 0.004 0.001 0 0 0.004 0.026 0.021 0.001 0 0.004 0.001 0.004 0.019 0.001 0.072 0.003 0.004 0.006 0.001 0.001 0.006 0 0.033 0.011 0 0 0.006 0.004 0.001 0.003 0.004 0 0.005 0.001 0.001 0.001 0 0.006 0 0 0 0 0.002 0.006 0.001 0.001 1 0.005 0 0 0 0 0.001
0.005 0.006 0.012 0 0 0.001 0.002 0.002 0 0.007 0 0.069 0.008 0 0 0.004 0.007 0.006 0.137 0.001 0.004 0.367 0.032 0.098 0.002 0 0.031 0.012 0.181 0.005 0.004 0.001 0 0.029 0.061 0.007 0 0.007 0 0.043 0.066 0.005 0.052 0.526 0.568 0.638 0.011 0.033 0.634 0.184 0.151 0.051 0.004 0.024 0.685 0.561 0.001 0.477 0.653 0.007 0.886 0.009 0.07 0.109 0.066 0.661 0.039 0.094 0.007 0.003 0.382 0.714 0.089 0.012 0.005 1 0.005 0.007 0.046 0.007 0.141
0.002 0.001 0.001 0.006 0 0.002 0.001 0.001 0.001 0.003 0.001 0.001 0.001 0 0 0.002 0.003 0 0.001 0.001 0.002 0.003 0.018 0.007 0.001 0 0.004 0.001 0.002 0.002 0 0 0 0.001 0.012 0.001 0 0.049 0.001 0.061 0.01 0.001 0.005 0.004 0.004 0.006 0.001 0.001 0.006 0.018 0.021 0.004 0 0 0.007 0.004 0.001 0.003 0.005 0 0.006 0.001 0.001 0.001 0 0.006 0 0.001 0 0 0.002 0.007 0.001 0.001 0 0.005 1 0 0 0 0.001
0.008 0.012 0.011 0.002 0.003 0.079 0.139 0.001 0.001 0.002 0.001 0 0.001 0.018 0.023 0.085 0.002 0 0.001 0.013 0.085 0 0.009 0.009 0.014 0.005 0.004 0.001 0.002 0.159 0.093 0.082 0.005 0.024 0.018 0.001 0.156 0.006 0.298 0.004 0.016 0.001 0.006 0.005 0.005 0.077 0.001 0.369 0.076 0.004 0.013 0.015 0 0 0.073 0.005 0.559 0.004 0.006 0.001 0.008 0.774 0.001 0.001 0.001 0.077 0 0.001 0.001 0.522 0.002 0.045 0.001 0.001 0 0.007 0 1 0 0.001 0.001
0.026 0.032 0.031 0.012 0.021 0.002 0.001 0.119 0.143 0.015 0.121 0.001 0.001 0.046 0.044 0.001 0.085 0 0.001 0.035 0.001 0.003 0.002 0.007 0.036 0.062 0.018 0.001 0.002 0.002 0 0 0.058 0.018 0.004 0.001 0 0.001 0.001 0 0.019 0.001 0.001 0.004 0.064 0.04 0.003 0.001 0.04 0.014 0.01 0.005 0 0 0.034 0.004 0.001 0.003 0.054 0 0.026 0.001 0.001 0.001 0 0.057 0 0.001 0 0 0.002 0.035 0.001 0.001 0 0.046 0 0 1 0 0.001
0.013 0.017 0.016 0 0.002 0.033 0.026 0.002 0.002 0.006 0.001 0.001 0.007 0.019 0.018 0.035 0.003 0 0.001 0.021 0.035 0.004 0 0.001 0.021 0.002 0.007 0.001 0.002 0.035 0.007 0.006 0.004 0 0 0.001 0.06 0.006 0.036 0.005 0 0.001 0.001 0.005 0.005 0.008 0.001 0.002 0.008 0.014 0.006 0.001 0.467 0 0.008 0.005 0.001 0.004 0.006 0.582 0.007 0.001 0.001 0.001 0.001 0.008 0 0.001 0.001 0.001 0.003 0.008 0.001 0.001 0 0.007 0 0.001 0 1 0.001
0.001 0 0.001 0.003 0.005 0.002 0.006 0.001 0.001 0.006 0.002 0.125 0.001 0.005 0.006 0.004 0.007 0.001 0.001 0.017 0.004 0.041 0.003 0.041 0.016 0.01 0.029 0.002 0.002 0.004 0.001 0.001 0.01 0.018 0.023 0.001 0.001 0.003 0.002 0.002 0.027 0.001 0.011 0.067 0.057 0.034 0.002 0.003 0.034 0.02 0.024 0 0.001 0.154 0.04 0.076 0.004 0.129 0.09 0.001 0.144 0.001 0 0.571 0.001 0.137 0.192 0.001 0.001 0.001 0.001 0.11 0.502 0.002 0.001 0.141 0.001 0.001 0.001 0.001 1
