1 0.776 0.815 0.452 0.313 0.192 0.141 0.221 0.181 0.281 0.1 0.02 0.043 0.513 0.438 0.195 0.2 0.03 0.036 0.487 0.163 0.002 0.137 0.101 0.518 0.263 0.295 0.007 0.04 0.17 0.07 0.069 0.186 0.251 0.15 0.004 0.052 0.047 0.089 0.029 0.135 0.027 0.002 0.002 0.001 0.03 0.006 0.086 0.027 0.01 0.012 0.085 0.012 0.007 0.025 0.003 0.058 0.002 0 0.017 0.004 0.021 0.04 0.009 0.034 0.024 0.01 0.008 0.006 0.022 0.022 0.01 0.001 0.003 0.003 0 0.001 0.019 0.021 0.015 0.002
0.776 1 0.937 0.406 0.32 0.245 0.18 0.261 0.23 0.23 0.128 0.016 0.055 0.595 0.516 0.248 0.189 0.04 0.029 0.554 0.211 0 0.106 0.068 0.59 0.274 0.258 0.029 0.031 0.22 0.089 0.088 0.199 0.217 0.129 0.002 0.07 0.049 0.118 0.053 0.104 0.021 0.023 0 0 0.032 0.006 0.061 0.029 0.016 0.005 0.054 0.017 0.005 0.026 0.001 0.079 0 0 0.024 0.003 0.03 0.055 0.007 0.033 0.025 0.008 0.005 0.005 0.031 0.026 0.018 0 0.002 0.01 0 0.003 0.027 0.026 0.022 0
0.815 0.937 1 0.428 0.379 0.234 0.172 0.247 0.218 0.25 0.121 0.017 0.052 0.634 0.549 0.236 0.244 0.038 0.03 0.602 0.201 0 0.108 0.073 0.639 0.325 0.288 0.03 0.033 0.209 0.085 0.083 0.238 0.244 0.148 0.002 0.067 0.071 0.112 0.047 0.12 0.023 0.025 0.001 0 0.046 0.007 0.108 0.043 0.024 0.003 0.063 0.016 0.006 0.04 0.001 0.075 0.001 0 0.022 0.009 0.028 0.052 0.007 0.031 0.038 0.009 0.011 0.004 0.03 0.016 0.025 0 0.002 0.01 0.001 0.003 0.026 0.025 0.02 0.001
0.452 0.406 0.428 1 0.174 0.096 0.069 0.12 0.098 0.768 0.054 0.038 0.023 0.283 0.273 0.097 0.11 0.026 0.067 0.261 0.075 0.026 0.266 0.296 0.287 0.161 0.544 0.006 0.073 0.08 0.038 0.036 0.124 0.545 0.314 0.028 0.023 0.013 0.041 0.006 0.432 0.05 0.221 0.041 0.035 0.001 0.025 0.04 0.001 0.005 0.225 0.201 0.012 0.013 0.002 0.046 0.03 0.044 0.036 0.014 0.009 0.006 0.016 0.005 0.007 0.001 0.019 0.002 0.016 0.008 0.052 0.003 0.005 0.034 0.022 0.02 0 0.006 0.011 0.008 0.001
0.313 0.32 0.379 0.174 1 0.019 0.014 0.544 0.496 0.205 0.255 0.007 0.004 0.446 0.395 0.02 0.564 0.103 0.012 0.443 0.02 0.03 0.054 0.102 0.455 0.789 0.215 0.012 0.013 0.021 0.007 0.007 0.63 0.204 0.162 0 0.01 0.283 0.014 0.211 0.133 0.009 0.033 0.03 0.013 0.007 0.008 0.001 0.008 0.053 0.049 0.045 0.001 0.002 0.009 0.032 0.004 0.031 0.014 0.002 0.004 0.007 0.006 0.003 0.008 0.009 0.003 0 0.004 0.007 0.005 0.012 0.003 0.001 0.004 0.006 0.02 0.006 0.037 0 0.005
0.192 0.245 0.234 0.096 0.019 1 0.736 0.013 0.011 0.12 0.006 0.004 0.222 0.268 0.235 0.942 0.014 0.003 0.007 0.257 0.905 0.019 0.024 0.052 0.257 0.022 0.131 0.007 0.008 0.87 0.363 0.364 0.024 0.103 0.064 0 0.278 0.024 0.477 0.022 0.056 0.005 0.001 0.017 0.017 0.03 0 0.252 0.03 0.048 0.005 0.029 0.064 0.001 0.028 0.018 0.27 0.018 0.021 0.047 0 0.13 0.005 0.001 0.066 0.027 0.002 0 0.003 0.131 0.006 0.022 0 0.003 0.002 0.001 0.003 0.15 0.001 0.053 0.001
0.141 0.18 0.172 0.069 0.014 0.736 1 0.01 0.008 0.09 0.004 0.003 0.002 0.2 0.176 0.693 0.01 0.002 0.005 0.189 0.666 0.014 0.017 0.038 0.188 0.016 0.095 0.005 0.006 0.635 0.493 0.495 0.018 0.069 0.039 0.002 0.384 0.018 0.656 0.016 0.034 0.004 0.02 0.012 0.012 0.063 0 0.354 0.062 0.033 0.037 0.019 0.075 0.001 0.06 0.012 0.377 0.012 0.014 0.056 0.003 0.183 0.004 0 0.097 0.058 0.001 0 0.002 0.184 0.003 0.049 0 0.003 0.002 0.005 0.002 0.208 0.001 0.066 0.001
0.221 0.261 0.247 0.12 0.544 0.013 0.01 1 0.818 0.14 0.455 0.004 0.003 0.281 0.247 0.013 0.675 0.003 0.008 0.282 0.014 0.019 0.036 0.068 0.29 0.507 0.162 0.008 0.009 0.014 0.005 0.005 0.436 0.156 0.111 0 0.006 0.293 0.009 0.318 0.104 0.006 0.01 0.02 0.003 0.009 0.005 0.009 0.01 0.072 0.115 0.044 0.002 0.002 0.012 0.021 0.001 0.02 0.003 0.002 0.007 0.005 0.006 0.002 0.003 0.011 0.002 0.003 0.003 0.005 0.014 0.014 0.002 0 0.003 0.011 0.026 0.004 0.094 0.003 0.003
0.181 0.23 0.218 0.098 0.496 0.011 0.008 0.818 1 0.114 0.557 0.004 0.002 0.246 0.217 0.011 0.704 0.003 0.007 0.247 0.011 0.015 0.03 0.055 0.254 0.433 0.131 0.007 0.007 0.011 0.004 0.004 0.372 0.126 0.087 0 0.005 0.232 0.008 0.252 0.083 0.005 0.01 0.015 0.001 0.005 0.004 0.008 0.005 0.051 0.083 0.039 0.002 0.001 0.007 0.016 0 0.016 0.001 0.002 0.003 0.004 0.005 0.001 0.002 0.006 0.002 0.002 0.002 0.004 0.012 0.008 0.001 0 0.002 0.007 0 0.003 0.115 0.003 0.002
0.281 0.23 0.25 0.768 0.205 0.12 0.09 0.14 0.114 1 0.064 0.032 0.027 0.365 0.358 0.124 0.13 0.03 0.058 0.326 0.099 0.146 0.235 0.466 0.355 0.192 0.65 0.01 0.058 0.104 0.044 0.043 0.152 0.664 0.419 0.033 0.029 0.028 0.051 0.016 0.563 0.043 0.261 0.15 0.113 0.03 0.027 0.049 0.033 0.015 0.292 0.229 0.014 0.011 0.036 0.158 0.038 0.156 0.129 0.018 0.055 0.009 0.038 0.003 0 0.028 0.016 0.008 0.024 0.016 0.049 0.038 0.013 0.04 0.026 0.043 0.001 0.009 0.013 0.01 0.009
0.1 0.128 0.121 0.054 0.255 0.006 0.004 0.455 0.557 0.064 1 0.002 0.001 0.142 0.124 0.006 0.436 0.001 0.004 0.142 0.006 0.01 0.016 0.032 0.146 0.231 0.076 0.004 0.004 0.006 0.002 0.002 0.202 0.076 0.048 0.003 0.003 0.096 0.004 0.104 0.051 0.003 0.002 0.009 0 0 0.002 0.004 0 0.031 0.036 0.025 0.001 0.001 0 0.009 0.001 0.009 0 0.001 0 0.002 0.003 0.002 0.001 0.001 0.001 0.001 0.001 0.002 0.007 0.002 0.002 0.001 0.001 0.003 0.002 0.002 0.147 0.001 0.002
0.02 0.016 0.017 0.038 0.007 0.004 0.003 0.004 0.004 0.032 0.002 1 0.001 0.01 0.009 0.004 0.005 0.001 0.002 0.006 0.004 0.169 0.011 0.048 0.014 0.007 0.027 0.002 0.003 0.004 0.001 0.002 0.004 0.022 0.028 0.001 0 0.009 0.001 0.003 0.024 0.002 0.009 0.105 0.093 0.068 0.001 0.001 0.084 0.022 0.023 0.002 0.001 0.336 0.065 0.1 0 0.078 0.082 0.001 0.067 0 0.003 0.243 0.017 0.054 0.373 0.034 0.001 0 0 0.062 0.123 0.001 0.001 0.048 0.001 0 0 0.001 0.122
0.043 0.055 0.052 0.023 0.004 0.222 0.002 0.003 0.002 0.027 0.001 0.001 1 0.06 0.053 0.219 0.003 0.001 0.002 0.06 0.211 0.004 0.007 0.014 0.062 0.005 0.032 0.002 0.002 0.208 0.001 0.001 0.005 0.032 0.026 0.002 0.001 0.006 0.002 0.005 0.022 0.001 0.092 0.005 0.005 0.008 0.001 0.002 0.008 0.013 0.037 0.011 0.001 0 0.008 0.005 0.002 0.005 0.006 0 0.007 0.001 0.001 0.001 0.001 0.008 0 0.001 0.001 0.001 0.003 0.008 0.001 0 0.001 0.006 0.001 0.001 0 0 0.001
0.513 0.595 0.634 0.283 0.446 0.268 0.2 0.281 0.246 0.365 0.142 0.01 0.06 1 0.869 0.275 0.298 0.067 0.021 0.796 0.236 0.06 0.091 0.184 0.84 0.448 0.388 0.023 0.024 0.283 0.098 0.104 0.329 0.371 0.273 0.001 0.11 0.112 0.165 0.079 0.244 0.019 0.02 0.059 0.034 0.005 0.009 0.162 0.004 0.007 0.016 0.094 0.027 0.005 0.003 0.063 0.119 0.061 0.04 0.035 0.005 0.06 0.015 0.008 0.009 0.003 0.004 0 0.007 0.077 0.01 0.001 0.007 0.006 0.009 0.003 0.011 0.058 0.029 0.032 0.011
0.438 0.516 0.549 0.273 0.395 0.235 0.176 0.247 0.217 0.358 0.124 0.009 0.053 0.869 1 0.242 0.261 0.059 0.025 0.748 0.252 0.065 0.094 0.194 0.791 0.399 0.38 0.012 0.027 0.248 0.086 0.091 0.329 0.336 0.255 0.002 0.105 0.104 0.153 0.074 0.242 0.022 0.012 0.068 0.042 0.002 0.005 0.15 0.001 0.004 0.021 0.076 0.023 0.006 0.001 0.072 0.11 0.07 0.049 0.03 0.009 0.059 0.015 0.009 0.007 0.001 0.005 0.001 0.006 0.076 0.014 0 0.008 0.006 0 0.006 0.008 0.058 0.026 0.027 0.013
0.195 0.248 0.236 0.097 0.02 0.942 0.693 0.013 0.011 0.124 0.006 0.004 0.219 0.275 0.242 1 0.014 0.003 0.007 0.252 0.894 0.019 0.03 0.06 0.277 0.022 0.143 0.007 0.008 0.925 0.358 0.36 0.024 0.114 0.073 0 0.327 0.025 0.528 0.023 0.063 0.005 0.001 0.017 0.018 0.038 0 0.291 0.038 0.039 0.006 0.035 0.063 0.001 0.036 0.018 0.311 0.018 0.021 0.046 0 0.169 0.005 0.003 0.065 0.03 0.002 0 0.003 0.171 0.006 0.024 0.003 0.003 0.002 0 0.003 0.148 0.001 0.052 0.004
0.2 0.189 0.244 0.11 0.564 0.014 0.01 0.675 0.704 0.13 0.436 0.005 0.003 0.298 0.261 0.014 1 0.003 0.008 0.326 0.014 0.023 0.038 0.074 0.335 0.561 0.175 0.008 0.009 0.014 0.005 0.005 0.484 0.15 0.106 0 0.007 0.303 0.01 0.214 0.099 0.006 0.013 0.015 0.001 0 0.005 0.004 0 0.082 0.062 0.042 0.002 0.002 0 0.016 0.001 0.016 0.001 0.003 0.001 0.005 0.006 0.004 0.003 0 0.002 0 0.003 0.005 0 0.001 0.004 0 0.003 0 0.004 0.004 0.09 0.003 0.005
0.03 0.04 0.038 0.026 0.103 0.003 0.002 0.003 0.003 0.03 0.001 0.001 0.001 0.067 0.059 0.003 0.003 1 0.002 0.067 0.003 0.005 0.008 0.015 0.069 0.129 0.036 0.002 0.002 0.003 0.001 0.001 0.113 0.036 0.029 0.001 0.001 0.006 0.002 0.006 0.024 0.001 0.007 0.005 0.005 0.009 0.001 0.002 0.009 0.01 0.004 0.001 0.002 0 0.009 0.006 0.002 0.005 0.006 0.002 0.008 0.001 0.001 0.001 0.001 0.009 0 0.001 0.001 0.001 0.003 0.009 0.001 0.001 0.001 0.007 0.001 0.001 0 0.001 0.001
0.036 0.029 0.03 0.067 0.012 0.007 0.005 0.008 0.007 0.058 0.004 0.002 0.002 0.021 0.025 0.007 0.008 0.002 1 0.026 0.007 0.368 0.02 0.113 0.025 0.013 0.048 0.004 0.912 0.008 0.002 0.003 0.015 0.048 0.034 0.002 0.004 0.015 0.005 0.014 0.071 0.003 0.017 0.324 0.318 0.196 0.003 0.005 0.19 0.057 0.038 0.026 0.001 0.001 0.182 0.29 0.005 0.297 0.262 0.001 0.21 0.003 0.001 0.002 0.003 0.132 0 0 0.002 0.003 0.512 0.179 0.001 0.003 0.001 0.235 0.002 0.002 0.001 0.002 0.002
0.487 0.554 0.602 0.261 0.443 0.257 0.189 0.282 0.247 0.326 0.142 0.006 0.06 0.796 0.748 0.252 0.326 0.067 0.026 1 0.287 0.048 0.11 0.189 0.935 0.501 0.444 0.026 0.018 0.224 0.099 0.098 0.421 0.341 0.229 0.001 0.063 0.095 0.115 0.066 0.198 0.018 0.02 0.04 0.02 0.005 0.009 0.111 0.004 0.004 0.011 0.089 0.027 0.005 0.003 0.042 0.075 0.048 0.024 0.035 0.001 0.024 0.019 0.012 0.017 0.001 0.007 0.001 0.01 0.035 0.001 0 0.011 0.005 0.009 0 0.004 0.032 0.029 0.032 0.015
0.163 0.211 0.201 0.075 0.02 0.905 0.666 0.014 0.011 0.099 0.006 0.004 0.211 0.236 0.252 0.894 0.014 0.003 0.007 0.287 1 0.02 0.031 0.063 0.288 0.023 0.149 0.007 0.008 0.826 0.344 0.346 0.011 0.091 0.055 0.001 0.263 0.026 0.452 0.024 0.046 0.006 0 0.018 0.019 0.026 0 0.238 0.026 0.051 0.007 0.021 0.06 0.001 0.024 0.019 0.254 0.019 0.022 0.044 0 0.122 0.005 0.003 0.062 0.02 0.002 0 0.003 0.124 0.007 0.015 0.003 0.003 0.003 0 0.003 0.141 0.001 0.05 0.004
0.002 0 0 0.026 0.03 0.019 0.014 0.019 0.015 0.146 0.01 0.169 0.004 0.06 0.065 0.019 0.023 0.005 0.368 0.048 0.02 1 0.049 0.298 0.068 0.035 0.122 0.012 0.397 0.02 0.007 0.007 0.035 0.117 0.117 0.005 0.003 0.042 0.006 0.031 0.162 0.009 0.046 0.747 0.637 0.472 0 0.006 0.458 0.153 0.099 0.014 0.003 0.04 0.448 0.692 0.006 0.67 0.607 0.004 0.458 0.001 0.201 0.029 0.017 0.349 0.105 0.08 0.005 0.001 0.268 0.439 0.061 0.007 0.004 0.334 0.005 0.001 0.002 0.005 0.066
0.137 0.106 0.108 0.266 0.054 0.024 0.017 0.036 0.03 0.235 0.016 0.011 0.007 0.091 0.094 0.03 0.038 0.008 0.02 0.11 0.031 0.049 1 0.412 0.113 0.06 0.177 0.02 0.02 0.034 0.012 0.012 0.046 0.184 0.036 0.009 0.016 0.019 0.023 0.023 0.056 0.105 0.058 0.037 0.038 0.073 0.07 0.023 0.076 0.016 0.011 0.181 0.003 0.004 0.059 0.027 0.016 0.021 0.023 0.003 0.04 0.006 0.014 0.001 0.013 0.05 0.006 0.007 0.007 0.012 0.012 0.049 0 0.009 0.007 0.029 0.005 0.01 0.003 0 0.001
0.101 0.068 0.073 0.296 0.102 0.052 0.038 0.068 0.055 0.466 0.032 0.048 0.014 0.184 0.194 0.06 0.074 0.015 0.113 0.189 0.063 0.298 0.412 1 0.222 0.117 0.366 0.039 0.124 0.066 0.022 0.023 0.099 0.367 0.157 0.017 0.02 0 0.034 0 0.229 0.047 0.127 0.256 0.206 0.095 0.049 0.034 0.087 0.047 0.094 0.053 0.007 0.01 0.101 0.258 0.025 0.263 0.23 0.008 0.131 0.008 0.056 0.012 0.001 0.077 0.032 0.022 0.001 0.013 0.091 0.092 0.029 0.019 0.013 0.097 0 0.01 0.007 0.003 0.028
0.518 0.59 0.639 0.287 0.455 0.257 0.188 0.29 0.254 0.355 0.146 0.014 0.062 0.84 0.791 0.277 0.335 0.069 0.025 0.935 0.288 0.068 0.113 0.222 1 0.521 0.488 0.025 0.028 0.253 0.101 0.1 0.44 0.375 0.26 0.001 0.082 0.103 0.137 0.072 0.228 0.019 0.019 0.058 0.033 0.003 0.009 0.134 0.002 0.003 0.014 0.089 0.028 0.005 0.002 0.061 0.094 0.059 0.038 0.036 0.005 0.037 0.018 0.011 0.01 0.001 0.007 0.001 0.01 0.051 0.007 0 0.011 0.005 0.009 0.003 0.005 0.034 0.03 0.033 0.015
0.263 0.274 0.325 0.161 0.789 0.022 0.016 0.507 0.433 0.192 0.231 0.007 0.005 0.448 0.399 0.022 0.561 0.129 0.013 0.501 0.023 0.035 0.06 0.117 0.521 1 0.248 0.014 0.014 0.023 0.008 0.008 0.789 0.218 0.158 0.006 0.011 0.278 0.016 0.21 0.141 0.01 0.043 0.028 0.009 0.005 0.009 0 0.006 0.061 0.039 0.055 0 0.003 0.007 0.03 0.005 0.029 0.01 0.004 0.003 0.008 0.01 0.006 0.006 0.007 0.004 0.001 0.004 0.003 0.001 0.012 0.006 0.008 0.005 0.004 0.017 0.007 0.056 0.002 0.008
0.295 0.258 0.288 0.544 0.215 0.131 0.095 0.162 0.131 0.65 0.076 0.027 0.032 0.388 0.38 0.143 0.175 0.036 0.048 0.444 0.149 0.122 0.177 0.366 0.488 0.248 1 0.049 0.053 0.126 0.053 0.051 0.261 0.789 0.58 0.035 0.037 0.04 0.064 0.025 0.499 0.036 0.141 0.102 0.071 0.009 0.016 0.062 0.011 0.011 0.212 0.213 0.012 0.009 0.013 0.108 0.039 0.105 0.083 0.005 0.038 0.013 0.035 0.02 0.001 0.013 0.014 0.006 0.02 0.021 0.019 0.022 0.018 0.044 0.031 0.029 0 0.012 0.016 0.003 0.027
0.007 0.029 0.03 0.006 0.012 0.007 0.005 0.008 0.007 0.01 0.004 0.002 0.002 0.023 0.012 0.007 0.008 0.002 0.004 0.026 0.007 0.012 0.02 0.039 0.025 0.014 0.049 1 0.005 0.008 0.003 0.003 0.015 0.033 0.06 0 0.004 0.016 0.005 0.014 0.007 0.003 0.083 0.014 0.014 0.023 0 0.005 0.017 0.016 0.022 0.01 0.001 0.001 0.017 0.009 0.005 0.008 0.01 0.001 0.014 0.003 0.003 0.002 0.003 0.017 0.001 0.002 0.03 0.003 0.003 0.017 0.002 0.001 0.002 0.011 0.002 0.002 0.001 0.002 0.003
0.04 0.031 0.033 0.073 0.013 0.008 0.006 0.009 0.007 0.058 0.004 0.003 0.002 0.024 0.027 0.008 0.009 0.002 0.912 0.018 0.008 0.397 0.02 0.124 0.028 0.014 0.053 0.005 1 0.008 0.003 0.003 0.017 0.053 0.039 0.002 0.004 0.017 0.006 0.016 0.077 0.004 0.019 0.348 0.342 0.21 0.003 0.006 0.204 0.064 0.041 0.028 0.001 0.001 0.196 0.313 0.005 0.317 0.282 0.001 0.226 0.003 0.001 0.002 0.003 0.119 0 0 0.002 0.003 0.554 0.192 0.002 0.003 0.002 0.254 0.002 0.002 0.001 0.002 0.002
0.17 0.22 0.209 0.08 0.021 0.87 0.635 0.014 0.011 0.104 0.006 0.004 0.208 0.283 0.248 0.925 0.014 0.003 0.008 0.224 0.826 0.02 0.034 0.066 0.253 0.023 0.126 0.008 0.008 1 0.34 0.341 0.026 0.122 0.082 0.001 0.397 0.027 0.611 0.025 0.072 0.006 0 0.018 0.019 0.051 0 0.359 0.05 0.03 0.008 0.04 0.059 0.001 0.048 0.019 0.383 0.019 0.023 0.043 0.001 0.248 0.006 0.003 0.061 0.042 0.002 0 0.003 0.237 0.007 0.035 0.003 0.003 0.003 0 0.003 0.232 0.001 0.049 0.004
0.07 0.089 0.085 0.038 0.007 0.363 0.493 0.005 0.004 0.044 0.002 0.001 0.001 0.098 0.086 0.358 0.005 0.001 0.002 0.099 0.344 0.007 0.012 0.022 0.101 0.008 0.053 0.003 0.003 0.34 1 0.938 0.009 0.025 0.019 0.001 0.057 0.009 0.325 0.008 0.014 0.002 0.01 0.008 0.008 0.031 0.002 0.19 0.032 0.021 0.024 0.009 0.014 0 0.03 0.008 0.202 0.008 0.009 0.01 0.003 0.068 0.002 0.001 0.088 0.03 0.001 0.001 0.001 0.072 0.004 0.028 0.001 0.002 0.001 0.005 0.001 0.068 0 0.026 0.001
0.069 0.088 0.083 0.036 0.007 0.364 0.495 0.005 0.004 0.043 0.002 0.002 0.001 0.104 0.091 0.36 0.005 0.001 0.003 0.098 0.346 0.007 0.012 0.023 0.1 0.008 0.051 0.003 0.003 0.341 0.938 1 0.01 0.025 0.021 0.001 0.066 0.007 0.331 0.006 0.016 0.002 0.011 0.008 0.009 0.031 0.001 0.198 0.032 0.022 0.023 0.009 0.013 0.001 0.03 0.009 0.21 0.009 0.01 0.009 0.003 0.063 0.002 0.001 0.1 0.03 0.001 0.001 0.001 0.067 0.003 0.029 0.001 0.002 0.001 0.006 0.001 0.064 0 0.024 0.002
0.186 0.199 0.238 0.124 0.63 0.024 0.018 0.436 0.372 0.152 0.202 0.004 0.005 0.329 0.329 0.024 0.484 0.113 0.015 0.421 0.011 0.035 0.046 0.099 0.44 0.789 0.261 0.015 0.017 0.026 0.009 0.01 1 0.225 0.174 0.007 0.012 0.345 0.018 0.275 0.154 0.011 0.05 0.03 0.011 0.008 0.004 0 0.009 0.076 0.049 0.04 0.001 0.003 0.01 0.032 0.006 0.031 0.012 0.002 0.005 0.009 0.011 0.007 0.007 0.012 0.004 0.001 0.006 0.004 0.001 0.015 0.007 0.009 0.005 0.007 0.014 0.008 0.049 0.003 0.009
0.251 0.217 0.244 0.545 0.204 0.103 0.069 0.156 0.126 0.664 0.076 0.022 0.032 0.371 0.336 0.114 0.15 0.036 0.048 0.341 0.091 0.117 0.184 0.367 0.375 0.218 0.789 0.033 0.053 0.122 0.025 0.025 0.225 1 0.684 0.035 0.073 0.056 0.106 0.039 0.626 0.036 0.159 0.136 0.1 0.009 0.022 0.103 0.011 0.003 0.25 0.241 0.012 0.009 0.013 0.143 0.087 0.14 0.112 0.005 0.045 0.044 0.035 0.005 0.001 0.008 0.014 0.006 0.021 0.054 0.04 0.015 0.018 0.043 0.031 0.036 0.003 0.046 0.016 0 0.011
0.15 0.129 0.148 0.314 0.162 0.064 0.039 0.111 0.087 0.419 0.048 0.028 0.026 0.273 0.255 0.073 0.106 0.029 0.034 0.229 0.055 0.117 0.036 0.157 0.26 0.158 0.58 0.06 0.039 0.082 0.019 0.021 0.174 0.684 1 0.028 0.051 0.256 0.078 0.226 0.788 0.045 0.091 0.151 0.122 0.021 0.023 0.084 0.024 0.001 0.361 0.214 0.004 0.011 0.026 0.159 0.067 0.146 0.13 0.001 0.075 0.034 0.038 0.017 0 0.024 0.012 0.006 0.026 0.036 0.038 0.034 0.015 0.034 0.025 0.06 0.024 0.037 0.005 0 0.026
0.004 0.002 0.002 0.028 0 0 0.002 0 0 0.033 0.003 0.001 0.002 0.001 0.002 0 0 0.001 0.002 0.001 0.001 0.005 0.009 0.017 0.001 0.006 0.035 0 0.002 0.001 0.001 0.001 0.007 0.035 0.028 1 0.002 0.007 0.002 0.006 0.027 0.001 0.111 0.006 0.006 0.009 0.001 0.002 0.01 0.015 0.046 0.013 0.001 0 0.01 0.006 0.002 0.006 0.007 0.001 0.008 0.001 0.001 0.001 0.001 0.01 0.001 0.001 0.001 0.001 0.003 0.01 0.001 0.617 0.001 0.006 0.001 0.001 0 0.001 0.001
0.052 0.07 0.067 0.023 0.01 0.278 0.384 0.006 0.005 0.029 0.003 0 0.001 0.11 0.105 0.327 0.007 0.001 0.004 0.063 0.263 0.003 0.016 0.02 0.082 0.011 0.037 0.004 0.004 0.397 0.057 0.066 0.012 0.073 0.051 0.002 1 0.012 0.649 0.012 0.05 0.003 0.014 0.01 0.011 0.069 0 0.366 0.069 0.005 0.023 0.024 0.109 0.001 0.066 0.011 0.389 0.011 0.013 0.083 0.003 0.469 0.002 0.002 0.01 0.061 0.001 0 0.002 0.423 0.001 0.051 0.002 0.002 0.001 0.002 0.002 0.463 0.001 0.064 0.002
0.047 0.049 0.071 0.013 0.283 0.024 0.018 0.293 0.232 0.028 0.096 0.009 0.006 0.112 0.104 0.025 0.303 0.006 0.015 0.095 0.026 0.042 0.019 0 0.103 0.278 0.04 0.016 0.017 0.027 0.009 0.007 0.345 0.056 0.256 0.007 0.012 1 0.018 0.892 0.216 0.012 0.06 0.047 0.047 0.04 0.093 0 0.042 0.191 0.226 0.022 0.004 0.003 0.042 0.049 0.011 0.042 0.048 0.005 0.029 0.009 0.011 0.003 0.01 0.037 0.004 0.001 0.007 0.009 0.009 0.044 0.002 0.009 0.005 0.02 0.09 0.008 0.003 0.006 0.004
0.089 0.118 0.112 0.041 0.014 0.477 0.656 0.009 0.008 0.051 0.004 0.001 0.002 0.165 0.153 0.528 0.01 0.002 0.005 0.115 0.452 0.006 0.023 0.034 0.137 0.016 0.064 0.005 0.006 0.611 0.325 0.331 0.018 0.106 0.078 0.002 0.649 0.018 1 0.017 0.073 0.004 0.02 0.015 0.016 0.112 0 0.582 0.111 0.014 0.038 0.035 0.072 0.001 0.107 0.016 0.618 0.016 0.019 0.054 0 0.447 0.003 0.002 0.086 0.102 0.001 0 0.002 0.388 0.003 0.091 0.002 0.003 0.002 0.001 0.002 0.427 0.001 0.04 0.003
0.029 0.053 0.047 0.006 0.211 0.022 0.016 0.318 0.252 0.016 0.104 0.003 0.005 0.079 0.074 0.023 0.214 0.006 0.014 0.066 0.024 0.031 0.023 0 0.072 0.21 0.025 0.014 0.016 0.025 0.008 0.006 0.275 0.039 0.226 0.006 0.012 0.892 0.017 1 0.202 0.011 0.056 0.044 0.044 0.072 0.125 0.016 0.074 0.156 0.259 0.014 0.003 0.003 0.074 0.046 0.01 0.038 0.046 0.004 0.058 0.009 0.01 0.002 0.009 0.067 0.004 0.005 0.007 0.009 0.025 0.069 0.002 0.009 0.005 0.048 0.097 0.007 0.002 0.005 0.004
0.135 0.104 0.12 0.432 0.133 0.056 0.034 0.104 0.083 0.563 0.051 0.024 0.022 0.244 0.242 0.063 0.099 0.024 0.071 0.198 0.046 0.162 0.056 0.229 0.228 0.141 0.499 0.007 0.077 0.072 0.014 0.016 0.154 0.626 0.788 0.027 0.05 0.216 0.073 0.202 1 0.053 0.229 0.21 0.166 0.045 0.026 0.071 0.049 0.002 0.495 0.26 0.007 0.013 0.053 0.22 0.055 0.204 0.178 0.002 0.114 0.028 0.051 0.021 0 0.05 0.02 0.011 0.028 0.03 0.069 0.066 0.019 0.032 0.021 0.094 0.02 0.031 0.011 0 0.032
0.027 0.021 0.023 0.05 0.009 0.005 0.004 0.006 0.005 0.043 0.003 0.002 0.001 0.019 0.022 0.005 0.006 0.001 0.003 0.018 0.006 0.009 0.105 0.047 0.019 0.01 0.036 0.003 0.004 0.006 0.002 0.002 0.011 0.036 0.045 0.001 0.003 0.012 0.004 0.011 0.053 1 0.007 0.007 0.008 0.014 0.002 0.004 0.014 0.015 0.027 0.047 0.001 0.001 0.013 0.007 0.004 0.007 0.003 0.001 0.011 0 0.002 0.001 0.002 0.013 0.001 0.001 0.001 0.002 0.003 0.014 0.001 0.002 0.001 0.009 0.001 0.002 0.001 0.001 0.002
0.002 0.023 0.025 0.221 0.033 0.001 0.02 0.01 0.01 0.261 0.002 0.009 0.092 0.02 0.012 0.001 0.013 0.007 0.017 0.02 0 0.046 0.058 0.127 0.019 0.043 0.141 0.083 0.019 0 0.01 0.011 0.05 0.159 0.091 0.111 0.014 0.06 0.02 0.056 0.229 0.007 1 0.049 0.044 0.076 0.011 0.02 0.079 0.109 0.37 0.103 0 0.003 0.079 0.052 0.019 0.05 0.053 0.001 0.068 0.005 0.013 0.008 0.008 0.078 0.005 0.006 0.008 0.01 0.03 0.084 0.007 0.141 0.087 0.054 0.007 0.009 0 0.005 0.01
0.002 0 0.001 0.041 0.03 0.017 0.012 0.02 0.015 0.15 0.009 0.105 0.005 0.059 0.068 0.017 0.015 0.005 0.324 0.04 0.018 0.747 0.037 0.256 0.058 0.028 0.102 0.014 0.348 0.018 0.008 0.008 0.03 0.136 0.151 0.006 0.01 0.047 0.015 0.044 0.21 0.007 0.049 1 0.875 0.604 0.009 0.015 0.587 0.189 0.123 0.03 0.003 0.034 0.576 0.933 0.015 0.879 0.822 0.004 0.631 0.008 0.237 0.034 0.041 0.459 0.092 0.072 0.006 0.004 0.332 0.514 0.067 0.008 0.005 0.505 0.006 0.007 0.002 0.005 0.069
0.001 0 0 0.035 0.013 0.017 0.012 0.003 0.001 0.113 0 0.093 0.005 0.034 0.042 0.018 0.001 0.005 0.318 0.02 0.019 0.637 0.038 0.206 0.033 0.009 0.071 0.014 0.342 0.019 0.008 0.009 0.011 0.1 0.122 0.006 0.011 0.047 0.016 0.044 0.166 0.008 0.044 0.875 1 0.616 0.009 0.015 0.599 0.204 0.125 0.035 0.003 0.025 0.579 0.813 0.005 0.763 0.835 0.004 0.644 0.009 0.158 0.033 0.04 0.463 0.078 0.071 0.006 0.004 0.325 0.518 0.057 0.008 0.005 0.512 0.006 0.007 0.035 0.005 0.06
0.03 0.032 0.046 0.001 0.007 0.03 0.063 0.009 0.005 0.03 0 0.068 0.008 0.005 0.002 0.038 0 0.009 0.196 0.005 0.026 0.472 0.073 0.095 0.003 0.005 0.009 0.023 0.21 0.051 0.031 0.031 0.008 0.009 0.021 0.009 0.069 0.04 0.112 0.072 0.045 0.014 0.076 0.604 0.616 1 0.015 0.225 0.969 0.149 0.204 0.078 0.005 0.019 0.947 0.558 0.172 0.523 0.584 0.007 0.68 0.101 0.143 0.016 0.127 0.798 0.056 0.069 0.01 0.097 0.27 0.814 0.036 0.013 0.008 0.55 0.01 0.101 0.034 0.008 0.036
0.006 0.006 0.007 0.025 0.008 0 0 0.005 0.004 0.027 0.002 0.001 0.001 0.009 0.005 0 0.005 0.001 0.003 0.009 0 0 0.07 0.049 0.009 0.009 0.016 0 0.003 0 0.002 0.001 0.004 0.022 0.023 0.001 0 0.093 0 0.125 0.026 0.002 0.011 0.009 0.009 0.015 1 0.003 0.015 0.001 0.027 0.033 0.001 0.001 0.015 0.009 0.003 0.009 0.01 0.001 0.013 0.002 0.002 0.001 0.002 0.015 0.001 0.001 0.001 0.002 0.005 0.015 0.001 0.002 0.001 0.011 0.001 0.001 0 0.001 0.002
0.086 0.061 0.108 0.04 0.001 0.252 0.354 0.009 0.008 0.049 0.004 0.001 0.002 0.162 0.15 0.291 0.004 0.002 0.005 0.111 0.238 0.006 0.023 0.034 0.134 0 0.062 0.005 0.006 0.359 0.19 0.198 0 0.103 0.084 0.002 0.366 0 0.582 0.016 0.071 0.004 0.02 0.015 0.015 0.225 0.003 1 0.219 0 0.047 0.035 0.001 0.001 0.218 0.016 0.671 0.016 0.017 0.002 0.022 0.468 0.004 0.002 0.101 0.201 0.001 0.004 0.002 0.4 0.003 0.165 0.002 0.003 0.002 0.031 0.002 0.447 0.001 0.002 0.003
0.027 0.029 0.043 0.001 0.008 0.03 0.062 0.01 0.005 0.033 0 0.084 0.008 0.004 0.001 0.038 0 0.009 0.19 0.004 0.026 0.458 0.076 0.087 0.002 0.006 0.011 0.017 0.204 0.05 0.032 0.032 0.009 0.011 0.024 0.01 0.069 0.042 0.111 0.074 0.049 0.014 0.079 0.587 0.599 0.969 0.015 0.219 1 0.147 0.211 0.074 0.004 0.036 0.942 0.561 0.167 0.527 0.586 0.006 0.679 0.098 0.139 0.026 0.123 0.794 0.054 0.067 0.011 0.094 0.28 0.809 0.035 0.014 0.008 0.551 0.01 0.098 0.033 0.007 0.035
0.01 0.016 0.024 0.005 0.053 0.048 0.033 0.072 0.051 0.015 0.031 0.022 0.013 0.007 0.004 0.039 0.082 0.01 0.057 0.004 0.051 0.153 0.016 0.047 0.003 0.061 0.011 0.016 0.064 0.03 0.021 0.022 0.076 0.003 0.001 0.015 0.005 0.191 0.014 0.156 0.002 0.015 0.109 0.189 0.204 0.149 0.001 0 0.147 1 0 0.039 0.009 0.004 0.162 0.203 0.007 0.19 0.193 0.011 0.18 0 0.049 0.014 0.006 0.158 0.021 0.034 0.007 0 0.082 0.144 0.011 0.021 0.005 0.165 0.042 0.002 0.002 0.014 0.035
0.012 0.005 0.003 0.225 0.049 0.005 0.037 0.115 0.083 0.292 0.036 0.023 0.037 0.016 0.021 0.006 0.062 0.004 0.038 0.011 0.007 0.099 0.011 0.094 0.014 0.039 0.212 0.022 0.041 0.008 0.024 0.023 0.049 0.25 0.361 0.046 0.023 0.226 0.038 0.259 0.495 0.027 0.37 0.123 0.125 0.204 0.027 0.047 0.211 0 1 0.14 0.004 0.008 0.216 0.132 0.044 0.128 0.15 0.006 0.187 0.026 0.03 0.019 0.026 0.213 0.012 0.014 0.019 0.024 0.073 0.219 0.018 0.058 0.036 0.155 0.037 0.021 0.007 0.013 0.024
0.085 0.054 0.063 0.201 0.045 0.029 0.019 0.044 0.039 0.229 0.025 0.002 0.011 0.094 0.076 0.035 0.042 0.001 0.026 0.089 0.021 0.014 0.181 0.053 0.089 0.055 0.213 0.01 0.028 0.04 0.009 0.009 0.04 0.241 0.214 0.013 0.024 0.022 0.035 0.014 0.26 0.047 0.103 0.03 0.035 0.078 0.033 0.035 0.074 0.039 0.14 1 0.007 0.001 0.081 0.033 0.025 0.031 0.036 0.008 0.038 0.012 0.003 0.001 0.002 0.055 0.005 0.006 0.052 0.018 0.042 0.054 0.002 0.018 0.01 0.049 0.008 0.016 0.005 0 0
0.012 0.017 0.016 0.012 0.001 0.064 0.075 0.002 0.002 0.014 0.001 0.001 0.001 0.027 0.023 0.063 0.002 0.002 0.001 0.027 0.06 0.003 0.003 0.007 0.028 0 0.012 0.001 0.001 0.059 0.014 0.013 0.001 0.012 0.004 0.001 0.109 0.004 0.072 0.003 0.007 0.001 0 0.003 0.003 0.005 0.001 0.001 0.004 0.009 0.004 0.007 1 0 0.006 0.003 0.001 0.003 0.004 0.791 0.005 0.001 0.001 0 0.001 0.006 0 0 0 0.001 0.002 0.006 0 0.001 0 0.004 0 0.001 0 0.523 0.001
0.007 0.005 0.006 0.013 0.002 0.001 0.001 0.002 0.001 0.011 0.001 0.336 0 0.005 0.006 0.001 0.002 0 0.001 0.005 0.001 0.04 0.004 0.01 0.005 0.003 0.009 0.001 0.001 0.001 0 0.001 0.003 0.009 0.011 0 0.001 0.003 0.001 0.003 0.013 0.001 0.003 0.034 0.025 0.019 0.001 0.001 0.036 0.004 0.008 0.001 0 1 0.019 0.033 0.001 0.034 0.028 0 0.022 0.001 0.006 0.339 0.001 0.019 0.37 0 0 0 0.001 0.018 0.218 0 0 0.009 0 0 0 0 0.116
0.025 0.026 0.04 0.002 0.009 0.028 0.06 0.012 0.007 0.036 0 0.065 0.008 0.003 0.001 0.036 0 0.009 0.182 0.003 0.024 0.448 0.059 0.101 0.002 0.007 0.013 0.017 0.196 0.048 0.03 0.03 0.01 0.013 0.026 0.01 0.066 0.042 0.107 0.074 0.053 0.013 0.079 0.576 0.579 0.947 0.015 0.218 0.942 0.162 0.216 0.081 0.006 0.019 1 0.611 0.166 0.576 0.626 0.007 0.717 0.098 0.138 0.015 0.122 0.836 0.054 0.067 0.011 0.094 0.302 0.849 0.035 0.014 0.008 0.587 0.01 0.097 0.026 0.009 0.039
0.003 0.001 0.001 0.046 0.032 0.018 0.012 0.021 0.016 0.158 0.009 0.1 0.005 0.063 0.072 0.018 0.016 0.006 0.29 0.042 0.019 0.692 0.027 0.258 0.061 0.03 0.108 0.009 0.313 0.019 0.008 0.009 0.032 0.143 0.159 0.006 0.011 0.049 0.016 0.046 0.22 0.007 0.052 0.933 0.813 0.558 0.009 0.016 0.561 0.203 0.132 0.033 0.003 0.033 0.611 1 0.015 0.935 0.871 0.004 0.669 0.009 0.226 0.032 0.038 0.493 0.088 0.069 0.006 0.004 0.361 0.546 0.063 0.008 0.005 0.543 0.006 0.007 0.002 0.005 0.073
0.058 0.079 0.075 0.03 0.004 0.27 0.377 0.001 0 0.038 0.001 0 0.002 0.119 0.11 0.311 0.001 0.002 0.005 0.075 0.254 0.006 0.016 0.025 0.094 0.005 0.039 0.005 0.005 0.383 0.202 0.21 0.006 0.087 0.067 0.002 0.389 0.011 0.618 0.01 0.055 0.004 0.019 0.015 0.005 0.172 0.003 0.671 0.167 0.007 0.044 0.025 0.001 0.001 0.166 0.015 1 0.01 0.004 0.001 0.016 0.495 0.003 0.005 0.108 0.189 0.001 0 0.002 0.424 0.003 0.172 0 0.003 0.002 0.011 0.002 0.474 0.023 0.002 0.003
0.002 0 0.001 0.044 0.031 0.018 0.012 0.02 0.016 0.156 0.009 0.078 0.005 0.061 0.07 0.018 0.016 0.005 0.297 0.048 0.019 0.67 0.021 0.263 0.059 0.029 0.105 0.008 0.317 0.019 0.008 0.009 0.031 0.14 0.146 0.006 0.011 0.042 0.016 0.038 0.204 0.007 0.05 0.879 0.763 0.523 0.009 0.016 0.527 0.19 0.128 0.031 0.003 0.034 0.576 0.935 0.01 1 0.85 0.004 0.652 0.009 0.231 0.046 0.016 0.487 0.09 0.068 0.006 0.004 0.337 0.532 0.084 0.008 0.005 0.525 0.006 0.007 0.002 0.005 0.092
0 0 0 0.036 0.014 0.021 0.014 0.003 0.001 0.129 0 0.082 0.006 0.04 0.049 0.021 0.001 0.006 0.262 0.024 0.022 0.607 0.023 0.23 0.038 0.01 0.083 0.01 0.282 0.023 0.009 0.01 0.012 0.112 0.13 0.007 0.013 0.048 0.019 0.046 0.178 0.003 0.053 0.822 0.835 0.584 0.01 0.017 0.586 0.193 0.15 0.036 0.004 0.028 0.626 0.871 0.004 0.85 1 0.005 0.727 0.01 0.198 0.042 0.032 0.535 0.077 0.06 0.007 0.005 0.328 0.587 0.072 0.01 0.005 0.553 0.007 0.008 0.047 0.006 0.077
0.017 0.024 0.022 0.014 0.002 0.047 0.056 0.002 0.002 0.018 0.001 0.001 0 0.035 0.03 0.046 0.003 0.002 0.001 0.035 0.044 0.004 0.003 0.008 0.036 0.004 0.005 0.001 0.001 0.043 0.01 0.009 0.002 0.005 0.001 0.001 0.083 0.005 0.054 0.004 0.002 0.001 0.001 0.004 0.004 0.007 0.001 0.002 0.006 0.011 0.006 0.008 0.791 0 0.007 0.004 0.001 0.004 0.005 1 0.006 0.001 0.001 0.001 0.001 0.007 0 0 0.001 0.001 0.002 0.007 0.001 0.001 0 0.005 0.001 0.001 0 0.667 0.001
0.004 0.003 0.009 0.009 0.004 0 0.003 0.007 0.003 0.055 0 0.067 0.007 0.005 0.009 0 0.001 0.008 0.21 0.001 0 0.458 0.04 0.131 0.005 0.003 0.038 0.014 0.226 0.001 0.003 0.003 0.005 0.045 0.075 0.008 0.003 0.029 0 0.058 0.114 0.011 0.068 0.631 0.644 0.68 0.013 0.022 0.679 0.18 0.187 0.038 0.005 0.022 0.717 0.669 0.016 0.652 0.727 0.006 1 0.013 0.132 0.076 0.141 0.718 0.062 0.077 0.009 0.007 0.338 0.737 0.093 0.012 0.007 0.828 0.009 0.01 0.037 0.008 0.127
0.021 0.03 0.028 0.006 0.007 0.13 0.183 0.005 0.004 0.009 0.002 0 0.001 0.06 0.059 0.169 0.005 0.001 0.003 0.024 0.122 0.001 0.006 0.008 0.037 0.008 0.013 0.003 0.003 0.248 0.068 0.063 0.009 0.044 0.034 0.001 0.469 0.009 0.447 0.009 0.028 0 0.005 0.008 0.009 0.101 0.002 0.468 0.098 0 0.026 0.012 0.001 0.001 0.098 0.009 0.495 0.009 0.01 0.001 0.013 1 0.002 0.001 0.002 0.099 0.001 0.001 0.001 0.741 0.005 0.095 0.001 0.002 0.001 0.01 0.001 0.821 0 0.001 0.002
0.04 0.055 0.052 0.016 0.006 0.005 0.004 0.006 0.005 0.038 0.003 0.003 0.001 0.015 0.015 0.005 0.006 0.001 0.001 0.019 0.005 0.201 0.014 0.056 0.018 0.01 0.035 0.003 0.001 0.006 0.002 0.002 0.011 0.035 0.038 0.001 0.002 0.011 0.003 0.01 0.051 0.002 0.013 0.237 0.158 0.143 0.002 0.004 0.139 0.049 0.03 0.003 0.001 0.006 0.138 0.226 0.003 0.231 0.198 0.001 0.132 0.002 1 0.001 0.03 0.132 0.022 0.156 0.001 0.002 0 0.125 0.001 0.002 0.001 0.037 0.001 0.002 0.001 0.001 0
0.009 0.007 0.007 0.005 0.003 0.001 0 0.002 0.001 0.003 0.002 0.243 0.001 0.008 0.009 0.003 0.004 0.001 0.002 0.012 0.003 0.029 0.001 0.012 0.011 0.006 0.02 0.002 0.002 0.003 0.001 0.001 0.007 0.005 0.017 0.001 0.002 0.003 0.002 0.002 0.021 0.001 0.008 0.034 0.033 0.016 0.001 0.002 0.026 0.014 0.019 0.001 0 0.339 0.015 0.032 0.005 0.046 0.042 0.001 0.076 0.001 0.001 1 0.001 0.066 0.295 0.023 0.001 0.001 0.004 0.063 0.304 0.001 0.001 0.062 0.001 0.001 0 0.001 0.491
0.034 0.033 0.031 0.007 0.008 0.066 0.097 0.003 0.002 0 0.001 0.017 0.001 0.009 0.007 0.065 0.003 0.001 0.003 0.017 0.062 0.017 0.013 0.001 0.01 0.006 0.001 0.003 0.003 0.061 0.088 0.1 0.007 0.001 0 0.001 0.01 0.01 0.086 0.009 0 0.002 0.008 0.041 0.04 0.127 0.002 0.101 0.123 0.006 0.026 0.002 0.001 0.001 0.122 0.038 0.108 0.016 0.032 0.001 0.141 0.002 0.03 0.001 1 0.115 0.001 0.103 0.001 0.002 0.001 0.073 0.001 0.002 0.001 0.088 0.001 0.001 0 0.001 0.002
0.024 0.025 0.038 0.001 0.009 0.027 0.058 0.011 0.006 0.028 0.001 0.054 0.008 0.003 0.001 0.03 0 0.009 0.132 0.001 0.02 0.349 0.05 0.077 0.001 0.007 0.013 0.017 0.119 0.042 0.03 0.03 0.012 0.008 0.024 0.01 0.061 0.037 0.102 0.067 0.05 0.013 0.078 0.459 0.463 0.798 0.015 0.201 0.794 0.158 0.213 0.055 0.006 0.019 0.836 0.493 0.189 0.487 0.535 0.007 0.718 0.099 0.132 0.066 0.115 1 0.054 0.066 0.01 0.095 0.22 0.871 0.082 0.014 0.008 0.607 0.01 0.098 0.033 0.009 0.111
0.01 0.008 0.009 0.019 0.003 0.002 0.001 0.002 0.002 0.016 0.001 0.373 0 0.004 0.005 0.002 0.002 0 0 0.007 0.002 0.105 0.006 0.032 0.007 0.004 0.014 0.001 0 0.002 0.001 0.001 0.004 0.014 0.012 0.001 0.001 0.004 0.001 0.004 0.02 0.001 0.005 0.092 0.078 0.056 0.001 0.001 0.054 0.021 0.012 0.005 0 0.37 0.054 0.088 0.001 0.09 0.077 0 0.062 0.001 0.022 0.295 0.001 0.054 1 0.113 0.001 0.001 0.002 0.051 0.253 0.001 0 0.046 0.001 0.001 0 0 0.255
0.008 0.005 0.011 0.002 0 0 0 0.003 0.002 0.008 0.001 0.034 0.001 0 0.001 0 0 0.001 0 0.001 0 0.08 0.007 0.022 0.001 0.001 0.006 0.002 0 0 0.001 0.001 0.001 0.006 0.006 0.001 0 0.001 0 0.005 0.011 0.001 0.006 0.072 0.071 0.069 0.001 0.004 0.067 0.034 0.014 0.006 0 0 0.067 0.069 0 0.068 0.06 0 0.077 0.001 0.156 0.023 0.103 0.066 0.113 1 0.001 0.001 0.001 0.039 0 0.001 0.001 0.016 0.001 0.001 0 0 0.017
0.006 0.005 0.004 0.016 0.004 0.003 0.002 0.003 0.002 0.024 0.001 0.001 0.001 0.007 0.006 0.003 0.003 0.001 0.002 0.01 0.003 0.005 0.007 0.001 0.01 0.004 0.02 0.03 0.002 0.003 0.001 0.001 0.006 0.021 0.026 0.001 0.002 0.007 0.002 0.007 0.028 0.001 0.008 0.006 0.006 0.01 0.001 0.002 0.011 0.007 0.019 0.052 0 0 0.011 0.006 0.002 0.006 0.007 0.001 0.009 0.001 0.001 0.001 0.001 0.01 0.001 0.001 1 0.001 0.004 0.011 0.001 0.001 0.001 0.008 0.001 0.001 0 0.001 0.001
0.022 0.031 0.03 0.008 0.007 0.131 0.184 0.005 0.004 0.016 0.002 0 0.001 0.077 0.076 0.171 0.005 0.001 0.003 0.035 0.124 0.001 0.012 0.013 0.051 0.003 0.021 0.003 0.003 0.237 0.072 0.067 0.004 0.054 0.036 0.001 0.423 0.009 0.388 0.009 0.03 0.002 0.01 0.004 0.004 0.097 0.002 0.4 0.094 0 0.024 0.018 0.001 0 0.094 0.004 0.424 0.004 0.005 0.001 0.007 0.741 0.002 0.001 0.002 0.095 0.001 0.001 0.001 1 0.001 0.092 0.001 0.002 0.001 0.006 0.001 0.687 0 0.001 0.002
0.022 0.026 0.016 0.052 0.005 0.006 0.003 0.014 0.012 0.049 0.007 0 0.003 0.01 0.014 0.006 0 0.003 0.512 0.001 0.007 0.268 0.012 0.091 0.007 0.001 0.019 0.003 0.554 0.007 0.004 0.003 0.001 0.04 0.038 0.003 0.001 0.009 0.003 0.025 0.069 0.003 0.03 0.332 0.325 0.27 0.005 0.003 0.28 0.082 0.073 0.042 0.002 0.001 0.302 0.361 0.003 0.337 0.328 0.002 0.338 0.005 0 0.004 0.001 0.22 0.002 0.001 0.004 0.001 1 0.292 0.003 0.005 0.003 0.366 0.003 0.004 0.001 0.003 0
0.01 0.018 0.025 0.003 0.012 0.022 0.049 0.014 0.008 0.038 0.002 0.062 0.008 0.001 0 0.024 0.001 0.009 0.179 0 0.015 0.439 0.049 0.092 0 0.012 0.022 0.017 0.192 0.035 0.028 0.029 0.015 0.015 0.034 0.01 0.051 0.044 0.091 0.069 0.066 0.014 0.084 0.514 0.518 0.814 0.015 0.165 0.809 0.144 0.219 0.054 0.006 0.018 0.849 0.546 0.172 0.532 0.587 0.007 0.737 0.095 0.125 0.063 0.073 0.871 0.051 0.039 0.011 0.092 0.292 1 0.08 0.014 0.008 0.607 0.01 0.095 0.032 0.009 0.106
0.001 0 0 0.005 0.003 0 0 0.002 0.001 0.013 0.002 0.123 0.001 0.007 0.008 0.003 0.004 0.001 0.001 0.011 0.003 0.061 0 0.029 0.011 0.006 0.018 0.002 0.002 0.003 0.001 0.001 0.007 0.018 0.015 0.001 0.002 0.002 0.002 0.002 0.019 0.001 0.007 0.067 0.057 0.036 0.001 0.002 0.035 0.011 0.018 0.002 0 0.218 0.035 0.063 0 0.084 0.072 0.001 0.093 0.001 0.001 0.304 0.001 0.082 0.253 0 0.001 0.001 0.003 0.08 1 0.001 0.001 0.077 0.001 0.001 0 0.001 0.441
0.003 0.002 0.002 0.034 0.001 0.003 0.003 0 0 0.04 0.001 0.001 0 0.006 0.006 0.003 0 0.001 0.003 0.005 0.003 0.007 0.009 0.019 0.005 0.008 0.044 0.001 0.003 0.003 0.002 0.002 0.009 0.043 0.034 0.617 0.002 0.009 0.003 0.009 0.032 0.002 0.141 0.008 0.008 0.013 0.002 0.003 0.014 0.021 0.058 0.018 0.001 0 0.014 0.008 0.003 0.008 0.01 0.001 0.012 0.002 0.002 0.001 0.002 0.014 0.001 0.001 0.001 0.002 0.005 0.014 0.001 1 0.001 0.009 0.001 0.001 0 0.001 0.002
0.003 0.01 0.01 0.022 0.004 0.002 0.002 0.003 0.002 0.026 0.001 0.001 0.001 0.009 0 0.002 0.003 0.001 0.001 0.009 0.003 0.004 0.007 0.013 0.009 0.005 0.031 0.002 0.002 0.003 0.001 0.001 0.005 0.031 0.025 0.001 0.001 0.005 0.002 0.005 0.021 0.001 0.087 0.005 0.005 0.008 0.001 0.002 0.008 0.005 0.036 0.01 0 0 0.008 0.005 0.002 0.005 0.005 0 0.007 0.001 0.001 0.001 0.001 0.008 0 0.001 0.001 0.001 0.003 0.008 0.001 0.001 1 0.006 0.001 0.001 0 0.001 0.001
0 0 0.001 0.02 0.006 0.001 0.005 0.011 0.007 0.043 0.003 0.048 0.006 0.003 0.006 0 0 0.007 0.235 0 0 0.334 0.029 0.097 0.003 0.004 0.029 0.011 0.254 0 0.005 0.006 0.007 0.036 0.06 0.006 0.002 0.02 0.001 0.048 0.094 0.009 0.054 0.505 0.512 0.55 0.011 0.031 0.551 0.165 0.155 0.049 0.004 0.009 0.587 0.543 0.011 0.525 0.553 0.005 0.828 0.01 0.037 0.062 0.088 0.607 0.046 0.016 0.008 0.006 0.366 0.607 0.077 0.009 0.006 1 0.007 0.009 0.01 0.006 0.122
0.001 0.003 0.003 0 0.02 0.003 0.002 0.026 0 0.001 0.002 0.001 0.001 0.011 0.008 0.003 0.004 0.001 0.002 0.004 0.003 0.005 0.005 0 0.005 0.017 0 0.002 0.002 0.003 0.001 0.001 0.014 0.003 0.024 0.001 0.002 0.09 0.002 0.097 0.02 0.001 0.007 0.006 0.006 0.01 0.001 0.002 0.01 0.042 0.037 0.008 0 0 0.01 0.006 0.002 0.006 0.007 0.001 0.009 0.001 0.001 0.001 0.001 0.01 0.001 0.001 0.001 0.001 0.003 0.01 0.001 0.001 0.001 0.007 1 0.001 0 0.001 0.001
0.019 0.027 0.026 0.006 0.006 0.15 0.208 0.004 0.003 0.009 0.002 0 0.001 0.058 0.058 0.148 0.004 0.001 0.002 0.032 0.141 0.001 0.01 0.01 0.034 0.007 0.012 0.002 0.002 0.232 0.068 0.064 0.008 0.046 0.037 0.001 0.463 0.008 0.427 0.007 0.031 0.002 0.009 0.007 0.007 0.101 0.001 0.447 0.098 0.002 0.021 0.016 0.001 0 0.097 0.007 0.474 0.007 0.008 0.001 0.01 0.821 0.002 0.001 0.001 0.098 0.001 0.001 0.001 0.687 0.004 0.095 0.001 0.001 0.001 0.009 0.001 1 0 0.001 0.001
0.021 0.026 0.025 0.011 0.037 0.001 0.001 0.094 0.115 0.013 0.147 0 0 0.029 0.026 0.001 0.09 0 0.001 0.029 0.001 0.002 0.003 0.007 0.03 0.056 0.016 0.001 0.001 0.001 0 0 0.049 0.016 0.005 0 0.001 0.003 0.001 0.002 0.011 0.001 0 0.002 0.035 0.034 0 0.001 0.033 0.002 0.007 0.005 0 0 0.026 0.002 0.023 0.002 0.047 0 0.037 0 0.001 0 0 0.033 0 0 0 0 0.001 0.032 0 0 0 0.01 0 0 1 0 0
0.015 0.022 0.02 0.008 0 0.053 0.066 0.003 0.003 0.01 0.001 0.001 0 0.032 0.027 0.052 0.003 0.001 0.002 0.032 0.05 0.005 0 0.003 0.033 0.002 0.003 0.002 0.002 0.049 0.026 0.024 0.003 0 0 0.001 0.064 0.006 0.04 0.005 0 0.001 0.005 0.005 0.005 0.008 0.001 0.002 0.007 0.014 0.013 0 0.523 0 0.009 0.005 0.002 0.005 0.006 0.667 0.008 0.001 0.001 0.001 0.001 0.009 0 0 0.001 0.001 0.003 0.009 0.001 0.001 0.001 0.006 0.001 0.001 0 1 0.001
0.002 0 0.001 0.001 0.005 0.001 0.001 0.003 0.002 0.009 0.002 0.122 0.001 0.011 0.013 0.004 0.005 0.001 0.002 0.015 0.004 0.066 0.001 0.028 0.015 0.008 0.027 0.003 0.002 0.004 0.001 0.002 0.009 0.011 0.026 0.001 0.002 0.004 0.003 0.004 0.032 0.002 0.01 0.069 0.06 0.036 0.002 0.003 0.035 0.035 0.024 0 0.001 0.116 0.039 0.073 0.003 0.092 0.077 0.001 0.127 0.002 0 0.491 0.002 0.111 0.255 0.017 0.001 0.002 0 0.106 0.441 0.002 0.001 0.122 0.001 0.001 0 0.001 1
