1 0.812 0.831 0.456 0.426 0.153 0.094 0.243 0.222 0.322 0.13 0.024 0.052 0.533 0.478 0.157 0.295 0.047 0.03 0.586 0.145 0.002 0.143 0.136 0.606 0.37 0.323 0.013 0.033 0.134 0.033 0.029 0.282 0.226 0.122 0.001 0.041 0.063 0.047 0.032 0.105 0.019 0.012 0.003 0 0.032 0.001 0.071 0.029 0.026 0.009 0.067 0.011 0.007 0.022 0.004 0.034 0.002 0 0.005 0.006 0.012 0.048 0.009 0 0.017 0.008 0.001 0.001 0.018 0.016 0.014 0 0.007 0.004 0.003 0.003 0.011 0.029 0.003 0.006
0.812 1 0.892 0.442 0.421 0.184 0.113 0.292 0.267 0.3 0.156 0.02 0.063 0.587 0.532 0.189 0.327 0.057 0.025 0.598 0.174 0 0.139 0.119 0.639 0.368 0.314 0.025 0.028 0.163 0.04 0.036 0.327 0.251 0.138 0 0.051 0.074 0.059 0.046 0.113 0.015 0.023 0.001 0.002 0.042 0.005 0.069 0.039 0.032 0.006 0.062 0.015 0.006 0.026 0.003 0.044 0.001 0.001 0.008 0.007 0.017 0.059 0.007 0 0.021 0.007 0.001 0.014 0.023 0.022 0.02 0 0.006 0.008 0.005 0.002 0.015 0.035 0.006 0.004
0.831 0.892 1 0.463 0.48 0.172 0.106 0.274 0.25 0.321 0.146 0.021 0.059 0.611 0.553 0.177 0.333 0.053 0.027 0.644 0.163 0.001 0.125 0.113 0.687 0.421 0.373 0.027 0.03 0.152 0.037 0.034 0.325 0.266 0.147 0 0.047 0.074 0.054 0.039 0.12 0.016 0.016 0.001 0.001 0.042 0.006 0.082 0.039 0.029 0.007 0.058 0.013 0.006 0.026 0.004 0.04 0.002 0 0.007 0.008 0.015 0.055 0.008 0 0.021 0.007 0 0 0.021 0.017 0.019 0 0.006 0.009 0.006 0.002 0.014 0.033 0.005 0.004
0.456 0.442 0.463 1 0.263 0.081 0.046 0.143 0.131 0.826 0.077 0.04 0.031 0.294 0.305 0.083 0.185 0.034 0.051 0.323 0.075 0.02 0.302 0.353 0.355 0.23 0.625 0.001 0.052 0.067 0.019 0.016 0.17 0.507 0.287 0.037 0.02 0.014 0.021 0.004 0.351 0.037 0.194 0.025 0.009 0.001 0.015 0.038 0 0 0.196 0.155 0.004 0.011 0 0.038 0.016 0.032 0.018 0 0.003 0.003 0.026 0.006 0.001 0.001 0.014 0.001 0.005 0.005 0.048 0.001 0 0.029 0.015 0.005 0.005 0.003 0.015 0 0.008
0.426 0.421 0.48 0.263 1 0.018 0.011 0.511 0.485 0.305 0.281 0.011 0.006 0.522 0.481 0.019 0.67 0.108 0.014 0.575 0.018 0.037 0.085 0.159 0.594 0.844 0.32 0.014 0.015 0.02 0.004 0.002 0.677 0.236 0.168 0.005 0.009 0.232 0.012 0.144 0.136 0.01 0.041 0.034 0.005 0 0.007 0.01 0 0.05 0.026 0.03 0.003 0.003 0.002 0.039 0.005 0.036 0.007 0.001 0 0.008 0.007 0.006 0.005 0.002 0.004 0.001 0.001 0.005 0.005 0.001 0.003 0.004 0.004 0 0 0.006 0.063 0.002 0.008
0.153 0.184 0.172 0.081 0.018 1 0.615 0.01 0.009 0.101 0.005 0.004 0.342 0.176 0.161 0.915 0.013 0.002 0.005 0.183 0.956 0.013 0.019 0.042 0.177 0.02 0.094 0.005 0.005 0.827 0.215 0.181 0.02 0.079 0.036 0.012 0.242 0.022 0.315 0.019 0.037 0.003 0.016 0.01 0.01 0.012 0.002 0.125 0.011 0.038 0 0.019 0.097 0.001 0.01 0.012 0.194 0.011 0.015 0.057 0.005 0.105 0.003 0 0.016 0.006 0.001 0 0.003 0.099 0.004 0.005 0 0.001 0.002 0.004 0.001 0.131 0.002 0.054 0.001
0.094 0.113 0.106 0.046 0.011 0.615 1 0.006 0.006 0.064 0.003 0.002 0.001 0.111 0.101 0.556 0.008 0.001 0.003 0.111 0.582 0.008 0.01 0.023 0.103 0.012 0.054 0.003 0.003 0.488 0.35 0.298 0.012 0.041 0.012 0.002 0.404 0.013 0.526 0.011 0.014 0.002 0.011 0.005 0.005 0.042 0.001 0.223 0.041 0.021 0.028 0.008 0.08 0.001 0.038 0.006 0.33 0.006 0.008 0.048 0 0.183 0.002 0 0.03 0.029 0.001 0 0.002 0.168 0.001 0.025 0 0.001 0.001 0 0.001 0.221 0.001 0.049 0
0.243 0.292 0.274 0.143 0.511 0.01 0.006 1 0.915 0.164 0.535 0.006 0.003 0.283 0.258 0.01 0.681 0.004 0.007 0.312 0.01 0.019 0.046 0.085 0.322 0.479 0.176 0.007 0.008 0.011 0.002 0.001 0.454 0.164 0.119 0.002 0.005 0.245 0.007 0.273 0.107 0.005 0.024 0.019 0 0.002 0.004 0.009 0.002 0.09 0.097 0.035 0.002 0.002 0.006 0.021 0.002 0.02 0 0.004 0.002 0.005 0.004 0.003 0.003 0.004 0.002 0.001 0.004 0.003 0.016 0.004 0.001 0.001 0.002 0.002 0 0.004 0.121 0.005 0.004
0.222 0.267 0.25 0.131 0.485 0.009 0.006 0.915 1 0.15 0.585 0.005 0.003 0.258 0.236 0.009 0.656 0.003 0.007 0.285 0.009 0.018 0.042 0.077 0.294 0.437 0.161 0.007 0.007 0.01 0.002 0 0.413 0.149 0.108 0.002 0.004 0.212 0.006 0.235 0.097 0.005 0.022 0.017 0 0.001 0.003 0.008 0.001 0.075 0.086 0.039 0.002 0.001 0.004 0.019 0.002 0.018 0 0.003 0.001 0.004 0.004 0.002 0.002 0.003 0.002 0.001 0.004 0.003 0.015 0.003 0.001 0.001 0.001 0.001 0.001 0.003 0.133 0.004 0.003
0.322 0.3 0.321 0.826 0.305 0.101 0.064 0.164 0.15 1 0.088 0.035 0.035 0.373 0.388 0.106 0.212 0.039 0.045 0.394 0.097 0.112 0.257 0.481 0.429 0.271 0.724 0.002 0.04 0.087 0.022 0.019 0.203 0.613 0.378 0.042 0.027 0.027 0.029 0.011 0.458 0.032 0.226 0.104 0.053 0.009 0.023 0.046 0.01 0.008 0.241 0.16 0.007 0.01 0.019 0.122 0.02 0.116 0.074 0.002 0.032 0.005 0.025 0.004 0.001 0.019 0.012 0.001 0.004 0.01 0.036 0.018 0.005 0.033 0.018 0.031 0.001 0.005 0.018 0.001 0.014
0.13 0.156 0.146 0.077 0.281 0.005 0.003 0.535 0.585 0.088 1 0.003 0.002 0.153 0.14 0.005 0.407 0.002 0.004 0.169 0.005 0.011 0.025 0.046 0.174 0.254 0.095 0.004 0.004 0.006 0.001 0 0.249 0.093 0.068 0.001 0.003 0.14 0.004 0.148 0.062 0.003 0.011 0.01 0 0.001 0.002 0.005 0.001 0.024 0.059 0.031 0.001 0.001 0.002 0.011 0 0.01 0 0.002 0.001 0.003 0.002 0.002 0.001 0.003 0.001 0.001 0.002 0.002 0.008 0.003 0.001 0 0 0.003 0.001 0.002 0.056 0.002 0.003
0.024 0.02 0.021 0.04 0.011 0.004 0.002 0.006 0.005 0.035 0.003 1 0.001 0.002 0 0.004 0.008 0.001 0.003 0.012 0.004 0.2 0.017 0.039 0.015 0.009 0.029 0.003 0.003 0.004 0.001 0.001 0.007 0.019 0.027 0.001 0.002 0.01 0.001 0.009 0.032 0.002 0.01 0.146 0.056 0.101 0.001 0 0.139 0.029 0.024 0.005 0.001 0.285 0.093 0.127 0.001 0.066 0.099 0.001 0.078 0.002 0.002 0.3 0.125 0.08 0.301 0.023 0.001 0.006 0.004 0.075 0.067 0.001 0.001 0.08 0.001 0.005 0.001 0.002 0.075
0.052 0.063 0.059 0.031 0.006 0.342 0.001 0.003 0.003 0.035 0.002 0.001 1 0.062 0.056 0.334 0.004 0.001 0.002 0.068 0.349 0.004 0.01 0.019 0.07 0.007 0.039 0.002 0.002 0.317 0 0.001 0.007 0.038 0.028 0.052 0.001 0.008 0.001 0.007 0.025 0.001 0.119 0.005 0.005 0.008 0.001 0.002 0.008 0.015 0.046 0.013 0.018 0 0.009 0.005 0.001 0.005 0.006 0.01 0.008 0.001 0.001 0.001 0.001 0.009 0 0 0.001 0.001 0.004 0.009 0.001 0 0 0.007 0 0.001 0.001 0.008 0.001
0.533 0.587 0.611 0.294 0.522 0.176 0.111 0.283 0.258 0.373 0.153 0.002 0.062 1 0.906 0.185 0.371 0.068 0.003 0.727 0.171 0.019 0.124 0.172 0.774 0.463 0.382 0.018 0.004 0.162 0.039 0.047 0.355 0.288 0.189 0 0.053 0.103 0.06 0.06 0.168 0.019 0.018 0.018 0.007 0.018 0.008 0.089 0.016 0.021 0.01 0.062 0.016 0.006 0.008 0.024 0.045 0.037 0.006 0.008 0 0.018 0.014 0.008 0.017 0.008 0.006 0 0 0.025 0 0.005 0.005 0.006 0.008 0 0 0.017 0.047 0.006 0.013
0.478 0.532 0.553 0.305 0.481 0.161 0.101 0.258 0.236 0.388 0.14 0 0.056 0.906 1 0.169 0.339 0.062 0.004 0.667 0.161 0.017 0.134 0.179 0.711 0.446 0.376 0.013 0.005 0.148 0.035 0.043 0.346 0.295 0.195 0.001 0.066 0.101 0.07 0.061 0.18 0.02 0.013 0.021 0.009 0.017 0.006 0.098 0.015 0.022 0.014 0.063 0.014 0.006 0.008 0.028 0.055 0.041 0.008 0.007 0 0.027 0.013 0.009 0.015 0.007 0.006 0.001 0 0.038 0 0.005 0.005 0.007 0 0 0 0.027 0.043 0.005 0.014
0.157 0.189 0.177 0.083 0.019 0.915 0.556 0.01 0.009 0.106 0.005 0.004 0.334 0.185 0.169 1 0.013 0.002 0.005 0.175 0.932 0.013 0.025 0.05 0.198 0.02 0.107 0.005 0.005 0.907 0.21 0.177 0.021 0.091 0.044 0.011 0.317 0.022 0.386 0.019 0.045 0.003 0.016 0.01 0.011 0.019 0.002 0.163 0.018 0.029 0 0.025 0.094 0.001 0.016 0.012 0.25 0.011 0.015 0.055 0.007 0.153 0.003 0.002 0.015 0.008 0.001 0 0.003 0.158 0.004 0.007 0.002 0 0.002 0.006 0.001 0.128 0.002 0.053 0.003
0.295 0.327 0.333 0.185 0.67 0.013 0.008 0.681 0.656 0.212 0.407 0.008 0.004 0.371 0.339 0.013 1 0.005 0.009 0.413 0.013 0.026 0.061 0.113 0.427 0.591 0.234 0.01 0.01 0.014 0.003 0.001 0.577 0.217 0.159 0.003 0.006 0.346 0.009 0.219 0.143 0.007 0.025 0.025 0.001 0.005 0.005 0.022 0.004 0.113 0.069 0.045 0.003 0.002 0.001 0.028 0.003 0.026 0.001 0.005 0.005 0.006 0.006 0.005 0.003 0.001 0.003 0 0.005 0.004 0 0.001 0.003 0.002 0.002 0.004 0.003 0.004 0.091 0.006 0.006
0.047 0.057 0.053 0.034 0.108 0.002 0.001 0.004 0.003 0.039 0.002 0.001 0.001 0.068 0.062 0.002 0.005 1 0.002 0.075 0.002 0.005 0.01 0.021 0.078 0.118 0.043 0.002 0.002 0.003 0.001 0.001 0.116 0.042 0.031 0.001 0.001 0.007 0.002 0.006 0.019 0.001 0.007 0.005 0.004 0.007 0.001 0.002 0.008 0.015 0.011 0.001 0 0 0.008 0.006 0 0.005 0.006 0 0.007 0.001 0.001 0.001 0.001 0.009 0 0 0.001 0.001 0.004 0.009 0.001 0.001 0.001 0.008 0.001 0.001 0 0 0.001
0.03 0.025 0.027 0.051 0.014 0.005 0.003 0.007 0.007 0.045 0.004 0.003 0.002 0.003 0.004 0.005 0.009 0.002 1 0.023 0.005 0.361 0.022 0.085 0.023 0.015 0.041 0.003 0.908 0.005 0.001 0.001 0.015 0.032 0.037 0.002 0.002 0.016 0.003 0.014 0.051 0.002 0.007 0.307 0.303 0.173 0.002 0.004 0.157 0.042 0.021 0.022 0.001 0.001 0.148 0.239 0.003 0.254 0.205 0.002 0.163 0.002 0.002 0.001 0.001 0.113 0.001 0.001 0.002 0.001 0.345 0.14 0.001 0.002 0.002 0.155 0.001 0.002 0.001 0.002 0.002
0.586 0.598 0.644 0.323 0.575 0.183 0.111 0.312 0.285 0.394 0.169 0.012 0.068 0.727 0.667 0.175 0.413 0.075 0.023 1 0.195 0.058 0.116 0.227 0.931 0.604 0.491 0.023 0.024 0.151 0.043 0.039 0.483 0.371 0.231 0 0.037 0.103 0.047 0.058 0.199 0.008 0.015 0.053 0.016 0.002 0.012 0.078 0.002 0.006 0.015 0.061 0.018 0.005 0 0.052 0.033 0.047 0.019 0.01 0.002 0.01 0.014 0.011 0 0 0.007 0.001 0 0.012 0.008 0 0.008 0.006 0.007 0.004 0.001 0.017 0.038 0.008 0.016
0.145 0.174 0.163 0.075 0.018 0.956 0.582 0.01 0.009 0.097 0.005 0.004 0.349 0.171 0.161 0.932 0.013 0.002 0.005 0.195 1 0.013 0.024 0.048 0.189 0.019 0.102 0.005 0.005 0.843 0.219 0.185 0.017 0.082 0.038 0.012 0.247 0.021 0.322 0.018 0.039 0.003 0.017 0.01 0.01 0.013 0.002 0.128 0.012 0.037 0 0.021 0.099 0.001 0.01 0.011 0.198 0.01 0.015 0.058 0.007 0.108 0.003 0.002 0.016 0.004 0.001 0 0.002 0.101 0.004 0.003 0.002 0.001 0.002 0.005 0.001 0.134 0.002 0.056 0.003
0.002 0 0.001 0.02 0.037 0.013 0.008 0.019 0.018 0.112 0.011 0.2 0.004 0.019 0.017 0.013 0.026 0.005 0.361 0.058 0.013 1 0.059 0.233 0.062 0.041 0.101 0.009 0.366 0.014 0.003 0.003 0.039 0.086 0.111 0.005 0 0.046 0.001 0.039 0.137 0.007 0.028 0.776 0.569 0.481 0 0.002 0.456 0.139 0.069 0.031 0.003 0.045 0.431 0.649 0 0.575 0.533 0.005 0.422 0 0.202 0.04 0.029 0.353 0.101 0.013 0.005 0.001 0.171 0.388 0.057 0.004 0 0.395 0.003 0.001 0.003 0.006 0.039
0.143 0.139 0.125 0.302 0.085 0.019 0.01 0.046 0.042 0.257 0.025 0.017 0.01 0.124 0.134 0.025 0.061 0.01 0.022 0.116 0.024 0.059 1 0.502 0.141 0.092 0.224 0.021 0.018 0.031 0.006 0.008 0.053 0.181 0.028 0.012 0.014 0.026 0.02 0.04 0.041 0.079 0.054 0.041 0.042 0.084 0.049 0.025 0.086 0.003 0.008 0.081 0 0.005 0.043 0.012 0.015 0.008 0.019 0.005 0.032 0.004 0.013 0.004 0.008 0.038 0.006 0.003 0.004 0.009 0.002 0.043 0.002 0.009 0.008 0.03 0.023 0.011 0.003 0.01 0.001
0.136 0.119 0.113 0.353 0.159 0.042 0.023 0.085 0.077 0.481 0.046 0.039 0.019 0.172 0.179 0.05 0.113 0.021 0.085 0.227 0.048 0.233 0.502 1 0.265 0.174 0.424 0.04 0.094 0.058 0.012 0.014 0.122 0.348 0.149 0.022 0.011 0 0.02 0.002 0.196 0.038 0.108 0.214 0.138 0.062 0.036 0.03 0.054 0.055 0.068 0.016 0.001 0.008 0.089 0.245 0.015 0.232 0.172 0 0.101 0.004 0.046 0.007 0.004 0.07 0.024 0.008 0.011 0.004 0.071 0.07 0.018 0.017 0.008 0.096 0.01 0.006 0.008 0.001 0.013
0.606 0.639 0.687 0.355 0.594 0.177 0.103 0.322 0.294 0.429 0.174 0.015 0.07 0.774 0.711 0.198 0.427 0.078 0.023 0.931 0.189 0.062 0.141 0.265 1 0.624 0.541 0.022 0.025 0.183 0.044 0.041 0.501 0.405 0.266 0 0.058 0.11 0.068 0.062 0.233 0.016 0.013 0.057 0.018 0.004 0.012 0.101 0.003 0.007 0.018 0.07 0.019 0.005 0 0.065 0.051 0.06 0.026 0.011 0.005 0.021 0.014 0.011 0 0 0.006 0.001 0 0.027 0.011 0 0.007 0.005 0.007 0.005 0.001 0.018 0.04 0.008 0.015
0.37 0.368 0.421 0.23 0.844 0.02 0.012 0.479 0.437 0.271 0.254 0.009 0.007 0.463 0.446 0.02 0.591 0.118 0.015 0.604 0.019 0.041 0.092 0.174 0.624 1 0.354 0.015 0.016 0.021 0.004 0.003 0.803 0.264 0.187 0.008 0.01 0.235 0.013 0.157 0.154 0.011 0.055 0.04 0.006 0.001 0.008 0.006 0.001 0.048 0.024 0.04 0.002 0.003 0.004 0.045 0.006 0.042 0.011 0.001 0.001 0.009 0.009 0.007 0.005 0.004 0.004 0.001 0.001 0.006 0.007 0.004 0.005 0.007 0.004 0.001 0 0.007 0.062 0.002 0.01
0.323 0.314 0.373 0.625 0.32 0.094 0.054 0.176 0.161 0.724 0.095 0.029 0.039 0.382 0.376 0.107 0.234 0.043 0.041 0.491 0.102 0.101 0.224 0.424 0.541 0.354 1 0.041 0.045 0.096 0.024 0.021 0.285 0.795 0.546 0.041 0.03 0.034 0.032 0.015 0.472 0.028 0.15 0.106 0.055 0.008 0.011 0.051 0.009 0.006 0.203 0.163 0.007 0.009 0.017 0.124 0.023 0.114 0.064 0.001 0.039 0.006 0.025 0.015 0.001 0.021 0.011 0.003 0.003 0.011 0.036 0.023 0.009 0.03 0.02 0.039 0.003 0.006 0.02 0 0.028
0.013 0.025 0.027 0.001 0.014 0.005 0.003 0.007 0.007 0.002 0.004 0.003 0.002 0.018 0.013 0.005 0.01 0.002 0.003 0.023 0.005 0.009 0.021 0.04 0.022 0.015 0.041 1 0.004 0.005 0.001 0.001 0.015 0.042 0.055 0 0.002 0.016 0.003 0.014 0.001 0.002 0.044 0.01 0.01 0.017 0 0.004 0.016 0.021 0.007 0 0.001 0.001 0.017 0.01 0.003 0.009 0.012 0.002 0.015 0.002 0.002 0.002 0.001 0.018 0.001 0.001 0.101 0.001 0.006 0.018 0.001 0 0.001 0.014 0.001 0.002 0.001 0.002 0.002
0.033 0.028 0.03 0.052 0.015 0.005 0.003 0.008 0.007 0.04 0.004 0.003 0.002 0.004 0.005 0.005 0.01 0.002 0.908 0.024 0.005 0.366 0.018 0.094 0.025 0.016 0.045 0.004 1 0.005 0.001 0.001 0.017 0.036 0.042 0.002 0.002 0.018 0.003 0.016 0.057 0.003 0.008 0.314 0.31 0.176 0.002 0.004 0.159 0.04 0.025 0.019 0.001 0.001 0.15 0.245 0.003 0.249 0.209 0.002 0.166 0.002 0.002 0.001 0.001 0.105 0.001 0 0.002 0.002 0.355 0.142 0.001 0.002 0.002 0.159 0.001 0.002 0.001 0.002 0.002
0.134 0.163 0.152 0.067 0.02 0.827 0.488 0.011 0.01 0.087 0.006 0.004 0.317 0.162 0.148 0.907 0.014 0.003 0.005 0.151 0.843 0.014 0.031 0.058 0.183 0.021 0.096 0.005 0.005 1 0.2 0.169 0.022 0.096 0.053 0.01 0.313 0.024 0.478 0.019 0.054 0.004 0.013 0.011 0.011 0.03 0.003 0.22 0.029 0.03 0 0.031 0.09 0.001 0.026 0.013 0.333 0.012 0.016 0.052 0.008 0.231 0.003 0.002 0.014 0.015 0.001 0 0.003 0.175 0.005 0.013 0.002 0 0.002 0.007 0.002 0.213 0.002 0.05 0.003
0.033 0.04 0.037 0.019 0.004 0.215 0.35 0.002 0.002 0.022 0.001 0.001 0 0.039 0.035 0.21 0.003 0.001 0.001 0.043 0.219 0.003 0.006 0.012 0.044 0.004 0.024 0.001 0.001 0.2 1 0.827 0.004 0.007 0.004 0.001 0.105 0.005 0.164 0.004 0.003 0.001 0.004 0.003 0.003 0.005 0.001 0.044 0.005 0.01 0.01 0.003 0.055 0 0.004 0.003 0.066 0.003 0.004 0.034 0.004 0.065 0.001 0 0 0.003 0 0 0.001 0.102 0.002 0.002 0 0 0 0.003 0 0.061 0 0.044 0.001
0.029 0.036 0.034 0.016 0.002 0.181 0.298 0.001 0 0.019 0 0.001 0.001 0.047 0.043 0.177 0.001 0.001 0.001 0.039 0.185 0.003 0.008 0.014 0.041 0.003 0.021 0.001 0.001 0.169 0.827 1 0.003 0.006 0.007 0.001 0.093 0.001 0.141 0 0.005 0.001 0.005 0.003 0.003 0.003 0.001 0.038 0.003 0.006 0.006 0.002 0.045 0 0.003 0.004 0.058 0.004 0.005 0.027 0.004 0.052 0.001 0.001 0 0.002 0 0 0.001 0.083 0.002 0.001 0 0.001 0 0.004 0 0.049 0 0.035 0.001
0.282 0.327 0.325 0.17 0.677 0.02 0.012 0.454 0.413 0.203 0.249 0.007 0.007 0.355 0.346 0.021 0.577 0.116 0.015 0.483 0.017 0.039 0.053 0.122 0.501 0.803 0.285 0.015 0.017 0.022 0.004 0.003 1 0.328 0.254 0.008 0.01 0.334 0.014 0.236 0.216 0.011 0.057 0.038 0.006 0 0.008 0.008 0.001 0.079 0.045 0.069 0.003 0.003 0.003 0.043 0.006 0.04 0.009 0.006 0 0.009 0.009 0.007 0.005 0.003 0.004 0.001 0.008 0.006 0.005 0.003 0.005 0.007 0.005 0.001 0 0.007 0.061 0.007 0.01
0.226 0.251 0.266 0.507 0.236 0.079 0.041 0.164 0.149 0.613 0.093 0.019 0.038 0.288 0.295 0.091 0.217 0.042 0.032 0.371 0.082 0.086 0.181 0.348 0.405 0.264 0.795 0.042 0.036 0.096 0.007 0.006 0.328 1 0.681 0.04 0.054 0.054 0.074 0.031 0.597 0.03 0.158 0.111 0.058 0.002 0.021 0.094 0.003 0.001 0.236 0.221 0.007 0.009 0.008 0.129 0.062 0.119 0.068 0 0.036 0.034 0.025 0.007 0.001 0.008 0.012 0.003 0.023 0.036 0.038 0.009 0.009 0.03 0.033 0.036 0.003 0.04 0.019 0 0.018
0.122 0.138 0.147 0.287 0.168 0.036 0.012 0.119 0.108 0.378 0.068 0.027 0.028 0.189 0.195 0.044 0.159 0.031 0.037 0.231 0.038 0.111 0.028 0.149 0.266 0.187 0.546 0.055 0.042 0.053 0.004 0.007 0.254 0.681 1 0.029 0.028 0.284 0.042 0.25 0.836 0.041 0.103 0.124 0.071 0.009 0.015 0.071 0.011 0.015 0.381 0.239 0 0.012 0.021 0.147 0.05 0.13 0.086 0.002 0.062 0.024 0.034 0.018 0.002 0.022 0.016 0.004 0.031 0.021 0.035 0.026 0.01 0.022 0.025 0.06 0.017 0.03 0.019 0.005 0.034
0.001 0 0 0.037 0.005 0.012 0.002 0.002 0.002 0.042 0.001 0.001 0.052 0 0.001 0.011 0.003 0.001 0.002 0 0.012 0.005 0.012 0.022 0 0.008 0.041 0 0.002 0.01 0.001 0.001 0.008 0.04 0.029 1 0.001 0.009 0.002 0.008 0.03 0.001 0.141 0.005 0.006 0.009 0.001 0.002 0.009 0.018 0.054 0.015 0 0 0.01 0.006 0.002 0.006 0.007 0.001 0.009 0.001 0.001 0.001 0.001 0.01 0.001 0 0.001 0.001 0.004 0.01 0.001 0.634 0.001 0.008 0.001 0.001 0.001 0.001 0.001
0.041 0.051 0.047 0.02 0.009 0.242 0.404 0.005 0.004 0.027 0.003 0.002 0.001 0.053 0.066 0.317 0.006 0.001 0.002 0.037 0.247 0 0.014 0.011 0.058 0.01 0.03 0.002 0.002 0.313 0.105 0.093 0.01 0.054 0.028 0.001 1 0.011 0.704 0.009 0.036 0.002 0.008 0.006 0.006 0.06 0.001 0.301 0.058 0.004 0.022 0.018 0.103 0.001 0.055 0.007 0.437 0.007 0.009 0.063 0.001 0.319 0.001 0.001 0.042 0.047 0.001 0 0.001 0.273 0 0.045 0.001 0 0.001 0 0.001 0.295 0.001 0.051 0.002
0.063 0.074 0.074 0.014 0.232 0.022 0.013 0.245 0.212 0.027 0.14 0.01 0.008 0.103 0.101 0.022 0.346 0.007 0.016 0.103 0.021 0.046 0.026 0 0.11 0.235 0.034 0.016 0.018 0.024 0.005 0.001 0.334 0.054 0.284 0.009 0.011 1 0.015 0.856 0.255 0.012 0.064 0.032 0.033 0.017 0.067 0.006 0.018 0.247 0.221 0.04 0.006 0.004 0.021 0.038 0.01 0.032 0.041 0.009 0.015 0.01 0.01 0.006 0.006 0.019 0.005 0.001 0.009 0.007 0.001 0.023 0.003 0.007 0.005 0.011 0.053 0.008 0.002 0.01 0.008
0.047 0.059 0.054 0.021 0.012 0.315 0.526 0.007 0.006 0.029 0.004 0.001 0.001 0.06 0.07 0.386 0.009 0.002 0.003 0.047 0.322 0.001 0.02 0.02 0.068 0.013 0.032 0.003 0.003 0.478 0.164 0.141 0.014 0.074 0.042 0.002 0.704 0.015 1 0.011 0.049 0.002 0.011 0.009 0.009 0.103 0.002 0.496 0.101 0.009 0.03 0.025 0.073 0.001 0.095 0.01 0.717 0.009 0.012 0.043 0.003 0.54 0.002 0.002 0.028 0.073 0.001 0 0.002 0.418 0.001 0.068 0.001 0.001 0.001 0.003 0.001 0.527 0.001 0.034 0.002
0.032 0.046 0.039 0.004 0.144 0.019 0.011 0.273 0.235 0.011 0.148 0.009 0.007 0.06 0.061 0.019 0.219 0.006 0.014 0.058 0.018 0.039 0.04 0.002 0.062 0.157 0.015 0.014 0.016 0.019 0.004 0 0.236 0.031 0.25 0.008 0.009 0.856 0.011 1 0.225 0.01 0.055 0.026 0.027 0.052 0.078 0.014 0.053 0.194 0.277 0.03 0.005 0.003 0.057 0.031 0.007 0.026 0.038 0.007 0.051 0.007 0.009 0.005 0.005 0.053 0.004 0.002 0.008 0.004 0.015 0.058 0.003 0.006 0.004 0.046 0.062 0.005 0.001 0.009 0.007
0.105 0.113 0.12 0.351 0.136 0.037 0.014 0.107 0.097 0.458 0.062 0.032 0.025 0.168 0.18 0.045 0.143 0.019 0.051 0.199 0.039 0.137 0.041 0.196 0.233 0.154 0.472 0.001 0.057 0.054 0.003 0.005 0.216 0.597 0.836 0.03 0.036 0.255 0.049 0.225 1 0.046 0.197 0.152 0.09 0.019 0.012 0.063 0.021 0.005 0.475 0.294 0.003 0.014 0.034 0.178 0.044 0.159 0.109 0 0.083 0.02 0.038 0.021 0.003 0.036 0.018 0.005 0.021 0.019 0.049 0.042 0.012 0.023 0.022 0.081 0.015 0.027 0.019 0.002 0.038
0.019 0.015 0.016 0.037 0.01 0.003 0.002 0.005 0.005 0.032 0.003 0.002 0.001 0.019 0.02 0.003 0.007 0.001 0.002 0.008 0.003 0.007 0.079 0.038 0.016 0.011 0.028 0.002 0.003 0.004 0.001 0.001 0.011 0.03 0.041 0.001 0.002 0.012 0.002 0.01 0.046 1 0.004 0.004 0.004 0.008 0.001 0.003 0.008 0.009 0.019 0.038 0.001 0.001 0.006 0.003 0.002 0.002 0.003 0.001 0.007 0.001 0.001 0.001 0.001 0.007 0.001 0 0.001 0.001 0.003 0.009 0.001 0.001 0.001 0.005 0.001 0.001 0 0.002 0.002
0.012 0.023 0.016 0.194 0.041 0.016 0.011 0.024 0.022 0.226 0.011 0.01 0.119 0.018 0.013 0.016 0.025 0.007 0.007 0.015 0.017 0.028 0.054 0.108 0.013 0.055 0.15 0.044 0.008 0.013 0.004 0.005 0.057 0.158 0.103 0.141 0.008 0.064 0.011 0.055 0.197 0.004 1 0.036 0.037 0.064 0.007 0.015 0.065 0.106 0.359 0.085 0 0.003 0.069 0.043 0.011 0.04 0.051 0.001 0.063 0.003 0.008 0.006 0.005 0.074 0.004 0.002 0.007 0.006 0.028 0.073 0.005 0.112 0.097 0.058 0.004 0.007 0.004 0.002 0.009
0.003 0.001 0.001 0.025 0.034 0.01 0.005 0.019 0.017 0.104 0.01 0.146 0.005 0.018 0.021 0.01 0.025 0.005 0.307 0.053 0.01 0.776 0.041 0.214 0.057 0.04 0.106 0.01 0.314 0.011 0.003 0.003 0.038 0.111 0.124 0.005 0.006 0.032 0.009 0.026 0.152 0.004 0.036 1 0.755 0.565 0.005 0.011 0.537 0.169 0.091 0.035 0.003 0.043 0.509 0.837 0.008 0.745 0.692 0.005 0.554 0.006 0.21 0.039 0.045 0.417 0.097 0.039 0.005 0.002 0.242 0.447 0.058 0.004 0.004 0.525 0.003 0.005 0.004 0.006 0.039
0 0.002 0.001 0.009 0.005 0.01 0.005 0 0 0.053 0 0.056 0.005 0.007 0.009 0.011 0.001 0.004 0.303 0.016 0.01 0.569 0.042 0.138 0.018 0.006 0.055 0.01 0.31 0.011 0.003 0.003 0.006 0.058 0.071 0.006 0.006 0.033 0.009 0.027 0.09 0.004 0.037 0.755 1 0.579 0.005 0.012 0.551 0.172 0.095 0.043 0.003 0.026 0.487 0.631 0.003 0.652 0.709 0.005 0.566 0.007 0.148 0.038 0.002 0.422 0.073 0.038 0.005 0.002 0.172 0.452 0.041 0.004 0.004 0.522 0.003 0.005 0.066 0.006 0.029
0.032 0.042 0.042 0.001 0 0.012 0.042 0.002 0.001 0.009 0.001 0.101 0.008 0.018 0.017 0.019 0.005 0.007 0.173 0.002 0.013 0.481 0.084 0.062 0.004 0.001 0.008 0.017 0.176 0.03 0.005 0.003 0 0.002 0.009 0.009 0.06 0.017 0.103 0.052 0.019 0.008 0.064 0.565 0.579 1 0.009 0.233 0.96 0.175 0.167 0.086 0.006 0.023 0.871 0.462 0.153 0.409 0.541 0.009 0.629 0.094 0.12 0.017 0.07 0.747 0.056 0.032 0.009 0.087 0.222 0.764 0.031 0.008 0.007 0.59 0.005 0.098 0.056 0.011 0.016
0.001 0.005 0.006 0.015 0.007 0.002 0.001 0.004 0.003 0.023 0.002 0.001 0.001 0.008 0.006 0.002 0.005 0.001 0.002 0.012 0.002 0 0.049 0.036 0.012 0.008 0.011 0 0.002 0.003 0.001 0.001 0.008 0.021 0.015 0.001 0.001 0.067 0.002 0.078 0.012 0.001 0.007 0.005 0.005 0.009 1 0.002 0.009 0.015 0.018 0.02 0.001 0 0.009 0.006 0.001 0.005 0.007 0.001 0.009 0.001 0.001 0.001 0.001 0.005 0 0 0.001 0.001 0.004 0.01 0.001 0.001 0.001 0.008 0.001 0.001 0.004 0.001 0.001
0.071 0.069 0.082 0.038 0.01 0.125 0.223 0.009 0.008 0.046 0.005 0 0.002 0.089 0.098 0.163 0.022 0.002 0.004 0.078 0.128 0.002 0.025 0.03 0.101 0.006 0.051 0.004 0.004 0.22 0.044 0.038 0.008 0.094 0.071 0.002 0.301 0.006 0.496 0.014 0.063 0.003 0.015 0.011 0.012 0.233 0.002 1 0.228 0.004 0.04 0.032 0.001 0.001 0.216 0.013 0.584 0.012 0.01 0.002 0.02 0.43 0.002 0.002 0.025 0.177 0.001 0.001 0.002 0.331 0.017 0.164 0.001 0.002 0.002 0.023 0.001 0.422 0.001 0.002 0.003
0.029 0.039 0.039 0 0 0.011 0.041 0.002 0.001 0.01 0.001 0.139 0.008 0.016 0.015 0.018 0.004 0.008 0.157 0.002 0.012 0.456 0.086 0.054 0.003 0.001 0.009 0.016 0.159 0.029 0.005 0.003 0.001 0.003 0.011 0.009 0.058 0.018 0.101 0.053 0.021 0.008 0.065 0.537 0.551 0.96 0.009 0.228 1 0.163 0.177 0.075 0.006 0.043 0.855 0.455 0.15 0.403 0.532 0.009 0.618 0.092 0.117 0.041 0.068 0.733 0.054 0.031 0.01 0.085 0.219 0.75 0.03 0.008 0.007 0.58 0.006 0.096 0.054 0.011 0.015
0.026 0.032 0.029 0 0.05 0.038 0.021 0.09 0.075 0.008 0.024 0.029 0.015 0.021 0.022 0.029 0.113 0.015 0.042 0.006 0.037 0.139 0.003 0.055 0.007 0.048 0.006 0.021 0.04 0.03 0.01 0.006 0.079 0.001 0.015 0.018 0.004 0.247 0.009 0.194 0.005 0.009 0.106 0.169 0.172 0.175 0.015 0.004 0.163 1 0.008 0.061 0.011 0.002 0.155 0.147 0.007 0.135 0.159 0.017 0.175 0.001 0.036 0.005 0.008 0.143 0.013 0.01 0.007 0 0.068 0.138 0.004 0.015 0.006 0.181 0.025 0.005 0.008 0.02 0.008
0.009 0.006 0.007 0.196 0.026 0 0.028 0.097 0.086 0.241 0.059 0.024 0.046 0.01 0.014 0 0.069 0.011 0.021 0.015 0 0.069 0.008 0.068 0.018 0.024 0.203 0.007 0.025 0 0.01 0.006 0.045 0.236 0.381 0.054 0.022 0.221 0.03 0.277 0.475 0.019 0.359 0.091 0.095 0.167 0.018 0.04 0.177 0.008 1 0.163 0.003 0.008 0.187 0.112 0.028 0.103 0.137 0.008 0.17 0.023 0.021 0.017 0.012 0.199 0.01 0.005 0.019 0.015 0.071 0.197 0.012 0.043 0.04 0.157 0.028 0.017 0.013 0.011 0.023
0.067 0.062 0.058 0.155 0.03 0.019 0.008 0.035 0.039 0.16 0.031 0.005 0.013 0.062 0.063 0.025 0.045 0.001 0.022 0.061 0.021 0.031 0.081 0.016 0.07 0.04 0.163 0 0.019 0.031 0.003 0.002 0.069 0.221 0.239 0.015 0.018 0.04 0.025 0.03 0.294 0.038 0.085 0.035 0.043 0.086 0.02 0.032 0.075 0.061 0.163 1 0.009 0.001 0.095 0.043 0.022 0.038 0.059 0 0.047 0.007 0.001 0.001 0.01 0.063 0.006 0.001 0.048 0.012 0.027 0.063 0.004 0.011 0.011 0.042 0.007 0.014 0.005 0.002 0
0.011 0.015 0.013 0.004 0.003 0.097 0.08 0.002 0.002 0.007 0.001 0.001 0.018 0.016 0.014 0.094 0.003 0 0.001 0.018 0.099 0.003 0 0.001 0.019 0.002 0.007 0.001 0.001 0.09 0.055 0.045 0.003 0.007 0 0 0.103 0.006 0.073 0.005 0.003 0.001 0 0.003 0.003 0.006 0.001 0.001 0.006 0.011 0.003 0.009 1 0 0.006 0.004 0.001 0.003 0.005 0.656 0.006 0.001 0.001 0.001 0 0.007 0 0 0.001 0.001 0.003 0.007 0 0 0 0.005 0 0.001 0 0.542 0.001
0.007 0.006 0.006 0.011 0.003 0.001 0.001 0.002 0.001 0.01 0.001 0.285 0 0.006 0.006 0.001 0.002 0 0.001 0.005 0.001 0.045 0.005 0.008 0.005 0.003 0.009 0.001 0.001 0.001 0 0 0.003 0.009 0.012 0 0.001 0.004 0.001 0.003 0.014 0.001 0.003 0.043 0.026 0.023 0 0.001 0.043 0.002 0.008 0.001 0 1 0.021 0.038 0.001 0.041 0.03 0 0.023 0.001 0.003 0.334 0 0.019 0.398 0 0 0 0.002 0.02 0.17 0 0 0.025 0 0 0 0 0.087
0.022 0.026 0.026 0 0.002 0.01 0.038 0.006 0.004 0.019 0.002 0.093 0.009 0.008 0.008 0.016 0.001 0.008 0.148 0 0.01 0.431 0.043 0.089 0 0.004 0.017 0.017 0.15 0.026 0.004 0.003 0.003 0.008 0.021 0.01 0.055 0.021 0.095 0.057 0.034 0.006 0.069 0.509 0.487 0.871 0.009 0.216 0.855 0.155 0.187 0.095 0.006 0.021 1 0.598 0.142 0.544 0.635 0.01 0.706 0.086 0.111 0.015 0.065 0.829 0.052 0.029 0.01 0.08 0.334 0.837 0.028 0.008 0.007 0.651 0.006 0.091 0.028 0.011 0.031
0.004 0.003 0.004 0.038 0.039 0.012 0.006 0.021 0.019 0.122 0.011 0.127 0.005 0.024 0.028 0.012 0.028 0.006 0.239 0.052 0.011 0.649 0.012 0.245 0.065 0.045 0.124 0.01 0.245 0.013 0.003 0.004 0.043 0.129 0.147 0.006 0.007 0.038 0.01 0.031 0.178 0.003 0.043 0.837 0.631 0.462 0.006 0.013 0.455 0.147 0.112 0.043 0.004 0.038 0.598 1 0.009 0.894 0.811 0.006 0.64 0.007 0.186 0.033 0.039 0.498 0.086 0.034 0.006 0.002 0.355 0.52 0.051 0.005 0.004 0.595 0.003 0.005 0.004 0.007 0.062
0.034 0.044 0.04 0.016 0.005 0.194 0.33 0.002 0.002 0.02 0 0.001 0.001 0.045 0.055 0.25 0.003 0 0.003 0.033 0.198 0 0.015 0.015 0.051 0.006 0.023 0.003 0.003 0.333 0.066 0.058 0.006 0.062 0.05 0.002 0.437 0.01 0.717 0.007 0.044 0.002 0.011 0.008 0.003 0.153 0.001 0.584 0.15 0.007 0.028 0.022 0.001 0.001 0.142 0.009 1 0.006 0.004 0.001 0 0.619 0.002 0 0.039 0.117 0.001 0 0.002 0.475 0 0.11 0 0.001 0.001 0.001 0.001 0.605 0.003 0.002 0
0.002 0.001 0.002 0.032 0.036 0.011 0.006 0.02 0.018 0.116 0.01 0.066 0.005 0.037 0.041 0.011 0.026 0.005 0.254 0.047 0.01 0.575 0.008 0.232 0.06 0.042 0.114 0.009 0.249 0.012 0.003 0.004 0.04 0.119 0.13 0.006 0.007 0.032 0.009 0.026 0.159 0.002 0.04 0.745 0.652 0.409 0.005 0.012 0.403 0.135 0.103 0.038 0.003 0.041 0.544 0.894 0.006 1 0.753 0.005 0.592 0.007 0.201 0.044 0 0.482 0.093 0.027 0.006 0.002 0.289 0.48 0.066 0.005 0.004 0.546 0.003 0.005 0.004 0.006 0.077
0 0.001 0 0.018 0.007 0.015 0.008 0 0 0.074 0 0.099 0.006 0.006 0.008 0.015 0.001 0.006 0.205 0.019 0.015 0.533 0.019 0.172 0.026 0.011 0.064 0.012 0.209 0.016 0.004 0.005 0.009 0.068 0.086 0.007 0.009 0.041 0.012 0.038 0.109 0.003 0.051 0.692 0.709 0.541 0.007 0.01 0.532 0.159 0.137 0.059 0.005 0.03 0.635 0.811 0.004 0.753 1 0.007 0.746 0.009 0.151 0.039 0.03 0.582 0.07 0.027 0.007 0.003 0.309 0.605 0.061 0.006 0.005 0.66 0.004 0.007 0.071 0.008 0.054
0.005 0.008 0.007 0 0.001 0.057 0.048 0.004 0.003 0.002 0.002 0.001 0.01 0.008 0.007 0.055 0.005 0 0.002 0.01 0.058 0.005 0.005 0 0.011 0.001 0.001 0.002 0.002 0.052 0.034 0.027 0.006 0 0.002 0.001 0.063 0.009 0.043 0.007 0 0.001 0.001 0.005 0.005 0.009 0.001 0.002 0.009 0.017 0.008 0 0.656 0 0.01 0.006 0.001 0.005 0.007 1 0.009 0.001 0.001 0.001 0.001 0.01 0 0 0.001 0.001 0.004 0.01 0.001 0 0.001 0.008 0.001 0.001 0.001 0.762 0.001
0.006 0.007 0.008 0.003 0 0.005 0 0.002 0.001 0.032 0.001 0.078 0.008 0 0 0.007 0.005 0.007 0.163 0.002 0.007 0.422 0.032 0.101 0.005 0.001 0.039 0.015 0.166 0.008 0.004 0.004 0 0.036 0.062 0.009 0.001 0.015 0.003 0.051 0.083 0.007 0.063 0.554 0.566 0.629 0.009 0.02 0.618 0.175 0.17 0.047 0.006 0.023 0.706 0.64 0 0.592 0.746 0.009 1 0.011 0.118 0.059 0.071 0.774 0.056 0.032 0.009 0.004 0.444 0.796 0.07 0.008 0.007 0.905 0.005 0.008 0.055 0.01 0.137
0.012 0.017 0.015 0.003 0.008 0.105 0.183 0.005 0.004 0.005 0.003 0.002 0.001 0.018 0.027 0.153 0.006 0.001 0.002 0.01 0.108 0 0.004 0.004 0.021 0.009 0.006 0.002 0.002 0.231 0.065 0.052 0.009 0.034 0.024 0.001 0.319 0.01 0.54 0.007 0.02 0.001 0.003 0.006 0.007 0.094 0.001 0.43 0.092 0.001 0.023 0.007 0.001 0.001 0.086 0.007 0.619 0.007 0.009 0.001 0.011 1 0.001 0.001 0.001 0.081 0.001 0 0.001 0.588 0.005 0.078 0.001 0.001 0.001 0.01 0.001 0.749 0.001 0.001 0.002
0.048 0.059 0.055 0.026 0.007 0.003 0.002 0.004 0.004 0.025 0.002 0.002 0.001 0.014 0.013 0.003 0.006 0.001 0.002 0.014 0.003 0.202 0.013 0.046 0.014 0.009 0.025 0.002 0.002 0.003 0.001 0.001 0.009 0.025 0.034 0.001 0.001 0.01 0.002 0.009 0.038 0.001 0.008 0.21 0.148 0.12 0.001 0.002 0.117 0.036 0.021 0.001 0.001 0.003 0.111 0.186 0.002 0.201 0.151 0.001 0.118 0.001 1 0 0.001 0.099 0.005 0.004 0.001 0.001 0.004 0.1 0.001 0.001 0.001 0.096 0.001 0.001 0.001 0.001 0
0.009 0.007 0.008 0.006 0.006 0 0 0.003 0.002 0.004 0.002 0.3 0.001 0.008 0.009 0.002 0.005 0.001 0.001 0.011 0.002 0.04 0.004 0.007 0.011 0.007 0.015 0.002 0.001 0.002 0 0.001 0.007 0.007 0.018 0.001 0.001 0.006 0.002 0.005 0.021 0.001 0.006 0.039 0.038 0.017 0.001 0.002 0.041 0.005 0.017 0.001 0.001 0.334 0.015 0.033 0 0.044 0.039 0.001 0.059 0.001 0 1 0.001 0.049 0.327 0.027 0.001 0.001 0.004 0.038 0.191 0.001 0.001 0.052 0.001 0.001 0.001 0.001 0.245
0 0 0 0.001 0.005 0.016 0.03 0.003 0.002 0.001 0.001 0.125 0.001 0.017 0.015 0.015 0.003 0.001 0.001 0 0.016 0.029 0.008 0.004 0 0.005 0.001 0.001 0.001 0.014 0 0 0.005 0.001 0.002 0.001 0.042 0.006 0.028 0.005 0.003 0.001 0.005 0.045 0.002 0.07 0.001 0.025 0.068 0.008 0.012 0.01 0 0 0.065 0.039 0.039 0 0.03 0.001 0.071 0.001 0.001 0.001 1 0.056 0 0.001 0.001 0.001 0.048 0.043 0 0.001 0 0.076 0 0.001 0 0.001 0.001
0.017 0.021 0.021 0.001 0.002 0.006 0.029 0.004 0.003 0.019 0.003 0.08 0.009 0.008 0.007 0.008 0.001 0.009 0.113 0 0.004 0.353 0.038 0.07 0 0.004 0.021 0.018 0.105 0.015 0.003 0.002 0.003 0.008 0.022 0.01 0.047 0.019 0.073 0.053 0.036 0.007 0.074 0.417 0.422 0.747 0.005 0.177 0.733 0.143 0.199 0.063 0.007 0.019 0.829 0.498 0.117 0.482 0.582 0.01 0.774 0.081 0.099 0.049 0.056 1 0.048 0.02 0.011 0.075 0.331 0.916 0.06 0.009 0.008 0.723 0.006 0.085 0.064 0.012 0.117
0.008 0.007 0.007 0.014 0.004 0.001 0.001 0.002 0.002 0.012 0.001 0.301 0 0.006 0.006 0.001 0.003 0 0.001 0.007 0.001 0.101 0.006 0.024 0.006 0.004 0.011 0.001 0.001 0.001 0 0 0.004 0.012 0.016 0.001 0.001 0.005 0.001 0.004 0.018 0.001 0.004 0.097 0.073 0.056 0 0.001 0.054 0.013 0.01 0.006 0 0.398 0.052 0.086 0.001 0.093 0.07 0 0.056 0.001 0.005 0.327 0 0.048 1 0.073 0.001 0 0.002 0.034 0.238 0 0 0.06 0 0 0 0.001 0.235
0.001 0.001 0 0.001 0.001 0 0 0.001 0.001 0.001 0.001 0.023 0 0 0.001 0 0 0 0.001 0.001 0 0.013 0.003 0.008 0.001 0.001 0.003 0.001 0 0 0 0 0.001 0.003 0.004 0 0 0.001 0 0.002 0.005 0 0.002 0.039 0.038 0.032 0 0.001 0.031 0.01 0.005 0.001 0 0 0.029 0.034 0 0.027 0.027 0 0.032 0 0.004 0.027 0.001 0.02 0.073 1 0 0 0.012 0.018 0.001 0 0 0.028 0 0 0 0 0.019
0.001 0.014 0 0.005 0.001 0.003 0.002 0.004 0.004 0.004 0.002 0.001 0.001 0 0 0.003 0.005 0.001 0.002 0 0.002 0.005 0.004 0.011 0 0.001 0.003 0.101 0.002 0.003 0.001 0.001 0.008 0.023 0.031 0.001 0.001 0.009 0.002 0.008 0.021 0.001 0.007 0.005 0.005 0.009 0.001 0.002 0.01 0.007 0.019 0.048 0.001 0 0.01 0.006 0.002 0.006 0.007 0.001 0.009 0.001 0.001 0.001 0.001 0.011 0.001 0 1 0.001 0.004 0.011 0.001 0.001 0.001 0.009 0.001 0.001 0.001 0.001 0.001
0.018 0.023 0.021 0.005 0.005 0.099 0.168 0.003 0.003 0.01 0.002 0.006 0.001 0.025 0.038 0.158 0.004 0.001 0.001 0.012 0.101 0.001 0.009 0.004 0.027 0.006 0.011 0.001 0.002 0.175 0.102 0.083 0.006 0.036 0.021 0.001 0.273 0.007 0.418 0.004 0.019 0.001 0.006 0.002 0.002 0.087 0.001 0.331 0.085 0 0.015 0.012 0.001 0 0.08 0.002 0.475 0.002 0.003 0.001 0.004 0.588 0.001 0.001 0.001 0.075 0 0 0.001 1 0.004 0.072 0.001 0.001 0.001 0.004 0 0.499 0.001 0.001 0.001
0.016 0.022 0.017 0.048 0.005 0.004 0.001 0.016 0.015 0.036 0.008 0.004 0.004 0 0 0.004 0 0.004 0.345 0.008 0.004 0.171 0.002 0.071 0.011 0.007 0.036 0.006 0.355 0.005 0.002 0.002 0.005 0.038 0.035 0.004 0 0.001 0.001 0.015 0.049 0.003 0.028 0.242 0.172 0.222 0.004 0.017 0.219 0.068 0.071 0.027 0.003 0.002 0.334 0.355 0 0.289 0.309 0.004 0.444 0.005 0.004 0.004 0.048 0.331 0.002 0.012 0.004 0.004 1 0.379 0.003 0.004 0.003 0.417 0.003 0.004 0.003 0.005 0.019
0.014 0.02 0.019 0.001 0.001 0.005 0.025 0.004 0.003 0.018 0.003 0.075 0.009 0.005 0.005 0.007 0.001 0.009 0.14 0 0.003 0.388 0.043 0.07 0 0.004 0.023 0.018 0.142 0.013 0.002 0.001 0.003 0.009 0.026 0.01 0.045 0.023 0.068 0.058 0.042 0.009 0.073 0.447 0.452 0.764 0.01 0.164 0.75 0.138 0.197 0.063 0.007 0.02 0.837 0.52 0.11 0.48 0.605 0.01 0.796 0.078 0.1 0.038 0.043 0.916 0.034 0.018 0.011 0.072 0.379 1 0.06 0.009 0.008 0.725 0.006 0.082 0.048 0.012 0.103
0 0 0 0 0.003 0 0 0.001 0.001 0.005 0.001 0.067 0.001 0.005 0.005 0.002 0.003 0.001 0.001 0.008 0.002 0.057 0.002 0.018 0.007 0.005 0.009 0.001 0.001 0.002 0 0 0.005 0.009 0.01 0.001 0.001 0.003 0.001 0.003 0.012 0.001 0.005 0.058 0.041 0.031 0.001 0.001 0.03 0.004 0.012 0.004 0 0.17 0.028 0.051 0 0.066 0.061 0.001 0.07 0.001 0.001 0.191 0 0.06 0.238 0.001 0.001 0.001 0.003 0.06 1 0.001 0 0.06 0 0.001 0 0.001 0.242
0.007 0.006 0.006 0.029 0.004 0.001 0.001 0.001 0.001 0.033 0 0.001 0 0.006 0.007 0 0.002 0.001 0.002 0.006 0.001 0.004 0.009 0.017 0.005 0.007 0.03 0 0.002 0 0 0.001 0.007 0.03 0.022 0.634 0 0.007 0.001 0.006 0.023 0.001 0.112 0.004 0.004 0.008 0.001 0.002 0.008 0.015 0.043 0.011 0 0 0.008 0.005 0.001 0.005 0.006 0 0.008 0.001 0.001 0.001 0.001 0.009 0 0 0.001 0.001 0.004 0.009 0.001 1 0.001 0.007 0 0.001 0.001 0.001 0.001
0.004 0.008 0.009 0.015 0.004 0.002 0.001 0.002 0.001 0.018 0 0.001 0 0.008 0 0.002 0.002 0.001 0.002 0.007 0.002 0 0.008 0.008 0.007 0.004 0.02 0.001 0.002 0.002 0 0 0.005 0.033 0.025 0.001 0.001 0.005 0.001 0.004 0.022 0.001 0.097 0.004 0.004 0.007 0.001 0.002 0.007 0.006 0.04 0.011 0 0 0.007 0.004 0.001 0.004 0.005 0.001 0.007 0.001 0.001 0.001 0 0.008 0 0 0.001 0.001 0.003 0.008 0 0.001 1 0.006 0 0.001 0.001 0.001 0.001
0.003 0.005 0.006 0.005 0 0.004 0 0.002 0.001 0.031 0.003 0.08 0.007 0 0 0.006 0.004 0.008 0.155 0.004 0.005 0.395 0.03 0.096 0.005 0.001 0.039 0.014 0.159 0.007 0.003 0.004 0.001 0.036 0.06 0.008 0 0.011 0.003 0.046 0.081 0.005 0.058 0.525 0.522 0.59 0.008 0.023 0.58 0.181 0.157 0.042 0.005 0.025 0.651 0.595 0.001 0.546 0.66 0.008 0.905 0.01 0.096 0.052 0.076 0.723 0.06 0.028 0.009 0.004 0.417 0.725 0.06 0.007 0.006 1 0.005 0.008 0.041 0.01 0.147
0.003 0.002 0.002 0.005 0 0.001 0.001 0 0.001 0.001 0.001 0.001 0 0 0 0.001 0.003 0.001 0.001 0.001 0.001 0.003 0.023 0.01 0.001 0 0.003 0.001 0.001 0.002 0 0 0 0.003 0.017 0.001 0.001 0.053 0.001 0.062 0.015 0.001 0.004 0.003 0.003 0.005 0.001 0.001 0.006 0.025 0.028 0.007 0 0 0.006 0.003 0.001 0.003 0.004 0.001 0.005 0.001 0.001 0.001 0 0.006 0 0 0.001 0 0.003 0.006 0 0 0 0.005 1 0.001 0 0.001 0.001
0.011 0.015 0.014 0.003 0.006 0.131 0.221 0.004 0.003 0.005 0.002 0.005 0.001 0.017 0.027 0.128 0.004 0.001 0.002 0.017 0.134 0.001 0.011 0.006 0.018 0.007 0.006 0.002 0.002 0.213 0.061 0.049 0.007 0.04 0.03 0.001 0.295 0.008 0.527 0.005 0.027 0.001 0.007 0.005 0.005 0.098 0.001 0.422 0.096 0.005 0.017 0.014 0.001 0 0.091 0.005 0.605 0.005 0.007 0.001 0.008 0.749 0.001 0.001 0.001 0.085 0 0 0.001 0.499 0.004 0.082 0.001 0.001 0.001 0.008 0.001 1 0.001 0.001 0.001
0.029 0.035 0.033 0.015 0.063 0.002 0.001 0.121 0.133 0.018 0.056 0.001 0.001 0.047 0.043 0.002 0.091 0 0.001 0.038 0.002 0.003 0.003 0.008 0.04 0.062 0.02 0.001 0.001 0.002 0 0 0.061 0.019 0.019 0.001 0.001 0.002 0.001 0.001 0.019 0 0.004 0.004 0.066 0.056 0.004 0.001 0.054 0.008 0.013 0.005 0 0 0.028 0.004 0.003 0.004 0.071 0.001 0.055 0.001 0.001 0.001 0 0.064 0 0 0.001 0.001 0.003 0.048 0 0.001 0.001 0.041 0 0.001 1 0.001 0.001
0.003 0.006 0.005 0 0.002 0.054 0.049 0.005 0.004 0.001 0.002 0.002 0.008 0.006 0.005 0.053 0.006 0 0.002 0.008 0.056 0.006 0.01 0.001 0.008 0.002 0 0.002 0.002 0.05 0.044 0.035 0.007 0 0.005 0.001 0.051 0.01 0.034 0.009 0.002 0.002 0.002 0.006 0.006 0.011 0.001 0.002 0.011 0.02 0.011 0.002 0.542 0 0.011 0.007 0.002 0.006 0.008 0.762 0.01 0.001 0.001 0.001 0.001 0.012 0.001 0 0.001 0.001 0.005 0.012 0.001 0.001 0.001 0.01 0.001 0.001 0.001 1 0.001
0.006 0.004 0.004 0.008 0.008 0.001 0 0.004 0.003 0.014 0.003 0.075 0.001 0.013 0.014 0.003 0.006 0.001 0.002 0.016 0.003 0.039 0.001 0.013 0.015 0.01 0.028 0.002 0.002 0.003 0.001 0.001 0.01 0.018 0.034 0.001 0.002 0.008 0.002 0.007 0.038 0.002 0.009 0.039 0.029 0.016 0.001 0.003 0.015 0.008 0.023 0 0.001 0.087 0.031 0.062 0 0.077 0.054 0.001 0.137 0.002 0 0.245 0.001 0.117 0.235 0.019 0.001 0.001 0.019 0.103 0.242 0.001 0.001 0.147 0.001 0.001 0.001 0.001 1
