1 0.784 0.805 0.43 0.255 0.22 0.142 0.195 0.165 0.254 0.088 0.03 0.059 0.488 0.43 0.213 0.182 0.027 0.028 0.446 0.195 0 0.15 0.111 0.511 0.216 0.229 0 0.025 0.185 0.064 0.063 0.165 0.163 0.065 0.004 0.049 0.009 0.07 0.003 0.062 0.022 0.006 0 0.001 0.03 0.008 0.07 0.027 0.02 0.001 0.036 0.011 0.008 0.023 0.001 0.053 0 0 0.009 0.008 0.015 0.061 0.012 0.019 0.019 0.018 0.002 0.003 0.025 0.002 0.013 0.014 0.007 0.005 0.001 0.004 0.015 0.017 0.017 0.013
0.784 1 0.962 0.396 0.282 0.28 0.181 0.248 0.21 0.211 0.112 0.023 0.075 0.589 0.528 0.271 0.208 0.034 0.022 0.535 0.251 0.001 0.129 0.08 0.609 0.242 0.238 0.025 0.018 0.239 0.081 0.081 0.201 0.175 0.076 0.006 0.064 0.015 0.093 0.011 0.046 0.017 0.035 0.001 0.005 0.044 0.014 0.071 0.041 0.035 0.001 0.023 0.016 0.007 0.034 0 0.072 0 0.002 0.014 0.013 0.022 0.081 0.009 0.014 0.029 0.014 0.002 0.007 0.035 0.001 0.026 0.01 0.01 0.008 0.003 0.002 0.022 0.021 0.024 0.009
0.805 0.962 1 0.41 0.317 0.273 0.177 0.24 0.203 0.224 0.108 0.024 0.072 0.617 0.553 0.264 0.227 0.033 0.023 0.563 0.244 0.001 0.131 0.085 0.64 0.273 0.256 0.025 0.019 0.233 0.08 0.08 0.215 0.182 0.079 0.007 0.063 0.019 0.091 0.009 0.048 0.018 0.037 0 0.004 0.05 0.014 0.091 0.046 0.038 0.002 0.023 0.015 0.007 0.039 0 0.07 0 0.001 0.013 0.016 0.022 0.078 0.009 0.014 0.033 0.014 0.001 0.002 0.034 0 0.03 0.01 0.01 0.008 0.005 0.002 0.022 0.021 0.023 0.009
0.43 0.396 0.41 1 0.156 0.098 0.056 0.108 0.091 0.735 0.049 0.053 0.033 0.25 0.252 0.094 0.112 0.015 0.051 0.212 0.082 0.02 0.315 0.35 0.271 0.147 0.564 0.014 0.049 0.076 0.036 0.034 0.109 0.476 0.248 0.024 0.017 0 0.026 0.002 0.321 0.039 0.233 0.032 0.019 0.001 0.04 0.034 0.001 0.005 0.172 0.14 0.003 0.015 0.003 0.043 0.024 0.037 0.029 0.002 0.01 0.004 0.037 0.019 0.002 0.004 0.032 0.005 0.009 0.007 0.019 0.005 0.024 0.013 0.008 0.02 0.009 0.005 0.009 0.003 0.026
0.255 0.282 0.317 0.156 1 0.023 0.015 0.609 0.562 0.198 0.296 0.009 0.006 0.425 0.389 0.022 0.671 0.094 0.008 0.4 0.023 0.032 0.055 0.115 0.441 0.774 0.204 0.009 0.004 0.023 0.007 0.008 0.647 0.166 0.112 0.001 0.008 0.166 0.011 0.116 0.092 0.006 0.032 0.027 0.008 0.005 0.008 0 0.005 0.063 0.021 0.029 0.001 0.002 0.007 0.03 0.006 0.028 0.009 0.001 0.003 0.007 0.009 0.002 0.005 0.007 0.005 0.001 0 0.006 0.001 0.007 0.004 0.002 0.003 0.003 0 0.005 0.054 0.001 0.006
0.22 0.28 0.273 0.098 0.023 1 0.649 0.015 0.013 0.135 0.007 0.007 0.266 0.305 0.278 0.954 0.018 0.002 0.006 0.282 0.918 0.027 0.03 0.074 0.309 0.024 0.146 0.007 0.008 0.874 0.297 0.303 0.026 0.108 0.053 0.002 0.242 0.034 0.357 0.031 0.035 0.005 0.002 0.021 0.022 0.014 0.007 0.217 0.013 0.052 0.008 0.022 0.059 0.002 0.012 0.023 0.256 0.022 0.026 0.051 0.002 0.11 0.007 0.003 0.079 0.006 0.004 0 0.003 0.147 0.005 0.005 0.004 0.004 0.002 0.001 0.003 0.102 0.001 0.079 0.005
0.142 0.181 0.177 0.056 0.015 0.649 1 0.01 0.008 0.099 0.005 0.004 0.003 0.217 0.198 0.666 0.012 0.001 0.004 0.203 0.648 0.017 0.025 0.056 0.221 0.016 0.112 0.005 0.005 0.63 0.458 0.47 0.017 0.071 0.031 0.002 0.379 0.022 0.558 0.02 0.018 0.003 0.025 0.011 0.012 0.05 0.004 0.349 0.048 0.027 0.057 0.016 0.047 0.001 0.045 0.013 0.404 0.012 0.015 0.04 0.001 0.179 0.005 0.002 0.128 0.029 0.003 0 0.002 0.233 0.002 0.026 0.003 0.003 0.001 0.001 0.002 0.163 0.001 0.072 0.004
0.195 0.248 0.24 0.108 0.609 0.015 0.01 1 0.845 0.134 0.451 0.006 0.004 0.287 0.261 0.015 0.765 0.002 0.006 0.27 0.015 0.021 0.037 0.076 0.298 0.548 0.135 0.006 0.002 0.016 0.005 0.005 0.512 0.122 0.081 0 0.005 0.216 0.008 0.217 0.069 0.004 0.027 0.016 0.001 0.006 0.006 0.008 0.006 0.113 0.065 0.033 0.003 0.002 0.008 0.018 0.003 0.017 0.002 0.003 0.004 0.005 0.006 0.001 0.003 0.008 0.003 0.001 0.002 0.004 0.007 0.008 0.002 0.001 0.002 0.006 0.001 0.003 0.089 0.003 0.004
0.165 0.21 0.203 0.091 0.562 0.013 0.008 0.845 1 0.114 0.534 0.005 0.003 0.241 0.22 0.013 0.674 0.002 0.005 0.227 0.013 0.017 0.031 0.064 0.252 0.455 0.112 0.005 0.001 0.013 0.004 0.004 0.425 0.098 0.065 0 0.004 0.158 0.006 0.155 0.055 0.004 0.022 0.013 0 0.003 0.005 0.007 0.003 0.086 0.045 0.039 0.003 0.001 0.004 0.014 0.002 0.013 0 0.003 0.001 0.004 0.005 0.001 0.003 0.005 0.003 0.001 0.002 0.004 0.005 0.004 0.002 0.001 0.002 0.003 0.001 0.003 0.105 0.003 0.003
0.254 0.211 0.224 0.735 0.198 0.135 0.099 0.134 0.114 1 0.061 0.043 0.041 0.363 0.367 0.148 0.141 0.019 0.041 0.316 0.133 0.159 0.271 0.567 0.383 0.19 0.74 0.021 0.03 0.125 0.045 0.043 0.144 0.652 0.384 0.03 0.032 0.002 0.045 0 0.486 0.031 0.294 0.15 0.114 0.037 0.043 0.045 0.041 0.035 0.242 0.221 0.012 0.012 0.048 0.166 0.033 0.158 0.132 0.01 0.074 0.007 0.037 0.015 0.004 0.052 0.026 0.005 0.009 0.02 0.031 0.053 0.027 0.018 0.011 0.062 0.006 0.007 0.011 0.011 0.033
0.088 0.112 0.108 0.049 0.296 0.007 0.005 0.451 0.534 0.061 1 0.003 0.002 0.133 0.121 0.007 0.39 0.001 0.002 0.125 0.007 0.01 0.017 0.036 0.138 0.224 0.057 0.003 0 0.007 0.002 0.002 0.21 0.06 0.04 0 0.002 0.063 0.003 0.054 0.035 0.002 0.01 0.005 0.001 0 0.003 0.003 0 0.041 0.017 0.024 0.001 0.001 0 0.006 0 0.006 0.001 0.002 0 0.002 0.003 0.001 0.001 0 0.002 0.001 0.001 0.002 0.001 0 0.002 0 0.001 0 0.001 0.002 0.112 0.002 0.003
0.03 0.023 0.024 0.053 0.009 0.007 0.004 0.006 0.005 0.043 0.003 1 0.002 0.011 0.011 0.006 0.007 0.001 0.002 0 0.007 0.196 0.016 0.052 0.018 0.009 0.036 0.003 0.003 0.006 0.002 0.002 0.009 0.031 0.044 0.001 0.001 0.013 0.001 0.011 0.052 0.002 0.014 0.165 0.114 0.11 0.002 0.001 0.139 0.05 0.033 0.007 0.001 0.281 0.104 0.152 0.001 0.124 0.131 0.001 0.115 0.001 0.001 0.312 0.018 0.107 0.124 0.023 0.001 0 0 0.095 0.076 0.002 0.001 0.122 0.001 0 0.001 0.001 0.13
0.059 0.075 0.072 0.033 0.006 0.266 0.003 0.004 0.003 0.041 0.002 0.002 1 0.089 0.081 0.274 0.005 0.001 0.002 0.08 0.257 0.007 0.011 0.024 0.089 0.007 0.039 0.002 0.002 0.233 0.001 0.002 0.007 0.041 0.029 0 0.002 0.009 0.002 0.008 0.024 0.001 0.107 0.008 0.008 0.012 0.002 0.002 0.013 0.02 0.046 0.011 0.012 0 0.013 0.009 0.002 0.008 0.009 0.011 0.01 0.001 0.002 0.001 0.001 0.011 0.001 0 0.001 0.001 0.003 0.011 0.001 0.001 0.001 0.008 0.001 0.001 0 0.01 0.001
0.488 0.589 0.617 0.25 0.425 0.305 0.217 0.287 0.241 0.363 0.133 0.011 0.089 1 0.91 0.324 0.317 0.042 0.015 0.786 0.302 0.065 0.103 0.222 0.878 0.373 0.394 0.02 0.012 0.312 0.099 0.111 0.294 0.324 0.205 0.005 0.099 0.046 0.135 0.029 0.156 0.014 0.016 0.055 0.036 0.002 0.019 0.135 0.001 0.005 0.003 0.06 0.024 0.006 0 0.062 0.108 0.065 0.037 0.021 0.006 0.044 0.02 0.01 0.03 0 0.01 0.001 0.002 0.073 0.003 0 0.014 0.008 0.007 0.005 0.001 0.042 0.027 0.034 0.017
0.43 0.528 0.553 0.252 0.389 0.278 0.198 0.261 0.22 0.367 0.121 0.011 0.081 0.91 1 0.296 0.289 0.038 0.017 0.743 0.303 0.069 0.11 0.238 0.834 0.398 0.414 0.018 0.014 0.284 0.09 0.101 0.342 0.329 0.216 0.006 0.096 0.062 0.128 0.043 0.166 0.016 0.018 0.062 0.043 0.001 0.013 0.128 0 0.007 0.005 0.055 0.021 0.006 0 0.069 0.103 0.073 0.044 0.018 0.01 0.043 0.021 0.011 0.027 0 0.011 0.001 0.001 0.071 0.004 0.001 0.016 0.008 0.002 0.008 0.001 0.042 0.025 0.03 0.019
0.213 0.271 0.264 0.094 0.022 0.954 0.666 0.015 0.013 0.148 0.007 0.006 0.274 0.324 0.296 1 0.017 0.002 0.006 0.296 0.948 0.026 0.039 0.086 0.33 0.024 0.16 0.007 0.007 0.917 0.306 0.313 0.025 0.119 0.062 0.002 0.263 0.033 0.382 0.03 0.042 0.005 0.003 0.02 0.021 0.017 0.006 0.235 0.016 0.047 0.007 0.029 0.061 0.002 0.015 0.022 0.276 0.021 0.025 0.053 0.001 0.123 0.007 0.003 0.081 0.008 0.004 0 0.003 0.162 0.005 0.007 0.005 0.003 0.002 0.001 0.002 0.105 0.001 0.082 0.005
0.182 0.208 0.227 0.112 0.671 0.018 0.012 0.765 0.674 0.141 0.39 0.007 0.005 0.317 0.289 0.017 1 0.002 0.006 0.321 0.018 0.027 0.043 0.093 0.356 0.598 0.166 0.007 0.002 0.018 0.005 0.006 0.56 0.145 0.098 0.001 0.006 0.239 0.009 0.17 0.083 0.005 0.021 0.019 0.003 0 0.007 0.001 0.001 0.118 0.052 0.029 0.004 0.002 0.001 0.021 0.004 0.02 0.003 0.004 0 0.005 0.007 0.004 0.004 0.001 0.004 0 0.003 0.005 0 0.002 0.005 0.001 0.002 0 0.002 0.004 0.077 0.004 0.007
0.027 0.034 0.033 0.015 0.094 0.002 0.001 0.002 0.002 0.019 0.001 0.001 0.001 0.042 0.038 0.002 0.002 1 0.001 0.039 0.002 0.003 0.005 0.011 0.044 0.089 0.023 0.001 0.001 0.002 0.001 0.001 0.084 0.024 0.017 0 0.001 0.004 0.001 0.004 0.015 0.001 0.004 0.004 0.004 0.006 0.001 0.001 0.006 0.009 0.009 0.001 0.008 0 0.006 0.004 0.001 0.004 0.004 0.007 0.005 0.001 0.001 0 0 0.006 0.001 0 0 0.001 0.002 0.006 0.001 0.001 0 0.004 0 0 0 0.007 0.001
0.028 0.022 0.023 0.051 0.008 0.006 0.004 0.006 0.005 0.041 0.002 0.002 0.002 0.015 0.017 0.006 0.006 0.001 1 0.02 0.006 0.235 0.015 0.069 0.018 0.009 0.035 0.003 0.832 0.006 0.002 0.002 0.009 0.026 0.037 0.001 0.002 0.012 0.003 0.011 0.045 0.002 0.009 0.188 0.181 0.119 0.002 0.003 0.117 0.013 0.024 0.021 0.001 0.001 0.113 0.172 0.003 0.143 0.158 0.001 0.133 0.002 0.003 0 0.001 0.079 0 0 0.001 0.002 0.361 0.12 0 0.002 0.003 0.123 0.001 0.001 0.001 0.001 0
0.446 0.535 0.563 0.212 0.4 0.282 0.203 0.27 0.227 0.316 0.125 0 0.08 0.786 0.743 0.296 0.321 0.039 0.02 1 0.314 0.041 0.107 0.192 0.89 0.379 0.395 0.022 0.013 0.266 0.094 0.093 0.325 0.284 0.161 0.005 0.07 0.037 0.103 0.022 0.118 0.003 0.019 0.032 0.015 0.004 0.016 0.103 0.003 0.007 0 0.056 0.022 0.006 0.002 0.036 0.079 0.035 0.019 0.019 0.001 0.032 0.023 0.011 0.022 0 0.013 0.002 0.003 0.046 0.003 0 0.016 0.008 0.007 0.001 0.002 0.025 0.024 0.032 0.02
0.195 0.251 0.244 0.082 0.023 0.918 0.648 0.015 0.013 0.133 0.007 0.007 0.257 0.302 0.303 0.948 0.018 0.002 0.006 0.314 1 0.027 0.04 0.088 0.343 0.024 0.167 0.007 0.007 0.879 0.3 0.308 0.016 0.109 0.059 0.002 0.243 0.029 0.358 0.026 0.04 0.005 0.002 0.021 0.022 0.014 0.003 0.218 0.013 0.051 0.008 0.023 0.059 0.002 0.012 0.023 0.257 0.022 0.026 0.051 0.002 0.11 0.007 0.003 0.079 0.005 0.004 0 0.003 0.147 0.006 0.004 0.005 0.004 0.002 0.001 0.002 0.101 0.001 0.08 0.006
0 0.001 0.001 0.02 0.032 0.027 0.017 0.021 0.017 0.159 0.01 0.196 0.007 0.065 0.069 0.026 0.027 0.003 0.235 0.041 0.027 1 0.063 0.29 0.075 0.037 0.134 0.011 0.223 0.026 0.008 0.009 0.038 0.127 0.179 0.005 0.006 0.051 0.01 0.047 0.211 0.007 0.051 0.803 0.705 0.525 0.003 0.01 0.513 0.201 0.113 0.008 0.005 0.039 0.495 0.738 0.008 0.683 0.667 0.006 0.559 0.002 0.207 0.049 0.001 0.461 0.148 0.008 0.004 0.004 0.175 0.499 0.138 0.006 0 0.45 0.004 0.002 0.002 0.006 0.165
0.15 0.129 0.131 0.315 0.055 0.03 0.025 0.037 0.031 0.271 0.017 0.016 0.011 0.103 0.11 0.039 0.043 0.005 0.015 0.107 0.04 0.063 1 0.405 0.12 0.059 0.222 0.017 0.013 0.042 0.012 0.014 0.038 0.187 0.016 0.008 0.013 0.068 0.02 0.075 0.029 0.097 0.081 0.067 0.069 0.104 0.093 0.021 0.107 0.006 0.005 0.12 0 0.004 0.073 0.04 0.015 0.035 0.042 0 0.057 0.006 0.017 0.005 0.009 0.063 0.01 0.004 0.003 0.011 0.011 0.064 0.007 0.001 0.005 0.045 0.024 0.009 0.003 0 0.009
0.111 0.08 0.085 0.35 0.115 0.074 0.056 0.076 0.064 0.567 0.036 0.052 0.024 0.222 0.238 0.086 0.093 0.011 0.069 0.192 0.088 0.29 0.405 1 0.259 0.127 0.472 0.036 0.068 0.091 0.027 0.031 0.1 0.417 0.185 0.018 0.026 0.003 0.04 0.006 0.245 0.034 0.18 0.249 0.204 0.094 0.05 0.041 0.088 0.093 0.099 0.047 0.005 0.009 0.113 0.272 0.032 0.259 0.233 0.003 0.16 0.013 0.054 0.011 0 0.111 0.044 0.011 0.009 0.021 0.066 0.112 0.043 0.009 0.005 0.134 0.008 0.014 0.006 0.004 0.052
0.511 0.609 0.64 0.271 0.441 0.309 0.221 0.298 0.252 0.383 0.138 0.018 0.089 0.878 0.834 0.33 0.356 0.044 0.018 0.89 0.343 0.075 0.12 0.259 1 0.422 0.474 0.02 0.014 0.306 0.106 0.106 0.364 0.344 0.214 0.004 0.085 0.048 0.123 0.03 0.165 0.014 0.014 0.06 0.034 0.001 0.014 0.123 0 0.003 0.003 0.058 0.025 0.005 0 0.067 0.096 0.063 0.04 0.022 0.007 0.033 0.02 0.01 0.02 0 0.011 0.001 0.002 0.059 0.004 0.001 0.014 0.007 0.006 0.006 0.001 0.03 0.027 0.036 0.018
0.216 0.242 0.273 0.147 0.774 0.024 0.016 0.548 0.455 0.19 0.224 0.009 0.007 0.373 0.398 0.024 0.598 0.089 0.009 0.379 0.024 0.037 0.059 0.127 0.422 1 0.243 0.01 0.011 0.025 0.007 0.008 0.843 0.194 0.131 0.005 0.008 0.228 0.012 0.172 0.11 0.007 0.051 0.037 0.014 0.01 0.009 0 0.01 0.085 0.027 0.034 0 0.003 0.013 0.04 0.006 0.038 0.015 0 0.007 0.007 0.01 0.005 0.005 0.012 0.006 0.001 0 0.003 0.001 0.013 0.007 0.006 0.003 0.007 0 0.005 0.055 0 0.009
0.229 0.238 0.256 0.564 0.204 0.146 0.112 0.135 0.112 0.74 0.057 0.036 0.039 0.394 0.414 0.16 0.166 0.023 0.035 0.395 0.167 0.134 0.222 0.472 0.474 0.243 1 0.039 0.042 0.15 0.054 0.052 0.216 0.798 0.527 0.029 0.039 0.009 0.056 0.004 0.425 0.024 0.162 0.145 0.109 0.029 0.02 0.056 0.032 0.018 0.173 0.163 0.013 0.01 0.039 0.159 0.042 0.152 0.123 0.009 0.068 0.011 0.032 0.018 0.006 0.044 0.022 0.005 0.007 0.026 0.033 0.046 0.026 0.018 0.014 0.059 0.005 0.011 0.013 0.011 0.036
0 0.025 0.025 0.014 0.009 0.007 0.005 0.006 0.005 0.021 0.003 0.003 0.002 0.02 0.018 0.007 0.007 0.001 0.003 0.022 0.007 0.011 0.017 0.036 0.02 0.01 0.039 1 0.003 0.007 0.002 0.002 0.01 0.037 0.052 0 0.002 0.013 0.003 0.012 0.013 0.002 0.095 0.012 0.012 0.018 0 0.004 0.018 0.025 0.032 0.007 0.001 0.001 0.019 0.012 0.003 0.012 0.014 0.002 0.016 0.002 0.003 0.001 0.002 0.018 0.002 0.001 0.015 0.002 0.005 0.018 0.002 0 0.001 0.014 0.001 0.002 0.001 0.002 0.003
0.025 0.018 0.019 0.049 0.004 0.008 0.005 0.002 0.001 0.03 0 0.003 0.002 0.012 0.014 0.007 0.002 0.001 0.832 0.013 0.007 0.223 0.013 0.068 0.014 0.011 0.042 0.003 1 0.008 0.002 0.003 0.011 0.033 0.046 0.001 0.002 0.014 0.004 0.013 0.055 0.002 0.011 0.208 0.2 0.131 0.003 0.004 0.128 0.018 0.031 0.019 0.002 0.001 0.123 0.19 0.003 0.163 0.174 0.002 0.146 0.002 0.003 0.001 0.001 0.085 0.001 0 0.001 0.002 0.407 0.132 0 0.002 0.002 0.141 0.001 0.002 0.001 0.002 0.001
0.185 0.239 0.233 0.076 0.023 0.874 0.63 0.016 0.013 0.125 0.007 0.006 0.233 0.312 0.284 0.917 0.018 0.002 0.006 0.266 0.879 0.026 0.042 0.091 0.306 0.025 0.15 0.007 0.008 1 0.3 0.307 0.026 0.134 0.074 0.002 0.306 0.034 0.47 0.028 0.051 0.005 0.002 0.021 0.022 0.028 0.007 0.307 0.026 0.041 0.01 0.036 0.059 0.002 0.024 0.024 0.359 0.022 0.026 0.05 0.002 0.198 0.007 0.003 0.078 0.014 0.004 0 0.003 0.222 0.006 0.013 0.005 0.004 0.002 0.001 0.003 0.187 0.001 0.079 0.006
0.064 0.081 0.08 0.036 0.007 0.297 0.458 0.005 0.004 0.045 0.002 0.002 0.001 0.099 0.09 0.306 0.005 0.001 0.002 0.094 0.3 0.008 0.012 0.027 0.106 0.007 0.054 0.002 0.002 0.3 1 0.893 0.008 0.015 0.008 0.001 0.062 0.01 0.295 0.009 0.005 0.001 0.011 0.009 0.009 0.007 0.002 0.098 0.007 0.023 0.027 0.007 0.021 0.001 0.006 0.01 0.115 0.009 0.011 0.018 0.012 0.167 0.002 0.001 0.001 0.006 0.001 0 0.001 0.178 0.004 0.005 0.002 0.001 0.001 0.01 0.001 0.119 0 0.054 0.002
0.063 0.081 0.08 0.034 0.008 0.303 0.47 0.005 0.004 0.043 0.002 0.002 0.002 0.111 0.101 0.313 0.006 0.001 0.002 0.093 0.308 0.009 0.014 0.031 0.106 0.008 0.052 0.002 0.003 0.307 0.893 1 0.009 0.016 0.011 0.001 0.089 0.007 0.32 0.006 0.008 0.002 0.013 0.01 0.01 0.009 0.002 0.121 0.009 0.026 0.024 0.009 0.018 0.001 0.008 0.011 0.141 0.01 0.012 0.015 0.007 0.147 0.002 0.001 0.002 0.008 0.001 0 0.001 0.157 0.001 0.008 0.002 0.001 0.001 0.006 0.001 0.104 0.001 0.047 0.002
0.165 0.201 0.215 0.109 0.647 0.026 0.017 0.512 0.425 0.144 0.21 0.009 0.007 0.294 0.342 0.025 0.56 0.084 0.009 0.325 0.016 0.038 0.038 0.1 0.364 0.843 0.216 0.01 0.011 0.026 0.008 0.009 1 0.215 0.16 0.005 0.009 0.293 0.013 0.234 0.136 0.007 0.054 0.038 0.015 0.011 0.006 0 0.012 0.104 0.037 0.041 0.001 0.003 0.015 0.042 0.007 0.04 0.016 0.002 0.008 0.008 0.011 0.005 0.006 0.015 0.006 0.001 0.004 0.004 0.002 0.015 0.007 0.006 0.003 0.009 0 0.006 0.052 0.002 0.01
0.163 0.175 0.182 0.476 0.166 0.108 0.071 0.122 0.098 0.652 0.06 0.031 0.041 0.324 0.329 0.119 0.145 0.024 0.026 0.284 0.109 0.127 0.187 0.417 0.344 0.194 0.798 0.037 0.033 0.134 0.015 0.016 0.215 1 0.676 0.03 0.062 0.021 0.093 0.014 0.563 0.025 0.183 0.144 0.107 0.017 0.035 0.093 0.019 0.006 0.221 0.217 0.014 0.01 0.024 0.157 0.077 0.149 0.12 0.01 0.064 0.035 0.03 0.015 0.007 0.028 0.021 0.004 0.014 0.051 0.034 0.03 0.025 0.02 0.024 0.056 0.001 0.038 0.014 0.005 0.032
0.065 0.076 0.079 0.248 0.112 0.053 0.031 0.081 0.065 0.384 0.04 0.044 0.029 0.205 0.216 0.062 0.098 0.017 0.037 0.161 0.059 0.179 0.016 0.185 0.214 0.131 0.527 0.052 0.046 0.074 0.008 0.011 0.16 0.676 1 0.021 0.039 0.247 0.061 0.237 0.825 0.035 0.111 0.215 0.174 0.057 0.027 0.067 0.061 0 0.369 0.165 0.005 0.014 0.071 0.234 0.059 0.219 0.19 0.003 0.124 0.023 0.044 0.02 0.003 0.074 0.029 0.007 0.019 0.024 0.053 0.077 0.031 0.012 0.017 0.109 0.019 0.027 0.009 0.001 0.043
0.004 0.006 0.007 0.024 0.001 0.002 0.002 0 0 0.03 0 0.001 0 0.005 0.006 0.002 0.001 0 0.001 0.005 0.002 0.005 0.008 0.018 0.004 0.005 0.029 0 0.001 0.002 0.001 0.001 0.005 0.03 0.021 1 0.001 0.007 0.002 0.006 0.023 0.001 0.091 0.006 0.006 0.009 0.001 0.002 0.009 0.015 0.039 0.012 0.005 0 0.01 0.006 0.002 0.006 0.007 0.004 0.008 0.001 0.001 0.001 0.001 0.009 0.001 0 0.001 0.001 0.003 0.009 0.001 0.756 0 0.007 0 0.001 0 0.001 0.001
0.049 0.064 0.063 0.017 0.008 0.242 0.379 0.005 0.004 0.032 0.002 0.001 0.002 0.099 0.096 0.263 0.006 0.001 0.002 0.07 0.243 0.006 0.013 0.026 0.085 0.008 0.039 0.002 0.002 0.306 0.062 0.089 0.009 0.062 0.039 0.001 1 0.011 0.485 0.01 0.038 0.002 0.013 0.01 0.01 0.051 0.002 0.337 0.05 0.007 0.029 0.02 0.103 0.001 0.048 0.011 0.387 0.01 0.012 0.091 0.005 0.114 0.002 0.001 0.212 0.026 0.001 0 0.001 0.114 0 0.024 0.002 0.001 0.001 0.008 0.001 0.138 0 0.09 0.002
0.009 0.015 0.019 0 0.166 0.034 0.022 0.216 0.158 0.002 0.063 0.013 0.009 0.046 0.062 0.033 0.239 0.004 0.012 0.037 0.029 0.051 0.068 0.003 0.048 0.228 0.009 0.013 0.014 0.034 0.01 0.007 0.293 0.021 0.247 0.007 0.011 1 0.017 0.897 0.211 0.009 0.073 0.055 0.058 0.056 0.135 0.001 0.058 0.214 0.206 0.007 0.007 0.004 0.06 0.06 0.012 0.055 0.062 0.006 0.046 0.01 0.014 0.004 0.007 0.053 0.008 0.002 0.005 0.009 0.009 0.054 0.007 0.008 0.004 0.035 0.068 0.007 0.002 0.008 0.01
0.07 0.093 0.091 0.026 0.011 0.357 0.558 0.008 0.006 0.045 0.003 0.001 0.002 0.135 0.128 0.382 0.009 0.001 0.003 0.103 0.358 0.01 0.02 0.04 0.123 0.012 0.056 0.003 0.004 0.47 0.295 0.32 0.013 0.093 0.061 0.002 0.485 0.017 1 0.012 0.058 0.002 0.019 0.015 0.015 0.077 0.003 0.507 0.075 0.014 0.044 0.031 0.065 0.001 0.072 0.016 0.583 0.015 0.017 0.057 0.001 0.429 0.004 0.002 0.071 0.073 0.002 0 0.001 0.396 0.001 0.069 0.002 0.002 0.001 0.001 0.001 0.402 0.001 0.056 0.003
0.003 0.011 0.009 0.002 0.116 0.031 0.02 0.217 0.155 0 0.054 0.011 0.008 0.029 0.043 0.03 0.17 0.004 0.011 0.022 0.026 0.047 0.075 0.006 0.03 0.172 0.004 0.012 0.013 0.028 0.009 0.006 0.234 0.014 0.237 0.006 0.01 0.897 0.012 1 0.203 0.008 0.066 0.051 0.053 0.075 0.149 0.013 0.077 0.189 0.233 0.005 0.006 0.003 0.08 0.055 0.008 0.05 0.057 0.006 0.068 0.006 0.013 0.004 0.007 0.072 0.007 0.003 0.005 0.006 0.024 0.072 0.006 0.007 0.004 0.057 0.074 0.004 0.002 0.007 0.009
0.062 0.046 0.048 0.321 0.092 0.035 0.018 0.069 0.055 0.486 0.035 0.052 0.024 0.156 0.166 0.042 0.083 0.015 0.045 0.118 0.04 0.211 0.029 0.245 0.165 0.11 0.425 0.013 0.055 0.051 0.005 0.008 0.136 0.563 0.825 0.023 0.038 0.211 0.058 0.203 1 0.041 0.24 0.253 0.206 0.081 0.022 0.058 0.086 0.002 0.508 0.227 0.006 0.016 0.098 0.274 0.05 0.257 0.226 0.004 0.156 0.019 0.052 0.024 0.002 0.101 0.034 0.008 0.022 0.02 0.067 0.104 0.037 0.013 0.015 0.137 0.016 0.023 0.009 0.001 0.051
0.022 0.017 0.018 0.039 0.006 0.005 0.003 0.004 0.004 0.031 0.002 0.002 0.001 0.014 0.016 0.005 0.005 0.001 0.002 0.003 0.005 0.007 0.097 0.034 0.014 0.007 0.024 0.002 0.002 0.005 0.001 0.002 0.007 0.025 0.035 0.001 0.002 0.009 0.002 0.008 0.041 1 0.006 0.007 0.008 0.012 0.002 0.002 0.012 0.012 0.017 0.05 0.001 0.001 0.011 0.006 0.002 0.006 0.007 0.001 0.011 0 0.002 0.001 0.001 0.01 0.001 0 0.001 0.001 0.003 0.012 0.001 0.001 0.001 0.007 0.001 0.001 0 0.001 0.002
0.006 0.035 0.037 0.233 0.032 0.002 0.025 0.027 0.022 0.294 0.01 0.014 0.107 0.016 0.018 0.003 0.021 0.004 0.009 0.019 0.002 0.051 0.081 0.18 0.014 0.051 0.162 0.095 0.011 0.002 0.011 0.013 0.054 0.183 0.111 0.091 0.013 0.073 0.019 0.066 0.24 0.006 1 0.064 0.065 0.098 0.014 0.019 0.1 0.147 0.391 0.106 0 0.004 0.104 0.069 0.017 0.066 0.074 0 0.088 0.006 0.01 0.007 0.008 0.098 0.009 0.003 0.006 0.01 0.031 0.097 0.011 0.072 0.058 0.075 0.005 0.008 0.002 0.001 0.014
0 0.001 0 0.032 0.027 0.021 0.011 0.016 0.013 0.15 0.005 0.165 0.008 0.055 0.062 0.02 0.019 0.004 0.188 0.032 0.021 0.803 0.067 0.249 0.06 0.037 0.145 0.012 0.208 0.021 0.009 0.01 0.038 0.144 0.215 0.006 0.01 0.055 0.015 0.051 0.253 0.007 0.064 1 0.887 0.644 0.011 0.015 0.629 0.25 0.149 0.012 0.006 0.035 0.608 0.921 0.013 0.863 0.834 0.007 0.702 0.004 0.216 0.056 0.005 0.571 0.134 0.037 0.004 0.002 0.23 0.582 0.149 0.007 0.004 0.596 0.004 0.005 0.003 0.007 0.172
0.001 0.005 0.004 0.019 0.008 0.022 0.012 0.001 0 0.114 0.001 0.114 0.008 0.036 0.043 0.021 0.003 0.004 0.181 0.015 0.022 0.705 0.069 0.204 0.034 0.014 0.109 0.012 0.2 0.022 0.009 0.01 0.015 0.107 0.174 0.006 0.01 0.058 0.015 0.053 0.206 0.008 0.065 0.887 1 0.668 0.012 0.015 0.653 0.256 0.154 0.014 0.006 0.016 0.62 0.815 0.009 0.791 0.865 0.007 0.728 0.005 0.199 0.054 0.001 0.575 0.103 0.036 0.005 0.002 0.2 0.585 0.118 0.007 0.004 0.586 0.004 0.005 0.031 0.007 0.141
0.03 0.044 0.05 0.001 0.005 0.014 0.05 0.006 0.003 0.037 0 0.11 0.012 0.002 0.001 0.017 0 0.006 0.119 0.004 0.014 0.525 0.104 0.094 0.001 0.01 0.029 0.018 0.131 0.028 0.007 0.009 0.011 0.017 0.057 0.009 0.051 0.056 0.077 0.075 0.081 0.012 0.098 0.644 0.668 1 0.017 0.189 0.977 0.207 0.231 0.045 0.009 0.021 0.932 0.582 0.158 0.545 0.629 0.01 0.75 0.093 0.138 0.033 0.082 0.834 0.086 0.032 0.007 0.091 0.212 0.832 0.094 0.011 0.006 0.629 0.007 0.084 0.031 0.01 0.108
0.008 0.014 0.014 0.04 0.008 0.007 0.004 0.006 0.005 0.043 0.003 0.002 0.002 0.019 0.013 0.006 0.007 0.001 0.002 0.016 0.003 0.003 0.093 0.05 0.014 0.009 0.02 0 0.003 0.007 0.002 0.002 0.006 0.035 0.027 0.001 0.002 0.135 0.003 0.149 0.022 0.002 0.014 0.011 0.012 0.017 1 0.003 0.018 0.005 0.035 0.06 0.001 0.001 0.018 0.012 0.003 0.012 0.013 0.001 0.016 0.002 0.003 0.001 0.001 0.017 0.001 0.001 0.001 0.002 0.006 0.017 0.002 0.002 0.001 0.013 0.001 0.001 0 0.001 0.002
0.07 0.071 0.091 0.034 0 0.217 0.349 0.008 0.007 0.045 0.003 0.001 0.002 0.135 0.128 0.235 0.001 0.001 0.003 0.103 0.218 0.01 0.021 0.041 0.123 0 0.056 0.004 0.004 0.307 0.098 0.121 0 0.093 0.067 0.002 0.337 0.001 0.507 0.013 0.058 0.002 0.019 0.015 0.015 0.189 0.003 1 0.186 0.001 0.044 0.031 0.002 0.001 0.18 0.016 0.777 0.015 0.017 0.002 0.017 0.45 0.004 0.002 0.169 0.14 0.002 0 0.001 0.397 0.007 0.13 0.002 0.002 0.001 0.019 0.001 0.426 0.001 0.002 0.003
0.027 0.041 0.046 0.001 0.005 0.013 0.048 0.006 0.003 0.041 0 0.139 0.013 0.001 0 0.016 0.001 0.006 0.117 0.003 0.013 0.513 0.107 0.088 0 0.01 0.032 0.018 0.128 0.026 0.007 0.009 0.012 0.019 0.061 0.009 0.05 0.058 0.075 0.077 0.086 0.012 0.1 0.629 0.653 0.977 0.018 0.186 1 0.198 0.237 0.039 0.009 0.039 0.913 0.57 0.155 0.533 0.615 0.01 0.733 0.091 0.134 0.057 0.08 0.816 0.084 0.031 0.007 0.09 0.208 0.815 0.092 0.011 0.006 0.615 0.007 0.083 0.03 0.011 0.105
0.02 0.035 0.038 0.005 0.063 0.052 0.027 0.113 0.086 0.035 0.041 0.05 0.02 0.005 0.007 0.047 0.118 0.009 0.013 0.007 0.051 0.201 0.006 0.093 0.003 0.085 0.018 0.025 0.018 0.041 0.023 0.026 0.104 0.006 0 0.015 0.007 0.214 0.014 0.189 0.002 0.012 0.147 0.25 0.256 0.207 0.005 0.001 0.198 1 0.001 0.027 0.015 0.005 0.196 0.235 0.011 0.233 0.249 0.017 0.23 0.001 0.076 0.013 0 0.208 0.034 0.016 0.001 0.001 0.051 0.184 0.039 0.018 0.006 0.198 0.029 0.002 0.009 0.017 0.057
0.001 0.001 0.002 0.172 0.021 0.008 0.057 0.065 0.045 0.242 0.017 0.033 0.046 0.003 0.005 0.007 0.052 0.009 0.024 0 0.008 0.113 0.005 0.099 0.003 0.027 0.173 0.032 0.031 0.01 0.027 0.024 0.037 0.221 0.369 0.039 0.029 0.206 0.044 0.233 0.508 0.017 0.391 0.149 0.154 0.231 0.035 0.044 0.237 0.001 1 0.116 0.002 0.009 0.245 0.161 0.039 0.154 0.177 0.004 0.209 0.026 0.028 0.017 0.019 0.231 0.02 0.007 0.013 0.024 0.073 0.23 0.025 0.026 0.025 0.177 0.027 0.02 0.007 0.008 0.032
0.036 0.023 0.023 0.14 0.029 0.022 0.016 0.033 0.039 0.221 0.024 0.007 0.011 0.06 0.055 0.029 0.029 0.001 0.021 0.056 0.023 0.008 0.12 0.047 0.058 0.034 0.163 0.007 0.019 0.036 0.007 0.009 0.041 0.217 0.165 0.012 0.02 0.007 0.031 0.005 0.227 0.05 0.106 0.012 0.014 0.045 0.06 0.031 0.039 0.027 0.116 1 0.012 0.001 0.051 0.015 0.027 0.013 0.021 0.009 0.03 0.012 0.016 0 0.013 0.04 0.012 0.002 0.035 0.017 0.017 0.041 0.016 0.013 0.008 0.048 0.008 0.014 0.005 0.003 0.016
0.011 0.016 0.015 0.003 0.001 0.059 0.047 0.003 0.003 0.012 0.001 0.001 0.012 0.024 0.021 0.061 0.004 0.008 0.001 0.022 0.059 0.005 0 0.005 0.025 0 0.013 0.001 0.002 0.059 0.021 0.018 0.001 0.014 0.005 0.005 0.103 0.007 0.065 0.006 0.006 0.001 0 0.006 0.006 0.009 0.001 0.002 0.009 0.015 0.002 0.012 1 0 0.01 0.006 0.002 0.006 0.007 0.9 0.008 0.001 0.001 0.001 0.001 0.009 0.001 0 0.001 0.001 0.003 0.009 0.001 0.003 0 0.007 0.001 0.001 0 0.728 0.001
0.008 0.007 0.007 0.015 0.002 0.002 0.001 0.002 0.001 0.012 0.001 0.281 0 0.006 0.006 0.002 0.002 0 0.001 0.006 0.002 0.039 0.004 0.009 0.005 0.003 0.01 0.001 0.001 0.002 0.001 0.001 0.003 0.01 0.014 0 0.001 0.004 0.001 0.003 0.016 0.001 0.004 0.035 0.016 0.021 0.001 0.001 0.039 0.005 0.009 0.001 0 1 0.019 0.031 0.001 0.033 0.028 0 0.023 0.001 0 0.351 0 0.021 0.102 0 0 0.001 0.002 0.021 0.066 0 0 0.019 0 0 0 0 0.118
0.023 0.034 0.039 0.003 0.007 0.012 0.045 0.008 0.004 0.048 0 0.104 0.013 0 0 0.015 0.001 0.006 0.113 0.002 0.012 0.495 0.073 0.113 0 0.013 0.039 0.019 0.123 0.024 0.006 0.008 0.015 0.024 0.071 0.01 0.048 0.06 0.072 0.08 0.098 0.011 0.104 0.608 0.62 0.932 0.018 0.18 0.913 0.196 0.245 0.051 0.01 0.019 1 0.656 0.15 0.618 0.689 0.011 0.8 0.088 0.13 0.031 0.077 0.89 0.081 0.03 0.007 0.087 0.271 0.881 0.089 0.012 0.006 0.68 0.007 0.08 0.021 0.011 0.107
0.001 0 0 0.043 0.03 0.023 0.013 0.018 0.014 0.166 0.006 0.152 0.009 0.062 0.069 0.022 0.021 0.004 0.172 0.036 0.023 0.738 0.04 0.272 0.067 0.04 0.159 0.012 0.19 0.024 0.01 0.011 0.042 0.157 0.234 0.006 0.011 0.06 0.016 0.055 0.274 0.006 0.069 0.921 0.815 0.582 0.012 0.016 0.57 0.235 0.161 0.015 0.006 0.031 0.656 1 0.014 0.943 0.905 0.007 0.755 0.005 0.199 0.051 0.004 0.625 0.123 0.034 0.005 0.002 0.296 0.629 0.137 0.008 0.004 0.649 0.005 0.006 0.003 0.007 0.166
0.053 0.072 0.07 0.024 0.006 0.256 0.404 0.003 0.002 0.033 0 0.001 0.002 0.108 0.103 0.276 0.004 0.001 0.003 0.079 0.257 0.008 0.015 0.032 0.096 0.006 0.042 0.003 0.003 0.359 0.115 0.141 0.007 0.077 0.059 0.002 0.387 0.012 0.583 0.008 0.05 0.002 0.017 0.013 0.009 0.158 0.003 0.777 0.155 0.011 0.039 0.027 0.002 0.001 0.15 0.014 1 0.011 0.008 0.001 0.007 0.515 0.003 0 0.195 0.117 0.002 0 0.001 0.454 0 0.112 0.001 0.002 0.001 0.004 0.001 0.487 0.003 0.002 0.001
0 0 0 0.037 0.028 0.022 0.012 0.017 0.013 0.158 0.006 0.124 0.008 0.065 0.073 0.021 0.02 0.004 0.143 0.035 0.022 0.683 0.035 0.259 0.063 0.038 0.152 0.012 0.163 0.022 0.009 0.01 0.04 0.149 0.219 0.006 0.01 0.055 0.015 0.05 0.257 0.006 0.066 0.863 0.791 0.545 0.012 0.015 0.533 0.233 0.154 0.013 0.006 0.033 0.618 0.943 0.011 1 0.866 0.006 0.722 0.005 0.208 0.061 0 0.63 0.129 0.035 0.005 0.002 0.241 0.599 0.154 0.007 0.004 0.612 0.004 0.005 0.003 0.007 0.184
0 0.002 0.001 0.029 0.009 0.026 0.015 0.002 0 0.132 0.001 0.131 0.009 0.037 0.044 0.025 0.003 0.004 0.158 0.019 0.026 0.667 0.042 0.233 0.04 0.015 0.123 0.014 0.174 0.026 0.011 0.012 0.016 0.12 0.19 0.007 0.012 0.062 0.017 0.057 0.226 0.007 0.074 0.834 0.865 0.629 0.013 0.017 0.615 0.249 0.177 0.021 0.007 0.028 0.689 0.905 0.008 0.866 1 0.007 0.823 0.006 0.182 0.056 0.003 0.665 0.113 0.031 0.005 0.003 0.271 0.669 0.131 0.008 0.004 0.677 0.005 0.006 0.04 0.008 0.161
0.009 0.014 0.013 0.002 0.001 0.051 0.04 0.003 0.003 0.01 0.002 0.001 0.011 0.021 0.018 0.053 0.004 0.007 0.001 0.019 0.051 0.006 0 0.003 0.022 0 0.009 0.002 0.002 0.05 0.018 0.015 0.002 0.01 0.003 0.004 0.091 0.006 0.057 0.006 0.004 0.001 0 0.007 0.007 0.01 0.001 0.002 0.01 0.017 0.004 0.009 0.9 0 0.011 0.007 0.001 0.006 0.007 1 0.008 0.001 0.002 0 0.001 0.009 0.001 0 0.001 0.001 0.003 0.009 0 0.003 0 0.007 0.001 0.001 0 0.753 0.001
0.008 0.013 0.016 0.01 0.003 0.002 0.001 0.004 0.001 0.074 0 0.115 0.01 0.006 0.01 0.001 0 0.005 0.133 0.001 0.002 0.559 0.057 0.16 0.007 0.007 0.068 0.016 0.146 0.002 0.012 0.007 0.008 0.064 0.124 0.008 0.005 0.046 0.001 0.068 0.156 0.011 0.088 0.702 0.728 0.75 0.016 0.017 0.733 0.23 0.209 0.03 0.008 0.023 0.8 0.755 0.007 0.722 0.823 0.008 1 0.007 0.144 0.052 0.091 0.748 0.096 0.035 0.006 0.004 0.325 0.748 0.12 0.01 0.005 0.84 0.006 0.008 0.034 0.009 0.154
0.015 0.022 0.022 0.004 0.007 0.11 0.179 0.005 0.004 0.007 0.002 0.001 0.001 0.044 0.043 0.123 0.005 0.001 0.002 0.032 0.11 0.002 0.006 0.013 0.033 0.007 0.011 0.002 0.002 0.198 0.167 0.147 0.008 0.035 0.023 0.001 0.114 0.01 0.429 0.006 0.019 0 0.006 0.004 0.005 0.093 0.002 0.45 0.091 0.001 0.026 0.012 0.001 0.001 0.088 0.005 0.515 0.005 0.006 0.001 0.007 1 0.002 0.001 0.001 0.094 0.001 0 0.001 0.683 0.004 0.092 0.001 0.001 0.001 0.006 0.001 0.727 0 0.001 0.002
0.061 0.081 0.078 0.037 0.009 0.007 0.005 0.006 0.005 0.037 0.003 0.001 0.002 0.02 0.021 0.007 0.007 0.001 0.003 0.023 0.007 0.207 0.017 0.054 0.02 0.01 0.032 0.003 0.003 0.007 0.002 0.002 0.011 0.03 0.044 0.001 0.002 0.014 0.004 0.013 0.052 0.002 0.01 0.216 0.199 0.138 0.003 0.004 0.134 0.076 0.028 0.016 0.001 0 0.13 0.199 0.003 0.208 0.182 0.002 0.144 0.002 1 0.001 0.002 0.135 0 0.001 0.001 0.002 0.015 0.127 0.002 0.002 0.001 0.056 0.001 0.001 0.001 0.002 0.002
0.012 0.009 0.009 0.019 0.002 0.003 0.002 0.001 0.001 0.015 0.001 0.312 0.001 0.01 0.011 0.003 0.004 0 0 0.011 0.003 0.049 0.005 0.011 0.01 0.005 0.018 0.001 0.001 0.003 0.001 0.001 0.005 0.015 0.02 0.001 0.001 0.004 0.002 0.004 0.024 0.001 0.007 0.056 0.054 0.033 0.001 0.002 0.057 0.013 0.017 0 0.001 0.351 0.031 0.051 0 0.061 0.056 0 0.052 0.001 0.001 1 0.001 0.046 0.113 0.032 0.001 0.001 0.003 0.033 0.109 0.001 0 0.048 0 0.001 0 0.001 0.236
0.019 0.014 0.014 0.002 0.005 0.079 0.128 0.003 0.003 0.004 0.001 0.018 0.001 0.03 0.027 0.081 0.004 0 0.001 0.022 0.079 0.001 0.009 0 0.02 0.005 0.006 0.002 0.001 0.078 0.001 0.002 0.006 0.007 0.003 0.001 0.212 0.007 0.071 0.007 0.002 0.001 0.008 0.005 0.001 0.082 0.001 0.169 0.08 0 0.019 0.013 0.001 0 0.077 0.004 0.195 0 0.003 0.001 0.091 0.001 0.002 0.001 1 0.042 0.001 0 0.001 0.001 0.012 0.023 0.001 0.001 0 0.091 0.001 0.001 0 0.001 0.001
0.019 0.029 0.033 0.004 0.007 0.006 0.029 0.008 0.005 0.052 0 0.107 0.011 0 0 0.008 0.001 0.006 0.079 0 0.005 0.461 0.063 0.111 0 0.012 0.044 0.018 0.085 0.014 0.006 0.008 0.015 0.028 0.074 0.009 0.026 0.053 0.073 0.072 0.101 0.01 0.098 0.571 0.575 0.834 0.017 0.14 0.816 0.208 0.231 0.04 0.009 0.021 0.89 0.625 0.117 0.63 0.665 0.009 0.748 0.094 0.135 0.046 0.042 1 0.086 0.031 0.007 0.092 0.243 0.909 0.108 0.011 0.006 0.641 0.007 0.085 0.032 0.01 0.139
0.018 0.014 0.014 0.032 0.005 0.004 0.003 0.003 0.003 0.026 0.002 0.124 0.001 0.01 0.011 0.004 0.004 0.001 0 0.013 0.004 0.148 0.01 0.044 0.011 0.006 0.022 0.002 0.001 0.004 0.001 0.001 0.006 0.021 0.029 0.001 0.001 0.008 0.002 0.007 0.034 0.001 0.009 0.134 0.103 0.086 0.001 0.002 0.084 0.034 0.02 0.012 0.001 0.102 0.081 0.123 0.002 0.129 0.113 0.001 0.096 0.001 0 0.113 0.001 0.086 1 0.041 0.001 0.001 0.003 0.069 0.553 0.001 0 0.098 0.001 0.001 0 0.001 0.513
0.002 0.002 0.001 0.005 0.001 0 0 0.001 0.001 0.005 0.001 0.023 0 0.001 0.001 0 0 0 0 0.002 0 0.008 0.004 0.011 0.001 0.001 0.005 0.001 0 0 0 0 0.001 0.004 0.007 0 0 0.002 0 0.003 0.008 0 0.003 0.037 0.036 0.032 0.001 0 0.031 0.016 0.007 0.002 0 0 0.03 0.034 0 0.035 0.031 0 0.035 0 0.001 0.032 0 0.031 0.041 1 0 0 0.024 0.023 0.007 0 0 0.037 0 0 0 0 0.015
0.003 0.007 0.002 0.009 0 0.003 0.002 0.002 0.002 0.009 0.001 0.001 0.001 0.002 0.001 0.003 0.003 0 0.001 0.003 0.003 0.004 0.003 0.009 0.002 0 0.007 0.015 0.001 0.003 0.001 0.001 0.004 0.014 0.019 0.001 0.001 0.005 0.001 0.005 0.022 0.001 0.006 0.004 0.005 0.007 0.001 0.001 0.007 0.001 0.013 0.035 0.001 0 0.007 0.005 0.001 0.005 0.005 0.001 0.006 0.001 0.001 0.001 0.001 0.007 0.001 0 1 0.001 0.002 0.007 0.001 0.001 0 0.005 0 0.001 0 0.001 0.001
0.025 0.035 0.034 0.007 0.006 0.147 0.233 0.004 0.004 0.02 0.002 0 0.001 0.073 0.071 0.162 0.005 0.001 0.002 0.046 0.147 0.004 0.011 0.021 0.059 0.003 0.026 0.002 0.002 0.222 0.178 0.157 0.004 0.051 0.024 0.001 0.114 0.009 0.396 0.006 0.02 0.001 0.01 0.002 0.002 0.091 0.002 0.397 0.09 0.001 0.024 0.017 0.001 0.001 0.087 0.002 0.454 0.002 0.003 0.001 0.004 0.683 0.002 0.001 0.001 0.092 0.001 0 0.001 1 0.001 0.09 0.001 0.001 0.001 0.003 0.001 0.621 0 0.001 0.002
0.002 0.001 0 0.019 0.001 0.005 0.002 0.007 0.005 0.031 0.001 0 0.003 0.003 0.004 0.005 0 0.002 0.361 0.003 0.006 0.175 0.011 0.066 0.004 0.001 0.033 0.005 0.407 0.006 0.004 0.001 0.002 0.034 0.053 0.003 0 0.009 0.001 0.024 0.067 0.003 0.031 0.23 0.2 0.212 0.006 0.007 0.208 0.051 0.073 0.017 0.003 0.002 0.271 0.296 0 0.241 0.271 0.003 0.325 0.004 0.015 0.003 0.012 0.243 0.003 0.024 0.002 0.001 1 0.299 0.004 0.003 0.002 0.329 0.002 0.003 0.001 0.003 0.001
0.013 0.026 0.03 0.005 0.007 0.005 0.026 0.008 0.004 0.053 0 0.095 0.011 0 0.001 0.007 0.002 0.006 0.12 0 0.004 0.499 0.064 0.112 0.001 0.013 0.046 0.018 0.132 0.013 0.005 0.008 0.015 0.03 0.077 0.009 0.024 0.054 0.069 0.072 0.104 0.012 0.097 0.582 0.585 0.832 0.017 0.13 0.815 0.184 0.23 0.041 0.009 0.021 0.881 0.629 0.112 0.599 0.669 0.009 0.748 0.092 0.127 0.033 0.023 0.909 0.069 0.023 0.007 0.09 0.299 1 0.109 0.011 0.006 0.631 0.007 0.083 0.031 0.01 0.122
0.014 0.01 0.01 0.024 0.004 0.004 0.003 0.002 0.002 0.027 0.002 0.076 0.001 0.014 0.016 0.005 0.005 0.001 0 0.016 0.005 0.138 0.007 0.043 0.014 0.007 0.026 0.002 0 0.005 0.002 0.002 0.007 0.025 0.031 0.001 0.002 0.007 0.002 0.006 0.037 0.001 0.011 0.149 0.118 0.094 0.002 0.002 0.092 0.039 0.025 0.016 0.001 0.066 0.089 0.137 0.001 0.154 0.131 0 0.12 0.001 0.002 0.109 0.001 0.108 0.553 0.007 0.001 0.001 0.004 0.109 1 0.001 0.001 0.123 0.001 0.001 0 0.001 0.642
0.007 0.01 0.01 0.013 0.002 0.004 0.003 0.001 0.001 0.018 0 0.002 0.001 0.008 0.008 0.003 0.001 0.001 0.002 0.008 0.004 0.006 0.001 0.009 0.007 0.006 0.018 0 0.002 0.004 0.001 0.001 0.006 0.02 0.012 0.756 0.001 0.008 0.002 0.007 0.013 0.001 0.072 0.007 0.007 0.011 0.002 0.002 0.011 0.018 0.026 0.013 0.003 0 0.012 0.008 0.002 0.007 0.008 0.003 0.01 0.001 0.002 0.001 0.001 0.011 0.001 0 0.001 0.001 0.003 0.011 0.001 1 0.001 0.008 0.001 0.001 0 0.001 0.002
0.005 0.008 0.008 0.008 0.003 0.002 0.001 0.002 0.002 0.011 0.001 0.001 0.001 0.007 0.002 0.002 0.002 0 0.003 0.007 0.002 0 0.005 0.005 0.006 0.003 0.014 0.001 0.002 0.002 0.001 0.001 0.003 0.024 0.017 0 0.001 0.004 0.001 0.004 0.015 0.001 0.058 0.004 0.004 0.006 0.001 0.001 0.006 0.006 0.025 0.008 0 0 0.006 0.004 0.001 0.004 0.004 0 0.005 0.001 0.001 0 0 0.006 0 0 0 0.001 0.002 0.006 0.001 0.001 1 0.004 0 0 0 0 0.001
0.001 0.003 0.005 0.02 0.003 0.001 0.001 0.006 0.003 0.062 0 0.122 0.008 0.005 0.008 0.001 0 0.004 0.123 0.001 0.001 0.45 0.045 0.134 0.006 0.007 0.059 0.014 0.141 0.001 0.01 0.006 0.009 0.056 0.109 0.007 0.008 0.035 0.001 0.057 0.137 0.007 0.075 0.596 0.586 0.629 0.013 0.019 0.615 0.198 0.177 0.048 0.007 0.019 0.68 0.649 0.004 0.612 0.677 0.007 0.84 0.006 0.056 0.048 0.091 0.641 0.098 0.037 0.005 0.003 0.329 0.631 0.123 0.008 0.004 1 0.005 0.006 0.024 0.008 0.167
0.004 0.002 0.002 0.009 0 0.003 0.002 0.001 0.001 0.006 0.001 0.001 0.001 0.001 0.001 0.002 0.002 0 0.001 0.002 0.002 0.004 0.024 0.008 0.001 0 0.005 0.001 0.001 0.003 0.001 0.001 0 0.001 0.019 0 0.001 0.068 0.001 0.074 0.016 0.001 0.005 0.004 0.004 0.007 0.001 0.001 0.007 0.029 0.027 0.008 0.001 0 0.007 0.005 0.001 0.004 0.005 0.001 0.006 0.001 0.001 0 0.001 0.007 0.001 0 0 0.001 0.002 0.007 0.001 0.001 0 0.005 1 0.001 0 0.001 0.001
0.015 0.022 0.022 0.005 0.005 0.102 0.163 0.003 0.003 0.007 0.002 0 0.001 0.042 0.042 0.105 0.004 0 0.001 0.025 0.101 0.002 0.009 0.014 0.03 0.005 0.011 0.002 0.002 0.187 0.119 0.104 0.006 0.038 0.027 0.001 0.138 0.007 0.402 0.004 0.023 0.001 0.008 0.005 0.005 0.084 0.001 0.426 0.083 0.002 0.02 0.014 0.001 0 0.08 0.006 0.487 0.005 0.006 0.001 0.008 0.727 0.001 0.001 0.001 0.085 0.001 0 0.001 0.621 0.003 0.083 0.001 0.001 0 0.006 0.001 1 0 0.001 0.001
0.017 0.021 0.021 0.009 0.054 0.001 0.001 0.089 0.105 0.011 0.112 0.001 0 0.027 0.025 0.001 0.077 0 0.001 0.024 0.001 0.002 0.003 0.006 0.027 0.055 0.013 0.001 0.001 0.001 0 0.001 0.052 0.014 0.009 0 0 0.002 0.001 0.002 0.009 0 0.002 0.003 0.031 0.031 0 0.001 0.03 0.009 0.007 0.005 0 0 0.021 0.003 0.003 0.003 0.04 0 0.034 0 0.001 0 0 0.032 0 0 0 0 0.001 0.031 0 0 0 0.024 0 0 1 0 0.001
0.017 0.024 0.023 0.003 0.001 0.079 0.072 0.003 0.003 0.011 0.002 0.001 0.01 0.034 0.03 0.082 0.004 0.007 0.001 0.032 0.08 0.006 0 0.004 0.036 0 0.011 0.002 0.002 0.079 0.054 0.047 0.002 0.005 0.001 0.001 0.09 0.008 0.056 0.007 0.001 0.001 0.001 0.007 0.007 0.01 0.001 0.002 0.011 0.017 0.008 0.003 0.728 0 0.011 0.007 0.002 0.007 0.008 0.753 0.009 0.001 0.002 0.001 0.001 0.01 0.001 0 0.001 0.001 0.003 0.01 0.001 0.001 0 0.008 0.001 0.001 0 1 0.001
0.013 0.009 0.009 0.026 0.006 0.005 0.004 0.004 0.003 0.033 0.003 0.13 0.001 0.017 0.019 0.005 0.007 0.001 0 0.02 0.006 0.165 0.009 0.052 0.018 0.009 0.036 0.003 0.001 0.006 0.002 0.002 0.01 0.032 0.043 0.001 0.002 0.01 0.003 0.009 0.051 0.002 0.014 0.172 0.141 0.108 0.002 0.003 0.105 0.057 0.032 0.016 0.001 0.118 0.107 0.166 0.001 0.184 0.161 0.001 0.154 0.002 0.002 0.236 0.001 0.139 0.513 0.015 0.001 0.002 0.001 0.122 0.642 0.002 0.001 0.167 0.001 0.001 0.001 0.001 1
