1 0.851 0.858 0.45 0.384 0.176 0.12 0.27 0.245 0.335 0.138 0.026 0.048 0.554 0.519 0.178 0.267 0.067 0.037 0.604 0.169 0.013 0.138 0.127 0.617 0.36 0.313 0.003 0.038 0.163 0.046 0.042 0.315 0.242 0.149 0 0.036 0.072 0.057 0.05 0.152 0.013 0.004 0.01 0.001 0.012 0.007 0.061 0.011 0.025 0.016 0.1 0.025 0.01 0.009 0.012 0.037 0.011 0.002 0.025 0 0.012 0.026 0.012 0.007 0.007 0.013 0 0.007 0.011 0.013 0.002 0.009 0 0.001 0 0.003 0.013 0.026 0.033 0.005
0.851 1 0.949 0.424 0.408 0.206 0.141 0.316 0.288 0.305 0.162 0.022 0.057 0.62 0.578 0.21 0.285 0.079 0.032 0.654 0.198 0.007 0.126 0.117 0.683 0.385 0.306 0.015 0.032 0.192 0.054 0.049 0.349 0.242 0.149 0.001 0.045 0.08 0.07 0.067 0.135 0.01 0.018 0.008 0.001 0.012 0.01 0.054 0.011 0.029 0.008 0.083 0.03 0.009 0.008 0.013 0.046 0.011 0.002 0.03 0 0.016 0.032 0.009 0 0.006 0.011 0.001 0.01 0.015 0.017 0.005 0.007 0.003 0.008 0.001 0.002 0.017 0.031 0.041 0.003
0.858 0.949 1 0.446 0.446 0.203 0.138 0.311 0.282 0.325 0.159 0.023 0.056 0.653 0.609 0.206 0.309 0.077 0.033 0.69 0.195 0.008 0.128 0.12 0.72 0.421 0.327 0.013 0.033 0.189 0.053 0.048 0.37 0.252 0.156 0.001 0.044 0.091 0.068 0.064 0.146 0.011 0.019 0.009 0.001 0.016 0.01 0.073 0.015 0.033 0.007 0.078 0.03 0.009 0.011 0.013 0.045 0.012 0.002 0.03 0 0.016 0.031 0.009 0 0.009 0.011 0 0.004 0.015 0.012 0.006 0.007 0.003 0.008 0 0.002 0.016 0.031 0.04 0.004
0.45 0.424 0.446 1 0.217 0.08 0.05 0.147 0.134 0.834 0.075 0.048 0.026 0.297 0.291 0.082 0.156 0.039 0.069 0.326 0.076 0.053 0.285 0.35 0.347 0.216 0.678 0 0.068 0.071 0.025 0.022 0.187 0.613 0.379 0.042 0.009 0.014 0.018 0.007 0.421 0.026 0.237 0.049 0.029 0.004 0.023 0.027 0.004 0.005 0.22 0.223 0.014 0.019 0.008 0.062 0.014 0.059 0.037 0.012 0.019 0.002 0.011 0.01 0.001 0.005 0.011 0 0.017 0.008 0.033 0.008 0.009 0.023 0.018 0.022 0.005 0.003 0.013 0.012 0.003
0.384 0.408 0.446 0.217 1 0.019 0.013 0.49 0.457 0.258 0.223 0.012 0.005 0.49 0.445 0.019 0.54 0.152 0.017 0.518 0.019 0.036 0.076 0.13 0.528 0.784 0.259 0.008 0.017 0.02 0.005 0.005 0.658 0.199 0.155 0.003 0.009 0.23 0.012 0.173 0.132 0.008 0.037 0.031 0.012 0.006 0.006 0.001 0.007 0.063 0.036 0.053 0.001 0.005 0.009 0.035 0.008 0.034 0.015 0.003 0.005 0.008 0.005 0.005 0.003 0.011 0.006 0 0.003 0.009 0.007 0.014 0.004 0.001 0.004 0.005 0 0.006 0.021 0.001 0.007
0.176 0.206 0.203 0.08 0.019 1 0.682 0.012 0.011 0.103 0.006 0.005 0.275 0.191 0.182 0.937 0.013 0.003 0.007 0.205 0.967 0.016 0.022 0.044 0.2 0.021 0.101 0.003 0.007 0.883 0.263 0.248 0.02 0.071 0.046 0.005 0.21 0.02 0.344 0.018 0.034 0.003 0.006 0.014 0.016 0.009 0.002 0.154 0.008 0.04 0.002 0.012 0.072 0.002 0.007 0.016 0.205 0.016 0.019 0.055 0.008 0.108 0.002 0.001 0.016 0.006 0.002 0 0.003 0.087 0.004 0.005 0.001 0.001 0.002 0.008 0.002 0.115 0.002 0.106 0.002
0.12 0.141 0.138 0.05 0.013 0.682 1 0.008 0.007 0.072 0.004 0.003 0.001 0.132 0.127 0.642 0.009 0.002 0.004 0.14 0.662 0.011 0.014 0.029 0.134 0.014 0.068 0.002 0.005 0.596 0.386 0.365 0.014 0.039 0.022 0.002 0.316 0.014 0.515 0.012 0.014 0.002 0.013 0.009 0.01 0.029 0.002 0.239 0.028 0.025 0.032 0.003 0.046 0.001 0.025 0.01 0.31 0.01 0.012 0.035 0.003 0.17 0.002 0.001 0.026 0.024 0.002 0 0.002 0.136 0.002 0.021 0.001 0.001 0.001 0.002 0.001 0.175 0.001 0.097 0.001
0.27 0.316 0.311 0.147 0.49 0.012 0.008 1 0.909 0.162 0.511 0.007 0.003 0.295 0.274 0.012 0.778 0.005 0.01 0.32 0.011 0.02 0.046 0.077 0.327 0.499 0.168 0.005 0.01 0.012 0.003 0.003 0.491 0.154 0.1 0.001 0.005 0.302 0.007 0.324 0.111 0.005 0.012 0.021 0 0.003 0.004 0.008 0.003 0.147 0.116 0.053 0.003 0.003 0.005 0.024 0.004 0.023 0.001 0.004 0.004 0.007 0.003 0.002 0.002 0.006 0.004 0.001 0.004 0.005 0.016 0.006 0.002 0 0.003 0.003 0 0.004 0.107 0.005 0.003
0.245 0.288 0.282 0.134 0.457 0.011 0.007 0.909 1 0.148 0.562 0.006 0.003 0.267 0.248 0.011 0.699 0.004 0.009 0.29 0.01 0.018 0.042 0.069 0.296 0.45 0.152 0.004 0.009 0.011 0.003 0.003 0.44 0.138 0.088 0.001 0.005 0.256 0.007 0.275 0.099 0.004 0.01 0.019 0 0.002 0.003 0.007 0.002 0.128 0.097 0.051 0.003 0.003 0.003 0.021 0.004 0.02 0 0.004 0.002 0.006 0.003 0.001 0.002 0.004 0.003 0.001 0.004 0.005 0.014 0.004 0.001 0 0.002 0.002 0.001 0.004 0.118 0.005 0.002
0.335 0.305 0.325 0.834 0.258 0.103 0.072 0.162 0.148 1 0.083 0.043 0.029 0.383 0.377 0.108 0.172 0.043 0.062 0.403 0.101 0.144 0.263 0.472 0.426 0.258 0.795 0 0.061 0.096 0.028 0.024 0.209 0.703 0.462 0.046 0.018 0.023 0.029 0.013 0.512 0.028 0.262 0.127 0.081 0.029 0.023 0.029 0.031 0.014 0.263 0.223 0.02 0.017 0.039 0.142 0.015 0.139 0.097 0.018 0.06 0.003 0.02 0.009 0 0.033 0.009 0.001 0.018 0.011 0.038 0.038 0.009 0.026 0.02 0.055 0.001 0.003 0.014 0.018 0.009
0.138 0.162 0.159 0.075 0.223 0.006 0.004 0.511 0.562 0.083 1 0.004 0.002 0.157 0.146 0.006 0.453 0.002 0.005 0.171 0.006 0.013 0.024 0.042 0.174 0.253 0.091 0.002 0.005 0.006 0.002 0.002 0.266 0.093 0.053 0 0.003 0.112 0.004 0.119 0.068 0.002 0.002 0.013 0.003 0.001 0.002 0.004 0 0.079 0.042 0.038 0.002 0.001 0 0.014 0.002 0.014 0.002 0.002 0 0.003 0.002 0.002 0.001 0 0.002 0.001 0.002 0.003 0.008 0 0.002 0.001 0.001 0 0.002 0.002 0.187 0.003 0.003
0.026 0.022 0.023 0.048 0.012 0.005 0.003 0.007 0.006 0.043 0.004 1 0.001 0.02 0.01 0.005 0.008 0.002 0.004 0.016 0.005 0.25 0.018 0.067 0.021 0.013 0.04 0.002 0.004 0.005 0.001 0.001 0.012 0.023 0.03 0.002 0.005 0.012 0.002 0.011 0.033 0.002 0.012 0.183 0.138 0.148 0.001 0.002 0.167 0.052 0.028 0.007 0.001 0.403 0.137 0.164 0.004 0.155 0.13 0.002 0.097 0.003 0.006 0.32 0.02 0.109 0.346 0.038 0.002 0.005 0.003 0.108 0.128 0.001 0.001 0.084 0.001 0.009 0.001 0.002 0.186
0.048 0.057 0.056 0.026 0.005 0.275 0.001 0.003 0.003 0.029 0.002 0.001 1 0.055 0.051 0.271 0.004 0.001 0.002 0.06 0.28 0.004 0.008 0.015 0.061 0.006 0.032 0.001 0.002 0.264 0.001 0.001 0.006 0.033 0.027 0.038 0.001 0.005 0.001 0.005 0.024 0.001 0.103 0.005 0.005 0.007 0.001 0.001 0.008 0.013 0.04 0.013 0.025 0.001 0.008 0.005 0.001 0.005 0.006 0.019 0.007 0.001 0.001 0.001 0 0.008 0.001 0 0.001 0.001 0.003 0.008 0.001 0 0 0.006 0.001 0.001 0 0.013 0.001
0.554 0.62 0.653 0.297 0.49 0.191 0.132 0.295 0.267 0.383 0.157 0.02 0.055 1 0.904 0.199 0.331 0.081 0.021 0.806 0.188 0.064 0.092 0.176 0.839 0.507 0.394 0.013 0.021 0.189 0.053 0.056 0.424 0.303 0.222 0.001 0.044 0.112 0.069 0.084 0.204 0.015 0.015 0.058 0.026 0 0.007 0.073 0 0.013 0.013 0.07 0.029 0.009 0 0.066 0.045 0.066 0.033 0.029 0.015 0.019 0.01 0.014 0.001 0 0.011 0 0.006 0.035 0.005 0.002 0.013 0.003 0.008 0.012 0 0.016 0.044 0.039 0.018
0.519 0.578 0.609 0.291 0.445 0.182 0.127 0.274 0.248 0.377 0.146 0.01 0.051 0.904 1 0.19 0.307 0.075 0.023 0.758 0.184 0.055 0.095 0.171 0.79 0.481 0.367 0.008 0.023 0.18 0.049 0.052 0.407 0.3 0.227 0.001 0.07 0.112 0.092 0.085 0.211 0.016 0.016 0.068 0.033 0 0.003 0.092 0 0.014 0.013 0.062 0.029 0.01 0.001 0.077 0.064 0.076 0.041 0.029 0.021 0.032 0.01 0.015 0.001 0 0.012 0 0.004 0.054 0.006 0.002 0.015 0.002 0.007 0.018 0 0.034 0.041 0.038 0.02
0.178 0.21 0.206 0.082 0.019 0.937 0.642 0.012 0.011 0.108 0.006 0.005 0.271 0.199 0.19 1 0.013 0.003 0.007 0.2 0.952 0.016 0.027 0.051 0.217 0.021 0.111 0.003 0.007 0.943 0.259 0.245 0.02 0.08 0.053 0.004 0.261 0.02 0.397 0.018 0.04 0.003 0.006 0.015 0.016 0.014 0.002 0.191 0.013 0.032 0.002 0.015 0.071 0.002 0.011 0.016 0.251 0.016 0.019 0.054 0.01 0.142 0.002 0.004 0.016 0.009 0.002 0 0.003 0.122 0.004 0.007 0.004 0.001 0.002 0.01 0.002 0.113 0.002 0.104 0.005
0.267 0.285 0.309 0.156 0.54 0.013 0.009 0.778 0.699 0.172 0.453 0.008 0.004 0.331 0.307 0.013 1 0.005 0.011 0.377 0.013 0.028 0.052 0.094 0.384 0.55 0.2 0.006 0.012 0.014 0.003 0.004 0.544 0.176 0.118 0.001 0.006 0.335 0.008 0.253 0.121 0.005 0.012 0.023 0.001 0 0.004 0.005 0 0.153 0.085 0.051 0.004 0.003 0 0.026 0.005 0.025 0.002 0.004 0 0.005 0.004 0.006 0.002 0 0.004 0 0.005 0.006 0.001 0.001 0.005 0 0.003 0 0.003 0.004 0.095 0.006 0.007
0.067 0.079 0.077 0.039 0.152 0.003 0.002 0.005 0.004 0.043 0.002 0.002 0.001 0.081 0.075 0.003 0.005 1 0.003 0.088 0.003 0.007 0.012 0.022 0.09 0.144 0.047 0.001 0.003 0.003 0.001 0.001 0.151 0.048 0.039 0.001 0.001 0.008 0.002 0.007 0.036 0.001 0.008 0.007 0.007 0.011 0.001 0.002 0.011 0.02 0.017 0.004 0.037 0.001 0.012 0.008 0.002 0.007 0.009 0.028 0.01 0.002 0.001 0.001 0 0.011 0.001 0 0.001 0.001 0.004 0.012 0.001 0.001 0.001 0.009 0.001 0.001 0.001 0.019 0.002
0.037 0.032 0.033 0.069 0.017 0.007 0.004 0.01 0.009 0.062 0.005 0.004 0.002 0.021 0.023 0.007 0.011 0.003 1 0.03 0.006 0.389 0.023 0.122 0.03 0.018 0.057 0.003 0.947 0.007 0.002 0.002 0.014 0.047 0.058 0.003 0.003 0.014 0.004 0.013 0.065 0.003 0.015 0.357 0.33 0.224 0.002 0.004 0.22 0.083 0.034 0.021 0.002 0.002 0.208 0.322 0.003 0.304 0.279 0.002 0.251 0.004 0.002 0 0.001 0.129 0.002 0 0.002 0.003 0.561 0.207 0 0.002 0 0.252 0.002 0.002 0.001 0.003 0.001
0.604 0.654 0.69 0.326 0.518 0.205 0.14 0.32 0.29 0.403 0.171 0.016 0.06 0.806 0.758 0.2 0.377 0.088 0.03 1 0.215 0.064 0.123 0.216 0.949 0.598 0.468 0.015 0.025 0.183 0.057 0.052 0.511 0.347 0.233 0 0.034 0.105 0.06 0.076 0.212 0.012 0.012 0.057 0.023 0 0.011 0.061 0 0.013 0.014 0.086 0.035 0.008 0 0.059 0.033 0.059 0.027 0.036 0.012 0.012 0.01 0.016 0.002 0.002 0.011 0 0.007 0.023 0.002 0.002 0.015 0.003 0.008 0.012 0.002 0.016 0.033 0.046 0.02
0.169 0.198 0.195 0.076 0.019 0.967 0.662 0.011 0.01 0.101 0.006 0.005 0.28 0.188 0.184 0.952 0.013 0.003 0.006 0.215 1 0.016 0.026 0.049 0.21 0.021 0.108 0.003 0.007 0.897 0.267 0.252 0.018 0.074 0.049 0.005 0.214 0.019 0.35 0.017 0.036 0.003 0.007 0.014 0.015 0.009 0.002 0.157 0.009 0.039 0.001 0.013 0.074 0.002 0.007 0.016 0.208 0.016 0.019 0.056 0.01 0.11 0.002 0.003 0.016 0.005 0.002 0 0.003 0.089 0.004 0.004 0.003 0.001 0.002 0.009 0.002 0.117 0.002 0.108 0.004
0.013 0.007 0.008 0.053 0.036 0.016 0.011 0.02 0.018 0.144 0.013 0.25 0.004 0.064 0.055 0.016 0.028 0.007 0.389 0.064 0.016 1 0.055 0.274 0.073 0.045 0.134 0.007 0.409 0.017 0.004 0.004 0.043 0.102 0.128 0.007 0 0.043 0 0.04 0.143 0.006 0.04 0.775 0.646 0.553 0.004 0 0.544 0.168 0.095 0.033 0.004 0.089 0.515 0.7 0 0.671 0.589 0.006 0.49 0 0.122 0.088 0.003 0.378 0.095 0.027 0.006 0.001 0.27 0.499 0.05 0.005 0.002 0.434 0.004 0.003 0.004 0.007 0.097
0.138 0.126 0.128 0.285 0.076 0.022 0.014 0.046 0.042 0.263 0.024 0.018 0.008 0.092 0.095 0.027 0.052 0.012 0.023 0.123 0.026 0.055 1 0.363 0.136 0.084 0.235 0.013 0.026 0.031 0.008 0.008 0.061 0.219 0.051 0.013 0.014 0.022 0.02 0.026 0.063 0.097 0.073 0.055 0.06 0.094 0.069 0.02 0.094 0.006 0.015 0.179 0.003 0.007 0.061 0.027 0.014 0.025 0.031 0.002 0.048 0.001 0.009 0.006 0.005 0.049 0.009 0.004 0 0.014 0.014 0.057 0.007 0.006 0.007 0.041 0.026 0.01 0.002 0 0.003
0.127 0.117 0.12 0.35 0.13 0.044 0.029 0.077 0.069 0.472 0.042 0.067 0.015 0.176 0.171 0.051 0.094 0.022 0.122 0.216 0.049 0.274 0.363 1 0.243 0.152 0.429 0.023 0.123 0.056 0.014 0.015 0.119 0.371 0.172 0.024 0.008 0 0.017 0.001 0.203 0.045 0.131 0.248 0.186 0.11 0.04 0.016 0.106 0.09 0.087 0.023 0.009 0.024 0.133 0.278 0.009 0.27 0.218 0.006 0.144 0 0.035 0.027 0.003 0.097 0.024 0.006 0.002 0.006 0.092 0.1 0.011 0.012 0.009 0.132 0.011 0.002 0.006 0.005 0.039
0.617 0.683 0.72 0.347 0.528 0.2 0.134 0.327 0.296 0.426 0.174 0.021 0.061 0.839 0.79 0.217 0.384 0.09 0.03 0.949 0.21 0.073 0.136 0.243 1 0.61 0.501 0.014 0.03 0.208 0.059 0.053 0.521 0.368 0.257 0 0.049 0.108 0.077 0.079 0.235 0.014 0.012 0.066 0.029 0 0.011 0.077 0 0.012 0.016 0.087 0.036 0.008 0.001 0.073 0.047 0.071 0.036 0.036 0.018 0.02 0.01 0.015 0.001 0.002 0.01 0 0.007 0.036 0.006 0.003 0.015 0.003 0.008 0.015 0.002 0.016 0.034 0.048 0.019
0.36 0.385 0.421 0.216 0.784 0.021 0.014 0.499 0.45 0.258 0.253 0.013 0.006 0.507 0.481 0.021 0.55 0.144 0.018 0.598 0.021 0.045 0.084 0.152 0.61 1 0.309 0.009 0.019 0.022 0.006 0.006 0.859 0.237 0.162 0.009 0.01 0.235 0.014 0.18 0.165 0.008 0.04 0.041 0.01 0.006 0.007 0 0.007 0.071 0.027 0.066 0.001 0.005 0.009 0.046 0.009 0.044 0.013 0.003 0.006 0.012 0.006 0.009 0.003 0.01 0.006 0 0.003 0.001 0.001 0.014 0.009 0.006 0.005 0.004 0 0.007 0.057 0.001 0.012
0.313 0.306 0.327 0.678 0.259 0.101 0.068 0.168 0.152 0.795 0.091 0.04 0.032 0.394 0.367 0.111 0.2 0.047 0.057 0.468 0.108 0.134 0.235 0.429 0.501 0.309 1 0.028 0.058 0.105 0.03 0.027 0.272 0.789 0.557 0.05 0.02 0.027 0.033 0.016 0.508 0.024 0.198 0.117 0.073 0.022 0.019 0.035 0.023 0.012 0.219 0.211 0.02 0.016 0.03 0.132 0.02 0.127 0.084 0.012 0.064 0.005 0.019 0.026 0 0.032 0.008 0.001 0.016 0.015 0.029 0.039 0.013 0.028 0.021 0.059 0.004 0.006 0.016 0.013 0.024
0.003 0.015 0.013 0 0.008 0.003 0.002 0.005 0.004 0 0.002 0.002 0.001 0.013 0.008 0.003 0.006 0.001 0.003 0.015 0.003 0.007 0.013 0.023 0.014 0.009 0.028 1 0.003 0.003 0.001 0.001 0.009 0.027 0.033 0.001 0.001 0.009 0.002 0.008 0.001 0.001 0.024 0.007 0.008 0.011 0 0.002 0.011 0.019 0.004 0 0.001 0.001 0.012 0.008 0.002 0.007 0.009 0.001 0.01 0.002 0.001 0.001 0.001 0.012 0.001 0 0.114 0.001 0.004 0.012 0.001 0.001 0.001 0.009 0.001 0.001 0.001 0.001 0.002
0.038 0.032 0.033 0.068 0.017 0.007 0.005 0.01 0.009 0.061 0.005 0.004 0.002 0.021 0.023 0.007 0.012 0.003 0.947 0.025 0.007 0.409 0.026 0.123 0.03 0.019 0.058 0.003 1 0.007 0.002 0.002 0.018 0.053 0.064 0.003 0.003 0.018 0.004 0.016 0.071 0.003 0.015 0.38 0.351 0.238 0.002 0.004 0.235 0.083 0.038 0.022 0.002 0.002 0.222 0.343 0.004 0.32 0.297 0.002 0.267 0.004 0.002 0 0.001 0.128 0.002 0.001 0.002 0.003 0.596 0.22 0 0.002 0 0.269 0.002 0.002 0.001 0.003 0.001
0.163 0.192 0.189 0.071 0.02 0.883 0.596 0.012 0.011 0.096 0.006 0.005 0.264 0.189 0.18 0.943 0.014 0.003 0.007 0.183 0.897 0.017 0.031 0.056 0.208 0.022 0.105 0.003 0.007 1 0.253 0.238 0.021 0.083 0.06 0.004 0.274 0.02 0.452 0.014 0.046 0.003 0.005 0.015 0.016 0.019 0.003 0.229 0.018 0.031 0.002 0.019 0.069 0.002 0.016 0.017 0.301 0.017 0.02 0.052 0.011 0.179 0.002 0.004 0.015 0.013 0.002 0 0.003 0.159 0.005 0.011 0.004 0.001 0.002 0.01 0.002 0.158 0.002 0.101 0.005
0.046 0.054 0.053 0.025 0.005 0.263 0.386 0.003 0.003 0.028 0.002 0.001 0.001 0.053 0.049 0.259 0.003 0.001 0.002 0.057 0.267 0.004 0.008 0.014 0.059 0.006 0.03 0.001 0.002 0.253 1 0.944 0.005 0.003 0.002 0.001 0.007 0.005 0.139 0.005 0.001 0.001 0.005 0.004 0.005 0.005 0.001 0.061 0.004 0.013 0.012 0 0.004 0 0.004 0.005 0.08 0.005 0.006 0.003 0.006 0.068 0.001 0.001 0 0.004 0.001 0 0.001 0.09 0.003 0.004 0.001 0.001 0 0.005 0.001 0.02 0 0.082 0.001
0.042 0.049 0.048 0.022 0.005 0.248 0.365 0.003 0.003 0.024 0.002 0.001 0.001 0.056 0.052 0.245 0.004 0.001 0.002 0.052 0.252 0.004 0.008 0.015 0.053 0.006 0.027 0.001 0.002 0.238 0.944 1 0.006 0.002 0.002 0.001 0.007 0.003 0.132 0.003 0.002 0.001 0.006 0.005 0.005 0.004 0.001 0.058 0.004 0.014 0.01 0 0.004 0.001 0.003 0.005 0.076 0.005 0.006 0.002 0.006 0.064 0.001 0.001 0 0.003 0.001 0 0.001 0.084 0.003 0.003 0.001 0.001 0 0.005 0.001 0.019 0 0.076 0.001
0.315 0.349 0.37 0.187 0.658 0.02 0.014 0.491 0.44 0.209 0.266 0.012 0.006 0.424 0.407 0.02 0.544 0.151 0.014 0.511 0.018 0.043 0.061 0.119 0.521 0.859 0.272 0.009 0.018 0.021 0.005 0.006 1 0.295 0.213 0.009 0.009 0.298 0.013 0.235 0.217 0.008 0.037 0.038 0.008 0.005 0.006 0 0.005 0.092 0.047 0.076 0.001 0.005 0.007 0.043 0.009 0.041 0.011 0 0.004 0.012 0.006 0.009 0.003 0.009 0.006 0 0.007 0 0.001 0.011 0.009 0.006 0.004 0.003 0 0.007 0.06 0 0.011
0.242 0.242 0.252 0.613 0.199 0.071 0.039 0.154 0.138 0.703 0.093 0.023 0.033 0.303 0.3 0.08 0.176 0.048 0.047 0.347 0.074 0.102 0.219 0.371 0.368 0.237 0.789 0.027 0.053 0.083 0.003 0.002 0.295 1 0.694 0.051 0.054 0.043 0.077 0.032 0.64 0.025 0.208 0.12 0.075 0.01 0.02 0.08 0.011 0.003 0.259 0.262 0.021 0.016 0.016 0.135 0.06 0.131 0.086 0.011 0.054 0.029 0.019 0.012 0 0.012 0.008 0.001 0.022 0.054 0.032 0.016 0.013 0.029 0.026 0.05 0.002 0.04 0.017 0.001 0.011
0.149 0.149 0.156 0.379 0.155 0.046 0.022 0.1 0.088 0.462 0.053 0.03 0.027 0.222 0.227 0.053 0.118 0.039 0.058 0.233 0.049 0.128 0.051 0.172 0.257 0.162 0.557 0.033 0.064 0.06 0.002 0.002 0.213 0.694 1 0.042 0.043 0.253 0.061 0.236 0.88 0.031 0.14 0.169 0.136 0.041 0.025 0.065 0.042 0.003 0.423 0.24 0.015 0.019 0.052 0.187 0.051 0.179 0.15 0.007 0.118 0.022 0.023 0.029 0.001 0.049 0.024 0.002 0.027 0.04 0.042 0.062 0.029 0.023 0.021 0.117 0.019 0.033 0.004 0 0.043
0 0.001 0.001 0.042 0.003 0.005 0.002 0.001 0.001 0.046 0 0.002 0.038 0.001 0.001 0.004 0.001 0.001 0.003 0 0.005 0.007 0.013 0.024 0 0.009 0.05 0.001 0.003 0.004 0.001 0.001 0.009 0.051 0.042 1 0.001 0.009 0.002 0.008 0.038 0.001 0.166 0.007 0.008 0.012 0.001 0.002 0.012 0.022 0.07 0.021 0.001 0.001 0.013 0.008 0.002 0.008 0.009 0.001 0.01 0.002 0.001 0.002 0.001 0.012 0.001 0 0.001 0.001 0.004 0.013 0.002 0.311 0.001 0.01 0.001 0.001 0.001 0.001 0.002
0.036 0.045 0.044 0.009 0.009 0.21 0.316 0.005 0.005 0.018 0.003 0.005 0.001 0.044 0.07 0.261 0.006 0.001 0.003 0.034 0.214 0 0.014 0.008 0.049 0.01 0.02 0.001 0.003 0.274 0.007 0.007 0.009 0.054 0.043 0.001 1 0.009 0.67 0.008 0.04 0.001 0.009 0.007 0.008 0.053 0.001 0.342 0.052 0.001 0.021 0.018 0.074 0.001 0.048 0.008 0.436 0.008 0.009 0.058 0.002 0.27 0.001 0.002 0.037 0.045 0.001 0 0.001 0.203 0 0.041 0.002 0.001 0.001 0.002 0.001 0.351 0.001 0.04 0.002
0.072 0.08 0.091 0.014 0.23 0.02 0.014 0.302 0.256 0.023 0.112 0.012 0.005 0.112 0.112 0.02 0.335 0.008 0.014 0.105 0.019 0.043 0.022 0 0.108 0.235 0.027 0.009 0.018 0.02 0.005 0.003 0.298 0.043 0.253 0.009 0.009 1 0.013 0.892 0.229 0.008 0.053 0.042 0.046 0.035 0.104 0.001 0.035 0.25 0.251 0.028 0.006 0.005 0.039 0.047 0.009 0.044 0.052 0.007 0.028 0.012 0.006 0.008 0.003 0.033 0.006 0 0.007 0.009 0.007 0.043 0.007 0.006 0.004 0.025 0.067 0.007 0.001 0.009 0.01
0.057 0.07 0.068 0.018 0.012 0.344 0.515 0.007 0.007 0.029 0.004 0.002 0.001 0.069 0.092 0.397 0.008 0.002 0.004 0.06 0.35 0 0.02 0.017 0.077 0.014 0.033 0.002 0.004 0.452 0.139 0.132 0.013 0.077 0.061 0.002 0.67 0.013 1 0.007 0.057 0.002 0.013 0.011 0.012 0.087 0.002 0.544 0.086 0.007 0.03 0.027 0.049 0.001 0.08 0.012 0.693 0.012 0.014 0.037 0.006 0.478 0.001 0.002 0.019 0.076 0.002 0 0.002 0.44 0.002 0.071 0.002 0.001 0.001 0.006 0.001 0.479 0.001 0.025 0.003
0.05 0.067 0.064 0.007 0.173 0.018 0.012 0.324 0.275 0.013 0.119 0.011 0.005 0.084 0.085 0.018 0.253 0.007 0.013 0.076 0.017 0.04 0.026 0.001 0.079 0.18 0.016 0.008 0.016 0.014 0.005 0.003 0.235 0.032 0.236 0.008 0.008 0.892 0.007 1 0.216 0.007 0.049 0.04 0.043 0.058 0.113 0.008 0.058 0.215 0.285 0.023 0.005 0.005 0.063 0.044 0.004 0.041 0.05 0.006 0.056 0.006 0.006 0.007 0.003 0.054 0.006 0.002 0.007 0.004 0.023 0.062 0.007 0.005 0.004 0.053 0.072 0.002 0 0.008 0.009
0.152 0.135 0.146 0.421 0.132 0.034 0.014 0.111 0.099 0.512 0.068 0.033 0.024 0.204 0.211 0.04 0.121 0.036 0.065 0.212 0.036 0.143 0.063 0.203 0.235 0.165 0.508 0.001 0.071 0.046 0.001 0.002 0.217 0.64 0.88 0.038 0.04 0.229 0.057 0.216 1 0.034 0.223 0.188 0.132 0.041 0.022 0.059 0.043 0.002 0.477 0.28 0.015 0.021 0.053 0.208 0.047 0.199 0.148 0.006 0.123 0.016 0.025 0.033 0.001 0.05 0.027 0.002 0.018 0.036 0.05 0.064 0.033 0.021 0.02 0.116 0.017 0.03 0.019 0 0.048
0.013 0.01 0.011 0.026 0.008 0.003 0.002 0.005 0.004 0.028 0.002 0.002 0.001 0.015 0.016 0.003 0.005 0.001 0.003 0.012 0.003 0.006 0.097 0.045 0.014 0.008 0.024 0.001 0.003 0.003 0.001 0.001 0.008 0.025 0.031 0.001 0.001 0.008 0.002 0.007 0.034 1 0.004 0.003 0.003 0.006 0.001 0.002 0.006 0.003 0.016 0.023 0.001 0.001 0.001 0 0.002 0 0 0.001 0.005 0 0.001 0.001 0 0.001 0.001 0 0.001 0.001 0.001 0.007 0.001 0.001 0.001 0 0.001 0.001 0.001 0.001 0.002
0.004 0.018 0.019 0.237 0.037 0.006 0.013 0.012 0.01 0.262 0.002 0.012 0.103 0.015 0.016 0.006 0.012 0.008 0.015 0.012 0.007 0.04 0.073 0.131 0.012 0.04 0.198 0.024 0.015 0.005 0.005 0.006 0.037 0.208 0.14 0.166 0.009 0.053 0.013 0.049 0.223 0.004 1 0.044 0.033 0.054 0.006 0.013 0.055 0.101 0.363 0.107 0.001 0.005 0.059 0.049 0.01 0.047 0.041 0 0.051 0.007 0.006 0.009 0.003 0.058 0.006 0.002 0.007 0.009 0.027 0.059 0.009 0.098 0.085 0.044 0.005 0.007 0.002 0.002 0.012
0.01 0.008 0.009 0.049 0.031 0.014 0.009 0.021 0.019 0.127 0.013 0.183 0.005 0.058 0.068 0.015 0.023 0.007 0.357 0.057 0.014 0.775 0.055 0.248 0.066 0.041 0.117 0.007 0.38 0.015 0.004 0.005 0.038 0.12 0.169 0.007 0.007 0.042 0.011 0.04 0.188 0.003 0.044 1 0.848 0.63 0.005 0.011 0.62 0.195 0.106 0.042 0.005 0.085 0.586 0.905 0.009 0.869 0.768 0.006 0.65 0.01 0.131 0.098 0.023 0.437 0.138 0.026 0.006 0.006 0.3 0.505 0.091 0.005 0.004 0.589 0.004 0.006 0.004 0.008 0.143
0.001 0.001 0.001 0.029 0.012 0.016 0.01 0 0 0.081 0.003 0.138 0.005 0.026 0.033 0.016 0.001 0.007 0.33 0.023 0.015 0.646 0.06 0.186 0.029 0.01 0.073 0.008 0.351 0.016 0.005 0.005 0.008 0.075 0.136 0.008 0.008 0.046 0.012 0.043 0.132 0.003 0.033 0.848 1 0.681 0.006 0.012 0.671 0.226 0.114 0.049 0.005 0.054 0.632 0.764 0.008 0.74 0.832 0.006 0.674 0.011 0.094 0.09 0.017 0.467 0.099 0.024 0.006 0.006 0.269 0.534 0.064 0.005 0.004 0.645 0.005 0.006 0.051 0.008 0.109
0.012 0.012 0.016 0.004 0.006 0.009 0.029 0.003 0.002 0.029 0.001 0.148 0.007 0 0 0.014 0 0.011 0.224 0 0.009 0.553 0.094 0.11 0 0.006 0.022 0.011 0.238 0.019 0.005 0.004 0.005 0.01 0.041 0.012 0.053 0.035 0.087 0.058 0.041 0.006 0.054 0.63 0.681 1 0.009 0.188 0.984 0.2 0.168 0.094 0.007 0.052 0.928 0.559 0.143 0.536 0.617 0.009 0.633 0.08 0.083 0.057 0.045 0.733 0.087 0.033 0.009 0.082 0.256 0.778 0.052 0.008 0.006 0.592 0.007 0.095 0.044 0.012 0.084
0.007 0.01 0.01 0.023 0.006 0.002 0.002 0.004 0.003 0.023 0.002 0.001 0.001 0.007 0.003 0.002 0.004 0.001 0.002 0.011 0.002 0.004 0.069 0.04 0.011 0.007 0.019 0 0.002 0.003 0.001 0.001 0.006 0.02 0.025 0.001 0.001 0.104 0.002 0.113 0.022 0.001 0.006 0.005 0.006 0.009 1 0.002 0.008 0.014 0.026 0.026 0.001 0.001 0.009 0.006 0.001 0.006 0.007 0.001 0.008 0.001 0.001 0.001 0 0.004 0.001 0 0.001 0.001 0.003 0.009 0.001 0.001 0.001 0.007 0.001 0.001 0.006 0.001 0.001
0.061 0.054 0.073 0.027 0.001 0.154 0.239 0.008 0.007 0.029 0.004 0.002 0.001 0.073 0.092 0.191 0.005 0.002 0.004 0.061 0.157 0 0.02 0.016 0.077 0 0.035 0.002 0.004 0.229 0.061 0.058 0 0.08 0.065 0.002 0.342 0.001 0.544 0.008 0.059 0.002 0.013 0.011 0.012 0.188 0.002 1 0.185 0.001 0.031 0.033 0.001 0.001 0.174 0.013 0.74 0.012 0.014 0.002 0.003 0.496 0.001 0.002 0.025 0.162 0.002 0.008 0.002 0.449 0.007 0.139 0.002 0.001 0.001 0.004 0.001 0.507 0.001 0.002 0.003
0.011 0.011 0.015 0.004 0.007 0.008 0.028 0.003 0.002 0.031 0 0.167 0.008 0 0 0.013 0 0.011 0.22 0 0.009 0.544 0.094 0.106 0 0.007 0.023 0.011 0.235 0.018 0.004 0.004 0.005 0.011 0.042 0.012 0.052 0.035 0.086 0.058 0.043 0.006 0.055 0.62 0.671 0.984 0.008 0.185 1 0.195 0.169 0.089 0.008 0.067 0.914 0.551 0.141 0.529 0.608 0.009 0.624 0.078 0.081 0.071 0.044 0.722 0.086 0.033 0.01 0.08 0.253 0.766 0.051 0.008 0.006 0.584 0.007 0.094 0.043 0.012 0.083
0.025 0.029 0.033 0.005 0.063 0.04 0.025 0.147 0.128 0.014 0.079 0.052 0.013 0.013 0.014 0.032 0.153 0.02 0.083 0.013 0.039 0.168 0.006 0.09 0.012 0.071 0.012 0.019 0.083 0.031 0.013 0.014 0.092 0.003 0.003 0.022 0.001 0.25 0.007 0.215 0.002 0.003 0.101 0.195 0.226 0.2 0.014 0.001 0.195 1 0.005 0.065 0.014 0.022 0.212 0.204 0.003 0.207 0.223 0.017 0.211 0.002 0.03 0.039 0.004 0.176 0.014 0.013 0.003 0.001 0.094 0.165 0.004 0.015 0.008 0.22 0.024 0.001 0.016 0.023 0.031
0.016 0.008 0.007 0.22 0.036 0.002 0.032 0.116 0.097 0.263 0.042 0.028 0.04 0.013 0.013 0.002 0.085 0.017 0.034 0.014 0.001 0.095 0.015 0.087 0.016 0.027 0.219 0.004 0.038 0.002 0.012 0.01 0.047 0.259 0.423 0.07 0.021 0.251 0.03 0.285 0.477 0.016 0.363 0.106 0.114 0.168 0.026 0.031 0.169 0.005 1 0.157 0.001 0.011 0.18 0.116 0.025 0.113 0.135 0.003 0.15 0.027 0.014 0.022 0.007 0.177 0.015 0.006 0.016 0.021 0.063 0.181 0.022 0.04 0.036 0.142 0.034 0.016 0.01 0.01 0.028
0.1 0.083 0.078 0.223 0.053 0.012 0.003 0.053 0.051 0.223 0.038 0.007 0.013 0.07 0.062 0.015 0.051 0.004 0.021 0.086 0.013 0.033 0.179 0.023 0.087 0.066 0.211 0 0.022 0.019 0 0 0.076 0.262 0.24 0.021 0.018 0.028 0.027 0.023 0.28 0.023 0.107 0.042 0.049 0.094 0.026 0.033 0.089 0.065 0.157 1 0.013 0.006 0.105 0.05 0.026 0.048 0.06 0.008 0.044 0.004 0.003 0.001 0.008 0.078 0.014 0.002 0.036 0.022 0.04 0.061 0.001 0.01 0.011 0.044 0.008 0.017 0.005 0 0.009
0.025 0.03 0.03 0.014 0.001 0.072 0.046 0.003 0.003 0.02 0.002 0.001 0.025 0.029 0.029 0.071 0.004 0.037 0.002 0.035 0.074 0.004 0.003 0.009 0.036 0.001 0.02 0.001 0.002 0.069 0.004 0.004 0.001 0.021 0.015 0.001 0.074 0.006 0.049 0.005 0.015 0.001 0.001 0.005 0.005 0.007 0.001 0.001 0.008 0.014 0.001 0.013 1 0.001 0.008 0.005 0.001 0.005 0.006 0.812 0.006 0.001 0.001 0.001 0 0.008 0.001 0 0.001 0.001 0.003 0.008 0.001 0.003 0 0.006 0.001 0.001 0 0.517 0.001
0.01 0.009 0.009 0.019 0.005 0.002 0.001 0.003 0.003 0.017 0.001 0.403 0.001 0.009 0.01 0.002 0.003 0.001 0.002 0.008 0.002 0.089 0.007 0.024 0.008 0.005 0.016 0.001 0.002 0.002 0 0.001 0.005 0.016 0.019 0.001 0.001 0.005 0.001 0.005 0.021 0.001 0.005 0.085 0.054 0.052 0.001 0.001 0.067 0.022 0.011 0.006 0.001 1 0.048 0.077 0.001 0.079 0.066 0.001 0.031 0.001 0.02 0.24 0 0.025 0.373 0 0.001 0.001 0.002 0.025 0.105 0.001 0 0.019 0 0.001 0 0.001 0.178
0.009 0.008 0.011 0.008 0.009 0.007 0.025 0.005 0.003 0.039 0 0.137 0.008 0 0.001 0.011 0 0.012 0.208 0 0.007 0.515 0.061 0.133 0.001 0.009 0.03 0.012 0.222 0.016 0.004 0.003 0.007 0.016 0.052 0.013 0.048 0.039 0.08 0.063 0.053 0.001 0.059 0.586 0.632 0.928 0.009 0.174 0.914 0.212 0.18 0.105 0.008 0.048 1 0.642 0.133 0.62 0.693 0.01 0.673 0.073 0.077 0.052 0.041 0.8 0.081 0.031 0.01 0.075 0.301 0.811 0.048 0.008 0.006 0.647 0.007 0.088 0.039 0.013 0.102
0.012 0.013 0.013 0.062 0.035 0.016 0.01 0.024 0.021 0.142 0.014 0.164 0.005 0.066 0.077 0.016 0.026 0.008 0.322 0.059 0.016 0.7 0.027 0.278 0.073 0.046 0.132 0.008 0.343 0.017 0.005 0.005 0.043 0.135 0.187 0.008 0.008 0.047 0.012 0.044 0.208 0 0.049 0.905 0.764 0.559 0.006 0.013 0.551 0.204 0.116 0.05 0.005 0.077 0.642 1 0.01 0.96 0.845 0.006 0.682 0.011 0.119 0.088 0.02 0.492 0.125 0.023 0.007 0.006 0.347 0.53 0.081 0.005 0.004 0.638 0.005 0.006 0.004 0.009 0.164
0.037 0.046 0.045 0.014 0.008 0.205 0.31 0.004 0.004 0.015 0.002 0.004 0.001 0.045 0.064 0.251 0.005 0.002 0.003 0.033 0.208 0 0.014 0.009 0.047 0.009 0.02 0.002 0.004 0.301 0.08 0.076 0.009 0.06 0.051 0.002 0.436 0.009 0.693 0.004 0.047 0.002 0.01 0.009 0.008 0.143 0.001 0.74 0.141 0.003 0.025 0.026 0.001 0.001 0.133 0.01 1 0.008 0.008 0.001 0.002 0.631 0.001 0.001 0.033 0.126 0.001 0 0.001 0.57 0.001 0.118 0.001 0.001 0.001 0.002 0.001 0.641 0 0.002 0.001
0.011 0.011 0.012 0.059 0.034 0.016 0.01 0.023 0.02 0.139 0.014 0.155 0.005 0.066 0.076 0.016 0.025 0.007 0.304 0.059 0.016 0.671 0.025 0.27 0.071 0.044 0.127 0.007 0.32 0.017 0.005 0.005 0.041 0.131 0.179 0.008 0.008 0.044 0.012 0.041 0.199 0 0.047 0.869 0.74 0.536 0.006 0.012 0.529 0.207 0.113 0.048 0.005 0.079 0.62 0.96 0.008 1 0.822 0.006 0.662 0.01 0.123 0.096 0.01 0.501 0.129 0.021 0.006 0.006 0.315 0.514 0.089 0.005 0.004 0.618 0.005 0.006 0.004 0.008 0.175
0.002 0.002 0.002 0.037 0.015 0.019 0.012 0.001 0 0.097 0.002 0.13 0.006 0.033 0.041 0.019 0.002 0.009 0.279 0.027 0.019 0.589 0.031 0.218 0.036 0.013 0.084 0.009 0.297 0.02 0.006 0.006 0.011 0.086 0.15 0.009 0.009 0.052 0.014 0.05 0.148 0 0.041 0.768 0.832 0.617 0.007 0.014 0.608 0.223 0.135 0.06 0.006 0.066 0.693 0.845 0.008 0.822 1 0.007 0.733 0.012 0.103 0.086 0.017 0.545 0.108 0.019 0.008 0.008 0.298 0.581 0.071 0.006 0.005 0.687 0.006 0.007 0.055 0.01 0.145
0.025 0.03 0.03 0.012 0.003 0.055 0.035 0.004 0.004 0.018 0.002 0.002 0.019 0.029 0.029 0.054 0.004 0.028 0.002 0.036 0.056 0.006 0.002 0.006 0.036 0.003 0.012 0.001 0.002 0.052 0.003 0.002 0 0.011 0.007 0.001 0.058 0.007 0.037 0.006 0.006 0.001 0 0.006 0.006 0.009 0.001 0.002 0.009 0.017 0.003 0.008 0.812 0.001 0.01 0.006 0.001 0.006 0.007 1 0.008 0.001 0.001 0.001 0 0.01 0.001 0 0.001 0.001 0.003 0.01 0.001 0.002 0.001 0.008 0.001 0.001 0.001 0.559 0.002
0 0 0 0.019 0.005 0.008 0.003 0.004 0.002 0.06 0 0.097 0.007 0.015 0.021 0.01 0 0.01 0.251 0.012 0.01 0.49 0.048 0.144 0.018 0.006 0.064 0.01 0.267 0.011 0.006 0.006 0.004 0.054 0.118 0.01 0.002 0.028 0.006 0.056 0.123 0.005 0.051 0.65 0.674 0.633 0.008 0.003 0.624 0.211 0.15 0.044 0.006 0.031 0.673 0.682 0.002 0.662 0.733 0.008 1 0.014 0.08 0.124 0.05 0.682 0.098 0.037 0.008 0.009 0.355 0.728 0.145 0.007 0.005 0.878 0.006 0.008 0.028 0.011 0.185
0.012 0.016 0.016 0.002 0.008 0.108 0.17 0.007 0.006 0.003 0.003 0.003 0.001 0.019 0.032 0.142 0.005 0.002 0.004 0.012 0.11 0 0.001 0 0.02 0.012 0.005 0.002 0.004 0.179 0.068 0.064 0.012 0.029 0.022 0.002 0.27 0.012 0.478 0.006 0.016 0 0.007 0.01 0.011 0.08 0.001 0.496 0.078 0.002 0.027 0.004 0.001 0.001 0.073 0.011 0.631 0.01 0.012 0.001 0.014 1 0.001 0.002 0.001 0.074 0.001 0.001 0.001 0.526 0.006 0.072 0.002 0.001 0.001 0.013 0.001 0.593 0.001 0.002 0.003
0.026 0.032 0.031 0.011 0.005 0.002 0.002 0.003 0.003 0.02 0.002 0.006 0.001 0.01 0.01 0.002 0.004 0.001 0.002 0.01 0.002 0.122 0.009 0.035 0.01 0.006 0.019 0.001 0.002 0.002 0.001 0.001 0.006 0.019 0.023 0.001 0.001 0.006 0.001 0.006 0.025 0.001 0.006 0.131 0.094 0.083 0.001 0.001 0.081 0.03 0.014 0.003 0.001 0.02 0.077 0.119 0.001 0.123 0.103 0.001 0.08 0.001 1 0.008 0 0.075 0.018 0.008 0.001 0.001 0.001 0.071 0.008 0.001 0 0.045 0.001 0.001 0 0.001 0.005
0.012 0.009 0.009 0.01 0.005 0.001 0.001 0.002 0.001 0.009 0.002 0.32 0.001 0.014 0.015 0.004 0.006 0.001 0 0.016 0.003 0.088 0.006 0.027 0.015 0.009 0.026 0.001 0 0.004 0.001 0.001 0.009 0.012 0.029 0.002 0.002 0.008 0.002 0.007 0.033 0.001 0.009 0.098 0.09 0.057 0.001 0.002 0.071 0.039 0.022 0.001 0.001 0.24 0.052 0.088 0.001 0.096 0.086 0.001 0.124 0.002 0.008 1 0.001 0.104 0.246 0.044 0.001 0.002 0.005 0.101 0.177 0.001 0.001 0.099 0.001 0.001 0.001 0.002 0.39
0.007 0 0 0.001 0.003 0.016 0.026 0.002 0.002 0 0.001 0.02 0 0.001 0.001 0.016 0.002 0 0.001 0.002 0.016 0.003 0.005 0.003 0.001 0.003 0 0.001 0.001 0.015 0 0 0.003 0 0.001 0.001 0.037 0.003 0.019 0.003 0.001 0 0.003 0.023 0.017 0.045 0 0.025 0.044 0.004 0.007 0.008 0 0 0.041 0.02 0.033 0.01 0.017 0 0.05 0.001 0 0.001 1 0.036 0 0.001 0 0.001 0.007 0.009 0.001 0 0 0.052 0 0 0 0.001 0.001
0.007 0.006 0.009 0.005 0.011 0.006 0.024 0.006 0.004 0.033 0 0.109 0.008 0 0 0.009 0 0.011 0.129 0.002 0.005 0.378 0.049 0.097 0.002 0.01 0.032 0.012 0.128 0.013 0.004 0.003 0.009 0.012 0.049 0.012 0.045 0.033 0.076 0.054 0.05 0.001 0.058 0.437 0.467 0.733 0.004 0.162 0.722 0.176 0.177 0.078 0.008 0.025 0.8 0.492 0.126 0.501 0.545 0.01 0.682 0.074 0.075 0.104 0.036 1 0.082 0.029 0.01 0.077 0.207 0.848 0.122 0.008 0.006 0.663 0.007 0.09 0.058 0.013 0.156
0.013 0.011 0.011 0.011 0.006 0.002 0.002 0.004 0.003 0.009 0.002 0.346 0.001 0.011 0.012 0.002 0.004 0.001 0.002 0.011 0.002 0.095 0.009 0.024 0.01 0.006 0.008 0.001 0.002 0.002 0.001 0.001 0.006 0.008 0.024 0.001 0.001 0.006 0.002 0.006 0.027 0.001 0.006 0.138 0.099 0.087 0.001 0.002 0.086 0.014 0.015 0.014 0.001 0.373 0.081 0.125 0.001 0.129 0.108 0.001 0.098 0.001 0.018 0.246 0 0.082 1 0.079 0.001 0.001 0.003 0.081 0.321 0.001 0.001 0.079 0.001 0.001 0.001 0.001 0.476
0 0.001 0 0 0 0 0 0.001 0.001 0.001 0.001 0.038 0 0 0 0 0 0 0 0 0 0.027 0.004 0.006 0 0 0.001 0 0.001 0 0 0 0 0.001 0.002 0 0 0 0 0.002 0.002 0 0.002 0.026 0.024 0.033 0 0.008 0.033 0.013 0.006 0.002 0 0 0.031 0.023 0 0.021 0.019 0 0.037 0.001 0.008 0.044 0.001 0.029 0.079 1 0 0 0.006 0.014 0.005 0 0 0.027 0 0 0 0 0.034
0.007 0.01 0.004 0.017 0.003 0.003 0.002 0.004 0.004 0.018 0.002 0.002 0.001 0.006 0.004 0.003 0.005 0.001 0.002 0.007 0.003 0.006 0 0.002 0.007 0.003 0.016 0.114 0.002 0.003 0.001 0.001 0.007 0.022 0.027 0.001 0.001 0.007 0.002 0.007 0.018 0.001 0.007 0.006 0.006 0.009 0.001 0.002 0.01 0.003 0.016 0.036 0.001 0.001 0.01 0.007 0.001 0.006 0.008 0.001 0.008 0.001 0.001 0.001 0 0.01 0.001 0 1 0.001 0.004 0.01 0.001 0.001 0.001 0.008 0.001 0.001 0.001 0.001 0.002
0.011 0.015 0.015 0.008 0.009 0.087 0.136 0.005 0.005 0.011 0.003 0.005 0.001 0.035 0.054 0.122 0.006 0.001 0.003 0.023 0.089 0.001 0.014 0.006 0.036 0.001 0.015 0.001 0.003 0.159 0.09 0.084 0 0.054 0.04 0.001 0.203 0.009 0.44 0.004 0.036 0.001 0.009 0.006 0.006 0.082 0.001 0.449 0.08 0.001 0.021 0.022 0.001 0.001 0.075 0.006 0.57 0.006 0.008 0.001 0.009 0.526 0.001 0.002 0.001 0.077 0.001 0 0.001 1 0.001 0.075 0.002 0.001 0.001 0.008 0.001 0.48 0.001 0.002 0.002
0.013 0.017 0.012 0.033 0.007 0.004 0.002 0.016 0.014 0.038 0.008 0.003 0.003 0.005 0.006 0.004 0.001 0.004 0.561 0.002 0.004 0.27 0.014 0.092 0.006 0.001 0.029 0.004 0.596 0.005 0.003 0.003 0.001 0.032 0.042 0.004 0 0.007 0.002 0.023 0.05 0.001 0.027 0.3 0.269 0.256 0.003 0.007 0.253 0.094 0.063 0.04 0.003 0.002 0.301 0.347 0.001 0.315 0.298 0.003 0.355 0.006 0.001 0.005 0.007 0.207 0.003 0.006 0.004 0.001 1 0.286 0.005 0.003 0.002 0.341 0.003 0.003 0.002 0.005 0
0.002 0.005 0.006 0.008 0.014 0.005 0.021 0.006 0.004 0.038 0 0.108 0.008 0.002 0.002 0.007 0.001 0.012 0.207 0.002 0.004 0.499 0.057 0.1 0.003 0.014 0.039 0.012 0.22 0.011 0.004 0.003 0.011 0.016 0.062 0.013 0.041 0.043 0.071 0.062 0.064 0.007 0.059 0.505 0.534 0.778 0.009 0.139 0.766 0.165 0.181 0.061 0.008 0.025 0.811 0.53 0.118 0.514 0.581 0.01 0.728 0.072 0.071 0.101 0.009 0.848 0.081 0.014 0.01 0.075 0.286 1 0.119 0.008 0.006 0.675 0.008 0.088 0.04 0.013 0.153
0.009 0.007 0.007 0.009 0.004 0.001 0.001 0.002 0.001 0.009 0.002 0.128 0.001 0.013 0.015 0.004 0.005 0.001 0 0.015 0.003 0.05 0.007 0.011 0.015 0.009 0.013 0.001 0 0.004 0.001 0.001 0.009 0.013 0.029 0.002 0.002 0.007 0.002 0.007 0.033 0.001 0.009 0.091 0.064 0.052 0.001 0.002 0.051 0.004 0.022 0.001 0.001 0.105 0.048 0.081 0.001 0.089 0.071 0.001 0.145 0.002 0.008 0.177 0.001 0.122 0.321 0.005 0.001 0.002 0.005 0.119 1 0.001 0.001 0.118 0.001 0.001 0.001 0.002 0.376
0 0.003 0.003 0.023 0.001 0.001 0.001 0 0 0.026 0.001 0.001 0 0.003 0.002 0.001 0 0.001 0.002 0.003 0.001 0.005 0.006 0.012 0.003 0.006 0.028 0.001 0.002 0.001 0.001 0.001 0.006 0.029 0.023 0.311 0.001 0.006 0.001 0.005 0.021 0.001 0.098 0.005 0.005 0.008 0.001 0.001 0.008 0.015 0.04 0.01 0.003 0.001 0.008 0.005 0.001 0.005 0.006 0.002 0.007 0.001 0.001 0.001 0 0.008 0.001 0 0.001 0.001 0.003 0.008 0.001 1 0 0.007 0.001 0.001 0 0.001 0.001
0.001 0.008 0.008 0.018 0.004 0.002 0.001 0.003 0.002 0.02 0.001 0.001 0 0.008 0.007 0.002 0.003 0.001 0 0.008 0.002 0.002 0.007 0.009 0.008 0.005 0.021 0.001 0 0.002 0 0 0.004 0.026 0.021 0.001 0.001 0.004 0.001 0.004 0.02 0.001 0.085 0.004 0.004 0.006 0.001 0.001 0.006 0.008 0.036 0.011 0 0 0.006 0.004 0.001 0.004 0.005 0.001 0.005 0.001 0 0.001 0 0.006 0.001 0 0.001 0.001 0.002 0.006 0.001 0 1 0.005 0 0.001 0 0.001 0.001
0 0.001 0 0.022 0.005 0.008 0.002 0.003 0.002 0.055 0 0.084 0.006 0.012 0.018 0.01 0 0.009 0.252 0.012 0.009 0.434 0.041 0.132 0.015 0.004 0.059 0.009 0.269 0.01 0.005 0.005 0.003 0.05 0.117 0.01 0.002 0.025 0.006 0.053 0.116 0 0.044 0.589 0.645 0.592 0.007 0.004 0.584 0.22 0.142 0.044 0.006 0.019 0.647 0.638 0.002 0.618 0.687 0.008 0.878 0.013 0.045 0.099 0.052 0.663 0.079 0.027 0.008 0.008 0.341 0.675 0.118 0.007 0.005 1 0.006 0.008 0.046 0.01 0.17
0.003 0.002 0.002 0.005 0 0.002 0.001 0 0.001 0.001 0.002 0.001 0.001 0 0 0.002 0.003 0.001 0.002 0.002 0.002 0.004 0.026 0.011 0.002 0 0.004 0.001 0.002 0.002 0.001 0.001 0 0.002 0.019 0.001 0.001 0.067 0.001 0.072 0.017 0.001 0.005 0.004 0.005 0.007 0.001 0.001 0.007 0.024 0.034 0.008 0.001 0 0.007 0.005 0.001 0.005 0.006 0.001 0.006 0.001 0.001 0.001 0 0.007 0.001 0 0.001 0.001 0.003 0.008 0.001 0.001 0 0.006 1 0.001 0 0.001 0.001
0.013 0.017 0.016 0.003 0.006 0.115 0.175 0.004 0.004 0.003 0.002 0.009 0.001 0.016 0.034 0.113 0.004 0.001 0.002 0.016 0.117 0.003 0.01 0.002 0.016 0.007 0.006 0.001 0.002 0.158 0.02 0.019 0.007 0.04 0.033 0.001 0.351 0.007 0.479 0.002 0.03 0.001 0.007 0.006 0.006 0.095 0.001 0.507 0.094 0.001 0.016 0.017 0.001 0.001 0.088 0.006 0.641 0.006 0.007 0.001 0.008 0.593 0.001 0.001 0 0.09 0.001 0 0.001 0.48 0.003 0.088 0.001 0.001 0.001 0.008 0.001 1 0.001 0.001 0.002
0.026 0.031 0.031 0.013 0.021 0.002 0.001 0.107 0.118 0.014 0.187 0.001 0 0.044 0.041 0.002 0.095 0.001 0.001 0.033 0.002 0.004 0.002 0.006 0.034 0.057 0.016 0.001 0.001 0.002 0 0 0.06 0.017 0.004 0.001 0.001 0.001 0.001 0 0.019 0.001 0.002 0.004 0.051 0.044 0.006 0.001 0.043 0.016 0.01 0.005 0 0 0.039 0.004 0 0.004 0.055 0.001 0.028 0.001 0 0.001 0 0.058 0.001 0 0.001 0.001 0.002 0.04 0.001 0 0 0.046 0 0.001 1 0.001 0.001
0.033 0.041 0.04 0.012 0.001 0.106 0.097 0.005 0.005 0.018 0.003 0.002 0.013 0.039 0.038 0.104 0.006 0.019 0.003 0.046 0.108 0.007 0 0.005 0.048 0.001 0.013 0.001 0.003 0.101 0.082 0.076 0 0.001 0 0.001 0.04 0.009 0.025 0.008 0 0.001 0.002 0.008 0.008 0.012 0.001 0.002 0.012 0.023 0.01 0 0.517 0.001 0.013 0.009 0.002 0.008 0.01 0.559 0.011 0.002 0.001 0.002 0.001 0.013 0.001 0 0.001 0.002 0.005 0.013 0.002 0.001 0.001 0.01 0.001 0.001 0.001 1 0.002
0.005 0.003 0.004 0.003 0.007 0.002 0.001 0.003 0.002 0.009 0.003 0.186 0.001 0.018 0.02 0.005 0.007 0.002 0.001 0.02 0.004 0.097 0.003 0.039 0.019 0.012 0.024 0.002 0.001 0.005 0.001 0.001 0.011 0.011 0.043 0.002 0.002 0.01 0.003 0.009 0.048 0.002 0.012 0.143 0.109 0.084 0.001 0.003 0.083 0.031 0.028 0.009 0.001 0.178 0.102 0.164 0.001 0.175 0.145 0.002 0.185 0.003 0.005 0.39 0.001 0.156 0.476 0.034 0.002 0.002 0 0.153 0.376 0.001 0.001 0.17 0.001 0.002 0.001 0.002 1
