1 0.82 0.837 0.55 0.335 0.161 0.106 0.249 0.216 0.353 0.129 0.021 0.05 0.421 0.407 0.159 0.243 0.042 0.054 0.516 0.149 0.002 0.148 0.117 0.525 0.304 0.299 0.002 0.055 0.138 0.051 0.047 0.25 0.236 0.113 0 0.026 0.027 0.04 0.019 0.123 0.024 0 0.001 0 0.014 0.008 0.028 0.009 0.013 0.015 0.094 0.01 0.009 0.011 0.001 0.015 0.001 0.001 0.009 0.006 0 0.055 0.005 0.019 0.016 0.011 0.001 0.009 0.003 0.021 0.003 0 0.001 0 0.001 0.004 0.002 0.031 0.003 0
0.82 1 0.956 0.538 0.372 0.197 0.129 0.303 0.263 0.326 0.156 0.021 0.061 0.499 0.478 0.193 0.26 0.053 0.044 0.547 0.183 0 0.143 0.102 0.603 0.336 0.287 0.016 0.045 0.17 0.062 0.058 0.278 0.224 0.111 0.001 0.035 0.034 0.054 0.034 0.111 0.019 0.005 0 0.002 0.019 0.008 0.02 0.012 0.016 0.007 0.065 0.014 0.007 0.01 0.002 0.022 0.001 0.001 0.013 0.004 0.002 0.069 0.003 0.011 0.014 0.009 0 0.007 0.005 0.033 0.007 0 0.001 0.006 0.001 0.003 0.004 0.038 0.006 0.001
0.837 0.956 1 0.554 0.402 0.192 0.126 0.296 0.257 0.334 0.153 0.017 0.06 0.521 0.498 0.189 0.29 0.051 0.045 0.582 0.178 0 0.145 0.103 0.631 0.365 0.304 0.016 0.046 0.166 0.06 0.057 0.305 0.24 0.121 0.001 0.034 0.044 0.052 0.032 0.121 0.02 0.005 0 0.002 0.026 0.009 0.037 0.018 0.02 0.006 0.072 0.014 0.008 0.015 0.001 0.021 0.001 0.001 0.012 0.008 0.001 0.068 0.003 0.011 0.02 0.009 0.003 0.007 0.005 0.023 0.008 0 0.001 0.007 0.004 0.003 0.004 0.037 0.005 0.001
0.55 0.538 0.554 1 0.244 0.104 0.066 0.17 0.147 0.756 0.088 0.037 0.034 0.314 0.297 0.102 0.182 0.039 0.079 0.344 0.094 0.02 0.266 0.295 0.395 0.232 0.604 0 0.078 0.085 0.034 0.031 0.188 0.519 0.296 0.039 0.012 0.007 0.02 0.004 0.347 0.037 0.202 0.023 0.01 0.001 0.018 0.014 0.002 0.003 0.176 0.162 0.007 0.014 0.004 0.033 0.006 0.033 0.016 0.006 0.006 0 0.035 0.009 0.004 0.001 0.017 0 0.014 0.001 0.051 0.007 0.001 0.047 0.015 0.008 0.007 0 0.019 0.001 0
0.335 0.372 0.402 0.244 1 0.018 0.011 0.544 0.503 0.299 0.281 0.01 0.005 0.427 0.395 0.017 0.593 0.117 0.021 0.452 0.018 0.036 0.077 0.148 0.492 0.738 0.268 0.008 0.021 0.018 0.005 0.006 0.633 0.218 0.153 0 0.01 0.157 0.014 0.125 0.135 0.011 0.01 0.023 0.003 0.002 0.005 0 0.002 0.039 0.04 0.024 0.005 0.003 0.004 0.025 0.004 0.025 0.003 0.004 0 0.009 0.002 0 0 0.004 0.004 0 0.005 0.006 0.013 0.006 0 0 0.003 0.001 0.001 0.006 0.062 0.006 0
0.161 0.197 0.192 0.104 0.018 1 0.65 0.011 0.01 0.133 0.006 0.004 0.308 0.209 0.195 0.963 0.012 0.003 0.008 0.221 0.94 0.022 0.025 0.063 0.234 0.016 0.131 0.003 0.008 0.887 0.311 0.308 0.017 0.109 0.054 0.001 0.239 0.019 0.362 0.018 0.065 0.005 0.016 0.021 0.023 0.001 0.003 0.13 0.001 0.042 0 0.025 0.115 0.001 0.001 0.022 0.143 0.022 0.027 0.1 0.006 0.054 0.004 0.001 0.047 0.002 0.002 0.002 0.002 0.064 0.007 0 0.001 0.002 0.001 0.006 0.001 0.065 0.002 0.077 0.001
0.106 0.129 0.126 0.066 0.011 0.65 1 0.007 0.006 0.088 0.004 0.003 0.001 0.138 0.129 0.618 0.008 0.002 0.006 0.141 0.604 0.015 0.015 0.039 0.148 0.011 0.083 0.002 0.006 0.564 0.478 0.475 0.011 0.063 0.023 0.002 0.379 0.013 0.571 0.011 0.034 0.003 0.011 0.013 0.015 0.012 0.002 0.213 0.012 0.024 0.026 0.012 0.132 0.001 0.011 0.014 0.233 0.014 0.017 0.116 0.001 0.093 0.003 0 0.076 0.015 0.001 0.003 0.001 0.105 0.004 0.007 0 0.002 0.001 0.001 0.001 0.108 0.001 0.093 0
0.249 0.303 0.296 0.17 0.544 0.011 0.007 1 0.865 0.207 0.516 0.006 0.004 0.278 0.258 0.011 0.777 0.004 0.014 0.301 0.011 0.019 0.045 0.082 0.327 0.494 0.179 0.005 0.014 0.012 0.004 0.004 0.46 0.16 0.108 0.002 0.006 0.203 0.009 0.22 0.106 0.007 0.006 0.02 0 0.001 0.002 0.007 0.001 0.098 0.096 0.03 0.003 0.002 0.003 0.021 0.002 0.021 0 0.004 0 0.006 0.004 0 0 0.002 0.002 0.003 0.003 0.004 0.018 0.003 0.001 0.003 0.002 0.002 0 0.004 0.123 0.005 0
0.216 0.263 0.257 0.147 0.503 0.01 0.006 0.865 1 0.179 0.593 0.005 0.003 0.235 0.218 0.01 0.658 0.003 0.012 0.253 0.01 0.015 0.038 0.068 0.275 0.407 0.15 0.004 0.012 0.01 0.003 0.004 0.375 0.131 0.087 0.004 0.005 0.144 0.008 0.155 0.086 0.006 0.003 0.016 0 0 0.002 0.006 0 0.076 0.068 0.033 0.003 0.002 0.001 0.016 0.001 0.016 0 0.003 0 0.005 0.004 0.001 0 0 0.002 0.003 0.003 0.004 0.015 0.001 0.002 0.004 0.001 0 0 0.004 0.142 0.005 0.001
0.353 0.326 0.334 0.756 0.299 0.133 0.088 0.207 0.179 1 0.107 0.03 0.042 0.419 0.402 0.132 0.222 0.047 0.065 0.438 0.123 0.139 0.213 0.471 0.493 0.284 0.754 0 0.064 0.113 0.042 0.038 0.234 0.661 0.422 0.047 0.019 0.02 0.03 0.014 0.489 0.035 0.25 0.131 0.081 0.039 0.015 0.02 0.04 0.014 0.249 0.132 0.012 0.011 0.048 0.138 0.01 0.14 0.091 0.01 0.053 0 0.017 0.006 0.006 0.038 0.014 0 0.014 0.003 0.054 0.054 0.005 0.057 0.019 0.053 0.002 0.001 0.025 0.003 0.008
0.129 0.156 0.153 0.088 0.281 0.006 0.004 0.516 0.593 0.107 1 0.003 0.002 0.168 0.156 0.006 0.473 0.002 0.007 0.175 0.006 0.018 0.021 0.052 0.19 0.251 0.108 0.003 0.007 0.006 0.002 0.002 0.246 0.106 0.071 0.011 0.003 0.078 0.005 0.081 0.075 0.004 0 0.019 0 0 0.001 0.004 0 0.031 0.045 0.029 0.002 0.001 0 0.02 0 0.02 0 0.002 0 0.003 0.003 0.003 0.002 0 0.002 0.002 0.002 0.002 0.01 0.001 0.003 0.013 0.001 0.001 0.001 0.002 0.151 0.003 0.003
0.021 0.021 0.017 0.037 0.01 0.004 0.003 0.006 0.005 0.03 0.003 1 0.001 0.014 0.003 0.004 0.007 0.001 0.005 0.008 0.004 0.129 0.018 0.032 0.016 0.009 0.028 0.002 0.005 0.004 0.001 0.001 0.009 0.01 0.016 0.002 0.012 0.011 0.006 0.01 0.019 0.003 0.009 0.071 0.049 0.077 0.002 0.009 0.113 0.02 0.022 0.002 0.001 0.388 0.072 0.065 0.011 0.063 0.05 0.001 0.047 0.014 0.002 0.238 0.003 0.079 0.34 0.005 0.001 0.024 0.006 0.073 0.059 0.002 0.001 0.039 0.001 0.023 0.001 0.002 0.082
0.05 0.061 0.06 0.034 0.005 0.308 0.001 0.004 0.003 0.042 0.002 0.001 1 0.065 0.061 0.315 0.004 0.001 0.002 0.073 0.308 0.007 0.01 0.023 0.08 0.005 0.046 0.001 0.003 0.297 0.001 0.001 0.005 0.045 0.034 0 0.001 0.006 0.002 0.005 0.031 0.001 0.135 0.007 0.008 0.011 0.001 0.001 0.011 0.017 0.044 0.014 0.004 0.001 0.011 0.007 0.001 0.007 0.009 0.003 0.009 0.001 0.001 0.001 0 0.01 0.001 0 0.001 0.001 0.003 0.011 0.001 0 0 0.008 0 0.001 0.001 0.002 0.001
0.421 0.499 0.521 0.314 0.427 0.209 0.138 0.278 0.235 0.419 0.168 0.014 0.065 1 0.862 0.208 0.35 0.074 0.01 0.717 0.196 0.058 0.094 0.2 0.784 0.452 0.42 0.014 0.011 0.185 0.066 0.076 0.37 0.346 0.244 0.001 0.04 0.087 0.061 0.059 0.248 0.022 0 0.052 0.02 0.001 0.003 0.044 0.001 0.003 0.03 0.054 0.041 0.007 0.002 0.057 0.026 0.057 0.024 0.036 0.006 0.003 0.012 0.013 0.012 0 0.004 0.001 0.008 0.009 0.007 0.005 0.012 0.001 0.006 0.007 0 0.006 0.06 0.022 0.015
0.407 0.478 0.498 0.297 0.395 0.195 0.129 0.258 0.218 0.402 0.156 0.003 0.061 0.862 1 0.193 0.326 0.069 0.012 0.683 0.198 0.047 0.1 0.189 0.748 0.424 0.384 0.006 0.013 0.172 0.061 0.07 0.361 0.338 0.239 0.001 0.069 0.081 0.088 0.054 0.242 0.024 0.001 0.058 0.024 0 0.003 0.071 0 0.002 0.023 0.046 0.037 0.007 0.001 0.063 0.048 0.063 0.03 0.034 0.009 0.014 0.006 0.015 0.011 0 0.004 0.001 0.002 0.032 0.009 0.004 0.013 0 0.004 0.01 0.001 0.024 0.056 0.019 0.016
0.159 0.193 0.189 0.102 0.017 0.963 0.618 0.011 0.01 0.132 0.006 0.004 0.315 0.208 0.193 1 0.012 0.003 0.008 0.229 0.963 0.022 0.03 0.07 0.247 0.016 0.141 0.003 0.009 0.922 0.318 0.315 0.016 0.118 0.059 0.001 0.255 0.019 0.381 0.017 0.071 0.005 0.017 0.021 0.023 0.001 0.003 0.14 0.001 0.04 0 0.03 0.118 0.001 0.001 0.022 0.154 0.022 0.027 0.102 0.009 0.06 0.004 0.004 0.048 0.001 0.002 0.002 0.002 0.071 0.008 0 0.004 0.002 0.001 0.009 0.001 0.067 0.002 0.079 0.004
0.243 0.26 0.29 0.182 0.593 0.012 0.008 0.777 0.658 0.222 0.473 0.007 0.004 0.35 0.326 0.012 1 0.003 0.015 0.384 0.012 0.037 0.049 0.116 0.416 0.583 0.235 0.005 0.015 0.013 0.004 0.004 0.545 0.213 0.149 0.002 0.007 0.261 0.01 0.207 0.146 0.008 0.003 0.039 0.004 0.001 0.003 0.002 0.001 0.089 0.101 0.026 0.004 0.002 0.002 0.04 0.002 0.039 0.003 0.004 0 0.006 0.005 0.006 0 0.001 0.003 0 0.003 0.004 0.006 0.005 0.005 0.002 0.002 0.001 0.002 0.005 0.112 0.006 0.007
0.042 0.053 0.051 0.039 0.117 0.003 0.002 0.004 0.003 0.047 0.002 0.001 0.001 0.074 0.069 0.003 0.003 1 0.003 0.083 0.003 0.008 0.011 0.026 0.09 0.158 0.052 0.001 0.003 0.003 0.001 0.001 0.155 0.051 0.038 0.001 0.001 0.001 0.002 0.001 0.035 0.002 0.002 0.008 0.009 0.011 0 0.001 0.011 0.018 0.003 0.001 0.001 0.001 0.012 0.009 0.002 0.009 0.009 0.001 0.01 0.001 0.001 0.001 0.001 0.008 0.001 0.001 0.001 0.001 0.003 0.011 0.001 0.001 0 0.009 0 0.001 0 0.001 0.001
0.054 0.044 0.045 0.079 0.021 0.008 0.006 0.014 0.012 0.065 0.007 0.005 0.002 0.01 0.012 0.008 0.015 0.003 1 0.037 0.008 0.392 0.038 0.119 0.034 0.02 0.059 0.004 0.972 0.009 0.003 0.003 0.02 0.056 0.071 0.004 0.005 0.023 0.007 0.021 0.083 0.006 0.017 0.356 0.332 0.237 0.003 0.006 0.235 0.051 0.042 0.03 0.003 0.002 0.224 0.312 0.005 0.29 0.278 0.003 0.259 0.005 0.005 0.003 0.002 0.102 0.002 0.009 0.002 0.003 0.663 0.231 0.003 0.004 0 0.277 0.001 0.003 0.003 0.004 0.004
0.516 0.547 0.582 0.344 0.452 0.221 0.141 0.301 0.253 0.438 0.175 0.008 0.073 0.717 0.683 0.229 0.384 0.083 0.037 1 0.239 0.079 0.096 0.235 0.915 0.522 0.495 0.013 0.036 0.203 0.074 0.071 0.449 0.396 0.236 0 0.043 0.067 0.067 0.052 0.241 0.008 0 0.081 0.037 0.005 0.01 0.048 0.005 0.002 0.03 0.051 0.026 0.006 0.004 0.069 0.028 0.069 0.03 0.024 0.01 0.003 0.015 0.016 0.016 0.002 0.007 0 0.008 0.01 0.012 0.009 0.015 0 0.005 0.019 0.002 0.007 0.047 0.013 0.018
0.149 0.183 0.178 0.094 0.018 0.94 0.604 0.011 0.01 0.123 0.006 0.004 0.308 0.196 0.198 0.963 0.012 0.003 0.008 0.239 1 0.022 0.03 0.071 0.253 0.016 0.144 0.003 0.009 0.887 0.311 0.308 0.011 0.109 0.054 0.001 0.239 0.019 0.362 0.018 0.065 0.005 0.016 0.022 0.023 0.001 0.003 0.13 0.001 0.043 0 0.025 0.115 0.001 0.001 0.023 0.143 0.022 0.027 0.1 0.009 0.054 0.004 0.004 0.047 0.001 0.002 0.002 0.002 0.064 0.008 0 0.004 0.002 0.001 0.009 0.001 0.065 0.002 0.077 0.004
0.002 0 0 0.02 0.036 0.022 0.015 0.019 0.015 0.139 0.018 0.129 0.007 0.058 0.047 0.022 0.037 0.008 0.392 0.079 0.022 1 0.093 0.297 0.087 0.05 0.15 0.01 0.395 0.023 0.007 0.008 0.05 0.101 0.141 0.01 0.002 0.059 0 0.053 0.163 0.011 0.047 0.744 0.621 0.592 0.008 0.001 0.548 0.131 0.114 0.058 0.007 0.047 0.534 0.642 0.002 0.612 0.545 0.008 0.483 0.003 0.119 0.041 0.001 0.4 0.086 0.03 0.006 0.01 0.288 0.538 0.059 0.01 0.002 0.471 0.004 0.009 0.006 0.01 0.081
0.148 0.143 0.145 0.266 0.077 0.025 0.015 0.045 0.038 0.213 0.021 0.018 0.01 0.094 0.1 0.03 0.049 0.011 0.038 0.096 0.03 0.093 1 0.327 0.125 0.071 0.169 0.014 0.038 0.032 0.01 0.012 0.05 0.187 0.027 0.009 0.018 0.038 0.025 0.038 0.037 0.115 0.048 0.073 0.08 0.119 0.072 0.02 0.12 0.006 0.005 0.13 0 0.007 0.081 0.041 0.012 0.036 0.05 0.001 0.056 0 0.018 0.003 0.007 0.053 0.009 0.009 0.004 0.011 0.017 0.063 0.002 0.013 0.006 0.056 0.014 0.011 0.003 0.006 0.003
0.117 0.102 0.103 0.295 0.148 0.063 0.039 0.082 0.068 0.471 0.052 0.032 0.023 0.2 0.189 0.07 0.116 0.026 0.119 0.235 0.071 0.297 0.327 1 0.286 0.162 0.429 0.032 0.121 0.074 0.023 0.026 0.134 0.381 0.175 0.024 0.005 0 0.017 0 0.218 0.031 0.128 0.244 0.179 0.126 0.031 0.009 0.108 0.073 0.097 0.004 0.003 0.011 0.143 0.254 0.003 0.252 0.19 0.002 0.152 0.001 0.028 0.015 0.002 0.119 0.025 0.005 0.012 0 0.113 0.148 0.028 0.031 0.01 0.145 0.004 0 0.011 0 0.036
0.525 0.603 0.631 0.395 0.492 0.234 0.148 0.327 0.275 0.493 0.19 0.016 0.08 0.784 0.748 0.247 0.416 0.09 0.034 0.915 0.253 0.087 0.125 0.286 1 0.565 0.558 0.012 0.035 0.225 0.08 0.077 0.489 0.447 0.281 0 0.051 0.078 0.077 0.062 0.287 0.018 0 0.088 0.04 0.005 0.009 0.056 0.005 0.001 0.04 0.055 0.029 0.005 0.008 0.092 0.034 0.091 0.043 0.026 0.018 0.005 0.013 0.015 0.016 0.005 0.007 0 0.007 0.013 0.021 0.015 0.013 0 0.005 0.021 0.002 0.008 0.051 0.015 0.016
0.304 0.336 0.365 0.232 0.738 0.016 0.011 0.494 0.407 0.284 0.251 0.009 0.005 0.452 0.424 0.016 0.583 0.158 0.02 0.522 0.016 0.05 0.071 0.162 0.565 1 0.315 0.007 0.02 0.017 0.005 0.006 0.85 0.259 0.176 0.007 0.009 0.204 0.013 0.167 0.169 0.01 0.024 0.052 0.012 0.008 0.004 0 0.008 0.045 0.04 0.025 0.002 0.004 0.011 0.054 0.004 0.054 0.012 0.001 0.005 0.008 0.007 0.009 0 0.007 0.004 0 0.004 0.003 0.009 0.016 0.008 0.006 0.003 0.007 0.001 0.006 0.094 0.003 0.009
0.299 0.287 0.304 0.604 0.268 0.131 0.083 0.179 0.15 0.754 0.108 0.028 0.046 0.42 0.384 0.141 0.235 0.052 0.059 0.495 0.144 0.15 0.169 0.429 0.558 0.315 1 0.021 0.06 0.128 0.046 0.043 0.286 0.773 0.508 0.05 0.022 0.022 0.035 0.016 0.498 0.02 0.205 0.157 0.099 0.048 0.015 0.024 0.049 0.02 0.219 0.11 0.009 0.011 0.057 0.163 0.012 0.163 0.098 0.007 0.071 0 0.025 0.026 0.007 0.045 0.013 0 0.013 0.003 0.048 0.07 0.023 0.06 0.021 0.073 0.005 0.001 0.027 0.002 0.028
0.002 0.016 0.016 0 0.008 0.003 0.002 0.005 0.004 0 0.003 0.002 0.001 0.014 0.006 0.003 0.005 0.001 0.004 0.013 0.003 0.01 0.014 0.032 0.012 0.007 0.021 1 0.004 0.003 0.001 0.001 0.007 0.022 0.029 0 0.002 0.008 0.002 0.008 0 0.002 0.015 0.01 0.011 0.015 0 0.002 0.012 0.019 0.001 0.002 0.001 0.001 0.013 0.008 0.002 0.008 0.01 0.001 0.011 0.002 0.002 0.002 0.001 0.012 0.001 0.001 0.274 0.001 0.003 0.013 0.002 0 0.001 0.01 0.001 0.001 0.001 0.001 0.002
0.055 0.045 0.046 0.078 0.021 0.008 0.006 0.014 0.012 0.064 0.007 0.005 0.003 0.011 0.013 0.009 0.015 0.003 0.972 0.036 0.009 0.395 0.038 0.121 0.035 0.02 0.06 0.004 1 0.009 0.003 0.003 0.02 0.057 0.073 0.004 0.005 0.023 0.007 0.021 0.085 0.006 0.017 0.359 0.335 0.24 0.004 0.006 0.237 0.05 0.044 0.029 0.003 0.002 0.226 0.315 0.005 0.288 0.281 0.003 0.261 0.005 0.005 0.005 0.002 0.098 0.002 0.011 0.002 0.003 0.678 0.233 0.004 0.004 0 0.28 0.002 0.003 0.003 0.004 0.005
0.138 0.17 0.166 0.085 0.018 0.887 0.564 0.012 0.01 0.113 0.006 0.004 0.297 0.185 0.172 0.922 0.013 0.003 0.009 0.203 0.887 0.023 0.032 0.074 0.225 0.017 0.128 0.003 0.009 1 0.299 0.296 0.017 0.127 0.068 0.002 0.245 0.02 0.443 0.018 0.08 0.005 0.016 0.023 0.024 0.003 0.003 0.168 0.002 0.043 0 0.034 0.11 0.002 0.002 0.024 0.185 0.023 0.028 0.095 0.01 0.085 0.004 0.004 0.045 0.002 0.002 0.001 0.002 0.073 0.008 0 0.004 0.002 0.001 0.01 0.001 0.099 0.002 0.073 0.004
0.051 0.062 0.06 0.034 0.005 0.311 0.478 0.004 0.003 0.042 0.002 0.001 0.001 0.066 0.061 0.318 0.004 0.001 0.003 0.074 0.311 0.007 0.01 0.023 0.08 0.005 0.046 0.001 0.003 0.299 1 0.872 0.005 0.024 0.017 0.001 0.08 0.006 0.27 0.005 0.015 0.001 0.005 0.007 0.008 0 0.001 0.041 0 0.018 0.012 0.004 0.084 0 0 0.008 0.045 0.008 0.009 0.074 0.009 0.042 0.001 0.001 0 0 0 0.001 0.001 0.064 0.004 0 0.001 0.001 0 0.008 0 0.036 0.001 0.065 0.001
0.047 0.058 0.057 0.031 0.006 0.308 0.475 0.004 0.004 0.038 0.002 0.001 0.001 0.076 0.07 0.315 0.004 0.001 0.003 0.071 0.308 0.008 0.012 0.026 0.077 0.006 0.043 0.001 0.003 0.296 0.872 1 0.006 0.023 0.021 0.001 0.097 0.003 0.275 0.002 0.019 0.002 0.006 0.008 0.009 0 0.001 0.054 0 0.021 0.009 0.006 0.072 0 0 0.009 0.059 0.009 0.011 0.063 0.006 0.035 0.001 0.001 0.006 0 0.001 0.001 0.001 0.055 0.001 0 0.001 0.001 0 0.005 0 0.03 0.001 0.055 0.001
0.25 0.278 0.305 0.188 0.633 0.017 0.011 0.46 0.375 0.234 0.246 0.009 0.005 0.37 0.361 0.016 0.545 0.155 0.02 0.449 0.011 0.05 0.05 0.134 0.489 0.85 0.286 0.007 0.02 0.017 0.005 0.006 1 0.3 0.214 0.007 0.009 0.262 0.013 0.222 0.206 0.011 0.024 0.053 0.013 0.008 0.004 0 0.008 0.058 0.06 0.032 0.005 0.004 0.012 0.055 0.004 0.055 0.012 0.006 0.005 0.009 0.007 0.009 0 0.008 0.005 0 0.004 0.003 0.009 0.016 0.008 0.006 0.003 0.008 0.001 0.006 0.092 0.008 0.01
0.236 0.224 0.24 0.519 0.218 0.109 0.063 0.16 0.131 0.661 0.106 0.01 0.045 0.346 0.338 0.118 0.213 0.051 0.056 0.396 0.109 0.101 0.187 0.381 0.447 0.259 0.773 0.022 0.057 0.127 0.024 0.023 0.3 1 0.677 0.049 0.08 0.038 0.113 0.031 0.664 0.032 0.207 0.161 0.102 0.022 0.017 0.092 0.023 0.007 0.257 0.183 0.009 0.011 0.03 0.167 0.07 0.166 0.1 0.006 0.072 0.03 0.025 0.023 0.006 0.019 0.014 0 0.013 0.05 0.05 0.038 0.024 0.059 0.027 0.073 0.001 0.052 0.027 0.001 0.026
0.113 0.111 0.121 0.296 0.153 0.054 0.023 0.108 0.087 0.422 0.071 0.016 0.034 0.244 0.239 0.059 0.149 0.038 0.071 0.236 0.054 0.141 0.027 0.175 0.281 0.176 0.508 0.029 0.073 0.068 0.017 0.021 0.214 0.677 1 0.035 0.038 0.282 0.061 0.258 0.896 0.043 0.135 0.211 0.156 0.059 0.036 0.069 0.061 0 0.43 0.148 0.003 0.015 0.072 0.221 0.063 0.208 0.15 0.001 0.121 0.02 0.034 0.027 0.004 0.044 0.018 0.002 0.018 0.034 0.068 0.08 0.023 0.044 0.021 0.12 0.015 0.039 0.02 0 0.03
0 0.001 0.001 0.039 0 0.001 0.002 0.002 0.004 0.047 0.011 0.002 0 0.001 0.001 0.001 0.002 0.001 0.004 0 0.001 0.01 0.009 0.024 0 0.007 0.05 0 0.004 0.002 0.001 0.001 0.007 0.049 0.035 1 0.002 0.008 0.002 0.008 0.034 0.002 0.164 0.01 0.011 0.015 0.001 0.002 0.015 0.025 0.068 0.019 0 0.001 0.016 0.011 0.002 0.011 0.013 0.001 0.014 0.002 0.002 0.002 0.001 0.015 0.001 0.001 0.001 0.001 0.005 0.016 0.002 0.772 0 0.013 0.001 0.001 0.001 0.001 0.002
0.026 0.035 0.034 0.012 0.01 0.239 0.379 0.006 0.005 0.019 0.003 0.012 0.001 0.04 0.069 0.255 0.007 0.001 0.005 0.043 0.239 0.002 0.018 0.005 0.051 0.009 0.022 0.002 0.005 0.245 0.08 0.097 0.009 0.08 0.038 0.002 1 0.011 0.697 0.01 0.054 0.003 0.009 0.013 0.014 0.035 0.002 0.378 0.035 0.007 0.022 0.025 0.159 0.001 0.032 0.014 0.411 0.014 0.016 0.139 0.003 0.267 0.002 0.002 0.055 0.036 0.001 0.005 0.001 0.32 0.003 0.021 0.002 0.002 0.001 0.002 0.001 0.362 0.001 0.1 0.002
0.027 0.034 0.044 0.007 0.157 0.019 0.013 0.203 0.144 0.02 0.078 0.011 0.006 0.087 0.081 0.019 0.261 0.001 0.023 0.067 0.019 0.059 0.038 0 0.078 0.204 0.022 0.008 0.023 0.02 0.006 0.003 0.262 0.038 0.282 0.008 0.011 1 0.015 0.898 0.254 0.012 0.036 0.061 0.065 0.061 0.133 0 0.062 0.148 0.276 0.008 0 0.004 0.064 0.064 0.006 0.056 0.065 0 0.046 0.01 0.009 0.005 0.004 0.041 0.005 0 0.005 0.007 0.014 0.065 0.004 0.007 0.004 0.039 0.057 0.007 0 0.002 0.005
0.04 0.054 0.052 0.02 0.014 0.362 0.571 0.009 0.008 0.03 0.005 0.006 0.002 0.061 0.088 0.381 0.01 0.002 0.007 0.067 0.362 0 0.025 0.017 0.077 0.013 0.035 0.002 0.007 0.443 0.27 0.275 0.013 0.113 0.061 0.002 0.697 0.015 1 0.013 0.077 0.004 0.013 0.019 0.02 0.046 0.002 0.506 0.045 0.014 0.031 0.035 0.109 0.001 0.042 0.02 0.55 0.02 0.023 0.094 0.006 0.362 0.003 0.003 0.058 0.045 0.002 0.002 0.001 0.383 0.006 0.029 0.003 0.003 0.001 0.006 0.001 0.444 0.002 0.066 0.003
0.019 0.034 0.032 0.004 0.125 0.018 0.011 0.22 0.155 0.014 0.081 0.01 0.005 0.059 0.054 0.017 0.207 0.001 0.021 0.052 0.018 0.053 0.038 0 0.062 0.167 0.016 0.008 0.021 0.018 0.005 0.002 0.222 0.031 0.258 0.008 0.01 0.898 0.013 1 0.235 0.011 0.034 0.055 0.059 0.081 0.147 0.011 0.082 0.142 0.321 0.005 0.005 0.004 0.085 0.057 0.005 0.05 0.061 0.006 0.066 0.008 0.008 0.004 0.004 0.057 0.005 0.005 0.005 0.006 0.027 0.074 0.003 0.008 0.003 0.058 0.063 0.006 0 0.008 0.005
0.123 0.111 0.121 0.347 0.135 0.065 0.034 0.106 0.086 0.489 0.075 0.019 0.031 0.248 0.242 0.071 0.146 0.035 0.083 0.241 0.065 0.163 0.037 0.218 0.287 0.169 0.498 0 0.085 0.08 0.015 0.019 0.206 0.664 0.896 0.034 0.054 0.254 0.077 0.235 1 0.047 0.19 0.238 0.17 0.071 0.032 0.063 0.073 0 0.468 0.167 0.012 0.017 0.085 0.249 0.057 0.236 0.166 0.007 0.136 0.017 0.038 0.03 0.003 0.054 0.02 0.002 0.01 0.031 0.081 0.093 0.026 0.042 0.019 0.133 0.014 0.035 0.028 0.001 0.033
0.024 0.019 0.02 0.037 0.011 0.005 0.003 0.007 0.006 0.035 0.004 0.003 0.001 0.022 0.024 0.005 0.008 0.002 0.006 0.008 0.005 0.011 0.115 0.031 0.018 0.01 0.02 0.002 0.006 0.005 0.001 0.002 0.011 0.032 0.043 0.002 0.003 0.012 0.004 0.011 0.047 1 0 0.005 0.006 0.011 0.002 0.003 0.011 0.004 0.016 0.04 0.001 0.001 0.008 0.003 0.003 0.003 0.004 0.002 0.009 0.013 0.003 0.003 0.001 0.006 0.001 0.001 0.001 0.002 0.001 0.011 0.002 0.002 0.001 0.004 0.001 0.002 0.001 0.002 0.003
0 0.005 0.005 0.202 0.01 0.016 0.011 0.006 0.003 0.25 0 0.009 0.135 0 0.001 0.017 0.003 0.002 0.017 0 0.016 0.047 0.048 0.128 0 0.024 0.205 0.015 0.017 0.016 0.005 0.006 0.024 0.207 0.135 0.164 0.009 0.036 0.013 0.034 0.19 0 1 0.054 0.05 0.072 0.007 0.011 0.073 0.079 0.34 0.062 0.001 0.004 0.076 0.058 0.01 0.057 0.06 0.001 0.065 0 0.009 0.009 0.004 0.069 0.005 0.004 0.004 0.006 0.028 0.074 0.008 0.19 0.083 0.058 0.003 0.006 0 0.003 0.01
0.001 0 0 0.023 0.023 0.021 0.013 0.02 0.016 0.131 0.019 0.071 0.007 0.052 0.058 0.021 0.039 0.008 0.356 0.081 0.022 0.744 0.073 0.244 0.088 0.052 0.157 0.01 0.359 0.023 0.007 0.008 0.053 0.161 0.211 0.01 0.013 0.061 0.019 0.055 0.238 0.005 0.054 1 0.852 0.671 0.009 0.015 0.624 0.168 0.127 0.061 0.007 0.046 0.596 0.86 0.014 0.82 0.734 0.008 0.673 0.012 0.164 0.076 0.002 0.43 0.084 0.03 0.006 0.007 0.324 0.58 0.103 0.011 0.004 0.651 0.004 0.009 0.007 0.011 0.125
0 0.002 0.002 0.01 0.003 0.023 0.015 0 0 0.081 0 0.049 0.008 0.02 0.024 0.023 0.004 0.009 0.332 0.037 0.023 0.621 0.08 0.179 0.04 0.012 0.099 0.011 0.335 0.024 0.008 0.009 0.013 0.102 0.156 0.011 0.014 0.065 0.02 0.059 0.17 0.006 0.05 0.852 1 0.719 0.01 0.016 0.671 0.195 0.136 0.076 0.008 0.025 0.623 0.726 0.008 0.69 0.789 0.009 0.722 0.013 0.114 0.07 0.006 0.456 0.055 0.027 0.007 0.007 0.299 0.604 0.076 0.012 0.005 0.677 0.005 0.009 0.032 0.012 0.096
0.014 0.019 0.026 0.001 0.002 0.001 0.012 0.001 0 0.039 0 0.077 0.011 0.001 0 0.001 0.001 0.011 0.237 0.005 0.001 0.592 0.119 0.126 0.005 0.008 0.048 0.015 0.24 0.003 0 0 0.008 0.022 0.059 0.015 0.035 0.061 0.046 0.081 0.071 0.011 0.072 0.671 0.719 1 0.014 0.135 0.945 0.172 0.189 0.118 0.011 0.029 0.883 0.563 0.107 0.534 0.635 0.012 0.711 0.051 0.109 0.046 0.043 0.703 0.056 0.054 0.009 0.066 0.261 0.795 0.066 0.016 0.007 0.654 0.006 0.077 0.035 0.016 0.081
0.008 0.008 0.009 0.018 0.005 0.003 0.002 0.002 0.002 0.015 0.001 0.002 0.001 0.003 0.003 0.003 0.003 0 0.003 0.01 0.003 0.008 0.072 0.031 0.009 0.004 0.015 0 0.004 0.003 0.001 0.001 0.004 0.017 0.036 0.001 0.002 0.133 0.002 0.147 0.032 0.002 0.007 0.009 0.01 0.014 1 0.002 0.014 0.002 0.022 0.036 0.001 0.001 0.015 0.01 0.002 0.01 0.012 0.001 0.013 0.001 0.002 0.002 0.001 0.005 0.001 0.001 0.001 0.001 0.005 0.014 0.001 0.001 0.001 0.012 0.001 0.001 0.013 0.001 0.002
0.028 0.02 0.037 0.014 0 0.13 0.213 0.007 0.006 0.02 0.004 0.009 0.001 0.044 0.071 0.14 0.002 0.001 0.006 0.048 0.13 0.001 0.02 0.009 0.056 0 0.024 0.002 0.006 0.168 0.041 0.054 0 0.092 0.069 0.002 0.378 0 0.506 0.011 0.063 0.003 0.011 0.015 0.016 0.135 0.002 1 0.134 0 0.026 0.029 0.001 0.001 0.128 0.016 0.707 0.016 0.016 0.002 0.002 0.467 0.003 0.003 0.077 0.132 0.001 0.029 0.001 0.472 0.001 0.079 0.002 0.002 0.001 0.002 0.001 0.571 0.001 0.002 0.003
0.009 0.012 0.018 0.002 0.002 0.001 0.012 0.001 0 0.04 0 0.113 0.011 0.001 0 0.001 0.001 0.011 0.235 0.005 0.001 0.548 0.12 0.108 0.005 0.008 0.049 0.012 0.237 0.002 0 0 0.008 0.023 0.061 0.015 0.035 0.062 0.045 0.082 0.073 0.011 0.073 0.624 0.671 0.945 0.014 0.134 1 0.172 0.191 0.102 0.011 0.046 0.882 0.564 0.106 0.535 0.636 0.012 0.711 0.05 0.108 0.075 0.043 0.703 0.056 0.054 0.009 0.065 0.266 0.794 0.065 0.016 0.007 0.655 0.006 0.076 0.035 0.016 0.079
0.013 0.016 0.02 0.003 0.039 0.042 0.024 0.098 0.076 0.014 0.031 0.02 0.017 0.003 0.002 0.04 0.089 0.018 0.051 0.002 0.043 0.131 0.006 0.073 0.001 0.045 0.02 0.019 0.05 0.043 0.018 0.021 0.058 0.007 0 0.025 0.007 0.148 0.014 0.142 0 0.004 0.079 0.168 0.195 0.172 0.002 0 0.172 1 0.004 0.053 0.018 0.006 0.201 0.197 0.006 0.204 0.215 0.02 0.216 0 0.035 0.016 0 0.207 0.018 0.018 0.005 0 0.081 0.176 0.024 0.026 0.001 0.203 0.018 0.001 0.008 0.026 0.049
0.015 0.007 0.006 0.176 0.04 0 0.026 0.096 0.068 0.249 0.045 0.022 0.044 0.03 0.023 0 0.101 0.003 0.042 0.03 0 0.114 0.005 0.097 0.04 0.04 0.219 0.001 0.044 0 0.012 0.009 0.06 0.257 0.43 0.068 0.022 0.276 0.031 0.321 0.468 0.016 0.34 0.127 0.136 0.189 0.022 0.026 0.191 0.004 1 0.097 0.006 0.009 0.2 0.136 0.024 0.136 0.162 0.007 0.174 0.02 0.019 0.022 0.008 0.183 0.011 0.011 0.01 0.014 0.067 0.195 0.02 0.08 0.035 0.156 0.028 0.015 0.011 0.012 0.023
0.094 0.065 0.072 0.162 0.024 0.025 0.012 0.03 0.033 0.132 0.029 0.002 0.014 0.054 0.046 0.03 0.026 0.001 0.03 0.051 0.025 0.058 0.13 0.004 0.055 0.025 0.11 0.002 0.029 0.034 0.004 0.006 0.032 0.183 0.148 0.019 0.025 0.008 0.035 0.005 0.167 0.04 0.062 0.061 0.076 0.118 0.036 0.029 0.102 0.053 0.097 1 0.014 0.003 0.128 0.069 0.027 0.067 0.092 0.008 0.092 0.003 0.002 0 0.009 0.112 0.007 0.001 0.04 0.016 0.049 0.107 0.008 0.015 0.008 0.088 0.006 0.016 0.003 0 0.01
0.01 0.014 0.014 0.007 0.005 0.115 0.132 0.003 0.003 0.012 0.002 0.001 0.004 0.041 0.037 0.118 0.004 0.001 0.003 0.026 0.115 0.007 0 0.003 0.029 0.002 0.009 0.001 0.003 0.11 0.084 0.072 0.005 0.009 0.003 0 0.159 0 0.109 0.005 0.012 0.001 0.001 0.007 0.008 0.011 0.001 0.001 0.011 0.018 0.006 0.014 1 0.001 0.012 0.008 0.001 0.008 0.009 0.891 0.01 0.001 0.001 0.001 0 0.011 0.001 0.001 0.001 0.001 0.004 0.011 0.001 0.001 0 0.009 0 0.001 0.001 0.653 0.001
0.009 0.007 0.008 0.014 0.003 0.001 0.001 0.002 0.002 0.011 0.001 0.388 0.001 0.007 0.007 0.001 0.002 0.001 0.002 0.006 0.001 0.047 0.007 0.011 0.005 0.004 0.011 0.001 0.002 0.002 0 0 0.004 0.011 0.015 0.001 0.001 0.004 0.001 0.004 0.017 0.001 0.004 0.046 0.025 0.029 0.001 0.001 0.046 0.006 0.009 0.003 0.001 1 0.028 0.043 0.001 0.043 0.036 0.001 0.033 0.001 0.001 0.29 0 0.031 0.573 0 0 0.001 0.003 0.029 0.148 0.001 0 0.02 0 0.001 0 0.001 0.17
0.011 0.01 0.015 0.004 0.004 0.001 0.011 0.003 0.001 0.048 0 0.072 0.011 0.002 0.001 0.001 0.002 0.012 0.224 0.004 0.001 0.534 0.081 0.143 0.008 0.011 0.057 0.013 0.226 0.002 0 0 0.012 0.03 0.072 0.016 0.032 0.064 0.042 0.085 0.085 0.008 0.076 0.596 0.623 0.883 0.015 0.128 0.882 0.201 0.2 0.128 0.012 0.028 1 0.679 0.101 0.648 0.73 0.013 0.787 0.047 0.103 0.043 0.041 0.796 0.054 0.052 0.01 0.062 0.324 0.87 0.062 0.017 0.007 0.705 0.007 0.073 0.023 0.017 0.077
0.001 0.002 0.001 0.033 0.025 0.022 0.014 0.021 0.016 0.138 0.02 0.065 0.007 0.057 0.063 0.022 0.04 0.009 0.312 0.069 0.023 0.642 0.041 0.254 0.092 0.054 0.163 0.008 0.315 0.024 0.008 0.009 0.055 0.167 0.221 0.011 0.014 0.064 0.02 0.057 0.249 0.003 0.058 0.86 0.726 0.563 0.01 0.016 0.564 0.197 0.136 0.069 0.008 0.043 0.679 1 0.015 0.934 0.834 0.009 0.746 0.013 0.153 0.071 0.001 0.508 0.079 0.027 0.007 0.007 0.376 0.645 0.096 0.012 0.005 0.697 0.005 0.009 0.007 0.012 0.118
0.015 0.022 0.021 0.006 0.004 0.143 0.233 0.002 0.001 0.01 0 0.011 0.001 0.026 0.048 0.154 0.002 0.002 0.005 0.028 0.143 0.002 0.012 0.003 0.034 0.004 0.012 0.002 0.005 0.185 0.045 0.059 0.004 0.07 0.063 0.002 0.411 0.006 0.55 0.005 0.057 0.003 0.01 0.014 0.008 0.107 0.002 0.707 0.106 0.006 0.024 0.027 0.001 0.001 0.101 0.015 1 0.009 0.005 0.002 0 0.507 0.002 0 0.145 0.121 0.001 0.004 0.001 0.512 0.003 0.09 0 0.002 0.001 0 0.001 0.618 0.003 0.002 0
0.001 0.001 0.001 0.033 0.025 0.022 0.014 0.021 0.016 0.14 0.02 0.063 0.007 0.057 0.063 0.022 0.039 0.009 0.29 0.069 0.022 0.612 0.036 0.252 0.091 0.054 0.163 0.008 0.288 0.023 0.008 0.009 0.055 0.166 0.208 0.011 0.014 0.056 0.02 0.05 0.236 0.003 0.057 0.82 0.69 0.534 0.01 0.016 0.535 0.204 0.136 0.067 0.008 0.043 0.648 0.934 0.009 1 0.822 0.009 0.735 0.013 0.154 0.088 0 0.539 0.079 0.026 0.007 0.007 0.348 0.635 0.117 0.012 0.005 0.687 0.005 0.009 0.007 0.012 0.139
0.001 0.001 0.001 0.016 0.003 0.027 0.017 0 0 0.091 0 0.05 0.009 0.024 0.03 0.027 0.003 0.009 0.278 0.03 0.027 0.545 0.05 0.19 0.043 0.012 0.098 0.01 0.281 0.028 0.009 0.011 0.012 0.1 0.15 0.013 0.016 0.065 0.023 0.061 0.166 0.004 0.06 0.734 0.789 0.635 0.012 0.016 0.636 0.215 0.162 0.092 0.009 0.036 0.73 0.834 0.005 0.822 1 0.01 0.852 0.016 0.128 0.074 0.005 0.586 0.066 0.023 0.008 0.009 0.338 0.719 0.095 0.014 0.006 0.762 0.005 0.011 0.042 0.014 0.116
0.009 0.013 0.012 0.006 0.004 0.1 0.116 0.004 0.003 0.01 0.002 0.001 0.003 0.036 0.034 0.102 0.004 0.001 0.003 0.024 0.1 0.008 0.001 0.002 0.026 0.001 0.007 0.001 0.003 0.095 0.074 0.063 0.006 0.006 0.001 0.001 0.139 0 0.094 0.006 0.007 0.002 0.001 0.008 0.009 0.012 0.001 0.002 0.012 0.02 0.007 0.008 0.891 0.001 0.013 0.009 0.002 0.009 0.01 1 0.011 0.001 0.001 0.001 0.001 0.012 0.001 0.001 0.001 0.001 0.004 0.013 0.001 0.001 0 0.01 0 0.001 0.001 0.698 0.001
0.006 0.004 0.008 0.006 0 0.006 0.001 0 0 0.053 0 0.047 0.009 0.006 0.009 0.009 0 0.01 0.259 0.01 0.009 0.483 0.056 0.152 0.018 0.005 0.071 0.011 0.261 0.01 0.009 0.006 0.005 0.072 0.121 0.014 0.003 0.046 0.006 0.066 0.136 0.009 0.065 0.673 0.722 0.711 0.013 0.002 0.711 0.216 0.174 0.092 0.01 0.033 0.787 0.746 0 0.735 0.852 0.011 1 0.017 0.107 0.085 0.047 0.673 0.062 0.06 0.008 0.009 0.363 0.771 0.112 0.015 0.006 0.871 0.006 0.012 0.037 0.015 0.13
0 0.002 0.001 0 0.009 0.054 0.093 0.006 0.005 0 0.003 0.014 0.001 0.003 0.014 0.06 0.006 0.001 0.005 0.003 0.054 0.003 0 0.001 0.005 0.008 0 0.002 0.005 0.085 0.042 0.035 0.009 0.03 0.02 0.002 0.267 0.01 0.362 0.008 0.017 0.013 0 0.012 0.013 0.051 0.001 0.467 0.05 0 0.02 0.003 0.001 0.001 0.047 0.013 0.507 0.013 0.016 0.001 0.017 1 0.002 0.002 0.001 0.053 0.001 0.001 0.001 0.597 0.006 0.048 0.002 0.002 0.001 0.015 0.001 0.721 0.001 0.002 0.002
0.055 0.069 0.068 0.035 0.002 0.004 0.003 0.004 0.004 0.017 0.003 0.002 0.001 0.012 0.006 0.004 0.005 0.001 0.005 0.015 0.004 0.119 0.018 0.028 0.013 0.007 0.025 0.002 0.005 0.004 0.001 0.001 0.007 0.025 0.034 0.002 0.002 0.009 0.003 0.008 0.038 0.003 0.009 0.164 0.114 0.109 0.002 0.003 0.108 0.035 0.019 0.002 0.001 0.001 0.103 0.153 0.002 0.154 0.128 0.001 0.107 0.002 1 0 0.001 0.09 0.008 0.02 0.001 0.001 0 0.1 0 0.002 0.001 0.076 0.001 0.002 0.001 0.002 0
0.005 0.003 0.003 0.009 0 0.001 0 0 0.001 0.006 0.003 0.238 0.001 0.013 0.015 0.004 0.006 0.001 0.003 0.016 0.004 0.041 0.003 0.015 0.015 0.009 0.026 0.002 0.005 0.004 0.001 0.001 0.009 0.023 0.027 0.002 0.002 0.005 0.003 0.004 0.03 0.003 0.009 0.076 0.07 0.046 0.002 0.003 0.075 0.016 0.022 0 0.001 0.29 0.043 0.071 0 0.088 0.074 0.001 0.085 0.002 0 1 0.001 0.08 0.247 0.005 0.001 0.001 0.007 0.073 0.44 0.002 0.001 0.073 0.001 0.001 0.001 0.002 0.48
0.019 0.011 0.011 0.004 0 0.047 0.076 0 0 0.006 0.002 0.003 0 0.012 0.011 0.048 0 0.001 0.002 0.016 0.047 0.001 0.007 0.002 0.016 0 0.007 0.001 0.002 0.045 0 0.006 0 0.006 0.004 0.001 0.055 0.004 0.058 0.004 0.003 0.001 0.004 0.002 0.006 0.043 0.001 0.077 0.043 0 0.008 0.009 0 0 0.041 0.001 0.145 0 0.005 0.001 0.047 0.001 0.001 0.001 1 0.043 0 0.02 0 0.001 0 0.01 0.001 0.001 0 0.025 0 0.001 0.012 0.001 0.001
0.016 0.014 0.02 0.001 0.004 0.002 0.015 0.002 0 0.038 0 0.079 0.01 0 0 0.001 0.001 0.008 0.102 0.002 0.001 0.4 0.053 0.119 0.005 0.007 0.045 0.012 0.098 0.002 0 0 0.008 0.019 0.044 0.015 0.036 0.041 0.045 0.057 0.054 0.006 0.069 0.43 0.456 0.703 0.005 0.132 0.703 0.207 0.183 0.112 0.011 0.031 0.796 0.508 0.121 0.539 0.586 0.012 0.673 0.053 0.09 0.08 0.043 1 0.059 0.053 0.009 0.068 0.187 0.782 0.107 0.016 0.006 0.606 0.006 0.08 0.061 0.016 0.123
0.011 0.009 0.009 0.017 0.004 0.002 0.001 0.002 0.002 0.014 0.002 0.34 0.001 0.004 0.004 0.002 0.003 0.001 0.002 0.007 0.002 0.086 0.009 0.025 0.007 0.004 0.013 0.001 0.002 0.002 0 0.001 0.005 0.014 0.018 0.001 0.001 0.005 0.002 0.005 0.02 0.001 0.005 0.084 0.055 0.056 0.001 0.001 0.056 0.018 0.011 0.007 0.001 0.573 0.054 0.079 0.001 0.079 0.066 0.001 0.062 0.001 0.008 0.247 0 0.059 1 0.044 0.001 0.001 0.003 0.053 0.222 0.001 0 0.047 0 0.001 0.001 0.001 0.269
0.001 0 0.003 0 0 0.002 0.003 0.003 0.003 0 0.002 0.005 0 0.001 0.001 0.002 0 0.001 0.009 0 0.002 0.03 0.009 0.005 0 0 0 0.001 0.011 0.001 0.001 0.001 0 0 0.002 0.001 0.005 0 0.002 0.005 0.002 0.001 0.004 0.03 0.027 0.054 0.001 0.029 0.054 0.018 0.011 0.001 0.001 0 0.052 0.027 0.004 0.026 0.023 0.001 0.06 0.001 0.02 0.005 0.02 0.053 0.044 1 0.001 0.001 0.025 0.017 0.002 0.001 0 0.043 0 0.001 0.001 0.001 0.005
0.009 0.007 0.007 0.014 0.005 0.002 0.001 0.003 0.003 0.014 0.002 0.001 0.001 0.008 0.002 0.002 0.003 0.001 0.002 0.008 0.002 0.006 0.004 0.012 0.007 0.004 0.013 0.274 0.002 0.002 0.001 0.001 0.004 0.013 0.018 0.001 0.001 0.005 0.001 0.005 0.01 0.001 0.004 0.006 0.007 0.009 0.001 0.001 0.009 0.005 0.01 0.04 0.001 0 0.01 0.007 0.001 0.007 0.008 0.001 0.008 0.001 0.001 0.001 0 0.009 0.001 0.001 1 0.001 0.003 0.009 0.001 0.001 0 0.008 0 0.001 0.001 0.001 0.001
0.003 0.005 0.005 0.001 0.006 0.064 0.105 0.004 0.004 0.003 0.002 0.024 0.001 0.009 0.032 0.071 0.004 0.001 0.003 0.01 0.064 0.01 0.011 0 0.013 0.003 0.003 0.001 0.003 0.073 0.064 0.055 0.003 0.05 0.034 0.001 0.32 0.007 0.383 0.006 0.031 0.002 0.006 0.007 0.007 0.066 0.001 0.472 0.065 0 0.014 0.016 0.001 0.001 0.062 0.007 0.512 0.007 0.009 0.001 0.009 0.597 0.001 0.001 0.001 0.068 0.001 0.001 0.001 1 0.002 0.062 0.001 0.001 0 0.008 0 0.703 0.001 0.001 0.002
0.021 0.033 0.023 0.051 0.013 0.007 0.004 0.018 0.015 0.054 0.01 0.006 0.003 0.007 0.009 0.008 0.006 0.003 0.663 0.012 0.008 0.288 0.017 0.113 0.021 0.009 0.048 0.003 0.678 0.008 0.004 0.001 0.009 0.05 0.068 0.005 0.003 0.014 0.006 0.027 0.081 0.001 0.028 0.324 0.299 0.261 0.005 0.001 0.266 0.081 0.067 0.049 0.004 0.003 0.324 0.376 0.003 0.348 0.338 0.004 0.363 0.006 0 0.007 0 0.187 0.003 0.025 0.003 0.002 1 0.309 0.006 0.006 0.002 0.346 0.002 0.005 0.004 0.006 0.006
0.003 0.007 0.008 0.007 0.006 0 0.007 0.003 0.001 0.054 0.001 0.073 0.011 0.005 0.004 0 0.005 0.011 0.231 0.009 0 0.538 0.063 0.148 0.015 0.016 0.07 0.013 0.233 0 0 0 0.016 0.038 0.08 0.016 0.021 0.065 0.029 0.074 0.093 0.011 0.074 0.58 0.604 0.795 0.014 0.079 0.794 0.176 0.195 0.107 0.011 0.029 0.87 0.645 0.09 0.635 0.719 0.013 0.771 0.048 0.1 0.073 0.01 0.782 0.053 0.017 0.009 0.062 0.309 1 0.1 0.017 0.007 0.683 0.007 0.074 0.034 0.017 0.114
0 0 0 0.001 0 0.001 0 0.001 0.002 0.005 0.003 0.059 0.001 0.012 0.013 0.004 0.005 0.001 0.003 0.015 0.004 0.059 0.002 0.028 0.013 0.008 0.023 0.002 0.004 0.004 0.001 0.001 0.008 0.024 0.023 0.002 0.002 0.004 0.003 0.003 0.026 0.002 0.008 0.103 0.076 0.066 0.001 0.002 0.065 0.024 0.02 0.008 0.001 0.148 0.062 0.096 0 0.117 0.095 0.001 0.112 0.002 0 0.44 0.001 0.107 0.222 0.002 0.001 0.001 0.006 0.1 1 0.002 0.001 0.098 0.001 0.001 0.001 0.002 0.637
0.001 0.001 0.001 0.047 0 0.002 0.002 0.003 0.004 0.057 0.013 0.002 0 0.001 0 0.002 0.002 0.001 0.004 0 0.002 0.01 0.013 0.031 0 0.006 0.06 0 0.004 0.002 0.001 0.001 0.006 0.059 0.044 0.772 0.002 0.007 0.003 0.008 0.042 0.002 0.19 0.011 0.012 0.016 0.001 0.002 0.016 0.026 0.08 0.015 0.001 0.001 0.017 0.012 0.002 0.012 0.014 0.001 0.015 0.002 0.002 0.002 0.001 0.016 0.001 0.001 0.001 0.001 0.006 0.017 0.002 1 0 0.013 0.001 0.001 0.001 0.002 0.002
0 0.006 0.007 0.015 0.003 0.001 0.001 0.002 0.001 0.019 0.001 0.001 0 0.006 0.004 0.001 0.002 0 0 0.005 0.001 0.002 0.006 0.01 0.005 0.003 0.021 0.001 0 0.001 0 0 0.003 0.027 0.021 0 0.001 0.004 0.001 0.003 0.019 0.001 0.083 0.004 0.005 0.007 0.001 0.001 0.007 0.001 0.035 0.008 0 0 0.007 0.005 0.001 0.005 0.006 0 0.006 0.001 0.001 0.001 0 0.006 0 0 0 0 0.002 0.007 0.001 0 1 0.006 0 0.001 0 0.001 0.001
0.001 0.001 0.004 0.008 0.001 0.006 0.001 0.002 0 0.053 0.001 0.039 0.008 0.007 0.01 0.009 0.001 0.009 0.277 0.019 0.009 0.471 0.056 0.145 0.021 0.007 0.073 0.01 0.28 0.01 0.008 0.005 0.008 0.073 0.12 0.013 0.002 0.039 0.006 0.058 0.133 0.004 0.058 0.651 0.677 0.654 0.012 0.002 0.655 0.203 0.156 0.088 0.009 0.02 0.705 0.697 0 0.687 0.762 0.01 0.871 0.015 0.076 0.073 0.025 0.606 0.047 0.043 0.008 0.008 0.346 0.683 0.098 0.013 0.006 1 0.005 0.011 0.027 0.013 0.121
0.004 0.003 0.003 0.007 0.001 0.001 0.001 0 0 0.002 0.001 0.001 0 0 0.001 0.001 0.002 0 0.001 0.002 0.001 0.004 0.014 0.004 0.002 0.001 0.005 0.001 0.002 0.001 0 0 0.001 0.001 0.015 0.001 0.001 0.057 0.001 0.063 0.014 0.001 0.003 0.004 0.005 0.006 0.001 0.001 0.006 0.018 0.028 0.006 0 0 0.007 0.005 0.001 0.005 0.005 0 0.006 0.001 0.001 0.001 0 0.006 0 0 0 0 0.002 0.007 0.001 0.001 0 0.005 1 0 0 0.001 0.001
0.002 0.004 0.004 0 0.006 0.065 0.108 0.004 0.004 0.001 0.002 0.023 0.001 0.006 0.024 0.067 0.005 0.001 0.003 0.007 0.065 0.009 0.011 0 0.008 0.006 0.001 0.001 0.003 0.099 0.036 0.03 0.006 0.052 0.039 0.001 0.362 0.007 0.444 0.006 0.035 0.002 0.006 0.009 0.009 0.077 0.001 0.571 0.076 0.001 0.015 0.016 0.001 0.001 0.073 0.009 0.618 0.009 0.011 0.001 0.012 0.721 0.002 0.001 0.001 0.08 0.001 0.001 0.001 0.703 0.005 0.074 0.001 0.001 0.001 0.011 0 1 0.001 0.001 0.002
0.031 0.038 0.037 0.019 0.062 0.002 0.001 0.123 0.142 0.025 0.151 0.001 0.001 0.06 0.056 0.002 0.112 0 0.003 0.047 0.002 0.006 0.003 0.011 0.051 0.094 0.027 0.001 0.003 0.002 0.001 0.001 0.092 0.027 0.02 0.001 0.001 0 0.002 0 0.028 0.001 0 0.007 0.032 0.035 0.013 0.001 0.035 0.008 0.011 0.003 0.001 0 0.023 0.007 0.003 0.007 0.042 0.001 0.037 0.001 0.001 0.001 0.012 0.061 0.001 0.001 0.001 0.001 0.004 0.034 0.001 0.001 0 0.027 0 0.001 1 0.001 0.001
0.003 0.006 0.005 0.001 0.006 0.077 0.093 0.005 0.005 0.003 0.003 0.002 0.002 0.022 0.019 0.079 0.006 0.001 0.004 0.013 0.077 0.01 0.006 0 0.015 0.003 0.002 0.001 0.004 0.073 0.065 0.055 0.008 0.001 0 0.001 0.1 0.002 0.066 0.008 0.001 0.002 0.003 0.011 0.012 0.016 0.001 0.002 0.016 0.026 0.012 0 0.653 0.001 0.017 0.012 0.002 0.012 0.014 0.698 0.015 0.002 0.002 0.002 0.001 0.016 0.001 0.001 0.001 0.001 0.006 0.017 0.002 0.002 0.001 0.013 0.001 0.001 0.001 1 0.002
0 0.001 0.001 0 0 0.001 0 0 0.001 0.008 0.003 0.082 0.001 0.015 0.016 0.004 0.007 0.001 0.004 0.018 0.004 0.081 0.003 0.036 0.016 0.009 0.028 0.002 0.005 0.004 0.001 0.001 0.01 0.026 0.03 0.002 0.002 0.005 0.003 0.005 0.033 0.003 0.01 0.125 0.096 0.081 0.002 0.003 0.079 0.049 0.023 0.01 0.001 0.17 0.077 0.118 0 0.139 0.116 0.001 0.13 0.002 0 0.48 0.001 0.123 0.269 0.005 0.001 0.002 0.006 0.114 0.637 0.002 0.001 0.121 0.001 0.002 0.001 0.002 1
