1 0.848 0.86 0.451 0.401 0.159 0.103 0.238 0.224 0.3 0.138 0.03 0.049 0.603 0.581 0.159 0.265 0.061 0.035 0.62 0.149 0.011 0.098 0.09 0.612 0.385 0.295 0.005 0.038 0.117 0.032 0.034 0.347 0.251 0.158 0 0.034 0.063 0.034 0.035 0.135 0.02 0.01 0.005 0.001 0.019 0.008 0.043 0.015 0.04 0.008 0.067 0.002 0.014 0.013 0.006 0.017 0.008 0 0 0.009 0.003 0.045 0.017 0.024 0.011 0.016 0.001 0.008 0.003 0.01 0.002 0.012 0.003 0.003 0.004 0.002 0.002 0.049 0.001 0.009
0.848 1 0.971 0.457 0.44 0.187 0.121 0.28 0.264 0.295 0.163 0.025 0.057 0.682 0.655 0.187 0.291 0.072 0.03 0.649 0.177 0.005 0.102 0.091 0.688 0.424 0.326 0.025 0.033 0.14 0.038 0.041 0.392 0.285 0.188 0 0.042 0.073 0.043 0.05 0.136 0.017 0.023 0.004 0.002 0.023 0.009 0.041 0.019 0.039 0.005 0.051 0.003 0.011 0.01 0.01 0.023 0.012 0 0.001 0.006 0.004 0.055 0.014 0.011 0.008 0.013 0.001 0.009 0.005 0.019 0.002 0.009 0.002 0.009 0.005 0.002 0.003 0.058 0.002 0.006
0.86 0.971 1 0.464 0.463 0.182 0.118 0.273 0.258 0.302 0.159 0.026 0.056 0.699 0.67 0.182 0.306 0.071 0.031 0.667 0.172 0.006 0.101 0.093 0.706 0.445 0.341 0.026 0.033 0.136 0.037 0.039 0.403 0.293 0.194 0 0.04 0.08 0.041 0.048 0.14 0.018 0.023 0.005 0.001 0.025 0.009 0.052 0.021 0.041 0.004 0.051 0.003 0.012 0.012 0.011 0.022 0.013 0 0.001 0.007 0.004 0.053 0.014 0.01 0.01 0.014 0.001 0.006 0.005 0.015 0.003 0.01 0.003 0.009 0.006 0.002 0.003 0.056 0.002 0.007
0.451 0.457 0.464 1 0.217 0.084 0.054 0.13 0.122 0.815 0.076 0.055 0.027 0.332 0.342 0.084 0.142 0.034 0.064 0.303 0.078 0.052 0.24 0.313 0.336 0.217 0.633 0.006 0.069 0.054 0.018 0.019 0.189 0.569 0.386 0.041 0.015 0.014 0.012 0.004 0.454 0.037 0.255 0.05 0.02 0.003 0.021 0.018 0.005 0.001 0.247 0.153 0.005 0.025 0.014 0.073 0.005 0.08 0.036 0.007 0.017 0 0.022 0.03 0.002 0.015 0.029 0 0.012 0 0.056 0.027 0.026 0.03 0.019 0.017 0.004 0 0.025 0 0.023
0.401 0.44 0.463 0.217 1 0.018 0.012 0.456 0.428 0.259 0.238 0.013 0.005 0.537 0.523 0.018 0.54 0.135 0.015 0.526 0.018 0.045 0.066 0.134 0.563 0.839 0.287 0.013 0.017 0.018 0.003 0.003 0.748 0.238 0.186 0.006 0.007 0.191 0.01 0.125 0.16 0.009 0.044 0.037 0.002 0 0.005 0.003 0 0.062 0.013 0.039 0.002 0.007 0.002 0.044 0.008 0.047 0.004 0.001 0 0.006 0.002 0.008 0.004 0.003 0.008 0.002 0.004 0.006 0.006 0.002 0.01 0.003 0.005 0 0.002 0.006 0.103 0.001 0.009
0.159 0.187 0.182 0.084 0.018 1 0.646 0.01 0.009 0.095 0.006 0.005 0.306 0.205 0.192 0.951 0.012 0.002 0.006 0.196 0.955 0.017 0.012 0.033 0.184 0.019 0.092 0.005 0.006 0.777 0.19 0.205 0.018 0.085 0.05 0.018 0.227 0.016 0.266 0.014 0.026 0.003 0.008 0.014 0.017 0.003 0.002 0.118 0.002 0.038 0 0.007 0.032 0.001 0.001 0.017 0.164 0.018 0.021 0.02 0.002 0.051 0.003 0.001 0.092 0.001 0.002 0.011 0.003 0.05 0.007 0 0.002 0.001 0.002 0.002 0.001 0.057 0.002 0.025 0.002
0.103 0.121 0.118 0.054 0.012 0.646 1 0.006 0.006 0.064 0.004 0.003 0.001 0.137 0.129 0.626 0.008 0.001 0.004 0.129 0.628 0.011 0.006 0.019 0.114 0.012 0.056 0.003 0.004 0.485 0.294 0.318 0.012 0.05 0.024 0.002 0.358 0.01 0.423 0.009 0.008 0.002 0.012 0.01 0.012 0.017 0.001 0.198 0.015 0.024 0.026 0.001 0.039 0.002 0.013 0.012 0.256 0.012 0.014 0.025 0 0.086 0.002 0.001 0.148 0.012 0.002 0.019 0.002 0.084 0.003 0.002 0.001 0.002 0.001 0 0.001 0.094 0.002 0.033 0.001
0.238 0.28 0.273 0.13 0.456 0.01 0.006 1 0.943 0.149 0.582 0.007 0.003 0.315 0.296 0.01 0.76 0.004 0.008 0.31 0.01 0.024 0.036 0.072 0.332 0.493 0.174 0.007 0.009 0.011 0.002 0.002 0.46 0.15 0.114 0.002 0.004 0.22 0.006 0.235 0.107 0.005 0.021 0.024 0.003 0 0.003 0.007 0 0.139 0.065 0.046 0.002 0.004 0 0.027 0.004 0.03 0.001 0.003 0 0.003 0.003 0.004 0.002 0 0.004 0.002 0.004 0.003 0.017 0.001 0.005 0.003 0.003 0 0 0.003 0.214 0.003 0.005
0.224 0.264 0.258 0.122 0.428 0.009 0.006 0.943 1 0.141 0.617 0.007 0.003 0.297 0.279 0.009 0.722 0.004 0.008 0.292 0.009 0.023 0.034 0.068 0.313 0.464 0.164 0.007 0.009 0.01 0.002 0.002 0.431 0.14 0.106 0.002 0.004 0.193 0.006 0.206 0.1 0.005 0.019 0.023 0.004 0.001 0.003 0.007 0 0.127 0.056 0.044 0.002 0.003 0 0.025 0.003 0.028 0.002 0.003 0 0.003 0.003 0.004 0.002 0 0.004 0.001 0.004 0.003 0.016 0 0.004 0.003 0.002 0 0.001 0.003 0.227 0.003 0.005
0.3 0.295 0.302 0.815 0.259 0.095 0.064 0.149 0.141 1 0.087 0.048 0.031 0.421 0.434 0.1 0.165 0.039 0.056 0.367 0.093 0.161 0.202 0.438 0.402 0.26 0.747 0.009 0.056 0.067 0.02 0.022 0.222 0.67 0.498 0.048 0.018 0.03 0.016 0.014 0.583 0.033 0.294 0.147 0.078 0.033 0.019 0.023 0.038 0.01 0.313 0.171 0.007 0.023 0.055 0.175 0.008 0.185 0.105 0.009 0.062 0.001 0.018 0.027 0.003 0.058 0.027 0 0.014 0.001 0.054 0.071 0.032 0.035 0.022 0.059 0 0 0.029 0.001 0.033
0.138 0.163 0.159 0.076 0.238 0.006 0.004 0.582 0.617 0.087 1 0.004 0.002 0.185 0.174 0.006 0.462 0.002 0.005 0.182 0.006 0.015 0.021 0.043 0.195 0.285 0.103 0.004 0.005 0.006 0.001 0.001 0.285 0.102 0.077 0.001 0.002 0.136 0.003 0.143 0.071 0.003 0.012 0.015 0.002 0 0.002 0.004 0 0.084 0.04 0.03 0.001 0.002 0 0.015 0.002 0.018 0.002 0.002 0 0.002 0.002 0.003 0.001 0 0.002 0.001 0.002 0.002 0.01 0 0.003 0.001 0.001 0 0.001 0.002 0.131 0.002 0.004
0.03 0.025 0.026 0.055 0.013 0.005 0.003 0.007 0.007 0.048 0.004 1 0.001 0.018 0.018 0.005 0.009 0.002 0.004 0.017 0.005 0.208 0.018 0.063 0.021 0.014 0.04 0.003 0.004 0.005 0.001 0.001 0.008 0.039 0.049 0.002 0.001 0.012 0.002 0.011 0.056 0.002 0.015 0.201 0.142 0.119 0.001 0.002 0.162 0.038 0.031 0.007 0.001 0.451 0.102 0.166 0.002 0.151 0.085 0.002 0.112 0.001 0.002 0.44 0.002 0.091 0.476 0.013 0.002 0.001 0.002 0.102 0.345 0.003 0.001 0.073 0.001 0.001 0.002 0.002 0.25
0.049 0.057 0.056 0.027 0.005 0.306 0.001 0.003 0.003 0.031 0.002 0.001 1 0.065 0.061 0.307 0.004 0.001 0.002 0.064 0.308 0.005 0.007 0.015 0.069 0.006 0.036 0.001 0.002 0.278 0 0 0.006 0.036 0.029 0.082 0.001 0.005 0.001 0.005 0.025 0.001 0.099 0.005 0.006 0.009 0.001 0.001 0.009 0.014 0.047 0.011 0.001 0.001 0.01 0.006 0 0.006 0.007 0 0.009 0.001 0.001 0.001 0 0.01 0.001 0 0.001 0.001 0.003 0.01 0.001 0.014 0.001 0.008 0 0.001 0.001 0 0.001
0.603 0.682 0.699 0.332 0.537 0.205 0.137 0.315 0.297 0.421 0.185 0.018 0.065 1 0.924 0.212 0.363 0.083 0.021 0.836 0.201 0.068 0.082 0.18 0.88 0.564 0.434 0.017 0.024 0.171 0.043 0.047 0.483 0.379 0.29 0 0.057 0.124 0.057 0.081 0.234 0.015 0.018 0.066 0.017 0.001 0.009 0.071 0 0.022 0.015 0.065 0.011 0.011 0 0.078 0.034 0.085 0.025 0.006 0.003 0.009 0.009 0.014 0.016 0 0.01 0.002 0.005 0.012 0.011 0.003 0.016 0.001 0.008 0.003 0 0.007 0.066 0.008 0.016
0.581 0.655 0.67 0.342 0.523 0.192 0.129 0.296 0.279 0.434 0.174 0.018 0.061 0.924 1 0.199 0.341 0.078 0.023 0.795 0.199 0.072 0.087 0.19 0.838 0.536 0.411 0.011 0.026 0.16 0.04 0.043 0.468 0.354 0.268 0 0.056 0.117 0.055 0.076 0.223 0.016 0.017 0.063 0.016 0 0.008 0.068 0 0.018 0.014 0.059 0.01 0.012 0.001 0.076 0.032 0.083 0.025 0.006 0.003 0.009 0.005 0.015 0.014 0.001 0.011 0.002 0.005 0.012 0.013 0.004 0.017 0.001 0.005 0.003 0 0.008 0.062 0.007 0.017
0.159 0.187 0.182 0.084 0.018 0.951 0.626 0.01 0.009 0.1 0.006 0.005 0.307 0.212 0.199 1 0.012 0.002 0.006 0.196 0.957 0.017 0.015 0.038 0.197 0.019 0.101 0.005 0.006 0.82 0.19 0.206 0.018 0.093 0.056 0.018 0.263 0.016 0.295 0.014 0.03 0.003 0.008 0.015 0.018 0.004 0.002 0.137 0.004 0.035 0 0.009 0.032 0.002 0.002 0.019 0.188 0.019 0.022 0.02 0.003 0.068 0.003 0.003 0.093 0.001 0.003 0.011 0.003 0.068 0.006 0 0.004 0.001 0.002 0.002 0.001 0.057 0.002 0.025 0.004
0.265 0.291 0.306 0.142 0.54 0.012 0.008 0.76 0.722 0.165 0.462 0.009 0.004 0.363 0.341 0.012 1 0.005 0.011 0.395 0.012 0.032 0.045 0.093 0.422 0.617 0.223 0.009 0.012 0.012 0.002 0.002 0.578 0.187 0.143 0.003 0.005 0.325 0.006 0.222 0.13 0.006 0.027 0.028 0.001 0.006 0.004 0.009 0.005 0.161 0.053 0.055 0.003 0.005 0.002 0.032 0.005 0.035 0 0.004 0.005 0.004 0.005 0.006 0.003 0.002 0.005 0.001 0.004 0.004 0 0.001 0.007 0.004 0.003 0.004 0.002 0.004 0.169 0.004 0.007
0.061 0.072 0.071 0.034 0.135 0.002 0.001 0.004 0.004 0.039 0.002 0.002 0.001 0.083 0.078 0.002 0.005 1 0.002 0.082 0.002 0.007 0.009 0.019 0.088 0.128 0.046 0.002 0.002 0.002 0.001 0.001 0.128 0.046 0.037 0.001 0 0.006 0.001 0.006 0.032 0.001 0.008 0.007 0.008 0.011 0.001 0.002 0.011 0.018 0.016 0 0.003 0.001 0.013 0.008 0.001 0.008 0.009 0.001 0.011 0.001 0.001 0.001 0.001 0.012 0.001 0 0.001 0.001 0.004 0.013 0.002 0.001 0.001 0.011 0 0.001 0.001 0.001 0.002
0.035 0.03 0.031 0.064 0.015 0.006 0.004 0.008 0.008 0.056 0.005 0.004 0.002 0.021 0.023 0.006 0.011 0.002 1 0.027 0.006 0.331 0.021 0.113 0.025 0.016 0.047 0.004 0.912 0.006 0.001 0.001 0.016 0.044 0.05 0.003 0.002 0.014 0.003 0.013 0.064 0.003 0.015 0.318 0.27 0.19 0.002 0.004 0.182 0.04 0.033 0.024 0.001 0.002 0.165 0.221 0.003 0.257 0.222 0.002 0.184 0.002 0.002 0 0.001 0.112 0.002 0 0.002 0.002 0.433 0.166 0 0.003 0 0.195 0.001 0.002 0.002 0.002 0
0.62 0.649 0.667 0.303 0.526 0.196 0.129 0.31 0.292 0.367 0.182 0.017 0.064 0.836 0.795 0.196 0.395 0.082 0.027 1 0.208 0.066 0.079 0.174 0.92 0.606 0.449 0.022 0.022 0.149 0.042 0.045 0.533 0.37 0.26 0 0.039 0.115 0.043 0.074 0.201 0.013 0.021 0.061 0.013 0 0.009 0.055 0 0.027 0.011 0.067 0.011 0.011 0 0.055 0.022 0.061 0.013 0.006 0 0.003 0.012 0.016 0.015 0 0.013 0 0.009 0.005 0.003 0.001 0.018 0.001 0.008 0.002 0.004 0.004 0.065 0.008 0.018
0.149 0.177 0.172 0.078 0.018 0.955 0.628 0.01 0.009 0.093 0.006 0.005 0.308 0.201 0.199 0.957 0.012 0.002 0.006 0.208 1 0.017 0.015 0.038 0.196 0.019 0.1 0.005 0.006 0.782 0.191 0.207 0.015 0.086 0.051 0.018 0.229 0.015 0.268 0.014 0.027 0.003 0.008 0.015 0.018 0.003 0.002 0.119 0.002 0.039 0 0.007 0.032 0.002 0.001 0.018 0.166 0.019 0.022 0.02 0.003 0.051 0.003 0.003 0.093 0.001 0.003 0.011 0.003 0.051 0.006 0.001 0.004 0.001 0.002 0.002 0.001 0.057 0.002 0.025 0.004
0.011 0.005 0.006 0.052 0.045 0.017 0.011 0.024 0.023 0.161 0.015 0.208 0.005 0.068 0.072 0.017 0.032 0.007 0.331 0.066 0.017 1 0.035 0.282 0.075 0.049 0.141 0.012 0.338 0.019 0.003 0.004 0.042 0.123 0.15 0.008 0 0.042 0.002 0.039 0.182 0.008 0.049 0.765 0.594 0.481 0.004 0.004 0.461 0.125 0.1 0.021 0.004 0.101 0.414 0.59 0.002 0.601 0.459 0.005 0.426 0 0.126 0.085 0 0.33 0.15 0.009 0.007 0 0.172 0.465 0.153 0.009 0.002 0.377 0.001 0 0.006 0.005 0.122
0.098 0.102 0.101 0.24 0.066 0.012 0.006 0.036 0.034 0.202 0.021 0.018 0.007 0.082 0.087 0.015 0.045 0.009 0.021 0.079 0.015 0.035 1 0.37 0.106 0.069 0.179 0.017 0.018 0.026 0.005 0.005 0.058 0.171 0.044 0.011 0.01 0.019 0.014 0.025 0.062 0.109 0.068 0.045 0.055 0.084 0.072 0.017 0.087 0.007 0.019 0.082 0 0.007 0.028 0.005 0.008 0.004 0.009 0 0.026 0.007 0.01 0.004 0.006 0.02 0.008 0.004 0 0.008 0.001 0.017 0.006 0.003 0.006 0.022 0.019 0.008 0.009 0.008 0.003
0.09 0.091 0.093 0.313 0.134 0.033 0.019 0.072 0.068 0.438 0.043 0.063 0.015 0.18 0.19 0.038 0.093 0.019 0.113 0.174 0.038 0.282 0.37 1 0.22 0.144 0.387 0.036 0.122 0.054 0.01 0.011 0.12 0.354 0.196 0.023 0.008 0 0.017 0 0.254 0.039 0.142 0.305 0.204 0.119 0.036 0.022 0.109 0.07 0.111 0.002 0.001 0.034 0.17 0.348 0.01 0.364 0.251 0.002 0.18 0.005 0.039 0.034 0 0.144 0.054 0.003 0.005 0.005 0.109 0.133 0.062 0.014 0.01 0.164 0.011 0.005 0.018 0.001 0.056
0.612 0.688 0.706 0.336 0.563 0.184 0.114 0.332 0.313 0.402 0.195 0.021 0.069 0.88 0.838 0.197 0.422 0.088 0.025 0.92 0.196 0.075 0.106 0.22 1 0.648 0.508 0.021 0.027 0.171 0.045 0.048 0.571 0.403 0.306 0 0.052 0.128 0.054 0.083 0.241 0.015 0.018 0.069 0.016 0 0.008 0.068 0 0.021 0.016 0.07 0.012 0.011 0.001 0.08 0.031 0.085 0.025 0.007 0.003 0.007 0.011 0.015 0.014 0.001 0.012 0.001 0.008 0.009 0.011 0.004 0.017 0.001 0.008 0.003 0.003 0.005 0.07 0.009 0.017
0.385 0.424 0.445 0.217 0.839 0.019 0.012 0.493 0.464 0.26 0.285 0.014 0.006 0.564 0.536 0.019 0.617 0.128 0.016 0.606 0.019 0.049 0.069 0.144 0.648 1 0.328 0.014 0.018 0.021 0.004 0.004 0.873 0.269 0.206 0.009 0.008 0.24 0.012 0.167 0.184 0.01 0.049 0.045 0.003 0.001 0.005 0.002 0.001 0.085 0.02 0.052 0 0.007 0.004 0.052 0.009 0.056 0.006 0 0.001 0.007 0.007 0.01 0.005 0.003 0.008 0.002 0.004 0.005 0.005 0.005 0.011 0.005 0.005 0.001 0.002 0.006 0.108 0 0.012
0.295 0.326 0.341 0.633 0.287 0.092 0.056 0.174 0.164 0.747 0.103 0.04 0.036 0.434 0.411 0.101 0.223 0.046 0.047 0.449 0.1 0.141 0.179 0.387 0.508 0.328 1 0.04 0.052 0.082 0.024 0.026 0.308 0.828 0.643 0.052 0.023 0.044 0.021 0.023 0.523 0.027 0.175 0.133 0.065 0.022 0.014 0.03 0.026 0.001 0.233 0.142 0.003 0.019 0.039 0.157 0.011 0.164 0.086 0.005 0.049 0.001 0.022 0.027 0.004 0.038 0.023 0 0.011 0.003 0.041 0.054 0.031 0.04 0.027 0.046 0.005 0.001 0.035 0 0.032
0.005 0.025 0.026 0.006 0.013 0.005 0.003 0.007 0.007 0.009 0.004 0.003 0.001 0.017 0.011 0.005 0.009 0.002 0.004 0.022 0.005 0.012 0.017 0.036 0.021 0.014 0.04 1 0.004 0.005 0.001 0.001 0.014 0.04 0.05 0.001 0.002 0.012 0.003 0.011 0.016 0.002 0.07 0.012 0.014 0.02 0.001 0.003 0.019 0.026 0.027 0.002 0.001 0.001 0.021 0.012 0.003 0.013 0.015 0.001 0.018 0.002 0.002 0.002 0.001 0.02 0.002 0.001 0.068 0.001 0.007 0.02 0.002 0.001 0.001 0.017 0.001 0.002 0.002 0.001 0.003
0.038 0.033 0.033 0.069 0.017 0.006 0.004 0.009 0.009 0.056 0.005 0.004 0.002 0.024 0.026 0.006 0.012 0.002 0.912 0.022 0.006 0.338 0.018 0.122 0.027 0.018 0.052 0.004 1 0.007 0.001 0.001 0.018 0.049 0.056 0.003 0.002 0.015 0.004 0.014 0.071 0.003 0.016 0.326 0.276 0.193 0.002 0.004 0.188 0.042 0.037 0.022 0.001 0.001 0.167 0.228 0.003 0.259 0.226 0.002 0.187 0.002 0.003 0 0.002 0.1 0.003 0.001 0.003 0.002 0.447 0.169 0 0.003 0 0.199 0.001 0.002 0.002 0.002 0
0.117 0.14 0.136 0.054 0.018 0.777 0.485 0.011 0.01 0.067 0.006 0.005 0.278 0.171 0.16 0.82 0.012 0.002 0.006 0.149 0.782 0.019 0.026 0.054 0.171 0.021 0.082 0.005 0.007 1 0.185 0.199 0.02 0.104 0.078 0.015 0.266 0.017 0.447 0.006 0.046 0.004 0.005 0.017 0.016 0.017 0.002 0.233 0.015 0.031 0.001 0.017 0.028 0.002 0.012 0.021 0.314 0.021 0.021 0.017 0.003 0.186 0.003 0.004 0.083 0.011 0.003 0.009 0.003 0.155 0.007 0.003 0.004 0.001 0.002 0.002 0.001 0.174 0 0.022 0.004
0.032 0.038 0.037 0.018 0.003 0.19 0.294 0.002 0.002 0.02 0.001 0.001 0 0.043 0.04 0.19 0.002 0.001 0.001 0.042 0.191 0.003 0.005 0.01 0.045 0.004 0.024 0.001 0.001 0.185 1 0.929 0.004 0.006 0.004 0.001 0.021 0.003 0.154 0.003 0.002 0.001 0.004 0.003 0.004 0.003 0 0.047 0.002 0.009 0.008 0.002 0.003 0 0.002 0.004 0.061 0.004 0.005 0.001 0.004 0.085 0.001 0.001 0 0.003 0.001 0 0.001 0.096 0.001 0 0.001 0.001 0 0.003 0 0.093 0 0.007 0
0.034 0.041 0.039 0.019 0.003 0.205 0.318 0.002 0.002 0.022 0.001 0.001 0 0.047 0.043 0.206 0.002 0.001 0.001 0.045 0.207 0.004 0.005 0.011 0.048 0.004 0.026 0.001 0.001 0.199 0.929 1 0.004 0.007 0.005 0.001 0.037 0.004 0.177 0.003 0.003 0.001 0.004 0.004 0.004 0.004 0 0.061 0.004 0.01 0.009 0.002 0.002 0.001 0.003 0.004 0.079 0.004 0.005 0.001 0.002 0.078 0.001 0.001 0.005 0.004 0.001 0 0.001 0.089 0 0.001 0.001 0.001 0 0.002 0 0.085 0.001 0.006 0
0.347 0.392 0.403 0.189 0.748 0.018 0.012 0.46 0.431 0.222 0.285 0.008 0.006 0.483 0.468 0.018 0.578 0.128 0.016 0.533 0.015 0.042 0.058 0.12 0.571 0.873 0.308 0.014 0.018 0.02 0.004 0.004 1 0.298 0.236 0.009 0.008 0.283 0.012 0.204 0.207 0.01 0.052 0.038 0.001 0 0.006 0.002 0 0.104 0.026 0.057 0.002 0.007 0.002 0.045 0.009 0.048 0.004 0.003 0 0.007 0.007 0.01 0.005 0.003 0.008 0.002 0.008 0.005 0.002 0.003 0.011 0.005 0.005 0.001 0.002 0.006 0.108 0.003 0.012
0.251 0.285 0.293 0.569 0.238 0.085 0.05 0.15 0.14 0.67 0.102 0.039 0.036 0.379 0.354 0.093 0.187 0.046 0.044 0.37 0.086 0.123 0.171 0.354 0.403 0.269 0.828 0.04 0.049 0.104 0.006 0.007 0.298 1 0.767 0.052 0.047 0.053 0.071 0.04 0.627 0.028 0.172 0.141 0.067 0.008 0.017 0.082 0.011 0.001 0.242 0.167 0.003 0.019 0.021 0.165 0.053 0.173 0.088 0.004 0.05 0.037 0.022 0.027 0.004 0.02 0.023 0 0.016 0.036 0.046 0.032 0.031 0.04 0.031 0.048 0.003 0.037 0.042 0 0.032
0.158 0.188 0.194 0.386 0.186 0.05 0.024 0.114 0.106 0.498 0.077 0.049 0.029 0.29 0.268 0.056 0.143 0.037 0.05 0.26 0.051 0.15 0.044 0.196 0.306 0.206 0.643 0.05 0.056 0.078 0.004 0.005 0.236 0.767 1 0.041 0.036 0.234 0.055 0.217 0.804 0.034 0.123 0.167 0.092 0.022 0.024 0.066 0.027 0.003 0.349 0.168 0.001 0.024 0.042 0.198 0.052 0.196 0.112 0.001 0.073 0.03 0.028 0.026 0.003 0.037 0.028 0 0.021 0.027 0.056 0.053 0.03 0.03 0.025 0.069 0.011 0.03 0.029 0.002 0.032
0 0 0 0.041 0.006 0.018 0.002 0.002 0.002 0.048 0.001 0.002 0.082 0 0 0.018 0.003 0.001 0.003 0 0.018 0.008 0.011 0.023 0 0.009 0.052 0.001 0.003 0.015 0.001 0.001 0.009 0.052 0.041 1 0.001 0.008 0.002 0.007 0.039 0.002 0.154 0.008 0.009 0.013 0.001 0.002 0.014 0.022 0.072 0.016 0.004 0.001 0.015 0.01 0.001 0.01 0.011 0.002 0.014 0.001 0.001 0.002 0.001 0.014 0.001 0 0.001 0.001 0.005 0.015 0.002 0.587 0.001 0.013 0.001 0.001 0.001 0.001 0.002
0.034 0.042 0.04 0.015 0.007 0.227 0.358 0.004 0.004 0.018 0.002 0.001 0.001 0.057 0.056 0.263 0.005 0 0.002 0.039 0.229 0 0.01 0.008 0.052 0.008 0.023 0.002 0.002 0.266 0.021 0.037 0.008 0.047 0.036 0.001 1 0.007 0.59 0.006 0.032 0.001 0.008 0.007 0.008 0.048 0.001 0.337 0.046 0.007 0.017 0.014 0.067 0.001 0.04 0.008 0.429 0.008 0.009 0.045 0.002 0.174 0.001 0.001 0.215 0.035 0.001 0.034 0.001 0.164 0.001 0.018 0.002 0.001 0.001 0.003 0 0.146 0.001 0.045 0.002
0.063 0.073 0.08 0.014 0.191 0.016 0.01 0.22 0.193 0.03 0.136 0.012 0.005 0.124 0.117 0.016 0.325 0.006 0.014 0.115 0.015 0.042 0.019 0 0.128 0.24 0.044 0.012 0.015 0.017 0.003 0.004 0.283 0.053 0.234 0.008 0.007 1 0.01 0.854 0.202 0.008 0.05 0.04 0.047 0.029 0.107 0.004 0.031 0.174 0.21 0.032 0.004 0.006 0.037 0.045 0.004 0.042 0.05 0.005 0.025 0.006 0.006 0.004 0.004 0.03 0.007 0.001 0.007 0.005 0.003 0.033 0.005 0.009 0.004 0.022 0.046 0.005 0.006 0.005 0.005
0.034 0.043 0.041 0.012 0.01 0.266 0.423 0.006 0.006 0.016 0.003 0.002 0.001 0.057 0.055 0.295 0.006 0.001 0.003 0.043 0.268 0.002 0.014 0.017 0.054 0.012 0.021 0.003 0.004 0.447 0.154 0.177 0.012 0.071 0.055 0.002 0.59 0.01 1 0.001 0.048 0.002 0.012 0.01 0.012 0.073 0.001 0.519 0.07 0.015 0.025 0.02 0.041 0.001 0.062 0.012 0.659 0.013 0.015 0.026 0 0.501 0.002 0.002 0.118 0.066 0.002 0.021 0.002 0.43 0.002 0.038 0.002 0.002 0.001 0 0.001 0.48 0.001 0.026 0.002
0.035 0.05 0.048 0.004 0.125 0.014 0.009 0.235 0.206 0.014 0.143 0.011 0.005 0.081 0.076 0.014 0.222 0.006 0.013 0.074 0.014 0.039 0.025 0 0.083 0.167 0.023 0.011 0.014 0.006 0.003 0.003 0.204 0.04 0.217 0.007 0.006 0.854 0.001 1 0.188 0.007 0.046 0.037 0.043 0.048 0.116 0.002 0.05 0.131 0.237 0.028 0.003 0.006 0.057 0.041 0 0.038 0.046 0.005 0.055 0 0.006 0.003 0.004 0.047 0.006 0.002 0.006 0 0.024 0.05 0.004 0.008 0.004 0.052 0.051 0 0.005 0.005 0.004
0.135 0.136 0.14 0.454 0.16 0.026 0.008 0.107 0.1 0.583 0.071 0.056 0.025 0.234 0.223 0.03 0.13 0.032 0.064 0.201 0.027 0.182 0.062 0.254 0.241 0.184 0.523 0.016 0.071 0.046 0.002 0.003 0.207 0.627 0.804 0.039 0.032 0.202 0.048 0.188 1 0.04 0.251 0.204 0.117 0.038 0.02 0.057 0.044 0 0.474 0.213 0.001 0.029 0.065 0.239 0.045 0.238 0.143 0.001 0.101 0.025 0.032 0.032 0.002 0.058 0.034 0.001 0.007 0.023 0.076 0.079 0.037 0.028 0.022 0.095 0.009 0.026 0.029 0.002 0.04
0.02 0.017 0.018 0.037 0.009 0.003 0.002 0.005 0.005 0.033 0.003 0.002 0.001 0.015 0.016 0.003 0.006 0.001 0.003 0.013 0.003 0.008 0.109 0.039 0.015 0.01 0.027 0.002 0.003 0.004 0.001 0.001 0.01 0.028 0.034 0.002 0.001 0.008 0.002 0.007 0.04 1 0.009 0.001 0.002 0.004 0.001 0.002 0.005 0.001 0.018 0.019 0.001 0.001 0 0.002 0.002 0.002 0.001 0.001 0.005 0.001 0.001 0.002 0.001 0 0.001 0.001 0.001 0.001 0 0.006 0.002 0.002 0.001 0 0.001 0.001 0.001 0.001 0.002
0.01 0.023 0.023 0.255 0.044 0.008 0.012 0.021 0.019 0.294 0.012 0.015 0.099 0.018 0.017 0.008 0.027 0.008 0.015 0.021 0.008 0.049 0.068 0.142 0.018 0.049 0.175 0.07 0.016 0.005 0.004 0.004 0.052 0.172 0.123 0.154 0.008 0.05 0.012 0.046 0.251 0.009 1 0.052 0.058 0.083 0.006 0.014 0.086 0.109 0.436 0.081 0 0.007 0.096 0.062 0.01 0.064 0.071 0.001 0.086 0.006 0.008 0.011 0.005 0.092 0.009 0.003 0.003 0.006 0.035 0.095 0.012 0.112 0.086 0.079 0.004 0.006 0.005 0.004 0.013
0.005 0.004 0.005 0.05 0.037 0.014 0.01 0.024 0.023 0.147 0.015 0.201 0.005 0.066 0.063 0.015 0.028 0.007 0.318 0.061 0.015 0.765 0.045 0.305 0.069 0.045 0.133 0.012 0.326 0.017 0.003 0.004 0.038 0.141 0.167 0.008 0.007 0.04 0.01 0.037 0.204 0.001 0.052 1 0.791 0.6 0.005 0.012 0.577 0.179 0.11 0.039 0.004 0.11 0.522 0.784 0.01 0.793 0.623 0.005 0.577 0.006 0.158 0.096 0.005 0.407 0.16 0.019 0.007 0.004 0.234 0.46 0.161 0.009 0.004 0.52 0.003 0.006 0.006 0.005 0.132
0.001 0.002 0.001 0.02 0.002 0.017 0.012 0.003 0.004 0.078 0.002 0.142 0.006 0.017 0.016 0.018 0.001 0.008 0.27 0.013 0.018 0.594 0.055 0.204 0.016 0.003 0.065 0.014 0.276 0.016 0.004 0.004 0.001 0.067 0.092 0.009 0.008 0.047 0.012 0.043 0.117 0.002 0.058 0.791 1 0.705 0.006 0.014 0.677 0.239 0.13 0.053 0.005 0.071 0.602 0.608 0.009 0.622 0.743 0.006 0.673 0.007 0.116 0.079 0.002 0.476 0.111 0.015 0.009 0.005 0.187 0.528 0.114 0.011 0.005 0.608 0.004 0.007 0.102 0.006 0.091
0.019 0.023 0.025 0.003 0 0.003 0.017 0 0.001 0.033 0 0.119 0.009 0.001 0 0.004 0.006 0.011 0.19 0 0.003 0.481 0.084 0.119 0 0.001 0.022 0.02 0.193 0.017 0.003 0.004 0 0.008 0.022 0.013 0.048 0.029 0.073 0.048 0.038 0.004 0.083 0.6 0.705 1 0.008 0.164 0.96 0.204 0.184 0.089 0.006 0.065 0.858 0.446 0.108 0.45 0.553 0.009 0.7 0.077 0.095 0.052 0.058 0.711 0.096 0.036 0.012 0.068 0.198 0.709 0.093 0.016 0.007 0.636 0.005 0.075 0.083 0.009 0.073
0.008 0.009 0.009 0.021 0.005 0.002 0.001 0.003 0.003 0.019 0.002 0.001 0.001 0.009 0.008 0.002 0.004 0.001 0.002 0.009 0.002 0.004 0.072 0.036 0.008 0.005 0.014 0.001 0.002 0.002 0 0 0.006 0.017 0.024 0.001 0.001 0.107 0.001 0.116 0.02 0.001 0.006 0.005 0.006 0.008 1 0.001 0.009 0.003 0.015 0.017 0 0.001 0.01 0.006 0.001 0.006 0.007 0.001 0.009 0.001 0.001 0.001 0 0.009 0.001 0 0.001 0.001 0.003 0.01 0.001 0.001 0.001 0.008 0 0.001 0.001 0.001 0.001
0.043 0.041 0.052 0.018 0.003 0.118 0.198 0.007 0.007 0.023 0.004 0.002 0.001 0.071 0.068 0.137 0.009 0.002 0.004 0.055 0.119 0.004 0.017 0.022 0.068 0.002 0.03 0.003 0.004 0.233 0.047 0.061 0.002 0.082 0.066 0.002 0.337 0.004 0.519 0.002 0.057 0.002 0.014 0.012 0.014 0.164 0.001 1 0.159 0 0.03 0.025 0.001 0.001 0.144 0.015 0.659 0.015 0.017 0.001 0.016 0.475 0.002 0.002 0.133 0.136 0.002 0.023 0.002 0.404 0.011 0.092 0.003 0.003 0.001 0.018 0.001 0.459 0.002 0.001 0.003
0.015 0.019 0.021 0.005 0 0.002 0.015 0 0 0.038 0 0.162 0.009 0 0 0.004 0.005 0.011 0.182 0 0.002 0.461 0.087 0.109 0 0.001 0.026 0.019 0.188 0.015 0.002 0.004 0 0.011 0.027 0.014 0.046 0.031 0.07 0.05 0.044 0.005 0.086 0.577 0.677 0.96 0.009 0.159 1 0.193 0.191 0.075 0.007 0.082 0.832 0.434 0.105 0.438 0.537 0.009 0.678 0.075 0.091 0.091 0.055 0.689 0.094 0.034 0.013 0.066 0.193 0.687 0.091 0.016 0.008 0.614 0.005 0.073 0.08 0.009 0.072
0.04 0.039 0.041 0.001 0.062 0.038 0.024 0.139 0.127 0.01 0.084 0.038 0.014 0.022 0.018 0.035 0.161 0.018 0.04 0.027 0.039 0.125 0.007 0.07 0.021 0.085 0.001 0.026 0.042 0.031 0.009 0.01 0.104 0.001 0.003 0.022 0.007 0.174 0.015 0.131 0 0.001 0.109 0.179 0.239 0.204 0.003 0 0.193 1 0 0.087 0.01 0.017 0.22 0.181 0.014 0.182 0.231 0.014 0.22 0.005 0.037 0.012 0 0.202 0.026 0.005 0.002 0.004 0.072 0.158 0.026 0.025 0 0.201 0.021 0.008 0.046 0.014 0.034
0.008 0.005 0.004 0.247 0.013 0 0.026 0.065 0.056 0.313 0.04 0.031 0.047 0.015 0.014 0 0.053 0.016 0.033 0.011 0 0.1 0.019 0.111 0.016 0.02 0.233 0.027 0.037 0.001 0.008 0.009 0.026 0.242 0.349 0.072 0.017 0.21 0.025 0.237 0.474 0.018 0.436 0.11 0.13 0.184 0.015 0.03 0.191 0 1 0.146 0.002 0.016 0.211 0.128 0.023 0.135 0.157 0 0.187 0.015 0.017 0.022 0.011 0.203 0.018 0.007 0.018 0.013 0.074 0.21 0.025 0.055 0.041 0.175 0.027 0.014 0.015 0.011 0.026
0.067 0.051 0.051 0.153 0.039 0.007 0.001 0.046 0.044 0.171 0.03 0.007 0.011 0.065 0.059 0.009 0.055 0 0.024 0.067 0.007 0.021 0.082 0.002 0.07 0.052 0.142 0.002 0.022 0.017 0.002 0.002 0.057 0.167 0.168 0.016 0.014 0.032 0.02 0.028 0.213 0.019 0.081 0.039 0.053 0.089 0.017 0.025 0.075 0.087 0.146 1 0.008 0.007 0.108 0.049 0.02 0.051 0.067 0.005 0.067 0.011 0.001 0.002 0.009 0.081 0.012 0 0.056 0.011 0.032 0.063 0.012 0.006 0.009 0.062 0.006 0.011 0.013 0 0.008
0.002 0.003 0.003 0.005 0.002 0.032 0.039 0.002 0.002 0.007 0.001 0.001 0.001 0.011 0.01 0.032 0.003 0.003 0.001 0.011 0.032 0.004 0 0.001 0.012 0 0.003 0.001 0.001 0.028 0.003 0.002 0.002 0.003 0.001 0.004 0.067 0.004 0.041 0.003 0.001 0.001 0 0.004 0.005 0.006 0 0.001 0.007 0.01 0.002 0.008 1 0.001 0.007 0.005 0.001 0.005 0.006 0.719 0.007 0.001 0.001 0.001 0 0.007 0.001 0 0.001 0 0.003 0.007 0.001 0.003 0 0.006 0 0 0.001 0.544 0.001
0.014 0.011 0.012 0.025 0.007 0.001 0.002 0.004 0.003 0.023 0.002 0.451 0.001 0.011 0.012 0.002 0.005 0.001 0.002 0.011 0.002 0.101 0.007 0.034 0.011 0.007 0.019 0.001 0.001 0.002 0 0.001 0.007 0.019 0.024 0.001 0.001 0.006 0.001 0.006 0.029 0.001 0.007 0.11 0.071 0.065 0.001 0.001 0.082 0.017 0.016 0.007 0.001 1 0.058 0.094 0.001 0.092 0.078 0.001 0.064 0.001 0.003 0.568 0.001 0.06 0.688 0 0.001 0.001 0.004 0.058 0.191 0.001 0.001 0.033 0 0.001 0.001 0.001 0.295
0.013 0.01 0.012 0.014 0.002 0.001 0.013 0 0 0.055 0 0.102 0.01 0 0.001 0.002 0.002 0.013 0.165 0 0.001 0.414 0.028 0.17 0.001 0.004 0.039 0.021 0.167 0.012 0.002 0.003 0.002 0.021 0.042 0.015 0.04 0.037 0.062 0.057 0.065 0 0.096 0.522 0.602 0.858 0.01 0.144 0.832 0.22 0.211 0.108 0.007 0.058 1 0.602 0.094 0.604 0.692 0.01 0.772 0.067 0.082 0.045 0.05 0.838 0.085 0.031 0.014 0.059 0.297 0.776 0.081 0.018 0.009 0.714 0.006 0.066 0.064 0.01 0.074
0.006 0.01 0.011 0.073 0.044 0.017 0.012 0.027 0.025 0.175 0.015 0.166 0.006 0.078 0.076 0.019 0.032 0.008 0.221 0.055 0.018 0.59 0.005 0.348 0.08 0.052 0.157 0.012 0.228 0.021 0.004 0.004 0.045 0.165 0.198 0.01 0.008 0.045 0.012 0.041 0.239 0.002 0.062 0.784 0.608 0.446 0.006 0.015 0.434 0.181 0.128 0.049 0.005 0.094 0.602 1 0.012 0.938 0.745 0.006 0.619 0.007 0.133 0.081 0.003 0.498 0.138 0.015 0.009 0.005 0.317 0.497 0.137 0.011 0.005 0.569 0.004 0.007 0.007 0.006 0.127
0.017 0.023 0.022 0.005 0.008 0.164 0.256 0.004 0.003 0.008 0.002 0.002 0 0.034 0.032 0.188 0.005 0.001 0.003 0.022 0.166 0.002 0.008 0.01 0.031 0.009 0.011 0.003 0.003 0.314 0.061 0.079 0.009 0.053 0.052 0.001 0.429 0.004 0.659 0 0.045 0.002 0.01 0.01 0.009 0.108 0.001 0.659 0.105 0.014 0.023 0.02 0.001 0.001 0.094 0.012 1 0.006 0.006 0.001 0.002 0.6 0.002 0 0.17 0.102 0.002 0.022 0.002 0.511 0.003 0.065 0 0.002 0.001 0.002 0.001 0.579 0 0.001 0
0.008 0.012 0.013 0.08 0.047 0.018 0.012 0.03 0.028 0.185 0.018 0.151 0.006 0.085 0.083 0.019 0.035 0.008 0.257 0.061 0.019 0.601 0.004 0.364 0.085 0.056 0.164 0.013 0.259 0.021 0.004 0.004 0.048 0.173 0.196 0.01 0.008 0.042 0.013 0.038 0.238 0.002 0.064 0.793 0.622 0.45 0.006 0.015 0.438 0.182 0.135 0.051 0.005 0.092 0.604 0.938 0.006 1 0.775 0.007 0.644 0.007 0.13 0.096 0.001 0.525 0.134 0.013 0.009 0.006 0.332 0.519 0.154 0.011 0.005 0.594 0.004 0.007 0.008 0.007 0.143
0 0 0 0.036 0.004 0.021 0.014 0.001 0.002 0.105 0.002 0.085 0.007 0.025 0.025 0.022 0 0.009 0.222 0.013 0.022 0.459 0.009 0.251 0.025 0.006 0.086 0.015 0.226 0.021 0.005 0.005 0.004 0.088 0.112 0.011 0.009 0.05 0.015 0.046 0.143 0.001 0.071 0.623 0.743 0.553 0.007 0.017 0.537 0.231 0.157 0.067 0.006 0.078 0.692 0.745 0.006 0.775 1 0.008 0.75 0.009 0.111 0.082 0.002 0.6 0.115 0.012 0.01 0.007 0.294 0.596 0.078 0.013 0.006 0.677 0.004 0.008 0.097 0.008 0.121
0 0.001 0.001 0.007 0.001 0.02 0.025 0.003 0.003 0.009 0.002 0.002 0 0.006 0.006 0.02 0.004 0.001 0.002 0.006 0.02 0.005 0 0.002 0.007 0 0.005 0.001 0.002 0.017 0.001 0.001 0.003 0.004 0.001 0.002 0.045 0.005 0.026 0.005 0.001 0.001 0.001 0.005 0.006 0.009 0.001 0.001 0.009 0.014 0 0.005 0.719 0.001 0.01 0.006 0.001 0.007 0.008 1 0.009 0.001 0.001 0.001 0.001 0.01 0.001 0 0.001 0.001 0.004 0.01 0.001 0.001 0.001 0.009 0 0.001 0.001 0.489 0.001
0.009 0.006 0.007 0.017 0 0.002 0 0 0 0.062 0 0.112 0.009 0.003 0.003 0.003 0.005 0.011 0.184 0 0.003 0.426 0.026 0.18 0.003 0.001 0.049 0.018 0.187 0.003 0.004 0.002 0 0.05 0.073 0.014 0.002 0.025 0 0.055 0.101 0.005 0.086 0.577 0.673 0.7 0.009 0.016 0.678 0.22 0.187 0.067 0.007 0.064 0.772 0.619 0.002 0.644 0.75 0.009 1 0.01 0.088 0.071 0.056 0.735 0.095 0.035 0.013 0.008 0.378 0.746 0.132 0.016 0.008 0.851 0.005 0.01 0.076 0.009 0.139
0.003 0.004 0.004 0 0.006 0.051 0.086 0.003 0.003 0.001 0.002 0.001 0.001 0.009 0.009 0.068 0.004 0.001 0.002 0.003 0.051 0 0.007 0.005 0.007 0.007 0.001 0.002 0.002 0.186 0.085 0.078 0.007 0.037 0.03 0.001 0.174 0.006 0.501 0 0.025 0.001 0.006 0.006 0.007 0.077 0.001 0.475 0.075 0.005 0.015 0.011 0.001 0.001 0.067 0.007 0.6 0.007 0.009 0.001 0.01 1 0.001 0.001 0.001 0.07 0.001 0 0.001 0.816 0.004 0.057 0.001 0.001 0.001 0.01 0 0.924 0.001 0.001 0.001
0.045 0.055 0.053 0.022 0.002 0.003 0.002 0.003 0.003 0.018 0.002 0.002 0.001 0.009 0.005 0.003 0.005 0.001 0.002 0.012 0.003 0.126 0.01 0.039 0.011 0.007 0.022 0.002 0.003 0.003 0.001 0.001 0.007 0.022 0.028 0.001 0.001 0.006 0.002 0.006 0.032 0.001 0.008 0.158 0.116 0.095 0.001 0.002 0.091 0.037 0.017 0.001 0.001 0.003 0.082 0.133 0.002 0.13 0.111 0.001 0.088 0.001 1 0.001 0.001 0.067 0.006 0.007 0.001 0.001 0 0.058 0.001 0.002 0.001 0.074 0 0.001 0.001 0.001 0.001
0.017 0.014 0.014 0.03 0.008 0.001 0.001 0.004 0.004 0.027 0.003 0.44 0.001 0.014 0.015 0.003 0.006 0.001 0 0.016 0.003 0.085 0.004 0.034 0.015 0.01 0.027 0.002 0 0.004 0.001 0.001 0.01 0.027 0.026 0.002 0.001 0.004 0.002 0.003 0.032 0.002 0.011 0.096 0.079 0.052 0.001 0.002 0.091 0.012 0.022 0.002 0.001 0.568 0.045 0.081 0 0.096 0.082 0.001 0.071 0.001 0.001 1 0.001 0.066 0.482 0.009 0.001 0.001 0.006 0.063 0.273 0.002 0.001 0.043 0.001 0.001 0.001 0.001 0.373
0.024 0.011 0.01 0.002 0.004 0.092 0.148 0.002 0.002 0.003 0.001 0.002 0 0.016 0.014 0.093 0.003 0.001 0.001 0.015 0.093 0 0.006 0 0.014 0.005 0.004 0.001 0.002 0.083 0 0.005 0.005 0.004 0.003 0.001 0.215 0.004 0.118 0.004 0.002 0.001 0.005 0.005 0.002 0.058 0 0.133 0.055 0 0.011 0.009 0 0.001 0.05 0.003 0.17 0.001 0.002 0.001 0.056 0.001 0.001 0.001 1 0.041 0.001 0.057 0.001 0.001 0 0.005 0.001 0.001 0 0.059 0 0.001 0.001 0.001 0.001
0.011 0.008 0.01 0.015 0.003 0.001 0.012 0 0 0.058 0 0.091 0.01 0 0.001 0.001 0.002 0.012 0.112 0 0.001 0.33 0.02 0.144 0.001 0.003 0.038 0.02 0.1 0.011 0.003 0.004 0.003 0.02 0.037 0.014 0.035 0.03 0.066 0.047 0.058 0 0.092 0.407 0.476 0.711 0.009 0.136 0.689 0.202 0.203 0.081 0.007 0.06 0.838 0.498 0.102 0.525 0.6 0.01 0.735 0.07 0.067 0.066 0.041 1 0.089 0.03 0.014 0.062 0.251 0.777 0.124 0.017 0.008 0.717 0.006 0.069 0.075 0.01 0.13
0.016 0.013 0.014 0.029 0.008 0.002 0.002 0.004 0.004 0.027 0.002 0.476 0.001 0.01 0.011 0.003 0.005 0.001 0.002 0.013 0.003 0.15 0.008 0.054 0.012 0.008 0.023 0.002 0.003 0.003 0.001 0.001 0.008 0.023 0.028 0.001 0.001 0.007 0.002 0.006 0.034 0.001 0.009 0.16 0.111 0.096 0.001 0.002 0.094 0.026 0.018 0.012 0.001 0.688 0.085 0.138 0.002 0.134 0.115 0.001 0.095 0.001 0.006 0.482 0.001 0.089 1 0.025 0.001 0.001 0.005 0.085 0.321 0.002 0.001 0.06 0.001 0.001 0.001 0.001 0.43
0.001 0.001 0.001 0 0.002 0.011 0.019 0.002 0.001 0 0.001 0.013 0 0.002 0.002 0.011 0.001 0 0 0 0.011 0.009 0.004 0.003 0.001 0.002 0 0.001 0.001 0.009 0 0 0.002 0 0 0 0.034 0.001 0.021 0.002 0.001 0.001 0.003 0.019 0.015 0.036 0 0.023 0.034 0.005 0.007 0 0 0 0.031 0.015 0.022 0.013 0.012 0 0.035 0 0.007 0.009 0.057 0.03 0.025 1 0 0 0.004 0.008 0.007 0.001 0 0.03 0 0 0 0 0.007
0.008 0.009 0.006 0.012 0.004 0.003 0.002 0.004 0.004 0.014 0.002 0.002 0.001 0.005 0.005 0.003 0.004 0.001 0.002 0.009 0.003 0.007 0 0.005 0.008 0.004 0.011 0.068 0.003 0.003 0.001 0.001 0.008 0.016 0.021 0.001 0.001 0.007 0.002 0.006 0.007 0.001 0.003 0.007 0.009 0.012 0.001 0.002 0.013 0.002 0.018 0.056 0.001 0.001 0.014 0.009 0.002 0.009 0.01 0.001 0.013 0.001 0.001 0.001 0.001 0.014 0.001 0 1 0.001 0.005 0.014 0.002 0.002 0.001 0.012 0.001 0.001 0.001 0.001 0.002
0.003 0.005 0.005 0 0.006 0.05 0.084 0.003 0.003 0.001 0.002 0.001 0.001 0.012 0.012 0.068 0.004 0.001 0.002 0.005 0.051 0 0.008 0.005 0.009 0.005 0.003 0.001 0.002 0.155 0.096 0.089 0.005 0.036 0.027 0.001 0.164 0.005 0.43 0 0.023 0.001 0.006 0.004 0.005 0.068 0.001 0.404 0.066 0.004 0.013 0.011 0 0.001 0.059 0.005 0.511 0.006 0.007 0.001 0.008 0.816 0.001 0.001 0.001 0.062 0.001 0 0.001 1 0.002 0.049 0.001 0.001 0.001 0.007 0 0.773 0.001 0.001 0.001
0.01 0.019 0.015 0.056 0.006 0.007 0.003 0.017 0.016 0.054 0.01 0.002 0.003 0.011 0.013 0.006 0 0.004 0.433 0.003 0.006 0.172 0.001 0.109 0.011 0.005 0.041 0.007 0.447 0.007 0.001 0 0.002 0.046 0.056 0.005 0.001 0.003 0.002 0.024 0.076 0 0.035 0.234 0.187 0.198 0.003 0.011 0.193 0.072 0.074 0.032 0.003 0.004 0.297 0.317 0.003 0.332 0.294 0.004 0.378 0.004 0 0.006 0 0.251 0.005 0.004 0.005 0.002 1 0.341 0.007 0.006 0.003 0.331 0.002 0.004 0.004 0.004 0
0.002 0.002 0.003 0.027 0.002 0 0.002 0.001 0 0.071 0 0.102 0.01 0.003 0.004 0 0.001 0.013 0.166 0.001 0.001 0.465 0.017 0.133 0.004 0.005 0.054 0.02 0.169 0.003 0 0.001 0.003 0.032 0.053 0.015 0.018 0.033 0.038 0.05 0.079 0.006 0.095 0.46 0.528 0.709 0.01 0.092 0.687 0.158 0.21 0.063 0.007 0.058 0.776 0.497 0.065 0.519 0.596 0.01 0.746 0.057 0.058 0.063 0.005 0.777 0.085 0.008 0.014 0.049 0.341 1 0.12 0.018 0.009 0.652 0.006 0.056 0.073 0.01 0.125
0.012 0.009 0.01 0.026 0.01 0.002 0.001 0.005 0.004 0.032 0.003 0.345 0.001 0.016 0.017 0.004 0.007 0.002 0 0.018 0.004 0.153 0.006 0.062 0.017 0.011 0.031 0.002 0 0.004 0.001 0.001 0.011 0.031 0.03 0.002 0.002 0.005 0.002 0.004 0.037 0.002 0.012 0.161 0.114 0.093 0.001 0.003 0.091 0.026 0.025 0.012 0.001 0.191 0.081 0.137 0 0.154 0.078 0.001 0.132 0.001 0.001 0.273 0.001 0.124 0.321 0.007 0.002 0.001 0.007 0.12 1 0.002 0.001 0.096 0.001 0.001 0.001 0.001 0.389
0.003 0.002 0.003 0.03 0.003 0.001 0.002 0.003 0.003 0.035 0.001 0.003 0.014 0.001 0.001 0.001 0.004 0.001 0.003 0.001 0.001 0.009 0.003 0.014 0.001 0.005 0.04 0.001 0.003 0.001 0.001 0.001 0.005 0.04 0.03 0.587 0.001 0.009 0.002 0.008 0.028 0.002 0.112 0.009 0.011 0.016 0.001 0.003 0.016 0.025 0.055 0.006 0.003 0.001 0.018 0.011 0.002 0.011 0.013 0.001 0.016 0.001 0.002 0.002 0.001 0.017 0.002 0.001 0.002 0.001 0.006 0.018 0.002 1 0.001 0.015 0.001 0.001 0.001 0.001 0.002
0.003 0.009 0.009 0.019 0.005 0.002 0.001 0.003 0.002 0.022 0.001 0.001 0.001 0.008 0.005 0.002 0.003 0.001 0 0.008 0.002 0.002 0.006 0.01 0.008 0.005 0.027 0.001 0 0.002 0 0 0.005 0.031 0.025 0.001 0.001 0.004 0.001 0.004 0.022 0.001 0.086 0.004 0.005 0.007 0.001 0.001 0.008 0 0.041 0.009 0 0.001 0.009 0.005 0.001 0.005 0.006 0.001 0.008 0.001 0.001 0.001 0 0.008 0.001 0 0.001 0.001 0.003 0.009 0.001 0.001 1 0.007 0 0.001 0.001 0.001 0.001
0.004 0.005 0.006 0.017 0 0.002 0 0 0 0.059 0 0.073 0.008 0.003 0.003 0.002 0.004 0.011 0.195 0.002 0.002 0.377 0.022 0.164 0.003 0.001 0.046 0.017 0.199 0.002 0.003 0.002 0.001 0.048 0.069 0.013 0.003 0.022 0 0.052 0.095 0 0.079 0.52 0.608 0.636 0.008 0.018 0.614 0.201 0.175 0.062 0.006 0.033 0.714 0.569 0.002 0.594 0.677 0.009 0.851 0.01 0.074 0.043 0.059 0.717 0.06 0.03 0.012 0.007 0.331 0.652 0.096 0.015 0.007 1 0.005 0.009 0.081 0.009 0.105
0.002 0.002 0.002 0.004 0.002 0.001 0.001 0 0.001 0 0.001 0.001 0 0 0 0.001 0.002 0 0.001 0.004 0.001 0.001 0.019 0.011 0.003 0.002 0.005 0.001 0.001 0.001 0 0 0.002 0.003 0.011 0.001 0 0.046 0.001 0.051 0.009 0.001 0.004 0.003 0.004 0.005 0 0.001 0.005 0.021 0.027 0.006 0 0 0.006 0.004 0.001 0.004 0.004 0 0.005 0 0 0.001 0 0.006 0.001 0 0.001 0 0.002 0.006 0.001 0.001 0 0.005 1 0 0 0 0.001
0.002 0.003 0.003 0 0.006 0.057 0.094 0.003 0.003 0 0.002 0.001 0.001 0.007 0.008 0.057 0.004 0.001 0.002 0.004 0.057 0 0.008 0.005 0.005 0.006 0.001 0.002 0.002 0.174 0.093 0.085 0.006 0.037 0.03 0.001 0.146 0.005 0.48 0 0.026 0.001 0.006 0.006 0.007 0.075 0.001 0.459 0.073 0.008 0.014 0.011 0 0.001 0.066 0.007 0.579 0.007 0.008 0.001 0.01 0.924 0.001 0.001 0.001 0.069 0.001 0 0.001 0.773 0.004 0.056 0.001 0.001 0.001 0.009 0 1 0.001 0.001 0.001
0.049 0.058 0.056 0.025 0.103 0.002 0.002 0.214 0.227 0.029 0.131 0.002 0.001 0.066 0.062 0.002 0.169 0.001 0.002 0.065 0.002 0.006 0.009 0.018 0.07 0.108 0.035 0.002 0.002 0 0 0.001 0.108 0.042 0.029 0.001 0.001 0.006 0.001 0.005 0.029 0.001 0.005 0.006 0.102 0.083 0.001 0.002 0.08 0.046 0.015 0.013 0.001 0.001 0.064 0.007 0 0.008 0.097 0.001 0.076 0.001 0.001 0.001 0.001 0.075 0.001 0 0.001 0.001 0.004 0.073 0.001 0.001 0.001 0.081 0 0.001 1 0.001 0.001
0.001 0.002 0.002 0 0.001 0.025 0.033 0.003 0.003 0.001 0.002 0.002 0 0.008 0.007 0.025 0.004 0.001 0.002 0.008 0.025 0.005 0.008 0.001 0.009 0 0 0.001 0.002 0.022 0.007 0.006 0.003 0 0.002 0.001 0.045 0.005 0.026 0.005 0.002 0.001 0.004 0.005 0.006 0.009 0.001 0.001 0.009 0.014 0.011 0 0.544 0.001 0.01 0.006 0.001 0.007 0.008 0.489 0.009 0.001 0.001 0.001 0.001 0.01 0.001 0 0.001 0.001 0.004 0.01 0.001 0.001 0.001 0.009 0 0.001 0.001 1 0.001
0.009 0.006 0.007 0.023 0.009 0.002 0.001 0.005 0.005 0.033 0.004 0.25 0.001 0.016 0.017 0.004 0.007 0.002 0 0.018 0.004 0.122 0.003 0.056 0.017 0.012 0.032 0.003 0 0.004 0 0 0.012 0.032 0.032 0.002 0.002 0.005 0.002 0.004 0.04 0.002 0.013 0.132 0.091 0.073 0.001 0.003 0.072 0.034 0.026 0.008 0.001 0.295 0.074 0.127 0 0.143 0.121 0.001 0.139 0.001 0.001 0.373 0.001 0.13 0.43 0.007 0.002 0.001 0 0.125 0.389 0.002 0.001 0.105 0.001 0.001 0.001 0.001 1
