1 0.812 0.824 0.487 0.33 0.159 0.097 0.263 0.213 0.341 0.094 0.02 0.055 0.515 0.489 0.16 0.253 0.052 0.035 0.566 0.142 0.003 0.126 0.105 0.571 0.353 0.36 0.018 0.04 0.125 0.053 0.035 0.299 0.305 0.207 0.001 0.054 0.082 0.053 0.061 0.181 0.022 0.006 0.009 0.001 0.007 0.002 0.044 0.006 0.043 0.032 0.096 0.047 0.008 0.004 0.01 0.018 0.008 0.003 0.039 0 0.001 0.023 0.012 0.003 0.008 0.013 0.001 0.009 0.008 0.013 0.002 0.001 0.003 0.001 0 0.001 0.005 0.028 0.041 0.003
0.812 1 0.947 0.427 0.368 0.194 0.118 0.321 0.259 0.281 0.115 0.016 0.067 0.611 0.582 0.196 0.27 0.064 0.029 0.639 0.175 0 0.116 0.083 0.66 0.395 0.3 0.021 0.032 0.157 0.065 0.045 0.337 0.247 0.159 0 0.067 0.091 0.068 0.068 0.14 0.019 0.027 0.003 0 0.01 0.002 0.031 0.009 0.045 0.013 0.067 0.057 0.007 0.005 0.006 0.025 0.005 0 0.05 0 0.002 0.029 0.01 0.004 0.009 0.011 0.003 0.008 0.011 0.021 0.004 0 0.003 0.013 0 0 0.007 0.034 0.052 0.002
0.824 0.947 1 0.433 0.394 0.186 0.114 0.308 0.249 0.288 0.11 0.017 0.065 0.621 0.592 0.188 0.3 0.061 0.03 0.658 0.168 0.001 0.108 0.08 0.68 0.421 0.325 0.022 0.034 0.15 0.063 0.043 0.361 0.271 0.178 0 0.064 0.106 0.065 0.062 0.157 0.02 0.023 0.004 0 0.016 0.002 0.054 0.014 0.051 0.013 0.076 0.055 0.007 0.009 0.007 0.024 0.006 0.001 0.047 0.002 0.002 0.028 0.01 0.004 0.014 0.011 0 0.008 0.011 0.011 0.006 0 0.003 0.014 0.001 0 0.007 0.033 0.05 0.002
0.487 0.427 0.433 1 0.182 0.074 0.04 0.146 0.118 0.799 0.052 0.037 0.031 0.263 0.283 0.075 0.148 0.033 0.064 0.284 0.062 0.022 0.263 0.271 0.303 0.196 0.617 0.002 0.054 0.051 0.03 0.016 0.164 0.55 0.384 0.021 0.02 0.02 0.017 0.012 0.457 0.041 0.211 0.037 0.02 0.003 0.012 0.018 0.004 0 0.261 0.218 0.018 0.014 0.009 0.048 0.006 0.053 0.033 0.013 0.013 0.001 0.01 0.021 0 0.007 0.022 0 0.017 0.001 0.034 0.011 0.003 0.016 0.029 0.016 0.001 0.001 0.015 0.013 0.012
0.33 0.368 0.394 0.182 1 0.023 0.014 0.465 0.409 0.238 0.157 0.009 0.008 0.529 0.438 0.023 0.521 0.115 0.013 0.476 0.024 0.036 0.07 0.125 0.494 0.754 0.228 0.012 0.015 0.026 0.008 0.01 0.627 0.185 0.147 0.006 0.01 0.236 0.015 0.152 0.123 0.01 0.052 0.016 0.003 0 0.007 0.004 0 0.094 0.025 0.047 0.005 0.004 0.002 0.019 0.008 0.018 0.005 0.002 0 0.011 0.005 0.005 0.003 0 0.006 0.001 0.005 0.007 0.002 0.002 0.004 0.006 0.008 0 0 0.006 0.038 0.002 0.007
0.159 0.194 0.186 0.074 0.023 1 0.611 0.013 0.011 0.099 0.005 0.003 0.348 0.186 0.177 0.981 0.016 0.003 0.006 0.197 0.936 0.015 0.019 0.04 0.191 0.024 0.094 0.004 0.006 0.854 0.338 0.272 0.025 0.092 0.055 0.01 0.336 0.024 0.397 0.022 0.052 0.004 0.015 0.013 0.015 0.004 0.003 0.099 0.003 0.041 0 0.027 0.273 0.001 0.003 0.014 0.158 0.013 0.017 0.213 0.005 0.052 0.001 0.002 0.043 0.003 0.002 0.002 0.002 0.086 0.006 0.001 0.002 0.002 0.003 0.005 0.001 0.077 0.002 0.224 0.003
0.097 0.118 0.114 0.04 0.014 0.611 1 0.008 0.006 0.06 0.003 0.002 0.002 0.114 0.109 0.598 0.01 0.002 0.003 0.12 0.571 0.009 0.01 0.022 0.112 0.015 0.054 0.002 0.004 0.507 0.553 0.452 0.015 0.052 0.025 0.001 0.553 0.015 0.661 0.013 0.025 0.002 0.014 0.007 0.009 0.021 0.001 0.178 0.02 0.021 0.035 0.012 0.289 0.001 0.019 0.007 0.269 0.007 0.009 0.228 0 0.096 0 0.001 0.074 0.019 0.001 0.001 0.001 0.148 0.003 0.012 0.001 0.001 0.002 0 0.001 0.133 0.001 0.244 0.001
0.263 0.321 0.308 0.146 0.465 0.013 0.008 1 0.807 0.162 0.357 0.005 0.005 0.3 0.286 0.013 0.736 0.005 0.009 0.321 0.014 0.022 0.04 0.072 0.332 0.527 0.165 0.007 0.01 0.015 0.004 0.005 0.496 0.157 0.118 0.003 0.005 0.357 0.009 0.357 0.112 0.007 0.029 0.023 0.001 0.006 0.003 0.008 0.007 0.162 0.129 0.043 0.004 0.002 0.012 0.026 0.004 0.025 0.003 0.005 0.009 0.006 0.003 0.002 0.002 0.007 0.003 0.003 0.003 0.004 0.016 0.008 0.002 0.003 0.004 0.004 0.001 0.004 0.109 0.005 0.003
0.213 0.259 0.249 0.118 0.409 0.011 0.006 0.807 1 0.132 0.442 0.004 0.004 0.243 0.231 0.011 0.585 0.004 0.008 0.259 0.011 0.018 0.032 0.059 0.268 0.426 0.133 0.005 0.008 0.012 0.004 0.004 0.398 0.125 0.092 0.003 0.004 0.263 0.007 0.255 0.089 0.005 0.022 0.019 0 0.003 0.003 0.007 0.003 0.118 0.092 0.036 0.003 0.002 0.006 0.021 0.003 0.02 0.001 0.004 0.004 0.005 0.003 0.002 0.002 0.003 0.003 0.003 0.002 0.003 0.013 0.003 0.001 0.003 0.003 0.001 0.002 0.003 0.135 0.004 0.002
0.341 0.281 0.288 0.799 0.238 0.099 0.06 0.162 0.132 1 0.059 0.033 0.034 0.356 0.38 0.1 0.168 0.036 0.051 0.37 0.084 0.117 0.233 0.41 0.391 0.247 0.726 0.004 0.038 0.072 0.034 0.019 0.19 0.656 0.477 0.023 0.033 0.03 0.028 0.02 0.564 0.037 0.24 0.12 0.08 0.032 0.026 0.022 0.035 0.004 0.29 0.242 0.03 0.013 0.045 0.134 0.008 0.145 0.099 0.023 0.059 0 0.018 0.018 0.001 0.042 0.02 0.002 0.016 0.003 0.027 0.048 0.016 0.019 0.032 0.049 0 0.001 0.017 0.024 0.029
0.094 0.115 0.11 0.052 0.157 0.005 0.003 0.357 0.442 0.059 1 0.002 0.002 0.11 0.105 0.005 0.293 0.002 0.003 0.118 0.005 0.009 0.014 0.027 0.122 0.193 0.061 0.002 0.004 0.005 0.002 0.002 0.189 0.062 0.041 0.001 0.002 0.102 0.003 0.082 0.045 0.002 0.007 0.01 0.001 0 0.002 0.003 0 0.053 0.033 0.025 0.001 0.001 0 0.01 0.001 0.01 0 0.002 0.001 0.002 0.001 0.002 0.001 0 0.001 0.001 0.001 0.001 0.006 0 0.001 0.001 0.002 0 0.001 0.001 0.139 0.002 0.002
0.02 0.016 0.017 0.037 0.009 0.003 0.002 0.005 0.004 0.033 0.002 1 0.001 0.014 0.012 0.003 0.006 0.001 0.002 0.009 0.004 0.181 0.01 0.055 0.015 0.01 0.031 0.002 0.003 0.004 0.001 0.001 0.008 0.027 0.033 0.001 0 0.009 0 0.008 0.038 0.002 0.009 0.136 0.096 0.091 0.001 0 0.112 0.036 0.023 0.004 0.001 0.371 0.086 0.123 0 0.102 0.101 0.001 0.093 0 0 0.492 0.037 0.085 0.552 0.067 0.001 0 0 0.084 0.15 0.001 0.001 0.085 0 0 0.001 0.001 0.347
0.055 0.067 0.065 0.031 0.008 0.348 0.002 0.005 0.004 0.034 0.002 0.001 1 0.065 0.062 0.345 0.006 0.001 0.002 0.069 0.329 0.005 0.008 0.016 0.072 0.008 0.036 0.001 0.002 0.315 0.001 0.001 0.009 0.037 0.031 0.041 0.001 0.008 0.002 0.008 0.027 0.001 0.123 0.006 0.006 0.009 0.001 0.002 0.009 0.018 0.047 0.015 0.02 0 0.009 0.006 0.001 0.006 0.007 0.015 0.008 0.001 0.001 0.001 0 0.009 0.001 0.001 0.001 0.001 0.003 0.009 0.001 0.012 0.001 0.008 0 0.001 0.001 0.014 0.001
0.515 0.611 0.621 0.263 0.529 0.186 0.114 0.3 0.243 0.356 0.11 0.014 0.065 1 0.849 0.188 0.334 0.069 0.02 0.763 0.167 0.064 0.096 0.187 0.788 0.485 0.358 0.021 0.023 0.153 0.063 0.076 0.386 0.306 0.258 0 0.067 0.155 0.068 0.101 0.233 0.02 0.018 0.038 0.017 0 0.012 0.062 0 0.032 0.026 0.095 0.056 0.007 0 0.045 0.026 0.045 0.023 0.049 0.004 0.002 0.011 0.013 0.007 0 0.011 0.004 0.008 0.014 0.005 0.001 0.012 0.003 0.014 0.001 0 0.008 0.035 0.051 0.017
0.489 0.582 0.592 0.283 0.438 0.177 0.109 0.286 0.231 0.38 0.105 0.012 0.062 0.849 1 0.179 0.317 0.066 0.021 0.76 0.187 0.064 0.09 0.18 0.786 0.477 0.357 0.006 0.024 0.145 0.06 0.073 0.409 0.29 0.257 0 0.07 0.168 0.069 0.113 0.258 0.021 0.014 0.066 0.036 0.001 0.005 0.063 0.002 0.022 0.037 0.074 0.054 0.007 0.004 0.074 0.028 0.074 0.044 0.046 0.015 0.003 0.009 0.014 0.007 0.002 0.011 0.004 0.007 0.017 0.007 0.006 0.012 0.003 0.012 0.009 0 0.01 0.034 0.048 0.018
0.16 0.196 0.188 0.075 0.023 0.981 0.598 0.013 0.011 0.1 0.005 0.003 0.345 0.188 0.179 1 0.016 0.003 0.006 0.194 0.927 0.015 0.02 0.041 0.196 0.025 0.096 0.004 0.006 0.871 0.334 0.269 0.025 0.094 0.057 0.01 0.357 0.024 0.415 0.022 0.054 0.004 0.015 0.013 0.015 0.005 0.003 0.109 0.004 0.038 0 0.029 0.27 0.001 0.003 0.014 0.173 0.014 0.018 0.211 0.005 0.061 0.001 0.003 0.042 0.003 0.002 0.002 0.002 0.1 0.006 0.001 0.002 0.002 0.003 0.005 0.001 0.076 0.002 0.222 0.003
0.253 0.27 0.3 0.148 0.521 0.016 0.01 0.736 0.585 0.168 0.293 0.006 0.006 0.334 0.317 0.016 1 0.006 0.011 0.401 0.017 0.03 0.049 0.094 0.416 0.612 0.208 0.008 0.013 0.018 0.005 0.007 0.578 0.199 0.153 0.004 0.007 0.438 0.01 0.299 0.144 0.008 0.026 0.032 0.005 0 0.004 0.013 0 0.19 0.106 0.045 0.005 0.003 0.001 0.035 0.005 0.034 0.006 0.006 0 0.007 0.005 0.005 0.002 0 0.004 0 0.003 0.005 0 0.001 0.005 0.004 0.005 0 0.002 0.004 0.089 0.006 0.007
0.052 0.064 0.061 0.033 0.115 0.003 0.002 0.005 0.004 0.036 0.002 0.001 0.001 0.069 0.066 0.003 0.006 1 0.002 0.072 0.003 0.005 0.009 0.016 0.074 0.117 0.037 0.001 0.002 0.003 0.001 0.001 0.115 0.037 0.031 0.001 0.001 0.009 0.002 0.008 0.027 0.001 0.008 0.005 0.006 0.009 0.001 0.002 0.009 0.018 0.017 0.001 0 0 0.009 0.006 0.001 0.006 0.007 0 0.008 0.001 0.001 0.001 0 0.009 0.001 0.001 0.001 0.001 0.004 0.009 0.001 0.001 0.001 0.007 0 0.001 0.001 0 0.001
0.035 0.029 0.03 0.064 0.013 0.006 0.003 0.009 0.008 0.051 0.003 0.002 0.002 0.02 0.021 0.006 0.011 0.002 1 0.028 0.006 0.374 0.017 0.121 0.027 0.017 0.054 0.003 0.893 0.006 0.002 0.002 0.018 0.053 0.063 0.001 0.002 0.017 0.004 0.015 0.073 0.003 0.016 0.346 0.319 0.22 0.002 0.003 0.215 0.089 0.04 0.013 0.002 0.001 0.208 0.302 0.002 0.326 0.264 0.002 0.243 0.003 0.002 0.001 0.001 0.145 0.001 0.005 0.001 0.002 0.565 0.209 0.001 0.001 0.002 0.249 0.001 0.002 0.001 0.002 0.002
0.566 0.639 0.658 0.284 0.476 0.197 0.12 0.321 0.259 0.37 0.118 0.009 0.069 0.763 0.76 0.194 0.401 0.072 0.028 1 0.209 0.064 0.104 0.197 0.954 0.589 0.46 0.02 0.029 0.155 0.067 0.046 0.512 0.371 0.261 0 0.062 0.143 0.065 0.09 0.237 0.017 0.018 0.064 0.031 0.001 0.012 0.056 0.002 0.025 0.024 0.079 0.06 0.006 0.003 0.064 0.022 0.065 0.035 0.052 0.01 0.001 0.01 0.013 0.009 0.001 0.01 0.004 0.008 0.011 0.005 0.004 0.012 0.002 0.013 0.008 0 0.008 0.035 0.055 0.017
0.142 0.175 0.168 0.062 0.024 0.936 0.571 0.014 0.011 0.084 0.005 0.004 0.329 0.167 0.187 0.927 0.017 0.003 0.006 0.209 1 0.015 0.021 0.043 0.204 0.026 0.1 0.004 0.007 0.806 0.319 0.257 0.015 0.079 0.046 0.009 0.317 0.025 0.374 0.023 0.043 0.004 0.013 0.013 0.016 0.003 0.003 0.093 0.002 0.043 0.001 0.02 0.257 0.001 0.002 0.014 0.149 0.014 0.018 0.2 0.006 0.048 0.001 0.003 0.04 0.002 0.002 0.002 0.002 0.08 0.007 0 0.002 0.001 0.003 0.006 0.001 0.072 0.002 0.211 0.003
0.003 0 0.001 0.022 0.036 0.015 0.009 0.022 0.018 0.117 0.009 0.181 0.005 0.064 0.064 0.015 0.03 0.005 0.374 0.064 0.015 1 0.04 0.309 0.072 0.046 0.123 0.008 0.415 0.016 0.005 0.006 0.044 0.136 0.162 0.004 0.003 0.045 0.006 0.041 0.188 0.008 0.043 0.773 0.656 0.5 0 0.006 0.488 0.164 0.088 0.013 0.005 0.058 0.47 0.691 0.003 0.643 0.584 0.006 0.534 0.004 0.087 0.087 0.005 0.368 0.133 0.096 0.003 0.001 0.293 0.479 0.092 0.004 0.005 0.463 0.002 0.001 0.003 0.006 0.15
0.126 0.116 0.108 0.263 0.07 0.019 0.01 0.04 0.032 0.233 0.014 0.01 0.008 0.096 0.09 0.02 0.049 0.009 0.017 0.104 0.021 0.04 1 0.426 0.117 0.074 0.21 0.012 0.019 0.027 0.008 0.01 0.05 0.184 0.064 0.005 0.01 0.007 0.016 0.004 0.083 0.107 0.046 0.043 0.047 0.069 0.067 0.014 0.071 0.028 0.031 0.185 0.007 0.004 0.041 0.02 0.007 0.016 0.025 0.002 0.033 0.003 0.007 0.002 0.003 0.034 0.006 0.006 0.004 0.007 0.009 0.038 0.002 0.003 0.008 0.03 0 0.006 0.004 0.002 0.002
0.105 0.083 0.08 0.271 0.125 0.04 0.022 0.072 0.059 0.41 0.027 0.055 0.016 0.187 0.18 0.041 0.094 0.016 0.121 0.197 0.043 0.309 0.426 1 0.225 0.142 0.392 0.024 0.135 0.051 0.016 0.019 0.111 0.378 0.236 0.011 0.015 0.005 0.026 0.006 0.288 0.047 0.103 0.238 0.184 0.099 0.057 0.023 0.094 0.033 0.12 0.057 0.014 0.017 0.123 0.261 0.012 0.251 0.199 0.007 0.161 0 0.023 0.033 0 0.095 0.043 0.028 0.008 0.009 0.11 0.117 0.037 0.007 0.015 0.138 0.002 0.008 0.008 0.008 0.065
0.571 0.66 0.68 0.303 0.494 0.191 0.112 0.332 0.268 0.391 0.122 0.015 0.072 0.788 0.786 0.196 0.416 0.074 0.027 0.954 0.204 0.072 0.117 0.225 1 0.611 0.494 0.02 0.03 0.168 0.07 0.049 0.531 0.391 0.287 0 0.072 0.152 0.074 0.096 0.263 0.018 0.016 0.073 0.037 0.001 0.012 0.065 0.002 0.022 0.028 0.08 0.062 0.006 0.005 0.08 0.028 0.077 0.045 0.054 0.016 0.003 0.01 0.013 0.005 0.002 0.01 0.003 0.008 0.015 0.01 0.007 0.011 0.002 0.013 0.01 0 0.009 0.037 0.057 0.016
0.353 0.395 0.421 0.196 0.754 0.024 0.015 0.527 0.426 0.247 0.193 0.01 0.008 0.485 0.477 0.025 0.612 0.117 0.017 0.589 0.026 0.046 0.074 0.142 0.611 1 0.31 0.012 0.019 0.027 0.008 0.01 0.837 0.253 0.194 0.006 0.01 0.313 0.016 0.216 0.177 0.011 0.06 0.049 0.016 0.007 0.007 0.004 0.008 0.1 0.039 0.055 0.004 0.004 0.012 0.053 0.008 0.051 0.021 0.002 0.007 0.011 0.007 0.008 0.003 0.007 0.006 0.001 0.005 0.005 0.003 0.012 0.007 0.006 0.008 0.003 0 0.007 0.059 0.002 0.01
0.36 0.3 0.325 0.617 0.228 0.094 0.054 0.165 0.133 0.726 0.061 0.031 0.036 0.358 0.357 0.096 0.208 0.037 0.054 0.46 0.1 0.123 0.21 0.392 0.494 0.31 1 0.039 0.061 0.076 0.035 0.02 0.273 0.818 0.626 0.02 0.034 0.046 0.03 0.032 0.558 0.033 0.15 0.149 0.103 0.043 0.01 0.026 0.046 0 0.256 0.199 0.03 0.012 0.058 0.163 0.008 0.157 0.103 0.022 0.076 0 0.02 0.022 0.001 0.044 0.019 0.01 0.016 0.004 0.039 0.061 0.019 0.016 0.034 0.064 0 0.001 0.018 0.023 0.032
0.018 0.021 0.022 0.002 0.012 0.004 0.002 0.007 0.005 0.004 0.002 0.002 0.001 0.021 0.006 0.004 0.008 0.001 0.003 0.02 0.004 0.008 0.012 0.024 0.02 0.012 0.039 1 0.003 0.004 0.001 0.002 0.013 0.038 0.046 0 0.002 0.012 0.003 0.011 0.004 0.002 0.048 0.008 0.009 0.013 0.001 0.002 0.01 0.014 0.01 0.002 0.001 0.001 0.011 0.006 0.002 0.006 0.008 0.002 0.009 0.002 0.001 0.001 0.001 0.01 0.001 0.001 0.143 0.001 0.003 0.011 0.001 0 0.001 0.008 0 0.001 0.001 0.002 0.002
0.04 0.032 0.034 0.054 0.015 0.006 0.004 0.01 0.008 0.038 0.004 0.003 0.002 0.023 0.024 0.006 0.013 0.002 0.893 0.029 0.007 0.415 0.019 0.135 0.03 0.019 0.061 0.003 1 0.007 0.002 0.003 0.02 0.06 0.07 0.002 0.003 0.019 0.004 0.017 0.082 0.003 0.018 0.385 0.354 0.245 0.002 0.004 0.239 0.079 0.045 0.015 0.002 0.001 0.231 0.337 0.003 0.309 0.293 0.002 0.27 0.003 0.002 0.002 0.001 0.131 0.002 0.033 0.001 0.002 0.628 0.232 0.001 0.002 0.002 0.277 0.001 0.002 0.001 0.003 0.002
0.125 0.157 0.15 0.051 0.026 0.854 0.507 0.015 0.012 0.072 0.005 0.004 0.315 0.153 0.145 0.871 0.018 0.003 0.006 0.155 0.806 0.016 0.027 0.051 0.168 0.027 0.076 0.004 0.007 1 0.308 0.248 0.027 0.104 0.072 0.008 0.341 0.026 0.555 0.009 0.067 0.004 0.011 0.014 0.017 0.015 0.003 0.199 0.014 0.041 0.001 0.036 0.246 0.001 0.013 0.016 0.308 0.015 0.02 0.191 0.007 0.148 0.001 0.003 0.038 0.013 0.002 0.002 0.002 0.218 0.007 0.008 0.003 0.001 0.003 0.007 0.001 0.21 0.002 0.201 0.004
0.053 0.065 0.063 0.03 0.008 0.338 0.553 0.004 0.004 0.034 0.002 0.001 0.001 0.063 0.06 0.334 0.005 0.001 0.002 0.067 0.319 0.005 0.008 0.016 0.07 0.008 0.035 0.001 0.002 0.308 1 0.826 0.008 0.025 0.02 0.001 0.226 0.008 0.432 0.007 0.016 0.001 0.008 0.004 0.006 0.014 0.001 0.115 0.013 0.018 0.019 0.008 0.144 0 0.013 0.005 0.173 0.004 0.006 0.114 0 0.069 0 0.001 0.048 0.014 0.001 0.001 0.001 0.115 0.003 0.008 0.001 0.001 0.001 0 0 0.077 0.001 0.131 0.001
0.035 0.045 0.043 0.016 0.01 0.272 0.452 0.005 0.004 0.019 0.002 0.001 0.001 0.076 0.073 0.269 0.007 0.001 0.002 0.046 0.257 0.006 0.01 0.019 0.049 0.01 0.02 0.002 0.003 0.248 0.826 1 0.01 0.013 0.026 0.001 0.184 0 0.352 0 0.021 0.002 0.009 0.005 0.007 0.008 0.001 0.092 0.008 0.021 0.008 0.01 0.117 0.001 0.007 0.006 0.14 0.006 0.007 0.091 0.001 0.054 0 0.001 0.038 0.008 0.001 0.001 0.001 0.093 0.004 0.004 0.001 0.001 0.001 0.001 0 0.062 0.001 0.105 0.001
0.299 0.337 0.361 0.164 0.627 0.025 0.015 0.496 0.398 0.19 0.189 0.008 0.009 0.386 0.409 0.025 0.578 0.115 0.018 0.512 0.015 0.044 0.05 0.111 0.531 0.837 0.273 0.013 0.02 0.027 0.008 0.01 1 0.278 0.232 0.006 0.01 0.379 0.016 0.274 0.212 0.012 0.061 0.047 0.015 0.007 0.008 0.004 0.007 0.115 0.051 0.057 0.005 0.004 0.012 0.051 0.009 0.049 0.02 0.007 0.007 0.011 0.007 0.008 0.004 0.008 0.006 0.001 0.005 0.006 0.002 0.012 0.007 0.006 0.008 0.004 0 0.007 0.057 0.007 0.01
0.305 0.247 0.271 0.55 0.185 0.092 0.052 0.157 0.125 0.656 0.062 0.027 0.037 0.306 0.29 0.094 0.199 0.037 0.053 0.371 0.079 0.136 0.184 0.378 0.391 0.253 0.818 0.038 0.06 0.104 0.025 0.013 0.278 1 0.775 0.02 0.043 0.071 0.068 0.071 0.7 0.036 0.153 0.147 0.101 0.025 0.025 0.063 0.027 0 0.282 0.26 0.031 0.012 0.036 0.161 0.039 0.155 0.101 0.016 0.074 0.007 0.02 0.021 0.001 0.025 0.019 0.01 0.015 0.031 0.039 0.039 0.019 0.017 0.035 0.063 0.006 0.028 0.018 0.015 0.032
0.207 0.159 0.178 0.384 0.147 0.055 0.025 0.118 0.092 0.477 0.041 0.033 0.031 0.258 0.257 0.057 0.153 0.031 0.063 0.261 0.046 0.162 0.064 0.236 0.287 0.194 0.626 0.046 0.07 0.072 0.02 0.026 0.232 0.775 1 0.017 0.026 0.229 0.046 0.238 0.86 0.043 0.11 0.176 0.138 0.046 0.014 0.054 0.05 0.002 0.386 0.23 0.016 0.015 0.062 0.193 0.037 0.18 0.135 0.006 0.103 0.004 0.024 0.021 0 0.045 0.022 0.013 0.018 0.022 0.047 0.063 0.018 0.013 0.029 0.089 0.009 0.023 0.007 0.005 0.033
0.001 0 0 0.021 0.006 0.01 0.001 0.003 0.003 0.023 0.001 0.001 0.041 0 0 0.01 0.004 0.001 0.001 0 0.009 0.004 0.005 0.011 0 0.006 0.02 0 0.002 0.008 0.001 0.001 0.006 0.02 0.017 1 0.001 0.006 0.001 0.005 0.018 0.001 0.083 0.004 0.004 0.006 0.001 0.001 0.006 0.012 0.033 0.009 0 0 0.006 0.004 0.001 0.004 0.005 0 0.006 0.001 0.001 0.001 0 0.006 0 0 0 0.001 0.002 0.006 0.001 0.613 0.001 0.005 0 0.001 0 0.001 0.001
0.054 0.067 0.064 0.02 0.01 0.336 0.553 0.005 0.004 0.033 0.002 0 0.001 0.067 0.07 0.357 0.007 0.001 0.002 0.062 0.317 0.003 0.01 0.015 0.072 0.01 0.034 0.002 0.003 0.341 0.226 0.184 0.01 0.043 0.026 0.001 1 0.01 0.624 0.009 0.032 0.002 0.009 0.007 0.007 0.008 0.001 0.096 0.007 0.008 0.024 0.017 0.432 0.001 0.007 0.007 0.146 0.007 0.009 0.345 0.004 0.083 0.001 0.001 0.013 0.007 0.001 0.001 0.001 0.14 0.001 0.006 0.001 0.001 0.001 0.003 0 0.12 0.001 0.338 0.001
0.082 0.091 0.106 0.02 0.236 0.024 0.015 0.357 0.263 0.03 0.102 0.009 0.008 0.155 0.168 0.024 0.438 0.009 0.017 0.143 0.025 0.045 0.007 0.005 0.152 0.313 0.046 0.012 0.019 0.026 0.008 0 0.379 0.071 0.229 0.006 0.01 1 0.016 0.758 0.198 0.004 0.065 0.046 0.05 0.028 0.073 0.005 0.03 0.2 0.213 0.028 0.008 0.004 0.032 0.051 0.007 0.045 0.053 0.009 0.021 0.011 0.007 0.005 0.003 0.026 0.006 0.001 0.005 0.007 0.002 0.034 0.004 0.006 0.008 0.018 0.025 0.006 0.003 0.01 0.007
0.053 0.068 0.065 0.017 0.015 0.397 0.661 0.009 0.007 0.028 0.003 0 0.002 0.068 0.069 0.415 0.01 0.002 0.004 0.065 0.374 0.006 0.016 0.026 0.074 0.016 0.03 0.003 0.004 0.555 0.432 0.352 0.016 0.068 0.046 0.001 0.624 0.016 1 0.002 0.048 0.003 0.015 0.009 0.011 0.049 0.002 0.346 0.048 0.019 0.037 0.027 0.271 0.001 0.045 0.01 0.513 0.01 0.012 0.213 0.002 0.262 0.001 0.002 0.063 0.046 0.001 0.001 0.001 0.391 0.003 0.035 0.002 0.001 0.002 0.002 0.001 0.355 0.001 0.209 0.002
0.061 0.068 0.062 0.012 0.152 0.022 0.013 0.357 0.255 0.02 0.082 0.008 0.008 0.101 0.113 0.022 0.299 0.008 0.015 0.09 0.023 0.041 0.004 0.006 0.096 0.216 0.032 0.011 0.017 0.009 0.007 0 0.274 0.071 0.238 0.005 0.009 0.758 0.002 1 0.208 0.011 0.061 0.042 0.045 0.046 0.082 0.001 0.048 0.17 0.263 0.027 0.007 0.003 0.05 0.046 0 0.04 0.051 0.009 0.055 0 0.006 0.004 0.003 0.043 0.006 0.006 0.004 0.001 0.024 0.046 0.003 0.006 0.007 0.052 0.028 0.001 0.003 0.009 0.006
0.181 0.14 0.157 0.457 0.123 0.052 0.025 0.112 0.089 0.564 0.045 0.038 0.027 0.233 0.258 0.054 0.144 0.027 0.073 0.237 0.043 0.188 0.083 0.288 0.263 0.177 0.558 0.004 0.082 0.067 0.016 0.021 0.212 0.7 0.86 0.018 0.032 0.198 0.048 0.208 1 0.052 0.199 0.207 0.151 0.059 0.011 0.047 0.063 0 0.461 0.269 0.022 0.017 0.077 0.226 0.033 0.211 0.154 0.009 0.121 0.003 0.03 0.025 0 0.057 0.026 0.015 0.01 0.019 0.058 0.078 0.021 0.014 0.025 0.103 0.008 0.021 0.014 0.008 0.038
0.022 0.019 0.02 0.041 0.01 0.004 0.002 0.007 0.005 0.037 0.002 0.002 0.001 0.02 0.021 0.004 0.008 0.001 0.003 0.017 0.004 0.008 0.107 0.047 0.018 0.011 0.033 0.002 0.003 0.004 0.001 0.002 0.012 0.036 0.043 0.001 0.002 0.004 0.003 0.011 0.052 1 0.004 0.008 0.009 0.013 0.001 0.002 0.013 0.011 0.024 0.033 0.001 0 0.008 0.004 0.002 0.004 0.005 0.002 0.011 0.001 0.001 0.001 0.001 0.007 0.001 0.001 0.001 0.001 0.005 0.013 0.001 0.001 0.001 0.006 0 0.001 0.001 0.002 0.002
0.006 0.027 0.023 0.211 0.052 0.015 0.014 0.029 0.022 0.24 0.007 0.009 0.123 0.018 0.014 0.015 0.026 0.008 0.016 0.018 0.013 0.043 0.046 0.103 0.016 0.06 0.15 0.048 0.018 0.011 0.008 0.009 0.061 0.153 0.11 0.083 0.009 0.065 0.015 0.061 0.199 0.004 1 0.046 0.042 0.063 0.008 0.014 0.065 0.102 0.344 0.088 0 0.004 0.067 0.05 0.01 0.048 0.052 0.001 0.057 0.004 0.006 0.007 0.003 0.063 0.005 0.006 0.005 0.007 0.028 0.067 0.007 0.075 0.116 0.053 0.003 0.006 0 0.001 0.009
0.009 0.003 0.004 0.037 0.016 0.013 0.007 0.023 0.019 0.12 0.01 0.136 0.006 0.038 0.066 0.013 0.032 0.005 0.346 0.064 0.013 0.773 0.043 0.238 0.073 0.049 0.149 0.008 0.385 0.014 0.004 0.005 0.047 0.147 0.176 0.004 0.007 0.046 0.009 0.042 0.207 0.008 0.046 1 0.853 0.637 0.006 0.01 0.623 0.198 0.116 0.031 0.005 0.054 0.601 0.899 0.007 0.842 0.762 0.006 0.699 0.007 0.141 0.096 0.007 0.48 0.123 0.09 0.003 0.003 0.282 0.587 0.103 0.004 0.005 0.618 0.002 0.004 0.003 0.007 0.158
0.001 0 0 0.02 0.003 0.015 0.009 0.001 0 0.08 0.001 0.096 0.006 0.017 0.036 0.015 0.005 0.006 0.319 0.031 0.016 0.656 0.047 0.184 0.037 0.016 0.103 0.009 0.354 0.017 0.006 0.007 0.015 0.101 0.138 0.004 0.007 0.05 0.011 0.045 0.151 0.009 0.042 0.853 1 0.692 0.006 0.011 0.676 0.228 0.126 0.037 0.006 0.032 0.624 0.763 0.006 0.726 0.827 0.007 0.719 0.008 0.108 0.088 0.002 0.531 0.092 0.083 0.004 0.003 0.246 0.637 0.076 0.005 0.006 0.687 0.002 0.005 0.074 0.007 0.125
0.007 0.01 0.016 0.003 0 0.004 0.021 0.006 0.003 0.032 0 0.091 0.009 0 0.001 0.005 0 0.009 0.22 0.001 0.003 0.5 0.069 0.099 0.001 0.007 0.043 0.013 0.245 0.015 0.014 0.008 0.007 0.025 0.046 0.006 0.008 0.028 0.049 0.046 0.059 0.013 0.063 0.637 0.692 1 0.009 0.192 0.977 0.204 0.183 0.07 0.008 0.033 0.913 0.563 0.121 0.526 0.619 0.01 0.75 0.047 0.09 0.058 0.045 0.813 0.078 0.08 0.005 0.085 0.286 0.868 0.064 0.007 0.008 0.712 0.003 0.083 0.053 0.01 0.098
0.002 0.002 0.002 0.012 0.007 0.003 0.001 0.003 0.003 0.026 0.002 0.001 0.001 0.012 0.005 0.003 0.004 0.001 0.002 0.012 0.003 0 0.067 0.057 0.012 0.007 0.01 0.001 0.002 0.003 0.001 0.001 0.008 0.025 0.014 0.001 0.001 0.073 0.002 0.082 0.011 0.001 0.008 0.006 0.006 0.009 1 0.001 0.009 0.012 0.024 0.043 0.001 0 0.009 0.006 0.001 0.006 0.008 0.001 0.008 0.001 0.001 0.001 0 0.008 0.001 0.001 0.001 0.001 0.004 0.009 0.001 0.001 0.001 0.008 0 0.001 0 0.001 0.001
0.044 0.031 0.054 0.018 0.004 0.099 0.178 0.008 0.007 0.022 0.003 0 0.002 0.062 0.063 0.109 0.013 0.002 0.003 0.056 0.093 0.006 0.014 0.023 0.065 0.004 0.026 0.002 0.004 0.199 0.115 0.092 0.004 0.063 0.054 0.001 0.096 0.005 0.346 0.001 0.047 0.002 0.014 0.01 0.011 0.192 0.001 1 0.188 0.001 0.035 0.026 0.002 0.001 0.181 0.011 0.61 0.01 0.009 0.002 0.025 0.317 0.001 0.002 0.073 0.182 0.001 0.003 0.001 0.413 0.026 0.135 0.001 0.001 0.002 0.027 0.001 0.435 0.001 0.002 0.002
0.006 0.009 0.014 0.004 0 0.003 0.02 0.007 0.003 0.035 0 0.112 0.009 0 0.002 0.004 0 0.009 0.215 0.002 0.002 0.488 0.071 0.094 0.002 0.008 0.046 0.01 0.239 0.014 0.013 0.008 0.007 0.027 0.05 0.006 0.007 0.03 0.048 0.048 0.063 0.013 0.065 0.623 0.676 0.977 0.009 0.188 1 0.2 0.187 0.065 0.008 0.048 0.905 0.561 0.118 0.524 0.615 0.01 0.745 0.046 0.088 0.078 0.044 0.806 0.076 0.078 0.005 0.083 0.29 0.86 0.062 0.007 0.009 0.708 0.003 0.082 0.052 0.011 0.096
0.043 0.045 0.051 0 0.094 0.041 0.021 0.162 0.118 0.004 0.053 0.036 0.018 0.032 0.022 0.038 0.19 0.018 0.089 0.025 0.043 0.164 0.028 0.033 0.022 0.1 0 0.014 0.079 0.041 0.018 0.021 0.115 0 0.002 0.012 0.008 0.2 0.019 0.17 0 0.011 0.102 0.198 0.228 0.204 0.012 0.001 0.2 1 0.009 0.055 0.016 0.014 0.201 0.195 0.008 0.199 0.211 0.02 0.226 0.005 0.031 0.024 0 0.198 0.032 0.019 0.001 0.002 0.103 0.186 0.023 0.013 0.003 0.225 0.01 0.004 0.023 0.021 0.04
0.032 0.013 0.013 0.261 0.025 0 0.035 0.129 0.092 0.29 0.033 0.023 0.047 0.026 0.037 0 0.106 0.017 0.04 0.024 0.001 0.088 0.031 0.12 0.028 0.039 0.256 0.01 0.045 0.001 0.019 0.008 0.051 0.282 0.386 0.033 0.024 0.213 0.037 0.263 0.461 0.024 0.344 0.116 0.126 0.183 0.024 0.035 0.187 0.009 1 0.141 0.005 0.009 0.194 0.127 0.024 0.122 0.153 0.009 0.166 0.026 0.016 0.019 0.008 0.183 0.014 0.015 0.012 0.017 0.071 0.192 0.017 0.028 0.046 0.157 0.015 0.015 0.01 0.01 0.024
0.096 0.067 0.076 0.218 0.047 0.027 0.012 0.043 0.036 0.242 0.025 0.004 0.015 0.095 0.074 0.029 0.045 0.001 0.013 0.079 0.02 0.013 0.185 0.057 0.08 0.055 0.199 0.002 0.015 0.036 0.008 0.01 0.057 0.26 0.23 0.009 0.017 0.028 0.027 0.027 0.269 0.033 0.088 0.031 0.037 0.07 0.043 0.026 0.065 0.055 0.141 1 0.013 0.002 0.077 0.037 0.018 0.034 0.052 0.003 0.056 0 0.001 0.002 0.006 0.083 0.011 0.003 0.018 0.012 0.028 0.07 0.007 0.009 0.014 0.067 0.004 0.011 0.007 0.003 0.012
0.047 0.057 0.055 0.018 0.005 0.273 0.289 0.004 0.003 0.03 0.001 0.001 0.02 0.056 0.054 0.27 0.005 0 0.002 0.06 0.257 0.005 0.007 0.014 0.062 0.004 0.03 0.001 0.002 0.246 0.144 0.117 0.005 0.031 0.016 0 0.432 0.008 0.271 0.007 0.022 0.001 0 0.005 0.006 0.008 0.001 0.002 0.008 0.016 0.005 0.013 1 0 0.009 0.006 0.001 0.005 0.007 0.806 0.007 0.001 0.001 0.001 0 0.008 0.001 0.001 0.001 0.001 0.003 0.009 0.001 0 0.001 0.007 0 0.001 0 0.782 0.001
0.008 0.007 0.007 0.014 0.004 0.001 0.001 0.002 0.002 0.013 0.001 0.371 0 0.007 0.007 0.001 0.003 0 0.001 0.006 0.001 0.058 0.004 0.017 0.006 0.004 0.012 0.001 0.001 0.001 0 0.001 0.004 0.012 0.015 0 0.001 0.004 0.001 0.003 0.017 0 0.004 0.054 0.032 0.033 0 0.001 0.048 0.014 0.009 0.002 0 1 0.031 0.049 0.001 0.051 0.04 0.001 0.037 0.001 0.001 0.359 0 0.033 0.45 0 0 0 0.002 0.031 0.031 0 0 0.032 0 0 0 0.001 0.267
0.004 0.005 0.009 0.009 0.002 0.003 0.019 0.012 0.006 0.045 0 0.086 0.009 0 0.004 0.003 0.001 0.009 0.208 0.003 0.002 0.47 0.041 0.123 0.005 0.012 0.058 0.011 0.231 0.013 0.013 0.007 0.012 0.036 0.062 0.006 0.007 0.032 0.045 0.05 0.077 0.008 0.067 0.601 0.624 0.913 0.009 0.181 0.905 0.201 0.194 0.077 0.009 0.031 1 0.656 0.114 0.619 0.678 0.011 0.787 0.044 0.085 0.055 0.042 0.87 0.074 0.075 0.005 0.08 0.353 0.9 0.06 0.007 0.009 0.749 0.003 0.079 0.03 0.011 0.105
0.01 0.006 0.007 0.048 0.019 0.014 0.007 0.026 0.021 0.134 0.01 0.123 0.006 0.045 0.074 0.014 0.035 0.006 0.302 0.064 0.014 0.691 0.02 0.261 0.08 0.053 0.163 0.006 0.337 0.016 0.005 0.006 0.051 0.161 0.193 0.004 0.007 0.051 0.01 0.046 0.226 0.004 0.05 0.899 0.763 0.563 0.006 0.011 0.561 0.195 0.127 0.037 0.006 0.049 0.656 1 0.008 0.927 0.832 0.007 0.738 0.008 0.13 0.088 0.006 0.535 0.113 0.082 0.004 0.003 0.337 0.62 0.094 0.005 0.006 0.657 0.002 0.005 0.003 0.007 0.163
0.018 0.025 0.024 0.006 0.008 0.158 0.269 0.004 0.003 0.008 0.001 0 0.001 0.026 0.028 0.173 0.005 0.001 0.002 0.022 0.149 0.003 0.007 0.012 0.028 0.008 0.008 0.002 0.003 0.308 0.173 0.14 0.009 0.039 0.037 0.001 0.146 0.007 0.513 0 0.033 0.002 0.01 0.007 0.006 0.121 0.001 0.61 0.118 0.008 0.024 0.018 0.001 0.001 0.114 0.008 1 0.004 0.004 0.001 0.001 0.467 0.001 0 0.108 0.123 0.001 0.001 0.001 0.599 0.001 0.102 0 0.001 0.001 0 0 0.629 0 0.001 0
0.008 0.005 0.006 0.053 0.018 0.013 0.007 0.025 0.02 0.145 0.01 0.102 0.006 0.045 0.074 0.014 0.034 0.006 0.326 0.065 0.014 0.643 0.016 0.251 0.077 0.051 0.157 0.006 0.309 0.015 0.004 0.006 0.049 0.155 0.18 0.004 0.007 0.045 0.01 0.04 0.211 0.004 0.048 0.842 0.726 0.526 0.006 0.01 0.524 0.199 0.122 0.034 0.005 0.051 0.619 0.927 0.004 1 0.801 0.007 0.709 0.008 0.135 0.105 0 0.553 0.117 0.046 0.003 0.003 0.29 0.596 0.112 0.004 0.006 0.628 0.002 0.005 0.003 0.007 0.185
0.003 0 0.001 0.033 0.005 0.017 0.009 0.003 0.001 0.099 0 0.101 0.007 0.023 0.044 0.018 0.006 0.007 0.264 0.035 0.018 0.584 0.025 0.199 0.045 0.021 0.103 0.008 0.293 0.02 0.006 0.007 0.02 0.101 0.135 0.005 0.009 0.053 0.012 0.051 0.154 0.005 0.052 0.762 0.827 0.619 0.008 0.009 0.615 0.211 0.153 0.052 0.007 0.04 0.678 0.832 0.004 0.801 1 0.008 0.785 0.01 0.108 0.091 0.004 0.611 0.094 0.068 0.004 0.004 0.301 0.691 0.098 0.006 0.007 0.729 0.002 0.006 0.064 0.009 0.148
0.039 0.05 0.047 0.013 0.002 0.213 0.228 0.005 0.004 0.023 0.002 0.001 0.015 0.049 0.046 0.211 0.006 0 0.002 0.052 0.2 0.006 0.002 0.007 0.054 0.002 0.022 0.002 0.002 0.191 0.114 0.091 0.007 0.016 0.006 0 0.345 0.009 0.213 0.009 0.009 0.002 0.001 0.006 0.007 0.01 0.001 0.002 0.01 0.02 0.009 0.003 0.806 0.001 0.011 0.007 0.001 0.007 0.008 1 0.009 0.001 0.001 0.001 0 0.01 0.001 0.001 0.001 0.001 0.004 0.011 0.001 0.001 0.001 0.009 0 0.001 0.001 0.926 0.001
0 0 0.002 0.013 0 0.005 0 0.009 0.004 0.059 0.001 0.093 0.008 0.004 0.015 0.005 0 0.008 0.243 0.01 0.006 0.534 0.033 0.161 0.016 0.007 0.076 0.009 0.27 0.007 0 0.001 0.007 0.074 0.103 0.006 0.004 0.021 0.002 0.055 0.121 0.011 0.057 0.699 0.719 0.75 0.008 0.025 0.745 0.226 0.166 0.056 0.007 0.037 0.787 0.738 0.001 0.709 0.785 0.009 1 0.011 0.097 0.086 0.049 0.733 0.086 0.088 0.005 0.005 0.416 0.808 0.101 0.006 0.008 0.876 0.003 0.006 0.031 0.009 0.144
0.001 0.002 0.002 0.001 0.011 0.052 0.096 0.006 0.005 0 0.002 0 0.001 0.002 0.003 0.061 0.007 0.001 0.003 0.001 0.048 0.004 0.003 0 0.003 0.011 0 0.002 0.003 0.148 0.069 0.054 0.011 0.007 0.004 0.001 0.083 0.011 0.262 0 0.003 0.001 0.004 0.007 0.008 0.047 0.001 0.317 0.046 0.005 0.026 0 0.001 0.001 0.044 0.008 0.467 0.008 0.01 0.001 0.011 1 0.001 0.001 0.001 0.047 0.001 0.001 0.001 0.554 0.005 0.036 0.001 0.001 0.001 0.01 0 0.582 0.001 0.001 0.002
0.023 0.029 0.028 0.01 0.005 0.001 0 0.003 0.003 0.018 0.001 0 0.001 0.011 0.009 0.001 0.005 0.001 0.002 0.01 0.001 0.087 0.007 0.023 0.01 0.007 0.02 0.001 0.002 0.001 0 0 0.007 0.02 0.024 0.001 0.001 0.007 0.001 0.006 0.03 0.001 0.006 0.141 0.108 0.09 0.001 0.001 0.088 0.031 0.016 0.001 0.001 0.001 0.085 0.13 0.001 0.135 0.108 0.001 0.097 0.001 1 0 0 0.083 0 0.014 0 0.001 0 0.076 0 0.001 0.001 0.036 0 0.001 0 0.001 0
0.012 0.01 0.01 0.021 0.005 0.002 0.001 0.002 0.002 0.018 0.002 0.492 0.001 0.013 0.014 0.003 0.005 0.001 0.001 0.013 0.003 0.087 0.002 0.033 0.013 0.008 0.022 0.001 0.002 0.003 0.001 0.001 0.008 0.021 0.021 0.001 0.001 0.005 0.002 0.004 0.025 0.001 0.007 0.096 0.088 0.058 0.001 0.002 0.078 0.024 0.019 0.002 0.001 0.359 0.055 0.088 0 0.105 0.091 0.001 0.086 0.001 0 1 0 0.077 0.526 0.089 0.001 0.001 0.003 0.071 0.262 0.001 0.001 0.075 0 0.001 0 0.001 0.495
0.003 0.004 0.004 0 0.003 0.043 0.074 0.002 0.002 0.001 0.001 0.037 0 0.007 0.007 0.042 0.002 0 0.001 0.009 0.04 0.005 0.003 0 0.005 0.003 0.001 0.001 0.001 0.038 0.048 0.038 0.004 0.001 0 0 0.013 0.003 0.063 0.003 0 0.001 0.003 0.007 0.002 0.045 0 0.073 0.044 0 0.008 0.006 0 0 0.042 0.006 0.108 0 0.004 0 0.049 0.001 0 0 1 0.042 0 0 0 0 0.009 0.037 0 0 0 0.052 0 0 0 0 0
0.008 0.009 0.014 0.007 0 0.003 0.019 0.007 0.003 0.042 0 0.085 0.009 0 0.002 0.003 0 0.009 0.145 0.001 0.002 0.368 0.034 0.095 0.002 0.007 0.044 0.01 0.131 0.013 0.014 0.008 0.008 0.025 0.045 0.006 0.007 0.026 0.046 0.043 0.057 0.007 0.063 0.48 0.531 0.813 0.008 0.182 0.806 0.198 0.183 0.083 0.008 0.033 0.87 0.535 0.123 0.553 0.611 0.01 0.733 0.047 0.083 0.077 0.042 1 0.078 0.046 0.005 0.085 0.246 0.855 0.091 0.007 0.008 0.696 0.003 0.083 0.056 0.01 0.131
0.013 0.011 0.011 0.022 0.006 0.002 0.001 0.003 0.003 0.02 0.001 0.552 0.001 0.011 0.011 0.002 0.004 0.001 0.001 0.01 0.002 0.133 0.006 0.043 0.01 0.006 0.019 0.001 0.002 0.002 0.001 0.001 0.006 0.019 0.022 0 0.001 0.006 0.001 0.006 0.026 0.001 0.005 0.123 0.092 0.078 0.001 0.001 0.076 0.032 0.014 0.011 0.001 0.45 0.074 0.113 0.001 0.117 0.094 0.001 0.086 0.001 0 0.526 0 0.078 1 0.116 0 0.001 0.003 0.072 0.259 0.001 0.001 0.083 0 0.001 0 0.001 0.591
0.001 0.003 0 0 0.001 0.002 0.001 0.003 0.003 0.002 0.001 0.067 0.001 0.004 0.004 0.002 0 0.001 0.005 0.004 0.002 0.096 0.006 0.028 0.003 0.001 0.01 0.001 0.033 0.002 0.001 0.001 0.001 0.01 0.013 0 0.001 0.001 0.001 0.006 0.015 0.001 0.006 0.09 0.083 0.08 0.001 0.003 0.078 0.019 0.015 0.003 0.001 0 0.075 0.082 0.001 0.046 0.068 0.001 0.088 0.001 0.014 0.089 0 0.046 0.116 1 0 0.001 0.039 0.053 0.073 0.001 0.001 0.062 0 0.001 0 0.001 0.067
0.009 0.008 0.008 0.017 0.005 0.002 0.001 0.003 0.002 0.016 0.001 0.001 0.001 0.008 0.007 0.002 0.003 0.001 0.001 0.008 0.002 0.003 0.004 0.008 0.008 0.005 0.016 0.143 0.001 0.002 0.001 0.001 0.005 0.015 0.018 0 0.001 0.005 0.001 0.004 0.01 0.001 0.005 0.003 0.004 0.005 0.001 0.001 0.005 0.001 0.012 0.018 0.001 0 0.005 0.004 0.001 0.003 0.004 0.001 0.005 0.001 0 0.001 0 0.005 0 0 1 0 0.002 0.005 0 0 0.001 0.004 0 0 0 0.001 0.001
0.008 0.011 0.011 0.001 0.007 0.086 0.148 0.004 0.003 0.003 0.001 0 0.001 0.014 0.017 0.1 0.005 0.001 0.002 0.011 0.08 0.001 0.007 0.009 0.015 0.005 0.004 0.001 0.002 0.218 0.115 0.093 0.006 0.031 0.022 0.001 0.14 0.007 0.391 0.001 0.019 0.001 0.007 0.003 0.003 0.085 0.001 0.413 0.083 0.002 0.017 0.012 0.001 0 0.08 0.003 0.599 0.003 0.004 0.001 0.005 0.554 0.001 0.001 0 0.085 0.001 0.001 0 1 0.001 0.067 0.001 0.001 0.001 0.004 0 0.718 0 0.001 0.001
0.013 0.021 0.011 0.034 0.002 0.006 0.003 0.016 0.013 0.027 0.006 0 0.003 0.005 0.007 0.006 0 0.004 0.565 0.005 0.007 0.293 0.009 0.11 0.01 0.003 0.039 0.003 0.628 0.007 0.003 0.004 0.002 0.039 0.047 0.002 0.001 0.002 0.003 0.024 0.058 0.005 0.028 0.282 0.246 0.286 0.004 0.026 0.29 0.103 0.071 0.028 0.003 0.002 0.353 0.337 0.001 0.29 0.301 0.004 0.416 0.005 0 0.003 0.009 0.246 0.003 0.039 0.002 0.001 1 0.335 0.003 0.003 0.003 0.397 0.001 0.003 0.002 0.004 0.001
0.002 0.004 0.006 0.011 0.002 0.001 0.012 0.008 0.003 0.048 0 0.084 0.009 0.001 0.006 0.001 0.001 0.009 0.209 0.004 0 0.479 0.038 0.117 0.007 0.012 0.061 0.011 0.232 0.008 0.008 0.004 0.012 0.039 0.063 0.006 0.006 0.034 0.035 0.046 0.078 0.013 0.067 0.587 0.637 0.868 0.009 0.135 0.86 0.186 0.192 0.07 0.009 0.031 0.9 0.62 0.102 0.596 0.691 0.011 0.808 0.036 0.076 0.071 0.037 0.855 0.072 0.053 0.005 0.067 0.335 1 0.087 0.007 0.009 0.739 0.003 0.065 0.051 0.011 0.122
0.001 0 0 0.003 0.004 0.002 0.001 0.002 0.001 0.016 0.001 0.15 0.001 0.012 0.012 0.002 0.005 0.001 0.001 0.012 0.002 0.092 0.002 0.037 0.011 0.007 0.019 0.001 0.001 0.003 0.001 0.001 0.007 0.019 0.018 0.001 0.001 0.004 0.002 0.003 0.021 0.001 0.007 0.103 0.076 0.064 0.001 0.001 0.062 0.023 0.017 0.007 0.001 0.031 0.06 0.094 0 0.112 0.098 0.001 0.101 0.001 0 0.262 0 0.091 0.259 0.073 0 0.001 0.003 0.087 1 0.001 0.001 0.089 0 0.001 0 0.001 0.594
0.003 0.003 0.003 0.016 0.006 0.002 0.001 0.003 0.003 0.019 0.001 0.001 0.012 0.003 0.003 0.002 0.004 0.001 0.001 0.002 0.001 0.004 0.003 0.007 0.002 0.006 0.016 0 0.002 0.001 0.001 0.001 0.006 0.017 0.013 0.613 0.001 0.006 0.001 0.006 0.014 0.001 0.075 0.004 0.005 0.007 0.001 0.001 0.007 0.013 0.028 0.009 0 0 0.007 0.005 0.001 0.004 0.006 0.001 0.006 0.001 0.001 0.001 0 0.007 0.001 0.001 0 0.001 0.003 0.007 0.001 1 0.001 0.006 0 0.001 0 0.001 0.001
0.001 0.013 0.014 0.029 0.008 0.003 0.002 0.004 0.003 0.032 0.002 0.001 0.001 0.014 0.012 0.003 0.005 0.001 0.002 0.013 0.003 0.005 0.008 0.015 0.013 0.008 0.034 0.001 0.002 0.003 0.001 0.001 0.008 0.035 0.029 0.001 0.001 0.008 0.002 0.007 0.025 0.001 0.116 0.005 0.006 0.008 0.001 0.002 0.009 0.003 0.046 0.014 0.001 0 0.009 0.006 0.001 0.006 0.007 0.001 0.008 0.001 0.001 0.001 0 0.008 0.001 0.001 0.001 0.001 0.003 0.009 0.001 0.001 1 0.007 0 0.001 0 0.001 0.001
0 0 0.001 0.016 0 0.005 0 0.004 0.001 0.049 0 0.085 0.008 0.001 0.009 0.005 0 0.007 0.249 0.008 0.006 0.463 0.03 0.138 0.01 0.003 0.064 0.008 0.277 0.007 0 0.001 0.004 0.063 0.089 0.005 0.003 0.018 0.002 0.052 0.103 0.006 0.053 0.618 0.687 0.712 0.008 0.027 0.708 0.225 0.157 0.067 0.007 0.032 0.749 0.657 0 0.628 0.729 0.009 0.876 0.01 0.036 0.075 0.052 0.696 0.083 0.062 0.004 0.004 0.397 0.739 0.089 0.006 0.007 1 0.002 0.006 0.055 0.009 0.144
0.001 0 0 0.001 0 0.001 0.001 0.001 0.002 0 0.001 0 0 0 0 0.001 0.002 0 0.001 0 0.001 0.002 0 0.002 0 0 0 0 0.001 0.001 0 0 0 0.006 0.009 0 0 0.025 0.001 0.028 0.008 0 0.003 0.002 0.002 0.003 0 0.001 0.003 0.01 0.015 0.004 0 0 0.003 0.002 0 0.002 0.002 0 0.003 0 0 0 0 0.003 0 0 0 0 0.001 0.003 0 0 0 0.002 1 0 0 0 0
0.005 0.007 0.007 0.001 0.006 0.077 0.133 0.004 0.003 0.001 0.001 0 0.001 0.008 0.01 0.076 0.004 0.001 0.002 0.008 0.072 0.001 0.006 0.008 0.009 0.007 0.001 0.001 0.002 0.21 0.077 0.062 0.007 0.028 0.023 0.001 0.12 0.006 0.355 0.001 0.021 0.001 0.006 0.004 0.005 0.083 0.001 0.435 0.082 0.004 0.015 0.011 0.001 0 0.079 0.005 0.629 0.005 0.006 0.001 0.006 0.582 0.001 0.001 0 0.083 0.001 0.001 0 0.718 0.003 0.065 0.001 0.001 0.001 0.006 0 1 0 0.001 0.001
0.028 0.034 0.033 0.015 0.038 0.002 0.001 0.109 0.135 0.017 0.139 0.001 0.001 0.035 0.034 0.002 0.089 0.001 0.001 0.035 0.002 0.003 0.004 0.008 0.037 0.059 0.018 0.001 0.001 0.002 0.001 0.001 0.057 0.018 0.007 0 0.001 0.003 0.001 0.003 0.014 0.001 0 0.003 0.074 0.053 0 0.001 0.052 0.023 0.01 0.007 0 0 0.03 0.003 0 0.003 0.064 0.001 0.031 0.001 0 0 0 0.056 0 0 0 0 0.002 0.051 0 0 0 0.055 0 0 1 0.001 0.001
0.041 0.052 0.05 0.013 0.002 0.224 0.244 0.005 0.004 0.024 0.002 0.001 0.014 0.051 0.048 0.222 0.006 0 0.002 0.055 0.211 0.006 0.002 0.008 0.057 0.002 0.023 0.002 0.003 0.201 0.131 0.105 0.007 0.015 0.005 0.001 0.338 0.01 0.209 0.009 0.008 0.002 0.001 0.007 0.007 0.01 0.001 0.002 0.011 0.021 0.01 0.003 0.782 0.001 0.011 0.007 0.001 0.007 0.009 0.926 0.009 0.001 0.001 0.001 0 0.01 0.001 0.001 0.001 0.001 0.004 0.011 0.001 0.001 0.001 0.009 0 0.001 0.001 1 0.001
0.003 0.002 0.002 0.012 0.007 0.003 0.001 0.003 0.002 0.029 0.002 0.347 0.001 0.017 0.018 0.003 0.007 0.001 0.002 0.017 0.003 0.15 0.002 0.065 0.016 0.01 0.032 0.002 0.002 0.004 0.001 0.001 0.01 0.032 0.033 0.001 0.001 0.007 0.002 0.006 0.038 0.002 0.009 0.158 0.125 0.098 0.001 0.002 0.096 0.04 0.024 0.012 0.001 0.267 0.105 0.163 0 0.185 0.148 0.001 0.144 0.002 0 0.495 0 0.131 0.591 0.067 0.001 0.001 0.001 0.122 0.594 0.001 0.001 0.144 0 0.001 0.001 0.001 1
