1 0.764 0.763 0.39 0.345 0.181 0.129 0.247 0.215 0.269 0.135 0.022 0.045 0.452 0.451 0.177 0.215 0.054 0.026 0.495 0.174 0.003 0.134 0.122 0.506 0.278 0.281 0.004 0.027 0.145 0.049 0.053 0.234 0.221 0.13 0.003 0.038 0.038 0.042 0.029 0.113 0.019 0.003 0.003 0 0.016 0.005 0.043 0.015 0.023 0.01 0.073 0.005 0.006 0.01 0.005 0.042 0.003 0 0.005 0.001 0.006 0.048 0.006 0.01 0.003 0.012 0 0.009 0.005 0.017 0.002 0.002 0.004 0.007 0 0.002 0.005 0.022 0.001 0.001
0.764 1 0.979 0.403 0.439 0.235 0.169 0.322 0.28 0.268 0.176 0.017 0.058 0.606 0.582 0.231 0.273 0.071 0.02 0.632 0.228 0 0.118 0.095 0.663 0.363 0.299 0.022 0.021 0.193 0.064 0.069 0.314 0.236 0.14 0.003 0.054 0.057 0.06 0.05 0.111 0.015 0.025 0 0.003 0.032 0.011 0.054 0.03 0.042 0.002 0.05 0.009 0.005 0.021 0.002 0.061 0.001 0.001 0.009 0.004 0.011 0.061 0.003 0.007 0.009 0.009 0 0.007 0.009 0.014 0.008 0.001 0.009 0.011 0 0.001 0.01 0.03 0.003 0
0.763 0.979 1 0.406 0.449 0.233 0.166 0.32 0.278 0.271 0.174 0.017 0.058 0.61 0.586 0.229 0.283 0.071 0.02 0.639 0.225 0 0.115 0.093 0.671 0.372 0.309 0.023 0.021 0.191 0.063 0.067 0.32 0.244 0.146 0.003 0.053 0.061 0.059 0.049 0.116 0.015 0.024 0 0.003 0.034 0.011 0.06 0.032 0.043 0.002 0.052 0.008 0.005 0.022 0.002 0.06 0.001 0 0.009 0.004 0.011 0.061 0.004 0.007 0.01 0.01 0 0.007 0.009 0.014 0.009 0.001 0.009 0.011 0.001 0.001 0.009 0.03 0.003 0
0.39 0.403 0.406 1 0.199 0.085 0.056 0.139 0.121 0.813 0.076 0.04 0.025 0.265 0.279 0.083 0.123 0.036 0.046 0.276 0.081 0.027 0.283 0.344 0.3 0.18 0.605 0.002 0.048 0.061 0.027 0.029 0.136 0.514 0.314 0.023 0.01 0.003 0.011 0.001 0.391 0.034 0.266 0.034 0.016 0.002 0.029 0.018 0.003 0.004 0.238 0.166 0.005 0.011 0.007 0.049 0.016 0.042 0.031 0.004 0.018 0.001 0.026 0.011 0 0.014 0.022 0.001 0.017 0.001 0.042 0.015 0.009 0.022 0.03 0.027 0.001 0.001 0.01 0 0.007
0.345 0.439 0.449 0.199 1 0.015 0.011 0.593 0.516 0.233 0.31 0.009 0.004 0.46 0.44 0.015 0.57 0.145 0.01 0.48 0.015 0.026 0.064 0.116 0.503 0.783 0.249 0.011 0.011 0.016 0.004 0.004 0.664 0.202 0.145 0.003 0.007 0.191 0.01 0.163 0.121 0.007 0.036 0.022 0.001 0.005 0.006 0.004 0.006 0.065 0.038 0.036 0 0.002 0.009 0.026 0.002 0.024 0.004 0 0.005 0.006 0.001 0.002 0.005 0.01 0.005 0.002 0.004 0.006 0.017 0.008 0.004 0.005 0.005 0.008 0 0.005 0.054 0 0.005
0.181 0.235 0.233 0.085 0.015 1 0.717 0.009 0.008 0.111 0.005 0.004 0.247 0.227 0.215 0.971 0.011 0.002 0.005 0.23 0.97 0.014 0.023 0.049 0.235 0.017 0.117 0.005 0.005 0.859 0.278 0.293 0.018 0.088 0.054 0 0.265 0.019 0.313 0.018 0.039 0.003 0.003 0.012 0.013 0.029 0.003 0.27 0.028 0.025 0.013 0.014 0.038 0.001 0.023 0.014 0.239 0.013 0.017 0.027 0 0.086 0.002 0 0.065 0.004 0.002 0 0.002 0.075 0.003 0.003 0.001 0.002 0.003 0 0.001 0.08 0.002 0.018 0.001
0.129 0.169 0.166 0.056 0.011 0.717 1 0.007 0.006 0.08 0.004 0.003 0.001 0.164 0.155 0.69 0.008 0.002 0.003 0.163 0.689 0.01 0.016 0.033 0.164 0.012 0.081 0.004 0.003 0.604 0.386 0.407 0.013 0.056 0.031 0.001 0.373 0.013 0.443 0.013 0.02 0.002 0.014 0.008 0.008 0.06 0.002 0.384 0.058 0.014 0.032 0.007 0.033 0.001 0.052 0.009 0.343 0.008 0.011 0.024 0.002 0.125 0.002 0 0.095 0.016 0.002 0 0.001 0.111 0.001 0.013 0 0.002 0.002 0.001 0.001 0.116 0.001 0.016 0.001
0.247 0.322 0.32 0.139 0.593 0.009 0.007 1 0.871 0.153 0.545 0.006 0.002 0.3 0.283 0.009 0.803 0.003 0.006 0.319 0.009 0.016 0.041 0.072 0.334 0.537 0.169 0.007 0.007 0.01 0.003 0.003 0.492 0.151 0.105 0.002 0.005 0.274 0.006 0.256 0.094 0.005 0.024 0.017 0 0.001 0.004 0.006 0.001 0.141 0.088 0.037 0.002 0.002 0.003 0.02 0 0.018 0 0.003 0.001 0.004 0.003 0.001 0.003 0.002 0.003 0.002 0.002 0.004 0.013 0.002 0.002 0.003 0.003 0.004 0 0.003 0.108 0.004 0.002
0.215 0.28 0.278 0.121 0.516 0.008 0.006 0.871 1 0.133 0.622 0.005 0.002 0.259 0.244 0.008 0.715 0.003 0.005 0.276 0.008 0.013 0.036 0.061 0.289 0.464 0.145 0.006 0.005 0.009 0.002 0.002 0.423 0.128 0.088 0.002 0.004 0.221 0.005 0.204 0.08 0.004 0.02 0.014 0.002 0 0.003 0.005 0 0.117 0.068 0.034 0.002 0.001 0.001 0.016 0 0.015 0 0.002 0 0.003 0.003 0 0.003 0.001 0.003 0.001 0.002 0.003 0.01 0.001 0.001 0.003 0.003 0.002 0 0.003 0.124 0.003 0.002
0.269 0.268 0.271 0.813 0.233 0.111 0.08 0.153 0.133 1 0.083 0.036 0.028 0.331 0.347 0.11 0.136 0.04 0.042 0.342 0.107 0.114 0.258 0.477 0.369 0.213 0.708 0.004 0.037 0.084 0.03 0.032 0.154 0.6 0.383 0.025 0.019 0.006 0.02 0.003 0.468 0.031 0.287 0.112 0.064 0.027 0.03 0.021 0.029 0.015 0.267 0.171 0.013 0.01 0.041 0.131 0.019 0.123 0.093 0.011 0.059 0.002 0.012 0.009 0 0.057 0.02 0.006 0.016 0.004 0.049 0.058 0.02 0.025 0.033 0.064 0.001 0.001 0.011 0.002 0.022
0.135 0.176 0.174 0.076 0.31 0.005 0.004 0.545 0.622 0.083 1 0.003 0.001 0.171 0.162 0.005 0.49 0.002 0.003 0.182 0.005 0.011 0.022 0.043 0.191 0.305 0.097 0.004 0.004 0.006 0.002 0.002 0.292 0.093 0.064 0.001 0.003 0.139 0.003 0.12 0.06 0.003 0.012 0.012 0.002 0 0.002 0.003 0 0.07 0.041 0.026 0.001 0.001 0 0.013 0.001 0.013 0.001 0.002 0 0.002 0.002 0.002 0.002 0 0.002 0.001 0.001 0.002 0.007 0 0.003 0.002 0.002 0.002 0.001 0.002 0.115 0.002 0.003
0.022 0.017 0.017 0.04 0.009 0.004 0.003 0.006 0.005 0.036 0.003 1 0.001 0.008 0.006 0.004 0.006 0.001 0.003 0.004 0.004 0.239 0.018 0.056 0.016 0.01 0.031 0.002 0.003 0.004 0.001 0.001 0.005 0.026 0.036 0.001 0 0.011 0 0.011 0.042 0.002 0.012 0.181 0.119 0.127 0 0 0.144 0.02 0.022 0.01 0.001 0.271 0.114 0.157 0 0.099 0.123 0.001 0.124 0 0 0.196 0.055 0.106 0.36 0.038 0.001 0 0.005 0.12 0.136 0.002 0.001 0.117 0.001 0 0 0.002 0.12
0.045 0.058 0.058 0.025 0.004 0.247 0.001 0.002 0.002 0.028 0.001 0.001 1 0.057 0.054 0.252 0.003 0.001 0.001 0.06 0.251 0.004 0.007 0.014 0.063 0.004 0.032 0.001 0.001 0.228 0.001 0.001 0.004 0.031 0.023 0.003 0.001 0.005 0.001 0.005 0.02 0.001 0.087 0.004 0.004 0.006 0.001 0.001 0.006 0.01 0.006 0.009 0.005 0 0.007 0.004 0.001 0.004 0.005 0.003 0.005 0.001 0.001 0.001 0.001 0.006 0.001 0 0 0.001 0.002 0.006 0.001 0 0.001 0.005 0 0.001 0 0.002 0.001
0.452 0.606 0.61 0.265 0.46 0.227 0.164 0.3 0.259 0.331 0.171 0.008 0.057 1 0.905 0.225 0.294 0.081 0.019 0.767 0.221 0.05 0.085 0.173 0.803 0.474 0.363 0.011 0.021 0.208 0.062 0.068 0.36 0.299 0.199 0.003 0.068 0.067 0.073 0.054 0.177 0.015 0.02 0.051 0.021 0 0.006 0.074 0 0.008 0.004 0.045 0.029 0.005 0 0.06 0.073 0.062 0.028 0.027 0.009 0.02 0.008 0.007 0.013 0.002 0.008 0.002 0 0.029 0.014 0.004 0.011 0.01 0.011 0.014 0.001 0.018 0.042 0.014 0.013
0.451 0.582 0.586 0.279 0.44 0.215 0.155 0.283 0.244 0.347 0.162 0.006 0.054 0.905 1 0.213 0.277 0.077 0.021 0.725 0.211 0.048 0.091 0.179 0.76 0.45 0.336 0.011 0.022 0.196 0.059 0.065 0.342 0.281 0.184 0.004 0.074 0.061 0.078 0.05 0.164 0.016 0.022 0.052 0.022 0 0.006 0.078 0 0.006 0.003 0.037 0.027 0.005 0 0.062 0.076 0.064 0.03 0.025 0.011 0.024 0.005 0.008 0.012 0.003 0.009 0.002 0 0.034 0.016 0.004 0.012 0.004 0.011 0.015 0.001 0.022 0.039 0.012 0.014
0.177 0.231 0.229 0.083 0.015 0.971 0.69 0.009 0.008 0.11 0.005 0.004 0.252 0.225 0.213 1 0.01 0.002 0.005 0.236 0.987 0.014 0.027 0.054 0.244 0.017 0.124 0.005 0.005 0.885 0.283 0.298 0.017 0.094 0.059 0 0.279 0.018 0.327 0.018 0.043 0.003 0.003 0.012 0.013 0.031 0.003 0.283 0.03 0.024 0.013 0.017 0.038 0.001 0.026 0.014 0.251 0.013 0.017 0.028 0 0.093 0.002 0.002 0.066 0.004 0.002 0 0.002 0.082 0.002 0.002 0.003 0.002 0.002 0 0.001 0.082 0.002 0.018 0.004
0.215 0.273 0.283 0.123 0.57 0.011 0.008 0.803 0.715 0.136 0.49 0.006 0.003 0.294 0.277 0.01 1 0.004 0.007 0.372 0.01 0.022 0.046 0.087 0.39 0.596 0.199 0.008 0.008 0.011 0.003 0.003 0.546 0.176 0.124 0.002 0.005 0.315 0.007 0.274 0.111 0.005 0.021 0.023 0 0.002 0.004 0.002 0.002 0.14 0.102 0.037 0.002 0.002 0.004 0.026 0 0.024 0.001 0.003 0.001 0.004 0.003 0.004 0.003 0.003 0.003 0.001 0.003 0.004 0.01 0.003 0.005 0.004 0.004 0.004 0.002 0.004 0.096 0.004 0.006
0.054 0.071 0.071 0.036 0.145 0.002 0.002 0.003 0.003 0.04 0.002 0.001 0.001 0.081 0.077 0.002 0.004 1 0.002 0.086 0.002 0.005 0.011 0.02 0.09 0.145 0.046 0.002 0.002 0.003 0.001 0.001 0.139 0.044 0.033 0.001 0.001 0.007 0.002 0.007 0.028 0.001 0.007 0.006 0.006 0.009 0.001 0.002 0.009 0.015 0.011 0.003 0.004 0 0.01 0.006 0.002 0.006 0.008 0.003 0.008 0.001 0.001 0.001 0.001 0.009 0.001 0 0.001 0.001 0.003 0.009 0.001 0.001 0.001 0.007 0 0.001 0.001 0.001 0.001
0.026 0.02 0.02 0.046 0.01 0.005 0.003 0.006 0.005 0.042 0.003 0.003 0.001 0.019 0.021 0.005 0.007 0.002 1 0.019 0.005 0.323 0.02 0.081 0.018 0.011 0.036 0.004 0.935 0.005 0.001 0.001 0.012 0.032 0.038 0.001 0.002 0.013 0.003 0.012 0.052 0.002 0.01 0.279 0.261 0.176 0.002 0.003 0.173 0.059 0.026 0.02 0.001 0 0.158 0.234 0.003 0.236 0.204 0.001 0.195 0.002 0.001 0.001 0.002 0.113 0.002 0.001 0.001 0.002 0.463 0.169 0.002 0.002 0 0.213 0.001 0.002 0.001 0.002 0.003
0.495 0.632 0.639 0.276 0.48 0.23 0.163 0.319 0.276 0.342 0.182 0.004 0.06 0.767 0.725 0.236 0.372 0.086 0.019 1 0.238 0.042 0.112 0.195 0.95 0.591 0.44 0.022 0.02 0.197 0.067 0.071 0.462 0.348 0.229 0.003 0.054 0.087 0.061 0.073 0.187 0.014 0.021 0.041 0.011 0.001 0.013 0.062 0.001 0.021 0.009 0.071 0.031 0.005 0 0.043 0.062 0.052 0.017 0.029 0.004 0.011 0.009 0.01 0.025 0.002 0.009 0.002 0.007 0.018 0.005 0.003 0.014 0.009 0.01 0.01 0.001 0.01 0.032 0.015 0.016
0.174 0.228 0.225 0.081 0.015 0.97 0.689 0.009 0.008 0.107 0.005 0.004 0.251 0.221 0.211 0.987 0.01 0.002 0.005 0.238 1 0.014 0.027 0.053 0.243 0.017 0.123 0.005 0.005 0.873 0.283 0.298 0.017 0.092 0.057 0 0.27 0.018 0.318 0.018 0.042 0.003 0.003 0.012 0.013 0.03 0.003 0.275 0.029 0.025 0.013 0.016 0.038 0.001 0.024 0.014 0.244 0.013 0.017 0.028 0 0.087 0.002 0.002 0.066 0.003 0.002 0 0.002 0.077 0.002 0.002 0.003 0.002 0.002 0 0.001 0.081 0.002 0.018 0.004
0.003 0 0 0.027 0.026 0.014 0.01 0.016 0.013 0.114 0.011 0.239 0.004 0.05 0.048 0.014 0.022 0.005 0.323 0.042 0.014 1 0.061 0.248 0.057 0.035 0.106 0.011 0.328 0.016 0.004 0.004 0.031 0.086 0.115 0.003 0 0.04 0 0.039 0.139 0.007 0.034 0.752 0.601 0.53 0.002 0 0.52 0.139 0.077 0.031 0.003 0.061 0.476 0.644 0.001 0.561 0.538 0.004 0.482 0.001 0.111 0.041 0.008 0.423 0.157 0.04 0.004 0.001 0.257 0.509 0.112 0.005 0.002 0.459 0.003 0.001 0 0.006 0.116
0.134 0.118 0.115 0.283 0.064 0.023 0.016 0.041 0.036 0.258 0.022 0.018 0.007 0.085 0.091 0.027 0.046 0.011 0.02 0.112 0.027 0.061 1 0.459 0.118 0.073 0.212 0.023 0.019 0.033 0.007 0.009 0.04 0.195 0.035 0.007 0.015 0.04 0.02 0.038 0.055 0.096 0.076 0.045 0.049 0.081 0.077 0.02 0.082 0.006 0.017 0.137 0.001 0.005 0.041 0.014 0.014 0.008 0.016 0 0.025 0.01 0.008 0.001 0.01 0.024 0.01 0.005 0.001 0.012 0.003 0.033 0.005 0.003 0.011 0.018 0.001 0.011 0.003 0.005 0.001
0.122 0.095 0.093 0.344 0.116 0.049 0.033 0.072 0.061 0.477 0.043 0.056 0.014 0.173 0.179 0.054 0.087 0.02 0.081 0.195 0.053 0.248 0.459 1 0.224 0.14 0.414 0.044 0.087 0.062 0.014 0.017 0.091 0.363 0.163 0.013 0.01 0.002 0.018 0.001 0.222 0.043 0.144 0.221 0.156 0.091 0.05 0.019 0.087 0.054 0.098 0.032 0.005 0.014 0.12 0.255 0.015 0.244 0.2 0.003 0.154 0.004 0.027 0.013 0 0.132 0.039 0.015 0.004 0.006 0.114 0.132 0.034 0.01 0.015 0.161 0 0.005 0.003 0 0.048
0.506 0.663 0.671 0.3 0.503 0.235 0.164 0.334 0.289 0.369 0.191 0.016 0.063 0.803 0.76 0.244 0.39 0.09 0.018 0.95 0.243 0.057 0.118 0.224 1 0.619 0.476 0.021 0.02 0.211 0.07 0.075 0.486 0.375 0.255 0.003 0.06 0.095 0.067 0.08 0.212 0.013 0.019 0.055 0.018 0 0.012 0.068 0 0.015 0.012 0.068 0.033 0.004 0 0.064 0.068 0.059 0.028 0.031 0.011 0.013 0.009 0.01 0.009 0.006 0.009 0.002 0.007 0.022 0.016 0.007 0.014 0.009 0.01 0.016 0.001 0.011 0.033 0.017 0.015
0.278 0.363 0.372 0.18 0.783 0.017 0.012 0.537 0.464 0.213 0.305 0.01 0.004 0.474 0.45 0.017 0.596 0.145 0.011 0.591 0.017 0.035 0.073 0.14 0.619 1 0.287 0.013 0.012 0.018 0.005 0.005 0.804 0.235 0.163 0.004 0.008 0.208 0.011 0.181 0.142 0.008 0.044 0.037 0.006 0.013 0.007 0.006 0.014 0.065 0.039 0.046 0.005 0.003 0.019 0.042 0.003 0.04 0.01 0.007 0.012 0.007 0.005 0.006 0.005 0.016 0.005 0.002 0.004 0.001 0.012 0.017 0.009 0.006 0.006 0.016 0 0.006 0.057 0.003 0.01
0.281 0.299 0.309 0.605 0.249 0.117 0.081 0.169 0.145 0.708 0.097 0.031 0.032 0.363 0.336 0.124 0.199 0.046 0.036 0.44 0.123 0.106 0.212 0.414 0.476 0.287 1 0.041 0.038 0.102 0.035 0.038 0.246 0.828 0.587 0.029 0.024 0.022 0.026 0.016 0.493 0.025 0.178 0.112 0.063 0.023 0.022 0.027 0.025 0.006 0.23 0.163 0.003 0.009 0.035 0.129 0.026 0.12 0.079 0.002 0.056 0.003 0.015 0.014 0.001 0.048 0.017 0.005 0.013 0.006 0.044 0.053 0.022 0.03 0.039 0.066 0.002 0.002 0.014 0 0.03
0.004 0.022 0.023 0.002 0.011 0.005 0.004 0.007 0.006 0.004 0.004 0.002 0.001 0.011 0.011 0.005 0.008 0.002 0.004 0.022 0.005 0.011 0.023 0.044 0.021 0.013 0.041 1 0.004 0.006 0.002 0.002 0.014 0.043 0.057 0.001 0.003 0.015 0.003 0.014 0.006 0.003 0.051 0.012 0.013 0.018 0 0.003 0.017 0.02 0.01 0.007 0.001 0.001 0.019 0.012 0.004 0.011 0.015 0.002 0.015 0.002 0.002 0.001 0.002 0.017 0.002 0.001 0.113 0.002 0.006 0.017 0.002 0.002 0.002 0.013 0.001 0.002 0.001 0.002 0.003
0.027 0.021 0.021 0.048 0.011 0.005 0.003 0.007 0.005 0.037 0.004 0.003 0.001 0.021 0.022 0.005 0.008 0.002 0.935 0.02 0.005 0.328 0.019 0.087 0.02 0.012 0.038 0.004 1 0.005 0.001 0.001 0.013 0.035 0.042 0.001 0.002 0.014 0.003 0.013 0.056 0.002 0.011 0.285 0.266 0.179 0.003 0.003 0.176 0.059 0.028 0.019 0.001 0 0.161 0.239 0.004 0.239 0.208 0.001 0.199 0.002 0.002 0.002 0.002 0.114 0.002 0.002 0.001 0.002 0.475 0.172 0.002 0.002 0 0.217 0.001 0.002 0.001 0.002 0.003
0.145 0.193 0.191 0.061 0.016 0.859 0.604 0.01 0.009 0.084 0.006 0.004 0.228 0.208 0.196 0.885 0.011 0.003 0.005 0.197 0.873 0.016 0.033 0.062 0.211 0.018 0.102 0.006 0.005 1 0.257 0.27 0.019 0.106 0.07 0 0.308 0.02 0.447 0.01 0.052 0.004 0.002 0.013 0.014 0.049 0.004 0.394 0.048 0.021 0.016 0.022 0.034 0.001 0.041 0.015 0.35 0.014 0.019 0.024 0.001 0.197 0.002 0.003 0.059 0.012 0.002 0 0.002 0.169 0.003 0.009 0.004 0.002 0.003 0.001 0.001 0.186 0.002 0.016 0.004
0.049 0.064 0.063 0.027 0.004 0.278 0.386 0.003 0.002 0.03 0.002 0.001 0.001 0.062 0.059 0.283 0.003 0.001 0.001 0.067 0.283 0.004 0.007 0.014 0.07 0.005 0.035 0.002 0.001 0.257 1 0.935 0.005 0.012 0.007 0 0.059 0.006 0.237 0.006 0.005 0.001 0.006 0.005 0.005 0.009 0.001 0.091 0.009 0.012 0.013 0.001 0.012 0 0.007 0.005 0.081 0.005 0.006 0.009 0.006 0.062 0.001 0.001 0.001 0.001 0.001 0 0 0.061 0.003 0 0.001 0.001 0.001 0.006 0 0.047 0.001 0.006 0.001
0.053 0.069 0.067 0.029 0.004 0.293 0.407 0.003 0.002 0.032 0.002 0.001 0.001 0.068 0.065 0.298 0.003 0.001 0.001 0.071 0.298 0.004 0.009 0.017 0.075 0.005 0.038 0.002 0.001 0.27 0.935 1 0.005 0.013 0.009 0 0.068 0.005 0.254 0.005 0.007 0.001 0.006 0.005 0.005 0.011 0.001 0.101 0.01 0.012 0.013 0.001 0.012 0 0.009 0.005 0.09 0.005 0.006 0.009 0.005 0.063 0.001 0.001 0 0.001 0.001 0 0.001 0.061 0.002 0.001 0.001 0.001 0.001 0.005 0 0.048 0.001 0.006 0.001
0.234 0.314 0.32 0.136 0.664 0.018 0.013 0.492 0.423 0.154 0.292 0.005 0.004 0.36 0.342 0.017 0.546 0.139 0.012 0.462 0.017 0.031 0.04 0.091 0.486 0.804 0.246 0.014 0.013 0.019 0.005 0.005 1 0.272 0.215 0.004 0.009 0.296 0.011 0.265 0.189 0.009 0.046 0.032 0.004 0.012 0.008 0.006 0.012 0.09 0.058 0.054 0.001 0.003 0.017 0.038 0.003 0.035 0.008 0.001 0.01 0.007 0.006 0.006 0.006 0.018 0.006 0.002 0.004 0.001 0.008 0.015 0.009 0.006 0.006 0.018 0 0.006 0.055 0.003 0.01
0.221 0.236 0.244 0.514 0.202 0.088 0.056 0.151 0.128 0.6 0.093 0.026 0.031 0.299 0.281 0.094 0.176 0.044 0.032 0.348 0.092 0.086 0.195 0.363 0.375 0.235 0.828 0.043 0.035 0.106 0.012 0.013 0.272 1 0.715 0.028 0.062 0.035 0.082 0.036 0.609 0.027 0.174 0.119 0.068 0.009 0.026 0.082 0.01 0.002 0.255 0.207 0.003 0.009 0.018 0.136 0.076 0.127 0.085 0 0.06 0.044 0.016 0.013 0.001 0.026 0.018 0.006 0.014 0.05 0.047 0.03 0.023 0.029 0.045 0.07 0.004 0.045 0.013 0.001 0.029
0.13 0.14 0.146 0.314 0.145 0.054 0.031 0.105 0.088 0.383 0.064 0.036 0.023 0.199 0.184 0.059 0.124 0.033 0.038 0.229 0.057 0.115 0.035 0.163 0.255 0.163 0.587 0.057 0.042 0.07 0.007 0.009 0.215 0.715 1 0.021 0.044 0.248 0.059 0.249 0.822 0.034 0.111 0.156 0.105 0.031 0.028 0.061 0.033 0.002 0.371 0.176 0.001 0.012 0.046 0.18 0.068 0.156 0.12 0 0.094 0.033 0.022 0.012 0 0.048 0.024 0.008 0.019 0.032 0.063 0.059 0.022 0.02 0.033 0.104 0.01 0.033 0.011 0.003 0.031
0.003 0.003 0.003 0.023 0.003 0 0.001 0.002 0.002 0.025 0.001 0.001 0.003 0.003 0.004 0 0.002 0.001 0.001 0.003 0 0.003 0.007 0.013 0.003 0.004 0.029 0.001 0.001 0 0 0 0.004 0.028 0.021 1 0.001 0.004 0.001 0.004 0.018 0.001 0.079 0.004 0.004 0.006 0.001 0.001 0.006 0.009 0.033 0.008 0 0 0.006 0.004 0.001 0.004 0.005 0 0.005 0.001 0 0.001 0.001 0.006 0.001 0 0 0.001 0.002 0.006 0.001 0.488 0.001 0.005 0 0.001 0 0.001 0.001
0.038 0.054 0.053 0.01 0.007 0.265 0.373 0.005 0.004 0.019 0.003 0 0.001 0.068 0.074 0.279 0.005 0.001 0.002 0.054 0.27 0 0.015 0.01 0.06 0.008 0.024 0.003 0.002 0.308 0.059 0.068 0.009 0.062 0.044 0.001 1 0.009 0.515 0.009 0.04 0.002 0.01 0.008 0.008 0.084 0.002 0.492 0.082 0.004 0.022 0.019 0.052 0.001 0.075 0.009 0.441 0.008 0.01 0.039 0.001 0.351 0.001 0.001 0.103 0.042 0.001 0 0.001 0.34 0 0.038 0.002 0.001 0.001 0.002 0.001 0.366 0.001 0.027 0.002
0.038 0.057 0.061 0.003 0.191 0.019 0.013 0.274 0.221 0.006 0.139 0.011 0.005 0.067 0.061 0.018 0.315 0.007 0.013 0.087 0.018 0.04 0.04 0.002 0.095 0.208 0.022 0.015 0.014 0.02 0.006 0.005 0.296 0.035 0.248 0.004 0.009 1 0.012 0.923 0.21 0.007 0.054 0.043 0.046 0.059 0.134 0.007 0.06 0.202 0.249 0.015 0.004 0.003 0.066 0.049 0.007 0.038 0.045 0.006 0.045 0.008 0.006 0.001 0.006 0.047 0.006 0.002 0.005 0.008 0.023 0.054 0.003 0.007 0.007 0.04 0.008 0.007 0.001 0.007 0.004
0.042 0.06 0.059 0.011 0.01 0.313 0.443 0.006 0.005 0.02 0.003 0 0.001 0.073 0.078 0.327 0.007 0.002 0.003 0.061 0.318 0 0.02 0.018 0.067 0.011 0.026 0.003 0.003 0.447 0.237 0.254 0.011 0.082 0.059 0.001 0.515 0.012 1 0.004 0.052 0.002 0.013 0.01 0.011 0.101 0.002 0.604 0.099 0.006 0.029 0.024 0.037 0.001 0.089 0.012 0.542 0.011 0.014 0.027 0.003 0.488 0.001 0.002 0.019 0.061 0.001 0 0.001 0.452 0.001 0.054 0.002 0.002 0.002 0.004 0.001 0.472 0.001 0.018 0.003
0.029 0.05 0.049 0.001 0.163 0.018 0.013 0.256 0.204 0.003 0.12 0.011 0.005 0.054 0.05 0.018 0.274 0.007 0.012 0.073 0.018 0.039 0.038 0.001 0.08 0.181 0.016 0.014 0.013 0.01 0.006 0.005 0.265 0.036 0.249 0.004 0.009 0.923 0.004 1 0.215 0.009 0.053 0.042 0.045 0.053 0.137 0.004 0.055 0.184 0.245 0.016 0.004 0.003 0.06 0.048 0.001 0.037 0.044 0.005 0.05 0.001 0.006 0.001 0.006 0.042 0.006 0.003 0.005 0.001 0.025 0.048 0.003 0.007 0.007 0.046 0.009 0 0.001 0.007 0.004
0.113 0.111 0.116 0.391 0.121 0.039 0.02 0.094 0.08 0.468 0.06 0.042 0.02 0.177 0.164 0.043 0.111 0.028 0.052 0.187 0.042 0.139 0.055 0.222 0.212 0.142 0.493 0.006 0.056 0.052 0.005 0.007 0.189 0.609 0.822 0.018 0.04 0.21 0.052 0.215 1 0.043 0.225 0.194 0.132 0.048 0.023 0.053 0.051 0 0.484 0.221 0 0.014 0.069 0.222 0.059 0.194 0.152 0 0.123 0.029 0.026 0.015 0 0.07 0.028 0.01 0.003 0.028 0.084 0.082 0.027 0.016 0.029 0.133 0.008 0.029 0.012 0.004 0.037
0.019 0.015 0.015 0.034 0.007 0.003 0.002 0.005 0.004 0.031 0.003 0.002 0.001 0.015 0.016 0.003 0.005 0.001 0.002 0.014 0.003 0.007 0.096 0.043 0.013 0.008 0.025 0.003 0.002 0.004 0.001 0.001 0.009 0.027 0.034 0.001 0.002 0.007 0.002 0.009 0.043 1 0.008 0 0 0 0.002 0.002 0 0 0.022 0.019 0.001 0.001 0 0.003 0.003 0.004 0.003 0.001 0 0 0.001 0.001 0.001 0.001 0.001 0.001 0.001 0.001 0.004 0 0.002 0.001 0.001 0.002 0.001 0.001 0.001 0.001 0.002
0.003 0.025 0.024 0.266 0.036 0.003 0.014 0.024 0.02 0.287 0.012 0.012 0.087 0.02 0.022 0.003 0.021 0.007 0.01 0.021 0.003 0.034 0.076 0.144 0.019 0.044 0.178 0.051 0.011 0.002 0.006 0.006 0.046 0.174 0.111 0.079 0.01 0.054 0.013 0.053 0.225 0.008 1 0.045 0.044 0.065 0.01 0.012 0.066 0.104 0.354 0.093 0.001 0.003 0.072 0.051 0.014 0.048 0.057 0.001 0.059 0.005 0.005 0.007 0.006 0.067 0.007 0.003 0.005 0.008 0.027 0.068 0.01 0.092 0.127 0.054 0.004 0.006 0.002 0.004 0.011
0.003 0 0 0.034 0.022 0.012 0.008 0.017 0.014 0.112 0.012 0.181 0.004 0.051 0.052 0.012 0.023 0.006 0.279 0.041 0.012 0.752 0.045 0.221 0.055 0.037 0.112 0.012 0.285 0.013 0.005 0.005 0.032 0.119 0.156 0.004 0.008 0.043 0.01 0.042 0.194 0 0.045 1 0.822 0.635 0.006 0.011 0.624 0.2 0.102 0.037 0.004 0.056 0.573 0.863 0.012 0.757 0.726 0.005 0.657 0.006 0.126 0.06 0.025 0.501 0.145 0.06 0.004 0.004 0.337 0.575 0.132 0.006 0.006 0.639 0.003 0.006 0 0.006 0.134
0 0.003 0.003 0.016 0.001 0.013 0.008 0 0.002 0.064 0.002 0.119 0.004 0.021 0.022 0.013 0 0.006 0.261 0.011 0.013 0.601 0.049 0.156 0.018 0.006 0.063 0.013 0.266 0.014 0.005 0.005 0.004 0.068 0.105 0.004 0.008 0.046 0.011 0.045 0.132 0 0.044 0.822 1 0.678 0.007 0.011 0.666 0.212 0.109 0.046 0.004 0.026 0.603 0.704 0.003 0.635 0.776 0.005 0.69 0.007 0.084 0.055 0.012 0.531 0.102 0.056 0.004 0.004 0.291 0.605 0.097 0.006 0.006 0.637 0.003 0.006 0.08 0.006 0.099
0.016 0.032 0.034 0.002 0.005 0.029 0.06 0.001 0 0.027 0 0.127 0.006 0 0 0.031 0.002 0.009 0.176 0.001 0.03 0.53 0.081 0.091 0 0.013 0.023 0.018 0.179 0.049 0.009 0.011 0.012 0.009 0.031 0.006 0.084 0.059 0.101 0.053 0.048 0 0.065 0.635 0.678 1 0.011 0.188 0.982 0.153 0.161 0.079 0.006 0.035 0.893 0.534 0.182 0.465 0.576 0.007 0.643 0.105 0.079 0.034 0.09 0.706 0.092 0.047 0.006 0.087 0.235 0.764 0.08 0.009 0.009 0.578 0.005 0.104 0.053 0.01 0.079
0.005 0.011 0.011 0.029 0.006 0.003 0.002 0.004 0.003 0.03 0.002 0 0.001 0.006 0.006 0.003 0.004 0.001 0.002 0.013 0.003 0.002 0.077 0.05 0.012 0.007 0.022 0 0.003 0.004 0.001 0.001 0.008 0.026 0.028 0.001 0.002 0.134 0.002 0.137 0.023 0.002 0.01 0.006 0.007 0.011 1 0.002 0.011 0.017 0.03 0.031 0.001 0 0.012 0.007 0.003 0.007 0.009 0.001 0.009 0.001 0.001 0 0.001 0.006 0 0.001 0.001 0.001 0.005 0.011 0.001 0.001 0.001 0.009 0.001 0.001 0.002 0.001 0.002
0.043 0.054 0.06 0.018 0.004 0.27 0.384 0.006 0.005 0.021 0.003 0 0.001 0.074 0.078 0.283 0.002 0.002 0.003 0.062 0.275 0 0.02 0.019 0.068 0.006 0.027 0.003 0.003 0.394 0.091 0.101 0.006 0.082 0.061 0.001 0.492 0.007 0.604 0.004 0.053 0.002 0.012 0.011 0.011 0.188 0.002 1 0.185 0.003 0.03 0.025 0.001 0.001 0.17 0.012 0.807 0.011 0.014 0.001 0.002 0.563 0.001 0.002 0.102 0.087 0.002 0 0.001 0.449 0 0.076 0.002 0.002 0.002 0.001 0.001 0.55 0.001 0.002 0.003
0.015 0.03 0.032 0.003 0.006 0.028 0.058 0.001 0 0.029 0 0.144 0.006 0 0 0.03 0.002 0.009 0.173 0.001 0.029 0.52 0.082 0.087 0 0.014 0.025 0.017 0.176 0.048 0.009 0.01 0.012 0.01 0.033 0.006 0.082 0.06 0.099 0.055 0.051 0 0.066 0.624 0.666 0.982 0.011 0.185 1 0.15 0.164 0.074 0.006 0.045 0.884 0.53 0.179 0.462 0.571 0.007 0.637 0.103 0.078 0.047 0.089 0.7 0.09 0.046 0.006 0.086 0.236 0.756 0.078 0.009 0.009 0.573 0.005 0.102 0.052 0.01 0.078
0.023 0.042 0.043 0.004 0.065 0.025 0.014 0.141 0.117 0.015 0.07 0.02 0.01 0.008 0.006 0.024 0.14 0.015 0.059 0.021 0.025 0.139 0.006 0.054 0.015 0.065 0.006 0.02 0.059 0.021 0.012 0.012 0.09 0.002 0.002 0.009 0.004 0.202 0.006 0.184 0 0 0.104 0.2 0.212 0.153 0.017 0.003 0.15 1 0.01 0.051 0.01 0.001 0.16 0.203 0.009 0.177 0.197 0.012 0.167 0.001 0.022 0.004 0.007 0.169 0.01 0.022 0.007 0.001 0.092 0.153 0.009 0.015 0.011 0.171 0.001 0.002 0.009 0.016 0.028
0.01 0.002 0.002 0.238 0.038 0.013 0.032 0.088 0.068 0.267 0.041 0.022 0.006 0.004 0.003 0.013 0.102 0.011 0.026 0.009 0.013 0.077 0.017 0.098 0.012 0.039 0.23 0.01 0.028 0.016 0.013 0.013 0.058 0.255 0.371 0.033 0.022 0.249 0.029 0.245 0.484 0.022 0.354 0.102 0.109 0.161 0.03 0.03 0.164 0.01 1 0.126 0.005 0.008 0.179 0.117 0.034 0.11 0.139 0.007 0.145 0.018 0.013 0.016 0.015 0.166 0.015 0.008 0.011 0.019 0.062 0.167 0.023 0.036 0.055 0.134 0.018 0.017 0.011 0.012 0.026
0.073 0.05 0.052 0.166 0.036 0.014 0.007 0.037 0.034 0.171 0.026 0.01 0.009 0.045 0.037 0.017 0.037 0.003 0.02 0.071 0.016 0.031 0.137 0.032 0.068 0.046 0.163 0.007 0.019 0.022 0.001 0.001 0.054 0.207 0.176 0.008 0.019 0.015 0.024 0.016 0.221 0.019 0.093 0.037 0.046 0.079 0.031 0.025 0.074 0.051 0.126 1 0.009 0.003 0.091 0.048 0.028 0.042 0.059 0.002 0.054 0.013 0.002 0.002 0.012 0.067 0.011 0.001 0.004 0.015 0.035 0.069 0.009 0.011 0.014 0.054 0.002 0.014 0.004 0.001 0.012
0.005 0.009 0.008 0.005 0 0.038 0.033 0.002 0.002 0.013 0.001 0.001 0.005 0.029 0.027 0.038 0.002 0.004 0.001 0.031 0.038 0.003 0.001 0.005 0.033 0.005 0.003 0.001 0.001 0.034 0.012 0.012 0.001 0.003 0.001 0 0.052 0.004 0.037 0.004 0 0.001 0.001 0.004 0.004 0.006 0.001 0.001 0.006 0.01 0.005 0.009 1 0 0.006 0.004 0.001 0.004 0.005 0.797 0.005 0.001 0.001 0.001 0.001 0.006 0.001 0 0 0.001 0.002 0.006 0.001 0 0.001 0.005 0 0.001 0 0.564 0.001
0.006 0.005 0.005 0.011 0.002 0.001 0.001 0.002 0.001 0.01 0.001 0.271 0 0.005 0.005 0.001 0.002 0 0 0.005 0.001 0.061 0.005 0.014 0.004 0.003 0.009 0.001 0 0.001 0 0 0.003 0.009 0.012 0 0.001 0.003 0.001 0.003 0.014 0.001 0.003 0.056 0.026 0.035 0 0.001 0.045 0.001 0.008 0.003 0 1 0.031 0.049 0.001 0.052 0.041 0 0.039 0 0 0.271 0 0.034 0.368 0 0 0 0.001 0.033 0.13 0 0 0.043 0 0 0 0 0.052
0.01 0.021 0.022 0.007 0.009 0.023 0.052 0.003 0.001 0.041 0 0.114 0.007 0 0 0.026 0.004 0.01 0.158 0 0.024 0.476 0.041 0.12 0 0.019 0.035 0.019 0.161 0.041 0.007 0.009 0.017 0.018 0.046 0.006 0.075 0.066 0.089 0.06 0.069 0 0.072 0.573 0.603 0.893 0.012 0.17 0.884 0.16 0.179 0.091 0.006 0.031 1 0.656 0.164 0.586 0.679 0.008 0.712 0.094 0.071 0.029 0.082 0.804 0.083 0.042 0.007 0.078 0.307 0.827 0.071 0.01 0.01 0.661 0.005 0.093 0.042 0.011 0.097
0.005 0.002 0.002 0.049 0.026 0.014 0.009 0.02 0.016 0.131 0.013 0.157 0.004 0.06 0.062 0.014 0.026 0.006 0.234 0.043 0.014 0.644 0.014 0.255 0.064 0.042 0.129 0.012 0.239 0.015 0.005 0.005 0.038 0.136 0.18 0.004 0.009 0.049 0.012 0.048 0.222 0.003 0.051 0.863 0.704 0.534 0.007 0.012 0.53 0.203 0.117 0.048 0.004 0.049 0.656 1 0.013 0.887 0.832 0.005 0.718 0.007 0.11 0.051 0.02 0.587 0.127 0.052 0.005 0.005 0.411 0.627 0.114 0.007 0.006 0.718 0.003 0.007 0.001 0.007 0.154
0.042 0.061 0.06 0.016 0.002 0.239 0.343 0 0 0.019 0.001 0 0.001 0.073 0.076 0.251 0 0.002 0.003 0.062 0.244 0.001 0.014 0.015 0.068 0.003 0.026 0.004 0.004 0.35 0.081 0.09 0.003 0.076 0.068 0.001 0.441 0.007 0.542 0.001 0.059 0.003 0.014 0.012 0.003 0.182 0.003 0.807 0.179 0.009 0.034 0.028 0.001 0.001 0.164 0.013 1 0.006 0.002 0.002 0.008 0.507 0.002 0.001 0.091 0.104 0.002 0 0.001 0.404 0.001 0.096 0 0.002 0.002 0.001 0.001 0.495 0.014 0.002 0
0.003 0.001 0.001 0.042 0.024 0.013 0.008 0.018 0.015 0.123 0.013 0.099 0.004 0.062 0.064 0.013 0.024 0.006 0.236 0.052 0.013 0.561 0.008 0.244 0.059 0.04 0.12 0.011 0.239 0.014 0.005 0.005 0.035 0.127 0.156 0.004 0.008 0.038 0.011 0.037 0.194 0.004 0.048 0.757 0.635 0.465 0.007 0.011 0.462 0.177 0.11 0.042 0.004 0.052 0.586 0.887 0.006 1 0.779 0.005 0.669 0.007 0.117 0.08 0 0.566 0.135 0.052 0.004 0.004 0.344 0.584 0.153 0.006 0.006 0.666 0.003 0.006 0.004 0.007 0.197
0 0.001 0 0.031 0.004 0.017 0.011 0 0 0.093 0.001 0.123 0.005 0.028 0.03 0.017 0.001 0.008 0.204 0.017 0.017 0.538 0.016 0.2 0.028 0.01 0.079 0.015 0.208 0.019 0.006 0.006 0.008 0.085 0.12 0.005 0.01 0.045 0.014 0.044 0.152 0.003 0.057 0.726 0.776 0.576 0.009 0.014 0.571 0.197 0.139 0.059 0.005 0.041 0.679 0.832 0.002 0.779 1 0.006 0.797 0.009 0.092 0.071 0.015 0.656 0.107 0.043 0.005 0.006 0.351 0.696 0.123 0.008 0.008 0.736 0.004 0.008 0.062 0.008 0.155
0.005 0.009 0.009 0.004 0 0.027 0.024 0.003 0.002 0.011 0.002 0.001 0.003 0.027 0.025 0.028 0.003 0.003 0.001 0.029 0.028 0.004 0 0.003 0.031 0.007 0.002 0.002 0.001 0.024 0.009 0.009 0.001 0 0 0 0.039 0.006 0.027 0.005 0 0.001 0.001 0.005 0.005 0.007 0.001 0.001 0.007 0.012 0.007 0.002 0.797 0 0.008 0.005 0.002 0.005 0.006 1 0.006 0.001 0.001 0.001 0.001 0.007 0.001 0 0.001 0.001 0.003 0.007 0.001 0 0.001 0.006 0 0.001 0.001 0.685 0.001
0.001 0.004 0.004 0.018 0.005 0 0.002 0.001 0 0.059 0 0.124 0.005 0.009 0.011 0 0.001 0.008 0.195 0.004 0 0.482 0.025 0.154 0.011 0.012 0.056 0.015 0.199 0.001 0.006 0.005 0.01 0.06 0.094 0.005 0.001 0.045 0.003 0.05 0.123 0 0.059 0.657 0.69 0.643 0.009 0.002 0.637 0.167 0.145 0.054 0.005 0.039 0.712 0.718 0.008 0.669 0.797 0.006 1 0.009 0.054 0.087 0.1 0.676 0.102 0.052 0.006 0.006 0.346 0.739 0.158 0.008 0.008 0.862 0.004 0.008 0.048 0.009 0.178
0.006 0.011 0.011 0.001 0.006 0.086 0.125 0.004 0.003 0.002 0.002 0 0.001 0.02 0.024 0.093 0.004 0.001 0.002 0.011 0.087 0.001 0.01 0.004 0.013 0.007 0.003 0.002 0.002 0.197 0.062 0.063 0.007 0.044 0.033 0.001 0.351 0.008 0.488 0.001 0.029 0 0.005 0.006 0.007 0.105 0.001 0.563 0.103 0.001 0.018 0.013 0.001 0 0.094 0.007 0.507 0.007 0.009 0.001 0.009 1 0.001 0.001 0.001 0.102 0.001 0 0.001 0.758 0.004 0.096 0.001 0.001 0.001 0.008 0.001 0.922 0.001 0.001 0.002
0.048 0.061 0.061 0.026 0.001 0.002 0.002 0.003 0.003 0.012 0.002 0 0.001 0.008 0.005 0.002 0.003 0.001 0.001 0.009 0.002 0.111 0.008 0.027 0.009 0.005 0.015 0.002 0.002 0.002 0.001 0.001 0.006 0.016 0.022 0 0.001 0.006 0.001 0.006 0.026 0.001 0.005 0.126 0.084 0.079 0.001 0.001 0.078 0.022 0.013 0.002 0.001 0 0.071 0.11 0.002 0.117 0.092 0.001 0.054 0.001 1 0.001 0.001 0.062 0 0.025 0.001 0.001 0.005 0.071 0.001 0.001 0 0.029 0 0.001 0.001 0.001 0.001
0.006 0.003 0.004 0.011 0.002 0 0 0.001 0 0.009 0.002 0.196 0.001 0.007 0.008 0.002 0.004 0.001 0.001 0.01 0.002 0.041 0.001 0.013 0.01 0.006 0.014 0.001 0.002 0.003 0.001 0.001 0.006 0.013 0.012 0.001 0.001 0.001 0.002 0.001 0.015 0.001 0.007 0.06 0.055 0.034 0 0.002 0.047 0.004 0.016 0.002 0.001 0.271 0.029 0.051 0.001 0.08 0.071 0.001 0.087 0.001 0.001 1 0.001 0.076 0.238 0.055 0.001 0.001 0.003 0.074 0.273 0.001 0.001 0.083 0 0.001 0.001 0.001 0.249
0.01 0.007 0.007 0 0.005 0.065 0.095 0.003 0.003 0 0.002 0.055 0.001 0.013 0.012 0.066 0.003 0.001 0.002 0.025 0.066 0.008 0.01 0 0.009 0.005 0.001 0.002 0.002 0.059 0.001 0 0.006 0.001 0 0.001 0.103 0.006 0.019 0.006 0 0.001 0.006 0.025 0.012 0.09 0.001 0.102 0.089 0.007 0.015 0.012 0.001 0 0.082 0.02 0.091 0 0.015 0.001 0.1 0.001 0.001 0.001 1 0.04 0.001 0 0.001 0.001 0.027 0.021 0.001 0.001 0.001 0.092 0 0.001 0.001 0.001 0.001
0.003 0.009 0.01 0.014 0.01 0.004 0.016 0.002 0.001 0.057 0 0.106 0.006 0.002 0.003 0.004 0.003 0.009 0.113 0.002 0.003 0.423 0.024 0.132 0.006 0.016 0.048 0.017 0.114 0.012 0.001 0.001 0.018 0.026 0.048 0.006 0.042 0.047 0.061 0.042 0.07 0.001 0.067 0.501 0.531 0.706 0.006 0.087 0.7 0.169 0.166 0.067 0.006 0.034 0.804 0.587 0.104 0.566 0.656 0.007 0.676 0.102 0.062 0.076 0.04 1 0.089 0.043 0.006 0.084 0.253 0.874 0.138 0.009 0.009 0.641 0.005 0.101 0.068 0.01 0.155
0.012 0.009 0.01 0.022 0.005 0.002 0.002 0.003 0.003 0.02 0.002 0.36 0.001 0.008 0.009 0.002 0.003 0.001 0.002 0.009 0.002 0.157 0.01 0.039 0.009 0.005 0.017 0.002 0.002 0.002 0.001 0.001 0.006 0.018 0.024 0.001 0.001 0.006 0.001 0.006 0.028 0.001 0.007 0.145 0.102 0.092 0 0.002 0.09 0.01 0.015 0.011 0.001 0.368 0.083 0.127 0.002 0.135 0.107 0.001 0.102 0.001 0 0.238 0.001 0.089 1 0.073 0.001 0.001 0.003 0.087 0.342 0.001 0.001 0.111 0 0.001 0 0.001 0.324
0 0 0 0.001 0.002 0 0 0.002 0.001 0.006 0.001 0.038 0 0.002 0.002 0 0.001 0 0.001 0.002 0 0.04 0.005 0.015 0.002 0.002 0.005 0.001 0.002 0 0 0 0.002 0.006 0.008 0 0 0.002 0 0.003 0.01 0.001 0.003 0.06 0.056 0.047 0.001 0 0.046 0.022 0.008 0.001 0 0 0.042 0.052 0 0.052 0.043 0 0.052 0 0.025 0.055 0 0.043 0.073 1 0 0 0.009 0.036 0.002 0 0 0.031 0 0 0 0 0.032
0.009 0.007 0.007 0.017 0.004 0.002 0.001 0.002 0.002 0.016 0.001 0.001 0 0 0 0.002 0.003 0.001 0.001 0.007 0.002 0.004 0.001 0.004 0.007 0.004 0.013 0.113 0.001 0.002 0 0.001 0.004 0.014 0.019 0 0.001 0.005 0.001 0.005 0.003 0.001 0.005 0.004 0.004 0.006 0.001 0.001 0.006 0.007 0.011 0.004 0 0 0.007 0.005 0.001 0.004 0.005 0.001 0.006 0.001 0.001 0.001 0.001 0.006 0.001 0 1 0.001 0.002 0.006 0.001 0.001 0.001 0.005 0 0.001 0 0.001 0.001
0.005 0.009 0.009 0.001 0.006 0.075 0.111 0.004 0.003 0.004 0.002 0 0.001 0.029 0.034 0.082 0.004 0.001 0.002 0.018 0.077 0.001 0.012 0.006 0.022 0.001 0.006 0.002 0.002 0.169 0.061 0.061 0.001 0.05 0.032 0.001 0.34 0.008 0.452 0.001 0.028 0.001 0.008 0.004 0.004 0.087 0.001 0.449 0.086 0.001 0.019 0.015 0.001 0 0.078 0.005 0.404 0.004 0.006 0.001 0.006 0.758 0.001 0.001 0.001 0.084 0.001 0 0.001 1 0 0.08 0.001 0.001 0.001 0.006 0.001 0.732 0.001 0.001 0.002
0.017 0.014 0.014 0.042 0.017 0.003 0.001 0.013 0.01 0.049 0.007 0.005 0.002 0.014 0.016 0.002 0.01 0.003 0.463 0.005 0.002 0.257 0.003 0.114 0.016 0.012 0.044 0.006 0.475 0.003 0.003 0.002 0.008 0.047 0.063 0.002 0 0.023 0.001 0.025 0.084 0.004 0.027 0.337 0.291 0.235 0.005 0 0.236 0.092 0.062 0.035 0.002 0.001 0.307 0.411 0.001 0.344 0.351 0.003 0.346 0.004 0.005 0.003 0.027 0.253 0.003 0.009 0.002 0 1 0.331 0.005 0.004 0.003 0.331 0.002 0.003 0.002 0.003 0
0.002 0.008 0.009 0.015 0.008 0.003 0.013 0.002 0.001 0.058 0 0.12 0.006 0.004 0.004 0.002 0.003 0.009 0.169 0.003 0.002 0.509 0.033 0.132 0.007 0.017 0.053 0.017 0.172 0.009 0 0.001 0.015 0.03 0.059 0.006 0.038 0.054 0.054 0.048 0.082 0 0.068 0.575 0.605 0.764 0.011 0.076 0.756 0.153 0.167 0.069 0.006 0.033 0.827 0.627 0.096 0.584 0.696 0.007 0.739 0.096 0.071 0.074 0.021 0.874 0.087 0.036 0.006 0.08 0.331 1 0.137 0.01 0.009 0.648 0.005 0.095 0.051 0.01 0.153
0.002 0.001 0.001 0.009 0.004 0.001 0 0.002 0.001 0.02 0.003 0.136 0.001 0.011 0.012 0.003 0.005 0.001 0.002 0.014 0.003 0.112 0.005 0.034 0.014 0.009 0.022 0.002 0.002 0.004 0.001 0.001 0.009 0.023 0.022 0.001 0.002 0.003 0.002 0.003 0.027 0.002 0.01 0.132 0.097 0.08 0.001 0.002 0.078 0.009 0.023 0.009 0.001 0.13 0.071 0.114 0 0.153 0.123 0.001 0.158 0.001 0.001 0.273 0.001 0.138 0.342 0.002 0.001 0.001 0.005 0.137 1 0.001 0.001 0.158 0.001 0.001 0.001 0.001 0.49
0.004 0.009 0.009 0.022 0.005 0.002 0.002 0.003 0.003 0.025 0.002 0.002 0 0.01 0.004 0.002 0.004 0.001 0.002 0.009 0.002 0.005 0.003 0.01 0.009 0.006 0.03 0.002 0.002 0.002 0.001 0.001 0.006 0.029 0.02 0.488 0.001 0.007 0.002 0.007 0.016 0.001 0.092 0.006 0.006 0.009 0.001 0.002 0.009 0.015 0.036 0.011 0 0 0.01 0.007 0.002 0.006 0.008 0 0.008 0.001 0.001 0.001 0.001 0.009 0.001 0 0.001 0.001 0.004 0.01 0.001 1 0.001 0.008 0 0.001 0.001 0.001 0.001
0.007 0.011 0.011 0.03 0.005 0.003 0.002 0.003 0.003 0.033 0.002 0.001 0.001 0.011 0.011 0.002 0.004 0.001 0 0.01 0.002 0.002 0.011 0.015 0.01 0.006 0.039 0.002 0 0.003 0.001 0.001 0.006 0.045 0.033 0.001 0.001 0.007 0.002 0.007 0.029 0.001 0.127 0.006 0.006 0.009 0.001 0.002 0.009 0.011 0.055 0.014 0.001 0 0.01 0.006 0.002 0.006 0.008 0.001 0.008 0.001 0 0.001 0.001 0.009 0.001 0 0.001 0.001 0.003 0.009 0.001 0.001 1 0.007 0 0.001 0.001 0.001 0.001
0 0 0.001 0.027 0.008 0 0.001 0.004 0.002 0.064 0.002 0.117 0.005 0.014 0.015 0 0.004 0.007 0.213 0.01 0 0.459 0.018 0.161 0.016 0.016 0.066 0.013 0.217 0.001 0.006 0.005 0.018 0.07 0.104 0.005 0.002 0.04 0.004 0.046 0.133 0.002 0.054 0.639 0.637 0.578 0.009 0.001 0.573 0.171 0.134 0.054 0.005 0.043 0.661 0.718 0.001 0.666 0.736 0.006 0.862 0.008 0.029 0.083 0.092 0.641 0.111 0.031 0.005 0.006 0.331 0.648 0.158 0.008 0.007 1 0.004 0.008 0.027 0.008 0.193
0.002 0.001 0.001 0.001 0 0.001 0.001 0 0 0.001 0.001 0.001 0 0.001 0.001 0.001 0.002 0 0.001 0.001 0.001 0.003 0.001 0 0.001 0 0.002 0.001 0.001 0.001 0 0 0 0.004 0.01 0 0.001 0.008 0.001 0.009 0.008 0.001 0.004 0.003 0.003 0.005 0.001 0.001 0.005 0.001 0.018 0.002 0 0 0.005 0.003 0.001 0.003 0.004 0 0.004 0.001 0 0 0 0.005 0 0 0 0.001 0.002 0.005 0.001 0 0 0.004 1 0 0 0.001 0.001
0.005 0.01 0.009 0.001 0.005 0.08 0.116 0.003 0.003 0.001 0.002 0 0.001 0.018 0.022 0.082 0.004 0.001 0.002 0.01 0.081 0.001 0.011 0.005 0.011 0.006 0.002 0.002 0.002 0.186 0.047 0.048 0.006 0.045 0.033 0.001 0.366 0.007 0.472 0 0.029 0.001 0.006 0.006 0.006 0.104 0.001 0.55 0.102 0.002 0.017 0.014 0.001 0 0.093 0.007 0.495 0.006 0.008 0.001 0.008 0.922 0.001 0.001 0.001 0.101 0.001 0 0.001 0.732 0.003 0.095 0.001 0.001 0.001 0.008 0 1 0.001 0.001 0.001
0.022 0.03 0.03 0.01 0.054 0.002 0.001 0.108 0.124 0.011 0.115 0 0 0.042 0.039 0.002 0.096 0.001 0.001 0.032 0.002 0 0.003 0.003 0.033 0.057 0.014 0.001 0.001 0.002 0.001 0.001 0.055 0.013 0.011 0 0.001 0.001 0.001 0.001 0.012 0.001 0.002 0 0.08 0.053 0.002 0.001 0.052 0.009 0.011 0.004 0 0 0.042 0.001 0.014 0.004 0.062 0.001 0.048 0.001 0.001 0.001 0.001 0.068 0 0 0 0.001 0.002 0.051 0.001 0.001 0.001 0.027 0 0.001 1 0.001 0.001
0.001 0.003 0.003 0 0 0.018 0.016 0.004 0.003 0.002 0.002 0.002 0.002 0.014 0.012 0.018 0.004 0.001 0.002 0.015 0.018 0.006 0.005 0 0.017 0.003 0 0.002 0.002 0.016 0.006 0.006 0.003 0.001 0.003 0.001 0.027 0.007 0.018 0.007 0.004 0.001 0.004 0.006 0.006 0.01 0.001 0.002 0.01 0.016 0.012 0.001 0.564 0 0.011 0.007 0.002 0.007 0.008 0.685 0.009 0.001 0.001 0.001 0.001 0.01 0.001 0 0.001 0.001 0.003 0.01 0.001 0.001 0.001 0.008 0.001 0.001 0.001 1 0.002
0.001 0 0 0.007 0.005 0.001 0.001 0.002 0.002 0.022 0.003 0.12 0.001 0.013 0.014 0.004 0.006 0.001 0.003 0.016 0.004 0.116 0.001 0.048 0.015 0.01 0.03 0.003 0.003 0.004 0.001 0.001 0.01 0.029 0.031 0.001 0.002 0.004 0.003 0.004 0.037 0.002 0.011 0.134 0.099 0.079 0.002 0.003 0.078 0.028 0.026 0.012 0.001 0.052 0.097 0.154 0 0.197 0.155 0.001 0.178 0.002 0.001 0.249 0.001 0.155 0.324 0.032 0.001 0.002 0 0.153 0.49 0.001 0.001 0.193 0.001 0.001 0.001 0.002 1
