1 0.86 0.867 0.48 0.302 0.213 0.156 0.235 0.207 0.309 0.092 0.034 0.047 0.536 0.492 0.213 0.245 0.01 0.037 0.585 0.206 0.006 0.141 0.133 0.606 0.298 0.296 0.001 0.043 0.192 0.083 0.081 0.246 0.215 0.106 0.001 0.038 0.047 0.097 0.034 0.126 0.024 0.007 0.009 0.001 0.024 0.004 0.087 0.021 0.019 0.012 0.073 0.023 0.011 0.021 0.007 0.05 0.007 0.001 0.018 0.003 0.005 0.051 0.012 0.01 0.009 0.015 0.009 0.002 0.011 0.023 0.003 0.007 0.001 0 0 0.007 0.003 0.03 0.025 0.009
0.86 1 0.957 0.479 0.32 0.246 0.18 0.275 0.243 0.299 0.11 0.03 0.054 0.599 0.552 0.246 0.266 0.012 0.032 0.619 0.238 0.002 0.151 0.131 0.668 0.318 0.311 0.013 0.038 0.224 0.096 0.094 0.274 0.231 0.118 0.001 0.044 0.054 0.113 0.046 0.122 0.021 0.019 0.005 0 0.032 0.005 0.085 0.029 0.023 0.005 0.059 0.027 0.01 0.024 0.007 0.06 0.007 0 0.022 0.002 0.006 0.06 0.01 0.009 0.009 0.013 0.009 0.006 0.013 0.029 0.005 0.005 0.001 0.009 0.001 0.006 0.005 0.039 0.031 0.007
0.867 0.957 1 0.484 0.343 0.238 0.174 0.266 0.236 0.305 0.106 0.031 0.053 0.612 0.563 0.238 0.279 0.011 0.033 0.635 0.23 0.003 0.144 0.129 0.685 0.34 0.333 0.014 0.039 0.216 0.093 0.091 0.283 0.243 0.125 0.001 0.042 0.058 0.109 0.043 0.13 0.022 0.016 0.006 0 0.034 0.006 0.098 0.031 0.024 0.005 0.06 0.026 0.01 0.025 0.008 0.057 0.008 0.001 0.021 0.003 0.006 0.058 0.01 0.008 0.011 0.013 0.011 0.002 0.012 0.027 0.005 0.006 0.001 0.01 0.001 0.006 0.004 0.037 0.029 0.007
0.48 0.479 0.484 1 0.196 0.112 0.079 0.14 0.125 0.77 0.058 0.061 0.027 0.31 0.33 0.112 0.167 0.013 0.064 0.33 0.107 0.041 0.306 0.382 0.371 0.205 0.651 0.002 0.074 0.097 0.048 0.046 0.166 0.544 0.324 0.024 0.014 0.013 0.045 0.006 0.381 0.042 0.188 0.054 0.03 0.001 0.017 0.043 0.001 0.005 0.192 0.142 0.015 0.018 0.003 0.059 0.02 0.06 0.037 0.009 0.016 0 0.028 0.021 0.001 0.009 0.025 0.004 0.006 0.003 0.062 0.014 0.018 0.016 0.017 0.021 0.003 0 0.018 0.01 0.014
0.302 0.32 0.343 0.196 1 0.025 0.018 0.53 0.498 0.237 0.194 0.013 0.006 0.424 0.383 0.025 0.646 0.033 0.014 0.428 0.025 0.038 0.07 0.139 0.453 0.757 0.215 0.006 0.016 0.026 0.01 0.01 0.628 0.155 0.111 0.003 0.008 0.232 0.018 0.176 0.101 0.009 0.029 0.028 0.007 0.005 0.007 0 0.006 0.06 0.046 0.046 0.002 0.004 0.008 0.03 0.013 0.03 0.009 0 0.003 0.006 0.004 0.003 0.006 0.007 0.005 0.002 0 0.005 0.012 0.005 0.003 0.003 0.004 0.001 0.002 0.005 0.039 0 0.004
0.213 0.246 0.238 0.112 0.025 1 0.733 0.017 0.015 0.141 0.007 0.007 0.221 0.261 0.239 0.972 0.02 0.002 0.008 0.269 0.976 0.027 0.033 0.077 0.274 0.026 0.148 0.003 0.009 0.906 0.39 0.386 0.025 0.127 0.076 0.002 0.19 0.028 0.493 0.023 0.073 0.005 0.004 0.025 0.026 0.019 0.004 0.255 0.018 0.054 0.005 0.028 0.105 0.002 0.017 0.026 0.287 0.026 0.032 0.061 0.004 0.047 0.005 0.003 0.07 0.001 0.003 0.01 0.002 0.068 0.013 0.001 0.003 0.001 0.002 0.004 0.002 0.045 0.003 0.086 0.004
0.156 0.18 0.174 0.079 0.018 0.733 1 0.012 0.011 0.105 0.005 0.005 0.002 0.193 0.177 0.715 0.014 0.001 0.006 0.198 0.718 0.02 0.023 0.056 0.2 0.019 0.107 0.002 0.007 0.659 0.532 0.527 0.019 0.086 0.046 0.002 0.264 0.021 0.681 0.017 0.045 0.004 0.017 0.017 0.018 0.048 0.003 0.36 0.046 0.035 0.042 0.016 0.044 0.002 0.044 0.018 0.401 0.019 0.023 0.025 0 0.069 0.004 0.002 0.101 0.007 0.002 0.016 0.001 0.096 0.009 0.001 0.002 0.002 0.002 0 0.001 0.065 0.002 0.045 0.003
0.235 0.275 0.266 0.14 0.53 0.017 0.012 1 0.874 0.163 0.403 0.009 0.004 0.28 0.256 0.017 0.713 0.002 0.008 0.296 0.017 0.022 0.046 0.086 0.313 0.564 0.167 0.004 0.009 0.017 0.006 0.007 0.551 0.133 0.077 0.001 0.005 0.238 0.012 0.261 0.091 0.006 0.014 0.022 0 0.004 0.005 0.011 0.004 0.117 0.086 0.049 0.003 0.003 0.006 0.023 0.008 0.023 0 0.005 0.002 0.004 0.006 0.001 0.004 0.004 0.004 0.002 0.002 0.004 0.016 0.003 0.001 0.001 0.003 0.001 0.001 0.003 0.14 0.005 0.001
0.207 0.243 0.236 0.125 0.498 0.015 0.011 0.874 1 0.145 0.461 0.008 0.003 0.246 0.225 0.015 0.621 0.002 0.008 0.26 0.014 0.019 0.041 0.076 0.275 0.494 0.147 0.003 0.009 0.015 0.006 0.006 0.481 0.113 0.062 0.001 0.005 0.185 0.01 0.2 0.076 0.005 0.011 0.019 0 0.002 0.004 0.01 0.002 0.094 0.064 0.048 0.003 0.002 0.003 0.02 0.007 0.02 0 0.004 0.001 0.004 0.005 0 0.004 0.002 0.003 0.002 0.002 0.003 0.015 0.002 0.001 0.001 0.002 0 0.001 0.003 0.16 0.004 0.001
0.309 0.299 0.305 0.77 0.237 0.141 0.105 0.163 0.145 1 0.067 0.052 0.032 0.398 0.423 0.143 0.193 0.015 0.055 0.413 0.137 0.151 0.265 0.534 0.454 0.244 0.753 0.004 0.044 0.124 0.056 0.054 0.194 0.654 0.417 0.028 0.021 0.023 0.059 0.014 0.485 0.036 0.219 0.143 0.085 0.02 0.028 0.052 0.022 0.016 0.225 0.19 0.021 0.015 0.028 0.152 0.026 0.153 0.107 0.014 0.058 0.001 0.026 0.017 0.002 0.045 0.022 0 0.006 0.008 0.053 0.051 0.021 0.02 0.02 0.045 0.001 0.001 0.022 0.015 0.018
0.092 0.11 0.106 0.058 0.194 0.007 0.005 0.403 0.461 0.067 1 0.003 0.001 0.124 0.114 0.007 0.342 0.001 0.004 0.13 0.007 0.013 0.019 0.04 0.138 0.239 0.075 0.002 0.004 0.007 0.003 0.003 0.248 0.079 0.037 0 0.002 0.09 0.005 0.087 0.056 0.002 0.001 0.011 0.001 0 0.002 0.004 0 0.041 0.033 0.028 0.001 0.001 0 0.012 0.003 0.012 0.001 0.002 0 0.002 0.002 0.002 0.002 0 0.001 0.001 0.001 0.001 0.007 0 0.002 0 0.001 0 0.001 0.001 0.148 0.002 0.003
0.034 0.03 0.031 0.061 0.013 0.007 0.005 0.009 0.008 0.052 0.003 1 0.002 0.015 0.007 0.007 0.01 0.001 0.004 0.016 0.007 0.237 0.021 0.068 0.025 0.014 0.046 0.002 0.005 0.008 0.003 0.003 0.006 0.027 0.037 0.002 0.004 0.015 0 0.013 0.04 0.003 0.014 0.168 0.118 0.127 0.002 0 0.148 0.04 0.032 0.015 0.001 0.31 0.119 0.16 0 0.116 0.104 0.002 0.11 0.007 0 0.251 0.04 0.111 0.289 0.004 0.001 0.009 0.001 0.098 0.119 0.001 0.001 0.09 0.001 0.011 0.001 0.002 0.135
0.047 0.054 0.053 0.027 0.006 0.221 0.002 0.004 0.003 0.032 0.001 0.002 1 0.058 0.053 0.221 0.004 0 0.002 0.062 0.222 0.006 0.009 0.019 0.065 0.006 0.036 0.001 0.002 0.213 0.001 0.001 0.006 0.038 0.03 0.026 0.001 0.006 0.002 0.005 0.028 0.001 0.121 0.006 0.007 0.011 0.001 0.002 0.011 0.016 0.045 0.013 0.073 0.001 0.011 0.007 0.002 0.007 0.008 0.046 0.009 0.001 0.001 0.001 0.001 0.01 0.001 0 0 0.001 0.003 0.01 0.001 0.02 0.001 0.008 0 0.001 0.001 0.043 0.001
0.536 0.599 0.612 0.31 0.424 0.261 0.193 0.28 0.246 0.398 0.124 0.015 0.058 1 0.889 0.264 0.359 0.014 0.021 0.811 0.256 0.076 0.105 0.233 0.862 0.421 0.414 0.009 0.026 0.241 0.103 0.105 0.342 0.327 0.205 0.001 0.05 0.087 0.125 0.067 0.217 0.019 0.008 0.068 0.034 0.002 0.012 0.114 0.001 0.006 0.013 0.077 0.032 0.009 0 0.072 0.069 0.084 0.036 0.027 0.007 0.008 0.016 0.016 0.023 0.001 0.009 0.002 0.001 0.023 0.017 0.004 0.017 0.001 0.009 0.004 0.003 0.006 0.048 0.036 0.019
0.492 0.552 0.563 0.33 0.383 0.239 0.177 0.256 0.225 0.423 0.114 0.007 0.053 0.889 1 0.242 0.328 0.013 0.024 0.744 0.238 0.069 0.116 0.237 0.794 0.429 0.398 0.01 0.029 0.22 0.094 0.097 0.355 0.338 0.212 0.001 0.072 0.094 0.142 0.067 0.213 0.021 0.011 0.078 0.042 0.001 0.013 0.131 0.001 0.005 0.011 0.066 0.029 0.01 0 0.083 0.084 0.096 0.045 0.023 0.012 0.021 0.012 0.018 0.02 0.002 0.01 0.001 0.001 0.045 0.021 0.004 0.019 0.001 0.007 0.008 0.004 0.021 0.044 0.032 0.021
0.213 0.246 0.238 0.112 0.025 0.972 0.715 0.017 0.015 0.143 0.007 0.007 0.221 0.264 0.242 1 0.02 0.002 0.008 0.268 0.975 0.027 0.036 0.082 0.285 0.027 0.155 0.003 0.009 0.933 0.39 0.385 0.026 0.134 0.081 0.002 0.211 0.028 0.517 0.023 0.078 0.005 0.004 0.025 0.026 0.022 0.004 0.273 0.021 0.05 0.005 0.031 0.105 0.002 0.019 0.026 0.306 0.026 0.032 0.061 0.005 0.059 0.005 0.005 0.07 0.001 0.003 0.01 0.002 0.084 0.013 0 0.005 0.001 0.002 0.005 0.002 0.045 0.003 0.086 0.006
0.245 0.266 0.279 0.167 0.646 0.02 0.014 0.713 0.621 0.193 0.342 0.01 0.004 0.359 0.328 0.02 1 0.002 0.011 0.382 0.019 0.037 0.055 0.119 0.403 0.651 0.218 0.004 0.013 0.02 0.008 0.008 0.642 0.181 0.113 0.002 0.006 0.307 0.014 0.233 0.127 0.007 0.009 0.036 0.003 0.001 0.005 0.001 0.001 0.108 0.084 0.044 0.004 0.003 0.002 0.038 0.01 0.038 0.004 0.006 0 0.005 0.007 0.007 0.005 0.001 0.004 0.001 0.002 0.004 0.008 0.001 0.007 0.002 0.003 0 0.002 0.004 0.118 0.006 0.008
0.01 0.012 0.011 0.013 0.033 0.002 0.001 0.002 0.002 0.015 0.001 0.001 0 0.014 0.013 0.002 0.002 1 0.001 0.015 0.002 0.003 0.004 0.009 0.016 0.033 0.017 0 0.001 0.002 0.001 0.001 0.035 0.018 0.014 0 0 0.003 0.001 0.003 0.013 0.001 0 0.003 0.003 0.005 0 0.001 0.005 0.008 0.001 0.001 0.006 0 0.005 0.003 0.001 0.003 0.004 0.003 0.004 0 0.001 0.001 0 0.005 0 0 0 0 0.002 0.005 0.001 0 0 0.004 0 0 0 0.003 0.001
0.037 0.032 0.033 0.064 0.014 0.008 0.006 0.008 0.008 0.055 0.004 0.004 0.002 0.021 0.024 0.008 0.011 0.001 1 0.028 0.008 0.291 0.022 0.09 0.027 0.015 0.049 0.002 0.848 0.008 0.003 0.003 0.014 0.043 0.034 0.002 0.003 0.015 0.006 0.013 0.058 0.003 0.012 0.264 0.255 0.158 0.002 0.005 0.155 0.054 0.031 0.03 0.002 0.001 0.14 0.215 0.005 0.228 0.198 0.002 0.168 0.002 0.003 0 0.002 0.12 0.002 0 0.001 0.002 0.454 0.157 0 0.002 0 0.176 0.001 0.002 0.001 0.002 0.001
0.585 0.619 0.635 0.33 0.428 0.269 0.198 0.296 0.26 0.413 0.13 0.016 0.062 0.811 0.744 0.268 0.382 0.015 0.028 1 0.277 0.071 0.123 0.248 0.926 0.461 0.458 0.012 0.022 0.245 0.109 0.106 0.382 0.358 0.214 0 0.044 0.083 0.123 0.062 0.222 0.017 0.007 0.069 0.027 0.001 0.014 0.11 0.001 0.007 0.015 0.095 0.034 0.008 0.001 0.063 0.064 0.068 0.029 0.029 0.005 0.005 0.018 0.018 0.016 0.002 0.011 0.001 0.002 0.017 0.011 0.003 0.019 0.001 0.008 0.004 0.005 0.006 0.044 0.039 0.021
0.206 0.238 0.23 0.107 0.025 0.976 0.718 0.017 0.014 0.137 0.007 0.007 0.222 0.256 0.238 0.975 0.019 0.002 0.008 0.277 1 0.027 0.036 0.082 0.283 0.026 0.154 0.003 0.009 0.917 0.392 0.387 0.024 0.13 0.078 0.002 0.191 0.028 0.495 0.023 0.076 0.005 0.004 0.025 0.026 0.02 0.004 0.256 0.018 0.054 0.005 0.03 0.105 0.002 0.017 0.026 0.288 0.026 0.032 0.062 0.005 0.047 0.005 0.005 0.07 0 0.003 0.01 0.002 0.068 0.013 0.001 0.005 0.001 0.002 0.005 0.002 0.045 0.003 0.087 0.006
0.006 0.002 0.003 0.041 0.038 0.027 0.02 0.022 0.019 0.151 0.013 0.237 0.006 0.076 0.069 0.027 0.037 0.003 0.291 0.071 0.027 1 0.072 0.3 0.089 0.048 0.144 0.006 0.335 0.027 0.011 0.011 0.037 0.127 0.14 0.006 0 0.051 0.006 0.044 0.176 0.01 0.046 0.766 0.623 0.498 0 0.005 0.486 0.184 0.094 0.025 0.005 0.051 0.459 0.691 0.004 0.644 0.557 0.008 0.481 0 0.143 0.064 0.004 0.412 0.116 0.013 0.003 0.001 0.255 0.463 0.084 0.005 0.003 0.398 0.003 0.001 0.005 0.008 0.089
0.141 0.151 0.144 0.306 0.07 0.033 0.023 0.046 0.041 0.265 0.019 0.021 0.009 0.105 0.116 0.036 0.055 0.004 0.022 0.123 0.036 0.072 1 0.372 0.136 0.074 0.218 0.009 0.024 0.042 0.016 0.016 0.058 0.198 0.048 0.008 0.013 0.019 0.028 0.024 0.055 0.115 0.06 0.06 0.062 0.109 0.059 0.026 0.112 0.014 0.013 0.145 0.004 0.007 0.076 0.032 0.01 0.022 0.028 0 0.046 0.003 0.014 0.002 0.009 0.047 0.009 0.005 0.001 0.009 0.006 0.049 0.002 0.007 0.007 0.041 0.012 0.007 0.005 0 0.002
0.133 0.131 0.129 0.382 0.139 0.077 0.056 0.086 0.076 0.534 0.04 0.068 0.019 0.233 0.237 0.082 0.119 0.009 0.09 0.248 0.082 0.3 0.372 1 0.295 0.161 0.471 0.02 0.106 0.089 0.034 0.035 0.125 0.421 0.214 0.018 0.011 0.002 0.041 0 0.261 0.044 0.137 0.25 0.183 0.086 0.041 0.036 0.08 0.069 0.105 0.027 0.012 0.012 0.101 0.274 0.016 0.279 0.218 0.005 0.147 0.001 0.04 0.028 0 0.117 0.036 0.002 0.004 0.003 0.117 0.123 0.038 0.016 0.012 0.119 0.003 0.002 0.012 0.006 0.04
0.606 0.668 0.685 0.371 0.453 0.274 0.2 0.313 0.275 0.454 0.138 0.025 0.065 0.862 0.794 0.285 0.403 0.016 0.027 0.926 0.283 0.089 0.136 0.295 1 0.494 0.512 0.011 0.031 0.27 0.115 0.112 0.411 0.397 0.251 0 0.055 0.094 0.139 0.072 0.26 0.017 0.005 0.089 0.039 0 0.014 0.125 0 0.004 0.021 0.091 0.036 0.008 0 0.093 0.076 0.094 0.048 0.031 0.013 0.009 0.017 0.017 0.013 0.004 0.011 0.001 0.002 0.025 0.026 0.008 0.018 0.001 0.008 0.009 0.005 0.007 0.047 0.042 0.019
0.298 0.318 0.34 0.205 0.757 0.026 0.019 0.564 0.494 0.244 0.239 0.014 0.006 0.421 0.429 0.027 0.651 0.033 0.015 0.461 0.026 0.048 0.074 0.161 0.494 1 0.272 0.006 0.017 0.028 0.01 0.011 0.849 0.205 0.129 0.006 0.009 0.289 0.019 0.215 0.13 0.01 0.032 0.05 0.011 0.009 0.007 0 0.01 0.074 0.045 0.051 0.001 0.004 0.012 0.052 0.014 0.053 0.013 0 0.006 0.007 0.009 0.009 0.006 0.008 0.006 0.002 0 0.002 0.01 0.009 0.01 0.005 0.004 0.003 0.002 0.005 0.087 0 0.011
0.296 0.311 0.333 0.651 0.215 0.148 0.107 0.167 0.147 0.753 0.075 0.046 0.036 0.414 0.398 0.155 0.218 0.017 0.049 0.458 0.154 0.144 0.218 0.471 0.512 0.272 1 0.02 0.057 0.145 0.063 0.061 0.247 0.8 0.548 0.029 0.025 0.034 0.068 0.021 0.524 0.031 0.188 0.165 0.101 0.023 0.011 0.061 0.025 0.012 0.237 0.172 0.022 0.014 0.031 0.173 0.032 0.174 0.118 0.006 0.069 0.001 0.029 0.028 0.003 0.049 0.019 0 0.005 0.01 0.061 0.061 0.03 0.019 0.023 0.057 0.002 0.001 0.025 0.006 0.028
0.001 0.013 0.014 0.002 0.006 0.003 0.002 0.004 0.003 0.004 0.002 0.002 0.001 0.009 0.01 0.003 0.004 0 0.002 0.012 0.003 0.006 0.009 0.02 0.011 0.006 0.02 1 0.002 0.003 0.001 0.001 0.006 0.019 0.024 0 0.001 0.006 0.002 0.006 0.005 0.001 0.039 0.007 0.006 0.011 0 0.002 0.009 0.008 0.011 0.001 0.001 0.001 0.009 0.005 0.002 0.005 0.006 0.001 0.007 0.001 0.001 0.001 0.001 0.008 0.001 0 0.065 0.001 0.002 0.008 0.001 0 0.001 0.006 0 0.001 0.001 0.001 0.001
0.043 0.038 0.039 0.074 0.016 0.009 0.007 0.009 0.009 0.044 0.004 0.005 0.002 0.026 0.029 0.009 0.013 0.001 0.848 0.022 0.009 0.335 0.024 0.106 0.031 0.017 0.057 0.002 1 0.01 0.004 0.004 0.017 0.052 0.042 0.002 0.003 0.017 0.007 0.014 0.067 0.003 0.015 0.306 0.296 0.183 0.003 0.006 0.179 0.071 0.036 0.036 0.002 0.002 0.163 0.254 0.006 0.266 0.231 0.003 0.196 0.002 0.003 0.001 0.002 0.12 0.002 0 0.001 0.002 0.535 0.183 0.001 0.002 0 0.208 0 0.002 0.002 0.003 0.001
0.192 0.224 0.216 0.097 0.026 0.906 0.659 0.017 0.015 0.124 0.007 0.008 0.213 0.241 0.22 0.933 0.02 0.002 0.008 0.245 0.917 0.027 0.042 0.089 0.27 0.028 0.145 0.003 0.01 1 0.375 0.371 0.026 0.14 0.091 0.002 0.21 0.029 0.567 0.024 0.086 0.005 0.004 0.026 0.027 0.028 0.004 0.314 0.027 0.05 0.006 0.037 0.1 0.003 0.025 0.026 0.352 0.027 0.032 0.058 0.006 0.098 0.005 0.005 0.067 0.003 0.003 0.01 0.002 0.088 0.012 0 0.005 0.001 0.002 0.005 0.002 0.085 0.003 0.082 0.006
0.083 0.096 0.093 0.048 0.01 0.39 0.532 0.006 0.006 0.056 0.003 0.003 0.001 0.103 0.094 0.39 0.008 0.001 0.003 0.109 0.392 0.011 0.016 0.034 0.115 0.01 0.063 0.001 0.004 0.375 1 0.977 0.01 0.035 0.026 0.001 0.024 0.011 0.376 0.009 0.024 0.002 0.009 0.011 0.012 0.012 0.002 0.134 0.012 0.029 0.023 0.008 0.029 0.001 0.011 0.012 0.15 0.012 0.014 0.016 0.007 0.028 0.002 0.002 0.005 0 0.001 0.001 0.001 0.035 0.006 0.001 0.002 0.001 0.001 0.006 0.001 0.016 0.001 0.042 0.002
0.081 0.094 0.091 0.046 0.01 0.386 0.527 0.007 0.006 0.054 0.003 0.003 0.001 0.105 0.097 0.385 0.008 0.001 0.003 0.106 0.387 0.011 0.016 0.035 0.112 0.011 0.061 0.001 0.004 0.371 0.977 1 0.01 0.034 0.027 0.001 0.025 0.009 0.373 0.008 0.025 0.002 0.009 0.011 0.012 0.012 0.002 0.134 0.011 0.029 0.021 0.009 0.028 0.001 0.01 0.012 0.15 0.012 0.014 0.016 0.007 0.027 0.002 0.002 0.006 0 0.001 0.001 0.001 0.034 0.005 0.001 0.002 0.001 0.001 0.006 0.001 0.015 0.001 0.041 0.002
0.246 0.274 0.283 0.166 0.628 0.025 0.019 0.551 0.481 0.194 0.248 0.006 0.006 0.342 0.355 0.026 0.642 0.035 0.014 0.382 0.024 0.037 0.058 0.125 0.411 0.849 0.247 0.006 0.017 0.026 0.01 0.01 1 0.246 0.162 0.005 0.008 0.342 0.018 0.261 0.164 0.009 0.031 0.039 0.006 0.004 0.007 0 0.005 0.1 0.063 0.059 0.002 0.004 0.007 0.041 0.012 0.041 0.008 0.004 0.002 0.006 0.009 0.009 0.006 0.007 0.006 0.002 0.003 0.002 0.005 0.004 0.009 0.005 0.004 0.002 0.002 0.004 0.09 0.004 0.01
0.215 0.231 0.243 0.544 0.155 0.127 0.086 0.133 0.113 0.654 0.079 0.027 0.038 0.327 0.338 0.134 0.181 0.018 0.043 0.358 0.13 0.127 0.198 0.421 0.397 0.205 0.8 0.019 0.052 0.14 0.035 0.034 0.246 1 0.703 0.031 0.056 0.052 0.121 0.036 0.674 0.03 0.202 0.16 0.096 0.009 0.024 0.112 0.01 0.005 0.265 0.228 0.024 0.013 0.014 0.166 0.074 0.166 0.111 0.006 0.061 0.029 0.029 0.024 0.004 0.025 0.018 0 0.01 0.037 0.057 0.033 0.029 0.02 0.028 0.05 0 0.033 0.026 0.002 0.024
0.106 0.118 0.125 0.324 0.111 0.076 0.046 0.077 0.062 0.417 0.037 0.037 0.03 0.205 0.212 0.081 0.113 0.014 0.034 0.214 0.078 0.14 0.048 0.214 0.251 0.129 0.548 0.024 0.042 0.091 0.026 0.027 0.162 0.703 1 0.024 0.032 0.244 0.082 0.228 0.846 0.038 0.129 0.177 0.132 0.027 0.017 0.089 0.03 0 0.4 0.222 0.009 0.016 0.036 0.185 0.08 0.163 0.133 0.004 0.084 0.022 0.037 0.016 0.002 0.04 0.023 0 0.013 0.024 0.051 0.052 0.018 0.015 0.022 0.069 0.016 0.026 0.006 0 0.017
0.001 0.001 0.001 0.024 0.003 0.002 0.002 0.001 0.001 0.028 0 0.002 0.026 0.001 0.001 0.002 0.002 0 0.002 0 0.002 0.006 0.008 0.018 0 0.006 0.029 0 0.002 0.002 0.001 0.001 0.005 0.031 0.024 1 0.001 0.006 0.002 0.005 0.026 0.001 0.114 0.006 0.006 0.01 0.001 0.002 0.01 0.015 0.048 0.012 0.003 0.001 0.01 0.006 0.002 0.006 0.007 0.001 0.009 0.001 0.001 0.001 0.001 0.01 0.001 0 0 0.001 0.003 0.009 0.001 0.572 0 0.008 0 0.001 0.001 0.001 0.001
0.038 0.044 0.042 0.014 0.008 0.19 0.264 0.005 0.005 0.021 0.002 0.004 0.001 0.05 0.072 0.211 0.006 0 0.003 0.044 0.191 0 0.013 0.011 0.055 0.009 0.025 0.001 0.003 0.21 0.024 0.025 0.008 0.056 0.032 0.001 1 0.009 0.445 0.008 0.042 0.002 0.009 0.009 0.01 0.036 0.001 0.241 0.035 0.003 0.02 0.019 0.112 0.001 0.034 0.01 0.267 0.01 0.012 0.07 0 0.21 0.002 0.002 0.102 0.035 0.001 0.044 0.001 0.237 0.003 0.016 0.002 0.001 0.001 0.001 0.001 0.232 0.001 0.066 0.002
0.047 0.054 0.058 0.013 0.232 0.028 0.021 0.238 0.185 0.023 0.09 0.015 0.006 0.087 0.094 0.028 0.307 0.003 0.015 0.083 0.028 0.051 0.019 0.002 0.094 0.289 0.034 0.006 0.017 0.029 0.011 0.009 0.342 0.052 0.244 0.006 0.009 1 0.02 0.853 0.216 0.01 0.051 0.051 0.053 0.049 0.088 0 0.051 0.164 0.236 0.025 0.005 0.005 0.053 0.053 0.005 0.038 0.046 0.001 0.028 0.006 0.01 0.001 0.007 0.031 0.006 0.002 0.003 0.006 0.012 0.033 0.001 0.006 0.005 0.021 0.031 0.004 0.003 0.008 0.001
0.097 0.113 0.109 0.045 0.018 0.493 0.681 0.012 0.01 0.059 0.005 0 0.002 0.125 0.142 0.517 0.014 0.001 0.006 0.123 0.495 0.006 0.028 0.041 0.139 0.019 0.068 0.002 0.007 0.567 0.376 0.373 0.018 0.121 0.082 0.002 0.445 0.02 1 0.016 0.09 0.004 0.018 0.02 0.021 0.093 0.003 0.586 0.091 0.02 0.044 0.041 0.046 0.002 0.087 0.021 0.65 0.021 0.025 0.026 0.001 0.269 0.004 0.004 0.095 0.029 0.002 0.017 0.001 0.232 0.008 0.014 0.004 0.002 0.002 0.001 0.001 0.261 0.002 0.024 0.004
0.034 0.046 0.043 0.006 0.176 0.023 0.017 0.261 0.2 0.014 0.087 0.013 0.005 0.067 0.067 0.023 0.233 0.003 0.013 0.062 0.023 0.044 0.024 0 0.072 0.215 0.021 0.006 0.014 0.024 0.009 0.008 0.261 0.036 0.228 0.005 0.008 0.853 0.016 1 0.214 0.009 0.044 0.043 0.045 0.074 0.104 0.015 0.075 0.148 0.29 0.027 0.005 0.004 0.078 0.045 0.003 0.031 0.039 0.001 0.049 0.005 0.008 0 0.006 0.05 0.005 0.003 0.003 0.005 0.021 0.051 0 0.005 0.004 0.041 0.037 0.003 0.002 0.007 0.001
0.126 0.122 0.13 0.381 0.101 0.073 0.045 0.091 0.076 0.485 0.056 0.04 0.028 0.217 0.213 0.078 0.127 0.013 0.058 0.222 0.076 0.176 0.055 0.261 0.26 0.13 0.524 0.005 0.067 0.086 0.024 0.025 0.164 0.674 0.846 0.026 0.042 0.216 0.09 0.214 1 0.04 0.215 0.218 0.144 0.034 0.016 0.084 0.037 0 0.465 0.266 0.017 0.017 0.045 0.228 0.076 0.203 0.147 0.008 0.096 0.02 0.039 0.018 0.001 0.049 0.025 0 0.008 0.022 0.076 0.062 0.02 0.017 0.021 0.079 0.015 0.025 0.023 0 0.019
0.024 0.021 0.022 0.042 0.009 0.005 0.004 0.006 0.005 0.036 0.002 0.003 0.001 0.019 0.021 0.005 0.007 0.001 0.003 0.017 0.005 0.01 0.115 0.044 0.017 0.01 0.031 0.001 0.003 0.005 0.002 0.002 0.009 0.03 0.038 0.001 0.002 0.01 0.004 0.009 0.04 1 0.007 0.002 0.002 0.006 0.001 0.003 0.006 0.007 0.022 0.037 0.001 0.001 0.004 0 0.003 0 0 0.001 0.005 0 0.002 0.002 0.001 0.003 0.001 0.001 0.001 0.001 0 0.005 0.002 0.001 0.001 0.001 0.001 0.001 0.001 0.002 0.002
0.007 0.019 0.016 0.188 0.029 0.004 0.017 0.014 0.011 0.219 0.001 0.014 0.121 0.008 0.011 0.004 0.009 0 0.012 0.007 0.004 0.046 0.06 0.137 0.005 0.032 0.188 0.039 0.015 0.004 0.009 0.009 0.031 0.202 0.129 0.114 0.009 0.051 0.018 0.044 0.215 0.007 1 0.052 0.038 0.068 0.007 0.017 0.069 0.1 0.357 0.084 0.007 0.004 0.073 0.055 0.016 0.055 0.049 0.002 0.059 0.004 0.009 0.008 0.006 0.065 0.006 0.003 0.003 0.006 0.027 0.063 0.01 0.104 0.089 0.051 0.003 0.005 0.001 0 0.006
0.009 0.005 0.006 0.054 0.028 0.025 0.017 0.022 0.019 0.143 0.011 0.168 0.006 0.068 0.078 0.025 0.036 0.003 0.264 0.069 0.025 0.766 0.06 0.25 0.089 0.05 0.165 0.007 0.306 0.026 0.011 0.011 0.039 0.16 0.177 0.006 0.009 0.051 0.02 0.043 0.218 0.002 0.052 1 0.799 0.575 0.008 0.019 0.562 0.193 0.124 0.033 0.006 0.048 0.532 0.873 0.017 0.814 0.711 0.008 0.617 0.007 0.174 0.074 0.009 0.47 0.109 0.017 0.003 0.003 0.302 0.519 0.094 0.006 0.005 0.531 0.004 0.006 0.005 0.009 0.099
0.001 0 0 0.03 0.007 0.026 0.018 0 0 0.085 0.001 0.118 0.007 0.034 0.042 0.026 0.003 0.003 0.255 0.027 0.026 0.623 0.062 0.183 0.039 0.011 0.101 0.006 0.296 0.027 0.012 0.012 0.006 0.096 0.132 0.006 0.01 0.053 0.021 0.045 0.144 0.002 0.038 0.799 1 0.62 0.008 0.02 0.608 0.236 0.129 0.046 0.006 0.034 0.569 0.725 0.016 0.711 0.77 0.009 0.66 0.008 0.116 0.071 0.001 0.507 0.088 0.016 0.003 0.003 0.262 0.557 0.078 0.006 0.005 0.602 0.004 0.006 0.058 0.009 0.082
0.024 0.032 0.034 0.001 0.005 0.019 0.048 0.004 0.002 0.02 0 0.127 0.011 0.002 0.001 0.022 0.001 0.005 0.158 0.001 0.02 0.498 0.109 0.086 0 0.009 0.023 0.011 0.183 0.028 0.012 0.012 0.004 0.009 0.027 0.01 0.036 0.049 0.093 0.074 0.034 0.006 0.068 0.575 0.62 1 0.013 0.199 0.977 0.178 0.207 0.1 0.009 0.027 0.923 0.513 0.137 0.473 0.553 0.014 0.673 0.053 0.105 0.038 0.073 0.72 0.066 0.04 0.005 0.049 0.21 0.714 0.051 0.009 0.008 0.599 0.006 0.056 0.047 0.014 0.053
0.004 0.005 0.006 0.017 0.007 0.004 0.003 0.005 0.004 0.028 0.002 0.002 0.001 0.012 0.013 0.004 0.005 0 0.002 0.014 0.004 0 0.059 0.041 0.014 0.007 0.011 0 0.003 0.004 0.002 0.002 0.007 0.024 0.017 0.001 0.001 0.088 0.003 0.104 0.016 0.001 0.007 0.008 0.008 0.013 1 0.003 0.014 0.008 0.039 0.019 0.001 0.001 0.014 0.008 0.002 0.008 0.01 0.001 0.012 0.001 0.001 0.001 0.001 0.01 0.001 0.001 0 0.001 0.004 0.013 0.001 0.001 0.001 0.01 0.001 0.001 0 0.001 0.002
0.087 0.085 0.098 0.043 0 0.255 0.36 0.011 0.01 0.052 0.004 0 0.002 0.114 0.131 0.273 0.001 0.001 0.005 0.11 0.256 0.005 0.026 0.036 0.125 0 0.061 0.002 0.006 0.314 0.134 0.134 0 0.112 0.089 0.002 0.241 0 0.586 0.015 0.084 0.003 0.017 0.019 0.02 0.199 0.003 1 0.194 0.001 0.041 0.039 0.002 0.002 0.188 0.02 0.721 0.02 0.021 0.003 0.009 0.292 0.003 0.003 0.115 0.09 0.002 0.026 0.001 0.231 0 0.058 0.003 0.002 0.002 0.01 0.001 0.284 0.002 0.003 0.004
0.021 0.029 0.031 0.001 0.006 0.018 0.046 0.004 0.002 0.022 0 0.148 0.011 0.001 0.001 0.021 0.001 0.005 0.155 0.001 0.018 0.486 0.112 0.08 0 0.01 0.025 0.009 0.179 0.027 0.012 0.011 0.005 0.01 0.03 0.01 0.035 0.051 0.091 0.075 0.037 0.006 0.069 0.562 0.608 0.977 0.014 0.194 1 0.173 0.211 0.092 0.009 0.05 0.909 0.507 0.134 0.468 0.546 0.014 0.663 0.051 0.102 0.056 0.071 0.709 0.064 0.039 0.006 0.048 0.21 0.703 0.05 0.01 0.008 0.591 0.006 0.054 0.046 0.015 0.051
0.019 0.023 0.024 0.005 0.06 0.054 0.035 0.117 0.094 0.016 0.041 0.04 0.016 0.006 0.005 0.05 0.108 0.008 0.054 0.007 0.054 0.184 0.014 0.069 0.004 0.074 0.012 0.008 0.071 0.05 0.029 0.029 0.1 0.005 0 0.015 0.003 0.164 0.02 0.148 0 0.007 0.1 0.193 0.236 0.178 0.008 0.001 0.173 1 0.002 0.069 0.014 0.002 0.194 0.213 0.014 0.194 0.225 0.011 0.216 0 0.033 0.009 0.001 0.205 0.013 0.004 0.001 0 0.12 0.197 0.009 0.015 0.006 0.196 0.009 0 0.021 0.022 0.025
0.012 0.005 0.005 0.192 0.046 0.005 0.042 0.086 0.064 0.225 0.033 0.032 0.045 0.013 0.011 0.005 0.084 0.001 0.031 0.015 0.005 0.094 0.013 0.105 0.021 0.045 0.237 0.011 0.036 0.006 0.023 0.021 0.063 0.265 0.4 0.048 0.02 0.236 0.044 0.29 0.465 0.022 0.357 0.124 0.129 0.207 0.039 0.041 0.211 0.002 1 0.138 0 0.01 0.218 0.13 0.036 0.131 0.155 0 0.182 0.015 0.022 0.022 0.015 0.197 0.014 0.008 0.008 0.014 0.065 0.192 0.023 0.043 0.038 0.161 0.027 0.011 0.011 0.003 0.018
0.073 0.059 0.06 0.142 0.046 0.028 0.016 0.049 0.048 0.19 0.028 0.015 0.013 0.077 0.066 0.031 0.044 0.001 0.03 0.095 0.03 0.025 0.145 0.027 0.091 0.051 0.172 0.001 0.036 0.037 0.008 0.009 0.059 0.228 0.222 0.012 0.019 0.025 0.041 0.027 0.266 0.037 0.084 0.033 0.046 0.1 0.019 0.039 0.092 0.069 0.138 1 0.011 0.002 0.109 0.043 0.036 0.044 0.056 0.01 0.068 0.007 0.009 0.006 0.014 0.079 0.01 0.001 0.022 0.013 0.047 0.079 0.012 0.01 0.01 0.071 0.006 0.012 0.008 0 0.016
0.023 0.027 0.026 0.015 0.002 0.105 0.044 0.003 0.003 0.021 0.001 0.001 0.073 0.032 0.029 0.105 0.004 0.006 0.002 0.034 0.105 0.005 0.004 0.012 0.036 0.001 0.022 0.001 0.002 0.1 0.029 0.028 0.002 0.024 0.009 0.003 0.112 0.005 0.046 0.005 0.017 0.001 0.007 0.006 0.006 0.009 0.001 0.002 0.009 0.014 0 0.011 1 0 0.01 0.006 0.002 0.006 0.007 0.671 0.008 0.001 0.001 0.001 0.001 0.009 0.001 0 0 0 0.003 0.009 0.001 0.003 0 0.007 0 0.001 0 0.539 0.001
0.011 0.01 0.01 0.018 0.004 0.002 0.002 0.003 0.002 0.015 0.001 0.31 0.001 0.009 0.01 0.002 0.003 0 0.001 0.008 0.002 0.051 0.007 0.012 0.008 0.004 0.014 0.001 0.002 0.003 0.001 0.001 0.004 0.013 0.016 0.001 0.001 0.005 0.002 0.004 0.017 0.001 0.004 0.048 0.034 0.027 0.001 0.002 0.05 0.002 0.01 0.002 0 1 0.025 0.046 0.001 0.045 0.037 0.001 0.031 0.001 0.001 0.388 0.001 0.028 0.225 0 0 0.001 0.003 0.029 0.12 0 0 0.023 0 0 0 0.001 0.114
0.021 0.024 0.025 0.003 0.008 0.017 0.044 0.006 0.003 0.028 0 0.119 0.011 0 0 0.019 0.002 0.005 0.14 0.001 0.017 0.459 0.076 0.101 0 0.012 0.031 0.009 0.163 0.025 0.011 0.01 0.007 0.014 0.036 0.01 0.034 0.053 0.087 0.078 0.045 0.004 0.073 0.532 0.569 0.923 0.014 0.188 0.909 0.194 0.218 0.109 0.01 0.025 1 0.595 0.129 0.552 0.622 0.014 0.725 0.05 0.099 0.035 0.069 0.786 0.062 0.038 0.006 0.046 0.275 0.764 0.048 0.01 0.008 0.636 0.006 0.053 0.039 0.015 0.053
0.007 0.007 0.008 0.059 0.03 0.026 0.018 0.023 0.02 0.152 0.012 0.16 0.007 0.072 0.083 0.026 0.038 0.003 0.215 0.063 0.026 0.691 0.032 0.274 0.093 0.052 0.173 0.005 0.254 0.026 0.012 0.012 0.041 0.166 0.185 0.006 0.01 0.053 0.021 0.045 0.228 0 0.055 0.873 0.725 0.513 0.008 0.02 0.507 0.213 0.13 0.043 0.006 0.046 0.595 1 0.018 0.909 0.794 0.009 0.673 0.008 0.166 0.07 0.008 0.533 0.104 0.016 0.003 0.004 0.372 0.569 0.089 0.006 0.005 0.569 0.004 0.006 0.005 0.009 0.1
0.05 0.06 0.057 0.02 0.013 0.287 0.401 0.008 0.007 0.026 0.003 0 0.002 0.069 0.084 0.306 0.01 0.001 0.005 0.064 0.288 0.004 0.01 0.016 0.076 0.014 0.032 0.002 0.006 0.352 0.15 0.15 0.012 0.074 0.08 0.002 0.267 0.005 0.65 0.003 0.076 0.003 0.016 0.017 0.016 0.137 0.002 0.721 0.134 0.014 0.036 0.036 0.002 0.001 0.129 0.018 1 0.006 0.008 0.002 0.003 0.335 0.003 0.003 0.128 0.074 0.002 0.021 0.001 0.256 0.007 0.046 0.003 0.002 0.001 0.002 0.001 0.326 0 0.003 0.002
0.007 0.007 0.008 0.06 0.03 0.026 0.019 0.023 0.02 0.153 0.012 0.116 0.007 0.084 0.096 0.026 0.038 0.003 0.228 0.068 0.026 0.644 0.022 0.279 0.094 0.053 0.174 0.005 0.266 0.027 0.012 0.012 0.041 0.166 0.163 0.006 0.01 0.038 0.021 0.031 0.203 0 0.055 0.814 0.711 0.473 0.008 0.02 0.468 0.194 0.131 0.044 0.006 0.045 0.552 0.909 0.006 1 0.799 0.009 0.678 0.008 0.165 0.111 0 0.545 0.104 0.015 0.004 0.004 0.331 0.573 0.135 0.006 0.005 0.574 0.004 0.006 0.005 0.009 0.146
0.001 0 0.001 0.037 0.009 0.032 0.023 0 0 0.107 0.001 0.104 0.008 0.036 0.045 0.032 0.004 0.004 0.198 0.029 0.032 0.557 0.028 0.218 0.048 0.013 0.118 0.006 0.231 0.032 0.014 0.014 0.008 0.111 0.133 0.007 0.012 0.046 0.025 0.039 0.147 0 0.049 0.711 0.77 0.553 0.01 0.021 0.546 0.225 0.155 0.056 0.007 0.037 0.622 0.794 0.008 0.799 1 0.01 0.77 0.009 0.139 0.097 0.005 0.619 0.087 0.012 0.004 0.005 0.335 0.658 0.088 0.007 0.006 0.664 0.005 0.007 0.064 0.011 0.121
0.018 0.022 0.021 0.009 0 0.061 0.025 0.005 0.004 0.014 0.002 0.002 0.046 0.027 0.023 0.061 0.006 0.003 0.002 0.029 0.062 0.008 0 0.005 0.031 0 0.006 0.001 0.003 0.058 0.016 0.016 0.004 0.006 0.004 0.001 0.07 0.001 0.026 0.001 0.008 0.001 0.002 0.008 0.009 0.014 0.001 0.003 0.014 0.011 0 0.01 0.671 0.001 0.014 0.009 0.002 0.009 0.01 1 0.012 0.001 0.001 0.001 0.001 0.013 0.001 0.001 0.001 0 0.004 0.013 0.002 0.001 0.001 0.011 0.021 0.001 0.001 0.592 0.002
0.003 0.002 0.003 0.016 0.003 0.004 0 0.002 0.001 0.058 0 0.11 0.009 0.007 0.012 0.005 0 0.004 0.168 0.005 0.005 0.481 0.046 0.147 0.013 0.006 0.069 0.007 0.196 0.006 0.007 0.007 0.002 0.061 0.084 0.009 0 0.028 0.001 0.049 0.096 0.005 0.059 0.617 0.66 0.673 0.012 0.009 0.663 0.216 0.182 0.068 0.008 0.031 0.725 0.673 0.003 0.678 0.77 0.012 1 0.011 0.1 0.092 0.083 0.77 0.074 0.045 0.005 0.006 0.319 0.772 0.126 0.008 0.007 0.855 0.005 0.008 0.047 0.013 0.121
0.005 0.006 0.006 0 0.006 0.047 0.069 0.004 0.004 0.001 0.002 0.007 0.001 0.008 0.021 0.059 0.005 0 0.002 0.005 0.047 0 0.003 0.001 0.009 0.007 0.001 0.001 0.002 0.098 0.028 0.027 0.006 0.029 0.022 0.001 0.21 0.006 0.269 0.005 0.02 0 0.004 0.007 0.008 0.053 0.001 0.292 0.051 0 0.015 0.007 0.001 0.001 0.05 0.008 0.335 0.008 0.009 0.001 0.011 1 0.001 0.001 0.001 0.058 0.001 0 0 0.604 0.004 0.052 0.001 0.001 0.001 0.01 0 0.758 0.001 0.001 0.002
0.051 0.06 0.058 0.028 0.004 0.005 0.004 0.006 0.005 0.026 0.002 0 0.001 0.016 0.012 0.005 0.007 0.001 0.003 0.018 0.005 0.143 0.014 0.04 0.017 0.009 0.029 0.001 0.003 0.005 0.002 0.002 0.009 0.029 0.037 0.001 0.002 0.01 0.004 0.008 0.039 0.002 0.009 0.174 0.116 0.105 0.001 0.003 0.102 0.033 0.022 0.009 0.001 0.001 0.099 0.166 0.003 0.165 0.139 0.001 0.1 0.001 1 0 0.001 0.094 0.002 0.05 0.001 0.001 0.001 0.095 0 0.001 0.001 0.042 0.001 0.001 0.001 0.001 0
0.012 0.01 0.01 0.021 0.003 0.003 0.002 0.001 0 0.017 0.002 0.251 0.001 0.016 0.018 0.005 0.007 0.001 0 0.018 0.005 0.064 0.002 0.028 0.017 0.009 0.028 0.001 0.001 0.005 0.002 0.002 0.009 0.024 0.016 0.001 0.002 0.001 0.004 0 0.018 0.002 0.008 0.074 0.071 0.038 0.001 0.003 0.056 0.009 0.022 0.006 0.001 0.388 0.035 0.07 0.003 0.111 0.097 0.001 0.092 0.001 0 1 0.001 0.084 0.244 0.002 0.001 0.001 0.005 0.053 0.321 0.001 0.001 0.084 0.001 0.001 0.001 0.002 0.47
0.01 0.009 0.008 0.001 0.006 0.07 0.101 0.004 0.004 0.002 0.002 0.04 0.001 0.023 0.02 0.07 0.005 0 0.002 0.016 0.07 0.004 0.009 0 0.013 0.006 0.003 0.001 0.002 0.067 0.005 0.006 0.006 0.004 0.002 0.001 0.102 0.007 0.095 0.006 0.001 0.001 0.006 0.009 0.001 0.073 0.001 0.115 0.071 0.001 0.015 0.014 0.001 0.001 0.069 0.008 0.128 0 0.005 0.001 0.083 0.001 0.001 0.001 1 0.071 0.001 0.062 0 0.001 0.004 0.03 0.001 0.001 0.001 0.08 0 0.001 0.001 0.001 0.001
0.009 0.009 0.011 0.009 0.007 0.001 0.007 0.004 0.002 0.045 0 0.111 0.01 0.001 0.002 0.001 0.001 0.005 0.12 0.002 0 0.412 0.047 0.117 0.004 0.008 0.049 0.008 0.12 0.003 0 0 0.007 0.025 0.04 0.01 0.035 0.031 0.029 0.05 0.049 0.003 0.065 0.47 0.507 0.72 0.01 0.09 0.709 0.205 0.197 0.079 0.009 0.028 0.786 0.533 0.074 0.545 0.619 0.013 0.77 0.058 0.094 0.084 0.071 1 0.068 0.041 0.006 0.051 0.222 0.832 0.115 0.009 0.007 0.704 0.006 0.061 0.056 0.014 0.11
0.015 0.013 0.013 0.025 0.005 0.003 0.002 0.004 0.003 0.022 0.001 0.289 0.001 0.009 0.01 0.003 0.004 0 0.002 0.011 0.003 0.116 0.009 0.036 0.011 0.006 0.019 0.001 0.002 0.003 0.001 0.001 0.006 0.018 0.023 0.001 0.001 0.006 0.002 0.005 0.025 0.001 0.006 0.109 0.088 0.066 0.001 0.002 0.064 0.013 0.014 0.01 0.001 0.225 0.062 0.104 0.002 0.104 0.087 0.001 0.074 0.001 0.002 0.244 0.001 0.068 1 0.015 0 0.001 0.003 0.034 0.294 0.001 0.001 0.066 0 0.001 0.001 0.001 0.301
0.009 0.009 0.011 0.004 0.002 0.01 0.016 0.002 0.002 0 0.001 0.004 0 0.002 0.001 0.01 0.001 0 0 0.001 0.01 0.013 0.005 0.002 0.001 0.002 0 0 0 0.01 0.001 0.001 0.002 0 0 0 0.044 0.002 0.017 0.003 0 0.001 0.003 0.017 0.016 0.04 0.001 0.026 0.039 0.004 0.008 0.001 0 0 0.038 0.016 0.021 0.015 0.012 0.001 0.045 0 0.05 0.002 0.062 0.041 0.015 1 0 0 0 0.008 0.001 0 0 0.017 0 0 0 0.001 0.002
0.002 0.006 0.002 0.006 0 0.002 0.001 0.002 0.002 0.006 0.001 0.001 0 0.001 0.001 0.002 0.002 0 0.001 0.002 0.002 0.003 0.001 0.004 0.002 0 0.005 0.065 0.001 0.002 0.001 0.001 0.003 0.01 0.013 0 0.001 0.003 0.001 0.003 0.008 0.001 0.003 0.003 0.003 0.005 0 0.001 0.006 0.001 0.008 0.022 0 0 0.006 0.003 0.001 0.004 0.004 0.001 0.005 0 0.001 0.001 0 0.006 0 0 1 0 0.002 0.005 0.001 0 0 0.004 0 0 0 0.001 0.001
0.011 0.013 0.012 0.003 0.005 0.068 0.096 0.004 0.003 0.008 0.001 0.009 0.001 0.023 0.045 0.084 0.004 0 0.002 0.017 0.068 0.001 0.009 0.003 0.025 0.002 0.01 0.001 0.002 0.088 0.035 0.034 0.002 0.037 0.024 0.001 0.237 0.006 0.232 0.005 0.022 0.001 0.006 0.003 0.003 0.049 0.001 0.231 0.048 0 0.014 0.013 0 0.001 0.046 0.004 0.256 0.004 0.005 0 0.006 0.604 0.001 0.001 0.001 0.051 0.001 0 0 1 0 0.045 0.001 0.001 0.001 0.005 0 0.538 0.001 0 0.001
0.023 0.029 0.027 0.062 0.012 0.013 0.009 0.016 0.015 0.053 0.007 0.001 0.003 0.017 0.021 0.013 0.008 0.002 0.454 0.011 0.013 0.255 0.006 0.117 0.026 0.01 0.061 0.002 0.535 0.012 0.006 0.005 0.005 0.057 0.051 0.003 0.003 0.012 0.008 0.021 0.076 0 0.027 0.302 0.262 0.21 0.004 0 0.21 0.12 0.065 0.047 0.003 0.003 0.275 0.372 0.007 0.331 0.335 0.004 0.319 0.004 0.001 0.005 0.004 0.222 0.003 0 0.002 0 1 0.31 0.006 0.003 0.002 0.287 0.002 0.003 0.003 0.004 0.003
0.003 0.005 0.005 0.014 0.005 0.001 0.001 0.003 0.002 0.051 0 0.098 0.01 0.004 0.004 0 0.001 0.005 0.157 0.003 0.001 0.463 0.049 0.123 0.008 0.009 0.061 0.008 0.183 0 0.001 0.001 0.004 0.033 0.052 0.009 0.016 0.033 0.014 0.051 0.062 0.005 0.063 0.519 0.557 0.714 0.013 0.058 0.703 0.197 0.192 0.079 0.009 0.029 0.764 0.569 0.046 0.573 0.658 0.013 0.772 0.052 0.095 0.053 0.03 0.832 0.034 0.008 0.005 0.045 0.31 1 0.117 0.009 0.007 0.661 0.006 0.054 0.05 0.014 0.077
0.007 0.005 0.006 0.018 0.003 0.003 0.002 0.001 0.001 0.021 0.002 0.119 0.001 0.017 0.019 0.005 0.007 0.001 0 0.019 0.005 0.084 0.002 0.038 0.018 0.01 0.03 0.001 0.001 0.005 0.002 0.002 0.009 0.029 0.018 0.001 0.002 0.001 0.004 0 0.02 0.002 0.01 0.094 0.078 0.051 0.001 0.003 0.05 0.009 0.023 0.012 0.001 0.12 0.048 0.089 0.003 0.135 0.088 0.002 0.126 0.001 0 0.321 0.001 0.115 0.294 0.001 0.001 0.001 0.006 0.117 1 0.001 0.001 0.118 0.001 0.001 0.001 0.002 0.44
0.001 0.001 0.001 0.016 0.003 0.001 0.002 0.001 0.001 0.02 0 0.001 0.02 0.001 0.001 0.001 0.002 0 0.002 0.001 0.001 0.005 0.007 0.016 0.001 0.005 0.019 0 0.002 0.001 0.001 0.001 0.005 0.02 0.015 0.572 0.001 0.006 0.002 0.005 0.017 0.001 0.104 0.006 0.006 0.009 0.001 0.002 0.01 0.015 0.043 0.01 0.003 0 0.01 0.006 0.002 0.006 0.007 0.001 0.008 0.001 0.001 0.001 0.001 0.009 0.001 0 0 0.001 0.003 0.009 0.001 1 0 0.007 0 0.001 0.001 0.001 0.001
0 0.009 0.01 0.017 0.004 0.002 0.002 0.003 0.002 0.02 0.001 0.001 0.001 0.009 0.007 0.002 0.003 0 0 0.008 0.002 0.003 0.007 0.012 0.008 0.004 0.023 0.001 0 0.002 0.001 0.001 0.004 0.028 0.022 0 0.001 0.005 0.002 0.004 0.021 0.001 0.089 0.005 0.005 0.008 0.001 0.002 0.008 0.006 0.038 0.01 0 0 0.008 0.005 0.001 0.005 0.006 0.001 0.007 0.001 0.001 0.001 0.001 0.007 0.001 0 0 0.001 0.002 0.007 0.001 0 1 0.006 0 0 0 0.001 0.003
0 0.001 0.001 0.021 0.001 0.004 0 0.001 0 0.045 0 0.09 0.008 0.004 0.008 0.005 0 0.004 0.176 0.004 0.005 0.398 0.041 0.119 0.009 0.003 0.057 0.006 0.208 0.005 0.006 0.006 0.002 0.05 0.069 0.008 0.001 0.021 0.001 0.041 0.079 0.001 0.051 0.531 0.602 0.599 0.01 0.01 0.591 0.196 0.161 0.071 0.007 0.023 0.636 0.569 0.002 0.574 0.664 0.011 0.855 0.01 0.042 0.084 0.08 0.704 0.066 0.017 0.004 0.005 0.287 0.661 0.118 0.007 0.006 1 0.005 0.007 0.056 0.011 0.119
0.007 0.006 0.006 0.003 0.002 0.002 0.001 0.001 0.001 0.001 0.001 0.001 0 0.003 0.004 0.002 0.002 0 0.001 0.005 0.002 0.003 0.012 0.003 0.005 0.002 0.002 0 0 0.002 0.001 0.001 0.002 0 0.016 0 0.001 0.031 0.001 0.037 0.015 0.001 0.003 0.004 0.004 0.006 0.001 0.001 0.006 0.009 0.027 0.006 0 0 0.006 0.004 0.001 0.004 0.005 0.021 0.005 0 0.001 0.001 0 0.006 0 0 0 0 0.002 0.006 0.001 0 0 0.005 1 0 0 0.001 0.001
0.003 0.005 0.004 0 0.005 0.045 0.065 0.003 0.003 0.001 0.001 0.011 0.001 0.006 0.021 0.045 0.004 0 0.002 0.006 0.045 0.001 0.007 0.002 0.007 0.005 0.001 0.001 0.002 0.085 0.016 0.015 0.004 0.033 0.026 0.001 0.232 0.004 0.261 0.003 0.025 0.001 0.005 0.006 0.006 0.056 0.001 0.284 0.054 0 0.011 0.012 0.001 0 0.053 0.006 0.326 0.006 0.007 0.001 0.008 0.758 0.001 0.001 0.001 0.061 0.001 0 0 0.538 0.003 0.054 0.001 0.001 0 0.007 0 1 0.001 0.001 0.001
0.03 0.039 0.037 0.018 0.039 0.003 0.002 0.14 0.16 0.022 0.148 0.001 0.001 0.048 0.044 0.003 0.118 0 0.001 0.044 0.003 0.005 0.005 0.012 0.047 0.087 0.025 0.001 0.002 0.003 0.001 0.001 0.09 0.026 0.006 0.001 0.001 0.003 0.002 0.002 0.023 0.001 0.001 0.005 0.058 0.047 0 0.002 0.046 0.021 0.011 0.008 0 0 0.039 0.005 0 0.005 0.064 0.001 0.047 0.001 0.001 0.001 0.001 0.056 0.001 0 0 0.001 0.003 0.05 0.001 0.001 0 0.056 0 0.001 1 0.001 0.001
0.025 0.031 0.029 0.01 0 0.086 0.045 0.005 0.004 0.015 0.002 0.002 0.043 0.036 0.032 0.086 0.006 0.003 0.002 0.039 0.087 0.008 0 0.006 0.042 0 0.006 0.001 0.003 0.082 0.042 0.041 0.004 0.002 0 0.001 0.066 0.008 0.024 0.007 0 0.002 0 0.009 0.009 0.014 0.001 0.003 0.015 0.022 0.003 0 0.539 0.001 0.015 0.009 0.003 0.009 0.011 0.592 0.013 0.001 0.001 0.002 0.001 0.014 0.001 0.001 0.001 0 0.004 0.014 0.002 0.001 0.001 0.011 0.001 0.001 0.001 1 0.002
0.009 0.007 0.007 0.014 0.004 0.004 0.003 0.001 0.001 0.018 0.003 0.135 0.001 0.019 0.021 0.006 0.008 0.001 0.001 0.021 0.006 0.089 0.002 0.04 0.019 0.011 0.028 0.001 0.001 0.006 0.002 0.002 0.01 0.024 0.017 0.001 0.002 0.001 0.004 0.001 0.019 0.002 0.006 0.099 0.082 0.053 0.002 0.004 0.051 0.025 0.018 0.016 0.001 0.114 0.053 0.1 0.002 0.146 0.121 0.002 0.121 0.002 0 0.47 0.001 0.11 0.301 0.002 0.001 0.001 0.003 0.077 0.44 0.001 0.003 0.119 0.001 0.001 0.001 0.002 1
