1 0.857 0.893 0.474 0.359 0.195 0.144 0.246 0.226 0.321 0.123 0.029 0.042 0.601 0.574 0.197 0.23 0.03 0.031 0.611 0.191 0 0.149 0.104 0.629 0.322 0.319 0.015 0.036 0.188 0.074 0.076 0.24 0.233 0.134 0 0.044 0.053 0.094 0.035 0.11 0.023 0.027 0.001 0.001 0.048 0.011 0.092 0.04 0.026 0.003 0.106 0.013 0.009 0.039 0.001 0.074 0.001 0.001 0.02 0.007 0.027 0.037 0.007 0.012 0.034 0.006 0.002 0.009 0.043 0.008 0.023 0 0 0.008 0.006 0 0.033 0.032 0.017 0.001
0.857 1 0.929 0.463 0.343 0.223 0.164 0.28 0.257 0.303 0.14 0.026 0.048 0.635 0.606 0.224 0.215 0.034 0.028 0.607 0.218 0 0.153 0.099 0.645 0.307 0.306 0.027 0.031 0.215 0.085 0.088 0.236 0.227 0.129 0 0.051 0.046 0.108 0.046 0.103 0.02 0.035 0 0.004 0.046 0.015 0.066 0.039 0.023 0.002 0.088 0.015 0.008 0.032 0.001 0.086 0.001 0.002 0.024 0.003 0.033 0.044 0.005 0.01 0.028 0.005 0.001 0.012 0.05 0.016 0.026 0 0 0.015 0.004 0 0.038 0.037 0.021 0
0.893 0.929 1 0.506 0.402 0.218 0.161 0.274 0.252 0.34 0.137 0.026 0.047 0.677 0.646 0.219 0.258 0.033 0.028 0.666 0.213 0 0.158 0.105 0.706 0.362 0.345 0.027 0.032 0.21 0.083 0.086 0.273 0.252 0.148 0 0.05 0.064 0.105 0.043 0.12 0.022 0.036 0 0.003 0.061 0.015 0.104 0.053 0.032 0.002 0.097 0.015 0.008 0.045 0.001 0.084 0.001 0.001 0.023 0.009 0.032 0.042 0.005 0.01 0.039 0.005 0.002 0.007 0.049 0.009 0.029 0 0.001 0.016 0.01 0 0.037 0.036 0.02 0.001
0.474 0.463 0.506 1 0.226 0.094 0.064 0.149 0.136 0.771 0.074 0.048 0.025 0.334 0.341 0.095 0.146 0.018 0.052 0.326 0.092 0.012 0.301 0.286 0.356 0.192 0.622 0 0.054 0.089 0.045 0.045 0.132 0.514 0.329 0.023 0.015 0.011 0.043 0.005 0.38 0.041 0.185 0.023 0.009 0.003 0.027 0.052 0.001 0.003 0.181 0.22 0.002 0.016 0 0.032 0.041 0.032 0.013 0.006 0.005 0.011 0.017 0.011 0.002 0 0.013 0.001 0.018 0.017 0.033 0 0.001 0.024 0.029 0.004 0.002 0.017 0.019 0.003 0.007
0.359 0.343 0.402 0.226 1 0.03 0.022 0.562 0.534 0.27 0.27 0.011 0.006 0.453 0.437 0.03 0.571 0.077 0.012 0.459 0.029 0.029 0.074 0.123 0.472 0.812 0.251 0.012 0.014 0.031 0.011 0.013 0.631 0.196 0.143 0 0.01 0.223 0.017 0.165 0.122 0.009 0.034 0.031 0.002 0.001 0.007 0 0.002 0.056 0.043 0.029 0.005 0.003 0.004 0.033 0.003 0.032 0.004 0.003 0.003 0.003 0.008 0.002 0.006 0.003 0.005 0.001 0.003 0.002 0.011 0.005 0.002 0.001 0.006 0.001 0.001 0.001 0.077 0.001 0.003
0.195 0.223 0.218 0.094 0.03 1 0.737 0.019 0.018 0.136 0.01 0.006 0.215 0.25 0.237 0.958 0.02 0.002 0.006 0.246 0.98 0.021 0.032 0.065 0.252 0.031 0.149 0.006 0.007 0.934 0.38 0.409 0.03 0.1 0.059 0.003 0.214 0.03 0.467 0.027 0.05 0.005 0.001 0.012 0.015 0.03 0.004 0.243 0.027 0.043 0.01 0.04 0.09 0.002 0.026 0.014 0.284 0.014 0.019 0.041 0.001 0.117 0.006 0 0.078 0.017 0 0.002 0.004 0.151 0.002 0.011 0 0.001 0.004 0.001 0.002 0.128 0.003 0.043 0
0.144 0.164 0.161 0.064 0.022 0.737 1 0.014 0.013 0.102 0.007 0.004 0.002 0.187 0.177 0.709 0.015 0.002 0.005 0.183 0.726 0.015 0.024 0.048 0.187 0.023 0.11 0.004 0.005 0.691 0.515 0.556 0.022 0.063 0.033 0.002 0.294 0.022 0.638 0.02 0.027 0.004 0.02 0.007 0.009 0.062 0.003 0.337 0.058 0.027 0.051 0.027 0.099 0.001 0.057 0.008 0.389 0.008 0.012 0.048 0.001 0.163 0.004 0 0.109 0.042 0 0.004 0.003 0.208 0 0.03 0 0.003 0.003 0 0.001 0.175 0.002 0.051 0
0.246 0.28 0.274 0.149 0.562 0.019 0.014 1 0.918 0.175 0.5 0.007 0.004 0.289 0.273 0.019 0.781 0.003 0.008 0.295 0.019 0.016 0.048 0.074 0.303 0.529 0.177 0.008 0.009 0.02 0.007 0.009 0.546 0.187 0.14 0 0.006 0.315 0.011 0.307 0.127 0.006 0.021 0.02 0 0.002 0.005 0.011 0.003 0.122 0.127 0.056 0.003 0.002 0.006 0.022 0.007 0.022 0 0.005 0.002 0.008 0.007 0 0.004 0.004 0.003 0.002 0.005 0.007 0.017 0.004 0 0 0.005 0.001 0.002 0.005 0.134 0.006 0.001
0.226 0.257 0.252 0.136 0.534 0.018 0.013 0.918 1 0.16 0.545 0.007 0.004 0.263 0.249 0.018 0.731 0.003 0.007 0.268 0.017 0.014 0.044 0.067 0.276 0.479 0.161 0.007 0.008 0.018 0.007 0.008 0.494 0.169 0.127 0 0.006 0.27 0.01 0.26 0.115 0.006 0.019 0.017 0.001 0.001 0.004 0.011 0.002 0.103 0.108 0.053 0.003 0.002 0.004 0.02 0.006 0.019 0 0.005 0.001 0.007 0.007 0 0.003 0.002 0.003 0.002 0.004 0.006 0.015 0.002 0 0 0.004 0 0 0.005 0.147 0.006 0
0.321 0.303 0.34 0.771 0.27 0.136 0.102 0.175 0.16 1 0.087 0.041 0.03 0.442 0.45 0.14 0.172 0.021 0.044 0.429 0.136 0.123 0.264 0.465 0.463 0.233 0.786 0 0.042 0.132 0.053 0.053 0.161 0.654 0.442 0.028 0.03 0.02 0.065 0.011 0.512 0.035 0.219 0.121 0.067 0.009 0.024 0.063 0.012 0.017 0.236 0.207 0.011 0.013 0.016 0.132 0.05 0.134 0.081 0.016 0.045 0.015 0.037 0.007 0.004 0.017 0.01 0.001 0.019 0.029 0.041 0.023 0.006 0.029 0.033 0.036 0 0.021 0.022 0.012 0.015
0.123 0.14 0.137 0.074 0.27 0.01 0.007 0.5 0.545 0.087 1 0.004 0.002 0.16 0.151 0.01 0.47 0.001 0.004 0.163 0.009 0.013 0.024 0.045 0.167 0.27 0.1 0.004 0.004 0.01 0.004 0.004 0.279 0.106 0.08 0.003 0.003 0.167 0.006 0.145 0.074 0.003 0.006 0.015 0 0.003 0.002 0.006 0.004 0.038 0.077 0.036 0.002 0.001 0.004 0.016 0.002 0.016 0.001 0.003 0.006 0.004 0.003 0.003 0.002 0.006 0.002 0.001 0.002 0.003 0.008 0.006 0.003 0.001 0.002 0.004 0.001 0.003 0.049 0.003 0.004
0.029 0.026 0.026 0.048 0.011 0.006 0.004 0.007 0.007 0.041 0.004 1 0.001 0.016 0.014 0.006 0.008 0.001 0.002 0.01 0.006 0.185 0.013 0.049 0.021 0.012 0.036 0.002 0.003 0.006 0.002 0.003 0.005 0.028 0.037 0.001 0 0.011 0.001 0.01 0.042 0.002 0.01 0.139 0.107 0.084 0.001 0.001 0.12 0.042 0.025 0.002 0.001 0.335 0.078 0.125 0.001 0.11 0.085 0.002 0.087 0 0.001 0.26 0.026 0.066 0.29 0.021 0.001 0 0 0.073 0.075 0.001 0.001 0.056 0 0 0.001 0.002 0.132
0.042 0.048 0.047 0.025 0.006 0.215 0.002 0.004 0.004 0.03 0.002 0.001 1 0.055 0.052 0.214 0.004 0.001 0.001 0.056 0.219 0.004 0.008 0.015 0.057 0.007 0.034 0.001 0.001 0.209 0.001 0.001 0.006 0.036 0.029 0.034 0.001 0.006 0.002 0.006 0.025 0.001 0.103 0.005 0.006 0.009 0.001 0.002 0.009 0.015 0.037 0.012 0.002 0 0.009 0.006 0.001 0.006 0.007 0 0.008 0.001 0.001 0.001 0.001 0.009 0.001 0 0.001 0.001 0.003 0.009 0.001 0.025 0.001 0.007 0 0.001 0.001 0 0.001
0.601 0.635 0.677 0.334 0.453 0.25 0.187 0.289 0.263 0.442 0.16 0.016 0.055 1 0.939 0.255 0.32 0.039 0.019 0.833 0.249 0.069 0.126 0.235 0.878 0.449 0.473 0.019 0.022 0.256 0.096 0.114 0.333 0.361 0.254 0 0.068 0.098 0.134 0.07 0.225 0.019 0.021 0.065 0.023 0.005 0.013 0.132 0.003 0.006 0.014 0.073 0.022 0.007 0.002 0.07 0.109 0.07 0.032 0.033 0.009 0.046 0.018 0.011 0.014 0.001 0.001 0.007 0.006 0.068 0.013 0 0.01 0 0.013 0.005 0 0.052 0.044 0.03 0.013
0.574 0.606 0.646 0.341 0.437 0.237 0.177 0.273 0.249 0.45 0.151 0.014 0.052 0.939 1 0.242 0.303 0.037 0.02 0.789 0.237 0.068 0.132 0.241 0.832 0.426 0.465 0.015 0.023 0.243 0.091 0.108 0.315 0.362 0.255 0 0.073 0.09 0.136 0.064 0.226 0.02 0.016 0.066 0.025 0.004 0.013 0.134 0.003 0.004 0.015 0.072 0.021 0.008 0.001 0.072 0.111 0.072 0.034 0.031 0.01 0.049 0.015 0.012 0.013 0.001 0.002 0.006 0.003 0.073 0.014 0 0.01 0 0.004 0.005 0 0.057 0.041 0.027 0.014
0.197 0.224 0.219 0.095 0.03 0.958 0.709 0.019 0.018 0.14 0.01 0.006 0.214 0.255 0.242 1 0.021 0.002 0.006 0.244 0.974 0.021 0.038 0.071 0.267 0.031 0.159 0.006 0.007 0.976 0.377 0.406 0.03 0.109 0.066 0.003 0.252 0.03 0.507 0.028 0.056 0.005 0.001 0.013 0.015 0.035 0.004 0.272 0.032 0.037 0.011 0.045 0.089 0.002 0.031 0.014 0.317 0.014 0.02 0.041 0.001 0.142 0.006 0.001 0.077 0.019 0 0.002 0.004 0.182 0.002 0.013 0.001 0.001 0.004 0.001 0.002 0.127 0.003 0.042 0.001
0.23 0.215 0.258 0.146 0.571 0.02 0.015 0.781 0.731 0.172 0.47 0.008 0.004 0.32 0.303 0.021 1 0.003 0.008 0.346 0.02 0.028 0.051 0.095 0.356 0.586 0.212 0.008 0.009 0.021 0.008 0.009 0.605 0.21 0.16 0 0.007 0.344 0.012 0.257 0.145 0.006 0.018 0.026 0 0 0.005 0 0 0.123 0.108 0.053 0.003 0.003 0.001 0.029 0.007 0.028 0.001 0.006 0 0.008 0.008 0.007 0.004 0 0.004 0.003 0.005 0.007 0.003 0.002 0.007 0 0.005 0.001 0.002 0.006 0.126 0.006 0.008
0.03 0.034 0.033 0.018 0.077 0.002 0.002 0.003 0.003 0.021 0.001 0.001 0.001 0.039 0.037 0.002 0.003 1 0.001 0.04 0.002 0.003 0.006 0.011 0.041 0.075 0.024 0.001 0.001 0.002 0.001 0.001 0.078 0.026 0.02 0 0.001 0.005 0.001 0.004 0.018 0.001 0.004 0.004 0.004 0.007 0.001 0.001 0.007 0.011 0.01 0.002 0 0 0.006 0.004 0.001 0.004 0.004 0.001 0.005 0.001 0.001 0 0 0.006 0 0 0.001 0.001 0.002 0.006 0.001 0.001 0 0.004 0 0.001 0 0.001 0.001
0.031 0.028 0.028 0.052 0.012 0.006 0.005 0.008 0.007 0.044 0.004 0.002 0.001 0.019 0.02 0.006 0.008 0.001 1 0.024 0.006 0.293 0.015 0.086 0.023 0.012 0.039 0.002 0.883 0.006 0.002 0.003 0.012 0.035 0.036 0.001 0.002 0.012 0.004 0.011 0.05 0.002 0.01 0.244 0.217 0.14 0.001 0.004 0.133 0.035 0.026 0.02 0.001 0.001 0.133 0.21 0.003 0.218 0.184 0.002 0.163 0.002 0.002 0.001 0.001 0.12 0.001 0 0.002 0.002 0.425 0.138 0 0.002 0.001 0.145 0 0.002 0.001 0.002 0.001
0.611 0.607 0.666 0.326 0.459 0.246 0.183 0.295 0.268 0.429 0.163 0.01 0.056 0.833 0.789 0.244 0.346 0.04 0.024 1 0.254 0.06 0.132 0.231 0.936 0.51 0.511 0.023 0.021 0.234 0.098 0.103 0.386 0.372 0.248 0 0.048 0.09 0.112 0.063 0.213 0.017 0.021 0.052 0.015 0.006 0.014 0.111 0.004 0.009 0.011 0.091 0.023 0.007 0.004 0.049 0.088 0.051 0.018 0.034 0.003 0.031 0.023 0.013 0.018 0.002 0.004 0.003 0.009 0.049 0.004 0 0.012 0 0.013 0.002 0 0.045 0.043 0.03 0.015
0.191 0.218 0.213 0.092 0.029 0.98 0.726 0.019 0.017 0.136 0.009 0.006 0.219 0.249 0.237 0.974 0.02 0.002 0.006 0.254 1 0.021 0.037 0.07 0.26 0.031 0.155 0.006 0.007 0.95 0.386 0.416 0.029 0.105 0.063 0.003 0.218 0.03 0.475 0.027 0.054 0.005 0.002 0.012 0.015 0.031 0.004 0.248 0.028 0.042 0.01 0.043 0.091 0.002 0.027 0.014 0.289 0.014 0.019 0.042 0.001 0.119 0.006 0.001 0.079 0.016 0 0.002 0.004 0.154 0.001 0.01 0.001 0.001 0.004 0.001 0.002 0.131 0.003 0.044 0.001
0 0 0 0.012 0.029 0.021 0.015 0.016 0.014 0.123 0.013 0.185 0.004 0.069 0.068 0.021 0.028 0.003 0.293 0.06 0.021 1 0.05 0.289 0.079 0.042 0.129 0.008 0.305 0.02 0.008 0.009 0.032 0.11 0.133 0.004 0.003 0.04 0.008 0.035 0.16 0.007 0.034 0.769 0.612 0.455 0.004 0.008 0.432 0.165 0.084 0.039 0.003 0.062 0.429 0.688 0.006 0.667 0.555 0.006 0.481 0.004 0.196 0.051 0.002 0.379 0.087 0.009 0.005 0.003 0.217 0.435 0.077 0.005 0.004 0.394 0.001 0.002 0.004 0.007 0.101
0.149 0.153 0.158 0.301 0.074 0.032 0.024 0.048 0.044 0.264 0.024 0.013 0.008 0.126 0.132 0.038 0.051 0.006 0.015 0.132 0.037 0.05 1 0.431 0.136 0.072 0.229 0.015 0.012 0.037 0.014 0.017 0.04 0.172 0.035 0.007 0.012 0.026 0.022 0.035 0.046 0.067 0.053 0.041 0.047 0.082 0.079 0.021 0.085 0.007 0.006 0.147 0.001 0.005 0.056 0.022 0.016 0.02 0.028 0 0.037 0.001 0.015 0.002 0.007 0.049 0.005 0.005 0.003 0.012 0.006 0.049 0.002 0.006 0.01 0.033 0.009 0.009 0.005 0 0.001
0.104 0.099 0.105 0.286 0.123 0.065 0.048 0.074 0.067 0.465 0.045 0.049 0.015 0.235 0.241 0.071 0.095 0.011 0.086 0.231 0.07 0.289 0.431 1 0.268 0.145 0.441 0.028 0.097 0.073 0.027 0.032 0.085 0.346 0.168 0.014 0.016 0 0.035 0.002 0.208 0.028 0.109 0.237 0.163 0.071 0.042 0.034 0.062 0.064 0.069 0.026 0.004 0.015 0.088 0.249 0.027 0.246 0.177 0.007 0.131 0.005 0.049 0.017 0 0.08 0.024 0.001 0.009 0.017 0.083 0.094 0.029 0.014 0.017 0.104 0.005 0.012 0.011 0.004 0.045
0.629 0.645 0.706 0.356 0.472 0.252 0.187 0.303 0.276 0.463 0.167 0.021 0.057 0.878 0.832 0.267 0.356 0.041 0.023 0.936 0.26 0.079 0.136 0.268 1 0.536 0.548 0.023 0.026 0.257 0.101 0.106 0.398 0.402 0.273 0 0.063 0.094 0.13 0.066 0.238 0.018 0.02 0.067 0.023 0.004 0.013 0.129 0.003 0.005 0.014 0.089 0.024 0.007 0.001 0.072 0.105 0.071 0.032 0.043 0.01 0.042 0.022 0.013 0.014 0 0.004 0.003 0.008 0.063 0.011 0 0.011 0 0.013 0.006 0 0.047 0.044 0.038 0.015
0.322 0.307 0.362 0.192 0.812 0.031 0.023 0.529 0.479 0.233 0.27 0.012 0.007 0.449 0.426 0.031 0.586 0.075 0.012 0.51 0.031 0.042 0.072 0.145 0.536 1 0.282 0.012 0.014 0.032 0.012 0.014 0.773 0.213 0.153 0.006 0.01 0.254 0.018 0.193 0.135 0.01 0.051 0.043 0.006 0.004 0.007 0 0.005 0.062 0.039 0.034 0.003 0.003 0.008 0.045 0.004 0.044 0.008 0.007 0.006 0.003 0.012 0.011 0.006 0.006 0.005 0.001 0.003 0.002 0.007 0.009 0.01 0.008 0.006 0.002 0 0.001 0.083 0.005 0.012
0.319 0.306 0.345 0.622 0.251 0.149 0.11 0.177 0.161 0.786 0.1 0.036 0.034 0.473 0.465 0.159 0.212 0.024 0.039 0.511 0.155 0.129 0.229 0.441 0.548 0.282 1 0.038 0.044 0.154 0.06 0.061 0.229 0.815 0.585 0.03 0.035 0.031 0.075 0.018 0.516 0.027 0.144 0.124 0.067 0.007 0.02 0.073 0.009 0.011 0.19 0.181 0.01 0.012 0.013 0.134 0.059 0.131 0.074 0.006 0.045 0.019 0.038 0.017 0.005 0.013 0.009 0.001 0.016 0.034 0.032 0.021 0.015 0.032 0.038 0.037 0.001 0.025 0.026 0.004 0.028
0.015 0.027 0.027 0 0.012 0.006 0.004 0.008 0.007 0 0.004 0.002 0.001 0.019 0.015 0.006 0.008 0.001 0.002 0.023 0.006 0.008 0.015 0.028 0.023 0.012 0.038 1 0.003 0.006 0.002 0.003 0.012 0.035 0.045 0.001 0.002 0.012 0.003 0.011 0.001 0.002 0.038 0.01 0.011 0.017 0 0.004 0.012 0.013 0.006 0.001 0.001 0.001 0.012 0.006 0.003 0.006 0.008 0.002 0.009 0.002 0.002 0.002 0.001 0.012 0.001 0.001 0.079 0.002 0.001 0.011 0.002 0.001 0.002 0.007 0.001 0.001 0.001 0.002 0.002
0.036 0.031 0.032 0.054 0.014 0.007 0.005 0.009 0.008 0.042 0.004 0.003 0.001 0.022 0.023 0.007 0.009 0.001 0.883 0.021 0.007 0.305 0.012 0.097 0.026 0.014 0.044 0.003 1 0.007 0.003 0.003 0.014 0.04 0.042 0.001 0.002 0.014 0.004 0.012 0.057 0.002 0.011 0.253 0.225 0.144 0.002 0.004 0.137 0.034 0.03 0.017 0.001 0.001 0.136 0.218 0.004 0.215 0.19 0.002 0.167 0.003 0.003 0.001 0.001 0.104 0.001 0.001 0.002 0.002 0.445 0.142 0.001 0.002 0.001 0.153 0 0.002 0.001 0.001 0.001
0.188 0.215 0.21 0.089 0.031 0.934 0.691 0.02 0.018 0.132 0.01 0.006 0.209 0.256 0.243 0.976 0.021 0.002 0.006 0.234 0.95 0.02 0.037 0.073 0.257 0.032 0.154 0.006 0.007 1 0.369 0.398 0.031 0.112 0.069 0.002 0.273 0.031 0.527 0.028 0.059 0.005 0.001 0.013 0.016 0.038 0.004 0.288 0.034 0.035 0.011 0.047 0.087 0.002 0.034 0.015 0.335 0.015 0.02 0.04 0.001 0.158 0.006 0.001 0.075 0.021 0 0.002 0.004 0.201 0.002 0.014 0.001 0.001 0.004 0.002 0.002 0.146 0.003 0.041 0.002
0.074 0.085 0.083 0.045 0.011 0.38 0.515 0.007 0.007 0.053 0.004 0.002 0.001 0.096 0.091 0.377 0.008 0.001 0.002 0.098 0.386 0.008 0.014 0.027 0.101 0.012 0.06 0.002 0.003 0.369 1 0.845 0.011 0.016 0.01 0.001 0.013 0.011 0.315 0.01 0.008 0.002 0.01 0.004 0.005 0.019 0.001 0.123 0.017 0.019 0.026 0.015 0.024 0.001 0.017 0.005 0.143 0.005 0.007 0.011 0.006 0.123 0.002 0 0 0.011 0.003 0.006 0.001 0.144 0.005 0.005 0 0.001 0.001 0.004 0.001 0.104 0.001 0.016 0
0.076 0.088 0.086 0.045 0.013 0.409 0.556 0.009 0.008 0.053 0.004 0.003 0.001 0.114 0.108 0.406 0.009 0.001 0.003 0.103 0.416 0.009 0.017 0.032 0.106 0.014 0.061 0.003 0.003 0.398 0.845 1 0.014 0.02 0.017 0.001 0.054 0.009 0.374 0.008 0.013 0.002 0.012 0.006 0.007 0.027 0.002 0.173 0.025 0.024 0.024 0.019 0.019 0.001 0.025 0.006 0.2 0.006 0.009 0.008 0.001 0.1 0.003 0 0.028 0.018 0.002 0.004 0.002 0.119 0 0.01 0 0.002 0.002 0 0.001 0.085 0.001 0.012 0
0.24 0.236 0.273 0.132 0.631 0.03 0.022 0.546 0.494 0.161 0.279 0.005 0.006 0.333 0.315 0.03 0.605 0.078 0.012 0.386 0.029 0.032 0.04 0.085 0.398 0.773 0.229 0.012 0.014 0.031 0.011 0.014 1 0.291 0.227 0.006 0.01 0.362 0.018 0.291 0.205 0.009 0.049 0.034 0.003 0.002 0.007 0 0.002 0.114 0.074 0.063 0.005 0.003 0.005 0.037 0.003 0.036 0.005 0.008 0.004 0.003 0.01 0.01 0.006 0.005 0.005 0.001 0.007 0.001 0.004 0.006 0.01 0.007 0.006 0.002 0.001 0.001 0.085 0.009 0.011
0.233 0.227 0.252 0.514 0.196 0.1 0.063 0.187 0.169 0.654 0.106 0.028 0.036 0.361 0.362 0.109 0.21 0.026 0.035 0.372 0.105 0.11 0.172 0.346 0.402 0.213 0.815 0.035 0.04 0.112 0.016 0.02 0.291 1 0.743 0.032 0.054 0.062 0.098 0.044 0.667 0.028 0.159 0.124 0.066 0.003 0.019 0.096 0.006 0.001 0.26 0.23 0.011 0.011 0.008 0.136 0.08 0.134 0.074 0 0.043 0.033 0.035 0.015 0.006 0.008 0.008 0.001 0.022 0.054 0.036 0.015 0.014 0.035 0.043 0.036 0.001 0.043 0.028 0 0.025
0.134 0.129 0.148 0.329 0.143 0.059 0.033 0.14 0.127 0.442 0.08 0.037 0.029 0.254 0.255 0.066 0.16 0.02 0.036 0.248 0.063 0.133 0.035 0.168 0.273 0.153 0.585 0.045 0.042 0.069 0.01 0.017 0.227 0.743 1 0.025 0.035 0.258 0.07 0.232 0.863 0.036 0.111 0.152 0.093 0.015 0.026 0.075 0.02 0.002 0.397 0.209 0.005 0.014 0.025 0.167 0.066 0.161 0.102 0 0.069 0.024 0.045 0.02 0.003 0.022 0.011 0 0.028 0.032 0.038 0.034 0.017 0.025 0.033 0.058 0.002 0.033 0.019 0.002 0.031
0 0 0 0.023 0 0.003 0.002 0 0 0.028 0.003 0.001 0.034 0 0 0.003 0 0 0.001 0 0.003 0.004 0.007 0.014 0 0.006 0.03 0.001 0.001 0.002 0.001 0.001 0.006 0.032 0.025 1 0.001 0.006 0.002 0.005 0.023 0.001 0.113 0.005 0.005 0.009 0.001 0.002 0.009 0.013 0.044 0.011 0 0 0.009 0.005 0.002 0.005 0.006 0 0.007 0.001 0.001 0.001 0.001 0.009 0.001 0 0.001 0.001 0.003 0.009 0.001 0.76 0.001 0.006 0 0.001 0.001 0.001 0.001
0.044 0.051 0.05 0.015 0.01 0.214 0.294 0.006 0.006 0.03 0.003 0 0.001 0.068 0.073 0.252 0.007 0.001 0.002 0.048 0.218 0.003 0.012 0.016 0.063 0.01 0.035 0.002 0.002 0.273 0.013 0.054 0.01 0.054 0.035 0.001 1 0.01 0.461 0.009 0.038 0.002 0.009 0.007 0.008 0.031 0.001 0.199 0.028 0.008 0.022 0.018 0.239 0.001 0.028 0.008 0.228 0.008 0.01 0.13 0.001 0.076 0.002 0.002 0.127 0.019 0.001 0 0.001 0.09 0.004 0.017 0.002 0.001 0.001 0.002 0.001 0.072 0.001 0.113 0.002
0.053 0.046 0.064 0.011 0.223 0.03 0.022 0.315 0.27 0.02 0.167 0.011 0.006 0.098 0.09 0.03 0.344 0.005 0.012 0.09 0.03 0.04 0.026 0 0.094 0.254 0.031 0.012 0.014 0.031 0.011 0.009 0.362 0.062 0.258 0.006 0.01 1 0.018 0.892 0.229 0.009 0.053 0.04 0.046 0.046 0.1 0.001 0.05 0.169 0.292 0.032 0.005 0.004 0.05 0.044 0.014 0.041 0.051 0.008 0.035 0.012 0.011 0.009 0.006 0.046 0.005 0.001 0.007 0.01 0.008 0.057 0.007 0.007 0.008 0.027 0.017 0.008 0.005 0.009 0.01
0.094 0.108 0.105 0.043 0.017 0.467 0.638 0.011 0.01 0.065 0.006 0.001 0.002 0.134 0.136 0.507 0.012 0.001 0.004 0.112 0.475 0.008 0.022 0.035 0.13 0.018 0.075 0.003 0.004 0.527 0.315 0.374 0.018 0.098 0.07 0.002 0.461 0.018 1 0.016 0.069 0.003 0.016 0.008 0.01 0.094 0.002 0.47 0.088 0.011 0.04 0.033 0.127 0.001 0.088 0.009 0.538 0.009 0.012 0.064 0 0.3 0.004 0 0.089 0.075 0.001 0.006 0.002 0.351 0 0.057 0 0.002 0.002 0 0.001 0.273 0.002 0.054 0
0.035 0.046 0.043 0.005 0.165 0.027 0.02 0.307 0.26 0.011 0.145 0.01 0.006 0.07 0.064 0.028 0.257 0.004 0.011 0.063 0.027 0.035 0.035 0.002 0.066 0.193 0.018 0.011 0.012 0.028 0.01 0.008 0.291 0.044 0.232 0.005 0.009 0.892 0.016 1 0.212 0.009 0.048 0.037 0.042 0.068 0.113 0.016 0.071 0.138 0.319 0.026 0.004 0.004 0.072 0.04 0.012 0.037 0.048 0.008 0.055 0.011 0.011 0.008 0.005 0.066 0.005 0.003 0.007 0.009 0.018 0.066 0.007 0.007 0.007 0.046 0.02 0.007 0.004 0.009 0.009
0.11 0.103 0.12 0.38 0.122 0.05 0.027 0.127 0.115 0.512 0.074 0.042 0.025 0.225 0.226 0.056 0.145 0.018 0.05 0.213 0.054 0.16 0.046 0.208 0.238 0.135 0.516 0.001 0.057 0.059 0.008 0.013 0.205 0.667 0.863 0.023 0.038 0.229 0.069 0.212 1 0.041 0.191 0.182 0.114 0.026 0.023 0.067 0.033 0 0.485 0.241 0.007 0.016 0.039 0.199 0.058 0.192 0.125 0 0.09 0.02 0.051 0.023 0.002 0.036 0.013 0 0.019 0.028 0.052 0.05 0.02 0.023 0.03 0.076 0.003 0.03 0.02 0.002 0.036
0.023 0.02 0.022 0.041 0.009 0.005 0.004 0.006 0.006 0.035 0.003 0.002 0.001 0.019 0.02 0.005 0.006 0.001 0.002 0.017 0.005 0.007 0.067 0.028 0.018 0.01 0.027 0.002 0.002 0.005 0.002 0.002 0.009 0.028 0.036 0.001 0.002 0.009 0.003 0.009 0.041 1 0.002 0.006 0.007 0.012 0.001 0.003 0.013 0.011 0.021 0.035 0.001 0.001 0.012 0.007 0.003 0.007 0.004 0.001 0.01 0.002 0.002 0.002 0.001 0.012 0.001 0.001 0.001 0.002 0.003 0.012 0.002 0.001 0.001 0.008 0.001 0.001 0.001 0.002 0.002
0.027 0.035 0.036 0.185 0.034 0.001 0.02 0.021 0.019 0.219 0.006 0.01 0.103 0.021 0.016 0.001 0.018 0.004 0.01 0.021 0.002 0.034 0.053 0.109 0.02 0.051 0.144 0.038 0.011 0.001 0.01 0.012 0.049 0.159 0.111 0.113 0.009 0.053 0.016 0.048 0.191 0.002 1 0.043 0.046 0.073 0.006 0.016 0.076 0.106 0.359 0.071 0.001 0.003 0.077 0.047 0.014 0.047 0.055 0.003 0.062 0.004 0.011 0.01 0.005 0.075 0.005 0.003 0.007 0.009 0.024 0.073 0.009 0.124 0.137 0.053 0.003 0.007 0.003 0.005 0.01
0.001 0 0 0.023 0.031 0.012 0.007 0.02 0.017 0.121 0.015 0.139 0.005 0.065 0.066 0.013 0.026 0.004 0.244 0.052 0.012 0.769 0.041 0.237 0.067 0.043 0.124 0.01 0.253 0.013 0.004 0.006 0.034 0.124 0.152 0.005 0.007 0.04 0.008 0.037 0.182 0.006 0.043 1 0.812 0.575 0.006 0.015 0.547 0.215 0.11 0.043 0.004 0.052 0.543 0.899 0.013 0.874 0.73 0.007 0.634 0.01 0.247 0.102 0.005 0.478 0.108 0.025 0.006 0.003 0.23 0.535 0.135 0.006 0.006 0.554 0.002 0.007 0.004 0.008 0.161
0.001 0.004 0.003 0.009 0.002 0.015 0.009 0 0.001 0.067 0 0.107 0.006 0.023 0.025 0.015 0 0.004 0.217 0.015 0.015 0.612 0.047 0.163 0.023 0.006 0.067 0.011 0.225 0.016 0.005 0.007 0.003 0.066 0.093 0.005 0.008 0.046 0.01 0.042 0.114 0.007 0.046 0.812 1 0.645 0.006 0.016 0.613 0.267 0.123 0.057 0.004 0.034 0.579 0.726 0.011 0.709 0.821 0.008 0.678 0.011 0.173 0.089 0.003 0.529 0.081 0.021 0.007 0.004 0.198 0.587 0.106 0.007 0.007 0.635 0.002 0.008 0.089 0.009 0.129
0.048 0.046 0.061 0.003 0.001 0.03 0.062 0.002 0.001 0.009 0.003 0.084 0.009 0.005 0.004 0.035 0 0.007 0.14 0.006 0.031 0.455 0.082 0.071 0.004 0.004 0.007 0.017 0.144 0.038 0.019 0.027 0.002 0.003 0.015 0.009 0.031 0.046 0.094 0.068 0.026 0.012 0.073 0.575 0.645 1 0.01 0.208 0.952 0.185 0.192 0.102 0.007 0.028 0.912 0.505 0.175 0.49 0.569 0.012 0.659 0.086 0.142 0.052 0.069 0.807 0.062 0.043 0.011 0.115 0.195 0.793 0.074 0.011 0.011 0.591 0.004 0.094 0.06 0.013 0.088
0.011 0.015 0.015 0.027 0.007 0.004 0.003 0.005 0.004 0.024 0.002 0.001 0.001 0.013 0.013 0.004 0.005 0.001 0.001 0.014 0.004 0.004 0.079 0.042 0.013 0.007 0.02 0 0.002 0.004 0.001 0.002 0.007 0.019 0.026 0.001 0.001 0.1 0.002 0.113 0.023 0.001 0.006 0.006 0.006 0.01 1 0.002 0.011 0.004 0.023 0.019 0.001 0 0.011 0.006 0.002 0.006 0.008 0.001 0.009 0.001 0.001 0.001 0.001 0.01 0.001 0 0.001 0.001 0.003 0.01 0.001 0.001 0.001 0.007 0 0.001 0 0.001 0.001
0.092 0.066 0.104 0.052 0 0.243 0.337 0.011 0.011 0.063 0.006 0.001 0.002 0.132 0.134 0.272 0 0.001 0.004 0.111 0.248 0.008 0.021 0.034 0.129 0 0.073 0.004 0.004 0.288 0.123 0.173 0 0.096 0.075 0.002 0.199 0.001 0.47 0.016 0.067 0.003 0.016 0.015 0.016 0.208 0.002 1 0.203 0.002 0.041 0.034 0.001 0.001 0.201 0.016 0.807 0.016 0.018 0.003 0.009 0.466 0.004 0.003 0.137 0.161 0.002 0.019 0.002 0.495 0.007 0.108 0.003 0.002 0.002 0.007 0.001 0.466 0.002 0.003 0.004
0.04 0.039 0.053 0.001 0.002 0.027 0.058 0.003 0.002 0.012 0.004 0.12 0.009 0.003 0.003 0.032 0 0.007 0.133 0.004 0.028 0.432 0.085 0.062 0.003 0.005 0.009 0.012 0.137 0.034 0.017 0.025 0.002 0.006 0.02 0.009 0.028 0.05 0.088 0.071 0.033 0.013 0.076 0.547 0.613 0.952 0.011 0.203 1 0.177 0.202 0.091 0.007 0.042 0.899 0.503 0.172 0.488 0.563 0.012 0.649 0.085 0.136 0.084 0.066 0.797 0.059 0.041 0.011 0.114 0.203 0.784 0.07 0.011 0.011 0.585 0.004 0.094 0.057 0.014 0.083
0.026 0.023 0.032 0.003 0.056 0.043 0.027 0.122 0.103 0.017 0.038 0.042 0.015 0.006 0.004 0.037 0.123 0.011 0.035 0.009 0.042 0.165 0.007 0.064 0.005 0.062 0.011 0.013 0.034 0.035 0.019 0.024 0.114 0.001 0.002 0.013 0.008 0.169 0.011 0.138 0 0.011 0.106 0.215 0.267 0.185 0.004 0.002 0.177 1 0.001 0.064 0.011 0.012 0.192 0.227 0.013 0.228 0.249 0.02 0.237 0.006 0.054 0.024 0.001 0.188 0.032 0.016 0.006 0.005 0.072 0.184 0.036 0.018 0.017 0.232 0.006 0.01 0.026 0.022 0.049
0.003 0.002 0.002 0.181 0.043 0.01 0.051 0.127 0.108 0.236 0.077 0.025 0.037 0.014 0.015 0.011 0.108 0.01 0.026 0.011 0.01 0.084 0.006 0.069 0.014 0.039 0.19 0.006 0.03 0.011 0.026 0.024 0.074 0.26 0.397 0.044 0.022 0.292 0.04 0.319 0.485 0.021 0.359 0.11 0.123 0.192 0.023 0.041 0.202 0.001 1 0.134 0.006 0.009 0.204 0.121 0.036 0.119 0.147 0.014 0.166 0.027 0.027 0.024 0.013 0.198 0.012 0.008 0.017 0.024 0.061 0.195 0.022 0.047 0.053 0.142 0.008 0.019 0.012 0.017 0.027
0.106 0.088 0.097 0.22 0.029 0.04 0.027 0.056 0.053 0.207 0.036 0.002 0.012 0.073 0.072 0.045 0.053 0.002 0.02 0.091 0.043 0.039 0.147 0.026 0.089 0.034 0.181 0.001 0.017 0.047 0.015 0.019 0.063 0.23 0.209 0.011 0.018 0.032 0.033 0.026 0.241 0.035 0.071 0.043 0.057 0.102 0.019 0.034 0.091 0.064 0.134 1 0.009 0.002 0.11 0.05 0.03 0.049 0.065 0.002 0.07 0.006 0.003 0 0.011 0.095 0.006 0.001 0.045 0.02 0.038 0.09 0.006 0.007 0.015 0.061 0 0.016 0.009 0 0.006
0.013 0.015 0.015 0.002 0.005 0.09 0.099 0.003 0.003 0.011 0.002 0.001 0.002 0.022 0.021 0.089 0.003 0 0.001 0.023 0.091 0.003 0.001 0.004 0.024 0.003 0.01 0.001 0.001 0.087 0.024 0.019 0.005 0.011 0.005 0 0.239 0.005 0.127 0.004 0.007 0.001 0.001 0.004 0.004 0.007 0.001 0.001 0.007 0.011 0.006 0.009 1 0 0.007 0.004 0.001 0.004 0.005 0.575 0.006 0.001 0.001 0.001 0 0.007 0 0 0.001 0.001 0.002 0.007 0.001 0 0.001 0.005 0 0.001 0 0.485 0.001
0.009 0.008 0.008 0.016 0.003 0.002 0.001 0.002 0.002 0.013 0.001 0.335 0 0.007 0.008 0.002 0.003 0 0.001 0.007 0.002 0.062 0.005 0.015 0.007 0.003 0.012 0.001 0.001 0.002 0.001 0.001 0.003 0.011 0.014 0 0.001 0.004 0.001 0.004 0.016 0.001 0.003 0.052 0.034 0.028 0 0.001 0.042 0.012 0.009 0.002 0 1 0.028 0.05 0.001 0.05 0.04 0.001 0.035 0.001 0.001 0.296 0 0.029 0.398 0 0 0.001 0.002 0.029 0.112 0 0 0.012 0 0.001 0 0.001 0.203
0.039 0.032 0.045 0 0.004 0.026 0.057 0.006 0.004 0.016 0.004 0.078 0.009 0.002 0.001 0.031 0.001 0.006 0.133 0.004 0.027 0.429 0.056 0.088 0.001 0.008 0.013 0.012 0.136 0.034 0.017 0.025 0.005 0.008 0.025 0.009 0.028 0.05 0.088 0.072 0.039 0.012 0.077 0.543 0.579 0.912 0.011 0.201 0.899 0.192 0.204 0.11 0.007 0.028 1 0.593 0.171 0.577 0.622 0.013 0.709 0.084 0.135 0.05 0.066 0.86 0.06 0.04 0.011 0.114 0.278 0.846 0.069 0.011 0.012 0.619 0.004 0.094 0.035 0.014 0.099
0.001 0.001 0.001 0.032 0.033 0.014 0.008 0.022 0.02 0.132 0.016 0.125 0.006 0.07 0.072 0.014 0.029 0.004 0.21 0.049 0.014 0.688 0.022 0.249 0.072 0.045 0.134 0.006 0.218 0.015 0.005 0.006 0.037 0.136 0.167 0.005 0.008 0.044 0.009 0.04 0.199 0.007 0.047 0.899 0.726 0.505 0.006 0.016 0.503 0.227 0.121 0.05 0.004 0.05 0.593 1 0.014 0.958 0.799 0.007 0.694 0.011 0.227 0.094 0.004 0.527 0.102 0.022 0.007 0.004 0.314 0.586 0.123 0.007 0.007 0.59 0.002 0.008 0.005 0.008 0.172
0.074 0.086 0.084 0.041 0.003 0.284 0.389 0.007 0.006 0.05 0.002 0.001 0.001 0.109 0.111 0.317 0.007 0.001 0.003 0.088 0.289 0.006 0.016 0.027 0.105 0.004 0.059 0.003 0.004 0.335 0.143 0.2 0.003 0.08 0.066 0.002 0.228 0.014 0.538 0.012 0.058 0.003 0.014 0.013 0.011 0.175 0.002 0.807 0.172 0.013 0.036 0.03 0.001 0.001 0.171 0.014 1 0.012 0.011 0.002 0.002 0.531 0.003 0.001 0.157 0.137 0.001 0 0.002 0.563 0 0.112 0.001 0.002 0.002 0 0.001 0.529 0 0.003 0.002
0.001 0.001 0.001 0.032 0.032 0.014 0.008 0.022 0.019 0.134 0.016 0.11 0.006 0.07 0.072 0.014 0.028 0.004 0.218 0.051 0.014 0.667 0.02 0.246 0.071 0.044 0.131 0.006 0.215 0.015 0.005 0.006 0.036 0.134 0.161 0.005 0.008 0.041 0.009 0.037 0.192 0.007 0.047 0.874 0.709 0.49 0.006 0.016 0.488 0.228 0.119 0.049 0.004 0.05 0.577 0.958 0.012 1 0.788 0.007 0.684 0.011 0.23 0.103 0.001 0.536 0.103 0.016 0.007 0.004 0.295 0.578 0.133 0.007 0.007 0.579 0.002 0.007 0.005 0.008 0.184
0.001 0.002 0.001 0.013 0.004 0.019 0.012 0 0 0.081 0.001 0.085 0.007 0.032 0.034 0.02 0.001 0.004 0.184 0.018 0.019 0.555 0.028 0.177 0.032 0.008 0.074 0.008 0.19 0.02 0.007 0.009 0.005 0.074 0.102 0.006 0.01 0.051 0.012 0.048 0.125 0.004 0.055 0.73 0.821 0.569 0.008 0.018 0.563 0.249 0.147 0.065 0.005 0.04 0.622 0.799 0.011 0.788 1 0.009 0.77 0.013 0.187 0.1 0.002 0.604 0.084 0.017 0.008 0.006 0.27 0.664 0.111 0.008 0.008 0.657 0.003 0.009 0.08 0.01 0.148
0.02 0.024 0.023 0.006 0.003 0.041 0.048 0.005 0.005 0.016 0.003 0.002 0 0.033 0.031 0.041 0.006 0.001 0.002 0.034 0.042 0.006 0 0.007 0.043 0.007 0.006 0.002 0.002 0.04 0.011 0.008 0.008 0 0 0 0.13 0.008 0.064 0.008 0 0.001 0.003 0.007 0.008 0.012 0.001 0.003 0.012 0.02 0.014 0.002 0.575 0.001 0.013 0.007 0.002 0.007 0.009 1 0.01 0.002 0.002 0.002 0.001 0.012 0.001 0.001 0.001 0.001 0.004 0.012 0.001 0 0.001 0.009 0 0.001 0.001 0.798 0.002
0.007 0.003 0.009 0.005 0.003 0.001 0.001 0.002 0.001 0.045 0.006 0.087 0.008 0.009 0.01 0.001 0 0.005 0.163 0.003 0.001 0.481 0.037 0.131 0.01 0.006 0.045 0.009 0.167 0.001 0.006 0.001 0.004 0.043 0.069 0.007 0.001 0.035 0 0.055 0.09 0.01 0.062 0.634 0.678 0.659 0.009 0.009 0.649 0.237 0.166 0.07 0.006 0.035 0.709 0.694 0.002 0.684 0.77 0.01 1 0.015 0.139 0.097 0.081 0.708 0.074 0.05 0.009 0.007 0.334 0.724 0.132 0.009 0.009 0.819 0.003 0.01 0.043 0.012 0.161
0.027 0.033 0.032 0.011 0.003 0.117 0.163 0.008 0.007 0.015 0.004 0 0.001 0.046 0.049 0.142 0.008 0.001 0.002 0.031 0.119 0.004 0.001 0.005 0.042 0.003 0.019 0.002 0.003 0.158 0.123 0.1 0.003 0.033 0.024 0.001 0.076 0.012 0.3 0.011 0.02 0.002 0.004 0.01 0.011 0.086 0.001 0.466 0.085 0.006 0.027 0.006 0.001 0.001 0.084 0.011 0.531 0.011 0.013 0.002 0.015 1 0.002 0.002 0.001 0.086 0.001 0.001 0.002 0.743 0.005 0.068 0.002 0.002 0.002 0.013 0.001 0.698 0.001 0.002 0.002
0.037 0.044 0.042 0.017 0.008 0.006 0.004 0.007 0.007 0.037 0.003 0.001 0.001 0.018 0.015 0.006 0.008 0.001 0.002 0.023 0.006 0.196 0.015 0.049 0.022 0.012 0.038 0.002 0.003 0.006 0.002 0.003 0.01 0.035 0.045 0.001 0.002 0.011 0.004 0.011 0.051 0.002 0.011 0.247 0.173 0.142 0.001 0.004 0.136 0.054 0.027 0.003 0.001 0.001 0.135 0.227 0.003 0.23 0.187 0.002 0.139 0.002 1 0 0.001 0.125 0.005 0.002 0.002 0.002 0.005 0.139 0 0.002 0.002 0.113 0.001 0.002 0.001 0.002 0
0.007 0.005 0.005 0.011 0.002 0 0 0 0 0.007 0.003 0.26 0.001 0.011 0.012 0.001 0.007 0 0.001 0.013 0.001 0.051 0.002 0.017 0.013 0.011 0.017 0.002 0.001 0.001 0 0 0.01 0.015 0.02 0.001 0.002 0.009 0 0.008 0.023 0.002 0.01 0.102 0.089 0.052 0.001 0.003 0.084 0.024 0.024 0 0.001 0.296 0.05 0.094 0.001 0.103 0.1 0.002 0.097 0.002 0 1 0.001 0.08 0.315 0.035 0.001 0.002 0.005 0.07 0.385 0.001 0.001 0.062 0.001 0.002 0.001 0.002 0.489
0.012 0.01 0.01 0.002 0.006 0.078 0.109 0.004 0.003 0.004 0.002 0.026 0.001 0.014 0.013 0.077 0.004 0 0.001 0.018 0.079 0.002 0.007 0 0.014 0.006 0.005 0.001 0.001 0.075 0 0.028 0.006 0.006 0.003 0.001 0.127 0.006 0.089 0.005 0.002 0.001 0.005 0.005 0.003 0.069 0.001 0.137 0.066 0.001 0.013 0.011 0 0 0.066 0.004 0.157 0.001 0.002 0.001 0.081 0.001 0.001 0.001 1 0.047 0.001 0.001 0.001 0.001 0.022 0.034 0.001 0.001 0.001 0.063 0 0.001 0.001 0.001 0.001
0.034 0.028 0.039 0 0.003 0.017 0.042 0.004 0.002 0.017 0.006 0.066 0.009 0.001 0.001 0.019 0 0.006 0.12 0.002 0.016 0.379 0.049 0.08 0 0.006 0.013 0.012 0.104 0.021 0.011 0.018 0.005 0.008 0.022 0.009 0.019 0.046 0.075 0.066 0.036 0.012 0.075 0.478 0.529 0.807 0.01 0.161 0.797 0.188 0.198 0.095 0.007 0.029 0.86 0.527 0.137 0.536 0.604 0.012 0.708 0.086 0.125 0.08 0.047 1 0.062 0.034 0.011 0.116 0.245 0.892 0.111 0.011 0.011 0.629 0.004 0.096 0.061 0.014 0.135
0.006 0.005 0.005 0.013 0.005 0 0 0.003 0.003 0.01 0.002 0.29 0.001 0.001 0.002 0 0.004 0 0.001 0.004 0 0.087 0.005 0.024 0.004 0.005 0.009 0.001 0.001 0 0.003 0.002 0.005 0.008 0.011 0.001 0.001 0.005 0.001 0.005 0.013 0.001 0.005 0.108 0.081 0.062 0.001 0.002 0.059 0.032 0.012 0.006 0 0.398 0.06 0.102 0.001 0.103 0.084 0.001 0.074 0.001 0.005 0.315 0.001 0.062 1 0.136 0.001 0.001 0.002 0.049 0.178 0.001 0.001 0.045 0 0.001 0 0.001 0.351
0.002 0.001 0.002 0.001 0.001 0.002 0.004 0.002 0.002 0.001 0.001 0.021 0 0.007 0.006 0.002 0.003 0 0 0.003 0.002 0.009 0.005 0.001 0.003 0.001 0.001 0.001 0.001 0.002 0.006 0.004 0.001 0.001 0 0 0 0.001 0.006 0.003 0 0.001 0.003 0.025 0.021 0.043 0 0.019 0.041 0.016 0.008 0.001 0 0 0.04 0.022 0 0.016 0.017 0.001 0.05 0.001 0.002 0.035 0.001 0.034 0.136 1 0 0.001 0.022 0.011 0.009 0 0 0.055 0 0.001 0 0.001 0.031
0.009 0.012 0.007 0.018 0.003 0.004 0.003 0.005 0.004 0.019 0.002 0.001 0.001 0.006 0.003 0.004 0.005 0.001 0.002 0.009 0.004 0.005 0.003 0.009 0.008 0.003 0.016 0.079 0.002 0.004 0.001 0.002 0.007 0.022 0.028 0.001 0.001 0.007 0.002 0.007 0.019 0.001 0.007 0.006 0.007 0.011 0.001 0.002 0.011 0.006 0.017 0.045 0.001 0 0.011 0.007 0.002 0.007 0.008 0.001 0.009 0.002 0.002 0.001 0.001 0.011 0.001 0 1 0.001 0.003 0.011 0.001 0.001 0.001 0.008 0 0.001 0.001 0.001 0.001
0.043 0.05 0.049 0.017 0.002 0.151 0.208 0.007 0.006 0.029 0.003 0 0.001 0.068 0.073 0.182 0.007 0.001 0.002 0.049 0.154 0.003 0.012 0.017 0.063 0.002 0.034 0.002 0.002 0.201 0.144 0.119 0.001 0.054 0.032 0.001 0.09 0.01 0.351 0.009 0.028 0.002 0.009 0.003 0.004 0.115 0.001 0.495 0.114 0.005 0.024 0.02 0.001 0.001 0.114 0.004 0.563 0.004 0.006 0.001 0.007 0.743 0.002 0.002 0.001 0.116 0.001 0.001 0.001 1 0.004 0.094 0.002 0.001 0.001 0.005 0.001 0.723 0.001 0.002 0.002
0.008 0.016 0.009 0.033 0.011 0.002 0 0.017 0.015 0.041 0.008 0 0.003 0.013 0.014 0.002 0.003 0.002 0.425 0.004 0.001 0.217 0.006 0.083 0.011 0.007 0.032 0.001 0.445 0.002 0.005 0 0.004 0.036 0.038 0.003 0.004 0.008 0 0.018 0.052 0.003 0.024 0.23 0.198 0.195 0.003 0.007 0.203 0.072 0.061 0.038 0.002 0.002 0.278 0.314 0 0.295 0.27 0.004 0.334 0.005 0.005 0.005 0.022 0.245 0.002 0.022 0.003 0.004 1 0.272 0.004 0.003 0.003 0.293 0.001 0.004 0.002 0.004 0
0.023 0.026 0.029 0 0.005 0.011 0.03 0.004 0.002 0.023 0.006 0.073 0.009 0 0 0.013 0.002 0.006 0.138 0 0.01 0.435 0.049 0.094 0 0.009 0.021 0.011 0.142 0.014 0.005 0.01 0.006 0.015 0.034 0.009 0.017 0.057 0.057 0.066 0.05 0.012 0.073 0.535 0.587 0.793 0.01 0.108 0.784 0.184 0.195 0.09 0.007 0.029 0.846 0.586 0.112 0.578 0.664 0.012 0.724 0.068 0.139 0.07 0.034 0.892 0.049 0.011 0.011 0.094 0.272 1 0.113 0.011 0.011 0.622 0.004 0.073 0.059 0.014 0.123
0 0 0 0.001 0.002 0 0 0 0 0.006 0.003 0.075 0.001 0.01 0.01 0.001 0.007 0.001 0 0.012 0.001 0.077 0.002 0.029 0.011 0.01 0.015 0.002 0.001 0.001 0 0 0.01 0.014 0.017 0.001 0.002 0.007 0 0.007 0.02 0.002 0.009 0.135 0.106 0.074 0.001 0.003 0.07 0.036 0.022 0.006 0.001 0.112 0.069 0.123 0.001 0.133 0.111 0.001 0.132 0.002 0 0.385 0.001 0.111 0.178 0.009 0.001 0.002 0.004 0.113 1 0.001 0.001 0.089 0.001 0.001 0.001 0.002 0.552
0 0 0.001 0.024 0.001 0.001 0.003 0 0 0.029 0.001 0.001 0.025 0 0 0.001 0 0.001 0.002 0 0.001 0.005 0.006 0.014 0 0.008 0.032 0.001 0.002 0.001 0.001 0.002 0.007 0.035 0.025 0.76 0.001 0.007 0.002 0.007 0.023 0.001 0.124 0.006 0.007 0.011 0.001 0.002 0.011 0.018 0.047 0.007 0 0 0.011 0.007 0.002 0.007 0.008 0 0.009 0.002 0.002 0.001 0.001 0.011 0.001 0 0.001 0.001 0.003 0.011 0.001 1 0.001 0.008 0 0.001 0.001 0.001 0.001
0.008 0.015 0.016 0.029 0.006 0.004 0.003 0.005 0.004 0.033 0.002 0.001 0.001 0.013 0.004 0.004 0.005 0 0.001 0.013 0.004 0.004 0.01 0.017 0.013 0.006 0.038 0.002 0.001 0.004 0.001 0.002 0.006 0.043 0.033 0.001 0.001 0.008 0.002 0.007 0.03 0.001 0.137 0.006 0.007 0.011 0.001 0.002 0.011 0.017 0.053 0.015 0.001 0 0.012 0.007 0.002 0.007 0.008 0.001 0.009 0.002 0.002 0.001 0.001 0.011 0.001 0 0.001 0.001 0.003 0.011 0.001 0.001 1 0.008 0 0.001 0.001 0.001 0.002
0.006 0.004 0.01 0.004 0.001 0.001 0 0.001 0 0.036 0.004 0.056 0.007 0.005 0.005 0.001 0.001 0.004 0.145 0.002 0.001 0.394 0.033 0.104 0.006 0.002 0.037 0.007 0.153 0.002 0.004 0 0.002 0.036 0.058 0.006 0.002 0.027 0 0.046 0.076 0.008 0.053 0.554 0.635 0.591 0.007 0.007 0.585 0.232 0.142 0.061 0.005 0.012 0.619 0.59 0 0.579 0.657 0.009 0.819 0.013 0.113 0.062 0.063 0.629 0.045 0.055 0.008 0.005 0.293 0.622 0.089 0.008 0.008 1 0.003 0.009 0.067 0.01 0.143
0 0 0 0.002 0.001 0.002 0.001 0.002 0 0 0.001 0 0 0 0 0.002 0.002 0 0 0 0.002 0.001 0.009 0.005 0 0 0.001 0.001 0 0.002 0.001 0.001 0.001 0.001 0.002 0 0.001 0.017 0.001 0.02 0.003 0.001 0.003 0.002 0.002 0.004 0 0.001 0.004 0.006 0.008 0 0 0 0.004 0.002 0.001 0.002 0.003 0 0.003 0.001 0.001 0.001 0 0.004 0 0 0 0.001 0.001 0.004 0.001 0 0 0.003 1 0 0 0.001 0.001
0.033 0.038 0.037 0.017 0.001 0.128 0.175 0.005 0.005 0.021 0.003 0 0.001 0.052 0.057 0.127 0.006 0.001 0.002 0.045 0.131 0.002 0.009 0.012 0.047 0.001 0.025 0.001 0.002 0.146 0.104 0.085 0.001 0.043 0.033 0.001 0.072 0.008 0.273 0.007 0.03 0.001 0.007 0.007 0.008 0.094 0.001 0.466 0.094 0.01 0.019 0.016 0.001 0.001 0.094 0.008 0.529 0.007 0.009 0.001 0.01 0.698 0.002 0.002 0.001 0.096 0.001 0.001 0.001 0.723 0.004 0.073 0.001 0.001 0.001 0.009 0 1 0.001 0.001 0.002
0.032 0.037 0.036 0.019 0.077 0.003 0.002 0.134 0.147 0.022 0.049 0.001 0.001 0.044 0.041 0.003 0.126 0 0.001 0.043 0.003 0.004 0.005 0.011 0.044 0.083 0.026 0.001 0.001 0.003 0.001 0.001 0.085 0.028 0.019 0.001 0.001 0.005 0.002 0.004 0.02 0.001 0.003 0.004 0.089 0.06 0 0.002 0.057 0.026 0.012 0.009 0 0 0.035 0.005 0 0.005 0.08 0.001 0.043 0.001 0.001 0.001 0.001 0.061 0 0 0.001 0.001 0.002 0.059 0.001 0.001 0.001 0.067 0 0.001 1 0.001 0.001
0.017 0.021 0.02 0.003 0.001 0.043 0.051 0.006 0.006 0.012 0.003 0.002 0 0.03 0.027 0.042 0.006 0.001 0.002 0.03 0.044 0.007 0 0.004 0.038 0.005 0.004 0.002 0.001 0.041 0.016 0.012 0.009 0 0.002 0.001 0.113 0.009 0.054 0.009 0.002 0.002 0.005 0.008 0.009 0.013 0.001 0.003 0.014 0.022 0.017 0 0.485 0.001 0.014 0.008 0.003 0.008 0.01 0.798 0.012 0.002 0.002 0.002 0.001 0.014 0.001 0.001 0.001 0.002 0.004 0.014 0.002 0.001 0.001 0.01 0.001 0.001 0.001 1 0.002
0.001 0 0.001 0.007 0.003 0 0 0.001 0 0.015 0.004 0.132 0.001 0.013 0.014 0.001 0.008 0.001 0.001 0.015 0.001 0.101 0.001 0.045 0.015 0.012 0.028 0.002 0.001 0.002 0 0 0.011 0.025 0.031 0.001 0.002 0.01 0 0.009 0.036 0.002 0.01 0.161 0.129 0.088 0.001 0.004 0.083 0.049 0.027 0.006 0.001 0.203 0.099 0.172 0.002 0.184 0.148 0.002 0.161 0.002 0 0.489 0.001 0.135 0.351 0.031 0.001 0.002 0 0.123 0.552 0.001 0.002 0.143 0.001 0.002 0.001 0.002 1
