1 0.798 0.825 0.477 0.28 0.218 0.167 0.202 0.171 0.315 0.106 0.023 0.039 0.426 0.445 0.228 0.196 0.042 0.029 0.502 0.208 0.01 0.111 0.122 0.553 0.275 0.295 0.001 0.032 0.178 0.07 0.069 0.224 0.219 0.147 0.001 0.057 0.046 0.081 0.033 0.145 0.021 0.002 0.006 0.002 0.015 0.002 0.062 0.012 0.002 0.011 0.07 0.017 0.005 0.009 0.009 0.049 0.005 0.002 0.026 0 0.017 0.048 0.012 0.001 0.003 0.01 0.001 0.001 0.012 0.025 0.001 0.007 0.001 0.002 0.001 0.004 0.008 0.024 0.017 0.009
0.798 1 0.93 0.42 0.297 0.262 0.201 0.243 0.205 0.26 0.127 0.019 0.047 0.518 0.518 0.274 0.203 0.051 0.024 0.561 0.25 0.004 0.1 0.098 0.621 0.293 0.257 0.016 0.027 0.218 0.084 0.083 0.247 0.192 0.124 0.001 0.072 0.047 0.102 0.046 0.109 0.017 0.024 0.002 0 0.023 0.011 0.058 0.019 0.005 0.001 0.051 0.022 0.005 0.016 0.004 0.064 0.002 0 0.033 0 0.024 0.06 0.01 0.002 0.006 0.008 0 0.002 0.017 0.027 0.004 0.006 0.004 0.008 0 0.003 0.012 0.03 0.023 0.007
0.825 0.93 1 0.45 0.339 0.26 0.2 0.241 0.204 0.285 0.126 0.019 0.047 0.528 0.528 0.272 0.235 0.051 0.024 0.605 0.249 0.005 0.095 0.095 0.667 0.333 0.291 0.016 0.027 0.216 0.084 0.083 0.274 0.214 0.141 0.002 0.071 0.06 0.102 0.045 0.125 0.018 0.022 0.002 0 0.029 0.011 0.078 0.025 0.008 0.001 0.057 0.022 0.005 0.021 0.004 0.064 0.002 0 0.033 0.002 0.023 0.059 0.01 0.002 0.009 0.008 0.001 0.001 0.017 0.019 0.006 0.006 0.005 0.008 0 0.003 0.012 0.029 0.023 0.007
0.477 0.42 0.45 1 0.158 0.114 0.086 0.113 0.096 0.786 0.059 0.04 0.022 0.22 0.238 0.12 0.119 0.027 0.052 0.283 0.108 0.036 0.233 0.297 0.324 0.165 0.622 0.003 0.046 0.084 0.039 0.038 0.132 0.53 0.363 0.026 0.022 0.008 0.034 0.004 0.441 0.037 0.268 0.035 0.024 0.001 0.024 0.028 0.002 0.015 0.232 0.192 0.014 0.007 0.004 0.044 0.021 0.038 0.031 0.019 0.015 0.005 0.022 0.007 0 0.008 0.018 0 0.007 0.006 0.046 0.012 0.009 0.032 0.029 0.023 0.008 0.002 0.012 0.005 0.009
0.28 0.297 0.339 0.158 1 0.014 0.011 0.419 0.398 0.217 0.23 0.009 0.003 0.382 0.383 0.015 0.465 0.114 0.011 0.437 0.014 0.03 0.058 0.11 0.451 0.788 0.201 0.007 0.012 0.017 0.005 0.005 0.556 0.121 0.093 0.003 0.01 0.168 0.013 0.133 0.081 0.008 0.025 0.014 0.003 0.004 0.005 0.001 0.005 0.017 0.022 0.038 0.003 0.002 0.007 0.016 0.009 0.013 0.003 0 0.001 0.008 0 0.005 0.005 0.012 0.004 0.001 0.001 0.008 0.01 0.008 0.003 0.004 0.004 0.002 0 0.006 0.044 0 0.005
0.218 0.262 0.26 0.114 0.014 1 0.766 0.007 0.006 0.12 0.004 0.005 0.179 0.228 0.208 0.9 0.009 0.002 0.006 0.273 0.959 0.017 0.024 0.051 0.273 0.015 0.139 0.004 0.007 0.765 0.322 0.322 0.014 0.102 0.069 0 0.242 0.015 0.37 0.014 0.059 0.005 0 0.016 0.017 0.02 0.003 0.201 0.018 0.036 0.007 0.031 0.108 0.001 0.017 0.018 0.222 0.015 0.02 0.082 0.003 0.086 0.003 0.003 0.035 0.008 0.002 0.003 0.003 0.065 0.009 0.001 0.002 0 0.002 0.004 0.002 0.09 0.001 0.071 0.003
0.167 0.201 0.2 0.086 0.011 0.766 1 0.006 0.005 0.101 0.003 0.004 0.001 0.188 0.171 0.732 0.007 0.001 0.005 0.224 0.778 0.013 0.022 0.044 0.223 0.011 0.115 0.003 0.005 0.618 0.42 0.42 0.011 0.08 0.052 0.001 0.324 0.011 0.493 0.011 0.043 0.004 0.014 0.012 0.012 0.04 0.002 0.273 0.038 0.026 0.029 0.025 0.083 0.001 0.036 0.013 0.299 0.011 0.015 0.063 0 0.12 0.003 0.002 0.049 0.02 0.002 0.005 0.002 0.091 0.006 0.006 0.002 0.002 0.002 0.001 0.001 0.123 0.001 0.058 0.002
0.202 0.243 0.241 0.113 0.419 0.007 0.006 1 0.846 0.122 0.524 0.005 0.001 0.225 0.212 0.008 0.815 0.002 0.006 0.271 0.007 0.015 0.03 0.057 0.279 0.506 0.146 0.004 0.006 0.009 0.002 0.003 0.515 0.131 0.097 0.001 0.005 0.307 0.007 0.315 0.098 0.004 0.012 0.017 0.001 0.003 0.003 0.006 0.004 0.075 0.099 0.034 0.002 0.001 0.005 0.019 0.004 0.017 0 0.002 0.001 0.004 0.003 0.002 0.002 0.005 0.002 0.002 0.001 0.004 0.011 0.005 0.002 0.002 0.002 0.002 0 0.003 0.129 0.003 0.003
0.171 0.205 0.204 0.096 0.398 0.006 0.005 0.846 1 0.103 0.619 0.004 0.001 0.19 0.179 0.007 0.722 0.001 0.005 0.229 0.006 0.013 0.026 0.048 0.236 0.427 0.123 0.003 0.005 0.008 0.002 0.002 0.436 0.109 0.08 0.001 0.004 0.236 0.006 0.241 0.082 0.004 0.009 0.014 0 0.001 0.002 0.005 0.001 0.054 0.073 0.037 0.002 0.001 0.002 0.016 0.003 0.014 0 0.002 0 0.004 0.003 0.002 0.002 0.002 0.002 0.001 0.001 0.004 0.009 0.003 0.001 0.002 0.002 0.001 0.001 0.003 0.153 0.003 0.002
0.315 0.26 0.285 0.786 0.217 0.12 0.101 0.122 0.103 1 0.064 0.037 0.024 0.298 0.318 0.138 0.129 0.029 0.048 0.365 0.125 0.111 0.238 0.432 0.412 0.224 0.744 0.004 0.037 0.099 0.042 0.041 0.145 0.589 0.414 0.028 0.027 0.013 0.039 0.007 0.499 0.035 0.29 0.1 0.07 0.018 0.024 0.031 0.022 0.025 0.261 0.219 0.017 0.006 0.027 0.112 0.024 0.106 0.085 0.023 0.051 0.006 0.01 0.006 0 0.037 0.016 0.001 0.015 0.01 0.047 0.045 0.01 0.034 0.031 0.056 0.005 0.002 0.014 0.007 0.012
0.106 0.127 0.126 0.059 0.23 0.004 0.003 0.524 0.619 0.064 1 0.002 0.001 0.119 0.112 0.004 0.455 0.001 0.003 0.143 0.004 0.008 0.016 0.031 0.147 0.266 0.077 0.002 0.003 0.005 0.001 0.001 0.271 0.073 0.051 0.001 0.003 0.132 0.004 0.134 0.055 0.002 0.004 0.009 0 0 0.002 0.003 0 0.042 0.038 0.024 0.001 0.001 0 0.01 0.002 0.009 0.001 0.001 0 0.002 0.002 0.001 0.001 0 0.001 0.001 0 0.002 0.006 0 0.001 0.001 0.001 0 0.001 0.002 0.153 0.002 0.002
0.023 0.019 0.019 0.04 0.009 0.005 0.004 0.005 0.004 0.037 0.002 1 0.001 0.002 0.001 0.005 0.005 0.001 0.004 0.005 0.005 0.23 0.02 0.057 0.016 0.009 0.031 0.003 0.004 0.006 0.002 0.002 0.007 0.024 0.03 0.001 0 0.009 0 0.009 0.033 0.003 0.011 0.171 0.134 0.119 0.002 0 0.145 0.039 0.023 0.004 0.001 0.209 0.109 0.156 0 0.114 0.127 0.002 0.12 0 0.017 0.227 0.054 0.111 0.39 0.106 0.002 0 0.001 0.11 0.154 0.002 0.001 0.119 0.001 0 0.001 0.002 0.105
0.039 0.047 0.047 0.022 0.003 0.179 0.001 0.001 0.001 0.024 0.001 0.001 1 0.044 0.041 0.171 0.002 0 0.001 0.053 0.183 0.003 0.006 0.011 0.054 0.003 0.028 0.001 0.001 0.15 0 0 0.003 0.027 0.022 0.014 0.001 0.003 0.001 0.003 0.02 0.001 0.077 0.003 0.004 0.006 0.001 0.001 0.006 0.008 0.028 0.01 0.026 0 0.006 0.004 0.001 0.003 0.004 0.02 0.005 0.001 0.001 0.001 0.001 0.006 0 0 0.001 0.001 0.002 0.006 0 0.006 0 0.005 0 0.001 0 0.014 0.001
0.426 0.518 0.528 0.22 0.382 0.228 0.188 0.225 0.19 0.298 0.119 0.002 0.044 1 0.904 0.257 0.244 0.054 0.013 0.716 0.234 0.03 0.1 0.154 0.786 0.427 0.344 0.013 0.015 0.266 0.079 0.083 0.297 0.263 0.191 0.002 0.116 0.063 0.146 0.048 0.176 0.019 0.022 0.028 0.016 0.011 0.009 0.12 0.009 0.007 0.001 0.066 0.021 0.005 0.006 0.033 0.104 0.032 0.015 0.031 0.004 0.055 0.002 0.012 0.006 0.004 0 0.012 0.004 0.066 0.008 0 0.009 0.005 0.009 0.005 0.002 0.04 0.037 0.021 0.013
0.445 0.518 0.528 0.238 0.383 0.208 0.171 0.212 0.179 0.318 0.112 0.001 0.041 0.904 1 0.235 0.23 0.051 0.014 0.672 0.219 0.028 0.106 0.157 0.739 0.406 0.339 0.013 0.016 0.245 0.074 0.079 0.285 0.269 0.196 0.002 0.122 0.058 0.149 0.044 0.182 0.02 0.016 0.026 0.014 0.013 0.01 0.124 0.01 0.004 0.002 0.072 0.019 0.005 0.008 0.031 0.109 0.029 0.014 0.029 0.004 0.061 0 0.012 0.005 0.002 0 0.011 0.004 0.077 0.009 0 0.009 0.001 0.005 0.004 0.002 0.047 0.035 0.019 0.014
0.228 0.274 0.272 0.12 0.015 0.9 0.732 0.008 0.007 0.138 0.004 0.005 0.171 0.257 0.235 1 0.009 0.002 0.007 0.256 0.918 0.018 0.031 0.062 0.308 0.015 0.16 0.004 0.007 0.852 0.308 0.308 0.015 0.12 0.084 0 0.321 0.015 0.449 0.015 0.072 0.005 0 0.017 0.017 0.031 0.003 0.267 0.029 0.023 0.008 0.04 0.103 0.001 0.027 0.019 0.293 0.016 0.021 0.078 0.004 0.143 0.004 0.003 0.033 0.015 0.002 0.003 0.003 0.117 0.009 0.004 0.002 0 0.002 0.004 0.002 0.085 0.001 0.068 0.003
0.196 0.203 0.235 0.119 0.465 0.009 0.007 0.815 0.722 0.129 0.455 0.005 0.002 0.244 0.23 0.009 1 0.002 0.007 0.304 0.008 0.018 0.032 0.063 0.313 0.524 0.162 0.004 0.007 0.01 0.003 0.003 0.533 0.145 0.109 0.001 0.006 0.328 0.008 0.268 0.107 0.005 0.009 0.02 0.002 0.001 0.003 0 0.001 0.084 0.089 0.033 0.002 0.001 0.001 0.018 0.005 0.016 0.001 0.003 0 0.005 0.004 0.003 0.003 0.001 0.002 0 0.002 0.005 0.002 0.002 0.002 0.002 0.002 0 0.002 0.004 0.112 0.004 0.003
0.042 0.051 0.051 0.027 0.114 0.002 0.001 0.002 0.001 0.029 0.001 0.001 0 0.054 0.051 0.002 0.002 1 0.001 0.065 0.002 0.004 0.007 0.014 0.067 0.121 0.035 0.001 0.002 0.002 0.001 0.001 0.124 0.033 0.028 0 0.001 0.003 0.002 0.003 0.025 0.001 0.004 0.004 0.004 0.007 0.001 0.001 0.007 0.01 0.006 0.001 0 0 0.007 0.005 0.001 0.004 0.005 0 0.006 0.001 0.001 0.001 0.001 0.007 0 0 0.001 0.001 0.003 0.007 0 0.001 0 0.006 0 0.001 0 0.001 0.001
0.029 0.024 0.024 0.052 0.011 0.006 0.005 0.006 0.005 0.048 0.003 0.004 0.001 0.013 0.014 0.007 0.007 0.001 1 0.021 0.006 0.367 0.026 0.101 0.021 0.011 0.04 0.003 0.907 0.008 0.002 0.002 0.011 0.04 0.033 0.001 0.004 0.011 0.006 0.011 0.053 0.003 0.013 0.325 0.315 0.199 0.002 0.005 0.191 0.058 0.028 0.036 0.002 0.001 0.184 0.263 0.005 0.301 0.268 0.002 0.232 0.004 0.003 0.002 0.002 0.138 0.002 0.001 0.002 0.004 0.524 0.182 0.002 0.002 0.001 0.238 0.002 0.003 0.001 0.003 0.002
0.502 0.561 0.605 0.283 0.437 0.273 0.224 0.271 0.229 0.365 0.143 0.005 0.053 0.716 0.672 0.256 0.304 0.065 0.021 1 0.289 0.042 0.093 0.167 0.908 0.531 0.431 0.014 0.024 0.205 0.095 0.094 0.383 0.286 0.202 0.001 0.054 0.078 0.087 0.06 0.183 0.007 0.014 0.044 0.022 0 0.011 0.063 0 0 0.007 0.073 0.027 0.004 0 0.048 0.049 0.052 0.023 0.04 0.007 0.012 0.011 0.01 0.014 0.001 0.007 0 0.005 0.017 0.007 0.005 0.007 0.004 0.007 0.009 0.002 0.015 0.035 0.028 0.011
0.208 0.25 0.249 0.108 0.014 0.959 0.778 0.007 0.006 0.125 0.004 0.005 0.183 0.234 0.219 0.918 0.008 0.002 0.006 0.289 1 0.017 0.03 0.058 0.289 0.014 0.15 0.004 0.007 0.785 0.33 0.33 0.012 0.108 0.074 0 0.249 0.014 0.38 0.014 0.064 0.004 0 0.016 0.016 0.021 0.003 0.207 0.02 0.035 0.006 0.035 0.111 0.001 0.018 0.017 0.228 0.015 0.019 0.084 0.003 0.089 0.003 0.003 0.036 0.008 0.002 0.003 0.003 0.067 0.008 0.001 0.002 0 0.002 0.003 0.002 0.093 0.001 0.074 0.003
0.01 0.004 0.005 0.036 0.03 0.017 0.013 0.015 0.013 0.111 0.008 0.23 0.003 0.03 0.028 0.018 0.018 0.004 0.367 0.042 0.017 1 0.05 0.241 0.057 0.031 0.107 0.009 0.399 0.021 0.005 0.006 0.029 0.087 0.092 0.004 0.001 0.031 0.003 0.03 0.12 0.008 0.038 0.704 0.611 0.478 0.006 0.002 0.458 0.127 0.077 0.029 0.004 0.047 0.442 0.608 0.001 0.578 0.534 0.005 0.457 0 0.133 0.03 0.008 0.373 0.122 0.044 0.007 0 0.266 0.469 0.052 0.005 0.003 0.433 0.004 0 0.003 0.007 0.036
0.111 0.1 0.095 0.233 0.058 0.024 0.022 0.03 0.026 0.238 0.016 0.02 0.006 0.1 0.106 0.031 0.032 0.007 0.026 0.093 0.03 0.05 1 0.449 0.108 0.06 0.181 0.017 0.025 0.039 0.011 0.011 0.023 0.155 0.049 0.007 0.022 0.025 0.029 0.028 0.062 0.124 0.069 0.046 0.048 0.089 0.063 0.026 0.094 0.012 0.013 0.146 0.001 0.005 0.063 0.025 0.024 0.018 0.031 0.002 0.048 0.013 0.014 0.002 0.011 0.055 0.008 0.007 0.001 0.018 0.014 0.055 0 0.007 0.009 0.039 0.031 0.015 0.002 0.002 0.003
0.122 0.098 0.095 0.297 0.11 0.051 0.044 0.057 0.048 0.432 0.031 0.057 0.011 0.154 0.157 0.062 0.063 0.014 0.101 0.167 0.058 0.241 0.449 1 0.206 0.114 0.361 0.033 0.111 0.075 0.02 0.021 0.063 0.3 0.157 0.013 0.021 0.001 0.033 0.001 0.204 0.061 0.135 0.205 0.164 0.073 0.031 0.028 0.064 0.038 0.082 0.029 0.006 0.011 0.087 0.212 0.024 0.217 0.166 0.008 0.109 0.01 0.03 0.009 0 0.072 0.034 0.008 0 0.014 0.086 0.071 0.025 0.015 0.014 0.113 0.014 0.009 0.006 0 0.01
0.553 0.621 0.667 0.324 0.451 0.273 0.223 0.279 0.236 0.412 0.147 0.016 0.054 0.786 0.739 0.308 0.313 0.067 0.021 0.908 0.289 0.057 0.108 0.206 1 0.546 0.489 0.014 0.023 0.257 0.098 0.097 0.395 0.328 0.241 0.001 0.088 0.082 0.124 0.064 0.221 0.015 0.013 0.058 0.032 0.001 0.01 0.097 0 0.001 0.008 0.082 0.028 0.004 0 0.064 0.08 0.056 0.034 0.041 0.012 0.031 0.011 0.009 0.004 0 0.007 0 0.005 0.039 0.014 0.005 0.007 0.003 0.007 0.014 0.002 0.016 0.036 0.03 0.011
0.275 0.293 0.333 0.165 0.788 0.015 0.011 0.506 0.427 0.224 0.266 0.009 0.003 0.427 0.406 0.015 0.524 0.121 0.011 0.531 0.014 0.031 0.06 0.114 0.546 1 0.258 0.007 0.013 0.017 0.005 0.005 0.739 0.165 0.122 0.003 0.01 0.206 0.013 0.168 0.116 0.008 0.028 0.034 0.011 0.011 0.006 0.002 0.013 0.025 0.028 0.038 0.003 0.002 0.015 0.037 0.009 0.033 0.01 0 0.007 0.009 0.006 0.005 0.005 0.014 0.004 0.001 0.001 0.001 0.004 0.018 0.004 0.005 0.004 0.008 0 0.007 0.068 0 0.006
0.295 0.257 0.291 0.622 0.201 0.139 0.115 0.146 0.123 0.744 0.077 0.031 0.028 0.344 0.339 0.16 0.162 0.035 0.04 0.431 0.15 0.107 0.181 0.361 0.489 0.258 1 0.026 0.044 0.124 0.051 0.05 0.198 0.737 0.569 0.03 0.036 0.022 0.053 0.015 0.519 0.018 0.218 0.114 0.081 0.018 0.018 0.043 0.021 0.021 0.23 0.195 0.022 0.005 0.025 0.125 0.035 0.111 0.081 0.013 0.057 0.01 0.022 0.013 0 0.028 0.013 0.001 0.012 0.015 0.041 0.046 0.009 0.039 0.038 0.063 0.006 0.005 0.018 0.002 0.02
0.001 0.016 0.016 0.003 0.007 0.004 0.003 0.004 0.003 0.004 0.002 0.003 0.001 0.013 0.013 0.004 0.004 0.001 0.003 0.014 0.004 0.009 0.017 0.033 0.014 0.007 0.026 1 0.004 0.005 0.001 0.001 0.007 0.027 0.033 0 0.003 0.008 0.004 0.007 0.004 0.002 0.044 0.01 0.01 0.016 0.005 0.003 0.008 0.004 0.013 0.004 0.001 0.001 0.008 0.003 0.003 0.003 0.004 0.001 0.006 0.002 0.002 0.002 0.001 0.008 0.001 0.001 0.013 0.002 0 0.008 0.001 0 0.001 0.005 0.001 0.002 0.001 0.002 0.002
0.032 0.027 0.027 0.046 0.012 0.007 0.005 0.006 0.005 0.037 0.003 0.004 0.001 0.015 0.016 0.007 0.007 0.002 0.907 0.024 0.007 0.399 0.025 0.111 0.023 0.013 0.044 0.004 1 0.008 0.002 0.002 0.012 0.044 0.038 0.001 0.005 0.013 0.006 0.012 0.059 0.003 0.015 0.346 0.335 0.21 0.003 0.006 0.202 0.054 0.031 0.037 0.002 0.001 0.195 0.282 0.005 0.288 0.259 0.002 0.223 0.004 0.003 0.002 0.002 0.129 0.002 0 0.003 0.004 0.513 0.174 0.002 0.002 0.001 0.229 0.002 0.003 0.001 0.003 0.003
0.178 0.218 0.216 0.084 0.017 0.765 0.618 0.009 0.008 0.099 0.005 0.006 0.15 0.266 0.245 0.852 0.01 0.002 0.008 0.205 0.785 0.021 0.039 0.075 0.257 0.017 0.124 0.005 0.008 1 0.27 0.27 0.017 0.143 0.106 0 0.429 0.017 0.601 0.011 0.092 0.005 0 0.02 0.02 0.056 0.004 0.405 0.053 0.011 0.011 0.051 0.089 0.001 0.05 0.022 0.444 0.019 0.024 0.067 0.006 0.283 0.004 0.003 0.028 0.034 0.003 0.002 0.004 0.242 0.011 0.017 0.003 0 0.002 0.007 0.002 0.222 0.001 0.057 0.004
0.07 0.084 0.084 0.039 0.005 0.322 0.42 0.002 0.002 0.042 0.001 0.002 0 0.079 0.074 0.308 0.003 0.001 0.002 0.095 0.33 0.005 0.011 0.02 0.098 0.005 0.051 0.001 0.002 0.27 1 0.948 0.005 0.019 0.015 0.001 0.039 0.005 0.202 0.005 0.012 0.001 0.006 0.006 0.006 0.001 0.001 0.03 0.001 0.015 0.012 0.01 0.078 0 0 0.007 0.034 0.006 0.008 0.06 0.009 0.03 0.001 0.001 0.001 0 0.001 0.001 0.001 0.031 0.004 0.001 0.001 0.001 0.001 0.008 0.001 0.016 0 0.065 0.001
0.069 0.083 0.083 0.038 0.005 0.322 0.42 0.003 0.002 0.041 0.001 0.002 0 0.083 0.079 0.308 0.003 0.001 0.002 0.094 0.33 0.006 0.011 0.021 0.097 0.005 0.05 0.001 0.002 0.27 0.948 1 0.005 0.019 0.016 0.001 0.041 0.003 0.202 0.003 0.014 0.002 0.006 0.006 0.007 0.001 0.001 0.032 0.001 0.015 0.011 0.011 0.074 0 0.001 0.007 0.036 0.006 0.008 0.057 0.007 0.027 0.001 0.001 0 0 0.001 0.001 0.001 0.028 0.003 0.001 0.001 0.001 0.001 0.007 0.001 0.014 0 0.062 0.001
0.224 0.247 0.274 0.132 0.556 0.014 0.011 0.515 0.436 0.145 0.271 0.007 0.003 0.297 0.285 0.015 0.533 0.124 0.011 0.383 0.012 0.029 0.023 0.063 0.395 0.739 0.198 0.007 0.012 0.017 0.005 0.005 1 0.246 0.195 0.003 0.01 0.336 0.013 0.289 0.187 0.008 0.028 0.031 0.01 0.01 0.006 0.002 0.012 0.062 0.066 0.047 0.003 0.002 0.014 0.034 0.009 0.03 0.009 0.004 0.006 0.008 0.006 0.005 0.005 0.014 0.004 0.001 0.004 0.001 0.003 0.016 0.004 0.004 0.004 0.008 0 0.006 0.067 0.006 0.006
0.219 0.192 0.214 0.53 0.121 0.102 0.08 0.131 0.109 0.589 0.073 0.024 0.027 0.263 0.269 0.12 0.145 0.033 0.04 0.286 0.108 0.087 0.155 0.3 0.328 0.165 0.737 0.027 0.044 0.143 0.019 0.019 0.246 1 0.76 0.029 0.104 0.051 0.136 0.046 0.699 0.03 0.208 0.121 0.088 0.004 0.021 0.124 0.005 0.001 0.278 0.242 0.02 0.005 0.008 0.133 0.113 0.118 0.088 0.011 0.055 0.075 0.023 0.005 0 0.006 0.014 0.001 0.017 0.085 0.044 0.016 0.009 0.037 0.039 0.06 0.003 0.069 0.016 0 0.011
0.147 0.124 0.141 0.363 0.093 0.069 0.052 0.097 0.08 0.414 0.051 0.03 0.022 0.191 0.196 0.084 0.109 0.028 0.033 0.202 0.074 0.092 0.049 0.157 0.241 0.122 0.569 0.033 0.038 0.106 0.015 0.016 0.195 0.76 1 0.024 0.081 0.226 0.107 0.218 0.861 0.037 0.155 0.121 0.095 0.008 0.028 0.102 0.011 0.002 0.389 0.201 0.012 0.007 0.015 0.134 0.093 0.117 0.099 0.005 0.075 0.062 0.028 0.017 0 0.015 0.017 0.002 0.021 0.064 0.037 0.031 0.012 0.03 0.032 0.082 0 0.057 0.01 0 0.026
0.001 0.001 0.002 0.026 0.003 0 0.001 0.001 0.001 0.028 0.001 0.001 0.014 0.002 0.002 0 0.001 0 0.001 0.001 0 0.004 0.007 0.013 0.001 0.003 0.03 0 0.001 0 0.001 0.001 0.003 0.029 0.024 1 0.001 0.003 0.002 0.003 0.023 0.001 0.089 0.004 0.004 0.006 0.001 0.001 0.007 0.009 0.044 0.011 0.019 0 0.007 0.004 0.001 0.004 0.005 0.014 0.005 0.001 0.001 0.001 0.001 0.007 0 0 0.001 0.001 0.002 0.007 0 0.44 0 0.005 0 0.001 0 0.001 0.001
0.057 0.072 0.071 0.022 0.01 0.242 0.324 0.005 0.004 0.027 0.003 0 0.001 0.116 0.122 0.321 0.006 0.001 0.004 0.054 0.249 0.001 0.022 0.021 0.088 0.01 0.036 0.003 0.005 0.429 0.039 0.041 0.01 0.104 0.081 0.001 1 0.01 0.693 0.01 0.078 0.003 0.013 0.013 0.014 0.093 0.002 0.506 0.089 0 0.026 0.038 0.094 0.001 0.085 0.014 0.552 0.013 0.016 0.072 0.001 0.424 0.002 0.002 0.044 0.075 0.001 0.006 0.002 0.371 0.005 0.055 0.001 0.002 0.001 0.001 0.001 0.379 0.001 0.05 0.002
0.046 0.047 0.06 0.008 0.168 0.015 0.011 0.307 0.236 0.013 0.132 0.009 0.003 0.063 0.058 0.015 0.328 0.003 0.011 0.078 0.014 0.031 0.025 0.001 0.082 0.206 0.022 0.008 0.013 0.017 0.005 0.003 0.336 0.051 0.226 0.003 0.01 1 0.013 0.927 0.205 0.008 0.034 0.026 0.027 0.031 0.152 0.002 0.033 0.177 0.25 0.011 0.004 0.002 0.035 0.029 0.011 0.025 0.031 0.005 0.024 0.009 0.006 0.005 0.005 0.029 0.004 0.001 0.004 0.008 0.005 0.037 0.004 0.004 0.004 0.022 0.012 0.007 0 0.006 0.006
0.081 0.102 0.102 0.034 0.013 0.37 0.493 0.007 0.006 0.039 0.004 0 0.001 0.146 0.149 0.449 0.008 0.002 0.006 0.087 0.38 0.003 0.029 0.033 0.124 0.013 0.053 0.004 0.006 0.601 0.202 0.202 0.013 0.136 0.107 0.002 0.693 0.013 1 0.007 0.102 0.004 0.017 0.017 0.018 0.113 0.003 0.624 0.107 0.002 0.034 0.049 0.07 0.001 0.103 0.019 0.68 0.017 0.021 0.052 0.005 0.522 0.003 0.003 0.021 0.089 0.002 0.004 0.003 0.46 0.008 0.057 0.002 0.002 0.002 0.007 0.002 0.44 0.001 0.035 0.003
0.033 0.046 0.045 0.004 0.133 0.014 0.011 0.315 0.241 0.007 0.134 0.009 0.003 0.048 0.044 0.015 0.268 0.003 0.011 0.06 0.014 0.03 0.028 0.001 0.064 0.168 0.015 0.007 0.012 0.011 0.005 0.003 0.289 0.046 0.218 0.003 0.01 0.927 0.007 1 0.199 0.008 0.033 0.025 0.026 0.038 0.157 0.006 0.04 0.155 0.261 0.01 0.004 0.002 0.042 0.028 0.005 0.024 0.031 0.004 0.037 0.003 0.006 0.005 0.005 0.036 0.004 0.003 0.003 0.003 0.013 0.041 0.004 0.004 0.004 0.035 0.013 0.002 0 0.006 0.006
0.145 0.109 0.125 0.441 0.081 0.059 0.043 0.098 0.082 0.499 0.055 0.033 0.02 0.176 0.182 0.072 0.107 0.025 0.053 0.183 0.064 0.12 0.062 0.204 0.221 0.116 0.519 0.004 0.059 0.092 0.012 0.014 0.187 0.699 0.861 0.023 0.078 0.205 0.102 0.199 1 0.04 0.261 0.154 0.117 0.017 0.025 0.093 0.021 0 0.485 0.236 0.014 0.008 0.026 0.169 0.085 0.149 0.122 0.006 0.097 0.056 0.031 0.019 0.001 0.026 0.019 0.002 0.017 0.058 0.055 0.046 0.013 0.029 0.03 0.103 0 0.052 0.017 0 0.028
0.021 0.017 0.018 0.037 0.008 0.005 0.004 0.004 0.004 0.035 0.002 0.003 0.001 0.019 0.02 0.005 0.005 0.001 0.003 0.007 0.004 0.008 0.124 0.061 0.015 0.008 0.018 0.002 0.003 0.005 0.001 0.002 0.008 0.03 0.037 0.001 0.003 0.008 0.004 0.008 0.04 1 0.009 0.006 0.006 0.011 0.002 0.003 0.012 0.01 0.017 0.042 0.001 0.001 0.006 0.002 0.003 0.001 0.003 0.001 0.009 0.002 0.002 0.002 0.001 0.006 0.001 0.001 0.002 0.002 0.002 0.012 0.001 0.001 0.001 0.003 0.001 0.002 0.001 0.002 0.002
0.002 0.024 0.022 0.268 0.025 0 0.014 0.012 0.009 0.29 0.004 0.011 0.077 0.022 0.016 0 0.009 0.004 0.013 0.014 0 0.038 0.069 0.135 0.013 0.028 0.218 0.044 0.015 0 0.006 0.006 0.028 0.208 0.155 0.089 0.013 0.034 0.017 0.033 0.261 0.009 1 0.044 0.04 0.066 0.007 0.015 0.069 0.083 0.453 0.11 0.002 0.001 0.071 0.048 0.014 0.043 0.047 0.001 0.055 0.01 0.008 0.007 0.007 0.068 0.005 0.004 0.007 0.011 0.027 0.071 0.005 0.118 0.112 0.052 0.004 0.008 0 0.002 0.008
0.006 0.002 0.002 0.035 0.014 0.016 0.012 0.017 0.014 0.1 0.009 0.171 0.003 0.028 0.026 0.017 0.02 0.004 0.325 0.044 0.016 0.704 0.046 0.205 0.058 0.034 0.114 0.01 0.346 0.02 0.006 0.006 0.031 0.121 0.121 0.004 0.013 0.026 0.017 0.025 0.154 0.006 0.044 1 0.887 0.612 0.007 0.016 0.587 0.187 0.09 0.045 0.005 0.042 0.563 0.876 0.015 0.757 0.777 0.006 0.672 0.011 0.181 0.056 0.043 0.448 0.112 0.04 0.007 0.008 0.29 0.54 0.091 0.006 0.005 0.648 0.005 0.009 0.003 0.008 0.061
0.002 0 0 0.024 0.003 0.017 0.012 0.001 0 0.07 0 0.134 0.004 0.016 0.014 0.017 0.002 0.004 0.315 0.022 0.016 0.611 0.048 0.164 0.032 0.011 0.081 0.01 0.335 0.02 0.006 0.007 0.01 0.088 0.095 0.004 0.014 0.027 0.018 0.026 0.117 0.006 0.04 0.887 1 0.632 0.008 0.016 0.607 0.191 0.093 0.051 0.005 0.035 0.574 0.774 0.013 0.694 0.804 0.006 0.694 0.012 0.147 0.054 0.026 0.458 0.1 0.039 0.007 0.008 0.256 0.55 0.081 0.006 0.005 0.666 0.005 0.009 0.028 0.008 0.054
0.015 0.023 0.029 0.001 0.004 0.02 0.04 0.003 0.001 0.018 0 0.119 0.006 0.011 0.013 0.031 0.001 0.007 0.199 0 0.021 0.478 0.089 0.073 0.001 0.011 0.018 0.016 0.21 0.056 0.001 0.001 0.01 0.004 0.008 0.006 0.093 0.031 0.113 0.038 0.017 0.011 0.066 0.612 0.632 1 0.012 0.214 0.96 0.172 0.147 0.109 0.008 0.025 0.914 0.523 0.195 0.451 0.563 0.01 0.607 0.132 0.111 0.029 0.09 0.739 0.068 0.053 0.012 0.115 0.197 0.761 0.055 0.01 0.008 0.569 0.007 0.117 0.03 0.013 0.032
0.002 0.011 0.011 0.024 0.005 0.003 0.002 0.003 0.002 0.024 0.002 0.002 0.001 0.009 0.01 0.003 0.003 0.001 0.002 0.011 0.003 0.006 0.063 0.031 0.01 0.006 0.018 0.005 0.003 0.004 0.001 0.001 0.006 0.021 0.028 0.001 0.002 0.152 0.003 0.157 0.025 0.002 0.007 0.007 0.008 0.012 1 0.003 0.013 0.009 0.022 0.049 0.001 0 0.013 0.008 0.002 0.007 0.009 0.001 0.01 0.002 0.001 0.001 0.001 0.009 0.001 0.001 0.001 0.002 0.004 0.013 0.001 0.001 0.001 0.01 0.001 0.001 0.001 0.001 0.001
0.062 0.058 0.078 0.028 0.001 0.201 0.273 0.006 0.005 0.031 0.003 0 0.001 0.12 0.124 0.267 0 0.001 0.005 0.063 0.207 0.002 0.026 0.028 0.097 0.002 0.043 0.003 0.006 0.405 0.03 0.032 0.002 0.124 0.102 0.001 0.506 0.002 0.624 0.006 0.093 0.003 0.015 0.016 0.016 0.214 0.003 1 0.205 0.001 0.031 0.045 0.002 0.001 0.198 0.017 0.892 0.015 0.017 0.002 0 0.636 0.003 0.002 0.047 0.161 0.002 0.011 0.003 0.533 0.001 0.106 0.002 0.002 0.002 0 0.002 0.549 0.001 0.003 0.003
0.012 0.019 0.025 0.002 0.005 0.018 0.038 0.004 0.001 0.022 0 0.145 0.006 0.009 0.01 0.029 0.001 0.007 0.191 0 0.02 0.458 0.094 0.064 0 0.013 0.021 0.008 0.202 0.053 0.001 0.001 0.012 0.005 0.011 0.007 0.089 0.033 0.107 0.04 0.021 0.012 0.069 0.587 0.607 0.96 0.013 0.205 1 0.172 0.153 0.103 0.008 0.031 0.91 0.531 0.187 0.46 0.569 0.01 0.61 0.127 0.106 0.049 0.087 0.739 0.066 0.051 0.012 0.11 0.211 0.76 0.052 0.01 0.008 0.573 0.008 0.113 0.029 0.013 0.03
0.002 0.005 0.008 0.015 0.017 0.036 0.026 0.075 0.054 0.025 0.042 0.039 0.008 0.007 0.004 0.023 0.084 0.01 0.058 0 0.035 0.127 0.012 0.038 0.001 0.025 0.021 0.004 0.054 0.011 0.015 0.015 0.062 0.001 0.002 0.009 0 0.177 0.002 0.155 0 0.01 0.083 0.187 0.191 0.172 0.009 0.001 0.172 1 0.002 0.036 0.011 0.003 0.194 0.205 0 0.191 0.22 0.014 0.199 0.001 0.033 0.016 0.015 0.214 0.019 0.017 0.001 0.002 0.09 0.191 0.012 0.014 0.003 0.2 0 0 0.004 0.019 0.025
0.011 0.001 0.001 0.232 0.022 0.007 0.029 0.099 0.073 0.261 0.038 0.023 0.028 0.001 0.002 0.008 0.089 0.006 0.028 0.007 0.006 0.077 0.013 0.082 0.008 0.028 0.23 0.013 0.031 0.011 0.012 0.011 0.066 0.278 0.389 0.044 0.026 0.25 0.034 0.261 0.485 0.017 0.453 0.09 0.093 0.147 0.022 0.031 0.153 0.002 1 0.128 0 0.003 0.158 0.098 0.029 0.087 0.109 0.001 0.124 0.022 0.016 0.014 0.013 0.152 0.01 0.008 0.014 0.021 0.054 0.157 0.01 0.057 0.055 0.119 0.002 0.017 0.006 0.008 0.015
0.07 0.051 0.057 0.192 0.038 0.031 0.025 0.034 0.037 0.219 0.024 0.004 0.01 0.066 0.072 0.04 0.033 0.001 0.036 0.073 0.035 0.029 0.146 0.029 0.082 0.038 0.195 0.004 0.037 0.051 0.01 0.011 0.047 0.242 0.201 0.011 0.038 0.011 0.049 0.01 0.236 0.042 0.11 0.045 0.051 0.109 0.049 0.045 0.103 0.036 0.128 1 0.014 0.005 0.123 0.054 0.042 0.042 0.065 0.014 0.054 0.025 0.003 0.001 0.019 0.085 0.001 0.001 0.047 0.031 0.044 0.073 0.003 0.013 0.014 0.056 0.003 0.025 0.005 0 0.001
0.017 0.022 0.022 0.014 0.003 0.108 0.083 0.002 0.002 0.017 0.001 0.001 0.026 0.021 0.019 0.103 0.002 0 0.002 0.027 0.111 0.004 0.001 0.006 0.028 0.003 0.022 0.001 0.002 0.089 0.078 0.074 0.003 0.02 0.012 0.019 0.094 0.004 0.07 0.004 0.014 0.001 0.002 0.005 0.005 0.008 0.001 0.002 0.008 0.011 0 0.014 1 0 0.008 0.005 0.002 0.005 0.006 0.801 0.007 0.001 0.001 0.001 0.001 0.008 0.001 0 0.001 0.001 0.003 0.008 0.001 0.011 0.001 0.006 0 0.001 0 0.441 0.001
0.005 0.005 0.005 0.007 0.002 0.001 0.001 0.001 0.001 0.006 0.001 0.209 0 0.005 0.005 0.001 0.001 0 0.001 0.004 0.001 0.047 0.005 0.011 0.004 0.002 0.005 0.001 0.001 0.001 0 0 0.002 0.005 0.007 0 0.001 0.002 0.001 0.002 0.008 0.001 0.001 0.042 0.035 0.025 0 0.001 0.031 0.003 0.003 0.005 0 1 0.023 0.039 0.001 0.044 0.034 0 0.03 0.001 0 0.318 0 0.024 0.304 0 0 0.001 0.002 0.023 0.098 0 0 0.028 0 0.001 0 0 0.107
0.009 0.016 0.021 0.004 0.007 0.017 0.036 0.005 0.002 0.027 0 0.109 0.006 0.006 0.008 0.027 0.001 0.007 0.184 0 0.018 0.442 0.063 0.087 0 0.015 0.025 0.008 0.195 0.05 0 0.001 0.014 0.008 0.015 0.007 0.085 0.035 0.103 0.042 0.026 0.006 0.071 0.563 0.574 0.914 0.013 0.198 0.91 0.194 0.158 0.123 0.008 0.023 1 0.614 0.181 0.544 0.643 0.011 0.654 0.123 0.103 0.026 0.084 0.81 0.063 0.05 0.013 0.107 0.257 0.801 0.05 0.01 0.009 0.639 0.008 0.109 0.023 0.014 0.03
0.009 0.004 0.004 0.044 0.016 0.018 0.013 0.019 0.016 0.112 0.01 0.156 0.004 0.033 0.031 0.019 0.018 0.005 0.263 0.048 0.017 0.608 0.025 0.212 0.064 0.037 0.125 0.003 0.282 0.022 0.007 0.007 0.034 0.133 0.134 0.004 0.014 0.029 0.019 0.028 0.169 0.002 0.048 0.876 0.774 0.523 0.008 0.017 0.531 0.205 0.098 0.054 0.005 0.039 0.614 1 0.016 0.845 0.851 0.007 0.703 0.012 0.166 0.05 0.038 0.498 0.103 0.036 0.008 0.009 0.337 0.563 0.084 0.006 0.005 0.707 0.005 0.009 0.003 0.009 0.057
0.049 0.064 0.064 0.021 0.009 0.222 0.299 0.004 0.003 0.024 0.002 0 0.001 0.104 0.109 0.293 0.005 0.001 0.005 0.049 0.228 0.001 0.024 0.024 0.08 0.009 0.035 0.003 0.005 0.444 0.034 0.036 0.009 0.113 0.093 0.001 0.552 0.011 0.68 0.005 0.085 0.003 0.014 0.015 0.013 0.195 0.002 0.892 0.187 0 0.029 0.042 0.002 0.001 0.181 0.016 1 0.014 0.015 0.002 0 0.692 0.003 0.002 0.053 0.145 0.002 0.005 0.002 0.58 0.006 0.099 0.001 0.002 0.002 0.001 0.001 0.596 0 0.003 0.002
0.005 0.002 0.002 0.038 0.013 0.015 0.011 0.017 0.014 0.106 0.009 0.114 0.003 0.032 0.029 0.016 0.016 0.004 0.301 0.052 0.015 0.578 0.018 0.217 0.056 0.033 0.111 0.003 0.288 0.019 0.006 0.006 0.03 0.118 0.117 0.004 0.013 0.025 0.017 0.024 0.149 0.001 0.043 0.757 0.694 0.451 0.007 0.015 0.46 0.191 0.087 0.042 0.005 0.044 0.544 0.845 0.014 1 0.782 0.006 0.643 0.011 0.187 0.06 0 0.479 0.116 0.038 0.007 0.007 0.314 0.518 0.097 0.006 0.005 0.646 0.004 0.008 0.003 0.008 0.068
0.002 0 0 0.031 0.003 0.02 0.015 0 0 0.085 0.001 0.127 0.004 0.015 0.014 0.021 0.001 0.005 0.268 0.023 0.019 0.534 0.031 0.166 0.034 0.01 0.081 0.004 0.259 0.024 0.008 0.008 0.009 0.088 0.099 0.005 0.016 0.031 0.021 0.031 0.122 0.003 0.047 0.777 0.804 0.563 0.009 0.017 0.569 0.22 0.109 0.065 0.006 0.034 0.643 0.851 0.015 0.782 1 0.007 0.797 0.013 0.15 0.056 0.033 0.566 0.093 0.032 0.009 0.01 0.334 0.631 0.077 0.007 0.006 0.771 0.005 0.01 0.042 0.01 0.051
0.026 0.033 0.033 0.019 0 0.082 0.063 0.002 0.002 0.023 0.001 0.002 0.02 0.031 0.029 0.078 0.003 0 0.002 0.04 0.084 0.005 0.002 0.008 0.041 0 0.013 0.001 0.002 0.067 0.06 0.057 0.004 0.011 0.005 0.014 0.072 0.005 0.052 0.004 0.006 0.001 0.001 0.006 0.006 0.01 0.001 0.002 0.01 0.014 0.001 0.014 0.801 0 0.011 0.007 0.002 0.006 0.007 1 0.008 0.001 0.001 0.001 0.001 0.01 0.001 0.001 0.001 0.001 0.004 0.011 0.001 0.008 0.001 0.008 0.001 0.001 0 0.585 0.001
0 0 0.002 0.015 0.001 0.003 0 0.001 0 0.051 0 0.12 0.005 0.004 0.004 0.004 0 0.006 0.232 0.007 0.003 0.457 0.048 0.109 0.012 0.007 0.057 0.006 0.223 0.006 0.009 0.007 0.006 0.055 0.075 0.005 0.001 0.024 0.005 0.037 0.097 0.009 0.055 0.672 0.694 0.607 0.01 0 0.61 0.199 0.124 0.054 0.007 0.03 0.654 0.703 0 0.643 0.797 0.008 1 0.015 0.114 0.074 0.107 0.656 0.082 0.063 0.01 0.012 0.379 0.705 0.082 0.008 0.007 0.924 0.006 0.012 0.035 0.011 0.123
0.017 0.024 0.023 0.005 0.008 0.086 0.12 0.004 0.004 0.006 0.002 0 0.001 0.055 0.061 0.143 0.005 0.001 0.004 0.012 0.089 0 0.013 0.01 0.031 0.009 0.01 0.002 0.004 0.283 0.03 0.027 0.008 0.075 0.062 0.001 0.424 0.009 0.522 0.003 0.056 0.002 0.01 0.011 0.012 0.132 0.002 0.636 0.127 0.001 0.022 0.025 0.001 0.001 0.123 0.012 0.692 0.011 0.013 0.001 0.015 1 0.002 0.002 0.002 0.128 0.001 0.001 0.002 0.76 0.007 0.107 0.001 0.001 0.001 0.015 0.001 0.775 0.001 0.002 0.002
0.048 0.06 0.059 0.022 0 0.003 0.003 0.003 0.003 0.01 0.002 0.017 0.001 0.002 0 0.004 0.004 0.001 0.003 0.011 0.003 0.133 0.014 0.03 0.011 0.006 0.022 0.002 0.003 0.004 0.001 0.001 0.006 0.023 0.028 0.001 0.002 0.006 0.003 0.006 0.031 0.002 0.008 0.181 0.147 0.111 0.001 0.003 0.106 0.033 0.016 0.003 0.001 0 0.103 0.166 0.003 0.187 0.15 0.001 0.114 0.002 1 0 0.001 0.067 0.053 0.102 0.001 0.002 0 0.103 0 0.001 0.001 0.089 0.001 0.002 0.001 0.001 0
0.012 0.01 0.01 0.007 0.005 0.003 0.002 0.002 0.002 0.006 0.001 0.227 0.001 0.012 0.012 0.003 0.003 0.001 0.002 0.01 0.003 0.03 0.002 0.009 0.009 0.005 0.013 0.002 0.002 0.003 0.001 0.001 0.005 0.005 0.017 0.001 0.002 0.005 0.003 0.005 0.019 0.002 0.007 0.056 0.054 0.029 0.001 0.002 0.049 0.016 0.014 0.001 0.001 0.318 0.026 0.05 0.002 0.06 0.056 0.001 0.074 0.002 0 1 0.001 0.059 0.221 0.021 0.001 0.002 0.004 0.057 0.316 0.001 0.001 0.063 0.001 0.001 0 0.001 0.351
0.001 0.002 0.002 0 0.005 0.035 0.049 0.002 0.002 0 0.001 0.054 0.001 0.006 0.005 0.033 0.003 0.001 0.002 0.014 0.036 0.008 0.011 0 0.004 0.005 0 0.001 0.002 0.028 0.001 0 0.005 0 0 0.001 0.044 0.005 0.021 0.005 0.001 0.001 0.007 0.043 0.026 0.09 0.001 0.047 0.087 0.015 0.013 0.019 0.001 0 0.084 0.038 0.053 0 0.033 0.001 0.107 0.002 0.001 0.001 1 0.068 0.001 0.016 0.001 0.002 0.007 0.042 0.001 0.001 0.001 0.1 0.001 0.001 0 0.001 0.001
0.003 0.006 0.009 0.008 0.012 0.008 0.02 0.005 0.002 0.037 0 0.111 0.006 0.004 0.002 0.015 0.001 0.007 0.138 0.001 0.008 0.373 0.055 0.072 0 0.014 0.028 0.008 0.129 0.034 0 0 0.014 0.006 0.015 0.007 0.075 0.029 0.089 0.036 0.026 0.006 0.068 0.448 0.458 0.739 0.009 0.161 0.739 0.214 0.152 0.085 0.008 0.024 0.81 0.498 0.145 0.479 0.566 0.01 0.656 0.128 0.067 0.059 0.068 1 0.067 0.048 0.012 0.112 0.261 0.842 0.067 0.01 0.008 0.64 0.008 0.114 0.038 0.013 0.101
0.01 0.008 0.008 0.018 0.004 0.002 0.002 0.002 0.002 0.016 0.001 0.39 0 0 0 0.002 0.002 0 0.002 0.007 0.002 0.122 0.008 0.034 0.007 0.004 0.013 0.001 0.002 0.003 0.001 0.001 0.004 0.014 0.017 0 0.001 0.004 0.002 0.004 0.019 0.001 0.005 0.112 0.1 0.068 0.001 0.002 0.066 0.019 0.01 0.001 0.001 0.304 0.063 0.103 0.002 0.116 0.093 0.001 0.082 0.001 0.053 0.221 0.001 0.067 1 0.26 0.001 0.001 0.003 0.064 0.243 0.001 0.001 0.081 0.001 0.001 0 0.001 0.182
0.001 0 0.001 0 0.001 0.003 0.005 0.002 0.001 0.001 0.001 0.106 0 0.012 0.011 0.003 0 0 0.001 0 0.003 0.044 0.007 0.008 0 0.001 0.001 0.001 0 0.002 0.001 0.001 0.001 0.001 0.002 0 0.006 0.001 0.004 0.003 0.002 0.001 0.004 0.04 0.039 0.053 0.001 0.011 0.051 0.017 0.008 0.001 0 0 0.05 0.036 0.005 0.038 0.032 0.001 0.063 0.001 0.102 0.021 0.016 0.048 0.26 1 0.001 0.001 0 0.02 0.021 0.001 0 0.048 0 0.001 0 0.001 0.018
0.001 0.002 0.001 0.007 0.001 0.003 0.002 0.001 0.001 0.015 0 0.002 0.001 0.004 0.004 0.003 0.002 0.001 0.002 0.005 0.003 0.007 0.001 0 0.005 0.001 0.012 0.013 0.003 0.004 0.001 0.001 0.004 0.017 0.021 0.001 0.002 0.004 0.003 0.003 0.017 0.002 0.007 0.007 0.007 0.012 0.001 0.003 0.012 0.001 0.014 0.047 0.001 0 0.013 0.008 0.002 0.007 0.009 0.001 0.01 0.002 0.001 0.001 0.001 0.012 0.001 0.001 1 0.002 0.004 0.013 0.001 0.001 0.001 0.01 0.001 0.001 0 0.001 0.001
0.012 0.017 0.017 0.006 0.008 0.065 0.091 0.004 0.004 0.01 0.002 0 0.001 0.066 0.077 0.117 0.005 0.001 0.004 0.017 0.067 0 0.018 0.014 0.039 0.001 0.015 0.002 0.004 0.242 0.031 0.028 0.001 0.085 0.064 0.001 0.371 0.008 0.46 0.003 0.058 0.002 0.011 0.008 0.008 0.115 0.002 0.533 0.11 0.002 0.021 0.031 0.001 0.001 0.107 0.009 0.58 0.007 0.01 0.001 0.012 0.76 0.002 0.002 0.002 0.112 0.001 0.001 0.002 1 0 0.092 0.001 0.001 0.001 0.011 0.001 0.622 0.001 0.002 0.002
0.025 0.027 0.019 0.046 0.01 0.009 0.006 0.011 0.009 0.047 0.006 0.001 0.002 0.008 0.009 0.009 0.002 0.003 0.524 0.007 0.008 0.266 0.014 0.086 0.014 0.004 0.041 0 0.513 0.011 0.004 0.003 0.003 0.044 0.037 0.002 0.005 0.005 0.008 0.013 0.055 0.002 0.027 0.29 0.256 0.197 0.004 0.001 0.211 0.09 0.054 0.044 0.003 0.002 0.257 0.337 0.006 0.314 0.334 0.004 0.379 0.007 0 0.004 0.007 0.261 0.003 0 0.004 0 1 0.301 0.003 0.004 0.003 0.381 0.003 0.005 0.002 0.005 0.003
0.001 0.004 0.006 0.012 0.008 0.001 0.006 0.005 0.003 0.045 0 0.11 0.006 0 0 0.004 0.002 0.007 0.182 0.005 0.001 0.469 0.055 0.071 0.005 0.018 0.046 0.008 0.174 0.017 0.001 0.001 0.016 0.016 0.031 0.007 0.055 0.037 0.057 0.041 0.046 0.012 0.071 0.54 0.55 0.761 0.013 0.106 0.76 0.191 0.157 0.073 0.008 0.023 0.801 0.563 0.099 0.518 0.631 0.011 0.705 0.107 0.103 0.057 0.042 0.842 0.064 0.02 0.013 0.092 0.301 1 0.065 0.01 0.009 0.657 0.008 0.093 0.028 0.014 0.097
0.007 0.006 0.006 0.009 0.003 0.002 0.002 0.002 0.001 0.01 0.001 0.154 0 0.009 0.009 0.002 0.002 0 0.002 0.007 0.002 0.052 0 0.025 0.007 0.004 0.009 0.001 0.002 0.003 0.001 0.001 0.004 0.009 0.012 0 0.001 0.004 0.002 0.004 0.013 0.001 0.005 0.091 0.081 0.055 0.001 0.002 0.052 0.012 0.01 0.003 0.001 0.098 0.05 0.084 0.001 0.097 0.077 0.001 0.082 0.001 0 0.316 0.001 0.067 0.243 0.021 0.001 0.001 0.003 0.065 1 0.001 0.001 0.068 0.001 0.001 0 0.001 0.308
0.001 0.004 0.005 0.032 0.004 0 0.002 0.002 0.002 0.034 0.001 0.002 0.006 0.005 0.001 0 0.002 0.001 0.002 0.004 0 0.005 0.007 0.015 0.003 0.005 0.039 0 0.002 0 0.001 0.001 0.004 0.037 0.03 0.44 0.002 0.004 0.002 0.004 0.029 0.001 0.118 0.006 0.006 0.01 0.001 0.002 0.01 0.014 0.057 0.013 0.011 0 0.01 0.006 0.002 0.006 0.007 0.008 0.008 0.001 0.001 0.001 0.001 0.01 0.001 0.001 0.001 0.001 0.004 0.01 0.001 1 0.001 0.008 0.001 0.001 0 0.001 0.001
0.002 0.008 0.008 0.029 0.004 0.002 0.002 0.002 0.002 0.031 0.001 0.001 0 0.009 0.005 0.002 0.002 0 0.001 0.007 0.002 0.003 0.009 0.014 0.007 0.004 0.038 0.001 0.001 0.002 0.001 0.001 0.004 0.039 0.032 0 0.001 0.004 0.002 0.004 0.03 0.001 0.112 0.005 0.005 0.008 0.001 0.002 0.008 0.003 0.055 0.014 0.001 0 0.009 0.005 0.002 0.005 0.006 0.001 0.007 0.001 0.001 0.001 0.001 0.008 0.001 0 0.001 0.001 0.003 0.009 0.001 0.001 1 0.007 0 0.001 0 0.001 0.001
0.001 0 0 0.023 0.002 0.004 0.001 0.002 0.001 0.056 0 0.119 0.005 0.005 0.004 0.004 0 0.006 0.238 0.009 0.003 0.433 0.039 0.113 0.014 0.008 0.063 0.005 0.229 0.007 0.008 0.007 0.008 0.06 0.082 0.005 0.001 0.022 0.007 0.035 0.103 0.003 0.052 0.648 0.666 0.569 0.01 0 0.573 0.2 0.119 0.056 0.006 0.028 0.639 0.707 0.001 0.646 0.771 0.008 0.924 0.015 0.089 0.063 0.1 0.64 0.081 0.048 0.01 0.011 0.381 0.657 0.068 0.008 0.007 1 0.006 0.012 0.032 0.011 0.125
0.004 0.003 0.003 0.008 0 0.002 0.001 0 0.001 0.005 0.001 0.001 0 0.002 0.002 0.002 0.002 0 0.002 0.002 0.002 0.004 0.031 0.014 0.002 0 0.006 0.001 0.002 0.002 0.001 0.001 0 0.003 0 0 0.001 0.012 0.002 0.013 0 0.001 0.004 0.005 0.005 0.007 0.001 0.002 0.008 0 0.002 0.003 0 0 0.008 0.005 0.001 0.004 0.005 0.001 0.006 0.001 0.001 0.001 0.001 0.008 0.001 0 0.001 0.001 0.003 0.008 0.001 0.001 0 0.006 1 0.001 0 0.001 0.001
0.008 0.012 0.012 0.002 0.006 0.09 0.123 0.003 0.003 0.002 0.002 0 0.001 0.04 0.047 0.085 0.004 0.001 0.003 0.015 0.093 0 0.015 0.009 0.016 0.007 0.005 0.002 0.003 0.222 0.016 0.014 0.006 0.069 0.057 0.001 0.379 0.007 0.44 0.002 0.052 0.002 0.008 0.009 0.009 0.117 0.001 0.549 0.113 0 0.017 0.025 0.001 0.001 0.109 0.009 0.596 0.008 0.01 0.001 0.012 0.775 0.002 0.001 0.001 0.114 0.001 0.001 0.001 0.622 0.005 0.093 0.001 0.001 0.001 0.012 0.001 1 0.001 0.002 0.001
0.024 0.03 0.029 0.012 0.044 0.001 0.001 0.129 0.153 0.014 0.153 0.001 0 0.037 0.035 0.001 0.112 0 0.001 0.035 0.001 0.003 0.002 0.006 0.036 0.068 0.018 0.001 0.001 0.001 0 0 0.067 0.016 0.01 0 0.001 0 0.001 0 0.017 0.001 0 0.003 0.028 0.03 0.001 0.001 0.029 0.004 0.006 0.005 0 0 0.023 0.003 0 0.003 0.042 0 0.035 0.001 0.001 0 0 0.038 0 0 0 0.001 0.002 0.028 0 0 0 0.032 0 0.001 1 0.001 0
0.017 0.023 0.023 0.005 0 0.071 0.058 0.003 0.003 0.007 0.002 0.002 0.014 0.021 0.019 0.068 0.004 0.001 0.003 0.028 0.074 0.007 0.002 0 0.03 0 0.002 0.002 0.003 0.057 0.065 0.062 0.006 0 0 0.001 0.05 0.006 0.035 0.006 0 0.002 0.002 0.008 0.008 0.013 0.001 0.003 0.013 0.019 0.008 0 0.441 0 0.014 0.009 0.003 0.008 0.01 0.585 0.011 0.002 0.001 0.001 0.001 0.013 0.001 0.001 0.001 0.002 0.005 0.014 0.001 0.001 0.001 0.011 0.001 0.002 0.001 1 0.001
0.009 0.007 0.007 0.009 0.005 0.003 0.002 0.003 0.002 0.012 0.002 0.105 0.001 0.013 0.014 0.003 0.003 0.001 0.002 0.011 0.003 0.036 0.003 0.01 0.011 0.006 0.02 0.002 0.003 0.004 0.001 0.001 0.006 0.011 0.026 0.001 0.002 0.006 0.003 0.006 0.028 0.002 0.008 0.061 0.054 0.032 0.001 0.003 0.03 0.025 0.015 0.001 0.001 0.107 0.03 0.057 0.002 0.068 0.051 0.001 0.123 0.002 0 0.351 0.001 0.101 0.182 0.018 0.001 0.002 0.003 0.097 0.308 0.001 0.001 0.125 0.001 0.001 0 0.001 1
