1 0.803 0.85 0.414 0.392 0.177 0.13 0.271 0.252 0.295 0.156 0.026 0.04 0.548 0.506 0.174 0.278 0.026 0.025 0.615 0.172 0.004 0.11 0.084 0.611 0.373 0.301 0.013 0.027 0.146 0.033 0.028 0.269 0.254 0.11 0.002 0.046 0.044 0.064 0.027 0.088 0.016 0.017 0.001 0 0.035 0.003 0.081 0.029 0.025 0.003 0.057 0.01 0.01 0.025 0.003 0.055 0.002 0 0.008 0.008 0.026 0.029 0.017 0.032 0.021 0.011 0 0.003 0.03 0.006 0.009 0.002 0.001 0.003 0.005 0.001 0.018 0.015 0.004 0.002
0.803 1 0.933 0.404 0.395 0.216 0.158 0.33 0.307 0.277 0.19 0.022 0.049 0.619 0.571 0.213 0.304 0.032 0.02 0.664 0.21 0.001 0.103 0.084 0.659 0.381 0.292 0.026 0.022 0.179 0.04 0.035 0.308 0.268 0.115 0.003 0.056 0.049 0.079 0.04 0.085 0.013 0.035 0.001 0 0.033 0.012 0.07 0.028 0.025 0.001 0.052 0.014 0.008 0.022 0.003 0.068 0.003 0 0.012 0.005 0.033 0.038 0.013 0.01 0.018 0.009 0.003 0.011 0.037 0.008 0.018 0.001 0.004 0.008 0.003 0 0.023 0.02 0.006 0.001
0.85 0.933 1 0.43 0.456 0.206 0.15 0.314 0.293 0.301 0.181 0.023 0.046 0.651 0.6 0.203 0.325 0.03 0.021 0.717 0.2 0.001 0.106 0.088 0.714 0.438 0.326 0.028 0.024 0.17 0.038 0.033 0.322 0.274 0.118 0.004 0.053 0.055 0.074 0.035 0.087 0.014 0.035 0.002 0 0.037 0.013 0.094 0.032 0.027 0 0.05 0.013 0.008 0.026 0.004 0.064 0.003 0 0.011 0.008 0.031 0.035 0.014 0.009 0.022 0.01 0 0.002 0.035 0.004 0.017 0.001 0.004 0.008 0.005 0.001 0.021 0.018 0.006 0.001
0.414 0.404 0.43 1 0.213 0.08 0.055 0.144 0.134 0.834 0.083 0.049 0.021 0.264 0.273 0.078 0.149 0.023 0.046 0.316 0.077 0.026 0.275 0.303 0.323 0.214 0.625 0.006 0.04 0.062 0.017 0.012 0.149 0.56 0.277 0.019 0.022 0.002 0.03 0 0.37 0.03 0.229 0.041 0.025 0.001 0.027 0.039 0.002 0.012 0.184 0.195 0.011 0.017 0.003 0.05 0.024 0.055 0.024 0.006 0.009 0.01 0.011 0.019 0.001 0.004 0.021 0 0.009 0.006 0.024 0.004 0.003 0.014 0.017 0.013 0.004 0.007 0.005 0 0.009
0.392 0.395 0.456 0.213 1 0.019 0.014 0.534 0.508 0.244 0.279 0.011 0.004 0.47 0.44 0.019 0.587 0.071 0.01 0.518 0.019 0.032 0.072 0.125 0.554 0.828 0.282 0.013 0.011 0.017 0.004 0.005 0.634 0.196 0.13 0.003 0.007 0.181 0.01 0.129 0.109 0.006 0.043 0.033 0.006 0.003 0.007 0.001 0.003 0.047 0.021 0.036 0.004 0.004 0.006 0.036 0.007 0.035 0.006 0.001 0.002 0.006 0.004 0.007 0.005 0.006 0.005 0.001 0 0.006 0.004 0.009 0.005 0.003 0.004 0.002 0 0.005 0.034 0.002 0.006
0.177 0.216 0.206 0.08 0.019 1 0.731 0.013 0.011 0.103 0.007 0.005 0.225 0.204 0.188 0.962 0.015 0.002 0.004 0.22 0.973 0.014 0.009 0.026 0.177 0.022 0.085 0.006 0.005 0.826 0.186 0.186 0.022 0.112 0.037 0 0.261 0.027 0.379 0.025 0.023 0.003 0.002 0.008 0.01 0.03 0.003 0.244 0.027 0.033 0.009 0.008 0.089 0.002 0.026 0.01 0.313 0.01 0.013 0.057 0 0.166 0.003 0.002 0.081 0.02 0.002 0 0.004 0.179 0.002 0.017 0.001 0 0.002 0 0.002 0.133 0.002 0.046 0.002
0.13 0.158 0.15 0.055 0.014 0.731 1 0.009 0.009 0.079 0.005 0.003 0.001 0.154 0.142 0.715 0.011 0.001 0.003 0.165 0.724 0.01 0.005 0.015 0.119 0.016 0.056 0.004 0.004 0.566 0.254 0.257 0.016 0.081 0.02 0.001 0.359 0.02 0.522 0.018 0.01 0.002 0.016 0.005 0.006 0.059 0.002 0.342 0.054 0.021 0.041 0.003 0.03 0.001 0.054 0.006 0.433 0.006 0.008 0.018 0.002 0.231 0.002 0.001 0.115 0.043 0.001 0 0.003 0.248 0.001 0.039 0.001 0.001 0.001 0.002 0.001 0.185 0.002 0.015 0.001
0.271 0.33 0.314 0.144 0.534 0.013 0.009 1 0.929 0.164 0.575 0.007 0.003 0.32 0.295 0.013 0.788 0.003 0.007 0.355 0.012 0.021 0.049 0.083 0.378 0.576 0.199 0.009 0.007 0.012 0.002 0.003 0.516 0.166 0.106 0.002 0.004 0.246 0.007 0.257 0.098 0.004 0.026 0.025 0 0.004 0.004 0.008 0.004 0.109 0.083 0.052 0.003 0.003 0.008 0.027 0.004 0.026 0.001 0.004 0.003 0.004 0.005 0.005 0.003 0.007 0.003 0.002 0.006 0.004 0.015 0.007 0.003 0.002 0.003 0.004 0.002 0.003 0.078 0.005 0.004
0.252 0.307 0.293 0.134 0.508 0.011 0.009 0.929 1 0.153 0.618 0.007 0.002 0.298 0.275 0.011 0.749 0.003 0.006 0.331 0.011 0.019 0.045 0.078 0.352 0.534 0.185 0.008 0.007 0.011 0.002 0.003 0.475 0.152 0.097 0.002 0.004 0.217 0.006 0.226 0.09 0.004 0.023 0.023 0 0.002 0.004 0.007 0.003 0.094 0.071 0.052 0.003 0.002 0.006 0.025 0.004 0.024 0 0.004 0.002 0.004 0.004 0.004 0.003 0.005 0.003 0.002 0.005 0.004 0.014 0.005 0.003 0.002 0.002 0.003 0 0.003 0.085 0.004 0.004
0.295 0.277 0.301 0.834 0.244 0.103 0.079 0.164 0.153 1 0.095 0.044 0.024 0.332 0.344 0.106 0.171 0.026 0.041 0.385 0.105 0.112 0.25 0.426 0.392 0.247 0.739 0.008 0.029 0.087 0.02 0.014 0.176 0.671 0.354 0.022 0.026 0.007 0.035 0.002 0.465 0.026 0.262 0.115 0.069 0.017 0.025 0.045 0.021 0.025 0.233 0.206 0.013 0.015 0.026 0.127 0.029 0.135 0.074 0.008 0.038 0.013 0.024 0.016 0.002 0.027 0.019 0.001 0.012 0.017 0.03 0.027 0.01 0.016 0.02 0.04 0.002 0.009 0.006 0.001 0.023
0.156 0.19 0.181 0.083 0.279 0.007 0.005 0.575 0.618 0.095 1 0.004 0.002 0.185 0.171 0.007 0.5 0.002 0.004 0.206 0.007 0.012 0.028 0.049 0.218 0.33 0.115 0.005 0.004 0.007 0.001 0.002 0.323 0.115 0.072 0.001 0.003 0.161 0.004 0.164 0.07 0.002 0.013 0.015 0 0.002 0.003 0.005 0.002 0.069 0.06 0.034 0.002 0.001 0.002 0.016 0.002 0.016 0 0.002 0.002 0.002 0.003 0.003 0.002 0.005 0.002 0.001 0.003 0.002 0.008 0.004 0.002 0.001 0.002 0.003 0.001 0.002 0.041 0.003 0.003
0.026 0.022 0.023 0.049 0.011 0.005 0.003 0.007 0.007 0.044 0.004 1 0.001 0.01 0.007 0.005 0.008 0.001 0.002 0.016 0.005 0.228 0.018 0.05 0.019 0.012 0.035 0.003 0.003 0.004 0.001 0.001 0.003 0.027 0.04 0.001 0.001 0.015 0 0.014 0.046 0.002 0.012 0.164 0.134 0.113 0.002 0 0.165 0.022 0.031 0.004 0.001 0.351 0.106 0.148 0 0.143 0.109 0.001 0.101 0.001 0.012 0.329 0.002 0.075 0.396 0.011 0.002 0.001 0.002 0.092 0.067 0.001 0.001 0.075 0.001 0.002 0.001 0.002 0.148
0.04 0.049 0.046 0.021 0.004 0.225 0.001 0.003 0.002 0.024 0.002 0.001 1 0.048 0.044 0.227 0.003 0 0.001 0.053 0.23 0.003 0.007 0.012 0.057 0.005 0.03 0.001 0.001 0.245 0 0.001 0.005 0.03 0.021 0.003 0.001 0.006 0.001 0.006 0.018 0.001 0.088 0.003 0.004 0.006 0.001 0.001 0.006 0.011 0.028 0.01 0.083 0 0.006 0.004 0.001 0.003 0.004 0.057 0.005 0.001 0.001 0.001 0.001 0.006 0 0 0.001 0.001 0.002 0.006 0.001 0.001 0 0.005 0 0 0.001 0.047 0.001
0.548 0.619 0.651 0.264 0.47 0.204 0.154 0.32 0.298 0.332 0.185 0.01 0.048 1 0.916 0.208 0.343 0.051 0.008 0.794 0.205 0.038 0.082 0.14 0.791 0.491 0.364 0.019 0.01 0.177 0.039 0.058 0.36 0.313 0.193 0.003 0.057 0.098 0.079 0.071 0.162 0.013 0.032 0.038 0.012 0.005 0.002 0.099 0.003 0.012 0.005 0.05 0.017 0.008 0.002 0.044 0.068 0.044 0.016 0.015 0.001 0.034 0.008 0.015 0.011 0.004 0.004 0.004 0.002 0.039 0.003 0 0.01 0.004 0.008 0.001 0 0.024 0.048 0.008 0.012
0.506 0.571 0.6 0.273 0.44 0.188 0.142 0.295 0.275 0.344 0.171 0.007 0.044 0.916 1 0.191 0.315 0.047 0.009 0.731 0.19 0.037 0.092 0.145 0.73 0.465 0.329 0.004 0.011 0.164 0.036 0.054 0.34 0.293 0.174 0.004 0.067 0.089 0.086 0.065 0.167 0.014 0.024 0.041 0.014 0.004 0.003 0.105 0.003 0.01 0.007 0.05 0.015 0.009 0.001 0.047 0.075 0.047 0.018 0.013 0.002 0.042 0.006 0.016 0.009 0.003 0.004 0.003 0 0.049 0.004 0 0.011 0.003 0.009 0.002 0 0.033 0.044 0.006 0.014
0.174 0.213 0.203 0.078 0.019 0.962 0.715 0.013 0.011 0.106 0.007 0.005 0.227 0.208 0.191 1 0.015 0.002 0.004 0.223 0.981 0.014 0.012 0.029 0.186 0.021 0.091 0.006 0.005 0.856 0.187 0.188 0.022 0.119 0.041 0 0.283 0.027 0.402 0.025 0.026 0.003 0.002 0.008 0.01 0.033 0.003 0.261 0.03 0.03 0.009 0.011 0.09 0.002 0.03 0.01 0.334 0.009 0.013 0.058 0 0.185 0.003 0.004 0.082 0.02 0.002 0 0.004 0.199 0.002 0.018 0.003 0 0.002 0 0.002 0.134 0.002 0.047 0.003
0.278 0.304 0.325 0.149 0.587 0.015 0.011 0.788 0.749 0.171 0.5 0.008 0.003 0.343 0.315 0.015 1 0.004 0.008 0.411 0.014 0.025 0.056 0.097 0.439 0.651 0.231 0.01 0.009 0.013 0.003 0.004 0.589 0.192 0.124 0.002 0.005 0.293 0.008 0.219 0.113 0.005 0.027 0.026 0.001 0 0.005 0.004 0 0.121 0.065 0.057 0.003 0.003 0 0.029 0.005 0.028 0.001 0.005 0 0.005 0.005 0.006 0.004 0 0.004 0.002 0.007 0.004 0.001 0.001 0.005 0.002 0.003 0 0.003 0.004 0.067 0.005 0.006
0.026 0.032 0.03 0.023 0.071 0.002 0.001 0.003 0.003 0.026 0.002 0.001 0 0.051 0.047 0.002 0.004 1 0.001 0.056 0.002 0.003 0.008 0.013 0.06 0.092 0.032 0.001 0.001 0.002 0 0.001 0.09 0.032 0.022 0 0.001 0.006 0.001 0.006 0.02 0.001 0.005 0.004 0.004 0.007 0.001 0.001 0.007 0.013 0.005 0.001 0 0 0.007 0.004 0.001 0.004 0.005 0 0.006 0.001 0.001 0.001 0.001 0.007 0 0 0.001 0.001 0.002 0.007 0.001 0 0 0.006 0 0 0.001 0 0.001
0.025 0.02 0.021 0.046 0.01 0.004 0.003 0.007 0.006 0.041 0.004 0.002 0.001 0.008 0.009 0.004 0.008 0.001 1 0.019 0.004 0.307 0.017 0.079 0.017 0.011 0.033 0.003 0.899 0.004 0.001 0.001 0.012 0.027 0.036 0.001 0.002 0.014 0.002 0.011 0.047 0.001 0.01 0.235 0.212 0.143 0.002 0.003 0.137 0.037 0.025 0.019 0.001 0.001 0.136 0.211 0.002 0.21 0.177 0.001 0.153 0.001 0.002 0 0.001 0.11 0.001 0 0.002 0.001 0.346 0.139 0.001 0.001 0 0.17 0.001 0.001 0.001 0.001 0
0.615 0.664 0.717 0.316 0.518 0.22 0.165 0.355 0.331 0.385 0.206 0.016 0.053 0.794 0.731 0.223 0.411 0.056 0.019 1 0.228 0.055 0.091 0.174 0.921 0.59 0.453 0.025 0.02 0.188 0.043 0.039 0.443 0.386 0.197 0.003 0.056 0.084 0.08 0.058 0.158 0.003 0.027 0.051 0.017 0.003 0.013 0.102 0.001 0.011 0.008 0.055 0.02 0.007 0.001 0.055 0.069 0.054 0.02 0.017 0.002 0.031 0.013 0.015 0.013 0 0.009 0 0.004 0.037 0.006 0 0.011 0.004 0.007 0.003 0 0.025 0.022 0.01 0.013
0.172 0.21 0.2 0.077 0.019 0.973 0.724 0.012 0.011 0.105 0.007 0.005 0.23 0.205 0.19 0.981 0.014 0.002 0.004 0.228 1 0.014 0.012 0.029 0.183 0.021 0.09 0.006 0.005 0.846 0.189 0.19 0.021 0.118 0.04 0 0.266 0.026 0.386 0.024 0.025 0.003 0.002 0.008 0.01 0.032 0.003 0.249 0.029 0.032 0.008 0.011 0.091 0.002 0.028 0.009 0.319 0.009 0.013 0.059 0 0.17 0.003 0.004 0.083 0.019 0.002 0 0.004 0.186 0.002 0.017 0.003 0 0.002 0 0.002 0.136 0.002 0.047 0.003
0.004 0.001 0.001 0.026 0.032 0.014 0.01 0.021 0.019 0.112 0.012 0.228 0.003 0.038 0.037 0.014 0.025 0.003 0.307 0.055 0.014 1 0.037 0.221 0.056 0.037 0.104 0.01 0.341 0.013 0.003 0.004 0.025 0.091 0.127 0.003 0.001 0.045 0.003 0.039 0.153 0.005 0.035 0.688 0.546 0.437 0.004 0.004 0.419 0.098 0.089 0.022 0.003 0.086 0.415 0.624 0.002 0.586 0.5 0.004 0.427 0 0.177 0.059 0 0.322 0.14 0.014 0.006 0 0.219 0.453 0.069 0.003 0.002 0.382 0.003 0 0.004 0.005 0.124
0.11 0.103 0.106 0.275 0.072 0.009 0.005 0.049 0.045 0.25 0.028 0.018 0.007 0.082 0.092 0.012 0.056 0.008 0.017 0.091 0.012 0.037 1 0.441 0.126 0.082 0.231 0.022 0.018 0.029 0.006 0.009 0.05 0.183 0.017 0.007 0.011 0.046 0.017 0.051 0.037 0.07 0.076 0.029 0.032 0.06 0.069 0.02 0.064 0 0.009 0.124 0.002 0.006 0.037 0.013 0.013 0.01 0.018 0 0.026 0.008 0.012 0.005 0.008 0.022 0.008 0.005 0 0.01 0.003 0.021 0.003 0.003 0.007 0.019 0.017 0.008 0 0.008 0.003
0.084 0.084 0.088 0.303 0.125 0.026 0.015 0.083 0.078 0.426 0.049 0.05 0.012 0.14 0.145 0.029 0.097 0.013 0.079 0.174 0.029 0.221 0.441 1 0.219 0.143 0.403 0.039 0.088 0.051 0.01 0.015 0.088 0.327 0.113 0.011 0.012 0.004 0.021 0.007 0.173 0.038 0.133 0.246 0.179 0.094 0.039 0.026 0.084 0.085 0.073 0.019 0.005 0.019 0.116 0.269 0.017 0.262 0.193 0.001 0.142 0.008 0.042 0.013 0 0.108 0.036 0.004 0.004 0.009 0.092 0.097 0.021 0.007 0.01 0.139 0.008 0.007 0.001 0.001 0.041
0.611 0.659 0.714 0.323 0.554 0.177 0.119 0.378 0.352 0.392 0.218 0.019 0.057 0.791 0.73 0.186 0.439 0.06 0.017 0.921 0.183 0.056 0.126 0.219 1 0.635 0.512 0.023 0.019 0.21 0.047 0.042 0.48 0.391 0.238 0.003 0.066 0.097 0.093 0.068 0.196 0.011 0.023 0.051 0.017 0.004 0.012 0.117 0.003 0.015 0.013 0.077 0.022 0.007 0.001 0.057 0.081 0.055 0.02 0.019 0.002 0.039 0.012 0.014 0.013 0 0.008 0 0.003 0.046 0.006 0 0.01 0.003 0.007 0.002 0 0.028 0.024 0.011 0.012
0.373 0.381 0.438 0.214 0.828 0.022 0.016 0.576 0.534 0.247 0.33 0.012 0.005 0.491 0.465 0.021 0.651 0.092 0.011 0.59 0.021 0.037 0.082 0.143 0.635 1 0.332 0.015 0.013 0.02 0.004 0.006 0.781 0.237 0.149 0.004 0.008 0.216 0.011 0.164 0.132 0.007 0.049 0.04 0.007 0.005 0.008 0 0.006 0.065 0.032 0.047 0.002 0.004 0.009 0.043 0.008 0.042 0.008 0 0.004 0.007 0.008 0.009 0.006 0.008 0.005 0 0.001 0.006 0.004 0.011 0.007 0.004 0.004 0.003 0 0.005 0.042 0.001 0.008
0.301 0.292 0.326 0.625 0.282 0.085 0.056 0.199 0.185 0.739 0.115 0.035 0.03 0.364 0.329 0.091 0.231 0.032 0.033 0.453 0.09 0.104 0.231 0.403 0.512 0.332 1 0.044 0.037 0.108 0.025 0.019 0.259 0.834 0.543 0.022 0.032 0.024 0.045 0.014 0.455 0.021 0.142 0.106 0.06 0.01 0.018 0.057 0.012 0.005 0.186 0.194 0.014 0.012 0.016 0.117 0.038 0.113 0.059 0.007 0.03 0.017 0.023 0.016 0.003 0.015 0.015 0 0.008 0.021 0.027 0.02 0.009 0.016 0.025 0.033 0.002 0.011 0.009 0 0.024
0.013 0.026 0.028 0.006 0.013 0.006 0.004 0.009 0.008 0.008 0.005 0.003 0.001 0.019 0.004 0.006 0.01 0.001 0.003 0.025 0.006 0.01 0.022 0.039 0.023 0.015 0.044 1 0.003 0.005 0.001 0.002 0.016 0.044 0.062 0 0.002 0.019 0.003 0.018 0.008 0.002 0.084 0.012 0.013 0.019 0 0.004 0.019 0.031 0.017 0.001 0.001 0.001 0.019 0.012 0.003 0.012 0.014 0.002 0.017 0.002 0.002 0.003 0.002 0.019 0.001 0.001 0.067 0.002 0.006 0.018 0.002 0 0.001 0.015 0.001 0.001 0.002 0.002 0.002
0.027 0.022 0.024 0.04 0.011 0.005 0.004 0.007 0.007 0.029 0.004 0.003 0.001 0.01 0.011 0.005 0.009 0.001 0.899 0.02 0.005 0.341 0.018 0.088 0.019 0.013 0.037 0.003 1 0.004 0.001 0.001 0.013 0.031 0.041 0.001 0.002 0.016 0.003 0.012 0.053 0.002 0.011 0.263 0.238 0.16 0.002 0.003 0.153 0.034 0.028 0.021 0.001 0.001 0.153 0.237 0.002 0.203 0.198 0.001 0.171 0.002 0.002 0 0.001 0.103 0.001 0.009 0.002 0.001 0.395 0.156 0.001 0.001 0 0.191 0.001 0.001 0.001 0.002 0
0.146 0.179 0.17 0.062 0.017 0.826 0.566 0.012 0.011 0.087 0.007 0.004 0.245 0.177 0.164 0.856 0.013 0.002 0.004 0.188 0.846 0.013 0.029 0.051 0.21 0.02 0.108 0.005 0.004 1 0.202 0.203 0.02 0.11 0.062 0 0.316 0.025 0.499 0.02 0.043 0.003 0.003 0.007 0.009 0.051 0.003 0.332 0.046 0.025 0.006 0.025 0.098 0.002 0.046 0.008 0.422 0.008 0.011 0.064 0 0.257 0.003 0.003 0.089 0.034 0.002 0 0.003 0.255 0.002 0.031 0.002 0 0.002 0 0.001 0.201 0.002 0.052 0.003
0.033 0.04 0.038 0.017 0.004 0.186 0.254 0.002 0.002 0.02 0.001 0.001 0 0.039 0.036 0.187 0.003 0 0.001 0.043 0.189 0.003 0.006 0.01 0.047 0.004 0.025 0.001 0.001 0.202 1 0.674 0.004 0.014 0.009 0 0.02 0.005 0.254 0.005 0.007 0.001 0.004 0.003 0.003 0.019 0.001 0.127 0.018 0.009 0.01 0.003 0.002 0 0.018 0.003 0.16 0.003 0.004 0.001 0.002 0.209 0.001 0.001 0.001 0.017 0 0 0.001 0.217 0.002 0.017 0 0 0 0.002 0 0.086 0 0.001 0.001
0.028 0.035 0.033 0.012 0.005 0.186 0.257 0.003 0.003 0.014 0.002 0.001 0.001 0.058 0.054 0.188 0.004 0.001 0.001 0.039 0.19 0.004 0.009 0.015 0.042 0.006 0.019 0.002 0.001 0.203 0.674 1 0.006 0.011 0.017 0 0.063 0.001 0.276 0 0.014 0.001 0.006 0.005 0.005 0.021 0.001 0.154 0.02 0.014 0.005 0.006 0.001 0 0.02 0.005 0.195 0.005 0.006 0 0 0.137 0.001 0.001 0.033 0.02 0.001 0 0.001 0.142 0.001 0.019 0.001 0 0 0 0 0.055 0.001 0 0.001
0.269 0.308 0.322 0.149 0.634 0.022 0.016 0.516 0.475 0.176 0.323 0.003 0.005 0.36 0.34 0.022 0.589 0.09 0.012 0.443 0.021 0.025 0.05 0.088 0.48 0.781 0.259 0.016 0.013 0.02 0.004 0.006 1 0.261 0.2 0.005 0.008 0.294 0.012 0.235 0.179 0.007 0.05 0.028 0.003 0.002 0.008 0 0.002 0.081 0.041 0.076 0.004 0.004 0.005 0.032 0.009 0.031 0.004 0.006 0.001 0.007 0.008 0.009 0.006 0.008 0.005 0 0.01 0.006 0.001 0.007 0.007 0.004 0.005 0.004 0 0.005 0.042 0.007 0.009
0.254 0.268 0.274 0.56 0.196 0.112 0.081 0.166 0.152 0.671 0.115 0.027 0.03 0.313 0.293 0.119 0.192 0.032 0.027 0.386 0.118 0.091 0.183 0.327 0.391 0.237 0.834 0.044 0.031 0.11 0.014 0.011 0.261 1 0.61 0.022 0.047 0.028 0.07 0.021 0.517 0.021 0.147 0.11 0.062 0.006 0.023 0.083 0.008 0.004 0.204 0.209 0.014 0.012 0.011 0.12 0.061 0.117 0.061 0.004 0.031 0.039 0.023 0.014 0.003 0.009 0.015 0 0.022 0.04 0.029 0.013 0.009 0.017 0.028 0.034 0.001 0.033 0.009 0 0.022
0.11 0.115 0.118 0.277 0.13 0.037 0.02 0.106 0.097 0.354 0.072 0.04 0.021 0.193 0.174 0.041 0.124 0.022 0.036 0.197 0.04 0.127 0.017 0.113 0.238 0.149 0.543 0.062 0.041 0.062 0.009 0.017 0.2 0.61 1 0.015 0.033 0.298 0.049 0.282 0.8 0.03 0.08 0.151 0.101 0.027 0.023 0.059 0.033 0.008 0.378 0.201 0.008 0.017 0.039 0.166 0.047 0.156 0.102 0.001 0.066 0.027 0.032 0.021 0.001 0.025 0.021 0.001 0.032 0.016 0.035 0.041 0.012 0.011 0.02 0.068 0.008 0.023 0.016 0.001 0.03
0.002 0.003 0.004 0.019 0.003 0 0.001 0.002 0.002 0.022 0.001 0.001 0.003 0.003 0.004 0 0.002 0 0.001 0.003 0 0.003 0.007 0.011 0.003 0.004 0.022 0 0.001 0 0 0 0.005 0.022 0.015 1 0.001 0.006 0.001 0.005 0.016 0.001 0.079 0.003 0.003 0.005 0.001 0.001 0.005 0.011 0.029 0.009 0.017 0 0.005 0.003 0.001 0.003 0.004 0.011 0.005 0.001 0.001 0.001 0 0.005 0 0 0.001 0.001 0.002 0.005 0 0.421 0 0.004 0 0 0 0.001 0
0.046 0.056 0.053 0.022 0.007 0.261 0.359 0.004 0.004 0.026 0.003 0.001 0.001 0.057 0.067 0.283 0.005 0.001 0.002 0.056 0.266 0.001 0.011 0.012 0.066 0.008 0.032 0.002 0.002 0.316 0.02 0.063 0.008 0.047 0.033 0.001 1 0.01 0.529 0.009 0.029 0.001 0.008 0.005 0.007 0.054 0.001 0.316 0.049 0.006 0.02 0.015 0.072 0.001 0.049 0.006 0.396 0.006 0.008 0.048 0.003 0.176 0.001 0.001 0.149 0.033 0.001 0.001 0.001 0.152 0.001 0.028 0.001 0.001 0.001 0.005 0.001 0.194 0.001 0.039 0.001
0.044 0.049 0.055 0.002 0.181 0.027 0.02 0.246 0.217 0.007 0.161 0.015 0.006 0.098 0.089 0.027 0.293 0.006 0.014 0.084 0.026 0.045 0.046 0.004 0.097 0.216 0.024 0.019 0.016 0.025 0.005 0.001 0.294 0.028 0.298 0.006 0.01 1 0.014 0.894 0.236 0.009 0.069 0.042 0.044 0.038 0.088 0 0.041 0.225 0.234 0.026 0.006 0.005 0.042 0.046 0.011 0.041 0.045 0.008 0.032 0.008 0.01 0.009 0.007 0.027 0.007 0 0.012 0.008 0.004 0.045 0.006 0.005 0.006 0.025 0.033 0.007 0 0.01 0.008
0.064 0.079 0.074 0.03 0.01 0.379 0.522 0.007 0.006 0.035 0.004 0 0.001 0.079 0.086 0.402 0.008 0.001 0.002 0.08 0.386 0.003 0.017 0.021 0.093 0.011 0.045 0.003 0.003 0.499 0.254 0.276 0.012 0.07 0.049 0.001 0.529 0.014 1 0.01 0.043 0.001 0.011 0.008 0.01 0.088 0.002 0.521 0.084 0.01 0.03 0.023 0.046 0.001 0.084 0.009 0.652 0.009 0.012 0.029 0 0.484 0.002 0.002 0.094 0.081 0.001 0 0.002 0.42 0 0.075 0.001 0.001 0.001 0 0.001 0.385 0.001 0.023 0.002
0.027 0.04 0.035 0 0.129 0.025 0.018 0.257 0.226 0.002 0.164 0.014 0.006 0.071 0.065 0.025 0.219 0.006 0.011 0.058 0.024 0.039 0.051 0.007 0.068 0.164 0.014 0.018 0.012 0.02 0.005 0 0.235 0.021 0.282 0.005 0.009 0.894 0.01 1 0.222 0.008 0.063 0.038 0.043 0.064 0.096 0.013 0.067 0.189 0.27 0.022 0.006 0.005 0.068 0.042 0.007 0.038 0.05 0.008 0.06 0.005 0.009 0.008 0.007 0.048 0.006 0.004 0.011 0.005 0.018 0.063 0.005 0.005 0.005 0.052 0.036 0.003 0 0.009 0.007
0.088 0.085 0.087 0.37 0.109 0.023 0.01 0.098 0.09 0.465 0.07 0.046 0.018 0.162 0.167 0.026 0.113 0.02 0.047 0.158 0.025 0.153 0.037 0.173 0.196 0.132 0.455 0.008 0.053 0.043 0.007 0.014 0.179 0.517 0.8 0.016 0.029 0.236 0.043 0.222 1 0.034 0.209 0.181 0.119 0.039 0.019 0.051 0.047 0 0.488 0.258 0.007 0.02 0.054 0.199 0.041 0.188 0.122 0 0.084 0.023 0.037 0.025 0 0.037 0.025 0.002 0.024 0.013 0.048 0.056 0.015 0.012 0.017 0.085 0.006 0.02 0.021 0.002 0.035
0.016 0.013 0.014 0.03 0.006 0.003 0.002 0.004 0.004 0.026 0.002 0.002 0.001 0.013 0.014 0.003 0.005 0.001 0.001 0.003 0.003 0.005 0.07 0.038 0.011 0.007 0.021 0.002 0.002 0.003 0.001 0.001 0.007 0.021 0.03 0.001 0.001 0.009 0.001 0.008 0.034 1 0.007 0.001 0.001 0 0.001 0.002 0 0.001 0.016 0.016 0.001 0.001 0 0.002 0.001 0.002 0.001 0.001 0 0.001 0.001 0.001 0 0 0.001 0 0.001 0.001 0.007 0 0.001 0.001 0.001 0.001 0.001 0.001 0.001 0.001 0.001
0.017 0.035 0.035 0.229 0.043 0.002 0.016 0.026 0.023 0.262 0.013 0.012 0.088 0.032 0.024 0.002 0.027 0.005 0.01 0.027 0.002 0.035 0.076 0.133 0.023 0.049 0.142 0.084 0.011 0.003 0.004 0.006 0.05 0.147 0.08 0.079 0.008 0.069 0.011 0.063 0.209 0.007 1 0.042 0.04 0.062 0.008 0.013 0.065 0.123 0.351 0.104 0.009 0.004 0.065 0.046 0.011 0.045 0.049 0.003 0.058 0.006 0.008 0.009 0.006 0.064 0.005 0.003 0.005 0.006 0.025 0.064 0.007 0.064 0.081 0.051 0.004 0.005 0.002 0 0.008
0.001 0.001 0.002 0.041 0.033 0.008 0.005 0.025 0.023 0.115 0.015 0.164 0.003 0.038 0.041 0.008 0.026 0.004 0.235 0.051 0.008 0.688 0.029 0.246 0.051 0.04 0.106 0.012 0.263 0.007 0.003 0.005 0.028 0.11 0.151 0.003 0.005 0.042 0.008 0.038 0.181 0.001 0.042 1 0.817 0.612 0.006 0.01 0.587 0.166 0.114 0.039 0.003 0.072 0.582 0.91 0.008 0.869 0.738 0.005 0.634 0.005 0.181 0.07 0.012 0.468 0.119 0.025 0.007 0 0.314 0.499 0.085 0.003 0.003 0.595 0.003 0.004 0.004 0.006 0.137
0 0 0 0.025 0.006 0.01 0.006 0 0 0.069 0 0.134 0.004 0.012 0.014 0.01 0.001 0.004 0.212 0.017 0.01 0.546 0.032 0.179 0.017 0.007 0.06 0.013 0.238 0.009 0.003 0.005 0.003 0.062 0.101 0.003 0.007 0.044 0.01 0.043 0.119 0.001 0.04 0.817 1 0.679 0.007 0.012 0.652 0.201 0.126 0.056 0.004 0.057 0.616 0.742 0.007 0.712 0.82 0.006 0.695 0.006 0.11 0.062 0.008 0.508 0.098 0.022 0.008 0 0.276 0.539 0.068 0.004 0.004 0.645 0.004 0.005 0.056 0.007 0.115
0.035 0.033 0.037 0.001 0.003 0.03 0.059 0.004 0.002 0.017 0.002 0.113 0.006 0.005 0.004 0.033 0 0.007 0.143 0.003 0.032 0.437 0.06 0.094 0.004 0.005 0.01 0.019 0.16 0.051 0.019 0.021 0.002 0.006 0.027 0.005 0.054 0.038 0.088 0.064 0.039 0 0.062 0.612 0.679 1 0.01 0.192 0.957 0.154 0.186 0.086 0.006 0.043 0.917 0.549 0.144 0.523 0.625 0.009 0.733 0.09 0.111 0.037 0.081 0.764 0.073 0.043 0.012 0.09 0.286 0.756 0.048 0.005 0.006 0.675 0.005 0.076 0.039 0.01 0.081
0.003 0.012 0.013 0.027 0.007 0.003 0.002 0.004 0.004 0.025 0.003 0.002 0.001 0.002 0.003 0.003 0.005 0.001 0.002 0.013 0.003 0.004 0.069 0.039 0.012 0.008 0.018 0 0.002 0.003 0.001 0.001 0.008 0.023 0.023 0.001 0.001 0.088 0.002 0.096 0.019 0.001 0.008 0.006 0.007 0.01 1 0.002 0.011 0.014 0.015 0.043 0.001 0.001 0.011 0.007 0.002 0.007 0.008 0.001 0.009 0.001 0.001 0.001 0.001 0.001 0 0 0.001 0.001 0.004 0.01 0.001 0.001 0.001 0.008 0.001 0.001 0.033 0.001 0.001
0.081 0.07 0.094 0.039 0.001 0.244 0.342 0.008 0.007 0.045 0.005 0 0.001 0.099 0.105 0.261 0.004 0.001 0.003 0.102 0.249 0.004 0.02 0.026 0.117 0 0.057 0.004 0.003 0.332 0.127 0.154 0 0.083 0.059 0.001 0.316 0 0.521 0.013 0.051 0.002 0.013 0.01 0.012 0.192 0.002 1 0.185 0 0.036 0.028 0.001 0.001 0.184 0.011 0.718 0.011 0.008 0.002 0.025 0.475 0.002 0.002 0.135 0.154 0.001 0.021 0.002 0.35 0.017 0.121 0.002 0.001 0.001 0.023 0.001 0.393 0.001 0.002 0.002
0.029 0.028 0.032 0.002 0.003 0.027 0.054 0.004 0.003 0.021 0.002 0.165 0.006 0.003 0.003 0.03 0 0.007 0.137 0.001 0.029 0.419 0.064 0.084 0.003 0.006 0.012 0.019 0.153 0.046 0.018 0.02 0.002 0.008 0.033 0.005 0.049 0.041 0.084 0.067 0.047 0 0.065 0.587 0.652 0.957 0.011 0.185 1 0.142 0.194 0.071 0.006 0.058 0.884 0.53 0.138 0.504 0.603 0.009 0.706 0.087 0.107 0.075 0.078 0.736 0.07 0.042 0.013 0.087 0.276 0.728 0.047 0.005 0.006 0.65 0.006 0.073 0.037 0.011 0.079
0.025 0.025 0.027 0.012 0.047 0.033 0.021 0.109 0.094 0.025 0.069 0.022 0.011 0.012 0.01 0.03 0.121 0.013 0.037 0.011 0.032 0.098 0 0.085 0.015 0.065 0.005 0.031 0.034 0.025 0.009 0.014 0.081 0.004 0.008 0.011 0.006 0.225 0.01 0.189 0 0.001 0.123 0.166 0.201 0.154 0.014 0 0.142 1 0.009 0.07 0.012 0.008 0.168 0.185 0.009 0.191 0.199 0.017 0.193 0.005 0.028 0.007 0.002 0.153 0.02 0.006 0.007 0 0.093 0.129 0.01 0.01 0.008 0.18 0.011 0.004 0.006 0.02 0.042
0.003 0.001 0 0.184 0.021 0.009 0.041 0.083 0.071 0.233 0.06 0.031 0.028 0.005 0.007 0.009 0.065 0.005 0.025 0.008 0.008 0.089 0.009 0.073 0.013 0.032 0.186 0.017 0.028 0.006 0.01 0.005 0.041 0.204 0.378 0.029 0.02 0.234 0.03 0.27 0.488 0.016 0.351 0.114 0.126 0.186 0.015 0.036 0.194 0.009 1 0.152 0 0.011 0.196 0.124 0.029 0.121 0.152 0.001 0.175 0.018 0.021 0.025 0.015 0.193 0.014 0.008 0.02 0.017 0.066 0.192 0.018 0.022 0.03 0.156 0.016 0.014 0.015 0.006 0.022
0.057 0.052 0.05 0.195 0.036 0.008 0.003 0.052 0.052 0.206 0.034 0.004 0.01 0.05 0.05 0.011 0.057 0.001 0.019 0.055 0.011 0.022 0.124 0.019 0.077 0.047 0.194 0.001 0.021 0.025 0.003 0.006 0.076 0.209 0.201 0.009 0.015 0.026 0.023 0.022 0.258 0.016 0.104 0.039 0.056 0.086 0.043 0.028 0.071 0.07 0.152 1 0.01 0.004 0.092 0.045 0.022 0.043 0.061 0.001 0.069 0.012 0 0 0.011 0.069 0.004 0 0.049 0.013 0.038 0.065 0.007 0.005 0.009 0.067 0.001 0.011 0.001 0.002 0.006
0.01 0.014 0.013 0.011 0.004 0.089 0.03 0.003 0.003 0.013 0.002 0.001 0.083 0.017 0.015 0.09 0.003 0 0.001 0.02 0.091 0.003 0.002 0.005 0.022 0.002 0.014 0.001 0.001 0.098 0.002 0.001 0.004 0.014 0.008 0.017 0.072 0.006 0.046 0.006 0.007 0.001 0.009 0.003 0.004 0.006 0.001 0.001 0.006 0.012 0 0.01 1 0 0.006 0.004 0.001 0.004 0.005 0.711 0.006 0.001 0.001 0.001 0 0.006 0 0 0.001 0.001 0.002 0.006 0.001 0.018 0 0.005 0 0 0 0.438 0.001
0.01 0.008 0.008 0.017 0.004 0.002 0.001 0.003 0.002 0.015 0.001 0.351 0 0.008 0.009 0.002 0.003 0 0.001 0.007 0.002 0.086 0.006 0.019 0.007 0.004 0.012 0.001 0.001 0.002 0 0 0.004 0.012 0.017 0 0.001 0.005 0.001 0.005 0.02 0.001 0.004 0.072 0.057 0.043 0.001 0.001 0.058 0.008 0.011 0.004 0 1 0.041 0.066 0.001 0.068 0.054 0.001 0.046 0.001 0.011 0.415 0 0.041 0.555 0 0.001 0.001 0.002 0.042 0.111 0 0 0.046 0 0 0 0.001 0.241
0.025 0.022 0.026 0.003 0.006 0.026 0.054 0.008 0.006 0.026 0.002 0.106 0.006 0.002 0.001 0.03 0 0.007 0.136 0.001 0.028 0.415 0.037 0.116 0.001 0.009 0.016 0.019 0.153 0.046 0.018 0.02 0.005 0.011 0.039 0.005 0.049 0.042 0.084 0.068 0.054 0 0.065 0.582 0.616 0.917 0.011 0.184 0.884 0.168 0.196 0.092 0.006 0.041 1 0.636 0.138 0.609 0.678 0.009 0.78 0.086 0.106 0.035 0.077 0.812 0.07 0.042 0.013 0.086 0.327 0.8 0.047 0.005 0.006 0.722 0.006 0.072 0.021 0.011 0.081
0.003 0.003 0.004 0.05 0.036 0.01 0.006 0.027 0.025 0.127 0.016 0.148 0.004 0.044 0.047 0.01 0.029 0.004 0.211 0.055 0.009 0.624 0.013 0.269 0.057 0.043 0.117 0.012 0.237 0.008 0.003 0.005 0.032 0.12 0.166 0.003 0.006 0.046 0.009 0.042 0.199 0.002 0.046 0.91 0.742 0.549 0.007 0.011 0.53 0.185 0.124 0.045 0.004 0.066 0.636 1 0.009 0.953 0.807 0.006 0.689 0.006 0.167 0.063 0.01 0.52 0.11 0.023 0.008 0 0.347 0.548 0.079 0.003 0.004 0.653 0.004 0.004 0.005 0.007 0.131
0.055 0.068 0.064 0.024 0.007 0.313 0.433 0.004 0.004 0.029 0.002 0 0.001 0.068 0.075 0.334 0.005 0.001 0.002 0.069 0.319 0.002 0.013 0.017 0.081 0.008 0.038 0.003 0.002 0.422 0.16 0.195 0.009 0.061 0.047 0.001 0.396 0.011 0.652 0.007 0.041 0.001 0.011 0.008 0.007 0.144 0.002 0.718 0.138 0.009 0.029 0.022 0.001 0.001 0.138 0.009 1 0.006 0.006 0.001 0.006 0.591 0.002 0 0.171 0.118 0.001 0 0.002 0.437 0 0.11 0 0.001 0.001 0.003 0.001 0.489 0 0.002 0
0.002 0.003 0.003 0.055 0.035 0.01 0.006 0.026 0.024 0.135 0.016 0.143 0.003 0.044 0.047 0.009 0.028 0.004 0.21 0.054 0.009 0.586 0.01 0.262 0.055 0.042 0.113 0.012 0.203 0.008 0.003 0.005 0.031 0.117 0.156 0.003 0.006 0.041 0.009 0.038 0.188 0.002 0.045 0.869 0.712 0.523 0.007 0.011 0.504 0.191 0.121 0.043 0.004 0.068 0.609 0.953 0.006 1 0.787 0.006 0.672 0.006 0.171 0.074 0.007 0.542 0.113 0.007 0.008 0 0.31 0.533 0.092 0.003 0.004 0.634 0.003 0.004 0.005 0.007 0.148
0 0 0 0.024 0.006 0.013 0.008 0.001 0 0.074 0 0.109 0.004 0.016 0.018 0.013 0.001 0.005 0.177 0.02 0.013 0.5 0.018 0.193 0.02 0.008 0.059 0.014 0.198 0.011 0.004 0.006 0.004 0.061 0.102 0.004 0.008 0.045 0.012 0.05 0.122 0.001 0.049 0.738 0.82 0.625 0.008 0.008 0.603 0.199 0.152 0.061 0.005 0.054 0.678 0.807 0.006 0.787 1 0.007 0.814 0.007 0.137 0.081 0.007 0.616 0.092 0.018 0.01 0.001 0.308 0.645 0.095 0.004 0.005 0.722 0.004 0.005 0.05 0.008 0.119
0.008 0.012 0.011 0.006 0.001 0.057 0.018 0.004 0.004 0.008 0.002 0.001 0.057 0.015 0.013 0.058 0.005 0 0.001 0.017 0.059 0.004 0 0.001 0.019 0 0.007 0.002 0.001 0.064 0.001 0 0.006 0.004 0.001 0.011 0.048 0.008 0.029 0.008 0 0.001 0.003 0.005 0.006 0.009 0.001 0.002 0.009 0.017 0.001 0.001 0.711 0.001 0.009 0.006 0.001 0.006 0.007 1 0.008 0.001 0.001 0.001 0.001 0.009 0.001 0 0.001 0.001 0.003 0.009 0.001 0.012 0.001 0.007 0.001 0.001 0.001 0.632 0.001
0.008 0.005 0.008 0.009 0.002 0 0.002 0.003 0.002 0.038 0.002 0.101 0.005 0.001 0.002 0 0 0.006 0.153 0.002 0 0.427 0.026 0.142 0.002 0.004 0.03 0.017 0.171 0 0.002 0 0.001 0.031 0.066 0.005 0.003 0.032 0 0.06 0.084 0 0.058 0.634 0.695 0.733 0.009 0.025 0.706 0.193 0.175 0.069 0.006 0.046 0.78 0.689 0.006 0.672 0.814 0.008 1 0.008 0.104 0.081 0.086 0.716 0.079 0.046 0.011 0.001 0.36 0.708 0.103 0.005 0.005 0.876 0.005 0.006 0.036 0.009 0.127
0.026 0.033 0.031 0.01 0.006 0.166 0.231 0.004 0.004 0.013 0.002 0.001 0.001 0.034 0.042 0.185 0.005 0.001 0.001 0.031 0.17 0 0.008 0.008 0.039 0.007 0.017 0.002 0.002 0.257 0.209 0.137 0.007 0.039 0.027 0.001 0.176 0.008 0.484 0.005 0.023 0.001 0.006 0.005 0.006 0.09 0.001 0.475 0.087 0.005 0.018 0.012 0.001 0.001 0.086 0.006 0.591 0.006 0.007 0.001 0.008 1 0.001 0.001 0.001 0.087 0.001 0 0.001 0.708 0.003 0.087 0.001 0 0.001 0.007 0.001 0.787 0.001 0.001 0.001
0.029 0.038 0.035 0.011 0.004 0.003 0.002 0.005 0.004 0.024 0.003 0.012 0.001 0.008 0.006 0.003 0.005 0.001 0.002 0.013 0.003 0.177 0.012 0.042 0.012 0.008 0.023 0.002 0.002 0.003 0.001 0.001 0.008 0.023 0.032 0.001 0.001 0.01 0.002 0.009 0.037 0.001 0.008 0.181 0.11 0.111 0.001 0.002 0.107 0.028 0.021 0 0.001 0.011 0.106 0.167 0.002 0.171 0.137 0.001 0.104 0.001 1 0.003 0.001 0.098 0.037 0.012 0.001 0.001 0.006 0.103 0.005 0.001 0.001 0.076 0.001 0.001 0.001 0.001 0.004
0.017 0.013 0.014 0.019 0.007 0.002 0.001 0.005 0.004 0.016 0.003 0.329 0.001 0.015 0.016 0.004 0.006 0.001 0 0.015 0.004 0.059 0.005 0.013 0.014 0.009 0.016 0.003 0 0.003 0.001 0.001 0.009 0.014 0.021 0.001 0.001 0.009 0.002 0.008 0.025 0.001 0.009 0.07 0.062 0.037 0.001 0.002 0.075 0.007 0.025 0 0.001 0.415 0.035 0.063 0 0.074 0.081 0.001 0.081 0.001 0.003 1 0.001 0.072 0.346 0 0.002 0.001 0.004 0.058 0.319 0.001 0.001 0.061 0.001 0.001 0.001 0.001 0.412
0.032 0.01 0.009 0.001 0.005 0.081 0.115 0.003 0.003 0.002 0.002 0.002 0.001 0.011 0.009 0.082 0.004 0.001 0.001 0.013 0.083 0 0.008 0 0.013 0.006 0.003 0.002 0.001 0.089 0.001 0.033 0.006 0.003 0.001 0 0.149 0.007 0.094 0.007 0 0 0.006 0.012 0.008 0.081 0.001 0.135 0.078 0.002 0.015 0.011 0 0 0.077 0.01 0.171 0.007 0.007 0.001 0.086 0.001 0.001 0.001 1 0.053 0.001 0.002 0.001 0.001 0.004 0.012 0.001 0 0 0.077 0 0.001 0.001 0.001 0.001
0.021 0.018 0.022 0.004 0.006 0.02 0.043 0.007 0.005 0.027 0.005 0.075 0.006 0.004 0.003 0.02 0 0.007 0.11 0 0.019 0.322 0.022 0.108 0 0.008 0.015 0.019 0.103 0.034 0.017 0.02 0.008 0.009 0.025 0.005 0.033 0.027 0.081 0.048 0.037 0 0.064 0.468 0.508 0.764 0.001 0.154 0.736 0.153 0.193 0.069 0.006 0.041 0.812 0.52 0.118 0.542 0.616 0.009 0.716 0.087 0.098 0.072 0.053 1 0.072 0.021 0.013 0.088 0.24 0.793 0.093 0.005 0.006 0.695 0.005 0.073 0.08 0.01 0.115
0.011 0.009 0.01 0.021 0.005 0.002 0.001 0.003 0.003 0.019 0.002 0.396 0 0.004 0.004 0.002 0.004 0 0.001 0.009 0.002 0.14 0.008 0.036 0.008 0.005 0.015 0.001 0.001 0.002 0 0.001 0.005 0.015 0.021 0 0.001 0.007 0.001 0.006 0.025 0.001 0.005 0.119 0.098 0.073 0 0.001 0.07 0.02 0.014 0.004 0 0.555 0.07 0.11 0.001 0.113 0.092 0.001 0.079 0.001 0.037 0.346 0.001 0.072 1 0.032 0.001 0.001 0.002 0.053 0.135 0 0 0.082 0 0 0.001 0.001 0.325
0 0.003 0 0 0.001 0 0 0.002 0.002 0.001 0.001 0.011 0 0.004 0.003 0 0.002 0 0 0 0 0.014 0.005 0.004 0 0 0 0.001 0.009 0 0 0 0 0 0.001 0 0.001 0 0 0.004 0.002 0 0.003 0.025 0.022 0.043 0 0.021 0.042 0.006 0.008 0 0 0 0.042 0.023 0 0.007 0.018 0 0.046 0 0.012 0 0.002 0.021 0.032 1 0.001 0 0.049 0.013 0 0 0 0.052 0 0 0 0 0
0.003 0.011 0.002 0.009 0 0.004 0.003 0.006 0.005 0.012 0.003 0.002 0.001 0.002 0 0.004 0.007 0.001 0.002 0.004 0.004 0.006 0 0.004 0.003 0.001 0.008 0.067 0.002 0.003 0.001 0.001 0.01 0.022 0.032 0.001 0.001 0.012 0.002 0.011 0.024 0.001 0.005 0.007 0.008 0.012 0.001 0.002 0.013 0.007 0.02 0.049 0.001 0.001 0.013 0.008 0.002 0.008 0.01 0.001 0.011 0.001 0.001 0.002 0.001 0.013 0.001 0.001 1 0.001 0.004 0.012 0.001 0.001 0.001 0.01 0.001 0.001 0.001 0.001 0.001
0.03 0.037 0.035 0.006 0.006 0.179 0.248 0.004 0.004 0.017 0.002 0.001 0.001 0.039 0.049 0.199 0.004 0.001 0.001 0.037 0.186 0 0.01 0.009 0.046 0.006 0.021 0.002 0.001 0.255 0.217 0.142 0.006 0.04 0.016 0.001 0.152 0.008 0.42 0.005 0.013 0.001 0.006 0 0 0.09 0.001 0.35 0.087 0 0.017 0.013 0.001 0.001 0.086 0 0.437 0 0.001 0.001 0.001 0.708 0.001 0.001 0.001 0.088 0.001 0 0.001 1 0.002 0.088 0.001 0 0.001 0.001 0 0.536 0.001 0.001 0.001
0.006 0.008 0.004 0.024 0.004 0.002 0.001 0.015 0.014 0.03 0.008 0.002 0.002 0.003 0.004 0.002 0.001 0.002 0.346 0.006 0.002 0.219 0.003 0.092 0.006 0.004 0.027 0.006 0.395 0.002 0.002 0.001 0.001 0.029 0.035 0.002 0.001 0.004 0 0.018 0.048 0.007 0.025 0.314 0.276 0.286 0.004 0.017 0.276 0.093 0.066 0.038 0.002 0.002 0.327 0.347 0 0.31 0.308 0.003 0.36 0.003 0.006 0.004 0.004 0.24 0.002 0.049 0.004 0.002 1 0.313 0.003 0.002 0.002 0.345 0.002 0.002 0.003 0.004 0.001
0.009 0.018 0.017 0.004 0.009 0.017 0.039 0.007 0.005 0.027 0.004 0.092 0.006 0 0 0.018 0.001 0.007 0.139 0 0.017 0.453 0.021 0.097 0 0.011 0.02 0.018 0.156 0.031 0.017 0.019 0.007 0.013 0.041 0.005 0.028 0.045 0.075 0.063 0.056 0 0.064 0.499 0.539 0.756 0.01 0.121 0.728 0.129 0.192 0.065 0.006 0.042 0.8 0.548 0.11 0.533 0.645 0.009 0.708 0.087 0.103 0.058 0.012 0.793 0.053 0.013 0.012 0.088 0.313 1 0.094 0.005 0.006 0.635 0.005 0.073 0.038 0.01 0.096
0.002 0.001 0.001 0.003 0.005 0.001 0.001 0.003 0.003 0.01 0.002 0.067 0.001 0.01 0.011 0.003 0.005 0.001 0.001 0.011 0.003 0.069 0.003 0.021 0.01 0.007 0.009 0.002 0.001 0.002 0 0.001 0.007 0.009 0.012 0 0.001 0.006 0.001 0.005 0.015 0.001 0.007 0.085 0.068 0.048 0.001 0.002 0.047 0.01 0.018 0.007 0.001 0.111 0.047 0.079 0 0.092 0.095 0.001 0.103 0.001 0.005 0.319 0.001 0.093 0.135 0 0.001 0.001 0.003 0.094 1 0.001 0.001 0.075 0.001 0.001 0.001 0.001 0.388
0.001 0.004 0.004 0.014 0.003 0 0.001 0.002 0.002 0.016 0.001 0.001 0.001 0.004 0.003 0 0.002 0 0.001 0.004 0 0.003 0.003 0.007 0.003 0.004 0.016 0 0.001 0 0 0 0.004 0.017 0.011 0.421 0.001 0.005 0.001 0.005 0.012 0.001 0.064 0.003 0.004 0.005 0.001 0.001 0.005 0.01 0.022 0.005 0.018 0 0.005 0.003 0.001 0.003 0.004 0.012 0.005 0 0.001 0.001 0 0.005 0 0 0.001 0 0.002 0.005 0.001 1 0 0.004 0 0 0 0.001 0.001
0.003 0.008 0.008 0.017 0.004 0.002 0.001 0.003 0.002 0.02 0.002 0.001 0 0.008 0.009 0.002 0.003 0 0 0.007 0.002 0.002 0.007 0.01 0.007 0.004 0.025 0.001 0 0.002 0 0 0.005 0.028 0.02 0 0.001 0.006 0.001 0.005 0.017 0.001 0.081 0.003 0.004 0.006 0.001 0.001 0.006 0.008 0.03 0.009 0 0 0.006 0.004 0.001 0.004 0.005 0.001 0.005 0.001 0.001 0.001 0 0.006 0 0 0.001 0.001 0.002 0.006 0.001 0 1 0.005 0 0 0 0.001 0.001
0.005 0.003 0.005 0.013 0.002 0 0.002 0.004 0.003 0.04 0.003 0.075 0.005 0.001 0.002 0 0 0.006 0.17 0.003 0 0.382 0.019 0.139 0.002 0.003 0.033 0.015 0.191 0 0.002 0 0.004 0.034 0.068 0.004 0.005 0.025 0 0.052 0.085 0.001 0.051 0.595 0.645 0.675 0.008 0.023 0.65 0.18 0.156 0.067 0.005 0.046 0.722 0.653 0.003 0.634 0.722 0.007 0.876 0.007 0.076 0.061 0.077 0.695 0.082 0.052 0.01 0.001 0.345 0.635 0.075 0.004 0.005 1 0.004 0.006 0.041 0.008 0.135
0.001 0 0.001 0.004 0 0.002 0.001 0.002 0 0.002 0.001 0.001 0 0 0 0.002 0.003 0 0.001 0 0.002 0.003 0.017 0.008 0 0 0.002 0.001 0.001 0.001 0 0 0 0.001 0.008 0 0.001 0.033 0.001 0.036 0.006 0.001 0.004 0.003 0.004 0.005 0.001 0.001 0.006 0.011 0.016 0.001 0 0 0.006 0.004 0.001 0.003 0.004 0.001 0.005 0.001 0.001 0.001 0 0.005 0 0 0.001 0 0.002 0.005 0.001 0 0 0.004 1 0 0 0.001 0.001
0.018 0.023 0.021 0.007 0.005 0.133 0.185 0.003 0.003 0.009 0.002 0.002 0 0.024 0.033 0.134 0.004 0 0.001 0.025 0.136 0 0.008 0.007 0.028 0.005 0.011 0.001 0.001 0.201 0.086 0.055 0.005 0.033 0.023 0 0.194 0.007 0.385 0.003 0.02 0.001 0.005 0.004 0.005 0.076 0.001 0.393 0.073 0.004 0.014 0.011 0 0 0.072 0.004 0.489 0.004 0.005 0.001 0.006 0.787 0.001 0.001 0.001 0.073 0 0 0.001 0.536 0.002 0.073 0.001 0 0 0.006 0 1 0.001 0.001 0.001
0.015 0.02 0.018 0.005 0.034 0.002 0.002 0.078 0.085 0.006 0.041 0.001 0.001 0.048 0.044 0.002 0.067 0.001 0.001 0.022 0.002 0.004 0 0.001 0.024 0.042 0.009 0.002 0.001 0.002 0 0.001 0.042 0.009 0.016 0 0.001 0 0.001 0 0.021 0.001 0.002 0.004 0.056 0.039 0.033 0.001 0.037 0.006 0.015 0.001 0 0 0.021 0.005 0 0.005 0.05 0.001 0.036 0.001 0.001 0.001 0.001 0.08 0.001 0 0.001 0.001 0.003 0.038 0.001 0 0 0.041 0 0.001 1 0.001 0.001
0.004 0.006 0.006 0 0.002 0.046 0.015 0.005 0.004 0.001 0.003 0.002 0.047 0.008 0.006 0.047 0.005 0 0.001 0.01 0.047 0.005 0.008 0.001 0.011 0.001 0 0.002 0.002 0.052 0.001 0 0.007 0 0.001 0.001 0.039 0.01 0.023 0.009 0.002 0.001 0 0.006 0.007 0.01 0.001 0.002 0.011 0.02 0.006 0.002 0.438 0.001 0.011 0.007 0.002 0.007 0.008 0.632 0.009 0.001 0.001 0.001 0.001 0.01 0.001 0 0.001 0.001 0.004 0.01 0.001 0.001 0.001 0.008 0.001 0.001 0.001 1 0.001
0.002 0.001 0.001 0.009 0.006 0.002 0.001 0.004 0.004 0.023 0.003 0.148 0.001 0.012 0.014 0.003 0.006 0.001 0 0.013 0.003 0.124 0.003 0.041 0.012 0.008 0.024 0.002 0 0.003 0.001 0.001 0.009 0.022 0.03 0 0.001 0.008 0.002 0.007 0.035 0.001 0.008 0.137 0.115 0.081 0.001 0.002 0.079 0.042 0.022 0.006 0.001 0.241 0.081 0.131 0 0.148 0.119 0.001 0.127 0.001 0.004 0.412 0.001 0.115 0.325 0 0.001 0.001 0.001 0.096 0.388 0.001 0.001 0.135 0.001 0.001 0.001 0.001 1
