1 0.752 0.81 0.402 0.396 0.127 0.09 0.251 0.278 0.207 0.1 0.022 0.037 0.56 0.551 0.245 0.243 0.058 0.036 0.567 0.011 0.131 0.137 0.392 0.26 0 0.039 0.09 0.031 0.031 0.349 0.211 0.118 0 0.04 0.066 0.038 0.124 0.015 0.021 0.055 0.002 0.007 0.051 0.031 0.004 0.073 0.001 0.01 0.009 0.009 0 0 0.001 0.014 0.035 0.012 0.005 0.009 0.001 0.011 0.004 0.014 0.009 0.005 0 0.005 0.002 0.005 0.002 0.023 0 0.003 0.005 0 0.007 0.006
0.752 1 0.922 0.379 0.428 0.162 0.115 0.319 0.25 0.264 0.128 0.018 0.047 0.674 0.644 0.247 0.245 0.075 0.028 0.641 0.004 0.114 0.105 0.424 0.277 0.027 0.031 0.119 0.04 0.04 0.385 0.232 0.142 0 0.053 0.074 0.061 0.113 0.018 0.053 0.083 0 0.012 0.035 0.047 0 0.044 0.002 0.014 0.004 0.004 0.001 0 0.002 0.021 0.047 0.009 0.007 0.012 0.001 0.009 0.005 0.02 0.01 0.038 0 0.01 0.003 0.003 0.005 0.019 0.001 0.002 0.008 0 0.004 0.003
0.81 0.922 1 0.413 0.492 0.156 0.111 0.307 0.279 0.254 0.123 0.018 0.045 0.703 0.671 0.303 0.301 0.072 0.029 0.703 0.005 0.116 0.11 0.488 0.315 0.028 0.032 0.114 0.038 0.038 0.437 0.261 0.154 0 0.05 0.092 0.056 0.123 0.012 0.054 0.093 0 0.013 0.066 0.056 0 0.055 0.002 0.022 0.005 0.005 0 0 0.006 0.019 0.045 0.01 0.006 0.02 0 0.009 0.003 0.019 0.006 0.032 0.001 0.014 0.007 0.003 0.005 0.031 0.003 0.002 0.007 0 0.004 0.004
0.402 0.379 0.413 1 0.221 0.064 0.041 0.131 0.817 0.108 0.052 0.043 0.019 0.305 0.313 0.149 0.148 0.036 0.07 0.305 0.047 0.3 0.369 0.212 0.644 0.003 0.071 0.034 0.016 0.016 0.182 0.546 0.344 0.028 0.017 0.008 0.001 0.436 0.03 0.212 0.002 0.027 0.032 0.021 0.003 0.193 0.18 0 0.004 0.048 0.049 0.026 0.003 0.013 0.004 0.016 0.027 0 0.005 0.028 0.021 0.011 0.004 0.029 0.056 0.023 0.008 0.012 0.015 0.023 0.005 0.015 0.01 0 0.004 0.013 0.017
0.396 0.428 0.492 0.221 1 0.021 0.014 0.451 0.268 0.407 0.192 0.011 0.006 0.588 0.569 0.525 0.522 0.121 0.019 0.625 0.041 0.086 0.152 0.857 0.315 0.017 0.019 0.023 0.005 0.005 0.696 0.216 0.153 0.004 0.008 0.181 0.119 0.128 0.005 0.051 0.023 0.006 0.009 0 0.055 0.016 0.039 0.002 0.007 0.038 0.037 0.006 0.001 0.002 0.009 0.003 0.008 0.005 0.009 0.023 0.006 0.003 0.008 0.011 0.017 0.021 0.008 0.002 0.007 0.003 0.001 0.001 0 0.006 0.001 0.002 0.009
0.127 0.162 0.156 0.064 0.021 1 0.67 0.011 0.075 0.009 0.004 0.003 0.276 0.156 0.145 0.012 0.012 0.003 0.004 0.156 0.012 0.011 0.026 0.021 0.057 0.005 0.005 0.667 0.231 0.236 0.02 0.063 0.028 0.017 0.208 0.019 0.017 0.022 0.003 0.004 0.006 0.01 0.003 0.186 0.022 0.006 0.011 0.031 0.018 0.01 0.01 0.013 0.004 0 0.102 0.002 0 0.075 0.017 0 0.001 0 0.093 0 0.004 0 0.009 0 0 0 0.001 0 0.002 0.087 0.006 0.001 0
0.09 0.115 0.111 0.041 0.014 0.67 1 0.007 0.051 0.006 0.003 0.002 0.001 0.112 0.104 0.008 0.008 0.002 0.002 0.109 0.008 0.005 0.014 0.014 0.031 0.003 0.004 0.415 0.345 0.352 0.014 0.036 0.011 0.001 0.315 0.013 0.012 0.008 0.002 0.014 0.033 0.006 0.002 0.29 0.01 0.028 0.004 0.041 0.046 0.006 0.006 0.008 0.007 0.002 0.16 0.001 0 0.116 0.043 0.004 0.001 0 0.146 0 0.005 0.004 0.027 0.001 0 0.001 0 0.001 0.001 0.135 0.01 0.001 0
0.251 0.319 0.307 0.131 0.451 0.011 0.007 1 0.131 0.825 0.399 0.006 0.003 0.307 0.287 0.809 0.728 0.005 0.01 0.326 0.021 0.044 0.077 0.474 0.168 0.008 0.01 0.012 0.002 0.003 0.464 0.146 0.114 0.001 0.004 0.306 0.277 0.1 0.006 0.032 0.084 0 0.005 0.008 0.182 0.091 0.031 0.002 0.002 0.022 0.022 0 0.003 0 0.005 0.004 0.004 0.003 0.002 0.028 0.003 0.003 0.004 0.013 0.012 0.027 0.002 0.001 0.003 0.001 0.006 0 0 0.003 0.003 0.003 0.004
0.278 0.25 0.279 0.817 0.268 0.075 0.051 0.131 1 0.107 0.057 0.039 0.021 0.372 0.382 0.151 0.149 0.039 0.053 0.372 0.132 0.274 0.478 0.257 0.746 0.004 0.054 0.043 0.018 0.017 0.195 0.606 0.393 0.03 0.021 0.011 0.002 0.494 0.028 0.232 0.013 0.065 0.033 0.024 0.01 0.216 0.208 0.001 0.028 0.122 0.124 0.078 0.001 0.043 0.005 0.019 0.024 0.001 0.031 0.079 0.02 0.013 0.006 0.032 0.062 0.073 0.037 0.048 0.021 0.025 0.015 0.04 0.008 0.001 0.003 0.01 0.027
0.207 0.264 0.254 0.108 0.407 0.009 0.006 0.825 0.107 1 0.484 0.005 0.002 0.253 0.237 0.661 0.618 0.004 0.008 0.269 0.017 0.036 0.063 0.39 0.14 0.007 0.008 0.01 0.002 0.002 0.378 0.119 0.093 0 0.003 0.222 0.192 0.082 0.005 0.026 0.057 0.001 0.004 0.006 0.141 0.063 0.035 0.001 0 0.018 0.018 0.001 0.002 0 0.004 0.003 0.003 0.002 0 0.023 0.002 0.003 0.003 0.011 0.01 0.022 0 0 0.002 0 0.005 0 0.001 0.003 0.002 0.002 0.003
0.1 0.128 0.123 0.052 0.192 0.004 0.003 0.399 0.057 0.484 1 0.002 0.001 0.123 0.116 0.321 0.343 0.002 0.004 0.132 0.009 0.017 0.031 0.181 0.069 0.003 0.004 0.005 0.001 0.001 0.187 0.066 0.052 0 0.002 0.111 0.075 0.046 0.002 0.01 0.028 0 0.002 0.003 0.074 0.035 0.024 0.001 0 0.009 0.009 0 0 0 0.002 0.002 0.002 0.001 0 0.011 0.001 0.001 0.002 0.005 0.005 0.011 0 0 0.002 0 0.002 0 0.001 0.001 0 0 0.002
0.022 0.018 0.018 0.043 0.011 0.003 0.002 0.006 0.039 0.005 0.002 1 0.001 0.013 0.009 0.006 0.007 0.002 0.003 0.011 0.205 0.012 0.053 0.011 0.033 0.002 0.003 0.003 0.001 0.001 0.008 0.027 0.034 0.001 0.001 0.009 0.009 0.039 0.002 0.011 0.055 0.13 0.001 0 0.027 0.027 0.002 0 0.107 0.165 0.145 0.126 0.001 0.116 0 0 0.334 0.035 0.1 0.133 0.404 0.001 0 0 0.004 0.108 0.107 0.092 0.127 0.001 0.033 0.093 0.001 0.001 0.001 0.002 0.168
0.037 0.047 0.045 0.019 0.006 0.276 0.001 0.003 0.021 0.002 0.001 0.001 1 0.046 0.043 0.003 0.003 0.001 0.001 0.049 0.003 0.006 0.012 0.006 0.025 0.001 0.001 0.252 0 0 0.006 0.024 0.019 0.089 0.001 0.005 0.005 0.017 0.001 0.075 0.015 0.004 0.001 0.001 0.011 0.01 0.009 0 0.006 0.003 0.003 0.004 0 0.005 0.001 0.001 0.001 0 0.006 0.004 0 0 0.001 0.002 0.002 0.004 0.006 0.005 0.001 0.001 0.001 0.004 0 0 0 0 0.001
0.56 0.674 0.703 0.305 0.588 0.156 0.112 0.307 0.372 0.253 0.123 0.013 0.046 1 0.917 0.355 0.352 0.085 0.028 0.868 0.061 0.105 0.196 0.585 0.414 0.026 0.03 0.115 0.039 0.042 0.462 0.316 0.215 0 0.051 0.109 0.069 0.18 0.011 0.036 0.039 0.024 0.012 0.067 0.024 0.005 0.051 0.005 0 0.064 0.066 0.025 0 0.005 0.02 0.01 0.01 0.009 0 0.024 0.006 0.003 0.022 0.011 0.027 0.022 0.001 0.005 0.009 0.005 0.005 0.004 0.001 0.007 0 0.003 0.012
0.551 0.644 0.671 0.313 0.569 0.145 0.104 0.287 0.382 0.237 0.116 0.009 0.043 0.917 1 0.332 0.329 0.08 0.03 0.819 0.06 0.112 0.203 0.558 0.395 0.023 0.032 0.106 0.036 0.039 0.448 0.303 0.204 0 0.058 0.103 0.065 0.175 0.013 0.034 0.038 0.023 0.011 0.069 0.022 0.005 0.049 0.004 0 0.061 0.063 0.024 0 0.005 0.023 0.005 0.011 0.008 0 0.023 0.007 0.003 0.026 0.012 0.03 0.021 0.001 0.005 0.01 0.001 0.002 0.004 0.001 0.01 0 0.003 0.013
0.245 0.247 0.303 0.149 0.525 0.012 0.008 0.809 0.151 0.661 0.321 0.006 0.003 0.355 0.332 1 0.858 0.006 0.01 0.377 0.024 0.051 0.089 0.484 0.195 0.01 0.01 0.013 0.003 0.003 0.476 0.171 0.123 0.001 0.005 0.305 0.206 0.107 0.002 0.022 0.076 0 0.005 0.001 0.171 0.08 0.024 0.002 0 0.026 0.026 0 0.004 0.001 0.005 0.005 0.005 0.003 0 0.011 0.003 0.004 0.005 0.003 0.008 0.01 0 0.001 0.005 0.001 0.001 0.001 0 0.004 0.004 0.004 0.006
0.243 0.245 0.301 0.148 0.522 0.012 0.008 0.728 0.149 0.618 0.343 0.007 0.003 0.352 0.329 0.858 1 0.006 0.011 0.384 0.025 0.051 0.091 0.494 0.199 0.01 0.011 0.013 0.003 0.003 0.485 0.172 0.124 0.001 0.005 0.307 0.209 0.108 0.002 0.023 0.078 0 0.005 0.001 0.152 0.081 0.025 0.002 0 0.025 0.025 0 0.004 0.001 0.005 0.005 0.005 0.003 0 0.01 0.003 0.004 0.005 0.003 0.008 0.01 0 0.001 0.005 0.001 0.001 0.001 0.003 0.004 0.004 0.004 0.006
0.058 0.075 0.072 0.036 0.121 0.003 0.002 0.005 0.039 0.004 0.002 0.002 0.001 0.085 0.08 0.006 0.006 1 0.003 0.091 0.006 0.012 0.021 0.138 0.047 0.002 0.003 0.003 0.001 0.001 0.141 0.045 0.036 0.001 0.001 0.009 0.009 0.031 0.002 0.011 0.026 0.007 0.001 0.002 0.02 0.019 0.011 0 0.01 0.006 0.006 0.008 0.001 0.007 0.001 0.001 0.001 0.001 0.01 0.006 0.001 0.001 0.001 0.002 0.003 0.005 0.009 0.008 0.001 0.001 0.002 0.007 0.001 0.001 0.001 0.001 0.001
0.036 0.028 0.029 0.07 0.019 0.004 0.002 0.01 0.053 0.008 0.004 0.003 0.001 0.028 0.03 0.01 0.011 0.003 1 0.027 0.437 0.021 0.12 0.019 0.053 0.004 0.961 0.004 0.001 0.001 0.018 0.029 0.038 0.002 0.001 0.017 0.016 0.046 0.003 0.003 0.059 0.279 0.002 0.003 0.047 0.022 0.021 0.001 0.169 0.259 0.275 0.229 0.002 0.207 0.002 0.002 0 0 0.131 0.228 0.001 0.001 0.002 0.466 0.006 0.218 0.174 0.198 0 0.002 0.003 0.21 0.001 0.002 0.002 0.003 0
0.567 0.641 0.703 0.305 0.625 0.156 0.109 0.326 0.372 0.269 0.132 0.011 0.049 0.868 0.819 0.377 0.384 0.091 0.027 1 0.058 0.111 0.2 0.642 0.438 0.026 0.03 0.097 0.041 0.041 0.52 0.327 0.208 0 0.029 0.106 0.066 0.173 0.007 0.036 0.035 0.018 0.014 0.049 0.023 0.006 0.058 0.006 0 0.056 0.057 0.019 0 0.003 0.008 0.012 0.013 0.009 0 0.02 0.008 0.004 0.009 0.008 0.03 0.019 0.002 0.004 0.012 0.005 0.003 0.004 0.002 0.008 0 0.002 0.015
0.011 0.004 0.005 0.047 0.041 0.012 0.008 0.021 0.132 0.017 0.009 0.205 0.003 0.061 0.06 0.024 0.025 0.006 0.437 0.058 1 0.046 0.273 0.043 0.121 0.01 0.453 0.013 0.003 0.003 0.038 0.091 0.117 0.005 0.001 0.038 0.035 0.136 0.006 0.021 0.166 0.597 0.003 0.005 0.119 0.073 0.018 0.002 0.446 0.706 0.691 0.587 0.005 0.486 0.002 0.133 0.069 0.005 0.389 0.565 0.126 0.003 0.002 0.293 0.014 0.548 0.451 0.494 0.075 0.004 0.13 0.432 0.003 0.001 0.006 0.005 0.096
0.131 0.114 0.116 0.3 0.086 0.011 0.005 0.044 0.274 0.036 0.017 0.012 0.006 0.105 0.112 0.051 0.051 0.012 0.021 0.111 0.046 1 0.455 0.087 0.237 0.019 0.021 0.026 0.005 0.006 0.06 0.211 0.054 0.009 0.009 0.022 0.026 0.073 0.095 0.083 0.002 0.047 0.085 0.017 0.006 0.013 0.173 0.001 0.066 0.033 0.028 0.036 0.015 0.045 0.008 0.009 0.002 0.006 0.051 0.035 0.006 0.006 0.009 0.019 0.013 0.035 0.055 0.039 0.002 0.006 0.009 0.039 0.026 0.007 0.019 0.017 0.002
0.137 0.105 0.11 0.369 0.152 0.026 0.014 0.077 0.478 0.063 0.031 0.053 0.012 0.196 0.203 0.089 0.091 0.021 0.12 0.2 0.273 0.455 1 0.154 0.426 0.034 0.126 0.046 0.01 0.01 0.117 0.353 0.176 0.016 0.01 0 0.001 0.22 0.032 0.118 0.076 0.14 0.05 0.026 0.04 0.072 0.052 0 0.071 0.205 0.211 0.156 0.005 0.106 0.011 0.032 0.022 0 0.069 0.149 0.035 0.001 0.012 0.075 0.031 0.143 0.079 0.113 0.026 0.013 0.032 0.096 0.012 0.008 0.007 0.001 0.034
0.392 0.424 0.488 0.212 0.857 0.021 0.014 0.474 0.257 0.39 0.181 0.011 0.006 0.585 0.558 0.484 0.494 0.138 0.019 0.642 0.043 0.087 0.154 1 0.329 0.017 0.019 0.023 0.005 0.005 0.816 0.224 0.159 0.008 0.008 0.219 0.151 0.135 0.005 0.077 0.03 0.009 0.009 0 0.073 0.016 0.051 0.001 0.01 0.044 0.044 0.008 0 0.003 0.009 0.008 0.009 0.005 0.008 0.027 0.006 0.003 0.006 0.008 0.018 0.026 0.011 0.004 0.008 0.008 0.003 0.003 0 0.006 0 0.002 0.01
0.26 0.277 0.315 0.644 0.315 0.057 0.031 0.168 0.746 0.14 0.069 0.033 0.025 0.414 0.395 0.195 0.199 0.047 0.053 0.438 0.121 0.237 0.426 0.329 1 0.051 0.057 0.056 0.021 0.021 0.267 0.761 0.555 0.031 0.027 0.025 0.01 0.465 0.018 0.135 0.004 0.064 0.024 0.031 0.003 0.167 0.173 0 0.023 0.121 0.12 0.073 0.003 0.041 0.007 0.024 0.026 0.001 0.022 0.075 0.016 0.012 0.008 0.03 0.004 0.072 0.033 0.046 0.023 0.025 0.017 0.039 0.006 0.001 0.004 0.006 0.028
0 0.027 0.028 0.003 0.017 0.005 0.003 0.008 0.004 0.007 0.003 0.002 0.001 0.026 0.023 0.01 0.01 0.002 0.004 0.026 0.01 0.019 0.034 0.017 0.051 1 0.004 0.005 0.001 0.001 0.017 0.053 0.066 0 0.002 0.015 0.014 0.002 0.003 0.057 0.035 0.011 0 0.003 0.017 0.012 0.012 0.001 0.009 0.004 0.004 0.006 0.002 0.008 0.001 0.002 0.002 0.001 0.009 0.006 0.001 0.009 0.001 0.001 0.157 0.006 0.009 0.008 0.002 0 0.003 0.007 0.001 0.001 0.002 0.002 0.002
0.039 0.031 0.032 0.071 0.019 0.005 0.004 0.01 0.054 0.008 0.004 0.003 0.001 0.03 0.032 0.01 0.011 0.003 0.961 0.03 0.453 0.021 0.126 0.019 0.057 0.004 1 0.006 0.001 0.001 0.019 0.032 0.042 0.002 0.002 0.017 0.016 0.049 0.003 0.003 0.06 0.292 0.002 0.004 0.047 0.023 0.021 0.001 0.173 0.272 0.278 0.24 0.002 0.211 0.002 0.002 0 0.001 0.128 0.223 0.001 0.002 0.002 0.489 0.006 0.223 0.177 0.208 0 0.002 0.003 0.215 0.001 0.002 0.003 0.003 0
0.09 0.119 0.114 0.034 0.023 0.667 0.415 0.012 0.043 0.01 0.005 0.003 0.252 0.115 0.106 0.013 0.013 0.003 0.004 0.097 0.013 0.026 0.046 0.023 0.056 0.005 0.006 1 0.211 0.216 0.022 0.09 0.06 0.015 0.296 0.02 0.006 0.041 0.003 0.001 0.019 0.012 0.003 0.382 0.019 0.015 0.02 0.028 0.053 0.011 0.011 0.014 0.015 0.001 0.325 0.002 0.003 0.068 0.046 0 0.002 0.001 0.292 0.001 0.007 0 0.032 0.002 0.002 0.001 0.001 0.001 0.002 0.228 0.017 0.001 0.003
0.031 0.04 0.038 0.016 0.005 0.231 0.345 0.002 0.018 0.002 0.001 0.001 0 0.039 0.036 0.003 0.003 0.001 0.001 0.041 0.003 0.005 0.01 0.005 0.021 0.001 0.001 0.211 1 0.924 0.005 0.014 0.011 0.001 0.023 0.004 0.004 0.009 0.001 0.005 0.018 0.003 0.001 0.121 0.009 0.012 0.006 0.024 0.018 0.003 0.003 0.004 0.005 0.004 0.169 0.001 0.001 0 0.014 0.004 0 0 0.186 0.002 0.002 0.004 0.005 0.004 0 0.001 0.001 0.004 0 0.085 0.009 0.001 0.001
0.031 0.04 0.038 0.016 0.005 0.236 0.352 0.003 0.017 0.002 0.001 0.001 0 0.042 0.039 0.003 0.003 0.001 0.001 0.041 0.003 0.006 0.01 0.005 0.021 0.001 0.001 0.216 0.924 1 0.005 0.014 0.012 0.001 0.034 0.003 0.003 0.01 0.001 0.005 0.02 0.003 0.001 0.13 0.01 0.011 0.006 0.022 0.02 0.003 0.003 0.004 0.004 0.002 0.155 0.001 0.001 0.001 0.015 0.002 0 0 0.171 0 0.002 0.002 0.006 0.002 0.001 0.001 0.001 0.002 0 0.078 0.008 0.001 0.001
0.349 0.385 0.437 0.182 0.696 0.02 0.014 0.464 0.195 0.378 0.187 0.008 0.006 0.462 0.448 0.476 0.485 0.141 0.018 0.52 0.038 0.06 0.117 0.816 0.267 0.017 0.019 0.022 0.005 0.005 1 0.295 0.223 0.008 0.008 0.296 0.216 0.194 0.005 0.075 0.061 0.006 0.009 0 0.107 0.036 0.06 0.002 0.007 0.04 0.039 0.006 0.007 0.002 0.009 0.008 0.009 0.005 0.007 0.024 0.005 0.006 0.006 0.006 0.017 0.024 0.008 0.002 0.008 0.008 0.003 0.002 0 0.006 0.007 0.008 0.009
0.211 0.232 0.261 0.546 0.216 0.063 0.036 0.146 0.606 0.119 0.066 0.027 0.024 0.316 0.303 0.171 0.172 0.045 0.029 0.327 0.091 0.211 0.353 0.224 0.761 0.053 0.032 0.09 0.014 0.014 0.295 1 0.732 0.029 0.034 0.043 0.034 0.606 0.023 0.156 0 0.076 0.028 0.064 0.001 0.218 0.199 0 0.017 0.137 0.136 0.086 0.003 0.051 0.033 0.025 0.027 0.001 0.016 0.089 0.017 0.017 0.033 0.039 0.003 0.085 0.026 0.056 0.024 0.024 0.018 0.048 0.003 0.026 0.005 0.008 0.029
0.118 0.142 0.154 0.344 0.153 0.028 0.011 0.114 0.393 0.093 0.052 0.034 0.019 0.215 0.204 0.123 0.124 0.036 0.038 0.208 0.117 0.054 0.176 0.159 0.555 0.066 0.042 0.06 0.011 0.012 0.223 0.732 1 0.023 0.021 0.229 0.216 0.824 0.041 0.111 0.021 0.105 0.022 0.051 0.009 0.352 0.186 0.001 0.036 0.174 0.163 0.113 0.008 0.073 0.026 0.031 0.026 0 0.03 0.115 0.021 0.023 0.023 0.052 0 0.111 0.044 0.076 0.022 0.018 0.028 0.069 0.011 0.021 0.012 0.009 0.028
0 0 0 0.028 0.004 0.017 0.001 0.001 0.03 0 0 0.001 0.089 0 0 0.001 0.001 0.001 0.002 0 0.005 0.009 0.016 0.008 0.031 0 0.002 0.015 0.001 0.001 0.008 0.029 0.023 1 0.001 0.007 0.007 0.024 0.001 0.106 0.021 0.005 0.001 0.002 0.016 0.042 0.013 0 0.008 0.005 0.005 0.006 0.001 0.007 0.001 0.001 0.001 0.001 0.008 0.006 0.001 0.001 0.001 0.003 0.003 0.006 0.008 0.007 0.001 0.408 0.001 0.006 0.001 0.001 0.001 0.001 0.001
0.04 0.053 0.05 0.017 0.008 0.208 0.315 0.004 0.021 0.003 0.002 0.001 0.001 0.051 0.058 0.005 0.005 0.001 0.001 0.029 0.001 0.009 0.01 0.008 0.027 0.002 0.002 0.296 0.023 0.034 0.008 0.034 0.021 0.001 1 0.007 0.007 0.024 0.001 0.008 0.039 0.005 0.001 0.325 0.001 0.02 0.011 0.077 0.058 0.005 0.005 0.006 0.018 0.003 0.207 0.001 0.001 0.132 0.053 0.004 0.001 0.001 0.153 0.002 0.003 0.004 0.044 0.001 0.001 0.001 0.001 0.003 0.001 0.13 0.018 0 0.001
0.066 0.074 0.092 0.008 0.181 0.019 0.013 0.306 0.011 0.222 0.111 0.009 0.005 0.109 0.103 0.305 0.307 0.009 0.017 0.106 0.038 0.022 0 0.219 0.025 0.015 0.017 0.02 0.004 0.003 0.296 0.043 0.229 0.007 0.007 1 0.852 0.2 0.01 0.069 0.332 0.041 0.108 0 0.287 0.248 0.018 0.003 0.039 0.04 0.034 0.039 0.006 0.025 0.008 0.007 0.004 0.005 0.031 0.02 0.005 0.005 0.007 0.009 0.021 0.019 0.039 0.023 0.003 0.007 0.003 0.021 0.057 0.006 0.007 0.002 0.004
0.038 0.061 0.056 0.001 0.119 0.017 0.012 0.277 0.002 0.192 0.075 0.009 0.005 0.069 0.065 0.206 0.209 0.009 0.016 0.066 0.035 0.026 0.001 0.151 0.01 0.014 0.016 0.006 0.004 0.003 0.216 0.034 0.216 0.007 0.007 0.852 1 0.19 0.009 0.064 0.313 0.039 0.117 0.002 0.229 0.25 0.015 0.003 0.045 0.038 0.032 0.041 0.006 0.047 0 0.007 0.003 0.004 0.036 0.041 0.005 0.005 0 0.021 0.02 0.04 0.039 0.044 0.002 0.007 0.009 0.043 0.062 0.002 0.006 0.003 0.004
0.124 0.113 0.123 0.436 0.128 0.022 0.008 0.1 0.494 0.082 0.046 0.039 0.017 0.18 0.175 0.107 0.108 0.031 0.046 0.173 0.136 0.073 0.22 0.135 0.465 0.002 0.049 0.041 0.009 0.01 0.194 0.606 0.824 0.024 0.024 0.2 0.19 1 0.046 0.228 0.01 0.125 0.018 0.046 0.002 0.474 0.253 0 0.051 0.201 0.189 0.136 0.014 0.093 0.024 0.035 0.03 0 0.043 0.138 0.024 0.022 0.021 0.064 0.042 0.134 0.06 0.097 0.026 0.02 0.033 0.087 0.009 0.018 0.019 0.02 0.033
0.015 0.018 0.012 0.03 0.005 0.003 0.002 0.006 0.028 0.005 0.002 0.002 0.001 0.011 0.013 0.002 0.002 0.002 0.003 0.007 0.006 0.095 0.032 0.005 0.018 0.003 0.003 0.003 0.001 0.001 0.005 0.023 0.041 0.001 0.001 0.01 0.009 0.046 1 0.009 0.026 0.006 0.001 0.002 0.018 0.009 0.029 0 0.009 0.004 0.004 0.003 0.001 0.009 0.001 0.001 0.001 0.001 0.008 0.006 0.001 0.001 0.001 0.003 0.005 0.006 0.01 0.007 0.001 0.001 0.002 0.006 0.001 0.001 0.001 0.013 0.001
0.021 0.053 0.054 0.212 0.051 0.004 0.014 0.032 0.232 0.026 0.01 0.011 0.075 0.036 0.034 0.022 0.023 0.011 0.003 0.036 0.021 0.083 0.118 0.077 0.135 0.057 0.003 0.001 0.005 0.005 0.075 0.156 0.111 0.106 0.008 0.069 0.064 0.228 0.009 1 0.194 0.047 0.009 0.016 0.139 0.364 0.091 0.002 0.077 0.046 0.046 0.057 0.006 0.064 0.009 0.008 0.009 0.005 0.073 0.057 0.006 0.006 0.008 0.027 0.236 0.056 0.075 0.065 0.008 0.093 0.011 0.059 0.006 0.006 0.009 0.003 0.01
0.055 0.083 0.093 0.002 0.023 0.006 0.033 0.084 0.013 0.057 0.028 0.055 0.015 0.039 0.038 0.076 0.078 0.026 0.059 0.035 0.166 0.002 0.076 0.03 0.004 0.035 0.06 0.019 0.018 0.02 0.061 0 0.021 0.021 0.039 0.332 0.313 0.01 0.026 0.194 1 0.154 0.043 0.08 0.433 0.005 0.042 0 0.246 0.197 0.185 0.138 0.008 0.162 0.043 0.042 0.03 0.027 0.206 0.215 0.028 0.001 0.039 0.098 0.054 0.21 0.208 0.16 0.022 0.02 0.051 0.145 0.018 0.032 0.009 0.014 0.025
0.002 0 0 0.027 0.006 0.01 0.006 0 0.065 0.001 0 0.13 0.004 0.024 0.023 0 0 0.007 0.279 0.018 0.597 0.047 0.14 0.009 0.064 0.011 0.292 0.012 0.003 0.003 0.006 0.076 0.105 0.005 0.005 0.041 0.039 0.125 0.006 0.047 0.154 1 0.006 0.01 0.203 0.118 0.038 0.002 0.609 0.725 0.704 0.823 0.006 0.693 0.006 0.093 0.101 0.007 0.522 0.591 0.094 0.004 0.003 0.301 0.015 0.562 0.607 0.694 0.091 0.005 0.1 0.633 0.003 0.004 0.006 0.006 0.112
0.007 0.012 0.013 0.032 0.009 0.003 0.002 0.005 0.033 0.004 0.002 0.001 0.001 0.012 0.011 0.005 0.005 0.001 0.002 0.014 0.003 0.085 0.05 0.009 0.024 0 0.002 0.003 0.001 0.001 0.009 0.028 0.022 0.001 0.001 0.108 0.117 0.018 0.001 0.009 0.043 0.006 1 0.002 0.015 0.022 0.031 0 0.009 0.006 0.006 0.007 0.001 0.008 0.001 0.001 0.001 0.001 0.006 0.007 0.001 0.001 0.001 0.003 0.003 0.007 0.009 0.005 0.001 0.001 0.001 0.007 0.001 0.001 0.001 0 0.001
0.051 0.035 0.066 0.021 0 0.186 0.29 0.008 0.024 0.006 0.003 0 0.001 0.067 0.069 0.001 0.001 0.002 0.003 0.049 0.005 0.017 0.026 0 0.031 0.003 0.004 0.382 0.121 0.13 0 0.064 0.051 0.002 0.325 0 0.002 0.046 0.002 0.016 0.08 0.01 0.002 1 0 0.039 0.024 0.001 0.201 0.009 0.009 0.007 0.002 0.016 0.555 0.002 0.002 0.104 0.185 0.019 0.001 0.001 0.468 0.01 0.005 0.02 0.129 0.011 0.002 0.002 0.002 0.012 0.001 0.397 0.002 0.002 0.002
0.031 0.047 0.056 0.003 0.055 0.022 0.01 0.182 0.01 0.141 0.074 0.027 0.011 0.024 0.022 0.171 0.152 0.02 0.047 0.023 0.119 0.006 0.04 0.073 0.003 0.017 0.047 0.019 0.009 0.01 0.107 0.001 0.009 0.016 0.001 0.287 0.229 0.002 0.018 0.139 0.433 0.203 0.015 0 1 0.01 0.056 0.006 0.178 0.168 0.164 0.205 0.016 0.191 0.001 0.014 0.018 0.003 0.172 0.169 0.022 0.004 0 0.091 0.047 0.152 0.165 0.194 0.019 0.015 0.03 0.181 0.024 0.005 0.016 0.013 0.033
0.004 0 0 0.193 0.016 0.006 0.028 0.091 0.216 0.063 0.035 0.027 0.01 0.005 0.005 0.08 0.081 0.019 0.022 0.006 0.073 0.013 0.072 0.016 0.167 0.012 0.023 0.015 0.012 0.011 0.036 0.218 0.352 0.042 0.02 0.248 0.25 0.474 0.009 0.364 0.005 0.118 0.022 0.039 0.01 1 0.132 0.006 0.194 0.116 0.115 0.142 0.016 0.159 0.023 0.02 0.022 0.013 0.187 0.14 0.014 0.013 0.021 0.065 0.128 0.138 0.187 0.161 0.02 0.036 0.029 0.146 0.019 0.015 0.021 0.009 0.024
0.073 0.044 0.055 0.18 0.039 0.011 0.004 0.031 0.208 0.035 0.024 0.002 0.009 0.051 0.049 0.024 0.025 0.011 0.021 0.058 0.018 0.173 0.052 0.051 0.173 0.012 0.021 0.02 0.006 0.006 0.06 0.199 0.186 0.013 0.011 0.018 0.015 0.253 0.029 0.091 0.042 0.038 0.031 0.024 0.056 0.132 1 0.005 0.064 0.025 0.024 0.034 0.015 0.038 0.012 0.002 0.001 0.008 0.055 0.029 0.006 0.034 0.013 0.024 0.032 0.028 0.053 0.035 0.006 0.008 0 0.038 0.003 0.01 0.02 0.046 0.008
0.001 0.002 0.002 0 0.002 0.031 0.041 0.002 0.001 0.001 0.001 0 0 0.005 0.004 0.002 0.002 0 0.001 0.006 0.002 0.001 0 0.001 0 0.001 0.001 0.028 0.024 0.022 0.002 0 0.001 0 0.077 0.003 0.003 0 0 0.002 0 0.002 0 0.001 0.006 0.006 0.005 1 0.003 0.002 0.002 0.002 0.304 0.003 0 0 0 0 0.003 0.002 0 0 0 0.001 0.001 0.002 0.003 0.003 0 0 0 0.002 0 0 0.284 0.001 0
0.01 0.014 0.022 0.004 0.007 0.018 0.046 0.002 0.028 0 0 0.107 0.006 0 0 0 0 0.01 0.169 0 0.446 0.066 0.071 0.01 0.023 0.009 0.173 0.053 0.018 0.02 0.007 0.017 0.036 0.008 0.058 0.039 0.045 0.051 0.009 0.077 0.246 0.609 0.009 0.201 0.178 0.194 0.064 0.003 1 0.598 0.572 0.694 0.01 0.758 0.11 0.105 0.058 0.067 0.884 0.663 0.071 0.006 0.1 0.316 0.025 0.652 0.893 0.75 0.064 0.008 0.147 0.69 0.006 0.08 0.01 0.01 0.082
0.009 0.004 0.005 0.048 0.038 0.01 0.006 0.022 0.122 0.018 0.009 0.165 0.003 0.064 0.061 0.026 0.025 0.006 0.259 0.056 0.706 0.033 0.205 0.044 0.121 0.004 0.272 0.011 0.003 0.003 0.04 0.137 0.174 0.005 0.005 0.04 0.038 0.201 0.004 0.046 0.197 0.725 0.006 0.009 0.168 0.116 0.025 0.002 0.598 1 0.926 0.805 0.006 0.667 0.005 0.176 0.104 0.011 0.509 0.781 0.119 0.004 0.003 0.356 0.015 0.762 0.584 0.679 0.113 0.005 0.193 0.614 0.003 0.004 0.006 0.006 0.143
0.009 0.004 0.005 0.049 0.037 0.01 0.006 0.022 0.124 0.018 0.009 0.145 0.003 0.066 0.063 0.026 0.025 0.006 0.275 0.057 0.691 0.028 0.211 0.044 0.12 0.004 0.278 0.011 0.003 0.003 0.039 0.136 0.163 0.005 0.005 0.034 0.032 0.189 0.004 0.046 0.185 0.704 0.006 0.009 0.164 0.115 0.024 0.002 0.572 0.926 1 0.799 0.006 0.661 0.005 0.177 0.127 0.001 0.52 0.786 0.12 0.004 0.003 0.341 0.015 0.755 0.579 0.673 0.138 0.005 0.194 0.608 0.003 0.004 0.006 0.006 0.17
0 0.001 0 0.026 0.006 0.013 0.008 0 0.078 0.001 0 0.126 0.004 0.025 0.024 0 0 0.008 0.229 0.019 0.587 0.036 0.156 0.008 0.073 0.006 0.24 0.014 0.004 0.004 0.006 0.086 0.113 0.006 0.006 0.039 0.041 0.136 0.003 0.057 0.138 0.823 0.007 0.007 0.205 0.142 0.034 0.002 0.694 0.805 0.799 1 0.007 0.811 0.007 0.143 0.101 0.008 0.63 0.688 0.097 0.004 0.004 0.328 0.018 0.672 0.707 0.822 0.104 0.006 0.155 0.75 0.004 0.005 0.007 0.008 0.136
0 0 0 0.003 0.001 0.004 0.007 0.003 0.001 0.002 0 0.001 0 0 0 0.004 0.004 0.001 0.002 0 0.005 0.015 0.005 0 0.003 0.002 0.002 0.015 0.005 0.004 0.007 0.003 0.008 0.001 0.018 0.006 0.006 0.014 0.001 0.006 0.008 0.006 0.001 0.002 0.016 0.016 0.015 0.304 0.01 0.006 0.006 0.007 1 0.008 0.001 0.001 0.001 0.001 0.009 0.007 0.001 0.001 0.001 0.003 0.003 0.007 0.009 0.008 0.001 0 0.001 0.007 0.001 0.001 0.779 0.076 0.001
0.001 0.002 0.006 0.013 0.002 0 0.002 0 0.043 0 0 0.116 0.005 0.005 0.005 0.001 0.001 0.007 0.207 0.003 0.486 0.045 0.106 0.003 0.041 0.008 0.211 0.001 0.004 0.002 0.002 0.051 0.073 0.007 0.003 0.025 0.047 0.093 0.009 0.064 0.162 0.693 0.008 0.016 0.191 0.159 0.038 0.003 0.758 0.667 0.661 0.811 0.008 1 0.008 0.092 0.101 0.08 0.725 0.825 0.086 0.005 0.005 0.366 0.021 0.812 0.775 0.934 0.122 0.007 0.14 0.904 0.005 0.005 0.008 0.009 0.149
0.014 0.021 0.019 0.004 0.009 0.102 0.16 0.005 0.005 0.004 0.002 0 0.001 0.02 0.023 0.005 0.005 0.001 0.002 0.008 0.002 0.008 0.011 0.009 0.007 0.001 0.002 0.325 0.169 0.155 0.009 0.033 0.026 0.001 0.207 0.008 0 0.024 0.001 0.009 0.043 0.006 0.001 0.555 0.001 0.023 0.012 0 0.11 0.005 0.005 0.007 0.001 0.008 1 0.001 0.001 0.001 0.113 0.007 0.001 0.001 0.804 0.003 0.003 0.007 0.091 0.008 0.001 0.001 0.001 0.007 0.001 0.681 0.001 0.001 0.001
0.035 0.047 0.045 0.016 0.003 0.002 0.001 0.004 0.019 0.003 0.002 0 0.001 0.01 0.005 0.005 0.005 0.001 0.002 0.012 0.133 0.009 0.032 0.008 0.024 0.002 0.002 0.002 0.001 0.001 0.008 0.025 0.031 0.001 0.001 0.007 0.007 0.035 0.001 0.008 0.042 0.093 0.001 0.002 0.014 0.02 0.002 0 0.105 0.176 0.177 0.143 0.001 0.092 0.001 1 0 0.001 0.084 0.132 0.004 0.001 0.001 0.006 0.003 0.145 0.099 0.125 0 0.001 0.382 0.064 0.001 0.001 0.001 0.001 0
0.012 0.009 0.01 0.027 0.008 0 0 0.004 0.024 0.003 0.002 0.334 0.001 0.01 0.011 0.005 0.005 0.001 0 0.013 0.069 0.002 0.022 0.009 0.026 0.002 0 0.003 0.001 0.001 0.009 0.027 0.026 0.001 0.001 0.004 0.003 0.03 0.001 0.009 0.03 0.101 0.001 0.002 0.018 0.022 0.001 0 0.058 0.104 0.127 0.101 0.001 0.101 0.001 0 1 0.001 0.086 0.116 0.336 0.001 0.001 0.003 0.003 0.101 0.084 0.077 0.411 0.001 0.001 0.086 0.001 0.001 0.001 0.001 0.503
0.005 0.007 0.006 0 0.005 0.075 0.116 0.003 0.001 0.002 0.001 0.035 0 0.009 0.008 0.003 0.003 0.001 0 0.009 0.005 0.006 0 0.005 0.001 0.001 0.001 0.068 0 0.001 0.005 0.001 0 0.001 0.132 0.005 0.004 0 0.001 0.005 0.027 0.007 0.001 0.104 0.003 0.013 0.008 0 0.067 0.011 0.001 0.008 0.001 0.08 0.001 0.001 0.001 1 0.059 0.091 0 0 0.001 0.016 0.002 0.092 0.043 0.064 0.001 0.001 0.011 0.065 0 0 0.001 0.001 0.001
0.009 0.012 0.02 0.005 0.009 0.017 0.043 0.002 0.031 0 0 0.1 0.006 0 0 0 0 0.01 0.131 0 0.389 0.051 0.069 0.008 0.022 0.009 0.128 0.046 0.014 0.015 0.007 0.016 0.03 0.008 0.053 0.031 0.036 0.043 0.008 0.073 0.206 0.522 0.006 0.185 0.172 0.187 0.055 0.003 0.884 0.509 0.52 0.63 0.009 0.725 0.113 0.084 0.086 0.059 1 0.635 0.073 0.006 0.103 0.268 0.024 0.626 0.873 0.73 0.104 0.008 0.127 0.668 0.005 0.082 0.01 0.01 0.127
0.001 0.001 0 0.028 0.023 0 0.004 0.028 0.079 0.023 0.011 0.133 0.004 0.024 0.023 0.011 0.01 0.006 0.228 0.02 0.565 0.035 0.149 0.027 0.075 0.006 0.223 0 0.004 0.002 0.024 0.089 0.115 0.006 0.004 0.02 0.041 0.138 0.006 0.057 0.215 0.591 0.007 0.019 0.169 0.14 0.029 0.002 0.663 0.781 0.786 0.688 0.007 0.825 0.007 0.132 0.116 0.091 0.635 1 0.098 0.004 0.004 0.434 0.018 0.943 0.666 0.817 0.139 0.006 0.189 0.768 0.004 0.005 0.007 0.008 0.169
0.011 0.009 0.009 0.021 0.006 0.001 0.001 0.003 0.02 0.002 0.001 0.404 0 0.006 0.007 0.003 0.003 0.001 0.001 0.008 0.126 0.006 0.035 0.006 0.016 0.001 0.001 0.002 0 0 0.005 0.017 0.021 0.001 0.001 0.005 0.005 0.024 0.001 0.006 0.028 0.094 0.001 0.001 0.022 0.014 0.006 0 0.071 0.119 0.12 0.097 0.001 0.086 0.001 0.004 0.336 0 0.073 0.098 1 0 0.001 0.002 0.002 0.08 0.071 0.059 0.316 0.001 0 0.066 0 0 0.001 0.001 0.402
0.004 0.005 0.003 0.011 0.003 0 0 0.003 0.013 0.003 0.001 0.001 0 0.003 0.003 0.004 0.004 0.001 0.001 0.004 0.003 0.006 0.001 0.003 0.012 0.009 0.002 0.001 0 0 0.006 0.017 0.023 0.001 0.001 0.005 0.005 0.022 0.001 0.006 0.001 0.004 0.001 0.001 0.004 0.013 0.034 0 0.006 0.004 0.004 0.004 0.001 0.005 0.001 0.001 0.001 0 0.006 0.004 0 1 0.001 0.002 0.002 0.004 0.006 0.005 0.001 0.001 0.001 0.005 0 0 0.001 0.001 0.001
0.014 0.02 0.019 0.004 0.008 0.093 0.146 0.004 0.006 0.003 0.002 0 0.001 0.022 0.026 0.005 0.005 0.001 0.002 0.009 0.002 0.009 0.012 0.006 0.008 0.001 0.002 0.292 0.186 0.171 0.006 0.033 0.023 0.001 0.153 0.007 0 0.021 0.001 0.008 0.039 0.003 0.001 0.468 0 0.021 0.013 0 0.1 0.003 0.003 0.004 0.001 0.005 0.804 0.001 0.001 0.001 0.103 0.004 0.001 0.001 1 0.001 0.003 0.004 0.081 0.005 0.001 0.001 0 0.004 0.001 0.511 0.001 0.001 0.001
0.009 0.01 0.006 0.029 0.011 0 0 0.013 0.032 0.011 0.005 0 0.002 0.011 0.012 0.003 0.003 0.002 0.466 0.008 0.293 0.019 0.075 0.008 0.03 0.001 0.489 0.001 0.002 0 0.006 0.039 0.052 0.003 0.002 0.009 0.021 0.064 0.003 0.027 0.098 0.301 0.003 0.01 0.091 0.065 0.024 0.001 0.316 0.356 0.341 0.328 0.003 0.366 0.003 0.006 0.003 0.016 0.268 0.434 0.002 0.002 0.001 1 0.009 0.425 0.318 0.399 0.003 0.003 0 0.36 0.002 0.002 0.003 0.004 0
0.005 0.038 0.032 0.056 0.017 0.004 0.005 0.012 0.062 0.01 0.005 0.004 0.002 0.027 0.03 0.008 0.008 0.003 0.006 0.03 0.014 0.013 0.031 0.018 0.004 0.157 0.006 0.007 0.002 0.002 0.017 0.003 0 0.003 0.003 0.021 0.02 0.042 0.005 0.236 0.054 0.015 0.003 0.005 0.047 0.128 0.032 0.001 0.025 0.015 0.015 0.018 0.003 0.021 0.003 0.003 0.003 0.002 0.024 0.018 0.002 0.002 0.003 0.009 1 0.018 0.024 0.021 0.003 0.003 0.004 0.019 0.002 0.002 0.003 0 0.003
0 0 0.001 0.023 0.021 0 0.004 0.027 0.073 0.022 0.011 0.108 0.004 0.022 0.021 0.01 0.01 0.005 0.218 0.019 0.548 0.035 0.143 0.026 0.072 0.006 0.223 0 0.004 0.002 0.024 0.085 0.111 0.006 0.004 0.019 0.04 0.134 0.006 0.056 0.21 0.562 0.007 0.02 0.152 0.138 0.028 0.002 0.652 0.762 0.755 0.672 0.007 0.812 0.007 0.145 0.101 0.092 0.626 0.943 0.08 0.004 0.004 0.425 0.018 1 0.655 0.804 0.14 0.006 0.203 0.756 0.004 0.004 0.007 0.008 0.151
0.005 0.01 0.014 0.008 0.008 0.009 0.027 0.002 0.037 0 0 0.107 0.006 0.001 0.001 0 0 0.009 0.174 0.002 0.451 0.055 0.079 0.011 0.033 0.009 0.177 0.032 0.005 0.006 0.008 0.026 0.044 0.008 0.044 0.039 0.039 0.06 0.01 0.075 0.208 0.607 0.009 0.129 0.165 0.187 0.053 0.003 0.893 0.584 0.579 0.707 0.009 0.775 0.091 0.099 0.084 0.043 0.873 0.666 0.071 0.006 0.081 0.318 0.024 0.655 1 0.763 0.104 0.008 0.151 0.697 0.005 0.06 0.01 0.009 0.124
0.002 0.003 0.007 0.012 0.002 0 0.001 0.001 0.048 0 0 0.092 0.005 0.005 0.005 0.001 0.001 0.008 0.198 0.004 0.494 0.039 0.113 0.004 0.046 0.008 0.208 0.002 0.004 0.002 0.002 0.056 0.076 0.007 0.001 0.023 0.044 0.097 0.007 0.065 0.16 0.694 0.005 0.011 0.194 0.161 0.035 0.003 0.75 0.679 0.673 0.822 0.008 0.934 0.008 0.125 0.077 0.064 0.73 0.817 0.059 0.005 0.005 0.399 0.021 0.804 0.763 1 0.094 0.007 0.175 0.886 0.005 0.005 0.009 0.008 0.119
0.005 0.003 0.003 0.015 0.007 0 0 0.003 0.021 0.002 0.002 0.127 0.001 0.009 0.01 0.005 0.005 0.001 0 0.012 0.075 0.002 0.026 0.008 0.023 0.002 0 0.002 0 0.001 0.008 0.024 0.022 0.001 0.001 0.003 0.002 0.026 0.001 0.008 0.022 0.091 0.001 0.002 0.019 0.02 0.006 0 0.064 0.113 0.138 0.104 0.001 0.122 0.001 0 0.411 0.001 0.104 0.139 0.316 0.001 0.001 0.003 0.003 0.14 0.104 0.094 1 0.001 0.001 0.104 0.001 0.001 0.001 0.001 0.607
0.002 0.005 0.005 0.023 0.003 0 0.001 0.001 0.025 0 0 0.001 0.001 0.005 0.001 0.001 0.001 0.001 0.002 0.005 0.004 0.006 0.013 0.008 0.025 0 0.002 0.001 0.001 0.001 0.008 0.024 0.018 0.408 0.001 0.007 0.007 0.02 0.001 0.093 0.02 0.005 0.001 0.002 0.015 0.036 0.008 0 0.008 0.005 0.005 0.006 0 0.007 0.001 0.001 0.001 0.001 0.008 0.006 0.001 0.001 0.001 0.003 0.003 0.006 0.008 0.007 0.001 1 0.001 0.006 0.001 0.001 0.001 0.001 0.001
0.023 0.019 0.031 0.005 0.001 0.001 0 0.006 0.015 0.005 0.002 0.033 0.001 0.005 0.002 0.001 0.001 0.002 0.003 0.003 0.13 0.009 0.032 0.003 0.017 0.003 0.003 0.001 0.001 0.001 0.003 0.018 0.028 0.001 0.001 0.003 0.009 0.033 0.002 0.011 0.051 0.1 0.001 0.002 0.03 0.029 0 0 0.147 0.193 0.194 0.155 0.001 0.14 0.001 0.382 0.001 0.011 0.127 0.189 0 0.001 0 0 0.004 0.203 0.151 0.175 0.001 0.001 1 0.124 0.001 0.001 0.001 0.002 0
0 0.001 0.003 0.015 0.001 0 0.001 0 0.04 0 0 0.093 0.004 0.004 0.004 0.001 0.001 0.007 0.21 0.004 0.432 0.039 0.096 0.003 0.039 0.007 0.215 0.001 0.004 0.002 0.002 0.048 0.069 0.006 0.003 0.021 0.043 0.087 0.006 0.059 0.145 0.633 0.007 0.012 0.181 0.146 0.038 0.002 0.69 0.614 0.608 0.75 0.007 0.904 0.007 0.064 0.086 0.065 0.668 0.768 0.066 0.005 0.004 0.36 0.019 0.756 0.697 0.886 0.104 0.006 0.124 1 0.004 0.005 0.008 0.008 0.132
0.003 0.002 0.002 0.01 0 0.002 0.001 0 0.008 0.001 0.001 0.001 0 0.001 0.001 0 0.003 0.001 0.001 0.002 0.003 0.026 0.012 0 0.006 0.001 0.001 0.002 0 0 0 0.003 0.011 0.001 0.001 0.057 0.062 0.009 0.001 0.006 0.018 0.003 0.001 0.001 0.024 0.019 0.003 0 0.006 0.003 0.003 0.004 0.001 0.005 0.001 0.001 0.001 0 0.005 0.004 0 0 0.001 0.002 0.002 0.004 0.005 0.005 0.001 0.001 0.001 0.004 1 0 0.001 0.001 0.001
0.005 0.008 0.007 0 0.006 0.087 0.135 0.003 0.001 0.003 0.001 0.001 0 0.007 0.01 0.004 0.004 0.001 0.002 0.008 0.001 0.007 0.008 0.006 0.001 0.001 0.002 0.228 0.085 0.078 0.006 0.026 0.021 0.001 0.13 0.006 0.002 0.018 0.001 0.006 0.032 0.004 0.001 0.397 0.005 0.015 0.01 0 0.08 0.004 0.004 0.005 0.001 0.005 0.681 0.001 0.001 0 0.082 0.005 0 0 0.511 0.002 0.002 0.004 0.06 0.005 0.001 0.001 0.001 0.005 0 1 0.001 0.001 0.001
0 0 0 0.004 0.001 0.006 0.01 0.003 0.003 0.002 0 0.001 0 0 0 0.004 0.004 0.001 0.002 0 0.006 0.019 0.007 0 0.004 0.002 0.003 0.017 0.009 0.008 0.007 0.005 0.012 0.001 0.018 0.007 0.006 0.019 0.001 0.009 0.009 0.006 0.001 0.002 0.016 0.021 0.02 0.284 0.01 0.006 0.006 0.007 0.779 0.008 0.001 0.001 0.001 0.001 0.01 0.007 0.001 0.001 0.001 0.003 0.003 0.007 0.01 0.009 0.001 0.001 0.001 0.008 0.001 0.001 1 0.082 0.001
0.007 0.004 0.004 0.013 0.002 0.001 0.001 0.003 0.01 0.002 0 0.002 0 0.003 0.003 0.004 0.004 0.001 0.003 0.002 0.005 0.017 0.001 0.002 0.006 0.002 0.003 0.001 0.001 0.001 0.008 0.008 0.009 0.001 0 0.002 0.003 0.02 0.013 0.003 0.014 0.006 0 0.002 0.013 0.009 0.046 0.001 0.01 0.006 0.006 0.008 0.076 0.009 0.001 0.001 0.001 0.001 0.01 0.008 0.001 0.001 0.001 0.004 0 0.008 0.009 0.008 0.001 0.001 0.002 0.008 0.001 0.001 0.082 1 0.001
0.006 0.003 0.004 0.017 0.009 0 0 0.004 0.027 0.003 0.002 0.168 0.001 0.012 0.013 0.006 0.006 0.001 0 0.015 0.096 0.002 0.034 0.01 0.028 0.002 0 0.003 0.001 0.001 0.009 0.029 0.028 0.001 0.001 0.004 0.004 0.033 0.001 0.01 0.025 0.112 0.001 0.002 0.033 0.024 0.008 0 0.082 0.143 0.17 0.136 0.001 0.149 0.001 0 0.503 0.001 0.127 0.169 0.402 0.001 0.001 0 0.003 0.151 0.124 0.119 0.607 0.001 0 0.132 0.001 0.001 0.001 0.001 1
