1 0.841 0.882 0.414 0.419 0.165 0.12 0.344 0.273 0.291 0.158 0.021 0.036 0.573 0.542 0.348 0.279 0.032 0.024 0.594 0.002 0.122 0.097 0.371 0.322 0.012 0.028 0.146 0.068 0.066 0.308 0.262 0.174 0.002 0.031 0.094 0.071 0.151 0.019 0.017 0.089 0.002 0.001 0.068 0.045 0.016 0.108 0.01 0.017 0.008 0.005 0.001 0.01 0.002 0.028 0.027 0.01 0.001 0.018 0.001 0.012 0.007 0.024 0.019 0.009 0.001 0.014 0.004 0 0.002 0.036 0 0.001 0.026 0.007 0.007 0.005
0.841 1 0.942 0.383 0.434 0.185 0.134 0.385 0.241 0.325 0.176 0.019 0.04 0.661 0.619 0.362 0.291 0.036 0.021 0.624 0.001 0.124 0.094 0.388 0.307 0.023 0.025 0.164 0.076 0.074 0.328 0.249 0.157 0.002 0.035 0.091 0.079 0.122 0.017 0.039 0.099 0.005 0.004 0.057 0.046 0.006 0.083 0.012 0.017 0.007 0.004 0.003 0.012 0.001 0.032 0.032 0.009 0 0.018 0.002 0.01 0.008 0.028 0.023 0.032 0.001 0.017 0.003 0 0.004 0.037 0 0.001 0.031 0.009 0.006 0.004
0.882 0.942 1 0.411 0.471 0.186 0.135 0.386 0.264 0.326 0.177 0.019 0.04 0.653 0.611 0.391 0.317 0.036 0.021 0.663 0.001 0.12 0.091 0.422 0.338 0.023 0.025 0.164 0.076 0.074 0.353 0.273 0.175 0.002 0.035 0.104 0.079 0.139 0.017 0.037 0.111 0.005 0.004 0.077 0.055 0.007 0.096 0.012 0.023 0.007 0.004 0.003 0.012 0.003 0.032 0.032 0.009 0 0.024 0.001 0.01 0.006 0.028 0.018 0.032 0 0.02 0.006 0 0.004 0.042 0.002 0.001 0.031 0.009 0.005 0.004
0.414 0.383 0.411 1 0.217 0.065 0.043 0.17 0.795 0.144 0.078 0.043 0.018 0.27 0.297 0.184 0.135 0.02 0.048 0.276 0.021 0.294 0.3 0.194 0.568 0.007 0.037 0.054 0.034 0.033 0.147 0.542 0.35 0.022 0.013 0.015 0.008 0.431 0.039 0.222 0 0.014 0.014 0.029 0.002 0.233 0.202 0.006 0.007 0.062 0.064 0.022 0.005 0.015 0.009 0.008 0.007 0.001 0.005 0.04 0.023 0.016 0.006 0.044 0.063 0.026 0.004 0.012 0.003 0.018 0.004 0.018 0 0.01 0.002 0.019 0.006
0.419 0.434 0.471 0.217 1 0.017 0.012 0.593 0.23 0.556 0.27 0.01 0.004 0.494 0.456 0.652 0.544 0.073 0.011 0.493 0.025 0.071 0.109 0.72 0.263 0.012 0.013 0.017 0.006 0.007 0.615 0.224 0.178 0.001 0.005 0.209 0.159 0.146 0.009 0.035 0.037 0 0.005 0.001 0.071 0.032 0.067 0 0.001 0.032 0.029 0 0 0 0.007 0.004 0.002 0.004 0 0.017 0.005 0.003 0.006 0.01 0.016 0.015 0 0.001 0.001 0.001 0.003 0 0.009 0.006 0 0.01 0.004
0.165 0.185 0.186 0.065 0.017 1 0.727 0.013 0.084 0.011 0.006 0.003 0.218 0.178 0.166 0.014 0.015 0.002 0.004 0.183 0.012 0.017 0.034 0.02 0.091 0.004 0.005 0.881 0.402 0.402 0.02 0.076 0.038 0 0.183 0.019 0.017 0.031 0.003 0.001 0.017 0.005 0.002 0.207 0.025 0.007 0.014 0.054 0.02 0.005 0.004 0.008 0.045 0.001 0.194 0 0.003 0.023 0.015 0 0.002 0.002 0.17 0.008 0.006 0 0.012 0.003 0.002 0.001 0.004 0.002 0.002 0.202 0.046 0.003 0.004
0.12 0.134 0.135 0.043 0.012 0.727 1 0.009 0.068 0.008 0.004 0.003 0.001 0.14 0.131 0.01 0.011 0.001 0.003 0.144 0.009 0.015 0.028 0.015 0.071 0.003 0.003 0.669 0.554 0.554 0.015 0.054 0.022 0.001 0.255 0.013 0.012 0.018 0.002 0.013 0.048 0.002 0.001 0.293 0.014 0.031 0.009 0.021 0.045 0.001 0.001 0.003 0.017 0 0.271 0 0.002 0.034 0.035 0 0.001 0.001 0.238 0.005 0.004 0 0.03 0 0.001 0.001 0.009 0 0.001 0.282 0.021 0 0.003
0.344 0.385 0.386 0.17 0.593 0.013 0.009 1 0.169 0.845 0.458 0.007 0.003 0.374 0.349 0.854 0.678 0.003 0.008 0.383 0.017 0.053 0.08 0.582 0.206 0.009 0.01 0.013 0.005 0.005 0.517 0.182 0.14 0 0.004 0.254 0.269 0.12 0.006 0.029 0.059 0.003 0.004 0.008 0.119 0.08 0.063 0.003 0.002 0.027 0.025 0.001 0.003 0 0.005 0.004 0.001 0.003 0 0.032 0.004 0.004 0.005 0.021 0.012 0.032 0 0 0 0.001 0.007 0.001 0.015 0.004 0.004 0.01 0.002
0.273 0.241 0.264 0.795 0.23 0.084 0.068 0.169 1 0.139 0.088 0.038 0.02 0.321 0.344 0.184 0.136 0.023 0.03 0.321 0.084 0.261 0.39 0.205 0.633 0.009 0.021 0.079 0.038 0.037 0.165 0.634 0.411 0.025 0.015 0.02 0.012 0.506 0.034 0.251 0.001 0.035 0.021 0.034 0.004 0.258 0.214 0.007 0.019 0.105 0.109 0.045 0.006 0.025 0.012 0.016 0.005 0 0.016 0.071 0.02 0.016 0.019 0.038 0.073 0.053 0.013 0.027 0.009 0.019 0.01 0.029 0 0.012 0.003 0.015 0.011
0.291 0.325 0.326 0.144 0.556 0.011 0.008 0.845 0.139 1 0.542 0.006 0.002 0.313 0.291 0.713 0.639 0.003 0.007 0.32 0.014 0.045 0.066 0.484 0.172 0.008 0.008 0.011 0.004 0.005 0.422 0.146 0.112 0 0.003 0.173 0.181 0.095 0.005 0.023 0.035 0.007 0.003 0.007 0.086 0.049 0.059 0.002 0 0.022 0.02 0.004 0.003 0 0.004 0.004 0.001 0.002 0 0.026 0.003 0.003 0.004 0.017 0.01 0.026 0 0.001 0 0 0.006 0 0 0.004 0.003 0.008 0.001
0.158 0.176 0.177 0.078 0.27 0.006 0.004 0.458 0.088 0.542 1 0.003 0.001 0.183 0.17 0.409 0.402 0.001 0.004 0.189 0.011 0.024 0.042 0.276 0.104 0.004 0.004 0.006 0.002 0.002 0.27 0.11 0.085 0 0.002 0.104 0.107 0.076 0.003 0.01 0.019 0.005 0.002 0.004 0.037 0.034 0.038 0.001 0.001 0.017 0.015 0.003 0.001 0 0.002 0.003 0.003 0.001 0.001 0.019 0.002 0.002 0.002 0.009 0.006 0.019 0.001 0.002 0.002 0 0.004 0 0.002 0.002 0.002 0.004 0.003
0.021 0.019 0.019 0.043 0.01 0.003 0.003 0.007 0.038 0.006 0.003 1 0.001 0.011 0.012 0.008 0.008 0.001 0.002 0.006 0.266 0.014 0.071 0.011 0.032 0.002 0.003 0.004 0.001 0.001 0.011 0.03 0.037 0.001 0.001 0.01 0.01 0.043 0.002 0.01 0.065 0.146 0.001 0.002 0.033 0.024 0.011 0.001 0.116 0.179 0.136 0.119 0.001 0.132 0.001 0.005 0.248 0.097 0.11 0.157 0.529 0.001 0.001 0 0.003 0.111 0.088 0.12 0.1 0.001 0.013 0.131 0 0.001 0.001 0.003 0.205
0.036 0.04 0.04 0.018 0.004 0.218 0.001 0.003 0.02 0.002 0.001 0.001 1 0.042 0.039 0.003 0.003 0 0.001 0.043 0.003 0.006 0.01 0.004 0.024 0.001 0.001 0.214 0.001 0.001 0.004 0.025 0.021 0.004 0 0.004 0.004 0.018 0.001 0.075 0.011 0.004 0 0.001 0.01 0.024 0.009 0.048 0.006 0.004 0.003 0.005 0.041 0.005 0.001 0.001 0.001 0 0.006 0.004 0 0 0 0.002 0.001 0.004 0.006 0.005 0 0 0.001 0.005 0 0 0.031 0.009 0.001
0.573 0.661 0.653 0.27 0.494 0.178 0.14 0.374 0.321 0.313 0.183 0.011 0.042 1 0.911 0.432 0.354 0.048 0.007 0.774 0.038 0.108 0.165 0.488 0.39 0.018 0.01 0.181 0.079 0.077 0.406 0.342 0.244 0.002 0.046 0.121 0.094 0.206 0.016 0.028 0.069 0.003 0.009 0.089 0.031 0.013 0.082 0.017 0.003 0.042 0.037 0.004 0.017 0.001 0.041 0.003 0.015 0.001 0.004 0.019 0.004 0.003 0.054 0.01 0.028 0.017 0.002 0.001 0.01 0.003 0 0.002 0.003 0.04 0.013 0.002 0.018
0.542 0.619 0.611 0.297 0.456 0.166 0.131 0.349 0.344 0.291 0.17 0.012 0.039 0.911 1 0.403 0.328 0.045 0.008 0.725 0.042 0.116 0.179 0.469 0.365 0.017 0.011 0.169 0.073 0.072 0.394 0.317 0.221 0.002 0.043 0.116 0.09 0.185 0.018 0.031 0.058 0.005 0.009 0.083 0.023 0.011 0.062 0.016 0.001 0.048 0.043 0.006 0.015 0.002 0.038 0.002 0.016 0.001 0.002 0.024 0.005 0.003 0.05 0.012 0.032 0.021 0.001 0.002 0.01 0.002 0.001 0.004 0.002 0.037 0.012 0.002 0.019
0.348 0.362 0.391 0.184 0.652 0.014 0.01 0.854 0.184 0.713 0.409 0.008 0.003 0.432 0.403 1 0.79 0.003 0.009 0.443 0.027 0.058 0.099 0.632 0.242 0.01 0.01 0.014 0.005 0.006 0.565 0.217 0.17 0.001 0.004 0.297 0.231 0.145 0.007 0.024 0.063 0 0.004 0.003 0.123 0.07 0.059 0.003 0 0.038 0.035 0 0.003 0.001 0.006 0.005 0.007 0.003 0 0.019 0.004 0.004 0.005 0.006 0.013 0.017 0 0.002 0.004 0.001 0.005 0 0.013 0.005 0.004 0.01 0.008
0.279 0.291 0.317 0.135 0.544 0.015 0.011 0.678 0.136 0.639 0.402 0.008 0.003 0.354 0.328 0.79 1 0.004 0.009 0.467 0.029 0.061 0.104 0.669 0.255 0.01 0.011 0.015 0.005 0.006 0.6 0.168 0.127 0.001 0.004 0.235 0.177 0.105 0.007 0.026 0.072 0.008 0.005 0.003 0.127 0.045 0.063 0.003 0.003 0.013 0.011 0.009 0.003 0.01 0.006 0.005 0.007 0.003 0.008 0.004 0.005 0.004 0.005 0.001 0.014 0.003 0.006 0.012 0.005 0.001 0.006 0.007 0.005 0.005 0.004 0.011 0.009
0.032 0.036 0.036 0.02 0.073 0.002 0.001 0.003 0.023 0.003 0.001 0.001 0 0.048 0.045 0.003 0.004 1 0.001 0.049 0.003 0.006 0.011 0.077 0.027 0.001 0.001 0.002 0.001 0.001 0.075 0.029 0.023 0 0 0.005 0.004 0.02 0.001 0.004 0.013 0.005 0 0.001 0.011 0.007 0.002 0.012 0.006 0.004 0.003 0.005 0.01 0.005 0.001 0.001 0 0 0.006 0.004 0 0 0.001 0.002 0.002 0.004 0.006 0.006 0 0 0.001 0.005 0.001 0.001 0.007 0.001 0
0.024 0.021 0.021 0.048 0.011 0.004 0.003 0.008 0.03 0.007 0.004 0.002 0.001 0.007 0.008 0.009 0.009 0.001 1 0.02 0.327 0.016 0.09 0.013 0.036 0.003 0.862 0.004 0.002 0.002 0.013 0.031 0.036 0.001 0.001 0.012 0.011 0.042 0.002 0.009 0.068 0.189 0.001 0.001 0.047 0.024 0.023 0.001 0.136 0.202 0.217 0.158 0.001 0.15 0.001 0.002 0 0.001 0.115 0.166 0.001 0.001 0.001 0.333 0.004 0.132 0.133 0.142 0 0.001 0.003 0.146 0.001 0 0.001 0.003 0
0.594 0.624 0.663 0.276 0.493 0.183 0.144 0.383 0.321 0.32 0.189 0.006 0.043 0.774 0.725 0.443 0.467 0.049 0.02 1 0.045 0.117 0.185 0.615 0.483 0.022 0.023 0.167 0.081 0.079 0.527 0.346 0.235 0.001 0.031 0.12 0.092 0.193 0.014 0.028 0.084 0 0.01 0.076 0.044 0.013 0.108 0.018 0.009 0.022 0.025 0 0.018 0.001 0.029 0.007 0.015 0.012 0.011 0.007 0.01 0.006 0.04 0 0.03 0.005 0.008 0.001 0.009 0.003 0.002 0 0.002 0.033 0.014 0.004 0.017
0.002 0.001 0.001 0.021 0.025 0.012 0.009 0.017 0.084 0.014 0.011 0.266 0.003 0.038 0.042 0.027 0.029 0.003 0.327 0.045 1 0.048 0.272 0.039 0.099 0.008 0.368 0.012 0.005 0.005 0.039 0.096 0.115 0.003 0.001 0.035 0.032 0.134 0.006 0.032 0.2 0.525 0 0.003 0.116 0.07 0.044 0.002 0.399 0.593 0.517 0.437 0.003 0.394 0.001 0.109 0.086 0.022 0.326 0.453 0.156 0.004 0.002 0.186 0.012 0.42 0.361 0.412 0.093 0.003 0.119 0.389 0.001 0.001 0.004 0.008 0.118
0.122 0.124 0.12 0.294 0.071 0.017 0.015 0.053 0.261 0.045 0.024 0.014 0.006 0.108 0.116 0.058 0.061 0.006 0.016 0.117 0.048 1 0.431 0.082 0.213 0.018 0.017 0.026 0.011 0.01 0.049 0.172 0.034 0.007 0.007 0.022 0.028 0.051 0.1 0.07 0.008 0.056 0.054 0.015 0.007 0.015 0.152 0 0.045 0.017 0.014 0.029 0 0.037 0.006 0.01 0.007 0.006 0.046 0.024 0.008 0 0.009 0.004 0.018 0.023 0.048 0.037 0.005 0.004 0.013 0.035 0 0.008 0.002 0.021 0.008
0.097 0.094 0.091 0.3 0.109 0.034 0.028 0.08 0.39 0.066 0.042 0.071 0.01 0.165 0.179 0.099 0.104 0.011 0.09 0.185 0.272 0.431 1 0.142 0.362 0.031 0.104 0.045 0.018 0.017 0.101 0.31 0.135 0.012 0.009 0 0.002 0.178 0.056 0.118 0.077 0.111 0.045 0.021 0.043 0.071 0.02 0.002 0.086 0.212 0.19 0.122 0.001 0.094 0.007 0.022 0.02 0.003 0.062 0.137 0.043 0 0.012 0.076 0.034 0.128 0.065 0.098 0.026 0.009 0.022 0.095 0 0.009 0 0.002 0.029
0.371 0.388 0.422 0.194 0.72 0.02 0.015 0.582 0.205 0.484 0.276 0.011 0.004 0.488 0.469 0.632 0.669 0.077 0.013 0.615 0.039 0.082 0.142 1 0.344 0.014 0.015 0.02 0.008 0.008 0.866 0.238 0.182 0.005 0.006 0.252 0.201 0.151 0.01 0.054 0.059 0.001 0.006 0 0.111 0.034 0.085 0 0 0.024 0.021 0.001 0 0.001 0.008 0.007 0.009 0.004 0 0.012 0.006 0.004 0.002 0 0.019 0.01 0 0.002 0.006 0.006 0.009 0 0.006 0.007 0 0.012 0.011
0.322 0.307 0.338 0.568 0.263 0.091 0.071 0.206 0.633 0.172 0.104 0.032 0.024 0.39 0.365 0.242 0.255 0.027 0.036 0.483 0.099 0.213 0.362 0.344 1 0.039 0.042 0.094 0.045 0.044 0.291 0.773 0.576 0.027 0.019 0.039 0.027 0.482 0.02 0.138 0.001 0.025 0.009 0.043 0 0.21 0.205 0.006 0.01 0.091 0.08 0.027 0.005 0.024 0.015 0.015 0.023 0 0.008 0.059 0.017 0.013 0.023 0.021 0.002 0.055 0.011 0.025 0.014 0.023 0.013 0.028 0 0.015 0.003 0.006 0.032
0.012 0.023 0.023 0.007 0.012 0.004 0.003 0.009 0.009 0.008 0.004 0.002 0.001 0.018 0.017 0.01 0.01 0.001 0.003 0.022 0.008 0.018 0.031 0.014 0.039 1 0.003 0.004 0.002 0.002 0.014 0.037 0.045 0 0.001 0.013 0.012 0.01 0.002 0.085 0.037 0.013 0.001 0.003 0.009 0.023 0.006 0.001 0.012 0.007 0.006 0.01 0.001 0.01 0.002 0.002 0.002 0.001 0.013 0.008 0.001 0.042 0.002 0.002 0.246 0.008 0.013 0.011 0.001 0 0.003 0.01 0.001 0.001 0.001 0.003 0.003
0.028 0.025 0.025 0.037 0.013 0.005 0.003 0.01 0.021 0.008 0.004 0.003 0.001 0.01 0.011 0.01 0.011 0.001 0.862 0.023 0.368 0.017 0.104 0.015 0.042 0.003 1 0.005 0.002 0.002 0.015 0.036 0.042 0.001 0.001 0.014 0.013 0.05 0.002 0.011 0.076 0.215 0.001 0.002 0.036 0.029 0.025 0.001 0.154 0.23 0.192 0.178 0.001 0.169 0.001 0.002 0 0.001 0.097 0.146 0.001 0.001 0.002 0.382 0.005 0.155 0.149 0.161 0 0.001 0.003 0.167 0.001 0.001 0.001 0.003 0
0.146 0.164 0.164 0.054 0.017 0.881 0.669 0.013 0.079 0.011 0.006 0.004 0.214 0.181 0.169 0.014 0.015 0.002 0.004 0.167 0.012 0.026 0.045 0.02 0.094 0.004 0.005 1 0.399 0.399 0.021 0.088 0.051 0 0.246 0.019 0.015 0.043 0.003 0.001 0.026 0.006 0.002 0.288 0.019 0.007 0.023 0.053 0.031 0.005 0.004 0.009 0.044 0.002 0.294 0 0.003 0.022 0.024 0.001 0.002 0.002 0.245 0.008 0.006 0 0.02 0.004 0.002 0.001 0.003 0.002 0.002 0.28 0.045 0.003 0.004
0.068 0.076 0.076 0.034 0.006 0.402 0.554 0.005 0.038 0.004 0.002 0.001 0.001 0.079 0.073 0.005 0.005 0.001 0.002 0.081 0.005 0.011 0.018 0.008 0.045 0.002 0.002 0.399 1 0.984 0.008 0.022 0.016 0.001 0.047 0.008 0.007 0.012 0.001 0.007 0.021 0.003 0.001 0.114 0.013 0.018 0.003 0.008 0.012 0.003 0.002 0.004 0.006 0.003 0.165 0.002 0.001 0 0.011 0.002 0.001 0.001 0.182 0.004 0.003 0.002 0.009 0.003 0.001 0.001 0.002 0.003 0.001 0.157 0.013 0.002 0.001
0.066 0.074 0.074 0.033 0.007 0.402 0.554 0.005 0.037 0.005 0.002 0.001 0.001 0.077 0.072 0.006 0.006 0.001 0.002 0.079 0.005 0.01 0.017 0.008 0.044 0.002 0.002 0.399 0.984 1 0.008 0.022 0.016 0.001 0.047 0.007 0.006 0.012 0.001 0.007 0.022 0.003 0.001 0.114 0.012 0.017 0.003 0.008 0.011 0.003 0.002 0.004 0.006 0.003 0.165 0.002 0.001 0 0.011 0.002 0.001 0.001 0.182 0.004 0.003 0.002 0.008 0.004 0.001 0.001 0.002 0.003 0.001 0.157 0.013 0.002 0.001
0.308 0.328 0.353 0.147 0.615 0.02 0.015 0.517 0.165 0.422 0.27 0.011 0.004 0.406 0.394 0.565 0.6 0.075 0.013 0.527 0.039 0.049 0.101 0.866 0.291 0.014 0.015 0.021 0.008 0.008 1 0.277 0.226 0.005 0.006 0.326 0.271 0.191 0.01 0.055 0.081 0.001 0.006 0 0.122 0.051 0.095 0 0 0.024 0.021 0.001 0.001 0.001 0.008 0.008 0.009 0.004 0 0.012 0.006 0.006 0.002 0 0.019 0.011 0 0.001 0.006 0.006 0.009 0 0.006 0.007 0.002 0.015 0.011
0.262 0.249 0.273 0.542 0.224 0.076 0.054 0.182 0.634 0.146 0.11 0.03 0.025 0.342 0.317 0.217 0.168 0.029 0.031 0.346 0.096 0.172 0.31 0.238 0.773 0.037 0.036 0.088 0.022 0.022 0.277 1 0.723 0.028 0.033 0.068 0.054 0.62 0.027 0.154 0.005 0.044 0.017 0.067 0 0.264 0.225 0.007 0.014 0.126 0.115 0.044 0.004 0.029 0.035 0.014 0.007 0 0.006 0.069 0.016 0.016 0.042 0.046 0.003 0.064 0.009 0.03 0.013 0.024 0.011 0.034 0 0.036 0.001 0.019 0.013
0.174 0.157 0.175 0.35 0.178 0.038 0.022 0.14 0.411 0.112 0.085 0.037 0.021 0.244 0.221 0.17 0.127 0.023 0.036 0.235 0.115 0.034 0.135 0.182 0.576 0.045 0.042 0.051 0.016 0.016 0.226 0.723 1 0.023 0.022 0.275 0.257 0.843 0.033 0.112 0.041 0.073 0.018 0.055 0.005 0.402 0.199 0.003 0.035 0.164 0.15 0.075 0.001 0.07 0.028 0.019 0.027 0 0.03 0.12 0.02 0.019 0.019 0.054 0.001 0.114 0.037 0.07 0.017 0.019 0.027 0.076 0.005 0.029 0 0.025 0.037
0.002 0.002 0.002 0.022 0.001 0 0.001 0 0.025 0 0 0.001 0.004 0.002 0.002 0.001 0.001 0 0.001 0.001 0.003 0.007 0.012 0.005 0.027 0 0.001 0 0.001 0.001 0.005 0.028 0.023 1 0 0.005 0.004 0.022 0.001 0.093 0.014 0.005 0.001 0.001 0.013 0.038 0.011 0 0.007 0.005 0.004 0.006 0 0.006 0.001 0.001 0.001 0 0.007 0.005 0.001 0 0.001 0.003 0.002 0.005 0.007 0.007 0.001 0.551 0.001 0.006 0.001 0.001 0 0.001 0.001
0.031 0.035 0.035 0.013 0.005 0.183 0.255 0.004 0.015 0.003 0.002 0.001 0 0.046 0.043 0.004 0.004 0 0.001 0.031 0.001 0.007 0.009 0.006 0.019 0.001 0.001 0.246 0.047 0.047 0.006 0.033 0.022 0 1 0.005 0.005 0.023 0.001 0.005 0.033 0.005 0.001 0.275 0.005 0.012 0.011 0.062 0.032 0.005 0.005 0.007 0.053 0 0.234 0.001 0.001 0.045 0.022 0 0.001 0.001 0.135 0.001 0.002 0 0.021 0.001 0.001 0.001 0.001 0 0.001 0.221 0.04 0.001 0.001
0.094 0.091 0.104 0.015 0.209 0.019 0.013 0.254 0.02 0.173 0.104 0.01 0.004 0.121 0.116 0.297 0.235 0.005 0.012 0.12 0.035 0.022 0 0.252 0.039 0.013 0.014 0.019 0.008 0.007 0.326 0.068 0.275 0.005 0.005 1 0.903 0.234 0.009 0.053 0.313 0.051 0.076 0.001 0.198 0.261 0.023 0.004 0.043 0.047 0.043 0.049 0.004 0.035 0.007 0.007 0.009 0.004 0.044 0.028 0.006 0.005 0.007 0.009 0.017 0.025 0.05 0.037 0.006 0.005 0.008 0.034 0.035 0.006 0.005 0.01 0.011
0.071 0.079 0.079 0.008 0.159 0.017 0.012 0.269 0.012 0.181 0.107 0.01 0.004 0.094 0.09 0.231 0.177 0.004 0.011 0.092 0.032 0.028 0.002 0.201 0.027 0.012 0.013 0.015 0.007 0.006 0.271 0.054 0.257 0.004 0.005 0.903 1 0.222 0.009 0.048 0.292 0.048 0.084 0.008 0.172 0.296 0.02 0.003 0.067 0.044 0.041 0.058 0.004 0.061 0.005 0.007 0.008 0.004 0.067 0.051 0.005 0.005 0.004 0.023 0.016 0.05 0.069 0.063 0.005 0.005 0.011 0.058 0.039 0.004 0.005 0.012 0.01
0.151 0.122 0.139 0.431 0.146 0.031 0.018 0.12 0.506 0.095 0.076 0.043 0.018 0.206 0.185 0.145 0.105 0.02 0.042 0.193 0.134 0.051 0.178 0.151 0.482 0.01 0.05 0.043 0.012 0.012 0.191 0.62 0.843 0.022 0.023 0.234 0.222 1 0.04 0.232 0.02 0.093 0.015 0.05 0 0.518 0.252 0.003 0.052 0.2 0.184 0.097 0.001 0.094 0.025 0.025 0.033 0.001 0.046 0.153 0.023 0.015 0.015 0.069 0.063 0.145 0.053 0.094 0.02 0.018 0.034 0.098 0.004 0.027 0 0.031 0.043
0.019 0.017 0.017 0.039 0.009 0.003 0.002 0.006 0.034 0.005 0.003 0.002 0.001 0.016 0.018 0.007 0.007 0.001 0.002 0.014 0.006 0.1 0.056 0.01 0.02 0.002 0.002 0.003 0.001 0.001 0.01 0.027 0.033 0.001 0.001 0.009 0.009 0.04 1 0.009 0.015 0.003 0.001 0.002 0.012 0.021 0.04 0.001 0.004 0.001 0.001 0.001 0.001 0.005 0.001 0.001 0.002 0.001 0.004 0.002 0.001 0.001 0.001 0 0.002 0.002 0.006 0.004 0.001 0.001 0.002 0.003 0.001 0.001 0.001 0.083 0.002
0.017 0.039 0.037 0.222 0.035 0.001 0.013 0.029 0.251 0.023 0.01 0.01 0.075 0.028 0.031 0.024 0.026 0.004 0.009 0.028 0.032 0.07 0.118 0.054 0.138 0.085 0.011 0.001 0.007 0.007 0.055 0.154 0.112 0.093 0.005 0.053 0.048 0.232 0.009 1 0.154 0.051 0.006 0.011 0.117 0.386 0.096 0.001 0.075 0.051 0.047 0.062 0 0.065 0.007 0.008 0.009 0.004 0.076 0.058 0.005 0.005 0.006 0.028 0.296 0.056 0.076 0.069 0.006 0.085 0.012 0.062 0.006 0.006 0 0.002 0.01
0.089 0.099 0.111 0 0.037 0.017 0.048 0.059 0.001 0.035 0.019 0.065 0.011 0.069 0.058 0.063 0.072 0.013 0.068 0.084 0.2 0.008 0.077 0.059 0.001 0.037 0.076 0.026 0.021 0.022 0.081 0.005 0.041 0.014 0.033 0.313 0.292 0.02 0.015 0.154 1 0.187 0.023 0.071 0.385 0.01 0.119 0 0.252 0.228 0.206 0.14 0.001 0.162 0.038 0.05 0.026 0.024 0.194 0.22 0.035 0.011 0.028 0.08 0.044 0.213 0.196 0.156 0.03 0.015 0.075 0.162 0.01 0.04 0.003 0.036 0.025
0.002 0.005 0.005 0.014 0 0.005 0.002 0.003 0.035 0.007 0.005 0.146 0.004 0.003 0.005 0 0.008 0.005 0.189 0 0.525 0.056 0.111 0.001 0.025 0.013 0.215 0.006 0.003 0.003 0.001 0.044 0.073 0.005 0.005 0.051 0.048 0.093 0.003 0.051 0.187 1 0.006 0.012 0.201 0.133 0.081 0.004 0.641 0.683 0.625 0.809 0.004 0.692 0.008 0.135 0.08 0.016 0.593 0.535 0.085 0.006 0.001 0.212 0.019 0.504 0.631 0.741 0.074 0.005 0.185 0.669 0.003 0.007 0.006 0.014 0.084
0.001 0.004 0.004 0.014 0.005 0.002 0.001 0.004 0.021 0.003 0.002 0.001 0 0.009 0.009 0.004 0.005 0 0.001 0.01 0 0.054 0.045 0.006 0.009 0.001 0.001 0.002 0.001 0.001 0.006 0.017 0.018 0.001 0.001 0.076 0.084 0.015 0.001 0.006 0.023 0.006 1 0.001 0.006 0.012 0.031 0 0.009 0.006 0.005 0.007 0 0.008 0.001 0.001 0.001 0 0.008 0.006 0.001 0.001 0.001 0.003 0.002 0.006 0.009 0.007 0.001 0.001 0.001 0.007 0.001 0.001 0.001 0.001 0.001
0.068 0.057 0.077 0.029 0.001 0.207 0.293 0.008 0.034 0.007 0.004 0.002 0.001 0.089 0.083 0.003 0.003 0.001 0.001 0.076 0.003 0.015 0.021 0 0.043 0.003 0.002 0.288 0.114 0.114 0 0.067 0.055 0.001 0.275 0.001 0.008 0.05 0.002 0.011 0.071 0.012 0.001 1 0 0.027 0.025 0.001 0.14 0.011 0.01 0.004 0.001 0.006 0.574 0.002 0.002 0.041 0.122 0.007 0.001 0.001 0.322 0.004 0.004 0.009 0.098 0.003 0.001 0.001 0 0.005 0.001 0.554 0.001 0.003 0.002
0.045 0.046 0.055 0.002 0.071 0.025 0.014 0.119 0.004 0.086 0.037 0.033 0.01 0.031 0.023 0.123 0.127 0.011 0.047 0.044 0.116 0.007 0.043 0.111 0 0.009 0.036 0.019 0.013 0.012 0.122 0 0.005 0.013 0.005 0.198 0.172 0 0.012 0.117 0.385 0.201 0.006 0 1 0.005 0.079 0.01 0.19 0.223 0.225 0.232 0.011 0.234 0.01 0.047 0.039 0.007 0.222 0.254 0.017 0.001 0.002 0.11 0.048 0.213 0.196 0.257 0.014 0.014 0.049 0.262 0.012 0.011 0.014 0.03 0.042
0.016 0.006 0.007 0.233 0.032 0.007 0.031 0.08 0.258 0.049 0.034 0.024 0.024 0.013 0.011 0.07 0.045 0.007 0.024 0.013 0.07 0.015 0.071 0.034 0.21 0.023 0.029 0.007 0.018 0.017 0.051 0.264 0.402 0.038 0.012 0.261 0.296 0.518 0.021 0.386 0.01 0.133 0.012 0.027 0.005 1 0.132 0.001 0.191 0.124 0.115 0.159 0.001 0.168 0.017 0.019 0.021 0.009 0.196 0.141 0.013 0.013 0.016 0.07 0.142 0.138 0.196 0.177 0.014 0.033 0.029 0.16 0.012 0.015 0.004 0.013 0.025
0.108 0.083 0.096 0.202 0.067 0.014 0.009 0.063 0.214 0.059 0.038 0.011 0.009 0.082 0.062 0.059 0.063 0.002 0.023 0.108 0.044 0.152 0.02 0.085 0.205 0.006 0.025 0.023 0.003 0.003 0.095 0.225 0.199 0.011 0.011 0.023 0.02 0.252 0.04 0.096 0.119 0.081 0.031 0.025 0.079 0.132 1 0.008 0.128 0.073 0.065 0.098 0.004 0.081 0.011 0.004 0 0.009 0.104 0.061 0.006 0.031 0.014 0.047 0.032 0.058 0.102 0.085 0.007 0.006 0.007 0.078 0.001 0.014 0 0.063 0.002
0.01 0.012 0.012 0.006 0 0.054 0.021 0.003 0.007 0.002 0.001 0.001 0.048 0.017 0.016 0.003 0.003 0.012 0.001 0.018 0.002 0 0.002 0 0.006 0.001 0.001 0.053 0.008 0.008 0 0.007 0.003 0 0.062 0.004 0.003 0.003 0.001 0.001 0 0.004 0 0.001 0.01 0.001 0.008 1 0.005 0.004 0.003 0.005 0.865 0.005 0 0.001 0.001 0 0.006 0.004 0 0 0 0.002 0.001 0.004 0.006 0.005 0 0 0.001 0.005 0 0 0.651 0.011 0.001
0.017 0.017 0.023 0.007 0.001 0.02 0.045 0.002 0.019 0 0.001 0.116 0.006 0.003 0.001 0 0.003 0.006 0.136 0.009 0.399 0.045 0.086 0 0.01 0.012 0.154 0.031 0.012 0.011 0 0.014 0.035 0.007 0.032 0.043 0.067 0.052 0.004 0.075 0.252 0.641 0.009 0.14 0.19 0.191 0.128 0.005 1 0.651 0.603 0.725 0.006 0.724 0.078 0.098 0.053 0.048 0.859 0.646 0.07 0.008 0.06 0.315 0.027 0.629 0.859 0.76 0.063 0.008 0.15 0.693 0.005 0.078 0.008 0.02 0.07
0.008 0.007 0.007 0.062 0.032 0.005 0.001 0.027 0.105 0.022 0.017 0.179 0.004 0.042 0.048 0.038 0.013 0.004 0.202 0.022 0.593 0.017 0.212 0.024 0.091 0.007 0.23 0.005 0.003 0.003 0.024 0.126 0.164 0.005 0.005 0.047 0.044 0.2 0.001 0.051 0.228 0.683 0.006 0.011 0.223 0.124 0.073 0.004 0.651 1 0.924 0.753 0.004 0.681 0.007 0.151 0.089 0.021 0.552 0.8 0.107 0.005 0 0.389 0.018 0.767 0.581 0.696 0.098 0.005 0.209 0.675 0.003 0.006 0.005 0.013 0.115
0.005 0.004 0.004 0.064 0.029 0.004 0.001 0.025 0.109 0.02 0.015 0.136 0.003 0.037 0.043 0.035 0.011 0.003 0.217 0.025 0.517 0.014 0.19 0.021 0.08 0.006 0.192 0.004 0.002 0.002 0.021 0.115 0.15 0.004 0.005 0.043 0.041 0.184 0.001 0.047 0.206 0.625 0.005 0.01 0.225 0.115 0.065 0.003 0.603 0.924 1 0.696 0.004 0.628 0.007 0.163 0.097 0.001 0.553 0.795 0.115 0.005 0 0.317 0.016 0.704 0.536 0.644 0.106 0.005 0.225 0.62 0.002 0.006 0.005 0.012 0.125
0.001 0.003 0.003 0.022 0 0.008 0.003 0.001 0.045 0.004 0.003 0.119 0.005 0.004 0.006 0 0.009 0.005 0.158 0 0.437 0.029 0.122 0.001 0.027 0.01 0.178 0.009 0.004 0.004 0.001 0.044 0.075 0.006 0.007 0.049 0.058 0.097 0.001 0.062 0.14 0.809 0.007 0.004 0.232 0.159 0.098 0.005 0.725 0.753 0.696 1 0.005 0.789 0.009 0.117 0.072 0.015 0.683 0.642 0.083 0.007 0.001 0.337 0.023 0.616 0.712 0.843 0.064 0.007 0.161 0.754 0.004 0.008 0.007 0.017 0.087
0.01 0.012 0.012 0.005 0 0.045 0.017 0.003 0.006 0.003 0.001 0.001 0.041 0.017 0.015 0.003 0.003 0.01 0.001 0.018 0.003 0 0.001 0 0.005 0.001 0.001 0.044 0.006 0.006 0.001 0.004 0.001 0 0.053 0.004 0.004 0.001 0.001 0 0.001 0.004 0 0.001 0.011 0.001 0.004 0.865 0.006 0.004 0.004 0.005 1 0.006 0.001 0.001 0.001 0 0.006 0.005 0 0 0.001 0.002 0.001 0.005 0.006 0.006 0 0 0.001 0.005 0 0 0.671 0.027 0.001
0.002 0.001 0.003 0.015 0 0.001 0 0 0.025 0 0 0.132 0.005 0.001 0.002 0.001 0.01 0.005 0.15 0.001 0.394 0.037 0.094 0.001 0.024 0.01 0.169 0.002 0.003 0.003 0.001 0.029 0.07 0.006 0 0.035 0.061 0.094 0.005 0.065 0.162 0.692 0.008 0.006 0.234 0.168 0.081 0.005 0.724 0.681 0.628 0.789 0.006 1 0.01 0.074 0.113 0.055 0.749 0.782 0.079 0.007 0.001 0.344 0.024 0.763 0.769 0.924 0.082 0.007 0.132 0.886 0.004 0.008 0.007 0.018 0.15
0.028 0.032 0.032 0.009 0.007 0.194 0.271 0.005 0.012 0.004 0.002 0.001 0.001 0.041 0.038 0.006 0.006 0.001 0.001 0.029 0.001 0.006 0.007 0.008 0.015 0.002 0.001 0.294 0.165 0.165 0.008 0.035 0.028 0.001 0.234 0.007 0.005 0.025 0.001 0.007 0.038 0.008 0.001 0.574 0.01 0.017 0.011 0 0.078 0.007 0.007 0.009 0.001 0.01 1 0.001 0.001 0.001 0.076 0.008 0.001 0.001 0.505 0.004 0.002 0.008 0.068 0.01 0.001 0.001 0.002 0.009 0.001 0.861 0.001 0.002 0.001
0.027 0.032 0.032 0.008 0.004 0 0 0.004 0.016 0.004 0.003 0.005 0.001 0.003 0.002 0.005 0.005 0.001 0.002 0.007 0.109 0.01 0.022 0.007 0.015 0.002 0.002 0 0.002 0.002 0.008 0.014 0.019 0.001 0.001 0.007 0.007 0.025 0.001 0.008 0.05 0.135 0.001 0.002 0.047 0.019 0.004 0.001 0.098 0.151 0.163 0.117 0.001 0.074 0.001 1 0.001 0.001 0.087 0.129 0.004 0.001 0.001 0 0.003 0.136 0.093 0.106 0 0.001 0.608 0.068 0.001 0.001 0.001 0.002 0.001
0.01 0.009 0.009 0.007 0.002 0.003 0.002 0.001 0.005 0.001 0.003 0.248 0.001 0.015 0.016 0.007 0.007 0 0 0.015 0.086 0.007 0.02 0.009 0.023 0.002 0 0.003 0.001 0.001 0.009 0.007 0.027 0.001 0.001 0.009 0.008 0.033 0.002 0.009 0.026 0.08 0.001 0.002 0.039 0.021 0 0.001 0.053 0.089 0.097 0.072 0.001 0.113 0.001 0.001 1 0.001 0.096 0.134 0.316 0.001 0.001 0.005 0.003 0.091 0.072 0.102 0.194 0.001 0 0.106 0.001 0.001 0.001 0.002 0.574
0.001 0 0 0.001 0.004 0.023 0.034 0.003 0 0.002 0.001 0.097 0 0.001 0.001 0.003 0.003 0 0.001 0.012 0.022 0.006 0.003 0.004 0 0.001 0.001 0.022 0 0 0.004 0 0 0 0.045 0.004 0.004 0.001 0.001 0.004 0.024 0.016 0 0.041 0.007 0.009 0.009 0 0.048 0.021 0.001 0.015 0 0.055 0.001 0.001 0.001 1 0.034 0.065 0 0 0 0.012 0.001 0.067 0.027 0.042 0 0 0.005 0.048 0 0 0 0.001 0.001
0.018 0.018 0.024 0.005 0 0.015 0.035 0 0.016 0 0.001 0.11 0.006 0.004 0.002 0 0.008 0.006 0.115 0.011 0.326 0.046 0.062 0 0.008 0.013 0.097 0.024 0.011 0.011 0 0.006 0.03 0.007 0.022 0.044 0.067 0.046 0.004 0.076 0.194 0.593 0.008 0.122 0.222 0.196 0.104 0.006 0.859 0.552 0.553 0.683 0.006 0.749 0.076 0.087 0.096 0.034 1 0.668 0.068 0.008 0.058 0.268 0.028 0.609 0.904 0.793 0.07 0.008 0.137 0.717 0.005 0.076 0.008 0.021 0.128
0.001 0.002 0.001 0.04 0.017 0 0 0.032 0.071 0.026 0.019 0.157 0.004 0.019 0.024 0.019 0.004 0.004 0.166 0.007 0.453 0.024 0.137 0.012 0.059 0.008 0.146 0.001 0.002 0.002 0.012 0.069 0.12 0.005 0 0.028 0.051 0.153 0.002 0.058 0.22 0.535 0.006 0.007 0.254 0.141 0.061 0.004 0.646 0.8 0.795 0.642 0.005 0.782 0.008 0.129 0.134 0.065 0.668 1 0.094 0.006 0.001 0.388 0.02 0.888 0.632 0.78 0.098 0.006 0.199 0.763 0.003 0.007 0.006 0.015 0.178
0.012 0.01 0.01 0.023 0.005 0.002 0.001 0.004 0.02 0.003 0.002 0.529 0 0.004 0.005 0.004 0.005 0 0.001 0.01 0.156 0.008 0.043 0.006 0.017 0.001 0.001 0.002 0.001 0.001 0.006 0.016 0.02 0.001 0.001 0.006 0.005 0.023 0.001 0.005 0.035 0.085 0.001 0.001 0.017 0.013 0.006 0 0.07 0.107 0.115 0.083 0 0.079 0.001 0.004 0.316 0 0.068 0.094 1 0.001 0.001 0.003 0.002 0.05 0.043 0.07 0.114 0.001 0.001 0.077 0.001 0.001 0.001 0.001 0.334
0.007 0.008 0.006 0.016 0.003 0.002 0.001 0.004 0.016 0.003 0.002 0.001 0 0.003 0.003 0.004 0.004 0 0.001 0.006 0.004 0 0 0.004 0.013 0.042 0.001 0.002 0.001 0.001 0.006 0.016 0.019 0 0.001 0.005 0.005 0.015 0.001 0.005 0.011 0.006 0.001 0.001 0.001 0.013 0.031 0 0.008 0.005 0.005 0.007 0 0.007 0.001 0.001 0.001 0 0.008 0.006 0.001 1 0.001 0.003 0.002 0.006 0.008 0.007 0.001 0.001 0.001 0.007 0.001 0.001 0.001 0.001 0.001
0.024 0.028 0.028 0.006 0.006 0.17 0.238 0.005 0.019 0.004 0.002 0.001 0 0.054 0.05 0.005 0.005 0.001 0.001 0.04 0.002 0.009 0.012 0.002 0.023 0.002 0.002 0.245 0.182 0.182 0.002 0.042 0.019 0.001 0.135 0.007 0.004 0.015 0.001 0.006 0.028 0.001 0.001 0.322 0.002 0.016 0.014 0 0.06 0 0 0.001 0.001 0.001 0.505 0.001 0.001 0 0.058 0.001 0.001 0.001 1 0 0.002 0.001 0.051 0.002 0.001 0.001 0.005 0.001 0.001 0.452 0.001 0.002 0.001
0.019 0.023 0.018 0.044 0.01 0.008 0.005 0.021 0.038 0.017 0.009 0 0.002 0.01 0.012 0.006 0.001 0.002 0.333 0 0.186 0.004 0.076 0 0.021 0.002 0.382 0.008 0.004 0.004 0 0.046 0.054 0.003 0.001 0.009 0.023 0.069 0 0.028 0.08 0.212 0.003 0.004 0.11 0.07 0.047 0.002 0.315 0.389 0.317 0.337 0.002 0.344 0.004 0 0.005 0.012 0.268 0.388 0.003 0.003 0 1 0.01 0.408 0.315 0.366 0.003 0.003 0 0.336 0.003 0.003 0.003 0.007 0
0.009 0.032 0.032 0.063 0.016 0.006 0.004 0.012 0.073 0.01 0.006 0.003 0.001 0.028 0.032 0.013 0.014 0.002 0.004 0.03 0.012 0.018 0.034 0.019 0.002 0.246 0.005 0.006 0.003 0.003 0.019 0.003 0.001 0.002 0.002 0.017 0.016 0.063 0.002 0.296 0.044 0.019 0.002 0.004 0.048 0.142 0.032 0.001 0.027 0.018 0.016 0.023 0.001 0.024 0.002 0.003 0.003 0.001 0.028 0.02 0.002 0.002 0.002 0.01 1 0.02 0.028 0.025 0.002 0.002 0.004 0.023 0.002 0.002 0.002 0.001 0.004
0.001 0.001 0 0.026 0.015 0 0 0.032 0.053 0.026 0.019 0.111 0.004 0.017 0.021 0.017 0.003 0.004 0.132 0.005 0.42 0.023 0.128 0.01 0.055 0.008 0.155 0 0.002 0.002 0.011 0.064 0.114 0.005 0 0.025 0.05 0.145 0.002 0.056 0.213 0.504 0.006 0.009 0.213 0.138 0.058 0.004 0.629 0.767 0.704 0.616 0.005 0.763 0.008 0.136 0.091 0.067 0.609 0.888 0.05 0.006 0.001 0.408 0.02 1 0.616 0.761 0.1 0.006 0.208 0.741 0.003 0.007 0.006 0.015 0.131
0.014 0.017 0.02 0.004 0 0.012 0.03 0 0.013 0 0.001 0.088 0.006 0.002 0.001 0 0.006 0.006 0.133 0.008 0.361 0.048 0.065 0 0.011 0.013 0.149 0.02 0.009 0.008 0 0.009 0.037 0.007 0.021 0.05 0.069 0.053 0.006 0.076 0.196 0.631 0.009 0.098 0.196 0.196 0.102 0.006 0.859 0.581 0.536 0.712 0.006 0.769 0.068 0.093 0.072 0.027 0.904 0.632 0.043 0.008 0.051 0.315 0.028 0.616 1 0.804 0.07 0.008 0.146 0.725 0.005 0.067 0.008 0.02 0.102
0.004 0.003 0.006 0.012 0.001 0.003 0 0 0.027 0.001 0.002 0.12 0.005 0.001 0.002 0.002 0.012 0.006 0.142 0.001 0.412 0.037 0.098 0.002 0.025 0.011 0.161 0.004 0.003 0.004 0.001 0.03 0.07 0.007 0.001 0.037 0.063 0.094 0.004 0.069 0.156 0.741 0.007 0.003 0.257 0.177 0.085 0.005 0.76 0.696 0.644 0.843 0.006 0.924 0.01 0.106 0.102 0.042 0.793 0.78 0.07 0.007 0.002 0.366 0.025 0.761 0.804 1 0.073 0.007 0.162 0.891 0.005 0.009 0.007 0.018 0.137
0 0 0 0.003 0.001 0.002 0.001 0 0.009 0 0.002 0.1 0 0.01 0.01 0.004 0.005 0 0 0.009 0.093 0.005 0.026 0.006 0.014 0.001 0 0.002 0.001 0.001 0.006 0.013 0.017 0.001 0.001 0.006 0.005 0.02 0.001 0.006 0.03 0.074 0.001 0.001 0.014 0.014 0.007 0 0.063 0.098 0.106 0.064 0 0.082 0.001 0 0.194 0 0.07 0.098 0.114 0.001 0.001 0.003 0.002 0.1 0.07 0.073 1 0.001 0.001 0.073 0.001 0.001 0.001 0.001 0.308
0.002 0.004 0.004 0.018 0.001 0.001 0.001 0.001 0.019 0 0 0.001 0 0.003 0.002 0.001 0.001 0 0.001 0.003 0.003 0.004 0.009 0.006 0.023 0 0.001 0.001 0.001 0.001 0.006 0.024 0.019 0.551 0.001 0.005 0.005 0.018 0.001 0.085 0.015 0.005 0.001 0.001 0.014 0.033 0.006 0 0.008 0.005 0.005 0.007 0 0.007 0.001 0.001 0.001 0 0.008 0.006 0.001 0.001 0.001 0.003 0.002 0.006 0.008 0.007 0.001 1 0.001 0.007 0.001 0.001 0.001 0.001 0.001
0.036 0.037 0.042 0.004 0.003 0.004 0.009 0.007 0.01 0.006 0.004 0.013 0.001 0 0.001 0.005 0.006 0.001 0.003 0.002 0.119 0.013 0.022 0.009 0.013 0.003 0.003 0.003 0.002 0.002 0.009 0.011 0.027 0.001 0.001 0.008 0.011 0.034 0.002 0.012 0.075 0.185 0.001 0 0.049 0.029 0.007 0.001 0.15 0.209 0.225 0.161 0.001 0.132 0.002 0.608 0 0.005 0.137 0.199 0.001 0.001 0.005 0 0.004 0.208 0.146 0.162 0.001 0.001 1 0.127 0 0.001 0.001 0.003 0.001
0 0 0.002 0.018 0 0.002 0 0.001 0.029 0 0 0.131 0.005 0.002 0.004 0 0.007 0.005 0.146 0 0.389 0.035 0.095 0 0.028 0.01 0.167 0.002 0.003 0.003 0 0.034 0.076 0.006 0 0.034 0.058 0.098 0.003 0.062 0.162 0.669 0.007 0.005 0.262 0.16 0.078 0.005 0.693 0.675 0.62 0.754 0.005 0.886 0.009 0.068 0.106 0.048 0.717 0.763 0.077 0.007 0.001 0.336 0.023 0.741 0.725 0.891 0.073 0.007 0.127 1 0.004 0.008 0.007 0.017 0.151
0.001 0.001 0.001 0 0.009 0.002 0.001 0.015 0 0 0.002 0 0 0.003 0.002 0.013 0.005 0.001 0.001 0.002 0.001 0 0 0.006 0 0.001 0.001 0.002 0.001 0.001 0.006 0 0.005 0.001 0.001 0.035 0.039 0.004 0.001 0.006 0.01 0.003 0.001 0.001 0.012 0.012 0.001 0 0.005 0.003 0.002 0.004 0 0.004 0.001 0.001 0.001 0 0.005 0.003 0.001 0.001 0.001 0.003 0.002 0.003 0.005 0.005 0.001 0.001 0 0.004 1 0.001 0.001 0.002 0.001
0.026 0.031 0.031 0.01 0.006 0.202 0.282 0.004 0.012 0.004 0.002 0.001 0 0.04 0.037 0.005 0.005 0.001 0 0.033 0.001 0.008 0.009 0.007 0.015 0.001 0.001 0.28 0.157 0.157 0.007 0.036 0.029 0.001 0.221 0.006 0.004 0.027 0.001 0.006 0.04 0.007 0.001 0.554 0.011 0.015 0.014 0 0.078 0.006 0.006 0.008 0 0.008 0.861 0.001 0.001 0 0.076 0.007 0.001 0.001 0.452 0.003 0.002 0.007 0.067 0.009 0.001 0.001 0.001 0.008 0.001 1 0.001 0.002 0.001
0.007 0.009 0.009 0.002 0 0.046 0.021 0.004 0.003 0.003 0.002 0.001 0.031 0.013 0.012 0.004 0.004 0.007 0.001 0.014 0.004 0.002 0 0 0.003 0.001 0.001 0.045 0.013 0.013 0.002 0.001 0 0 0.04 0.005 0.005 0 0.001 0 0.003 0.006 0.001 0.001 0.014 0.004 0 0.651 0.008 0.005 0.005 0.007 0.671 0.007 0.001 0.001 0.001 0 0.008 0.006 0.001 0.001 0.001 0.003 0.002 0.006 0.008 0.007 0.001 0.001 0.001 0.007 0.001 0.001 1 0.037 0.001
0.007 0.006 0.005 0.019 0.01 0.003 0 0.01 0.015 0.008 0.004 0.003 0.009 0.002 0.002 0.01 0.011 0.001 0.003 0.004 0.008 0.021 0.002 0.012 0.006 0.003 0.003 0.003 0.002 0.002 0.015 0.019 0.025 0.001 0.001 0.01 0.012 0.031 0.083 0.002 0.036 0.014 0.001 0.003 0.03 0.013 0.063 0.011 0.02 0.013 0.012 0.017 0.027 0.018 0.002 0.002 0.002 0.001 0.021 0.015 0.001 0.001 0.002 0.007 0.001 0.015 0.02 0.018 0.001 0.001 0.003 0.017 0.002 0.002 0.037 1 0.003
0.005 0.004 0.004 0.006 0.004 0.004 0.003 0.002 0.011 0.001 0.003 0.205 0.001 0.018 0.019 0.008 0.009 0 0 0.017 0.118 0.008 0.029 0.011 0.032 0.003 0 0.004 0.001 0.001 0.011 0.013 0.037 0.001 0.001 0.011 0.01 0.043 0.002 0.01 0.025 0.084 0.001 0.002 0.042 0.025 0.002 0.001 0.07 0.115 0.125 0.087 0.001 0.15 0.001 0.001 0.574 0.001 0.128 0.178 0.334 0.001 0.001 0 0.004 0.131 0.102 0.137 0.308 0.001 0.001 0.151 0.001 0.001 0.001 0.003 1
