1 0.836 0.868 0.43 0.377 0.167 0.133 0.262 0.277 0.238 0.115 0.015 0.029 0.54 0.558 0.254 0.234 0.056 0.034 0.605 0.001 0.139 0.105 0.389 0.304 0.012 0.029 0.154 0.057 0.054 0.319 0.233 0.128 0 0.043 0.05 0.036 0.111 0.029 0.017 0.075 0 0.009 0.074 0.014 0.002 0.05 0.007 0.016 0.004 0.003 0 0.01 0.001 0.019 0.044 0.01 0.002 0.015 0 0.007 0.005 0.033 0.014 0.013 0 0.007 0.001 0.001 0.001 0.032 0 0.006 0.02 0.017 0.008 0
0.836 1 0.946 0.381 0.386 0.198 0.158 0.311 0.228 0.282 0.136 0.012 0.035 0.598 0.565 0.26 0.239 0.066 0.029 0.652 0 0.129 0.085 0.399 0.268 0.021 0.024 0.183 0.067 0.064 0.343 0.208 0.108 0.001 0.051 0.05 0.049 0.084 0.024 0.049 0.096 0.001 0.013 0.052 0.019 0 0.037 0.009 0.019 0.001 0.001 0.001 0.013 0.001 0.024 0.053 0.008 0.001 0.017 0 0.006 0.008 0.04 0.014 0.029 0 0.009 0.002 0 0.005 0.027 0 0.004 0.024 0.023 0.005 0
0.868 0.946 1 0.4 0.432 0.19 0.151 0.299 0.246 0.27 0.13 0.013 0.033 0.629 0.594 0.292 0.269 0.063 0.03 0.693 0 0.13 0.09 0.446 0.287 0.022 0.025 0.176 0.065 0.062 0.378 0.221 0.116 0.001 0.049 0.065 0.047 0.091 0.025 0.052 0.106 0 0.014 0.085 0.024 0 0.039 0.009 0.025 0.002 0.001 0 0.012 0.004 0.023 0.051 0.008 0.001 0.023 0 0.007 0.004 0.038 0.011 0.031 0.001 0.014 0.004 0 0.006 0.039 0.001 0.004 0.023 0.021 0.006 0
0.43 0.381 0.4 1 0.215 0.057 0.041 0.134 0.756 0.121 0.058 0.029 0.015 0.248 0.272 0.155 0.138 0.03 0.066 0.293 0.021 0.313 0.325 0.203 0.619 0.001 0.051 0.051 0.029 0.026 0.145 0.551 0.33 0.024 0.011 0.002 0 0.388 0.057 0.231 0.003 0.027 0.032 0.035 0.017 0.17 0.168 0.005 0.006 0.05 0.052 0.028 0.007 0.015 0.006 0.02 0.008 0 0.004 0.03 0.014 0.014 0.004 0.044 0.046 0.021 0.007 0.015 0.001 0.034 0.003 0.024 0.002 0.008 0.003 0.013 0.003
0.377 0.386 0.432 0.215 1 0.02 0.016 0.462 0.227 0.466 0.198 0.007 0.004 0.504 0.459 0.533 0.516 0.124 0.015 0.534 0.035 0.076 0.124 0.767 0.249 0.011 0.01 0.02 0.007 0.008 0.651 0.202 0.145 0.001 0.006 0.155 0.118 0.123 0.013 0.031 0.025 0.008 0.008 0 0.025 0.019 0.014 0.003 0.007 0.031 0.029 0.008 0 0.003 0.007 0.006 0.005 0.004 0.006 0.018 0.003 0.002 0.005 0.01 0.013 0.017 0.007 0.004 0.006 0.003 0 0.004 0.001 0.004 0.001 0.008 0.007
0.167 0.198 0.19 0.057 0.02 1 0.799 0.012 0.096 0.011 0.005 0.002 0.175 0.191 0.181 0.01 0.014 0.003 0.006 0.201 0.014 0.021 0.043 0.021 0.096 0.004 0.007 0.928 0.341 0.34 0.021 0.068 0.028 0 0.262 0.022 0.02 0.021 0.005 0 0.012 0.009 0.003 0.262 0.034 0.016 0.011 0.067 0.021 0.009 0.01 0.012 0.058 0.001 0.154 0.003 0 0.031 0.016 0.001 0.001 0.001 0.204 0.003 0.007 0.001 0.007 0.002 0.001 0 0 0.001 0.002 0.138 0.109 0.002 0.001
0.133 0.158 0.151 0.041 0.016 0.799 1 0.009 0.077 0.009 0.004 0.002 0.001 0.153 0.145 0.007 0.011 0.002 0.005 0.159 0.011 0.016 0.033 0.016 0.075 0.003 0.005 0.727 0.427 0.426 0.017 0.047 0.016 0.001 0.33 0.018 0.016 0.011 0.004 0.014 0.031 0.006 0.002 0.333 0.025 0.043 0.005 0.061 0.038 0.005 0.006 0.008 0.053 0 0.196 0.002 0 0.04 0.03 0 0.001 0.001 0.247 0.001 0.006 0 0.016 0 0 0.001 0 0 0.002 0.174 0.112 0.001 0
0.262 0.311 0.299 0.134 0.462 0.012 0.009 1 0.122 0.905 0.437 0.004 0.002 0.293 0.278 0.833 0.742 0.004 0.009 0.325 0.019 0.045 0.067 0.495 0.149 0.007 0.004 0.012 0.004 0.005 0.475 0.137 0.095 0 0.004 0.264 0.268 0.087 0.008 0.024 0.07 0 0.004 0.006 0.085 0.084 0.039 0.003 0.003 0.019 0.018 0 0.004 0.002 0.004 0.004 0.002 0.003 0.003 0.023 0.002 0.004 0.003 0.009 0.006 0.023 0.003 0.002 0.003 0.001 0.007 0.002 0 0.002 0.005 0.008 0.003
0.277 0.228 0.246 0.756 0.227 0.096 0.077 0.122 1 0.108 0.066 0.025 0.017 0.311 0.324 0.144 0.128 0.034 0.042 0.344 0.111 0.268 0.446 0.201 0.716 0.003 0.031 0.089 0.033 0.03 0.153 0.657 0.402 0.027 0.023 0.003 0 0.471 0.05 0.263 0.015 0.071 0.029 0.041 0.031 0.198 0.169 0.015 0.03 0.117 0.123 0.078 0.017 0.043 0.007 0.027 0.006 0 0.027 0.074 0.012 0.014 0.017 0.039 0.055 0.066 0.032 0.052 0.009 0.038 0.01 0.045 0.001 0.01 0.011 0.005 0.018
0.238 0.282 0.27 0.121 0.466 0.011 0.009 0.905 0.108 1 0.482 0.003 0.002 0.265 0.251 0.751 0.677 0.004 0.008 0.293 0.017 0.04 0.059 0.441 0.133 0.006 0.003 0.01 0.004 0.004 0.423 0.12 0.083 0 0.003 0.221 0.222 0.076 0.007 0.021 0.057 0 0.004 0.006 0.068 0.069 0.048 0.003 0.002 0.017 0.016 0 0.003 0.001 0.004 0.004 0.002 0.002 0.001 0.02 0.002 0.004 0.003 0.007 0.005 0.02 0.002 0.001 0.002 0.001 0.006 0.001 0 0.002 0.004 0.007 0.003
0.115 0.136 0.13 0.058 0.198 0.005 0.004 0.437 0.066 0.482 1 0.002 0.001 0.132 0.125 0.365 0.367 0.002 0.004 0.145 0.01 0.019 0.025 0.19 0.059 0.003 0 0.005 0.002 0.002 0.186 0.063 0.041 0.001 0.002 0.078 0.071 0.04 0.003 0.006 0.018 0.002 0.002 0.003 0.032 0.023 0.03 0.001 0.001 0.006 0.006 0.003 0.002 0.001 0.002 0.002 0.002 0.001 0.001 0.007 0.001 0.002 0.001 0.001 0.005 0.007 0.001 0.001 0.002 0 0.003 0 0.001 0.001 0.002 0.004 0.002
0.015 0.012 0.013 0.029 0.007 0.002 0.002 0.004 0.025 0.003 0.002 1 0 0.012 0.012 0.004 0.005 0.001 0.002 0.003 0.108 0.009 0.024 0.007 0.022 0.001 0.002 0.002 0.001 0.001 0.006 0.02 0.027 0.001 0 0.007 0.007 0.03 0.002 0.007 0.036 0.072 0.001 0.001 0.014 0.018 0.001 0.001 0.05 0.073 0.066 0.059 0.001 0.056 0 0 0.236 0.087 0.05 0.064 0.16 0.001 0 0.001 0.002 0.053 0.046 0.053 0.022 0.001 0.025 0.059 0.001 0 0.001 0.002 0.04
0.029 0.035 0.033 0.015 0.004 0.175 0.001 0.002 0.017 0.002 0.001 0 1 0.033 0.032 0.002 0.002 0 0.001 0.037 0.002 0.005 0.009 0.004 0.019 0.001 0.001 0.178 0 0.001 0.004 0.02 0.015 0.007 0 0.004 0.004 0.013 0.001 0.061 0.012 0.003 0 0.001 0.009 0.02 0.008 0.006 0.005 0.003 0.003 0.004 0.005 0.004 0 0 0 0 0.005 0.004 0 0 0 0.002 0.001 0.004 0.005 0.004 0.001 0.002 0.001 0.004 0 0 0.004 0.001 0.001
0.54 0.598 0.629 0.248 0.504 0.191 0.153 0.293 0.311 0.265 0.132 0.012 0.033 1 0.908 0.348 0.323 0.066 0.006 0.797 0.042 0.102 0.163 0.483 0.343 0.014 0.005 0.183 0.065 0.073 0.386 0.27 0.188 0.001 0.054 0.092 0.072 0.166 0.026 0.032 0.062 0.014 0.014 0.09 0.008 0.004 0.034 0.016 0 0.039 0.038 0.018 0.021 0.004 0.026 0.014 0.011 0.001 0 0.016 0.006 0.002 0.043 0.005 0.027 0.016 0 0.006 0.012 0.006 0.001 0.004 0.001 0.027 0.031 0.003 0.014
0.558 0.565 0.594 0.272 0.459 0.181 0.145 0.278 0.324 0.251 0.125 0.012 0.032 0.908 1 0.33 0.305 0.063 0.007 0.756 0.045 0.106 0.17 0.46 0.359 0.009 0.006 0.173 0.062 0.07 0.369 0.286 0.203 0.002 0.053 0.089 0.069 0.187 0.027 0.017 0.049 0.02 0.011 0.087 0.004 0.009 0.036 0.015 0 0.049 0.047 0.024 0.019 0.008 0.025 0.013 0.011 0.001 0 0.023 0.006 0.001 0.042 0.007 0.027 0.022 0.002 0.01 0.013 0 0.004 0.007 0 0.027 0.029 0.004 0.014
0.254 0.26 0.292 0.155 0.533 0.01 0.007 0.833 0.144 0.751 0.365 0.004 0.002 0.348 0.33 1 0.864 0.005 0.01 0.385 0.026 0.051 0.083 0.496 0.18 0.008 0.005 0.01 0.002 0.002 0.477 0.169 0.12 0 0.002 0.273 0.213 0.109 0.009 0.013 0.067 0.003 0.005 0.002 0.08 0.077 0.03 0.001 0.001 0.027 0.025 0.002 0.001 0 0.005 0.005 0.005 0.003 0 0.012 0.002 0.004 0.004 0.003 0.007 0.012 0.001 0 0.006 0.001 0.001 0 0 0.003 0.002 0.009 0.006
0.234 0.239 0.269 0.138 0.516 0.014 0.011 0.742 0.128 0.677 0.367 0.005 0.002 0.323 0.305 0.864 1 0.005 0.011 0.395 0.026 0.053 0.086 0.528 0.185 0.008 0.005 0.014 0.005 0.005 0.508 0.161 0.113 0 0.004 0.277 0.218 0.101 0.009 0.014 0.071 0.001 0.005 0.002 0.079 0.077 0.031 0.004 0 0.021 0.02 0.001 0.004 0 0.005 0.005 0.005 0.003 0 0.009 0.002 0.005 0.004 0.001 0.008 0.009 0 0 0.006 0.001 0.001 0 0.004 0.003 0.005 0.01 0.007
0.056 0.066 0.063 0.03 0.124 0.003 0.002 0.004 0.034 0.004 0.002 0.001 0 0.066 0.063 0.005 0.005 1 0.002 0.074 0.005 0.01 0.018 0.127 0.038 0.001 0.002 0.003 0.001 0.001 0.115 0.036 0.027 0.001 0.001 0.007 0.007 0.024 0.002 0.007 0.023 0.007 0.001 0.001 0.01 0.018 0.003 0.001 0.01 0.007 0.007 0.008 0.001 0.009 0.001 0.001 0.001 0.001 0.009 0.008 0 0.001 0.001 0.004 0.003 0.005 0.01 0.009 0.001 0.001 0.001 0.008 0.001 0.001 0 0.002 0.001
0.034 0.029 0.03 0.066 0.015 0.006 0.005 0.009 0.042 0.008 0.004 0.002 0.001 0.006 0.007 0.01 0.011 0.002 1 0.027 0.4 0.021 0.107 0.015 0.051 0.003 0.852 0.006 0.002 0.002 0.016 0.047 0.062 0.002 0.002 0.017 0.015 0.07 0.003 0.014 0.078 0.277 0.002 0.003 0.075 0.04 0.016 0.002 0.191 0.271 0.284 0.238 0.002 0.22 0.002 0.002 0.006 0.001 0.147 0.231 0.001 0.002 0.002 0.42 0.006 0.215 0.194 0.21 0.005 0.002 0.003 0.235 0.001 0.001 0.002 0.004 0.004
0.605 0.652 0.693 0.293 0.534 0.201 0.159 0.325 0.344 0.293 0.145 0.003 0.037 0.797 0.756 0.385 0.395 0.074 0.027 1 0.05 0.124 0.199 0.577 0.428 0.02 0.018 0.194 0.072 0.07 0.471 0.324 0.196 0.001 0.052 0.084 0.063 0.165 0.02 0.028 0.052 0.016 0.013 0.092 0.005 0.003 0.031 0.019 0 0.043 0.045 0.019 0.024 0.005 0.024 0.013 0.013 0.004 0 0.02 0.006 0.004 0.04 0.008 0.027 0.021 0.001 0.008 0.015 0.005 0.001 0.005 0.004 0.026 0.036 0.003 0.016
0.001 0 0 0.021 0.035 0.014 0.011 0.019 0.111 0.017 0.01 0.108 0.002 0.042 0.045 0.026 0.026 0.005 0.4 0.05 1 0.046 0.253 0.039 0.127 0.008 0.392 0.014 0.005 0.005 0.039 0.116 0.153 0.004 0.002 0.042 0.039 0.174 0.008 0.038 0.184 0.612 0.004 0.005 0.159 0.102 0.026 0.004 0.459 0.645 0.626 0.556 0.004 0.474 0.002 0.157 0.038 0.009 0.381 0.505 0.087 0.005 0.002 0.232 0.014 0.511 0.472 0.518 0.099 0.006 0.122 0.442 0.004 0.001 0.005 0.004 0.118
0.139 0.129 0.13 0.313 0.076 0.021 0.016 0.045 0.268 0.04 0.019 0.009 0.005 0.102 0.106 0.051 0.053 0.01 0.021 0.124 0.046 1 0.415 0.078 0.219 0.012 0.021 0.028 0.01 0.011 0.039 0.182 0.024 0.008 0.009 0.048 0.056 0.037 0.14 0.075 0.002 0.052 0.095 0.015 0.001 0.001 0.071 0.002 0.051 0.025 0.022 0.031 0.002 0.038 0.001 0.011 0.004 0.006 0.041 0.028 0.005 0 0.008 0.007 0.007 0.029 0.042 0.032 0.005 0.011 0.014 0.031 0.019 0.006 0 0.04 0.003
0.105 0.085 0.09 0.325 0.124 0.043 0.033 0.067 0.446 0.059 0.025 0.024 0.009 0.163 0.17 0.083 0.086 0.018 0.107 0.199 0.253 0.415 1 0.144 0.428 0.024 0.124 0.052 0.018 0.02 0.094 0.37 0.16 0.015 0.013 0.003 0.006 0.204 0.045 0.14 0.115 0.188 0.053 0.024 0.111 0.061 0.006 0.006 0.126 0.258 0.261 0.202 0.007 0.153 0.003 0.038 0.008 0 0.111 0.189 0.023 0.003 0.011 0.127 0.024 0.189 0.124 0.162 0.027 0.021 0.022 0.153 0.007 0.007 0.003 0.007 0.041
0.389 0.399 0.446 0.203 0.767 0.021 0.016 0.495 0.201 0.441 0.19 0.007 0.004 0.483 0.46 0.496 0.528 0.127 0.015 0.577 0.039 0.078 0.144 1 0.283 0.011 0.018 0.02 0.007 0.008 0.836 0.22 0.154 0.006 0.007 0.214 0.171 0.137 0.013 0.054 0.034 0.014 0.008 0 0.039 0.021 0.018 0 0.012 0.046 0.043 0.014 0 0.007 0.007 0.008 0.008 0.004 0.011 0.029 0.003 0.002 0.005 0.011 0.014 0.028 0.012 0.009 0.009 0.008 0.004 0.008 0.001 0.004 0 0.008 0.01
0.304 0.268 0.287 0.619 0.249 0.096 0.075 0.149 0.716 0.133 0.059 0.022 0.019 0.343 0.359 0.18 0.185 0.038 0.051 0.428 0.127 0.219 0.428 0.283 1 0.038 0.06 0.101 0.037 0.034 0.229 0.797 0.544 0.029 0.027 0.013 0.007 0.469 0.023 0.172 0.009 0.093 0.025 0.046 0.033 0.174 0.124 0.01 0.04 0.146 0.141 0.095 0.012 0.067 0.009 0.026 0.016 0 0.038 0.099 0.011 0.012 0.02 0.054 0.005 0.098 0.051 0.077 0.019 0.042 0.015 0.071 0.001 0.012 0.007 0 0.031
0.012 0.021 0.022 0.001 0.011 0.004 0.003 0.007 0.003 0.006 0.003 0.001 0.001 0.014 0.009 0.008 0.008 0.001 0.003 0.02 0.008 0.012 0.024 0.011 0.038 1 0.004 0.004 0.001 0.002 0.012 0.036 0.047 0 0.001 0.012 0.011 0.005 0.003 0.047 0.036 0.011 0.001 0.002 0.022 0.008 0 0.001 0.013 0.009 0.008 0.01 0.001 0.011 0.001 0.002 0.002 0.001 0.013 0.01 0.001 0.133 0.001 0.004 0.154 0.01 0.013 0.012 0.002 0.001 0.002 0.011 0.001 0.001 0.002 0.003 0.002
0.029 0.024 0.025 0.051 0.01 0.007 0.005 0.004 0.031 0.003 0 0.002 0.001 0.005 0.006 0.005 0.005 0.002 0.852 0.018 0.392 0.021 0.124 0.018 0.06 0.004 1 0.007 0.002 0.003 0.019 0.055 0.073 0.002 0.002 0.02 0.018 0.083 0.004 0.017 0.086 0.312 0.003 0.004 0.074 0.048 0.018 0.002 0.214 0.305 0.288 0.267 0.002 0.247 0.002 0.002 0.004 0.001 0.141 0.234 0.001 0.002 0.002 0.487 0.007 0.232 0.218 0.235 0.003 0.003 0.004 0.264 0.002 0.001 0.003 0.004 0.003
0.154 0.183 0.176 0.051 0.02 0.928 0.727 0.012 0.089 0.01 0.005 0.002 0.178 0.183 0.173 0.01 0.014 0.003 0.006 0.194 0.014 0.028 0.052 0.02 0.101 0.004 0.007 1 0.347 0.346 0.021 0.072 0.034 0 0.295 0.022 0.019 0.026 0.005 0 0.017 0.009 0.003 0.301 0.03 0.016 0.015 0.062 0.027 0.008 0.009 0.011 0.054 0.002 0.19 0.003 0.003 0.031 0.017 0.001 0.001 0.001 0.241 0.003 0.007 0.001 0.008 0.003 0.003 0.001 0 0.002 0.002 0.169 0.111 0.002 0.003
0.057 0.067 0.065 0.029 0.007 0.341 0.427 0.004 0.033 0.004 0.002 0.001 0 0.065 0.062 0.002 0.005 0.001 0.002 0.072 0.005 0.01 0.018 0.007 0.037 0.001 0.002 0.347 1 0.888 0.007 0.008 0.004 0.001 0.012 0.008 0.007 0.003 0.002 0.006 0.006 0.005 0.001 0.116 0.015 0.019 0 0.005 0.008 0.007 0.006 0.007 0.004 0.007 0.109 0.001 0.001 0.001 0.002 0.008 0 0.001 0.138 0.004 0.003 0.008 0 0.007 0.001 0.001 0.001 0.007 0.001 0.033 0.075 0 0.001
0.054 0.064 0.062 0.026 0.008 0.34 0.426 0.005 0.03 0.004 0.002 0.001 0.001 0.073 0.07 0.002 0.005 0.001 0.002 0.07 0.005 0.011 0.02 0.008 0.034 0.002 0.003 0.346 0.888 1 0.008 0.008 0.007 0.001 0.026 0.005 0.004 0.005 0.002 0.007 0.01 0.006 0.001 0.134 0.017 0.016 0.001 0.004 0.009 0.008 0.007 0.007 0.004 0.004 0.095 0.001 0.001 0.002 0.003 0.005 0 0.001 0.122 0.001 0.003 0.005 0.001 0.005 0.001 0.001 0.002 0.004 0.001 0.029 0.065 0 0.001
0.319 0.343 0.378 0.145 0.651 0.021 0.017 0.475 0.153 0.423 0.186 0.006 0.004 0.386 0.369 0.477 0.508 0.115 0.016 0.471 0.039 0.039 0.094 0.836 0.229 0.012 0.019 0.021 0.007 0.008 1 0.273 0.207 0.006 0.007 0.299 0.25 0.186 0.014 0.056 0.058 0.014 0.008 0 0.063 0.04 0.031 0.003 0.012 0.046 0.044 0.014 0.003 0.008 0.007 0.008 0.008 0.004 0.011 0.03 0.004 0.007 0.006 0.011 0.014 0.029 0.012 0.009 0.009 0.008 0.004 0.008 0.001 0.004 0.005 0.014 0.01
0.233 0.208 0.221 0.551 0.202 0.068 0.047 0.137 0.657 0.12 0.063 0.02 0.02 0.27 0.286 0.169 0.161 0.036 0.047 0.324 0.116 0.182 0.37 0.22 0.797 0.036 0.055 0.072 0.008 0.008 0.273 1 0.691 0.03 0.037 0.038 0.028 0.608 0.043 0.186 0.001 0.096 0.025 0.061 0.013 0.24 0.174 0.011 0.035 0.15 0.145 0.097 0.007 0.062 0.017 0.025 0.008 0 0.029 0.092 0.01 0.019 0.031 0.059 0.006 0.092 0.041 0.071 0.012 0.044 0.013 0.066 0 0.023 0 0.005 0.021
0.128 0.108 0.116 0.33 0.145 0.028 0.016 0.095 0.402 0.083 0.041 0.027 0.015 0.188 0.203 0.12 0.113 0.027 0.062 0.196 0.153 0.024 0.16 0.154 0.544 0.047 0.073 0.034 0.004 0.007 0.207 0.691 1 0.023 0.022 0.258 0.24 0.86 0.056 0.126 0.017 0.157 0.031 0.047 0 0.43 0.17 0.004 0.082 0.217 0.207 0.159 0.002 0.123 0.012 0.032 0.02 0 0.075 0.156 0.014 0.025 0.01 0.079 0.001 0.156 0.094 0.135 0.023 0.033 0.033 0.127 0.015 0.017 0.003 0.003 0.037
0 0.001 0.001 0.024 0.001 0 0.001 0 0.027 0 0.001 0.001 0.007 0.001 0.002 0 0 0.001 0.002 0.001 0.004 0.008 0.015 0.006 0.029 0 0.002 0 0.001 0.001 0.006 0.03 0.023 1 0.001 0.006 0.006 0.021 0.001 0.097 0.019 0.005 0.001 0.001 0.014 0.037 0.012 0.03 0.008 0.005 0.005 0.006 0.027 0.007 0.001 0.001 0.001 0 0.008 0.006 0 0.001 0.001 0.003 0.002 0.006 0.008 0.007 0.001 0.65 0.001 0.006 0.001 0 0.001 0.001 0.001
0.043 0.051 0.049 0.011 0.006 0.262 0.33 0.004 0.023 0.003 0.002 0 0 0.054 0.053 0.002 0.004 0.001 0.002 0.052 0.002 0.009 0.013 0.007 0.027 0.001 0.002 0.295 0.012 0.026 0.007 0.037 0.022 0.001 1 0.007 0.007 0.025 0.002 0.007 0.035 0.006 0.001 0.223 0.011 0.018 0.014 0.152 0.021 0.004 0.006 0.007 0.136 0.001 0.104 0.001 0.001 0.102 0.022 0.001 0 0.001 0.065 0.001 0.002 0.001 0.013 0 0.001 0.001 0.001 0.001 0.001 0.164 0.104 0.002 0.001
0.05 0.05 0.065 0.002 0.155 0.022 0.018 0.264 0.003 0.221 0.078 0.007 0.004 0.092 0.089 0.273 0.277 0.007 0.017 0.084 0.042 0.048 0.003 0.214 0.013 0.012 0.02 0.022 0.008 0.005 0.299 0.038 0.258 0.006 0.007 1 0.924 0.225 0.014 0.062 0.29 0.055 0.122 0 0.175 0.274 0.026 0.006 0.054 0.057 0.051 0.06 0.007 0.042 0.007 0.008 0.007 0.005 0.047 0.037 0.004 0.007 0.006 0.017 0.015 0.038 0.051 0.044 0.008 0.009 0.004 0.039 0.028 0.004 0.009 0.002 0.009
0.036 0.049 0.047 0 0.118 0.02 0.016 0.268 0 0.222 0.071 0.007 0.004 0.072 0.069 0.213 0.218 0.007 0.015 0.063 0.039 0.056 0.006 0.171 0.007 0.011 0.018 0.019 0.007 0.004 0.25 0.028 0.24 0.006 0.007 0.924 1 0.211 0.013 0.058 0.271 0.053 0.132 0.01 0.153 0.302 0.021 0.006 0.076 0.054 0.049 0.06 0.006 0.065 0.006 0.008 0.007 0.004 0.069 0.058 0.003 0.007 0.005 0.028 0.014 0.059 0.073 0.067 0.008 0.008 0.012 0.061 0.031 0.003 0.008 0.002 0.009
0.111 0.084 0.091 0.388 0.123 0.021 0.011 0.087 0.471 0.076 0.04 0.03 0.013 0.166 0.187 0.109 0.101 0.024 0.07 0.165 0.174 0.037 0.204 0.137 0.469 0.005 0.083 0.026 0.003 0.005 0.186 0.608 0.86 0.021 0.025 0.225 0.211 1 0.063 0.218 0.006 0.179 0.027 0.041 0.004 0.514 0.21 0.005 0.102 0.25 0.239 0.183 0.003 0.145 0.009 0.036 0.023 0.001 0.094 0.186 0.016 0.017 0.008 0.094 0.044 0.186 0.116 0.159 0.028 0.031 0.039 0.149 0.012 0.015 0.002 0.004 0.043
0.029 0.024 0.025 0.057 0.013 0.005 0.004 0.008 0.05 0.007 0.003 0.002 0.001 0.026 0.027 0.009 0.009 0.002 0.003 0.02 0.008 0.14 0.045 0.013 0.023 0.003 0.004 0.005 0.002 0.002 0.014 0.043 0.056 0.001 0.002 0.014 0.013 0.063 1 0.013 0.023 0.002 0.002 0.003 0.011 0.027 0.035 0.001 0.003 0.001 0.001 0.001 0.001 0.004 0.001 0.002 0.002 0.001 0.003 0.001 0.001 0.002 0.001 0 0.001 0.002 0.006 0.003 0.002 0.002 0.003 0.002 0.001 0.001 0.002 0.036 0.002
0.017 0.049 0.052 0.231 0.031 0 0.014 0.024 0.263 0.021 0.006 0.007 0.061 0.032 0.017 0.013 0.014 0.007 0.014 0.028 0.038 0.075 0.14 0.054 0.172 0.047 0.017 0 0.006 0.007 0.056 0.186 0.126 0.097 0.007 0.062 0.058 0.218 0.013 1 0.195 0.05 0.008 0.011 0.117 0.358 0.096 0.001 0.074 0.056 0.054 0.059 0 0.064 0.006 0.008 0.008 0.004 0.071 0.063 0.004 0.007 0.005 0.03 0.233 0.064 0.073 0.067 0.009 0.14 0.012 0.06 0.005 0.004 0.004 0 0.01
0.075 0.096 0.106 0.003 0.025 0.012 0.031 0.07 0.015 0.057 0.018 0.036 0.012 0.062 0.049 0.067 0.071 0.023 0.078 0.052 0.184 0.002 0.115 0.034 0.009 0.036 0.086 0.017 0.006 0.01 0.058 0.001 0.017 0.019 0.035 0.29 0.271 0.006 0.023 0.195 1 0.208 0.04 0.058 0.395 0.004 0.072 0 0.254 0.224 0.21 0.163 0 0.181 0.016 0.041 0.014 0.023 0.206 0.218 0.018 0.012 0.028 0.105 0.04 0.217 0.209 0.178 0.019 0.027 0.06 0.179 0.004 0.022 0.002 0.018 0.023
0 0.001 0 0.027 0.008 0.009 0.006 0 0.071 0 0.002 0.072 0.003 0.014 0.02 0.003 0.001 0.007 0.277 0.016 0.612 0.052 0.188 0.014 0.093 0.011 0.312 0.009 0.005 0.006 0.014 0.096 0.157 0.005 0.006 0.055 0.053 0.179 0.002 0.05 0.208 1 0.007 0.01 0.277 0.147 0.04 0.005 0.686 0.796 0.757 0.854 0.006 0.736 0.007 0.109 0.04 0.017 0.599 0.665 0.063 0.006 0 0.319 0.02 0.642 0.667 0.75 0.092 0.008 0.138 0.719 0.005 0.004 0.008 0.013 0.106
0.009 0.013 0.014 0.032 0.008 0.003 0.002 0.004 0.029 0.004 0.002 0.001 0 0.014 0.011 0.005 0.005 0.001 0.002 0.013 0.004 0.095 0.053 0.008 0.025 0.001 0.003 0.003 0.001 0.001 0.008 0.025 0.031 0.001 0.001 0.122 0.132 0.027 0.002 0.008 0.04 0.007 1 0.002 0.017 0.033 0.017 0.001 0.011 0.007 0.007 0.009 0.001 0.009 0.001 0.001 0.001 0.001 0.009 0.008 0 0.001 0.001 0.004 0.003 0.008 0.011 0.009 0.001 0.001 0.002 0.009 0 0.001 0.001 0.009 0.001
0.074 0.052 0.085 0.035 0 0.262 0.333 0.006 0.041 0.006 0.003 0.001 0.001 0.09 0.087 0.002 0.002 0.001 0.003 0.092 0.005 0.015 0.024 0 0.046 0.002 0.004 0.301 0.116 0.134 0 0.061 0.047 0.001 0.223 0 0.01 0.041 0.003 0.011 0.058 0.01 0.002 1 0.003 0.03 0.023 0.001 0.14 0.008 0.01 0.01 0.001 0.007 0.406 0.001 0.001 0.067 0.109 0.009 0.001 0.001 0.316 0.005 0.004 0.009 0.074 0.005 0.002 0.002 0.002 0.008 0.001 0.371 0.002 0.003 0.002
0.014 0.019 0.024 0.017 0.025 0.034 0.025 0.085 0.031 0.068 0.032 0.014 0.009 0.008 0.004 0.08 0.079 0.01 0.075 0.005 0.159 0.001 0.111 0.039 0.033 0.022 0.074 0.03 0.015 0.017 0.063 0.013 0 0.014 0.011 0.175 0.153 0.004 0.011 0.117 0.395 0.277 0.017 0.003 1 0.001 0.043 0.014 0.222 0.259 0.264 0.272 0.015 0.26 0.011 0.037 0.009 0.004 0.218 0.275 0.012 0.01 0.001 0.119 0.05 0.24 0.22 0.27 0.028 0.02 0.055 0.275 0.008 0.007 0.019 0.015 0.045
0.002 0 0 0.17 0.019 0.016 0.043 0.084 0.198 0.069 0.023 0.018 0.02 0.004 0.009 0.077 0.077 0.018 0.04 0.003 0.102 0.001 0.061 0.021 0.174 0.008 0.048 0.016 0.019 0.016 0.04 0.24 0.43 0.037 0.018 0.274 0.302 0.514 0.027 0.358 0.004 0.147 0.033 0.03 0.001 1 0.143 0.002 0.213 0.148 0.141 0.17 0.002 0.183 0.019 0.021 0.021 0.012 0.202 0.164 0.009 0.018 0.014 0.078 0.133 0.167 0.208 0.192 0.024 0.053 0.032 0.172 0.024 0.011 0.016 0.001 0.026
0.05 0.037 0.039 0.168 0.014 0.011 0.005 0.039 0.169 0.048 0.03 0.001 0.008 0.034 0.036 0.03 0.031 0.003 0.016 0.031 0.026 0.071 0.006 0.018 0.124 0 0.018 0.015 0 0.001 0.031 0.174 0.17 0.012 0.014 0.026 0.021 0.21 0.035 0.096 0.072 0.04 0.017 0.023 0.043 0.143 1 0.012 0.077 0.039 0.035 0.051 0.008 0.049 0.003 0 0 0.01 0.074 0.039 0.007 0.039 0.012 0.022 0.028 0.04 0.059 0.047 0.006 0.017 0.009 0.051 0.005 0.009 0.001 0.021 0.006
0.007 0.009 0.009 0.005 0.003 0.067 0.061 0.003 0.015 0.003 0.001 0.001 0.006 0.016 0.015 0.001 0.004 0.001 0.002 0.019 0.004 0.002 0.006 0 0.01 0.001 0.002 0.062 0.005 0.004 0.003 0.011 0.004 0.03 0.152 0.006 0.006 0.005 0.001 0.001 0 0.005 0.001 0.001 0.014 0.002 0.012 1 0.008 0.005 0.005 0.006 0.9 0.007 0.001 0.001 0.001 0 0.007 0.006 0 0.001 0.001 0.003 0.002 0.006 0.008 0.007 0.001 0.019 0.001 0.006 0.001 0 0.452 0.011 0.001
0.016 0.019 0.025 0.006 0.007 0.021 0.038 0.003 0.03 0.002 0.001 0.05 0.005 0 0 0.001 0 0.01 0.191 0 0.459 0.051 0.126 0.012 0.04 0.013 0.214 0.027 0.008 0.009 0.012 0.035 0.082 0.008 0.021 0.054 0.076 0.102 0.003 0.074 0.254 0.686 0.011 0.14 0.222 0.213 0.077 0.008 1 0.697 0.66 0.75 0.009 0.779 0.05 0.099 0.024 0.056 0.863 0.698 0.044 0.009 0.068 0.365 0.028 0.7 0.865 0.791 0.061 0.011 0.15 0.755 0.007 0.052 0.011 0.019 0.085
0.004 0.001 0.002 0.05 0.031 0.009 0.005 0.019 0.117 0.017 0.006 0.073 0.003 0.039 0.049 0.027 0.021 0.007 0.271 0.043 0.645 0.025 0.258 0.046 0.146 0.009 0.305 0.008 0.007 0.008 0.046 0.15 0.217 0.005 0.004 0.057 0.054 0.25 0.001 0.056 0.224 0.796 0.007 0.008 0.259 0.148 0.039 0.005 0.697 1 0.941 0.851 0.006 0.726 0.005 0.143 0.039 0.017 0.612 0.801 0.063 0.006 0 0.416 0.02 0.805 0.664 0.755 0.092 0.008 0.174 0.715 0.005 0.002 0.008 0.013 0.126
0.003 0.001 0.001 0.052 0.029 0.01 0.006 0.018 0.123 0.016 0.006 0.066 0.003 0.038 0.047 0.025 0.02 0.007 0.284 0.045 0.626 0.022 0.261 0.043 0.141 0.008 0.288 0.009 0.006 0.007 0.044 0.145 0.207 0.005 0.006 0.051 0.049 0.239 0.001 0.054 0.21 0.757 0.007 0.01 0.264 0.141 0.035 0.005 0.66 0.941 1 0.824 0.006 0.701 0.006 0.149 0.044 0.004 0.612 0.807 0.066 0.006 0 0.396 0.019 0.778 0.634 0.731 0.1 0.008 0.184 0.689 0.005 0.004 0.007 0.013 0.136
0 0.001 0 0.028 0.008 0.012 0.008 0 0.078 0 0.003 0.059 0.004 0.018 0.024 0.002 0.001 0.008 0.238 0.019 0.556 0.031 0.202 0.014 0.095 0.01 0.267 0.011 0.007 0.007 0.014 0.097 0.159 0.006 0.007 0.06 0.06 0.183 0.001 0.059 0.163 0.854 0.009 0.01 0.272 0.17 0.051 0.006 0.75 0.851 0.824 1 0.007 0.833 0.008 0.123 0.051 0.015 0.7 0.731 0.055 0.007 0 0.37 0.023 0.734 0.752 0.86 0.101 0.009 0.151 0.774 0.006 0.004 0.009 0.016 0.111
0.01 0.013 0.012 0.007 0 0.058 0.053 0.004 0.017 0.003 0.002 0.001 0.005 0.021 0.019 0.001 0.004 0.001 0.002 0.024 0.004 0.002 0.007 0 0.012 0.001 0.002 0.054 0.004 0.004 0.003 0.007 0.002 0.027 0.136 0.007 0.006 0.003 0.001 0 0 0.006 0.001 0.001 0.015 0.002 0.008 0.9 0.009 0.006 0.006 0.007 1 0.007 0.001 0.001 0.001 0 0.008 0.007 0 0.001 0.001 0.003 0.002 0.007 0.008 0.008 0.001 0.017 0.001 0.007 0.001 0 0.527 0.026 0.001
0.001 0.001 0.004 0.015 0.003 0.001 0 0.002 0.043 0.001 0.001 0.056 0.004 0.004 0.008 0 0 0.009 0.22 0.005 0.474 0.038 0.153 0.007 0.067 0.011 0.247 0.002 0.007 0.004 0.008 0.062 0.123 0.007 0.001 0.042 0.065 0.145 0.004 0.064 0.181 0.736 0.009 0.007 0.26 0.183 0.049 0.007 0.779 0.726 0.701 0.833 0.007 1 0.008 0.076 0.074 0.065 0.775 0.83 0.051 0.008 0 0.384 0.025 0.832 0.818 0.935 0.13 0.01 0.133 0.909 0.006 0.005 0.009 0.017 0.142
0.019 0.024 0.023 0.006 0.007 0.154 0.196 0.004 0.007 0.004 0.002 0 0 0.026 0.025 0.005 0.005 0.001 0.002 0.024 0.002 0.001 0.003 0.007 0.009 0.001 0.002 0.19 0.109 0.095 0.007 0.017 0.012 0.001 0.104 0.007 0.006 0.009 0.001 0.006 0.016 0.007 0.001 0.406 0.011 0.019 0.003 0.001 0.05 0.005 0.006 0.008 0.001 0.008 1 0.001 0.001 0.001 0.052 0.007 0 0.001 0.508 0.004 0.002 0.007 0.037 0.009 0.001 0.001 0.001 0.008 0.001 0.591 0.001 0.002 0.001
0.044 0.053 0.051 0.02 0.006 0.003 0.002 0.004 0.027 0.004 0.002 0 0 0.014 0.013 0.005 0.005 0.001 0.002 0.013 0.157 0.011 0.038 0.008 0.026 0.002 0.002 0.003 0.001 0.001 0.008 0.025 0.032 0.001 0.001 0.008 0.008 0.036 0.002 0.008 0.041 0.109 0.001 0.001 0.037 0.021 0 0.001 0.099 0.143 0.149 0.123 0.001 0.076 0.001 1 0 0.001 0.099 0.102 0 0.001 0.001 0.002 0.003 0.126 0.092 0.109 0 0.001 0.344 0.039 0.001 0.001 0.001 0.002 0
0.01 0.008 0.008 0.008 0.005 0 0 0.002 0.006 0.002 0.002 0.236 0 0.011 0.011 0.005 0.005 0.001 0.006 0.013 0.038 0.004 0.008 0.008 0.016 0.002 0.004 0.003 0.001 0.001 0.008 0.008 0.02 0.001 0.001 0.007 0.007 0.023 0.002 0.008 0.014 0.04 0.001 0.001 0.009 0.021 0 0.001 0.024 0.039 0.044 0.051 0.001 0.074 0.001 0 1 0.001 0.066 0.083 0.111 0.001 0.001 0.004 0.003 0.073 0.059 0.07 0.343 0.001 0 0.058 0.001 0.001 0.001 0.002 0.306
0.002 0.001 0.001 0 0.004 0.031 0.04 0.003 0 0.002 0.001 0.087 0 0.001 0.001 0.003 0.003 0.001 0.001 0.004 0.009 0.006 0 0.004 0 0.001 0.001 0.031 0.001 0.002 0.004 0 0 0 0.102 0.005 0.004 0.001 0.001 0.004 0.023 0.017 0.001 0.067 0.004 0.012 0.01 0 0.056 0.017 0.004 0.015 0 0.065 0.001 0.001 0.001 1 0.056 0.072 0 0.001 0 0.006 0.001 0.071 0.033 0.054 0.001 0.001 0.003 0.065 0 0 0.001 0.001 0.001
0.015 0.017 0.023 0.004 0.006 0.016 0.03 0.003 0.027 0.001 0.001 0.05 0.005 0 0 0 0 0.009 0.147 0 0.381 0.041 0.111 0.011 0.038 0.013 0.141 0.017 0.002 0.003 0.011 0.029 0.075 0.008 0.022 0.047 0.069 0.094 0.003 0.071 0.206 0.599 0.009 0.109 0.218 0.202 0.074 0.007 0.863 0.612 0.612 0.7 0.008 0.775 0.052 0.099 0.066 0.056 1 0.722 0.046 0.009 0.07 0.292 0.027 0.712 0.875 0.799 0.118 0.011 0.152 0.731 0.007 0.054 0.011 0.019 0.128
0 0 0 0.03 0.018 0.001 0 0.023 0.074 0.02 0.007 0.064 0.004 0.016 0.023 0.012 0.009 0.008 0.231 0.02 0.505 0.028 0.189 0.029 0.099 0.01 0.234 0.001 0.008 0.005 0.03 0.092 0.156 0.006 0.001 0.037 0.058 0.186 0.001 0.063 0.218 0.665 0.008 0.009 0.275 0.164 0.039 0.006 0.698 0.801 0.807 0.731 0.007 0.83 0.007 0.102 0.083 0.072 0.722 1 0.057 0.007 0 0.431 0.022 0.92 0.721 0.847 0.145 0.009 0.167 0.818 0.006 0.004 0.009 0.015 0.157
0.007 0.006 0.007 0.014 0.003 0.001 0.001 0.002 0.012 0.002 0.001 0.16 0 0.006 0.006 0.002 0.002 0 0.001 0.006 0.087 0.005 0.023 0.003 0.011 0.001 0.001 0.001 0 0 0.004 0.01 0.014 0 0 0.004 0.003 0.016 0.001 0.004 0.018 0.063 0 0.001 0.012 0.009 0.007 0 0.044 0.063 0.066 0.055 0 0.051 0 0 0.111 0 0.046 0.057 1 0 0 0.002 0.001 0.045 0.039 0.049 0.197 0 0 0.054 0 0 0 0.001 0.23
0.005 0.008 0.004 0.014 0.002 0.001 0.001 0.004 0.014 0.004 0.002 0.001 0 0.002 0.001 0.004 0.005 0.001 0.002 0.004 0.005 0 0.003 0.002 0.012 0.133 0.002 0.001 0.001 0.001 0.007 0.019 0.025 0.001 0.001 0.007 0.007 0.017 0.002 0.007 0.012 0.006 0.001 0.001 0.01 0.018 0.039 0.001 0.009 0.006 0.006 0.007 0.001 0.008 0.001 0.001 0.001 0.001 0.009 0.007 0 1 0.001 0.003 0.002 0.007 0.009 0.008 0.001 0.001 0.001 0.008 0.001 0 0.001 0.002 0.001
0.033 0.04 0.038 0.004 0.005 0.204 0.247 0.003 0.017 0.003 0.001 0 0 0.043 0.042 0.004 0.004 0.001 0.002 0.04 0.002 0.008 0.011 0.005 0.02 0.001 0.002 0.241 0.138 0.122 0.006 0.031 0.01 0.001 0.065 0.006 0.005 0.008 0.001 0.005 0.028 0 0.001 0.316 0.001 0.014 0.012 0.001 0.068 0 0 0 0.001 0 0.508 0.001 0.001 0 0.07 0 0 0.001 1 0.003 0.002 0 0.052 0 0.001 0.001 0.01 0 0.001 0.379 0.001 0.001 0.001
0.014 0.014 0.011 0.044 0.01 0.003 0.001 0.009 0.039 0.007 0.001 0.001 0.002 0.005 0.007 0.003 0.001 0.004 0.42 0.008 0.232 0.007 0.127 0.011 0.054 0.004 0.487 0.003 0.004 0.001 0.011 0.059 0.079 0.003 0.001 0.017 0.028 0.094 0 0.03 0.105 0.319 0.004 0.005 0.119 0.078 0.022 0.003 0.365 0.416 0.396 0.37 0.003 0.384 0.004 0.002 0.004 0.006 0.292 0.431 0.002 0.003 0.003 1 0.011 0.424 0.376 0.409 0.004 0.004 0 0.403 0.003 0.002 0.004 0.007 0.001
0.013 0.029 0.031 0.046 0.013 0.007 0.006 0.006 0.055 0.005 0.005 0.002 0.001 0.027 0.027 0.007 0.008 0.003 0.006 0.027 0.014 0.007 0.024 0.014 0.005 0.154 0.007 0.007 0.003 0.003 0.014 0.006 0.001 0.002 0.002 0.015 0.014 0.044 0.001 0.233 0.04 0.02 0.003 0.004 0.05 0.133 0.028 0.002 0.028 0.02 0.019 0.023 0.002 0.025 0.002 0.003 0.003 0.001 0.027 0.022 0.001 0.002 0.002 0.011 1 0.022 0.028 0.026 0.003 0.003 0.004 0.023 0.002 0.001 0.003 0 0.003
0 0 0.001 0.021 0.017 0.001 0 0.023 0.066 0.02 0.007 0.053 0.004 0.016 0.022 0.012 0.009 0.005 0.215 0.021 0.511 0.029 0.189 0.028 0.098 0.01 0.232 0.001 0.008 0.005 0.029 0.092 0.156 0.006 0.001 0.038 0.059 0.186 0.002 0.064 0.217 0.642 0.008 0.009 0.24 0.167 0.04 0.006 0.7 0.805 0.778 0.734 0.007 0.832 0.007 0.126 0.073 0.071 0.712 0.92 0.045 0.007 0 0.424 0.022 1 0.723 0.849 0.143 0.009 0.19 0.794 0.006 0.004 0.009 0.015 0.144
0.007 0.009 0.014 0.007 0.007 0.007 0.016 0.003 0.032 0.002 0.001 0.046 0.005 0 0.002 0.001 0 0.01 0.194 0.001 0.472 0.042 0.124 0.012 0.051 0.013 0.218 0.008 0 0.001 0.012 0.041 0.094 0.008 0.013 0.051 0.073 0.116 0.006 0.073 0.209 0.667 0.011 0.074 0.22 0.208 0.059 0.008 0.865 0.664 0.634 0.752 0.008 0.818 0.037 0.092 0.059 0.033 0.875 0.721 0.039 0.009 0.052 0.376 0.028 0.723 1 0.848 0.115 0.011 0.153 0.755 0.007 0.036 0.011 0.012 0.119
0.001 0.002 0.004 0.015 0.004 0.002 0 0.002 0.052 0.001 0.001 0.053 0.004 0.006 0.01 0 0 0.009 0.21 0.008 0.518 0.032 0.162 0.009 0.077 0.012 0.235 0.003 0.007 0.005 0.009 0.071 0.135 0.007 0 0.044 0.067 0.159 0.003 0.067 0.178 0.75 0.009 0.005 0.27 0.192 0.047 0.007 0.791 0.755 0.731 0.86 0.008 0.935 0.009 0.109 0.07 0.054 0.799 0.847 0.049 0.008 0 0.409 0.026 0.849 0.848 1 0.124 0.01 0.165 0.884 0.007 0.005 0.01 0.011 0.135
0.001 0 0 0.001 0.006 0.001 0 0.003 0.009 0.002 0.002 0.022 0.001 0.012 0.013 0.006 0.006 0.001 0.005 0.015 0.099 0.005 0.027 0.009 0.019 0.002 0.003 0.003 0.001 0.001 0.009 0.012 0.023 0.001 0.001 0.008 0.008 0.028 0.002 0.009 0.019 0.092 0.001 0.002 0.028 0.024 0.006 0.001 0.061 0.092 0.1 0.101 0.001 0.13 0.001 0 0.343 0.001 0.118 0.145 0.197 0.001 0.001 0.004 0.003 0.143 0.115 0.124 1 0.001 0.002 0.112 0.001 0.001 0.001 0.002 0.631
0.001 0.005 0.006 0.034 0.003 0 0.001 0.001 0.038 0.001 0 0.001 0.002 0.006 0 0.001 0.001 0.001 0.002 0.005 0.006 0.011 0.021 0.008 0.042 0.001 0.003 0.001 0.001 0.001 0.008 0.044 0.033 0.65 0.001 0.009 0.008 0.031 0.002 0.14 0.027 0.008 0.001 0.002 0.02 0.053 0.017 0.019 0.011 0.008 0.008 0.009 0.017 0.01 0.001 0.001 0.001 0.001 0.011 0.009 0 0.001 0.001 0.004 0.003 0.009 0.011 0.01 0.001 1 0.002 0.009 0.001 0.001 0.001 0.002 0.001
0.032 0.027 0.039 0.003 0 0 0 0.007 0.01 0.006 0.003 0.025 0.001 0.001 0.004 0.001 0.001 0.001 0.003 0.001 0.122 0.014 0.022 0.004 0.015 0.002 0.004 0 0.001 0.002 0.004 0.013 0.033 0.001 0.001 0.004 0.012 0.039 0.003 0.012 0.06 0.138 0.002 0.002 0.055 0.032 0.009 0.001 0.15 0.174 0.184 0.151 0.001 0.133 0.001 0.344 0 0.003 0.152 0.167 0 0.001 0.01 0 0.004 0.19 0.153 0.165 0.002 0.002 1 0.114 0.001 0.001 0.002 0.003 0
0 0 0.001 0.024 0.004 0.001 0 0.002 0.045 0.001 0 0.059 0.004 0.004 0.007 0 0 0.008 0.235 0.005 0.442 0.031 0.153 0.008 0.071 0.011 0.264 0.002 0.007 0.004 0.008 0.066 0.127 0.006 0.001 0.039 0.061 0.149 0.002 0.06 0.179 0.719 0.009 0.008 0.275 0.172 0.051 0.006 0.755 0.715 0.689 0.774 0.007 0.909 0.008 0.039 0.058 0.065 0.731 0.818 0.054 0.008 0 0.403 0.023 0.794 0.755 0.884 0.112 0.009 0.114 1 0.006 0.005 0.009 0.016 0.151
0.006 0.004 0.004 0.002 0.001 0.002 0.002 0 0.001 0 0.001 0.001 0 0.001 0 0 0.004 0.001 0.001 0.004 0.004 0.019 0.007 0.001 0.001 0.001 0.002 0.002 0.001 0.001 0.001 0 0.015 0.001 0.001 0.028 0.031 0.012 0.001 0.005 0.004 0.005 0 0.001 0.008 0.024 0.005 0.001 0.007 0.005 0.005 0.006 0.001 0.006 0.001 0.001 0.001 0 0.007 0.006 0 0.001 0.001 0.003 0.002 0.006 0.007 0.007 0.001 0.001 0.001 0.006 1 0 0.001 0.001 0.001
0.02 0.024 0.023 0.008 0.004 0.138 0.174 0.002 0.01 0.002 0.001 0 0 0.027 0.027 0.003 0.003 0.001 0.001 0.026 0.001 0.006 0.007 0.004 0.012 0.001 0.001 0.169 0.033 0.029 0.004 0.023 0.017 0 0.164 0.004 0.003 0.015 0.001 0.004 0.022 0.004 0.001 0.371 0.007 0.011 0.009 0 0.052 0.002 0.004 0.004 0 0.005 0.591 0.001 0.001 0 0.054 0.004 0 0 0.379 0.002 0.001 0.004 0.036 0.005 0.001 0.001 0.001 0.005 0 1 0.001 0.001 0.001
0.017 0.023 0.021 0.003 0.001 0.109 0.112 0.005 0.011 0.004 0.002 0.001 0.004 0.031 0.029 0.002 0.005 0 0.002 0.036 0.005 0 0.003 0 0.007 0.002 0.003 0.111 0.075 0.065 0.005 0 0.003 0.001 0.104 0.009 0.008 0.002 0.002 0.004 0.002 0.008 0.001 0.002 0.019 0.016 0.001 0.452 0.011 0.008 0.007 0.009 0.527 0.009 0.001 0.001 0.001 0.001 0.011 0.009 0 0.001 0.001 0.004 0.003 0.009 0.011 0.01 0.001 0.001 0.002 0.009 0.001 0.001 1 0.056 0.001
0.008 0.005 0.006 0.013 0.008 0.002 0.001 0.008 0.005 0.007 0.004 0.002 0.001 0.003 0.004 0.009 0.01 0.002 0.004 0.003 0.004 0.04 0.007 0.008 0 0.003 0.004 0.002 0 0 0.014 0.005 0.003 0.001 0.002 0.002 0.002 0.004 0.036 0 0.018 0.013 0.009 0.003 0.015 0.001 0.021 0.011 0.019 0.013 0.013 0.016 0.026 0.017 0.002 0.002 0.002 0.001 0.019 0.015 0.001 0.002 0.001 0.007 0 0.015 0.012 0.011 0.002 0.002 0.003 0.016 0.001 0.001 0.056 1 0.002
0 0 0 0.003 0.007 0.001 0 0.003 0.018 0.003 0.002 0.04 0.001 0.014 0.014 0.006 0.007 0.001 0.004 0.016 0.118 0.003 0.041 0.01 0.031 0.002 0.003 0.003 0.001 0.001 0.01 0.021 0.037 0.001 0.001 0.009 0.009 0.043 0.002 0.01 0.023 0.106 0.001 0.002 0.045 0.026 0.006 0.001 0.085 0.126 0.136 0.111 0.001 0.142 0.001 0 0.306 0.001 0.128 0.157 0.23 0.001 0.001 0.001 0.003 0.144 0.119 0.135 0.631 0.001 0 0.151 0.001 0.001 0.001 0.002 1
