1 0.844 0.9 0.45 0.394 0.206 0.13 0.261 0.309 0.229 0.125 0.021 0.065 0.574 0.564 0.275 0.229 0.046 0.036 0.575 0.004 0.115 0.111 0.296 0.282 0.009 0.04 0.169 0.044 0.035 0.265 0.261 0.161 0 0.032 0.073 0.046 0.134 0.019 0.014 0.083 0.002 0.013 0.095 0.032 0.007 0.051 0.006 0.02 0.007 0.006 0.002 0.004 0.008 0.012 0.044 0.006 0.019 0.021 0.001 0.008 0.006 0.008 0.012 0.032 0.006 0.01 0.007 0 0 0.029 0.002 0.002 0.011 0.003 0.001 0.001
0.844 1 0.922 0.406 0.367 0.236 0.149 0.299 0.265 0.263 0.144 0.019 0.075 0.605 0.59 0.242 0.204 0.053 0.031 0.581 0.001 0.113 0.098 0.275 0.258 0.023 0.035 0.191 0.05 0.041 0.252 0.239 0.147 0 0.037 0.062 0.062 0.11 0.016 0.028 0.087 0 0.014 0.054 0.033 0.003 0.034 0.008 0.016 0.003 0.002 0 0.006 0.005 0.015 0.051 0.004 0.023 0.016 0 0.007 0.007 0.01 0.02 0.043 0.003 0.011 0.004 0 0 0.024 0 0.001 0.013 0.005 0.001 0
0.9 0.922 1 0.446 0.438 0.228 0.143 0.289 0.3 0.253 0.139 0.019 0.072 0.645 0.628 0.305 0.258 0.051 0.033 0.645 0.002 0.117 0.103 0.333 0.296 0.024 0.036 0.184 0.049 0.04 0.301 0.271 0.171 0 0.036 0.088 0.057 0.131 0.017 0.029 0.107 0 0.014 0.106 0.047 0.002 0.042 0.008 0.029 0.004 0.003 0.001 0.005 0.014 0.014 0.049 0.005 0.022 0.03 0.004 0.007 0.005 0.01 0.009 0.045 0.011 0.017 0.012 0 0 0.034 0.004 0.002 0.012 0.005 0.001 0.001
0.45 0.406 0.446 1 0.213 0.097 0.058 0.133 0.819 0.119 0.064 0.042 0.033 0.314 0.321 0.152 0.113 0.024 0.071 0.309 0.032 0.275 0.329 0.163 0.571 0.006 0.065 0.074 0.022 0.016 0.13 0.549 0.361 0.024 0.013 0.009 0.003 0.431 0.041 0.231 0 0.031 0.032 0.044 0.005 0.199 0.179 0.008 0.002 0.048 0.051 0.039 0.005 0.006 0.003 0.021 0.017 0.006 0.002 0.018 0.015 0.014 0.011 0.03 0.047 0.006 0.006 0.008 0.001 0.023 0.007 0.014 0.005 0.003 0.002 0.005 0.007
0.394 0.367 0.438 0.213 1 0.024 0.015 0.578 0.244 0.518 0.273 0.009 0.008 0.458 0.447 0.666 0.597 0.11 0.015 0.465 0.028 0.065 0.115 0.742 0.25 0.011 0.017 0.023 0.005 0.006 0.689 0.233 0.182 0.001 0.004 0.279 0.197 0.155 0.011 0.038 0.058 0.015 0.007 0.006 0.086 0.034 0.038 0 0.002 0.033 0.032 0.012 0.001 0.001 0.004 0.004 0.001 0.006 0.002 0.014 0.003 0.002 0.005 0.005 0.02 0.008 0.004 0.001 0 0.002 0.002 0 0 0.004 0.002 0.01 0.001
0.206 0.236 0.228 0.097 0.024 1 0.629 0.015 0.115 0.013 0.007 0.004 0.316 0.232 0.224 0.017 0.019 0.003 0.007 0.227 0.018 0.018 0.044 0.027 0.094 0.006 0.008 0.83 0.213 0.191 0.028 0.081 0.044 0.009 0.143 0.028 0.024 0.03 0.001 0.002 0.006 0.007 0.004 0.192 0.023 0.008 0.009 0.033 0.023 0.008 0.007 0.011 0.027 0.003 0.074 0.002 0.001 0.128 0.018 0.004 0.002 0.002 0.061 0.002 0.011 0.005 0.011 0 0 0.005 0.001 0 0.002 0.076 0.033 0.013 0.001
0.13 0.149 0.143 0.058 0.015 0.629 1 0.009 0.075 0.008 0.004 0.003 0.002 0.149 0.144 0.011 0.012 0.002 0.005 0.142 0.012 0.009 0.024 0.017 0.061 0.004 0.005 0.533 0.339 0.307 0.018 0.048 0.02 0.002 0.229 0.017 0.015 0.012 0.004 0.017 0.029 0.01 0.002 0.322 0.006 0.041 0.002 0.003 0.045 0.011 0.01 0.013 0.002 0.007 0.123 0.001 0 0.209 0.035 0.009 0.001 0.001 0.103 0.004 0.007 0.01 0.022 0.002 0 0.002 0 0 0.001 0.124 0.009 0.002 0
0.261 0.299 0.289 0.133 0.578 0.015 0.009 1 0.15 0.881 0.48 0.006 0.005 0.28 0.27 0.762 0.615 0.003 0.009 0.286 0.015 0.04 0.066 0.473 0.154 0.007 0.01 0.014 0.003 0.004 0.448 0.144 0.11 0 0.002 0.294 0.329 0.098 0.006 0.026 0.082 0.004 0.004 0.009 0.14 0.105 0.044 0.003 0.007 0.02 0.02 0.002 0.003 0.006 0.003 0.004 0 0.004 0.006 0.027 0.002 0.002 0.003 0.019 0.012 0.026 0.006 0.005 0.001 0 0.007 0.003 0 0.002 0.004 0.006 0
0.309 0.265 0.3 0.819 0.244 0.115 0.075 0.15 1 0.134 0.072 0.037 0.038 0.376 0.383 0.171 0.132 0.027 0.047 0.368 0.109 0.24 0.43 0.19 0.672 0.01 0.042 0.094 0.025 0.018 0.158 0.644 0.441 0.027 0.018 0.018 0.008 0.524 0.035 0.257 0.002 0.077 0.03 0.051 0.012 0.241 0.216 0.013 0.019 0.113 0.118 0.092 0.009 0.028 0.004 0.02 0.014 0.008 0.02 0.052 0.013 0.01 0.016 0.02 0.056 0.034 0.027 0.035 0.004 0.027 0.016 0.031 0.004 0.004 0.004 0.002 0.011
0.229 0.263 0.253 0.119 0.518 0.013 0.008 0.881 0.134 1 0.536 0.005 0.004 0.243 0.234 0.661 0.563 0.003 0.008 0.248 0.012 0.036 0.058 0.41 0.136 0.006 0.009 0.013 0.003 0.003 0.387 0.126 0.096 0 0.002 0.239 0.269 0.086 0.006 0.021 0.065 0.003 0.004 0.008 0.116 0.086 0.047 0.002 0.005 0.017 0.017 0.001 0.003 0.004 0.002 0.004 0 0.003 0.004 0.023 0.002 0.002 0.003 0.017 0.009 0.022 0.004 0.003 0.001 0 0.006 0.002 0.002 0.002 0.004 0.006 0
0.125 0.144 0.139 0.064 0.273 0.007 0.004 0.48 0.072 0.536 1 0.003 0.002 0.147 0.142 0.379 0.365 0.002 0.005 0.149 0.011 0.019 0.038 0.233 0.082 0.003 0.005 0.007 0.002 0.002 0.225 0.084 0.065 0.001 0.001 0.131 0.143 0.06 0.003 0.009 0.032 0.004 0.002 0.004 0.056 0.053 0.033 0.001 0.002 0.014 0.014 0 0.001 0.002 0.001 0.002 0.003 0.002 0.002 0.017 0.001 0.001 0.001 0.009 0.007 0.017 0.002 0.002 0.001 0 0.003 0.001 0.001 0.001 0.002 0.003 0.002
0.021 0.019 0.019 0.042 0.009 0.004 0.003 0.006 0.037 0.005 0.003 1 0.001 0.011 0.011 0.006 0.007 0.001 0.003 0.016 0.184 0.012 0.048 0.01 0.028 0.002 0.003 0.004 0.001 0.001 0.003 0.027 0.035 0.001 0 0.008 0.007 0.039 0.002 0.01 0.054 0.114 0.001 0.002 0.034 0.021 0 0.001 0.08 0.13 0.115 0.108 0.001 0.093 0.001 0 0.372 0.024 0.067 0.1 0.341 0.001 0.001 0 0.004 0.044 0.085 0.085 0.041 0.001 0.026 0.078 0.001 0 0.001 0.002 0.172
0.065 0.075 0.072 0.033 0.008 0.316 0.002 0.005 0.038 0.004 0.002 0.001 1 0.076 0.074 0.005 0.006 0.001 0.002 0.078 0.006 0.01 0.02 0.009 0.031 0.002 0.003 0.267 0.001 0.001 0.009 0.032 0.024 0.047 0.001 0.009 0.008 0.021 0.001 0.062 0.009 0 0.001 0.002 0.021 0.017 0.009 0.052 0.001 0 0 0 0.044 0.001 0.001 0.001 0.001 0.001 0.001 0 0 0.001 0.001 0.001 0.003 0 0.001 0.001 0.001 0.034 0.002 0 0.001 0.001 0.03 0.016 0.001
0.574 0.605 0.645 0.314 0.458 0.232 0.149 0.28 0.376 0.243 0.147 0.011 0.076 1 0.945 0.35 0.298 0.055 0.02 0.82 0.055 0.099 0.19 0.442 0.381 0.022 0.023 0.196 0.051 0.06 0.375 0.348 0.26 0.001 0.039 0.12 0.083 0.212 0.015 0.025 0.058 0.034 0.008 0.114 0.016 0.006 0.049 0.026 0.001 0.054 0.056 0.033 0.02 0 0.016 0.011 0.011 0.033 0.002 0.007 0.005 0.004 0.037 0.001 0.037 0.003 0 0.001 0.005 0 0.005 0.002 0.001 0.014 0.016 0 0.01
0.564 0.59 0.628 0.321 0.447 0.224 0.144 0.27 0.383 0.234 0.142 0.011 0.074 0.945 1 0.338 0.287 0.053 0.021 0.79 0.057 0.098 0.192 0.427 0.371 0.019 0.024 0.189 0.05 0.058 0.362 0.339 0.258 0 0.038 0.119 0.083 0.214 0.016 0.022 0.056 0.035 0.005 0.11 0.015 0.007 0.046 0.025 0.001 0.055 0.057 0.034 0.019 0.001 0.015 0.008 0.012 0.031 0.001 0.007 0.005 0.004 0.037 0.001 0.041 0.003 0 0.001 0.005 0 0.005 0.002 0.001 0.014 0.016 0 0.01
0.275 0.242 0.305 0.152 0.666 0.017 0.011 0.762 0.171 0.661 0.379 0.006 0.005 0.35 0.338 1 0.773 0.004 0.011 0.358 0.026 0.046 0.09 0.549 0.197 0.008 0.012 0.016 0.004 0.004 0.522 0.187 0.145 0 0.003 0.363 0.25 0.13 0.008 0.022 0.091 0.012 0.005 0.015 0.152 0.076 0.043 0.003 0 0.034 0.033 0.008 0.003 0 0.003 0.005 0.006 0.004 0 0.01 0.002 0.003 0.003 0.001 0.014 0.005 0.001 0 0.003 0.001 0.002 0.001 0 0.003 0.004 0.007 0.005
0.229 0.204 0.258 0.113 0.597 0.019 0.012 0.615 0.132 0.563 0.365 0.007 0.006 0.298 0.287 0.773 1 0.004 0.012 0.411 0.03 0.053 0.104 0.64 0.227 0.009 0.014 0.019 0.004 0.005 0.609 0.187 0.143 0.001 0.003 0.391 0.285 0.127 0.009 0.028 0.109 0.007 0.006 0.011 0.166 0.077 0.048 0.003 0 0.024 0.022 0.005 0.004 0 0.004 0.005 0.007 0.005 0 0.006 0.003 0.003 0.004 0 0.016 0.002 0 0 0.004 0.001 0.002 0.002 0.003 0.003 0.005 0.008 0.006
0.046 0.053 0.051 0.024 0.11 0.003 0.002 0.003 0.027 0.003 0.002 0.001 0.001 0.055 0.053 0.004 0.004 1 0.002 0.057 0.004 0.007 0.014 0.098 0.031 0.001 0.002 0.003 0.001 0.001 0.095 0.032 0.026 0.001 0 0.006 0.006 0.019 0.001 0.006 0.015 0.005 0.001 0.002 0.015 0.015 0 0.009 0.008 0.005 0.005 0.006 0.007 0.007 0 0.001 0 0.001 0.008 0.007 0 0 0.001 0.003 0.002 0.006 0.008 0.008 0 0.001 0.001 0.007 0 0 0.005 0.001 0.001
0.036 0.031 0.033 0.071 0.015 0.007 0.005 0.009 0.047 0.008 0.005 0.003 0.002 0.02 0.021 0.011 0.012 0.002 1 0.03 0.406 0.02 0.118 0.017 0.054 0.004 0.897 0.007 0.002 0.002 0.018 0.053 0.06 0.002 0.001 0.018 0.015 0.074 0.004 0.017 0.091 0.333 0.002 0.004 0.081 0.042 0.011 0.001 0.201 0.304 0.325 0.269 0.001 0.232 0.001 0.002 0 0.002 0.151 0.251 0.001 0.001 0.001 0.459 0.007 0.212 0.218 0.225 0 0.002 0.001 0.238 0.001 0.001 0.002 0.003 0.001
0.575 0.581 0.645 0.309 0.465 0.227 0.142 0.286 0.368 0.248 0.149 0.016 0.078 0.82 0.79 0.358 0.411 0.057 0.03 1 0.07 0.115 0.231 0.577 0.475 0.023 0.031 0.196 0.053 0.044 0.499 0.402 0.28 0.001 0.034 0.135 0.096 0.229 0.014 0.026 0.068 0.028 0.014 0.112 0.029 0.011 0.066 0.027 0.001 0.052 0.049 0.031 0.02 0 0.013 0.013 0.015 0.025 0.001 0.007 0.006 0.005 0.033 0 0.041 0.003 0 0.002 0.009 0 0.006 0.002 0.001 0.014 0.017 0 0.014
0.004 0.001 0.002 0.032 0.028 0.018 0.012 0.015 0.109 0.012 0.011 0.184 0.006 0.055 0.057 0.026 0.03 0.004 0.406 0.07 1 0.049 0.29 0.043 0.128 0.009 0.438 0.018 0.004 0.005 0.033 0.12 0.145 0.004 0.003 0.041 0.035 0.17 0.009 0.038 0.212 0.701 0.005 0.011 0.174 0.092 0.007 0.003 0.466 0.725 0.698 0.623 0.004 0.516 0.003 0.132 0.091 0.001 0.377 0.537 0.085 0.003 0.003 0.257 0.017 0.459 0.493 0.518 0.043 0.005 0.15 0.452 0.003 0.003 0.005 0.007 0.086
0.115 0.113 0.117 0.275 0.065 0.018 0.009 0.04 0.24 0.036 0.019 0.012 0.01 0.099 0.098 0.046 0.053 0.007 0.02 0.115 0.049 1 0.448 0.075 0.21 0.015 0.021 0.031 0.007 0.008 0.057 0.189 0.054 0.007 0.005 0.014 0.017 0.068 0.121 0.072 0.018 0.05 0.101 0.019 0.026 0.021 0.138 0.001 0.062 0.031 0.028 0.026 0 0.053 0.004 0.009 0.003 0.008 0.043 0.038 0.004 0.001 0.006 0.024 0.011 0.036 0.057 0.041 0 0.005 0.012 0.037 0.015 0.005 0.002 0.026 0.001
0.111 0.098 0.103 0.329 0.115 0.044 0.024 0.066 0.43 0.058 0.038 0.048 0.02 0.19 0.192 0.09 0.104 0.014 0.118 0.231 0.29 0.448 1 0.147 0.42 0.03 0.131 0.06 0.013 0.016 0.112 0.384 0.219 0.014 0.01 0.001 0 0.265 0.054 0.137 0.059 0.193 0.053 0.037 0.035 0.115 0.058 0.005 0.091 0.241 0.235 0.209 0.002 0.119 0.009 0.035 0.031 0.002 0.083 0.149 0.025 0.004 0.012 0.066 0.034 0.123 0.104 0.136 0.023 0.013 0.036 0.118 0.005 0.01 0 0.005 0.037
0.296 0.275 0.333 0.163 0.742 0.027 0.017 0.473 0.19 0.41 0.233 0.01 0.009 0.442 0.427 0.549 0.64 0.098 0.017 0.577 0.043 0.075 0.147 1 0.295 0.013 0.019 0.026 0.006 0.007 0.886 0.248 0.189 0.006 0.004 0.304 0.226 0.162 0.013 0.061 0.061 0.017 0.008 0.004 0.098 0.028 0.051 0.003 0.005 0.038 0.036 0.015 0.002 0.003 0.005 0.007 0.008 0.007 0.003 0.018 0.004 0.002 0.001 0 0.023 0.011 0.006 0.003 0.005 0.008 0.005 0.001 0 0.004 0 0.011 0.008
0.282 0.258 0.296 0.571 0.25 0.094 0.061 0.154 0.672 0.136 0.082 0.028 0.031 0.381 0.371 0.197 0.227 0.031 0.054 0.475 0.128 0.21 0.42 0.295 1 0.041 0.06 0.106 0.029 0.022 0.279 0.839 0.636 0.03 0.021 0.046 0.029 0.532 0.039 0.144 0 0.081 0.024 0.06 0.001 0.204 0.182 0.003 0.017 0.118 0.113 0.085 0.002 0.03 0.006 0.023 0.026 0.01 0.016 0.051 0.011 0.01 0.019 0.016 0.003 0.038 0.028 0.037 0.016 0.03 0.017 0.034 0.003 0.005 0 0.001 0.025
0.009 0.023 0.024 0.006 0.011 0.006 0.004 0.007 0.01 0.006 0.003 0.002 0.002 0.022 0.019 0.008 0.009 0.001 0.004 0.023 0.009 0.015 0.03 0.013 0.041 1 0.004 0.004 0.001 0.001 0.013 0.038 0.047 0.001 0.001 0.013 0.012 0.007 0.003 0.074 0.035 0.011 0.001 0.003 0.016 0.02 0.003 0.001 0.012 0.006 0.006 0.008 0.001 0.01 0.001 0.001 0.002 0.001 0.011 0.008 0.001 0.046 0.001 0.003 0.168 0.008 0.011 0.01 0.001 0.001 0.003 0.008 0.001 0.001 0.001 0.002 0.002
0.04 0.035 0.036 0.065 0.017 0.008 0.005 0.01 0.042 0.009 0.005 0.003 0.003 0.023 0.024 0.012 0.014 0.002 0.897 0.031 0.438 0.021 0.131 0.019 0.06 0.004 1 0.008 0.002 0.002 0.02 0.059 0.067 0.002 0.001 0.02 0.017 0.082 0.004 0.019 0.097 0.361 0.003 0.005 0.076 0.046 0.012 0.001 0.217 0.331 0.318 0.291 0.002 0.251 0.002 0.002 0 0.002 0.143 0.244 0.001 0.001 0.002 0.501 0.008 0.228 0.236 0.243 0 0.002 0.001 0.26 0.001 0.001 0.002 0.003 0.001
0.169 0.191 0.184 0.074 0.023 0.83 0.533 0.014 0.094 0.013 0.007 0.004 0.267 0.196 0.189 0.016 0.019 0.003 0.007 0.196 0.018 0.031 0.06 0.026 0.106 0.004 0.008 1 0.221 0.198 0.027 0.101 0.069 0.01 0.167 0.027 0.019 0.052 0.006 0.003 0.016 0.007 0.003 0.276 0.02 0.006 0.023 0.034 0.039 0.008 0.008 0.011 0.028 0.002 0.172 0.003 0.004 0.133 0.029 0.003 0.002 0.002 0.097 0.001 0.011 0.004 0.019 0 0.002 0.006 0.001 0.001 0.002 0.164 0.035 0.014 0.003
0.044 0.05 0.049 0.022 0.005 0.213 0.339 0.003 0.025 0.003 0.002 0.001 0.001 0.051 0.05 0.004 0.004 0.001 0.002 0.053 0.004 0.007 0.013 0.006 0.029 0.001 0.002 0.221 1 0.858 0.006 0.005 0.003 0.001 0.013 0.006 0.005 0.002 0.001 0.006 0.006 0.005 0.001 0.038 0.014 0.014 0 0 0.002 0.005 0.005 0.006 0 0.003 0.078 0.001 0.001 0.002 0.001 0.003 0 0 0.07 0.003 0.002 0.002 0 0.003 0 0.001 0 0.003 0 0.067 0.014 0.013 0.001
0.035 0.041 0.04 0.016 0.006 0.191 0.307 0.004 0.018 0.003 0.002 0.001 0.001 0.06 0.058 0.004 0.005 0.001 0.002 0.044 0.005 0.008 0.016 0.007 0.022 0.001 0.002 0.198 0.858 1 0.007 0.003 0.006 0.001 0.02 0.002 0.001 0.004 0.001 0.007 0.009 0.006 0.001 0.038 0.016 0.008 0 0 0.001 0.006 0.006 0.007 0 0.003 0.066 0.001 0.001 0.004 0.001 0.002 0 0 0.059 0.002 0.003 0.002 0 0.003 0.001 0.001 0 0.002 0 0.057 0.011 0.01 0.001
0.265 0.252 0.301 0.13 0.689 0.028 0.018 0.448 0.158 0.387 0.225 0.003 0.009 0.375 0.362 0.522 0.609 0.095 0.018 0.499 0.033 0.057 0.112 0.886 0.279 0.013 0.02 0.027 0.006 0.007 1 0.272 0.213 0.007 0.005 0.353 0.272 0.185 0.013 0.063 0.083 0.014 0.009 0.003 0.123 0.038 0.054 0.001 0.004 0.032 0.031 0.012 0.001 0.002 0.005 0.008 0.008 0.007 0.004 0.015 0.004 0.005 0.001 0.001 0.024 0.012 0.005 0.002 0.005 0.008 0.005 0.001 0 0.005 0.003 0.012 0.008
0.261 0.239 0.271 0.549 0.233 0.081 0.048 0.144 0.644 0.126 0.084 0.027 0.032 0.348 0.339 0.187 0.187 0.032 0.053 0.402 0.12 0.189 0.384 0.248 0.839 0.038 0.059 0.101 0.005 0.003 0.272 1 0.753 0.031 0.023 0.065 0.049 0.641 0.041 0.158 0.003 0.098 0.025 0.084 0 0.248 0.215 0.004 0.017 0.137 0.132 0.1 0.002 0.038 0.023 0.022 0.025 0.01 0.016 0.061 0.011 0.014 0.028 0.025 0.003 0.047 0.027 0.046 0.016 0.031 0.017 0.043 0 0.023 0 0.006 0.023
0.161 0.147 0.171 0.361 0.182 0.044 0.02 0.11 0.441 0.096 0.065 0.035 0.024 0.26 0.258 0.145 0.143 0.026 0.06 0.28 0.145 0.054 0.219 0.189 0.636 0.047 0.067 0.069 0.003 0.006 0.213 0.753 1 0.025 0.014 0.247 0.23 0.835 0.051 0.112 0.032 0.128 0.029 0.067 0.001 0.336 0.187 0.001 0.036 0.17 0.162 0.134 0 0.063 0.018 0.028 0.031 0.007 0.029 0.088 0.014 0.017 0.018 0.034 0 0.071 0.05 0.067 0.018 0.024 0.027 0.067 0.004 0.018 0.002 0.005 0.029
0 0 0 0.024 0.001 0.009 0.002 0 0.027 0 0.001 0.001 0.047 0.001 0 0 0.001 0.001 0.002 0.001 0.004 0.007 0.014 0.006 0.03 0.001 0.002 0.01 0.001 0.001 0.007 0.031 0.025 1 0 0.007 0.006 0.024 0.001 0.098 0.019 0.005 0.001 0.002 0.016 0.04 0.012 0 0.009 0.006 0.005 0.007 0 0.008 0.001 0.001 0.001 0.001 0.008 0.007 0 0 0.001 0.004 0.003 0.007 0.008 0.008 0.001 0.761 0.001 0.007 0 0 0.001 0.001 0.001
0.032 0.037 0.036 0.013 0.004 0.143 0.229 0.002 0.018 0.002 0.001 0 0.001 0.039 0.038 0.003 0.003 0 0.001 0.034 0.003 0.005 0.01 0.004 0.021 0.001 0.001 0.167 0.013 0.02 0.005 0.023 0.014 0 1 0.005 0.004 0.016 0.001 0.004 0.023 0.004 0.001 0.185 0.002 0.011 0.009 0.022 0.031 0.004 0.004 0.005 0.018 0.004 0.143 0.001 0.001 0.109 0.028 0.005 0 0 0.125 0 0.002 0.005 0.022 0 0 0.001 0.001 0.005 0 0.129 0.012 0 0.001
0.073 0.062 0.088 0.009 0.279 0.028 0.017 0.294 0.018 0.239 0.131 0.008 0.009 0.12 0.119 0.363 0.391 0.006 0.018 0.135 0.041 0.014 0.001 0.304 0.046 0.013 0.02 0.027 0.006 0.002 0.353 0.065 0.247 0.007 0.005 1 0.846 0.219 0.013 0.065 0.27 0.051 0.114 0.004 0.181 0.177 0.017 0.005 0.036 0.053 0.05 0.062 0.005 0.026 0.005 0.007 0.009 0.007 0.024 0.028 0.004 0.005 0.006 0.007 0.024 0.019 0.039 0.023 0.004 0.008 0.005 0.02 0.02 0.005 0.007 0 0.007
0.046 0.062 0.057 0.003 0.197 0.024 0.015 0.329 0.008 0.269 0.143 0.007 0.008 0.083 0.083 0.25 0.285 0.006 0.015 0.096 0.035 0.017 0 0.226 0.029 0.012 0.017 0.019 0.005 0.001 0.272 0.049 0.23 0.006 0.004 0.846 1 0.208 0.012 0.057 0.25 0.044 0.134 0.011 0.149 0.228 0.014 0.004 0.069 0.046 0.043 0.054 0.005 0.063 0.001 0.006 0.008 0.006 0.053 0.056 0.003 0.004 0.002 0.029 0.02 0.054 0.062 0.056 0.004 0.007 0.011 0.055 0.024 0.001 0.006 0.003 0.006
0.134 0.11 0.131 0.431 0.155 0.03 0.012 0.098 0.524 0.086 0.06 0.039 0.021 0.212 0.214 0.13 0.127 0.019 0.074 0.229 0.17 0.068 0.265 0.162 0.532 0.007 0.082 0.052 0.002 0.004 0.185 0.641 0.835 0.024 0.016 0.219 0.208 1 0.058 0.225 0.015 0.153 0.026 0.06 0 0.453 0.246 0.001 0.053 0.202 0.193 0.162 0 0.084 0.016 0.031 0.042 0.005 0.044 0.113 0.016 0.015 0.016 0.046 0.044 0.093 0.069 0.088 0.02 0.023 0.033 0.088 0.003 0.016 0.002 0.006 0.032
0.019 0.016 0.017 0.041 0.011 0.001 0.004 0.006 0.035 0.006 0.003 0.002 0.001 0.015 0.016 0.008 0.009 0.001 0.004 0.014 0.009 0.121 0.054 0.013 0.039 0.003 0.004 0.006 0.001 0.001 0.013 0.041 0.051 0.001 0.001 0.013 0.012 0.058 1 0.013 0.03 0.01 0.002 0.003 0.022 0.024 0.046 0.001 0.01 0.004 0.004 0 0.001 0.014 0.001 0.002 0.002 0.001 0.009 0.006 0.001 0.001 0.001 0.006 0.001 0.006 0.015 0.008 0.001 0.002 0.003 0.006 0 0.001 0.002 0.001 0.002
0.014 0.028 0.029 0.231 0.038 0.002 0.017 0.026 0.257 0.021 0.009 0.01 0.062 0.025 0.022 0.022 0.028 0.006 0.017 0.026 0.038 0.072 0.137 0.061 0.144 0.074 0.019 0.003 0.006 0.007 0.063 0.158 0.112 0.098 0.004 0.065 0.057 0.225 0.013 1 0.187 0.05 0.008 0.016 0.144 0.397 0.112 0.003 0.084 0.054 0.053 0.062 0.002 0.072 0.005 0.007 0.01 0.007 0.077 0.067 0.004 0.004 0.005 0.035 0.258 0.065 0.077 0.075 0.005 0.106 0.012 0.064 0.004 0.004 0 0 0.008
0.083 0.087 0.107 0 0.058 0.006 0.029 0.082 0.002 0.065 0.032 0.054 0.009 0.058 0.056 0.091 0.109 0.015 0.091 0.068 0.212 0.018 0.059 0.061 0 0.035 0.097 0.016 0.006 0.009 0.083 0.003 0.032 0.019 0.023 0.27 0.25 0.015 0.03 0.187 1 0.225 0.041 0.086 0.429 0 0.05 0.005 0.305 0.227 0.217 0.162 0.007 0.256 0.023 0.038 0.043 0.036 0.257 0.272 0.019 0.01 0.007 0.116 0.055 0.261 0.272 0.247 0.017 0.023 0.06 0.201 0.004 0.023 0.013 0.015 0.025
0.002 0 0 0.031 0.015 0.007 0.01 0.004 0.077 0.003 0.004 0.114 0 0.034 0.035 0.012 0.007 0.005 0.333 0.028 0.701 0.05 0.193 0.017 0.081 0.011 0.361 0.007 0.005 0.006 0.014 0.098 0.128 0.005 0.004 0.051 0.044 0.153 0.01 0.05 0.225 1 0.007 0.013 0.219 0.126 0.013 0.004 0.601 0.825 0.815 0.806 0.004 0.654 0.004 0.102 0.115 0 0.498 0.634 0.066 0.004 0.002 0.315 0.021 0.54 0.629 0.662 0.069 0.006 0.136 0.627 0.003 0.004 0.006 0.009 0.106
0.013 0.014 0.014 0.032 0.007 0.004 0.002 0.004 0.03 0.004 0.002 0.001 0.001 0.008 0.005 0.005 0.006 0.001 0.002 0.014 0.005 0.101 0.053 0.008 0.024 0.001 0.003 0.003 0.001 0.001 0.009 0.025 0.029 0.001 0.001 0.114 0.134 0.026 0.002 0.008 0.041 0.007 1 0.002 0.001 0.007 0.043 0.001 0.011 0.007 0.007 0.008 0.001 0.01 0.001 0.001 0.001 0.001 0.004 0.009 0 0.001 0.001 0.004 0.003 0.008 0.01 0.004 0.001 0.001 0.002 0.009 0.001 0.001 0.001 0.003 0.001
0.095 0.054 0.106 0.044 0.006 0.192 0.322 0.009 0.051 0.008 0.004 0.002 0.002 0.114 0.11 0.015 0.011 0.002 0.004 0.112 0.011 0.019 0.037 0.004 0.06 0.003 0.005 0.276 0.038 0.038 0.003 0.084 0.067 0.002 0.185 0.004 0.011 0.06 0.003 0.016 0.086 0.013 0.002 1 0.007 0.04 0.033 0.001 0.19 0.014 0.014 0.016 0.001 0.057 0.282 0.002 0.003 0.22 0.161 0.047 0.001 0.001 0.139 0.011 0.007 0.07 0.103 0.041 0.001 0.002 0.002 0.022 0.001 0.269 0.002 0.003 0.002
0.032 0.033 0.047 0.005 0.086 0.023 0.006 0.14 0.012 0.116 0.056 0.034 0.021 0.016 0.015 0.152 0.166 0.015 0.081 0.029 0.174 0.026 0.035 0.098 0.001 0.016 0.076 0.02 0.014 0.016 0.123 0 0.001 0.016 0.002 0.181 0.149 0 0.022 0.144 0.429 0.219 0.001 0.007 1 0 0.043 0.011 0.242 0.208 0.212 0.216 0.013 0.259 0.002 0.025 0.028 0.009 0.225 0.246 0.017 0.001 0.002 0.098 0.061 0.207 0.236 0.272 0.016 0.018 0.041 0.236 0.006 0.003 0.017 0.018 0.033
0.007 0.003 0.002 0.199 0.034 0.008 0.041 0.105 0.241 0.086 0.053 0.021 0.017 0.006 0.007 0.076 0.077 0.015 0.042 0.011 0.092 0.021 0.115 0.028 0.204 0.02 0.046 0.006 0.014 0.008 0.038 0.248 0.336 0.04 0.011 0.177 0.228 0.453 0.024 0.397 0 0.126 0.007 0.04 0 1 0.169 0 0.209 0.132 0.128 0.156 0 0.181 0.012 0.018 0.025 0.017 0.192 0.163 0.009 0.011 0.013 0.084 0.164 0.157 0.193 0.187 0.012 0.042 0.03 0.161 0.008 0.011 0.003 0.001 0.019
0.051 0.034 0.042 0.179 0.038 0.009 0.002 0.044 0.216 0.047 0.033 0 0.009 0.049 0.046 0.043 0.048 0 0.011 0.066 0.007 0.138 0.058 0.051 0.182 0.003 0.012 0.023 0 0 0.054 0.215 0.187 0.012 0.009 0.017 0.014 0.246 0.046 0.112 0.05 0.013 0.043 0.033 0.043 0.169 1 0.009 0.052 0.014 0.012 0.015 0.005 0.031 0.008 0.006 0.003 0.014 0.047 0.023 0.006 0.031 0.011 0.035 0.036 0.02 0.039 0.029 0.001 0.014 0.003 0.031 0 0.009 0 0.028 0.004
0.006 0.008 0.008 0.008 0 0.033 0.003 0.003 0.013 0.002 0.001 0.001 0.052 0.026 0.025 0.003 0.003 0.009 0.001 0.027 0.003 0.001 0.005 0.003 0.003 0.001 0.001 0.034 0 0 0.001 0.004 0.001 0 0.022 0.005 0.004 0.001 0.001 0.003 0.005 0.004 0.001 0.001 0.011 0 0.009 1 0.006 0.004 0.004 0.005 0.87 0.005 0 0.001 0.001 0 0.006 0.005 0 0 0 0.003 0.002 0.005 0.006 0.006 0 0 0.001 0.005 0 0 0.603 0.048 0.001
0.02 0.016 0.029 0.002 0.002 0.023 0.045 0.007 0.019 0.005 0.002 0.08 0.001 0.001 0.001 0 0 0.008 0.201 0.001 0.466 0.062 0.091 0.005 0.017 0.012 0.217 0.039 0.002 0.001 0.004 0.017 0.036 0.009 0.031 0.036 0.069 0.053 0.01 0.084 0.305 0.601 0.011 0.19 0.242 0.209 0.052 0.006 1 0.633 0.61 0.655 0.007 0.829 0.053 0.084 0.065 0.08 0.852 0.745 0.042 0.006 0.025 0.344 0.034 0.719 0.882 0.826 0.042 0.01 0.143 0.735 0.005 0.051 0.01 0.016 0.068
0.007 0.003 0.004 0.048 0.033 0.008 0.011 0.02 0.113 0.017 0.014 0.13 0 0.054 0.055 0.034 0.024 0.005 0.304 0.052 0.725 0.031 0.241 0.038 0.118 0.006 0.331 0.008 0.005 0.006 0.032 0.137 0.17 0.006 0.004 0.053 0.046 0.202 0.004 0.054 0.227 0.825 0.007 0.014 0.208 0.132 0.014 0.004 0.633 1 0.949 0.845 0.005 0.677 0.004 0.133 0.109 0.001 0.534 0.745 0.067 0.004 0.002 0.372 0.022 0.665 0.639 0.702 0.069 0.007 0.171 0.654 0.003 0.004 0.006 0.01 0.111
0.006 0.002 0.003 0.051 0.032 0.007 0.01 0.02 0.118 0.017 0.014 0.115 0 0.056 0.057 0.033 0.022 0.005 0.325 0.049 0.698 0.028 0.235 0.036 0.113 0.006 0.318 0.008 0.005 0.006 0.031 0.132 0.162 0.005 0.004 0.05 0.043 0.193 0.004 0.053 0.217 0.815 0.007 0.014 0.212 0.128 0.012 0.004 0.61 0.949 1 0.819 0.004 0.655 0.004 0.138 0.116 0 0.542 0.752 0.069 0.004 0.002 0.346 0.021 0.641 0.619 0.68 0.075 0.006 0.177 0.63 0.003 0.004 0.006 0.01 0.119
0.002 0 0.001 0.039 0.012 0.011 0.013 0.002 0.092 0.001 0 0.108 0 0.033 0.034 0.008 0.005 0.006 0.269 0.031 0.623 0.026 0.209 0.015 0.085 0.008 0.291 0.011 0.006 0.007 0.012 0.1 0.134 0.007 0.005 0.062 0.054 0.162 0 0.062 0.162 0.806 0.008 0.016 0.216 0.156 0.015 0.005 0.655 0.845 0.819 1 0.005 0.695 0.005 0.113 0.093 0.001 0.564 0.633 0.057 0.004 0.003 0.319 0.026 0.564 0.666 0.728 0.06 0.008 0.143 0.69 0.003 0.004 0.007 0.012 0.096
0.004 0.006 0.005 0.005 0.001 0.027 0.002 0.003 0.009 0.003 0.001 0.001 0.044 0.02 0.019 0.003 0.004 0.007 0.001 0.02 0.004 0 0.002 0.002 0.002 0.001 0.002 0.028 0 0 0.001 0.002 0 0 0.018 0.005 0.005 0 0.001 0.002 0.007 0.004 0.001 0.001 0.013 0 0.005 0.87 0.007 0.005 0.004 0.005 1 0.006 0 0.001 0.001 0.001 0.007 0.006 0 0 0 0.003 0.002 0.005 0.007 0.006 0 0 0.001 0.006 0 0 0.646 0.05 0.001
0.008 0.005 0.014 0.006 0.001 0.003 0.007 0.006 0.028 0.004 0.002 0.093 0.001 0 0.001 0 0 0.007 0.232 0 0.516 0.053 0.119 0.003 0.03 0.01 0.251 0.002 0.003 0.003 0.002 0.038 0.063 0.008 0.004 0.026 0.063 0.084 0.014 0.072 0.256 0.654 0.01 0.057 0.259 0.181 0.031 0.005 0.829 0.677 0.655 0.695 0.006 1 0.006 0.078 0.093 0.092 0.758 0.843 0.049 0.005 0.004 0.387 0.03 0.814 0.847 0.92 0.068 0.009 0.145 0.839 0.005 0.005 0.008 0.013 0.106
0.012 0.015 0.014 0.003 0.004 0.074 0.123 0.003 0.004 0.002 0.001 0.001 0.001 0.016 0.015 0.003 0.004 0 0.001 0.013 0.003 0.004 0.009 0.005 0.006 0.001 0.002 0.172 0.078 0.066 0.005 0.023 0.018 0.001 0.143 0.005 0.001 0.016 0.001 0.005 0.023 0.004 0.001 0.282 0.002 0.012 0.008 0 0.053 0.004 0.004 0.005 0 0.006 1 0.001 0.001 0.001 0.057 0.005 0 0 0.482 0.003 0.002 0.005 0.035 0.006 0 0.001 0.001 0.005 0 0.888 0.001 0.001 0.001
0.044 0.051 0.049 0.021 0.004 0.002 0.001 0.004 0.02 0.004 0.002 0 0.001 0.011 0.008 0.005 0.005 0.001 0.002 0.013 0.132 0.009 0.035 0.007 0.023 0.001 0.002 0.003 0.001 0.001 0.008 0.022 0.028 0.001 0.001 0.007 0.006 0.031 0.002 0.007 0.038 0.102 0.001 0.002 0.025 0.018 0.006 0.001 0.084 0.133 0.138 0.113 0.001 0.078 0.001 1 0.001 0.001 0.082 0.091 0 0.001 0.001 0 0.003 0.112 0.08 0.094 0.001 0.001 0.354 0.036 0 0.001 0.001 0.001 0.001
0.006 0.004 0.005 0.017 0.001 0.001 0 0 0.014 0 0.003 0.372 0.001 0.011 0.012 0.006 0.007 0 0 0.015 0.091 0.003 0.031 0.008 0.026 0.002 0 0.004 0.001 0.001 0.008 0.025 0.031 0.001 0.001 0.009 0.008 0.042 0.002 0.01 0.043 0.115 0.001 0.003 0.028 0.025 0.003 0.001 0.065 0.109 0.116 0.093 0.001 0.093 0.001 0.001 1 0.001 0.087 0.104 0.284 0.001 0.001 0.006 0.004 0.06 0.084 0.085 0.266 0.001 0.028 0.1 0.001 0.001 0.001 0.002 0.464
0.019 0.023 0.022 0.006 0.006 0.128 0.209 0.004 0.008 0.003 0.002 0.024 0.001 0.033 0.031 0.004 0.005 0.001 0.002 0.025 0.001 0.008 0.002 0.007 0.01 0.001 0.002 0.133 0.002 0.004 0.007 0.01 0.007 0.001 0.109 0.007 0.006 0.005 0.001 0.007 0.036 0 0.001 0.22 0.009 0.017 0.014 0 0.08 0.001 0 0.001 0.001 0.092 0.001 0.001 0.001 1 0.076 0.098 0 0 0.001 0 0.003 0.106 0.069 0.064 0.001 0.001 0.002 0.025 0 0 0.001 0.001 0.001
0.021 0.016 0.03 0.002 0.002 0.018 0.035 0.006 0.02 0.004 0.002 0.067 0.001 0.002 0.001 0 0 0.008 0.151 0.001 0.377 0.043 0.083 0.003 0.016 0.011 0.143 0.029 0.001 0.001 0.004 0.016 0.029 0.008 0.028 0.024 0.053 0.044 0.009 0.077 0.257 0.498 0.004 0.161 0.225 0.192 0.047 0.006 0.852 0.534 0.542 0.564 0.007 0.758 0.057 0.082 0.087 0.076 1 0.702 0.046 0.005 0.028 0.264 0.032 0.681 0.831 0.791 0.064 0.009 0.143 0.694 0.005 0.056 0.009 0.014 0.1
0.001 0 0.004 0.018 0.014 0.004 0.009 0.027 0.052 0.023 0.017 0.1 0 0.007 0.007 0.01 0.006 0.007 0.251 0.007 0.537 0.038 0.149 0.018 0.051 0.008 0.244 0.003 0.003 0.002 0.015 0.061 0.088 0.007 0.005 0.028 0.056 0.113 0.006 0.067 0.272 0.634 0.009 0.047 0.246 0.163 0.023 0.005 0.745 0.745 0.752 0.633 0.006 0.843 0.005 0.091 0.104 0.098 0.702 1 0.054 0.005 0.003 0.381 0.027 0.85 0.734 0.832 0.076 0.008 0.161 0.741 0.004 0.005 0.008 0.012 0.118
0.008 0.007 0.007 0.015 0.003 0.002 0.001 0.002 0.013 0.002 0.001 0.341 0 0.005 0.005 0.002 0.003 0 0.001 0.006 0.085 0.004 0.025 0.004 0.011 0.001 0.001 0.002 0 0 0.004 0.011 0.014 0 0 0.004 0.003 0.016 0.001 0.004 0.019 0.066 0 0.001 0.017 0.009 0.006 0 0.042 0.067 0.069 0.057 0 0.049 0 0 0.284 0 0.046 0.054 1 0 0 0.002 0.001 0.01 0.043 0.042 0.073 0 0 0.049 0 0 0 0.001 0.352
0.006 0.007 0.005 0.014 0.002 0.002 0.001 0.002 0.01 0.002 0.001 0.001 0.001 0.004 0.004 0.003 0.003 0 0.001 0.005 0.003 0.001 0.004 0.002 0.01 0.046 0.001 0.002 0 0 0.005 0.014 0.017 0 0 0.005 0.004 0.015 0.001 0.004 0.01 0.004 0.001 0.001 0.001 0.011 0.031 0 0.006 0.004 0.004 0.004 0 0.005 0 0.001 0.001 0 0.005 0.005 0 1 0 0.002 0.002 0.005 0.006 0.005 0 0.001 0.001 0.005 0 0 0.001 0.001 0.001
0.008 0.01 0.01 0.011 0.005 0.061 0.103 0.003 0.016 0.003 0.001 0.001 0.001 0.037 0.037 0.003 0.004 0.001 0.001 0.033 0.003 0.006 0.012 0.001 0.019 0.001 0.002 0.097 0.07 0.059 0.001 0.028 0.018 0.001 0.125 0.006 0.002 0.016 0.001 0.005 0.007 0.002 0.001 0.139 0.002 0.013 0.011 0 0.025 0.002 0.002 0.003 0 0.004 0.482 0.001 0.001 0.001 0.028 0.003 0 0 1 0.005 0.002 0.003 0.013 0.004 0 0.001 0 0.003 0 0.432 0.001 0.001 0.001
0.012 0.02 0.009 0.03 0.005 0.002 0.004 0.019 0.02 0.017 0.009 0 0.001 0.001 0.001 0.001 0 0.003 0.459 0 0.257 0.024 0.066 0 0.016 0.003 0.501 0.001 0.003 0.002 0.001 0.025 0.034 0.004 0 0.007 0.029 0.046 0.006 0.035 0.116 0.315 0.004 0.011 0.098 0.084 0.035 0.003 0.344 0.372 0.346 0.319 0.003 0.387 0.003 0 0.006 0 0.264 0.381 0.002 0.002 0.005 1 0.014 0.381 0.347 0.395 0.003 0.004 0.002 0.387 0.002 0.002 0.004 0.006 0.002
0.032 0.043 0.045 0.047 0.02 0.011 0.007 0.012 0.056 0.009 0.007 0.004 0.003 0.037 0.041 0.014 0.016 0.002 0.007 0.041 0.017 0.011 0.034 0.023 0.003 0.168 0.008 0.011 0.002 0.003 0.024 0.003 0 0.003 0.002 0.024 0.02 0.044 0.001 0.258 0.055 0.021 0.003 0.007 0.061 0.164 0.036 0.002 0.034 0.022 0.021 0.026 0.002 0.03 0.002 0.003 0.004 0.003 0.032 0.027 0.001 0.002 0.002 0.014 1 0.026 0.032 0.031 0.002 0.003 0.005 0.027 0.002 0.002 0.003 0 0.003
0.006 0.003 0.011 0.006 0.008 0.005 0.01 0.026 0.034 0.022 0.017 0.044 0 0.003 0.003 0.005 0.002 0.006 0.212 0.003 0.459 0.036 0.123 0.011 0.038 0.008 0.228 0.004 0.002 0.002 0.012 0.047 0.071 0.007 0.005 0.019 0.054 0.093 0.006 0.065 0.261 0.54 0.008 0.07 0.207 0.157 0.02 0.005 0.719 0.665 0.641 0.564 0.005 0.814 0.005 0.112 0.06 0.106 0.681 0.85 0.01 0.005 0.003 0.381 0.026 1 0.707 0.803 0.078 0.008 0.19 0.719 0.004 0.004 0.007 0.012 0.065
0.01 0.011 0.017 0.006 0.004 0.011 0.022 0.006 0.027 0.004 0.002 0.085 0.001 0 0 0.001 0 0.008 0.218 0 0.493 0.057 0.104 0.006 0.028 0.011 0.236 0.019 0 0 0.005 0.027 0.05 0.008 0.022 0.039 0.062 0.069 0.015 0.077 0.272 0.629 0.01 0.103 0.236 0.193 0.039 0.006 0.882 0.639 0.619 0.666 0.007 0.847 0.035 0.08 0.084 0.069 0.831 0.734 0.043 0.006 0.013 0.347 0.032 0.707 1 0.826 0.064 0.009 0.156 0.726 0.005 0.032 0.009 0.014 0.096
0.007 0.004 0.012 0.008 0.001 0 0.002 0.005 0.035 0.003 0.002 0.085 0.001 0.001 0.001 0 0 0.008 0.225 0.002 0.518 0.041 0.136 0.003 0.037 0.01 0.243 0 0.003 0.003 0.002 0.046 0.067 0.008 0 0.023 0.056 0.088 0.008 0.075 0.247 0.662 0.004 0.041 0.272 0.187 0.029 0.006 0.826 0.702 0.68 0.728 0.006 0.92 0.006 0.094 0.085 0.064 0.791 0.832 0.042 0.005 0.004 0.395 0.031 0.803 0.826 1 0.061 0.009 0.16 0.83 0.005 0.005 0.009 0.013 0.097
0 0 0 0.001 0 0 0 0.001 0.004 0.001 0.001 0.041 0.001 0.005 0.005 0.003 0.004 0 0 0.009 0.043 0 0.023 0.005 0.016 0.001 0 0.002 0 0.001 0.005 0.016 0.018 0.001 0 0.004 0.004 0.02 0.001 0.005 0.017 0.069 0.001 0.001 0.016 0.012 0.001 0 0.042 0.069 0.075 0.06 0 0.068 0 0.001 0.266 0.001 0.064 0.076 0.073 0 0 0.003 0.002 0.078 0.064 0.061 1 0.001 0.001 0.071 0 0 0.001 0.001 0.546
0 0 0 0.023 0.002 0.005 0.002 0 0.027 0 0 0.001 0.034 0 0 0.001 0.001 0.001 0.002 0 0.005 0.005 0.013 0.008 0.03 0.001 0.002 0.006 0.001 0.001 0.008 0.031 0.024 0.761 0.001 0.008 0.007 0.023 0.002 0.106 0.023 0.006 0.001 0.002 0.018 0.042 0.014 0 0.01 0.007 0.006 0.008 0 0.009 0.001 0.001 0.001 0.001 0.009 0.008 0 0.001 0.001 0.004 0.003 0.008 0.009 0.009 0.001 1 0.001 0.008 0 0.001 0.001 0.001 0.001
0.029 0.024 0.034 0.007 0.002 0.001 0 0.007 0.016 0.006 0.003 0.026 0.002 0.005 0.005 0.002 0.002 0.001 0.001 0.006 0.15 0.012 0.036 0.005 0.017 0.003 0.001 0.001 0 0 0.005 0.017 0.027 0.001 0.001 0.005 0.011 0.033 0.003 0.012 0.06 0.136 0.002 0.002 0.041 0.03 0.003 0.001 0.143 0.171 0.177 0.143 0.001 0.145 0.001 0.354 0.028 0.002 0.143 0.161 0 0.001 0 0.002 0.005 0.19 0.156 0.16 0.001 0.001 1 0.125 0.001 0.001 0.001 0.002 0.001
0.002 0 0.004 0.014 0 0 0 0.003 0.031 0.002 0.001 0.078 0 0.002 0.002 0.001 0.002 0.007 0.238 0.002 0.452 0.037 0.118 0.001 0.034 0.008 0.26 0.001 0.003 0.002 0.001 0.043 0.067 0.007 0.005 0.02 0.055 0.088 0.006 0.064 0.201 0.627 0.009 0.022 0.236 0.161 0.031 0.005 0.735 0.654 0.63 0.69 0.006 0.839 0.005 0.036 0.1 0.025 0.694 0.741 0.049 0.005 0.003 0.387 0.027 0.719 0.726 0.83 0.071 0.008 0.125 1 0.004 0.005 0.008 0.012 0.113
0.002 0.001 0.002 0.005 0 0.002 0.001 0 0.004 0.002 0.001 0.001 0.001 0.001 0.001 0 0.003 0 0.001 0.001 0.003 0.015 0.005 0 0.003 0.001 0.001 0.002 0 0 0 0 0.004 0 0 0.02 0.024 0.003 0 0.004 0.004 0.003 0.001 0.001 0.006 0.008 0 0 0.005 0.003 0.003 0.003 0 0.005 0 0 0.001 0 0.005 0.004 0 0 0 0.002 0.002 0.004 0.005 0.005 0 0 0.001 0.004 1 0 0 0.001 0
0.011 0.013 0.012 0.003 0.004 0.076 0.124 0.002 0.004 0.002 0.001 0 0.001 0.014 0.014 0.003 0.003 0 0.001 0.014 0.003 0.005 0.01 0.004 0.005 0.001 0.001 0.164 0.067 0.057 0.005 0.023 0.018 0 0.129 0.005 0.001 0.016 0.001 0.004 0.023 0.004 0.001 0.269 0.003 0.011 0.009 0 0.051 0.004 0.004 0.004 0 0.005 0.888 0.001 0.001 0 0.056 0.005 0 0 0.432 0.002 0.002 0.004 0.032 0.005 0 0.001 0.001 0.005 0 1 0 0.001 0.001
0.003 0.005 0.005 0.002 0.002 0.033 0.009 0.004 0.004 0.004 0.002 0.001 0.03 0.016 0.016 0.004 0.005 0.005 0.002 0.017 0.005 0.002 0 0 0 0.001 0.002 0.035 0.014 0.011 0.003 0 0.002 0.001 0.012 0.007 0.006 0.002 0.002 0 0.013 0.006 0.001 0.002 0.017 0.003 0 0.603 0.01 0.006 0.006 0.007 0.646 0.008 0.001 0.001 0.001 0.001 0.009 0.008 0 0.001 0.001 0.004 0.003 0.007 0.009 0.009 0.001 0.001 0.001 0.008 0 0 1 0.072 0.001
0.001 0.001 0.001 0.005 0.01 0.013 0.002 0.006 0.002 0.006 0.003 0.002 0.016 0 0 0.007 0.008 0.001 0.003 0 0.007 0.026 0.005 0.011 0.001 0.002 0.003 0.014 0.013 0.01 0.012 0.006 0.005 0.001 0 0 0.003 0.006 0.001 0 0.015 0.009 0.003 0.003 0.018 0.001 0.028 0.048 0.016 0.01 0.01 0.012 0.05 0.013 0.001 0.001 0.002 0.001 0.014 0.012 0.001 0.001 0.001 0.006 0 0.012 0.014 0.013 0.001 0.001 0.002 0.012 0.001 0.001 0.072 1 0.001
0.001 0 0.001 0.007 0.001 0.001 0 0 0.011 0 0.002 0.172 0.001 0.01 0.01 0.005 0.006 0.001 0.001 0.014 0.086 0.001 0.037 0.008 0.025 0.002 0.001 0.003 0.001 0.001 0.008 0.023 0.029 0.001 0.001 0.007 0.006 0.032 0.002 0.008 0.025 0.106 0.001 0.002 0.033 0.019 0.004 0.001 0.068 0.111 0.119 0.096 0.001 0.106 0.001 0.001 0.464 0.001 0.1 0.118 0.352 0.001 0.001 0.002 0.003 0.065 0.096 0.097 0.546 0.001 0.001 0.113 0 0.001 0.001 0.001 1
