1 0.821 0.864 0.471 0.387 0.179 0.122 0.242 0.312 0.176 0.097 0.023 0.047 0.544 0.54 0.235 0.239 0.041 0.034 0.628 0.003 0.099 0.087 0.381 0.327 0.005 0.037 0.124 0.058 0.05 0.316 0.211 0.146 0.003 0.028 0.084 0.069 0.126 0.023 0.011 0.078 0 0.003 0.042 0.038 0.022 0.072 0.004 0.004 0.009 0.006 0.002 0.003 0 0.009 0.046 0.004 0.003 0.002 0.001 0.007 0.001 0.012 0.031 0.008 0.001 0 0 0 0.009 0.023 0 0.002 0.008 0.005 0.004 0.001
0.821 1 0.918 0.439 0.374 0.211 0.144 0.287 0.275 0.209 0.116 0.019 0.056 0.592 0.584 0.235 0.241 0.049 0.029 0.649 0 0.098 0.073 0.371 0.31 0.026 0.032 0.15 0.069 0.06 0.336 0.216 0.138 0.004 0.035 0.073 0.076 0.105 0.019 0.026 0.093 0.001 0.011 0.032 0.043 0.012 0.066 0.006 0.007 0.004 0.002 0 0.005 0 0.013 0.056 0.003 0.004 0.004 0.001 0.006 0.005 0.016 0.029 0.025 0.001 0.001 0 0.001 0.012 0.016 0 0.002 0.012 0.007 0.003 0
0.864 0.918 1 0.463 0.434 0.2 0.136 0.271 0.297 0.197 0.109 0.02 0.053 0.617 0.607 0.263 0.269 0.046 0.031 0.701 0.001 0.093 0.074 0.429 0.355 0.027 0.033 0.141 0.065 0.057 0.357 0.232 0.149 0.004 0.033 0.084 0.068 0.113 0.021 0.023 0.094 0.001 0.012 0.05 0.045 0.011 0.068 0.006 0.009 0.005 0.003 0 0.004 0.001 0.012 0.052 0.003 0.003 0.006 0 0.006 0 0.014 0.027 0.026 0 0.001 0.001 0 0.013 0.028 0 0.002 0.011 0.006 0.003 0
0.471 0.439 0.463 1 0.219 0.086 0.055 0.136 0.795 0.097 0.055 0.041 0.027 0.281 0.288 0.135 0.136 0.023 0.06 0.339 0.02 0.22 0.244 0.219 0.605 0 0.052 0.049 0.03 0.024 0.172 0.476 0.296 0.03 0.005 0.017 0.012 0.343 0.041 0.201 0.001 0.01 0.025 0.014 0 0.228 0.168 0.006 0.007 0.039 0.039 0.022 0.004 0.007 0.001 0.023 0.001 0 0.007 0.017 0.013 0.006 0.002 0.055 0.048 0.013 0.011 0.009 0 0.021 0.007 0.012 0.005 0.001 0 0.005 0.001
0.387 0.374 0.434 0.219 1 0.017 0.012 0.441 0.261 0.39 0.192 0.009 0.005 0.446 0.436 0.44 0.455 0.104 0.014 0.499 0.023 0.061 0.101 0.801 0.264 0.012 0.015 0.019 0.006 0.007 0.663 0.175 0.129 0.004 0.008 0.194 0.159 0.101 0.009 0.037 0.029 0.002 0.006 0.001 0.074 0.028 0.037 0 0.008 0.022 0.02 0.004 0 0.002 0.009 0.002 0 0.005 0.009 0.015 0.003 0 0.007 0.017 0.012 0.013 0.007 0.003 0.001 0.006 0 0.002 0 0.008 0 0.008 0
0.179 0.211 0.2 0.086 0.017 1 0.68 0.01 0.109 0.008 0.004 0.004 0.265 0.213 0.206 0.01 0.011 0.002 0.006 0.233 0.017 0.019 0.044 0.018 0.125 0.005 0.007 0.777 0.339 0.319 0.017 0.086 0.057 0 0.206 0.017 0.016 0.051 0.004 0.006 0.01 0.018 0.002 0.213 0.042 0.001 0.024 0.029 0.014 0.02 0.019 0.023 0.023 0.003 0.118 0.003 0.002 0.053 0.009 0.002 0.001 0.003 0.117 0.007 0.005 0.002 0 0.004 0.001 0.002 0.002 0.005 0.001 0.12 0.026 0.006 0.002
0.122 0.144 0.136 0.055 0.012 0.68 1 0.007 0.08 0.005 0.003 0.003 0.001 0.154 0.148 0.007 0.007 0.001 0.004 0.165 0.011 0.015 0.032 0.012 0.089 0.004 0.005 0.544 0.501 0.474 0.012 0.053 0.032 0.002 0.311 0.012 0.011 0.029 0.003 0.013 0.043 0.012 0.001 0.328 0.026 0.028 0.016 0.026 0.041 0.014 0.013 0.015 0.02 0 0.184 0.002 0.001 0.084 0.031 0 0.001 0.002 0.181 0.004 0.004 0 0.005 0 0 0.002 0.001 0.001 0.001 0.187 0.024 0.007 0.001
0.242 0.287 0.271 0.136 0.441 0.01 0.007 1 0.153 0.74 0.403 0.006 0.003 0.261 0.25 0.821 0.802 0.003 0.008 0.299 0.01 0.036 0.054 0.485 0.16 0.007 0.009 0.011 0.004 0.004 0.462 0.127 0.094 0.002 0.005 0.266 0.281 0.077 0.006 0.024 0.069 0 0.004 0.008 0.16 0.089 0.026 0.002 0.005 0.014 0.012 0 0.002 0.001 0.005 0.004 0.001 0.003 0.004 0.018 0.001 0.005 0.004 0.015 0.007 0.018 0.003 0.002 0.003 0.004 0.005 0.002 0 0.005 0.002 0.006 0.001
0.312 0.275 0.297 0.795 0.261 0.109 0.08 0.153 1 0.109 0.064 0.035 0.031 0.36 0.361 0.152 0.154 0.028 0.041 0.414 0.092 0.212 0.371 0.254 0.728 0.002 0.035 0.073 0.036 0.029 0.203 0.591 0.394 0.035 0.014 0.027 0.02 0.457 0.035 0.239 0.001 0.054 0.023 0.02 0.005 0.279 0.18 0.019 0.033 0.106 0.108 0.071 0.014 0.035 0.002 0.018 0 0 0.033 0.061 0.011 0.014 0.005 0.051 0.057 0.052 0.039 0.041 0 0.026 0.008 0.042 0.004 0.002 0.003 0.001 0.003
0.176 0.209 0.197 0.097 0.39 0.008 0.005 0.74 0.109 1 0.514 0.004 0.002 0.182 0.173 0.575 0.579 0.002 0.007 0.209 0.006 0.023 0.033 0.341 0.109 0.006 0.007 0.008 0.003 0.003 0.314 0.08 0.057 0.002 0.004 0.148 0.157 0.046 0.004 0.018 0.035 0.002 0.003 0.006 0.108 0.043 0.034 0.001 0.001 0.009 0.008 0.001 0.002 0 0.004 0.003 0.003 0.002 0.001 0.012 0.001 0.004 0.003 0.012 0.005 0.012 0 0 0.006 0 0.004 0 0 0.004 0.002 0.004 0.002
0.097 0.116 0.109 0.055 0.192 0.004 0.003 0.403 0.064 0.514 1 0.002 0.001 0.124 0.118 0.352 0.38 0.001 0.003 0.141 0.009 0.015 0.03 0.223 0.078 0.003 0.004 0.005 0.002 0.002 0.238 0.076 0.058 0.001 0.002 0.109 0.115 0.051 0.002 0.009 0.02 0 0.002 0.003 0.065 0.037 0.024 0.001 0 0.011 0.011 0 0.001 0 0.002 0.002 0.001 0.001 0.001 0.013 0.001 0.002 0.002 0.006 0.003 0.014 0.001 0 0.001 0.001 0.002 0.001 0.001 0.002 0.001 0.002 0.002
0.023 0.019 0.02 0.041 0.009 0.004 0.003 0.006 0.035 0.004 0.002 1 0.001 0.005 0.004 0.006 0.006 0.001 0.003 0.014 0.155 0.014 0.039 0.009 0.025 0.003 0.004 0.005 0.002 0.002 0.004 0.022 0.029 0.001 0 0.008 0.008 0.035 0.002 0.009 0.062 0.063 0.001 0.001 0.031 0.015 0 0.001 0.064 0.099 0.08 0.068 0.001 0.07 0 0.002 0.185 0.042 0.052 0.079 0.217 0.002 0 0 0.003 0.05 0.058 0.065 0.028 0.002 0.041 0.058 0.001 0 0.001 0.002 0.04
0.047 0.056 0.053 0.027 0.005 0.265 0.001 0.003 0.031 0.002 0.001 0.001 1 0.06 0.058 0.003 0.003 0.001 0.002 0.068 0.004 0.007 0.014 0.005 0.038 0.001 0.002 0.224 0.001 0.001 0.005 0.037 0.029 0.007 0.001 0.005 0.005 0.025 0.001 0.105 0.017 0.005 0.001 0.002 0.014 0.047 0.012 0.004 0.009 0.006 0.005 0.006 0.003 0.007 0.001 0.001 0.001 0.001 0.009 0.006 0 0.001 0.001 0.003 0.001 0.007 0.008 0.007 0.001 0 0.001 0.007 0 0.001 0.004 0 0.001
0.544 0.592 0.617 0.281 0.446 0.213 0.154 0.261 0.36 0.182 0.124 0.005 0.06 1 0.933 0.305 0.311 0.055 0.015 0.827 0.043 0.105 0.18 0.508 0.433 0.02 0.017 0.194 0.074 0.087 0.417 0.318 0.242 0.003 0.063 0.124 0.104 0.201 0.018 0.019 0.066 0.023 0.011 0.082 0.025 0.025 0.069 0.01 0 0.052 0.055 0.027 0.008 0.009 0.032 0.007 0.012 0.012 0 0.023 0.001 0.002 0.04 0.016 0.019 0.022 0.004 0.012 0.007 0.011 0.001 0.011 0.001 0.03 0.011 0.001 0.014
0.54 0.584 0.607 0.288 0.436 0.206 0.148 0.25 0.361 0.173 0.118 0.004 0.058 0.933 1 0.293 0.299 0.053 0.016 0.802 0.043 0.105 0.18 0.493 0.41 0.016 0.018 0.186 0.071 0.084 0.408 0.301 0.231 0.004 0.067 0.122 0.102 0.198 0.019 0.019 0.064 0.024 0.008 0.084 0.022 0.025 0.064 0.009 0 0.054 0.057 0.029 0.008 0.01 0.034 0.003 0.013 0.012 0.001 0.024 0.001 0.002 0.043 0.018 0.019 0.023 0.004 0.013 0.007 0.009 0 0.013 0.001 0.032 0.01 0.001 0.015
0.235 0.235 0.263 0.135 0.44 0.01 0.007 0.821 0.152 0.575 0.352 0.006 0.003 0.305 0.293 1 0.912 0.003 0.007 0.348 0.021 0.036 0.072 0.545 0.192 0.007 0.008 0.011 0.004 0.004 0.522 0.155 0.118 0.002 0.005 0.312 0.256 0.098 0.006 0.022 0.067 0.002 0.004 0 0.157 0.081 0.024 0.002 0.003 0.027 0.025 0.002 0.002 0 0.005 0.004 0.004 0.003 0.002 0.014 0.001 0.005 0.004 0.007 0.007 0.014 0.003 0.001 0.003 0.004 0 0.001 0 0.005 0.002 0.006 0.005
0.239 0.241 0.269 0.136 0.455 0.011 0.007 0.802 0.154 0.579 0.38 0.006 0.003 0.311 0.299 0.912 1 0.003 0.009 0.371 0.024 0.038 0.078 0.581 0.205 0.008 0.01 0.012 0.004 0.005 0.56 0.158 0.12 0.002 0.005 0.327 0.271 0.1 0.006 0.024 0.075 0.001 0.004 0 0.157 0.085 0.027 0.002 0.003 0.025 0.023 0.002 0.002 0 0.005 0.004 0.004 0.003 0.002 0.013 0.001 0.005 0.004 0.006 0.007 0.013 0.003 0.001 0.003 0.004 0 0.001 0.002 0.005 0.002 0.006 0.005
0.041 0.049 0.046 0.023 0.104 0.002 0.001 0.003 0.028 0.002 0.001 0.001 0.001 0.055 0.053 0.003 0.003 1 0.002 0.063 0.005 0.007 0.015 0.103 0.034 0 0.002 0.002 0.001 0.001 0.109 0.033 0.025 0.001 0.001 0.005 0.005 0.021 0.001 0.003 0.017 0.005 0.001 0.002 0.014 0.008 0.004 0.007 0.009 0.006 0.005 0.006 0.005 0.007 0.001 0.001 0.001 0.001 0.009 0.007 0 0 0.001 0.003 0.001 0.005 0.009 0.008 0.001 0.001 0.001 0.007 0 0.001 0.006 0.001 0.001
0.034 0.029 0.031 0.06 0.014 0.006 0.004 0.008 0.041 0.007 0.003 0.003 0.002 0.015 0.016 0.007 0.009 0.002 1 0.024 0.364 0.022 0.111 0.015 0.043 0.004 0.891 0.006 0.001 0.002 0.014 0.035 0.034 0.002 0.003 0.015 0.014 0.053 0.003 0.009 0.084 0.285 0.002 0.005 0.037 0.027 0.035 0.001 0.162 0.255 0.272 0.227 0.001 0.199 0.003 0.002 0.002 0.002 0.155 0.188 0.001 0.003 0.003 0.478 0.004 0.207 0.17 0.193 0.002 0.003 0.003 0.206 0.001 0.003 0.001 0.004 0.003
0.628 0.649 0.701 0.339 0.499 0.233 0.165 0.299 0.414 0.209 0.141 0.014 0.068 0.827 0.802 0.348 0.371 0.063 0.024 1 0.061 0.101 0.202 0.608 0.53 0.021 0.025 0.182 0.085 0.076 0.509 0.357 0.257 0.003 0.041 0.128 0.106 0.214 0.015 0.015 0.047 0.028 0.011 0.066 0.017 0.03 0.069 0.012 0.002 0.068 0.063 0.037 0.01 0.014 0.017 0.012 0.013 0.007 0.004 0.032 0.005 0.003 0.021 0.022 0.02 0.032 0.013 0.018 0.008 0.009 0.003 0.018 0.001 0.018 0.013 0.001 0.015
0.003 0 0.001 0.02 0.023 0.017 0.011 0.01 0.092 0.006 0.009 0.155 0.004 0.043 0.043 0.021 0.024 0.005 0.364 0.061 1 0.056 0.301 0.04 0.114 0.012 0.374 0.018 0.005 0.006 0.032 0.085 0.101 0.005 0 0.04 0.038 0.137 0.009 0.034 0.24 0.627 0.005 0.002 0.141 0.074 0.046 0.003 0.449 0.635 0.599 0.535 0.004 0.472 0 0.138 0.031 0.004 0.389 0.465 0.08 0.008 0 0.251 0.012 0.472 0.454 0.477 0.059 0.007 0.108 0.448 0.003 0 0.003 0.007 0.053
0.099 0.098 0.093 0.22 0.061 0.019 0.015 0.036 0.212 0.023 0.015 0.014 0.007 0.105 0.105 0.036 0.038 0.007 0.022 0.101 0.056 1 0.412 0.064 0.163 0.019 0.018 0.026 0.006 0.008 0.046 0.152 0.028 0.008 0.012 0.022 0.024 0.045 0.121 0.055 0.018 0.047 0.101 0.016 0.009 0.017 0.12 0.004 0.036 0.013 0.009 0.015 0.001 0.031 0.008 0.01 0.005 0.008 0.032 0.018 0.005 0.001 0.007 0.003 0.013 0.019 0.035 0.022 0.001 0.001 0.012 0.021 0.019 0.009 0.001 0.031 0
0.087 0.073 0.074 0.244 0.101 0.044 0.032 0.054 0.371 0.033 0.03 0.039 0.014 0.18 0.18 0.072 0.078 0.015 0.111 0.202 0.301 0.412 1 0.13 0.345 0.039 0.123 0.055 0.014 0.017 0.097 0.293 0.133 0.016 0.008 0 0 0.195 0.05 0.11 0.078 0.184 0.051 0.019 0.052 0.09 0.011 0.008 0.132 0.273 0.27 0.217 0.005 0.15 0.006 0.039 0.006 0 0.113 0.176 0.025 0.001 0.004 0.122 0.03 0.177 0.127 0.163 0.024 0.008 0.025 0.16 0.007 0.006 0 0.003 0.026
0.381 0.371 0.429 0.219 0.801 0.018 0.012 0.485 0.254 0.341 0.223 0.009 0.005 0.508 0.493 0.545 0.581 0.103 0.015 0.608 0.04 0.064 0.13 1 0.333 0.013 0.016 0.021 0.007 0.008 0.842 0.224 0.167 0.005 0.008 0.265 0.226 0.137 0.01 0.042 0.032 0.01 0.007 0.001 0.087 0.049 0.034 0 0.021 0.043 0.04 0.015 0 0.011 0.01 0.007 0.008 0.005 0.02 0.032 0.003 0 0.007 0.014 0.012 0.03 0.02 0.012 0.005 0.008 0.001 0.011 0 0.01 0 0.008 0.009
0.327 0.31 0.355 0.605 0.264 0.125 0.089 0.16 0.728 0.109 0.078 0.025 0.038 0.433 0.41 0.192 0.205 0.034 0.043 0.53 0.114 0.163 0.345 0.333 1 0.038 0.047 0.093 0.045 0.038 0.279 0.749 0.559 0.04 0.02 0.043 0.033 0.467 0.023 0.166 0 0.075 0.018 0.029 0.004 0.243 0.15 0.019 0.039 0.133 0.123 0.088 0.013 0.059 0.005 0.021 0.018 0.001 0.04 0.084 0.009 0.01 0.008 0.051 0.003 0.083 0.061 0.067 0.01 0.031 0.012 0.069 0.003 0.004 0.002 0 0.028
0.005 0.026 0.027 0 0.012 0.005 0.004 0.007 0.002 0.006 0.003 0.003 0.001 0.02 0.016 0.007 0.008 0 0.004 0.021 0.012 0.019 0.039 0.013 0.038 1 0.005 0.006 0.002 0.003 0.012 0.039 0.049 0.001 0.003 0.013 0.012 0.013 0.003 0.043 0.044 0.013 0.002 0.004 0.02 0.008 0.001 0.001 0.014 0.007 0.006 0.009 0.001 0.011 0.003 0.002 0.002 0.002 0.014 0.009 0.001 0.089 0.002 0.002 0.142 0.01 0.013 0.011 0.002 0.002 0.003 0.01 0.001 0.003 0.001 0.003 0.003
0.037 0.032 0.033 0.052 0.015 0.007 0.005 0.009 0.035 0.007 0.004 0.004 0.002 0.017 0.018 0.008 0.01 0.002 0.891 0.025 0.374 0.018 0.123 0.016 0.047 0.005 1 0.008 0.003 0.003 0.015 0.04 0.041 0.002 0.003 0.016 0.015 0.062 0.004 0.011 0.085 0.301 0.002 0.005 0.03 0.031 0.032 0.001 0.171 0.269 0.249 0.239 0.001 0.21 0.004 0.003 0.003 0.002 0.136 0.17 0.001 0.003 0.003 0.507 0.005 0.216 0.179 0.204 0.002 0.003 0.003 0.218 0.001 0.004 0.001 0.004 0.003
0.124 0.15 0.141 0.049 0.019 0.777 0.544 0.011 0.073 0.008 0.005 0.005 0.224 0.194 0.186 0.011 0.012 0.002 0.006 0.182 0.018 0.026 0.055 0.021 0.093 0.006 0.008 1 0.347 0.323 0.019 0.124 0.086 0 0.267 0.021 0.016 0.076 0.005 0.003 0.028 0.022 0.003 0.395 0.033 0.003 0.039 0.024 0.039 0.024 0.023 0.027 0.018 0.007 0.312 0.004 0.004 0.043 0.028 0.005 0.002 0.004 0.235 0.009 0.006 0.005 0.008 0.009 0.003 0.002 0.003 0.009 0.001 0.303 0.021 0.004 0.005
0.058 0.069 0.065 0.03 0.006 0.339 0.501 0.004 0.036 0.003 0.002 0.002 0.001 0.074 0.071 0.004 0.004 0.001 0.001 0.085 0.005 0.006 0.014 0.007 0.045 0.002 0.003 0.347 1 0.877 0.007 0.024 0.017 0.001 0.041 0.007 0.007 0.013 0.002 0.008 0.02 0.008 0.001 0.178 0.021 0.018 0.008 0 0.021 0.009 0.008 0.01 0 0.01 0.254 0.001 0.002 0 0.021 0.009 0.001 0.001 0.32 0.005 0.002 0.009 0.002 0.01 0.001 0.001 0.001 0.01 0 0.256 0 0.003 0.002
0.05 0.06 0.057 0.024 0.007 0.319 0.474 0.004 0.029 0.003 0.002 0.002 0.001 0.087 0.084 0.004 0.005 0.001 0.002 0.076 0.006 0.008 0.017 0.008 0.038 0.003 0.003 0.323 0.877 1 0.008 0.02 0.022 0.001 0.048 0.002 0.002 0.017 0.002 0.009 0.026 0.009 0.001 0.174 0.024 0.011 0.01 0 0.019 0.01 0.009 0.011 0 0.009 0.22 0.001 0.002 0.001 0.019 0.008 0.001 0.002 0.279 0.003 0.003 0.008 0.002 0.009 0.001 0.002 0.001 0.008 0.001 0.222 0 0.002 0.002
0.316 0.336 0.357 0.172 0.663 0.017 0.012 0.462 0.203 0.314 0.238 0.004 0.005 0.417 0.408 0.522 0.56 0.109 0.014 0.509 0.032 0.046 0.097 0.842 0.279 0.012 0.015 0.019 0.007 0.008 1 0.277 0.215 0.005 0.008 0.323 0.28 0.181 0.009 0.039 0.056 0.006 0.006 0.001 0.11 0.071 0.051 0 0.015 0.035 0.032 0.01 0 0.006 0.01 0.007 0.007 0.005 0.017 0.024 0.003 0.008 0.006 0.009 0.012 0.027 0.014 0.007 0.004 0.007 0.001 0.009 0 0.009 0 0.009 0.009
0.211 0.216 0.232 0.476 0.175 0.086 0.053 0.127 0.591 0.08 0.076 0.022 0.037 0.318 0.301 0.155 0.158 0.033 0.035 0.357 0.085 0.152 0.293 0.224 0.749 0.039 0.04 0.124 0.024 0.02 0.277 1 0.731 0.039 0.065 0.054 0.047 0.622 0.03 0.17 0.005 0.084 0.02 0.111 0.001 0.267 0.198 0.018 0.014 0.144 0.134 0.097 0.012 0.054 0.069 0.022 0.006 0.001 0.01 0.077 0.009 0.025 0.06 0.059 0.003 0.076 0.02 0.061 0.01 0.03 0.013 0.063 0.002 0.07 0.002 0.002 0.013
0.146 0.138 0.149 0.296 0.129 0.057 0.032 0.094 0.394 0.057 0.058 0.029 0.029 0.242 0.231 0.118 0.12 0.025 0.034 0.257 0.101 0.028 0.133 0.167 0.559 0.049 0.041 0.086 0.017 0.022 0.215 0.731 1 0.031 0.043 0.257 0.247 0.814 0.038 0.121 0.048 0.093 0.038 0.088 0.001 0.379 0.183 0.008 0.026 0.155 0.141 0.109 0.004 0.081 0.054 0.027 0.022 0 0.025 0.105 0.012 0.032 0.046 0.056 0.001 0.105 0.041 0.09 0.012 0.022 0.018 0.091 0.005 0.055 0 0.004 0.033
0.003 0.004 0.004 0.03 0.004 0 0.002 0.002 0.035 0.002 0.001 0.001 0.007 0.003 0.004 0.002 0.002 0.001 0.002 0.003 0.005 0.008 0.016 0.005 0.04 0.001 0.002 0 0.001 0.001 0.005 0.039 0.031 1 0.001 0.005 0.005 0.027 0.001 0.117 0.019 0.006 0.001 0.002 0.015 0.052 0.013 0.062 0.01 0.006 0.006 0.007 0.05 0.008 0.001 0.001 0.001 0.001 0.01 0.007 0 0.001 0.001 0.003 0.002 0.007 0.009 0.008 0.001 0.307 0.001 0.008 0 0.001 0 0.001 0.001
0.028 0.035 0.033 0.005 0.008 0.206 0.311 0.005 0.014 0.004 0.002 0 0.001 0.063 0.067 0.005 0.005 0.001 0.003 0.041 0 0.012 0.008 0.008 0.02 0.003 0.003 0.267 0.041 0.048 0.008 0.065 0.043 0.001 1 0.008 0.008 0.043 0.002 0.009 0.056 0.009 0.001 0.424 0.007 0.02 0.021 0.041 0.068 0.01 0.009 0.011 0.033 0 0.31 0.001 0.002 0.068 0.052 0 0.001 0.002 0.311 0.002 0.003 0 0.041 0.001 0.001 0.002 0.002 0 0.001 0.301 0.037 0.001 0.002
0.084 0.073 0.084 0.017 0.194 0.017 0.012 0.266 0.027 0.148 0.109 0.008 0.005 0.124 0.122 0.312 0.327 0.005 0.015 0.128 0.04 0.022 0 0.265 0.043 0.013 0.016 0.021 0.007 0.002 0.323 0.054 0.257 0.005 0.008 1 0.931 0.218 0.01 0.045 0.266 0.036 0.15 0.001 0.187 0.251 0.01 0.003 0.045 0.04 0.035 0.042 0.004 0.031 0.01 0.007 0.006 0.005 0.042 0.028 0.003 0.008 0.008 0.011 0.012 0.028 0.044 0.032 0.004 0.008 0.001 0.029 0.03 0.009 0.003 0.007 0.008
0.069 0.076 0.068 0.012 0.159 0.016 0.011 0.281 0.02 0.157 0.115 0.008 0.005 0.104 0.102 0.256 0.271 0.005 0.014 0.106 0.038 0.024 0 0.226 0.033 0.012 0.015 0.016 0.007 0.002 0.28 0.047 0.247 0.005 0.008 0.931 1 0.21 0.009 0.043 0.255 0.034 0.157 0.01 0.167 0.272 0.009 0.003 0.058 0.038 0.033 0.041 0.004 0.048 0.006 0.006 0.006 0.005 0.055 0.043 0.003 0.008 0.004 0.017 0.012 0.044 0.053 0.048 0.004 0.007 0.008 0.045 0.031 0.005 0.003 0.007 0.007
0.126 0.105 0.113 0.343 0.101 0.051 0.029 0.077 0.457 0.046 0.051 0.035 0.025 0.201 0.198 0.098 0.1 0.021 0.053 0.214 0.137 0.045 0.195 0.137 0.467 0.013 0.062 0.076 0.013 0.017 0.181 0.622 0.814 0.027 0.043 0.218 0.21 1 0.044 0.22 0.019 0.13 0.032 0.075 0.002 0.47 0.192 0.012 0.051 0.205 0.187 0.151 0.006 0.119 0.045 0.032 0.027 0 0.051 0.149 0.015 0.004 0.039 0.083 0.043 0.148 0.071 0.13 0.016 0.018 0.023 0.131 0.004 0.046 0 0.007 0.04
0.023 0.019 0.021 0.041 0.009 0.004 0.003 0.006 0.035 0.004 0.002 0.002 0.001 0.018 0.019 0.006 0.006 0.001 0.003 0.015 0.009 0.121 0.05 0.01 0.023 0.003 0.004 0.005 0.002 0.002 0.009 0.03 0.038 0.001 0.002 0.01 0.009 0.044 1 0.009 0.028 0.007 0.002 0.003 0.011 0.018 0.045 0.001 0.005 0.002 0.001 0.001 0.001 0.011 0.001 0.002 0.002 0.001 0.006 0.003 0.001 0.002 0.002 0.004 0 0.003 0.014 0.004 0.001 0.002 0.002 0.003 0.001 0.002 0.001 0.032 0.002
0.011 0.026 0.023 0.201 0.037 0.006 0.013 0.024 0.239 0.018 0.009 0.009 0.105 0.019 0.019 0.022 0.024 0.003 0.009 0.015 0.034 0.055 0.11 0.042 0.166 0.043 0.011 0.003 0.008 0.009 0.039 0.17 0.121 0.117 0.009 0.045 0.043 0.22 0.009 1 0.159 0.047 0.007 0.015 0.113 0.422 0.088 0.007 0.08 0.052 0.048 0.057 0.005 0.065 0.009 0.008 0.009 0.006 0.081 0.061 0.004 0.009 0.009 0.027 0.238 0.062 0.076 0.067 0.007 0.108 0.009 0.062 0.003 0.01 0.001 0 0.01
0.078 0.093 0.094 0.001 0.029 0.01 0.043 0.069 0.001 0.035 0.02 0.062 0.017 0.066 0.064 0.067 0.075 0.017 0.084 0.047 0.24 0.018 0.078 0.032 0 0.044 0.085 0.028 0.02 0.026 0.056 0.005 0.048 0.019 0.056 0.266 0.255 0.019 0.028 0.159 1 0.228 0.042 0.097 0.347 0.002 0.092 0 0.312 0.21 0.187 0.158 0.001 0.188 0.062 0.049 0.021 0.035 0.247 0.199 0.022 0.018 0.052 0.077 0.042 0.201 0.24 0.177 0.023 0.027 0.056 0.175 0.005 0.062 0.001 0.022 0.011
0 0.001 0.001 0.01 0.002 0.018 0.012 0 0.054 0.002 0 0.063 0.005 0.023 0.024 0.002 0.001 0.005 0.285 0.028 0.627 0.047 0.184 0.01 0.075 0.013 0.301 0.022 0.008 0.009 0.006 0.084 0.093 0.006 0.009 0.036 0.034 0.13 0.007 0.047 0.228 1 0.007 0.015 0.21 0.104 0.051 0.003 0.555 0.723 0.687 0.766 0.004 0.672 0.011 0.152 0.047 0.009 0.479 0.558 0.042 0.009 0.008 0.268 0.014 0.56 0.561 0.661 0.065 0.008 0.135 0.637 0.003 0.01 0.004 0.011 0.053
0.003 0.011 0.012 0.025 0.006 0.002 0.001 0.004 0.023 0.003 0.002 0.001 0.001 0.011 0.008 0.004 0.004 0.001 0.002 0.011 0.005 0.101 0.051 0.007 0.018 0.002 0.002 0.003 0.001 0.001 0.006 0.02 0.038 0.001 0.001 0.15 0.157 0.032 0.002 0.007 0.042 0.007 1 0.002 0.005 0.015 0.03 0 0.012 0.008 0.007 0.009 0.001 0.01 0.002 0.001 0.001 0.001 0.011 0.009 0.001 0.001 0.001 0.004 0.002 0.009 0.011 0.009 0.001 0.001 0.001 0.009 0 0.001 0.001 0 0.001
0.042 0.032 0.05 0.014 0.001 0.213 0.328 0.008 0.02 0.006 0.003 0.001 0.002 0.082 0.084 0 0 0.002 0.005 0.066 0.002 0.016 0.019 0.001 0.029 0.004 0.005 0.395 0.178 0.174 0.001 0.111 0.088 0.002 0.424 0.001 0.01 0.075 0.003 0.015 0.097 0.015 0.002 1 0.004 0.035 0.035 0.001 0.182 0.017 0.016 0.017 0.001 0.001 0.646 0.002 0.003 0.069 0.154 0.002 0.001 0.003 0.522 0.001 0.004 0.002 0.079 0 0.002 0.003 0.001 0 0.001 0.636 0.001 0.003 0.003
0.038 0.043 0.045 0 0.074 0.042 0.026 0.16 0.005 0.108 0.065 0.031 0.014 0.025 0.022 0.157 0.157 0.014 0.037 0.017 0.141 0.009 0.052 0.087 0.004 0.02 0.03 0.033 0.021 0.024 0.11 0.001 0.001 0.015 0.007 0.187 0.167 0.002 0.011 0.113 0.347 0.21 0.005 0.004 1 0.004 0.051 0.009 0.165 0.207 0.201 0.219 0.011 0.215 0.008 0.045 0.023 0.007 0.177 0.221 0.027 0.01 0.005 0.065 0.037 0.19 0.172 0.226 0.029 0.022 0.042 0.216 0.007 0.01 0.01 0.006 0.034
0.022 0.012 0.011 0.228 0.028 0.001 0.028 0.089 0.279 0.043 0.037 0.015 0.047 0.025 0.025 0.081 0.085 0.008 0.027 0.03 0.074 0.017 0.09 0.049 0.243 0.008 0.031 0.003 0.018 0.011 0.071 0.267 0.379 0.052 0.02 0.251 0.272 0.47 0.018 0.422 0.002 0.104 0.015 0.035 0.004 1 0.118 0.001 0.182 0.115 0.108 0.134 0 0.148 0.024 0.017 0.02 0.012 0.183 0.135 0.008 0.02 0.019 0.064 0.126 0.137 0.173 0.152 0.012 0.043 0.02 0.142 0.011 0.023 0.004 0.002 0.023
0.072 0.066 0.068 0.168 0.037 0.024 0.016 0.026 0.18 0.034 0.024 0 0.012 0.069 0.064 0.024 0.027 0.004 0.035 0.069 0.046 0.12 0.011 0.034 0.15 0.001 0.032 0.039 0.008 0.01 0.051 0.198 0.183 0.013 0.021 0.01 0.009 0.192 0.045 0.088 0.092 0.051 0.03 0.035 0.051 0.118 1 0.008 0.119 0.061 0.055 0.07 0.003 0.062 0.021 0.001 0.006 0.013 0.089 0.052 0.002 0.07 0.02 0.048 0.029 0.054 0.082 0.062 0.006 0.006 0 0.062 0 0.022 0 0.025 0.001
0.004 0.006 0.006 0.006 0 0.029 0.026 0.002 0.019 0.001 0.001 0.001 0.004 0.01 0.009 0.002 0.002 0.007 0.001 0.012 0.003 0.004 0.008 0 0.019 0.001 0.001 0.024 0 0 0 0.018 0.008 0.062 0.041 0.003 0.003 0.012 0.001 0.007 0 0.003 0 0.001 0.009 0.001 0.008 1 0.006 0.004 0.003 0.004 0.832 0.005 0.001 0.001 0.001 0 0.006 0.004 0 0.001 0.001 0.002 0.001 0.004 0.006 0.005 0 0.041 0.001 0.005 0 0.001 0.4 0.02 0.001
0.004 0.007 0.009 0.007 0.008 0.014 0.041 0.005 0.033 0.001 0 0.064 0.009 0 0 0.003 0.003 0.009 0.162 0.002 0.449 0.036 0.132 0.021 0.039 0.014 0.171 0.039 0.021 0.019 0.015 0.014 0.026 0.01 0.068 0.045 0.058 0.051 0.005 0.08 0.312 0.555 0.012 0.182 0.165 0.182 0.119 0.006 1 0.641 0.594 0.652 0.007 0.674 0.12 0.091 0.02 0.067 0.849 0.63 0.043 0.015 0.1 0.313 0.023 0.636 0.791 0.684 0.051 0.014 0.109 0.659 0.005 0.12 0.006 0.019 0.055
0.009 0.004 0.005 0.039 0.022 0.02 0.014 0.014 0.106 0.009 0.011 0.099 0.006 0.052 0.054 0.027 0.025 0.006 0.255 0.068 0.635 0.013 0.273 0.043 0.133 0.007 0.269 0.024 0.009 0.01 0.035 0.144 0.155 0.006 0.01 0.04 0.038 0.205 0.002 0.052 0.21 0.723 0.008 0.017 0.207 0.115 0.061 0.004 0.641 1 0.906 0.85 0.004 0.714 0.011 0.143 0.041 0.018 0.553 0.765 0.067 0.01 0.008 0.421 0.015 0.771 0.603 0.748 0.083 0.009 0.127 0.732 0.003 0.01 0.004 0.012 0.095
0.006 0.002 0.003 0.039 0.02 0.019 0.013 0.012 0.108 0.008 0.011 0.08 0.005 0.055 0.057 0.025 0.023 0.005 0.272 0.063 0.599 0.009 0.27 0.04 0.123 0.006 0.249 0.023 0.008 0.009 0.032 0.134 0.141 0.006 0.009 0.035 0.033 0.187 0.001 0.048 0.187 0.687 0.007 0.016 0.201 0.108 0.055 0.003 0.594 0.906 1 0.795 0.004 0.67 0.011 0.153 0.049 0 0.549 0.757 0.071 0.009 0.008 0.395 0.014 0.723 0.562 0.705 0.097 0.008 0.136 0.686 0.003 0.01 0.004 0.011 0.108
0.002 0 0 0.022 0.004 0.023 0.015 0 0.071 0.001 0 0.068 0.006 0.027 0.029 0.002 0.002 0.006 0.227 0.037 0.535 0.015 0.217 0.015 0.088 0.009 0.239 0.027 0.01 0.011 0.01 0.097 0.109 0.007 0.011 0.042 0.041 0.151 0.001 0.057 0.158 0.766 0.009 0.017 0.219 0.134 0.07 0.004 0.652 0.85 0.795 1 0.005 0.778 0.012 0.126 0.049 0.014 0.6 0.692 0.059 0.011 0.009 0.393 0.017 0.697 0.652 0.806 0.073 0.01 0.111 0.758 0.004 0.012 0.004 0.014 0.087
0.003 0.005 0.004 0.004 0 0.023 0.02 0.002 0.014 0.002 0.001 0.001 0.003 0.008 0.008 0.002 0.002 0.005 0.001 0.01 0.004 0.001 0.005 0 0.013 0.001 0.001 0.018 0 0 0 0.012 0.004 0.05 0.033 0.004 0.004 0.006 0.001 0.005 0.001 0.004 0.001 0.001 0.011 0 0.003 0.832 0.007 0.004 0.004 0.005 1 0.006 0.001 0.001 0.001 0 0.007 0.005 0 0.001 0.001 0.002 0.001 0.005 0.007 0.006 0.001 0.033 0.001 0.005 0 0.001 0.524 0.028 0.001
0 0 0.001 0.007 0.002 0.003 0 0.001 0.035 0 0 0.07 0.007 0.009 0.01 0 0 0.007 0.199 0.014 0.472 0.031 0.15 0.011 0.059 0.011 0.21 0.007 0.01 0.009 0.006 0.054 0.081 0.008 0 0.031 0.048 0.119 0.011 0.065 0.188 0.672 0.01 0.001 0.215 0.148 0.062 0.005 0.674 0.714 0.67 0.778 0.006 1 0.015 0.098 0.08 0.081 0.688 0.85 0.052 0.012 0.011 0.4 0.019 0.858 0.742 0.933 0.097 0.011 0.119 0.894 0.004 0.014 0.005 0.015 0.151
0.009 0.013 0.012 0.001 0.009 0.118 0.184 0.005 0.002 0.004 0.002 0 0.001 0.032 0.034 0.005 0.005 0.001 0.003 0.017 0 0.008 0.006 0.01 0.005 0.003 0.004 0.312 0.254 0.22 0.01 0.069 0.054 0.001 0.31 0.01 0.006 0.045 0.001 0.009 0.062 0.011 0.002 0.646 0.008 0.024 0.021 0.001 0.12 0.011 0.011 0.012 0.001 0.015 1 0.002 0.002 0.001 0.119 0.014 0.001 0.002 0.77 0.006 0.003 0.014 0.068 0.015 0.001 0.002 0.002 0.014 0.001 0.935 0.001 0.002 0.002
0.046 0.056 0.052 0.023 0.002 0.003 0.002 0.004 0.018 0.003 0.002 0.002 0.001 0.007 0.003 0.004 0.004 0.001 0.002 0.012 0.138 0.01 0.039 0.007 0.021 0.002 0.003 0.004 0.001 0.001 0.007 0.022 0.027 0.001 0.001 0.007 0.006 0.032 0.002 0.008 0.049 0.152 0.001 0.002 0.045 0.017 0.001 0.001 0.091 0.143 0.153 0.126 0.001 0.098 0.002 1 0.001 0.001 0.075 0.118 0.013 0.001 0.001 0.001 0.002 0.12 0.086 0.108 0 0.001 0.262 0.084 0 0.002 0.001 0.002 0.001
0.004 0.003 0.003 0.001 0 0.002 0.001 0.001 0 0.003 0.001 0.185 0.001 0.012 0.013 0.004 0.004 0.001 0.002 0.013 0.031 0.005 0.006 0.008 0.018 0.002 0.003 0.004 0.002 0.002 0.007 0.006 0.022 0.001 0.002 0.006 0.006 0.027 0.002 0.009 0.021 0.047 0.001 0.003 0.023 0.02 0.006 0.001 0.02 0.041 0.049 0.049 0.001 0.08 0.002 0.001 1 0.001 0.063 0.088 0.065 0.002 0.002 0.006 0.003 0.07 0.058 0.074 0.213 0.002 0.009 0.066 0.001 0.002 0.001 0.002 0.345
0.003 0.004 0.003 0 0.005 0.053 0.084 0.003 0 0.002 0.001 0.042 0.001 0.012 0.012 0.003 0.003 0.001 0.002 0.007 0.004 0.008 0 0.005 0.001 0.002 0.002 0.043 0 0.001 0.005 0.001 0 0.001 0.068 0.005 0.005 0 0.001 0.006 0.035 0.009 0.001 0.069 0.007 0.012 0.013 0 0.067 0.018 0 0.014 0 0.081 0.001 0.001 0.001 1 0.047 0.089 0 0.001 0.001 0.002 0.002 0.088 0.032 0.068 0.001 0.001 0.001 0.064 0 0.001 0 0.001 0.001
0.002 0.004 0.006 0.007 0.009 0.009 0.031 0.004 0.033 0.001 0.001 0.052 0.009 0 0.001 0.002 0.002 0.009 0.155 0.004 0.389 0.032 0.113 0.02 0.04 0.014 0.136 0.028 0.021 0.019 0.017 0.01 0.025 0.01 0.052 0.042 0.055 0.051 0.006 0.081 0.247 0.479 0.011 0.154 0.177 0.183 0.089 0.006 0.849 0.553 0.549 0.6 0.007 0.688 0.119 0.075 0.063 0.047 1 0.669 0.043 0.015 0.099 0.284 0.024 0.663 0.848 0.717 0.079 0.014 0.092 0.688 0.005 0.119 0.006 0.019 0.123
0.001 0.001 0 0.017 0.015 0.002 0 0.018 0.061 0.012 0.013 0.079 0.006 0.023 0.024 0.014 0.013 0.007 0.188 0.032 0.465 0.018 0.176 0.032 0.084 0.009 0.17 0.005 0.009 0.008 0.024 0.077 0.105 0.007 0 0.028 0.043 0.149 0.003 0.061 0.199 0.558 0.009 0.002 0.221 0.135 0.052 0.004 0.63 0.765 0.757 0.692 0.005 0.85 0.014 0.118 0.088 0.089 0.669 1 0.057 0.011 0.01 0.381 0.017 0.917 0.649 0.868 0.106 0.01 0.142 0.828 0.004 0.013 0.005 0.014 0.165
0.007 0.006 0.006 0.013 0.003 0.001 0.001 0.001 0.011 0.001 0.001 0.217 0 0.001 0.001 0.001 0.001 0 0.001 0.005 0.08 0.005 0.025 0.003 0.009 0.001 0.001 0.002 0.001 0.001 0.003 0.009 0.012 0 0.001 0.003 0.003 0.015 0.001 0.004 0.022 0.042 0.001 0.001 0.027 0.008 0.002 0 0.043 0.067 0.071 0.059 0 0.052 0.001 0.013 0.065 0 0.043 0.057 1 0.001 0.001 0.002 0.001 0.036 0.033 0.047 0.108 0.001 0.007 0.05 0 0.001 0 0.001 0.232
0.001 0.005 0 0.006 0 0.003 0.002 0.005 0.014 0.004 0.002 0.002 0.001 0.002 0.002 0.005 0.005 0 0.003 0.003 0.008 0.001 0.001 0 0.01 0.089 0.003 0.004 0.001 0.002 0.008 0.025 0.032 0.001 0.002 0.008 0.008 0.004 0.002 0.009 0.018 0.009 0.001 0.003 0.01 0.02 0.07 0.001 0.015 0.01 0.009 0.011 0.001 0.012 0.002 0.001 0.002 0.001 0.015 0.011 0.001 1 0.002 0.005 0.002 0.012 0.014 0.013 0.001 0.001 0.002 0.012 0.001 0.002 0.001 0.002 0.002
0.012 0.016 0.014 0.002 0.007 0.117 0.181 0.004 0.005 0.003 0.002 0 0.001 0.04 0.043 0.004 0.004 0.001 0.003 0.021 0 0.007 0.004 0.007 0.008 0.002 0.003 0.235 0.32 0.279 0.006 0.06 0.046 0.001 0.311 0.008 0.004 0.039 0.002 0.009 0.052 0.008 0.001 0.522 0.005 0.019 0.02 0.001 0.1 0.008 0.008 0.009 0.001 0.011 0.77 0.001 0.002 0.001 0.099 0.01 0.001 0.002 1 0.004 0.002 0.011 0.048 0.012 0.001 0.001 0.001 0.011 0.001 0.746 0.001 0.002 0.002
0.031 0.029 0.027 0.055 0.017 0.007 0.004 0.015 0.051 0.012 0.006 0 0.003 0.016 0.018 0.007 0.006 0.003 0.478 0.022 0.251 0.003 0.122 0.014 0.051 0.002 0.507 0.009 0.005 0.003 0.009 0.059 0.056 0.003 0.002 0.011 0.017 0.083 0.004 0.027 0.077 0.268 0.004 0.001 0.065 0.064 0.048 0.002 0.313 0.421 0.395 0.393 0.002 0.4 0.006 0.001 0.006 0.002 0.284 0.381 0.002 0.005 0.004 1 0.008 0.414 0.343 0.404 0.004 0.005 0.002 0.39 0.002 0.006 0.002 0.006 0.002
0.008 0.025 0.026 0.048 0.012 0.005 0.004 0.007 0.057 0.005 0.003 0.003 0.001 0.019 0.019 0.007 0.007 0.001 0.004 0.02 0.012 0.013 0.03 0.012 0.003 0.142 0.005 0.006 0.002 0.003 0.012 0.003 0.001 0.002 0.003 0.012 0.012 0.043 0 0.238 0.042 0.014 0.002 0.004 0.037 0.126 0.029 0.001 0.023 0.015 0.014 0.017 0.001 0.019 0.003 0.002 0.003 0.002 0.024 0.017 0.001 0.002 0.002 0.008 1 0.018 0.022 0.02 0.002 0.002 0.003 0.018 0.001 0.003 0.001 0.009 0.003
0.001 0.001 0 0.013 0.013 0.002 0 0.018 0.052 0.012 0.014 0.05 0.007 0.022 0.023 0.014 0.013 0.005 0.207 0.032 0.472 0.019 0.177 0.03 0.083 0.01 0.216 0.005 0.009 0.008 0.027 0.076 0.105 0.007 0 0.028 0.044 0.148 0.003 0.062 0.201 0.56 0.009 0.002 0.19 0.137 0.054 0.004 0.636 0.771 0.723 0.697 0.005 0.858 0.014 0.12 0.07 0.088 0.663 0.917 0.036 0.012 0.011 0.414 0.018 1 0.655 0.875 0.105 0.011 0.143 0.854 0.004 0.013 0.005 0.014 0.14
0 0.001 0.001 0.011 0.007 0 0.005 0.003 0.039 0 0.001 0.058 0.008 0.004 0.004 0.003 0.003 0.009 0.17 0.013 0.454 0.035 0.127 0.02 0.061 0.013 0.179 0.008 0.002 0.002 0.014 0.02 0.041 0.009 0.041 0.044 0.053 0.071 0.014 0.076 0.24 0.561 0.011 0.079 0.172 0.173 0.082 0.006 0.791 0.603 0.562 0.652 0.007 0.742 0.068 0.086 0.058 0.032 0.848 0.649 0.033 0.014 0.048 0.343 0.022 0.655 1 0.74 0.084 0.013 0.115 0.685 0.005 0.066 0.006 0.015 0.117
0 0 0.001 0.009 0.003 0.004 0 0.002 0.041 0 0 0.065 0.007 0.012 0.013 0.001 0.001 0.008 0.193 0.018 0.477 0.022 0.163 0.012 0.067 0.011 0.204 0.009 0.01 0.009 0.007 0.061 0.09 0.008 0.001 0.032 0.048 0.13 0.004 0.067 0.177 0.661 0.009 0 0.226 0.152 0.062 0.005 0.684 0.748 0.705 0.806 0.006 0.933 0.015 0.108 0.074 0.068 0.717 0.868 0.047 0.013 0.012 0.404 0.02 0.875 0.74 1 0.09 0.012 0.129 0.915 0.004 0.015 0.005 0.013 0.142
0 0.001 0 0 0.001 0.001 0 0.003 0 0.006 0.001 0.028 0.001 0.007 0.007 0.003 0.003 0.001 0.002 0.008 0.059 0.001 0.024 0.005 0.01 0.002 0.002 0.003 0.001 0.001 0.004 0.01 0.012 0.001 0.001 0.004 0.004 0.016 0.001 0.007 0.023 0.065 0.001 0.002 0.029 0.012 0.006 0 0.051 0.083 0.097 0.073 0.001 0.097 0.001 0 0.213 0.001 0.079 0.106 0.108 0.001 0.001 0.004 0.002 0.105 0.084 0.09 1 0.001 0.001 0.078 0 0.001 0 0.001 0.41
0.009 0.012 0.013 0.021 0.006 0.002 0.002 0.004 0.026 0 0.001 0.002 0 0.011 0.009 0.004 0.004 0.001 0.003 0.009 0.007 0.001 0.008 0.008 0.031 0.002 0.003 0.002 0.001 0.002 0.007 0.03 0.022 0.307 0.002 0.008 0.007 0.018 0.002 0.108 0.027 0.008 0.001 0.003 0.022 0.043 0.006 0.041 0.014 0.009 0.008 0.01 0.033 0.011 0.002 0.001 0.002 0.001 0.014 0.01 0.001 0.001 0.001 0.005 0.002 0.011 0.013 0.012 0.001 1 0.002 0.011 0 0.002 0.001 0.002 0.002
0.023 0.016 0.028 0.007 0 0.002 0.001 0.005 0.008 0.004 0.002 0.041 0.001 0.001 0 0 0 0.001 0.003 0.003 0.108 0.012 0.025 0.001 0.012 0.003 0.003 0.003 0.001 0.001 0.001 0.013 0.018 0.001 0.002 0.001 0.008 0.023 0.002 0.009 0.056 0.135 0.001 0.001 0.042 0.02 0 0.001 0.109 0.127 0.136 0.111 0.001 0.119 0.002 0.262 0.009 0.001 0.092 0.142 0.007 0.002 0.001 0.002 0.003 0.143 0.115 0.129 0.001 0.002 1 0.12 0.001 0.002 0.001 0.002 0
0 0 0 0.012 0.002 0.005 0.001 0.002 0.042 0 0.001 0.058 0.007 0.011 0.013 0.001 0.001 0.007 0.206 0.018 0.448 0.021 0.16 0.011 0.069 0.01 0.218 0.009 0.01 0.008 0.009 0.063 0.091 0.008 0 0.029 0.045 0.131 0.003 0.062 0.175 0.637 0.009 0 0.216 0.142 0.062 0.005 0.659 0.732 0.686 0.758 0.005 0.894 0.014 0.084 0.066 0.064 0.688 0.828 0.05 0.012 0.011 0.39 0.018 0.854 0.685 0.915 0.078 0.011 0.12 1 0.004 0.014 0.005 0.015 0.153
0.002 0.002 0.002 0.005 0 0.001 0.001 0 0.004 0 0.001 0.001 0 0.001 0.001 0 0.002 0 0.001 0.001 0.003 0.019 0.007 0 0.003 0.001 0.001 0.001 0 0.001 0 0.002 0.005 0 0.001 0.03 0.031 0.004 0.001 0.003 0.005 0.003 0 0.001 0.007 0.011 0 0 0.005 0.003 0.003 0.004 0 0.004 0.001 0 0.001 0 0.005 0.004 0 0.001 0.001 0.002 0.001 0.004 0.005 0.004 0 0 0.001 0.004 1 0.001 0 0.001 0.001
0.008 0.012 0.011 0.001 0.008 0.12 0.187 0.005 0.002 0.004 0.002 0 0.001 0.03 0.032 0.005 0.005 0.001 0.003 0.018 0 0.009 0.006 0.01 0.004 0.003 0.004 0.303 0.256 0.222 0.009 0.07 0.055 0.001 0.301 0.009 0.005 0.046 0.002 0.01 0.062 0.01 0.001 0.636 0.01 0.023 0.022 0.001 0.12 0.01 0.01 0.012 0.001 0.014 0.935 0.002 0.002 0.001 0.119 0.013 0.001 0.002 0.746 0.006 0.003 0.013 0.066 0.015 0.001 0.002 0.002 0.014 0.001 1 0.001 0.002 0.002
0.005 0.007 0.006 0 0 0.026 0.024 0.002 0.003 0.002 0.001 0.001 0.004 0.011 0.01 0.002 0.002 0.006 0.001 0.013 0.003 0.001 0 0 0.002 0.001 0.001 0.021 0 0 0 0.002 0 0 0.037 0.003 0.003 0 0.001 0.001 0.001 0.004 0.001 0.001 0.01 0.004 0 0.4 0.006 0.004 0.004 0.004 0.524 0.005 0.001 0.001 0.001 0 0.006 0.005 0 0.001 0.001 0.002 0.001 0.005 0.006 0.005 0 0.001 0.001 0.005 0 0.001 1 0.038 0.001
0.004 0.003 0.003 0.005 0.008 0.006 0.007 0.006 0.001 0.004 0.002 0.002 0 0.001 0.001 0.006 0.006 0.001 0.004 0.001 0.007 0.031 0.003 0.008 0 0.003 0.004 0.004 0.003 0.002 0.009 0.002 0.004 0.001 0.001 0.007 0.007 0.007 0.032 0 0.022 0.011 0 0.003 0.006 0.002 0.025 0.02 0.019 0.012 0.011 0.014 0.028 0.015 0.002 0.002 0.002 0.001 0.019 0.014 0.001 0.002 0.002 0.006 0.009 0.014 0.015 0.013 0.001 0.002 0.002 0.015 0.001 0.002 0.038 1 0.002
0.001 0 0 0.001 0 0.002 0.001 0.001 0.003 0.002 0.002 0.04 0.001 0.014 0.015 0.005 0.005 0.001 0.003 0.015 0.053 0 0.026 0.009 0.028 0.003 0.003 0.005 0.002 0.002 0.009 0.013 0.033 0.001 0.002 0.008 0.007 0.04 0.002 0.01 0.011 0.053 0.001 0.003 0.034 0.023 0.001 0.001 0.055 0.095 0.108 0.087 0.001 0.151 0.002 0.001 0.345 0.001 0.123 0.165 0.232 0.002 0.002 0.002 0.003 0.14 0.117 0.142 0.41 0.002 0 0.153 0.001 0.002 0.001 0.002 1
