1 0.788 0.795 0.488 0.362 0.181 0.139 0.2 0.354 0.173 0.086 0.024 0.033 0.571 0.563 0.206 0.183 0.084 0.034 0.553 0.011 0.117 0.131 0.314 0.347 0.008 0.036 0.154 0.066 0.061 0.24 0.277 0.166 0.001 0.033 0.017 0.011 0.137 0.021 0.001 0.036 0.002 0.005 0.073 0.003 0.007 0.076 0.006 0.012 0.009 0.009 0.001 0.003 0 0.027 0.042 0.005 0.01 0.011 0.001 0.014 0.014 0.034 0.012 0.003 0 0.006 0 0.004 0.001 0.031 0 0.005 0.02 0.003 0.011 0.004
0.788 1 0.982 0.431 0.439 0.229 0.177 0.253 0.294 0.219 0.109 0.019 0.042 0.716 0.696 0.245 0.219 0.106 0.027 0.673 0.004 0.101 0.096 0.384 0.318 0.029 0.028 0.197 0.084 0.079 0.302 0.25 0.152 0.002 0.045 0.028 0.023 0.109 0.016 0.028 0.067 0 0.012 0.082 0.012 0 0.058 0.01 0.024 0.004 0.004 0 0.005 0.002 0.038 0.056 0.003 0.013 0.02 0 0.012 0.011 0.045 0.013 0.022 0.001 0.015 0.002 0.002 0 0.042 0.002 0.003 0.028 0.006 0.01 0.002
0.795 0.982 1 0.435 0.453 0.226 0.174 0.249 0.298 0.216 0.108 0.019 0.041 0.726 0.706 0.259 0.232 0.105 0.027 0.684 0.004 0.1 0.097 0.398 0.326 0.029 0.029 0.194 0.082 0.077 0.312 0.257 0.156 0.002 0.044 0.032 0.022 0.113 0.017 0.028 0.069 0 0.012 0.094 0.014 0 0.059 0.01 0.026 0.004 0.004 0 0.005 0.003 0.037 0.055 0.003 0.013 0.023 0 0.012 0.011 0.044 0.01 0.022 0.001 0.016 0.004 0.002 0 0.041 0.003 0.003 0.027 0.006 0.01 0.002
0.488 0.431 0.435 1 0.212 0.089 0.069 0.114 0.813 0.099 0.049 0.042 0.019 0.306 0.314 0.124 0.106 0.051 0.06 0.284 0.044 0.245 0.322 0.184 0.654 0 0.061 0.073 0.038 0.034 0.125 0.567 0.352 0.03 0.01 0 0 0.4 0.037 0.252 0.002 0.025 0.026 0.037 0.016 0.2 0.201 0.008 0.003 0.049 0.05 0.028 0.003 0.016 0.011 0.024 0.01 0.004 0.003 0.026 0.026 0.025 0.012 0.041 0.062 0.017 0.005 0.013 0.01 0.032 0.01 0.014 0.007 0.008 0 0.006 0.013
0.362 0.439 0.453 0.212 1 0.021 0.017 0.459 0.24 0.438 0.211 0.009 0.004 0.499 0.493 0.501 0.46 0.222 0.013 0.512 0.037 0.062 0.121 0.807 0.265 0.014 0.015 0.021 0.008 0.008 0.66 0.221 0.161 0.008 0.008 0.123 0.097 0.132 0.008 0.025 0.009 0.006 0.007 0.001 0.016 0.016 0.031 0.001 0.01 0.031 0.031 0.007 0.001 0.007 0.008 0.003 0.007 0.003 0.016 0.027 0.005 0.005 0.007 0.007 0.008 0.02 0.014 0.007 0.009 0.007 0.003 0.008 0 0.006 0.001 0.013 0.009
0.181 0.229 0.226 0.089 0.021 1 0.778 0.011 0.115 0.01 0.005 0.004 0.182 0.248 0.236 0.012 0.012 0.005 0.006 0.205 0.017 0.012 0.035 0.021 0.102 0.007 0.007 0.856 0.366 0.352 0.023 0.077 0.047 0 0.21 0.022 0.021 0.031 0.004 0 0.018 0.017 0.003 0.299 0.023 0.009 0.019 0.046 0.032 0.016 0.016 0.02 0.034 0 0.189 0.004 0.003 0.077 0.038 0 0.003 0.003 0.203 0.007 0.007 0 0.026 0 0.003 0.003 0.001 0 0.002 0.154 0.038 0.001 0.002
0.139 0.177 0.174 0.069 0.017 0.778 1 0.009 0.091 0.008 0.004 0.003 0.001 0.192 0.182 0.009 0.01 0.004 0.005 0.149 0.014 0.007 0.025 0.017 0.075 0.005 0.006 0.634 0.459 0.441 0.019 0.053 0.029 0.002 0.266 0.017 0.017 0.018 0.003 0.013 0.04 0.013 0.003 0.381 0.015 0.034 0.012 0.018 0.054 0.013 0.012 0.015 0.012 0.001 0.241 0.003 0.006 0.098 0.062 0.002 0.003 0.002 0.257 0.005 0.006 0.002 0.045 0 0.006 0.003 0.002 0.002 0.002 0.196 0.015 0.001 0.003
0.2 0.253 0.249 0.114 0.459 0.011 0.009 1 0.125 0.864 0.43 0.005 0.002 0.272 0.258 0.882 0.784 0.006 0.007 0.28 0.019 0.032 0.064 0.404 0.146 0.007 0.008 0.011 0.004 0.004 0.349 0.129 0.092 0.025 0.004 0.204 0.216 0.082 0.004 0.006 0.044 0 0.004 0.007 0.069 0.092 0.031 0.003 0.004 0.019 0.019 0 0.004 0.003 0.004 0.004 0.003 0.002 0.006 0.025 0.002 0.003 0.004 0.011 0.002 0.025 0.006 0.003 0.004 0.022 0.005 0.005 0 0.003 0.004 0.007 0.004
0.354 0.294 0.298 0.813 0.24 0.115 0.091 0.125 1 0.108 0.055 0.038 0.021 0.367 0.375 0.136 0.118 0.056 0.043 0.341 0.136 0.201 0.416 0.209 0.75 0.001 0.047 0.095 0.042 0.038 0.158 0.683 0.45 0.034 0.017 0.002 0.001 0.51 0.033 0.28 0.011 0.081 0.027 0.042 0.035 0.248 0.205 0.015 0.026 0.128 0.13 0.086 0.007 0.052 0.013 0.021 0.008 0.004 0.026 0.078 0.024 0.024 0.018 0.046 0.069 0.065 0.031 0.055 0.01 0.036 0.012 0.048 0.006 0.01 0.003 0.002 0.015
0.173 0.219 0.216 0.099 0.438 0.01 0.008 0.864 0.108 1 0.498 0.004 0.002 0.236 0.224 0.759 0.665 0.005 0.006 0.243 0.016 0.028 0.055 0.336 0.126 0.006 0.007 0.009 0.004 0.004 0.287 0.109 0.078 0.031 0.004 0.148 0.158 0.069 0.004 0.003 0.029 0 0.003 0.006 0.047 0.07 0.032 0.003 0.002 0.017 0.016 0 0.003 0.001 0.004 0.004 0.002 0.002 0.003 0.021 0.002 0.003 0.003 0.01 0.001 0.021 0.003 0.001 0.004 0.027 0.004 0.003 0.001 0.003 0.003 0.006 0.003
0.086 0.109 0.108 0.049 0.211 0.005 0.004 0.43 0.055 0.498 1 0.002 0.001 0.118 0.112 0.397 0.391 0.002 0.003 0.122 0.008 0.014 0.028 0.123 0.065 0.003 0.003 0.005 0.002 0.002 0.107 0.062 0.044 0.074 0.002 0.025 0.027 0.041 0.002 0.001 0.001 0.006 0.002 0.003 0.007 0.022 0.023 0.001 0.001 0.009 0.009 0.005 0.002 0.001 0.002 0.002 0.002 0.001 0 0.012 0.002 0.001 0.002 0.005 0.004 0.012 0 0 0.002 0.067 0.002 0 0.001 0.001 0.002 0.003 0.002
0.024 0.019 0.019 0.042 0.009 0.004 0.003 0.005 0.038 0.004 0.002 1 0.001 0.009 0.01 0.005 0.005 0.002 0.003 0.006 0.236 0.013 0.07 0.009 0.032 0.003 0.003 0.004 0.002 0.002 0.007 0.032 0.042 0.001 0.001 0.009 0.009 0.05 0.002 0.012 0.066 0.162 0.001 0.002 0.056 0.025 0.01 0.001 0.129 0.206 0.195 0.152 0.001 0.15 0.001 0.001 0.293 0.019 0.12 0.166 0.499 0.001 0.001 0 0.003 0.149 0.097 0.105 0.134 0.001 0.021 0.102 0.001 0.001 0.001 0.003 0.205
0.033 0.042 0.041 0.019 0.004 0.182 0.001 0.002 0.021 0.002 0.001 0.001 1 0.045 0.043 0.002 0.002 0.001 0.001 0.046 0.003 0.005 0.011 0.004 0.025 0.001 0.001 0.186 0.001 0.001 0.004 0.025 0.018 0.002 0.001 0.004 0.004 0.016 0.001 0.068 0.012 0.004 0.001 0.001 0.009 0.03 0.009 0.041 0.006 0.004 0.004 0.004 0.032 0.005 0.001 0.001 0.001 0 0.006 0.004 0.001 0.001 0.001 0.002 0.001 0.004 0.006 0.005 0.001 0 0.001 0.004 0 0.001 0.033 0.013 0.001
0.571 0.716 0.726 0.306 0.499 0.248 0.192 0.272 0.367 0.236 0.118 0.009 0.045 1 0.947 0.298 0.269 0.122 0.013 0.809 0.047 0.08 0.155 0.473 0.401 0.026 0.016 0.223 0.091 0.094 0.363 0.329 0.237 0.003 0.056 0.053 0.04 0.187 0.015 0.021 0.041 0.02 0.013 0.113 0.004 0.003 0.055 0.015 0.002 0.048 0.051 0.021 0.009 0.004 0.048 0.01 0.002 0.019 0.003 0.016 0.006 0.009 0.056 0.01 0.02 0.011 0 0.005 0.003 0.001 0.002 0.003 0.001 0.037 0.01 0.008 0.004
0.563 0.696 0.706 0.314 0.493 0.236 0.182 0.258 0.375 0.224 0.112 0.01 0.043 0.947 1 0.283 0.255 0.116 0.014 0.782 0.05 0.084 0.164 0.458 0.399 0.022 0.017 0.212 0.086 0.089 0.363 0.319 0.229 0.003 0.053 0.052 0.04 0.184 0.016 0.017 0.04 0.018 0.012 0.107 0.003 0.004 0.055 0.014 0.002 0.046 0.048 0.02 0.008 0.004 0.046 0.005 0.002 0.018 0.001 0.015 0.006 0.01 0.054 0.011 0.018 0.01 0 0.005 0.003 0.002 0 0.003 0.001 0.035 0.009 0.009 0.005
0.206 0.245 0.259 0.124 0.501 0.012 0.009 0.882 0.136 0.759 0.397 0.005 0.002 0.298 0.283 1 0.861 0.006 0.007 0.307 0.021 0.035 0.069 0.428 0.16 0.008 0.008 0.011 0.004 0.004 0.371 0.143 0.103 0.022 0.005 0.226 0.181 0.09 0.005 0.005 0.05 0 0.004 0 0.076 0.076 0.031 0.003 0 0.022 0.021 0 0.004 0 0.004 0.005 0.003 0.002 0.001 0.014 0.002 0.004 0.004 0.001 0.002 0.011 0.001 0 0.005 0.019 0.005 0 0 0.003 0.004 0.008 0.005
0.183 0.219 0.232 0.106 0.46 0.012 0.01 0.784 0.118 0.665 0.391 0.005 0.002 0.269 0.255 0.861 1 0.006 0.008 0.312 0.021 0.036 0.07 0.439 0.163 0.008 0.009 0.012 0.005 0.005 0.381 0.131 0.092 0.022 0.005 0.212 0.168 0.081 0.005 0.006 0.052 0 0.004 0 0.077 0.069 0.032 0.003 0 0.015 0.015 0 0.004 0 0.005 0.005 0.004 0.002 0 0.01 0.002 0.004 0.004 0 0.003 0.007 0 0 0.005 0.019 0.005 0 0.003 0.004 0.004 0.008 0.005
0.084 0.106 0.105 0.051 0.222 0.005 0.004 0.006 0.056 0.005 0.002 0.002 0.001 0.122 0.116 0.006 0.006 1 0.003 0.125 0.009 0.014 0.028 0.234 0.067 0.003 0.003 0.005 0.002 0.002 0.214 0.067 0.05 0.001 0.002 0.01 0.01 0.042 0.002 0.013 0.032 0.01 0.002 0.003 0.024 0.024 0 0.003 0.015 0.01 0.01 0.011 0.002 0.013 0.002 0.002 0.002 0.001 0.015 0.012 0.002 0.001 0.002 0.005 0.004 0.008 0.015 0.013 0.002 0.002 0.002 0.012 0.001 0.001 0.002 0.003 0.003
0.034 0.027 0.027 0.06 0.013 0.006 0.005 0.007 0.043 0.006 0.003 0.003 0.001 0.013 0.014 0.007 0.008 0.003 1 0.024 0.354 0.018 0.107 0.013 0.045 0.004 0.887 0.006 0.002 0.002 0.014 0.039 0.051 0.002 0.002 0.013 0.013 0.063 0.002 0.012 0.083 0.278 0.002 0.004 0.05 0.029 0.026 0.002 0.18 0.279 0.27 0.247 0.002 0.207 0.002 0.002 0.001 0.001 0.125 0.229 0.002 0.002 0.002 0.547 0.005 0.198 0.182 0.215 0.001 0.002 0.003 0.22 0.001 0.002 0.002 0.004 0.001
0.553 0.673 0.684 0.284 0.512 0.205 0.149 0.28 0.341 0.243 0.122 0.006 0.046 0.809 0.782 0.307 0.312 0.125 0.024 1 0.046 0.101 0.179 0.526 0.452 0.026 0.019 0.211 0.093 0.088 0.423 0.342 0.228 0.003 0.05 0.048 0.036 0.182 0.011 0.019 0.039 0.015 0.013 0.1 0.005 0.003 0.067 0.02 0.003 0.038 0.038 0.015 0.012 0.005 0.038 0.016 0.014 0.016 0 0.019 0.011 0.01 0.044 0.007 0.019 0.016 0 0.007 0.017 0.001 0.001 0.007 0.002 0.032 0.014 0.006 0.018
0.011 0.004 0.004 0.044 0.037 0.017 0.014 0.019 0.136 0.016 0.008 0.236 0.003 0.047 0.05 0.021 0.021 0.009 0.354 0.046 1 0.049 0.299 0.037 0.123 0.011 0.38 0.017 0.006 0.007 0.036 0.102 0.139 0.005 0 0.037 0.036 0.171 0.006 0.041 0.233 0.657 0.003 0.004 0.168 0.089 0.042 0.002 0.492 0.738 0.71 0.613 0.003 0.506 0.001 0.159 0.059 0.002 0.402 0.574 0.168 0.005 0.001 0.289 0.013 0.528 0.445 0.505 0.055 0.005 0.122 0.465 0.004 0 0.003 0.01 0.081
0.117 0.101 0.1 0.245 0.062 0.012 0.007 0.032 0.201 0.028 0.014 0.013 0.005 0.08 0.084 0.035 0.036 0.014 0.018 0.101 0.049 1 0.451 0.061 0.205 0.019 0.016 0.028 0.011 0.011 0.024 0.166 0.016 0.009 0.011 0.084 0.087 0.029 0.067 0.069 0.001 0.045 0.072 0.018 0 0.003 0.091 0.002 0.057 0.028 0.024 0.031 0 0.029 0.006 0.011 0 0.005 0.034 0.022 0.009 0.004 0.01 0.01 0.013 0.021 0.036 0.023 0 0.009 0.011 0.025 0.037 0.008 0.003 0.005 0
0.131 0.096 0.097 0.322 0.121 0.035 0.025 0.064 0.416 0.055 0.028 0.07 0.011 0.155 0.164 0.069 0.07 0.028 0.107 0.179 0.299 0.451 1 0.121 0.406 0.038 0.121 0.056 0.021 0.022 0.071 0.33 0.137 0.017 0.007 0.013 0.015 0.189 0.027 0.136 0.116 0.179 0.037 0.025 0.092 0.063 0.007 0.005 0.104 0.249 0.248 0.19 0.001 0.151 0.008 0.042 0.036 0.001 0.102 0.195 0.049 0.011 0.011 0.1 0.032 0.176 0.112 0.157 0.034 0.018 0.029 0.141 0.015 0.008 0 0.001 0.047
0.314 0.384 0.398 0.184 0.807 0.021 0.017 0.404 0.209 0.336 0.123 0.009 0.004 0.473 0.458 0.428 0.439 0.234 0.013 0.526 0.037 0.061 0.121 1 0.277 0.014 0.015 0.021 0.008 0.008 0.816 0.215 0.152 0.004 0.008 0.161 0.131 0.128 0.008 0.051 0.018 0.005 0.007 0.001 0.035 0.012 0.026 0 0.009 0.031 0.031 0.005 0 0.006 0.008 0.008 0.007 0.003 0.011 0.027 0.005 0.005 0.007 0.003 0.008 0.02 0.012 0.006 0.009 0.005 0.009 0.006 0 0.006 0 0.013 0.009
0.347 0.318 0.326 0.654 0.265 0.102 0.075 0.146 0.75 0.126 0.065 0.032 0.025 0.401 0.399 0.16 0.163 0.067 0.045 0.452 0.123 0.205 0.406 0.277 1 0.049 0.051 0.115 0.05 0.046 0.216 0.825 0.588 0.032 0.022 0.006 0.003 0.482 0.023 0.187 0.005 0.078 0.019 0.053 0.022 0.194 0.182 0.016 0.02 0.126 0.125 0.078 0.008 0.063 0.018 0.029 0.026 0.006 0.027 0.093 0.022 0.02 0.023 0.038 0.008 0.081 0.036 0.068 0.025 0.034 0.015 0.062 0.004 0.013 0.003 0.002 0.036
0.008 0.029 0.029 0 0.014 0.007 0.005 0.007 0.001 0.006 0.003 0.003 0.001 0.026 0.022 0.008 0.008 0.003 0.004 0.026 0.011 0.019 0.038 0.014 0.049 1 0.005 0.006 0.002 0.003 0.015 0.049 0.066 0 0.003 0.014 0.014 0.005 0 0.032 0.028 0.008 0.001 0.004 0.008 0.005 0.003 0.002 0.016 0.009 0.009 0.009 0.002 0.009 0.003 0.001 0.003 0.001 0.014 0.012 0.002 0.158 0.002 0.005 0.115 0.012 0.016 0.011 0.003 0 0.003 0.01 0.001 0.002 0.002 0.003 0.003
0.036 0.028 0.029 0.061 0.015 0.007 0.006 0.008 0.047 0.007 0.003 0.003 0.001 0.016 0.017 0.008 0.009 0.003 0.887 0.019 0.38 0.016 0.121 0.015 0.051 0.005 1 0.007 0.003 0.003 0.016 0.044 0.059 0.002 0.001 0.015 0.014 0.067 0.003 0.014 0.087 0.276 0.002 0.004 0.046 0.033 0.023 0 0.182 0.285 0.268 0.252 0 0.21 0.003 0.001 0.001 0.001 0.114 0.226 0.002 0.002 0.002 0.549 0.005 0.188 0.184 0.219 0.001 0.002 0.002 0.225 0.001 0.002 0 0.005 0.002
0.154 0.197 0.194 0.073 0.021 0.856 0.634 0.011 0.095 0.009 0.005 0.004 0.186 0.223 0.212 0.011 0.012 0.005 0.006 0.211 0.017 0.028 0.056 0.021 0.115 0.006 0.007 1 0.379 0.364 0.023 0.103 0.068 0 0.263 0.021 0.017 0.049 0.004 0 0.032 0.017 0.003 0.399 0.017 0.008 0.036 0.047 0.051 0.016 0.016 0.019 0.035 0.003 0.283 0.004 0.004 0.081 0.034 0.002 0.003 0.003 0.285 0.007 0.007 0.002 0.023 0.005 0.004 0.003 0.001 0.002 0.002 0.226 0.039 0.001 0.005
0.066 0.084 0.082 0.038 0.008 0.366 0.459 0.004 0.042 0.004 0.002 0.002 0.001 0.091 0.086 0.004 0.005 0.002 0.002 0.093 0.006 0.011 0.021 0.008 0.05 0.002 0.003 0.379 1 0.965 0.009 0.025 0.016 0.001 0.017 0.008 0.008 0.013 0.001 0.01 0.029 0.008 0.001 0.179 0.019 0.021 0.014 0.021 0.023 0.007 0.007 0.008 0.016 0.002 0.106 0.001 0.002 0.027 0.013 0.001 0.001 0.001 0.123 0.004 0.003 0.001 0.004 0.002 0.002 0.001 0.006 0.001 0.001 0.035 0.019 0.001 0.002
0.061 0.079 0.077 0.034 0.008 0.352 0.441 0.004 0.038 0.004 0.002 0.002 0.001 0.094 0.089 0.004 0.005 0.002 0.002 0.088 0.007 0.011 0.022 0.008 0.046 0.003 0.003 0.364 0.965 1 0.009 0.022 0.018 0.001 0.016 0.005 0.005 0.014 0.001 0.01 0.031 0.008 0.001 0.172 0.019 0.018 0.015 0.02 0.021 0.007 0.007 0.009 0.015 0.002 0.102 0.002 0.002 0.025 0.012 0.001 0.001 0.001 0.118 0.004 0.003 0.001 0.004 0.002 0.002 0.001 0.006 0.001 0.001 0.033 0.018 0.001 0.002
0.24 0.302 0.312 0.125 0.66 0.023 0.019 0.349 0.158 0.287 0.107 0.007 0.004 0.363 0.363 0.371 0.381 0.214 0.014 0.423 0.036 0.024 0.071 0.816 0.216 0.015 0.016 0.023 0.009 0.009 1 0.232 0.187 0.005 0.009 0.237 0.203 0.159 0.009 0.054 0.025 0.006 0.008 0.001 0.045 0.019 0.036 0.001 0.011 0.032 0.032 0.007 0.002 0.008 0.009 0.009 0.01 0.004 0.015 0.03 0.007 0.006 0.008 0.003 0.007 0.025 0.015 0.008 0.01 0.005 0.01 0.01 0 0.007 0.002 0.015 0.012
0.277 0.25 0.257 0.567 0.221 0.077 0.053 0.129 0.683 0.109 0.062 0.032 0.025 0.329 0.319 0.143 0.131 0.067 0.039 0.342 0.102 0.166 0.33 0.215 0.825 0.049 0.044 0.103 0.025 0.022 0.232 1 0.72 0.031 0.047 0.017 0.014 0.59 0.028 0.197 0 0.088 0.022 0.083 0.014 0.235 0.207 0.016 0.016 0.139 0.138 0.088 0.008 0.069 0.042 0.029 0.023 0.006 0.02 0.1 0.022 0.021 0.047 0.047 0.009 0.087 0.028 0.074 0.025 0.034 0.015 0.067 0.003 0.039 0.002 0.004 0.032
0.166 0.152 0.156 0.352 0.161 0.047 0.029 0.092 0.45 0.078 0.044 0.042 0.018 0.237 0.229 0.103 0.092 0.05 0.051 0.228 0.139 0.016 0.137 0.152 0.588 0.066 0.059 0.068 0.016 0.018 0.187 0.72 1 0.023 0.033 0.209 0.206 0.815 0.037 0.13 0.02 0.13 0.018 0.062 0 0.378 0.2 0.01 0.043 0.185 0.175 0.127 0.003 0.112 0.03 0.039 0.03 0.003 0.048 0.144 0.03 0.028 0.03 0.063 0.003 0.129 0.06 0.116 0.028 0.025 0.027 0.107 0.019 0.029 0 0.008 0.041
0.001 0.002 0.002 0.03 0.008 0 0.002 0.025 0.034 0.031 0.074 0.001 0.002 0.003 0.003 0.022 0.022 0.001 0.002 0.003 0.005 0.009 0.017 0.004 0.032 0 0.002 0 0.001 0.001 0.005 0.031 0.023 1 0.001 0.006 0.006 0.026 0.001 0.111 0.019 0.006 0.001 0.002 0.015 0.051 0.014 0.012 0.009 0.006 0.006 0.007 0.008 0.008 0.001 0.001 0.001 0 0.009 0.007 0.001 0.001 0.001 0.003 0.002 0.007 0.009 0.008 0.001 0.788 0.001 0.007 0.001 0.001 0.001 0.002 0.002
0.033 0.045 0.044 0.01 0.008 0.21 0.266 0.004 0.017 0.004 0.002 0.001 0.001 0.056 0.053 0.005 0.005 0.002 0.002 0.05 0 0.011 0.007 0.008 0.022 0.003 0.001 0.263 0.017 0.016 0.009 0.047 0.033 0.001 1 0.008 0.008 0.027 0.001 0.004 0.038 0.008 0.001 0.244 0 0.014 0.013 0.064 0.036 0.007 0.007 0.009 0.05 0 0.199 0.002 0.002 0.059 0.027 0 0.001 0.001 0.212 0.002 0.003 0 0.026 0.003 0.002 0.001 0.002 0 0.001 0.235 0.051 0 0.002
0.017 0.028 0.032 0 0.123 0.022 0.017 0.204 0.002 0.148 0.025 0.009 0.004 0.053 0.052 0.226 0.212 0.01 0.013 0.048 0.037 0.084 0.013 0.161 0.006 0.014 0.015 0.021 0.008 0.005 0.237 0.017 0.209 0.006 0.008 1 0.919 0.177 0.008 0.055 0.268 0.04 0.1 0.001 0.194 0.221 0.016 0.006 0.042 0.038 0.033 0.036 0.007 0.03 0.009 0.009 0.005 0.004 0.036 0.03 0.007 0.006 0.008 0.006 0.006 0.025 0.04 0.028 0.005 0.007 0.009 0.025 0.077 0.006 0.007 0.008 0.007
0.011 0.023 0.022 0 0.097 0.021 0.017 0.216 0.001 0.158 0.027 0.009 0.004 0.04 0.04 0.181 0.168 0.01 0.013 0.036 0.036 0.087 0.015 0.131 0.003 0.014 0.014 0.017 0.008 0.005 0.203 0.014 0.206 0.006 0.008 0.919 1 0.177 0.008 0.053 0.264 0.038 0.113 0.009 0.177 0.243 0.015 0.006 0.056 0.036 0.031 0.038 0.007 0.047 0.005 0.008 0.005 0.003 0.049 0.042 0.007 0.006 0.004 0.017 0.006 0.041 0.05 0.044 0.005 0.007 0.009 0.041 0.081 0.003 0.007 0.011 0.007
0.137 0.109 0.113 0.4 0.132 0.031 0.018 0.082 0.51 0.069 0.041 0.05 0.016 0.187 0.184 0.09 0.081 0.042 0.063 0.182 0.171 0.029 0.189 0.128 0.482 0.005 0.067 0.049 0.013 0.014 0.159 0.59 0.815 0.026 0.027 0.177 0.177 1 0.044 0.226 0.007 0.152 0.014 0.053 0.003 0.469 0.231 0.011 0.062 0.219 0.209 0.15 0.003 0.137 0.025 0.046 0.036 0.002 0.065 0.177 0.035 0.003 0.026 0.077 0.054 0.16 0.08 0.14 0.034 0.027 0.033 0.129 0.016 0.025 0 0.011 0.049
0.021 0.016 0.017 0.037 0.008 0.004 0.003 0.004 0.033 0.004 0.002 0.002 0.001 0.015 0.016 0.005 0.005 0.002 0.002 0.011 0.006 0.067 0.027 0.008 0.023 0 0.003 0.004 0.001 0.001 0.009 0.028 0.037 0.001 0.001 0.008 0.008 0.044 1 0.008 0.016 0.003 0.001 0.002 0.006 0.015 0.041 0.001 0.005 0.002 0.002 0.002 0.001 0.005 0 0.001 0.002 0.001 0.005 0.003 0.001 0 0.001 0 0 0.003 0.006 0.004 0.002 0.001 0.002 0.003 0.001 0.001 0.001 0.004 0.002
0.001 0.028 0.028 0.252 0.025 0 0.013 0.006 0.28 0.003 0.001 0.012 0.068 0.021 0.017 0.005 0.006 0.013 0.012 0.019 0.041 0.069 0.136 0.051 0.187 0.032 0.014 0 0.01 0.01 0.054 0.197 0.13 0.111 0.004 0.055 0.053 0.226 0.008 1 0.175 0.051 0.009 0.017 0.117 0.439 0.116 0.002 0.08 0.052 0.052 0.056 0.001 0.067 0.008 0.011 0.011 0.004 0.077 0.064 0.007 0.008 0.009 0.027 0.217 0.063 0.077 0.065 0.01 0.118 0.012 0.059 0.006 0.008 0.001 0.002 0.012
0.036 0.067 0.069 0.002 0.009 0.018 0.04 0.044 0.011 0.029 0.001 0.066 0.012 0.041 0.04 0.05 0.052 0.032 0.083 0.039 0.233 0.001 0.116 0.018 0.005 0.028 0.087 0.032 0.029 0.031 0.025 0 0.02 0.019 0.038 0.268 0.264 0.007 0.016 0.175 1 0.218 0.046 0.095 0.427 0.001 0.103 0 0.341 0.258 0.246 0.191 0.002 0.205 0.049 0.06 0.019 0.025 0.252 0.238 0.047 0.019 0.054 0.112 0.036 0.227 0.254 0.191 0.013 0.021 0.063 0.195 0.023 0.045 0.002 0.032 0.02
0.002 0 0 0.025 0.006 0.017 0.013 0 0.081 0 0.006 0.162 0.004 0.02 0.018 0 0 0.01 0.278 0.015 0.657 0.045 0.179 0.005 0.078 0.008 0.276 0.017 0.008 0.008 0.006 0.088 0.13 0.006 0.008 0.04 0.038 0.152 0.003 0.051 0.218 1 0.007 0.012 0.241 0.116 0.059 0.005 0.627 0.796 0.78 0.857 0.007 0.689 0.008 0.171 0.085 0 0.496 0.63 0.126 0.006 0.004 0.301 0.015 0.571 0.551 0.675 0.058 0.006 0.136 0.631 0.004 0.006 0.007 0.013 0.086
0.005 0.012 0.012 0.026 0.007 0.003 0.003 0.004 0.027 0.003 0.002 0.001 0.001 0.013 0.012 0.004 0.004 0.002 0.002 0.013 0.003 0.072 0.037 0.007 0.019 0.001 0.002 0.003 0.001 0.001 0.008 0.022 0.018 0.001 0.001 0.1 0.113 0.014 0.001 0.009 0.046 0.007 1 0.002 0.004 0.015 0.042 0.001 0.01 0.007 0.006 0.008 0.001 0.006 0.001 0.001 0.001 0.001 0.009 0.008 0.001 0.001 0.001 0.003 0.002 0.008 0.01 0.008 0.001 0.001 0.001 0.008 0.001 0.001 0.001 0.001 0.002
0.073 0.082 0.094 0.037 0.001 0.299 0.381 0.007 0.042 0.006 0.003 0.002 0.001 0.113 0.107 0 0 0.003 0.004 0.1 0.004 0.018 0.025 0.001 0.053 0.004 0.004 0.399 0.179 0.172 0.001 0.083 0.062 0.002 0.244 0.001 0.009 0.053 0.002 0.017 0.095 0.012 0.002 1 0 0.036 0.029 0.002 0.199 0.012 0.012 0.01 0.002 0.005 0.56 0.002 0.003 0.133 0.157 0.004 0.002 0.002 0.525 0.001 0.005 0.007 0.119 0.002 0.003 0.002 0.002 0.006 0.001 0.471 0.002 0.004 0.003
0.003 0.012 0.014 0.016 0.016 0.023 0.015 0.069 0.035 0.047 0.007 0.056 0.009 0.004 0.003 0.076 0.077 0.024 0.05 0.005 0.168 0 0.092 0.035 0.022 0.008 0.046 0.017 0.019 0.019 0.045 0.014 0 0.015 0 0.194 0.177 0.003 0.006 0.117 0.427 0.241 0.004 0 1 0.002 0.05 0.013 0.198 0.225 0.226 0.235 0.017 0.189 0 0.052 0.018 0 0.186 0.182 0.042 0 0 0.096 0.037 0.163 0.162 0.19 0.011 0.016 0.031 0.179 0.031 0 0.016 0.031 0.033
0.007 0 0 0.2 0.016 0.009 0.034 0.092 0.248 0.07 0.022 0.025 0.03 0.003 0.004 0.076 0.069 0.024 0.029 0.003 0.089 0.003 0.063 0.012 0.194 0.005 0.033 0.008 0.021 0.018 0.019 0.235 0.378 0.051 0.014 0.221 0.243 0.469 0.015 0.439 0.001 0.116 0.015 0.036 0.002 1 0.158 0 0.178 0.112 0.111 0.128 0.001 0.153 0.023 0.023 0.024 0.009 0.174 0.138 0.017 0.017 0.02 0.057 0.128 0.137 0.174 0.147 0.023 0.055 0.025 0.136 0.033 0.017 0.006 0.001 0.028
0.076 0.058 0.059 0.201 0.031 0.019 0.012 0.031 0.205 0.032 0.023 0.01 0.009 0.055 0.055 0.031 0.032 0 0.026 0.067 0.042 0.091 0.007 0.026 0.182 0.003 0.023 0.036 0.014 0.015 0.036 0.207 0.2 0.014 0.013 0.016 0.015 0.231 0.041 0.116 0.103 0.059 0.042 0.029 0.05 0.158 1 0.013 0.102 0.053 0.052 0.065 0.003 0.046 0.012 0.001 0.001 0.008 0.064 0.04 0.009 0.058 0.017 0.035 0.035 0.039 0.069 0.043 0 0.014 0.006 0.04 0.008 0.014 0 0.03 0.002
0.006 0.01 0.01 0.008 0.001 0.046 0.018 0.003 0.015 0.003 0.001 0.001 0.041 0.015 0.014 0.003 0.003 0.003 0.002 0.02 0.002 0.002 0.005 0 0.016 0.002 0 0.047 0.021 0.02 0.001 0.016 0.01 0.012 0.064 0.006 0.006 0.011 0.001 0.002 0 0.005 0.001 0.002 0.013 0 0.013 1 0.008 0.005 0.005 0.006 0.815 0.007 0.001 0.001 0.001 0 0.008 0.007 0.001 0.001 0.001 0.003 0.002 0.006 0.008 0.007 0.001 0.011 0.001 0.006 0.001 0.001 0.61 0.018 0.001
0.012 0.024 0.026 0.003 0.01 0.032 0.054 0.004 0.026 0.002 0.001 0.129 0.006 0.002 0.002 0 0 0.015 0.18 0.003 0.492 0.057 0.104 0.009 0.02 0.016 0.182 0.051 0.023 0.021 0.011 0.016 0.043 0.009 0.036 0.042 0.056 0.062 0.005 0.08 0.341 0.627 0.01 0.199 0.198 0.178 0.102 0.008 1 0.627 0.602 0.656 0.01 0.66 0.108 0.127 0.048 0.053 0.779 0.616 0.099 0.009 0.113 0.3 0.023 0.593 0.78 0.635 0.041 0.01 0.14 0.594 0.007 0.094 0.01 0.02 0.069
0.009 0.004 0.004 0.049 0.031 0.016 0.013 0.019 0.128 0.017 0.009 0.206 0.004 0.048 0.046 0.022 0.015 0.01 0.279 0.038 0.738 0.028 0.249 0.031 0.126 0.009 0.285 0.016 0.007 0.007 0.032 0.139 0.185 0.006 0.007 0.038 0.036 0.219 0.002 0.052 0.258 0.796 0.007 0.012 0.225 0.112 0.053 0.005 0.627 1 0.951 0.824 0.006 0.678 0.008 0.203 0.087 0.001 0.502 0.773 0.159 0.006 0.004 0.375 0.014 0.72 0.551 0.683 0.076 0.006 0.171 0.626 0.004 0.006 0.006 0.013 0.121
0.009 0.004 0.004 0.05 0.031 0.016 0.012 0.019 0.13 0.016 0.009 0.195 0.004 0.051 0.048 0.021 0.015 0.01 0.27 0.038 0.71 0.024 0.248 0.031 0.125 0.009 0.268 0.016 0.007 0.007 0.032 0.138 0.175 0.006 0.007 0.033 0.031 0.209 0.002 0.052 0.246 0.78 0.006 0.012 0.226 0.111 0.052 0.005 0.602 0.951 1 0.818 0.006 0.672 0.008 0.204 0.104 0 0.52 0.776 0.16 0.006 0.004 0.345 0.014 0.714 0.546 0.677 0.093 0.006 0.173 0.62 0.004 0.006 0.006 0.013 0.14
0.001 0 0 0.028 0.007 0.02 0.015 0 0.086 0 0.005 0.152 0.004 0.021 0.02 0 0 0.011 0.247 0.015 0.613 0.031 0.19 0.005 0.078 0.009 0.252 0.019 0.008 0.009 0.007 0.088 0.127 0.007 0.009 0.036 0.038 0.15 0.002 0.056 0.191 0.857 0.008 0.01 0.235 0.128 0.065 0.006 0.656 0.824 0.818 1 0.007 0.756 0.009 0.174 0.097 0.001 0.56 0.691 0.142 0.007 0.005 0.342 0.017 0.644 0.609 0.753 0.072 0.007 0.145 0.661 0.005 0.007 0.007 0.015 0.121
0.003 0.005 0.005 0.003 0.001 0.034 0.012 0.004 0.007 0.003 0.002 0.001 0.032 0.009 0.008 0.004 0.004 0.002 0.002 0.012 0.003 0 0.001 0 0.008 0.002 0 0.035 0.016 0.015 0.002 0.008 0.003 0.008 0.05 0.007 0.007 0.003 0.001 0.001 0.002 0.007 0.001 0.002 0.017 0.001 0.003 0.815 0.01 0.006 0.006 0.007 1 0.009 0.001 0.001 0.001 0.001 0.01 0.008 0.001 0.001 0.001 0.003 0.002 0.008 0.01 0.009 0.001 0.008 0.001 0.008 0.001 0.001 0.649 0.033 0.002
0 0.002 0.003 0.016 0.007 0 0.001 0.003 0.052 0.001 0.001 0.15 0.005 0.004 0.004 0 0 0.013 0.207 0.005 0.506 0.029 0.151 0.006 0.063 0.009 0.21 0.003 0.002 0.002 0.008 0.069 0.112 0.008 0 0.03 0.047 0.137 0.005 0.067 0.205 0.689 0.006 0.005 0.189 0.153 0.046 0.007 0.66 0.678 0.672 0.756 0.009 1 0.011 0.117 0.146 0.06 0.672 0.861 0.119 0.008 0.006 0.339 0.02 0.834 0.716 0.882 0.156 0.009 0.132 0.853 0.006 0.008 0.009 0.018 0.189
0.027 0.038 0.037 0.011 0.008 0.189 0.241 0.004 0.013 0.004 0.002 0.001 0.001 0.048 0.046 0.004 0.005 0.002 0.002 0.038 0.001 0.006 0.008 0.008 0.018 0.003 0.003 0.283 0.106 0.102 0.009 0.042 0.03 0.001 0.199 0.009 0.005 0.025 0 0.008 0.049 0.008 0.001 0.56 0 0.023 0.012 0.001 0.108 0.008 0.008 0.009 0.001 0.011 1 0.002 0.002 0.001 0.109 0.01 0.001 0.001 0.812 0.004 0.003 0.01 0.081 0.01 0.002 0.001 0.002 0.01 0.001 0.728 0.001 0.003 0.002
0.042 0.056 0.055 0.024 0.003 0.004 0.003 0.004 0.021 0.004 0.002 0.001 0.001 0.01 0.005 0.005 0.005 0.002 0.002 0.016 0.159 0.011 0.042 0.008 0.029 0.001 0.001 0.004 0.001 0.002 0.009 0.029 0.039 0.001 0.002 0.009 0.008 0.046 0.001 0.011 0.06 0.171 0.001 0.002 0.052 0.023 0.001 0.001 0.127 0.203 0.204 0.174 0.001 0.117 0.002 1 0 0.001 0.106 0.15 0.003 0.001 0.001 0.005 0.003 0.163 0.102 0.152 0 0.001 0.432 0.115 0.001 0.001 0.001 0.003 0.001
0.005 0.003 0.003 0.01 0.007 0.003 0.006 0.003 0.008 0.002 0.002 0.293 0.001 0.002 0.002 0.003 0.004 0.002 0.001 0.014 0.059 0 0.036 0.007 0.026 0.003 0.001 0.004 0.002 0.002 0.01 0.023 0.03 0.001 0.002 0.005 0.005 0.036 0.002 0.011 0.019 0.085 0.001 0.003 0.018 0.024 0.001 0.001 0.048 0.087 0.104 0.097 0.001 0.146 0.002 0 1 0.001 0.129 0.161 0.352 0.001 0.001 0.004 0.003 0.159 0.093 0.101 0.39 0.001 0.001 0.099 0.001 0.001 0.001 0.003 0.582
0.01 0.013 0.013 0.004 0.003 0.077 0.098 0.002 0.004 0.002 0.001 0.019 0 0.019 0.018 0.002 0.002 0.001 0.001 0.016 0.002 0.005 0.001 0.003 0.006 0.001 0.001 0.081 0.027 0.025 0.004 0.006 0.003 0 0.059 0.004 0.003 0.002 0.001 0.004 0.025 0 0.001 0.133 0 0.009 0.008 0 0.053 0.001 0 0.001 0.001 0.06 0.001 0.001 0.001 1 0.036 0.067 0.001 0 0.001 0.001 0.001 0.067 0.034 0.038 0.001 0.001 0.027 0.059 0 0 0.001 0.001 0.001
0.011 0.02 0.023 0.003 0.016 0.038 0.062 0.006 0.026 0.003 0 0.12 0.006 0.003 0.001 0.001 0 0.015 0.125 0 0.402 0.034 0.102 0.011 0.027 0.014 0.114 0.034 0.013 0.012 0.015 0.02 0.048 0.009 0.027 0.036 0.049 0.065 0.005 0.077 0.252 0.496 0.009 0.157 0.186 0.174 0.064 0.008 0.779 0.502 0.52 0.56 0.01 0.672 0.109 0.106 0.129 0.036 1 0.645 0.105 0.009 0.115 0.231 0.022 0.645 0.848 0.681 0.137 0.01 0.119 0.637 0.007 0.095 0.01 0.02 0.167
0.001 0 0 0.026 0.027 0 0.002 0.025 0.078 0.021 0.012 0.166 0.004 0.016 0.015 0.014 0.01 0.012 0.229 0.019 0.574 0.022 0.195 0.027 0.093 0.012 0.226 0.002 0.001 0.001 0.03 0.1 0.144 0.007 0 0.03 0.042 0.177 0.003 0.064 0.238 0.63 0.008 0.004 0.182 0.138 0.04 0.007 0.616 0.773 0.776 0.691 0.008 0.861 0.01 0.15 0.161 0.067 0.645 1 0.132 0.007 0.006 0.38 0.018 0.923 0.675 0.841 0.172 0.008 0.166 0.812 0.005 0.007 0.008 0.016 0.208
0.014 0.012 0.012 0.026 0.005 0.003 0.003 0.002 0.024 0.002 0.002 0.499 0.001 0.006 0.006 0.002 0.002 0.002 0.002 0.011 0.168 0.009 0.049 0.005 0.022 0.002 0.002 0.003 0.001 0.001 0.007 0.022 0.03 0.001 0.001 0.007 0.007 0.035 0.001 0.007 0.047 0.126 0.001 0.002 0.042 0.017 0.009 0.001 0.099 0.159 0.16 0.142 0.001 0.119 0.001 0.003 0.352 0.001 0.105 0.132 1 0.001 0.001 0.003 0.002 0.129 0.069 0.073 0.223 0.001 0.001 0.08 0.001 0.001 0.001 0.002 0.423
0.014 0.011 0.011 0.025 0.005 0.003 0.002 0.003 0.024 0.003 0.001 0.001 0.001 0.009 0.01 0.004 0.004 0.001 0.002 0.01 0.005 0.004 0.011 0.005 0.02 0.158 0.002 0.003 0.001 0.001 0.006 0.021 0.028 0.001 0.001 0.006 0.006 0.003 0 0.008 0.019 0.006 0.001 0.002 0 0.017 0.058 0.001 0.009 0.006 0.006 0.007 0.001 0.008 0.001 0.001 0.001 0 0.009 0.007 0.001 1 0.001 0.003 0.002 0.007 0.009 0.008 0.001 0.001 0.001 0.007 0.001 0.001 0.001 0.002 0.001
0.034 0.045 0.044 0.012 0.007 0.203 0.257 0.004 0.018 0.003 0.002 0.001 0.001 0.056 0.054 0.004 0.004 0.002 0.002 0.044 0.001 0.01 0.011 0.007 0.023 0.002 0.002 0.285 0.123 0.118 0.008 0.047 0.03 0.001 0.212 0.008 0.004 0.026 0.001 0.009 0.054 0.004 0.001 0.525 0 0.02 0.017 0.001 0.113 0.004 0.004 0.005 0.001 0.006 0.812 0.001 0.001 0.001 0.115 0.006 0.001 0.001 1 0.003 0.003 0.006 0.084 0.006 0.001 0.001 0 0.005 0.001 0.643 0.001 0.002 0.002
0.012 0.013 0.01 0.041 0.007 0.007 0.005 0.011 0.046 0.01 0.005 0 0.002 0.01 0.011 0.001 0 0.005 0.547 0.007 0.289 0.01 0.1 0.003 0.038 0.005 0.549 0.007 0.004 0.004 0.003 0.047 0.063 0.003 0.002 0.006 0.017 0.077 0 0.027 0.112 0.301 0.003 0.001 0.096 0.057 0.035 0.003 0.3 0.375 0.345 0.342 0.003 0.339 0.004 0.005 0.004 0.001 0.231 0.38 0.003 0.003 0.003 1 0.007 0.342 0.316 0.385 0.004 0.003 0 0.328 0.002 0.003 0.003 0.007 0
0.003 0.022 0.022 0.062 0.008 0.007 0.006 0.002 0.069 0.001 0.004 0.003 0.001 0.02 0.018 0.002 0.003 0.004 0.005 0.019 0.013 0.013 0.032 0.008 0.008 0.115 0.005 0.007 0.003 0.003 0.007 0.009 0.003 0.002 0.003 0.006 0.006 0.054 0 0.217 0.036 0.015 0.002 0.005 0.037 0.128 0.035 0.002 0.023 0.014 0.014 0.017 0.002 0.02 0.003 0.003 0.003 0.001 0.022 0.018 0.002 0.002 0.003 0.007 1 0.018 0.022 0.019 0.003 0.002 0.003 0.018 0.002 0.002 0.002 0 0.004
0 0.001 0.001 0.017 0.02 0 0.002 0.025 0.065 0.021 0.012 0.149 0.004 0.011 0.01 0.011 0.007 0.008 0.198 0.016 0.528 0.021 0.176 0.02 0.081 0.012 0.188 0.002 0.001 0.001 0.025 0.087 0.129 0.007 0 0.025 0.041 0.16 0.003 0.063 0.227 0.571 0.008 0.007 0.163 0.137 0.039 0.006 0.593 0.72 0.714 0.644 0.008 0.834 0.01 0.163 0.159 0.067 0.645 0.923 0.129 0.007 0.006 0.342 0.018 1 0.652 0.813 0.174 0.008 0.18 0.788 0.005 0.007 0.008 0.016 0.206
0.006 0.015 0.016 0.005 0.014 0.026 0.045 0.006 0.031 0.003 0 0.097 0.006 0 0 0.001 0 0.015 0.182 0 0.445 0.036 0.112 0.012 0.036 0.016 0.184 0.023 0.004 0.004 0.015 0.028 0.06 0.009 0.026 0.04 0.05 0.08 0.006 0.077 0.254 0.551 0.01 0.119 0.162 0.174 0.069 0.008 0.78 0.551 0.546 0.609 0.01 0.716 0.081 0.102 0.093 0.034 0.848 0.675 0.069 0.009 0.084 0.316 0.022 0.652 1 0.72 0.137 0.01 0.142 0.659 0.007 0.065 0.01 0.019 0.128
0 0.002 0.004 0.013 0.007 0 0 0.003 0.055 0.001 0 0.105 0.005 0.005 0.005 0 0 0.013 0.215 0.007 0.505 0.023 0.157 0.006 0.068 0.011 0.219 0.005 0.002 0.002 0.008 0.074 0.116 0.008 0.003 0.028 0.044 0.14 0.004 0.065 0.191 0.675 0.008 0.002 0.19 0.147 0.043 0.007 0.635 0.683 0.677 0.753 0.009 0.882 0.01 0.152 0.101 0.038 0.681 0.841 0.073 0.008 0.006 0.385 0.019 0.813 0.72 1 0.109 0.008 0.167 0.888 0.006 0.008 0.008 0.016 0.142
0.004 0.002 0.002 0.01 0.009 0.003 0.006 0.004 0.01 0.004 0.002 0.134 0.001 0.003 0.003 0.005 0.005 0.002 0.001 0.017 0.055 0 0.034 0.009 0.025 0.003 0.001 0.004 0.002 0.002 0.01 0.025 0.028 0.001 0.002 0.005 0.005 0.034 0.002 0.01 0.013 0.058 0.001 0.003 0.011 0.023 0 0.001 0.041 0.076 0.093 0.072 0.001 0.156 0.002 0 0.39 0.001 0.137 0.172 0.223 0.001 0.001 0.004 0.003 0.174 0.137 0.109 1 0.001 0.002 0.107 0.001 0.001 0.001 0.003 0.45
0.001 0 0 0.032 0.007 0.003 0.003 0.022 0.036 0.027 0.067 0.001 0 0.001 0.002 0.019 0.019 0.002 0.002 0.001 0.005 0.009 0.018 0.005 0.034 0 0.002 0.003 0.001 0.001 0.005 0.034 0.025 0.788 0.001 0.007 0.007 0.027 0.001 0.118 0.021 0.006 0.001 0.002 0.016 0.055 0.014 0.011 0.01 0.006 0.006 0.007 0.008 0.009 0.001 0.001 0.001 0.001 0.01 0.008 0.001 0.001 0.001 0.003 0.002 0.008 0.01 0.008 0.001 1 0.001 0.008 0.001 0.001 0.001 0.002 0.002
0.031 0.042 0.041 0.01 0.003 0.001 0.002 0.005 0.012 0.004 0.002 0.021 0.001 0.002 0 0.005 0.005 0.002 0.003 0.001 0.122 0.011 0.029 0.009 0.015 0.003 0.002 0.001 0.006 0.006 0.01 0.015 0.027 0.001 0.002 0.009 0.009 0.033 0.002 0.012 0.063 0.136 0.001 0.002 0.031 0.025 0.006 0.001 0.14 0.171 0.173 0.145 0.001 0.132 0.002 0.432 0.001 0.027 0.119 0.166 0.001 0.001 0 0 0.003 0.18 0.142 0.167 0.002 0.001 1 0.139 0.001 0.001 0.001 0.003 0
0 0.002 0.003 0.014 0.008 0 0.002 0.005 0.048 0.003 0 0.102 0.004 0.003 0.003 0 0 0.012 0.22 0.007 0.465 0.025 0.141 0.006 0.062 0.01 0.225 0.002 0.001 0.001 0.01 0.067 0.107 0.007 0 0.025 0.041 0.129 0.003 0.059 0.195 0.631 0.008 0.006 0.179 0.136 0.04 0.006 0.594 0.626 0.62 0.661 0.008 0.853 0.01 0.115 0.099 0.059 0.637 0.812 0.08 0.007 0.005 0.328 0.018 0.788 0.659 0.888 0.107 0.008 0.139 1 0.005 0.007 0.008 0.016 0.155
0.005 0.003 0.003 0.007 0 0.002 0.002 0 0.006 0.001 0.001 0.001 0 0.001 0.001 0 0.003 0.001 0.001 0.002 0.004 0.037 0.015 0 0.004 0.001 0.001 0.002 0.001 0.001 0 0.003 0.019 0.001 0.001 0.077 0.081 0.016 0.001 0.006 0.023 0.004 0.001 0.001 0.031 0.033 0.008 0.001 0.007 0.004 0.004 0.005 0.001 0.006 0.001 0.001 0.001 0 0.007 0.005 0.001 0.001 0.001 0.002 0.002 0.005 0.007 0.006 0.001 0.001 0.001 0.005 1 0.001 0.001 0.001 0.001
0.02 0.028 0.027 0.008 0.006 0.154 0.196 0.003 0.01 0.003 0.001 0.001 0.001 0.037 0.035 0.003 0.004 0.001 0.002 0.032 0 0.008 0.008 0.006 0.013 0.002 0.002 0.226 0.035 0.033 0.007 0.039 0.029 0.001 0.235 0.006 0.003 0.025 0.001 0.008 0.045 0.006 0.001 0.471 0 0.017 0.014 0.001 0.094 0.006 0.006 0.007 0.001 0.008 0.728 0.001 0.001 0 0.095 0.007 0.001 0.001 0.643 0.003 0.002 0.007 0.065 0.008 0.001 0.001 0.001 0.007 0.001 1 0.001 0.002 0.001
0.003 0.006 0.006 0 0.001 0.038 0.015 0.004 0.003 0.003 0.002 0.001 0.033 0.01 0.009 0.004 0.004 0.002 0.002 0.014 0.003 0.003 0 0 0.003 0.002 0 0.039 0.019 0.018 0.002 0.002 0 0.001 0.051 0.007 0.007 0 0.001 0.001 0.002 0.007 0.001 0.002 0.016 0.006 0 0.61 0.01 0.006 0.006 0.007 0.649 0.009 0.001 0.001 0.001 0.001 0.01 0.008 0.001 0.001 0.001 0.003 0.002 0.008 0.01 0.008 0.001 0.001 0.001 0.008 0.001 0.001 1 0.055 0.002
0.011 0.01 0.01 0.006 0.013 0.001 0.001 0.007 0.002 0.006 0.003 0.003 0.013 0.008 0.009 0.008 0.008 0.003 0.004 0.006 0.01 0.005 0.001 0.013 0.002 0.003 0.005 0.001 0.001 0.001 0.015 0.004 0.008 0.002 0 0.008 0.011 0.011 0.004 0.002 0.032 0.013 0.001 0.004 0.031 0.001 0.03 0.018 0.02 0.013 0.013 0.015 0.033 0.018 0.003 0.003 0.003 0.001 0.02 0.016 0.002 0.002 0.002 0.007 0 0.016 0.019 0.016 0.003 0.002 0.003 0.016 0.001 0.002 0.055 1 0.003
0.004 0.002 0.002 0.013 0.009 0.002 0.003 0.004 0.015 0.003 0.002 0.205 0.001 0.004 0.005 0.005 0.005 0.003 0.001 0.018 0.081 0 0.047 0.009 0.036 0.003 0.002 0.005 0.002 0.002 0.012 0.032 0.041 0.002 0.002 0.007 0.007 0.049 0.002 0.012 0.02 0.086 0.002 0.003 0.033 0.028 0.002 0.001 0.069 0.121 0.14 0.121 0.002 0.189 0.002 0.001 0.582 0.001 0.167 0.208 0.423 0.001 0.002 0 0.004 0.206 0.128 0.142 0.45 0.002 0 0.155 0.001 0.001 0.002 0.003 1
