1 0.84 0.841 0.436 0.392 0.16 0.093 0.244 0.261 0.215 0.136 0.019 0.059 0.518 0.505 0.263 0.254 0.037 0.026 0.568 0 0.11 0.079 0.36 0.272 0.012 0.033 0.13 0.031 0.03 0.287 0.216 0.151 0.001 0.025 0.07 0.051 0.117 0.024 0.014 0.082 0.004 0 0.051 0.027 0.011 0.073 0.007 0.022 0.002 0.001 0.003 0.012 0.014 0.002 0.032 0.004 0.011 0.024 0.003 0.012 0.01 0.004 0.01 0.011 0.005 0.017 0.015 0 0.002 0.04 0.008 0 0.004 0.006 0.007 0
0.84 1 0.94 0.441 0.419 0.189 0.11 0.288 0.253 0.255 0.16 0.016 0.07 0.588 0.561 0.293 0.283 0.044 0.022 0.609 0.001 0.126 0.08 0.388 0.273 0.024 0.028 0.155 0.036 0.035 0.33 0.228 0.144 0.001 0.031 0.065 0.052 0.104 0.02 0.028 0.087 0.01 0.009 0.051 0.03 0.003 0.072 0.009 0.029 0.001 0 0.006 0.016 0.018 0.004 0.039 0.002 0.013 0.03 0.004 0.01 0.015 0.006 0.012 0.028 0.007 0.024 0.019 0 0.004 0.045 0.013 0 0.006 0.009 0.004 0
0.841 0.94 1 0.46 0.455 0.185 0.108 0.282 0.269 0.25 0.157 0.016 0.068 0.611 0.584 0.305 0.295 0.043 0.022 0.641 0.001 0.12 0.077 0.421 0.304 0.025 0.028 0.151 0.036 0.035 0.339 0.242 0.155 0.001 0.03 0.07 0.05 0.113 0.021 0.024 0.089 0.009 0.009 0.061 0.031 0.003 0.069 0.009 0.031 0.001 0 0.005 0.015 0.02 0.003 0.038 0.002 0.012 0.033 0.005 0.01 0.008 0.006 0.01 0.028 0.008 0.026 0.021 0 0.004 0.048 0.015 0 0.006 0.008 0.004 0
0.436 0.441 0.46 1 0.223 0.082 0.045 0.138 0.776 0.127 0.076 0.034 0.033 0.283 0.281 0.151 0.144 0.028 0.045 0.305 0.006 0.292 0.279 0.218 0.583 0.004 0.03 0.064 0.017 0.017 0.168 0.525 0.338 0.02 0.008 0.01 0.005 0.396 0.037 0.22 0.001 0.002 0.023 0.022 0.003 0.217 0.213 0.004 0 0.027 0.027 0.007 0.002 0 0 0.014 0.005 0.003 0 0.007 0.021 0.025 0 0.026 0.068 0.002 0 0 0.004 0.024 0.015 0.001 0.001 0 0 0.015 0.003
0.392 0.419 0.455 0.223 1 0.017 0.01 0.554 0.277 0.518 0.319 0.008 0.006 0.522 0.493 0.613 0.6 0.096 0.01 0.57 0.03 0.08 0.136 0.881 0.299 0.012 0.013 0.016 0.003 0.003 0.729 0.241 0.184 0.003 0.005 0.211 0.158 0.151 0.01 0.047 0.038 0 0.008 0.002 0.054 0.017 0.06 0 0 0.035 0.031 0 0.004 0 0.007 0.007 0.004 0.003 0 0.015 0.005 0.002 0.006 0.003 0.012 0.013 0.001 0 0.004 0.005 0.005 0 0.001 0.006 0.001 0.003 0.007
0.16 0.189 0.185 0.082 0.017 1 0.583 0.01 0.106 0.009 0.006 0.003 0.369 0.204 0.196 0.011 0.012 0.002 0.004 0.183 0.013 0.01 0.026 0.018 0.08 0.005 0.005 0.818 0.192 0.189 0.018 0.076 0.047 0.003 0.176 0.017 0.015 0.036 0.004 0.015 0.002 0.014 0.003 0.167 0.027 0 0.02 0.047 0.008 0.015 0.013 0.018 0.027 0 0.063 0.003 0.002 0.093 0.009 0 0.002 0.004 0.07 0.005 0.006 0.001 0.006 0 0.002 0.001 0.001 0 0 0.077 0.021 0.001 0
0.093 0.11 0.108 0.045 0.01 0.583 1 0.006 0.064 0.005 0.003 0.002 0.001 0.122 0.117 0.007 0.007 0.001 0.002 0.094 0.008 0.004 0.013 0.011 0.043 0.003 0.003 0.454 0.329 0.324 0.011 0.038 0.019 0.001 0.308 0.01 0.009 0.013 0.002 0.011 0.029 0.007 0.002 0.305 0.011 0.025 0.006 0.022 0.038 0.008 0.007 0.01 0.012 0.006 0.119 0.002 0.007 0.165 0.039 0.01 0.001 0.002 0.13 0.002 0.004 0.01 0.032 0.004 0.006 0.001 0 0.002 0.001 0.142 0.01 0 0.003
0.244 0.288 0.282 0.138 0.554 0.01 0.006 1 0.164 0.893 0.558 0.005 0.004 0.308 0.296 0.845 0.743 0.003 0.006 0.343 0.017 0.048 0.08 0.535 0.186 0.007 0.008 0.009 0.002 0.002 0.538 0.187 0.147 0.002 0.003 0.25 0.276 0.124 0.006 0.029 0.062 0.003 0.005 0.007 0.094 0.07 0.062 0.002 0 0.022 0.019 0.001 0.003 0 0.004 0.004 0.001 0.002 0 0.026 0.003 0.006 0.004 0.013 0.006 0.025 0.001 0 0.002 0.003 0.006 0 0.004 0.004 0.004 0.009 0.003
0.261 0.253 0.269 0.776 0.277 0.106 0.064 0.164 1 0.151 0.093 0.028 0.04 0.372 0.366 0.181 0.173 0.034 0.033 0.388 0.093 0.237 0.409 0.267 0.71 0.008 0.019 0.087 0.021 0.02 0.218 0.675 0.465 0.024 0.015 0.024 0.015 0.545 0.03 0.271 0.002 0.041 0.029 0.03 0.012 0.284 0.254 0.008 0.022 0.116 0.119 0.055 0.006 0.023 0 0.025 0.003 0.005 0.021 0.055 0.017 0.022 0.002 0.022 0.085 0.042 0.021 0.024 0.009 0.03 0.022 0.02 0.001 0.001 0.002 0.008 0.011
0.215 0.255 0.25 0.127 0.518 0.009 0.005 0.893 0.151 1 0.606 0.004 0.003 0.273 0.262 0.75 0.683 0.003 0.006 0.304 0.015 0.044 0.073 0.475 0.171 0.006 0.007 0.009 0.002 0.002 0.477 0.171 0.134 0.002 0.003 0.2 0.22 0.113 0.005 0.023 0.046 0.005 0.004 0.006 0.074 0.057 0.059 0.002 0 0.02 0.018 0.002 0.003 0 0.004 0.004 0.001 0.002 0 0.023 0.003 0.006 0.003 0.012 0.005 0.023 0 0 0.001 0.003 0.005 0 0 0.003 0.004 0.008 0.003
0.136 0.16 0.157 0.076 0.319 0.006 0.003 0.558 0.093 0.606 1 0.003 0.002 0.178 0.171 0.505 0.492 0.002 0.003 0.198 0.011 0.026 0.047 0.306 0.109 0.004 0.004 0.005 0.001 0.001 0.311 0.114 0.09 0.001 0.002 0.111 0.12 0.076 0.003 0.016 0.022 0.004 0.003 0.004 0.028 0.027 0.035 0.001 0 0.014 0.013 0.002 0.002 0 0.003 0.002 0.002 0.001 0 0.016 0.002 0.003 0.002 0.007 0.005 0.016 0 0 0.002 0.001 0.003 0 0.001 0.002 0.002 0.005 0.003
0.019 0.016 0.016 0.034 0.008 0.003 0.002 0.005 0.028 0.004 0.003 1 0.001 0.008 0.004 0.005 0.005 0.001 0.002 0.008 0.187 0.014 0.041 0.008 0.023 0.002 0.002 0.003 0.001 0.001 0.004 0.014 0.019 0.001 0.003 0.007 0.007 0.023 0.001 0.008 0.06 0.087 0.001 0 0.033 0.019 0.006 0.001 0.087 0.119 0.097 0.073 0.001 0.062 0.016 0.011 0.204 0 0.077 0.076 0.433 0.002 0.02 0 0.003 0.05 0.079 0.044 0.108 0.001 0.009 0.039 0.001 0.022 0.001 0.002 0.121
0.059 0.07 0.068 0.033 0.006 0.369 0.001 0.004 0.04 0.003 0.002 0.001 1 0.077 0.074 0.004 0.004 0.001 0.002 0.086 0.005 0.007 0.014 0.007 0.037 0.002 0.002 0.343 0 0 0.007 0.039 0.03 0.014 0.001 0.006 0.005 0.025 0.001 0.106 0.017 0.006 0.001 0.002 0.016 0.042 0.017 0.025 0.01 0.006 0.006 0.007 0.015 0.008 0.001 0.001 0.001 0.001 0.009 0.007 0.001 0.001 0.001 0.003 0.002 0.007 0.01 0.008 0.001 0.007 0.001 0.007 0.002 0.001 0.01 0.003 0.001
0.518 0.588 0.611 0.283 0.522 0.204 0.122 0.308 0.372 0.273 0.178 0.008 0.077 1 0.933 0.351 0.341 0.066 0.013 0.8 0.047 0.078 0.154 0.537 0.392 0.018 0.018 0.183 0.04 0.041 0.438 0.341 0.254 0.001 0.043 0.102 0.076 0.203 0.018 0.018 0.04 0.009 0.013 0.08 0.01 0.012 0.073 0.011 0.001 0.057 0.051 0.012 0.019 0 0.008 0.007 0.003 0.016 0.001 0.011 0.004 0.006 0.016 0.006 0.018 0.009 0 0 0.004 0.003 0.005 0 0.002 0.011 0.011 0.001 0.008
0.505 0.561 0.584 0.281 0.493 0.196 0.117 0.296 0.366 0.262 0.171 0.004 0.074 0.933 1 0.337 0.327 0.063 0.013 0.777 0.042 0.083 0.154 0.525 0.39 0.015 0.019 0.176 0.039 0.039 0.435 0.348 0.258 0.001 0.057 0.099 0.074 0.208 0.019 0.017 0.039 0.011 0.014 0.09 0.01 0.013 0.072 0.01 0 0.063 0.057 0.015 0.018 0.001 0.013 0.008 0.004 0.015 0.001 0.014 0.004 0.005 0.024 0.007 0.023 0.012 0 0.001 0.004 0.001 0.007 0.001 0.001 0.018 0.01 0.001 0.008
0.263 0.293 0.305 0.151 0.613 0.011 0.007 0.845 0.181 0.75 0.505 0.005 0.004 0.351 0.337 1 0.852 0.004 0.007 0.39 0.022 0.053 0.093 0.598 0.213 0.008 0.009 0.01 0.002 0.002 0.602 0.216 0.17 0.002 0.003 0.305 0.226 0.144 0.006 0.03 0.076 0.001 0.005 0.007 0.11 0.05 0.067 0.003 0.002 0.028 0.025 0.002 0.004 0.004 0.005 0.005 0.004 0.002 0.002 0.007 0.003 0.007 0.004 0 0.007 0.006 0.001 0.004 0.005 0.003 0.004 0.005 0.003 0.004 0.005 0.01 0.007
0.254 0.283 0.295 0.144 0.6 0.012 0.007 0.743 0.173 0.683 0.492 0.005 0.004 0.341 0.327 0.852 1 0.004 0.007 0.401 0.023 0.054 0.096 0.615 0.219 0.008 0.009 0.011 0.002 0.002 0.619 0.214 0.169 0.002 0.004 0.311 0.233 0.143 0.007 0.031 0.081 0.001 0.005 0.007 0.114 0.052 0.069 0.003 0.003 0.025 0.023 0.002 0.004 0.004 0.005 0.005 0.005 0.002 0.002 0.006 0.003 0.007 0.004 0 0.007 0.005 0.002 0.005 0.005 0.003 0.005 0.006 0.002 0.004 0.005 0.01 0.007
0.037 0.044 0.043 0.028 0.096 0.002 0.001 0.003 0.034 0.003 0.002 0.001 0.001 0.066 0.063 0.004 0.004 1 0.001 0.073 0.004 0.01 0.017 0.114 0.04 0.001 0.002 0.002 0 0 0.116 0.042 0.033 0 0.001 0.005 0.005 0.028 0.001 0.006 0.015 0.005 0.001 0.001 0.014 0.007 0.009 0.008 0.008 0.005 0.005 0.006 0.004 0.007 0.001 0.001 0.001 0 0.008 0.006 0.001 0.001 0.001 0.003 0.002 0.005 0.008 0.007 0.001 0.001 0.001 0.006 0 0.001 0.003 0.002 0.001
0.026 0.022 0.022 0.045 0.01 0.004 0.002 0.006 0.033 0.006 0.003 0.002 0.002 0.013 0.013 0.007 0.007 0.001 1 0.018 0.311 0.019 0.074 0.011 0.032 0.003 0.783 0.004 0.001 0.001 0.011 0.03 0.034 0.001 0.001 0.01 0.009 0.044 0.002 0.011 0.074 0.226 0.002 0.001 0.044 0.026 0.024 0.001 0.137 0.21 0.217 0.176 0.001 0.153 0 0.002 0.01 0.001 0.12 0.164 0.001 0.002 0 0.313 0.004 0.127 0.14 0.154 0.009 0.001 0.002 0.155 0.001 0 0.002 0.004 0.005
0.568 0.609 0.641 0.305 0.57 0.183 0.094 0.343 0.388 0.304 0.198 0.008 0.086 0.8 0.777 0.39 0.401 0.073 0.018 1 0.047 0.112 0.197 0.627 0.471 0.02 0.019 0.185 0.045 0.044 0.525 0.39 0.282 0 0.035 0.112 0.083 0.224 0.015 0.016 0.048 0.007 0.014 0.076 0.016 0.017 0.102 0.013 0.002 0.048 0.042 0.007 0.022 0 0.005 0.012 0.011 0.017 0 0.011 0.008 0.007 0.012 0.002 0.02 0.011 0 0 0.012 0.003 0.006 0.001 0.001 0.009 0.014 0.001 0.017
0 0.001 0.001 0.006 0.03 0.013 0.008 0.017 0.093 0.015 0.011 0.187 0.005 0.047 0.042 0.022 0.023 0.004 0.311 0.047 1 0.06 0.234 0.036 0.091 0.009 0.309 0.012 0.003 0.003 0.03 0.086 0.106 0.003 0 0.032 0.03 0.13 0.007 0.037 0.237 0.612 0.001 0.002 0.128 0.073 0.025 0.003 0.435 0.657 0.599 0.505 0.004 0.424 0.001 0.18 0.065 0.001 0.36 0.446 0.134 0.008 0.003 0.148 0.012 0.418 0.429 0.415 0.12 0.004 0.187 0.364 0.003 0.003 0.006 0.01 0.133
0.11 0.126 0.12 0.292 0.08 0.01 0.004 0.048 0.237 0.044 0.026 0.014 0.007 0.078 0.083 0.053 0.054 0.01 0.019 0.112 0.06 1 0.479 0.086 0.22 0.021 0.019 0.028 0.006 0.006 0.068 0.2 0.056 0.007 0.01 0.014 0.019 0.069 0.073 0.066 0.013 0.06 0.063 0.011 0.004 0.022 0.14 0 0.042 0.017 0.012 0.026 0.001 0.029 0 0.013 0.001 0.006 0.026 0.017 0.007 0.002 0.003 0.001 0.027 0.016 0.031 0.025 0.002 0.007 0.015 0.024 0.008 0.002 0.006 0.031 0.001
0.079 0.08 0.077 0.279 0.136 0.026 0.013 0.08 0.409 0.073 0.047 0.041 0.014 0.154 0.154 0.093 0.096 0.017 0.074 0.197 0.234 0.479 1 0.153 0.387 0.038 0.074 0.05 0.011 0.011 0.121 0.355 0.181 0.012 0.008 0 0 0.223 0.034 0.13 0.071 0.122 0.045 0.014 0.05 0.096 0.04 0.002 0.09 0.224 0.218 0.141 0 0.106 0.001 0.039 0.023 0.008 0.088 0.14 0.034 0.011 0 0.069 0.05 0.132 0.101 0.107 0.045 0.014 0.039 0.093 0.002 0 0.001 0.007 0.053
0.36 0.388 0.421 0.218 0.881 0.018 0.011 0.535 0.267 0.475 0.306 0.008 0.007 0.537 0.525 0.598 0.615 0.114 0.011 0.627 0.036 0.086 0.153 1 0.339 0.013 0.014 0.017 0.004 0.004 0.84 0.273 0.209 0.004 0.006 0.227 0.176 0.169 0.01 0.053 0.039 0.001 0.009 0.001 0.053 0.023 0.062 0 0.002 0.042 0.038 0.002 0.003 0.001 0.008 0.008 0.007 0.004 0.002 0.02 0.005 0.002 0.003 0.002 0.011 0.018 0.003 0.001 0.008 0.006 0.008 0 0.001 0.006 0.001 0.004 0.011
0.272 0.273 0.304 0.583 0.299 0.08 0.043 0.186 0.71 0.171 0.109 0.023 0.037 0.392 0.39 0.213 0.219 0.04 0.032 0.471 0.091 0.22 0.387 0.339 1 0.036 0.029 0.103 0.024 0.024 0.299 0.823 0.622 0.023 0.018 0.036 0.024 0.511 0.023 0.171 0 0.045 0.015 0.037 0.005 0.237 0.205 0.01 0.019 0.122 0.111 0.052 0.005 0.034 0 0.022 0.021 0.007 0.023 0.065 0.015 0.018 0.004 0.025 0.013 0.061 0.03 0.035 0.022 0.031 0.021 0.032 0 0.002 0.001 0.006 0.03
0.012 0.024 0.025 0.004 0.012 0.005 0.003 0.007 0.008 0.006 0.004 0.002 0.002 0.018 0.015 0.008 0.008 0.001 0.003 0.02 0.009 0.021 0.038 0.013 0.036 1 0.004 0.004 0.001 0.001 0.012 0.034 0.043 0 0.001 0.011 0.01 0.012 0.003 0.063 0.025 0.01 0 0.003 0.014 0.017 0.003 0.001 0.01 0.004 0.003 0.006 0.002 0.007 0.002 0.002 0.002 0.001 0.009 0.005 0.001 0.032 0.002 0 0.154 0.005 0.009 0.007 0.002 0 0.002 0.006 0.001 0.002 0.002 0.004 0.003
0.033 0.028 0.028 0.03 0.013 0.005 0.003 0.008 0.019 0.007 0.004 0.002 0.002 0.018 0.019 0.009 0.009 0.002 0.783 0.019 0.309 0.019 0.074 0.014 0.029 0.004 1 0.005 0.001 0.001 0.014 0.027 0.032 0.001 0.002 0.013 0.012 0.043 0.003 0.006 0.069 0.229 0.002 0.002 0.029 0.022 0.026 0.002 0.134 0.213 0.178 0.177 0.002 0.153 0.001 0.002 0.007 0.001 0.085 0.131 0.001 0.003 0 0.336 0 0.124 0.137 0.154 0.006 0.002 0.003 0.158 0.001 0 0.002 0.005 0.003
0.13 0.155 0.151 0.064 0.016 0.818 0.454 0.009 0.087 0.009 0.005 0.003 0.343 0.183 0.176 0.01 0.011 0.002 0.004 0.185 0.012 0.028 0.05 0.017 0.103 0.004 0.005 1 0.21 0.206 0.017 0.106 0.074 0.003 0.25 0.015 0.013 0.06 0.003 0.019 0.009 0.013 0.003 0.24 0.018 0 0.032 0.052 0.018 0.013 0.012 0.016 0.03 0.001 0.112 0.003 0.003 0.103 0.01 0 0.002 0.004 0.112 0.004 0.006 0 0.006 0.002 0.003 0.001 0.001 0.003 0 0.124 0.024 0.001 0.004
0.031 0.036 0.036 0.017 0.003 0.192 0.329 0.002 0.021 0.002 0.001 0.001 0 0.04 0.039 0.002 0.002 0 0.001 0.045 0.003 0.006 0.011 0.004 0.024 0.001 0.001 0.21 1 0.984 0.003 0.012 0.009 0 0.058 0.003 0.003 0.007 0.001 0.004 0.013 0.003 0.001 0.128 0.008 0.008 0.004 0.005 0.016 0.003 0.003 0.004 0.003 0.003 0.132 0.001 0.001 0.001 0.01 0.002 0 0.001 0.14 0.002 0.001 0.002 0.009 0.003 0.001 0 0 0.002 0 0.147 0.004 0 0.001
0.03 0.035 0.035 0.017 0.003 0.189 0.324 0.002 0.02 0.002 0.001 0.001 0 0.041 0.039 0.002 0.002 0 0.001 0.044 0.003 0.006 0.011 0.004 0.024 0.001 0.001 0.206 0.984 1 0.004 0.012 0.009 0 0.057 0.003 0.002 0.007 0.001 0.004 0.013 0.003 0.001 0.125 0.009 0.008 0.004 0.005 0.016 0.003 0.003 0.004 0.003 0.003 0.13 0.001 0.001 0.001 0.01 0.002 0 0.001 0.138 0.002 0.001 0.002 0.009 0.003 0.001 0 0 0.002 0 0.145 0.004 0 0.001
0.287 0.33 0.339 0.168 0.729 0.018 0.011 0.538 0.218 0.477 0.311 0.004 0.007 0.438 0.435 0.602 0.619 0.116 0.011 0.525 0.03 0.068 0.121 0.84 0.299 0.012 0.014 0.017 0.003 0.004 1 0.307 0.246 0.004 0.006 0.274 0.218 0.203 0.01 0.053 0.057 0 0.009 0.001 0.074 0.033 0.09 0 0.001 0.036 0.032 0.001 0.002 0 0.008 0.008 0.007 0.004 0.002 0.016 0.005 0.011 0.003 0 0.011 0.018 0.001 0 0.008 0.006 0.008 0 0.001 0.006 0.003 0.016 0.011
0.216 0.228 0.242 0.525 0.241 0.076 0.038 0.187 0.675 0.171 0.114 0.014 0.039 0.341 0.348 0.216 0.214 0.042 0.03 0.39 0.086 0.2 0.355 0.273 0.823 0.034 0.027 0.106 0.012 0.012 0.307 1 0.747 0.025 0.041 0.054 0.039 0.625 0.028 0.185 0.002 0.043 0.024 0.064 0 0.269 0.261 0.011 0.011 0.119 0.11 0.05 0 0.026 0.007 0.021 0.011 0.008 0.01 0.054 0.014 0.03 0.015 0.025 0.015 0.051 0.015 0.028 0.021 0.033 0.02 0.025 0 0.014 0 0.016 0.02
0.151 0.144 0.155 0.338 0.184 0.047 0.019 0.147 0.465 0.134 0.09 0.019 0.03 0.254 0.258 0.17 0.169 0.033 0.034 0.282 0.106 0.056 0.181 0.209 0.622 0.043 0.032 0.074 0.009 0.009 0.246 0.747 1 0.019 0.028 0.255 0.238 0.828 0.036 0.133 0.039 0.059 0.027 0.049 0.006 0.42 0.232 0.005 0.024 0.143 0.129 0.069 0 0.05 0.004 0.027 0.025 0.005 0.027 0.083 0.018 0.038 0.009 0.029 0.008 0.078 0.035 0.049 0.026 0.025 0.029 0.046 0.018 0.009 0.002 0.011 0.034
0.001 0.001 0.001 0.02 0.003 0.003 0.001 0.002 0.024 0.002 0.001 0.001 0.014 0.001 0.001 0.002 0.002 0 0.001 0 0.003 0.007 0.012 0.004 0.023 0 0.001 0.003 0 0 0.004 0.025 0.019 1 0 0.004 0.003 0.02 0.001 0.075 0.011 0.003 0.001 0.001 0.01 0.034 0.01 0 0.006 0.004 0.003 0.004 0 0.005 0.001 0.001 0.001 0 0.006 0.004 0 0.001 0.001 0.002 0.001 0.004 0.006 0.005 0.001 0.421 0.001 0.004 0 0.001 0.001 0.001 0.001
0.025 0.031 0.03 0.008 0.005 0.176 0.308 0.003 0.015 0.003 0.002 0.003 0.001 0.043 0.057 0.003 0.004 0.001 0.001 0.035 0 0.01 0.008 0.006 0.018 0.001 0.002 0.25 0.058 0.057 0.006 0.041 0.028 0 1 0.005 0.005 0.028 0.001 0.006 0.042 0.005 0.001 0.282 0.001 0.013 0.015 0.047 0.041 0.005 0.005 0.006 0.029 0.001 0.172 0.001 0.001 0.108 0.028 0.001 0.001 0.001 0.202 0 0.002 0.001 0.021 0 0.001 0.001 0.001 0.001 0 0.19 0.022 0 0.001
0.07 0.065 0.07 0.01 0.211 0.017 0.01 0.25 0.024 0.2 0.111 0.007 0.006 0.102 0.099 0.305 0.311 0.005 0.01 0.112 0.032 0.014 0 0.227 0.036 0.011 0.013 0.015 0.003 0.003 0.274 0.054 0.255 0.004 0.005 1 0.892 0.217 0.01 0.049 0.322 0.033 0.126 0.002 0.194 0.241 0.028 0.004 0.028 0.035 0.031 0.032 0.006 0.021 0.007 0.007 0.006 0.003 0.024 0.015 0.004 0.01 0.006 0.001 0.012 0.013 0.029 0.019 0.007 0.006 0.007 0.016 0.06 0.006 0.007 0.001 0.007
0.051 0.052 0.05 0.005 0.158 0.015 0.009 0.276 0.015 0.22 0.12 0.007 0.005 0.076 0.074 0.226 0.233 0.005 0.009 0.083 0.03 0.019 0 0.176 0.024 0.01 0.012 0.013 0.003 0.002 0.218 0.039 0.238 0.003 0.005 0.892 1 0.204 0.009 0.044 0.298 0.03 0.142 0.01 0.168 0.288 0.023 0.003 0.054 0.031 0.028 0.039 0.005 0.045 0.006 0.006 0.006 0.003 0.048 0.037 0.004 0.009 0.005 0.014 0.01 0.036 0.052 0.043 0.006 0.005 0.008 0.039 0.068 0.005 0.006 0.002 0.007
0.117 0.104 0.113 0.396 0.151 0.036 0.013 0.124 0.545 0.113 0.076 0.023 0.025 0.203 0.208 0.144 0.143 0.028 0.044 0.224 0.13 0.069 0.223 0.169 0.511 0.012 0.043 0.06 0.007 0.007 0.203 0.625 0.828 0.02 0.028 0.217 0.204 1 0.042 0.239 0.023 0.078 0.022 0.057 0.001 0.518 0.285 0.006 0.034 0.173 0.156 0.093 0 0.071 0.009 0.031 0.029 0.003 0.036 0.107 0.021 0.028 0.016 0.041 0.069 0.102 0.046 0.071 0.031 0.025 0.034 0.066 0.015 0.017 0.003 0.015 0.04
0.024 0.02 0.021 0.037 0.01 0.004 0.002 0.006 0.03 0.005 0.003 0.001 0.001 0.018 0.019 0.006 0.007 0.001 0.002 0.015 0.007 0.073 0.034 0.01 0.023 0.003 0.003 0.003 0.001 0.001 0.01 0.028 0.036 0.001 0.001 0.01 0.009 0.042 1 0.002 0.02 0.007 0.002 0.003 0.007 0.02 0.024 0.001 0.011 0.006 0.005 0.007 0.001 0.011 0.007 0.002 0.002 0.001 0.011 0.007 0.001 0.002 0.001 0.003 0.002 0.007 0.013 0.009 0.002 0.001 0.002 0.008 0.001 0.001 0.002 0.02 0.002
0.014 0.028 0.024 0.22 0.047 0.015 0.011 0.029 0.271 0.023 0.016 0.008 0.106 0.018 0.017 0.03 0.031 0.006 0.011 0.016 0.037 0.066 0.13 0.053 0.171 0.063 0.006 0.019 0.004 0.004 0.053 0.185 0.133 0.075 0.006 0.049 0.044 0.239 0.002 1 0.14 0.046 0.009 0.013 0.097 0.407 0.106 0.003 0.078 0.048 0.044 0.058 0 0.066 0.001 0.008 0.008 0.004 0.074 0.056 0.005 0.012 0.007 0.025 0.267 0.055 0.076 0.066 0.008 0.1 0.011 0.059 0.001 0.007 0.001 0.002 0.011
0.082 0.087 0.089 0.001 0.038 0.002 0.029 0.062 0.002 0.046 0.022 0.06 0.017 0.04 0.039 0.076 0.081 0.015 0.074 0.048 0.237 0.013 0.071 0.039 0 0.025 0.069 0.009 0.013 0.013 0.057 0.002 0.039 0.011 0.042 0.322 0.298 0.023 0.02 0.14 1 0.194 0.049 0.093 0.374 0.008 0.088 0.001 0.264 0.215 0.184 0.151 0.004 0.178 0.032 0.058 0.02 0.028 0.213 0.216 0.035 0.02 0.042 0.069 0.037 0.207 0.228 0.17 0.03 0.016 0.071 0.146 0.018 0.049 0.008 0.02 0.03
0.004 0.01 0.009 0.002 0 0.014 0.007 0.003 0.041 0.005 0.004 0.087 0.006 0.009 0.011 0.001 0.001 0.005 0.226 0.007 0.612 0.06 0.122 0.001 0.045 0.01 0.229 0.013 0.003 0.003 0 0.043 0.059 0.003 0.005 0.033 0.03 0.078 0.007 0.046 0.194 1 0.007 0.011 0.179 0.102 0.047 0.004 0.583 0.647 0.557 0.74 0.005 0.609 0.001 0.145 0.062 0.002 0.491 0.455 0.071 0.01 0 0.161 0.015 0.417 0.557 0.599 0.077 0.005 0.171 0.554 0.004 0.001 0.007 0.014 0.086
0 0.009 0.009 0.023 0.008 0.003 0.002 0.005 0.029 0.004 0.003 0.001 0.001 0.013 0.014 0.005 0.005 0.001 0.002 0.014 0.001 0.063 0.045 0.009 0.015 0 0.002 0.003 0.001 0.001 0.009 0.024 0.027 0.001 0.001 0.126 0.142 0.022 0.002 0.009 0.049 0.007 1 0.002 0.008 0.037 0.045 0.001 0.013 0.008 0.007 0.009 0.001 0.011 0.001 0.001 0.001 0.001 0.01 0.009 0.001 0.002 0.001 0.004 0.003 0.009 0.012 0.009 0.001 0.001 0.002 0.01 0.001 0.001 0.001 0.005 0
0.051 0.051 0.061 0.022 0.002 0.167 0.305 0.007 0.03 0.006 0.004 0 0.002 0.08 0.09 0.007 0.007 0.001 0.001 0.076 0.002 0.011 0.014 0.001 0.037 0.003 0.002 0.24 0.128 0.125 0.001 0.064 0.049 0.001 0.282 0.002 0.01 0.057 0.003 0.013 0.093 0.011 0.002 1 0.006 0.029 0.031 0.001 0.167 0.011 0.01 0.004 0.002 0.019 0.347 0.002 0.002 0.142 0.135 0.025 0.001 0.003 0.356 0.011 0.004 0.027 0.117 0.015 0.002 0.001 0 0.012 0.001 0.412 0.002 0.004 0.003
0.027 0.03 0.031 0.003 0.054 0.027 0.011 0.094 0.012 0.074 0.028 0.033 0.016 0.01 0.01 0.11 0.114 0.014 0.044 0.016 0.128 0.004 0.05 0.053 0.005 0.014 0.029 0.018 0.008 0.009 0.074 0 0.006 0.01 0.001 0.194 0.168 0.001 0.007 0.097 0.374 0.179 0.008 0.006 1 0.002 0.065 0.01 0.209 0.187 0.183 0.208 0.015 0.205 0.004 0.048 0.019 0.003 0.218 0.206 0.031 0.005 0.002 0.087 0.041 0.162 0.206 0.204 0.028 0.015 0.025 0.183 0.02 0.001 0.019 0.013 0.048
0.011 0.003 0.003 0.217 0.017 0 0.025 0.07 0.284 0.057 0.027 0.019 0.042 0.012 0.013 0.05 0.052 0.007 0.026 0.017 0.073 0.022 0.096 0.023 0.237 0.017 0.022 0 0.008 0.008 0.033 0.269 0.42 0.034 0.013 0.241 0.288 0.518 0.02 0.407 0.008 0.102 0.037 0.029 0.002 1 0.165 0 0.174 0.107 0.098 0.129 0.004 0.148 0.019 0.018 0.017 0.009 0.165 0.125 0.012 0.026 0.016 0.056 0.144 0.122 0.17 0.148 0.019 0.044 0.024 0.131 0.028 0.015 0.008 0.005 0.022
0.073 0.072 0.069 0.213 0.06 0.02 0.006 0.062 0.254 0.059 0.035 0.006 0.017 0.073 0.072 0.067 0.069 0.009 0.024 0.102 0.025 0.14 0.04 0.062 0.205 0.003 0.026 0.032 0.004 0.004 0.09 0.261 0.232 0.01 0.015 0.028 0.023 0.285 0.024 0.106 0.088 0.047 0.045 0.031 0.065 0.165 1 0.011 0.101 0.048 0.039 0.066 0 0.06 0.007 0 0 0.01 0.071 0.041 0.005 0.073 0.017 0.048 0.041 0.039 0.077 0.056 0.004 0.007 0 0.056 0.007 0.016 0.002 0.037 0.004
0.007 0.009 0.009 0.004 0 0.047 0.022 0.002 0.008 0.002 0.001 0.001 0.025 0.011 0.01 0.003 0.003 0.008 0.001 0.013 0.003 0 0.002 0 0.01 0.001 0.002 0.052 0.005 0.005 0 0.011 0.005 0 0.047 0.004 0.003 0.006 0.001 0.003 0.001 0.004 0.001 0.001 0.01 0 0.011 1 0.006 0.004 0.003 0.005 0.512 0.005 0.001 0.001 0.001 0 0.006 0.004 0 0.001 0.001 0.002 0.001 0.004 0.006 0.005 0.001 0 0.001 0.005 0.004 0.001 0.401 0.014 0.001
0.022 0.029 0.031 0 0 0.008 0.038 0 0.022 0 0 0.087 0.01 0.001 0 0.002 0.003 0.008 0.137 0.002 0.435 0.042 0.09 0.002 0.019 0.01 0.134 0.018 0.016 0.016 0.001 0.011 0.024 0.006 0.041 0.028 0.054 0.034 0.011 0.078 0.264 0.583 0.013 0.167 0.209 0.174 0.101 0.006 1 0.616 0.553 0.715 0.009 0.753 0.066 0.105 0.031 0.051 0.838 0.624 0.065 0.01 0.079 0.301 0.025 0.606 0.873 0.739 0.061 0.009 0.135 0.659 0.006 0.088 0.012 0.023 0.075
0.002 0.001 0.001 0.027 0.035 0.015 0.008 0.022 0.116 0.02 0.014 0.119 0.006 0.057 0.063 0.028 0.025 0.005 0.21 0.048 0.657 0.017 0.224 0.042 0.122 0.004 0.213 0.013 0.003 0.003 0.036 0.119 0.143 0.004 0.005 0.035 0.031 0.173 0.006 0.048 0.215 0.647 0.008 0.011 0.187 0.107 0.048 0.004 0.616 1 0.894 0.783 0.006 0.659 0.002 0.17 0.058 0.002 0.537 0.721 0.106 0.01 0 0.348 0.015 0.692 0.597 0.652 0.106 0.006 0.201 0.587 0.004 0.001 0.007 0.014 0.131
0.001 0 0 0.027 0.031 0.013 0.007 0.019 0.119 0.018 0.013 0.097 0.006 0.051 0.057 0.025 0.023 0.005 0.217 0.042 0.599 0.012 0.218 0.038 0.111 0.003 0.178 0.012 0.003 0.003 0.032 0.11 0.129 0.003 0.005 0.031 0.028 0.156 0.005 0.044 0.184 0.557 0.007 0.01 0.183 0.098 0.039 0.003 0.553 0.894 1 0.754 0.005 0.634 0.007 0.187 0.072 0.002 0.543 0.742 0.125 0.009 0.004 0.319 0.014 0.66 0.548 0.627 0.125 0.005 0.221 0.556 0.003 0.005 0.006 0.013 0.153
0.003 0.006 0.005 0.007 0 0.018 0.01 0.001 0.055 0.002 0.002 0.073 0.007 0.012 0.015 0.002 0.002 0.006 0.176 0.007 0.505 0.026 0.141 0.002 0.052 0.006 0.177 0.016 0.004 0.004 0.001 0.05 0.069 0.004 0.006 0.032 0.039 0.093 0.007 0.058 0.151 0.74 0.009 0.004 0.208 0.129 0.066 0.005 0.715 0.783 0.754 1 0.007 0.806 0.009 0.141 0.052 0.001 0.642 0.644 0.094 0.012 0.006 0.33 0.019 0.619 0.7 0.803 0.093 0.007 0.166 0.727 0.005 0.007 0.009 0.017 0.112
0.012 0.016 0.015 0.002 0.004 0.027 0.012 0.003 0.006 0.003 0.002 0.001 0.015 0.019 0.018 0.004 0.004 0.004 0.001 0.022 0.004 0.001 0 0.003 0.005 0.002 0.002 0.03 0.003 0.003 0.002 0 0 0 0.029 0.006 0.005 0 0.001 0 0.004 0.005 0.001 0.002 0.015 0.004 0 0.512 0.009 0.006 0.005 0.007 1 0.008 0.001 0.001 0.001 0 0.009 0.007 0.001 0.001 0.001 0.003 0.002 0.006 0.009 0.008 0.001 0.001 0.001 0.007 0.002 0.001 0.711 0.073 0.001
0.014 0.018 0.02 0 0 0 0.006 0 0.023 0 0 0.062 0.008 0 0.001 0.004 0.004 0.007 0.153 0 0.424 0.029 0.106 0.001 0.034 0.007 0.153 0.001 0.003 0.003 0 0.026 0.05 0.005 0.001 0.021 0.045 0.071 0.011 0.066 0.178 0.609 0.011 0.019 0.205 0.148 0.06 0.005 0.753 0.659 0.634 0.806 0.008 1 0.01 0.109 0.096 0.06 0.743 0.817 0.082 0.014 0.007 0.345 0.021 0.795 0.79 0.934 0.126 0.008 0.145 0.854 0.005 0.008 0.01 0.02 0.161
0.002 0.004 0.003 0 0.007 0.063 0.119 0.004 0 0.004 0.003 0.016 0.001 0.008 0.013 0.005 0.005 0.001 0 0.005 0.001 0 0.001 0.008 0 0.002 0.001 0.112 0.132 0.13 0.008 0.007 0.004 0.001 0.172 0.007 0.006 0.009 0.007 0.001 0.032 0.001 0.001 0.347 0.004 0.019 0.007 0.001 0.066 0.002 0.007 0.009 0.001 0.01 1 0.001 0.001 0.001 0.07 0.008 0.001 0.002 0.705 0.004 0.003 0.008 0.066 0.01 0.001 0.001 0.002 0.009 0.001 0.803 0.001 0.003 0.002
0.032 0.039 0.038 0.014 0.007 0.003 0.002 0.004 0.025 0.004 0.002 0.011 0.001 0.007 0.008 0.005 0.005 0.001 0.002 0.012 0.18 0.013 0.039 0.008 0.022 0.002 0.002 0.003 0.001 0.001 0.008 0.021 0.027 0.001 0.001 0.007 0.006 0.031 0.002 0.008 0.058 0.145 0.001 0.002 0.048 0.018 0 0.001 0.105 0.17 0.187 0.141 0.001 0.109 0.001 1 0.001 0.001 0.11 0.131 0.021 0.002 0.001 0 0.003 0.149 0.106 0.123 0.001 0.001 0.381 0.077 0.001 0.001 0.001 0.002 0
0.004 0.002 0.002 0.005 0.004 0.002 0.007 0.001 0.003 0.001 0.002 0.204 0.001 0.003 0.004 0.004 0.005 0.001 0.01 0.011 0.065 0.001 0.023 0.007 0.021 0.002 0.007 0.003 0.001 0.001 0.007 0.011 0.025 0.001 0.001 0.006 0.006 0.029 0.002 0.008 0.02 0.062 0.001 0.002 0.019 0.017 0 0.001 0.031 0.058 0.072 0.052 0.001 0.096 0.001 0.001 1 0.001 0.085 0.114 0.233 0.002 0.001 0.004 0.003 0.099 0.072 0.071 0.423 0.001 0.001 0.08 0 0.001 0.001 0.002 0.498
0.011 0.013 0.012 0.003 0.003 0.093 0.165 0.002 0.005 0.002 0.001 0 0.001 0.016 0.015 0.002 0.002 0 0.001 0.017 0.001 0.006 0.008 0.004 0.007 0.001 0.001 0.103 0.001 0.001 0.004 0.008 0.005 0 0.108 0.003 0.003 0.003 0.001 0.004 0.028 0.002 0.001 0.142 0.003 0.009 0.01 0 0.051 0.002 0.002 0.001 0 0.06 0.001 0.001 0.001 1 0.033 0.071 0 0.001 0.001 0 0.001 0.072 0.023 0.049 0.001 0 0 0.033 0 0 0.001 0.001 0.001
0.024 0.03 0.033 0 0 0.009 0.039 0 0.021 0 0 0.077 0.009 0.001 0.001 0.002 0.002 0.008 0.12 0 0.36 0.026 0.088 0.002 0.023 0.009 0.085 0.01 0.01 0.01 0.002 0.01 0.027 0.006 0.028 0.024 0.048 0.036 0.011 0.074 0.213 0.491 0.01 0.135 0.218 0.165 0.071 0.006 0.838 0.537 0.543 0.642 0.009 0.743 0.07 0.11 0.085 0.033 1 0.665 0.074 0.015 0.083 0.232 0.024 0.636 0.911 0.752 0.113 0.008 0.142 0.68 0.006 0.093 0.011 0.022 0.145
0.003 0.004 0.005 0.007 0.015 0 0.01 0.026 0.055 0.023 0.016 0.076 0.007 0.011 0.014 0.007 0.006 0.006 0.164 0.011 0.446 0.017 0.14 0.02 0.065 0.005 0.131 0 0.002 0.002 0.016 0.054 0.083 0.004 0.001 0.015 0.037 0.107 0.007 0.056 0.216 0.455 0.009 0.025 0.206 0.125 0.041 0.004 0.624 0.721 0.742 0.644 0.007 0.817 0.008 0.131 0.114 0.071 0.665 1 0.098 0.012 0.005 0.357 0.018 0.875 0.664 0.796 0.149 0.006 0.174 0.724 0.004 0.007 0.008 0.017 0.191
0.012 0.01 0.01 0.021 0.005 0.002 0.001 0.003 0.017 0.003 0.002 0.433 0.001 0.004 0.004 0.003 0.003 0.001 0.001 0.008 0.134 0.007 0.034 0.005 0.015 0.001 0.001 0.002 0 0 0.005 0.014 0.018 0 0.001 0.004 0.004 0.021 0.001 0.005 0.035 0.071 0.001 0.001 0.031 0.012 0.005 0 0.065 0.106 0.125 0.094 0.001 0.082 0.001 0.021 0.233 0 0.074 0.098 1 0.001 0.001 0.002 0.002 0.08 0.06 0.056 0.312 0.001 0.002 0.064 0 0.001 0.001 0.002 0.323
0.01 0.015 0.008 0.025 0.002 0.004 0.002 0.006 0.022 0.006 0.003 0.002 0.001 0.006 0.005 0.007 0.007 0.001 0.002 0.007 0.008 0.002 0.011 0.002 0.018 0.032 0.003 0.004 0.001 0.001 0.011 0.03 0.038 0.001 0.001 0.01 0.009 0.028 0.002 0.012 0.02 0.01 0.002 0.003 0.005 0.026 0.073 0.001 0.01 0.01 0.009 0.012 0.001 0.014 0.002 0.002 0.002 0.001 0.015 0.012 0.001 1 0.001 0.005 0.004 0.011 0.016 0.014 0.002 0.001 0.002 0.012 0.001 0.001 0.002 0.004 0.002
0.004 0.006 0.006 0 0.006 0.07 0.13 0.004 0.002 0.003 0.002 0.02 0.001 0.016 0.024 0.004 0.004 0.001 0 0.012 0.003 0.003 0 0.003 0.004 0.002 0 0.112 0.14 0.138 0.003 0.015 0.009 0.001 0.202 0.006 0.005 0.016 0.001 0.007 0.042 0 0.001 0.356 0.002 0.016 0.017 0.001 0.079 0 0.004 0.006 0.001 0.007 0.705 0.001 0.001 0.001 0.083 0.005 0.001 0.001 1 0.001 0.002 0.005 0.079 0.007 0.001 0.001 0 0.006 0.001 0.829 0.001 0.002 0.001
0.01 0.012 0.01 0.026 0.003 0.005 0.002 0.013 0.022 0.012 0.007 0 0.003 0.006 0.007 0 0 0.003 0.313 0.002 0.148 0.001 0.069 0.002 0.025 0 0.336 0.004 0.002 0.002 0 0.025 0.029 0.002 0 0.001 0.014 0.041 0.003 0.025 0.069 0.161 0.004 0.011 0.087 0.056 0.048 0.002 0.301 0.348 0.319 0.33 0.003 0.345 0.004 0 0.004 0 0.232 0.357 0.002 0.005 0.001 1 0.008 0.332 0.308 0.361 0.004 0.003 0.002 0.321 0.002 0.003 0.004 0.007 0.001
0.011 0.028 0.028 0.068 0.012 0.006 0.004 0.006 0.085 0.005 0.005 0.003 0.002 0.018 0.023 0.007 0.007 0.002 0.004 0.02 0.012 0.027 0.05 0.011 0.013 0.154 0 0.006 0.001 0.001 0.011 0.015 0.008 0.001 0.002 0.012 0.01 0.069 0.002 0.267 0.037 0.015 0.003 0.004 0.041 0.144 0.041 0.001 0.025 0.015 0.014 0.019 0.002 0.021 0.003 0.003 0.003 0.001 0.024 0.018 0.002 0.004 0.002 0.008 1 0.018 0.025 0.021 0.003 0.002 0.003 0.019 0.001 0.002 0.003 0.003 0.004
0.005 0.007 0.008 0.002 0.013 0.001 0.01 0.025 0.042 0.023 0.016 0.05 0.007 0.009 0.012 0.006 0.005 0.005 0.127 0.011 0.418 0.016 0.132 0.018 0.061 0.005 0.124 0 0.002 0.002 0.018 0.051 0.078 0.004 0.001 0.013 0.036 0.102 0.007 0.055 0.207 0.417 0.009 0.027 0.162 0.122 0.039 0.004 0.606 0.692 0.66 0.619 0.006 0.795 0.008 0.149 0.099 0.072 0.636 0.875 0.08 0.011 0.005 0.332 0.018 1 0.645 0.774 0.153 0.006 0.193 0.71 0.004 0.007 0.008 0.016 0.176
0.017 0.024 0.026 0 0.001 0.006 0.032 0.001 0.021 0 0 0.079 0.01 0 0 0.001 0.002 0.008 0.14 0 0.429 0.031 0.101 0.003 0.03 0.009 0.137 0.006 0.009 0.009 0.001 0.015 0.035 0.006 0.021 0.029 0.052 0.046 0.013 0.076 0.228 0.557 0.012 0.117 0.206 0.17 0.077 0.006 0.873 0.597 0.548 0.7 0.009 0.79 0.066 0.106 0.072 0.023 0.911 0.664 0.06 0.016 0.079 0.308 0.025 0.645 1 0.788 0.109 0.009 0.138 0.7 0.006 0.089 0.011 0.021 0.128
0.015 0.019 0.021 0 0 0 0.004 0 0.024 0 0 0.044 0.008 0 0.001 0.004 0.005 0.007 0.154 0 0.415 0.025 0.107 0.001 0.035 0.007 0.154 0.002 0.003 0.003 0 0.028 0.049 0.005 0 0.019 0.043 0.071 0.009 0.066 0.17 0.599 0.009 0.015 0.204 0.148 0.056 0.005 0.739 0.652 0.627 0.803 0.008 0.934 0.01 0.123 0.071 0.049 0.752 0.796 0.056 0.014 0.007 0.361 0.021 0.774 0.788 1 0.098 0.008 0.159 0.873 0.005 0.008 0.01 0.018 0.134
0 0 0 0.004 0.004 0.002 0.006 0.002 0.009 0.001 0.002 0.108 0.001 0.004 0.004 0.005 0.005 0.001 0.009 0.012 0.12 0.002 0.045 0.008 0.022 0.002 0.006 0.003 0.001 0.001 0.008 0.021 0.026 0.001 0.001 0.007 0.006 0.031 0.002 0.008 0.03 0.077 0.001 0.002 0.028 0.019 0.004 0.001 0.061 0.106 0.125 0.093 0.001 0.126 0.001 0.001 0.423 0.001 0.113 0.149 0.312 0.002 0.001 0.004 0.003 0.153 0.109 0.098 1 0.001 0.002 0.11 0.001 0.001 0.001 0.002 0.625
0.002 0.004 0.004 0.024 0.005 0.001 0.001 0.003 0.03 0.003 0.001 0.001 0.007 0.003 0.001 0.003 0.003 0.001 0.001 0.003 0.004 0.007 0.014 0.006 0.031 0 0.002 0.001 0 0 0.006 0.033 0.025 0.421 0.001 0.006 0.005 0.025 0.001 0.1 0.016 0.005 0.001 0.001 0.015 0.044 0.007 0 0.009 0.006 0.005 0.007 0.001 0.008 0.001 0.001 0.001 0 0.008 0.006 0.001 0.001 0.001 0.003 0.002 0.006 0.009 0.008 0.001 1 0.001 0.007 0.001 0.001 0.001 0.002 0.001
0.04 0.045 0.048 0.015 0.005 0.001 0 0.006 0.022 0.005 0.003 0.009 0.001 0.005 0.007 0.004 0.005 0.001 0.002 0.006 0.187 0.015 0.039 0.008 0.021 0.002 0.003 0.001 0 0 0.008 0.02 0.029 0.001 0.001 0.007 0.008 0.034 0.002 0.011 0.071 0.171 0.002 0 0.025 0.024 0 0.001 0.135 0.201 0.221 0.166 0.001 0.145 0.002 0.381 0.001 0 0.142 0.174 0.002 0.002 0 0.002 0.003 0.193 0.138 0.159 0.002 0.001 1 0.141 0.001 0.001 0.002 0.003 0.001
0.008 0.013 0.015 0.001 0 0 0.002 0 0.02 0 0 0.039 0.007 0 0.001 0.005 0.006 0.006 0.155 0.001 0.364 0.024 0.093 0 0.032 0.006 0.158 0.003 0.002 0.002 0 0.025 0.046 0.004 0.001 0.016 0.039 0.066 0.008 0.059 0.146 0.554 0.01 0.012 0.183 0.131 0.056 0.005 0.659 0.587 0.556 0.727 0.007 0.854 0.009 0.077 0.08 0.033 0.68 0.724 0.064 0.012 0.006 0.321 0.019 0.71 0.7 0.873 0.11 0.007 0.141 1 0.005 0.007 0.009 0.018 0.151
0 0 0 0.001 0.001 0 0.001 0.004 0.001 0 0.001 0.001 0.002 0.002 0.001 0.003 0.002 0 0.001 0.001 0.003 0.008 0.002 0.001 0 0.001 0.001 0 0 0 0.001 0 0.018 0 0 0.06 0.068 0.015 0.001 0.001 0.018 0.004 0.001 0.001 0.02 0.028 0.007 0.004 0.006 0.004 0.003 0.005 0.002 0.005 0.001 0.001 0 0 0.006 0.004 0 0.001 0.001 0.002 0.001 0.004 0.006 0.005 0.001 0.001 0.001 0.005 1 0.001 0.001 0 0.001
0.004 0.006 0.006 0 0.006 0.077 0.142 0.004 0.001 0.003 0.002 0.022 0.001 0.011 0.018 0.004 0.004 0.001 0 0.009 0.003 0.002 0 0.006 0.002 0.002 0 0.124 0.147 0.145 0.006 0.014 0.009 0.001 0.19 0.006 0.005 0.017 0.001 0.007 0.049 0.001 0.001 0.412 0.001 0.015 0.016 0.001 0.088 0.001 0.005 0.007 0.001 0.008 0.803 0.001 0.001 0 0.093 0.007 0.001 0.001 0.829 0.003 0.002 0.007 0.089 0.008 0.001 0.001 0.001 0.007 0.001 1 0.001 0.002 0.001
0.006 0.009 0.008 0 0.001 0.021 0.01 0.004 0.002 0.004 0.002 0.001 0.01 0.011 0.01 0.005 0.005 0.003 0.002 0.014 0.006 0.006 0.001 0.001 0.001 0.002 0.002 0.024 0.004 0.004 0.003 0 0.002 0.001 0.022 0.007 0.006 0.003 0.002 0.001 0.008 0.007 0.001 0.002 0.019 0.008 0.002 0.401 0.012 0.007 0.006 0.009 0.711 0.01 0.001 0.001 0.001 0.001 0.011 0.008 0.001 0.002 0.001 0.004 0.003 0.008 0.011 0.01 0.001 0.001 0.002 0.009 0.001 0.001 1 0.092 0.002
0.007 0.004 0.004 0.015 0.003 0.001 0 0.009 0.008 0.008 0.005 0.002 0.003 0.001 0.001 0.01 0.01 0.002 0.004 0.001 0.01 0.031 0.007 0.004 0.006 0.004 0.005 0.001 0 0 0.016 0.016 0.011 0.001 0 0.001 0.002 0.015 0.02 0.002 0.02 0.014 0.005 0.004 0.013 0.005 0.037 0.014 0.023 0.014 0.013 0.017 0.073 0.02 0.003 0.002 0.002 0.001 0.022 0.017 0.002 0.004 0.002 0.007 0.003 0.016 0.021 0.018 0.002 0.002 0.003 0.018 0 0.002 0.092 1 0.003
0 0 0 0.003 0.007 0 0.003 0.003 0.011 0.003 0.003 0.121 0.001 0.008 0.008 0.007 0.007 0.001 0.005 0.017 0.133 0.001 0.053 0.011 0.03 0.003 0.003 0.004 0.001 0.001 0.011 0.02 0.034 0.001 0.001 0.007 0.007 0.04 0.002 0.011 0.03 0.086 0 0.003 0.048 0.022 0.004 0.001 0.075 0.131 0.153 0.112 0.001 0.161 0.002 0 0.498 0.001 0.145 0.191 0.323 0.002 0.001 0.001 0.004 0.176 0.128 0.134 0.625 0.001 0.001 0.151 0.001 0.001 0.002 0.003 1
