1 0.841 0.833 0.429 0.388 0.157 0.103 0.245 0.296 0.222 0.138 0.027 0.042 0.541 0.504 0.249 0.238 0.058 0.038 0.574 0.013 0.137 0.128 0.347 0.283 0.011 0.041 0.13 0.05 0.051 0.271 0.25 0.146 0 0.038 0.061 0.037 0.133 0.016 0.017 0.066 0 0.003 0.069 0.025 0.002 0.063 0.014 0.012 0.013 0.01 0.001 0.019 0.004 0.014 0.035 0.004 0 0.016 0.002 0.005 0.002 0.014 0.015 0.007 0 0.006 0.003 0.005 0.001 0.039 0.002 0.001 0.008 0.018 0 0
0.841 1 0.93 0.401 0.423 0.183 0.121 0.286 0.266 0.259 0.162 0.023 0.05 0.627 0.583 0.285 0.272 0.068 0.033 0.642 0.007 0.12 0.111 0.382 0.258 0.022 0.035 0.153 0.059 0.06 0.323 0.239 0.137 0.003 0.045 0.076 0.048 0.122 0.013 0.042 0.08 0 0.011 0.076 0.035 0 0.056 0.017 0.018 0.011 0.008 0 0.023 0.006 0.018 0.041 0.002 0 0.022 0.001 0.005 0.009 0.019 0.012 0.032 0 0.014 0.006 0.003 0.008 0.047 0.004 0 0.011 0.022 0 0
0.833 0.93 1 0.418 0.451 0.18 0.119 0.282 0.281 0.256 0.16 0.024 0.049 0.639 0.595 0.289 0.277 0.067 0.033 0.67 0.007 0.106 0.101 0.408 0.286 0.023 0.036 0.151 0.058 0.059 0.325 0.249 0.149 0.003 0.044 0.082 0.051 0.134 0.014 0.038 0.083 0 0.012 0.081 0.038 0 0.051 0.016 0.018 0.012 0.008 0 0.022 0.007 0.017 0.041 0.003 0 0.023 0.001 0.005 0.002 0.018 0.01 0.033 0 0.014 0.006 0.004 0.008 0.047 0.005 0 0.01 0.022 0 0
0.429 0.401 0.418 1 0.223 0.071 0.043 0.13 0.806 0.117 0.074 0.052 0.022 0.288 0.302 0.154 0.147 0.035 0.072 0.316 0.048 0.287 0.342 0.232 0.616 0.001 0.063 0.053 0.026 0.026 0.177 0.584 0.389 0.018 0.018 0.02 0.01 0.464 0.029 0.173 0 0.025 0.028 0.031 0.002 0.195 0.185 0.009 0.008 0.073 0.072 0.04 0.011 0.017 0.003 0.018 0.013 0.006 0.008 0.053 0.011 0.008 0.005 0.032 0.022 0.031 0.012 0.019 0.017 0.012 0.009 0.019 0 0.001 0.007 0.002 0.007
0.388 0.423 0.451 0.223 1 0.027 0.018 0.464 0.266 0.43 0.257 0.013 0.007 0.511 0.463 0.56 0.538 0.128 0.018 0.546 0.042 0.082 0.144 0.766 0.244 0.012 0.019 0.028 0.009 0.01 0.622 0.218 0.171 0.006 0.008 0.213 0.148 0.144 0.007 0.053 0.037 0.003 0.009 0.002 0.066 0.017 0.027 0.004 0.004 0.036 0.033 0.006 0 0.001 0.009 0.002 0.004 0.011 0.003 0.028 0.002 0 0.01 0.005 0.016 0.013 0.003 0.001 0.005 0.006 0.002 0.001 0.003 0.008 0 0.003 0.006
0.157 0.183 0.18 0.071 0.027 1 0.66 0.014 0.082 0.013 0.009 0.004 0.271 0.167 0.153 0.017 0.017 0.004 0.006 0.164 0.016 0.01 0.028 0.03 0.069 0.004 0.006 0.8 0.323 0.336 0.031 0.057 0.026 0.002 0.185 0.025 0.023 0.024 0.002 0.006 0.004 0.014 0.003 0.159 0.039 0.003 0.014 0.108 0.01 0.013 0.012 0.017 0.075 0 0.099 0.002 0.001 0.029 0.013 0 0.001 0.002 0.103 0.003 0.007 0 0.006 0 0 0 0.001 0.001 0.001 0.104 0.076 0.012 0
0.103 0.121 0.119 0.043 0.018 0.66 1 0.01 0.061 0.009 0.006 0.003 0.002 0.121 0.111 0.011 0.011 0.003 0.004 0.112 0.011 0.007 0.019 0.02 0.046 0.003 0.004 0.53 0.49 0.51 0.02 0.033 0.01 0.001 0.285 0.016 0.015 0.01 0.002 0.013 0.031 0.007 0.002 0.255 0.021 0.036 0.007 0.033 0.035 0.007 0.006 0.009 0.022 0.002 0.158 0.001 0.002 0.051 0.043 0.006 0.001 0.001 0.163 0 0.005 0.005 0.027 0.002 0.001 0.001 0.004 0.001 0.001 0.164 0.025 0 0.001
0.245 0.286 0.282 0.13 0.464 0.014 0.01 1 0.136 0.905 0.572 0.007 0.004 0.272 0.249 0.788 0.691 0.006 0.009 0.303 0.02 0.043 0.072 0.462 0.148 0.006 0.01 0.015 0.005 0.005 0.449 0.158 0.111 0.003 0.004 0.29 0.315 0.111 0.004 0.027 0.078 0.003 0.005 0.01 0.169 0.088 0.049 0.002 0.002 0.024 0.023 0.001 0.003 0 0.005 0.004 0.001 0.006 0.001 0.031 0.002 0.003 0.005 0.017 0.007 0.032 0.001 0 0.001 0.003 0.007 0 0.011 0.004 0.003 0.006 0.002
0.296 0.266 0.281 0.806 0.266 0.082 0.061 0.136 1 0.122 0.083 0.046 0.025 0.362 0.363 0.162 0.156 0.04 0.059 0.374 0.144 0.258 0.465 0.261 0.708 0.002 0.05 0.073 0.03 0.029 0.204 0.686 0.465 0.02 0.021 0.029 0.016 0.553 0.026 0.197 0.002 0.06 0.032 0.036 0.005 0.23 0.211 0.011 0.029 0.141 0.142 0.086 0.013 0.043 0.005 0.015 0.011 0.005 0.029 0.104 0.01 0.008 0.012 0.028 0.027 0.071 0.032 0.049 0.017 0.014 0.011 0.045 0 0.002 0.009 0.001 0.019
0.222 0.259 0.256 0.117 0.43 0.013 0.009 0.905 0.122 1 0.632 0.006 0.004 0.245 0.225 0.709 0.636 0.006 0.008 0.273 0.018 0.039 0.065 0.416 0.133 0.006 0.009 0.013 0.004 0.005 0.404 0.143 0.099 0.003 0.004 0.243 0.264 0.1 0.003 0.024 0.063 0.005 0.004 0.009 0.147 0.071 0.052 0.002 0.001 0.022 0.02 0.002 0.003 0 0.005 0.003 0 0.005 0 0.027 0.001 0.003 0.005 0.016 0.006 0.029 0 0 0.001 0.003 0.006 0 0.004 0.004 0.003 0.006 0.001
0.138 0.162 0.16 0.074 0.257 0.009 0.006 0.572 0.083 0.632 1 0.003 0.002 0.162 0.149 0.48 0.497 0.004 0.006 0.181 0.014 0.025 0.045 0.275 0.091 0.004 0.006 0.009 0.003 0.003 0.267 0.097 0.063 0.002 0.003 0.127 0.138 0.069 0.002 0.011 0.026 0.009 0.003 0.006 0.101 0.034 0.039 0.001 0.001 0.016 0.015 0.005 0.002 0.002 0.003 0.002 0.003 0.004 0.001 0.02 0.001 0.002 0.003 0.01 0.006 0.021 0 0.001 0.002 0.002 0.004 0.001 0.001 0.002 0.002 0.004 0.003
0.027 0.023 0.024 0.052 0.013 0.004 0.003 0.007 0.046 0.006 0.003 1 0.001 0.012 0.011 0.008 0.008 0.002 0.003 0.02 0.255 0.013 0.081 0.014 0.042 0.002 0.003 0.004 0.001 0.002 0.01 0.034 0.042 0.001 0 0.012 0.011 0.049 0.001 0.012 0.049 0.117 0.001 0.001 0.047 0.026 0.014 0.001 0.119 0.188 0.157 0.111 0.001 0.121 0 0 0.055 0.145 0.111 0.153 0.158 0.001 0 0.003 0.003 0.121 0.116 0.116 0.108 0.001 0 0.111 0.001 0 0.001 0.002 0.048
0.042 0.05 0.049 0.022 0.007 0.271 0.002 0.004 0.025 0.004 0.002 0.001 1 0.05 0.046 0.005 0.004 0.001 0.002 0.055 0.004 0.007 0.014 0.008 0.027 0.001 0.002 0.267 0.001 0.001 0.008 0.029 0.024 0.017 0.001 0.007 0.006 0.021 0.001 0.1 0.02 0.006 0.001 0.002 0.016 0.04 0.012 0.102 0.009 0.005 0.005 0.007 0.074 0.008 0.001 0.001 0.001 0.001 0.009 0.006 0 0.001 0.001 0.003 0.002 0.007 0.009 0.008 0.001 0.001 0.001 0.008 0 0.001 0.069 0.03 0.001
0.541 0.627 0.639 0.288 0.511 0.167 0.121 0.272 0.362 0.245 0.162 0.012 0.05 1 0.877 0.339 0.327 0.078 0.018 0.809 0.06 0.1 0.182 0.478 0.361 0.019 0.02 0.153 0.059 0.065 0.375 0.32 0.21 0.003 0.045 0.089 0.057 0.197 0.013 0.026 0.04 0.014 0.015 0.082 0.018 0.004 0.047 0.017 0.001 0.058 0.062 0.019 0.023 0.001 0.018 0.012 0.006 0.001 0.003 0.023 0.004 0.001 0.032 0.001 0.028 0.011 0 0.001 0.009 0.006 0.003 0.001 0.001 0.011 0.023 0.004 0.01
0.504 0.583 0.595 0.302 0.463 0.153 0.111 0.249 0.363 0.225 0.149 0.011 0.046 0.877 1 0.312 0.3 0.072 0.02 0.778 0.062 0.111 0.197 0.518 0.384 0.017 0.023 0.14 0.054 0.06 0.44 0.328 0.216 0.003 0.048 0.114 0.078 0.201 0.014 0.033 0.046 0.02 0.017 0.081 0.021 0.006 0.044 0.016 0 0.067 0.072 0.025 0.021 0.003 0.02 0.006 0.007 0.001 0 0.03 0.004 0 0.035 0.002 0.035 0.017 0 0.004 0.01 0.005 0.005 0.004 0.001 0.013 0.02 0.003 0.012
0.249 0.285 0.289 0.154 0.56 0.017 0.011 0.788 0.162 0.709 0.48 0.008 0.005 0.339 0.312 1 0.879 0.007 0.011 0.378 0.03 0.051 0.095 0.506 0.187 0.008 0.012 0.017 0.006 0.006 0.491 0.201 0.146 0.004 0.005 0.344 0.24 0.143 0.005 0.019 0.084 0 0.006 0.009 0.176 0.07 0.041 0.003 0.001 0.036 0.034 0 0.004 0.004 0.006 0.004 0.005 0.007 0.001 0.023 0.002 0.004 0.006 0 0.009 0.009 0.001 0.002 0.006 0.004 0.008 0.003 0.008 0.005 0.004 0.008 0.007
0.238 0.272 0.277 0.147 0.538 0.017 0.011 0.691 0.156 0.636 0.497 0.008 0.004 0.327 0.3 0.879 1 0.007 0.011 0.367 0.029 0.049 0.092 0.489 0.182 0.007 0.012 0.017 0.005 0.006 0.474 0.194 0.14 0.004 0.005 0.325 0.222 0.138 0.004 0.018 0.078 0 0.006 0.01 0.158 0.064 0.039 0.003 0.001 0.034 0.032 0 0.004 0.005 0.006 0.004 0.005 0.007 0.002 0.022 0.002 0.003 0.006 0 0.008 0.008 0.001 0.003 0.006 0.004 0.008 0.004 0.003 0.005 0.004 0.007 0.006
0.058 0.068 0.067 0.035 0.128 0.004 0.003 0.006 0.04 0.006 0.004 0.002 0.001 0.078 0.072 0.007 0.007 1 0.003 0.087 0.007 0.012 0.022 0.133 0.043 0.002 0.003 0.004 0.001 0.001 0.129 0.047 0.038 0.001 0.001 0.009 0.008 0.033 0.001 0.01 0.028 0.009 0.001 0.003 0.025 0.018 0.001 0.001 0.014 0.008 0.008 0.01 0.001 0.012 0.001 0.001 0.001 0.001 0.013 0.01 0 0.001 0.001 0.005 0.003 0.007 0.014 0.013 0.001 0 0.002 0.012 0.001 0.001 0.001 0.002 0.002
0.038 0.033 0.033 0.072 0.018 0.006 0.004 0.009 0.059 0.008 0.006 0.003 0.002 0.018 0.02 0.011 0.011 0.003 1 0.029 0.365 0.018 0.117 0.019 0.059 0.003 0.922 0.006 0.002 0.002 0.02 0.053 0.056 0.001 0.002 0.016 0.015 0.066 0.002 0.01 0.071 0.23 0.002 0.004 0.054 0.024 0.02 0.001 0.139 0.208 0.21 0.195 0.001 0.156 0.002 0.001 0.001 0.002 0.093 0.198 0 0.001 0.002 0.393 0.004 0.157 0.138 0.153 0 0.001 0.003 0.163 0.001 0.002 0.001 0.003 0
0.574 0.642 0.67 0.316 0.546 0.164 0.112 0.303 0.374 0.273 0.181 0.02 0.055 0.809 0.778 0.378 0.367 0.087 0.029 1 0.077 0.124 0.235 0.564 0.452 0.02 0.03 0.149 0.066 0.067 0.481 0.377 0.248 0.002 0.031 0.1 0.063 0.232 0.009 0.021 0.029 0.02 0.015 0.074 0.01 0.007 0.047 0.02 0 0.082 0.076 0.03 0.027 0.005 0.01 0.011 0.014 0 0 0.043 0.004 0.001 0.022 0.005 0.029 0.027 0.002 0.007 0.017 0.007 0.007 0.007 0.001 0.013 0.026 0 0.018
0.013 0.007 0.007 0.048 0.042 0.016 0.011 0.02 0.144 0.018 0.014 0.255 0.004 0.06 0.062 0.03 0.029 0.007 0.365 0.077 1 0.039 0.297 0.053 0.153 0.007 0.392 0.017 0.005 0.006 0.05 0.141 0.163 0.004 0.002 0.044 0.041 0.189 0.004 0.037 0.175 0.527 0.002 0.007 0.127 0.082 0.025 0.003 0.394 0.626 0.567 0.487 0.004 0.414 0.002 0.107 0.026 0.026 0.306 0.503 0.049 0.003 0.002 0.221 0.012 0.447 0.404 0.444 0.055 0.004 0.108 0.408 0.003 0.001 0.004 0.001 0.06
0.137 0.12 0.106 0.287 0.082 0.01 0.007 0.043 0.258 0.039 0.025 0.013 0.007 0.1 0.111 0.051 0.049 0.012 0.018 0.124 0.039 1 0.39 0.089 0.207 0.012 0.019 0.028 0.009 0.01 0.06 0.2 0.053 0.006 0.008 0.013 0.017 0.073 0.079 0.058 0.014 0.042 0.064 0.018 0.009 0.02 0.183 0.002 0.042 0.012 0.005 0.013 0.002 0.019 0.003 0.007 0.012 0.011 0.022 0.009 0.001 0 0.01 0.006 0.008 0.01 0.02 0.015 0.006 0.002 0.008 0.017 0.003 0.004 0 0.019 0.005
0.128 0.111 0.101 0.342 0.144 0.028 0.019 0.072 0.465 0.065 0.045 0.081 0.014 0.182 0.197 0.095 0.092 0.022 0.117 0.235 0.297 0.39 1 0.166 0.417 0.023 0.126 0.052 0.017 0.019 0.126 0.395 0.209 0.012 0.01 0.001 0 0.261 0.014 0.11 0.069 0.162 0.039 0.029 0.055 0.091 0.031 0.005 0.112 0.285 0.293 0.213 0.006 0.161 0.006 0.031 0.048 0.006 0.106 0.238 0.018 0.003 0.013 0.09 0.022 0.204 0.117 0.161 0.063 0.007 0.03 0.164 0 0.006 0.003 0.001 0.063
0.347 0.382 0.408 0.232 0.766 0.03 0.02 0.462 0.261 0.416 0.275 0.014 0.008 0.478 0.518 0.506 0.489 0.133 0.019 0.564 0.053 0.089 0.166 1 0.308 0.013 0.021 0.03 0.01 0.011 0.833 0.28 0.205 0.007 0.009 0.266 0.196 0.192 0.008 0.066 0.035 0.007 0.01 0.001 0.083 0.02 0.04 0.004 0.01 0.063 0.059 0.013 0 0.004 0.01 0.007 0.009 0.012 0.007 0.052 0.002 0 0.003 0.003 0.018 0.03 0.009 0.005 0.011 0.006 0.014 0.004 0.003 0.008 0 0.004 0.012
0.283 0.258 0.286 0.616 0.244 0.069 0.046 0.148 0.708 0.133 0.091 0.042 0.027 0.361 0.384 0.187 0.182 0.043 0.059 0.452 0.153 0.207 0.417 0.308 1 0.04 0.064 0.081 0.032 0.032 0.276 0.81 0.585 0.01 0.024 0.038 0.022 0.528 0.02 0.126 0.003 0.084 0.022 0.04 0.004 0.186 0.14 0.012 0.041 0.179 0.167 0.11 0.005 0.067 0.006 0.022 0.028 0.004 0.037 0.133 0.009 0.006 0.014 0.033 0 0.106 0.052 0.074 0.034 0.006 0.022 0.071 0.001 0.003 0.003 0.002 0.037
0.011 0.022 0.023 0.001 0.012 0.004 0.003 0.006 0.002 0.006 0.004 0.002 0.001 0.019 0.017 0.008 0.007 0.002 0.003 0.02 0.007 0.012 0.023 0.013 0.04 1 0.003 0.004 0.001 0.001 0.014 0.038 0.046 0.009 0.001 0.011 0.01 0.003 0.001 0.053 0.02 0.009 0.005 0.003 0.017 0.013 0.001 0.001 0.014 0.008 0.007 0.01 0.001 0.012 0.001 0.001 0.001 0.001 0.013 0.01 0 0.035 0.001 0.004 0.154 0.01 0.014 0.013 0.002 0.009 0.002 0.012 0.001 0.001 0.001 0.002 0.002
0.041 0.035 0.036 0.063 0.019 0.006 0.004 0.01 0.05 0.009 0.006 0.003 0.002 0.02 0.023 0.012 0.012 0.003 0.922 0.03 0.392 0.019 0.126 0.021 0.064 0.003 1 0.007 0.002 0.002 0.022 0.057 0.062 0.001 0.002 0.017 0.016 0.072 0.002 0.011 0.076 0.25 0.002 0.004 0.047 0.027 0.021 0.001 0.151 0.229 0.197 0.211 0.001 0.17 0.002 0.002 0.001 0.003 0.082 0.184 0 0.001 0.002 0.431 0.005 0.168 0.15 0.166 0 0.002 0.003 0.177 0.001 0.002 0.001 0.003 0
0.13 0.153 0.151 0.053 0.028 0.8 0.53 0.015 0.073 0.013 0.009 0.004 0.267 0.153 0.14 0.017 0.017 0.004 0.006 0.149 0.017 0.028 0.052 0.03 0.081 0.004 0.007 1 0.324 0.337 0.031 0.082 0.048 0.002 0.259 0.025 0.013 0.045 0.002 0.005 0.015 0.014 0.003 0.279 0.03 0.003 0.032 0.109 0.028 0.013 0.012 0.017 0.075 0.002 0.241 0.002 0.003 0.028 0.024 0 0.001 0.002 0.229 0.003 0.007 0.001 0.014 0.003 0.004 0 0.001 0.004 0.001 0.189 0.077 0.012 0.004
0.05 0.059 0.058 0.026 0.009 0.323 0.49 0.005 0.03 0.004 0.003 0.001 0.001 0.059 0.054 0.006 0.005 0.001 0.002 0.066 0.005 0.009 0.017 0.01 0.032 0.001 0.002 0.324 1 0.908 0.01 0.013 0.009 0.001 0.031 0.008 0.008 0.007 0.001 0.005 0.012 0.007 0.001 0.102 0.019 0.016 0.005 0.009 0.009 0.006 0.006 0.008 0.006 0.003 0.117 0.001 0.001 0.003 0.008 0.002 0 0.001 0.116 0.004 0.002 0.002 0.003 0.004 0.001 0.001 0.002 0.003 0 0.105 0.009 0.003 0.001
0.051 0.06 0.059 0.026 0.01 0.336 0.51 0.005 0.029 0.005 0.003 0.002 0.001 0.065 0.06 0.006 0.006 0.001 0.002 0.067 0.006 0.01 0.019 0.011 0.032 0.001 0.002 0.337 0.908 1 0.011 0.014 0.012 0.001 0.056 0.007 0.006 0.009 0.001 0.006 0.016 0.008 0.001 0.122 0.021 0.015 0.007 0.008 0.011 0.007 0.007 0.009 0.005 0.001 0.105 0.001 0.001 0.012 0.011 0 0 0.001 0.104 0.001 0.003 0.001 0.004 0.002 0.001 0.001 0.002 0.001 0.001 0.095 0.008 0.002 0.001
0.271 0.323 0.325 0.177 0.622 0.031 0.02 0.449 0.204 0.404 0.267 0.01 0.008 0.375 0.44 0.491 0.474 0.129 0.02 0.481 0.05 0.06 0.126 0.833 0.276 0.014 0.022 0.031 0.01 0.011 1 0.309 0.244 0.007 0.009 0.333 0.254 0.228 0.008 0.068 0.05 0.007 0.01 0.001 0.106 0.029 0.049 0.005 0.009 0.06 0.056 0.012 0.007 0.003 0.011 0.008 0.009 0.012 0.008 0.049 0.003 0.006 0.003 0.002 0.018 0.032 0.009 0.005 0.012 0.007 0.014 0.005 0.002 0.005 0.007 0.014 0.012
0.25 0.239 0.249 0.584 0.218 0.057 0.033 0.158 0.686 0.143 0.097 0.034 0.029 0.32 0.328 0.201 0.194 0.047 0.053 0.377 0.141 0.2 0.395 0.28 0.81 0.038 0.057 0.082 0.013 0.014 0.309 1 0.742 0.011 0.033 0.062 0.049 0.68 0.022 0.142 0.001 0.076 0.027 0.072 0 0.233 0.218 0.013 0.023 0.167 0.156 0.1 0.004 0.058 0.026 0.021 0.026 0.003 0.02 0.122 0.008 0.018 0.038 0.029 0 0.095 0.031 0.064 0.032 0.007 0.02 0.061 0.001 0.027 0.001 0.008 0.034
0.146 0.137 0.149 0.389 0.171 0.026 0.01 0.111 0.465 0.099 0.063 0.042 0.024 0.21 0.216 0.146 0.14 0.038 0.056 0.248 0.163 0.053 0.209 0.205 0.585 0.046 0.062 0.048 0.009 0.012 0.244 0.742 1 0.008 0.018 0.238 0.221 0.851 0.027 0.093 0.015 0.118 0.012 0.059 0.002 0.338 0.188 0.004 0.052 0.204 0.169 0.132 0 0.086 0.02 0.025 0.014 0.005 0.038 0.139 0.007 0.022 0.021 0.034 0 0.112 0.054 0.093 0.021 0.005 0.036 0.09 0.012 0.022 0 0.012 0.024
0 0.003 0.003 0.018 0.006 0.002 0.001 0.003 0.02 0.003 0.002 0.001 0.017 0.003 0.003 0.004 0.004 0.001 0.001 0.002 0.004 0.006 0.012 0.007 0.01 0.009 0.001 0.002 0.001 0.001 0.007 0.011 0.008 1 0.001 0.006 0.005 0.018 0.001 0.083 0.016 0.005 0.001 0.001 0.013 0.034 0.01 0.002 0.008 0.004 0.004 0.006 0.001 0.007 0.001 0.001 0.001 0.001 0.007 0.005 0 0 0.001 0.002 0.002 0.006 0.008 0.007 0.001 0.583 0.001 0.007 0 0.001 0 0.001 0.001
0.038 0.045 0.044 0.018 0.008 0.185 0.285 0.004 0.021 0.004 0.003 0 0.001 0.045 0.048 0.005 0.005 0.001 0.002 0.031 0.002 0.008 0.01 0.009 0.024 0.001 0.002 0.259 0.031 0.056 0.009 0.033 0.018 0.001 1 0.008 0.007 0.023 0.001 0.008 0.039 0.006 0.001 0.266 0.003 0.019 0.013 0.084 0.041 0.006 0.006 0.007 0.06 0 0.224 0.001 0.001 0.038 0.036 0.001 0 0.001 0.173 0.001 0.002 0 0.027 0 0.001 0.001 0.001 0 0 0.15 0.056 0.001 0.001
0.061 0.076 0.082 0.02 0.213 0.025 0.016 0.29 0.029 0.243 0.127 0.012 0.007 0.089 0.114 0.344 0.325 0.009 0.016 0.1 0.044 0.013 0.001 0.266 0.038 0.011 0.017 0.025 0.008 0.007 0.333 0.062 0.238 0.006 0.008 1 0.858 0.206 0.007 0.067 0.281 0.053 0.072 0.003 0.245 0.217 0.03 0.004 0.039 0.05 0.034 0.048 0.005 0.023 0.009 0.006 0 0.01 0.026 0.028 0.001 0.005 0.009 0.003 0.014 0.014 0.03 0.023 0.001 0.006 0.012 0.021 0.033 0.003 0.006 0.009 0.001
0.037 0.048 0.051 0.01 0.148 0.023 0.015 0.315 0.016 0.264 0.138 0.011 0.006 0.057 0.078 0.24 0.222 0.008 0.015 0.063 0.041 0.017 0 0.196 0.022 0.01 0.016 0.013 0.008 0.006 0.254 0.049 0.221 0.005 0.007 0.858 1 0.193 0.006 0.062 0.259 0.049 0.081 0.006 0.197 0.259 0.025 0.004 0.067 0.046 0.03 0.044 0.005 0.057 0.001 0.006 0 0.009 0.05 0.043 0.001 0.005 0.001 0.025 0.013 0.045 0.054 0.058 0.001 0.005 0.011 0.055 0.043 0 0.005 0.009 0.001
0.133 0.122 0.134 0.464 0.144 0.024 0.01 0.111 0.553 0.1 0.069 0.049 0.021 0.197 0.201 0.143 0.138 0.033 0.066 0.232 0.189 0.073 0.261 0.192 0.528 0.003 0.072 0.045 0.007 0.009 0.228 0.68 0.851 0.018 0.023 0.206 0.193 1 0.031 0.19 0.004 0.134 0.009 0.051 0 0.42 0.234 0.008 0.068 0.247 0.207 0.151 0.002 0.104 0.017 0.029 0.018 0.008 0.051 0.177 0.009 0.02 0.017 0.05 0.024 0.147 0.07 0.113 0.026 0.012 0.043 0.108 0.01 0.019 0 0.015 0.029
0.016 0.013 0.014 0.029 0.007 0.002 0.002 0.004 0.026 0.003 0.002 0.001 0.001 0.013 0.014 0.005 0.004 0.001 0.002 0.009 0.004 0.079 0.014 0.008 0.02 0.001 0.002 0.002 0.001 0.001 0.008 0.022 0.027 0.001 0.001 0.007 0.006 0.031 1 0.002 0.015 0.005 0.001 0.002 0.006 0.014 0.038 0 0.007 0.004 0.003 0.004 0.001 0.007 0.004 0.001 0.001 0.001 0.007 0.005 0 0.001 0.001 0.002 0.001 0.005 0.008 0.006 0.001 0.001 0.001 0.006 0 0.001 0.001 0.021 0.001
0.017 0.042 0.038 0.173 0.053 0.006 0.013 0.027 0.197 0.024 0.011 0.012 0.1 0.026 0.033 0.019 0.018 0.01 0.01 0.021 0.037 0.058 0.11 0.066 0.126 0.053 0.011 0.005 0.005 0.006 0.068 0.142 0.093 0.083 0.008 0.067 0.062 0.19 0.002 1 0.195 0.044 0.008 0.017 0.116 0.351 0.081 0.008 0.076 0.053 0.05 0.053 0.004 0.067 0.003 0.006 0.007 0.01 0.073 0.065 0.003 0.005 0.009 0.03 0.176 0.068 0.077 0.069 0.009 0.068 0.012 0.064 0.004 0.007 0.001 0 0.01
0.066 0.08 0.083 0 0.037 0.004 0.031 0.078 0.002 0.063 0.026 0.049 0.02 0.04 0.046 0.084 0.078 0.028 0.071 0.029 0.175 0.014 0.069 0.035 0.003 0.02 0.076 0.015 0.012 0.016 0.05 0.001 0.015 0.016 0.039 0.281 0.259 0.004 0.015 0.195 1 0.151 0.034 0.085 0.422 0.004 0.074 0 0.239 0.188 0.151 0.108 0.001 0.154 0.031 0.031 0.009 0.051 0.18 0.198 0.013 0.013 0.029 0.07 0.032 0.204 0.184 0.152 0.016 0.017 0.054 0.15 0.011 0.032 0.002 0.027 0.017
0 0 0 0.025 0.003 0.014 0.007 0.003 0.06 0.005 0.009 0.117 0.006 0.014 0.02 0 0 0.009 0.23 0.02 0.527 0.042 0.162 0.007 0.084 0.009 0.25 0.014 0.007 0.008 0.007 0.076 0.118 0.005 0.006 0.053 0.049 0.134 0.005 0.044 0.151 1 0.007 0.014 0.19 0.14 0.045 0.003 0.596 0.659 0.593 0.8 0.004 0.675 0.007 0.078 0.053 0.041 0.489 0.528 0.038 0.004 0.002 0.14 0.016 0.469 0.552 0.66 0.084 0.005 0.128 0.656 0.003 0.006 0.005 0.009 0.088
0.003 0.011 0.012 0.028 0.009 0.003 0.002 0.005 0.032 0.004 0.003 0.001 0.001 0.015 0.017 0.006 0.006 0.001 0.002 0.015 0.002 0.064 0.039 0.01 0.022 0.005 0.002 0.003 0.001 0.001 0.01 0.027 0.012 0.001 0.001 0.072 0.081 0.009 0.001 0.008 0.034 0.007 1 0.002 0.008 0.023 0.035 0 0.011 0.007 0.006 0.008 0.001 0.01 0.001 0.001 0.001 0.001 0.01 0.008 0 0.001 0.001 0.004 0.002 0.008 0.011 0.01 0.001 0.001 0.001 0.01 0 0.001 0.001 0.001 0.001
0.069 0.076 0.081 0.031 0.002 0.159 0.255 0.01 0.036 0.009 0.006 0.001 0.002 0.082 0.081 0.009 0.01 0.003 0.004 0.074 0.007 0.018 0.029 0.001 0.04 0.003 0.004 0.279 0.102 0.122 0.001 0.072 0.059 0.001 0.266 0.003 0.006 0.051 0.002 0.017 0.085 0.014 0.002 1 0.001 0.041 0.028 0.001 0.184 0.013 0.012 0.016 0.001 0.023 0.426 0.002 0.002 0.051 0.171 0.009 0.001 0.001 0.324 0.029 0.005 0.033 0.133 0.022 0.002 0.001 0 0.019 0.001 0.345 0.001 0.003 0.002
0.025 0.035 0.038 0.002 0.066 0.039 0.021 0.169 0.005 0.147 0.101 0.047 0.016 0.018 0.021 0.176 0.158 0.025 0.054 0.01 0.127 0.009 0.055 0.083 0.004 0.017 0.047 0.03 0.019 0.021 0.106 0 0.002 0.013 0.003 0.245 0.197 0 0.006 0.116 0.422 0.19 0.008 0.001 1 0.006 0.065 0.009 0.179 0.174 0.17 0.184 0.012 0.199 0.002 0.016 0.007 0.02 0.177 0.164 0.004 0.006 0.002 0.075 0.043 0.156 0.156 0.191 0.013 0.014 0.019 0.19 0.015 0.006 0.013 0.021 0.02
0.002 0 0 0.195 0.017 0.003 0.036 0.088 0.23 0.071 0.034 0.026 0.04 0.004 0.006 0.07 0.064 0.018 0.024 0.007 0.082 0.02 0.091 0.02 0.186 0.013 0.027 0.003 0.016 0.015 0.029 0.233 0.338 0.034 0.019 0.217 0.259 0.42 0.014 0.351 0.004 0.14 0.023 0.041 0.006 1 0.12 0.001 0.225 0.132 0.123 0.164 0 0.202 0.021 0.015 0.019 0.025 0.216 0.161 0.005 0.013 0.022 0.074 0.112 0.168 0.227 0.206 0.024 0.028 0.03 0.194 0.021 0.012 0.001 0.003 0.025
0.063 0.056 0.051 0.185 0.027 0.014 0.007 0.049 0.211 0.052 0.039 0.014 0.012 0.047 0.044 0.041 0.039 0.001 0.02 0.047 0.025 0.183 0.031 0.04 0.14 0.001 0.021 0.032 0.005 0.007 0.049 0.218 0.188 0.01 0.013 0.03 0.025 0.234 0.038 0.081 0.074 0.045 0.035 0.028 0.065 0.12 1 0.007 0.087 0.035 0.03 0.051 0.006 0.061 0.007 0 0 0.017 0.076 0.04 0.004 0.031 0.015 0.035 0.018 0.043 0.07 0.055 0 0.008 0.003 0.058 0.005 0.012 0.002 0.022 0
0.014 0.017 0.016 0.009 0.004 0.108 0.033 0.002 0.011 0.002 0.001 0.001 0.102 0.017 0.016 0.003 0.003 0.001 0.001 0.02 0.003 0.002 0.005 0.004 0.012 0.001 0.001 0.109 0.009 0.008 0.005 0.013 0.004 0.002 0.084 0.004 0.004 0.008 0 0.008 0 0.003 0 0.001 0.009 0.001 0.007 1 0.005 0.003 0.003 0.004 0.741 0.005 0.001 0 0 0.001 0.005 0.004 0 0 0.001 0.002 0.001 0.004 0.005 0.005 0.001 0.002 0.001 0.005 0 0 0.598 0.064 0.001
0.012 0.018 0.018 0.008 0.004 0.01 0.035 0.002 0.029 0.001 0.001 0.119 0.009 0.001 0 0.001 0.001 0.014 0.139 0 0.394 0.042 0.112 0.01 0.041 0.014 0.151 0.028 0.009 0.011 0.009 0.023 0.052 0.008 0.041 0.039 0.067 0.068 0.007 0.076 0.239 0.596 0.011 0.184 0.179 0.225 0.087 0.005 1 0.586 0.507 0.648 0.007 0.778 0.074 0.068 0.028 0.112 0.838 0.626 0.023 0.007 0.069 0.292 0.025 0.644 0.852 0.762 0.048 0.008 0.127 0.745 0.005 0.06 0.008 0.015 0.05
0.013 0.011 0.012 0.073 0.036 0.013 0.007 0.024 0.141 0.022 0.016 0.188 0.005 0.058 0.067 0.036 0.034 0.008 0.208 0.082 0.626 0.012 0.285 0.063 0.179 0.008 0.229 0.013 0.006 0.007 0.06 0.167 0.204 0.004 0.006 0.05 0.046 0.247 0.004 0.053 0.188 0.659 0.007 0.013 0.174 0.132 0.035 0.003 0.586 1 0.827 0.752 0.004 0.635 0.007 0.116 0.056 0.069 0.467 0.774 0.041 0.004 0.002 0.268 0.015 0.702 0.528 0.637 0.09 0.005 0.182 0.635 0.003 0.005 0.004 0.009 0.094
0.01 0.008 0.008 0.072 0.033 0.012 0.006 0.023 0.142 0.02 0.015 0.157 0.005 0.062 0.072 0.034 0.032 0.008 0.21 0.076 0.567 0.005 0.293 0.059 0.167 0.007 0.197 0.012 0.006 0.007 0.056 0.156 0.169 0.004 0.006 0.034 0.03 0.207 0.003 0.05 0.151 0.593 0.006 0.012 0.17 0.123 0.03 0.003 0.507 0.827 1 0.703 0.004 0.595 0.006 0.123 0.105 0.021 0.499 0.763 0.044 0.004 0.001 0.213 0.014 0.654 0.492 0.597 0.145 0.004 0.195 0.593 0.003 0.005 0.004 0.008 0.149
0.001 0 0 0.04 0.006 0.017 0.009 0.001 0.086 0.002 0.005 0.111 0.007 0.019 0.025 0 0 0.01 0.195 0.03 0.487 0.013 0.213 0.013 0.11 0.01 0.211 0.017 0.008 0.009 0.012 0.1 0.132 0.006 0.007 0.048 0.044 0.151 0.004 0.053 0.108 0.8 0.008 0.016 0.184 0.164 0.051 0.004 0.648 0.752 0.703 1 0.005 0.78 0.008 0.093 0.077 0.052 0.585 0.647 0.032 0.005 0.003 0.235 0.018 0.584 0.643 0.766 0.072 0.006 0.145 0.762 0.004 0.007 0.006 0.011 0.11
0.019 0.023 0.022 0.011 0 0.075 0.022 0.003 0.013 0.003 0.002 0.001 0.074 0.023 0.021 0.004 0.004 0.001 0.001 0.027 0.004 0.002 0.006 0 0.005 0.001 0.001 0.075 0.006 0.005 0.007 0.004 0 0.001 0.06 0.005 0.005 0.002 0.001 0.004 0.001 0.004 0.001 0.001 0.012 0 0.006 0.741 0.007 0.004 0.004 0.005 1 0.006 0.001 0 0 0.001 0.007 0.005 0 0 0.001 0.002 0.001 0.005 0.007 0.007 0.001 0.001 0.001 0.006 0 0.001 0.807 0.145 0.001
0.004 0.006 0.007 0.017 0.001 0 0.002 0 0.043 0 0.002 0.121 0.008 0.001 0.003 0.004 0.005 0.012 0.156 0.005 0.414 0.019 0.161 0.004 0.067 0.012 0.17 0.002 0.003 0.001 0.003 0.058 0.086 0.007 0 0.023 0.057 0.104 0.007 0.067 0.154 0.675 0.01 0.023 0.199 0.202 0.061 0.005 0.778 0.635 0.595 0.78 0.006 1 0.01 0.064 0.09 0.125 0.748 0.778 0.026 0.006 0.004 0.322 0.023 0.798 0.792 0.96 0.117 0.007 0.131 0.956 0.005 0.008 0.007 0.013 0.124
0.014 0.018 0.017 0.003 0.009 0.099 0.158 0.005 0.005 0.005 0.003 0 0.001 0.018 0.02 0.006 0.006 0.001 0.002 0.01 0.002 0.003 0.006 0.01 0.006 0.001 0.002 0.241 0.117 0.105 0.011 0.026 0.02 0.001 0.224 0.009 0.001 0.017 0.004 0.003 0.031 0.007 0.001 0.426 0.002 0.021 0.007 0.001 0.074 0.007 0.006 0.008 0.001 0.01 1 0.001 0.001 0.001 0.077 0.008 0 0.001 0.633 0.004 0.002 0.009 0.057 0.011 0.001 0.001 0.002 0.01 0.001 0.667 0.001 0.001 0.001
0.035 0.041 0.041 0.018 0.002 0.002 0.001 0.004 0.015 0.003 0.002 0 0.001 0.012 0.006 0.004 0.004 0.001 0.001 0.011 0.107 0.007 0.031 0.007 0.022 0.001 0.002 0.002 0.001 0.001 0.008 0.021 0.025 0.001 0.001 0.006 0.006 0.029 0.001 0.006 0.031 0.078 0.001 0.002 0.016 0.015 0 0 0.068 0.116 0.123 0.093 0 0.064 0.001 1 0 0.001 0.052 0.091 0.001 0 0.001 0 0.002 0.091 0.056 0.074 0 0.001 0.362 0.06 0 0.001 0.001 0.001 0
0.004 0.002 0.003 0.013 0.004 0.001 0.002 0.001 0.011 0 0.003 0.055 0.001 0.006 0.007 0.005 0.005 0.001 0.001 0.014 0.026 0.012 0.048 0.009 0.028 0.001 0.001 0.003 0.001 0.001 0.009 0.026 0.014 0.001 0.001 0 0 0.018 0.001 0.007 0.009 0.053 0.001 0.002 0.007 0.019 0 0 0.028 0.056 0.105 0.077 0 0.09 0.001 0 1 0.001 0.083 0.113 0.168 0.001 0.001 0.003 0.002 0.096 0.078 0.086 0.577 0.001 0 0.091 0 0.001 0 0.001 0.57
0 0 0 0.006 0.011 0.029 0.051 0.006 0.005 0.005 0.004 0.145 0.001 0.001 0.001 0.007 0.007 0.001 0.002 0 0.026 0.011 0.006 0.012 0.004 0.001 0.003 0.028 0.003 0.012 0.012 0.003 0.005 0.001 0.038 0.01 0.009 0.008 0.001 0.01 0.051 0.041 0.001 0.051 0.02 0.025 0.017 0.001 0.112 0.069 0.021 0.052 0.001 0.125 0.001 0.001 0.001 1 0.106 0.158 0 0.001 0.001 0.006 0.003 0.151 0.067 0.123 0.001 0.001 0.004 0.111 0.001 0.001 0.001 0.002 0.002
0.016 0.022 0.023 0.008 0.003 0.013 0.043 0.001 0.029 0 0.001 0.111 0.009 0.003 0 0.001 0.002 0.013 0.093 0 0.306 0.022 0.106 0.007 0.037 0.013 0.082 0.024 0.008 0.011 0.008 0.02 0.038 0.007 0.036 0.026 0.05 0.051 0.007 0.073 0.18 0.489 0.01 0.171 0.177 0.216 0.076 0.005 0.838 0.467 0.499 0.585 0.007 0.748 0.077 0.052 0.083 0.106 1 0.612 0.024 0.007 0.072 0.208 0.024 0.62 0.852 0.749 0.109 0.008 0.115 0.744 0.005 0.062 0.007 0.014 0.116
0.002 0.001 0.001 0.053 0.028 0 0.006 0.031 0.104 0.027 0.02 0.153 0.006 0.023 0.03 0.023 0.022 0.01 0.198 0.043 0.503 0.009 0.238 0.052 0.133 0.01 0.184 0 0.002 0 0.049 0.122 0.139 0.005 0.001 0.028 0.043 0.177 0.005 0.065 0.198 0.528 0.008 0.009 0.164 0.161 0.04 0.004 0.626 0.774 0.763 0.647 0.005 0.778 0.008 0.091 0.113 0.158 0.612 1 0.033 0.005 0.003 0.298 0.018 0.871 0.626 0.777 0.147 0.006 0.176 0.762 0.004 0.007 0.005 0.011 0.156
0.005 0.005 0.005 0.011 0.002 0.001 0.001 0.002 0.01 0.001 0.001 0.158 0 0.004 0.004 0.002 0.002 0 0 0.004 0.049 0.001 0.018 0.002 0.009 0 0 0.001 0 0 0.003 0.008 0.007 0 0 0.001 0.001 0.009 0 0.003 0.013 0.038 0 0.001 0.004 0.005 0.004 0 0.023 0.041 0.044 0.032 0 0.026 0 0.001 0.168 0 0.024 0.033 1 0 0 0.001 0.001 0.022 0.021 0.024 0.108 0 0 0.025 0.002 0 0 0 0.118
0.002 0.009 0.002 0.008 0 0.002 0.001 0.003 0.008 0.003 0.002 0.001 0.001 0.001 0 0.004 0.003 0.001 0.001 0.001 0.003 0 0.003 0 0.006 0.035 0.001 0.002 0.001 0.001 0.006 0.018 0.022 0 0.001 0.005 0.005 0.02 0.001 0.005 0.013 0.004 0.001 0.001 0.006 0.013 0.031 0 0.007 0.004 0.004 0.005 0 0.006 0.001 0 0.001 0.001 0.007 0.005 0 1 0.001 0.002 0.001 0.005 0.007 0.006 0.001 0 0.001 0.006 0 0.001 0 0.001 0.001
0.014 0.019 0.018 0.005 0.01 0.103 0.163 0.005 0.012 0.005 0.003 0 0.001 0.032 0.035 0.006 0.006 0.001 0.002 0.022 0.002 0.01 0.013 0.003 0.014 0.001 0.002 0.229 0.116 0.104 0.003 0.038 0.021 0.001 0.173 0.009 0.001 0.017 0.001 0.009 0.029 0.002 0.001 0.324 0.002 0.022 0.015 0.001 0.069 0.002 0.001 0.003 0.001 0.004 0.633 0.001 0.001 0.001 0.072 0.003 0 0.001 1 0 0.002 0.003 0.053 0.004 0.001 0.001 0.002 0.004 0.001 0.482 0.001 0.001 0.001
0.015 0.012 0.01 0.032 0.005 0.003 0 0.017 0.028 0.016 0.01 0.003 0.003 0.001 0.002 0 0 0.005 0.393 0.005 0.221 0.006 0.09 0.003 0.033 0.004 0.431 0.003 0.004 0.001 0.002 0.029 0.034 0.002 0.001 0.003 0.025 0.05 0.002 0.03 0.07 0.14 0.004 0.029 0.075 0.074 0.035 0.002 0.292 0.268 0.213 0.235 0.002 0.322 0.004 0 0.003 0.006 0.208 0.298 0.001 0.002 0 1 0.008 0.343 0.293 0.327 0.004 0.003 0.003 0.319 0.002 0.003 0.002 0.005 0.003
0.007 0.032 0.033 0.022 0.016 0.007 0.005 0.007 0.027 0.006 0.006 0.003 0.002 0.028 0.035 0.009 0.008 0.003 0.004 0.029 0.012 0.008 0.022 0.018 0 0.154 0.005 0.007 0.002 0.003 0.018 0 0 0.002 0.002 0.014 0.013 0.024 0.001 0.176 0.032 0.016 0.002 0.005 0.043 0.112 0.018 0.001 0.025 0.015 0.014 0.018 0.001 0.023 0.002 0.002 0.002 0.003 0.024 0.018 0.001 0.001 0.002 0.008 1 0.019 0.025 0.023 0.003 0.002 0.003 0.022 0.001 0.002 0.002 0.001 0.003
0 0 0 0.031 0.013 0 0.005 0.032 0.071 0.029 0.021 0.121 0.007 0.011 0.017 0.009 0.008 0.007 0.157 0.027 0.447 0.01 0.204 0.03 0.106 0.01 0.168 0.001 0.002 0.001 0.032 0.095 0.112 0.006 0 0.014 0.045 0.147 0.005 0.068 0.204 0.469 0.008 0.033 0.156 0.168 0.043 0.004 0.644 0.702 0.654 0.584 0.005 0.798 0.009 0.091 0.096 0.151 0.62 0.871 0.022 0.005 0.003 0.343 0.019 1 0.643 0.796 0.14 0.006 0.172 0.796 0.004 0.007 0.006 0.011 0.137
0.006 0.014 0.014 0.012 0.003 0.006 0.027 0.001 0.032 0 0 0.116 0.009 0 0 0.001 0.001 0.014 0.138 0.002 0.404 0.02 0.117 0.009 0.052 0.014 0.15 0.014 0.003 0.004 0.009 0.031 0.054 0.008 0.027 0.03 0.054 0.07 0.008 0.077 0.184 0.552 0.011 0.133 0.156 0.227 0.07 0.005 0.852 0.528 0.492 0.643 0.007 0.792 0.057 0.056 0.078 0.067 0.852 0.626 0.021 0.007 0.053 0.293 0.025 0.643 1 0.819 0.104 0.008 0.127 0.77 0.005 0.043 0.008 0.007 0.109
0.003 0.006 0.006 0.019 0.001 0 0.002 0 0.049 0 0.001 0.116 0.008 0.001 0.004 0.002 0.003 0.013 0.153 0.007 0.444 0.015 0.161 0.005 0.074 0.013 0.166 0.003 0.004 0.002 0.005 0.064 0.093 0.007 0 0.023 0.058 0.113 0.006 0.069 0.152 0.66 0.01 0.022 0.191 0.206 0.055 0.005 0.762 0.637 0.597 0.766 0.007 0.96 0.011 0.074 0.086 0.123 0.749 0.777 0.024 0.006 0.004 0.327 0.023 0.796 0.819 1 0.112 0.007 0.14 0.942 0.005 0.009 0.007 0.006 0.12
0.005 0.003 0.004 0.017 0.005 0 0.001 0.001 0.017 0.001 0.002 0.108 0.001 0.009 0.01 0.006 0.006 0.001 0 0.017 0.055 0.006 0.063 0.011 0.034 0.002 0 0.004 0.001 0.001 0.012 0.032 0.021 0.001 0.001 0.001 0.001 0.026 0.001 0.009 0.016 0.084 0.001 0.002 0.013 0.024 0 0.001 0.048 0.09 0.145 0.072 0.001 0.117 0.001 0 0.577 0.001 0.109 0.147 0.108 0.001 0.001 0.004 0.003 0.14 0.104 0.112 1 0.001 0.002 0.119 0.001 0.001 0.001 0.002 0.612
0.001 0.008 0.008 0.012 0.006 0 0.001 0.003 0.014 0.003 0.002 0.001 0.001 0.006 0.005 0.004 0.004 0 0.001 0.007 0.004 0.002 0.007 0.006 0.006 0.009 0.002 0 0.001 0.001 0.007 0.007 0.005 0.583 0.001 0.006 0.005 0.012 0.001 0.068 0.017 0.005 0.001 0.001 0.014 0.028 0.008 0.002 0.008 0.005 0.004 0.006 0.001 0.007 0.001 0.001 0.001 0.001 0.008 0.006 0 0 0.001 0.003 0.002 0.006 0.008 0.007 0.001 1 0.001 0.007 0 0.001 0 0.001 0.001
0.039 0.047 0.047 0.009 0.002 0.001 0.004 0.007 0.011 0.006 0.004 0 0.001 0.003 0.005 0.008 0.008 0.002 0.003 0.007 0.108 0.008 0.03 0.014 0.022 0.002 0.003 0.001 0.002 0.002 0.014 0.02 0.036 0.001 0.001 0.012 0.011 0.043 0.001 0.012 0.054 0.128 0.001 0 0.019 0.03 0.003 0.001 0.127 0.182 0.195 0.145 0.001 0.131 0.002 0.362 0 0.004 0.115 0.176 0 0.001 0.002 0.003 0.003 0.172 0.127 0.14 0.002 0.001 1 0.134 0.001 0.001 0.001 0.002 0.009
0.002 0.004 0.005 0.019 0.001 0.001 0.001 0 0.045 0 0.001 0.111 0.008 0.001 0.004 0.003 0.004 0.012 0.163 0.007 0.408 0.017 0.164 0.004 0.071 0.012 0.177 0.004 0.003 0.001 0.005 0.061 0.09 0.007 0 0.021 0.055 0.108 0.006 0.064 0.15 0.656 0.01 0.019 0.19 0.194 0.058 0.005 0.745 0.635 0.593 0.762 0.006 0.956 0.01 0.06 0.091 0.111 0.744 0.762 0.025 0.006 0.004 0.319 0.022 0.796 0.77 0.942 0.119 0.007 0.134 1 0.005 0.008 0.007 0.013 0.127
0.001 0 0 0 0.003 0.001 0.001 0.011 0 0.004 0.001 0.001 0 0.001 0.001 0.008 0.003 0.001 0.001 0.001 0.003 0.003 0 0.003 0.001 0.001 0.001 0.001 0 0.001 0.002 0.001 0.012 0 0 0.033 0.043 0.01 0 0.004 0.011 0.003 0 0.001 0.015 0.021 0.005 0 0.005 0.003 0.003 0.004 0 0.005 0.001 0 0 0.001 0.005 0.004 0.002 0 0.001 0.002 0.001 0.004 0.005 0.005 0.001 0 0.001 0.005 1 0 0 0.001 0.001
0.008 0.011 0.01 0.001 0.008 0.104 0.164 0.004 0.002 0.004 0.002 0 0.001 0.011 0.013 0.005 0.005 0.001 0.002 0.013 0.001 0.004 0.006 0.008 0.003 0.001 0.002 0.189 0.105 0.095 0.005 0.027 0.022 0.001 0.15 0.003 0 0.019 0.001 0.007 0.032 0.006 0.001 0.345 0.006 0.012 0.012 0 0.06 0.005 0.005 0.007 0.001 0.008 0.667 0.001 0.001 0.001 0.062 0.007 0 0.001 0.482 0.003 0.002 0.007 0.043 0.009 0.001 0.001 0.001 0.008 0 1 0.001 0.001 0.001
0.018 0.022 0.022 0.007 0 0.076 0.025 0.003 0.009 0.003 0.002 0.001 0.069 0.023 0.02 0.004 0.004 0.001 0.001 0.026 0.004 0 0.003 0 0.003 0.001 0.001 0.077 0.009 0.008 0.007 0.001 0 0 0.056 0.006 0.005 0 0.001 0.001 0.002 0.005 0.001 0.001 0.013 0.001 0.002 0.598 0.008 0.004 0.004 0.006 0.807 0.007 0.001 0.001 0 0.001 0.007 0.005 0 0 0.001 0.002 0.002 0.006 0.008 0.007 0.001 0 0.001 0.007 0 0.001 1 0.147 0.001
0 0 0 0.002 0.003 0.012 0 0.006 0.001 0.006 0.004 0.002 0.03 0.004 0.003 0.008 0.007 0.002 0.003 0 0.001 0.019 0.001 0.004 0.002 0.002 0.003 0.012 0.003 0.002 0.014 0.008 0.012 0.001 0.001 0.009 0.009 0.015 0.021 0 0.027 0.009 0.001 0.003 0.021 0.003 0.022 0.064 0.015 0.009 0.008 0.011 0.145 0.013 0.001 0.001 0.001 0.002 0.014 0.011 0 0.001 0.001 0.005 0.001 0.011 0.007 0.006 0.002 0.001 0.002 0.013 0.001 0.001 0.147 1 0.002
0 0 0 0.007 0.006 0 0.001 0.002 0.019 0.001 0.003 0.048 0.001 0.01 0.012 0.007 0.006 0.002 0 0.018 0.06 0.005 0.063 0.012 0.037 0.002 0 0.004 0.001 0.001 0.012 0.034 0.024 0.001 0.001 0.001 0.001 0.029 0.001 0.01 0.017 0.088 0.001 0.002 0.02 0.025 0 0.001 0.05 0.094 0.149 0.11 0.001 0.124 0.001 0 0.57 0.002 0.116 0.156 0.118 0.001 0.001 0.003 0.003 0.137 0.109 0.12 0.612 0.001 0.009 0.127 0.001 0.001 0.001 0.002 1
