1 0.882 0.9 0.44 0.428 0.187 0.129 0.34 0.331 0.28 0.154 0.022 0.051 0.654 0.635 0.356 0.32 0.033 0.032 0.691 0.018 0.118 0.132 0.441 0.35 0.01 0.034 0.141 0.033 0.014 0.375 0.311 0.173 0.001 0.073 0.097 0.072 0.141 0.024 0.027 0.085 0.003 0.011 0.056 0.023 0.023 0.07 0.023 0.003 0.023 0.019 0.005 0.014 0.001 0.022 0.019 0.018 0.001 0 0.009 0.012 0.008 0.033 0.024 0.017 0.006 0 0.003 0.017 0.003 0.034 0.003 0 0.024 0.018 0.007 0.007
0.882 1 0.931 0.42 0.425 0.206 0.142 0.374 0.311 0.309 0.17 0.02 0.056 0.7 0.68 0.346 0.31 0.036 0.029 0.711 0.014 0.116 0.127 0.44 0.341 0.022 0.031 0.157 0.037 0.016 0.376 0.304 0.169 0.001 0.081 0.094 0.087 0.13 0.022 0.039 0.09 0.002 0.012 0.037 0.023 0.018 0.053 0.025 0.002 0.02 0.017 0.004 0.017 0.002 0.025 0.021 0.016 0 0 0.013 0.011 0.008 0.038 0.021 0.031 0.01 0 0.006 0.015 0.003 0.014 0.005 0 0.027 0.021 0.005 0.006
0.9 0.931 1 0.435 0.465 0.198 0.136 0.371 0.326 0.307 0.163 0.021 0.053 0.708 0.688 0.388 0.35 0.035 0.031 0.744 0.015 0.109 0.123 0.479 0.378 0.023 0.032 0.15 0.035 0.015 0.41 0.337 0.192 0.001 0.077 0.111 0.084 0.149 0.023 0.035 0.099 0.003 0.013 0.06 0.029 0.02 0.065 0.024 0.004 0.023 0.019 0.005 0.016 0 0.024 0.02 0.017 0 0.001 0.008 0.012 0.007 0.036 0.022 0.032 0.006 0 0.003 0.016 0.004 0.036 0.002 0 0.026 0.02 0.006 0.006
0.44 0.42 0.435 1 0.227 0.072 0.043 0.183 0.813 0.152 0.08 0.042 0.026 0.312 0.303 0.196 0.174 0.021 0.064 0.324 0.062 0.262 0.351 0.235 0.631 0.013 0.068 0.046 0.017 0.004 0.202 0.573 0.351 0.021 0.026 0.021 0.012 0.451 0.046 0.22 0 0.038 0.026 0.021 0.005 0.266 0.185 0.004 0.017 0.084 0.074 0.059 0.001 0.037 0.006 0.008 0.033 0.001 0.024 0.061 0.023 0.017 0.007 0.06 0.066 0.054 0.034 0.051 0.024 0.019 0.006 0.044 0 0.008 0.002 0.028 0.021
0.428 0.425 0.465 0.227 1 0.023 0.016 0.573 0.259 0.576 0.301 0.011 0.006 0.505 0.485 0.625 0.563 0.068 0.015 0.523 0.035 0.078 0.129 0.855 0.286 0.011 0.015 0.024 0.004 0.007 0.704 0.229 0.17 0.004 0.01 0.242 0.192 0.139 0.012 0.054 0.061 0.005 0.008 0 0.069 0.047 0.064 0.001 0.007 0.034 0.031 0.006 0 0.003 0.009 0 0.008 0.006 0.012 0.021 0.006 0.003 0.008 0.013 0.017 0.016 0.012 0.007 0.011 0.005 0.002 0.004 0.002 0.008 0 0.011 0.005
0.187 0.206 0.198 0.072 0.023 1 0.687 0.016 0.101 0.013 0.007 0.004 0.27 0.196 0.188 0.017 0.017 0.002 0.007 0.208 0.015 0.013 0.03 0.024 0.088 0.005 0.007 0.796 0.179 0.119 0.026 0.087 0.029 0.003 0.37 0.028 0.027 0.022 0.004 0.004 0.004 0.011 0.003 0.18 0.04 0.006 0.006 0.108 0.015 0.012 0.01 0.014 0.059 0.003 0.155 0.001 0.003 0.025 0.011 0.002 0.002 0.002 0.199 0.006 0.007 0.002 0.005 0.004 0.004 0 0 0.003 0.002 0.176 0.077 0.003 0.004
0.129 0.142 0.136 0.043 0.016 0.687 1 0.011 0.071 0.009 0.005 0.003 0.002 0.137 0.131 0.012 0.011 0.001 0.005 0.146 0.01 0.006 0.017 0.017 0.054 0.004 0.005 0.514 0.26 0.179 0.018 0.054 0.01 0.001 0.54 0.02 0.019 0.007 0.003 0.016 0.027 0.006 0.002 0.275 0.024 0.042 0.001 0.092 0.042 0.006 0.005 0.008 0.051 0 0.233 0.001 0.002 0.04 0.032 0 0.002 0.001 0.295 0.003 0.005 0 0.02 0 0.003 0.001 0.001 0 0.001 0.261 0.073 0.002 0.003
0.34 0.374 0.371 0.183 0.573 0.016 0.011 1 0.179 0.83 0.439 0.008 0.004 0.372 0.356 0.885 0.733 0.003 0.013 0.394 0.026 0.055 0.094 0.652 0.222 0.007 0.013 0.017 0.003 0.005 0.605 0.208 0.159 0.003 0.007 0.344 0.358 0.135 0.008 0.04 0.11 0.003 0.006 0.011 0.138 0.14 0.057 0.002 0.013 0.032 0.03 0.003 0.004 0.008 0.006 0.003 0.006 0.004 0.018 0.039 0.004 0.003 0.006 0.016 0.011 0.039 0.02 0.015 0.007 0.003 0.006 0.012 0.004 0.006 0.004 0.012 0.003
0.331 0.311 0.326 0.813 0.259 0.101 0.071 0.179 1 0.146 0.083 0.039 0.028 0.384 0.365 0.193 0.171 0.022 0.053 0.388 0.127 0.236 0.418 0.259 0.717 0.014 0.056 0.07 0.018 0.004 0.216 0.652 0.401 0.022 0.04 0.026 0.016 0.511 0.044 0.233 0.001 0.064 0.029 0.023 0.006 0.285 0.226 0.013 0.032 0.123 0.112 0.089 0.006 0.059 0.007 0.007 0.032 0.001 0.042 0.09 0.022 0.016 0.016 0.056 0.07 0.083 0.053 0.076 0.028 0.02 0.001 0.06 0 0.009 0.008 0.019 0.032
0.28 0.309 0.307 0.152 0.576 0.013 0.009 0.83 0.146 1 0.529 0.006 0.004 0.308 0.295 0.728 0.636 0.003 0.01 0.327 0.022 0.045 0.077 0.54 0.184 0.005 0.01 0.014 0.002 0.004 0.499 0.171 0.13 0.002 0.006 0.259 0.27 0.111 0.007 0.032 0.078 0.001 0.005 0.009 0.096 0.102 0.059 0.002 0.007 0.026 0.024 0.001 0.003 0.003 0.005 0.002 0.005 0.003 0.011 0.032 0.004 0.002 0.005 0.013 0.009 0.032 0.013 0.009 0.006 0.003 0.005 0.007 0.001 0.005 0.004 0.01 0.002
0.154 0.17 0.163 0.08 0.301 0.007 0.005 0.439 0.083 0.529 1 0.003 0.002 0.165 0.157 0.385 0.425 0.001 0.006 0.174 0.012 0.024 0.042 0.287 0.098 0.002 0.006 0.007 0.001 0.002 0.272 0.096 0.073 0.001 0.003 0.112 0.117 0.063 0.004 0.016 0.028 0.001 0.003 0.005 0.04 0.041 0.031 0.001 0 0.013 0.013 0.002 0.001 0 0.003 0.001 0.003 0.002 0.002 0.016 0.002 0.001 0.003 0.006 0.006 0.017 0.002 0.001 0.004 0.001 0.003 0.001 0.001 0.002 0.002 0.005 0
0.022 0.02 0.021 0.042 0.011 0.004 0.003 0.008 0.039 0.006 0.003 1 0.001 0.017 0.016 0.008 0.008 0.001 0.003 0.006 0.18 0.014 0.044 0.012 0.034 0.003 0.003 0.004 0.001 0.001 0.012 0.032 0.041 0.001 0 0.014 0.013 0.049 0.002 0.011 0.056 0.094 0.001 0.001 0.025 0.029 0.001 0.001 0.082 0.128 0.099 0.101 0.001 0.092 0 0.004 0.198 0.067 0.087 0.105 0.19 0.001 0 0 0.003 0.099 0.077 0.07 0.085 0.001 0.007 0.079 0.001 0 0.001 0.003 0.129
0.051 0.056 0.053 0.026 0.006 0.27 0.002 0.004 0.028 0.004 0.002 0.001 1 0.054 0.052 0.005 0.004 0 0.002 0.057 0.004 0.008 0.014 0.007 0.032 0.001 0.002 0.259 0 0.001 0.007 0.031 0.024 0.022 0.001 0.007 0.007 0.021 0.001 0.098 0.019 0.005 0.001 0.002 0.014 0.033 0.01 0.016 0.008 0.005 0.005 0.006 0.008 0.007 0.001 0 0.001 0.001 0.008 0.006 0.001 0.001 0.001 0.003 0.002 0.006 0.008 0.007 0.001 0.009 0.001 0.006 0 0.001 0.007 0.001 0.001
0.654 0.7 0.708 0.312 0.505 0.196 0.137 0.372 0.384 0.308 0.165 0.017 0.054 1 0.908 0.403 0.365 0.041 0.03 0.82 0.066 0.104 0.195 0.534 0.422 0.022 0.032 0.154 0.036 0.059 0.424 0.36 0.258 0.001 0.08 0.157 0.125 0.21 0.022 0.031 0.081 0.027 0.008 0.062 0.012 0.036 0.072 0.026 0.001 0.07 0.065 0.031 0.017 0.015 0.025 0.005 0.017 0.001 0.002 0.038 0.009 0.007 0.04 0.027 0.022 0.033 0.008 0.019 0.022 0.004 0 0.017 0 0.027 0.021 0.003 0.015
0.635 0.68 0.688 0.303 0.485 0.188 0.131 0.356 0.365 0.295 0.157 0.016 0.052 0.908 1 0.385 0.349 0.039 0.032 0.786 0.067 0.102 0.191 0.517 0.389 0.01 0.033 0.146 0.034 0.056 0.412 0.331 0.244 0.002 0.082 0.159 0.128 0.204 0.024 0.034 0.081 0.029 0.004 0.062 0.011 0.036 0.06 0.025 0.002 0.072 0.067 0.034 0.016 0.017 0.026 0.001 0.018 0 0.004 0.041 0.009 0.001 0.042 0.028 0.028 0.035 0.009 0.022 0.023 0.004 0 0.019 0 0.029 0.02 0.004 0.016
0.356 0.346 0.388 0.196 0.625 0.017 0.012 0.885 0.193 0.728 0.385 0.008 0.005 0.403 0.385 1 0.811 0.004 0.014 0.428 0.03 0.059 0.102 0.691 0.242 0.008 0.014 0.018 0.003 0.005 0.641 0.227 0.173 0.003 0.007 0.375 0.306 0.148 0.009 0.039 0.119 0.004 0.006 0.001 0.151 0.115 0.058 0.003 0.003 0.036 0.034 0.004 0.004 0.001 0.007 0.003 0.007 0.004 0.006 0.019 0.005 0.003 0.006 0.009 0.012 0.018 0.007 0.004 0.009 0.004 0 0.002 0.004 0.006 0.005 0.013 0.004
0.32 0.31 0.35 0.174 0.563 0.017 0.011 0.733 0.171 0.636 0.425 0.008 0.004 0.365 0.349 0.811 1 0.003 0.013 0.41 0.028 0.056 0.098 0.647 0.232 0.007 0.013 0.014 0.003 0.005 0.6 0.216 0.165 0.003 0.007 0.342 0.274 0.141 0.009 0.037 0.11 0.003 0.006 0.002 0.124 0.1 0.055 0.003 0.002 0.034 0.032 0.003 0.004 0 0.007 0.003 0.007 0.002 0.004 0.015 0.004 0.003 0.006 0.009 0.012 0.014 0.005 0.002 0.008 0.004 0 0.002 0.003 0.006 0.004 0.012 0.003
0.033 0.036 0.035 0.021 0.068 0.002 0.001 0.003 0.022 0.003 0.001 0.001 0 0.041 0.039 0.004 0.003 1 0.001 0.043 0.003 0.006 0.011 0.072 0.025 0.001 0.002 0.002 0 0.001 0.068 0.024 0.019 0 0.001 0.006 0.006 0.016 0.001 0.004 0.015 0.004 0.001 0.001 0.011 0.009 0.003 0.002 0.006 0.004 0.004 0.005 0.001 0.005 0.001 0 0.001 0 0.006 0.005 0 0 0.001 0.002 0.001 0.001 0.006 0.006 0.001 0 0.001 0.005 0 0.001 0.001 0.001 0.001
0.032 0.029 0.031 0.064 0.015 0.007 0.005 0.013 0.053 0.01 0.006 0.003 0.002 0.03 0.032 0.014 0.013 0.001 1 0.032 0.459 0.023 0.133 0.019 0.056 0.004 0.914 0.007 0.001 0.002 0.02 0.055 0.069 0.001 0.003 0.022 0.022 0.084 0.004 0.016 0.09 0.357 0.002 0.001 0.067 0.045 0.025 0.001 0.218 0.316 0.31 0.3 0.002 0.255 0.003 0.001 0.011 0.001 0.161 0.277 0.02 0.002 0.003 0.509 0.005 0.265 0.217 0.249 0.007 0.002 0.003 0.27 0.001 0.002 0.002 0.005 0.007
0.691 0.711 0.744 0.324 0.523 0.208 0.146 0.394 0.388 0.327 0.174 0.006 0.057 0.82 0.786 0.428 0.41 0.043 0.032 1 0.049 0.103 0.172 0.587 0.457 0.021 0.031 0.161 0.038 0.017 0.474 0.388 0.233 0.001 0.074 0.133 0.103 0.187 0.013 0.034 0.078 0.018 0.015 0.065 0.023 0.028 0.078 0.027 0 0.056 0.061 0.022 0.018 0.007 0.021 0.007 0.016 0.01 0.001 0.025 0.011 0.007 0.035 0.016 0.031 0.022 0.004 0.014 0.021 0.003 0 0.011 0 0.028 0.023 0.002 0.014
0.018 0.014 0.015 0.062 0.035 0.015 0.01 0.026 0.127 0.022 0.012 0.18 0.004 0.066 0.067 0.03 0.028 0.003 0.459 0.049 1 0.028 0.237 0.042 0.118 0.009 0.424 0.015 0.003 0.004 0.044 0.12 0.152 0.003 0.004 0.049 0.047 0.184 0.008 0.038 0.149 0.584 0.003 0.004 0.119 0.097 0.016 0.002 0.392 0.59 0.552 0.524 0.004 0.45 0.004 0.07 0.048 0.013 0.336 0.498 0.152 0.003 0.004 0.279 0.012 0.474 0.453 0.494 0.077 0.004 0.059 0.422 0.003 0.003 0.004 0 0.119
0.118 0.116 0.109 0.262 0.078 0.013 0.006 0.055 0.236 0.045 0.024 0.014 0.008 0.104 0.102 0.059 0.056 0.006 0.023 0.103 0.028 1 0.459 0.082 0.205 0.018 0.014 0.03 0.005 0.009 0.045 0.164 0.038 0.006 0.013 0.01 0.012 0.058 0.116 0.054 0.03 0.052 0.093 0.019 0.009 0.026 0.188 0.003 0.042 0.015 0.011 0.019 0 0.03 0.005 0.005 0.008 0.007 0.03 0.022 0.008 0.004 0.011 0.001 0.016 0.022 0.025 0.012 0.01 0.004 0.009 0.024 0.002 0.01 0 0.048 0.009
0.132 0.127 0.123 0.351 0.129 0.03 0.017 0.094 0.418 0.077 0.042 0.044 0.014 0.195 0.191 0.102 0.098 0.011 0.133 0.172 0.237 0.459 1 0.144 0.372 0.032 0.141 0.053 0.009 0.015 0.098 0.323 0.165 0.011 0.019 0.002 0.001 0.223 0.061 0.105 0.031 0.145 0.058 0.024 0.044 0.109 0.048 0.006 0.094 0.227 0.225 0.187 0.001 0.133 0.01 0.018 0.008 0.001 0.09 0.169 0.043 0.009 0.016 0.143 0.032 0.159 0.087 0.129 0.014 0.009 0.01 0.132 0 0.015 0.001 0.001 0.03
0.441 0.44 0.479 0.235 0.855 0.024 0.017 0.652 0.259 0.54 0.287 0.012 0.007 0.534 0.517 0.691 0.647 0.072 0.019 0.587 0.042 0.082 0.144 1 0.335 0.012 0.02 0.025 0.004 0.007 0.832 0.272 0.204 0.005 0.01 0.308 0.253 0.171 0.013 0.063 0.072 0.013 0.009 0 0.09 0.069 0.073 0.001 0.015 0.051 0.048 0.014 0 0.008 0.01 0.004 0.01 0.006 0.019 0.034 0.006 0.004 0.008 0.015 0.018 0.028 0.022 0.015 0.012 0.006 0 0.011 0.001 0.009 0 0.012 0.007
0.35 0.341 0.378 0.631 0.286 0.088 0.054 0.222 0.717 0.184 0.098 0.034 0.032 0.422 0.389 0.242 0.232 0.025 0.056 0.457 0.118 0.205 0.372 0.335 1 0.04 0.06 0.09 0.021 0.006 0.277 0.812 0.579 0.013 0.046 0.047 0.032 0.482 0.031 0.127 0.001 0.068 0.021 0.033 0.001 0.231 0.197 0.014 0.027 0.128 0.118 0.084 0.006 0.055 0.01 0.012 0.029 0 0.034 0.088 0.019 0.014 0.02 0.056 0.002 0.08 0.047 0.072 0.024 0.012 0.003 0.06 0 0.012 0.008 0.012 0.028
0.01 0.022 0.023 0.013 0.011 0.005 0.004 0.007 0.014 0.005 0.002 0.003 0.001 0.022 0.01 0.008 0.007 0.001 0.004 0.021 0.009 0.018 0.032 0.012 0.04 1 0.005 0.006 0.001 0.002 0.013 0.041 0.054 0.005 0.002 0.018 0.017 0.01 0.003 0.089 0.044 0.008 0.001 0.004 0.017 0.02 0.003 0.001 0.015 0.011 0.011 0.01 0.001 0.012 0.002 0.001 0.002 0.001 0.017 0.014 0.001 0.077 0.002 0.006 0.245 0.014 0.018 0.016 0.003 0.004 0.002 0.014 0.001 0.002 0.001 0.004 0.003
0.034 0.031 0.032 0.068 0.015 0.007 0.005 0.013 0.056 0.01 0.006 0.003 0.002 0.032 0.033 0.014 0.013 0.002 0.914 0.031 0.424 0.014 0.141 0.02 0.06 0.005 1 0.008 0.001 0.002 0.021 0.059 0.074 0.002 0.003 0.023 0.022 0.09 0.004 0.018 0.078 0.33 0.003 0.001 0.059 0.048 0.017 0.001 0.199 0.292 0.287 0.277 0.002 0.234 0.003 0.001 0.01 0.001 0.141 0.254 0.018 0.002 0.003 0.477 0.006 0.236 0.197 0.228 0.006 0.002 0.003 0.247 0.001 0.003 0.002 0.006 0.006
0.141 0.157 0.15 0.046 0.024 0.796 0.514 0.017 0.07 0.014 0.007 0.004 0.259 0.154 0.146 0.018 0.014 0.002 0.007 0.161 0.015 0.03 0.053 0.025 0.09 0.006 0.008 1 0.171 0.114 0.027 0.094 0.051 0.002 0.391 0.029 0.016 0.042 0.005 0.003 0.015 0.012 0.003 0.321 0.034 0.007 0.019 0.104 0.039 0.012 0.011 0.015 0.056 0.003 0.303 0.002 0.004 0.033 0.032 0.002 0.002 0.002 0.327 0.006 0.007 0.002 0.021 0.003 0.005 0 0 0.004 0.002 0.313 0.074 0.003 0.005
0.033 0.037 0.035 0.017 0.004 0.179 0.26 0.003 0.018 0.002 0.001 0.001 0 0.036 0.034 0.003 0.003 0 0.001 0.038 0.003 0.005 0.009 0.004 0.021 0.001 0.001 0.171 1 0.61 0.005 0.003 0.001 0 0.074 0.005 0.005 0.001 0.001 0.004 0.003 0.003 0.001 0.041 0.01 0.011 0 0.029 0.003 0.003 0.002 0.004 0.016 0.004 0.058 0 0.001 0 0.003 0.003 0 0 0.063 0.002 0.001 0.003 0.001 0.004 0.001 0 0 0.004 0 0.057 0.051 0.008 0.001
0.014 0.016 0.015 0.004 0.007 0.119 0.179 0.005 0.004 0.004 0.002 0.001 0.001 0.059 0.056 0.005 0.005 0.001 0.002 0.017 0.004 0.009 0.015 0.007 0.006 0.002 0.002 0.114 0.61 1 0.008 0 0.008 0.001 0.061 0.001 0.002 0.006 0.001 0.007 0.013 0.005 0.001 0.033 0.016 0 0.001 0.016 0.001 0.006 0.004 0.006 0.008 0.004 0.031 0 0.001 0.002 0.001 0.003 0.001 0.001 0.035 0.001 0.002 0.003 0 0.004 0.001 0.001 0 0.003 0 0.031 0.028 0.003 0.001
0.375 0.376 0.41 0.202 0.704 0.026 0.018 0.605 0.216 0.499 0.272 0.012 0.007 0.424 0.412 0.641 0.6 0.068 0.02 0.474 0.044 0.045 0.098 0.832 0.277 0.013 0.021 0.027 0.005 0.008 1 0.309 0.264 0.006 0.011 0.407 0.347 0.225 0.013 0.065 0.095 0.009 0.009 0 0.114 0.083 0.086 0.002 0.013 0.044 0.04 0.015 0.004 0.006 0.01 0.004 0.01 0.007 0.016 0.029 0.007 0.005 0.008 0.016 0.019 0.024 0.019 0.013 0.005 0.006 0 0.009 0.001 0.009 0.004 0.019 0.007
0.311 0.304 0.337 0.573 0.229 0.087 0.054 0.208 0.652 0.171 0.096 0.032 0.031 0.36 0.331 0.227 0.216 0.024 0.055 0.388 0.12 0.164 0.323 0.272 0.812 0.041 0.059 0.094 0.003 0 0.309 1 0.692 0.012 0.05 0.072 0.066 0.584 0.039 0.124 0.01 0.071 0.025 0.062 0 0.268 0.238 0.014 0.018 0.133 0.122 0.089 0.002 0.059 0.034 0.012 0.029 0 0.023 0.092 0.02 0.015 0.043 0.058 0.001 0.084 0.035 0.076 0.025 0.011 0.004 0.064 0.002 0.04 0.001 0.03 0.029
0.173 0.169 0.192 0.351 0.17 0.029 0.01 0.159 0.401 0.13 0.073 0.041 0.024 0.258 0.244 0.173 0.165 0.019 0.069 0.233 0.152 0.038 0.165 0.204 0.579 0.054 0.074 0.051 0.001 0.008 0.264 0.692 1 0.008 0.03 0.299 0.291 0.829 0.05 0.082 0.055 0.105 0.028 0.047 0.003 0.39 0.224 0.004 0.044 0.176 0.158 0.125 0 0.093 0.025 0.016 0.034 0.001 0.042 0.129 0.025 0.02 0.022 0.068 0 0.12 0.065 0.105 0.03 0.008 0.014 0.097 0.01 0.031 0 0.037 0.035
0.001 0.001 0.001 0.021 0.004 0.003 0.001 0.003 0.022 0.002 0.001 0.001 0.022 0.001 0.002 0.003 0.003 0 0.001 0.001 0.003 0.006 0.011 0.005 0.013 0.005 0.002 0.002 0 0.001 0.006 0.012 0.008 1 0.001 0.006 0.006 0.017 0.001 0.08 0.016 0.004 0.001 0.001 0.012 0.03 0.008 0 0.006 0.004 0.004 0.005 0 0.006 0.001 0 0.001 0 0.006 0.005 0 0 0.001 0.002 0.002 0.005 0.007 0.006 0.001 0.741 0.001 0.005 0 0.001 0 0.001 0.001
0.073 0.081 0.077 0.026 0.01 0.37 0.54 0.007 0.04 0.006 0.003 0 0.001 0.08 0.082 0.007 0.007 0.001 0.003 0.074 0.004 0.013 0.019 0.01 0.046 0.002 0.003 0.391 0.074 0.061 0.011 0.05 0.03 0.001 1 0.012 0.012 0.033 0.002 0.01 0.051 0.008 0.001 0.362 0.015 0.026 0.017 0.151 0.057 0.008 0.007 0.009 0.087 0 0.307 0.001 0.002 0.057 0.044 0 0.001 0.001 0.322 0.001 0.003 0 0.029 0 0.002 0.001 0.001 0 0.001 0.311 0.08 0 0.002
0.097 0.094 0.111 0.021 0.242 0.028 0.02 0.344 0.026 0.259 0.112 0.014 0.007 0.157 0.159 0.375 0.342 0.006 0.022 0.133 0.049 0.01 0.002 0.308 0.047 0.018 0.023 0.029 0.005 0.001 0.407 0.072 0.299 0.006 0.012 1 0.909 0.253 0.015 0.075 0.343 0.044 0.095 0.001 0.185 0.254 0.036 0.004 0.048 0.044 0.038 0.056 0.007 0.034 0.012 0.005 0.009 0.007 0.035 0.029 0.008 0.006 0.011 0.015 0.021 0.027 0.046 0.03 0.005 0.007 0.001 0.029 0.03 0.01 0.008 0.016 0.012
0.072 0.087 0.084 0.012 0.192 0.027 0.019 0.358 0.016 0.27 0.117 0.013 0.007 0.125 0.128 0.306 0.274 0.006 0.022 0.103 0.047 0.012 0.001 0.253 0.032 0.017 0.022 0.016 0.005 0.002 0.347 0.066 0.291 0.006 0.012 0.909 1 0.247 0.015 0.073 0.332 0.042 0.098 0.007 0.153 0.271 0.035 0.004 0.06 0.042 0.036 0.057 0.007 0.059 0.002 0.005 0.008 0.007 0.045 0.05 0.007 0.006 0.001 0.023 0.02 0.051 0.057 0.053 0.004 0.007 0.01 0.053 0.031 0.001 0.007 0.016 0.012
0.141 0.13 0.149 0.451 0.139 0.022 0.007 0.135 0.511 0.111 0.063 0.049 0.021 0.21 0.204 0.148 0.141 0.016 0.084 0.187 0.184 0.058 0.223 0.171 0.482 0.01 0.09 0.042 0.001 0.006 0.225 0.584 0.829 0.017 0.033 0.253 0.247 1 0.059 0.194 0.03 0.133 0.023 0.043 0 0.51 0.279 0.009 0.064 0.214 0.193 0.158 0 0.123 0.021 0.019 0.04 0.001 0.064 0.164 0.03 0.017 0.018 0.086 0.055 0.154 0.093 0.137 0.037 0.014 0.018 0.127 0.008 0.026 0 0.047 0.042
0.024 0.022 0.023 0.046 0.012 0.004 0.003 0.008 0.044 0.007 0.004 0.002 0.001 0.022 0.024 0.009 0.009 0.001 0.004 0.013 0.008 0.116 0.061 0.013 0.031 0.003 0.004 0.005 0.001 0.001 0.013 0.039 0.05 0.001 0.002 0.015 0.015 0.059 1 0.006 0.034 0.008 0.002 0.003 0.015 0.027 0.081 0.001 0.012 0.007 0.006 0.007 0.001 0.011 0.001 0.001 0.001 0.001 0.011 0.008 0.001 0.001 0.002 0.003 0.001 0.008 0.013 0.01 0.002 0.001 0.002 0.009 0.001 0.002 0.001 0.03 0.002
0.027 0.039 0.035 0.22 0.054 0.004 0.016 0.04 0.233 0.032 0.016 0.011 0.098 0.031 0.034 0.039 0.037 0.004 0.016 0.034 0.038 0.054 0.105 0.063 0.127 0.089 0.018 0.003 0.004 0.007 0.065 0.124 0.082 0.08 0.01 0.075 0.073 0.194 0.006 1 0.196 0.049 0.009 0.015 0.115 0.321 0.082 0 0.08 0.052 0.049 0.058 0.001 0.069 0.003 0.004 0.01 0.006 0.076 0.062 0.006 0.005 0.009 0.027 0.271 0.062 0.081 0.07 0.012 0.079 0.009 0.063 0.005 0.008 0.001 0.007 0.012
0.085 0.09 0.099 0 0.061 0.004 0.027 0.11 0.001 0.078 0.028 0.056 0.019 0.081 0.081 0.119 0.11 0.015 0.09 0.078 0.149 0.03 0.031 0.072 0.001 0.044 0.078 0.015 0.003 0.013 0.095 0.01 0.055 0.016 0.051 0.343 0.332 0.03 0.034 0.196 1 0.168 0.039 0.078 0.363 0.01 0.11 0.003 0.23 0.17 0.154 0.118 0 0.15 0.035 0.02 0.042 0.03 0.198 0.188 0.032 0.015 0.042 0.059 0.055 0.182 0.185 0.142 0.034 0.018 0.041 0.146 0.009 0.042 0 0.038 0.037
0.003 0.002 0.003 0.038 0.005 0.011 0.006 0.003 0.064 0.001 0.001 0.094 0.005 0.027 0.029 0.004 0.003 0.004 0.357 0.018 0.584 0.052 0.145 0.013 0.068 0.008 0.33 0.012 0.003 0.005 0.009 0.071 0.105 0.004 0.008 0.044 0.042 0.133 0.008 0.049 0.168 1 0.007 0.007 0.2 0.13 0.046 0.003 0.599 0.707 0.644 0.785 0.005 0.702 0.007 0.073 0.1 0.028 0.484 0.598 0.077 0.004 0.001 0.253 0.015 0.57 0.533 0.609 0.122 0.005 0.093 0.633 0.004 0.006 0.005 0.014 0.159
0.011 0.012 0.013 0.026 0.008 0.003 0.002 0.006 0.029 0.005 0.003 0.001 0.001 0.008 0.004 0.006 0.006 0.001 0.002 0.015 0.003 0.093 0.058 0.009 0.021 0.001 0.003 0.003 0.001 0.001 0.009 0.025 0.028 0.001 0.001 0.095 0.098 0.023 0.002 0.009 0.039 0.007 1 0.002 0.006 0.012 0.036 0 0.011 0.007 0.007 0.008 0.001 0.009 0.001 0.001 0.001 0.001 0.004 0.008 0.001 0.001 0.001 0.004 0.003 0.008 0.011 0.004 0.002 0.001 0.001 0.009 0.001 0.001 0.001 0 0.002
0.056 0.037 0.06 0.021 0 0.18 0.275 0.011 0.023 0.009 0.005 0.001 0.002 0.062 0.062 0.001 0.002 0.001 0.001 0.065 0.004 0.019 0.024 0 0.033 0.004 0.001 0.321 0.041 0.033 0 0.062 0.047 0.001 0.362 0.001 0.007 0.043 0.003 0.015 0.078 0.007 0.002 1 0.001 0.04 0.025 0.001 0.188 0.008 0.006 0.007 0.001 0.012 0.51 0.001 0.002 0.059 0.16 0.013 0.001 0.001 0.446 0.001 0.005 0.015 0.128 0.01 0.003 0.001 0.012 0.01 0.001 0.526 0.001 0.004 0.003
0.023 0.023 0.029 0.005 0.069 0.04 0.024 0.138 0.006 0.096 0.04 0.025 0.014 0.012 0.011 0.151 0.124 0.011 0.067 0.023 0.119 0.009 0.044 0.09 0.001 0.017 0.059 0.034 0.01 0.016 0.114 0 0.003 0.012 0.015 0.185 0.153 0 0.015 0.115 0.363 0.2 0.006 0.001 1 0.004 0.066 0.008 0.179 0.215 0.206 0.224 0.013 0.226 0.007 0.015 0.025 0.008 0.169 0.206 0.033 0.001 0.005 0.095 0.043 0.192 0.149 0.186 0.041 0.013 0.028 0.202 0.014 0.014 0.014 0.035 0.061
0.023 0.018 0.02 0.266 0.047 0.006 0.042 0.14 0.285 0.102 0.041 0.029 0.033 0.036 0.036 0.115 0.1 0.009 0.045 0.028 0.097 0.026 0.109 0.069 0.231 0.02 0.048 0.007 0.011 0 0.083 0.268 0.39 0.03 0.026 0.254 0.271 0.51 0.027 0.321 0.01 0.13 0.012 0.04 0.004 1 0.173 0.003 0.208 0.131 0.124 0.151 0.007 0.178 0.025 0.01 0.025 0.015 0.198 0.158 0.016 0.014 0.023 0.065 0.114 0.159 0.21 0.183 0.031 0.029 0.023 0.164 0.017 0.021 0.008 0.026 0.032
0.07 0.053 0.065 0.185 0.064 0.006 0.001 0.057 0.226 0.059 0.031 0.001 0.01 0.072 0.06 0.058 0.055 0.003 0.025 0.078 0.016 0.188 0.048 0.073 0.197 0.003 0.017 0.019 0 0.001 0.086 0.238 0.224 0.008 0.017 0.036 0.035 0.279 0.081 0.082 0.11 0.046 0.036 0.025 0.066 0.173 1 0.006 0.093 0.049 0.043 0.059 0 0.058 0.008 0.001 0 0.01 0.066 0.047 0.008 0.039 0.014 0.031 0.031 0.048 0.054 0.035 0.006 0.006 0.001 0.059 0.003 0.014 0.001 0.085 0.015
0.023 0.025 0.024 0.004 0.001 0.108 0.092 0.002 0.013 0.002 0.001 0.001 0.016 0.026 0.025 0.003 0.003 0.002 0.001 0.027 0.002 0.003 0.006 0.001 0.014 0.001 0.001 0.104 0.029 0.016 0.002 0.014 0.004 0 0.151 0.004 0.004 0.009 0.001 0 0.003 0.003 0 0.001 0.008 0.003 0.006 1 0.005 0.003 0.003 0.003 0.615 0.004 0.001 0 0.001 0 0.004 0.003 0 0 0 0.001 0.001 0.003 0.005 0.004 0.001 0 0 0.004 0 0 0.572 0.026 0.001
0.003 0.002 0.004 0.017 0.007 0.015 0.042 0.013 0.032 0.007 0 0.082 0.008 0.001 0.002 0.003 0.002 0.006 0.218 0 0.392 0.042 0.094 0.015 0.027 0.015 0.199 0.039 0.003 0.001 0.013 0.018 0.044 0.006 0.057 0.048 0.06 0.064 0.012 0.08 0.23 0.599 0.011 0.188 0.179 0.208 0.093 0.005 1 0.622 0.582 0.678 0.007 0.765 0.092 0.048 0.057 0.073 0.826 0.686 0.076 0.007 0.103 0.31 0.024 0.671 0.827 0.678 0.096 0.008 0.108 0.701 0.006 0.1 0.008 0.023 0.131
0.023 0.02 0.023 0.084 0.034 0.012 0.006 0.032 0.123 0.026 0.013 0.128 0.005 0.07 0.072 0.036 0.034 0.004 0.316 0.056 0.59 0.015 0.227 0.051 0.128 0.011 0.292 0.012 0.003 0.006 0.044 0.133 0.176 0.004 0.008 0.044 0.042 0.214 0.007 0.052 0.17 0.707 0.007 0.008 0.215 0.131 0.049 0.003 0.622 1 0.879 0.798 0.005 0.717 0.008 0.076 0.096 0.027 0.546 0.8 0.12 0.004 0.001 0.393 0.015 0.773 0.59 0.679 0.157 0.005 0.1 0.701 0.004 0.006 0.005 0.015 0.179
0.019 0.017 0.019 0.074 0.031 0.01 0.005 0.03 0.112 0.024 0.013 0.099 0.005 0.065 0.067 0.034 0.032 0.004 0.31 0.061 0.552 0.011 0.225 0.048 0.118 0.011 0.287 0.011 0.002 0.004 0.04 0.122 0.158 0.004 0.007 0.038 0.036 0.193 0.006 0.049 0.154 0.644 0.007 0.006 0.206 0.124 0.043 0.003 0.582 0.879 1 0.753 0.004 0.678 0.006 0.081 0.113 0.002 0.554 0.756 0.127 0.004 0.001 0.352 0.015 0.729 0.56 0.641 0.18 0.005 0.107 0.659 0.003 0.005 0.005 0.014 0.203
0.005 0.004 0.005 0.059 0.006 0.014 0.008 0.003 0.089 0.001 0.002 0.101 0.006 0.031 0.034 0.004 0.003 0.005 0.3 0.022 0.524 0.019 0.187 0.014 0.084 0.01 0.277 0.015 0.004 0.006 0.015 0.089 0.125 0.005 0.009 0.056 0.057 0.158 0.007 0.058 0.118 0.785 0.008 0.007 0.224 0.151 0.059 0.003 0.678 0.798 0.753 1 0.005 0.802 0.009 0.066 0.092 0.023 0.577 0.692 0.104 0.005 0.002 0.377 0.018 0.668 0.616 0.712 0.107 0.005 0.086 0.738 0.004 0.007 0.006 0.017 0.193
0.014 0.017 0.016 0.001 0 0.059 0.051 0.004 0.006 0.003 0.001 0.001 0.008 0.017 0.016 0.004 0.004 0.001 0.002 0.018 0.004 0 0.001 0 0.006 0.001 0.002 0.056 0.016 0.008 0.004 0.002 0 0 0.087 0.007 0.007 0 0.001 0.001 0 0.005 0.001 0.001 0.013 0.007 0 0.615 0.007 0.005 0.004 0.005 1 0.006 0.001 0 0.001 0.001 0.007 0.006 0.001 0 0.001 0.002 0.002 0.006 0.007 0.006 0.001 0.001 0.001 0.006 0 0.001 0.553 0.104 0.001
0.001 0.002 0 0.037 0.003 0.003 0 0.008 0.059 0.003 0 0.092 0.007 0.015 0.017 0.001 0 0.005 0.255 0.007 0.45 0.03 0.133 0.008 0.055 0.012 0.234 0.003 0.004 0.004 0.006 0.059 0.093 0.006 0 0.034 0.059 0.123 0.011 0.069 0.15 0.702 0.009 0.012 0.226 0.178 0.058 0.004 0.765 0.717 0.678 0.802 0.006 1 0.01 0.054 0.078 0.085 0.698 0.878 0.089 0.006 0.003 0.369 0.021 0.861 0.716 0.876 0.171 0.006 0.124 0.903 0.005 0.009 0.007 0.02 0.174
0.022 0.025 0.024 0.006 0.009 0.155 0.233 0.006 0.007 0.005 0.003 0 0.001 0.025 0.026 0.007 0.007 0.001 0.003 0.021 0.004 0.005 0.01 0.01 0.01 0.002 0.003 0.303 0.058 0.031 0.01 0.034 0.025 0.001 0.307 0.012 0.002 0.021 0.001 0.003 0.035 0.007 0.001 0.51 0.007 0.025 0.008 0.001 0.092 0.008 0.006 0.009 0.001 0.01 1 0.001 0.001 0.001 0.097 0.009 0.001 0.001 0.725 0.004 0.003 0.009 0.087 0.011 0.002 0.001 0.001 0.01 0.001 0.857 0.001 0.003 0.002
0.019 0.021 0.02 0.008 0 0.001 0.001 0.003 0.007 0.002 0.001 0.004 0 0.005 0.001 0.003 0.003 0 0.001 0.007 0.07 0.005 0.018 0.004 0.012 0.001 0.001 0.002 0 0 0.004 0.012 0.016 0 0.001 0.005 0.005 0.019 0.001 0.004 0.02 0.073 0.001 0.001 0.015 0.01 0.001 0 0.048 0.076 0.081 0.066 0 0.054 0.001 1 0.001 0 0.035 0.058 0.01 0 0.001 0 0.001 0.063 0.046 0.055 0.001 0 0.207 0.029 0 0.001 0 0.001 0.001
0.018 0.016 0.017 0.033 0.008 0.003 0.002 0.006 0.032 0.005 0.003 0.198 0.001 0.017 0.018 0.007 0.007 0.001 0.011 0.016 0.048 0.008 0.008 0.01 0.029 0.002 0.01 0.004 0.001 0.001 0.01 0.029 0.034 0.001 0.002 0.009 0.008 0.04 0.001 0.01 0.042 0.1 0.001 0.002 0.025 0.025 0 0.001 0.057 0.096 0.113 0.092 0.001 0.078 0.001 0.001 1 0.001 0.069 0.089 0.247 0.001 0.001 0.004 0.003 0.084 0.06 0.057 0.306 0.001 0 0.064 0.001 0.001 0.001 0.003 0.425
0.001 0 0 0.001 0.006 0.025 0.04 0.004 0.001 0.003 0.002 0.067 0.001 0.001 0 0.004 0.002 0 0.001 0.01 0.013 0.007 0.001 0.006 0 0.001 0.001 0.033 0 0.002 0.007 0 0.001 0 0.057 0.007 0.007 0.001 0.001 0.006 0.03 0.028 0.001 0.059 0.008 0.015 0.01 0 0.073 0.027 0.002 0.023 0.001 0.085 0.001 0 0.001 1 0.053 0.096 0.001 0 0.001 0.007 0.002 0.095 0.027 0.079 0.001 0.001 0 0.075 0 0.001 0.001 0.002 0.001
0 0 0.001 0.024 0.012 0.011 0.032 0.018 0.042 0.011 0.002 0.087 0.008 0.002 0.004 0.006 0.004 0.006 0.161 0.001 0.336 0.03 0.09 0.019 0.034 0.017 0.141 0.032 0.003 0.001 0.016 0.023 0.042 0.006 0.044 0.035 0.045 0.064 0.011 0.076 0.198 0.484 0.004 0.16 0.169 0.198 0.066 0.004 0.826 0.546 0.554 0.577 0.007 0.698 0.097 0.035 0.069 0.053 1 0.658 0.08 0.006 0.108 0.255 0.023 0.652 0.851 0.695 0.154 0.007 0.097 0.688 0.006 0.106 0.008 0.022 0.157
0.009 0.013 0.008 0.061 0.021 0.002 0 0.039 0.09 0.032 0.016 0.105 0.006 0.038 0.041 0.019 0.015 0.005 0.277 0.025 0.498 0.022 0.169 0.034 0.088 0.014 0.254 0.002 0.003 0.003 0.029 0.092 0.129 0.005 0 0.029 0.05 0.164 0.008 0.062 0.188 0.598 0.008 0.013 0.206 0.158 0.047 0.003 0.686 0.8 0.756 0.692 0.006 0.878 0.009 0.058 0.089 0.096 0.658 1 0.1 0.005 0.002 0.398 0.018 0.952 0.673 0.831 0.192 0.006 0.137 0.856 0.004 0.008 0.006 0.018 0.169
0.012 0.011 0.012 0.023 0.006 0.002 0.002 0.004 0.022 0.004 0.002 0.19 0.001 0.009 0.009 0.005 0.004 0 0.02 0.011 0.152 0.008 0.043 0.006 0.019 0.001 0.018 0.002 0 0.001 0.007 0.02 0.025 0 0.001 0.008 0.007 0.03 0.001 0.006 0.032 0.077 0.001 0.001 0.033 0.016 0.008 0 0.076 0.12 0.127 0.104 0.001 0.089 0.001 0.01 0.247 0.001 0.08 0.1 1 0.001 0.001 0.003 0.002 0.094 0.069 0.063 0.364 0.001 0 0.071 0 0.001 0.001 0.002 0.445
0.008 0.008 0.007 0.017 0.003 0.002 0.001 0.003 0.016 0.002 0.001 0.001 0.001 0.007 0.001 0.003 0.003 0 0.002 0.007 0.003 0.004 0.009 0.004 0.014 0.077 0.002 0.002 0 0.001 0.005 0.015 0.02 0 0.001 0.006 0.006 0.017 0.001 0.005 0.015 0.004 0.001 0.001 0.001 0.014 0.039 0 0.007 0.004 0.004 0.005 0 0.006 0.001 0 0.001 0 0.006 0.005 0.001 1 0.001 0.002 0.002 0.005 0.007 0.006 0.001 0 0.001 0.005 0 0.001 0.001 0.001 0.001
0.033 0.038 0.036 0.007 0.008 0.199 0.295 0.006 0.016 0.005 0.003 0 0.001 0.04 0.042 0.006 0.006 0.001 0.003 0.035 0.004 0.011 0.016 0.008 0.02 0.002 0.003 0.327 0.063 0.035 0.008 0.043 0.022 0.001 0.322 0.011 0.001 0.018 0.002 0.009 0.042 0.001 0.001 0.446 0.005 0.023 0.014 0 0.103 0.001 0.001 0.002 0.001 0.003 0.725 0.001 0.001 0.001 0.108 0.002 0.001 0.001 1 0.003 0.003 0.002 0.098 0.003 0.002 0.001 0.004 0.003 0.001 0.734 0.001 0.002 0.002
0.024 0.021 0.022 0.06 0.013 0.006 0.003 0.016 0.056 0.013 0.006 0 0.003 0.027 0.028 0.009 0.009 0.002 0.509 0.016 0.279 0.001 0.143 0.015 0.056 0.006 0.477 0.006 0.002 0.001 0.016 0.058 0.068 0.002 0.001 0.015 0.023 0.086 0.003 0.027 0.059 0.253 0.004 0.001 0.095 0.065 0.031 0.001 0.31 0.393 0.352 0.377 0.002 0.369 0.004 0 0.004 0.007 0.255 0.398 0.003 0.002 0.003 1 0.007 0.385 0.316 0.363 0.005 0.002 0.003 0.39 0.002 0.003 0.003 0.008 0.002
0.017 0.031 0.032 0.066 0.017 0.007 0.005 0.011 0.07 0.009 0.006 0.003 0.002 0.022 0.028 0.012 0.012 0.001 0.005 0.031 0.012 0.016 0.032 0.018 0.002 0.245 0.006 0.007 0.001 0.002 0.019 0.001 0 0.002 0.003 0.021 0.02 0.055 0.001 0.271 0.055 0.015 0.003 0.005 0.043 0.114 0.031 0.001 0.024 0.015 0.015 0.018 0.002 0.021 0.003 0.001 0.003 0.002 0.023 0.018 0.002 0.002 0.003 0.007 1 0.019 0.024 0.021 0.004 0.002 0.003 0.019 0.001 0.002 0.002 0.002 0.004
0.006 0.01 0.006 0.054 0.016 0.002 0 0.039 0.083 0.032 0.017 0.099 0.006 0.033 0.035 0.018 0.014 0.001 0.265 0.022 0.474 0.022 0.159 0.028 0.08 0.014 0.236 0.002 0.003 0.003 0.024 0.084 0.12 0.005 0 0.027 0.051 0.154 0.008 0.062 0.182 0.57 0.008 0.015 0.192 0.159 0.048 0.003 0.671 0.773 0.729 0.668 0.006 0.861 0.009 0.063 0.084 0.095 0.652 0.952 0.094 0.005 0.002 0.385 0.019 1 0.658 0.815 0.191 0.006 0.141 0.835 0.004 0.008 0.006 0.018 0.163
0 0 0 0.034 0.012 0.005 0.02 0.02 0.053 0.013 0.002 0.077 0.008 0.008 0.009 0.007 0.005 0.006 0.217 0.004 0.453 0.025 0.087 0.022 0.047 0.018 0.197 0.021 0.001 0 0.019 0.035 0.065 0.007 0.029 0.046 0.057 0.093 0.013 0.081 0.185 0.533 0.011 0.128 0.149 0.21 0.054 0.005 0.827 0.59 0.56 0.616 0.007 0.716 0.087 0.046 0.06 0.027 0.851 0.673 0.069 0.007 0.098 0.316 0.024 0.658 1 0.758 0.145 0.008 0.107 0.701 0.006 0.095 0.008 0.006 0.142
0.003 0.006 0.003 0.051 0.007 0.004 0 0.015 0.076 0.009 0.001 0.07 0.007 0.019 0.022 0.004 0.002 0.006 0.249 0.014 0.494 0.012 0.129 0.015 0.072 0.016 0.228 0.003 0.004 0.004 0.013 0.076 0.105 0.006 0 0.03 0.053 0.137 0.01 0.07 0.142 0.609 0.004 0.01 0.186 0.183 0.035 0.004 0.678 0.679 0.641 0.712 0.006 0.876 0.011 0.055 0.057 0.079 0.695 0.831 0.063 0.006 0.003 0.363 0.021 0.815 0.758 1 0.141 0.007 0.123 0.895 0.005 0.009 0.007 0.004 0.145
0.017 0.015 0.016 0.024 0.011 0.004 0.003 0.007 0.028 0.006 0.004 0.085 0.001 0.022 0.023 0.009 0.008 0.001 0.007 0.021 0.077 0.01 0.014 0.012 0.024 0.003 0.006 0.005 0.001 0.001 0.005 0.025 0.03 0.001 0.002 0.005 0.004 0.037 0.002 0.012 0.034 0.122 0.002 0.003 0.041 0.031 0.006 0.001 0.096 0.157 0.18 0.107 0.001 0.171 0.002 0.001 0.306 0.001 0.154 0.192 0.364 0.001 0.002 0.005 0.004 0.191 0.145 0.141 1 0.001 0.002 0.157 0.001 0.002 0.001 0.003 0.556
0.003 0.003 0.004 0.019 0.005 0 0.001 0.003 0.02 0.003 0.001 0.001 0.009 0.004 0.004 0.004 0.004 0 0.002 0.003 0.004 0.004 0.009 0.006 0.012 0.004 0.002 0 0 0.001 0.006 0.011 0.008 0.741 0.001 0.007 0.007 0.014 0.001 0.079 0.018 0.005 0.001 0.001 0.013 0.029 0.006 0 0.008 0.005 0.005 0.005 0.001 0.006 0.001 0 0.001 0.001 0.007 0.006 0.001 0 0.001 0.002 0.002 0.006 0.008 0.007 0.001 1 0.001 0.006 0 0.001 0.001 0.002 0.001
0.034 0.014 0.036 0.006 0.002 0 0.001 0.006 0.001 0.005 0.003 0.007 0.001 0 0 0 0 0.001 0.003 0 0.059 0.009 0.01 0 0.003 0.002 0.003 0 0 0 0 0.004 0.014 0.001 0.001 0.001 0.01 0.018 0.002 0.009 0.041 0.093 0.001 0.012 0.028 0.023 0.001 0 0.108 0.1 0.107 0.086 0.001 0.124 0.001 0.207 0 0 0.097 0.137 0 0.001 0.004 0.003 0.003 0.141 0.107 0.123 0.002 0.001 1 0.105 0.001 0.001 0.001 0.002 0
0.003 0.005 0.002 0.044 0.004 0.003 0 0.012 0.06 0.007 0.001 0.079 0.006 0.017 0.019 0.002 0.002 0.005 0.27 0.011 0.422 0.024 0.132 0.011 0.06 0.014 0.247 0.004 0.004 0.003 0.009 0.064 0.097 0.005 0 0.029 0.053 0.127 0.009 0.063 0.146 0.633 0.009 0.01 0.202 0.164 0.059 0.004 0.701 0.701 0.659 0.738 0.006 0.903 0.01 0.029 0.064 0.075 0.688 0.856 0.071 0.005 0.003 0.39 0.019 0.835 0.701 0.895 0.157 0.006 0.105 1 0.005 0.008 0.006 0.018 0.162
0 0 0 0 0.002 0.002 0.001 0.004 0 0.001 0.001 0.001 0 0 0 0.004 0.003 0 0.001 0 0.003 0.002 0 0.001 0 0.001 0.001 0.002 0 0 0.001 0.002 0.01 0 0.001 0.03 0.031 0.008 0.001 0.005 0.009 0.004 0.001 0.001 0.014 0.017 0.003 0 0.006 0.004 0.003 0.004 0 0.005 0.001 0 0.001 0 0.006 0.004 0 0 0.001 0.002 0.001 0.004 0.006 0.005 0.001 0 0.001 0.005 1 0.001 0 0.001 0.001
0.024 0.027 0.026 0.008 0.008 0.176 0.261 0.006 0.009 0.005 0.002 0 0.001 0.027 0.029 0.006 0.006 0.001 0.002 0.028 0.003 0.01 0.015 0.009 0.012 0.002 0.003 0.313 0.057 0.031 0.009 0.04 0.031 0.001 0.311 0.01 0.001 0.026 0.002 0.008 0.042 0.006 0.001 0.526 0.014 0.021 0.014 0 0.1 0.006 0.005 0.007 0.001 0.009 0.857 0.001 0.001 0.001 0.106 0.008 0.001 0.001 0.734 0.003 0.002 0.008 0.095 0.009 0.002 0.001 0.001 0.008 0.001 1 0.001 0.002 0.002
0.018 0.021 0.02 0.002 0 0.077 0.073 0.004 0.008 0.004 0.002 0.001 0.007 0.021 0.02 0.005 0.004 0.001 0.002 0.023 0.004 0 0.001 0 0.008 0.001 0.002 0.074 0.051 0.028 0.004 0.001 0 0 0.08 0.008 0.007 0 0.001 0.001 0 0.005 0.001 0.001 0.014 0.008 0.001 0.572 0.008 0.005 0.005 0.006 0.553 0.007 0.001 0 0.001 0.001 0.008 0.006 0.001 0.001 0.001 0.003 0.002 0.006 0.008 0.007 0.001 0.001 0.001 0.006 0 0.001 1 0.053 0.001
0.007 0.005 0.006 0.028 0.011 0.003 0.002 0.012 0.019 0.01 0.005 0.003 0.001 0.003 0.004 0.013 0.012 0.001 0.005 0.002 0 0.048 0.001 0.012 0.012 0.004 0.006 0.003 0.008 0.003 0.019 0.03 0.037 0.001 0 0.016 0.016 0.047 0.03 0.007 0.038 0.014 0 0.004 0.035 0.026 0.085 0.026 0.023 0.015 0.014 0.017 0.104 0.02 0.003 0.001 0.003 0.002 0.022 0.018 0.002 0.001 0.002 0.008 0.002 0.018 0.006 0.004 0.003 0.002 0.002 0.018 0.001 0.002 0.053 1 0.003
0.007 0.006 0.006 0.021 0.005 0.004 0.003 0.003 0.032 0.002 0 0.129 0.001 0.015 0.016 0.004 0.003 0.001 0.007 0.014 0.119 0.009 0.03 0.007 0.028 0.003 0.006 0.005 0.001 0.001 0.007 0.029 0.035 0.001 0.002 0.012 0.012 0.042 0.002 0.012 0.037 0.159 0.002 0.003 0.061 0.032 0.015 0.001 0.131 0.179 0.203 0.193 0.001 0.174 0.002 0.001 0.425 0.001 0.157 0.169 0.445 0.001 0.002 0.002 0.004 0.163 0.142 0.145 0.556 0.001 0 0.162 0.001 0.002 0.001 0.003 1
