1 0.869 0.881 0.419 0.413 0.199 0.132 0.288 0.285 0.26 0.164 0.016 0.046 0.61 0.572 0.295 0.28 0.036 0.024 0.605 0.006 0.122 0.121 0.36 0.301 0.006 0.028 0.127 0.051 0.048 0.325 0.241 0.157 0.002 0.038 0.076 0.048 0.131 0.029 0.019 0.088 0.001 0.005 0.048 0.024 0.008 0.042 0.01 0.007 0.015 0.013 0.003 0.011 0.001 0.008 0.037 0.002 0.009 0.008 0.001 0.008 0.005 0.006 0.023 0.008 0.001 0.001 0.001 0.005 0.002 0.022 0 0.004 0.007 0.009 0.004 0.007
0.869 1 0.951 0.416 0.432 0.224 0.149 0.325 0.275 0.293 0.185 0.014 0.052 0.676 0.636 0.305 0.291 0.041 0.022 0.65 0.003 0.116 0.108 0.393 0.292 0.021 0.025 0.146 0.057 0.055 0.346 0.235 0.155 0.001 0.044 0.083 0.063 0.123 0.025 0.035 0.103 0 0.009 0.042 0.029 0.005 0.035 0.019 0.007 0.014 0.012 0.002 0.021 0.001 0.01 0.043 0.001 0.01 0.008 0.002 0.007 0.005 0.008 0.028 0.022 0.001 0.002 0 0.004 0.004 0.02 0 0.003 0.009 0.018 0.003 0.005
0.881 0.951 1 0.435 0.47 0.226 0.15 0.326 0.29 0.294 0.186 0.014 0.052 0.701 0.66 0.336 0.32 0.041 0.021 0.674 0.003 0.114 0.106 0.414 0.318 0.023 0.025 0.147 0.057 0.055 0.375 0.255 0.172 0.001 0.044 0.097 0.064 0.138 0.025 0.035 0.116 0 0.009 0.058 0.036 0.005 0.034 0.012 0.011 0.014 0.012 0.002 0.014 0.002 0.01 0.043 0.001 0.01 0.013 0.001 0.007 0.004 0.008 0.023 0.022 0 0.003 0.002 0.004 0.004 0.026 0 0.003 0.009 0.012 0.003 0.005
0.419 0.416 0.435 1 0.212 0.095 0.062 0.144 0.833 0.13 0.083 0.03 0.023 0.329 0.342 0.159 0.144 0.026 0.048 0.304 0.029 0.292 0.333 0.201 0.597 0.006 0.038 0.048 0.026 0.024 0.17 0.521 0.342 0.029 0.013 0.015 0.005 0.427 0.057 0.236 0.001 0.014 0.022 0.015 0.003 0.229 0.154 0.012 0.007 0.05 0.056 0.033 0.01 0.011 0 0.016 0.002 0.001 0.011 0.03 0.013 0.014 0 0.046 0.056 0.021 0.013 0.012 0.014 0.012 0.006 0.016 0.01 0 0.005 0.016 0.013
0.413 0.432 0.47 0.212 1 0.022 0.015 0.585 0.245 0.555 0.342 0.007 0.005 0.516 0.479 0.635 0.619 0.087 0.011 0.498 0.03 0.078 0.128 0.806 0.254 0.012 0.013 0.024 0.006 0.006 0.731 0.218 0.17 0.005 0.006 0.251 0.184 0.142 0.013 0.039 0.053 0.004 0.006 0 0.072 0.043 0.035 0.001 0.005 0.033 0.031 0.004 0 0.001 0.009 0.004 0.001 0.005 0.006 0.023 0.004 0.004 0.007 0.013 0.008 0.018 0.007 0.002 0.004 0.005 0 0.001 0 0.008 0 0.003 0.005
0.199 0.224 0.226 0.095 0.022 1 0.664 0.015 0.089 0.013 0.008 0.003 0.23 0.197 0.184 0.016 0.017 0.003 0.005 0.18 0.014 0.014 0.033 0.025 0.09 0.005 0.006 0.735 0.257 0.253 0.024 0.068 0.042 0.028 0.207 0.024 0.023 0.035 0.006 0.001 0.012 0.018 0.002 0.187 0.032 0.009 0.008 0.059 0.012 0.019 0.018 0.025 0.039 0.001 0.097 0.003 0 0.077 0.016 0 0.002 0.002 0.076 0.007 0.007 0 0.008 0.001 0 0 0 0.006 0.003 0.092 0.038 0 0
0.132 0.149 0.15 0.062 0.015 0.664 1 0.01 0.077 0.009 0.005 0.002 0.002 0.16 0.15 0.011 0.011 0.002 0.003 0.142 0.01 0.016 0.031 0.016 0.075 0.004 0.004 0.556 0.386 0.382 0.016 0.052 0.031 0.002 0.315 0.016 0.015 0.027 0.004 0.017 0.053 0.012 0.001 0.297 0.015 0.039 0.008 0.075 0.04 0.013 0.012 0.016 0.051 0.001 0.156 0.002 0.001 0.122 0.049 0.003 0.001 0.002 0.122 0.003 0.005 0.002 0.031 0 0 0.002 0 0.001 0.002 0.148 0.051 0.001 0
0.288 0.325 0.326 0.144 0.585 0.015 0.01 1 0.154 0.887 0.561 0.005 0.003 0.341 0.319 0.848 0.758 0.004 0.007 0.338 0.019 0.049 0.082 0.558 0.184 0.008 0.008 0.016 0.004 0.004 0.554 0.169 0.131 0.003 0.004 0.315 0.308 0.113 0.008 0.025 0.082 0 0.004 0.01 0.133 0.113 0.039 0.003 0.006 0.027 0.026 0.001 0.004 0.002 0.006 0.004 0.001 0.004 0.006 0.031 0.002 0.004 0.005 0.019 0.004 0.033 0.007 0.003 0.002 0.003 0.005 0.003 0 0.006 0.005 0.006 0.003
0.285 0.275 0.29 0.833 0.245 0.089 0.077 0.154 1 0.139 0.094 0.026 0.027 0.392 0.398 0.172 0.157 0.03 0.039 0.355 0.1 0.287 0.455 0.225 0.691 0.009 0.03 0.063 0.03 0.028 0.192 0.615 0.427 0.034 0.02 0.021 0.009 0.529 0.049 0.275 0 0.048 0.022 0.02 0.009 0.274 0.201 0.019 0.025 0.109 0.119 0.074 0.016 0.033 0.001 0.021 0.001 0.002 0.033 0.07 0.011 0.019 0.001 0.041 0.066 0.057 0.029 0.038 0.012 0.015 0.007 0.038 0.008 0.001 0.01 0.01 0.013
0.26 0.293 0.294 0.13 0.555 0.013 0.009 0.887 0.139 1 0.633 0.004 0.003 0.307 0.287 0.757 0.698 0.003 0.006 0.305 0.017 0.046 0.074 0.5 0.166 0.007 0.007 0.014 0.003 0.004 0.496 0.152 0.118 0.002 0.004 0.263 0.256 0.102 0.007 0.021 0.065 0 0.004 0.009 0.112 0.093 0.038 0.003 0.003 0.024 0.023 0 0.004 0.001 0.006 0.004 0 0.003 0.003 0.027 0.002 0.003 0.004 0.017 0.003 0.028 0.004 0.001 0.002 0.002 0.004 0.001 0 0.005 0.004 0.007 0.002
0.164 0.185 0.186 0.083 0.342 0.008 0.005 0.561 0.094 0.633 1 0.003 0.002 0.197 0.185 0.496 0.476 0.002 0.004 0.196 0.012 0.029 0.048 0.317 0.107 0.004 0.005 0.009 0.002 0.002 0.319 0.104 0.08 0.001 0.002 0.145 0.131 0.073 0.005 0.01 0.028 0.001 0.002 0.006 0.06 0.048 0.033 0.002 0 0.016 0.016 0.001 0.002 0 0.004 0.002 0.002 0.002 0 0.02 0.001 0.002 0.003 0.011 0.002 0.021 0 0 0.002 0.001 0.003 0 0.002 0.003 0.003 0.004 0.003
0.016 0.014 0.014 0.03 0.007 0.003 0.002 0.005 0.026 0.004 0.003 1 0.001 0.007 0.007 0.005 0.006 0.001 0.002 0.007 0.203 0.011 0.048 0.008 0.023 0.002 0.002 0.003 0.001 0.001 0.003 0.024 0.03 0.001 0.001 0.008 0.008 0.035 0.002 0.007 0.045 0.1 0.001 0.002 0.03 0.018 0.01 0.001 0.084 0.147 0.11 0.105 0.001 0.099 0.001 0.001 0.146 0.072 0.07 0.12 0.133 0.001 0.001 0.002 0.002 0.089 0.081 0.085 0.098 0.001 0.011 0.079 0.001 0.001 0.001 0.002 0.138
0.046 0.052 0.052 0.023 0.005 0.23 0.002 0.003 0.027 0.003 0.002 0.001 1 0.055 0.052 0.004 0.004 0.001 0.001 0.055 0.003 0.008 0.014 0.006 0.03 0.001 0.001 0.212 0.001 0.001 0.006 0.029 0.023 0.161 0.001 0.006 0.006 0.02 0.001 0.091 0.016 0.004 0.001 0.002 0.013 0.029 0.009 0.001 0.008 0.005 0.004 0.006 0 0.007 0.001 0.001 0 0.001 0.008 0.006 0 0.001 0.001 0.003 0.002 0.006 0.008 0.007 0.001 0.011 0.001 0.006 0.001 0.001 0 0 0.001
0.61 0.676 0.701 0.329 0.516 0.197 0.16 0.341 0.392 0.307 0.197 0.007 0.055 1 0.906 0.381 0.363 0.063 0.014 0.82 0.045 0.116 0.189 0.515 0.394 0.022 0.018 0.164 0.062 0.066 0.433 0.331 0.262 0.001 0.053 0.133 0.094 0.221 0.024 0.024 0.088 0.022 0.01 0.067 0.024 0.022 0.068 0.034 0 0.06 0.064 0.025 0.034 0.003 0.014 0.011 0.001 0.02 0.001 0.02 0.006 0.008 0.014 0.017 0.017 0.016 0 0.005 0.005 0.003 0.002 0.006 0.001 0.014 0.03 0.001 0.008
0.572 0.636 0.66 0.342 0.479 0.184 0.15 0.319 0.398 0.287 0.185 0.007 0.052 0.906 1 0.357 0.339 0.059 0.016 0.79 0.049 0.124 0.203 0.484 0.38 0.005 0.019 0.152 0.058 0.062 0.427 0.303 0.236 0.001 0.049 0.122 0.085 0.225 0.026 0.015 0.073 0.017 0.01 0.062 0.016 0.021 0.063 0.032 0 0.052 0.055 0.022 0.031 0.002 0.013 0.009 0.002 0.018 0 0.016 0.006 0.006 0.012 0.011 0.018 0.014 0 0.004 0.006 0.004 0.003 0.005 0.001 0.012 0.028 0.002 0.009
0.295 0.305 0.336 0.159 0.635 0.016 0.011 0.848 0.172 0.757 0.496 0.005 0.004 0.381 0.357 1 0.849 0.004 0.008 0.378 0.023 0.056 0.093 0.599 0.207 0.009 0.009 0.017 0.004 0.004 0.595 0.191 0.15 0.003 0.005 0.366 0.261 0.129 0.009 0.023 0.091 0.001 0.004 0 0.145 0.093 0.039 0.003 0.001 0.032 0.03 0.001 0.005 0 0.007 0.005 0.002 0.004 0 0.018 0.003 0.004 0.005 0.006 0.004 0.014 0.002 0 0.004 0.003 0.002 0 0 0.006 0.005 0.008 0.004
0.28 0.291 0.32 0.144 0.619 0.017 0.011 0.758 0.157 0.698 0.476 0.006 0.004 0.363 0.339 0.849 1 0.004 0.008 0.412 0.025 0.061 0.102 0.655 0.226 0.009 0.01 0.019 0.004 0.005 0.652 0.202 0.158 0.004 0.005 0.39 0.298 0.136 0.01 0.026 0.108 0.001 0.005 0 0.15 0.106 0.045 0.004 0.001 0.031 0.029 0.001 0.005 0 0.007 0.005 0.002 0.004 0.001 0.019 0.003 0.004 0.006 0.006 0.005 0.014 0.002 0 0.005 0.004 0.002 0 0.005 0.006 0.006 0.009 0.005
0.036 0.041 0.041 0.026 0.087 0.003 0.002 0.004 0.03 0.003 0.002 0.001 0.001 0.063 0.059 0.004 0.004 1 0.001 0.062 0.004 0.009 0.015 0.105 0.034 0.001 0.001 0.003 0.001 0.001 0.106 0.033 0.027 0.001 0.001 0.006 0.006 0.023 0.002 0.007 0.017 0.004 0.001 0.002 0.014 0.008 0 0.003 0.008 0.005 0.004 0.006 0.002 0.007 0.001 0.001 0 0.001 0.008 0.006 0 0.001 0.001 0.003 0.002 0.005 0.008 0.007 0.001 0.001 0.001 0.006 0.001 0.001 0.001 0.001 0.001
0.024 0.022 0.021 0.048 0.011 0.005 0.003 0.007 0.039 0.006 0.004 0.002 0.001 0.014 0.016 0.008 0.008 0.001 1 0.02 0.338 0.017 0.083 0.012 0.037 0.003 0.854 0.005 0.001 0.001 0.012 0.035 0.038 0.001 0.001 0.012 0.012 0.049 0.003 0.009 0.064 0.249 0.001 0.003 0.042 0.025 0.02 0.001 0.131 0.186 0.24 0.179 0.001 0.155 0.002 0.001 0.001 0.001 0.124 0.16 0.001 0.001 0.002 0.35 0.003 0.177 0.129 0.153 0.001 0.001 0.002 0.166 0.001 0.002 0.002 0.002 0.002
0.605 0.65 0.674 0.304 0.498 0.18 0.142 0.338 0.355 0.305 0.196 0.007 0.055 0.82 0.79 0.378 0.412 0.062 0.02 1 0.046 0.133 0.21 0.585 0.448 0.022 0.018 0.155 0.061 0.059 0.522 0.352 0.253 0.001 0.045 0.13 0.091 0.213 0.022 0.027 0.08 0.019 0.01 0.061 0.025 0.019 0.068 0.034 0 0.055 0.056 0.022 0.034 0.003 0.011 0.013 0.006 0.016 0 0.02 0.007 0.009 0.01 0.012 0.02 0.02 0.001 0.005 0.011 0.003 0.003 0.01 0.003 0.011 0.03 0.002 0.014
0.006 0.003 0.003 0.029 0.03 0.014 0.01 0.019 0.1 0.017 0.012 0.203 0.003 0.045 0.049 0.023 0.025 0.004 0.338 0.046 1 0.042 0.226 0.036 0.107 0.008 0.393 0.016 0.004 0.004 0.029 0.101 0.121 0.004 0 0.036 0.035 0.145 0.008 0.033 0.18 0.587 0.002 0.006 0.112 0.078 0.016 0.003 0.371 0.576 0.543 0.474 0.004 0.409 0.002 0.156 0.025 0.009 0.298 0.425 0.103 0.004 0.001 0.195 0.01 0.437 0.355 0.43 0.072 0.004 0.095 0.385 0.004 0.002 0.005 0.002 0.078
0.122 0.116 0.114 0.292 0.078 0.014 0.016 0.049 0.287 0.046 0.029 0.011 0.008 0.116 0.124 0.056 0.061 0.009 0.017 0.133 0.042 1 0.495 0.087 0.238 0.019 0.02 0.038 0.009 0.01 0.081 0.266 0.098 0.01 0.01 0.003 0.003 0.125 0.143 0.081 0.033 0.036 0.053 0.024 0.013 0.04 0.113 0.004 0.031 0.004 0.003 0.007 0.001 0.016 0.01 0.011 0 0.009 0.022 0.008 0.006 0 0.011 0 0.019 0.009 0.022 0.011 0.001 0.001 0.011 0.012 0.012 0.013 0 0.048 0
0.121 0.108 0.106 0.333 0.128 0.033 0.031 0.082 0.455 0.074 0.048 0.048 0.014 0.189 0.203 0.093 0.102 0.015 0.083 0.21 0.226 0.495 1 0.147 0.41 0.032 0.097 0.064 0.015 0.016 0.13 0.433 0.242 0.017 0.01 0.004 0.004 0.302 0.074 0.135 0.027 0.145 0.034 0.034 0.025 0.122 0.028 0.008 0.083 0.24 0.233 0.182 0.005 0.124 0.014 0.034 0.009 0 0.073 0.157 0.024 0.001 0.012 0.11 0.034 0.157 0.075 0.123 0.024 0.005 0.015 0.126 0.004 0.016 0.002 0.011 0.039
0.36 0.393 0.414 0.201 0.806 0.025 0.016 0.558 0.225 0.5 0.317 0.008 0.006 0.515 0.484 0.599 0.655 0.105 0.012 0.585 0.036 0.087 0.147 1 0.284 0.013 0.014 0.027 0.006 0.007 0.857 0.239 0.183 0.007 0.007 0.283 0.214 0.155 0.014 0.051 0.054 0.008 0.007 0.001 0.079 0.05 0.045 0.001 0.011 0.045 0.043 0.009 0.005 0.005 0.011 0.007 0.003 0.006 0.01 0.034 0.004 0.005 0.007 0.012 0.01 0.028 0.014 0.006 0.006 0.007 0.004 0.004 0 0.009 0.004 0.004 0.007
0.301 0.292 0.318 0.597 0.254 0.09 0.075 0.184 0.691 0.166 0.107 0.023 0.03 0.394 0.38 0.207 0.226 0.034 0.037 0.448 0.107 0.238 0.41 0.284 1 0.041 0.044 0.074 0.034 0.031 0.299 0.802 0.605 0.036 0.023 0.045 0.026 0.518 0.028 0.153 0.001 0.071 0.017 0.025 0.002 0.24 0.153 0.007 0.033 0.141 0.134 0.082 0.002 0.053 0.002 0.023 0.009 0.003 0.03 0.089 0.01 0.016 0.002 0.056 0.003 0.086 0.046 0.059 0.019 0.016 0.013 0.061 0.007 0.002 0 0.005 0.024
0.006 0.021 0.023 0.006 0.012 0.005 0.004 0.008 0.009 0.007 0.004 0.002 0.001 0.022 0.005 0.009 0.009 0.001 0.003 0.022 0.008 0.019 0.032 0.013 0.041 1 0.003 0.006 0.001 0.001 0.013 0.042 0.052 0.001 0.002 0.013 0.013 0.005 0.003 0.07 0.029 0.001 0 0.004 0.017 0.008 0.003 0.001 0.004 0 0 0.001 0.002 0.002 0.002 0.002 0.001 0.001 0.013 0.001 0.001 0.04 0.002 0 0.193 0.001 0.004 0.002 0.001 0.001 0.002 0.001 0.002 0.002 0.002 0.003 0.002
0.028 0.025 0.025 0.038 0.013 0.006 0.004 0.008 0.03 0.007 0.005 0.002 0.001 0.018 0.019 0.009 0.01 0.001 0.854 0.018 0.393 0.02 0.097 0.014 0.044 0.003 1 0.006 0.001 0.002 0.014 0.041 0.046 0.002 0.002 0.014 0.014 0.059 0.003 0.011 0.076 0.292 0.002 0.004 0.036 0.03 0.023 0.001 0.154 0.225 0.224 0.21 0.002 0.182 0.002 0.002 0.001 0.001 0.099 0.148 0.001 0.001 0.002 0.411 0.004 0.189 0.152 0.18 0.001 0.002 0.002 0.196 0.002 0.002 0.002 0.003 0.002
0.127 0.146 0.147 0.048 0.024 0.735 0.556 0.016 0.063 0.014 0.009 0.003 0.212 0.164 0.152 0.017 0.019 0.003 0.005 0.155 0.016 0.038 0.064 0.027 0.074 0.006 0.006 1 0.236 0.233 0.026 0.113 0.079 0.025 0.216 0.026 0.005 0.069 0.006 0.001 0.038 0.019 0.002 0.387 0.033 0.012 0.028 0.054 0.045 0.021 0.02 0.026 0.035 0.003 0.31 0.003 0.002 0.07 0.046 0.001 0.002 0.003 0.24 0.008 0.008 0.002 0.031 0.004 0.002 0 0 0.012 0.003 0.309 0.034 0 0.004
0.051 0.057 0.057 0.026 0.006 0.257 0.386 0.004 0.03 0.003 0.002 0.001 0.001 0.062 0.058 0.004 0.004 0.001 0.001 0.061 0.004 0.009 0.015 0.006 0.034 0.001 0.001 0.236 1 0.933 0.006 0.013 0.01 0.001 0.019 0.006 0.006 0.008 0.001 0.006 0.016 0.005 0 0.102 0.014 0.015 0.002 0 0.012 0.005 0.005 0.007 0 0.004 0.117 0.001 0.001 0.002 0.011 0.003 0 0.001 0.16 0.003 0.002 0.003 0.005 0.004 0.001 0.001 0.001 0.003 0.001 0.093 0.001 0.003 0.001
0.048 0.055 0.055 0.024 0.006 0.253 0.382 0.004 0.028 0.004 0.002 0.001 0.001 0.066 0.062 0.004 0.005 0.001 0.001 0.059 0.004 0.01 0.016 0.007 0.031 0.001 0.002 0.233 0.933 1 0.006 0.012 0.011 0.001 0.026 0.004 0.004 0.009 0.002 0.007 0.019 0.005 0 0.106 0.015 0.013 0.003 0 0.013 0.005 0.005 0.007 0 0.003 0.108 0.001 0.001 0.005 0.011 0.002 0 0.001 0.148 0.002 0.002 0.002 0.005 0.003 0.001 0.001 0.001 0.002 0.001 0.086 0.001 0.003 0.001
0.325 0.346 0.375 0.17 0.731 0.024 0.016 0.554 0.192 0.496 0.319 0.003 0.006 0.433 0.427 0.595 0.652 0.106 0.012 0.522 0.029 0.081 0.13 0.857 0.299 0.013 0.014 0.026 0.006 0.006 1 0.269 0.21 0.007 0.007 0.326 0.252 0.18 0.014 0.052 0.076 0.005 0.007 0.001 0.103 0.064 0.044 0.002 0.008 0.038 0.036 0.006 0.003 0.003 0.01 0.007 0.003 0.006 0.009 0.028 0.004 0.006 0.007 0.008 0.009 0.027 0.011 0.004 0.006 0.007 0.004 0.004 0 0.009 0.004 0.012 0.007
0.241 0.235 0.255 0.521 0.218 0.068 0.052 0.169 0.615 0.152 0.104 0.024 0.029 0.331 0.303 0.191 0.202 0.033 0.035 0.352 0.101 0.266 0.433 0.239 0.802 0.042 0.041 0.113 0.013 0.012 0.269 1 0.759 0.035 0.036 0.062 0.064 0.659 0.045 0.15 0.014 0.079 0.02 0.086 0 0.265 0.217 0.006 0.014 0.152 0.145 0.09 0.001 0.056 0.046 0.024 0.004 0.003 0.01 0.091 0.01 0.019 0.04 0.063 0.002 0.089 0.02 0.062 0.019 0.016 0.013 0.064 0 0.048 0 0.025 0.019
0.157 0.155 0.172 0.342 0.17 0.042 0.031 0.131 0.427 0.118 0.08 0.03 0.023 0.262 0.236 0.15 0.158 0.027 0.038 0.253 0.121 0.098 0.242 0.183 0.605 0.052 0.046 0.079 0.01 0.011 0.21 0.759 1 0.028 0.02 0.24 0.246 0.837 0.057 0.107 0.066 0.091 0.017 0.069 0.009 0.407 0.217 0.001 0.026 0.167 0.158 0.11 0 0.079 0.036 0.029 0.014 0.001 0.022 0.114 0.017 0.024 0.032 0.063 0 0.109 0.037 0.087 0.024 0.012 0.018 0.087 0.023 0.039 0.002 0.027 0.035
0.002 0.001 0.001 0.029 0.005 0.028 0.002 0.003 0.034 0.002 0.001 0.001 0.161 0.001 0.001 0.003 0.004 0.001 0.001 0.001 0.004 0.01 0.017 0.007 0.036 0.001 0.002 0.025 0.001 0.001 0.007 0.035 0.028 1 0.001 0.007 0.007 0.026 0.002 0.115 0.02 0.005 0.001 0.002 0.017 0.048 0.012 0 0.01 0.006 0.006 0.007 0 0.009 0.001 0.001 0.001 0.001 0.01 0.007 0 0.001 0.001 0.004 0.002 0.007 0.01 0.009 0.001 0.314 0.001 0.008 0.001 0.001 0.001 0.001 0.001
0.038 0.044 0.044 0.013 0.006 0.207 0.315 0.004 0.02 0.004 0.002 0.001 0.001 0.053 0.049 0.005 0.005 0.001 0.001 0.045 0 0.01 0.01 0.007 0.023 0.002 0.002 0.216 0.019 0.026 0.007 0.036 0.02 0.001 1 0.007 0.007 0.025 0.002 0.007 0.04 0.005 0.001 0.134 0.01 0.016 0.012 0.184 0.018 0.006 0.005 0.007 0.133 0 0.096 0.001 0.001 0.035 0.019 0 0 0.001 0.123 0 0.002 0 0.011 0.001 0.001 0.001 0.001 0 0.001 0.101 0.12 0 0.001
0.076 0.083 0.097 0.015 0.251 0.024 0.016 0.315 0.021 0.263 0.145 0.008 0.006 0.133 0.122 0.366 0.39 0.006 0.012 0.13 0.036 0.003 0.004 0.283 0.045 0.013 0.014 0.026 0.006 0.004 0.326 0.062 0.24 0.007 0.007 1 0.825 0.205 0.014 0.055 0.319 0.033 0.078 0.001 0.234 0.28 0.03 0.005 0.043 0.037 0.035 0.044 0.007 0.031 0.011 0.007 0.003 0.006 0.038 0.027 0.004 0.006 0.008 0.008 0.01 0.023 0.046 0.031 0.006 0.007 0.004 0.024 0.092 0.009 0.008 0.004 0.008
0.048 0.063 0.064 0.005 0.184 0.023 0.015 0.308 0.009 0.256 0.131 0.008 0.006 0.094 0.085 0.261 0.298 0.006 0.012 0.091 0.035 0.003 0.004 0.214 0.026 0.013 0.014 0.005 0.006 0.004 0.252 0.064 0.246 0.007 0.007 0.825 1 0.214 0.014 0.061 0.342 0.032 0.081 0.001 0.197 0.287 0.035 0.005 0.041 0.036 0.034 0.048 0.007 0.056 0.001 0.007 0.004 0.006 0.038 0.045 0.004 0.006 0.004 0.02 0.014 0.047 0.041 0.057 0.006 0.007 0.008 0.049 0.094 0.002 0.008 0.008 0.01
0.131 0.123 0.138 0.427 0.142 0.035 0.027 0.113 0.529 0.102 0.073 0.035 0.02 0.221 0.225 0.129 0.136 0.023 0.049 0.213 0.145 0.125 0.302 0.155 0.518 0.005 0.059 0.069 0.008 0.009 0.18 0.659 0.837 0.026 0.025 0.205 0.214 1 0.065 0.216 0.043 0.095 0.014 0.063 0.001 0.496 0.269 0.003 0.033 0.177 0.167 0.119 0 0.091 0.032 0.034 0.02 0.001 0.038 0.127 0.019 0.024 0.029 0.063 0.049 0.122 0.046 0.099 0.027 0.01 0.022 0.097 0.02 0.035 0.001 0.033 0.044
0.029 0.025 0.025 0.057 0.013 0.006 0.004 0.008 0.049 0.007 0.005 0.002 0.001 0.024 0.026 0.009 0.01 0.002 0.003 0.022 0.008 0.143 0.074 0.014 0.028 0.003 0.003 0.006 0.001 0.002 0.014 0.045 0.057 0.002 0.002 0.014 0.014 0.065 1 0.011 0.025 0.004 0.002 0.004 0.017 0.028 0.033 0.001 0.01 0.003 0.003 0.001 0.002 0.009 0 0.002 0.001 0.001 0.009 0.005 0.001 0.001 0.002 0.002 0.001 0.006 0.012 0.008 0.002 0.002 0.002 0.006 0.002 0.002 0.002 0.036 0.002
0.019 0.035 0.035 0.236 0.039 0.001 0.017 0.025 0.275 0.021 0.01 0.007 0.091 0.024 0.015 0.023 0.026 0.007 0.009 0.027 0.033 0.081 0.135 0.051 0.153 0.07 0.011 0.001 0.006 0.007 0.052 0.15 0.107 0.115 0.007 0.055 0.061 0.216 0.011 1 0.174 0.031 0.007 0.017 0.112 0.343 0.089 0.001 0.068 0.036 0.034 0.047 0.003 0.054 0.007 0.008 0.005 0.006 0.079 0.045 0.004 0.006 0.008 0.019 0.235 0.047 0.067 0.055 0.007 0.07 0.008 0.047 0.007 0.01 0.005 0.005 0.01
0.088 0.103 0.116 0.001 0.053 0.012 0.053 0.082 0 0.065 0.028 0.045 0.016 0.088 0.073 0.091 0.108 0.017 0.064 0.08 0.18 0.033 0.027 0.054 0.001 0.029 0.076 0.038 0.016 0.019 0.076 0.014 0.066 0.02 0.04 0.319 0.342 0.043 0.025 0.174 1 0.151 0.035 0.101 0.354 0.009 0.096 0.001 0.218 0.137 0.127 0.085 0 0.119 0.053 0.043 0.006 0.035 0.179 0.142 0.024 0.017 0.044 0.051 0.044 0.15 0.167 0.112 0.012 0.02 0.045 0.103 0.03 0.057 0 0.021 0.011
0.001 0 0 0.014 0.004 0.018 0.012 0 0.048 0 0.001 0.1 0.004 0.022 0.017 0.001 0.001 0.004 0.249 0.019 0.587 0.036 0.145 0.008 0.071 0.001 0.292 0.019 0.005 0.005 0.005 0.079 0.091 0.005 0.005 0.033 0.032 0.095 0.004 0.031 0.151 1 0.005 0.013 0.169 0.111 0.031 0.004 0.519 0.644 0.63 0.709 0.005 0.612 0.008 0.142 0.036 0.004 0.388 0.483 0.058 0.005 0.006 0.244 0.013 0.478 0.467 0.587 0.045 0.005 0.109 0.575 0.005 0.007 0.006 0.009 0.057
0.005 0.009 0.009 0.022 0.006 0.002 0.001 0.004 0.022 0.004 0.002 0.001 0.001 0.01 0.01 0.004 0.005 0.001 0.001 0.01 0.002 0.053 0.034 0.007 0.017 0 0.002 0.002 0 0 0.007 0.02 0.017 0.001 0.001 0.078 0.081 0.014 0.002 0.007 0.035 0.005 1 0.002 0.014 0.028 0.019 0.001 0.009 0.005 0.005 0.007 0.001 0.008 0.001 0.001 0.001 0.001 0.009 0.007 0 0.001 0.001 0.004 0.002 0.007 0.01 0.008 0.001 0.001 0.001 0.007 0.001 0.001 0.001 0 0.001
0.048 0.042 0.058 0.015 0 0.187 0.297 0.01 0.02 0.009 0.006 0.002 0.002 0.067 0.062 0 0 0.002 0.003 0.061 0.006 0.024 0.034 0.001 0.025 0.004 0.004 0.387 0.102 0.106 0.001 0.086 0.069 0.002 0.134 0.001 0.001 0.063 0.004 0.017 0.101 0.013 0.002 1 0.001 0.042 0.029 0.002 0.204 0.014 0.013 0.013 0.002 0.01 0.563 0.002 0.001 0.115 0.205 0.009 0.001 0.002 0.447 0.001 0.005 0.014 0.153 0.008 0.002 0.002 0.001 0.002 0.002 0.556 0.002 0.004 0.003
0.024 0.029 0.036 0.003 0.072 0.032 0.015 0.133 0.009 0.112 0.06 0.03 0.013 0.024 0.016 0.145 0.15 0.014 0.042 0.025 0.112 0.013 0.025 0.079 0.002 0.017 0.036 0.033 0.014 0.015 0.103 0 0.009 0.017 0.01 0.234 0.197 0.001 0.017 0.112 0.354 0.169 0.014 0.001 1 0.008 0.03 0.013 0.125 0.131 0.139 0.155 0.017 0.178 0.015 0.037 0.014 0.012 0.129 0.157 0.026 0 0.012 0.053 0.042 0.134 0.105 0.171 0.014 0.017 0.024 0.151 0.037 0.017 0.019 0.016 0.022
0.008 0.005 0.005 0.229 0.043 0.009 0.039 0.113 0.274 0.093 0.048 0.018 0.029 0.022 0.021 0.093 0.106 0.008 0.025 0.019 0.078 0.04 0.122 0.05 0.24 0.008 0.03 0.012 0.015 0.013 0.064 0.265 0.407 0.048 0.016 0.28 0.287 0.496 0.028 0.343 0.009 0.111 0.028 0.042 0.008 1 0.149 0.006 0.208 0.12 0.115 0.153 0.011 0.174 0.026 0.018 0.012 0.015 0.199 0.144 0.01 0.015 0.02 0.076 0.121 0.149 0.208 0.176 0.016 0.025 0.019 0.154 0.04 0.024 0.016 0.016 0.024
0.042 0.035 0.034 0.154 0.035 0.008 0.008 0.039 0.201 0.038 0.033 0.01 0.009 0.068 0.063 0.039 0.045 0 0.02 0.068 0.016 0.113 0.028 0.045 0.153 0.003 0.023 0.028 0.002 0.003 0.044 0.217 0.217 0.012 0.012 0.03 0.035 0.269 0.033 0.089 0.096 0.031 0.019 0.029 0.03 0.149 1 0.009 0.084 0.034 0.031 0.041 0.002 0.04 0.013 0.002 0.002 0.01 0.052 0.026 0.006 0.05 0.013 0.038 0.028 0.028 0.06 0.035 0 0.011 0 0.036 0.008 0.016 0 0.074 0.001
0.01 0.019 0.012 0.012 0.001 0.059 0.075 0.003 0.019 0.003 0.002 0.001 0.001 0.034 0.032 0.003 0.004 0.003 0.001 0.034 0.003 0.004 0.008 0.001 0.007 0.001 0.001 0.054 0 0 0.002 0.006 0.001 0 0.184 0.005 0.005 0.003 0.001 0.001 0.001 0.004 0.001 0.002 0.013 0.006 0.009 1 0.007 0.004 0.004 0.006 0.731 0.006 0.001 0.001 0 0.001 0.007 0.005 0 0.001 0.001 0.003 0.001 0.005 0.008 0.006 0.001 0.001 0.001 0.006 0.001 0.001 0.596 0.002 0.001
0.007 0.007 0.011 0.007 0.005 0.012 0.04 0.006 0.025 0.003 0 0.084 0.008 0 0 0.001 0.001 0.008 0.131 0 0.371 0.031 0.083 0.011 0.033 0.004 0.154 0.045 0.012 0.013 0.008 0.014 0.026 0.01 0.018 0.043 0.041 0.033 0.01 0.068 0.218 0.519 0.009 0.204 0.125 0.208 0.084 0.007 1 0.578 0.552 0.632 0.01 0.722 0.112 0.087 0.016 0.071 0.836 0.596 0.049 0.009 0.091 0.349 0.025 0.616 0.848 0.701 0.033 0.01 0.091 0.632 0.01 0.113 0.011 0.017 0.066
0.015 0.014 0.014 0.05 0.033 0.019 0.013 0.027 0.109 0.024 0.016 0.147 0.005 0.06 0.052 0.032 0.031 0.005 0.186 0.055 0.576 0.004 0.24 0.045 0.141 0 0.225 0.021 0.005 0.005 0.038 0.152 0.167 0.006 0.006 0.037 0.036 0.177 0.003 0.036 0.137 0.644 0.005 0.014 0.131 0.12 0.034 0.004 0.578 1 0.903 0.77 0.006 0.659 0.009 0.15 0.033 0.009 0.446 0.724 0.085 0.005 0.006 0.438 0.014 0.721 0.517 0.658 0.063 0.006 0.118 0.637 0.006 0.008 0.006 0.01 0.122
0.013 0.012 0.012 0.056 0.031 0.018 0.012 0.026 0.119 0.023 0.016 0.11 0.004 0.064 0.055 0.03 0.029 0.004 0.24 0.056 0.543 0.003 0.233 0.043 0.134 0 0.224 0.02 0.005 0.005 0.036 0.145 0.158 0.006 0.005 0.035 0.034 0.167 0.003 0.034 0.127 0.63 0.005 0.013 0.139 0.115 0.031 0.004 0.552 0.903 1 0.736 0.006 0.629 0.008 0.157 0.035 0 0.461 0.744 0.089 0.005 0.006 0.405 0.014 0.686 0.492 0.628 0.067 0.005 0.124 0.604 0.005 0.007 0.006 0.01 0.128
0.003 0.002 0.002 0.033 0.004 0.025 0.016 0.001 0.074 0 0.001 0.105 0.006 0.025 0.022 0.001 0.001 0.006 0.179 0.022 0.474 0.007 0.182 0.009 0.082 0.001 0.21 0.026 0.007 0.007 0.006 0.09 0.11 0.007 0.007 0.044 0.048 0.119 0.001 0.047 0.085 0.709 0.007 0.013 0.155 0.153 0.041 0.006 0.632 0.77 0.736 1 0.007 0.745 0.011 0.118 0.027 0.006 0.509 0.6 0.066 0.006 0.008 0.39 0.019 0.596 0.575 0.729 0.044 0.007 0.091 0.7 0.007 0.01 0.008 0.013 0.093
0.011 0.021 0.014 0.01 0 0.039 0.051 0.004 0.016 0.004 0.002 0.001 0 0.034 0.031 0.005 0.005 0.002 0.001 0.034 0.004 0.001 0.005 0.005 0.002 0.002 0.002 0.035 0 0 0.003 0.001 0 0 0.133 0.007 0.007 0 0.002 0.003 0 0.005 0.001 0.002 0.017 0.011 0.002 0.731 0.01 0.006 0.006 0.007 1 0.009 0.001 0.001 0.001 0.001 0.01 0.007 0 0.001 0.001 0.004 0.002 0.007 0.01 0.009 0.001 0 0.001 0.008 0.001 0.001 0.74 0.033 0.001
0.001 0.001 0.002 0.011 0.001 0.001 0.001 0.002 0.033 0.001 0 0.099 0.007 0.003 0.002 0 0 0.007 0.155 0.003 0.409 0.016 0.124 0.005 0.053 0.002 0.182 0.003 0.004 0.003 0.003 0.056 0.079 0.009 0 0.031 0.056 0.091 0.009 0.054 0.119 0.612 0.008 0.01 0.178 0.174 0.04 0.006 0.722 0.659 0.629 0.745 0.009 1 0.013 0.093 0.056 0.083 0.696 0.808 0.058 0.007 0.009 0.427 0.021 0.832 0.74 0.947 0.089 0.008 0.098 0.869 0.008 0.011 0.009 0.015 0.136
0.008 0.01 0.01 0 0.009 0.097 0.156 0.006 0.001 0.006 0.004 0.001 0.001 0.014 0.013 0.007 0.007 0.001 0.002 0.011 0.002 0.01 0.014 0.011 0.002 0.002 0.002 0.31 0.117 0.108 0.01 0.046 0.036 0.001 0.096 0.011 0.001 0.032 0 0.007 0.053 0.008 0.001 0.563 0.015 0.026 0.013 0.001 0.112 0.009 0.008 0.011 0.001 0.013 1 0.001 0.001 0.001 0.116 0.011 0.001 0.001 0.72 0.006 0.003 0.011 0.096 0.013 0.001 0.001 0.001 0.011 0.001 0.895 0.001 0.002 0.002
0.037 0.043 0.043 0.016 0.004 0.003 0.002 0.004 0.021 0.004 0.002 0.001 0.001 0.011 0.009 0.005 0.005 0.001 0.001 0.013 0.156 0.011 0.034 0.007 0.023 0.002 0.002 0.003 0.001 0.001 0.007 0.024 0.029 0.001 0.001 0.007 0.007 0.034 0.002 0.008 0.043 0.142 0.001 0.002 0.037 0.018 0.002 0.001 0.087 0.15 0.157 0.118 0.001 0.093 0.001 1 0.002 0.001 0.08 0.118 0.005 0.001 0.001 0 0.002 0.119 0.055 0.101 0.001 0.001 0.297 0.075 0.001 0.001 0.001 0.002 0
0.002 0.001 0.001 0.002 0.001 0 0.001 0.001 0.001 0 0.002 0.146 0 0.001 0.002 0.002 0.002 0 0.001 0.006 0.025 0 0.009 0.003 0.009 0.001 0.001 0.002 0.001 0.001 0.003 0.004 0.014 0.001 0.001 0.003 0.004 0.02 0.001 0.005 0.006 0.036 0.001 0.001 0.014 0.012 0.002 0 0.016 0.033 0.035 0.027 0.001 0.056 0.001 0.002 1 0.001 0.048 0.068 0.099 0.001 0.001 0.003 0.002 0.052 0.044 0.044 0.146 0.001 0.001 0.047 0.001 0.001 0.001 0.001 0.393
0.009 0.01 0.01 0.001 0.005 0.077 0.122 0.004 0.002 0.003 0.002 0.072 0.001 0.02 0.018 0.004 0.004 0.001 0.001 0.016 0.009 0.009 0 0.006 0.003 0.001 0.001 0.07 0.002 0.005 0.006 0.003 0.001 0.001 0.035 0.006 0.006 0.001 0.001 0.006 0.035 0.004 0.001 0.115 0.012 0.015 0.01 0.001 0.071 0.009 0 0.006 0.001 0.083 0.001 0.001 0.001 1 0.073 0.1 0 0.001 0.001 0.007 0.002 0.097 0.053 0.077 0.001 0.001 0.017 0.035 0.001 0.001 0.001 0.001 0.001
0.008 0.008 0.013 0.011 0.006 0.016 0.049 0.006 0.033 0.003 0 0.07 0.008 0.001 0 0 0.001 0.008 0.124 0 0.298 0.022 0.073 0.01 0.03 0.013 0.099 0.046 0.011 0.011 0.009 0.01 0.022 0.01 0.019 0.038 0.038 0.038 0.009 0.079 0.179 0.388 0.009 0.205 0.129 0.199 0.052 0.007 0.836 0.446 0.461 0.509 0.01 0.696 0.116 0.08 0.048 0.073 1 0.613 0.051 0.008 0.094 0.256 0.024 0.629 0.841 0.691 0.078 0.01 0.084 0.636 0.009 0.117 0.011 0.017 0.119
0.001 0.002 0.001 0.03 0.023 0 0.003 0.031 0.07 0.027 0.02 0.12 0.006 0.02 0.016 0.018 0.019 0.006 0.16 0.02 0.425 0.008 0.157 0.034 0.089 0.001 0.148 0.001 0.003 0.002 0.028 0.091 0.114 0.007 0 0.027 0.045 0.127 0.005 0.045 0.142 0.483 0.007 0.009 0.157 0.144 0.026 0.005 0.596 0.724 0.744 0.6 0.007 0.808 0.011 0.118 0.068 0.1 0.613 1 0.069 0.006 0.008 0.413 0.018 0.893 0.608 0.799 0.107 0.007 0.123 0.721 0.007 0.01 0.008 0.012 0.164
0.008 0.007 0.007 0.013 0.004 0.002 0.001 0.002 0.011 0.002 0.001 0.133 0 0.006 0.006 0.003 0.003 0 0.001 0.007 0.103 0.006 0.024 0.004 0.01 0.001 0.001 0.002 0 0 0.004 0.01 0.017 0 0 0.004 0.004 0.019 0.001 0.004 0.024 0.058 0 0.001 0.026 0.01 0.006 0 0.049 0.085 0.089 0.066 0 0.058 0.001 0.005 0.099 0 0.051 0.069 1 0 0.001 0.002 0.001 0.053 0.046 0.045 0.445 0 0 0.051 0 0.001 0.001 0.001 0.391
0.005 0.005 0.004 0.014 0.004 0.002 0.002 0.004 0.019 0.003 0.002 0.001 0.001 0.008 0.006 0.004 0.004 0.001 0.001 0.009 0.004 0 0.001 0.005 0.016 0.04 0.001 0.003 0.001 0.001 0.006 0.019 0.024 0.001 0.001 0.006 0.006 0.024 0.001 0.006 0.017 0.005 0.001 0.002 0 0.015 0.05 0.001 0.009 0.005 0.005 0.006 0.001 0.007 0.001 0.001 0.001 0.001 0.008 0.006 0 1 0.001 0.003 0.002 0.006 0.009 0.007 0.001 0.001 0.001 0.006 0.001 0.001 0.001 0.001 0.001
0.006 0.008 0.008 0 0.007 0.076 0.122 0.005 0.001 0.004 0.003 0.001 0.001 0.014 0.012 0.005 0.006 0.001 0.002 0.01 0.001 0.011 0.012 0.007 0.002 0.002 0.002 0.24 0.16 0.148 0.007 0.04 0.032 0.001 0.123 0.008 0.004 0.029 0.002 0.008 0.044 0.006 0.001 0.447 0.012 0.02 0.013 0.001 0.091 0.006 0.006 0.008 0.001 0.009 0.72 0.001 0.001 0.001 0.094 0.008 0.001 0.001 1 0.003 0.002 0.008 0.075 0.009 0.001 0.001 0.001 0.008 0.001 0.682 0.001 0.002 0.001
0.023 0.028 0.023 0.046 0.013 0.007 0.003 0.019 0.041 0.017 0.011 0.002 0.003 0.017 0.011 0.006 0.006 0.003 0.35 0.012 0.195 0 0.11 0.012 0.056 0 0.411 0.008 0.003 0.002 0.008 0.063 0.063 0.004 0 0.008 0.02 0.063 0.002 0.019 0.051 0.244 0.004 0.001 0.053 0.076 0.038 0.003 0.349 0.438 0.405 0.39 0.004 0.427 0.006 0 0.003 0.007 0.256 0.413 0.002 0.003 0.003 1 0.009 0.459 0.351 0.432 0.003 0.004 0.002 0.422 0.004 0.005 0.004 0.007 0.003
0.008 0.022 0.022 0.056 0.008 0.007 0.005 0.004 0.066 0.003 0.002 0.002 0.002 0.017 0.018 0.004 0.005 0.002 0.003 0.02 0.01 0.019 0.034 0.01 0.003 0.193 0.004 0.008 0.002 0.002 0.009 0.002 0 0.002 0.002 0.01 0.014 0.049 0.001 0.235 0.044 0.013 0.002 0.005 0.042 0.121 0.028 0.001 0.025 0.014 0.014 0.019 0.002 0.021 0.003 0.002 0.002 0.002 0.024 0.018 0.001 0.002 0.002 0.009 1 0.018 0.025 0.022 0.002 0.001 0.002 0.019 0.002 0.003 0.002 0 0.003
0.001 0.001 0 0.021 0.018 0 0.002 0.033 0.057 0.028 0.021 0.089 0.006 0.016 0.014 0.014 0.014 0.005 0.177 0.02 0.437 0.009 0.157 0.028 0.086 0.001 0.189 0.002 0.003 0.002 0.027 0.089 0.109 0.007 0 0.023 0.047 0.122 0.006 0.047 0.15 0.478 0.007 0.014 0.134 0.149 0.028 0.005 0.616 0.721 0.686 0.596 0.007 0.832 0.011 0.119 0.052 0.097 0.629 0.893 0.053 0.006 0.008 0.459 0.018 1 0.628 0.823 0.104 0.007 0.124 0.765 0.007 0.01 0.008 0.013 0.143
0.001 0.002 0.003 0.013 0.007 0.008 0.031 0.007 0.029 0.004 0 0.081 0.008 0 0 0.002 0.002 0.008 0.129 0.001 0.355 0.022 0.075 0.014 0.046 0.004 0.152 0.031 0.005 0.005 0.011 0.02 0.037 0.01 0.011 0.046 0.041 0.046 0.012 0.067 0.167 0.467 0.01 0.153 0.105 0.208 0.06 0.008 0.848 0.517 0.492 0.575 0.01 0.74 0.096 0.055 0.044 0.053 0.841 0.608 0.046 0.009 0.075 0.351 0.025 0.628 1 0.754 0.075 0.01 0.09 0.652 0.01 0.096 0.011 0.01 0.112
0.001 0 0.002 0.012 0.002 0.001 0 0.003 0.038 0.001 0 0.085 0.007 0.005 0.004 0 0 0.007 0.153 0.005 0.43 0.011 0.123 0.006 0.059 0.002 0.18 0.004 0.004 0.003 0.004 0.062 0.087 0.009 0.001 0.031 0.057 0.099 0.008 0.055 0.112 0.587 0.008 0.008 0.171 0.176 0.035 0.006 0.701 0.658 0.628 0.729 0.009 0.947 0.013 0.101 0.044 0.077 0.691 0.799 0.045 0.007 0.009 0.432 0.022 0.823 0.754 1 0.075 0.008 0.106 0.869 0.008 0.012 0.01 0.008 0.121
0.005 0.004 0.004 0.014 0.004 0 0 0.002 0.012 0.002 0.002 0.098 0.001 0.005 0.006 0.004 0.005 0.001 0.001 0.011 0.072 0.001 0.024 0.006 0.019 0.001 0.001 0.002 0.001 0.001 0.006 0.019 0.024 0.001 0.001 0.006 0.006 0.027 0.002 0.007 0.012 0.045 0.001 0.002 0.014 0.016 0 0.001 0.033 0.063 0.067 0.044 0.001 0.089 0.001 0.001 0.146 0.001 0.078 0.107 0.445 0.001 0.001 0.003 0.002 0.104 0.075 0.075 1 0.001 0.001 0.082 0.001 0.001 0.001 0.001 0.4
0.002 0.004 0.004 0.012 0.005 0 0.002 0.003 0.015 0.002 0.001 0.001 0.011 0.003 0.004 0.003 0.004 0.001 0.001 0.003 0.004 0.001 0.005 0.007 0.016 0.001 0.002 0 0.001 0.001 0.007 0.016 0.012 0.314 0.001 0.007 0.007 0.01 0.002 0.07 0.02 0.005 0.001 0.002 0.017 0.025 0.011 0.001 0.01 0.006 0.005 0.007 0 0.008 0.001 0.001 0.001 0.001 0.01 0.007 0 0.001 0.001 0.004 0.001 0.007 0.01 0.008 0.001 1 0.001 0.007 0.001 0.001 0.001 0.001 0.001
0.022 0.02 0.026 0.006 0 0 0 0.005 0.007 0.004 0.003 0.011 0.001 0.002 0.003 0.002 0.002 0.001 0.002 0.003 0.095 0.011 0.015 0.004 0.013 0.002 0.002 0 0.001 0.001 0.004 0.013 0.018 0.001 0.001 0.004 0.008 0.022 0.002 0.008 0.045 0.109 0.001 0.001 0.024 0.019 0 0.001 0.091 0.118 0.124 0.091 0.001 0.098 0.001 0.297 0.001 0.017 0.084 0.123 0 0.001 0.001 0.002 0.002 0.124 0.09 0.106 0.001 0.001 1 0.085 0.001 0.001 0.001 0.002 0
0 0 0 0.016 0.001 0.006 0.001 0.003 0.038 0.001 0 0.079 0.006 0.006 0.005 0 0 0.006 0.166 0.01 0.385 0.012 0.126 0.004 0.061 0.001 0.196 0.012 0.003 0.002 0.004 0.064 0.087 0.008 0 0.024 0.049 0.097 0.006 0.047 0.103 0.575 0.007 0.002 0.151 0.154 0.036 0.006 0.632 0.637 0.604 0.7 0.008 0.869 0.011 0.075 0.047 0.035 0.636 0.721 0.051 0.006 0.008 0.422 0.019 0.765 0.652 0.869 0.082 0.007 0.085 1 0.007 0.01 0.008 0.013 0.139
0.004 0.003 0.003 0.01 0 0.003 0.002 0 0.008 0 0.002 0.001 0.001 0.001 0.001 0 0.005 0.001 0.001 0.003 0.004 0.012 0.004 0 0.007 0.002 0.002 0.003 0.001 0.001 0 0 0.023 0.001 0.001 0.092 0.094 0.02 0.002 0.007 0.03 0.005 0.001 0.002 0.037 0.04 0.008 0.001 0.01 0.006 0.005 0.007 0.001 0.008 0.001 0.001 0.001 0.001 0.009 0.007 0 0.001 0.001 0.004 0.002 0.007 0.01 0.008 0.001 0.001 0.001 0.007 1 0.001 0.001 0.001 0.001
0.007 0.009 0.009 0 0.008 0.092 0.148 0.006 0.001 0.005 0.003 0.001 0.001 0.014 0.012 0.006 0.006 0.001 0.002 0.011 0.002 0.013 0.016 0.009 0.002 0.002 0.002 0.309 0.093 0.086 0.009 0.048 0.039 0.001 0.101 0.009 0.002 0.035 0.002 0.01 0.057 0.007 0.001 0.556 0.017 0.024 0.016 0.001 0.113 0.008 0.007 0.01 0.001 0.011 0.895 0.001 0.001 0.001 0.117 0.01 0.001 0.001 0.682 0.005 0.003 0.01 0.096 0.012 0.001 0.001 0.001 0.01 0.001 1 0.001 0.002 0.002
0.009 0.018 0.012 0.005 0 0.038 0.051 0.005 0.01 0.004 0.003 0.001 0 0.03 0.028 0.005 0.006 0.001 0.002 0.03 0.005 0 0.002 0.004 0 0.002 0.002 0.034 0.001 0.001 0.004 0 0.002 0.001 0.12 0.008 0.008 0.001 0.002 0.005 0 0.006 0.001 0.002 0.019 0.016 0 0.596 0.011 0.006 0.006 0.008 0.74 0.009 0.001 0.001 0.001 0.001 0.011 0.008 0.001 0.001 0.001 0.004 0.002 0.008 0.011 0.01 0.001 0.001 0.001 0.008 0.001 0.001 1 0.052 0.001
0.004 0.003 0.003 0.016 0.003 0 0.001 0.006 0.01 0.007 0.004 0.002 0 0.001 0.002 0.008 0.009 0.001 0.002 0.002 0.002 0.048 0.011 0.004 0.005 0.003 0.003 0 0.003 0.003 0.012 0.025 0.027 0.001 0 0.004 0.008 0.033 0.036 0.005 0.021 0.009 0 0.004 0.016 0.016 0.074 0.002 0.017 0.01 0.01 0.013 0.033 0.015 0.002 0.002 0.001 0.001 0.017 0.012 0.001 0.001 0.002 0.007 0 0.013 0.01 0.008 0.001 0.001 0.002 0.013 0.001 0.002 0.052 1 0.002
0.007 0.005 0.005 0.013 0.005 0 0 0.003 0.013 0.002 0.003 0.138 0.001 0.008 0.009 0.004 0.005 0.001 0.002 0.014 0.078 0 0.039 0.007 0.024 0.002 0.002 0.004 0.001 0.001 0.007 0.019 0.035 0.001 0.001 0.008 0.01 0.044 0.002 0.01 0.011 0.057 0.001 0.003 0.022 0.024 0.001 0.001 0.066 0.122 0.128 0.093 0.001 0.136 0.002 0 0.393 0.001 0.119 0.164 0.391 0.001 0.001 0.003 0.003 0.143 0.112 0.121 0.4 0.001 0 0.139 0.001 0.002 0.001 0.002 1
