1 0.855 0.838 0.401 0.373 0.153 0.118 0.282 0.235 0.258 0.107 0.03 0.024 0.481 0.488 0.256 0.25 0.056 0.029 0.527 0.003 0.1 0.091 0.367 0.258 0.008 0.032 0.116 0.04 0.033 0.316 0.207 0.122 0 0.03 0.047 0.036 0.104 0.018 0.021 0.047 0 0.002 0.069 0.024 0.002 0.073 0.028 0.017 0.007 0.006 0 0.021 0.006 0.011 0.028 0.013 0.005 0.012 0 0.016 0.005 0.007 0.016 0.011 0 0.009 0.006 0.002 0 0.024 0.004 0.003 0.009 0.014 0.018 0.003
0.855 1 0.941 0.401 0.41 0.178 0.138 0.329 0.226 0.301 0.125 0.025 0.028 0.546 0.543 0.275 0.271 0.067 0.024 0.589 0.001 0.097 0.078 0.403 0.254 0.019 0.028 0.135 0.043 0.036 0.342 0.199 0.111 0.002 0.037 0.045 0.04 0.088 0.015 0.043 0.058 0.002 0.007 0.061 0.03 0 0.066 0.034 0.023 0.003 0.003 0.002 0.026 0.009 0.011 0.035 0.01 0.006 0.016 0 0.014 0.005 0.007 0.015 0.023 0.001 0.016 0.01 0.001 0.007 0.027 0.007 0.002 0.01 0.018 0.014 0.001
0.838 0.941 1 0.4 0.431 0.17 0.132 0.314 0.227 0.287 0.119 0.027 0.027 0.555 0.551 0.287 0.293 0.064 0.026 0.602 0.001 0.085 0.076 0.424 0.281 0.02 0.029 0.128 0.041 0.034 0.359 0.221 0.126 0.002 0.035 0.052 0.039 0.101 0.016 0.034 0.059 0.001 0.008 0.074 0.032 0 0.072 0.032 0.024 0.004 0.004 0.001 0.024 0.01 0.01 0.033 0.011 0.005 0.017 0 0.014 0.004 0.006 0.013 0.024 0.002 0.015 0.011 0.001 0.007 0.029 0.009 0.003 0.009 0.017 0.016 0.002
0.401 0.401 0.4 1 0.218 0.063 0.047 0.14 0.766 0.128 0.053 0.06 0.016 0.272 0.283 0.16 0.161 0.04 0.058 0.316 0.039 0.247 0.319 0.227 0.642 0.003 0.062 0.039 0.018 0.013 0.18 0.542 0.335 0.02 0.006 0.001 0 0.392 0.036 0.213 0.007 0.015 0.02 0.026 0.01 0.166 0.199 0.013 0.003 0.044 0.044 0.017 0.007 0.005 0.001 0.008 0.019 0 0.003 0.02 0.032 0.015 0.004 0.024 0.059 0.011 0.004 0.005 0.006 0.019 0.004 0.008 0.008 0 0.002 0.025 0.015
0.373 0.41 0.431 0.218 1 0.015 0.012 0.504 0.264 0.479 0.18 0.015 0.003 0.53 0.497 0.586 0.598 0.121 0.014 0.55 0.042 0.069 0.142 0.746 0.26 0.011 0.016 0.017 0.004 0.005 0.634 0.209 0.154 0.003 0.008 0.144 0.115 0.127 0.009 0.024 0.011 0.002 0.006 0.001 0.034 0.024 0.047 0.015 0.009 0.029 0.027 0.002 0.014 0 0.007 0.002 0.007 0.006 0.005 0.024 0.008 0.005 0.008 0.012 0.013 0.014 0.003 0 0.006 0.004 0 0 0 0.007 0.009 0.012 0.005
0.153 0.178 0.17 0.063 0.015 1 0.775 0.009 0.082 0.008 0.003 0.005 0.169 0.167 0.159 0.01 0.01 0.003 0.004 0.173 0.014 0.012 0.032 0.015 0.082 0.003 0.005 0.779 0.246 0.224 0.016 0.071 0.039 0 0.222 0.014 0.013 0.03 0.003 0 0.014 0.016 0.002 0.304 0.022 0.008 0.013 0.025 0.032 0.015 0.015 0.019 0.016 0 0.098 0.003 0.001 0.082 0.01 0 0.002 0.002 0.081 0.003 0.004 0 0.005 0.001 0.001 0.001 0.003 0.001 0.002 0.109 0.015 0 0.001
0.118 0.138 0.132 0.047 0.012 0.775 1 0.007 0.067 0.006 0.003 0.004 0.001 0.136 0.129 0.008 0.008 0.002 0.003 0.137 0.011 0.01 0.025 0.012 0.065 0.003 0.004 0.609 0.318 0.291 0.012 0.054 0.028 0.001 0.291 0.011 0.01 0.022 0.002 0.012 0.035 0.013 0.001 0.401 0.015 0.026 0.009 0.015 0.055 0.012 0.012 0.015 0.009 0.001 0.131 0.002 0 0.109 0.021 0.002 0.002 0.001 0.109 0.002 0.003 0.002 0.012 0 0 0.001 0.002 0 0.001 0.144 0.01 0.001 0
0.282 0.329 0.314 0.14 0.504 0.009 0.007 1 0.143 0.915 0.38 0.008 0.002 0.316 0.3 0.796 0.748 0.005 0.008 0.353 0.023 0.039 0.079 0.552 0.182 0.006 0.009 0.01 0.002 0.003 0.494 0.149 0.099 0.001 0.004 0.214 0.23 0.093 0.005 0.019 0.035 0 0.004 0.008 0.102 0.071 0.038 0.003 0.007 0.028 0.029 0 0.004 0 0.004 0.006 0.005 0.003 0.001 0.034 0.004 0.003 0.005 0.015 0.007 0.034 0.001 0 0.004 0.002 0.008 0 0 0.004 0.004 0.01 0.005
0.235 0.226 0.227 0.766 0.264 0.082 0.067 0.143 1 0.129 0.061 0.052 0.018 0.349 0.338 0.166 0.167 0.046 0.036 0.37 0.135 0.221 0.452 0.249 0.736 0.005 0.04 0.058 0.02 0.015 0.203 0.644 0.419 0.024 0.012 0.004 0.001 0.496 0.032 0.246 0.02 0.05 0.022 0.032 0.021 0.203 0.228 0.022 0.022 0.107 0.108 0.054 0.013 0.027 0.002 0.02 0.015 0 0.023 0.063 0.028 0.02 0.006 0.02 0.069 0.047 0.024 0.029 0.014 0.022 0.015 0.03 0.007 0.001 0.006 0.017 0.026
0.258 0.301 0.287 0.128 0.479 0.008 0.006 0.915 0.129 1 0.415 0.008 0.002 0.289 0.274 0.723 0.698 0.004 0.007 0.322 0.021 0.036 0.072 0.504 0.166 0.006 0.008 0.009 0.002 0.002 0.448 0.135 0.088 0.001 0.004 0.179 0.193 0.084 0.005 0.017 0.027 0.001 0.003 0.008 0.087 0.057 0.037 0.002 0.005 0.026 0.026 0 0.003 0 0.004 0.005 0.004 0.003 0 0.031 0.004 0.003 0.004 0.014 0.006 0.03 0 0 0.004 0.001 0.007 0 0 0.003 0.004 0.009 0.005
0.107 0.125 0.119 0.053 0.18 0.003 0.003 0.38 0.061 0.415 1 0.003 0.001 0.123 0.117 0.284 0.317 0.002 0.003 0.137 0.01 0.015 0.031 0.208 0.071 0.002 0.003 0.004 0.001 0.001 0.198 0.067 0.039 0 0.002 0.056 0.06 0.043 0.002 0.003 0.005 0.003 0.001 0.003 0.027 0.016 0.02 0.001 0.002 0.012 0.012 0.004 0.001 0.002 0.002 0.002 0.003 0.001 0.001 0.014 0.002 0.001 0.002 0.006 0.003 0.014 0.001 0.002 0.002 0 0.003 0.002 0.001 0.001 0.002 0.004 0.003
0.03 0.025 0.027 0.06 0.015 0.005 0.004 0.008 0.052 0.008 0.003 1 0.001 0.014 0.011 0.01 0.01 0.003 0.004 0.018 0.247 0.021 0.076 0.015 0.044 0.003 0.005 0.005 0.001 0.001 0.014 0.039 0.053 0.001 0 0.015 0.014 0.063 0.003 0.015 0.081 0.154 0.002 0.001 0.068 0.035 0.007 0.001 0.133 0.195 0.169 0.146 0.002 0.109 0 0.027 0.339 0.068 0.107 0.132 0.498 0.003 0 0.002 0.004 0.107 0.093 0.089 0.129 0.002 0.027 0.097 0.001 0 0.002 0.005 0.257
0.024 0.028 0.027 0.016 0.003 0.169 0.001 0.002 0.018 0.002 0.001 0.001 1 0.028 0.026 0.002 0.002 0.001 0.001 0.031 0.003 0.004 0.009 0.003 0.021 0.001 0.001 0.15 0 0 0.003 0.02 0.015 0.01 0 0.003 0.003 0.011 0.001 0.051 0.01 0.003 0 0.001 0.007 0.018 0.006 0.011 0.004 0.003 0.003 0.003 0.007 0.004 0 0.001 0.001 0 0.004 0.003 0.001 0 0.001 0.001 0.001 0.003 0.004 0.004 0.001 0 0.001 0.003 0 0 0.005 0.001 0.001
0.481 0.546 0.555 0.272 0.53 0.167 0.136 0.316 0.349 0.289 0.123 0.014 0.028 1 0.901 0.37 0.375 0.094 0.018 0.816 0.057 0.103 0.202 0.538 0.373 0.009 0.022 0.17 0.046 0.055 0.44 0.33 0.229 0.002 0.064 0.068 0.053 0.212 0.016 0.023 0.024 0.016 0.01 0.109 0.012 0.006 0.08 0.043 0.001 0.057 0.058 0.018 0.033 0.002 0.031 0.009 0.012 0.009 0.001 0.025 0.006 0.002 0.045 0.008 0.022 0.016 0 0.003 0.011 0.006 0.004 0.002 0.001 0.029 0.024 0.014 0.011
0.488 0.543 0.551 0.283 0.497 0.159 0.129 0.3 0.338 0.274 0.117 0.011 0.026 0.901 1 0.351 0.355 0.089 0.02 0.786 0.054 0.104 0.202 0.518 0.365 0.007 0.023 0.161 0.043 0.052 0.433 0.326 0.226 0.002 0.075 0.065 0.051 0.21 0.017 0.022 0.022 0.019 0.009 0.115 0.008 0.006 0.075 0.041 0.001 0.062 0.063 0.021 0.031 0.003 0.038 0.003 0.013 0.008 0 0.028 0.007 0.001 0.052 0.009 0.022 0.019 0 0.004 0.012 0.003 0.005 0.003 0.001 0.037 0.022 0.015 0.012
0.256 0.275 0.287 0.16 0.586 0.01 0.008 0.796 0.166 0.723 0.284 0.01 0.002 0.37 0.351 1 0.883 0.005 0.009 0.413 0.029 0.044 0.094 0.531 0.214 0.007 0.01 0.011 0.003 0.003 0.475 0.179 0.121 0.001 0.005 0.212 0.167 0.113 0.006 0.006 0.028 0 0.004 0 0.089 0.068 0.026 0.003 0.003 0.035 0.036 0 0.004 0 0.005 0.007 0.008 0.004 0 0.028 0.005 0.004 0.005 0.005 0.008 0.019 0 0 0.007 0.002 0.006 0.001 0 0.004 0.005 0.011 0.008
0.25 0.271 0.293 0.161 0.598 0.01 0.008 0.748 0.167 0.698 0.317 0.01 0.002 0.375 0.355 0.883 1 0.006 0.01 0.432 0.03 0.047 0.098 0.561 0.224 0.008 0.011 0.012 0.003 0.003 0.503 0.184 0.125 0.001 0.005 0.228 0.184 0.116 0.006 0.007 0.033 0 0.004 0 0.091 0.074 0.028 0.003 0.003 0.035 0.035 0.001 0.004 0 0.005 0.007 0.008 0.004 0 0.028 0.005 0.004 0.006 0.004 0.008 0.019 0 0 0.008 0.002 0.006 0.001 0.003 0.004 0.005 0.012 0.009
0.056 0.067 0.064 0.04 0.121 0.003 0.002 0.005 0.046 0.004 0.002 0.003 0.001 0.094 0.089 0.005 0.006 1 0.002 0.105 0.008 0.011 0.023 0.153 0.047 0.002 0.003 0.003 0.001 0.001 0.146 0.044 0.04 0.001 0.001 0.005 0.005 0.034 0.002 0.009 0.03 0.01 0 0.002 0.023 0.009 0.012 0.135 0.014 0.009 0.006 0.008 0.095 0.009 0.001 0.002 0 0.001 0.011 0.008 0.001 0.001 0.001 0.004 0.002 0.004 0.011 0.009 0 0.001 0.002 0.008 0.001 0.001 0.075 0.003 0
0.029 0.024 0.026 0.058 0.014 0.004 0.003 0.008 0.036 0.007 0.003 0.004 0.001 0.018 0.02 0.009 0.01 0.002 1 0.022 0.317 0.02 0.098 0.014 0.043 0.003 0.88 0.005 0.001 0.001 0.015 0.045 0.057 0.001 0.002 0.015 0.014 0.069 0.003 0.014 0.064 0.215 0.002 0.004 0.041 0.034 0.018 0.001 0.144 0.227 0.221 0.181 0.002 0.16 0.002 0.003 0.001 0.002 0.127 0.162 0.002 0.002 0.002 0.448 0.004 0.154 0.141 0.162 0 0.002 0.004 0.156 0.001 0.002 0.002 0.005 0.001
0.527 0.589 0.602 0.316 0.55 0.173 0.137 0.353 0.37 0.322 0.137 0.018 0.031 0.816 0.786 0.413 0.432 0.105 0.022 1 0.056 0.103 0.2 0.618 0.45 0.018 0.017 0.139 0.051 0.043 0.523 0.361 0.239 0.002 0.032 0.073 0.057 0.207 0.013 0.018 0.016 0.017 0.01 0.08 0.007 0.01 0.077 0.051 0 0.065 0.066 0.02 0.04 0.003 0.01 0.016 0.015 0.011 0.001 0.031 0.012 0.009 0.02 0.004 0.021 0.026 0.002 0.005 0.014 0.005 0.015 0.003 0.002 0.013 0.03 0.012 0.013
0.003 0.001 0.001 0.039 0.042 0.014 0.011 0.023 0.135 0.021 0.01 0.247 0.003 0.057 0.054 0.029 0.03 0.008 0.317 0.056 1 0.06 0.306 0.044 0.129 0.01 0.36 0.015 0.004 0.004 0.045 0.129 0.17 0.004 0.001 0.048 0.045 0.203 0.008 0.045 0.215 0.601 0.003 0.006 0.185 0.103 0.029 0.004 0.475 0.707 0.655 0.552 0.006 0.449 0.001 0.139 0.066 0.015 0.392 0.516 0.155 0 0.002 0.216 0.012 0.458 0.418 0.464 0.072 0.005 0.129 0.434 0.004 0.001 0.007 0.014 0.124
0.1 0.097 0.085 0.247 0.069 0.012 0.01 0.039 0.221 0.036 0.015 0.021 0.004 0.103 0.104 0.044 0.047 0.011 0.02 0.103 0.06 1 0.373 0.068 0.183 0.016 0.022 0.023 0.005 0.007 0.041 0.156 0.018 0.005 0.01 0.059 0.057 0.027 0.072 0.048 0.004 0.073 0.076 0.019 0.006 0.001 0.157 0.005 0.084 0.047 0.036 0.05 0 0.057 0.007 0.014 0.002 0.008 0.064 0.041 0.011 0.001 0.009 0.02 0.017 0.041 0.064 0.052 0.002 0.002 0.013 0.048 0.021 0.007 0.002 0.044 0.002
0.091 0.078 0.076 0.319 0.142 0.032 0.025 0.079 0.452 0.072 0.031 0.076 0.009 0.202 0.202 0.094 0.098 0.023 0.098 0.2 0.306 0.373 1 0.143 0.405 0.033 0.112 0.049 0.012 0.014 0.109 0.368 0.176 0.012 0.011 0.003 0.003 0.222 0.016 0.122 0.123 0.163 0.041 0.029 0.092 0.069 0.031 0.012 0.103 0.25 0.25 0.174 0.004 0.121 0.008 0.034 0.031 0.001 0.093 0.175 0.055 0.001 0.01 0.072 0.037 0.148 0.096 0.123 0.036 0.009 0.032 0.121 0.006 0.007 0.001 0.005 0.061
0.367 0.403 0.424 0.227 0.746 0.015 0.012 0.552 0.249 0.504 0.208 0.015 0.003 0.538 0.518 0.531 0.561 0.153 0.014 0.618 0.044 0.068 0.143 1 0.308 0.011 0.016 0.017 0.004 0.005 0.847 0.247 0.169 0.004 0.008 0.161 0.131 0.152 0.009 0.041 0.007 0.006 0.006 0.001 0.041 0.022 0.067 0.026 0.016 0.051 0.052 0.008 0.024 0.004 0.007 0.01 0.012 0.006 0.007 0.046 0.008 0.005 0 0.003 0.013 0.033 0.009 0.004 0.011 0.005 0.01 0.002 0 0.006 0.016 0.012 0.009
0.258 0.254 0.281 0.642 0.26 0.082 0.065 0.182 0.736 0.166 0.071 0.044 0.021 0.373 0.365 0.214 0.224 0.047 0.043 0.45 0.129 0.183 0.405 0.308 1 0.034 0.049 0.072 0.026 0.02 0.271 0.833 0.587 0.015 0.016 0.011 0.007 0.506 0.026 0.172 0.015 0.066 0.015 0.042 0.016 0.184 0.188 0.021 0.027 0.133 0.135 0.067 0.01 0.041 0.005 0.029 0.022 0.001 0.026 0.086 0.024 0.017 0.01 0.021 0.004 0.07 0.035 0.044 0.02 0.016 0.033 0.046 0.005 0.003 0.004 0.013 0.034
0.008 0.019 0.02 0.003 0.011 0.003 0.003 0.006 0.005 0.006 0.002 0.003 0.001 0.009 0.007 0.007 0.008 0.002 0.003 0.018 0.01 0.016 0.033 0.011 0.034 1 0.004 0.004 0.001 0.001 0.012 0.036 0.048 0.004 0.002 0.012 0.012 0.006 0.002 0.058 0.037 0.013 0.001 0.003 0.02 0.013 0.004 0.001 0.018 0.011 0.011 0.014 0.001 0.016 0.002 0.002 0.003 0.001 0.018 0.013 0.002 0.091 0.002 0.005 0.202 0.013 0.018 0.016 0.003 0.002 0.003 0.014 0.001 0.001 0.002 0.004 0.003
0.032 0.028 0.029 0.062 0.016 0.005 0.004 0.009 0.04 0.008 0.003 0.005 0.001 0.022 0.023 0.01 0.011 0.003 0.88 0.017 0.36 0.022 0.112 0.016 0.049 0.004 1 0.006 0.001 0.002 0.017 0.052 0.065 0.001 0.003 0.017 0.016 0.079 0.003 0.016 0.074 0.248 0.002 0.005 0.048 0.039 0.022 0.001 0.166 0.263 0.247 0.209 0.002 0.185 0.002 0.003 0.001 0.002 0.124 0.184 0.003 0.002 0.003 0.521 0.005 0.159 0.164 0.188 0.001 0.002 0.005 0.183 0.002 0.002 0.002 0.006 0.001
0.116 0.135 0.128 0.039 0.017 0.779 0.609 0.01 0.058 0.009 0.004 0.005 0.15 0.17 0.161 0.011 0.012 0.003 0.005 0.139 0.015 0.023 0.049 0.017 0.072 0.004 0.006 1 0.232 0.211 0.018 0.095 0.061 0 0.363 0.016 0.011 0.05 0.003 0 0.03 0.018 0.002 0.488 0.011 0.012 0.025 0.022 0.062 0.017 0.017 0.021 0.013 0.002 0.285 0.003 0.004 0.071 0.025 0 0.003 0.002 0.22 0.004 0.005 0 0.015 0.004 0.004 0.001 0.003 0.004 0.002 0.274 0.013 0 0.004
0.04 0.043 0.041 0.018 0.004 0.246 0.318 0.002 0.02 0.002 0.001 0.001 0 0.046 0.043 0.003 0.003 0.001 0.001 0.051 0.004 0.005 0.012 0.004 0.026 0.001 0.001 0.232 1 0.835 0.004 0.015 0.01 0 0.022 0.004 0.004 0.008 0.001 0.004 0.012 0.005 0.001 0.175 0.011 0.01 0.005 0 0.026 0.004 0.004 0.005 0 0.005 0.148 0.001 0.001 0 0.007 0.005 0.001 0 0.134 0.002 0.001 0.004 0.002 0.005 0.001 0 0.001 0.005 0 0.156 0 0.001 0.001
0.033 0.036 0.034 0.013 0.005 0.224 0.291 0.003 0.015 0.002 0.001 0.001 0 0.055 0.052 0.003 0.003 0.001 0.001 0.043 0.004 0.007 0.014 0.005 0.02 0.001 0.002 0.211 0.835 1 0.005 0.011 0.014 0 0.027 0.001 0.001 0.011 0.001 0.005 0.016 0.006 0.001 0.163 0.013 0.005 0.007 0 0.021 0.005 0.005 0.007 0 0.005 0.122 0.001 0.001 0.001 0.006 0.004 0.001 0.001 0.11 0.001 0.001 0.004 0.002 0.004 0.001 0.001 0.001 0.004 0 0.128 0 0.001 0.001
0.316 0.342 0.359 0.18 0.634 0.016 0.012 0.494 0.203 0.448 0.198 0.014 0.003 0.44 0.433 0.475 0.503 0.146 0.015 0.523 0.045 0.041 0.109 0.847 0.271 0.012 0.017 0.018 0.004 0.005 1 0.291 0.211 0.005 0.008 0.227 0.193 0.191 0.009 0.044 0.017 0.007 0.006 0.001 0.056 0.04 0.067 0.016 0.018 0.053 0.054 0.01 0.008 0.005 0.008 0.011 0.012 0.006 0.009 0.049 0.008 0.006 0.001 0.004 0.013 0.035 0.011 0.005 0.011 0.006 0.011 0.003 0 0.007 0.004 0.018 0.01
0.207 0.199 0.221 0.542 0.209 0.071 0.054 0.149 0.644 0.135 0.067 0.039 0.02 0.33 0.326 0.179 0.184 0.044 0.045 0.361 0.129 0.156 0.368 0.247 0.833 0.036 0.052 0.095 0.015 0.011 0.291 1 0.709 0.014 0.05 0.027 0.024 0.616 0.029 0.159 0.002 0.075 0.02 0.088 0.006 0.214 0.215 0.019 0.017 0.145 0.147 0.077 0.007 0.048 0.04 0.031 0.023 0.001 0.016 0.096 0.025 0.02 0.045 0.025 0.003 0.078 0.023 0.051 0.022 0.014 0.036 0.053 0 0.037 0.002 0.018 0.035
0.122 0.111 0.126 0.335 0.154 0.039 0.028 0.099 0.419 0.088 0.039 0.053 0.015 0.229 0.226 0.121 0.125 0.04 0.057 0.239 0.17 0.018 0.176 0.169 0.587 0.048 0.065 0.061 0.01 0.014 0.211 0.709 1 0.01 0.033 0.22 0.22 0.83 0.038 0.103 0.008 0.12 0.016 0.066 0 0.367 0.201 0.01 0.048 0.189 0.165 0.106 0.002 0.075 0.03 0.042 0.016 0 0.035 0.115 0.034 0.026 0.032 0.036 0 0.098 0.046 0.078 0.013 0.009 0.05 0.08 0.015 0.027 0 0.011 0.027
0 0.002 0.002 0.02 0.003 0 0.001 0.001 0.024 0.001 0 0.001 0.01 0.002 0.002 0.001 0.001 0.001 0.001 0.002 0.004 0.005 0.012 0.004 0.015 0.004 0.001 0 0 0 0.005 0.014 0.01 1 0.001 0.005 0.005 0.016 0 0.084 0.017 0.005 0.001 0.001 0.012 0.034 0.008 0 0.008 0.005 0.005 0.006 0 0.007 0.001 0.001 0.001 0.001 0.008 0.006 0.001 0.001 0.001 0.002 0.001 0.006 0.008 0.007 0.001 0.419 0.001 0.006 0 0.001 0.001 0.001 0.001
0.03 0.037 0.035 0.006 0.008 0.222 0.291 0.004 0.012 0.004 0.002 0 0 0.064 0.075 0.005 0.005 0.001 0.002 0.032 0.001 0.01 0.011 0.008 0.016 0.002 0.003 0.363 0.022 0.027 0.008 0.05 0.033 0.001 1 0.009 0.008 0.032 0.001 0.008 0.043 0.009 0.001 0.383 0 0.019 0.016 0.025 0.059 0.008 0.008 0.01 0.017 0 0.344 0.001 0.002 0.075 0.044 0 0.001 0.001 0.303 0 0.002 0 0.036 0.001 0.002 0.001 0.002 0 0.001 0.324 0.012 0 0.002
0.047 0.045 0.052 0.001 0.144 0.014 0.011 0.214 0.004 0.179 0.056 0.015 0.003 0.068 0.065 0.212 0.228 0.005 0.015 0.073 0.048 0.059 0.003 0.161 0.011 0.012 0.017 0.016 0.004 0.001 0.227 0.027 0.22 0.005 0.009 1 0.874 0.191 0.01 0.05 0.207 0.059 0.081 0.001 0.152 0.258 0.014 0.005 0.061 0.055 0.038 0.049 0.007 0.037 0.008 0.011 0.001 0.007 0.044 0.033 0.009 0.007 0.009 0.011 0.014 0.026 0.049 0.035 0.001 0.007 0.012 0.031 0.063 0.007 0.008 0 0.002
0.036 0.04 0.039 0 0.115 0.013 0.01 0.23 0.001 0.193 0.06 0.014 0.003 0.053 0.051 0.167 0.184 0.005 0.014 0.057 0.045 0.057 0.003 0.131 0.007 0.012 0.016 0.011 0.004 0.001 0.193 0.024 0.22 0.005 0.008 0.874 1 0.205 0.009 0.046 0.218 0.054 0.105 0.009 0.147 0.302 0.016 0.005 0.074 0.051 0.034 0.046 0.006 0.054 0.003 0.01 0.001 0.006 0.055 0.041 0.008 0.006 0.003 0.023 0.013 0.042 0.056 0.052 0.001 0.006 0.014 0.048 0.068 0.002 0.008 0.002 0.002
0.104 0.088 0.101 0.392 0.127 0.03 0.022 0.093 0.496 0.084 0.043 0.063 0.011 0.212 0.21 0.113 0.116 0.034 0.069 0.207 0.203 0.027 0.222 0.152 0.506 0.006 0.079 0.05 0.008 0.011 0.191 0.616 0.83 0.016 0.032 0.191 0.205 1 0.045 0.202 0.001 0.144 0.019 0.059 0.001 0.469 0.247 0.011 0.067 0.231 0.204 0.131 0.002 0.099 0.028 0.049 0.02 0 0.051 0.151 0.039 0.013 0.03 0.05 0.048 0.131 0.063 0.102 0.018 0.014 0.061 0.102 0.013 0.027 0 0.016 0.034
0.018 0.015 0.016 0.036 0.009 0.003 0.002 0.005 0.032 0.005 0.002 0.003 0.001 0.016 0.017 0.006 0.006 0.002 0.003 0.013 0.008 0.072 0.016 0.009 0.026 0.002 0.003 0.003 0.001 0.001 0.009 0.029 0.038 0 0.001 0.01 0.009 0.045 1 0.008 0.004 0.01 0.001 0.003 0.019 0.02 0.045 0.001 0.013 0.008 0.008 0.01 0.001 0.013 0.001 0.002 0.002 0.001 0.013 0.01 0.001 0.001 0.001 0.004 0.001 0.009 0.015 0.011 0.002 0.001 0.003 0.01 0.001 0.001 0.001 0.092 0.002
0.021 0.043 0.034 0.213 0.024 0 0.012 0.019 0.246 0.017 0.003 0.015 0.051 0.023 0.022 0.006 0.007 0.009 0.014 0.018 0.045 0.048 0.122 0.041 0.172 0.058 0.016 0 0.004 0.005 0.044 0.159 0.103 0.084 0.008 0.05 0.046 0.202 0.008 1 0.182 0.05 0.006 0.015 0.11 0.368 0.068 0 0.077 0.055 0.056 0.06 0.002 0.069 0.006 0.01 0.012 0.006 0.077 0.066 0.008 0.006 0.007 0.027 0.246 0.065 0.077 0.068 0.011 0.086 0.014 0.062 0.005 0.006 0.003 0 0.013
0.047 0.058 0.059 0.007 0.011 0.014 0.035 0.035 0.02 0.027 0.005 0.081 0.01 0.024 0.022 0.028 0.033 0.03 0.064 0.016 0.215 0.004 0.123 0.007 0.015 0.037 0.074 0.03 0.012 0.016 0.017 0.002 0.008 0.017 0.043 0.207 0.218 0.001 0.004 0.182 1 0.195 0.028 0.079 0.395 0.001 0.065 0.004 0.316 0.253 0.224 0.151 0.009 0.167 0.037 0.056 0.018 0.033 0.201 0.221 0.043 0.007 0.022 0.089 0.046 0.208 0.203 0.159 0.01 0.022 0.065 0.156 0.015 0.034 0.013 0.008 0.023
0 0.002 0.001 0.015 0.002 0.016 0.013 0 0.05 0.001 0.003 0.154 0.003 0.016 0.019 0 0 0.01 0.215 0.017 0.601 0.073 0.163 0.006 0.066 0.013 0.248 0.018 0.005 0.006 0.007 0.075 0.12 0.005 0.009 0.059 0.054 0.144 0.01 0.05 0.195 1 0.007 0.017 0.24 0.142 0.059 0.005 0.609 0.771 0.727 0.833 0.007 0.692 0.009 0.146 0.06 0.011 0.548 0.567 0.116 0.001 0.009 0.245 0.016 0.512 0.598 0.686 0.053 0.007 0.171 0.666 0.006 0.008 0.009 0.02 0.094
0.002 0.007 0.008 0.02 0.006 0.002 0.001 0.004 0.022 0.003 0.001 0.002 0 0.01 0.009 0.004 0.004 0 0.002 0.01 0.003 0.076 0.041 0.006 0.015 0.001 0.002 0.002 0.001 0.001 0.006 0.02 0.016 0.001 0.001 0.081 0.105 0.019 0.001 0.006 0.028 0.007 1 0.002 0.008 0.034 0.026 0.001 0.011 0.007 0.007 0.009 0.001 0.01 0.001 0.001 0.001 0.001 0.01 0.008 0.001 0.001 0.001 0.003 0.002 0.008 0.011 0.009 0.001 0.001 0.002 0.009 0.001 0.001 0.001 0.022 0.002
0.069 0.061 0.074 0.026 0.001 0.304 0.401 0.008 0.032 0.008 0.003 0.001 0.001 0.109 0.115 0 0 0.002 0.004 0.08 0.006 0.019 0.029 0.001 0.042 0.003 0.005 0.488 0.175 0.163 0.001 0.088 0.066 0.001 0.383 0.001 0.009 0.059 0.003 0.015 0.079 0.017 0.002 1 0 0.036 0.029 0.001 0.172 0.016 0.016 0.019 0.002 0.003 0.483 0.002 0.003 0.088 0.1 0.002 0.002 0.002 0.375 0.001 0.004 0.007 0.071 0.001 0.003 0.002 0.001 0.001 0.001 0.438 0.002 0.005 0.004
0.024 0.03 0.032 0.01 0.034 0.022 0.015 0.102 0.021 0.087 0.027 0.068 0.007 0.012 0.008 0.089 0.091 0.023 0.041 0.007 0.185 0.006 0.092 0.041 0.016 0.02 0.048 0.011 0.011 0.013 0.056 0.006 0 0.012 0 0.152 0.147 0.001 0.019 0.11 0.395 0.24 0.008 0 1 0.002 0.07 0.012 0.203 0.219 0.199 0.223 0.017 0.205 0 0.04 0.015 0.009 0.202 0.18 0.053 0.001 0.001 0.06 0.038 0.15 0.19 0.207 0.015 0.016 0.055 0.2 0.023 0 0.021 0.033 0.036
0.002 0 0 0.166 0.024 0.008 0.026 0.071 0.203 0.057 0.016 0.035 0.018 0.006 0.006 0.068 0.074 0.009 0.034 0.01 0.103 0.001 0.069 0.022 0.184 0.013 0.039 0.012 0.01 0.005 0.04 0.214 0.367 0.034 0.019 0.258 0.302 0.469 0.02 0.368 0.001 0.142 0.034 0.036 0.002 1 0.095 0.005 0.21 0.134 0.136 0.168 0.008 0.189 0.017 0.025 0.029 0.015 0.21 0.157 0.02 0.015 0.019 0.065 0.115 0.158 0.212 0.187 0.027 0.032 0.034 0.172 0.029 0.015 0.013 0.002 0.032
0.073 0.066 0.072 0.199 0.047 0.013 0.009 0.038 0.228 0.037 0.02 0.007 0.006 0.08 0.075 0.026 0.028 0.012 0.018 0.077 0.029 0.157 0.031 0.067 0.188 0.004 0.022 0.025 0.005 0.007 0.067 0.215 0.201 0.008 0.016 0.014 0.016 0.247 0.045 0.068 0.065 0.059 0.026 0.029 0.07 0.095 1 0.009 0.095 0.047 0.048 0.069 0.001 0.062 0.013 0 0.004 0.012 0.076 0.045 0.007 0.014 0.016 0.028 0.027 0.043 0.076 0.058 0.009 0.009 0.002 0.058 0.004 0.013 0.001 0.055 0.013
0.028 0.034 0.032 0.013 0.015 0.025 0.015 0.003 0.022 0.002 0.001 0.001 0.011 0.043 0.041 0.003 0.003 0.135 0.001 0.051 0.004 0.005 0.012 0.026 0.021 0.001 0.001 0.022 0 0 0.016 0.019 0.01 0 0.025 0.005 0.005 0.011 0.001 0 0.004 0.005 0.001 0.001 0.012 0.005 0.009 1 0.008 0.005 0.005 0.006 0.733 0.007 0.001 0.001 0.001 0.001 0.008 0.006 0.001 0.001 0.001 0.002 0.001 0.006 0.008 0.007 0.001 0 0.001 0.006 0 0.001 0.571 0.004 0.001
0.017 0.023 0.024 0.003 0.009 0.032 0.055 0.007 0.022 0.005 0.002 0.133 0.004 0.001 0.001 0.003 0.003 0.014 0.144 0 0.475 0.084 0.103 0.016 0.027 0.018 0.166 0.062 0.026 0.021 0.018 0.017 0.048 0.008 0.059 0.061 0.074 0.067 0.013 0.077 0.316 0.609 0.011 0.172 0.203 0.21 0.095 0.008 1 0.638 0.59 0.622 0.011 0.666 0.081 0.121 0.034 0.071 0.759 0.599 0.093 0.003 0.058 0.254 0.024 0.579 0.761 0.647 0.039 0.01 0.164 0.627 0.008 0.075 0.013 0.029 0.073
0.007 0.003 0.004 0.044 0.029 0.015 0.012 0.028 0.107 0.026 0.012 0.195 0.003 0.057 0.062 0.035 0.035 0.009 0.227 0.065 0.707 0.047 0.25 0.051 0.133 0.011 0.263 0.017 0.004 0.005 0.053 0.145 0.189 0.005 0.008 0.055 0.051 0.231 0.008 0.055 0.253 0.771 0.007 0.016 0.219 0.134 0.047 0.005 0.638 1 0.931 0.789 0.007 0.646 0.008 0.187 0.065 0.017 0.513 0.749 0.146 0.001 0.008 0.315 0.015 0.685 0.558 0.646 0.071 0.007 0.236 0.628 0.005 0.007 0.008 0.019 0.124
0.006 0.003 0.004 0.044 0.027 0.015 0.012 0.029 0.108 0.026 0.012 0.169 0.003 0.058 0.063 0.036 0.035 0.006 0.221 0.066 0.655 0.036 0.25 0.052 0.135 0.011 0.247 0.017 0.004 0.005 0.054 0.147 0.165 0.005 0.008 0.038 0.034 0.204 0.008 0.056 0.224 0.727 0.007 0.016 0.199 0.136 0.048 0.005 0.59 0.931 1 0.799 0.007 0.655 0.008 0.184 0.108 0.006 0.532 0.769 0.144 0.001 0.008 0.276 0.016 0.696 0.567 0.655 0.116 0.007 0.233 0.638 0.005 0.007 0.008 0.019 0.178
0 0.002 0.001 0.017 0.002 0.019 0.015 0 0.054 0 0.004 0.146 0.003 0.018 0.021 0 0.001 0.008 0.181 0.02 0.552 0.05 0.174 0.008 0.067 0.014 0.209 0.021 0.005 0.007 0.01 0.077 0.106 0.006 0.01 0.049 0.046 0.131 0.01 0.06 0.151 0.833 0.009 0.019 0.223 0.168 0.069 0.006 0.622 0.789 0.799 1 0.009 0.806 0.01 0.149 0.112 0.011 0.651 0.676 0.117 0.001 0.01 0.25 0.019 0.62 0.698 0.807 0.115 0.008 0.188 0.751 0.007 0.009 0.01 0.023 0.142
0.021 0.026 0.024 0.007 0.014 0.016 0.009 0.004 0.013 0.003 0.001 0.002 0.007 0.033 0.031 0.004 0.004 0.095 0.002 0.04 0.006 0 0.004 0.024 0.01 0.001 0.002 0.013 0 0 0.008 0.007 0.002 0 0.017 0.007 0.006 0.002 0.001 0.002 0.009 0.007 0.001 0.002 0.017 0.008 0.001 0.733 0.011 0.007 0.007 0.009 1 0.01 0.001 0.001 0.001 0.001 0.011 0.008 0.001 0.001 0.001 0.003 0.002 0.008 0.011 0.01 0.001 0 0.002 0.009 0.001 0.001 0.79 0.008 0.002
0.006 0.009 0.01 0.005 0 0 0.001 0 0.027 0 0.002 0.109 0.004 0.002 0.003 0 0 0.009 0.16 0.003 0.449 0.057 0.121 0.004 0.041 0.016 0.185 0.002 0.005 0.005 0.005 0.048 0.075 0.007 0 0.037 0.054 0.099 0.013 0.069 0.167 0.692 0.01 0.003 0.205 0.189 0.062 0.007 0.666 0.646 0.655 0.806 0.01 1 0.012 0.115 0.114 0.079 0.768 0.811 0.104 0.009 0.012 0.279 0.022 0.788 0.793 0.942 0.145 0.009 0.161 0.903 0.008 0.01 0.012 0.026 0.157
0.011 0.011 0.01 0.001 0.007 0.098 0.131 0.004 0.002 0.004 0.002 0 0 0.031 0.038 0.005 0.005 0.001 0.002 0.01 0.001 0.007 0.008 0.007 0.005 0.002 0.002 0.285 0.148 0.122 0.008 0.04 0.03 0.001 0.344 0.008 0.003 0.028 0.001 0.006 0.037 0.009 0.001 0.483 0 0.017 0.013 0.001 0.081 0.008 0.008 0.01 0.001 0.012 1 0.002 0.002 0.001 0.083 0.01 0.001 0.001 0.763 0.004 0.002 0.01 0.069 0.011 0.002 0.001 0.002 0.01 0.001 0.881 0.001 0.003 0.002
0.028 0.035 0.033 0.008 0.002 0.003 0.002 0.006 0.02 0.005 0.002 0.027 0.001 0.009 0.003 0.007 0.007 0.002 0.003 0.016 0.139 0.014 0.034 0.01 0.029 0.002 0.003 0.003 0.001 0.001 0.011 0.031 0.042 0.001 0.001 0.011 0.01 0.049 0.002 0.01 0.056 0.146 0.001 0.002 0.04 0.025 0 0.001 0.121 0.187 0.184 0.149 0.001 0.115 0.002 1 0.015 0.001 0.091 0.158 0.063 0.001 0.002 0 0.003 0.161 0.114 0.136 0.016 0.001 0.377 0.106 0.001 0.001 0.002 0.004 0.012
0.013 0.01 0.011 0.019 0.007 0.001 0 0.005 0.015 0.004 0.003 0.339 0.001 0.012 0.013 0.008 0.008 0 0.001 0.015 0.066 0.002 0.031 0.012 0.022 0.003 0.001 0.004 0.001 0.001 0.012 0.023 0.016 0.001 0.002 0.001 0.001 0.02 0.002 0.012 0.018 0.06 0.001 0.003 0.015 0.029 0.004 0.001 0.034 0.065 0.108 0.112 0.001 0.114 0.002 0.015 1 0.001 0.101 0.135 0.407 0.001 0.002 0.006 0.003 0.108 0.085 0.09 0.411 0.001 0.001 0.072 0.001 0.002 0.002 0.004 0.537
0.005 0.006 0.005 0 0.006 0.082 0.109 0.003 0 0.003 0.001 0.068 0 0.009 0.008 0.004 0.004 0.001 0.002 0.011 0.015 0.008 0.001 0.006 0.001 0.001 0.002 0.071 0 0.001 0.006 0.001 0 0.001 0.075 0.007 0.006 0 0.001 0.006 0.033 0.011 0.001 0.088 0.009 0.015 0.012 0.001 0.071 0.017 0.006 0.011 0.001 0.079 0.001 0.001 0.001 1 0.052 0.093 0.001 0.001 0.001 0.002 0.002 0.095 0.038 0.06 0.001 0.001 0.037 0.057 0.001 0.001 0.001 0.002 0.002
0.012 0.016 0.017 0.003 0.005 0.01 0.021 0.001 0.023 0 0.001 0.107 0.004 0.001 0 0 0 0.011 0.127 0.001 0.392 0.064 0.093 0.007 0.026 0.018 0.124 0.025 0.007 0.006 0.009 0.016 0.035 0.008 0.044 0.044 0.055 0.051 0.013 0.077 0.201 0.548 0.01 0.1 0.202 0.21 0.076 0.008 0.759 0.513 0.532 0.651 0.011 0.768 0.083 0.091 0.101 0.052 1 0.644 0.093 0.011 0.06 0.222 0.024 0.643 0.899 0.754 0.129 0.01 0.132 0.697 0.008 0.077 0.013 0.029 0.14
0 0 0 0.02 0.024 0 0.002 0.034 0.063 0.031 0.014 0.132 0.003 0.025 0.028 0.028 0.028 0.008 0.162 0.031 0.516 0.041 0.175 0.046 0.086 0.013 0.184 0 0.005 0.004 0.049 0.096 0.115 0.006 0 0.033 0.041 0.151 0.01 0.066 0.221 0.567 0.008 0.002 0.18 0.157 0.045 0.006 0.599 0.749 0.769 0.676 0.008 0.811 0.01 0.158 0.135 0.093 0.644 1 0.122 0.008 0.01 0.287 0.019 0.878 0.656 0.789 0.17 0.008 0.214 0.725 0.006 0.009 0.01 0.022 0.185
0.016 0.014 0.014 0.032 0.008 0.002 0.002 0.004 0.028 0.004 0.002 0.498 0.001 0.006 0.007 0.005 0.005 0.001 0.002 0.012 0.155 0.011 0.055 0.008 0.024 0.002 0.003 0.003 0.001 0.001 0.008 0.025 0.034 0.001 0.001 0.009 0.008 0.039 0.001 0.008 0.043 0.116 0.001 0.002 0.053 0.02 0.007 0.001 0.093 0.146 0.144 0.117 0.001 0.104 0.001 0.063 0.407 0.001 0.093 0.122 1 0.001 0.001 0.004 0.002 0.09 0.075 0.077 0.231 0.001 0.001 0.083 0.001 0.001 0.001 0.003 0.482
0.005 0.005 0.004 0.015 0.005 0.002 0.001 0.003 0.02 0.003 0.001 0.003 0 0.002 0.001 0.004 0.004 0.001 0.002 0.009 0 0.001 0.001 0.005 0.017 0.091 0.002 0.002 0 0.001 0.006 0.02 0.026 0.001 0.001 0.007 0.006 0.013 0.001 0.006 0.007 0.001 0.001 0.002 0.001 0.015 0.014 0.001 0.003 0.001 0.001 0.001 0.001 0.009 0.001 0.001 0.001 0.001 0.011 0.008 0.001 1 0.001 0.003 0.002 0.008 0.011 0.009 0.001 0.001 0.002 0.009 0.001 0.001 0.001 0.002 0.002
0.007 0.007 0.006 0.004 0.008 0.081 0.109 0.005 0.006 0.004 0.002 0 0.001 0.045 0.052 0.005 0.006 0.001 0.002 0.02 0.002 0.009 0.01 0 0.01 0.002 0.003 0.22 0.134 0.11 0.001 0.045 0.032 0.001 0.303 0.009 0.003 0.03 0.001 0.007 0.022 0.009 0.001 0.375 0.001 0.019 0.016 0.001 0.058 0.008 0.008 0.01 0.001 0.012 0.763 0.002 0.002 0.001 0.06 0.01 0.001 0.001 1 0 0.002 0.01 0.048 0.011 0.002 0 0.002 0.011 0.001 0.682 0.001 0.003 0.002
0.016 0.015 0.013 0.024 0.012 0.003 0.002 0.015 0.02 0.014 0.006 0.002 0.001 0.008 0.009 0.005 0.004 0.004 0.448 0.004 0.216 0.02 0.072 0.003 0.021 0.005 0.521 0.004 0.002 0.001 0.004 0.025 0.036 0.002 0 0.011 0.023 0.05 0.004 0.027 0.089 0.245 0.003 0.001 0.06 0.065 0.028 0.002 0.254 0.315 0.276 0.25 0.003 0.279 0.004 0 0.006 0.002 0.222 0.287 0.004 0.003 0 1 0.007 0.291 0.254 0.304 0.006 0.003 0.003 0.285 0.003 0.003 0.004 0.009 0.002
0.011 0.023 0.024 0.059 0.013 0.004 0.003 0.007 0.069 0.006 0.003 0.004 0.001 0.022 0.022 0.008 0.008 0.002 0.004 0.021 0.012 0.017 0.037 0.013 0.004 0.202 0.005 0.005 0.001 0.001 0.013 0.003 0 0.001 0.002 0.014 0.013 0.048 0.001 0.246 0.046 0.016 0.002 0.004 0.038 0.115 0.027 0.001 0.024 0.015 0.016 0.019 0.002 0.022 0.002 0.003 0.003 0.002 0.024 0.019 0.002 0.002 0.002 0.007 1 0.018 0.025 0.022 0.003 0.002 0.004 0.02 0.001 0.002 0.002 0.006 0.004
0 0.001 0.002 0.011 0.014 0 0.002 0.034 0.047 0.03 0.014 0.107 0.003 0.016 0.019 0.019 0.019 0.004 0.154 0.026 0.458 0.041 0.148 0.033 0.07 0.013 0.159 0 0.004 0.004 0.035 0.078 0.098 0.006 0 0.026 0.042 0.131 0.009 0.065 0.208 0.512 0.008 0.007 0.15 0.158 0.043 0.006 0.579 0.685 0.696 0.62 0.008 0.788 0.01 0.161 0.108 0.095 0.643 0.878 0.09 0.008 0.01 0.291 0.018 1 0.636 0.766 0.174 0.008 0.218 0.702 0.006 0.008 0.01 0.022 0.154
0.009 0.016 0.015 0.004 0.003 0.005 0.012 0.001 0.024 0 0.001 0.093 0.004 0 0 0 0 0.011 0.141 0.002 0.418 0.064 0.096 0.009 0.035 0.018 0.164 0.015 0.002 0.002 0.011 0.023 0.046 0.008 0.036 0.049 0.056 0.063 0.015 0.077 0.203 0.598 0.011 0.071 0.19 0.212 0.076 0.008 0.761 0.558 0.567 0.698 0.011 0.793 0.069 0.114 0.085 0.038 0.899 0.656 0.075 0.011 0.048 0.254 0.025 0.636 1 0.779 0.128 0.01 0.161 0.716 0.009 0.062 0.013 0.027 0.122
0.006 0.01 0.011 0.005 0 0.001 0 0 0.029 0 0.002 0.089 0.004 0.003 0.004 0 0 0.009 0.162 0.005 0.464 0.052 0.123 0.004 0.044 0.016 0.188 0.004 0.005 0.004 0.005 0.051 0.078 0.007 0.001 0.035 0.052 0.102 0.011 0.068 0.159 0.686 0.009 0.001 0.207 0.187 0.058 0.007 0.647 0.646 0.655 0.807 0.01 0.942 0.011 0.136 0.09 0.06 0.754 0.789 0.077 0.009 0.011 0.304 0.022 0.766 0.779 1 0.117 0.009 0.184 0.896 0.007 0.01 0.012 0.024 0.13
0.002 0.001 0.001 0.006 0.006 0.001 0 0.004 0.014 0.004 0.002 0.129 0.001 0.011 0.012 0.007 0.008 0 0 0.014 0.072 0.002 0.036 0.011 0.02 0.003 0.001 0.004 0.001 0.001 0.011 0.022 0.013 0.001 0.002 0.001 0.001 0.018 0.002 0.011 0.01 0.053 0.001 0.003 0.015 0.027 0.009 0.001 0.039 0.071 0.116 0.115 0.001 0.145 0.002 0.016 0.411 0.001 0.129 0.17 0.231 0.001 0.002 0.006 0.003 0.174 0.128 0.117 1 0.001 0.003 0.096 0.001 0.001 0.002 0.004 0.557
0 0.007 0.007 0.019 0.004 0.001 0.001 0.002 0.022 0.001 0 0.002 0 0.006 0.003 0.002 0.002 0.001 0.002 0.005 0.005 0.002 0.009 0.005 0.016 0.002 0.002 0.001 0 0.001 0.006 0.014 0.009 0.419 0.001 0.007 0.006 0.014 0.001 0.086 0.022 0.007 0.001 0.002 0.016 0.032 0.009 0 0.01 0.007 0.007 0.008 0 0.009 0.001 0.001 0.001 0.001 0.01 0.008 0.001 0.001 0 0.003 0.002 0.008 0.01 0.009 0.001 1 0.002 0.008 0.001 0.001 0.001 0.002 0.002
0.024 0.027 0.029 0.004 0 0.003 0.002 0.008 0.015 0.007 0.003 0.027 0.001 0.004 0.005 0.006 0.006 0.002 0.004 0.015 0.129 0.013 0.032 0.01 0.033 0.003 0.005 0.003 0.001 0.001 0.011 0.036 0.05 0.001 0.002 0.012 0.014 0.061 0.003 0.014 0.065 0.171 0.002 0.001 0.055 0.034 0.002 0.001 0.164 0.236 0.233 0.188 0.002 0.161 0.002 0.377 0.001 0.037 0.132 0.214 0.001 0.002 0.002 0.003 0.004 0.218 0.161 0.184 0.003 0.002 1 0.156 0.001 0.002 0.002 0.005 0.004
0.004 0.007 0.009 0.008 0 0.001 0 0 0.03 0 0.002 0.097 0.003 0.002 0.003 0.001 0.001 0.008 0.156 0.003 0.434 0.048 0.121 0.002 0.046 0.014 0.183 0.004 0.005 0.004 0.003 0.053 0.08 0.006 0 0.031 0.048 0.102 0.01 0.062 0.156 0.666 0.009 0.001 0.2 0.172 0.058 0.006 0.627 0.628 0.638 0.751 0.009 0.903 0.01 0.106 0.072 0.057 0.697 0.725 0.083 0.009 0.011 0.285 0.02 0.702 0.716 0.896 0.096 0.008 0.156 1 0.007 0.009 0.011 0.024 0.142
0.003 0.002 0.003 0.008 0 0.002 0.001 0 0.007 0 0.001 0.001 0 0.001 0.001 0 0.003 0.001 0.001 0.002 0.004 0.021 0.006 0 0.005 0.001 0.002 0.002 0 0 0 0 0.015 0 0.001 0.063 0.068 0.013 0.001 0.005 0.015 0.006 0.001 0.001 0.023 0.029 0.004 0 0.008 0.005 0.005 0.007 0.001 0.008 0.001 0.001 0.001 0.001 0.008 0.006 0.001 0.001 0.001 0.003 0.001 0.006 0.009 0.007 0.001 0.001 0.001 0.007 1 0.001 0.001 0.002 0.001
0.009 0.01 0.009 0 0.007 0.109 0.144 0.004 0.001 0.003 0.001 0 0 0.029 0.037 0.004 0.004 0.001 0.002 0.013 0.001 0.007 0.007 0.006 0.003 0.001 0.002 0.274 0.156 0.128 0.007 0.037 0.027 0.001 0.324 0.007 0.002 0.027 0.001 0.006 0.034 0.008 0.001 0.438 0 0.015 0.013 0.001 0.075 0.007 0.007 0.009 0.001 0.01 0.881 0.001 0.002 0.001 0.077 0.009 0.001 0.001 0.682 0.003 0.002 0.008 0.062 0.01 0.001 0.001 0.002 0.009 0.001 1 0.001 0.002 0.002
0.014 0.018 0.017 0.002 0.009 0.015 0.01 0.004 0.006 0.004 0.002 0.002 0.005 0.024 0.022 0.005 0.005 0.075 0.002 0.03 0.007 0.002 0.001 0.016 0.004 0.002 0.002 0.013 0 0 0.004 0.002 0 0.001 0.012 0.008 0.008 0 0.001 0.003 0.013 0.009 0.001 0.002 0.021 0.013 0.001 0.571 0.013 0.008 0.008 0.01 0.79 0.012 0.001 0.002 0.002 0.001 0.013 0.01 0.001 0.001 0.001 0.004 0.002 0.01 0.013 0.012 0.002 0.001 0.002 0.011 0.001 0.001 1 0.034 0.002
0.018 0.014 0.016 0.025 0.012 0 0.001 0.01 0.017 0.009 0.004 0.005 0.001 0.014 0.015 0.011 0.012 0.003 0.005 0.012 0.014 0.044 0.005 0.012 0.013 0.004 0.006 0 0.001 0.001 0.018 0.018 0.011 0.001 0 0 0.002 0.016 0.092 0 0.008 0.02 0.022 0.005 0.033 0.002 0.055 0.004 0.029 0.019 0.019 0.023 0.008 0.026 0.003 0.004 0.004 0.002 0.029 0.022 0.003 0.002 0.003 0.009 0.006 0.022 0.027 0.024 0.004 0.002 0.005 0.024 0.002 0.002 0.034 1 0.004
0.003 0.001 0.002 0.015 0.005 0.001 0 0.005 0.026 0.005 0.003 0.257 0.001 0.011 0.012 0.008 0.009 0 0.001 0.013 0.124 0.002 0.061 0.009 0.034 0.003 0.001 0.004 0.001 0.001 0.01 0.035 0.027 0.001 0.002 0.002 0.002 0.034 0.002 0.013 0.023 0.094 0.002 0.004 0.036 0.032 0.013 0.001 0.073 0.124 0.178 0.142 0.002 0.157 0.002 0.012 0.537 0.002 0.14 0.185 0.482 0.002 0.002 0.002 0.004 0.154 0.122 0.13 0.557 0.002 0.004 0.142 0.001 0.002 0.002 0.004 1
