1 0.826 0.825 0.479 0.308 0.182 0.114 0.275 0.337 0.257 0.141 0.015 0.06 0.494 0.493 0.231 0.231 0.037 0.03 0.489 0.002 0.153 0.142 0.295 0.298 0.001 0.033 0.173 0.05 0.06 0.236 0.241 0.149 0.005 0.03 0.047 0.036 0.144 0.025 0 0.069 0 0.006 0.064 0.033 0.027 0.122 0.019 0.009 0.008 0.006 0.001 0.02 0 0.01 0.028 0.005 0.011 0.007 0.001 0.008 0.008 0.014 0.026 0.003 0 0.005 0.001 0 0.002 0.016 0 0.009 0.001 0.009 0.001 0.001
0.826 1 0.965 0.445 0.358 0.219 0.138 0.33 0.3 0.309 0.17 0.012 0.072 0.597 0.582 0.262 0.263 0.046 0.025 0.573 0 0.143 0.123 0.345 0.295 0.018 0.027 0.21 0.061 0.073 0.279 0.236 0.144 0 0.039 0.056 0.051 0.117 0.021 0.016 0.095 0.002 0.013 0.064 0.048 0.009 0.101 0.025 0.015 0.005 0.003 0 0.026 0.002 0.015 0.036 0.004 0.011 0.011 0 0.006 0.007 0.019 0.027 0.021 0 0.011 0.003 0 0.001 0.023 0.002 0.007 0.002 0.014 0 0
0.825 0.965 1 0.443 0.368 0.214 0.134 0.322 0.3 0.301 0.165 0.013 0.07 0.597 0.581 0.275 0.275 0.045 0.026 0.578 0 0.135 0.118 0.355 0.312 0.019 0.028 0.204 0.059 0.071 0.288 0.252 0.155 0 0.037 0.061 0.048 0.127 0.021 0.013 0.096 0.001 0.014 0.078 0.049 0.01 0.107 0.024 0.017 0.006 0.004 0 0.025 0.002 0.014 0.035 0.004 0.01 0.013 0 0.006 0.007 0.018 0.022 0.022 0 0.011 0.004 0 0.001 0.022 0.003 0.007 0.002 0.013 0 0
0.479 0.445 0.443 1 0.216 0.086 0.048 0.157 0.798 0.146 0.08 0.026 0.034 0.312 0.336 0.181 0.176 0.032 0.053 0.31 0.021 0.314 0.36 0.197 0.623 0 0.055 0.078 0.028 0.033 0.149 0.555 0.358 0.026 0.008 0.008 0.005 0.404 0.044 0.253 0 0.015 0.026 0.029 0 0.236 0.21 0.009 0.006 0.053 0.046 0.032 0.008 0.015 0.002 0.012 0.004 0.002 0.007 0.026 0.012 0.016 0.004 0.059 0.049 0.022 0.007 0.012 0.001 0.036 0.002 0.014 0.014 0 0.001 0.009 0.002
0.308 0.358 0.368 0.216 1 0.018 0.011 0.518 0.275 0.515 0.265 0.007 0.006 0.484 0.467 0.609 0.612 0.089 0.014 0.488 0.032 0.082 0.142 0.689 0.256 0.01 0.015 0.02 0.006 0.007 0.528 0.193 0.137 0.002 0.007 0.153 0.123 0.116 0.011 0.015 0.02 0.003 0.007 0 0.051 0.043 0.044 0.002 0.01 0.034 0.031 0.007 0 0.008 0.007 0.001 0.002 0.005 0.01 0.024 0.003 0.005 0.007 0.016 0.011 0.02 0.01 0.004 0.003 0.004 0.002 0.003 0.004 0.004 0.002 0.009 0.006
0.182 0.219 0.214 0.086 0.018 1 0.628 0.011 0.11 0.01 0.006 0.003 0.328 0.199 0.188 0.012 0.013 0.002 0.006 0.206 0.013 0.025 0.049 0.018 0.104 0.004 0.006 0.805 0.285 0.342 0.019 0.08 0.047 0.014 0.099 0.02 0.019 0.039 0.005 0.015 0.004 0.013 0.003 0.154 0.033 0 0.016 0.116 0.007 0.015 0.014 0.019 0.093 0 0.033 0.003 0 0.081 0.003 0 0.001 0.002 0.041 0.003 0.005 0 0.002 0.001 0 0.003 0.001 0 0.002 0.031 0.079 0.02 0.001
0.114 0.138 0.134 0.048 0.011 0.628 1 0.007 0.071 0.006 0.003 0.002 0.001 0.128 0.121 0.008 0.008 0.001 0.003 0.129 0.008 0.015 0.03 0.012 0.063 0.003 0.004 0.495 0.455 0.547 0.012 0.041 0.02 0.001 0.168 0.013 0.012 0.015 0.003 0.011 0.034 0.007 0.002 0.262 0.017 0.028 0.006 0.027 0.032 0.008 0.007 0.01 0.021 0.003 0.06 0.002 0 0.136 0.021 0.004 0.001 0.001 0.074 0 0.003 0.003 0.018 0.002 0 0.002 0.004 0.002 0.001 0.055 0.027 0.001 0
0.275 0.33 0.322 0.157 0.518 0.011 0.007 1 0.163 0.935 0.514 0.004 0.004 0.306 0.289 0.794 0.75 0.003 0.008 0.323 0.019 0.052 0.089 0.547 0.181 0.006 0.009 0.012 0.003 0.004 0.463 0.147 0.108 0.001 0.005 0.251 0.263 0.092 0.006 0.025 0.061 0 0.004 0.006 0.128 0.092 0.046 0.003 0.009 0.028 0.026 0.001 0.004 0.009 0.004 0.004 0.001 0.003 0.005 0.03 0.002 0.003 0.004 0.017 0.006 0.031 0.005 0.003 0.001 0.002 0.007 0.004 0.002 0.002 0.006 0.009 0.004
0.337 0.3 0.3 0.798 0.275 0.11 0.071 0.163 1 0.152 0.088 0.024 0.037 0.407 0.424 0.189 0.185 0.035 0.04 0.385 0.101 0.281 0.479 0.235 0.739 0.001 0.042 0.104 0.03 0.036 0.165 0.637 0.421 0.028 0.015 0.012 0.008 0.474 0.041 0.276 0.003 0.062 0.024 0.033 0.005 0.267 0.208 0.017 0.035 0.127 0.12 0.087 0.016 0.054 0.003 0.014 0.003 0.002 0.035 0.075 0.011 0.017 0.009 0.051 0.054 0.069 0.036 0.049 0.008 0.039 0.011 0.045 0.013 0 0.004 0.004 0.012
0.257 0.309 0.301 0.146 0.515 0.01 0.006 0.935 0.152 1 0.55 0.004 0.003 0.286 0.27 0.739 0.698 0.003 0.008 0.301 0.018 0.049 0.084 0.51 0.169 0.006 0.008 0.011 0.003 0.004 0.428 0.136 0.099 0.001 0.004 0.222 0.232 0.084 0.006 0.023 0.052 0 0.004 0.005 0.115 0.08 0.049 0.003 0.007 0.026 0.024 0.001 0.004 0.007 0.004 0.004 0.001 0.003 0.004 0.028 0.002 0.003 0.004 0.016 0.006 0.028 0.004 0.002 0.001 0.002 0.007 0.003 0.002 0.002 0.005 0.008 0.003
0.141 0.17 0.165 0.08 0.265 0.006 0.003 0.514 0.088 0.55 1 0.002 0.002 0.158 0.149 0.443 0.42 0.002 0.004 0.172 0.01 0.027 0.046 0.286 0.093 0.003 0.005 0.006 0.002 0.002 0.276 0.092 0.069 0 0.002 0.127 0.129 0.058 0.003 0.011 0.03 0 0.002 0.002 0.057 0.048 0.028 0.002 0.001 0.014 0.013 0 0.002 0.005 0.002 0.002 0.002 0.001 0.001 0.017 0.001 0.001 0.002 0.009 0.004 0.018 0.001 0 0.002 0 0.004 0.001 0.001 0.001 0.003 0.004 0.002
0.015 0.012 0.013 0.026 0.007 0.003 0.002 0.004 0.024 0.004 0.002 1 0.001 0.003 0.002 0.005 0.005 0.001 0.002 0.001 0.159 0.013 0.029 0.007 0.022 0.002 0.002 0.003 0.001 0.001 0.004 0.019 0.025 0.001 0 0.008 0.007 0.028 0.002 0.007 0.047 0.082 0.001 0 0.018 0.017 0.001 0.001 0.066 0.094 0.053 0.072 0.001 0.069 0 0.013 0.176 0.073 0.057 0.076 0.374 0.001 0 0.003 0.002 0.064 0.057 0.056 0.08 0.001 0.02 0.055 0.001 0.001 0.001 0.002 0.028
0.06 0.072 0.07 0.034 0.006 0.328 0.001 0.004 0.037 0.003 0.002 0.001 1 0.067 0.063 0.004 0.004 0.001 0.002 0.072 0.004 0.011 0.019 0.006 0.039 0.001 0.002 0.288 0.001 0.001 0.006 0.039 0.03 0.057 0.001 0.007 0.006 0.027 0.002 0.123 0.019 0.006 0.001 0.002 0.016 0.042 0.014 0.118 0.01 0.006 0.006 0.008 0.096 0.008 0.001 0.001 0.001 0.001 0.01 0.008 0 0.001 0.001 0.004 0.002 0.008 0.01 0.009 0.001 0.022 0.002 0.008 0.001 0.001 0.061 0.036 0.001
0.494 0.597 0.597 0.312 0.484 0.199 0.128 0.306 0.407 0.286 0.158 0.003 0.067 1 0.924 0.355 0.352 0.064 0.018 0.765 0.039 0.132 0.212 0.44 0.406 0.012 0.02 0.211 0.056 0.07 0.319 0.323 0.219 0 0.046 0.061 0.048 0.196 0.022 0.004 0.034 0.017 0.012 0.085 0.018 0.024 0.064 0.031 0 0.058 0.055 0.029 0.031 0.011 0.02 0.004 0.004 0.012 0 0.024 0 0.003 0.033 0.017 0.022 0.021 0.001 0.008 0.006 0.001 0.001 0.007 0.007 0.006 0.017 0 0.01
0.493 0.582 0.581 0.336 0.467 0.188 0.121 0.289 0.424 0.27 0.149 0.002 0.063 0.924 1 0.335 0.332 0.06 0.019 0.727 0.039 0.14 0.222 0.445 0.414 0.012 0.022 0.198 0.053 0.066 0.33 0.332 0.225 0 0.049 0.066 0.053 0.201 0.024 0.004 0.037 0.018 0.013 0.086 0.017 0.028 0.067 0.029 0 0.059 0.056 0.03 0.029 0.012 0.022 0.001 0.005 0.011 0.001 0.025 0 0.003 0.036 0.019 0.024 0.022 0.001 0.009 0.006 0 0.001 0.007 0.007 0.008 0.015 0 0.01
0.231 0.262 0.275 0.181 0.609 0.012 0.008 0.794 0.189 0.739 0.443 0.005 0.004 0.355 0.335 1 0.878 0.004 0.01 0.376 0.022 0.06 0.104 0.489 0.21 0.007 0.01 0.014 0.004 0.005 0.414 0.175 0.129 0.001 0.005 0.223 0.187 0.111 0.007 0.005 0.045 0.002 0.005 0 0.102 0.096 0.024 0.004 0.005 0.033 0.031 0.003 0.004 0.004 0.005 0.005 0.001 0.003 0.003 0.022 0.002 0.003 0.005 0.011 0.007 0.02 0.004 0.001 0.002 0.002 0.008 0.001 0.003 0.003 0.007 0.01 0.005
0.231 0.263 0.275 0.176 0.612 0.013 0.008 0.75 0.185 0.698 0.42 0.005 0.004 0.352 0.332 0.878 1 0.004 0.01 0.399 0.024 0.064 0.11 0.527 0.223 0.007 0.011 0.015 0.004 0.005 0.45 0.173 0.126 0.001 0.006 0.23 0.196 0.108 0.008 0.006 0.053 0.001 0.005 0 0.114 0.097 0.027 0.004 0.004 0.027 0.025 0.002 0.005 0.003 0.005 0.005 0.002 0.004 0.002 0.018 0.003 0.004 0.005 0.007 0.008 0.017 0.003 0.001 0.002 0.003 0.008 0.001 0.003 0.003 0.007 0.011 0.005
0.037 0.046 0.045 0.032 0.089 0.002 0.001 0.003 0.035 0.003 0.002 0.001 0.001 0.064 0.06 0.004 0.004 1 0.002 0.07 0.004 0.01 0.018 0.121 0.038 0.001 0.002 0.003 0.001 0.001 0.118 0.038 0.029 0.001 0.001 0.006 0.006 0.026 0.002 0.005 0.019 0.006 0.001 0.002 0.015 0.005 0.009 0.003 0.009 0.006 0.006 0.008 0.002 0.008 0.001 0.001 0.001 0.001 0.009 0.008 0 0.001 0.001 0.004 0.002 0.004 0.01 0.008 0.001 0.001 0.002 0.007 0.001 0.001 0.001 0.002 0.001
0.03 0.025 0.026 0.053 0.014 0.006 0.003 0.008 0.04 0.008 0.004 0.002 0.002 0.018 0.019 0.01 0.01 0.002 1 0.025 0.43 0.027 0.093 0.014 0.046 0.003 0.918 0.006 0.002 0.002 0.015 0.045 0.058 0.001 0.002 0.016 0.015 0.065 0.004 0.014 0.094 0.311 0.002 0.004 0.045 0.034 0.031 0.002 0.184 0.283 0.253 0.232 0.002 0.214 0.002 0.002 0 0.001 0.14 0.231 0.001 0.001 0.002 0.433 0.004 0.208 0.183 0.205 0 0.002 0.004 0.182 0.001 0.001 0.003 0.005 0
0.489 0.573 0.578 0.31 0.488 0.206 0.129 0.323 0.385 0.301 0.172 0.001 0.072 0.765 0.727 0.376 0.399 0.07 0.025 1 0.04 0.133 0.214 0.52 0.443 0.018 0.027 0.163 0.062 0.074 0.392 0.322 0.212 0 0.011 0.067 0.053 0.179 0.012 0.002 0.027 0.013 0.013 0.045 0.013 0.031 0.072 0.035 0.001 0.049 0.057 0.024 0.035 0.009 0.001 0.012 0.01 0.031 0.002 0.021 0.006 0.009 0.005 0.007 0.021 0.018 0.005 0.006 0.011 0.001 0.005 0.005 0.007 0.002 0.02 0.001 0.012
0.002 0 0 0.021 0.032 0.013 0.008 0.019 0.101 0.018 0.01 0.159 0.004 0.039 0.039 0.022 0.024 0.004 0.43 0.04 1 0.061 0.213 0.034 0.106 0.007 0.416 0.015 0.004 0.005 0.03 0.081 0.111 0.003 0.001 0.037 0.034 0.123 0.009 0.033 0.218 0.593 0.005 0 0.106 0.08 0.04 0.004 0.427 0.58 0.495 0.469 0.005 0.432 0.001 0.122 0.016 0.01 0.362 0.457 0.093 0.003 0.002 0.238 0.009 0.432 0.416 0.408 0.062 0.005 0.078 0.354 0.003 0.008 0.007 0.009 0.035
0.153 0.143 0.135 0.314 0.082 0.025 0.015 0.052 0.281 0.049 0.027 0.013 0.011 0.132 0.14 0.06 0.064 0.01 0.027 0.133 0.061 1 0.489 0.082 0.233 0.02 0.021 0.035 0.008 0.01 0.042 0.189 0.041 0.009 0.015 0.031 0.034 0.054 0.091 0.079 0.009 0.04 0.068 0.021 0.001 0.016 0.141 0.002 0.028 0.008 0.004 0.01 0.001 0.019 0.005 0.012 0 0.009 0.022 0.014 0.005 0.001 0.01 0.005 0.014 0.012 0.028 0.016 0.001 0.012 0.002 0.014 0.043 0.005 0.004 0.029 0
0.142 0.123 0.118 0.36 0.142 0.049 0.03 0.089 0.479 0.084 0.046 0.029 0.019 0.212 0.222 0.104 0.11 0.018 0.093 0.214 0.213 0.489 1 0.145 0.426 0.034 0.099 0.063 0.015 0.019 0.089 0.339 0.158 0.015 0.007 0.002 0.003 0.19 0.045 0.141 0.072 0.143 0.039 0.019 0.055 0.087 0.03 0.006 0.108 0.226 0.208 0.167 0.005 0.127 0.001 0.019 0.006 0 0.095 0.151 0.019 0.005 0.004 0.091 0.03 0.145 0.098 0.122 0.022 0.021 0.023 0.109 0.025 0 0 0.005 0.019
0.295 0.345 0.355 0.197 0.689 0.018 0.012 0.547 0.235 0.51 0.286 0.007 0.006 0.44 0.445 0.489 0.527 0.121 0.014 0.52 0.034 0.082 0.145 1 0.296 0.01 0.016 0.021 0.006 0.007 0.783 0.213 0.152 0.005 0.008 0.202 0.17 0.131 0.011 0.047 0.03 0.003 0.008 0 0.077 0.038 0.075 0 0.01 0.041 0.038 0.009 0 0.01 0.007 0.007 0.006 0.005 0.009 0.034 0.004 0.005 0.003 0.008 0.012 0.029 0.012 0.005 0.007 0.006 0.012 0.006 0.004 0.004 0.001 0.009 0.007
0.298 0.295 0.312 0.623 0.256 0.104 0.063 0.181 0.739 0.169 0.093 0.022 0.039 0.406 0.414 0.21 0.223 0.038 0.046 0.443 0.106 0.233 0.426 0.296 1 0.033 0.049 0.118 0.038 0.044 0.232 0.781 0.561 0.027 0.016 0.017 0.012 0.494 0.027 0.2 0.002 0.062 0.024 0.041 0.004 0.218 0.188 0.012 0.03 0.137 0.127 0.073 0.008 0.06 0.006 0.022 0.009 0.003 0.03 0.089 0.01 0.016 0.013 0.046 0.004 0.084 0.038 0.055 0.011 0.039 0.021 0.057 0.012 0 0.001 0.002 0.022
0.001 0.018 0.019 0 0.01 0.004 0.003 0.006 0.001 0.006 0.003 0.002 0.001 0.012 0.012 0.007 0.007 0.001 0.003 0.018 0.007 0.02 0.034 0.01 0.033 1 0.003 0.005 0.001 0.002 0.011 0.033 0.043 0 0.002 0.011 0.011 0 0.003 0.028 0.027 0.01 0 0.003 0.011 0.003 0.002 0.001 0.009 0.004 0.004 0.006 0.001 0.007 0.002 0.002 0.001 0.001 0.009 0.006 0.001 0.135 0.002 0.001 0.139 0.006 0.009 0.008 0.001 0 0.003 0.006 0.001 0.001 0.002 0.003 0.002
0.033 0.027 0.028 0.055 0.015 0.006 0.004 0.009 0.042 0.008 0.005 0.002 0.002 0.02 0.022 0.01 0.011 0.002 0.918 0.027 0.416 0.021 0.099 0.016 0.049 0.003 1 0.007 0.002 0.002 0.016 0.048 0.063 0.001 0.003 0.017 0.016 0.07 0.004 0.015 0.087 0.299 0.002 0.004 0.039 0.037 0.024 0.002 0.174 0.271 0.238 0.221 0.002 0.204 0.002 0.002 0 0.002 0.128 0.214 0.001 0.002 0.002 0.42 0.004 0.199 0.174 0.195 0 0.002 0.004 0.174 0.001 0.001 0.003 0.005 0
0.173 0.21 0.204 0.078 0.02 0.805 0.495 0.012 0.104 0.011 0.006 0.003 0.288 0.211 0.198 0.014 0.015 0.003 0.006 0.163 0.015 0.035 0.063 0.021 0.118 0.005 0.007 1 0.278 0.329 0.021 0.104 0.069 0.011 0.234 0.023 0.02 0.059 0.005 0.011 0.015 0.015 0.003 0.308 0.016 0.001 0.029 0.104 0.026 0.017 0.016 0.022 0.082 0.002 0.165 0.003 0.003 0.071 0.015 0.001 0.002 0.002 0.171 0.004 0.005 0.001 0.013 0.003 0.003 0.002 0 0.002 0.002 0.077 0.068 0.016 0.003
0.05 0.061 0.059 0.028 0.006 0.285 0.455 0.003 0.03 0.003 0.002 0.001 0.001 0.056 0.053 0.004 0.004 0.001 0.002 0.062 0.004 0.008 0.015 0.006 0.038 0.001 0.002 0.278 1 0.823 0.006 0.012 0.008 0.001 0.007 0.006 0.006 0.007 0.001 0.006 0.013 0.005 0.001 0.131 0.015 0.014 0.002 0.001 0.013 0.006 0.006 0.007 0.001 0.001 0.06 0.001 0.001 0.022 0.005 0.001 0 0.001 0.06 0.004 0.002 0.001 0.005 0.001 0.001 0.001 0.005 0.001 0 0.035 0.009 0.001 0.001
0.06 0.073 0.071 0.033 0.007 0.342 0.547 0.004 0.036 0.004 0.002 0.001 0.001 0.07 0.066 0.005 0.005 0.001 0.002 0.074 0.005 0.01 0.019 0.007 0.044 0.002 0.002 0.329 0.823 1 0.007 0.018 0.013 0.001 0.052 0.007 0.006 0.011 0.002 0.007 0.02 0.007 0.001 0.201 0.018 0.016 0.003 0.001 0.023 0.007 0.007 0.009 0 0.001 0.047 0.001 0.001 0.099 0.013 0.001 0.001 0.001 0.048 0 0.002 0.001 0.012 0 0.001 0.001 0.004 0.001 0.001 0.028 0.007 0 0.001
0.236 0.279 0.288 0.149 0.528 0.019 0.012 0.463 0.165 0.428 0.276 0.004 0.006 0.319 0.33 0.414 0.45 0.118 0.015 0.392 0.03 0.042 0.089 0.783 0.232 0.011 0.016 0.021 0.006 0.007 1 0.284 0.211 0.005 0.008 0.296 0.259 0.186 0.012 0.048 0.065 0.003 0.008 0 0.108 0.074 0.075 0.002 0.01 0.038 0.035 0.008 0.003 0.009 0.007 0.007 0.006 0.005 0.01 0.032 0.004 0.004 0.003 0.007 0.012 0.027 0.012 0.005 0.007 0.007 0.012 0.007 0.004 0.004 0.006 0.016 0.007
0.241 0.236 0.252 0.555 0.193 0.08 0.041 0.147 0.637 0.136 0.092 0.019 0.039 0.323 0.332 0.175 0.173 0.038 0.045 0.322 0.081 0.189 0.339 0.213 0.781 0.033 0.048 0.104 0.012 0.018 0.284 1 0.722 0.027 0.051 0.041 0.034 0.645 0.038 0.202 0.002 0.07 0.024 0.085 0 0.281 0.224 0.012 0.02 0.15 0.14 0.082 0.006 0.063 0.035 0.022 0.005 0.003 0.018 0.092 0.01 0.014 0.047 0.055 0.004 0.082 0.024 0.057 0.011 0.039 0.021 0.06 0.012 0.028 0 0.011 0.015
0.149 0.144 0.155 0.358 0.137 0.047 0.02 0.108 0.421 0.099 0.069 0.025 0.03 0.219 0.225 0.129 0.126 0.029 0.058 0.212 0.111 0.041 0.158 0.152 0.561 0.043 0.063 0.069 0.008 0.013 0.211 0.722 1 0.02 0.038 0.252 0.245 0.894 0.05 0.143 0.046 0.084 0.03 0.065 0.01 0.411 0.196 0.008 0.037 0.171 0.153 0.1 0.003 0.087 0.026 0.029 0.01 0.001 0.034 0.118 0.013 0.018 0.029 0.055 0.001 0.107 0.043 0.081 0.012 0.029 0.036 0.081 0.007 0.021 0.001 0.013 0.024
0.005 0 0 0.026 0.002 0.014 0.001 0.001 0.028 0.001 0 0.001 0.057 0 0 0.001 0.001 0.001 0.001 0 0.003 0.009 0.015 0.005 0.027 0 0.001 0.011 0.001 0.001 0.005 0.027 0.02 1 0.001 0.005 0.005 0.021 0.001 0.094 0.014 0.004 0.001 0.001 0.012 0.039 0.01 0 0.007 0.005 0.004 0.006 0 0.006 0.001 0.001 0.001 0 0.007 0.006 0 0 0.001 0.003 0.001 0.006 0.007 0.007 0.001 0.493 0.001 0.006 0 0 0.001 0.001 0.001
0.03 0.039 0.037 0.008 0.007 0.099 0.168 0.005 0.015 0.004 0.002 0 0.001 0.046 0.049 0.005 0.006 0.001 0.002 0.011 0.001 0.015 0.007 0.008 0.016 0.002 0.003 0.234 0.007 0.052 0.008 0.051 0.038 0.001 1 0.009 0.008 0.036 0.002 0.008 0.052 0.007 0.001 0.375 0 0.019 0.018 0.044 0.055 0.008 0.008 0.01 0.035 0 0.358 0.001 0.001 0.054 0.051 0 0.001 0.001 0.344 0 0.002 0 0.047 0 0.001 0.001 0.002 0 0.001 0.241 0.02 0 0.001
0.047 0.056 0.061 0.008 0.153 0.02 0.013 0.251 0.012 0.222 0.127 0.008 0.007 0.061 0.066 0.223 0.23 0.006 0.016 0.067 0.037 0.031 0.002 0.202 0.017 0.011 0.017 0.023 0.006 0.007 0.296 0.041 0.252 0.005 0.009 1 0.926 0.228 0.013 0.053 0.324 0.029 0.124 0.001 0.243 0.254 0.021 0.006 0.039 0.033 0.027 0.038 0.007 0.027 0.008 0.008 0.003 0.005 0.035 0.026 0.004 0.004 0.008 0.007 0.013 0.021 0.043 0.029 0.004 0.007 0.013 0.022 0.039 0.005 0.011 0.006 0.005
0.036 0.051 0.048 0.005 0.123 0.019 0.012 0.263 0.008 0.232 0.129 0.007 0.006 0.048 0.053 0.187 0.196 0.006 0.015 0.053 0.034 0.034 0.003 0.17 0.012 0.011 0.016 0.02 0.006 0.006 0.259 0.034 0.245 0.005 0.008 0.926 1 0.224 0.013 0.05 0.316 0.026 0.133 0.01 0.229 0.281 0.02 0.006 0.053 0.03 0.024 0.035 0.007 0.041 0.007 0.007 0.003 0.005 0.048 0.037 0.004 0.004 0.007 0.013 0.011 0.033 0.05 0.042 0.004 0.007 0.013 0.035 0.042 0.004 0.01 0.009 0.004
0.144 0.117 0.127 0.404 0.116 0.039 0.015 0.092 0.474 0.084 0.058 0.028 0.027 0.196 0.201 0.111 0.108 0.026 0.065 0.179 0.123 0.054 0.19 0.131 0.494 0 0.07 0.059 0.007 0.011 0.186 0.645 0.894 0.021 0.036 0.228 0.224 1 0.056 0.221 0.031 0.096 0.027 0.059 0.004 0.487 0.235 0.007 0.047 0.189 0.17 0.115 0.002 0.102 0.023 0.032 0.011 0.001 0.044 0.135 0.015 0.01 0.026 0.063 0.038 0.124 0.054 0.096 0.013 0.029 0.04 0.095 0.006 0.019 0.002 0.016 0.026
0.025 0.021 0.021 0.044 0.011 0.005 0.003 0.006 0.041 0.006 0.003 0.002 0.002 0.022 0.024 0.007 0.008 0.002 0.004 0.012 0.009 0.091 0.045 0.011 0.027 0.003 0.004 0.005 0.001 0.002 0.012 0.038 0.05 0.001 0.002 0.013 0.013 0.056 1 0.012 0.033 0.008 0.002 0.003 0.019 0.02 0.047 0.001 0.009 0.004 0.003 0.003 0.002 0.013 0.002 0.002 0.002 0.001 0.009 0.006 0.001 0.001 0.002 0.005 0 0.006 0.015 0.007 0.002 0.002 0.001 0.005 0.001 0.001 0.003 0.037 0.002
0 0.016 0.013 0.253 0.015 0.015 0.011 0.025 0.276 0.023 0.011 0.007 0.123 0.004 0.004 0.005 0.006 0.005 0.014 0.002 0.033 0.079 0.141 0.047 0.2 0.028 0.015 0.011 0.006 0.007 0.048 0.202 0.143 0.094 0.008 0.053 0.05 0.221 0.012 1 0.152 0.045 0.008 0.013 0.112 0.369 0.068 0.009 0.076 0.049 0.046 0.06 0.005 0.065 0.007 0.007 0.006 0.005 0.075 0.06 0.003 0.005 0.007 0.031 0.202 0.061 0.076 0.067 0.006 0.132 0.012 0.059 0.004 0.004 0 0 0.006
0.069 0.095 0.096 0 0.02 0.004 0.034 0.061 0.003 0.052 0.03 0.047 0.019 0.034 0.037 0.045 0.053 0.019 0.094 0.027 0.218 0.009 0.072 0.03 0.002 0.027 0.087 0.015 0.013 0.02 0.065 0.002 0.046 0.014 0.052 0.324 0.316 0.031 0.033 0.152 1 0.198 0.049 0.086 0.402 0.008 0.09 0.002 0.241 0.177 0.154 0.113 0.004 0.16 0.036 0.047 0.008 0.033 0.176 0.18 0.022 0.008 0.038 0.084 0.037 0.178 0.189 0.139 0.014 0.02 0.037 0.135 0.01 0.028 0.012 0.031 0.005
0 0.002 0.001 0.015 0.003 0.013 0.007 0 0.062 0 0 0.082 0.006 0.017 0.018 0.002 0.001 0.006 0.311 0.013 0.593 0.04 0.143 0.003 0.062 0.01 0.299 0.015 0.005 0.007 0.003 0.07 0.084 0.004 0.007 0.029 0.026 0.096 0.008 0.045 0.198 1 0.007 0.012 0.183 0.111 0.047 0.005 0.574 0.672 0.606 0.74 0.006 0.622 0.007 0.137 0.025 0.007 0.49 0.537 0.058 0.004 0.003 0.27 0.013 0.503 0.558 0.639 0.057 0.006 0.108 0.568 0.004 0.004 0.01 0.014 0.033
0.006 0.013 0.014 0.026 0.007 0.003 0.002 0.004 0.024 0.004 0.002 0.001 0.001 0.012 0.013 0.005 0.005 0.001 0.002 0.013 0.005 0.068 0.039 0.008 0.024 0 0.002 0.003 0.001 0.001 0.008 0.024 0.03 0.001 0.001 0.124 0.133 0.027 0.002 0.008 0.049 0.007 1 0.002 0.006 0.019 0.022 0.001 0.012 0.008 0.007 0.01 0.001 0.01 0.001 0.001 0.001 0.001 0.011 0.01 0.001 0.001 0.001 0.005 0.002 0.01 0.012 0.01 0.001 0.001 0.002 0.009 0.001 0.001 0.002 0 0.001
0.064 0.064 0.078 0.029 0 0.154 0.262 0.006 0.033 0.005 0.002 0 0.002 0.085 0.086 0 0 0.002 0.004 0.045 0 0.021 0.019 0 0.041 0.003 0.004 0.308 0.131 0.201 0 0.085 0.065 0.001 0.375 0.001 0.01 0.059 0.003 0.013 0.086 0.012 0.002 1 0 0.029 0.03 0.001 0.163 0.014 0.013 0.016 0.002 0.007 0.466 0.002 0.002 0.12 0.125 0.007 0.001 0.001 0.422 0.002 0.003 0.009 0.099 0.005 0.002 0.002 0.001 0.006 0.001 0.323 0.003 0.004 0.002
0.033 0.048 0.049 0 0.051 0.033 0.017 0.128 0.005 0.115 0.057 0.018 0.016 0.018 0.017 0.102 0.114 0.015 0.045 0.013 0.106 0.001 0.055 0.077 0.004 0.011 0.039 0.016 0.015 0.018 0.108 0 0.01 0.012 0 0.243 0.229 0.004 0.019 0.112 0.402 0.183 0.006 0 1 0.009 0.101 0.014 0.196 0.204 0.199 0.199 0.017 0.181 0 0.032 0.001 0.002 0.206 0.179 0.007 0.006 0.001 0.091 0.035 0.17 0.174 0.197 0.006 0.017 0.024 0.212 0.013 0.001 0.026 0.03 0.012
0.027 0.009 0.01 0.236 0.043 0 0.028 0.092 0.267 0.08 0.048 0.017 0.042 0.024 0.028 0.096 0.097 0.005 0.034 0.031 0.08 0.016 0.087 0.038 0.218 0.003 0.037 0.001 0.014 0.016 0.074 0.281 0.411 0.039 0.019 0.254 0.281 0.487 0.02 0.369 0.008 0.111 0.019 0.029 0.009 1 0.122 0 0.188 0.122 0.115 0.147 0 0.161 0.018 0.017 0.014 0.012 0.187 0.149 0.009 0.01 0.018 0.076 0.112 0.145 0.188 0.168 0.016 0.055 0.03 0.146 0.015 0.01 0.004 0.005 0.018
0.122 0.101 0.107 0.21 0.044 0.016 0.006 0.046 0.208 0.049 0.028 0.001 0.014 0.064 0.067 0.024 0.027 0.009 0.031 0.072 0.04 0.141 0.03 0.075 0.188 0.002 0.024 0.029 0.002 0.003 0.075 0.224 0.196 0.01 0.018 0.021 0.02 0.235 0.047 0.068 0.09 0.047 0.022 0.03 0.101 0.122 1 0.013 0.107 0.055 0.049 0.071 0.007 0.061 0.01 0 0.002 0.011 0.08 0.053 0 0.012 0.016 0.046 0.029 0.054 0.08 0.064 0.002 0.013 0 0.06 0.001 0.01 0.002 0.041 0
0.019 0.025 0.024 0.009 0.002 0.116 0.027 0.003 0.017 0.003 0.002 0.001 0.118 0.031 0.029 0.004 0.004 0.003 0.002 0.035 0.004 0.002 0.006 0 0.012 0.001 0.002 0.104 0.001 0.001 0.002 0.012 0.008 0 0.044 0.006 0.006 0.007 0.001 0.009 0.002 0.005 0.001 0.001 0.014 0 0.013 1 0.009 0.006 0.005 0.007 0.834 0.008 0.001 0.001 0.001 0.001 0.009 0.007 0 0.001 0.001 0.004 0.002 0.007 0.009 0.008 0.001 0 0.001 0.007 0 0 0.518 0.067 0.001
0.009 0.015 0.017 0.006 0.01 0.007 0.032 0.009 0.035 0.007 0.001 0.066 0.01 0 0 0.005 0.004 0.009 0.184 0.001 0.427 0.028 0.108 0.01 0.03 0.009 0.174 0.026 0.013 0.023 0.01 0.02 0.037 0.007 0.055 0.039 0.053 0.047 0.009 0.076 0.241 0.574 0.012 0.163 0.196 0.188 0.107 0.009 1 0.652 0.598 0.667 0.011 0.712 0.075 0.091 0.011 0.065 0.837 0.667 0.046 0.008 0.078 0.354 0.021 0.65 0.844 0.739 0.038 0.01 0.123 0.666 0.007 0.055 0.016 0.024 0.036
0.008 0.005 0.006 0.053 0.034 0.015 0.008 0.028 0.127 0.026 0.014 0.094 0.006 0.058 0.059 0.033 0.027 0.006 0.283 0.049 0.58 0.008 0.226 0.041 0.137 0.004 0.271 0.017 0.006 0.007 0.038 0.15 0.171 0.005 0.008 0.033 0.03 0.189 0.004 0.049 0.177 0.672 0.008 0.014 0.204 0.122 0.055 0.006 0.652 1 0.92 0.816 0.007 0.723 0.008 0.14 0.022 0.008 0.553 0.802 0.071 0.005 0.004 0.434 0.014 0.77 0.595 0.711 0.064 0.007 0.154 0.664 0.004 0.004 0.01 0.016 0.062
0.006 0.003 0.004 0.046 0.031 0.014 0.007 0.026 0.12 0.024 0.013 0.053 0.006 0.055 0.056 0.031 0.025 0.006 0.253 0.057 0.495 0.004 0.208 0.038 0.127 0.004 0.238 0.016 0.006 0.007 0.035 0.14 0.153 0.004 0.008 0.027 0.024 0.17 0.003 0.046 0.154 0.606 0.007 0.013 0.199 0.115 0.049 0.005 0.598 0.92 1 0.765 0.006 0.676 0.007 0.149 0.031 0 0.555 0.76 0.076 0.005 0.003 0.355 0.013 0.72 0.555 0.666 0.081 0.006 0.165 0.615 0.004 0.004 0.01 0.015 0.076
0.001 0 0 0.032 0.007 0.019 0.01 0.001 0.087 0.001 0 0.072 0.008 0.029 0.03 0.003 0.002 0.008 0.232 0.024 0.469 0.01 0.167 0.009 0.073 0.006 0.221 0.022 0.007 0.009 0.008 0.082 0.1 0.006 0.01 0.038 0.035 0.115 0.003 0.06 0.113 0.74 0.01 0.016 0.199 0.147 0.071 0.007 0.667 0.816 0.765 1 0.008 0.751 0.009 0.115 0.038 0.005 0.624 0.688 0.059 0.006 0.005 0.353 0.017 0.659 0.665 0.792 0.08 0.008 0.124 0.681 0.005 0.005 0.013 0.019 0.057
0.02 0.026 0.025 0.008 0 0.093 0.021 0.004 0.016 0.004 0.002 0.001 0.096 0.031 0.029 0.004 0.005 0.002 0.002 0.035 0.005 0.001 0.005 0 0.008 0.001 0.002 0.082 0.001 0 0.003 0.006 0.003 0 0.035 0.007 0.007 0.002 0.002 0.005 0.004 0.006 0.001 0.002 0.017 0 0.007 0.834 0.011 0.007 0.006 0.008 1 0.009 0.001 0.001 0.001 0.001 0.01 0.008 0 0.001 0.001 0.004 0.002 0.008 0.011 0.009 0.001 0 0.002 0.008 0.001 0.001 0.605 0.092 0.001
0 0.002 0.002 0.015 0.008 0 0.003 0.009 0.054 0.007 0.005 0.069 0.008 0.011 0.012 0.004 0.003 0.008 0.214 0.009 0.432 0.019 0.127 0.01 0.06 0.007 0.204 0.002 0.001 0.001 0.009 0.063 0.087 0.006 0 0.027 0.041 0.102 0.013 0.065 0.16 0.622 0.01 0.007 0.181 0.161 0.061 0.008 0.712 0.723 0.676 0.751 0.009 1 0.01 0.103 0.059 0.076 0.743 0.886 0.054 0.006 0.006 0.447 0.018 0.866 0.781 0.927 0.101 0.009 0.142 0.811 0.006 0.006 0.014 0.021 0.11
0.01 0.015 0.014 0.002 0.007 0.033 0.06 0.004 0.003 0.004 0.002 0 0.001 0.02 0.022 0.005 0.005 0.001 0.002 0.001 0.001 0.005 0.001 0.007 0.006 0.002 0.002 0.165 0.06 0.047 0.007 0.035 0.026 0.001 0.358 0.008 0.007 0.023 0.002 0.007 0.036 0.007 0.001 0.466 0 0.018 0.01 0.001 0.075 0.008 0.007 0.009 0.001 0.01 1 0.001 0.001 0.001 0.075 0.009 0.001 0.001 0.761 0.005 0.002 0.009 0.074 0.01 0.001 0.001 0.002 0.009 0.001 0.578 0.002 0.002 0.001
0.028 0.036 0.035 0.012 0.001 0.003 0.002 0.004 0.014 0.004 0.002 0.013 0.001 0.004 0.001 0.005 0.005 0.001 0.002 0.012 0.122 0.012 0.019 0.007 0.022 0.002 0.002 0.003 0.001 0.001 0.007 0.022 0.029 0.001 0.001 0.008 0.007 0.032 0.002 0.007 0.047 0.137 0.001 0.002 0.032 0.017 0 0.001 0.091 0.14 0.149 0.115 0.001 0.103 0.001 1 0 0.001 0.069 0.107 0.042 0 0.001 0.001 0.002 0.115 0.089 0.103 0 0.001 0.32 0.075 0.001 0.001 0.001 0.002 0
0.005 0.004 0.004 0.004 0.002 0 0 0.001 0.003 0.001 0.002 0.176 0.001 0.004 0.005 0.001 0.002 0.001 0 0.01 0.016 0 0.006 0.006 0.009 0.001 0 0.003 0.001 0.001 0.006 0.005 0.01 0.001 0.001 0.003 0.003 0.011 0.002 0.006 0.008 0.025 0.001 0.002 0.001 0.014 0.002 0.001 0.011 0.022 0.031 0.038 0.001 0.059 0.001 0 1 0.001 0.05 0.064 0.148 0.001 0.001 0.004 0.002 0.063 0.041 0.046 0.403 0.001 0 0.034 0.001 0.001 0.001 0.002 0.223
0.011 0.011 0.01 0.002 0.005 0.081 0.136 0.003 0.002 0.003 0.001 0.073 0.001 0.012 0.011 0.003 0.004 0.001 0.001 0.031 0.01 0.009 0 0.005 0.003 0.001 0.002 0.071 0.022 0.099 0.005 0.003 0.001 0 0.054 0.005 0.005 0.001 0.001 0.005 0.033 0.007 0.001 0.12 0.002 0.012 0.011 0.001 0.065 0.008 0 0.005 0.001 0.076 0.001 0.001 0.001 1 0.061 0.082 0 0.001 0.001 0.027 0.001 0.081 0.046 0.066 0.001 0.001 0.014 0.065 0 0 0.001 0.002 0.001
0.007 0.011 0.013 0.007 0.01 0.003 0.021 0.005 0.035 0.004 0.001 0.057 0.01 0 0.001 0.003 0.002 0.009 0.14 0.002 0.362 0.022 0.095 0.009 0.03 0.009 0.128 0.015 0.005 0.013 0.01 0.018 0.034 0.007 0.051 0.035 0.048 0.044 0.009 0.075 0.176 0.49 0.011 0.125 0.206 0.187 0.08 0.009 0.837 0.553 0.555 0.624 0.01 0.743 0.075 0.069 0.05 0.061 1 0.691 0.047 0.008 0.079 0.322 0.021 0.681 0.889 0.779 0.087 0.01 0.103 0.685 0.007 0.055 0.016 0.024 0.095
0.001 0 0 0.026 0.024 0 0.004 0.03 0.075 0.028 0.017 0.076 0.008 0.024 0.025 0.022 0.018 0.008 0.231 0.021 0.457 0.014 0.151 0.034 0.089 0.006 0.214 0.001 0.001 0.001 0.032 0.092 0.118 0.006 0 0.026 0.037 0.135 0.006 0.06 0.18 0.537 0.01 0.007 0.179 0.149 0.053 0.007 0.667 0.802 0.76 0.688 0.008 0.886 0.009 0.107 0.064 0.082 0.691 1 0.059 0.006 0.005 0.468 0.017 0.944 0.694 0.86 0.109 0.008 0.15 0.791 0.005 0.005 0.013 0.019 0.12
0.008 0.006 0.006 0.012 0.003 0.001 0.001 0.002 0.011 0.002 0.001 0.374 0 0 0 0.002 0.003 0 0.001 0.006 0.093 0.005 0.019 0.004 0.01 0.001 0.001 0.002 0 0.001 0.004 0.01 0.013 0 0.001 0.004 0.004 0.015 0.001 0.003 0.022 0.058 0.001 0.001 0.007 0.009 0 0 0.046 0.071 0.076 0.059 0 0.054 0.001 0.042 0.148 0 0.047 0.059 1 0 0.001 0.002 0.001 0.058 0.036 0.039 0.197 0 0.017 0.045 0 0 0.001 0.001 0.089
0.008 0.007 0.007 0.016 0.005 0.002 0.001 0.003 0.017 0.003 0.001 0.001 0.001 0.003 0.003 0.003 0.004 0.001 0.001 0.009 0.003 0.001 0.005 0.005 0.016 0.135 0.002 0.002 0.001 0.001 0.004 0.014 0.018 0 0.001 0.004 0.004 0.01 0.001 0.005 0.008 0.004 0.001 0.001 0.006 0.01 0.012 0.001 0.008 0.005 0.005 0.006 0.001 0.006 0.001 0 0.001 0.001 0.008 0.006 0 1 0.001 0.003 0.001 0.006 0.008 0.007 0.001 0.001 0.001 0.006 0 0 0.001 0.002 0.001
0.014 0.019 0.018 0.004 0.007 0.041 0.074 0.004 0.009 0.004 0.002 0 0.001 0.033 0.036 0.005 0.005 0.001 0.002 0.005 0.002 0.01 0.004 0.003 0.013 0.002 0.002 0.171 0.06 0.048 0.003 0.047 0.029 0.001 0.344 0.008 0.007 0.026 0.002 0.007 0.038 0.003 0.001 0.422 0.001 0.018 0.016 0.001 0.078 0.004 0.003 0.005 0.001 0.006 0.761 0.001 0.001 0.001 0.079 0.005 0.001 0.001 1 0.001 0.002 0.005 0.077 0.006 0.001 0.001 0 0.005 0.001 0.492 0.001 0.002 0.001
0.026 0.027 0.022 0.059 0.016 0.003 0 0.017 0.051 0.016 0.009 0.003 0.004 0.017 0.019 0.011 0.007 0.004 0.433 0.007 0.238 0.005 0.091 0.008 0.046 0.001 0.42 0.004 0.004 0 0.007 0.055 0.055 0.003 0 0.007 0.013 0.063 0.005 0.031 0.084 0.27 0.005 0.002 0.091 0.076 0.046 0.004 0.354 0.434 0.355 0.353 0.004 0.447 0.005 0.001 0.004 0.027 0.322 0.468 0.002 0.003 0.001 1 0.009 0.445 0.362 0.432 0.004 0.004 0.007 0.4 0.003 0.003 0.006 0.01 0.004
0.003 0.021 0.022 0.049 0.011 0.005 0.003 0.006 0.054 0.006 0.004 0.002 0.002 0.022 0.024 0.007 0.008 0.002 0.004 0.021 0.009 0.014 0.03 0.012 0.004 0.139 0.004 0.005 0.002 0.002 0.012 0.004 0.001 0.001 0.002 0.013 0.011 0.038 0 0.202 0.037 0.013 0.002 0.003 0.035 0.112 0.029 0.002 0.021 0.014 0.013 0.017 0.002 0.018 0.002 0.002 0.002 0.001 0.021 0.017 0.001 0.001 0.002 0.009 1 0.017 0.021 0.019 0.002 0.002 0.003 0.017 0.001 0.001 0.003 0.001 0.002
0 0 0 0.022 0.02 0 0.003 0.031 0.069 0.028 0.018 0.064 0.008 0.021 0.022 0.02 0.017 0.004 0.208 0.018 0.432 0.012 0.145 0.029 0.084 0.006 0.199 0.001 0.001 0.001 0.027 0.082 0.107 0.006 0 0.021 0.033 0.124 0.006 0.061 0.178 0.503 0.01 0.009 0.17 0.145 0.054 0.007 0.65 0.77 0.72 0.659 0.008 0.866 0.009 0.115 0.063 0.081 0.681 0.944 0.058 0.006 0.005 0.445 0.017 1 0.677 0.841 0.108 0.008 0.156 0.778 0.005 0.005 0.013 0.02 0.118
0.005 0.011 0.011 0.007 0.01 0.002 0.018 0.005 0.036 0.004 0.001 0.057 0.01 0.001 0.001 0.004 0.003 0.01 0.183 0.005 0.416 0.028 0.098 0.012 0.038 0.009 0.174 0.013 0.005 0.012 0.012 0.024 0.043 0.007 0.047 0.043 0.05 0.054 0.015 0.076 0.189 0.558 0.012 0.099 0.174 0.188 0.08 0.009 0.844 0.595 0.555 0.665 0.011 0.781 0.074 0.089 0.041 0.046 0.889 0.694 0.036 0.008 0.077 0.362 0.021 0.677 1 0.79 0.086 0.01 0.124 0.681 0.007 0.053 0.016 0.023 0.084
0.001 0.003 0.004 0.012 0.004 0.001 0.002 0.003 0.049 0.002 0 0.056 0.009 0.008 0.009 0.001 0.001 0.008 0.205 0.006 0.408 0.016 0.122 0.005 0.055 0.008 0.195 0.003 0.001 0 0.005 0.057 0.081 0.007 0 0.029 0.042 0.096 0.007 0.067 0.139 0.639 0.01 0.005 0.197 0.168 0.064 0.008 0.739 0.711 0.666 0.792 0.009 0.927 0.01 0.103 0.046 0.066 0.779 0.86 0.039 0.007 0.006 0.432 0.019 0.841 0.79 1 0.083 0.009 0.139 0.863 0.006 0.006 0.014 0.021 0.092
0 0 0 0.001 0.003 0 0 0.001 0.008 0.001 0.002 0.08 0.001 0.006 0.006 0.002 0.002 0.001 0 0.011 0.062 0.001 0.022 0.007 0.011 0.001 0 0.003 0.001 0.001 0.007 0.011 0.012 0.001 0.001 0.004 0.004 0.013 0.002 0.006 0.014 0.057 0.001 0.002 0.006 0.016 0.002 0.001 0.038 0.064 0.081 0.08 0.001 0.101 0.001 0 0.403 0.001 0.087 0.109 0.197 0.001 0.001 0.004 0.002 0.108 0.086 0.083 1 0.001 0.002 0.07 0.001 0.001 0.001 0.002 0.426
0.002 0.001 0.001 0.036 0.004 0.003 0.002 0.002 0.039 0.002 0 0.001 0.022 0.001 0 0.002 0.003 0.001 0.002 0.001 0.005 0.012 0.021 0.006 0.039 0 0.002 0.002 0.001 0.001 0.007 0.039 0.029 0.493 0.001 0.007 0.007 0.029 0.002 0.132 0.02 0.006 0.001 0.002 0.017 0.055 0.013 0 0.01 0.007 0.006 0.008 0 0.009 0.001 0.001 0.001 0.001 0.01 0.008 0 0.001 0.001 0.004 0.002 0.008 0.01 0.009 0.001 1 0.002 0.008 0.001 0.001 0.001 0.002 0.001
0.016 0.023 0.022 0.002 0.002 0.001 0.004 0.007 0.011 0.007 0.004 0.02 0.002 0.001 0.001 0.008 0.008 0.002 0.004 0.005 0.078 0.002 0.023 0.012 0.021 0.003 0.004 0 0.005 0.004 0.012 0.021 0.036 0.001 0.002 0.013 0.013 0.04 0.001 0.012 0.037 0.108 0.002 0.001 0.024 0.03 0 0.001 0.123 0.154 0.165 0.124 0.002 0.142 0.002 0.32 0 0.014 0.103 0.15 0.017 0.001 0 0.007 0.003 0.156 0.124 0.139 0.002 0.002 1 0.124 0.001 0.001 0.003 0.004 0.001
0 0.002 0.003 0.014 0.003 0 0.002 0.004 0.045 0.003 0.001 0.055 0.008 0.007 0.007 0.001 0.001 0.007 0.182 0.005 0.354 0.014 0.109 0.006 0.057 0.006 0.174 0.002 0.001 0.001 0.007 0.06 0.081 0.006 0 0.022 0.035 0.095 0.005 0.059 0.135 0.568 0.009 0.006 0.212 0.146 0.06 0.007 0.666 0.664 0.615 0.681 0.008 0.811 0.009 0.075 0.034 0.065 0.685 0.791 0.045 0.006 0.005 0.4 0.017 0.778 0.681 0.863 0.07 0.008 0.124 1 0.005 0.005 0.013 0.019 0.106
0.009 0.007 0.007 0.014 0.004 0.002 0.001 0.002 0.013 0.002 0.001 0.001 0.001 0.007 0.007 0.003 0.003 0.001 0.001 0.007 0.003 0.043 0.025 0.004 0.012 0.001 0.001 0.002 0 0.001 0.004 0.012 0.007 0 0.001 0.039 0.042 0.006 0.001 0.004 0.01 0.004 0.001 0.001 0.013 0.015 0.001 0 0.007 0.004 0.004 0.005 0.001 0.006 0.001 0.001 0.001 0 0.007 0.005 0 0 0.001 0.003 0.001 0.005 0.007 0.006 0.001 0.001 0.001 0.005 1 0 0.001 0.001 0.001
0.001 0.002 0.002 0 0.004 0.031 0.055 0.002 0 0.002 0.001 0.001 0.001 0.006 0.008 0.003 0.003 0.001 0.001 0.002 0.008 0.005 0 0.004 0 0.001 0.001 0.077 0.035 0.028 0.004 0.028 0.021 0 0.241 0.005 0.004 0.019 0.001 0.004 0.028 0.004 0.001 0.323 0.001 0.01 0.01 0 0.055 0.004 0.004 0.005 0.001 0.006 0.578 0.001 0.001 0 0.055 0.005 0 0 0.492 0.003 0.001 0.005 0.053 0.006 0.001 0.001 0.001 0.005 0 1 0.001 0.001 0.001
0.009 0.014 0.013 0.001 0.002 0.079 0.027 0.006 0.004 0.005 0.003 0.001 0.061 0.017 0.015 0.007 0.007 0.001 0.003 0.02 0.007 0.004 0 0.001 0.001 0.002 0.003 0.068 0.009 0.007 0.006 0 0.001 0.001 0.02 0.011 0.01 0.002 0.003 0 0.012 0.01 0.002 0.003 0.026 0.004 0.002 0.518 0.016 0.01 0.01 0.013 0.605 0.014 0.002 0.001 0.001 0.001 0.016 0.013 0.001 0.001 0.001 0.006 0.003 0.013 0.016 0.014 0.001 0.001 0.003 0.013 0.001 0.001 1 0.202 0.002
0.001 0 0 0.009 0.009 0.02 0.001 0.009 0.004 0.008 0.004 0.002 0.036 0 0 0.01 0.011 0.002 0.005 0.001 0.009 0.029 0.005 0.009 0.002 0.003 0.005 0.016 0.001 0 0.016 0.011 0.013 0.001 0 0.006 0.009 0.016 0.037 0 0.031 0.014 0 0.004 0.03 0.005 0.041 0.067 0.024 0.016 0.015 0.019 0.092 0.021 0.002 0.002 0.002 0.002 0.024 0.019 0.001 0.002 0.002 0.01 0.001 0.02 0.023 0.021 0.002 0.002 0.004 0.019 0.001 0.001 0.202 1 0.002
0.001 0 0 0.002 0.006 0.001 0 0.004 0.012 0.003 0.002 0.028 0.001 0.01 0.01 0.005 0.005 0.001 0 0.012 0.035 0 0.019 0.007 0.022 0.002 0 0.003 0.001 0.001 0.007 0.015 0.024 0.001 0.001 0.005 0.004 0.026 0.002 0.006 0.005 0.033 0.001 0.002 0.012 0.018 0 0.001 0.036 0.062 0.076 0.057 0.001 0.11 0.001 0 0.223 0.001 0.095 0.12 0.089 0.001 0.001 0.004 0.002 0.118 0.084 0.092 0.426 0.001 0.001 0.106 0.001 0.001 0.002 0.002 1
