1 0.785 0.826 0.462 0.318 0.155 0.117 0.226 0.242 0.199 0.13 0.026 0.031 0.47 0.439 0.249 0.234 0.033 0.024 0.514 0 0.125 0.083 0.301 0.221 0.004 0.028 0.122 0.035 0.018 0.242 0.197 0.098 0.004 0.046 0.042 0.025 0.098 0.033 0.014 0.081 0.003 0 0.086 0.034 0.003 0.054 0.01 0.043 0.002 0.001 0.001 0.004 0.016 0.013 0.041 0.017 0.012 0.033 0.003 0.012 0 0.018 0.001 0.001 0.008 0.024 0.018 0.003 0.008 0.025 0.015 0.003 0.019 0.001 0.024 0.008
0.785 1 0.931 0.433 0.318 0.189 0.146 0.281 0.198 0.248 0.161 0.021 0.035 0.528 0.485 0.259 0.245 0.042 0.019 0.542 0.003 0.104 0.055 0.308 0.204 0.017 0.023 0.151 0.043 0.023 0.27 0.191 0.096 0.003 0.059 0.048 0.043 0.085 0.026 0.04 0.109 0.008 0 0.071 0.043 0 0.034 0.005 0.046 0 0 0.004 0.006 0.015 0.019 0.049 0.014 0.011 0.035 0.002 0.01 0.001 0.025 0.006 0.024 0.006 0.031 0.018 0.001 0.01 0.038 0.017 0.002 0.025 0.002 0.018 0.005
0.826 0.931 1 0.463 0.378 0.183 0.139 0.268 0.223 0.236 0.154 0.022 0.036 0.571 0.524 0.296 0.28 0.04 0.02 0.597 0.002 0.109 0.061 0.362 0.234 0.019 0.024 0.146 0.041 0.021 0.297 0.206 0.106 0.003 0.056 0.061 0.038 0.093 0.029 0.041 0.116 0.006 0 0.104 0.05 0 0.036 0.004 0.057 0.001 0.001 0.003 0.005 0.023 0.017 0.047 0.014 0.01 0.044 0.006 0.01 0 0.023 0.001 0.025 0.011 0.037 0.025 0.002 0.011 0.037 0.025 0.002 0.024 0.002 0.02 0.006
0.462 0.433 0.463 1 0.18 0.084 0.063 0.128 0.723 0.112 0.073 0.047 0.017 0.25 0.266 0.144 0.129 0.025 0.043 0.27 0.009 0.277 0.27 0.173 0.544 0.003 0.044 0.062 0.019 0.007 0.14 0.526 0.312 0.029 0.022 0.006 0.002 0.381 0.061 0.211 0.003 0.005 0.006 0.044 0 0.189 0.168 0.004 0.001 0.029 0.031 0.012 0.002 0.001 0.004 0.02 0.029 0.001 0 0.008 0.023 0.003 0.009 0.014 0.05 0.003 0 0 0.008 0.021 0.011 0 0.005 0.008 0 0.033 0.019
0.318 0.318 0.378 0.18 1 0.018 0.013 0.501 0.246 0.445 0.25 0.009 0.003 0.481 0.444 0.579 0.558 0.104 0.008 0.497 0.034 0.068 0.129 0.796 0.225 0.005 0.01 0.017 0.004 0.006 0.666 0.201 0.155 0.005 0.008 0.213 0.147 0.14 0.012 0.039 0.043 0.001 0.006 0.004 0.073 0.021 0.058 0.004 0 0.03 0.03 0.004 0.006 0 0.005 0.006 0.006 0.005 0 0.011 0.003 0.001 0.005 0 0.008 0.006 0 0 0.003 0.007 0.004 0 0 0.004 0.002 0.01 0.006
0.155 0.189 0.183 0.084 0.018 1 0.756 0.012 0.107 0.01 0.007 0.004 0.198 0.211 0.197 0.013 0.014 0.002 0.004 0.217 0.016 0.014 0.037 0.02 0.084 0.004 0.004 0.827 0.223 0.16 0.021 0.102 0.059 0.002 0.332 0.02 0.018 0.041 0.005 0 0.022 0.016 0.003 0.292 0.032 0.009 0.017 0.004 0.036 0.015 0.015 0.019 0.003 0 0.133 0.003 0.002 0.103 0.012 0 0.002 0.003 0.153 0.002 0.005 0 0.008 0 0.001 0 0.002 0 0.002 0.159 0.003 0.003 0.002
0.117 0.146 0.139 0.063 0.013 0.756 1 0.009 0.085 0.008 0.005 0.003 0.001 0.168 0.156 0.01 0.011 0.002 0.003 0.171 0.012 0.01 0.027 0.015 0.063 0.003 0.003 0.622 0.295 0.216 0.016 0.079 0.042 0.002 0.443 0.016 0.014 0.026 0.004 0.014 0.05 0.012 0.002 0.384 0.022 0.035 0.011 0.005 0.063 0.012 0.011 0.015 0.004 0.001 0.18 0.002 0.001 0.14 0.027 0.003 0.002 0.002 0.206 0.001 0.003 0.004 0.021 0 0 0.002 0.001 0.001 0.001 0.213 0.005 0.002 0.001
0.226 0.281 0.268 0.128 0.501 0.012 0.009 1 0.165 0.873 0.569 0.006 0.002 0.325 0.303 0.821 0.772 0.003 0.005 0.342 0.023 0.046 0.086 0.565 0.164 0.007 0.006 0.012 0.003 0.004 0.523 0.165 0.107 0.003 0.005 0.265 0.299 0.113 0.008 0.018 0.067 0.003 0.004 0.009 0.139 0.083 0.053 0.002 0.001 0.024 0.024 0.001 0.002 0.001 0.004 0.005 0.004 0.004 0 0.031 0.003 0.005 0.004 0.014 0.007 0.03 0 0 0.003 0.004 0.005 0 0.001 0.004 0.003 0.009 0.005
0.242 0.198 0.223 0.723 0.246 0.107 0.085 0.165 1 0.144 0.094 0.036 0.022 0.358 0.375 0.185 0.169 0.032 0.021 0.375 0.116 0.249 0.458 0.236 0.685 0.007 0.022 0.086 0.025 0.011 0.193 0.709 0.471 0.036 0.033 0.017 0.008 0.556 0.047 0.277 0 0.043 0.025 0.061 0.007 0.24 0.267 0.008 0.006 0.111 0.116 0.062 0.005 0.022 0.007 0.024 0.022 0.003 0.011 0.051 0.017 0.017 0.015 0.012 0.069 0.039 0.013 0.021 0.014 0.03 0.023 0.015 0.003 0.012 0.001 0.025 0.026
0.199 0.248 0.236 0.112 0.445 0.01 0.008 0.873 0.144 1 0.651 0.005 0.002 0.284 0.265 0.709 0.716 0.003 0.005 0.298 0.02 0.04 0.075 0.491 0.142 0.006 0.006 0.01 0.002 0.003 0.453 0.142 0.089 0.003 0.005 0.205 0.232 0.097 0.007 0.015 0.048 0.006 0.004 0.008 0.111 0.061 0.051 0.002 0 0.021 0.021 0.003 0.002 0 0.004 0.004 0.004 0.003 0 0.027 0.003 0.004 0.004 0.012 0.005 0.026 0 0.001 0.003 0.004 0.005 0.001 0.001 0.003 0.003 0.008 0.005
0.13 0.161 0.154 0.073 0.25 0.007 0.005 0.569 0.094 0.651 1 0.003 0.001 0.185 0.173 0.442 0.477 0.002 0.003 0.195 0.013 0.026 0.049 0.315 0.091 0.004 0.004 0.007 0.001 0.002 0.298 0.098 0.056 0.002 0.003 0.148 0.167 0.068 0.004 0.006 0.037 0.003 0.002 0.005 0.074 0.047 0.034 0.001 0 0.014 0.014 0.001 0.001 0 0.002 0.003 0.003 0.002 0 0.018 0.002 0.003 0.002 0.008 0.006 0.017 0 0 0.002 0.002 0.003 0 0.001 0.002 0.002 0.005 0.003
0.026 0.021 0.022 0.047 0.009 0.004 0.003 0.006 0.036 0.005 0.003 1 0.001 0.013 0.014 0.007 0.007 0.001 0.002 0.009 0.216 0.016 0.053 0.01 0.034 0.002 0.002 0.004 0.001 0.001 0.005 0.03 0.039 0.001 0.001 0.01 0.009 0.044 0.003 0.011 0.068 0.164 0.001 0.003 0.049 0.025 0.008 0.001 0.108 0.195 0.159 0.153 0.001 0.129 0.001 0 0.428 0.044 0.099 0.151 0.474 0.002 0.001 0 0.004 0.082 0.093 0.092 0.117 0.002 0.007 0.086 0.001 0.001 0.001 0.003 0.308
0.031 0.035 0.036 0.017 0.003 0.198 0.001 0.002 0.022 0.002 0.001 0.001 1 0.044 0.041 0.003 0.003 0 0.001 0.046 0.003 0.006 0.012 0.004 0.023 0.001 0.001 0.196 0 0.001 0.004 0.024 0.02 0.033 0.001 0.004 0.003 0.017 0.001 0.065 0.009 0.003 0 0 0.008 0.026 0.009 0 0.004 0.003 0.003 0.004 0 0.005 0.001 0.001 0.001 0 0.005 0.004 0 0.001 0.001 0.002 0.001 0.004 0.005 0.005 0 0.005 0.001 0.004 0 0.001 0 0.001 0.001
0.47 0.528 0.571 0.25 0.481 0.211 0.168 0.325 0.358 0.284 0.185 0.013 0.044 1 0.915 0.365 0.345 0.063 0.008 0.8 0.053 0.095 0.186 0.5 0.327 0.012 0.011 0.182 0.049 0.068 0.41 0.33 0.245 0.002 0.074 0.122 0.087 0.229 0.024 0.028 0.086 0.009 0.012 0.132 0.023 0.008 0.093 0.006 0.011 0.052 0.055 0.014 0.007 0 0.026 0.012 0.012 0.019 0.006 0.009 0.007 0.004 0.04 0 0.018 0.004 0.003 0 0.007 0.008 0.009 0.001 0 0.034 0.004 0.01 0.013
0.439 0.485 0.524 0.266 0.444 0.197 0.156 0.303 0.375 0.265 0.173 0.014 0.041 0.915 1 0.341 0.322 0.059 0.009 0.755 0.058 0.099 0.197 0.467 0.332 0.005 0.012 0.169 0.046 0.063 0.39 0.331 0.251 0.003 0.07 0.114 0.081 0.249 0.026 0.013 0.072 0.012 0.009 0.124 0.017 0.015 0.096 0.006 0.007 0.059 0.061 0.019 0.006 0 0.025 0.012 0.013 0.017 0.003 0.013 0.007 0.004 0.038 0.001 0.013 0.007 0.001 0 0.007 0.005 0.012 0 0.001 0.032 0.003 0.011 0.014
0.249 0.259 0.296 0.144 0.579 0.013 0.01 0.821 0.185 0.709 0.442 0.007 0.003 0.365 0.341 1 0.874 0.004 0.006 0.385 0.026 0.051 0.097 0.628 0.185 0.007 0.007 0.013 0.003 0.004 0.583 0.187 0.124 0.004 0.006 0.318 0.226 0.129 0.009 0.02 0.083 0.001 0.005 0.008 0.162 0.052 0.058 0.002 0.003 0.027 0.027 0 0.003 0.005 0.005 0.005 0.005 0.004 0.005 0.007 0.004 0.005 0.004 0.001 0.008 0.004 0.004 0.009 0.004 0.005 0.005 0.01 0.001 0.004 0.003 0.01 0.006
0.234 0.245 0.28 0.129 0.558 0.014 0.011 0.772 0.169 0.716 0.477 0.007 0.003 0.345 0.322 0.874 1 0.004 0.007 0.409 0.027 0.054 0.103 0.669 0.197 0.008 0.008 0.014 0.003 0.004 0.621 0.178 0.116 0.004 0.006 0.315 0.226 0.119 0.009 0.022 0.094 0.004 0.005 0.006 0.176 0.05 0.063 0.002 0.006 0.018 0.018 0.001 0.003 0.008 0.005 0.006 0.006 0.004 0.008 0.004 0.004 0.006 0.005 0.004 0.009 0.001 0.006 0.013 0.004 0.005 0.006 0.015 0.003 0.004 0.004 0.01 0.007
0.033 0.042 0.04 0.025 0.104 0.002 0.002 0.003 0.032 0.003 0.002 0.001 0 0.063 0.059 0.004 0.004 1 0.001 0.066 0.004 0.009 0.017 0.092 0.024 0.001 0.001 0.002 0.001 0.001 0.087 0.026 0.02 0.001 0.001 0.006 0.005 0.025 0.002 0.002 0.014 0.004 0.001 0.001 0.012 0.004 0.008 0.074 0.006 0.004 0.004 0.005 0.065 0.005 0 0.001 0 0.001 0.005 0.005 0 0.001 0 0.003 0 0.002 0.005 0.006 0 0.001 0.001 0.005 0 0 0.041 0.002 0
0.024 0.019 0.02 0.043 0.008 0.004 0.003 0.005 0.021 0.005 0.003 0.002 0.001 0.008 0.009 0.006 0.007 0.001 1 0.016 0.239 0.014 0.063 0.009 0.032 0.002 0.821 0.004 0.001 0.001 0.01 0.029 0.033 0.001 0.002 0.01 0.009 0.041 0.002 0.009 0.06 0.206 0.001 0.003 0.046 0.023 0.019 0.001 0.124 0.211 0.221 0.176 0.001 0.149 0.001 0.001 0.003 0.001 0.119 0.171 0 0.002 0.001 0.305 0.003 0.168 0.132 0.148 0.007 0.002 0.001 0.159 0.001 0.001 0.001 0.003 0.002
0.514 0.542 0.597 0.27 0.497 0.217 0.171 0.342 0.375 0.298 0.195 0.009 0.046 0.8 0.755 0.385 0.409 0.066 0.016 1 0.055 0.099 0.194 0.579 0.393 0.014 0.019 0.183 0.052 0.03 0.491 0.36 0.227 0.002 0.071 0.097 0.065 0.206 0.016 0.026 0.075 0.005 0.012 0.132 0.031 0.004 0.096 0.007 0.018 0.037 0.042 0.007 0.008 0.001 0.023 0.013 0.013 0.024 0.01 0.004 0.008 0.005 0.036 0.001 0.018 0.001 0.006 0.001 0.008 0.007 0.009 0.002 0.001 0.032 0.004 0.013 0.014
0 0.003 0.002 0.009 0.034 0.016 0.012 0.023 0.116 0.02 0.013 0.216 0.003 0.053 0.058 0.026 0.027 0.004 0.239 0.055 1 0.05 0.243 0.039 0.097 0.009 0.268 0.015 0.003 0.005 0.034 0.116 0.143 0.004 0.005 0.035 0.031 0.159 0.01 0.04 0.182 0.585 0.005 0.01 0.154 0.061 0.005 0.003 0.383 0.684 0.635 0.545 0.003 0.445 0.004 0.163 0.105 0.005 0.363 0.513 0.135 0.006 0.003 0.163 0.014 0.454 0.41 0.441 0.085 0.006 0.17 0.389 0.003 0.003 0.004 0.002 0.149
0.125 0.104 0.109 0.277 0.068 0.014 0.01 0.046 0.249 0.04 0.026 0.016 0.006 0.095 0.099 0.051 0.054 0.009 0.014 0.099 0.05 1 0.476 0.076 0.212 0.018 0.014 0.031 0.007 0.01 0.055 0.188 0.06 0.01 0.014 0.013 0.018 0.078 0.151 0.066 0.026 0.065 0.026 0.024 0.01 0.017 0.158 0 0.086 0.04 0.032 0.045 0 0.058 0.003 0.012 0.004 0.009 0.069 0.047 0.009 0.003 0.011 0.017 0.009 0.044 0.06 0.049 0.002 0.004 0.013 0.059 0.018 0.01 0.005 0.094 0.004
0.083 0.055 0.061 0.27 0.129 0.037 0.027 0.086 0.458 0.075 0.049 0.053 0.012 0.186 0.197 0.097 0.103 0.017 0.063 0.194 0.243 0.476 1 0.146 0.389 0.033 0.075 0.058 0.013 0.019 0.112 0.387 0.229 0.019 0.024 0.001 0 0.274 0.076 0.135 0.036 0.122 0.039 0.043 0.048 0.082 0.075 0.003 0.044 0.196 0.193 0.135 0.001 0.084 0.008 0.04 0.032 0 0.05 0.121 0.034 0 0.017 0.034 0.028 0.104 0.051 0.074 0.032 0.013 0.041 0.066 0.006 0.015 0 0.034 0.052
0.301 0.308 0.362 0.173 0.796 0.02 0.015 0.565 0.236 0.491 0.315 0.01 0.004 0.5 0.467 0.628 0.669 0.092 0.009 0.579 0.039 0.076 0.146 1 0.285 0.011 0.011 0.02 0.004 0.006 0.846 0.239 0.162 0.007 0.009 0.227 0.164 0.158 0.013 0.04 0.048 0 0.007 0.002 0.1 0.02 0.068 0.003 0 0.029 0.028 0.001 0.005 0 0.006 0.008 0.008 0.006 0 0.012 0.004 0.001 0.003 0.001 0.014 0.006 0 0.001 0.004 0.008 0.008 0.002 0 0.005 0.001 0.012 0.008
0.221 0.204 0.234 0.544 0.225 0.084 0.063 0.164 0.685 0.142 0.091 0.034 0.023 0.327 0.332 0.185 0.197 0.024 0.032 0.393 0.097 0.212 0.389 0.285 1 0.039 0.038 0.102 0.026 0.01 0.25 0.793 0.57 0.03 0.045 0.022 0.011 0.499 0.018 0.149 0 0.046 0.003 0.074 0.001 0.179 0.194 0.009 0.005 0.118 0.116 0.061 0.004 0.026 0.014 0.025 0.026 0.004 0.009 0.054 0.017 0.016 0.025 0.013 0.003 0.045 0.013 0.025 0.017 0.024 0.027 0.018 0.003 0.021 0.001 0.007 0.03
0.004 0.017 0.019 0.003 0.005 0.004 0.003 0.007 0.007 0.006 0.004 0.002 0.001 0.012 0.005 0.007 0.008 0.001 0.002 0.014 0.009 0.018 0.033 0.011 0.039 1 0.002 0.004 0.001 0.001 0.012 0.036 0.045 0 0.002 0.012 0.011 0.002 0.003 0.058 0.028 0.01 0 0.004 0.007 0.014 0.012 0.001 0.005 0.001 0.001 0.002 0.001 0.003 0.002 0.002 0.002 0.001 0.004 0.002 0.001 0.021 0.002 0 0.175 0.002 0.004 0.003 0.001 0 0.002 0.003 0.001 0.001 0.001 0.003 0.002
0.028 0.023 0.024 0.044 0.01 0.004 0.003 0.006 0.022 0.006 0.004 0.002 0.001 0.011 0.012 0.007 0.008 0.001 0.821 0.019 0.268 0.014 0.075 0.011 0.038 0.002 1 0.004 0.001 0.001 0.012 0.034 0.04 0.001 0.002 0.012 0.011 0.049 0.003 0.011 0.066 0.232 0.002 0.003 0.047 0.027 0.021 0.001 0.139 0.239 0.227 0.198 0.001 0.167 0.002 0.002 0.002 0.001 0.12 0.174 0.001 0.002 0.002 0.366 0.004 0.189 0.147 0.166 0.005 0.002 0.002 0.179 0.001 0.001 0.001 0.003 0.001
0.122 0.151 0.146 0.062 0.017 0.827 0.622 0.012 0.086 0.01 0.007 0.004 0.196 0.182 0.169 0.013 0.014 0.002 0.004 0.183 0.015 0.031 0.058 0.02 0.102 0.004 0.004 1 0.225 0.162 0.021 0.112 0.084 0.003 0.434 0.021 0.015 0.063 0.005 0 0.038 0.016 0.003 0.397 0.029 0.01 0.03 0.005 0.058 0.015 0.015 0.019 0.004 0 0.238 0.003 0.003 0.104 0.024 0 0.002 0.003 0.264 0.002 0.007 0 0.019 0.001 0.002 0 0.002 0 0.002 0.271 0.005 0.003 0.004
0.035 0.043 0.041 0.019 0.004 0.223 0.295 0.003 0.025 0.002 0.001 0.001 0 0.049 0.046 0.003 0.003 0.001 0.001 0.052 0.003 0.007 0.013 0.004 0.026 0.001 0.001 0.225 1 0.694 0.005 0.017 0.013 0.001 0.018 0.005 0.004 0.011 0.001 0.005 0.019 0.004 0.001 0.058 0.01 0.012 0.006 0 0.007 0.003 0.003 0.004 0 0.004 0.074 0.001 0.001 0 0.003 0.003 0.001 0.001 0.081 0.002 0.002 0.003 0.001 0.004 0.001 0.001 0 0.004 0 0.056 0.003 0 0.001
0.018 0.023 0.021 0.007 0.006 0.16 0.216 0.004 0.011 0.003 0.002 0.001 0.001 0.068 0.063 0.004 0.004 0.001 0.001 0.03 0.005 0.01 0.019 0.006 0.01 0.001 0.001 0.162 0.694 1 0.007 0.006 0.022 0.001 0.017 0.001 0.002 0.019 0.002 0.007 0.031 0.005 0.001 0.044 0.015 0.001 0.01 0 0.003 0.005 0.005 0.006 0 0.004 0.048 0.001 0.001 0.001 0.001 0.003 0.001 0.001 0.053 0.001 0.002 0.003 0 0.004 0.001 0.001 0 0.004 0.001 0.036 0.001 0.001 0.001
0.242 0.27 0.297 0.14 0.666 0.021 0.016 0.523 0.193 0.453 0.298 0.005 0.004 0.41 0.39 0.583 0.621 0.087 0.01 0.491 0.034 0.055 0.112 0.846 0.25 0.012 0.012 0.021 0.005 0.007 1 0.275 0.193 0.007 0.01 0.291 0.224 0.19 0.014 0.042 0.072 0 0.008 0.001 0.134 0.034 0.085 0.003 0 0.026 0.025 0 0.002 0.001 0.006 0.008 0.008 0.006 0 0.011 0.004 0.009 0.003 0.001 0.015 0.008 0 0.002 0.005 0.009 0.009 0.001 0 0.005 0 0.016 0.008
0.197 0.191 0.206 0.526 0.201 0.102 0.079 0.165 0.709 0.142 0.098 0.03 0.024 0.33 0.331 0.187 0.178 0.026 0.029 0.36 0.116 0.188 0.387 0.239 0.793 0.036 0.034 0.112 0.017 0.006 0.275 1 0.713 0.033 0.057 0.044 0.031 0.636 0.042 0.17 0.005 0.051 0.023 0.098 0 0.209 0.263 0.01 0.003 0.126 0.124 0.065 0.003 0.026 0.029 0.023 0.022 0.004 0.006 0.056 0.016 0.026 0.043 0.017 0.005 0.047 0.009 0.026 0.015 0.027 0.025 0.019 0.001 0.039 0 0.027 0.026
0.098 0.096 0.106 0.312 0.155 0.059 0.042 0.107 0.471 0.089 0.056 0.039 0.02 0.245 0.251 0.124 0.116 0.02 0.033 0.227 0.143 0.06 0.229 0.162 0.57 0.045 0.04 0.084 0.013 0.022 0.193 0.713 1 0.026 0.042 0.243 0.225 0.84 0.053 0.101 0.054 0.087 0.004 0.078 0.006 0.353 0.278 0.005 0.018 0.152 0.137 0.097 0.001 0.051 0.022 0.029 0.02 0.002 0.021 0.072 0.02 0.033 0.033 0.024 0.001 0.06 0.027 0.05 0.01 0.02 0.033 0.041 0.013 0.031 0 0.026 0.024
0.004 0.003 0.003 0.029 0.005 0.002 0.002 0.003 0.036 0.003 0.002 0.001 0.033 0.002 0.003 0.004 0.004 0.001 0.001 0.002 0.004 0.01 0.019 0.007 0.03 0 0.001 0.003 0.001 0.001 0.007 0.033 0.026 1 0.001 0.007 0.006 0.03 0.002 0.117 0.018 0.006 0.001 0.001 0.016 0.049 0.015 0 0.008 0.006 0.005 0.007 0 0.008 0.001 0.001 0.001 0.001 0.009 0.007 0.001 0.001 0.001 0.003 0.002 0.007 0.009 0.008 0.001 0.588 0.001 0.008 0.001 0.001 0.001 0.002 0.001
0.046 0.059 0.056 0.022 0.008 0.332 0.443 0.005 0.033 0.005 0.003 0.001 0.001 0.074 0.07 0.006 0.006 0.001 0.002 0.071 0.005 0.014 0.024 0.009 0.045 0.002 0.002 0.434 0.018 0.017 0.01 0.057 0.042 0.001 1 0.01 0.009 0.04 0.002 0.01 0.061 0.008 0.001 0.47 0.011 0.024 0.021 0.014 0.097 0.007 0.007 0.009 0.012 0.005 0.309 0.001 0.001 0.174 0.056 0.008 0.001 0.001 0.36 0 0.003 0.008 0.05 0.002 0.001 0.001 0.002 0.006 0.001 0.395 0.008 0.002 0.002
0.042 0.048 0.061 0.006 0.213 0.02 0.016 0.265 0.017 0.205 0.148 0.01 0.004 0.122 0.114 0.318 0.315 0.006 0.01 0.097 0.035 0.013 0.001 0.227 0.022 0.012 0.012 0.021 0.005 0.001 0.291 0.044 0.243 0.007 0.01 1 0.872 0.221 0.014 0.057 0.313 0.043 0.045 0.001 0.24 0.236 0.048 0.004 0.032 0.041 0.032 0.043 0.004 0.017 0.008 0.008 0.003 0.006 0.023 0.015 0.006 0.009 0.007 0 0.015 0.011 0.027 0.018 0.001 0.009 0.009 0.014 0.051 0.007 0.005 0.004 0.003
0.025 0.043 0.038 0.002 0.147 0.018 0.014 0.299 0.008 0.232 0.167 0.009 0.003 0.087 0.081 0.226 0.226 0.005 0.009 0.065 0.031 0.018 0 0.164 0.011 0.011 0.011 0.015 0.004 0.002 0.224 0.031 0.225 0.006 0.009 0.872 1 0.208 0.013 0.052 0.291 0.039 0.051 0.011 0.204 0.287 0.044 0.003 0.061 0.036 0.028 0.038 0.004 0.046 0.003 0.008 0.002 0.006 0.048 0.039 0.005 0.008 0.003 0.02 0.013 0.037 0.049 0.047 0.001 0.008 0.008 0.042 0.058 0.002 0.005 0.006 0.003
0.098 0.085 0.093 0.381 0.14 0.041 0.026 0.113 0.556 0.097 0.068 0.044 0.017 0.229 0.249 0.129 0.119 0.025 0.041 0.206 0.159 0.078 0.274 0.158 0.499 0.002 0.049 0.063 0.011 0.019 0.19 0.636 0.84 0.03 0.04 0.221 0.208 1 0.061 0.203 0.034 0.091 0.003 0.069 0.003 0.443 0.347 0.006 0.023 0.181 0.165 0.103 0.002 0.058 0.018 0.036 0.024 0.001 0.026 0.094 0.023 0.032 0.029 0.034 0.038 0.081 0.033 0.057 0.013 0.022 0.038 0.045 0.011 0.028 0 0.031 0.028
0.033 0.026 0.029 0.061 0.012 0.005 0.004 0.008 0.047 0.007 0.004 0.003 0.001 0.024 0.026 0.009 0.009 0.002 0.002 0.016 0.01 0.151 0.076 0.013 0.018 0.003 0.003 0.005 0.001 0.002 0.014 0.042 0.053 0.002 0.002 0.014 0.013 0.061 1 0.006 0.031 0.012 0.002 0.004 0.019 0.017 0.074 0.001 0.019 0.011 0.01 0.012 0.001 0.016 0.003 0.002 0.002 0.002 0.018 0.014 0.001 0.002 0.002 0.006 0.001 0.013 0.018 0.016 0.002 0.002 0.002 0.015 0.001 0.002 0.001 0.055 0.002
0.014 0.04 0.041 0.211 0.039 0 0.014 0.018 0.277 0.015 0.006 0.011 0.065 0.028 0.013 0.02 0.022 0.002 0.009 0.026 0.04 0.066 0.135 0.04 0.149 0.058 0.011 0 0.005 0.007 0.042 0.17 0.101 0.117 0.01 0.057 0.052 0.203 0.006 1 0.164 0.032 0.008 0.017 0.088 0.342 0.102 0 0.062 0.045 0.044 0.04 0.003 0.05 0.001 0.009 0.009 0.007 0.058 0.053 0.006 0.009 0.007 0.025 0.237 0.055 0.058 0.05 0.006 0.113 0.01 0.045 0.004 0.007 0.005 0.006 0.01
0.081 0.109 0.116 0.003 0.043 0.022 0.05 0.067 0 0.048 0.037 0.068 0.009 0.086 0.072 0.083 0.094 0.014 0.06 0.075 0.182 0.026 0.036 0.048 0 0.028 0.066 0.038 0.019 0.031 0.072 0.005 0.054 0.018 0.061 0.313 0.291 0.034 0.031 0.164 1 0.161 0.013 0.105 0.377 0.005 0.105 0.002 0.273 0.206 0.188 0.128 0.003 0.193 0.031 0.053 0.033 0.04 0.219 0.242 0.035 0.02 0.039 0.089 0.044 0.231 0.205 0.166 0.019 0.024 0.06 0.171 0.016 0.042 0.006 0.023 0.034
0.003 0.008 0.006 0.005 0.001 0.016 0.012 0.003 0.043 0.006 0.003 0.164 0.003 0.009 0.012 0.001 0.004 0.004 0.206 0.005 0.585 0.065 0.122 0 0.046 0.01 0.232 0.016 0.004 0.005 0 0.051 0.087 0.006 0.008 0.043 0.039 0.091 0.012 0.032 0.161 1 0.006 0.013 0.215 0.115 0.036 0.003 0.593 0.7 0.667 0.851 0.004 0.67 0.007 0.14 0.098 0.006 0.576 0.525 0.117 0.007 0.005 0.178 0.016 0.47 0.586 0.662 0.078 0.007 0.157 0.631 0.004 0.006 0.005 0.013 0.135
0 0 0 0.006 0.006 0.003 0.002 0.004 0.025 0.004 0.002 0.001 0 0.012 0.009 0.005 0.005 0.001 0.001 0.012 0.005 0.026 0.039 0.007 0.003 0 0.002 0.003 0.001 0.001 0.008 0.023 0.004 0.001 0.001 0.045 0.051 0.003 0.002 0.008 0.013 0.006 1 0.002 0.02 0.027 0.034 0.001 0.01 0.006 0.006 0.007 0.001 0.009 0.001 0.001 0.001 0.001 0.009 0.008 0.001 0.001 0.001 0.003 0.003 0.007 0.01 0.008 0.001 0.001 0.001 0.008 0.001 0.001 0.001 0.002 0.001
0.086 0.071 0.104 0.044 0.004 0.292 0.384 0.009 0.061 0.008 0.005 0.003 0 0.132 0.124 0.008 0.006 0.001 0.003 0.132 0.01 0.024 0.043 0.002 0.074 0.004 0.003 0.397 0.058 0.044 0.001 0.098 0.078 0.001 0.47 0.001 0.011 0.069 0.004 0.017 0.105 0.013 0.002 1 0 0.041 0.036 0.001 0.215 0.013 0.013 0.016 0.001 0.031 0.355 0.003 0.003 0.134 0.137 0.031 0.002 0.003 0.385 0.028 0.006 0.042 0.11 0.023 0.002 0.003 0.001 0.029 0.001 0.403 0.002 0.005 0.003
0.034 0.043 0.05 0 0.073 0.032 0.022 0.139 0.007 0.111 0.074 0.049 0.008 0.023 0.017 0.162 0.176 0.012 0.046 0.031 0.154 0.01 0.048 0.1 0.001 0.007 0.047 0.029 0.01 0.015 0.134 0 0.006 0.016 0.011 0.24 0.204 0.003 0.019 0.088 0.377 0.215 0.02 0 1 0.011 0.069 0.008 0.177 0.192 0.183 0.216 0.009 0.213 0.002 0.046 0.028 0.001 0.193 0.182 0.027 0.011 0.006 0.118 0.042 0.161 0.174 0.21 0.013 0.019 0.015 0.19 0.021 0.006 0.012 0.027 0.038
0.003 0 0 0.189 0.021 0.009 0.035 0.083 0.24 0.061 0.047 0.025 0.026 0.008 0.015 0.052 0.05 0.004 0.023 0.004 0.061 0.017 0.082 0.02 0.179 0.014 0.027 0.01 0.012 0.001 0.034 0.209 0.353 0.049 0.024 0.236 0.287 0.443 0.017 0.342 0.005 0.115 0.027 0.041 0.011 1 0.176 0.002 0.19 0.107 0.105 0.134 0.008 0.158 0.019 0.021 0.021 0.016 0.179 0.131 0.015 0.021 0.018 0.061 0.14 0.132 0.179 0.159 0.015 0.044 0.024 0.146 0.022 0.016 0.013 0.016 0.024
0.054 0.034 0.036 0.168 0.058 0.017 0.011 0.053 0.267 0.051 0.034 0.008 0.009 0.093 0.096 0.058 0.063 0.008 0.019 0.096 0.005 0.158 0.075 0.068 0.194 0.012 0.021 0.03 0.006 0.01 0.085 0.263 0.278 0.015 0.021 0.048 0.044 0.347 0.074 0.102 0.105 0.036 0.034 0.036 0.069 0.176 1 0.008 0.08 0.025 0.024 0.04 0.001 0.053 0.007 0.005 0.003 0.014 0.067 0.039 0.01 0.045 0.016 0.033 0.038 0.036 0.059 0.046 0.011 0.011 0.001 0.053 0.004 0.014 0.001 0.082 0.016
0.01 0.005 0.004 0.004 0.004 0.004 0.005 0.002 0.008 0.002 0.001 0.001 0 0.006 0.006 0.002 0.002 0.074 0.001 0.007 0.003 0 0.003 0.003 0.009 0.001 0.001 0.005 0 0 0.003 0.01 0.005 0 0.014 0.004 0.003 0.006 0.001 0 0.002 0.003 0.001 0.001 0.008 0.002 0.008 1 0.005 0.003 0.003 0.004 0.612 0.003 0.001 0.001 0.001 0 0.004 0.003 0 0.001 0 0.002 0.002 0.003 0.004 0.003 0 0 0.001 0.003 0 0 0.405 0 0
0.043 0.046 0.057 0.001 0 0.036 0.063 0.001 0.006 0 0 0.108 0.004 0.011 0.007 0.003 0.006 0.006 0.124 0.018 0.383 0.086 0.044 0 0.005 0.005 0.139 0.058 0.007 0.003 0 0.003 0.018 0.008 0.097 0.032 0.061 0.023 0.019 0.062 0.273 0.593 0.01 0.215 0.177 0.19 0.08 0.005 1 0.562 0.527 0.64 0.006 0.767 0.071 0.109 0.054 0.083 0.871 0.652 0.073 0.012 0.082 0.304 0.027 0.627 0.839 0.738 0.046 0.012 0.125 0.705 0.006 0.086 0.008 0.022 0.086
0.002 0 0.001 0.029 0.03 0.015 0.012 0.024 0.111 0.021 0.014 0.195 0.003 0.052 0.059 0.027 0.018 0.004 0.211 0.037 0.684 0.04 0.196 0.029 0.118 0.001 0.239 0.015 0.003 0.005 0.026 0.126 0.152 0.006 0.007 0.041 0.036 0.181 0.011 0.045 0.206 0.7 0.006 0.013 0.192 0.107 0.025 0.003 0.562 1 0.931 0.796 0.003 0.659 0.006 0.193 0.105 0.011 0.536 0.756 0.131 0.007 0.005 0.31 0.015 0.689 0.545 0.617 0.088 0.007 0.213 0.567 0.003 0.005 0.004 0.012 0.161
0.001 0 0.001 0.031 0.03 0.015 0.011 0.024 0.116 0.021 0.014 0.159 0.003 0.055 0.061 0.027 0.018 0.004 0.221 0.042 0.635 0.032 0.193 0.028 0.116 0.001 0.227 0.015 0.003 0.005 0.025 0.124 0.137 0.005 0.007 0.032 0.028 0.165 0.01 0.044 0.188 0.667 0.006 0.013 0.183 0.105 0.024 0.003 0.527 0.931 1 0.786 0.003 0.65 0.006 0.196 0.139 0.002 0.547 0.767 0.132 0.007 0.005 0.268 0.015 0.679 0.537 0.609 0.123 0.007 0.216 0.558 0.003 0.005 0.004 0.012 0.199
0.001 0.004 0.003 0.012 0.004 0.019 0.015 0.001 0.062 0.003 0.001 0.153 0.004 0.014 0.019 0 0.001 0.005 0.176 0.007 0.545 0.045 0.135 0.001 0.061 0.002 0.198 0.019 0.004 0.006 0 0.065 0.097 0.007 0.009 0.043 0.038 0.103 0.012 0.04 0.128 0.851 0.007 0.016 0.216 0.134 0.04 0.004 0.64 0.796 0.786 1 0.004 0.763 0.008 0.154 0.11 0.007 0.658 0.628 0.104 0.008 0.006 0.247 0.019 0.574 0.667 0.756 0.098 0.008 0.169 0.698 0.004 0.007 0.005 0.015 0.156
0.004 0.006 0.005 0.002 0.006 0.003 0.004 0.002 0.005 0.002 0.001 0.001 0 0.007 0.006 0.003 0.003 0.065 0.001 0.008 0.003 0 0.001 0.005 0.004 0.001 0.001 0.004 0 0 0.002 0.003 0.001 0 0.012 0.004 0.004 0.002 0.001 0.003 0.003 0.004 0.001 0.001 0.009 0.008 0.001 0.612 0.006 0.003 0.003 0.004 1 0.004 0.001 0.001 0.001 0 0.005 0.003 0 0.001 0.001 0.002 0.001 0.003 0.005 0.004 0 0 0.001 0.004 0 0.001 0.567 0.012 0
0.016 0.015 0.023 0.001 0 0 0.001 0.001 0.022 0 0 0.129 0.005 0 0 0.005 0.008 0.005 0.149 0.001 0.445 0.058 0.084 0 0.026 0.003 0.167 0 0.004 0.004 0.001 0.026 0.051 0.008 0.005 0.017 0.046 0.058 0.016 0.05 0.193 0.67 0.009 0.031 0.213 0.158 0.053 0.003 0.767 0.659 0.65 0.763 0.004 1 0.009 0.119 0.103 0.099 0.747 0.832 0.091 0.01 0.008 0.36 0.022 0.802 0.728 0.908 0.094 0.01 0.138 0.878 0.005 0.008 0.006 0.018 0.153
0.013 0.019 0.017 0.004 0.005 0.133 0.18 0.004 0.007 0.004 0.002 0.001 0.001 0.026 0.025 0.005 0.005 0 0.001 0.023 0.004 0.003 0.008 0.006 0.014 0.002 0.002 0.238 0.074 0.048 0.006 0.029 0.022 0.001 0.309 0.008 0.003 0.018 0.003 0.001 0.031 0.007 0.001 0.355 0.002 0.019 0.007 0.001 0.071 0.006 0.006 0.008 0.001 0.009 1 0.001 0.001 0.001 0.075 0.008 0.001 0.001 0.745 0.003 0.003 0.008 0.067 0.009 0.001 0.001 0.001 0.008 0.001 0.774 0.001 0.002 0.001
0.041 0.049 0.047 0.02 0.006 0.003 0.002 0.005 0.024 0.004 0.003 0 0.001 0.012 0.012 0.005 0.006 0.001 0.001 0.013 0.163 0.012 0.04 0.008 0.025 0.002 0.002 0.003 0.001 0.001 0.008 0.023 0.029 0.001 0.001 0.008 0.008 0.036 0.002 0.009 0.053 0.14 0.001 0.003 0.046 0.021 0.005 0.001 0.109 0.193 0.196 0.154 0.001 0.119 0.001 1 0 0.001 0.109 0.151 0.002 0.001 0.001 0.012 0.003 0.156 0.113 0.129 0 0.001 0.311 0.097 0.001 0.001 0.001 0.002 0
0.017 0.014 0.014 0.029 0.006 0.002 0.001 0.004 0.022 0.004 0.003 0.428 0.001 0.012 0.013 0.005 0.006 0 0.003 0.013 0.105 0.004 0.032 0.008 0.026 0.002 0.002 0.003 0.001 0.001 0.008 0.022 0.02 0.001 0.001 0.003 0.002 0.024 0.002 0.009 0.033 0.098 0.001 0.003 0.028 0.021 0.003 0.001 0.054 0.105 0.139 0.11 0.001 0.103 0.001 0 1 0.001 0.09 0.12 0.432 0.001 0.001 0.004 0.003 0.069 0.069 0.065 0.272 0.001 0 0.07 0.001 0.001 0.001 0.002 0.557
0.012 0.011 0.01 0.001 0.005 0.103 0.14 0.004 0.003 0.003 0.002 0.044 0 0.019 0.017 0.004 0.004 0.001 0.001 0.024 0.005 0.009 0 0.006 0.004 0.001 0.001 0.104 0 0.001 0.006 0.004 0.002 0.001 0.174 0.006 0.006 0.001 0.002 0.007 0.04 0.006 0.001 0.134 0.001 0.016 0.014 0 0.083 0.011 0.002 0.007 0 0.099 0.001 0.001 0.001 1 0.038 0.115 0.001 0.001 0.001 0.01 0.002 0.119 0.022 0.078 0.001 0.001 0 0.091 0 0.001 0.001 0.002 0.001
0.033 0.035 0.044 0 0 0.012 0.027 0 0.011 0 0 0.099 0.005 0.006 0.003 0.005 0.008 0.005 0.119 0.01 0.363 0.069 0.05 0 0.009 0.004 0.12 0.024 0.003 0.001 0 0.006 0.021 0.009 0.056 0.023 0.048 0.026 0.018 0.058 0.219 0.576 0.009 0.137 0.193 0.179 0.067 0.004 0.871 0.536 0.547 0.658 0.005 0.747 0.075 0.109 0.09 0.038 1 0.637 0.081 0.011 0.087 0.28 0.025 0.616 0.895 0.722 0.083 0.011 0.126 0.703 0.006 0.092 0.007 0.02 0.136
0.003 0.002 0.006 0.008 0.011 0 0.003 0.031 0.051 0.027 0.018 0.151 0.004 0.009 0.013 0.007 0.004 0.005 0.171 0.004 0.513 0.047 0.121 0.012 0.054 0.002 0.174 0 0.003 0.003 0.011 0.056 0.072 0.007 0.008 0.015 0.039 0.094 0.014 0.053 0.242 0.525 0.008 0.031 0.182 0.131 0.039 0.003 0.652 0.756 0.767 0.628 0.003 0.832 0.008 0.151 0.12 0.115 0.637 1 0.106 0.008 0.007 0.385 0.015 0.894 0.601 0.763 0.109 0.009 0.173 0.727 0.004 0.007 0.006 0.016 0.177
0.012 0.01 0.01 0.023 0.003 0.002 0.002 0.003 0.017 0.003 0.002 0.474 0 0.007 0.007 0.004 0.004 0 0 0.008 0.135 0.009 0.034 0.004 0.017 0.001 0.001 0.002 0.001 0.001 0.004 0.016 0.02 0.001 0.001 0.006 0.005 0.023 0.001 0.006 0.035 0.117 0.001 0.002 0.027 0.015 0.01 0 0.073 0.131 0.132 0.104 0 0.091 0.001 0.002 0.432 0.001 0.081 0.106 1 0.001 0.001 0.003 0.002 0.05 0.057 0.05 0.202 0.001 0 0.056 0 0.001 0.001 0.002 0.489
0 0.001 0 0.003 0.001 0.003 0.002 0.005 0.017 0.004 0.003 0.002 0.001 0.004 0.004 0.005 0.006 0.001 0.002 0.005 0.006 0.003 0 0.001 0.016 0.021 0.002 0.003 0.001 0.001 0.009 0.026 0.033 0.001 0.001 0.009 0.008 0.032 0.002 0.009 0.02 0.007 0.001 0.003 0.011 0.021 0.045 0.001 0.012 0.007 0.007 0.008 0.001 0.01 0.001 0.001 0.001 0.001 0.011 0.008 0.001 1 0.001 0.004 0.003 0.008 0.011 0.01 0.001 0.001 0.002 0.009 0.001 0.001 0.001 0.002 0.001
0.018 0.025 0.023 0.009 0.005 0.153 0.206 0.004 0.015 0.004 0.002 0.001 0.001 0.04 0.038 0.004 0.005 0 0.001 0.036 0.003 0.011 0.017 0.003 0.025 0.002 0.002 0.264 0.081 0.053 0.003 0.043 0.033 0.001 0.36 0.007 0.003 0.029 0.002 0.007 0.039 0.005 0.001 0.385 0.006 0.018 0.016 0 0.082 0.005 0.005 0.006 0.001 0.008 0.745 0.001 0.001 0.001 0.087 0.007 0.001 0.001 1 0.001 0.002 0.006 0.078 0.008 0.001 0.001 0.001 0.007 0.001 0.833 0.001 0.002 0.001
0.001 0.006 0.001 0.014 0 0.002 0.001 0.014 0.012 0.012 0.008 0 0.002 0 0.001 0.001 0.004 0.003 0.305 0.001 0.163 0.017 0.034 0.001 0.013 0 0.366 0.002 0.002 0.001 0.001 0.017 0.024 0.003 0 0 0.02 0.034 0.006 0.025 0.089 0.178 0.003 0.028 0.118 0.061 0.033 0.002 0.304 0.31 0.268 0.247 0.002 0.36 0.003 0.012 0.004 0.01 0.28 0.385 0.003 0.004 0.001 1 0.009 0.41 0.312 0.37 0.003 0.004 0.002 0.337 0.002 0.003 0.002 0.007 0.001
0.001 0.024 0.025 0.05 0.008 0.005 0.003 0.007 0.069 0.005 0.006 0.004 0.001 0.018 0.013 0.008 0.009 0 0.003 0.018 0.014 0.009 0.028 0.014 0.003 0.175 0.004 0.007 0.002 0.002 0.015 0.005 0.001 0.002 0.003 0.015 0.013 0.038 0.001 0.237 0.044 0.016 0.003 0.006 0.042 0.14 0.038 0.002 0.027 0.015 0.015 0.019 0.001 0.022 0.003 0.003 0.003 0.002 0.025 0.015 0.002 0.003 0.002 0.009 1 0.019 0.025 0.022 0.002 0.003 0.003 0.021 0.001 0.002 0.002 0 0.003
0.008 0.006 0.011 0.003 0.006 0 0.004 0.03 0.039 0.026 0.017 0.082 0.004 0.004 0.007 0.004 0.001 0.002 0.168 0.001 0.454 0.044 0.104 0.006 0.045 0.002 0.189 0 0.003 0.003 0.008 0.047 0.06 0.007 0.008 0.011 0.037 0.081 0.013 0.055 0.231 0.47 0.007 0.042 0.161 0.132 0.036 0.003 0.627 0.689 0.679 0.574 0.003 0.802 0.008 0.156 0.069 0.119 0.616 0.894 0.05 0.008 0.006 0.41 0.019 1 0.575 0.734 0.113 0.008 0.18 0.718 0.004 0.006 0.005 0.015 0.118
0.024 0.031 0.037 0 0 0.008 0.021 0 0.013 0 0 0.093 0.005 0.003 0.001 0.004 0.006 0.005 0.132 0.006 0.41 0.06 0.051 0 0.013 0.004 0.147 0.019 0.001 0 0 0.009 0.027 0.009 0.05 0.027 0.049 0.033 0.018 0.058 0.205 0.586 0.01 0.11 0.174 0.179 0.059 0.004 0.839 0.545 0.537 0.667 0.005 0.728 0.067 0.113 0.069 0.022 0.895 0.601 0.057 0.011 0.078 0.312 0.025 0.575 1 0.733 0.083 0.011 0.133 0.662 0.006 0.082 0.007 0.012 0.11
0.018 0.018 0.025 0 0 0 0 0 0.021 0.001 0 0.092 0.005 0 0 0.009 0.013 0.006 0.148 0.001 0.441 0.049 0.074 0.001 0.025 0.003 0.166 0.001 0.004 0.004 0.002 0.026 0.05 0.008 0.002 0.018 0.047 0.057 0.016 0.05 0.166 0.662 0.008 0.023 0.21 0.159 0.046 0.003 0.738 0.617 0.609 0.756 0.004 0.908 0.009 0.129 0.065 0.078 0.722 0.763 0.05 0.01 0.008 0.37 0.022 0.734 0.733 1 0.053 0.01 0.149 0.889 0.005 0.008 0.006 0.01 0.109
0.003 0.001 0.002 0.008 0.003 0.001 0 0.003 0.014 0.003 0.002 0.117 0 0.007 0.007 0.004 0.004 0 0.007 0.008 0.085 0.002 0.032 0.004 0.017 0.001 0.005 0.002 0.001 0.001 0.005 0.015 0.01 0.001 0.001 0.001 0.001 0.013 0.002 0.006 0.019 0.078 0.001 0.002 0.013 0.015 0.011 0 0.046 0.088 0.123 0.098 0 0.094 0.001 0 0.272 0.001 0.083 0.109 0.202 0.001 0.001 0.003 0.002 0.113 0.083 0.053 1 0.001 0.001 0.056 0 0.001 0.001 0.002 0.539
0.008 0.01 0.011 0.021 0.007 0 0.002 0.004 0.03 0.004 0.002 0.002 0.005 0.008 0.005 0.005 0.005 0.001 0.002 0.007 0.006 0.004 0.013 0.008 0.024 0 0.002 0 0.001 0.001 0.009 0.027 0.02 0.588 0.001 0.009 0.008 0.022 0.002 0.113 0.024 0.007 0.001 0.003 0.019 0.044 0.011 0 0.012 0.007 0.007 0.008 0 0.01 0.001 0.001 0.001 0.001 0.011 0.009 0.001 0.001 0.001 0.004 0.003 0.008 0.011 0.01 0.001 1 0.001 0.009 0.001 0.001 0.001 0.002 0.002
0.025 0.038 0.037 0.011 0.004 0.002 0.001 0.005 0.023 0.005 0.003 0.007 0.001 0.009 0.012 0.005 0.006 0.001 0.001 0.009 0.17 0.013 0.041 0.008 0.027 0.002 0.002 0.002 0 0 0.009 0.025 0.033 0.001 0.002 0.009 0.008 0.038 0.002 0.01 0.06 0.157 0.001 0.001 0.015 0.024 0.001 0.001 0.125 0.213 0.216 0.169 0.001 0.138 0.001 0.311 0 0 0.126 0.173 0 0.002 0.001 0.002 0.003 0.18 0.133 0.149 0.001 0.001 1 0.138 0.001 0.001 0.001 0.003 0
0.015 0.017 0.025 0 0 0 0.001 0 0.015 0.001 0 0.086 0.004 0.001 0 0.01 0.015 0.005 0.159 0.002 0.389 0.059 0.066 0.002 0.018 0.003 0.179 0 0.004 0.004 0.001 0.019 0.041 0.008 0.006 0.014 0.042 0.045 0.015 0.045 0.171 0.631 0.008 0.029 0.19 0.146 0.053 0.003 0.705 0.567 0.558 0.698 0.004 0.878 0.008 0.097 0.07 0.091 0.703 0.727 0.056 0.009 0.007 0.337 0.021 0.718 0.662 0.889 0.056 0.009 0.138 1 0.005 0.007 0.006 0.017 0.119
0.003 0.002 0.002 0.005 0 0.002 0.001 0.001 0.003 0.001 0.001 0.001 0 0 0.001 0.001 0.003 0 0.001 0.001 0.003 0.018 0.006 0 0.003 0.001 0.001 0.002 0 0.001 0 0.001 0.013 0.001 0.001 0.051 0.058 0.011 0.001 0.004 0.016 0.004 0.001 0.001 0.021 0.022 0.004 0 0.006 0.003 0.003 0.004 0 0.005 0.001 0.001 0.001 0 0.006 0.004 0 0.001 0.001 0.002 0.001 0.004 0.006 0.005 0 0.001 0.001 0.005 1 0.001 0 0.001 0.001
0.019 0.025 0.024 0.008 0.004 0.159 0.213 0.004 0.012 0.003 0.002 0.001 0.001 0.034 0.032 0.004 0.004 0 0.001 0.032 0.003 0.01 0.015 0.005 0.021 0.001 0.001 0.271 0.056 0.036 0.005 0.039 0.031 0.001 0.395 0.007 0.002 0.028 0.002 0.007 0.042 0.006 0.001 0.403 0.006 0.016 0.014 0 0.086 0.005 0.005 0.007 0.001 0.008 0.774 0.001 0.001 0.001 0.092 0.007 0.001 0.001 0.833 0.003 0.002 0.006 0.082 0.008 0.001 0.001 0.001 0.007 0.001 1 0.001 0.002 0.001
0.001 0.002 0.002 0 0.002 0.003 0.005 0.003 0.001 0.003 0.002 0.001 0 0.004 0.003 0.003 0.004 0.041 0.001 0.004 0.004 0.005 0 0.001 0.001 0.001 0.001 0.005 0.003 0.001 0 0 0 0.001 0.008 0.005 0.005 0 0.001 0.005 0.006 0.005 0.001 0.002 0.012 0.013 0.001 0.405 0.008 0.004 0.004 0.005 0.567 0.006 0.001 0.001 0.001 0.001 0.007 0.006 0.001 0.001 0.001 0.002 0.002 0.005 0.007 0.006 0.001 0.001 0.001 0.006 0 0.001 1 0.033 0.001
0.024 0.018 0.02 0.033 0.01 0.003 0.002 0.009 0.025 0.008 0.005 0.003 0.001 0.01 0.011 0.01 0.01 0.002 0.003 0.013 0.002 0.094 0.034 0.012 0.007 0.003 0.003 0.003 0 0.001 0.016 0.027 0.026 0.002 0.002 0.004 0.006 0.031 0.055 0.006 0.023 0.013 0.002 0.005 0.027 0.016 0.082 0 0.022 0.012 0.012 0.015 0.012 0.018 0.002 0.002 0.002 0.002 0.02 0.016 0.002 0.002 0.002 0.007 0 0.015 0.012 0.01 0.002 0.002 0.003 0.017 0.001 0.002 0.033 1 0.003
0.008 0.005 0.006 0.019 0.006 0.002 0.001 0.005 0.026 0.005 0.003 0.308 0.001 0.013 0.014 0.006 0.007 0 0.002 0.014 0.149 0.004 0.052 0.008 0.03 0.002 0.001 0.004 0.001 0.001 0.008 0.026 0.024 0.001 0.002 0.003 0.003 0.028 0.002 0.01 0.034 0.135 0.001 0.003 0.038 0.024 0.016 0 0.086 0.161 0.199 0.156 0 0.153 0.001 0 0.557 0.001 0.136 0.177 0.489 0.001 0.001 0.001 0.003 0.118 0.11 0.109 0.539 0.002 0 0.119 0.001 0.001 0.001 0.003 1
