1 0.875 0.893 0.506 0.343 0.216 0.127 0.251 0.337 0.215 0.106 0.025 0.074 0.525 0.521 0.234 0.239 0.034 0.035 0.564 0.005 0.156 0.15 0.332 0.365 0.009 0.04 0.181 0.049 0.04 0.281 0.297 0.161 0 0.063 0.051 0.032 0.133 0.018 0 0.055 0.003 0.001 0.074 0.027 0.025 0.071 0.005 0.007 0.012 0.011 0.004 0.005 0 0.024 0.009 0.012 0.004 0.003 0.003 0.015 0.008 0.021 0.012 0.007 0.002 0 0 0.006 0 0.017 0.001 0.004 0.033 0.01 0.005 0.008
0.875 1 0.969 0.467 0.363 0.243 0.143 0.283 0.297 0.243 0.12 0.022 0.083 0.586 0.565 0.245 0.253 0.038 0.031 0.612 0.002 0.145 0.127 0.351 0.332 0.018 0.036 0.205 0.055 0.046 0.303 0.267 0.141 0.002 0.071 0.057 0.042 0.112 0.016 0.009 0.073 0.001 0.001 0.07 0.036 0.013 0.057 0.007 0.01 0.008 0.007 0.002 0.007 0 0.029 0.012 0.01 0.005 0.005 0.002 0.013 0.009 0.025 0.012 0.021 0.002 0.001 0 0.005 0.004 0.016 0 0.003 0.039 0.012 0.004 0.006
0.893 0.969 1 0.476 0.383 0.239 0.141 0.278 0.306 0.238 0.118 0.023 0.081 0.592 0.571 0.26 0.267 0.038 0.032 0.629 0.002 0.143 0.127 0.371 0.348 0.018 0.036 0.201 0.054 0.045 0.316 0.278 0.148 0.002 0.07 0.062 0.043 0.118 0.016 0.01 0.079 0.002 0.001 0.084 0.041 0.013 0.06 0.007 0.012 0.008 0.007 0.002 0.007 0 0.028 0.011 0.01 0.005 0.007 0.001 0.014 0.007 0.025 0.01 0.022 0.001 0.002 0 0.005 0.004 0.02 0 0.003 0.038 0.011 0.004 0.006
0.506 0.467 0.476 1 0.211 0.104 0.056 0.14 0.774 0.12 0.06 0.045 0.041 0.301 0.292 0.158 0.157 0.019 0.063 0.328 0.032 0.296 0.36 0.201 0.66 0.002 0.067 0.081 0.027 0.021 0.173 0.602 0.341 0.03 0.021 0.006 0.001 0.383 0.031 0.25 0.001 0.03 0.007 0.034 0.002 0.222 0.16 0.003 0.006 0.05 0.051 0.036 0.002 0.02 0.007 0.001 0.019 0 0.009 0.033 0.026 0.016 0.022 0.024 0.05 0.029 0.015 0.024 0.014 0.025 0.011 0.025 0.007 0.013 0 0.015 0.02
0.343 0.363 0.383 0.211 1 0.021 0.012 0.521 0.28 0.461 0.22 0.011 0.007 0.474 0.434 0.59 0.609 0.076 0.016 0.479 0.035 0.079 0.147 0.802 0.263 0.009 0.018 0.022 0.004 0.005 0.644 0.19 0.121 0.003 0.008 0.2 0.147 0.103 0.008 0.022 0.032 0.006 0.006 0 0.064 0.043 0.04 0.002 0.011 0.029 0.028 0.009 0.001 0.004 0.009 0.007 0.004 0.004 0.01 0.022 0.007 0.003 0.007 0.01 0.009 0.016 0.01 0.007 0.004 0.004 0 0.005 0 0.007 0.001 0.006 0.007
0.216 0.243 0.239 0.104 0.021 1 0.59 0.012 0.125 0.01 0.005 0.005 0.341 0.221 0.214 0.013 0.015 0.002 0.008 0.234 0.02 0.03 0.062 0.021 0.126 0.005 0.009 0.865 0.223 0.199 0.02 0.132 0.075 0 0.287 0.025 0.024 0.06 0.004 0.021 0.004 0.02 0.003 0.225 0.042 0 0.025 0.04 0.014 0.021 0.02 0.025 0.036 0.007 0.155 0.004 0.003 0.04 0.004 0.005 0.003 0.002 0.131 0.012 0.007 0.007 0.001 0.008 0.003 0 0.001 0.006 0.002 0.194 0.048 0.001 0.004
0.127 0.143 0.141 0.056 0.012 0.59 1 0.007 0.081 0.006 0.003 0.003 0.002 0.14 0.136 0.008 0.009 0.001 0.004 0.146 0.012 0.021 0.042 0.013 0.082 0.003 0.005 0.543 0.379 0.341 0.012 0.079 0.042 0.001 0.491 0.015 0.014 0.032 0.002 0.013 0.046 0.011 0.002 0.399 0.021 0.035 0.014 0.053 0.055 0.012 0.012 0.014 0.048 0.001 0.275 0.002 0.001 0.074 0.028 0 0.002 0.001 0.233 0.007 0.004 0.001 0.013 0.001 0.001 0.002 0 0 0.001 0.337 0.063 0.001 0.002
0.251 0.283 0.278 0.14 0.521 0.012 0.007 1 0.155 0.858 0.424 0.006 0.004 0.258 0.25 0.798 0.719 0.002 0.009 0.275 0.017 0.044 0.078 0.51 0.155 0.005 0.01 0.012 0.002 0.003 0.526 0.15 0.1 0.001 0.004 0.259 0.249 0.089 0.004 0.021 0.071 0 0.003 0.007 0.122 0.095 0.047 0.003 0.009 0.019 0.018 0.002 0.003 0.004 0.005 0.004 0.001 0.002 0.009 0.022 0.004 0.003 0.004 0.015 0.005 0.023 0.009 0.007 0.001 0.002 0.004 0.005 0 0.004 0.003 0.004 0.002
0.337 0.297 0.306 0.774 0.28 0.125 0.081 0.155 1 0.132 0.067 0.039 0.047 0.409 0.381 0.174 0.174 0.022 0.043 0.42 0.119 0.275 0.501 0.249 0.764 0.003 0.047 0.109 0.031 0.024 0.196 0.707 0.429 0.034 0.038 0.011 0.004 0.483 0.028 0.283 0.005 0.067 0.019 0.042 0.014 0.246 0.211 0.01 0.027 0.114 0.115 0.085 0.009 0.053 0.01 0.025 0.016 0.001 0.034 0.082 0.023 0.014 0.027 0.034 0.058 0.075 0.042 0.063 0.018 0.029 0.003 0.054 0.006 0.017 0.004 0.006 0.03
0.215 0.243 0.238 0.12 0.461 0.01 0.006 0.858 0.132 1 0.495 0.005 0.003 0.219 0.212 0.674 0.631 0.002 0.008 0.233 0.014 0.038 0.066 0.432 0.131 0.005 0.009 0.01 0.002 0.002 0.444 0.125 0.083 0.001 0.004 0.2 0.189 0.073 0.004 0.017 0.054 0 0.003 0.006 0.096 0.073 0.048 0.003 0.006 0.016 0.015 0.001 0.003 0.002 0.004 0.004 0.001 0.002 0.005 0.019 0.003 0.002 0.003 0.012 0.004 0.019 0.005 0.004 0.001 0.001 0.003 0.003 0 0.003 0.002 0.004 0.001
0.106 0.12 0.118 0.06 0.22 0.005 0.003 0.424 0.067 0.495 1 0.003 0.002 0.117 0.113 0.357 0.342 0.001 0.004 0.126 0.01 0.019 0.037 0.222 0.071 0.002 0.004 0.005 0.001 0.001 0.234 0.079 0.054 0 0.002 0.106 0.088 0.049 0.002 0.007 0.025 0 0.001 0.003 0.044 0.041 0.024 0.001 0.001 0.011 0.01 0 0.001 0 0.002 0.002 0.002 0.001 0.003 0.012 0.002 0.001 0.002 0.006 0.003 0.012 0.003 0.002 0.002 0 0.002 0.002 0.001 0.002 0.001 0.002 0.003
0.025 0.022 0.023 0.045 0.011 0.005 0.003 0.006 0.039 0.005 0.003 1 0.002 0.009 0.007 0.007 0.008 0.001 0.004 0.013 0.225 0.02 0.055 0.009 0.033 0.002 0.005 0.006 0.001 0.001 0.008 0.026 0.039 0.001 0 0.011 0.01 0.045 0.002 0.011 0.067 0.123 0.001 0.001 0.064 0.025 0.01 0.001 0.126 0.183 0.155 0.153 0.001 0.141 0 0.101 0.4 0.017 0.129 0.158 0.491 0.001 0 0.001 0.004 0.139 0.127 0.128 0.21 0.002 0.004 0.14 0.001 0 0.001 0 0.421
0.074 0.083 0.081 0.041 0.007 0.341 0.002 0.004 0.047 0.003 0.002 0.002 1 0.081 0.078 0.005 0.005 0.001 0.003 0.087 0.007 0.013 0.023 0.007 0.046 0.002 0.003 0.308 0.001 0.001 0.007 0.054 0.036 0.006 0.001 0.009 0.008 0.031 0.001 0.149 0.026 0.007 0.001 0.002 0.018 0.048 0.014 0.001 0.011 0.007 0.007 0.009 0.001 0.009 0.001 0.001 0.001 0.001 0.011 0.008 0.001 0 0.001 0.004 0.002 0.009 0.011 0.01 0.001 0.004 0.001 0.009 0.001 0.001 0.001 0 0.002
0.525 0.586 0.592 0.301 0.474 0.221 0.14 0.258 0.409 0.219 0.117 0.009 0.081 1 0.926 0.31 0.315 0.037 0.019 0.774 0.053 0.135 0.234 0.452 0.41 0.006 0.026 0.2 0.054 0.06 0.358 0.342 0.214 0.002 0.069 0.075 0.051 0.198 0.016 0.003 0.037 0.026 0.007 0.083 0.006 0.02 0.068 0.007 0 0.054 0.057 0.033 0.007 0.012 0.03 0.006 0.016 0.01 0.001 0.03 0.005 0 0.053 0.011 0.018 0.027 0.005 0.015 0.017 0.004 0 0.012 0.001 0.038 0.012 0.001 0.022
0.521 0.565 0.571 0.292 0.434 0.214 0.136 0.25 0.381 0.212 0.113 0.007 0.078 0.926 1 0.3 0.305 0.036 0.02 0.781 0.052 0.137 0.235 0.439 0.418 0.003 0.027 0.193 0.052 0.058 0.374 0.337 0.212 0.002 0.074 0.073 0.049 0.195 0.017 0.003 0.03 0.034 0.006 0.086 0.004 0.019 0.055 0.006 0.001 0.066 0.069 0.042 0.006 0.018 0.033 0.006 0.017 0.009 0.003 0.039 0.005 0 0.058 0.012 0.023 0.035 0.008 0.021 0.017 0.001 0.002 0.018 0.001 0.041 0.011 0.001 0.023
0.234 0.245 0.26 0.158 0.59 0.013 0.008 0.798 0.174 0.674 0.357 0.007 0.005 0.31 0.3 1 0.859 0.002 0.01 0.33 0.026 0.05 0.098 0.52 0.188 0.006 0.011 0.014 0.003 0.003 0.538 0.185 0.127 0.001 0.005 0.271 0.193 0.112 0.005 0.009 0.063 0.003 0.003 0.002 0.112 0.088 0.035 0.003 0.004 0.028 0.027 0.004 0.004 0.001 0.005 0.005 0.006 0.002 0.003 0.018 0.004 0.003 0.004 0.003 0.006 0.012 0.003 0.002 0.006 0.002 0.002 0.001 0 0.004 0.003 0.005 0.007
0.239 0.253 0.267 0.157 0.609 0.015 0.009 0.719 0.174 0.631 0.342 0.008 0.005 0.315 0.305 0.859 1 0.002 0.011 0.364 0.029 0.055 0.108 0.582 0.208 0.007 0.013 0.015 0.003 0.003 0.603 0.195 0.132 0.001 0.005 0.301 0.224 0.117 0.005 0.011 0.077 0.003 0.004 0.001 0.121 0.099 0.04 0.004 0.004 0.026 0.025 0.004 0.004 0.001 0.006 0.005 0.006 0.002 0.003 0.017 0.005 0.004 0.005 0.002 0.007 0.011 0.004 0.002 0.006 0.002 0.003 0.001 0.003 0.005 0.003 0.006 0.008
0.034 0.038 0.038 0.019 0.076 0.002 0.001 0.002 0.022 0.002 0.001 0.001 0.001 0.037 0.036 0.002 0.002 1 0.001 0.04 0.003 0.006 0.012 0.075 0.023 0.001 0.001 0.002 0 0 0.079 0.025 0.018 0 0.001 0.004 0.004 0.015 0.001 0.003 0.012 0.003 0 0.001 0.009 0.009 0.002 0.005 0.005 0.003 0.003 0.004 0.004 0.004 0.001 0.001 0.001 0 0.005 0.004 0.001 0 0.001 0.002 0.001 0.003 0.005 0.004 0.001 0.001 0.001 0.004 0 0.001 0.006 0.001 0.001
0.035 0.031 0.032 0.063 0.016 0.008 0.004 0.009 0.043 0.008 0.004 0.004 0.003 0.019 0.02 0.01 0.011 0.001 1 0.03 0.377 0.028 0.101 0.016 0.053 0.003 0.845 0.008 0.002 0.002 0.015 0.045 0.063 0.002 0.003 0.019 0.018 0.073 0.003 0.014 0.088 0.33 0.002 0.004 0.023 0.038 0.028 0.002 0.206 0.298 0.307 0.267 0.002 0.246 0.003 0.002 0.003 0.001 0.159 0.226 0.001 0.002 0.003 0.537 0.005 0.261 0.214 0.237 0.003 0.002 0.002 0.225 0 0.003 0.002 0.003 0.004
0.564 0.612 0.629 0.328 0.479 0.234 0.146 0.275 0.42 0.233 0.126 0.013 0.087 0.774 0.781 0.33 0.364 0.04 0.03 1 0.065 0.136 0.254 0.531 0.502 0.017 0.027 0.209 0.058 0.048 0.458 0.391 0.234 0.002 0.068 0.078 0.053 0.197 0.008 0.002 0.032 0.028 0.01 0.085 0.006 0.023 0.072 0.008 0.001 0.061 0.064 0.037 0.008 0.015 0.027 0.014 0.017 0.01 0.005 0.035 0.013 0.006 0.052 0.006 0.02 0.037 0.007 0.02 0.017 0.004 0.007 0.016 0.003 0.041 0.013 0.001 0.022
0.005 0.002 0.002 0.032 0.035 0.02 0.012 0.017 0.119 0.014 0.01 0.225 0.007 0.053 0.052 0.026 0.029 0.003 0.377 0.065 1 0.072 0.262 0.042 0.116 0.009 0.355 0.021 0.005 0.005 0.039 0.117 0.166 0.005 0.004 0.051 0.047 0.19 0.008 0.04 0.211 0.651 0 0.008 0.161 0.09 0.027 0.005 0.515 0.751 0.716 0.649 0.005 0.573 0.005 0.17 0.095 0.001 0.438 0.601 0.159 0.005 0.004 0.325 0.013 0.597 0.519 0.577 0.094 0.007 0.07 0.532 0.002 0.004 0.004 0.003 0.176
0.156 0.145 0.143 0.296 0.079 0.03 0.021 0.044 0.275 0.038 0.019 0.02 0.013 0.135 0.137 0.05 0.055 0.006 0.028 0.136 0.072 1 0.422 0.08 0.243 0.017 0.017 0.04 0.009 0.01 0.064 0.222 0.03 0.009 0.014 0.037 0.045 0.045 0.095 0.08 0.014 0.067 0.036 0.022 0.009 0.01 0.129 0 0.088 0.051 0.039 0.05 0 0.065 0.006 0.013 0.004 0.006 0.066 0.049 0.012 0.003 0.014 0.03 0.011 0.051 0.074 0.054 0.004 0.004 0.012 0.054 0.029 0.013 0.001 0.019 0.006
0.15 0.127 0.127 0.36 0.147 0.062 0.042 0.078 0.501 0.066 0.037 0.055 0.023 0.234 0.235 0.098 0.108 0.012 0.101 0.254 0.262 0.422 1 0.158 0.457 0.034 0.115 0.077 0.017 0.019 0.134 0.434 0.191 0.019 0.022 0 0.002 0.242 0.038 0.152 0.071 0.153 0.035 0.038 0.058 0.086 0.026 0.003 0.085 0.218 0.227 0.18 0.002 0.129 0.014 0.045 0.033 0.002 0.082 0.161 0.043 0.009 0.021 0.083 0.03 0.157 0.093 0.137 0.031 0.013 0.012 0.128 0.015 0.021 0 0.003 0.064
0.332 0.351 0.371 0.201 0.802 0.021 0.013 0.51 0.249 0.432 0.222 0.009 0.007 0.452 0.439 0.52 0.582 0.075 0.016 0.531 0.042 0.08 0.158 1 0.299 0.01 0.018 0.022 0.004 0.005 0.824 0.211 0.135 0.005 0.008 0.229 0.172 0.117 0.008 0.042 0.034 0.01 0.006 0 0.068 0.035 0.053 0.002 0.016 0.039 0.038 0.014 0.001 0.007 0.009 0.007 0.009 0.004 0.015 0.03 0.007 0.003 0 0.001 0.01 0.024 0.015 0.011 0.009 0.007 0.005 0.009 0 0.007 0.001 0.006 0.012
0.365 0.332 0.348 0.66 0.263 0.126 0.082 0.155 0.764 0.131 0.071 0.033 0.046 0.41 0.418 0.188 0.208 0.023 0.053 0.502 0.116 0.243 0.457 0.299 1 0.032 0.06 0.121 0.033 0.025 0.265 0.808 0.519 0.033 0.045 0.018 0.01 0.442 0.022 0.206 0.003 0.084 0.005 0.049 0.008 0.212 0.155 0.01 0.033 0.135 0.132 0.096 0.009 0.068 0.014 0.024 0.025 0.001 0.041 0.099 0.022 0.013 0.033 0.035 0.005 0.094 0.052 0.079 0.026 0.029 0.008 0.07 0.006 0.019 0.003 0.004 0.039
0.009 0.018 0.018 0.002 0.009 0.005 0.003 0.005 0.003 0.005 0.002 0.002 0.002 0.006 0.003 0.006 0.007 0.001 0.003 0.017 0.009 0.017 0.034 0.01 0.032 1 0.004 0.005 0.001 0.001 0.009 0.029 0.041 0 0.002 0.011 0.011 0.01 0.002 0.016 0.035 0.009 0.001 0.003 0.02 0.006 0.002 0.001 0.011 0.007 0.007 0.008 0.001 0.009 0.001 0.002 0.002 0.001 0.011 0.008 0.001 0.133 0.002 0.003 0.139 0.008 0.011 0.01 0.002 0.001 0.002 0.009 0.001 0.002 0.001 0.002 0.003
0.04 0.036 0.036 0.067 0.018 0.009 0.005 0.01 0.047 0.009 0.004 0.005 0.003 0.026 0.027 0.011 0.013 0.001 0.845 0.027 0.355 0.017 0.115 0.018 0.06 0.004 1 0.009 0.002 0.002 0.017 0.051 0.073 0.002 0.003 0.022 0.02 0.083 0.003 0.016 0.08 0.326 0.002 0.005 0.02 0.045 0.021 0.002 0.2 0.294 0.29 0.262 0.002 0.24 0.004 0.002 0.004 0.001 0.131 0.212 0.002 0.002 0.003 0.535 0.006 0.232 0.208 0.231 0.004 0.003 0.002 0.222 0 0.003 0.002 0.003 0.005
0.181 0.205 0.201 0.081 0.022 0.865 0.543 0.012 0.109 0.01 0.005 0.006 0.308 0.2 0.193 0.014 0.015 0.002 0.008 0.209 0.021 0.04 0.077 0.022 0.121 0.005 0.009 1 0.213 0.19 0.021 0.157 0.095 0 0.31 0.027 0.019 0.078 0.004 0.018 0.011 0.021 0.003 0.342 0.04 0.001 0.036 0.037 0.029 0.022 0.022 0.026 0.033 0.009 0.276 0.004 0.005 0.038 0.013 0.007 0.003 0.002 0.188 0.013 0.007 0.009 0.006 0.01 0.005 0 0.001 0.008 0.002 0.3 0.045 0 0.006
0.049 0.055 0.054 0.027 0.004 0.223 0.379 0.002 0.031 0.002 0.001 0.001 0.001 0.054 0.052 0.003 0.003 0 0.002 0.058 0.005 0.009 0.017 0.004 0.033 0.001 0.002 0.213 1 0.897 0.005 0.025 0.017 0.001 0.048 0.006 0.005 0.014 0.001 0.005 0.02 0.005 0.001 0.156 0.013 0.014 0.01 0.01 0.021 0.005 0.005 0.006 0.009 0.004 0.167 0.001 0.001 0.002 0.019 0.003 0.001 0.001 0.201 0.003 0.001 0.005 0.006 0.004 0.001 0.001 0 0.003 0 0.203 0.015 0.001 0.001
0.04 0.046 0.045 0.021 0.005 0.199 0.341 0.003 0.024 0.002 0.001 0.001 0.001 0.06 0.058 0.003 0.003 0 0.002 0.048 0.005 0.01 0.019 0.005 0.025 0.001 0.002 0.19 0.897 1 0.005 0.02 0.02 0.001 0.044 0.002 0.001 0.017 0.001 0.005 0.023 0.005 0.001 0.14 0.015 0.008 0.011 0.009 0.017 0.005 0.005 0.006 0.008 0.004 0.148 0.001 0.001 0.002 0.016 0.003 0.001 0.001 0.179 0.003 0.002 0.005 0.004 0.004 0.001 0.001 0 0.004 0.001 0.18 0.013 0.001 0.001
0.281 0.303 0.316 0.173 0.644 0.02 0.012 0.526 0.196 0.444 0.234 0.008 0.007 0.358 0.374 0.538 0.603 0.079 0.015 0.458 0.039 0.064 0.134 0.824 0.265 0.009 0.017 0.021 0.005 0.005 1 0.252 0.177 0.005 0.007 0.283 0.217 0.155 0.008 0.04 0.049 0.009 0.005 0 0.087 0.049 0.066 0.002 0.013 0.036 0.035 0.012 0.002 0.006 0.009 0.007 0.008 0.003 0.013 0.027 0.006 0.005 0 0 0.01 0.022 0.012 0.009 0.009 0.006 0.004 0.007 0 0.007 0.001 0.008 0.011
0.297 0.267 0.278 0.602 0.19 0.132 0.079 0.15 0.707 0.125 0.079 0.026 0.054 0.342 0.337 0.185 0.195 0.025 0.045 0.391 0.117 0.222 0.434 0.211 0.808 0.029 0.051 0.157 0.025 0.02 0.252 1 0.674 0.037 0.058 0.029 0.021 0.587 0.024 0.235 0 0.081 0.017 0.094 0.005 0.241 0.212 0.012 0.017 0.132 0.129 0.091 0.009 0.062 0.045 0.022 0.021 0.002 0.022 0.093 0.02 0.014 0.057 0.036 0.007 0.088 0.03 0.072 0.023 0.033 0.007 0.065 0.005 0.057 0.003 0.006 0.034
0.161 0.141 0.148 0.341 0.121 0.075 0.042 0.1 0.429 0.083 0.054 0.039 0.036 0.214 0.212 0.127 0.132 0.018 0.063 0.234 0.166 0.03 0.191 0.135 0.519 0.041 0.073 0.095 0.017 0.02 0.177 0.674 1 0.026 0.029 0.278 0.265 0.847 0.034 0.154 0.035 0.12 0.011 0.067 0.007 0.425 0.207 0.002 0.047 0.179 0.157 0.124 0.001 0.094 0.03 0.031 0.019 0 0.043 0.124 0.028 0.021 0.039 0.053 0.001 0.12 0.058 0.102 0.02 0.021 0.013 0.095 0.016 0.04 0 0.008 0.035
0 0.002 0.002 0.03 0.003 0 0.001 0.001 0.034 0.001 0 0.001 0.006 0.002 0.002 0.001 0.001 0 0.002 0.002 0.005 0.009 0.019 0.005 0.033 0 0.002 0 0.001 0.001 0.005 0.037 0.026 1 0.001 0.006 0.006 0.025 0.001 0.117 0.019 0.005 0.001 0.001 0.014 0.042 0.012 0.032 0.008 0.005 0.005 0.006 0.029 0.007 0.001 0.001 0.001 0 0.008 0.006 0.001 0.001 0.001 0.003 0.002 0.006 0.008 0.007 0.001 0.644 0.001 0.006 0.001 0.001 0.001 0.001 0.001
0.063 0.071 0.07 0.021 0.008 0.287 0.491 0.004 0.038 0.004 0.002 0 0.001 0.069 0.074 0.005 0.005 0.001 0.003 0.068 0.004 0.014 0.022 0.008 0.045 0.002 0.003 0.31 0.048 0.044 0.007 0.058 0.029 0.001 1 0.009 0.009 0.036 0.001 0.008 0.048 0.007 0.001 0.314 0.004 0.022 0.018 0.092 0.047 0.008 0.008 0.009 0.085 0 0.207 0.001 0.002 0.09 0.019 0 0.001 0.001 0.16 0.004 0.002 0 0.016 0 0.002 0.001 0.001 0 0.001 0.196 0.1 0.002 0.002
0.051 0.057 0.062 0.006 0.2 0.025 0.015 0.259 0.011 0.2 0.106 0.011 0.009 0.075 0.073 0.271 0.301 0.004 0.019 0.078 0.051 0.037 0 0.229 0.018 0.011 0.022 0.027 0.006 0.002 0.283 0.029 0.278 0.006 0.009 1 0.893 0.245 0.01 0.053 0.284 0.046 0.057 0 0.244 0.265 0.034 0.006 0.048 0.048 0.036 0.041 0.007 0.028 0.011 0.009 0.003 0.004 0.032 0.03 0.008 0.006 0.009 0.011 0.013 0.024 0.036 0.027 0.003 0.008 0.006 0.025 0.06 0.009 0.006 0.004 0.005
0.032 0.042 0.043 0.001 0.147 0.024 0.014 0.249 0.004 0.189 0.088 0.01 0.008 0.051 0.049 0.193 0.224 0.004 0.018 0.053 0.047 0.045 0.002 0.172 0.01 0.011 0.02 0.019 0.005 0.001 0.217 0.021 0.265 0.006 0.009 0.893 1 0.234 0.009 0.05 0.27 0.042 0.062 0.008 0.214 0.283 0.03 0.006 0.062 0.045 0.033 0.042 0.006 0.046 0.005 0.008 0.002 0.004 0.044 0.041 0.008 0.006 0.003 0.024 0.012 0.042 0.048 0.044 0.002 0.008 0.008 0.043 0.064 0.003 0.006 0.005 0.005
0.133 0.112 0.118 0.383 0.103 0.06 0.032 0.089 0.483 0.073 0.049 0.045 0.031 0.198 0.195 0.112 0.117 0.015 0.073 0.197 0.19 0.045 0.242 0.117 0.442 0.01 0.083 0.078 0.014 0.017 0.155 0.587 0.847 0.025 0.036 0.245 0.234 1 0.038 0.211 0.02 0.14 0.009 0.059 0.001 0.494 0.252 0.005 0.063 0.205 0.181 0.146 0.003 0.114 0.027 0.035 0.023 0 0.059 0.148 0.032 0.003 0.035 0.065 0.039 0.143 0.075 0.124 0.024 0.019 0.015 0.115 0.014 0.035 0 0.01 0.041
0.018 0.016 0.016 0.031 0.008 0.004 0.002 0.004 0.028 0.004 0.002 0.002 0.001 0.016 0.017 0.005 0.005 0.001 0.003 0.008 0.008 0.095 0.038 0.008 0.022 0.002 0.003 0.004 0.001 0.001 0.008 0.024 0.034 0.001 0.001 0.01 0.009 0.038 1 0.008 0.024 0.008 0.001 0.002 0.014 0.015 0.027 0.001 0.006 0.003 0.003 0.002 0.001 0.01 0.001 0.001 0.002 0.001 0.006 0.004 0.001 0.001 0.001 0.005 0 0.004 0.012 0.005 0.002 0.001 0.001 0.004 0.001 0.001 0.001 0.055 0.001
0 0.009 0.01 0.25 0.022 0.021 0.013 0.021 0.283 0.017 0.007 0.011 0.149 0.003 0.003 0.009 0.011 0.003 0.014 0.002 0.04 0.08 0.152 0.042 0.206 0.016 0.016 0.018 0.005 0.005 0.04 0.235 0.154 0.117 0.008 0.053 0.05 0.211 0.008 1 0.165 0.042 0.006 0.013 0.11 0.347 0.076 0.001 0.067 0.046 0.045 0.052 0.001 0.057 0.009 0.007 0.009 0.004 0.065 0.052 0.007 0.005 0.008 0.027 0.158 0.054 0.065 0.059 0.009 0.114 0.002 0.053 0.005 0.008 0.002 0.001 0.012
0.055 0.073 0.079 0.001 0.032 0.004 0.046 0.071 0.005 0.054 0.025 0.067 0.026 0.037 0.03 0.063 0.077 0.012 0.088 0.032 0.211 0.014 0.071 0.034 0.003 0.035 0.08 0.011 0.02 0.023 0.049 0 0.035 0.019 0.048 0.284 0.27 0.02 0.024 0.165 1 0.198 0.014 0.077 0.443 0.007 0.12 0 0.313 0.233 0.207 0.177 0.001 0.204 0.035 0.045 0.028 0.022 0.246 0.219 0.042 0.011 0.022 0.105 0.035 0.225 0.253 0.202 0.019 0.025 0.029 0.195 0.021 0.046 0 0.009 0.043
0.003 0.001 0.002 0.03 0.006 0.02 0.011 0 0.067 0 0 0.123 0.007 0.026 0.034 0.003 0.003 0.003 0.33 0.028 0.651 0.067 0.153 0.01 0.084 0.009 0.326 0.021 0.005 0.005 0.009 0.081 0.12 0.005 0.007 0.046 0.042 0.14 0.008 0.042 0.198 1 0.005 0.012 0.179 0.121 0.042 0.005 0.608 0.768 0.717 0.811 0.006 0.716 0.009 0.166 0.112 0.004 0.522 0.615 0.098 0.005 0.007 0.311 0.013 0.612 0.6 0.683 0.067 0.007 0.099 0.645 0.004 0.007 0.005 0.005 0.141
0.001 0.001 0.001 0.007 0.006 0.003 0.002 0.003 0.019 0.003 0.001 0.001 0.001 0.007 0.006 0.003 0.004 0 0.002 0.01 0 0.036 0.035 0.006 0.005 0.001 0.002 0.003 0.001 0.001 0.005 0.017 0.011 0.001 0.001 0.057 0.062 0.009 0.001 0.006 0.014 0.005 1 0.002 0.004 0.013 0.033 0.001 0.009 0.006 0.006 0.007 0.001 0.007 0.001 0.001 0.001 0 0.004 0.006 0.001 0.001 0.001 0.003 0.002 0.007 0.008 0.004 0.001 0.001 0.001 0.007 0.001 0.001 0.001 0.001 0.001
0.074 0.07 0.084 0.034 0 0.225 0.399 0.007 0.042 0.006 0.003 0.001 0.002 0.083 0.086 0.002 0.001 0.001 0.004 0.085 0.008 0.022 0.038 0 0.049 0.003 0.005 0.342 0.156 0.14 0 0.094 0.067 0.001 0.314 0 0.008 0.059 0.002 0.013 0.077 0.012 0.002 1 0.001 0.035 0.029 0.002 0.183 0.013 0.012 0.011 0.002 0.004 0.558 0.002 0.003 0.074 0.127 0.002 0.002 0.001 0.389 0 0.004 0.004 0.093 0.004 0.003 0.002 0 0.005 0.001 0.602 0.001 0.002 0.003
0.027 0.036 0.041 0.002 0.064 0.042 0.021 0.122 0.014 0.096 0.044 0.064 0.018 0.006 0.004 0.112 0.121 0.009 0.023 0.006 0.161 0.009 0.058 0.068 0.008 0.02 0.02 0.04 0.013 0.015 0.087 0.005 0.007 0.014 0.004 0.244 0.214 0.001 0.014 0.11 0.443 0.179 0.004 0.001 1 0.021 0.064 0.015 0.158 0.192 0.178 0.197 0.016 0.179 0.007 0.058 0.03 0.001 0.156 0.177 0.043 0.002 0.004 0.058 0.038 0.162 0.151 0.173 0.022 0.019 0.03 0.182 0.031 0.007 0.014 0.012 0.056
0.025 0.013 0.013 0.222 0.043 0 0.035 0.095 0.246 0.073 0.041 0.025 0.048 0.02 0.019 0.088 0.099 0.009 0.038 0.023 0.09 0.01 0.086 0.035 0.212 0.006 0.045 0.001 0.014 0.008 0.049 0.241 0.425 0.042 0.022 0.265 0.283 0.494 0.015 0.347 0.007 0.121 0.013 0.035 0.021 1 0.132 0.001 0.192 0.127 0.124 0.149 0.002 0.162 0.026 0.021 0.025 0.01 0.185 0.146 0.019 0.015 0.021 0.074 0.11 0.149 0.185 0.168 0.026 0.037 0.011 0.153 0.034 0.021 0.009 0.007 0.034
0.071 0.057 0.06 0.16 0.04 0.025 0.014 0.047 0.211 0.048 0.024 0.01 0.014 0.068 0.055 0.035 0.04 0.002 0.028 0.072 0.027 0.129 0.026 0.053 0.155 0.002 0.021 0.036 0.01 0.011 0.066 0.212 0.207 0.012 0.018 0.034 0.03 0.252 0.027 0.076 0.12 0.042 0.033 0.029 0.064 0.132 1 0.012 0.089 0.045 0.043 0.057 0.009 0.055 0.009 0.002 0.01 0.008 0.068 0.045 0.005 0.025 0.017 0.043 0.023 0.047 0.073 0.048 0.009 0.013 0 0.056 0.009 0.017 0.005 0.028 0.019
0.005 0.007 0.007 0.003 0.002 0.04 0.053 0.003 0.01 0.003 0.001 0.001 0.001 0.007 0.006 0.003 0.004 0.005 0.002 0.008 0.005 0 0.003 0.002 0.01 0.001 0.002 0.037 0.01 0.009 0.002 0.012 0.002 0.032 0.092 0.006 0.006 0.005 0.001 0.001 0 0.005 0.001 0.002 0.015 0.001 0.012 1 0.008 0.005 0.005 0.006 0.933 0.007 0.001 0.001 0.001 0 0.008 0.006 0.001 0.001 0.001 0.003 0.002 0.006 0.008 0.007 0.001 0.023 0.001 0.007 0.001 0.001 0.685 0.016 0.001
0.007 0.01 0.012 0.006 0.011 0.014 0.055 0.009 0.027 0.006 0.001 0.126 0.011 0 0.001 0.004 0.004 0.005 0.206 0.001 0.515 0.088 0.085 0.016 0.033 0.011 0.2 0.029 0.021 0.017 0.013 0.017 0.047 0.008 0.047 0.048 0.062 0.063 0.006 0.067 0.313 0.608 0.009 0.183 0.158 0.192 0.089 0.008 1 0.662 0.607 0.669 0.009 0.711 0.095 0.109 0.066 0.052 0.809 0.654 0.1 0.008 0.064 0.325 0.021 0.67 0.816 0.699 0.065 0.01 0.081 0.676 0.007 0.11 0.008 0.01 0.124
0.012 0.008 0.008 0.05 0.029 0.021 0.012 0.019 0.114 0.016 0.011 0.183 0.007 0.054 0.066 0.028 0.026 0.003 0.298 0.061 0.751 0.051 0.218 0.039 0.135 0.007 0.294 0.022 0.005 0.005 0.036 0.132 0.179 0.005 0.008 0.048 0.045 0.205 0.003 0.046 0.233 0.768 0.006 0.013 0.192 0.127 0.045 0.005 0.662 1 0.901 0.85 0.006 0.73 0.009 0.164 0.106 0.009 0.577 0.797 0.151 0.005 0.007 0.398 0.014 0.791 0.633 0.746 0.105 0.007 0.103 0.71 0.005 0.008 0.005 0.006 0.193
0.011 0.007 0.007 0.051 0.028 0.02 0.012 0.018 0.115 0.015 0.01 0.155 0.007 0.057 0.069 0.027 0.025 0.003 0.307 0.064 0.716 0.039 0.227 0.038 0.132 0.007 0.29 0.022 0.005 0.005 0.035 0.129 0.157 0.005 0.008 0.036 0.033 0.181 0.003 0.045 0.207 0.717 0.006 0.012 0.178 0.124 0.043 0.005 0.607 0.901 1 0.83 0.006 0.712 0.009 0.168 0.148 0.001 0.587 0.792 0.155 0.005 0.007 0.363 0.014 0.772 0.617 0.729 0.146 0.007 0.106 0.691 0.005 0.007 0.005 0.006 0.243
0.004 0.002 0.002 0.036 0.009 0.025 0.014 0.002 0.085 0.001 0 0.153 0.009 0.033 0.042 0.004 0.004 0.004 0.267 0.037 0.649 0.05 0.18 0.014 0.096 0.008 0.262 0.026 0.006 0.006 0.012 0.091 0.124 0.006 0.009 0.041 0.042 0.146 0.002 0.052 0.177 0.811 0.007 0.011 0.197 0.149 0.057 0.006 0.669 0.85 0.83 1 0.007 0.826 0.011 0.14 0.134 0.007 0.638 0.761 0.129 0.006 0.008 0.365 0.016 0.755 0.694 0.815 0.131 0.008 0.087 0.768 0.005 0.009 0.006 0.007 0.202
0.005 0.007 0.007 0.002 0.001 0.036 0.048 0.003 0.009 0.003 0.001 0.001 0.001 0.007 0.006 0.004 0.004 0.004 0.002 0.008 0.005 0 0.002 0.001 0.009 0.001 0.002 0.033 0.009 0.008 0.002 0.009 0.001 0.029 0.085 0.007 0.006 0.003 0.001 0.001 0.001 0.006 0.001 0.002 0.016 0.002 0.009 0.933 0.009 0.006 0.006 0.007 1 0.007 0.001 0.001 0.001 0 0.008 0.007 0.001 0.001 0.001 0.003 0.002 0.007 0.009 0.008 0.001 0.021 0.001 0.007 0.001 0.001 0.706 0.029 0.002
0 0 0 0.02 0.004 0.007 0.001 0.004 0.053 0.002 0 0.141 0.009 0.012 0.018 0.001 0.001 0.004 0.246 0.015 0.573 0.065 0.129 0.007 0.068 0.009 0.24 0.009 0.004 0.004 0.006 0.062 0.094 0.007 0 0.028 0.046 0.114 0.01 0.057 0.204 0.716 0.007 0.004 0.179 0.162 0.055 0.007 0.711 0.73 0.712 0.826 0.007 1 0.012 0.107 0.133 0.062 0.671 0.845 0.118 0.007 0.009 0.37 0.018 0.864 0.741 0.923 0.16 0.009 0.078 0.906 0.006 0.01 0.006 0.008 0.202
0.024 0.029 0.028 0.007 0.009 0.155 0.275 0.005 0.01 0.004 0.002 0 0.001 0.03 0.033 0.005 0.006 0.001 0.003 0.027 0.005 0.006 0.014 0.009 0.014 0.001 0.004 0.276 0.167 0.148 0.009 0.045 0.03 0.001 0.207 0.011 0.005 0.027 0.001 0.009 0.035 0.009 0.001 0.558 0.007 0.026 0.009 0.001 0.095 0.009 0.009 0.011 0.001 0.012 1 0.002 0.002 0.001 0.099 0.011 0.001 0.001 0.541 0.005 0.003 0.011 0.072 0.012 0.002 0.001 0.001 0.011 0.001 0.83 0.001 0.002 0.002
0.009 0.012 0.011 0.001 0.007 0.004 0.002 0.004 0.025 0.004 0.002 0.101 0.001 0.006 0.006 0.005 0.005 0.001 0.002 0.014 0.17 0.013 0.045 0.007 0.024 0.002 0.002 0.004 0.001 0.001 0.007 0.022 0.031 0.001 0.001 0.009 0.008 0.035 0.001 0.007 0.045 0.166 0.001 0.002 0.058 0.021 0.002 0.001 0.109 0.164 0.168 0.14 0.001 0.107 0.002 1 0.067 0.001 0.112 0.143 0.196 0.001 0.001 0 0.002 0.14 0.094 0.124 0.065 0.001 0.256 0.089 0.001 0.001 0.001 0 0.047
0.012 0.01 0.01 0.019 0.004 0.003 0.001 0.001 0.016 0.001 0.002 0.4 0.001 0.016 0.017 0.006 0.006 0.001 0.003 0.017 0.095 0.004 0.033 0.009 0.025 0.002 0.004 0.005 0.001 0.001 0.008 0.021 0.019 0.001 0.002 0.003 0.002 0.023 0.002 0.009 0.028 0.112 0.001 0.003 0.03 0.025 0.01 0.001 0.066 0.106 0.148 0.134 0.001 0.133 0.002 0.067 1 0.001 0.116 0.148 0.223 0.001 0.002 0.005 0.003 0.131 0.112 0.12 0.326 0.001 0.001 0.12 0.001 0.002 0.001 0 0.581
0.004 0.005 0.005 0 0.004 0.04 0.074 0.002 0.001 0.002 0.001 0.017 0.001 0.01 0.009 0.002 0.002 0 0.001 0.01 0.001 0.006 0.002 0.004 0.001 0.001 0.001 0.038 0.002 0.002 0.003 0.002 0 0 0.09 0.004 0.004 0 0.001 0.004 0.022 0.004 0 0.074 0.001 0.01 0.008 0 0.052 0.009 0.001 0.007 0 0.062 0.001 0.001 0.001 1 0.013 0.068 0.001 0 0.001 0.002 0.001 0.058 0.009 0.059 0.001 0.001 0.001 0.064 0 0.001 0 0.001 0.001
0.003 0.005 0.007 0.009 0.01 0.004 0.028 0.009 0.034 0.005 0.003 0.129 0.011 0.001 0.003 0.003 0.003 0.005 0.159 0.005 0.438 0.066 0.082 0.015 0.041 0.011 0.131 0.013 0.019 0.016 0.013 0.022 0.043 0.008 0.019 0.032 0.044 0.059 0.006 0.065 0.246 0.522 0.004 0.127 0.156 0.185 0.068 0.008 0.809 0.577 0.587 0.638 0.008 0.671 0.099 0.112 0.116 0.013 1 0.626 0.104 0.008 0.067 0.253 0.02 0.658 0.87 0.701 0.14 0.01 0.084 0.651 0.007 0.115 0.007 0.009 0.177
0.003 0.002 0.001 0.033 0.022 0.005 0 0.022 0.082 0.019 0.012 0.158 0.008 0.03 0.039 0.018 0.017 0.004 0.226 0.035 0.601 0.049 0.161 0.03 0.099 0.008 0.212 0.007 0.003 0.003 0.027 0.093 0.124 0.006 0 0.03 0.041 0.148 0.004 0.052 0.219 0.615 0.006 0.002 0.177 0.146 0.045 0.006 0.654 0.797 0.792 0.761 0.007 0.845 0.011 0.143 0.148 0.068 0.626 1 0.131 0.006 0.008 0.343 0.016 0.905 0.66 0.859 0.178 0.008 0.109 0.813 0.005 0.009 0.006 0.007 0.225
0.015 0.013 0.014 0.026 0.007 0.003 0.002 0.004 0.023 0.003 0.002 0.491 0.001 0.005 0.005 0.004 0.005 0.001 0.001 0.013 0.159 0.012 0.043 0.007 0.022 0.001 0.002 0.003 0.001 0.001 0.006 0.02 0.028 0.001 0.001 0.008 0.008 0.032 0.001 0.007 0.042 0.098 0.001 0.002 0.043 0.019 0.005 0.001 0.1 0.151 0.155 0.129 0.001 0.118 0.001 0.196 0.223 0.001 0.104 0.131 1 0.001 0.001 0.004 0.002 0.113 0.099 0.105 0.389 0.001 0.012 0.116 0.001 0.001 0.001 0 0.387
0.008 0.009 0.007 0.016 0.003 0.002 0.001 0.003 0.014 0.002 0.001 0.001 0 0 0 0.003 0.004 0 0.002 0.006 0.005 0.003 0.009 0.003 0.013 0.133 0.002 0.002 0.001 0.001 0.005 0.014 0.021 0.001 0.001 0.006 0.006 0.003 0.001 0.005 0.011 0.005 0.001 0.001 0.002 0.015 0.025 0.001 0.008 0.005 0.005 0.006 0.001 0.007 0.001 0.001 0.001 0 0.008 0.006 0.001 1 0.001 0.003 0.002 0.006 0.008 0.007 0.001 0.001 0.001 0.006 0.001 0.001 0.001 0.001 0.001
0.021 0.025 0.025 0.022 0.007 0.131 0.233 0.004 0.027 0.003 0.002 0 0.001 0.053 0.058 0.004 0.005 0.001 0.003 0.052 0.004 0.014 0.021 0 0.033 0.002 0.003 0.188 0.201 0.179 0 0.057 0.039 0.001 0.16 0.009 0.003 0.035 0.001 0.008 0.022 0.007 0.001 0.389 0.004 0.021 0.017 0.001 0.064 0.007 0.007 0.008 0.001 0.009 0.541 0.001 0.002 0.001 0.067 0.008 0.001 0.001 1 0.002 0.002 0.008 0.043 0.009 0.002 0.001 0.001 0.009 0.001 0.56 0.001 0.001 0.002
0.012 0.012 0.01 0.024 0.01 0.012 0.007 0.015 0.034 0.012 0.006 0.001 0.004 0.011 0.012 0.003 0.002 0.002 0.537 0.006 0.325 0.03 0.083 0.001 0.035 0.003 0.535 0.013 0.003 0.003 0 0.036 0.053 0.003 0.004 0.011 0.024 0.065 0.005 0.027 0.105 0.311 0.003 0 0.058 0.074 0.043 0.003 0.325 0.398 0.363 0.365 0.003 0.37 0.005 0 0.005 0.002 0.253 0.343 0.004 0.003 0.002 1 0.008 0.392 0.342 0.379 0.005 0.004 0.001 0.351 0.003 0.004 0.003 0.005 0.004
0.007 0.021 0.022 0.05 0.009 0.007 0.004 0.005 0.058 0.004 0.003 0.004 0.002 0.018 0.023 0.006 0.007 0.001 0.005 0.02 0.013 0.011 0.03 0.01 0.005 0.139 0.006 0.007 0.001 0.002 0.01 0.007 0.001 0.002 0.002 0.013 0.012 0.039 0 0.158 0.035 0.013 0.002 0.004 0.038 0.11 0.023 0.002 0.021 0.014 0.014 0.016 0.002 0.018 0.003 0.002 0.003 0.001 0.02 0.016 0.002 0.002 0.002 0.008 1 0.016 0.02 0.018 0.003 0.002 0.002 0.017 0.001 0.002 0.002 0.001 0.004
0.002 0.002 0.001 0.029 0.016 0.007 0.001 0.023 0.075 0.019 0.012 0.139 0.009 0.027 0.035 0.012 0.011 0.003 0.261 0.037 0.597 0.051 0.157 0.024 0.094 0.008 0.232 0.009 0.005 0.005 0.022 0.088 0.12 0.006 0 0.024 0.042 0.143 0.004 0.054 0.225 0.612 0.007 0.004 0.162 0.149 0.047 0.006 0.67 0.791 0.772 0.755 0.007 0.864 0.011 0.14 0.131 0.058 0.658 0.905 0.113 0.006 0.008 0.392 0.016 1 0.676 0.878 0.173 0.008 0.098 0.836 0.005 0.009 0.006 0.007 0.204
0 0.001 0.002 0.015 0.01 0.001 0.013 0.009 0.042 0.005 0.003 0.127 0.011 0.005 0.008 0.003 0.004 0.005 0.214 0.007 0.519 0.074 0.093 0.015 0.052 0.011 0.208 0.006 0.006 0.004 0.012 0.03 0.058 0.008 0.016 0.036 0.048 0.075 0.012 0.065 0.253 0.6 0.008 0.093 0.151 0.185 0.073 0.008 0.816 0.633 0.617 0.694 0.009 0.741 0.072 0.094 0.112 0.009 0.87 0.66 0.099 0.008 0.043 0.342 0.02 0.676 1 0.742 0.14 0.01 0.084 0.694 0.007 0.082 0.007 0.007 0.172
0 0 0 0.024 0.007 0.008 0.001 0.007 0.063 0.004 0.002 0.128 0.01 0.015 0.021 0.002 0.002 0.004 0.237 0.02 0.577 0.054 0.137 0.011 0.079 0.01 0.231 0.01 0.004 0.004 0.009 0.072 0.102 0.007 0 0.027 0.044 0.124 0.005 0.059 0.202 0.683 0.004 0.004 0.173 0.168 0.048 0.007 0.699 0.746 0.729 0.815 0.008 0.923 0.012 0.124 0.12 0.059 0.701 0.859 0.105 0.007 0.009 0.379 0.018 0.878 0.742 1 0.145 0.009 0.094 0.909 0.006 0.01 0.007 0.006 0.186
0.006 0.005 0.005 0.014 0.004 0.003 0.001 0.001 0.018 0.001 0.002 0.21 0.001 0.017 0.017 0.006 0.006 0.001 0.003 0.017 0.094 0.004 0.031 0.009 0.026 0.002 0.004 0.005 0.001 0.001 0.009 0.023 0.02 0.001 0.002 0.003 0.002 0.024 0.002 0.009 0.019 0.067 0.001 0.003 0.022 0.026 0.009 0.001 0.065 0.105 0.146 0.131 0.001 0.16 0.002 0.065 0.326 0.001 0.14 0.178 0.389 0.001 0.002 0.005 0.003 0.173 0.14 0.145 1 0.001 0.001 0.146 0.001 0.002 0.001 0 0.556
0 0.004 0.004 0.025 0.004 0 0.002 0.002 0.029 0.001 0 0.002 0.004 0.004 0.001 0.002 0.002 0.001 0.002 0.004 0.007 0.004 0.013 0.007 0.029 0.001 0.003 0 0.001 0.001 0.006 0.033 0.021 0.644 0.001 0.008 0.008 0.019 0.001 0.114 0.025 0.007 0.001 0.002 0.019 0.037 0.013 0.023 0.01 0.007 0.007 0.008 0.021 0.009 0.001 0.001 0.001 0.001 0.01 0.008 0.001 0.001 0.001 0.004 0.002 0.008 0.01 0.009 0.001 1 0.001 0.008 0.001 0.001 0.001 0.001 0.002
0.017 0.016 0.02 0.011 0 0.001 0 0.004 0.003 0.003 0.002 0.004 0.001 0 0.002 0.002 0.003 0.001 0.002 0.007 0.07 0.012 0.012 0.005 0.008 0.002 0.002 0.001 0 0 0.004 0.007 0.013 0.001 0.001 0.006 0.008 0.015 0.001 0.002 0.029 0.099 0.001 0 0.03 0.011 0 0.001 0.081 0.103 0.106 0.087 0.001 0.078 0.001 0.256 0.001 0.001 0.084 0.109 0.012 0.001 0.001 0.001 0.002 0.098 0.084 0.094 0.001 0.001 1 0.063 0.001 0.001 0.001 0.001 0
0.001 0 0 0.025 0.005 0.006 0 0.005 0.054 0.003 0.002 0.14 0.009 0.012 0.018 0.001 0.001 0.004 0.225 0.016 0.532 0.054 0.128 0.009 0.07 0.009 0.222 0.008 0.003 0.004 0.007 0.065 0.095 0.006 0 0.025 0.043 0.115 0.004 0.053 0.195 0.645 0.007 0.005 0.182 0.153 0.056 0.007 0.676 0.71 0.691 0.768 0.007 0.906 0.011 0.089 0.12 0.064 0.651 0.813 0.116 0.006 0.009 0.351 0.017 0.836 0.694 0.909 0.146 0.008 0.063 1 0.006 0.009 0.006 0.007 0.205
0.004 0.003 0.003 0.007 0 0.002 0.001 0 0.006 0 0.001 0.001 0.001 0.001 0.001 0 0.003 0 0 0.003 0.002 0.029 0.015 0 0.006 0.001 0 0.002 0 0.001 0 0.005 0.016 0.001 0.001 0.06 0.064 0.014 0.001 0.005 0.021 0.004 0.001 0.001 0.031 0.034 0.009 0.001 0.007 0.005 0.005 0.005 0.001 0.006 0.001 0.001 0.001 0 0.007 0.005 0.001 0.001 0.001 0.003 0.001 0.005 0.007 0.006 0.001 0.001 0.001 0.006 1 0.001 0.001 0.001 0.001
0.033 0.039 0.038 0.013 0.007 0.194 0.337 0.004 0.017 0.003 0.002 0 0.001 0.038 0.041 0.004 0.005 0.001 0.003 0.041 0.004 0.013 0.021 0.007 0.019 0.002 0.003 0.3 0.203 0.18 0.007 0.057 0.04 0.001 0.196 0.009 0.003 0.035 0.001 0.008 0.046 0.007 0.001 0.602 0.007 0.021 0.017 0.001 0.11 0.008 0.007 0.009 0.001 0.01 0.83 0.001 0.002 0.001 0.115 0.009 0.001 0.001 0.56 0.004 0.002 0.009 0.082 0.01 0.002 0.001 0.001 0.009 0.001 1 0.001 0.001 0.002
0.01 0.012 0.011 0 0.001 0.048 0.063 0.003 0.004 0.002 0.001 0.001 0.001 0.012 0.011 0.003 0.003 0.006 0.002 0.013 0.004 0.001 0 0.001 0.003 0.001 0.002 0.045 0.015 0.013 0.001 0.003 0 0.001 0.1 0.006 0.006 0 0.001 0.002 0 0.005 0.001 0.001 0.014 0.009 0.005 0.685 0.008 0.005 0.005 0.006 0.706 0.006 0.001 0.001 0.001 0 0.007 0.006 0.001 0.001 0.001 0.003 0.002 0.006 0.007 0.007 0.001 0.001 0.001 0.006 0.001 0.001 1 0.049 0.001
0.005 0.004 0.004 0.015 0.006 0.001 0.001 0.004 0.006 0.004 0.002 0 0 0.001 0.001 0.005 0.006 0.001 0.003 0.001 0.003 0.019 0.003 0.006 0.004 0.002 0.003 0 0.001 0.001 0.008 0.006 0.008 0.001 0.002 0.004 0.005 0.01 0.055 0.001 0.009 0.005 0.001 0.002 0.012 0.007 0.028 0.016 0.01 0.006 0.006 0.007 0.029 0.008 0.002 0 0 0.001 0.009 0.007 0 0.001 0.001 0.005 0.001 0.007 0.007 0.006 0 0.001 0.001 0.007 0.001 0.001 0.049 1 0
0.008 0.006 0.006 0.02 0.007 0.004 0.002 0.002 0.03 0.001 0.003 0.421 0.002 0.022 0.023 0.007 0.008 0.001 0.004 0.022 0.176 0.006 0.064 0.012 0.039 0.003 0.005 0.006 0.001 0.001 0.011 0.034 0.035 0.001 0.002 0.005 0.005 0.041 0.001 0.012 0.043 0.141 0.001 0.003 0.056 0.034 0.019 0.001 0.124 0.193 0.243 0.202 0.002 0.202 0.002 0.047 0.581 0.001 0.177 0.225 0.387 0.001 0.002 0.004 0.004 0.204 0.172 0.186 0.556 0.002 0 0.205 0.001 0.002 0.001 0 1
