1 0.791 0.839 0.396 0.404 0.169 0.111 0.292 0.256 0.229 0.119 0.018 0.049 0.535 0.488 0.321 0.296 0.033 0.036 0.61 0.003 0.103 0.095 0.388 0.26 0.003 0.038 0.143 0.057 0.058 0.259 0.214 0.129 0 0.036 0.073 0.053 0.119 0.027 0.014 0.077 0 0.003 0.058 0.045 0.01 0.08 0.013 0.025 0.002 0.002 0.001 0.005 0.014 0.006 0.05 0.004 0.003 0.028 0.001 0.006 0.004 0.019 0.006 0.011 0.004 0.017 0.009 0 0.001 0.028 0.01 0 0.011 0.015 0.015 0.001
0.791 1 0.926 0.398 0.419 0.202 0.133 0.35 0.247 0.274 0.143 0.015 0.058 0.63 0.577 0.327 0.298 0.04 0.03 0.625 0 0.111 0.087 0.403 0.275 0.024 0.032 0.173 0.068 0.07 0.277 0.228 0.134 0 0.045 0.068 0.067 0.107 0.023 0.027 0.088 0.001 0.013 0.039 0.044 0.007 0.058 0.017 0.022 0.002 0.002 0.002 0.008 0.01 0.009 0.059 0.003 0.005 0.024 0 0.005 0.004 0.024 0.019 0.027 0.001 0.014 0.006 0 0.002 0.035 0.011 0.001 0.015 0.02 0.011 0
0.839 0.926 1 0.432 0.477 0.199 0.13 0.344 0.275 0.269 0.141 0.015 0.057 0.644 0.589 0.378 0.349 0.04 0.031 0.68 0.001 0.109 0.088 0.459 0.313 0.024 0.033 0.17 0.067 0.069 0.317 0.259 0.157 0.001 0.044 0.089 0.065 0.127 0.023 0.026 0.104 0.001 0.013 0.072 0.056 0.006 0.07 0.017 0.032 0.002 0.002 0.002 0.008 0.017 0.008 0.058 0.003 0.005 0.035 0.001 0.005 0.003 0.024 0.008 0.028 0.005 0.022 0.013 0 0.003 0.036 0.019 0.001 0.015 0.019 0.012 0
0.396 0.398 0.432 1 0.216 0.08 0.049 0.156 0.8 0.122 0.069 0.034 0.026 0.26 0.238 0.173 0.159 0.022 0.067 0.282 0.032 0.269 0.323 0.22 0.633 0.003 0.072 0.066 0.03 0.031 0.124 0.585 0.378 0.036 0.016 0.01 0.005 0.455 0.044 0.24 0 0.023 0.03 0.024 0.001 0.253 0.197 0.008 0.004 0.049 0.049 0.026 0.001 0.007 0 0.022 0.008 0 0.002 0.024 0.01 0.011 0.004 0.045 0.055 0.015 0.007 0.011 0.002 0.039 0.004 0.005 0.005 0.002 0.005 0.024 0.004
0.404 0.419 0.477 0.216 1 0.017 0.011 0.604 0.256 0.487 0.238 0.008 0.005 0.505 0.461 0.683 0.628 0.078 0.015 0.534 0.034 0.068 0.126 0.858 0.273 0.012 0.016 0.017 0.006 0.006 0.63 0.227 0.169 0.001 0.006 0.223 0.166 0.138 0.011 0.036 0.039 0.001 0.007 0.004 0.094 0.033 0.055 0.002 0 0.033 0.033 0.002 0.001 0 0.006 0.005 0.004 0.004 0 0.017 0.002 0.003 0.005 0.002 0.013 0.011 0 0 0.003 0.001 0.005 0.001 0.009 0.004 0 0.008 0.005
0.169 0.202 0.199 0.08 0.017 1 0.657 0.012 0.094 0.009 0.005 0.003 0.288 0.196 0.179 0.013 0.012 0.001 0.006 0.192 0.014 0.015 0.036 0.017 0.096 0.005 0.006 0.882 0.338 0.346 0.02 0.079 0.041 0.001 0.247 0.018 0.016 0.039 0.005 0.005 0.007 0.011 0.003 0.164 0.029 0.003 0.024 0.093 0.011 0.011 0.011 0.015 0.052 0 0.088 0.003 0 0.056 0.013 0 0.001 0.002 0.152 0.008 0.006 0 0.006 0.002 0.001 0 0 0.001 0.002 0.107 0.087 0 0
0.111 0.133 0.13 0.049 0.011 0.657 1 0.008 0.067 0.006 0.003 0.002 0.001 0.137 0.125 0.009 0.008 0 0.004 0.128 0.009 0.01 0.024 0.011 0.064 0.003 0.004 0.582 0.514 0.526 0.013 0.046 0.018 0.002 0.379 0.012 0.01 0.019 0.003 0.013 0.037 0.006 0.002 0.264 0.015 0.028 0.015 0.068 0.034 0.007 0.007 0.009 0.039 0.001 0.142 0.002 0.001 0.091 0.038 0.002 0.001 0.001 0.236 0.006 0.004 0.003 0.023 0 0.002 0.002 0 0 0.001 0.17 0.07 0.003 0.001
0.292 0.35 0.344 0.156 0.604 0.012 0.008 1 0.176 0.783 0.416 0.005 0.003 0.354 0.323 0.846 0.729 0.003 0.011 0.382 0.023 0.047 0.086 0.605 0.201 0.008 0.011 0.011 0.004 0.004 0.519 0.2 0.153 0 0.004 0.266 0.301 0.131 0.008 0.023 0.061 0 0.005 0.008 0.147 0.105 0.058 0.003 0.003 0.027 0.027 0 0.005 0.001 0.005 0.006 0.002 0.003 0.003 0.034 0.002 0.003 0.003 0.018 0.008 0.032 0.003 0.002 0.001 0 0.007 0 0.015 0.003 0.004 0.009 0.003
0.256 0.247 0.275 0.8 0.256 0.094 0.067 0.176 1 0.138 0.079 0.03 0.029 0.325 0.296 0.196 0.18 0.025 0.038 0.342 0.113 0.247 0.444 0.254 0.744 0.004 0.042 0.086 0.034 0.035 0.15 0.691 0.46 0.041 0.019 0.018 0.011 0.548 0.038 0.271 0.007 0.054 0.027 0.029 0.004 0.304 0.235 0.01 0.025 0.119 0.119 0.074 0.002 0.033 0.001 0.026 0.006 0 0.02 0.068 0.009 0.014 0.01 0.034 0.062 0.055 0.029 0.042 0.006 0.044 0.024 0.027 0.006 0.003 0.007 0.02 0.011
0.229 0.274 0.269 0.122 0.487 0.009 0.006 0.783 0.138 1 0.532 0.004 0.003 0.276 0.252 0.654 0.661 0.002 0.008 0.298 0.017 0.037 0.067 0.462 0.157 0.007 0.009 0.009 0.003 0.003 0.393 0.154 0.117 0 0.003 0.163 0.186 0.101 0.006 0.016 0.032 0.002 0.004 0.007 0.104 0.063 0.051 0.002 0 0.02 0.02 0.002 0.004 0 0.004 0.004 0.001 0.002 0 0.026 0.001 0.002 0.003 0.014 0.006 0.024 0 0 0.001 0 0.006 0 0 0.002 0.003 0.007 0.002
0.119 0.143 0.141 0.069 0.238 0.005 0.003 0.416 0.079 0.532 1 0.002 0.001 0.148 0.135 0.359 0.392 0.001 0.005 0.16 0.011 0.021 0.04 0.231 0.092 0.004 0.005 0.005 0.002 0.002 0.202 0.096 0.074 0.002 0.002 0.1 0.112 0.066 0.004 0.003 0.019 0.001 0.002 0.004 0.044 0.045 0.028 0.001 0.001 0.013 0.013 0 0.002 0.001 0.002 0.003 0.002 0.001 0.002 0.016 0.001 0.001 0.002 0.008 0.005 0.015 0.003 0.002 0.001 0.001 0.003 0.001 0 0.002 0.002 0.004 0.002
0.018 0.015 0.015 0.034 0.008 0.003 0.002 0.005 0.03 0.004 0.002 1 0.001 0.009 0.008 0.006 0.006 0.001 0.003 0.011 0.198 0.012 0.054 0.008 0.026 0.002 0.003 0.003 0.001 0.001 0.002 0.021 0.028 0.001 0 0.009 0.008 0.032 0.002 0.009 0.049 0.14 0.001 0.001 0.045 0.021 0.005 0.001 0.095 0.144 0.139 0.108 0.001 0.099 0 0 0.183 0.023 0.035 0.12 0.25 0.001 0 0.012 0.003 0.041 0.094 0.094 0.042 0.002 0.029 0.038 0.001 0 0.001 0.002 0.09
0.049 0.058 0.057 0.026 0.005 0.288 0.001 0.003 0.029 0.003 0.001 0.001 1 0.06 0.055 0.004 0.004 0 0.002 0.065 0.004 0.008 0.015 0.005 0.034 0.001 0.002 0.291 0.001 0.001 0.006 0.036 0.028 0.012 0.001 0.006 0.005 0.025 0.001 0.09 0.015 0.003 0.001 0.001 0.012 0.027 0.012 0.024 0.006 0.003 0.003 0.005 0.014 0.005 0.001 0.001 0.001 0 0.006 0.004 0 0 0.001 0.002 0.002 0.004 0.006 0.005 0.001 0.005 0.001 0.005 0.001 0.001 0.018 0.005 0.001
0.535 0.63 0.644 0.26 0.505 0.196 0.137 0.354 0.325 0.276 0.148 0.009 0.06 1 0.886 0.406 0.372 0.05 0.012 0.75 0.041 0.082 0.151 0.509 0.359 0.021 0.013 0.195 0.07 0.072 0.348 0.309 0.222 0 0.06 0.12 0.092 0.19 0.022 0.021 0.06 0.008 0.006 0.089 0.035 0.015 0.073 0.02 0.003 0.045 0.045 0.013 0.01 0 0.015 0.011 0.004 0.006 0.006 0.013 0.001 0.005 0.041 0.004 0.022 0.007 0.001 0 0.003 0.002 0.007 0 0.002 0.024 0.023 0.003 0.006
0.488 0.577 0.589 0.238 0.461 0.179 0.125 0.323 0.296 0.252 0.135 0.008 0.055 0.886 1 0.37 0.339 0.046 0.014 0.758 0.044 0.085 0.158 0.479 0.375 0.02 0.016 0.178 0.064 0.066 0.385 0.286 0.21 0.001 0.061 0.119 0.093 0.177 0.024 0.022 0.054 0.011 0.003 0.085 0.029 0.014 0.054 0.018 0.001 0.051 0.051 0.017 0.009 0.001 0.016 0.009 0.005 0.005 0.003 0.017 0.001 0.003 0.042 0.006 0.029 0.011 0 0.001 0.003 0.002 0.008 0 0.001 0.025 0.02 0.004 0.007
0.321 0.327 0.378 0.173 0.683 0.013 0.009 0.846 0.196 0.654 0.359 0.006 0.004 0.406 0.37 1 0.85 0.003 0.011 0.435 0.027 0.052 0.099 0.684 0.23 0.009 0.012 0.013 0.004 0.004 0.589 0.23 0.177 0 0.005 0.327 0.244 0.152 0.009 0.025 0.077 0 0.005 0.008 0.17 0.076 0.065 0.003 0 0.032 0.032 0.001 0.005 0.002 0.005 0.006 0.004 0.003 0.001 0.014 0.002 0.003 0.004 0 0.01 0.008 0 0.001 0.003 0 0.007 0.004 0.012 0.004 0.004 0.01 0.005
0.296 0.298 0.349 0.159 0.628 0.012 0.008 0.729 0.18 0.661 0.392 0.006 0.004 0.372 0.339 0.85 1 0.003 0.011 0.414 0.026 0.05 0.095 0.647 0.219 0.009 0.012 0.012 0.004 0.004 0.556 0.212 0.162 0 0.004 0.288 0.21 0.141 0.008 0.023 0.068 0 0.005 0.011 0.152 0.062 0.06 0.003 0.002 0.028 0.028 0 0.005 0.005 0.004 0.006 0.004 0.003 0.002 0.011 0.002 0.003 0.004 0 0.009 0.005 0.001 0.003 0.003 0 0.007 0.006 0.005 0.003 0.004 0.009 0.005
0.033 0.04 0.04 0.022 0.078 0.001 0 0.003 0.025 0.002 0.001 0.001 0 0.05 0.046 0.003 0.003 1 0.001 0.054 0.003 0.007 0.012 0.089 0.029 0.001 0.002 0.001 0.001 0.001 0.078 0.03 0.022 0.001 0 0.005 0.003 0.017 0.001 0.005 0.012 0.004 0.001 0.001 0.011 0.006 0.001 0.005 0.007 0.004 0.004 0.005 0.002 0.006 0.001 0.001 0.001 0 0.007 0.005 0 0 0 0.003 0.002 0.005 0.007 0.006 0 0.001 0.001 0.005 0 0.001 0.003 0.001 0.001
0.036 0.03 0.031 0.067 0.015 0.006 0.004 0.011 0.038 0.008 0.005 0.003 0.002 0.012 0.014 0.011 0.011 0.001 1 0.027 0.421 0.024 0.118 0.016 0.051 0.004 0.934 0.006 0.002 0.002 0.018 0.047 0.061 0.002 0.002 0.018 0.016 0.07 0.004 0.017 0.099 0.342 0.003 0.004 0.054 0.04 0.036 0.002 0.209 0.314 0.332 0.271 0.002 0.234 0.003 0.003 0.001 0.001 0.172 0.237 0.001 0.002 0.002 0.49 0.006 0.28 0.208 0.234 0.001 0.003 0.004 0.261 0.003 0.002 0.002 0.005 0
0.61 0.625 0.68 0.282 0.534 0.192 0.128 0.382 0.342 0.298 0.16 0.011 0.065 0.75 0.758 0.435 0.414 0.054 0.027 1 0.058 0.097 0.192 0.565 0.463 0.021 0.026 0.192 0.076 0.078 0.462 0.334 0.219 0 0.05 0.113 0.084 0.185 0.018 0.02 0.043 0.014 0.012 0.083 0.034 0.016 0.082 0.023 0.003 0.044 0.045 0.012 0.011 0 0.01 0.014 0.01 0.007 0.002 0.015 0.004 0.006 0.031 0.003 0.025 0.01 0 0.001 0.008 0.002 0.01 0.001 0.002 0.018 0.025 0.008 0.012
0.003 0 0.001 0.032 0.034 0.014 0.009 0.023 0.113 0.017 0.011 0.198 0.004 0.041 0.044 0.027 0.026 0.003 0.421 0.058 1 0.055 0.275 0.037 0.12 0.01 0.426 0.014 0.005 0.005 0.017 0.106 0.138 0.005 0.001 0.043 0.038 0.157 0.01 0.041 0.228 0.654 0.005 0.006 0.143 0.094 0.026 0.004 0.482 0.728 0.741 0.595 0.006 0.513 0.002 0.158 0.048 0.001 0.361 0.571 0.065 0.004 0.001 0.331 0.013 0.509 0.473 0.523 0.044 0.007 0.152 0.457 0.006 0.001 0.005 0.009 0.064
0.103 0.111 0.109 0.269 0.068 0.015 0.01 0.047 0.247 0.037 0.021 0.012 0.008 0.082 0.085 0.052 0.05 0.007 0.024 0.097 0.055 1 0.451 0.07 0.216 0.019 0.021 0.027 0.009 0.009 0.049 0.173 0.026 0.011 0.01 0.038 0.041 0.039 0.085 0.066 0.004 0.061 0.079 0.019 0.008 0.016 0.168 0 0.06 0.026 0.02 0.027 0.006 0.039 0.002 0.013 0 0.007 0.036 0.025 0.004 0.001 0.007 0.014 0.015 0.024 0.047 0.03 0 0.01 0.01 0.039 0.002 0.01 0 0.042 0
0.095 0.087 0.088 0.323 0.126 0.036 0.024 0.086 0.444 0.067 0.04 0.054 0.015 0.151 0.158 0.099 0.095 0.012 0.118 0.192 0.275 0.451 1 0.133 0.417 0.037 0.126 0.051 0.017 0.018 0.079 0.345 0.156 0.02 0.012 0.001 0.002 0.196 0.036 0.132 0.1 0.149 0.04 0.03 0.048 0.102 0.045 0.003 0.095 0.247 0.269 0.188 0 0.133 0.004 0.038 0.027 0.002 0.083 0.184 0.018 0.006 0.008 0.107 0.035 0.16 0.103 0.148 0.03 0.021 0.042 0.112 0 0.012 0.001 0.003 0.035
0.388 0.403 0.459 0.22 0.858 0.017 0.011 0.605 0.254 0.462 0.231 0.008 0.005 0.509 0.479 0.684 0.647 0.089 0.016 0.565 0.037 0.07 0.133 1 0.299 0.012 0.017 0.017 0.006 0.006 0.742 0.246 0.184 0.007 0.006 0.27 0.21 0.152 0.012 0.051 0.048 0.003 0.007 0.004 0.114 0.04 0.054 0.001 0.001 0.041 0.041 0.005 0.001 0 0.006 0.008 0.006 0.004 0.001 0.023 0.002 0.003 0.004 0.001 0.013 0.015 0.002 0 0.005 0.009 0.01 0 0.008 0.004 0 0.009 0.007
0.26 0.275 0.313 0.633 0.273 0.096 0.064 0.201 0.744 0.157 0.092 0.026 0.034 0.359 0.375 0.23 0.219 0.029 0.051 0.463 0.12 0.216 0.417 0.299 1 0.04 0.054 0.102 0.04 0.041 0.234 0.826 0.592 0.02 0.023 0.03 0.02 0.512 0.038 0.177 0.003 0.061 0.023 0.036 0.003 0.246 0.193 0.011 0.024 0.13 0.13 0.073 0.002 0.041 0.002 0.027 0.016 0.001 0.023 0.083 0.008 0.012 0.013 0.036 0.013 0.069 0.034 0.05 0.013 0.025 0.027 0.035 0.009 0.005 0.006 0.017 0.022
0.003 0.024 0.024 0.003 0.012 0.005 0.003 0.008 0.004 0.007 0.004 0.002 0.001 0.021 0.02 0.009 0.009 0.001 0.004 0.021 0.01 0.019 0.037 0.012 0.04 1 0.005 0.005 0.002 0.002 0.014 0.038 0.049 0.016 0.002 0.014 0.012 0.001 0 0.044 0.03 0.012 0.001 0.002 0.017 0.008 0.007 0.001 0.015 0.009 0.009 0.012 0.002 0.013 0.002 0.002 0.002 0 0.014 0.01 0.001 0.153 0.001 0.005 0.081 0.01 0.015 0.013 0.001 0.011 0.003 0.012 0.002 0.002 0.002 0.004 0.002
0.038 0.032 0.033 0.072 0.016 0.006 0.004 0.011 0.042 0.009 0.005 0.003 0.002 0.013 0.016 0.012 0.012 0.002 0.934 0.026 0.426 0.021 0.126 0.017 0.054 0.005 1 0.006 0.002 0.002 0.019 0.051 0.065 0.002 0.002 0.019 0.017 0.075 0.005 0.018 0.098 0.345 0.003 0.005 0.055 0.042 0.033 0.002 0.209 0.318 0.335 0.273 0.003 0.236 0.003 0.003 0.001 0.002 0.168 0.24 0.001 0.002 0.002 0.498 0.006 0.274 0.208 0.235 0.001 0.003 0.004 0.263 0.003 0.002 0.002 0.005 0
0.143 0.173 0.17 0.066 0.017 0.882 0.582 0.011 0.086 0.009 0.005 0.003 0.291 0.195 0.178 0.013 0.012 0.001 0.006 0.192 0.014 0.027 0.051 0.017 0.102 0.005 0.006 1 0.341 0.349 0.019 0.097 0.055 0.001 0.306 0.018 0.014 0.054 0.005 0.006 0.013 0.01 0.003 0.213 0.022 0.002 0.036 0.094 0.018 0.011 0.011 0.014 0.053 0.002 0.135 0.003 0.002 0.057 0.015 0 0.001 0.002 0.218 0.008 0.006 0 0.007 0.005 0.002 0 0 0.003 0.002 0.16 0.088 0 0.003
0.057 0.068 0.067 0.03 0.006 0.338 0.514 0.004 0.034 0.003 0.002 0.001 0.001 0.07 0.064 0.004 0.004 0.001 0.002 0.076 0.005 0.009 0.017 0.006 0.04 0.002 0.002 0.341 1 0.977 0.007 0.02 0.014 0.001 0.155 0.007 0.006 0.011 0.002 0.007 0.017 0.006 0.001 0.128 0.017 0.015 0.01 0.043 0.012 0.006 0.006 0.007 0.025 0.008 0.176 0.001 0.001 0 0.009 0.007 0 0.001 0.255 0.004 0.002 0.006 0.006 0.008 0.001 0.001 0.001 0.007 0.001 0.208 0.054 0.002 0.001
0.058 0.07 0.069 0.031 0.006 0.346 0.526 0.004 0.035 0.003 0.002 0.001 0.001 0.072 0.066 0.004 0.004 0.001 0.002 0.078 0.005 0.009 0.018 0.006 0.041 0.002 0.002 0.349 0.977 1 0.007 0.021 0.014 0.001 0.17 0.007 0.006 0.012 0.002 0.007 0.018 0.006 0.001 0.136 0.018 0.016 0.01 0.042 0.013 0.006 0.006 0.008 0.024 0.007 0.171 0.001 0.001 0 0.01 0.005 0 0.001 0.249 0.003 0.002 0.005 0.007 0.007 0.001 0.001 0.001 0.006 0.001 0.203 0.053 0.002 0.001
0.259 0.277 0.317 0.124 0.63 0.02 0.013 0.519 0.15 0.393 0.202 0.002 0.006 0.348 0.385 0.589 0.556 0.078 0.018 0.462 0.017 0.049 0.079 0.742 0.234 0.014 0.019 0.019 0.007 0.007 1 0.236 0.179 0.008 0.007 0.297 0.24 0.146 0.013 0.057 0.073 0 0.008 0.002 0.146 0.042 0.063 0.002 0 0.022 0.022 0.001 0.005 0.001 0.007 0.01 0.006 0.005 0.003 0.011 0.003 0.005 0.004 0.001 0.016 0.02 0 0 0.005 0.01 0.012 0 0.006 0.005 0.003 0.015 0.008
0.214 0.228 0.259 0.585 0.227 0.079 0.046 0.2 0.691 0.154 0.096 0.021 0.036 0.309 0.286 0.23 0.212 0.03 0.047 0.334 0.106 0.173 0.345 0.246 0.826 0.038 0.051 0.097 0.02 0.021 0.236 1 0.73 0.021 0.045 0.054 0.042 0.642 0.037 0.19 0 0.059 0.022 0.06 0 0.307 0.254 0.012 0.015 0.127 0.127 0.07 0.001 0.036 0.011 0.026 0.012 0.001 0.013 0.077 0.007 0.014 0.035 0.036 0.014 0.063 0.022 0.045 0.012 0.026 0.025 0.031 0.011 0.02 0.003 0.017 0.017
0.129 0.134 0.157 0.378 0.169 0.041 0.018 0.153 0.46 0.117 0.074 0.028 0.028 0.222 0.21 0.177 0.162 0.022 0.061 0.219 0.138 0.026 0.156 0.184 0.592 0.049 0.065 0.055 0.014 0.014 0.179 0.73 1 0.014 0.024 0.263 0.252 0.863 0.048 0.134 0.023 0.089 0.027 0.044 0.01 0.419 0.186 0.003 0.038 0.168 0.155 0.097 0 0.061 0.006 0.034 0.01 0 0.026 0.108 0.01 0.018 0.018 0.049 0.007 0.092 0.045 0.066 0.007 0.018 0.042 0.054 0.034 0.014 0 0.026 0.017
0 0 0.001 0.036 0.001 0.001 0.002 0 0.041 0 0.002 0.001 0.012 0 0.001 0 0 0.001 0.002 0 0.005 0.011 0.02 0.007 0.02 0.016 0.002 0.001 0.001 0.001 0.008 0.021 0.014 1 0.001 0.008 0.007 0.034 0.002 0.135 0.022 0.006 0.001 0.002 0.019 0.059 0.018 0.001 0.01 0.006 0.006 0.008 0 0.009 0.001 0.001 0.001 0.001 0.01 0.007 0 0.001 0.001 0.003 0.002 0.007 0.01 0.009 0.001 0.529 0.002 0.008 0.001 0.001 0.001 0.002 0.001
0.036 0.045 0.044 0.016 0.006 0.247 0.379 0.004 0.019 0.003 0.002 0 0.001 0.06 0.061 0.005 0.004 0 0.002 0.05 0.001 0.01 0.012 0.006 0.023 0.002 0.002 0.306 0.155 0.17 0.007 0.045 0.024 0.001 1 0.007 0.006 0.031 0.002 0.007 0.04 0.006 0.001 0.218 0.008 0.016 0.015 0.133 0.027 0.006 0.006 0.008 0.081 0 0.161 0.001 0.001 0.067 0.028 0 0 0.001 0.189 0.002 0.002 0 0.016 0.002 0.001 0.001 0.002 0 0.001 0.187 0.103 0.002 0.001
0.073 0.068 0.089 0.01 0.223 0.018 0.012 0.266 0.018 0.163 0.1 0.009 0.006 0.12 0.119 0.327 0.288 0.005 0.018 0.113 0.043 0.038 0.001 0.27 0.03 0.014 0.019 0.018 0.007 0.007 0.297 0.054 0.263 0.008 0.007 1 0.861 0.228 0.014 0.059 0.273 0.045 0.107 0.002 0.197 0.194 0.011 0.005 0.036 0.046 0.038 0.049 0.007 0.024 0.007 0.01 0.001 0.005 0.022 0.023 0.003 0.005 0.006 0.003 0.016 0.015 0.032 0.019 0 0.01 0.012 0.018 0.046 0.005 0.006 0.005 0.002
0.053 0.067 0.065 0.005 0.166 0.016 0.01 0.301 0.011 0.186 0.112 0.008 0.005 0.092 0.093 0.244 0.21 0.003 0.016 0.084 0.038 0.041 0.002 0.21 0.02 0.012 0.017 0.014 0.006 0.006 0.24 0.042 0.252 0.007 0.006 0.861 1 0.223 0.012 0.051 0.264 0.04 0.124 0.01 0.178 0.247 0.01 0.004 0.065 0.04 0.032 0.043 0.006 0.051 0.005 0.009 0.001 0.004 0.045 0.042 0.002 0.005 0.004 0.023 0.014 0.04 0.056 0.043 0 0.009 0.011 0.043 0.057 0.003 0.006 0.013 0.001
0.119 0.107 0.127 0.455 0.138 0.039 0.019 0.131 0.548 0.101 0.066 0.032 0.025 0.19 0.177 0.152 0.141 0.017 0.07 0.185 0.157 0.039 0.196 0.152 0.512 0.001 0.075 0.054 0.011 0.012 0.146 0.642 0.863 0.034 0.031 0.228 0.223 1 0.055 0.235 0.011 0.106 0.023 0.037 0.002 0.522 0.227 0.006 0.054 0.192 0.179 0.118 0 0.079 0.005 0.037 0.013 0 0.039 0.13 0.011 0.016 0.015 0.059 0.052 0.111 0.062 0.085 0.009 0.037 0.048 0.069 0.029 0.011 0 0.031 0.02
0.027 0.023 0.023 0.044 0.011 0.005 0.003 0.008 0.038 0.006 0.004 0.002 0.001 0.022 0.024 0.009 0.008 0.001 0.004 0.018 0.01 0.085 0.036 0.012 0.038 0 0.005 0.005 0.002 0.002 0.013 0.037 0.048 0.002 0.002 0.014 0.012 0.055 1 0.007 0.025 0.011 0.002 0.003 0.02 0.023 0.065 0.001 0.015 0.008 0.008 0.006 0.002 0.016 0.001 0.002 0.001 0.001 0.014 0.01 0.001 0.001 0.001 0.006 0 0.01 0.017 0.013 0.001 0.002 0.003 0.011 0.002 0.002 0.002 0.02 0.001
0.014 0.027 0.026 0.24 0.036 0.005 0.013 0.023 0.271 0.016 0.003 0.009 0.09 0.021 0.022 0.025 0.023 0.005 0.017 0.02 0.041 0.066 0.132 0.051 0.177 0.044 0.018 0.006 0.007 0.007 0.057 0.19 0.134 0.135 0.007 0.059 0.051 0.235 0.007 1 0.177 0.051 0.008 0.014 0.117 0.374 0.091 0 0.084 0.052 0.052 0.065 0 0.075 0.002 0.01 0.006 0.005 0.08 0.063 0.003 0.005 0.006 0.033 0.234 0.061 0.084 0.075 0.005 0.155 0.013 0.065 0.003 0.007 0 0.001 0.008
0.077 0.088 0.104 0 0.039 0.007 0.037 0.061 0.007 0.032 0.019 0.049 0.015 0.06 0.054 0.077 0.068 0.012 0.099 0.043 0.228 0.004 0.1 0.048 0.003 0.03 0.098 0.013 0.017 0.018 0.073 0 0.023 0.022 0.04 0.273 0.264 0.011 0.025 0.177 1 0.184 0.045 0.08 0.358 0 0.058 0 0.259 0.211 0.196 0.133 0.002 0.176 0.025 0.054 0.008 0.027 0.203 0.218 0.016 0.014 0.03 0.117 0.047 0.212 0.223 0.177 0.006 0.03 0.057 0.161 0.008 0.04 0 0.03 0.008
0 0.001 0.001 0.023 0.001 0.011 0.006 0 0.054 0.002 0.001 0.14 0.003 0.008 0.011 0 0 0.004 0.342 0.014 0.654 0.061 0.149 0.003 0.061 0.012 0.345 0.01 0.006 0.006 0 0.059 0.089 0.006 0.006 0.045 0.04 0.106 0.011 0.051 0.184 1 0.007 0.013 0.244 0.118 0.062 0.004 0.594 0.698 0.666 0.782 0.007 0.669 0.007 0.099 0.041 0.009 0.452 0.547 0.049 0.005 0.001 0.313 0.016 0.488 0.568 0.651 0.037 0.009 0.122 0.612 0.008 0.006 0.006 0.013 0.052
0.003 0.013 0.013 0.03 0.007 0.003 0.002 0.005 0.027 0.004 0.002 0.001 0.001 0.006 0.003 0.005 0.005 0.001 0.003 0.012 0.005 0.079 0.04 0.007 0.023 0.001 0.003 0.003 0.001 0.001 0.008 0.022 0.027 0.001 0.001 0.107 0.124 0.023 0.002 0.008 0.045 0.007 1 0.002 0.002 0.005 0.044 0.001 0.012 0.007 0.007 0.009 0.001 0.011 0.001 0.001 0.001 0.001 0.005 0.009 0 0.001 0.001 0.005 0.003 0.009 0.012 0.004 0.001 0.001 0.002 0.009 0.001 0.001 0.001 0.002 0.001
0.058 0.039 0.072 0.024 0.004 0.164 0.264 0.008 0.029 0.007 0.004 0.001 0.001 0.089 0.085 0.008 0.011 0.001 0.004 0.083 0.006 0.019 0.03 0.004 0.036 0.002 0.005 0.213 0.128 0.136 0.002 0.06 0.044 0.002 0.218 0.002 0.01 0.037 0.003 0.014 0.08 0.013 0.002 1 0 0.032 0.031 0.001 0.168 0.013 0.013 0.016 0.002 0.016 0.408 0.002 0.002 0.091 0.158 0.013 0.001 0.001 0.298 0.012 0.005 0.024 0.121 0.009 0.001 0.002 0.002 0.011 0.002 0.477 0.002 0.004 0.002
0.045 0.044 0.056 0.001 0.094 0.029 0.015 0.147 0.004 0.104 0.044 0.045 0.012 0.035 0.029 0.17 0.152 0.011 0.054 0.034 0.143 0.008 0.048 0.114 0.003 0.017 0.055 0.022 0.017 0.018 0.146 0 0.01 0.019 0.008 0.197 0.178 0.002 0.02 0.117 0.358 0.244 0.002 0 1 0.002 0.066 0.013 0.215 0.196 0.183 0.231 0.019 0.252 0.005 0.021 0.011 0.006 0.185 0.209 0.015 0.003 0.002 0.118 0.048 0.178 0.2 0.248 0.007 0.026 0.038 0.209 0.011 0.008 0.016 0.034 0.015
0.01 0.007 0.006 0.253 0.033 0.003 0.028 0.105 0.304 0.063 0.045 0.021 0.027 0.015 0.014 0.076 0.062 0.006 0.04 0.016 0.094 0.016 0.102 0.04 0.246 0.008 0.042 0.002 0.015 0.016 0.042 0.307 0.419 0.059 0.016 0.194 0.247 0.522 0.023 0.374 0 0.118 0.005 0.032 0.002 1 0.152 0.001 0.193 0.119 0.12 0.149 0.005 0.172 0.019 0.022 0.015 0.011 0.184 0.144 0.006 0.012 0.013 0.075 0.139 0.14 0.194 0.172 0.012 0.066 0.029 0.149 0.04 0.015 0.005 0.013 0.018
0.08 0.058 0.07 0.197 0.055 0.024 0.015 0.058 0.235 0.051 0.028 0.005 0.012 0.073 0.054 0.065 0.06 0.001 0.036 0.082 0.026 0.168 0.045 0.054 0.193 0.007 0.033 0.036 0.01 0.01 0.063 0.254 0.186 0.018 0.015 0.011 0.01 0.227 0.065 0.091 0.058 0.062 0.044 0.031 0.066 0.152 1 0.011 0.101 0.045 0.045 0.06 0 0.068 0.006 0.003 0 0.01 0.072 0.048 0.002 0.005 0.011 0.057 0.036 0.046 0.086 0.059 0.004 0.012 0 0.055 0.007 0.015 0.002 0.062 0.003
0.013 0.017 0.017 0.008 0.002 0.093 0.068 0.003 0.01 0.002 0.001 0.001 0.024 0.02 0.018 0.003 0.003 0.005 0.002 0.023 0.004 0 0.003 0.001 0.011 0.001 0.002 0.094 0.043 0.042 0.002 0.012 0.003 0.001 0.133 0.005 0.004 0.006 0.001 0 0 0.004 0.001 0.001 0.013 0.001 0.011 1 0.007 0.004 0.004 0.006 0.641 0.006 0.001 0.001 0.001 0 0.007 0.005 0 0 0 0.003 0.002 0.005 0.007 0.006 0 0 0.001 0.006 0.001 0.001 0.693 0.006 0.001
0.025 0.022 0.032 0.004 0 0.011 0.034 0.003 0.025 0 0.001 0.095 0.006 0.003 0.001 0 0.002 0.007 0.209 0.003 0.482 0.06 0.095 0.001 0.024 0.015 0.209 0.018 0.012 0.013 0 0.015 0.038 0.01 0.027 0.036 0.065 0.054 0.015 0.084 0.259 0.594 0.012 0.168 0.215 0.193 0.101 0.007 1 0.62 0.592 0.68 0.011 0.779 0.062 0.113 0.022 0.056 0.812 0.652 0.032 0.007 0.061 0.365 0.027 0.639 0.877 0.744 0.022 0.014 0.15 0.673 0.013 0.079 0.009 0.022 0.035
0.002 0.002 0.002 0.049 0.033 0.011 0.007 0.027 0.119 0.02 0.013 0.144 0.003 0.045 0.051 0.032 0.028 0.004 0.314 0.044 0.728 0.026 0.247 0.041 0.13 0.009 0.318 0.011 0.006 0.006 0.022 0.127 0.168 0.006 0.006 0.046 0.04 0.192 0.008 0.052 0.211 0.698 0.007 0.013 0.196 0.119 0.045 0.004 0.62 1 0.932 0.795 0.007 0.675 0.007 0.181 0.042 0.01 0.484 0.77 0.052 0.005 0.001 0.402 0.017 0.709 0.592 0.688 0.04 0.009 0.234 0.589 0.008 0.006 0.006 0.014 0.063
0.002 0.002 0.002 0.049 0.033 0.011 0.007 0.027 0.119 0.02 0.013 0.139 0.003 0.045 0.051 0.032 0.028 0.004 0.332 0.045 0.741 0.02 0.269 0.041 0.13 0.009 0.335 0.011 0.006 0.006 0.022 0.127 0.155 0.006 0.006 0.038 0.032 0.179 0.008 0.052 0.196 0.666 0.007 0.013 0.183 0.12 0.045 0.004 0.592 0.932 1 0.795 0.007 0.676 0.007 0.181 0.066 0 0.488 0.77 0.052 0.005 0.001 0.413 0.017 0.71 0.592 0.689 0.066 0.009 0.234 0.59 0.008 0.006 0.006 0.014 0.089
0.001 0.002 0.002 0.026 0.002 0.015 0.009 0 0.074 0.002 0 0.108 0.005 0.013 0.017 0.001 0 0.005 0.271 0.012 0.595 0.027 0.188 0.005 0.073 0.012 0.273 0.014 0.007 0.008 0.001 0.07 0.097 0.008 0.008 0.049 0.043 0.118 0.006 0.065 0.133 0.782 0.009 0.016 0.231 0.149 0.06 0.006 0.68 0.795 0.795 1 0.009 0.794 0.009 0.146 0.056 0.007 0.574 0.654 0.042 0.006 0.002 0.335 0.021 0.603 0.677 0.786 0.05 0.011 0.188 0.696 0.01 0.008 0.007 0.017 0.07
0.005 0.008 0.008 0.001 0.001 0.052 0.039 0.005 0.002 0.004 0.002 0.001 0.014 0.01 0.009 0.005 0.005 0.002 0.002 0.011 0.006 0.006 0 0.001 0.002 0.002 0.003 0.053 0.025 0.024 0.005 0.001 0 0 0.081 0.007 0.006 0 0.002 0 0.002 0.007 0.001 0.002 0.019 0.005 0 0.641 0.011 0.007 0.007 0.009 1 0.01 0.001 0.001 0.001 0.001 0.011 0.008 0 0.001 0.001 0.004 0.002 0.008 0.011 0.01 0.001 0 0.002 0.009 0.001 0.001 0.605 0.077 0.001
0.014 0.01 0.017 0.007 0 0 0.001 0.001 0.033 0 0.001 0.099 0.005 0 0.001 0.002 0.005 0.006 0.234 0 0.513 0.039 0.133 0 0.041 0.013 0.236 0.002 0.008 0.007 0.001 0.036 0.061 0.009 0 0.024 0.051 0.079 0.016 0.075 0.176 0.669 0.011 0.016 0.252 0.172 0.068 0.006 0.779 0.675 0.676 0.794 0.01 1 0.011 0.119 0.076 0.062 0.724 0.809 0.037 0.007 0.003 0.42 0.024 0.793 0.809 0.929 0.07 0.013 0.16 0.849 0.011 0.009 0.008 0.019 0.103
0.006 0.009 0.008 0 0.006 0.088 0.142 0.005 0.001 0.004 0.002 0 0.001 0.015 0.016 0.005 0.004 0.001 0.003 0.01 0.002 0.002 0.004 0.006 0.002 0.002 0.003 0.135 0.176 0.171 0.007 0.011 0.006 0.001 0.161 0.007 0.005 0.005 0.001 0.002 0.025 0.007 0.001 0.408 0.005 0.019 0.006 0.001 0.062 0.007 0.007 0.009 0.001 0.011 1 0.001 0.001 0.001 0.065 0.009 0 0.001 0.518 0.005 0.003 0.008 0.057 0.011 0.001 0.001 0.002 0.009 0.001 0.825 0.001 0.002 0.001
0.05 0.059 0.058 0.022 0.005 0.003 0.002 0.006 0.026 0.004 0.003 0 0.001 0.011 0.009 0.006 0.006 0.001 0.003 0.014 0.158 0.013 0.038 0.008 0.027 0.002 0.003 0.003 0.001 0.001 0.01 0.026 0.034 0.001 0.001 0.01 0.009 0.037 0.002 0.01 0.054 0.099 0.001 0.002 0.021 0.022 0.003 0.001 0.113 0.181 0.181 0.146 0.001 0.119 0.001 1 0 0.001 0.108 0.145 0.007 0.001 0.001 0 0.003 0.156 0.101 0.127 0 0.002 0.486 0.122 0.001 0.001 0.001 0.002 0
0.004 0.003 0.003 0.008 0.004 0 0.001 0.002 0.006 0.001 0.002 0.183 0.001 0.004 0.005 0.004 0.004 0.001 0.001 0.01 0.048 0 0.027 0.006 0.016 0.002 0.001 0.002 0.001 0.001 0.006 0.012 0.01 0.001 0.001 0.001 0.001 0.013 0.001 0.006 0.008 0.041 0.001 0.002 0.011 0.015 0 0.001 0.022 0.042 0.066 0.056 0.001 0.076 0.001 0 1 0.001 0.071 0.091 0.205 0.001 0.001 0.004 0.002 0.087 0.066 0.071 0.371 0.001 0.003 0.076 0.001 0.001 0.001 0.002 0.515
0.003 0.005 0.005 0 0.004 0.056 0.091 0.003 0 0.002 0.001 0.023 0 0.006 0.005 0.003 0.003 0 0.001 0.007 0.001 0.007 0.002 0.004 0.001 0 0.002 0.057 0 0 0.005 0.001 0 0.001 0.067 0.005 0.004 0 0.001 0.005 0.027 0.009 0.001 0.091 0.006 0.011 0.01 0 0.056 0.01 0 0.007 0.001 0.062 0.001 0.001 0.001 1 0.058 0.076 0 0 0 0.001 0.002 0.078 0.037 0.04 0 0.001 0.006 0.041 0.001 0.001 0.001 0.001 0.001
0.028 0.024 0.035 0.002 0 0.013 0.038 0.003 0.02 0 0.002 0.035 0.006 0.006 0.003 0.001 0.002 0.007 0.172 0.002 0.361 0.036 0.083 0.001 0.023 0.014 0.168 0.015 0.009 0.01 0.003 0.013 0.026 0.01 0.028 0.022 0.045 0.039 0.014 0.08 0.203 0.452 0.005 0.158 0.185 0.184 0.072 0.007 0.812 0.484 0.488 0.574 0.011 0.724 0.065 0.108 0.071 0.058 1 0.602 0.034 0.007 0.064 0.262 0.026 0.692 0.852 0.743 0.065 0.014 0.146 0.732 0.012 0.083 0.009 0.021 0.097
0.001 0 0.001 0.024 0.017 0 0.002 0.034 0.068 0.026 0.016 0.12 0.004 0.013 0.017 0.014 0.011 0.005 0.237 0.015 0.571 0.025 0.184 0.023 0.083 0.01 0.24 0 0.007 0.005 0.011 0.077 0.108 0.007 0 0.023 0.042 0.13 0.01 0.063 0.218 0.547 0.009 0.013 0.209 0.144 0.048 0.005 0.652 0.77 0.77 0.654 0.008 0.809 0.009 0.145 0.091 0.076 0.602 1 0.044 0.005 0.002 0.427 0.02 0.87 0.68 0.792 0.083 0.011 0.194 0.698 0.009 0.008 0.007 0.016 0.124
0.006 0.005 0.005 0.01 0.002 0.001 0.001 0.002 0.009 0.001 0.001 0.25 0 0.001 0.001 0.002 0.002 0 0.001 0.004 0.065 0.004 0.018 0.002 0.008 0.001 0.001 0.001 0 0 0.003 0.007 0.01 0 0 0.003 0.002 0.011 0.001 0.003 0.016 0.049 0 0.001 0.015 0.006 0.002 0 0.032 0.052 0.052 0.042 0 0.037 0 0.007 0.205 0 0.034 0.044 1 0 0 0.002 0.001 0.039 0.031 0.031 0.103 0 0.003 0.036 0 0 0 0.001 0.229
0.004 0.004 0.003 0.011 0.003 0.002 0.001 0.003 0.014 0.002 0.001 0.001 0 0.005 0.003 0.003 0.003 0 0.002 0.006 0.004 0.001 0.006 0.003 0.012 0.153 0.002 0.002 0.001 0.001 0.005 0.014 0.018 0.001 0.001 0.005 0.005 0.016 0.001 0.005 0.014 0.005 0.001 0.001 0.003 0.012 0.005 0 0.007 0.005 0.005 0.006 0.001 0.007 0.001 0.001 0.001 0 0.007 0.005 0 1 0.001 0.003 0.002 0.005 0.007 0.007 0 0.001 0.001 0.006 0.001 0.001 0.001 0.001 0.001
0.019 0.024 0.024 0.004 0.005 0.152 0.236 0.003 0.01 0.003 0.002 0 0.001 0.041 0.042 0.004 0.004 0 0.002 0.031 0.001 0.007 0.008 0.004 0.013 0.001 0.002 0.218 0.255 0.249 0.004 0.035 0.018 0.001 0.189 0.006 0.004 0.015 0.001 0.006 0.03 0.001 0.001 0.298 0.002 0.013 0.011 0 0.061 0.001 0.001 0.002 0.001 0.003 0.518 0.001 0.001 0 0.064 0.002 0 0.001 1 0.002 0.002 0.002 0.055 0.003 0.001 0.001 0.001 0.002 0.001 0.598 0.001 0.001 0.001
0.006 0.019 0.008 0.045 0.002 0.008 0.006 0.018 0.034 0.014 0.008 0.012 0.002 0.004 0.006 0 0 0.003 0.49 0.003 0.331 0.014 0.107 0.001 0.036 0.005 0.498 0.008 0.004 0.003 0.001 0.036 0.049 0.003 0.002 0.003 0.023 0.059 0.006 0.033 0.117 0.313 0.005 0.012 0.118 0.075 0.057 0.003 0.365 0.402 0.413 0.335 0.004 0.42 0.005 0 0.004 0.001 0.262 0.427 0.002 0.003 0.002 1 0.01 0.401 0.375 0.427 0.003 0.006 0.005 0.323 0.005 0.004 0.004 0.008 0
0.011 0.027 0.028 0.055 0.013 0.006 0.004 0.008 0.062 0.006 0.005 0.003 0.002 0.022 0.029 0.01 0.009 0.002 0.006 0.025 0.013 0.015 0.035 0.013 0.013 0.081 0.006 0.006 0.002 0.002 0.016 0.014 0.007 0.002 0.002 0.016 0.014 0.052 0 0.234 0.047 0.016 0.003 0.005 0.048 0.139 0.036 0.002 0.027 0.017 0.017 0.021 0.002 0.024 0.003 0.003 0.002 0.002 0.026 0.02 0.001 0.002 0.002 0.01 1 0.02 0.027 0.024 0.002 0.003 0.004 0.021 0.003 0.002 0.002 0 0.002
0.004 0.001 0.005 0.015 0.011 0 0.003 0.032 0.055 0.024 0.015 0.041 0.004 0.007 0.011 0.008 0.005 0.005 0.28 0.01 0.509 0.024 0.16 0.015 0.069 0.01 0.274 0 0.006 0.005 0.02 0.063 0.092 0.007 0 0.015 0.04 0.111 0.01 0.061 0.212 0.488 0.009 0.024 0.178 0.14 0.046 0.005 0.639 0.709 0.71 0.603 0.008 0.793 0.008 0.156 0.087 0.078 0.692 0.87 0.039 0.005 0.002 0.401 0.02 1 0.666 0.776 0.085 0.01 0.206 0.78 0.009 0.007 0.007 0.016 0.12
0.017 0.014 0.022 0.007 0 0.006 0.023 0.003 0.029 0 0.003 0.094 0.006 0.001 0 0 0.001 0.007 0.208 0 0.473 0.047 0.103 0.002 0.034 0.015 0.208 0.007 0.006 0.007 0 0.022 0.045 0.01 0.016 0.032 0.056 0.062 0.017 0.084 0.223 0.568 0.012 0.121 0.2 0.194 0.086 0.007 0.877 0.592 0.592 0.677 0.011 0.809 0.057 0.101 0.066 0.037 0.852 0.68 0.031 0.007 0.055 0.375 0.027 0.666 1 0.798 0.062 0.014 0.149 0.712 0.013 0.074 0.009 0.019 0.091
0.009 0.006 0.013 0.011 0 0.002 0 0.002 0.042 0 0.002 0.094 0.005 0 0.001 0.001 0.003 0.006 0.234 0.001 0.523 0.03 0.148 0 0.05 0.013 0.235 0.005 0.008 0.007 0 0.045 0.066 0.009 0.002 0.019 0.043 0.085 0.013 0.075 0.177 0.651 0.004 0.009 0.248 0.172 0.059 0.006 0.744 0.688 0.689 0.786 0.01 0.929 0.011 0.127 0.071 0.04 0.743 0.792 0.031 0.007 0.003 0.427 0.024 0.776 0.798 1 0.064 0.013 0.168 0.835 0.011 0.009 0.008 0.017 0.098
0 0 0 0.002 0.003 0.001 0.002 0.001 0.006 0.001 0.001 0.042 0.001 0.003 0.003 0.003 0.003 0 0.001 0.008 0.044 0 0.03 0.005 0.013 0.001 0.001 0.002 0.001 0.001 0.005 0.012 0.007 0.001 0.001 0 0 0.009 0.001 0.005 0.006 0.037 0.001 0.001 0.007 0.012 0.004 0 0.022 0.04 0.066 0.05 0.001 0.07 0.001 0 0.371 0 0.065 0.083 0.103 0 0.001 0.003 0.002 0.085 0.062 0.064 1 0.001 0.001 0.069 0.001 0.001 0.001 0.001 0.556
0.001 0.002 0.003 0.039 0.001 0 0.002 0 0.044 0 0.001 0.002 0.005 0.002 0.002 0 0 0.001 0.003 0.002 0.007 0.01 0.021 0.009 0.025 0.011 0.003 0 0.001 0.001 0.01 0.026 0.018 0.529 0.001 0.01 0.009 0.037 0.002 0.155 0.03 0.009 0.001 0.002 0.026 0.066 0.012 0 0.014 0.009 0.009 0.011 0 0.013 0.001 0.002 0.001 0.001 0.014 0.011 0 0.001 0.001 0.006 0.003 0.01 0.014 0.013 0.001 1 0.002 0.011 0.001 0.001 0.001 0.003 0.001
0.028 0.035 0.036 0.004 0.005 0 0 0.007 0.024 0.006 0.003 0.029 0.001 0.007 0.008 0.007 0.007 0.001 0.004 0.01 0.152 0.01 0.042 0.01 0.027 0.003 0.004 0 0.001 0.001 0.012 0.025 0.042 0.002 0.002 0.012 0.011 0.048 0.003 0.013 0.057 0.122 0.002 0.002 0.038 0.029 0 0.001 0.15 0.234 0.234 0.188 0.002 0.16 0.002 0.486 0.003 0.006 0.146 0.194 0.003 0.001 0.001 0.005 0.004 0.206 0.149 0.168 0.001 0.002 1 0.174 0.002 0.002 0.001 0.003 0
0.01 0.011 0.019 0.005 0.001 0.001 0 0 0.027 0 0.001 0.038 0.005 0 0 0.004 0.006 0.005 0.261 0.001 0.457 0.039 0.112 0 0.035 0.012 0.263 0.003 0.007 0.006 0 0.031 0.054 0.008 0 0.018 0.043 0.069 0.011 0.065 0.161 0.612 0.009 0.011 0.209 0.149 0.055 0.006 0.673 0.589 0.59 0.696 0.009 0.849 0.009 0.122 0.076 0.041 0.732 0.698 0.036 0.006 0.002 0.323 0.021 0.78 0.712 0.835 0.069 0.011 0.174 1 0.01 0.008 0.007 0.017 0.113
0 0.001 0.001 0.005 0.009 0.002 0.001 0.015 0.006 0 0 0.001 0.001 0.002 0.001 0.012 0.005 0 0.003 0.002 0.006 0.002 0 0.008 0.009 0.002 0.003 0.002 0.001 0.001 0.006 0.011 0.034 0.001 0.001 0.046 0.057 0.029 0.002 0.003 0.008 0.008 0.001 0.002 0.011 0.04 0.007 0.001 0.013 0.008 0.008 0.01 0.001 0.011 0.001 0.001 0.001 0.001 0.012 0.009 0 0.001 0.001 0.005 0.003 0.009 0.013 0.011 0.001 0.001 0.002 0.01 1 0.001 0.001 0.002 0.001
0.011 0.015 0.015 0.002 0.004 0.107 0.17 0.003 0.003 0.002 0.002 0 0.001 0.024 0.025 0.004 0.003 0.001 0.002 0.018 0.001 0.01 0.012 0.004 0.005 0.002 0.002 0.16 0.208 0.203 0.005 0.02 0.014 0.001 0.187 0.005 0.003 0.011 0.002 0.007 0.04 0.006 0.001 0.477 0.008 0.015 0.015 0.001 0.079 0.006 0.006 0.008 0.001 0.009 0.825 0.001 0.001 0.001 0.083 0.008 0 0.001 0.598 0.004 0.002 0.007 0.074 0.009 0.001 0.001 0.002 0.008 0.001 1 0.001 0.002 0.001
0.015 0.02 0.019 0.005 0 0.087 0.07 0.004 0.007 0.003 0.002 0.001 0.018 0.023 0.02 0.004 0.004 0.003 0.002 0.025 0.005 0 0.001 0 0.006 0.002 0.002 0.088 0.054 0.053 0.003 0.003 0 0.001 0.103 0.006 0.006 0 0.002 0 0 0.006 0.001 0.002 0.016 0.005 0.002 0.693 0.009 0.006 0.006 0.007 0.605 0.008 0.001 0.001 0.001 0.001 0.009 0.007 0 0.001 0.001 0.004 0.002 0.007 0.009 0.008 0.001 0.001 0.001 0.007 0.001 0.001 1 0.014 0.001
0.015 0.011 0.012 0.024 0.008 0 0.003 0.009 0.02 0.007 0.004 0.002 0.005 0.003 0.004 0.01 0.009 0.001 0.005 0.008 0.009 0.042 0.003 0.009 0.017 0.004 0.005 0 0.002 0.002 0.015 0.017 0.026 0.002 0.002 0.005 0.013 0.031 0.02 0.001 0.03 0.013 0.002 0.004 0.034 0.013 0.062 0.006 0.022 0.014 0.014 0.017 0.077 0.019 0.002 0.002 0.002 0.001 0.021 0.016 0.001 0.001 0.001 0.008 0 0.016 0.019 0.017 0.001 0.003 0.003 0.017 0.002 0.002 0.014 1 0.002
0.001 0 0 0.004 0.005 0 0.001 0.003 0.011 0.002 0.002 0.09 0.001 0.006 0.007 0.005 0.005 0.001 0 0.012 0.064 0 0.035 0.007 0.022 0.002 0 0.003 0.001 0.001 0.008 0.017 0.017 0.001 0.001 0.002 0.001 0.02 0.001 0.008 0.008 0.052 0.001 0.002 0.015 0.018 0.003 0.001 0.035 0.063 0.089 0.07 0.001 0.103 0.001 0 0.515 0.001 0.097 0.124 0.229 0.001 0.001 0 0.002 0.12 0.091 0.098 0.556 0.001 0 0.113 0.001 0.001 0.001 0.002 1
