1 0.833 0.875 0.464 0.446 0.138 0.097 0.259 0.332 0.214 0.098 0.028 0.032 0.595 0.592 0.277 0.263 0.081 0.022 0.608 0.008 0.139 0.138 0.452 0.342 0.016 0.029 0.131 0.038 0.018 0.38 0.27 0.174 0.002 0.049 0.084 0.062 0.145 0.032 0.033 0.091 0.002 0.004 0.083 0.044 0.008 0.048 0.016 0.011 0.011 0.009 0.005 0.025 0.002 0.014 0.019 0.01 0.008 0.006 0 0.014 0.017 0.021 0.005 0.022 0 0.001 0.001 0.011 0.006 0.023 0.001 0.001 0.01 0.033 0.002 0.01
0.833 1 0.912 0.444 0.428 0.158 0.111 0.297 0.299 0.245 0.113 0.025 0.037 0.627 0.625 0.248 0.235 0.093 0.019 0.614 0.003 0.139 0.128 0.434 0.332 0.028 0.029 0.15 0.043 0.022 0.37 0.261 0.158 0.002 0.056 0.062 0.068 0.118 0.028 0.047 0.086 0.001 0.011 0.05 0.033 0.004 0.033 0.02 0.007 0.008 0.006 0.002 0.022 0 0.017 0.023 0.008 0.006 0.003 0.001 0.012 0.018 0.025 0.011 0.039 0 0.004 0 0.009 0.007 0.024 0 0.001 0.012 0.039 0.001 0.007
0.875 0.912 1 0.479 0.488 0.153 0.108 0.283 0.33 0.234 0.107 0.026 0.035 0.66 0.657 0.303 0.288 0.089 0.02 0.669 0.004 0.138 0.13 0.495 0.379 0.03 0.031 0.143 0.041 0.021 0.418 0.3 0.183 0.002 0.053 0.084 0.06 0.14 0.03 0.044 0.096 0.002 0.012 0.091 0.041 0.003 0.041 0.018 0.014 0.01 0.008 0.003 0.028 0.003 0.016 0.021 0.008 0.005 0.008 0 0.012 0.015 0.024 0.005 0.041 0.001 0.004 0.001 0.008 0.007 0.033 0.002 0.001 0.011 0.037 0.002 0.007
0.464 0.444 0.479 1 0.257 0.067 0.044 0.146 0.792 0.121 0.056 0.05 0.018 0.304 0.312 0.168 0.157 0.048 0.039 0.321 0.027 0.307 0.351 0.252 0.627 0.002 0.048 0.061 0.021 0.006 0.217 0.565 0.357 0.012 0.022 0.016 0.009 0.416 0.058 0.165 0.002 0.026 0.029 0.044 0 0.197 0.149 0.01 0.002 0.048 0.046 0.031 0.014 0.007 0.005 0.008 0.012 0 0.004 0.016 0.025 0.034 0.007 0.02 0.065 0.009 0.006 0.01 0.013 0.013 0.009 0.011 0.003 0.004 0.012 0.004 0.02
0.446 0.428 0.488 0.257 1 0.026 0.019 0.442 0.318 0.396 0.171 0.014 0.006 0.551 0.536 0.519 0.499 0.161 0.011 0.573 0.043 0.096 0.17 0.865 0.32 0.016 0.017 0.025 0.007 0.01 0.721 0.244 0.173 0.002 0.011 0.189 0.136 0.139 0.016 0.048 0.033 0.013 0.012 0.001 0.058 0.022 0.029 0.001 0.011 0.038 0.036 0.017 0.002 0.007 0.006 0.005 0.008 0.01 0.015 0.022 0.007 0.009 0.006 0.007 0.021 0.018 0.018 0.01 0.009 0.004 0.001 0.008 0.005 0.004 0.002 0.004 0.011
0.138 0.158 0.153 0.067 0.026 1 0.712 0.013 0.08 0.011 0.005 0.004 0.231 0.149 0.144 0.015 0.015 0.004 0.003 0.14 0.013 0.013 0.031 0.026 0.076 0.005 0.005 0.856 0.27 0.194 0.026 0.068 0.037 0 0.288 0.023 0.019 0.03 0.005 0.003 0.009 0.011 0.003 0.233 0.029 0.009 0.015 0.098 0.028 0.011 0.011 0.014 0.062 0.003 0.082 0.003 0 0.101 0.021 0.005 0.002 0.003 0.111 0.001 0.007 0.006 0.013 0.001 0 0.001 0.001 0.004 0.001 0.096 0.093 0.005 0
0.097 0.111 0.108 0.044 0.019 0.712 1 0.01 0.061 0.008 0.004 0.003 0.001 0.112 0.109 0.011 0.011 0.003 0.002 0.1 0.009 0.01 0.022 0.019 0.054 0.003 0.003 0.611 0.373 0.273 0.019 0.044 0.02 0.001 0.403 0.017 0.014 0.016 0.003 0.013 0.034 0.007 0.002 0.333 0.018 0.033 0.008 0.022 0.057 0.007 0.007 0.009 0.013 0.013 0.117 0.002 0.001 0.146 0.045 0.016 0.001 0.002 0.157 0.004 0.005 0.016 0.032 0.008 0.001 0.001 0 0.013 0.001 0.135 0.034 0.001 0.001
0.259 0.297 0.283 0.146 0.442 0.013 0.01 1 0.163 0.827 0.384 0.007 0.003 0.289 0.282 0.81 0.736 0.008 0.006 0.316 0.021 0.051 0.088 0.491 0.185 0.008 0.009 0.013 0.004 0.005 0.488 0.156 0.115 0.001 0.006 0.326 0.363 0.099 0.008 0.031 0.106 0.003 0.006 0.009 0.171 0.142 0.035 0.003 0.014 0.026 0.024 0.005 0.005 0.011 0.004 0.006 0.003 0.005 0.016 0.034 0.003 0.006 0.003 0.015 0.009 0.034 0.015 0.015 0.004 0.002 0.008 0.015 0.015 0.002 0.005 0.01 0.004
0.332 0.299 0.33 0.792 0.318 0.08 0.061 0.163 1 0.135 0.063 0.045 0.02 0.394 0.389 0.188 0.176 0.054 0.019 0.396 0.111 0.282 0.477 0.299 0.724 0.003 0.027 0.08 0.024 0.008 0.25 0.661 0.434 0.013 0.029 0.025 0.016 0.504 0.052 0.187 0 0.067 0.038 0.049 0.001 0.225 0.19 0.016 0.018 0.108 0.107 0.077 0.02 0.029 0.006 0.026 0.01 0 0.023 0.044 0.022 0.033 0.013 0.012 0.073 0.036 0.027 0.037 0.012 0.014 0.014 0.031 0.004 0.005 0.018 0.001 0.022
0.214 0.245 0.234 0.121 0.396 0.011 0.008 0.827 0.135 1 0.465 0.006 0.003 0.239 0.232 0.662 0.604 0.007 0.005 0.26 0.017 0.042 0.072 0.404 0.152 0.007 0.007 0.011 0.003 0.004 0.4 0.121 0.088 0.001 0.005 0.239 0.262 0.076 0.007 0.026 0.074 0.001 0.005 0.008 0.124 0.101 0.059 0.003 0.009 0.021 0.02 0.002 0.004 0.006 0.003 0.005 0.002 0.004 0.01 0.028 0.003 0.005 0.003 0.012 0.007 0.028 0.009 0.009 0.003 0.002 0.006 0.01 0.013 0.002 0.004 0.008 0.003
0.098 0.113 0.107 0.056 0.171 0.005 0.004 0.384 0.063 0.465 1 0.003 0.001 0.114 0.111 0.318 0.327 0.003 0.002 0.124 0.009 0.02 0.035 0.192 0.073 0.003 0.003 0.005 0.001 0.002 0.194 0.083 0.064 0 0.002 0.131 0.13 0.057 0.003 0.011 0.042 0 0.002 0.004 0.065 0.059 0.031 0.001 0.001 0.011 0.011 0 0.002 0.001 0.001 0.002 0.002 0.002 0.004 0.014 0.001 0.002 0.001 0.006 0.005 0.014 0.003 0.003 0.002 0 0.003 0.005 0.001 0.001 0.002 0.004 0.003
0.028 0.025 0.026 0.05 0.014 0.004 0.003 0.007 0.045 0.006 0.003 1 0.001 0.017 0.017 0.008 0.009 0.002 0.002 0.007 0.305 0.015 0.077 0.014 0.038 0.003 0.003 0.004 0.001 0.001 0.009 0.033 0.043 0.001 0.001 0.013 0.011 0.048 0.003 0.01 0.066 0.207 0.002 0.002 0.057 0.025 0.021 0.001 0.154 0.241 0.175 0.184 0.001 0.163 0.001 0.024 0.253 0.066 0.141 0.183 0.472 0.002 0.001 0.005 0.004 0.154 0.148 0.158 0.215 0.001 0.006 0.154 0.001 0 0.002 0.003 0.258
0.032 0.037 0.035 0.018 0.006 0.231 0.001 0.003 0.02 0.003 0.001 0.001 1 0.037 0.036 0.004 0.004 0.001 0.001 0.04 0.003 0.006 0.011 0.006 0.024 0.001 0.001 0.235 0 0.001 0.006 0.027 0.021 0.006 0.001 0.005 0.004 0.018 0.001 0.091 0.014 0.004 0.001 0.001 0.01 0.017 0.01 0.132 0.006 0.004 0.003 0.004 0.089 0.005 0 0.001 0.001 0.001 0.005 0.005 0 0.001 0 0.002 0.002 0.005 0.005 0.005 0.001 0 0.001 0.005 0 0 0.081 0.039 0.001
0.595 0.627 0.66 0.304 0.551 0.149 0.112 0.289 0.394 0.239 0.114 0.017 0.037 1 0.948 0.341 0.325 0.097 0.017 0.762 0.068 0.114 0.222 0.55 0.417 0.022 0.027 0.149 0.043 0.059 0.448 0.335 0.261 0.002 0.056 0.131 0.101 0.218 0.028 0.039 0.064 0.042 0.013 0.095 0.018 0.011 0.045 0.019 0 0.071 0.073 0.047 0.029 0.007 0.017 0.018 0.009 0.01 0 0.016 0.011 0.012 0.028 0.003 0.039 0.013 0.006 0.008 0.011 0.007 0.006 0.007 0.002 0.012 0.038 0 0.013
0.592 0.625 0.657 0.312 0.536 0.144 0.109 0.282 0.389 0.232 0.111 0.017 0.036 0.948 1 0.332 0.317 0.095 0.017 0.741 0.069 0.112 0.222 0.538 0.402 0.018 0.028 0.145 0.042 0.057 0.439 0.323 0.257 0.002 0.056 0.134 0.105 0.215 0.029 0.04 0.063 0.044 0.009 0.094 0.015 0.011 0.039 0.019 0.001 0.073 0.076 0.049 0.028 0.008 0.017 0.012 0.01 0.01 0.002 0.018 0.011 0.009 0.028 0.003 0.039 0.015 0.007 0.01 0.012 0.007 0.007 0.008 0.002 0.012 0.037 0 0.013
0.277 0.248 0.303 0.168 0.519 0.015 0.011 0.81 0.188 0.662 0.318 0.008 0.004 0.341 0.332 1 0.877 0.009 0.007 0.372 0.027 0.059 0.105 0.543 0.219 0.01 0.01 0.015 0.004 0.006 0.54 0.192 0.143 0.001 0.006 0.382 0.28 0.124 0.01 0.027 0.113 0.007 0.007 0.007 0.183 0.106 0.036 0.004 0.002 0.033 0.031 0.009 0.002 0.001 0.004 0.007 0.006 0.006 0.002 0.012 0.004 0.007 0.004 0.001 0.011 0.009 0.007 0.002 0.007 0.003 0.003 0.001 0.012 0.003 0.006 0.011 0.008
0.263 0.235 0.288 0.157 0.499 0.015 0.011 0.736 0.176 0.604 0.327 0.009 0.004 0.325 0.317 0.877 1 0.01 0.007 0.38 0.028 0.06 0.107 0.556 0.224 0.01 0.01 0.015 0.004 0.006 0.553 0.183 0.134 0.001 0.007 0.369 0.27 0.115 0.01 0.028 0.117 0.004 0.007 0.007 0.177 0.1 0.038 0.004 0.001 0.025 0.024 0.006 0.002 0 0.004 0.007 0.006 0.006 0.001 0.008 0.004 0.007 0.004 0 0.012 0.006 0.004 0.001 0.007 0.003 0.003 0 0.002 0.003 0.006 0.011 0.008
0.081 0.093 0.089 0.048 0.161 0.004 0.003 0.008 0.054 0.007 0.003 0.002 0.001 0.097 0.095 0.009 0.01 1 0.002 0.099 0.008 0.014 0.027 0.157 0.059 0.003 0.003 0.004 0.001 0.002 0.158 0.067 0.051 0 0.002 0.014 0.012 0.037 0.003 0.01 0.036 0.009 0.002 0.003 0.026 0.025 0 0.005 0.015 0.009 0.009 0.011 0.002 0.014 0.001 0.002 0.002 0.002 0.015 0.012 0.001 0.002 0.001 0.005 0.004 0.011 0.014 0.014 0.002 0.001 0.003 0.013 0.001 0.001 0.01 0 0.002
0.022 0.019 0.02 0.039 0.011 0.003 0.002 0.006 0.019 0.005 0.002 0.002 0.001 0.017 0.017 0.007 0.007 0.002 1 0.018 0.243 0.012 0.063 0.011 0.03 0.002 0.644 0.003 0.001 0.001 0.011 0.026 0.029 0 0.001 0.01 0.008 0.039 0.002 0.008 0.052 0.199 0.001 0.002 0.044 0.02 0.019 0.001 0.126 0.194 0.204 0.171 0.001 0.136 0.001 0.001 0.001 0.001 0.122 0.131 0.001 0.001 0.001 0.363 0.003 0.138 0.134 0.135 0.001 0.001 0.002 0.132 0 0.001 0.001 0.002 0.001
0.608 0.614 0.669 0.321 0.573 0.14 0.1 0.316 0.396 0.26 0.124 0.007 0.04 0.762 0.741 0.372 0.38 0.099 0.018 1 0.038 0.144 0.214 0.631 0.48 0.026 0.014 0.14 0.047 0.025 0.522 0.37 0.243 0.002 0.042 0.108 0.078 0.195 0.023 0.034 0.069 0.015 0.019 0.084 0.034 0.009 0.062 0.022 0.001 0.039 0.045 0.022 0.033 0.001 0.007 0.016 0.017 0.018 0.001 0.006 0.011 0.016 0.014 0.001 0.036 0.009 0.002 0.003 0.019 0.007 0.005 0.001 0.002 0.013 0.042 0 0.021
0.008 0.003 0.004 0.027 0.043 0.013 0.009 0.021 0.111 0.017 0.009 0.305 0.003 0.068 0.069 0.027 0.028 0.008 0.243 0.038 1 0.047 0.254 0.046 0.108 0.008 0.249 0.012 0.003 0.005 0.04 0.1 0.126 0.002 0.002 0.041 0.034 0.15 0.008 0.032 0.192 0.659 0 0.005 0.152 0.07 0.029 0.003 0.476 0.723 0.65 0.6 0.005 0.481 0 0.192 0.075 0.013 0.4 0.486 0.155 0.006 0 0.201 0.013 0.457 0.49 0.489 0.078 0.003 0.153 0.45 0.002 0 0.005 0.009 0.104
0.139 0.139 0.138 0.307 0.096 0.013 0.01 0.051 0.282 0.042 0.02 0.015 0.006 0.114 0.112 0.059 0.06 0.014 0.012 0.144 0.047 1 0.475 0.1 0.229 0.018 0.004 0.027 0.007 0.01 0.073 0.206 0.06 0.004 0.012 0.009 0.01 0.078 0.154 0.055 0.021 0.049 0.087 0.019 0.022 0.026 0.141 0.003 0.059 0.03 0.021 0.029 0.003 0.04 0.002 0.012 0 0.011 0.035 0.03 0.008 0 0.007 0.016 0.02 0.03 0.04 0.031 0 0.003 0.012 0.032 0 0.005 0.002 0.023 0.001
0.138 0.128 0.13 0.351 0.17 0.031 0.022 0.088 0.477 0.072 0.035 0.077 0.011 0.222 0.222 0.105 0.107 0.027 0.063 0.214 0.254 0.475 1 0.18 0.413 0.032 0.089 0.048 0.013 0.018 0.139 0.375 0.204 0.007 0.015 0.002 0.001 0.254 0.083 0.107 0.043 0.163 0.063 0.029 0.029 0.101 0.033 0.007 0.088 0.226 0.22 0.179 0.009 0.115 0.003 0.045 0.039 0 0.095 0.133 0.04 0.001 0.007 0.051 0.04 0.124 0.108 0.13 0.036 0.008 0.032 0.117 0.001 0.003 0.007 0.004 0.069
0.452 0.434 0.495 0.252 0.865 0.026 0.019 0.491 0.299 0.404 0.192 0.014 0.006 0.55 0.538 0.543 0.556 0.157 0.011 0.631 0.046 0.1 0.18 1 0.365 0.017 0.017 0.026 0.007 0.01 0.845 0.269 0.193 0.004 0.011 0.229 0.172 0.156 0.017 0.061 0.04 0.018 0.012 0.001 0.075 0.029 0.032 0.001 0.015 0.047 0.045 0.023 0.002 0.011 0.006 0.011 0.011 0.01 0.016 0.029 0.007 0.009 0.005 0.003 0.022 0.025 0.024 0.014 0.012 0.006 0.008 0.013 0.005 0.004 0.002 0.004 0.013
0.342 0.332 0.379 0.627 0.32 0.076 0.054 0.185 0.724 0.152 0.073 0.038 0.024 0.417 0.402 0.219 0.224 0.059 0.03 0.48 0.108 0.229 0.413 0.365 1 0.045 0.046 0.095 0.028 0.011 0.316 0.81 0.574 0.006 0.034 0.04 0.027 0.474 0.028 0.104 0 0.084 0.021 0.059 0 0.185 0.142 0.019 0.022 0.13 0.123 0.088 0.018 0.042 0.008 0.03 0.019 0.001 0.027 0.059 0.019 0.028 0.016 0.014 0.009 0.054 0.041 0.052 0.022 0.009 0.023 0.047 0.005 0.006 0.016 0 0.035
0.016 0.028 0.03 0.002 0.016 0.005 0.003 0.008 0.003 0.007 0.003 0.003 0.001 0.022 0.018 0.01 0.01 0.003 0.002 0.026 0.008 0.018 0.032 0.017 0.045 1 0.003 0.005 0.001 0.002 0.017 0.034 0.045 0.005 0.002 0.015 0.013 0.009 0.003 0.079 0.035 0.01 0.001 0.003 0.018 0.018 0.001 0.001 0.015 0.009 0.009 0.01 0.002 0.013 0.001 0.002 0.002 0.002 0.014 0.012 0.001 0.121 0.001 0.005 0.139 0.012 0.014 0.014 0.002 0.002 0.003 0.013 0.001 0.001 0.002 0.003 0.002
0.029 0.029 0.031 0.048 0.017 0.005 0.003 0.009 0.027 0.007 0.003 0.003 0.001 0.027 0.028 0.01 0.01 0.003 0.644 0.014 0.249 0.004 0.089 0.017 0.046 0.003 1 0.005 0.001 0.002 0.017 0.041 0.048 0.001 0.002 0.015 0.013 0.06 0.003 0.012 0.048 0.218 0.002 0.003 0.041 0.031 0.011 0.001 0.134 0.213 0.206 0.186 0.002 0.144 0.001 0.002 0.001 0.002 0.085 0.132 0.001 0.002 0.001 0.41 0.005 0.112 0.142 0.144 0.002 0.001 0.003 0.145 0.001 0.001 0.002 0.004 0.002
0.131 0.15 0.143 0.061 0.025 0.856 0.611 0.013 0.08 0.011 0.005 0.004 0.235 0.149 0.145 0.015 0.015 0.004 0.003 0.14 0.012 0.027 0.048 0.026 0.095 0.005 0.005 1 0.274 0.197 0.025 0.089 0.054 0 0.38 0.023 0.018 0.046 0.004 0.003 0.019 0.011 0.003 0.319 0.019 0.009 0.028 0.1 0.045 0.011 0.01 0.013 0.063 0.001 0.168 0.003 0.003 0.103 0.025 0.002 0.002 0.003 0.195 0.001 0.007 0.002 0.017 0 0.003 0.001 0.001 0.001 0.001 0.124 0.095 0.005 0.004
0.038 0.043 0.041 0.021 0.007 0.27 0.373 0.004 0.024 0.003 0.001 0.001 0 0.043 0.042 0.004 0.004 0.001 0.001 0.047 0.003 0.007 0.013 0.007 0.028 0.001 0.001 0.274 1 0.725 0.007 0.011 0.007 0 0.016 0.006 0.005 0.006 0.001 0.005 0.012 0.004 0.001 0.089 0.011 0.012 0.003 0.013 0.011 0.004 0.004 0.005 0.008 0.005 0.116 0.001 0.001 0 0.003 0.005 0.001 0.001 0.126 0.002 0.002 0.004 0.001 0.005 0.001 0 0 0.005 0 0.096 0.045 0.001 0.001
0.018 0.022 0.021 0.006 0.01 0.194 0.273 0.005 0.008 0.004 0.002 0.001 0.001 0.059 0.057 0.006 0.006 0.002 0.001 0.025 0.005 0.01 0.018 0.01 0.011 0.002 0.002 0.197 0.725 1 0.01 0.003 0.015 0 0.012 0 0.001 0.012 0.002 0.007 0.022 0.006 0.001 0.065 0.015 0.001 0.007 0.008 0.005 0.006 0.005 0.007 0.005 0.007 0.081 0.001 0.001 0 0.001 0.006 0.001 0.001 0.089 0.002 0.003 0.006 0 0.007 0.001 0.001 0.001 0.006 0 0.068 0.03 0.001 0.001
0.38 0.37 0.418 0.217 0.721 0.026 0.019 0.488 0.25 0.4 0.194 0.009 0.006 0.448 0.439 0.54 0.553 0.158 0.011 0.522 0.04 0.073 0.139 0.845 0.316 0.017 0.017 0.025 0.007 0.01 1 0.308 0.25 0.004 0.011 0.302 0.238 0.207 0.016 0.061 0.06 0.015 0.012 0.001 0.1 0.042 0.05 0.001 0.012 0.042 0.039 0.019 0.001 0.009 0.007 0.011 0.011 0.01 0.016 0.024 0.007 0.012 0.005 0.001 0.022 0.024 0.021 0.011 0.012 0.006 0.008 0.012 0.005 0.004 0.001 0.013 0.013
0.27 0.261 0.3 0.565 0.244 0.068 0.044 0.156 0.661 0.121 0.083 0.033 0.027 0.335 0.323 0.192 0.183 0.067 0.026 0.37 0.1 0.206 0.375 0.269 0.81 0.034 0.041 0.089 0.011 0.003 0.308 1 0.739 0.008 0.049 0.062 0.046 0.629 0.039 0.133 0.008 0.08 0.029 0.083 0.001 0.239 0.174 0.022 0.013 0.125 0.119 0.082 0.011 0.036 0.02 0.027 0.015 0.002 0.017 0.052 0.017 0.029 0.029 0.015 0.013 0.047 0.028 0.045 0.019 0.011 0.019 0.041 0.006 0.019 0.004 0.002 0.03
0.174 0.158 0.183 0.357 0.173 0.037 0.02 0.115 0.434 0.088 0.064 0.043 0.021 0.261 0.257 0.143 0.134 0.051 0.029 0.243 0.126 0.06 0.204 0.193 0.574 0.045 0.048 0.054 0.007 0.015 0.25 0.739 1 0.005 0.032 0.259 0.246 0.837 0.051 0.09 0.044 0.112 0.025 0.063 0.013 0.358 0.156 0.012 0.034 0.165 0.143 0.106 0.004 0.058 0.015 0.035 0.014 0.001 0.029 0.076 0.022 0.038 0.016 0.022 0.006 0.07 0.049 0.062 0.017 0.007 0.033 0.062 0.012 0.015 0 0.003 0.029
0.002 0.002 0.002 0.012 0.002 0 0.001 0.001 0.013 0.001 0 0.001 0.006 0.002 0.002 0.001 0.001 0 0 0.002 0.002 0.004 0.007 0.004 0.006 0.005 0.001 0 0 0 0.004 0.008 0.005 1 0 0.003 0.003 0.012 0.001 0.059 0.009 0.002 0 0.001 0.006 0.023 0.007 0.02 0.004 0.002 0.002 0.003 0.013 0.003 0 0 0 0 0.004 0.003 0 0.001 0 0.001 0.001 0.003 0.003 0.003 0.001 0.569 0.001 0.003 0 0 0 0.001 0.001
0.049 0.056 0.053 0.022 0.011 0.288 0.403 0.006 0.029 0.005 0.002 0.001 0.001 0.056 0.056 0.006 0.007 0.002 0.001 0.042 0.002 0.012 0.015 0.011 0.034 0.002 0.002 0.38 0.016 0.012 0.011 0.049 0.032 0 1 0.01 0.008 0.033 0.002 0.008 0.045 0.006 0.001 0.354 0.004 0.02 0.019 0.043 0.064 0.006 0.006 0.008 0.027 0.015 0.135 0.001 0.001 0.226 0.048 0.018 0.001 0.001 0.147 0.014 0.003 0.018 0.039 0.008 0.001 0.001 0.002 0.017 0 0.098 0.024 0 0.002
0.084 0.062 0.084 0.016 0.189 0.023 0.017 0.326 0.025 0.239 0.131 0.013 0.005 0.131 0.134 0.382 0.369 0.014 0.01 0.108 0.041 0.009 0.002 0.229 0.04 0.015 0.015 0.023 0.006 0 0.302 0.062 0.259 0.003 0.01 1 0.841 0.228 0.015 0.058 0.294 0.049 0.104 0.001 0.246 0.245 0.015 0.006 0.035 0.049 0.038 0.048 0.004 0.025 0.006 0.01 0.003 0.009 0.022 0.022 0.006 0.011 0.006 0.005 0.019 0.019 0.038 0.02 0.004 0.005 0.006 0.02 0.02 0.004 0.009 0.001 0.005
0.062 0.068 0.06 0.009 0.136 0.019 0.014 0.363 0.016 0.262 0.13 0.011 0.004 0.101 0.105 0.28 0.27 0.012 0.008 0.078 0.034 0.01 0.001 0.172 0.027 0.013 0.013 0.018 0.005 0.001 0.238 0.046 0.246 0.003 0.008 0.841 1 0.218 0.012 0.049 0.282 0.041 0.125 0.013 0.22 0.308 0.013 0.005 0.065 0.041 0.031 0.039 0.007 0.052 0.004 0.009 0.002 0.008 0.046 0.045 0.005 0.009 0.004 0.022 0.016 0.045 0.051 0.044 0.003 0.004 0.011 0.047 0.024 0.002 0.008 0.007 0.004
0.145 0.118 0.14 0.416 0.139 0.03 0.016 0.099 0.504 0.076 0.057 0.048 0.018 0.218 0.215 0.124 0.115 0.037 0.039 0.195 0.15 0.078 0.254 0.156 0.474 0.009 0.06 0.046 0.006 0.012 0.207 0.629 0.837 0.012 0.033 0.228 0.218 1 0.057 0.19 0.026 0.135 0.021 0.056 0.004 0.467 0.204 0.014 0.049 0.192 0.169 0.13 0.005 0.077 0.013 0.039 0.016 0 0.044 0.097 0.024 0.027 0.013 0.031 0.065 0.09 0.067 0.082 0.02 0.013 0.038 0.082 0.011 0.013 0 0.008 0.033
0.032 0.028 0.03 0.058 0.016 0.005 0.003 0.008 0.052 0.007 0.003 0.003 0.001 0.028 0.029 0.01 0.01 0.003 0.002 0.023 0.008 0.154 0.083 0.017 0.028 0.003 0.003 0.004 0.001 0.002 0.016 0.039 0.051 0.001 0.002 0.015 0.012 0.057 1 0.007 0.028 0.01 0.002 0.003 0.019 0.029 0.033 0.001 0.012 0.007 0.007 0.007 0.002 0.014 0 0.002 0.002 0.002 0.012 0.01 0.001 0.002 0.001 0.005 0.004 0.01 0.014 0.011 0.002 0.001 0.003 0.01 0.001 0.001 0.002 0.016 0.002
0.033 0.047 0.044 0.165 0.048 0.003 0.013 0.031 0.187 0.026 0.011 0.01 0.091 0.039 0.04 0.027 0.028 0.01 0.008 0.034 0.032 0.055 0.107 0.061 0.104 0.079 0.012 0.003 0.005 0.007 0.061 0.133 0.09 0.059 0.008 0.058 0.049 0.19 0.007 1 0.149 0.039 0.008 0.013 0.092 0.344 0.08 0.013 0.061 0.039 0.037 0.045 0.005 0.057 0.001 0.008 0.008 0.007 0.06 0.051 0.005 0.008 0.004 0.021 0.337 0.051 0.058 0.057 0.009 0.077 0.01 0.053 0.003 0.003 0.001 0.003 0.009
0.091 0.086 0.096 0.002 0.033 0.009 0.034 0.106 0 0.074 0.042 0.066 0.014 0.064 0.063 0.113 0.117 0.036 0.052 0.069 0.192 0.021 0.043 0.04 0 0.035 0.048 0.019 0.012 0.022 0.06 0.008 0.044 0.009 0.045 0.294 0.282 0.026 0.028 0.149 1 0.194 0.04 0.085 0.464 0.017 0.071 0.001 0.295 0.217 0.19 0.152 0.005 0.209 0.021 0.053 0.013 0.047 0.229 0.228 0.033 0.012 0.028 0.106 0.046 0.223 0.221 0.213 0.011 0.014 0.067 0.208 0.005 0.02 0.007 0.021 0.017
0.002 0.001 0.002 0.026 0.013 0.011 0.007 0.003 0.067 0.001 0 0.207 0.004 0.042 0.044 0.007 0.004 0.009 0.199 0.015 0.659 0.049 0.163 0.018 0.084 0.01 0.218 0.011 0.004 0.006 0.015 0.08 0.112 0.002 0.006 0.049 0.041 0.135 0.01 0.039 0.194 1 0.007 0.011 0.195 0.102 0.04 0.004 0.619 0.808 0.751 0.831 0.006 0.656 0.004 0.169 0.081 0.013 0.499 0.574 0.118 0.007 0.001 0.204 0.015 0.521 0.594 0.638 0.076 0.004 0.188 0.62 0.002 0.003 0.006 0.012 0.099
0.004 0.011 0.012 0.029 0.012 0.003 0.002 0.006 0.038 0.005 0.002 0.002 0.001 0.013 0.009 0.007 0.007 0.002 0.001 0.019 0 0.087 0.063 0.012 0.021 0.001 0.002 0.003 0.001 0.001 0.012 0.029 0.025 0 0.001 0.104 0.125 0.021 0.002 0.008 0.04 0.007 1 0.002 0.027 0.037 0.032 0.001 0.011 0.007 0.007 0.008 0.001 0.011 0.001 0.001 0.001 0.001 0.005 0.01 0.001 0.001 0.001 0.004 0.003 0.009 0.011 0.004 0.002 0.001 0.002 0.01 0.001 0.001 0.001 0.001 0.002
0.083 0.05 0.091 0.044 0.001 0.233 0.333 0.009 0.049 0.008 0.004 0.002 0.001 0.095 0.094 0.007 0.007 0.003 0.002 0.084 0.005 0.019 0.029 0.001 0.059 0.003 0.003 0.319 0.089 0.065 0.001 0.083 0.063 0.001 0.354 0.001 0.013 0.056 0.003 0.013 0.085 0.011 0.002 1 0.001 0.033 0.031 0.001 0.207 0.011 0.01 0.013 0.002 0.05 0.292 0.002 0.002 0.149 0.153 0.051 0.001 0.002 0.276 0.052 0.005 0.059 0.087 0.04 0.002 0.001 0 0.053 0.001 0.236 0.002 0.004 0.003
0.044 0.033 0.041 0 0.058 0.029 0.018 0.171 0.001 0.124 0.065 0.057 0.01 0.018 0.015 0.183 0.177 0.026 0.044 0.034 0.152 0.022 0.029 0.075 0 0.018 0.041 0.019 0.011 0.015 0.1 0.001 0.013 0.006 0.004 0.246 0.22 0.004 0.019 0.092 0.464 0.195 0.027 0.001 1 0.028 0.045 0.011 0.165 0.178 0.159 0.168 0.016 0.159 0 0.044 0.017 0.003 0.141 0.16 0.023 0.004 0 0.08 0.043 0.131 0.134 0.156 0.009 0.01 0.03 0.165 0.009 0.002 0.017 0.021 0.02
0.008 0.004 0.003 0.197 0.022 0.009 0.033 0.142 0.225 0.101 0.059 0.025 0.017 0.011 0.011 0.106 0.1 0.025 0.02 0.009 0.07 0.026 0.101 0.029 0.185 0.018 0.031 0.009 0.012 0.001 0.042 0.239 0.358 0.023 0.02 0.245 0.308 0.467 0.029 0.344 0.017 0.102 0.037 0.033 0.028 1 0.104 0.001 0.16 0.102 0.097 0.118 0 0.149 0.013 0.02 0.02 0.018 0.156 0.133 0.013 0.022 0.012 0.054 0.152 0.132 0.151 0.15 0.022 0.028 0.027 0.137 0.021 0.008 0.002 0 0.024
0.048 0.033 0.041 0.149 0.029 0.015 0.008 0.035 0.19 0.059 0.031 0.021 0.01 0.045 0.039 0.036 0.038 0 0.019 0.062 0.029 0.141 0.033 0.032 0.142 0.001 0.011 0.028 0.003 0.007 0.05 0.174 0.156 0.007 0.019 0.015 0.013 0.204 0.033 0.08 0.071 0.04 0.032 0.031 0.045 0.104 1 0.011 0.087 0.04 0.037 0.051 0.005 0.059 0.005 0.003 0.004 0.017 0.057 0.048 0.011 0.053 0.011 0.042 0.037 0.047 0.06 0.052 0.003 0.005 0.001 0.052 0.006 0.007 0 0.02 0.007
0.016 0.02 0.018 0.01 0.001 0.098 0.022 0.003 0.016 0.003 0.001 0.001 0.132 0.019 0.019 0.004 0.004 0.005 0.001 0.022 0.003 0.003 0.007 0.001 0.019 0.001 0.001 0.1 0.013 0.008 0.001 0.022 0.012 0.02 0.043 0.006 0.005 0.014 0.001 0.013 0.001 0.004 0.001 0.001 0.011 0.001 0.011 1 0.006 0.004 0.004 0.005 0.7 0.006 0 0.001 0.001 0.001 0.006 0.005 0.001 0.001 0 0.002 0.002 0.005 0.006 0.006 0.001 0.012 0.001 0.005 0 0 0.491 0.047 0.001
0.011 0.007 0.014 0.002 0.011 0.028 0.057 0.014 0.018 0.009 0.001 0.154 0.006 0 0.001 0.002 0.001 0.015 0.126 0.001 0.476 0.059 0.088 0.015 0.022 0.015 0.134 0.045 0.011 0.005 0.012 0.013 0.034 0.004 0.064 0.035 0.065 0.049 0.012 0.061 0.295 0.619 0.011 0.207 0.165 0.16 0.087 0.006 1 0.635 0.574 0.633 0.009 0.773 0.057 0.128 0.046 0.114 0.788 0.693 0.08 0.012 0.069 0.335 0.024 0.683 0.783 0.744 0.046 0.006 0.171 0.733 0.004 0.049 0.01 0.018 0.092
0.011 0.008 0.01 0.048 0.038 0.011 0.007 0.026 0.108 0.021 0.011 0.241 0.004 0.071 0.073 0.033 0.025 0.009 0.194 0.039 0.723 0.03 0.226 0.047 0.13 0.009 0.213 0.011 0.004 0.006 0.042 0.125 0.165 0.002 0.006 0.049 0.041 0.192 0.007 0.039 0.217 0.808 0.007 0.011 0.178 0.102 0.04 0.004 0.635 1 0.902 0.834 0.006 0.657 0.004 0.201 0.08 0.022 0.529 0.689 0.126 0.007 0.001 0.28 0.015 0.659 0.616 0.673 0.081 0.004 0.224 0.644 0.002 0.003 0.006 0.012 0.151
0.009 0.006 0.008 0.046 0.036 0.011 0.007 0.024 0.107 0.02 0.011 0.175 0.003 0.073 0.076 0.031 0.024 0.009 0.204 0.045 0.65 0.021 0.22 0.045 0.123 0.009 0.206 0.01 0.004 0.005 0.039 0.119 0.143 0.002 0.006 0.038 0.031 0.169 0.007 0.037 0.19 0.751 0.007 0.01 0.159 0.097 0.037 0.004 0.574 0.902 1 0.796 0.005 0.627 0.004 0.21 0.116 0.001 0.52 0.675 0.134 0.007 0.001 0.218 0.015 0.626 0.587 0.643 0.115 0.003 0.235 0.612 0.002 0.002 0.006 0.011 0.197
0.005 0.002 0.003 0.031 0.017 0.014 0.009 0.005 0.077 0.002 0 0.184 0.004 0.047 0.049 0.009 0.006 0.011 0.171 0.022 0.6 0.029 0.179 0.023 0.088 0.01 0.186 0.013 0.005 0.007 0.019 0.082 0.106 0.003 0.008 0.048 0.039 0.13 0.007 0.045 0.152 0.831 0.008 0.013 0.168 0.118 0.051 0.005 0.633 0.834 0.796 1 0.007 0.729 0.005 0.173 0.122 0.017 0.577 0.63 0.11 0.008 0.001 0.24 0.018 0.602 0.666 0.723 0.1 0.004 0.192 0.65 0.003 0.003 0.007 0.013 0.161
0.025 0.022 0.028 0.014 0.002 0.062 0.013 0.005 0.02 0.004 0.002 0.001 0.089 0.029 0.028 0.002 0.002 0.002 0.001 0.033 0.005 0.003 0.009 0.002 0.018 0.002 0.002 0.063 0.008 0.005 0.001 0.011 0.004 0.013 0.027 0.004 0.007 0.005 0.002 0.005 0.005 0.006 0.001 0.002 0.016 0 0.005 0.7 0.009 0.006 0.005 0.007 1 0.008 0.001 0.001 0.001 0.001 0.009 0.007 0.001 0.001 0.001 0.003 0.003 0.007 0.008 0.008 0.001 0.007 0.002 0.008 0 0 0.585 0.113 0.001
0.002 0 0.003 0.007 0.007 0.003 0.013 0.011 0.029 0.006 0.001 0.163 0.005 0.007 0.008 0.001 0 0.014 0.136 0.001 0.481 0.04 0.115 0.011 0.042 0.013 0.144 0.001 0.005 0.007 0.009 0.036 0.058 0.003 0.015 0.025 0.052 0.077 0.014 0.057 0.209 0.656 0.011 0.05 0.159 0.149 0.059 0.006 0.773 0.657 0.627 0.729 0.008 1 0.006 0.126 0.131 0.122 0.761 0.868 0.087 0.011 0.002 0.348 0.023 0.857 0.784 0.928 0.15 0.005 0.173 0.896 0.003 0.004 0.009 0.017 0.164
0.014 0.017 0.016 0.005 0.006 0.082 0.117 0.004 0.006 0.003 0.001 0.001 0 0.017 0.017 0.004 0.004 0.001 0.001 0.007 0 0.002 0.003 0.006 0.008 0.001 0.001 0.168 0.116 0.081 0.007 0.02 0.015 0 0.135 0.006 0.004 0.013 0 0.001 0.021 0.004 0.001 0.292 0 0.013 0.005 0 0.057 0.004 0.004 0.005 0.001 0.006 1 0.001 0.001 0.001 0.058 0.005 0.001 0.001 0.73 0.002 0.002 0.005 0.048 0.006 0.001 0 0.001 0.006 0 0.618 0.001 0.001 0.001
0.019 0.023 0.021 0.008 0.005 0.003 0.002 0.006 0.026 0.005 0.002 0.024 0.001 0.018 0.012 0.007 0.007 0.002 0.001 0.016 0.192 0.012 0.045 0.011 0.03 0.002 0.002 0.003 0.001 0.001 0.011 0.027 0.035 0 0.001 0.01 0.009 0.039 0.002 0.008 0.053 0.169 0.001 0.002 0.044 0.02 0.003 0.001 0.128 0.201 0.21 0.173 0.001 0.126 0.001 1 0.03 0.001 0.107 0.128 0.058 0.001 0.001 0 0.003 0.154 0.134 0.136 0.026 0.001 0.322 0.107 0 0.001 0.001 0.002 0.023
0.01 0.008 0.008 0.012 0.008 0 0.001 0.003 0.01 0.002 0.002 0.253 0.001 0.009 0.01 0.006 0.006 0.002 0.001 0.017 0.075 0 0.039 0.011 0.019 0.002 0.001 0.003 0.001 0.001 0.011 0.015 0.014 0 0.001 0.003 0.002 0.016 0.002 0.008 0.013 0.081 0.001 0.002 0.017 0.02 0.004 0.001 0.046 0.08 0.116 0.122 0.001 0.131 0.001 0.03 1 0.001 0.125 0.147 0.418 0.001 0.001 0.004 0.003 0.136 0.114 0.126 0.55 0.001 0.002 0.109 0 0.001 0.001 0.002 0.593
0.008 0.006 0.005 0 0.01 0.101 0.146 0.005 0 0.004 0.002 0.066 0.001 0.01 0.01 0.006 0.006 0.002 0.001 0.018 0.013 0.011 0 0.01 0.001 0.002 0.002 0.103 0 0 0.01 0.002 0.001 0 0.226 0.009 0.008 0 0.002 0.007 0.047 0.013 0.001 0.149 0.003 0.018 0.017 0.001 0.114 0.022 0.001 0.017 0.001 0.122 0.001 0.001 0.001 1 0.091 0.136 0.001 0.001 0.001 0.062 0.003 0.138 0.061 0.101 0.001 0.001 0.001 0.125 0 0 0.001 0.002 0.001
0.006 0.003 0.008 0.004 0.015 0.021 0.045 0.016 0.023 0.01 0.004 0.141 0.005 0 0.002 0.002 0.001 0.015 0.122 0.001 0.4 0.035 0.095 0.016 0.027 0.014 0.085 0.025 0.003 0.001 0.016 0.017 0.029 0.004 0.048 0.022 0.046 0.044 0.012 0.06 0.229 0.499 0.005 0.153 0.141 0.156 0.057 0.006 0.788 0.529 0.52 0.577 0.009 0.761 0.058 0.107 0.125 0.091 1 0.712 0.083 0.011 0.07 0.258 0.024 0.755 0.832 0.792 0.143 0.005 0.151 0.739 0.004 0.05 0.009 0.018 0.156
0 0.001 0 0.016 0.022 0.005 0.016 0.034 0.044 0.028 0.014 0.183 0.005 0.016 0.018 0.012 0.008 0.012 0.131 0.006 0.486 0.03 0.133 0.029 0.059 0.012 0.132 0.002 0.005 0.006 0.024 0.052 0.076 0.003 0.018 0.022 0.045 0.097 0.01 0.051 0.228 0.574 0.01 0.051 0.16 0.133 0.048 0.005 0.693 0.689 0.675 0.63 0.007 0.868 0.005 0.128 0.147 0.136 0.712 1 0.097 0.01 0.002 0.347 0.02 0.892 0.705 0.859 0.168 0.005 0.179 0.855 0.003 0.003 0.008 0.015 0.183
0.014 0.012 0.012 0.025 0.007 0.002 0.001 0.003 0.022 0.003 0.001 0.472 0 0.011 0.011 0.004 0.004 0.001 0.001 0.011 0.155 0.008 0.04 0.007 0.019 0.001 0.001 0.002 0.001 0.001 0.007 0.017 0.022 0 0.001 0.006 0.005 0.024 0.001 0.005 0.033 0.118 0.001 0.001 0.023 0.013 0.011 0.001 0.08 0.126 0.134 0.11 0.001 0.087 0.001 0.058 0.418 0.001 0.083 0.097 1 0.001 0 0.002 0.002 0.087 0.071 0.082 0.337 0 0 0.09 0 0 0.001 0.001 0.44
0.017 0.018 0.015 0.034 0.009 0.003 0.002 0.006 0.033 0.005 0.002 0.002 0.001 0.012 0.009 0.007 0.007 0.002 0.001 0.016 0.006 0 0.001 0.009 0.028 0.121 0.002 0.003 0.001 0.001 0.012 0.029 0.038 0.001 0.001 0.011 0.009 0.027 0.002 0.008 0.012 0.007 0.001 0.002 0.004 0.022 0.053 0.001 0.012 0.007 0.007 0.008 0.001 0.011 0.001 0.001 0.001 0.001 0.011 0.01 0.001 1 0.001 0.004 0.003 0.01 0.011 0.011 0.002 0.001 0.002 0.01 0.001 0.001 0.001 0.003 0.002
0.021 0.025 0.024 0.007 0.006 0.111 0.157 0.003 0.013 0.003 0.001 0.001 0 0.028 0.028 0.004 0.004 0.001 0.001 0.014 0 0.007 0.007 0.005 0.016 0.001 0.001 0.195 0.126 0.089 0.005 0.029 0.016 0 0.147 0.006 0.004 0.013 0.001 0.004 0.028 0.001 0.001 0.276 0 0.012 0.011 0 0.069 0.001 0.001 0.001 0.001 0.002 0.73 0.001 0.001 0.001 0.07 0.002 0 0.001 1 0.001 0.002 0.002 0.058 0.002 0.001 0 0.001 0.002 0 0.551 0.001 0.001 0.001
0.005 0.011 0.005 0.02 0.007 0.001 0.004 0.015 0.012 0.012 0.006 0.005 0.002 0.003 0.003 0.001 0 0.005 0.363 0.001 0.201 0.016 0.051 0.003 0.014 0.005 0.41 0.001 0.002 0.002 0.001 0.015 0.022 0.001 0.014 0.005 0.022 0.031 0.005 0.021 0.106 0.204 0.004 0.052 0.08 0.054 0.042 0.002 0.335 0.28 0.218 0.24 0.003 0.348 0.002 0 0.004 0.062 0.258 0.347 0.002 0.004 0.001 1 0.008 0.319 0.295 0.358 0.004 0.002 0.003 0.342 0.001 0.001 0.003 0.006 0
0.022 0.039 0.041 0.065 0.021 0.007 0.005 0.009 0.073 0.007 0.005 0.004 0.002 0.039 0.039 0.011 0.012 0.004 0.003 0.036 0.013 0.02 0.04 0.022 0.009 0.139 0.005 0.007 0.002 0.003 0.022 0.013 0.006 0.001 0.003 0.019 0.016 0.065 0.004 0.337 0.046 0.015 0.003 0.005 0.043 0.152 0.037 0.002 0.024 0.015 0.015 0.018 0.003 0.023 0.002 0.003 0.003 0.003 0.024 0.02 0.002 0.003 0.002 0.008 1 0.02 0.023 0.023 0.003 0.002 0.004 0.021 0.001 0.001 0.003 0.003 0.004
0 0 0.001 0.009 0.018 0.006 0.016 0.034 0.036 0.028 0.014 0.154 0.005 0.013 0.015 0.009 0.006 0.011 0.138 0.009 0.457 0.03 0.124 0.025 0.054 0.012 0.112 0.002 0.004 0.006 0.024 0.047 0.07 0.003 0.018 0.019 0.045 0.09 0.01 0.051 0.223 0.521 0.009 0.059 0.131 0.132 0.047 0.005 0.683 0.659 0.626 0.602 0.007 0.857 0.005 0.154 0.136 0.138 0.755 0.892 0.087 0.01 0.002 0.319 0.02 1 0.694 0.847 0.169 0.005 0.207 0.836 0.003 0.003 0.008 0.015 0.172
0.001 0.004 0.004 0.006 0.018 0.013 0.032 0.015 0.027 0.009 0.003 0.148 0.005 0.006 0.007 0.007 0.004 0.014 0.134 0.002 0.49 0.04 0.108 0.024 0.041 0.014 0.142 0.017 0.001 0 0.021 0.028 0.049 0.003 0.039 0.038 0.051 0.067 0.014 0.058 0.221 0.594 0.011 0.087 0.134 0.151 0.06 0.006 0.783 0.616 0.587 0.666 0.008 0.784 0.048 0.134 0.114 0.061 0.832 0.705 0.071 0.011 0.058 0.295 0.023 0.694 1 0.777 0.148 0.005 0.181 0.729 0.003 0.037 0.009 0.016 0.146
0.001 0 0.001 0.01 0.01 0.001 0.008 0.015 0.037 0.009 0.003 0.158 0.005 0.008 0.01 0.002 0.001 0.014 0.135 0.003 0.489 0.031 0.13 0.014 0.052 0.014 0.144 0 0.005 0.007 0.011 0.045 0.062 0.003 0.008 0.02 0.044 0.082 0.011 0.057 0.213 0.638 0.004 0.04 0.156 0.15 0.052 0.006 0.744 0.673 0.643 0.723 0.008 0.928 0.006 0.136 0.126 0.101 0.792 0.859 0.082 0.011 0.002 0.358 0.023 0.847 0.777 1 0.145 0.005 0.183 0.89 0.003 0.004 0.009 0.016 0.158
0.011 0.009 0.008 0.013 0.009 0 0.001 0.004 0.012 0.003 0.002 0.215 0.001 0.011 0.012 0.007 0.007 0.002 0.001 0.019 0.078 0 0.036 0.012 0.022 0.002 0.002 0.003 0.001 0.001 0.012 0.019 0.017 0.001 0.001 0.004 0.003 0.02 0.002 0.009 0.011 0.076 0.002 0.002 0.009 0.022 0.003 0.001 0.046 0.081 0.115 0.1 0.001 0.15 0.001 0.026 0.55 0.001 0.143 0.168 0.337 0.002 0.001 0.004 0.003 0.169 0.148 0.145 1 0.001 0.002 0.128 0.001 0.001 0.001 0.003 0.503
0.006 0.007 0.007 0.013 0.004 0.001 0.001 0.002 0.014 0.002 0 0.001 0 0.007 0.007 0.003 0.003 0.001 0.001 0.007 0.003 0.003 0.008 0.006 0.009 0.002 0.001 0.001 0 0.001 0.006 0.011 0.007 0.569 0.001 0.005 0.004 0.013 0.001 0.077 0.014 0.004 0.001 0.001 0.01 0.028 0.005 0.012 0.006 0.004 0.003 0.004 0.007 0.005 0 0.001 0.001 0.001 0.005 0.005 0 0.001 0 0.002 0.002 0.005 0.005 0.005 0.001 1 0.001 0.005 0 0 0.001 0.001 0.001
0.023 0.024 0.033 0.009 0.001 0.001 0 0.008 0.014 0.006 0.003 0.006 0.001 0.006 0.007 0.003 0.003 0.003 0.002 0.005 0.153 0.012 0.032 0.008 0.023 0.003 0.003 0.001 0 0.001 0.008 0.019 0.033 0.001 0.002 0.006 0.011 0.038 0.003 0.01 0.067 0.188 0.002 0 0.03 0.027 0.001 0.001 0.171 0.224 0.235 0.192 0.002 0.173 0.001 0.322 0.002 0.001 0.151 0.179 0 0.002 0.001 0.003 0.004 0.207 0.181 0.183 0.002 0.001 1 0.161 0.001 0.001 0.002 0.003 0
0.001 0 0.002 0.011 0.008 0.004 0.013 0.015 0.031 0.01 0.005 0.154 0.005 0.007 0.008 0.001 0 0.013 0.132 0.001 0.45 0.032 0.117 0.013 0.047 0.013 0.145 0.001 0.005 0.006 0.012 0.041 0.062 0.003 0.017 0.02 0.047 0.082 0.01 0.053 0.208 0.62 0.01 0.053 0.165 0.137 0.052 0.005 0.733 0.644 0.612 0.65 0.008 0.896 0.006 0.107 0.109 0.125 0.739 0.855 0.09 0.01 0.002 0.342 0.021 0.836 0.729 0.89 0.128 0.005 0.161 1 0.003 0.003 0.008 0.016 0.173
0.001 0.001 0.001 0.003 0.005 0.001 0.001 0.015 0.004 0.013 0.001 0.001 0 0.002 0.002 0.012 0.002 0.001 0 0.002 0.002 0 0.001 0.005 0.005 0.001 0.001 0.001 0 0 0.005 0.006 0.012 0 0 0.02 0.024 0.011 0.001 0.003 0.005 0.002 0.001 0.001 0.009 0.021 0.006 0 0.004 0.002 0.002 0.003 0 0.003 0 0 0 0 0.004 0.003 0 0.001 0 0.001 0.001 0.003 0.003 0.003 0.001 0 0.001 0.003 1 0 0 0.001 0.001
0.01 0.012 0.011 0.004 0.004 0.096 0.135 0.002 0.005 0.002 0.001 0 0 0.012 0.012 0.003 0.003 0.001 0.001 0.013 0 0.005 0.003 0.004 0.006 0.001 0.001 0.124 0.096 0.068 0.004 0.019 0.015 0 0.098 0.004 0.002 0.013 0.001 0.003 0.02 0.003 0.001 0.236 0.002 0.008 0.007 0 0.049 0.003 0.002 0.003 0 0.004 0.618 0.001 0.001 0 0.05 0.003 0 0.001 0.551 0.001 0.001 0.003 0.037 0.004 0.001 0 0.001 0.003 0 1 0 0.001 0.001
0.033 0.039 0.037 0.012 0.002 0.093 0.034 0.005 0.018 0.004 0.002 0.002 0.081 0.038 0.037 0.006 0.006 0.01 0.001 0.042 0.005 0.002 0.007 0.002 0.016 0.002 0.002 0.095 0.045 0.03 0.001 0.004 0 0 0.024 0.009 0.008 0 0.002 0.001 0.007 0.006 0.001 0.002 0.017 0.002 0 0.491 0.01 0.006 0.006 0.007 0.585 0.009 0.001 0.001 0.001 0.001 0.009 0.008 0.001 0.001 0.001 0.003 0.003 0.008 0.009 0.009 0.001 0.001 0.002 0.008 0 0 1 0.161 0.001
0.002 0.001 0.002 0.004 0.004 0.005 0.001 0.01 0.001 0.008 0.004 0.003 0.039 0 0 0.011 0.011 0 0.002 0 0.009 0.023 0.004 0.004 0 0.003 0.004 0.005 0.001 0.001 0.013 0.002 0.003 0.001 0 0.001 0.007 0.008 0.016 0.003 0.021 0.012 0.001 0.004 0.021 0 0.02 0.047 0.018 0.012 0.011 0.013 0.113 0.017 0.001 0.002 0.002 0.002 0.018 0.015 0.001 0.003 0.001 0.006 0.003 0.015 0.016 0.016 0.003 0.001 0.003 0.016 0.001 0.001 0.161 1 0.003
0.01 0.007 0.007 0.02 0.011 0 0.001 0.004 0.022 0.003 0.003 0.258 0.001 0.013 0.013 0.008 0.008 0.002 0.001 0.021 0.104 0.001 0.069 0.013 0.035 0.002 0.002 0.004 0.001 0.001 0.013 0.03 0.029 0.001 0.002 0.005 0.004 0.033 0.002 0.009 0.017 0.099 0.002 0.003 0.02 0.024 0.007 0.001 0.092 0.151 0.197 0.161 0.001 0.164 0.001 0.023 0.593 0.001 0.156 0.183 0.44 0.002 0.001 0 0.004 0.172 0.146 0.158 0.503 0.001 0 0.173 0.001 0.001 0.001 0.003 1
