1 0.824 0.853 0.398 0.385 0.172 0.111 0.214 0.236 0.19 0.093 0.029 0.053 0.521 0.487 0.255 0.257 0.056 0.021 0.562 0.002 0.138 0.108 0.344 0.277 0.004 0.029 0.164 0.044 0.04 0.287 0.215 0.096 0.001 0.025 0.025 0.007 0.079 0.023 0.021 0.065 0.005 0.008 0.099 0.038 0 0.046 0.004 0.047 0.001 0 0.004 0.005 0.032 0.015 0.044 0.012 0.016 0.056 0.008 0.017 0.003 0.023 0 0.01 0.02 0.039 0.025 0.006 0.005 0.057 0.018 0.003 0.016 0.01 0.007 0.001
0.824 1 0.958 0.375 0.41 0.207 0.133 0.258 0.208 0.228 0.112 0.025 0.064 0.595 0.554 0.262 0.266 0.067 0.018 0.624 0 0.12 0.085 0.369 0.275 0.029 0.024 0.197 0.053 0.049 0.316 0.216 0.103 0.001 0.031 0.03 0.015 0.068 0.019 0.047 0.08 0.01 0.014 0.085 0.05 0.003 0.033 0.007 0.052 0 0 0.008 0.008 0.033 0.02 0.054 0.01 0.013 0.06 0.007 0.014 0.003 0.03 0.001 0.033 0.02 0.052 0.026 0.004 0.008 0.057 0.019 0.001 0.021 0.014 0.005 0
0.853 0.958 1 0.389 0.449 0.2 0.128 0.249 0.22 0.22 0.108 0.026 0.062 0.62 0.576 0.297 0.3 0.065 0.018 0.656 0 0.122 0.089 0.405 0.295 0.03 0.025 0.191 0.051 0.047 0.343 0.23 0.111 0.001 0.03 0.039 0.013 0.074 0.02 0.048 0.088 0.009 0.015 0.117 0.057 0.003 0.036 0.006 0.062 0 0 0.007 0.007 0.042 0.019 0.052 0.011 0.013 0.071 0.012 0.014 0.002 0.028 0 0.034 0.028 0.057 0.034 0.004 0.008 0.069 0.027 0.002 0.02 0.013 0.005 0
0.398 0.375 0.389 1 0.19 0.07 0.041 0.106 0.771 0.091 0.045 0.064 0.025 0.232 0.246 0.129 0.125 0.027 0.044 0.257 0.025 0.324 0.337 0.182 0.573 0.011 0.032 0.065 0.021 0.017 0.125 0.48 0.243 0.022 0.009 0.001 0.007 0.328 0.048 0.215 0.004 0.007 0.036 0.042 0.005 0.148 0.184 0.014 0 0.03 0.034 0.01 0.01 0 0.003 0.017 0.025 0.002 0 0.012 0.036 0.013 0.004 0.005 0.068 0.001 0 0.001 0.016 0.015 0.012 0.001 0.006 0.005 0.008 0.01 0.011
0.385 0.41 0.449 0.19 1 0.02 0.013 0.482 0.223 0.436 0.205 0.013 0.006 0.495 0.47 0.604 0.605 0.135 0.009 0.52 0.036 0.07 0.127 0.857 0.27 0.014 0.012 0.02 0.005 0.006 0.736 0.215 0.145 0.004 0.006 0.167 0.085 0.111 0.01 0.057 0.027 0.003 0.007 0.017 0.071 0.002 0.037 0.002 0 0.033 0.029 0.002 0 0.003 0.006 0.004 0.004 0.005 0 0.012 0.006 0.004 0.006 0 0.013 0.001 0 0.001 0.005 0.006 0.004 0.003 0.001 0.005 0 0.006 0.006
0.172 0.207 0.2 0.07 0.02 1 0.643 0.011 0.093 0.009 0.005 0.005 0.309 0.211 0.194 0.013 0.014 0.003 0.004 0.219 0.016 0.025 0.05 0.022 0.114 0.006 0.005 0.965 0.254 0.253 0.023 0.089 0.042 0.003 0.178 0.026 0.021 0.032 0.004 0.004 0.009 0.011 0.003 0.19 0.024 0.001 0.012 0.048 0.022 0.01 0.009 0.014 0.032 0 0.139 0.003 0.003 0.101 0.028 0.001 0.003 0.002 0.179 0.001 0.009 0.001 0.024 0 0.003 0 0.006 0 0.003 0.131 0.06 0.001 0.003
0.111 0.133 0.128 0.041 0.013 0.643 1 0.007 0.062 0.006 0.003 0.003 0.002 0.139 0.128 0.009 0.009 0.002 0.002 0.144 0.01 0.017 0.033 0.014 0.074 0.004 0.003 0.626 0.396 0.396 0.015 0.052 0.02 0.001 0.28 0.017 0.014 0.014 0.003 0.018 0.048 0.005 0.002 0.313 0.01 0.031 0.005 0.013 0.062 0.005 0.004 0.007 0.008 0.005 0.223 0.002 0.001 0.163 0.072 0.009 0.002 0.002 0.284 0 0.006 0.008 0.066 0.003 0.002 0.002 0.016 0.004 0.002 0.207 0.034 0.002 0.002
0.214 0.258 0.249 0.106 0.482 0.011 0.007 1 0.116 0.853 0.42 0.007 0.003 0.266 0.245 0.705 0.623 0.004 0.005 0.28 0.018 0.038 0.066 0.471 0.151 0.008 0.006 0.011 0.003 0.003 0.449 0.133 0.088 0.002 0.003 0.175 0.199 0.07 0.005 0.027 0.04 0.002 0.004 0.008 0.13 0.05 0.032 0.002 0.002 0.019 0.017 0.002 0.003 0 0.003 0.004 0.002 0.003 0.002 0.024 0.004 0.004 0.003 0.011 0.005 0.025 0.003 0.002 0.002 0.003 0.008 0 0.006 0.003 0.004 0.006 0.002
0.236 0.208 0.22 0.771 0.223 0.093 0.062 0.116 1 0.098 0.052 0.054 0.03 0.3 0.316 0.143 0.139 0.031 0.029 0.325 0.121 0.281 0.475 0.215 0.702 0.015 0.019 0.091 0.025 0.021 0.161 0.612 0.341 0.026 0.011 0 0.001 0.451 0.041 0.257 0.018 0.057 0.031 0.052 0.019 0.205 0.233 0.017 0.014 0.114 0.126 0.062 0.013 0.019 0.005 0.028 0.02 0.003 0.015 0.067 0.03 0.022 0.014 0.004 0.081 0.029 0.011 0.025 0.023 0.019 0.013 0.014 0.004 0.007 0.011 0.006 0.032
0.19 0.228 0.22 0.091 0.436 0.009 0.006 0.853 0.098 1 0.492 0.006 0.003 0.23 0.211 0.606 0.612 0.003 0.004 0.242 0.015 0.032 0.056 0.404 0.127 0.007 0.005 0.009 0.002 0.003 0.386 0.111 0.072 0.002 0.003 0.128 0.143 0.057 0.004 0.024 0.026 0.005 0.003 0.007 0.104 0.031 0.034 0.002 0 0.016 0.014 0.005 0.003 0.001 0.003 0.004 0.001 0.002 0 0.02 0.003 0.003 0.003 0.01 0.003 0.021 0.001 0 0.001 0.002 0.006 0 0 0.002 0.003 0.005 0.002
0.093 0.112 0.108 0.045 0.205 0.005 0.003 0.42 0.052 0.492 1 0.003 0.001 0.117 0.108 0.277 0.331 0.002 0.002 0.124 0.009 0.016 0.03 0.204 0.066 0.003 0.003 0.005 0.001 0.001 0.195 0.065 0.042 0 0.001 0.062 0.07 0.039 0.002 0.01 0.013 0.003 0.002 0.003 0.069 0.018 0.022 0.001 0.001 0.009 0.009 0.005 0.001 0 0.001 0.002 0.002 0.001 0.002 0.011 0.002 0.001 0.001 0.005 0.004 0.012 0.002 0.001 0.002 0.001 0.003 0.001 0.002 0.001 0.001 0.003 0.002
0.029 0.025 0.026 0.064 0.013 0.005 0.003 0.007 0.054 0.006 0.003 1 0.002 0.015 0.014 0.008 0.009 0.002 0.002 0.015 0.289 0.018 0.083 0.014 0.043 0.003 0.003 0.005 0.001 0.002 0.007 0.039 0.056 0.001 0 0.016 0.013 0.068 0.002 0.017 0.077 0.171 0.002 0.001 0.043 0.037 0.008 0.001 0.15 0.24 0.243 0.177 0.002 0.156 0 0 0.357 0.013 0.141 0.199 0.543 0.002 0 0 0.006 0.135 0.132 0.112 0.312 0.002 0.008 0.108 0.002 0 0.002 0.003 0.281
0.053 0.064 0.062 0.025 0.006 0.309 0.002 0.003 0.03 0.003 0.001 0.002 1 0.067 0.061 0.004 0.004 0.001 0.001 0.07 0.005 0.009 0.017 0.007 0.038 0.002 0.002 0.311 0.001 0.001 0.007 0.037 0.025 0.023 0.001 0.008 0.007 0.021 0.001 0.086 0.021 0.006 0.001 0.002 0.014 0.035 0.01 0.045 0.009 0.006 0.005 0.007 0.031 0.008 0.001 0.001 0.001 0.001 0.008 0.007 0.001 0 0.001 0.003 0.003 0.007 0.009 0.008 0.001 0.001 0.002 0.007 0.001 0.001 0.025 0.013 0.001
0.521 0.595 0.62 0.232 0.495 0.211 0.139 0.266 0.3 0.23 0.117 0.015 0.067 1 0.912 0.341 0.338 0.07 0.014 0.808 0.061 0.081 0.167 0.512 0.373 0.023 0.02 0.209 0.055 0.065 0.395 0.293 0.219 0.001 0.035 0.095 0.052 0.175 0.018 0.038 0.051 0.015 0.003 0.13 0.022 0.001 0.053 0.025 0.005 0.057 0.053 0.016 0.025 0 0.023 0.009 0.014 0.018 0.013 0.01 0.008 0.005 0.041 0 0.03 0.002 0.004 0 0.015 0.008 0 0.001 0.001 0.024 0.033 0.002 0.017
0.487 0.554 0.576 0.246 0.47 0.194 0.128 0.245 0.316 0.211 0.108 0.014 0.061 0.912 1 0.314 0.311 0.065 0.015 0.748 0.063 0.089 0.179 0.481 0.354 0.012 0.022 0.192 0.051 0.06 0.374 0.278 0.204 0.001 0.038 0.087 0.048 0.172 0.02 0.031 0.045 0.018 0.003 0.126 0.018 0.001 0.053 0.023 0.004 0.058 0.053 0.018 0.022 0 0.026 0.007 0.014 0.015 0.009 0.012 0.008 0.004 0.044 0 0.019 0.002 0.003 0 0.015 0.006 0 0 0 0.028 0.03 0.003 0.017
0.255 0.262 0.297 0.129 0.604 0.013 0.009 0.705 0.143 0.606 0.277 0.008 0.004 0.341 0.314 1 0.829 0.004 0.006 0.359 0.026 0.046 0.086 0.58 0.191 0.009 0.008 0.013 0.003 0.004 0.542 0.167 0.112 0.003 0.004 0.246 0.12 0.089 0.006 0.032 0.06 0 0.005 0.039 0.161 0.018 0.035 0.003 0.007 0.028 0.025 0 0.002 0.017 0.004 0.005 0.005 0.004 0.008 0.006 0.005 0.004 0.004 0.004 0.007 0 0.004 0.01 0.005 0.003 0.003 0.016 0.003 0.003 0.003 0.008 0.006
0.257 0.266 0.3 0.125 0.605 0.014 0.009 0.623 0.139 0.612 0.331 0.009 0.004 0.338 0.311 0.829 1 0.005 0.006 0.373 0.026 0.048 0.089 0.605 0.2 0.01 0.008 0.014 0.004 0.004 0.566 0.172 0.116 0.003 0.004 0.261 0.133 0.093 0.006 0.034 0.066 0 0.005 0.036 0.146 0.021 0.038 0.003 0.006 0.028 0.025 0 0.002 0.015 0.004 0.005 0.005 0.004 0.007 0.006 0.005 0.005 0.004 0.004 0.007 0 0.004 0.009 0.006 0.004 0.003 0.015 0.005 0.003 0.003 0.008 0.006
0.056 0.067 0.065 0.027 0.135 0.003 0.002 0.004 0.031 0.003 0.002 0.002 0.001 0.07 0.065 0.004 0.005 1 0.001 0.074 0.005 0.009 0.018 0.126 0.04 0.002 0.002 0.003 0.001 0.001 0.12 0.039 0.028 0.001 0.001 0.008 0.007 0.023 0.001 0.009 0.021 0.006 0.001 0.002 0.016 0.019 0.001 0 0.01 0.006 0.005 0.007 0 0.009 0.001 0.001 0.001 0.001 0.009 0.007 0.001 0.001 0.001 0.003 0.003 0.002 0.009 0.008 0.001 0.001 0.002 0.007 0.001 0.001 0 0.002 0.001
0.021 0.018 0.018 0.044 0.009 0.004 0.002 0.005 0.029 0.004 0.002 0.002 0.001 0.014 0.015 0.006 0.006 0.001 1 0.016 0.201 0.008 0.067 0.009 0.03 0.003 0.663 0.004 0.001 0.001 0.01 0.019 0.011 0.001 0.001 0.007 0.005 0.029 0.002 0.004 0.038 0.133 0 0.003 0.019 0.011 0.015 0.001 0.078 0.122 0.108 0.11 0 0.087 0.001 0.001 0.001 0.001 0.052 0.111 0.001 0.001 0.001 0.27 0.004 0.1 0.082 0.09 0 0.001 0.003 0.105 0.001 0.001 0.001 0 0
0.562 0.624 0.656 0.257 0.52 0.219 0.144 0.28 0.325 0.242 0.124 0.015 0.07 0.808 0.748 0.359 0.373 0.074 0.016 1 0.045 0.122 0.195 0.579 0.435 0.026 0.007 0.218 0.058 0.055 0.459 0.338 0.194 0.001 0.035 0.062 0.026 0.148 0.016 0.035 0.041 0.007 0.013 0.135 0.025 0 0.067 0.027 0.011 0.039 0.035 0.008 0.026 0.003 0.023 0.015 0.014 0.018 0.009 0.004 0.013 0.008 0.041 0.003 0.029 0.001 0.01 0.001 0.015 0.007 0 0.004 0 0.024 0.035 0.003 0.017
0.002 0 0 0.025 0.036 0.016 0.01 0.018 0.121 0.015 0.009 0.289 0.005 0.061 0.063 0.026 0.026 0.005 0.201 0.045 1 0.055 0.295 0.042 0.133 0.011 0.303 0.016 0.004 0.005 0.035 0.107 0.138 0.004 0 0.049 0.04 0.19 0.008 0.042 0.218 0.676 0.006 0.004 0.129 0.098 0.018 0.004 0.493 0.766 0.685 0.619 0.004 0.509 0 0.16 0.121 0.001 0.353 0.57 0.184 0.005 0 0.178 0.017 0.486 0.476 0.474 0.162 0.005 0.139 0.4 0.006 0 0.005 0.008 0.203
0.138 0.12 0.122 0.324 0.07 0.025 0.017 0.038 0.281 0.032 0.016 0.018 0.009 0.081 0.089 0.046 0.048 0.009 0.008 0.122 0.055 1 0.404 0.076 0.227 0.021 0.016 0.029 0.007 0.009 0.039 0.183 0.015 0.008 0.008 0.085 0.104 0.023 0.055 0.07 0 0.057 0.077 0.022 0 0.003 0.117 0.004 0.068 0.03 0.025 0.041 0.002 0.06 0.003 0.009 0.007 0.008 0.045 0.039 0.011 0.001 0.009 0.015 0.018 0.042 0.064 0.041 0.007 0.002 0.013 0.045 0.027 0.007 0 0.03 0.008
0.108 0.085 0.089 0.337 0.127 0.05 0.033 0.066 0.475 0.056 0.03 0.083 0.017 0.167 0.179 0.086 0.089 0.018 0.067 0.195 0.295 0.404 1 0.141 0.432 0.038 0.091 0.054 0.014 0.016 0.087 0.345 0.118 0.015 0.005 0.013 0.024 0.172 0.015 0.134 0.142 0.18 0.039 0.028 0.086 0.062 0.02 0.01 0.102 0.27 0.247 0.185 0.006 0.115 0.001 0.047 0.037 0 0.079 0.169 0.054 0.005 0.006 0.046 0.042 0.131 0.092 0.127 0.052 0.008 0.033 0.095 0.009 0.004 0.004 0.002 0.069
0.344 0.369 0.405 0.182 0.857 0.022 0.014 0.471 0.215 0.404 0.204 0.014 0.007 0.512 0.481 0.58 0.605 0.126 0.009 0.579 0.042 0.076 0.141 1 0.286 0.016 0.013 0.022 0.006 0.007 0.813 0.228 0.149 0.006 0.006 0.178 0.096 0.117 0.01 0.066 0.023 0.004 0.008 0.015 0.072 0.002 0.045 0.001 0 0.044 0.04 0.005 0.004 0 0.007 0.009 0.008 0.006 0 0.02 0.008 0.005 0.004 0.001 0.015 0.004 0.001 0 0.009 0.007 0.007 0.001 0 0.005 0.002 0.007 0.01
0.277 0.275 0.295 0.573 0.27 0.114 0.074 0.151 0.702 0.127 0.066 0.043 0.038 0.373 0.354 0.191 0.2 0.04 0.03 0.435 0.133 0.227 0.432 0.286 1 0.049 0.041 0.115 0.031 0.027 0.237 0.837 0.541 0.015 0.016 0.007 0 0.425 0.027 0.136 0.008 0.063 0.024 0.068 0.006 0.139 0.168 0.007 0.013 0.13 0.118 0.064 0.005 0.021 0.008 0.027 0.021 0.005 0.007 0.057 0.026 0.017 0.019 0.008 0.005 0.034 0.012 0.027 0.023 0.01 0.011 0.018 0.002 0.01 0.005 0.002 0.032
0.004 0.029 0.03 0.011 0.014 0.006 0.004 0.008 0.015 0.007 0.003 0.003 0.002 0.023 0.012 0.009 0.01 0.002 0.003 0.026 0.011 0.021 0.038 0.016 0.049 1 0.003 0.006 0.002 0.002 0.016 0.05 0.071 0.007 0.002 0.018 0.015 0.011 0.003 0.089 0.037 0.013 0.001 0.005 0.029 0.029 0.005 0.001 0.019 0.011 0.01 0.013 0.002 0.017 0.002 0.002 0.002 0.002 0.017 0.013 0.002 0.036 0.002 0.004 0.195 0.014 0.018 0.016 0.002 0.004 0.004 0.014 0.002 0.001 0.002 0.003 0.003
0.029 0.024 0.025 0.032 0.012 0.005 0.003 0.006 0.019 0.005 0.003 0.003 0.002 0.02 0.022 0.008 0.008 0.002 0.663 0.007 0.303 0.016 0.091 0.013 0.041 0.003 1 0.005 0.001 0.001 0.013 0.029 0.029 0.001 0.001 0.015 0.012 0.053 0.002 0.008 0.056 0.218 0.002 0.004 0.017 0.024 0.021 0.001 0.132 0.209 0.126 0.183 0.001 0.146 0.002 0.002 0 0.001 0.032 0.12 0.002 0.002 0.002 0.449 0.005 0.117 0.138 0.152 0 0.002 0.003 0.176 0.002 0.001 0.001 0.002 0.001
0.164 0.197 0.191 0.065 0.02 0.965 0.626 0.011 0.091 0.009 0.005 0.005 0.311 0.209 0.192 0.013 0.014 0.003 0.004 0.218 0.016 0.029 0.054 0.022 0.115 0.006 0.005 1 0.256 0.255 0.023 0.094 0.047 0.003 0.186 0.026 0.02 0.036 0.004 0.004 0.011 0.011 0.003 0.206 0.024 0.001 0.015 0.049 0.024 0.011 0.009 0.014 0.032 0 0.16 0.003 0.003 0.102 0.029 0.001 0.003 0.002 0.192 0.001 0.009 0 0.026 0 0.004 0 0.006 0 0.003 0.153 0.061 0.001 0.004
0.044 0.053 0.051 0.021 0.005 0.254 0.396 0.003 0.025 0.002 0.001 0.001 0.001 0.055 0.051 0.003 0.004 0.001 0.001 0.058 0.004 0.007 0.014 0.006 0.031 0.002 0.001 0.256 1 0.84 0.006 0.011 0.006 0.001 0.007 0.007 0.005 0.004 0.001 0.007 0.012 0.005 0.001 0.094 0.013 0.015 0.001 0.009 0.012 0.005 0.004 0.006 0.006 0.001 0.046 0.001 0.001 0.077 0.014 0.002 0.001 0.001 0.045 0.002 0.002 0.002 0.012 0.001 0.001 0.001 0.024 0.002 0.001 0.012 0.054 0 0.001
0.04 0.049 0.047 0.017 0.006 0.253 0.396 0.003 0.021 0.003 0.001 0.002 0.001 0.065 0.06 0.004 0.004 0.001 0.001 0.055 0.005 0.009 0.016 0.007 0.027 0.002 0.001 0.255 0.84 1 0.007 0.01 0.01 0.001 0.025 0.003 0.002 0.007 0.001 0.008 0.018 0.006 0.001 0.107 0.016 0.012 0.002 0.007 0.013 0.005 0.005 0.007 0.004 0.002 0.037 0.001 0.001 0.113 0.016 0.004 0.001 0.001 0.036 0 0.003 0.003 0.014 0.002 0.001 0.001 0.019 0.003 0.001 0.009 0.044 0 0.001
0.287 0.316 0.343 0.125 0.736 0.023 0.015 0.449 0.161 0.386 0.195 0.007 0.007 0.395 0.374 0.542 0.566 0.12 0.01 0.459 0.035 0.039 0.087 0.813 0.237 0.016 0.013 0.023 0.006 0.007 1 0.274 0.189 0.006 0.006 0.244 0.152 0.153 0.011 0.069 0.048 0.003 0.008 0.013 0.115 0.009 0.059 0.003 0 0.037 0.033 0.003 0.004 0.001 0.007 0.009 0.009 0.006 0.001 0.016 0.008 0.007 0.004 0.002 0.016 0.005 0.001 0 0.009 0.008 0.008 0 0 0.005 0.005 0.013 0.011
0.215 0.216 0.23 0.48 0.215 0.089 0.052 0.133 0.612 0.111 0.065 0.039 0.037 0.293 0.278 0.167 0.172 0.039 0.019 0.338 0.107 0.183 0.345 0.228 0.837 0.05 0.029 0.094 0.011 0.01 0.274 1 0.666 0.015 0.032 0.022 0.008 0.536 0.033 0.143 0 0.068 0.025 0.088 0 0.192 0.221 0.007 0.01 0.137 0.124 0.069 0.001 0.023 0.022 0.028 0.021 0.005 0.004 0.061 0.026 0.021 0.035 0.01 0.005 0.037 0.009 0.03 0.024 0.01 0.011 0.02 0.001 0.027 0 0.007 0.032
0.096 0.103 0.111 0.243 0.145 0.042 0.02 0.088 0.341 0.072 0.042 0.056 0.025 0.219 0.204 0.112 0.116 0.028 0.011 0.194 0.138 0.015 0.118 0.149 0.541 0.071 0.029 0.047 0.006 0.01 0.189 0.666 1 0.009 0.017 0.229 0.21 0.765 0.047 0.077 0.023 0.109 0.019 0.062 0.01 0.302 0.187 0.001 0.037 0.186 0.169 0.115 0 0.058 0.014 0.036 0.032 0.002 0.018 0.102 0.037 0.03 0.014 0.014 0 0.071 0.034 0.056 0.034 0.005 0.031 0.049 0.031 0.019 0.003 0.005 0.046
0.001 0.001 0.001 0.022 0.004 0.003 0.001 0.002 0.026 0.002 0 0.001 0.023 0.001 0.001 0.003 0.003 0.001 0.001 0.001 0.004 0.008 0.015 0.006 0.015 0.007 0.001 0.003 0.001 0.001 0.006 0.015 0.009 1 0.001 0.007 0.006 0.019 0.001 0.083 0.018 0.005 0.001 0.002 0.014 0.038 0.011 0.005 0.008 0.005 0.004 0.006 0.003 0.007 0.001 0.001 0.001 0.001 0.007 0.006 0.001 0.001 0.001 0.002 0.002 0.006 0.008 0.007 0.001 0.625 0.002 0.006 0.001 0.001 0.001 0.001 0.001
0.025 0.031 0.03 0.009 0.006 0.178 0.28 0.003 0.011 0.003 0.001 0 0.001 0.035 0.038 0.004 0.004 0.001 0.001 0.035 0 0.008 0.005 0.006 0.016 0.002 0.001 0.186 0.007 0.025 0.006 0.032 0.017 0.001 1 0.007 0.006 0.019 0.001 0.007 0.034 0.005 0.001 0.164 0.003 0.009 0.005 0.041 0.027 0.005 0.004 0.006 0.028 0 0.156 0.001 0.001 0.059 0.031 0.001 0.001 0.001 0.143 0.004 0.002 0.001 0.029 0 0.001 0.001 0.002 0.001 0.001 0.206 0.023 0.001 0.001
0.025 0.03 0.039 0.001 0.167 0.026 0.017 0.175 0 0.128 0.062 0.016 0.008 0.095 0.087 0.246 0.261 0.008 0.007 0.062 0.049 0.085 0.013 0.178 0.007 0.018 0.015 0.026 0.007 0.003 0.244 0.022 0.229 0.007 0.007 1 0.808 0.183 0.012 0.082 0.291 0.054 0.087 0.01 0.212 0.135 0.01 0.006 0.027 0.052 0.046 0.059 0.008 0.02 0.008 0.008 0.01 0.007 0.013 0.027 0.01 0.008 0.008 0 0.018 0.011 0.027 0.011 0.01 0.009 0.01 0.011 0.094 0.006 0.009 0 0.012
0.007 0.015 0.013 0.007 0.085 0.021 0.014 0.199 0.001 0.143 0.07 0.013 0.007 0.052 0.048 0.12 0.133 0.007 0.005 0.026 0.04 0.104 0.024 0.096 0 0.015 0.012 0.02 0.005 0.002 0.152 0.008 0.21 0.006 0.006 0.808 1 0.176 0.01 0.066 0.264 0.044 0.108 0.015 0.173 0.204 0.009 0.004 0.072 0.042 0.037 0.051 0.006 0.063 0.006 0.006 0.008 0.006 0.05 0.05 0.008 0.007 0.006 0.019 0.014 0.052 0.066 0.048 0.008 0.007 0.014 0.052 0.117 0.004 0.007 0.002 0.009
0.079 0.068 0.074 0.328 0.111 0.032 0.014 0.07 0.451 0.057 0.039 0.068 0.021 0.175 0.172 0.089 0.093 0.023 0.029 0.148 0.19 0.023 0.172 0.117 0.425 0.011 0.053 0.036 0.004 0.007 0.153 0.536 0.765 0.019 0.019 0.183 0.176 1 0.056 0.219 0.005 0.151 0.015 0.052 0.001 0.465 0.257 0.001 0.067 0.246 0.223 0.16 0.001 0.092 0.011 0.043 0.039 0.001 0.038 0.147 0.044 0.026 0.011 0.03 0.058 0.11 0.062 0.09 0.041 0.012 0.04 0.079 0.026 0.016 0.006 0.008 0.055
0.023 0.019 0.02 0.048 0.01 0.004 0.003 0.005 0.041 0.004 0.002 0.002 0.001 0.018 0.02 0.006 0.006 0.001 0.002 0.016 0.008 0.055 0.015 0.01 0.027 0.003 0.002 0.004 0.001 0.001 0.011 0.033 0.047 0.001 0.001 0.012 0.01 0.056 1 0.007 0.029 0.009 0.001 0.003 0.012 0.026 0.048 0.001 0.01 0.005 0.004 0.006 0.001 0.013 0.002 0.002 0.002 0.001 0.009 0.006 0.001 0.001 0.001 0.004 0.003 0.007 0.013 0.008 0.002 0.001 0.003 0.007 0.001 0.001 0.001 0.017 0.002
0.021 0.047 0.048 0.215 0.057 0.004 0.018 0.027 0.257 0.024 0.01 0.017 0.086 0.038 0.031 0.032 0.034 0.009 0.004 0.035 0.042 0.07 0.134 0.066 0.136 0.089 0.008 0.004 0.007 0.008 0.069 0.143 0.077 0.083 0.007 0.082 0.066 0.219 0.007 1 0.219 0.058 0.01 0.021 0.131 0.408 0.104 0.002 0.096 0.058 0.053 0.068 0 0.085 0.003 0.011 0.011 0.007 0.086 0.07 0.01 0.009 0.009 0.028 0.253 0.073 0.09 0.082 0.012 0.07 0.019 0.07 0.01 0.007 0.001 0 0.013
0.065 0.08 0.088 0.004 0.027 0.009 0.048 0.04 0.018 0.026 0.013 0.077 0.021 0.051 0.045 0.06 0.066 0.021 0.038 0.041 0.218 0 0.142 0.023 0.008 0.037 0.056 0.011 0.012 0.018 0.048 0 0.023 0.018 0.034 0.291 0.264 0.005 0.029 0.219 1 0.167 0.044 0.095 0.404 0 0.042 0.003 0.288 0.212 0.189 0.141 0.006 0.224 0.025 0.05 0.038 0.033 0.246 0.249 0.046 0.019 0.033 0.094 0.046 0.251 0.268 0.229 0.042 0.022 0.074 0.195 0.033 0.029 0.009 0.018 0.054
0.005 0.01 0.009 0.007 0.003 0.011 0.005 0.002 0.057 0.005 0.003 0.171 0.006 0.015 0.018 0 0 0.006 0.133 0.007 0.676 0.057 0.18 0.004 0.063 0.013 0.218 0.011 0.005 0.006 0.003 0.068 0.109 0.005 0.005 0.054 0.044 0.151 0.009 0.058 0.167 1 0.007 0.014 0.201 0.13 0.023 0.004 0.567 0.724 0.652 0.832 0.005 0.664 0.006 0.156 0.124 0.003 0.404 0.536 0.114 0.006 0.001 0.154 0.02 0.455 0.511 0.574 0.114 0.006 0.153 0.506 0.007 0.004 0.006 0.01 0.149
0.008 0.014 0.015 0.036 0.007 0.003 0.002 0.004 0.031 0.003 0.002 0.002 0.001 0.003 0.003 0.005 0.005 0.001 0 0.013 0.006 0.077 0.039 0.008 0.024 0.001 0.002 0.003 0.001 0.001 0.008 0.025 0.019 0.001 0.001 0.087 0.108 0.015 0.001 0.01 0.044 0.007 1 0.002 0 0.001 0.035 0.001 0.011 0.006 0.006 0.008 0.001 0.009 0.001 0.001 0.001 0.001 0.001 0.007 0.001 0.001 0.001 0.003 0.003 0.008 0.01 0.001 0.001 0.001 0.002 0.008 0.001 0.001 0.001 0.011 0.001
0.099 0.085 0.117 0.042 0.017 0.19 0.313 0.008 0.052 0.007 0.003 0.001 0.002 0.13 0.126 0.039 0.036 0.002 0.003 0.135 0.004 0.022 0.028 0.015 0.068 0.005 0.004 0.206 0.094 0.107 0.013 0.088 0.062 0.002 0.164 0.01 0.015 0.052 0.003 0.021 0.095 0.014 0.002 1 0.002 0.046 0.031 0.001 0.21 0.013 0.012 0.013 0.002 0.06 0.318 0.003 0.003 0.138 0.231 0.031 0.002 0.002 0.281 0.056 0.007 0.077 0.198 0.056 0.003 0.002 0.012 0.064 0.002 0.309 0.002 0.004 0.003
0.038 0.05 0.057 0.005 0.071 0.024 0.01 0.13 0.019 0.104 0.069 0.043 0.014 0.022 0.018 0.161 0.146 0.016 0.019 0.025 0.129 0 0.086 0.072 0.006 0.029 0.017 0.024 0.013 0.016 0.115 0 0.01 0.014 0.003 0.212 0.173 0.001 0.012 0.131 0.404 0.201 0 0.002 1 0.001 0.034 0.012 0.194 0.168 0.195 0.213 0.015 0.236 0.004 0.052 0.021 0.001 0.18 0.187 0.024 0 0.003 0.053 0.055 0.159 0.161 0.206 0.023 0.017 0.054 0.176 0.045 0.006 0.017 0.014 0.059
0 0.003 0.003 0.148 0.002 0.001 0.031 0.05 0.205 0.031 0.018 0.037 0.035 0.001 0.001 0.018 0.021 0.019 0.011 0 0.098 0.003 0.062 0.002 0.139 0.029 0.024 0.001 0.015 0.012 0.009 0.192 0.302 0.038 0.009 0.135 0.204 0.465 0.026 0.408 0 0.13 0.001 0.046 0.001 1 0.15 0 0.213 0.124 0.113 0.152 0.002 0.189 0.019 0.021 0.024 0.016 0.191 0.149 0.022 0.02 0.019 0.062 0.148 0.156 0.2 0.182 0.025 0.029 0.038 0.157 0.051 0.015 0.007 0 0.029
0.046 0.033 0.036 0.184 0.037 0.012 0.005 0.032 0.233 0.034 0.022 0.008 0.01 0.053 0.053 0.035 0.038 0.001 0.015 0.067 0.018 0.117 0.02 0.045 0.168 0.005 0.021 0.015 0.001 0.002 0.059 0.221 0.187 0.011 0.005 0.01 0.009 0.257 0.048 0.104 0.042 0.023 0.035 0.031 0.034 0.15 1 0.009 0.063 0.019 0.014 0.032 0.001 0.048 0.005 0.013 0.002 0.011 0.041 0.029 0.009 0.054 0.013 0.032 0.03 0.033 0.058 0.035 0.011 0.006 0 0.061 0.015 0.009 0.001 0.014 0.013
0.004 0.007 0.006 0.014 0.002 0.048 0.013 0.002 0.017 0.002 0.001 0.001 0.045 0.025 0.023 0.003 0.003 0 0.001 0.027 0.004 0.004 0.01 0.001 0.007 0.001 0.001 0.049 0.009 0.007 0.003 0.007 0.001 0.005 0.041 0.006 0.004 0.001 0.001 0.002 0.003 0.004 0.001 0.001 0.012 0 0.009 1 0.007 0.004 0.004 0.005 0.744 0.006 0.001 0.001 0.001 0.001 0.006 0.005 0.001 0.001 0.001 0.002 0.002 0.005 0.006 0.006 0.001 0.003 0.001 0.005 0.001 0 0.51 0.021 0.001
0.047 0.052 0.062 0 0 0.022 0.062 0.002 0.014 0 0.001 0.15 0.009 0.005 0.004 0.007 0.006 0.01 0.078 0.011 0.493 0.068 0.102 0 0.013 0.019 0.132 0.024 0.012 0.013 0 0.01 0.037 0.008 0.027 0.027 0.072 0.067 0.01 0.096 0.288 0.567 0.011 0.21 0.194 0.213 0.063 0.007 1 0.587 0.533 0.633 0.008 0.808 0.063 0.109 0.073 0.073 0.773 0.678 0.102 0.01 0.075 0.271 0.032 0.686 0.855 0.731 0.098 0.01 0.191 0.679 0.011 0.065 0.01 0.016 0.126
0.001 0 0 0.03 0.033 0.01 0.005 0.019 0.114 0.016 0.009 0.24 0.006 0.057 0.058 0.028 0.028 0.006 0.122 0.039 0.766 0.03 0.27 0.044 0.13 0.011 0.209 0.011 0.005 0.005 0.037 0.137 0.186 0.005 0.005 0.052 0.042 0.246 0.005 0.058 0.212 0.724 0.006 0.013 0.168 0.124 0.019 0.004 0.587 1 0.882 0.793 0.005 0.637 0.006 0.186 0.13 0.006 0.426 0.741 0.174 0.006 0.001 0.204 0.019 0.641 0.535 0.616 0.17 0.006 0.205 0.535 0.007 0.004 0.006 0.009 0.215
0 0 0 0.034 0.029 0.009 0.004 0.017 0.126 0.014 0.009 0.243 0.005 0.053 0.053 0.025 0.025 0.005 0.108 0.035 0.685 0.025 0.247 0.04 0.118 0.01 0.126 0.009 0.004 0.005 0.033 0.124 0.169 0.004 0.004 0.046 0.037 0.223 0.004 0.053 0.189 0.652 0.006 0.012 0.195 0.113 0.014 0.004 0.533 0.882 1 0.723 0.005 0.581 0.005 0.205 0.145 0.001 0.473 0.759 0.191 0.005 0 0.134 0.017 0.576 0.483 0.559 0.189 0.005 0.227 0.473 0.006 0.004 0.006 0.009 0.238
0.004 0.008 0.007 0.01 0.002 0.014 0.007 0.002 0.062 0.005 0.005 0.177 0.007 0.016 0.018 0 0 0.007 0.11 0.008 0.619 0.041 0.185 0.005 0.064 0.013 0.183 0.014 0.006 0.007 0.003 0.069 0.115 0.006 0.006 0.059 0.051 0.16 0.006 0.068 0.141 0.832 0.008 0.013 0.213 0.152 0.032 0.005 0.633 0.793 0.723 1 0.007 0.744 0.007 0.153 0.121 0.004 0.481 0.628 0.143 0.007 0.001 0.186 0.023 0.54 0.585 0.672 0.138 0.007 0.165 0.59 0.008 0.005 0.008 0.012 0.178
0.005 0.008 0.007 0.01 0 0.032 0.008 0.003 0.013 0.003 0.001 0.002 0.031 0.025 0.022 0.002 0.002 0 0 0.026 0.004 0.002 0.006 0.004 0.005 0.002 0.001 0.032 0.006 0.004 0.004 0.001 0 0.003 0.028 0.008 0.006 0.001 0.001 0 0.006 0.005 0.001 0.002 0.015 0.002 0.001 0.744 0.008 0.005 0.005 0.007 1 0.008 0.001 0.001 0.001 0.001 0.008 0.007 0.001 0.001 0.001 0.003 0.003 0.007 0.009 0.008 0.001 0.002 0.002 0.007 0.001 0.001 0.674 0.049 0.001
0.032 0.033 0.042 0 0.003 0 0.005 0 0.019 0.001 0 0.156 0.008 0 0 0.017 0.015 0.009 0.087 0.003 0.509 0.06 0.115 0 0.021 0.017 0.146 0 0.001 0.002 0.001 0.023 0.058 0.007 0 0.02 0.063 0.092 0.013 0.085 0.224 0.664 0.009 0.06 0.236 0.189 0.048 0.006 0.808 0.637 0.581 0.744 0.008 1 0.008 0.119 0.102 0.083 0.665 0.77 0.115 0.009 0.002 0.301 0.029 0.781 0.767 0.865 0.131 0.009 0.211 0.793 0.01 0.006 0.01 0.015 0.149
0.015 0.02 0.019 0.003 0.006 0.139 0.223 0.003 0.005 0.003 0.001 0 0.001 0.023 0.026 0.004 0.004 0.001 0.001 0.023 0 0.003 0.001 0.007 0.008 0.002 0.002 0.16 0.046 0.037 0.007 0.022 0.014 0.001 0.156 0.008 0.006 0.011 0.002 0.003 0.025 0.006 0.001 0.318 0.004 0.019 0.005 0.001 0.063 0.006 0.005 0.007 0.001 0.008 1 0.001 0.001 0.001 0.07 0.007 0.001 0.001 0.695 0.003 0.003 0.007 0.064 0.008 0.001 0.001 0.002 0.007 0.001 0.752 0.001 0.002 0.001
0.044 0.054 0.052 0.017 0.004 0.003 0.002 0.004 0.028 0.004 0.002 0 0.001 0.009 0.007 0.005 0.005 0.001 0.001 0.015 0.16 0.009 0.047 0.009 0.027 0.002 0.002 0.003 0.001 0.001 0.009 0.028 0.036 0.001 0.001 0.008 0.006 0.043 0.002 0.011 0.05 0.156 0.001 0.003 0.052 0.021 0.013 0.001 0.109 0.186 0.205 0.153 0.001 0.119 0.001 1 0.001 0.001 0.107 0.156 0.002 0.001 0.001 0.002 0.004 0.149 0.101 0.128 0.001 0.001 0.334 0.046 0.001 0.001 0.001 0.002 0.001
0.012 0.01 0.011 0.025 0.004 0.003 0.001 0.002 0.02 0.001 0.002 0.357 0.001 0.014 0.014 0.005 0.005 0.001 0.001 0.014 0.121 0.007 0.037 0.008 0.021 0.002 0 0.003 0.001 0.001 0.009 0.021 0.032 0.001 0.001 0.01 0.008 0.039 0.002 0.011 0.038 0.124 0.001 0.003 0.021 0.024 0.002 0.001 0.073 0.13 0.145 0.121 0.001 0.102 0.001 0.001 1 0.001 0.101 0.13 0.413 0.001 0.001 0.001 0.004 0.099 0.07 0.059 0.323 0.001 0 0.059 0.001 0.001 0.001 0.002 0.308
0.016 0.013 0.013 0.002 0.005 0.101 0.163 0.003 0.003 0.002 0.001 0.013 0.001 0.018 0.015 0.004 0.004 0.001 0.001 0.018 0.001 0.008 0 0.006 0.005 0.002 0.001 0.102 0.077 0.113 0.006 0.005 0.002 0.001 0.059 0.007 0.006 0.001 0.001 0.007 0.033 0.003 0.001 0.138 0.001 0.016 0.011 0.001 0.073 0.006 0.001 0.004 0.001 0.083 0.001 0.001 0.001 1 0.081 0.104 0.001 0.001 0.001 0.011 0.002 0.099 0.062 0.073 0.001 0.001 0.036 0.076 0.001 0.001 0.001 0.001 0.001
0.056 0.06 0.071 0 0 0.028 0.072 0.002 0.015 0 0.002 0.141 0.008 0.013 0.009 0.008 0.007 0.009 0.052 0.009 0.353 0.045 0.079 0 0.007 0.017 0.032 0.029 0.014 0.016 0.001 0.004 0.018 0.007 0.031 0.013 0.05 0.038 0.009 0.086 0.246 0.404 0.001 0.231 0.18 0.191 0.041 0.006 0.773 0.426 0.473 0.481 0.008 0.665 0.07 0.107 0.101 0.081 1 0.614 0.114 0.009 0.084 0.131 0.029 0.649 0.786 0.703 0.13 0.009 0.197 0.616 0.01 0.072 0.01 0.015 0.147
0.008 0.007 0.012 0.012 0.012 0.001 0.009 0.024 0.067 0.02 0.011 0.199 0.007 0.01 0.012 0.006 0.006 0.007 0.111 0.004 0.57 0.039 0.169 0.02 0.057 0.013 0.12 0.001 0.002 0.004 0.016 0.061 0.102 0.006 0.001 0.027 0.05 0.147 0.006 0.07 0.249 0.536 0.007 0.031 0.187 0.149 0.029 0.005 0.678 0.741 0.759 0.628 0.007 0.77 0.007 0.156 0.13 0.104 0.614 1 0.146 0.007 0.001 0.209 0.023 0.795 0.636 0.737 0.166 0.007 0.272 0.641 0.008 0.005 0.008 0.012 0.188
0.017 0.014 0.014 0.036 0.006 0.003 0.002 0.004 0.03 0.003 0.002 0.543 0.001 0.008 0.008 0.005 0.005 0.001 0.001 0.013 0.184 0.011 0.054 0.008 0.026 0.002 0.002 0.003 0.001 0.001 0.008 0.026 0.037 0.001 0.001 0.01 0.008 0.044 0.001 0.01 0.046 0.114 0.001 0.002 0.024 0.022 0.009 0.001 0.102 0.174 0.191 0.143 0.001 0.115 0.001 0.002 0.413 0.001 0.114 0.146 1 0.001 0.001 0.003 0.003 0.111 0.08 0.068 0.422 0.001 0 0.08 0.001 0.001 0.001 0.002 0.452
0.003 0.003 0.002 0.013 0.004 0.002 0.002 0.004 0.022 0.003 0.001 0.002 0 0.005 0.004 0.004 0.005 0.001 0.001 0.008 0.005 0.001 0.005 0.005 0.017 0.036 0.002 0.002 0.001 0.001 0.007 0.021 0.03 0.001 0.001 0.008 0.007 0.026 0.001 0.009 0.019 0.006 0.001 0.002 0 0.02 0.054 0.001 0.01 0.006 0.005 0.007 0.001 0.009 0.001 0.001 0.001 0.001 0.009 0.007 0.001 1 0.001 0.003 0.003 0.007 0.009 0.008 0.001 0.001 0.002 0.007 0.001 0 0.001 0.002 0.001
0.023 0.03 0.028 0.004 0.006 0.179 0.284 0.003 0.014 0.003 0.001 0 0.001 0.041 0.044 0.004 0.004 0.001 0.001 0.041 0 0.009 0.006 0.004 0.019 0.002 0.002 0.192 0.045 0.036 0.004 0.035 0.014 0.001 0.143 0.008 0.006 0.011 0.001 0.009 0.033 0.001 0.001 0.281 0.003 0.019 0.013 0.001 0.075 0.001 0 0.001 0.001 0.002 0.695 0.001 0.001 0.001 0.084 0.001 0.001 0.001 1 0 0.003 0.001 0.078 0.002 0.001 0.001 0.001 0.001 0.001 0.657 0.001 0.002 0.001
0 0.001 0 0.005 0 0.001 0 0.011 0.004 0.01 0.005 0 0.003 0 0 0.004 0.004 0.003 0.27 0.003 0.178 0.015 0.046 0.001 0.008 0.004 0.449 0.001 0.002 0 0.002 0.01 0.014 0.002 0.004 0 0.019 0.03 0.004 0.028 0.094 0.154 0.003 0.056 0.053 0.062 0.032 0.002 0.271 0.204 0.134 0.186 0.003 0.301 0.003 0.002 0.001 0.011 0.131 0.209 0.003 0.003 0 1 0.009 0.264 0.269 0.317 0.004 0.003 0.005 0.315 0.003 0.002 0.003 0.005 0.003
0.01 0.033 0.034 0.068 0.013 0.009 0.006 0.005 0.081 0.003 0.004 0.006 0.003 0.03 0.019 0.007 0.007 0.003 0.004 0.029 0.017 0.018 0.042 0.015 0.005 0.195 0.005 0.009 0.002 0.003 0.016 0.005 0 0.002 0.002 0.018 0.014 0.058 0.003 0.253 0.046 0.02 0.003 0.007 0.055 0.148 0.03 0.002 0.032 0.019 0.017 0.023 0.003 0.029 0.003 0.004 0.004 0.002 0.029 0.023 0.003 0.003 0.003 0.009 1 0.024 0.03 0.028 0.004 0.003 0.006 0.024 0.003 0.002 0.003 0 0.004
0.02 0.02 0.028 0.001 0.001 0.001 0.008 0.025 0.029 0.021 0.012 0.135 0.007 0.002 0.002 0 0 0.002 0.1 0.001 0.486 0.042 0.131 0.004 0.034 0.014 0.117 0 0.002 0.003 0.005 0.037 0.071 0.006 0.001 0.011 0.052 0.11 0.007 0.073 0.251 0.455 0.008 0.077 0.159 0.156 0.033 0.005 0.686 0.641 0.576 0.54 0.007 0.781 0.007 0.149 0.099 0.099 0.649 0.795 0.111 0.007 0.001 0.264 0.024 1 0.646 0.749 0.158 0.007 0.26 0.693 0.008 0.005 0.008 0.013 0.151
0.039 0.052 0.057 0 0 0.024 0.066 0.003 0.011 0.001 0.002 0.132 0.009 0.004 0.003 0.004 0.004 0.009 0.082 0.01 0.476 0.064 0.092 0.001 0.012 0.018 0.138 0.026 0.012 0.014 0.001 0.009 0.034 0.008 0.029 0.027 0.066 0.062 0.013 0.09 0.268 0.511 0.01 0.198 0.161 0.2 0.058 0.006 0.855 0.535 0.483 0.585 0.009 0.767 0.064 0.101 0.07 0.062 0.786 0.636 0.08 0.009 0.078 0.269 0.03 0.646 1 0.748 0.124 0.009 0.204 0.673 0.01 0.066 0.01 0.015 0.111
0.025 0.026 0.034 0.001 0.001 0 0.003 0.002 0.025 0 0.001 0.112 0.008 0 0 0.01 0.009 0.008 0.09 0.001 0.474 0.041 0.127 0 0.027 0.016 0.152 0 0.001 0.002 0 0.03 0.056 0.007 0 0.011 0.048 0.09 0.008 0.082 0.229 0.574 0.001 0.056 0.206 0.182 0.035 0.006 0.731 0.616 0.559 0.672 0.008 0.865 0.008 0.128 0.059 0.073 0.703 0.737 0.068 0.008 0.002 0.317 0.028 0.749 0.748 1 0.083 0.009 0.223 0.846 0.01 0.006 0.009 0.014 0.101
0.006 0.004 0.004 0.016 0.005 0.003 0.002 0.002 0.023 0.001 0.002 0.312 0.001 0.015 0.015 0.005 0.006 0.001 0 0.015 0.162 0.007 0.052 0.009 0.023 0.002 0 0.004 0.001 0.001 0.009 0.024 0.034 0.001 0.001 0.01 0.008 0.041 0.002 0.012 0.042 0.114 0.001 0.003 0.023 0.025 0.011 0.001 0.098 0.17 0.189 0.138 0.001 0.131 0.001 0.001 0.323 0.001 0.13 0.166 0.422 0.001 0.001 0.004 0.004 0.158 0.124 0.083 1 0.001 0.002 0.085 0.001 0.001 0.001 0.002 0.505
0.005 0.008 0.008 0.015 0.006 0 0.002 0.003 0.019 0.002 0.001 0.002 0.001 0.008 0.006 0.003 0.004 0.001 0.001 0.007 0.005 0.002 0.008 0.007 0.01 0.004 0.002 0 0.001 0.001 0.008 0.01 0.005 0.625 0.001 0.009 0.007 0.012 0.001 0.07 0.022 0.006 0.001 0.002 0.017 0.029 0.006 0.003 0.01 0.006 0.005 0.007 0.002 0.009 0.001 0.001 0.001 0.001 0.009 0.007 0.001 0.001 0.001 0.003 0.003 0.007 0.009 0.009 0.001 1 0.002 0.007 0.001 0.001 0.001 0.002 0.001
0.057 0.057 0.069 0.012 0.004 0.006 0.016 0.008 0.013 0.006 0.003 0.008 0.002 0 0 0.003 0.003 0.002 0.003 0 0.139 0.013 0.033 0.007 0.011 0.004 0.003 0.006 0.024 0.019 0.008 0.011 0.031 0.002 0.002 0.01 0.014 0.04 0.003 0.019 0.074 0.153 0.002 0.012 0.054 0.038 0 0.001 0.191 0.205 0.227 0.165 0.002 0.211 0.002 0.334 0 0.036 0.197 0.272 0 0.002 0.001 0.005 0.006 0.26 0.204 0.223 0.002 0.002 1 0.149 0.002 0.001 0.002 0.003 0.004
0.018 0.019 0.027 0.001 0.003 0 0.004 0 0.014 0 0.001 0.108 0.007 0.001 0 0.016 0.015 0.007 0.105 0.004 0.4 0.045 0.095 0.001 0.018 0.014 0.176 0 0.002 0.003 0 0.02 0.049 0.006 0.001 0.011 0.052 0.079 0.007 0.07 0.195 0.506 0.008 0.064 0.176 0.157 0.061 0.005 0.679 0.535 0.473 0.59 0.007 0.793 0.007 0.046 0.059 0.076 0.616 0.641 0.08 0.007 0.001 0.315 0.024 0.693 0.673 0.846 0.085 0.007 0.149 1 0.008 0.005 0.008 0.013 0.118
0.003 0.001 0.002 0.006 0.001 0.003 0.002 0.006 0.004 0 0.002 0.002 0.001 0.001 0 0.003 0.005 0.001 0.001 0 0.006 0.027 0.009 0 0.002 0.002 0.002 0.003 0.001 0.001 0 0.001 0.031 0.001 0.001 0.094 0.117 0.026 0.001 0.01 0.033 0.007 0.001 0.002 0.045 0.051 0.015 0.001 0.011 0.007 0.006 0.008 0.001 0.01 0.001 0.001 0.001 0.001 0.01 0.008 0.001 0.001 0.001 0.003 0.003 0.008 0.01 0.01 0.001 0.001 0.002 0.008 1 0.001 0.001 0.002 0.001
0.016 0.021 0.02 0.005 0.005 0.131 0.207 0.003 0.007 0.002 0.001 0 0.001 0.024 0.028 0.003 0.003 0.001 0.001 0.024 0 0.007 0.004 0.005 0.01 0.001 0.001 0.153 0.012 0.009 0.005 0.027 0.019 0.001 0.206 0.006 0.004 0.016 0.001 0.007 0.029 0.004 0.001 0.309 0.006 0.015 0.009 0 0.065 0.004 0.004 0.005 0.001 0.006 0.752 0.001 0.001 0.001 0.072 0.005 0.001 0 0.657 0.002 0.002 0.005 0.066 0.006 0.001 0.001 0.001 0.005 0.001 1 0.001 0.001 0.001
0.01 0.014 0.013 0.008 0 0.06 0.034 0.004 0.011 0.003 0.001 0.002 0.025 0.033 0.03 0.003 0.003 0 0.001 0.035 0.005 0 0.004 0.002 0.005 0.002 0.001 0.061 0.054 0.044 0.005 0 0.003 0.001 0.023 0.009 0.007 0.006 0.001 0.001 0.009 0.006 0.001 0.002 0.017 0.007 0.001 0.51 0.01 0.006 0.006 0.008 0.674 0.01 0.001 0.001 0.001 0.001 0.01 0.008 0.001 0.001 0.001 0.003 0.003 0.008 0.01 0.009 0.001 0.001 0.002 0.008 0.001 0.001 1 0.058 0.001
0.007 0.005 0.005 0.01 0.006 0.001 0.002 0.006 0.006 0.005 0.003 0.003 0.013 0.002 0.003 0.008 0.008 0.002 0 0.003 0.008 0.03 0.002 0.007 0.002 0.003 0.002 0.001 0 0 0.013 0.007 0.005 0.001 0.001 0 0.002 0.008 0.017 0 0.018 0.01 0.011 0.004 0.014 0 0.014 0.021 0.016 0.009 0.009 0.012 0.049 0.015 0.002 0.002 0.002 0.001 0.015 0.012 0.002 0.002 0.002 0.005 0 0.013 0.015 0.014 0.002 0.002 0.003 0.013 0.002 0.001 0.058 1 0.002
0.001 0 0 0.011 0.006 0.003 0.002 0.002 0.032 0.002 0.002 0.281 0.001 0.017 0.017 0.006 0.006 0.001 0 0.017 0.203 0.008 0.069 0.01 0.032 0.003 0.001 0.004 0.001 0.001 0.011 0.032 0.046 0.001 0.001 0.012 0.009 0.055 0.002 0.013 0.054 0.149 0.001 0.003 0.059 0.029 0.013 0.001 0.126 0.215 0.238 0.178 0.001 0.149 0.001 0.001 0.308 0.001 0.147 0.188 0.452 0.001 0.001 0.003 0.004 0.151 0.111 0.101 0.505 0.001 0.004 0.118 0.001 0.001 0.001 0.002 1
