1 0.797 0.836 0.448 0.329 0.202 0.17 0.251 0.311 0.211 0.119 0.021 0.023 0.497 0.474 0.238 0.223 0.049 0.04 0.517 0.007 0.132 0.138 0.296 0.297 0.005 0.044 0.178 0.06 0.055 0.267 0.248 0.134 0.001 0.053 0.045 0.038 0.119 0.017 0.013 0.077 0.002 0.004 0.065 0.021 0.013 0.043 0.018 0.006 0.016 0.014 0.005 0.016 0 0.017 0.05 0.002 0.006 0.006 0.003 0.007 0.005 0.012 0.04 0.001 0.001 0.004 0 0.001 0.001 0.03 0.001 0.001 0.019 0.011 0.006 0
0.797 1 0.913 0.39 0.343 0.231 0.194 0.287 0.256 0.241 0.136 0.018 0.026 0.612 0.582 0.251 0.237 0.056 0.035 0.562 0.004 0.12 0.116 0.312 0.26 0.021 0.039 0.204 0.068 0.063 0.292 0.22 0.114 0.01 0.063 0.049 0.048 0.089 0.015 0.047 0.089 0 0.014 0.063 0.029 0.002 0.025 0.022 0.01 0.011 0.01 0.002 0.02 0 0.022 0.058 0.001 0.007 0.01 0.002 0.006 0.007 0.015 0.037 0.011 0 0.008 0 0 0.014 0.028 0.001 0.001 0.024 0.014 0.004 0
0.836 0.913 1 0.439 0.397 0.236 0.198 0.295 0.295 0.247 0.141 0.018 0.027 0.604 0.575 0.289 0.273 0.057 0.034 0.622 0.003 0.113 0.109 0.354 0.305 0.021 0.038 0.208 0.07 0.064 0.321 0.254 0.138 0.01 0.064 0.06 0.05 0.111 0.015 0.041 0.103 0 0.014 0.079 0.038 0.004 0.032 0.022 0.015 0.01 0.009 0.002 0.02 0.001 0.023 0.059 0.001 0.007 0.015 0.001 0.006 0.004 0.016 0.033 0.011 0 0.012 0.001 0 0.013 0.036 0 0 0.024 0.015 0.004 0
0.448 0.39 0.439 1 0.205 0.105 0.085 0.152 0.804 0.128 0.073 0.035 0.014 0.278 0.283 0.154 0.142 0.031 0.067 0.3 0.034 0.248 0.317 0.185 0.642 0.001 0.072 0.089 0.036 0.032 0.155 0.582 0.344 0.042 0.02 0.005 0.004 0.397 0.029 0.229 0 0.024 0.028 0.031 0.001 0.249 0.162 0.012 0.006 0.059 0.056 0.035 0.011 0.016 0.005 0.028 0.002 0.001 0.004 0.031 0.011 0.012 0.004 0.074 0.065 0.018 0.005 0.018 0.002 0.04 0.012 0.023 0 0.007 0.002 0.011 0.001
0.329 0.343 0.397 0.205 1 0.019 0.016 0.571 0.25 0.515 0.275 0.008 0.002 0.446 0.407 0.581 0.568 0.13 0.015 0.456 0.028 0.066 0.12 0.776 0.246 0.009 0.017 0.018 0.006 0.006 0.69 0.211 0.147 0.006 0.009 0.202 0.172 0.132 0.007 0.032 0.036 0.005 0.007 0.001 0.067 0.055 0.041 0.001 0.009 0.028 0.027 0.006 0.001 0.007 0.008 0.006 0.001 0.005 0.011 0.024 0.002 0.002 0.006 0.021 0.002 0.018 0.013 0.006 0.001 0.006 0 0.003 0 0.007 0.003 0.007 0.001
0.202 0.231 0.236 0.105 0.019 1 0.839 0.013 0.126 0.011 0.006 0.004 0.114 0.234 0.224 0.013 0.015 0.003 0.008 0.219 0.019 0.017 0.046 0.022 0.111 0.005 0.009 0.888 0.296 0.283 0.02 0.087 0.047 0.001 0.313 0.023 0.021 0.032 0.004 0.002 0.024 0.02 0.004 0.292 0.026 0.018 0.011 0.093 0.028 0.021 0.02 0.024 0.09 0 0.153 0.004 0.001 0.064 0.03 0 0.001 0.003 0.107 0.014 0.007 0 0.027 0.001 0.001 0.003 0.001 0.009 0.001 0.149 0.09 0.002 0.001
0.17 0.194 0.198 0.085 0.016 0.839 1 0.011 0.115 0.009 0.005 0.004 0.001 0.211 0.202 0.011 0.012 0.002 0.007 0.194 0.016 0.017 0.042 0.018 0.099 0.004 0.008 0.771 0.353 0.338 0.017 0.075 0.039 0.003 0.375 0.019 0.018 0.025 0.003 0.017 0.044 0.016 0.003 0.354 0.018 0.04 0.009 0.091 0.044 0.017 0.016 0.02 0.088 0 0.186 0.003 0.002 0.079 0.047 0 0.001 0.002 0.131 0.011 0.006 0.001 0.043 0 0.001 0.003 0.001 0.006 0.001 0.181 0.093 0.001 0.002
0.251 0.287 0.295 0.152 0.571 0.013 0.011 1 0.165 0.84 0.477 0.005 0.001 0.293 0.28 0.837 0.773 0.003 0.01 0.314 0.017 0.044 0.077 0.554 0.172 0.006 0.011 0.012 0.004 0.004 0.536 0.164 0.112 0.004 0.006 0.305 0.32 0.106 0.004 0.022 0.083 0.001 0.004 0.008 0.14 0.131 0.051 0.001 0.007 0.022 0.021 0.001 0.003 0.006 0.005 0.004 0 0.003 0.008 0.029 0.002 0.004 0.004 0.019 0.001 0.026 0.008 0.005 0 0.003 0.004 0.003 0.001 0.004 0.005 0.006 0
0.311 0.256 0.295 0.804 0.25 0.126 0.115 0.165 1 0.138 0.082 0.031 0.016 0.359 0.351 0.168 0.156 0.035 0.048 0.368 0.113 0.235 0.444 0.213 0.756 0.001 0.052 0.119 0.04 0.036 0.173 0.683 0.425 0.047 0.032 0.009 0.007 0.487 0.026 0.259 0.001 0.072 0.026 0.037 0.01 0.287 0.211 0.024 0.026 0.127 0.122 0.083 0.022 0.05 0.007 0.025 0.001 0.002 0.021 0.075 0.01 0.015 0.007 0.078 0.074 0.057 0.025 0.052 0.003 0.045 0.008 0.058 0 0.009 0.007 0.005 0.002
0.211 0.241 0.247 0.128 0.515 0.011 0.009 0.84 0.138 1 0.568 0.004 0.001 0.243 0.232 0.683 0.639 0.003 0.009 0.261 0.013 0.037 0.063 0.459 0.142 0.005 0.009 0.01 0.003 0.003 0.443 0.135 0.091 0.003 0.005 0.23 0.239 0.087 0.004 0.018 0.06 0 0.004 0.007 0.11 0.095 0.046 0.001 0.003 0.018 0.017 0 0.003 0.002 0.004 0.004 0 0.003 0.004 0.024 0.001 0.003 0.003 0.016 0 0.021 0.004 0.002 0 0.003 0.003 0.001 0.002 0.004 0.004 0.005 0
0.119 0.136 0.141 0.073 0.275 0.006 0.005 0.477 0.082 0.568 1 0.003 0.001 0.15 0.143 0.424 0.417 0.002 0.005 0.161 0.011 0.021 0.042 0.279 0.089 0.003 0.005 0.006 0.002 0.002 0.278 0.089 0.059 0.001 0.003 0.127 0.127 0.06 0.002 0.009 0.028 0 0.002 0.004 0.07 0.052 0.032 0.001 0.001 0.014 0.013 0 0.001 0.001 0.002 0.002 0.002 0.002 0.002 0.018 0.001 0.002 0.001 0.009 0.004 0.016 0.002 0.001 0.002 0.001 0.002 0 0.001 0.002 0.002 0.003 0.002
0.021 0.018 0.018 0.035 0.008 0.004 0.004 0.005 0.031 0.004 0.003 1 0 0.009 0.004 0.005 0.006 0.001 0.003 0.004 0.172 0.014 0.042 0.009 0.028 0.002 0.004 0.004 0.001 0.001 0.001 0.017 0.026 0.001 0.001 0.01 0.009 0.029 0.001 0.009 0.055 0.087 0.001 0 0.033 0.02 0.01 0.001 0.08 0.106 0.061 0.088 0.001 0.075 0.001 0 0.18 0.11 0.054 0.083 0.299 0.001 0.003 0.008 0.003 0.048 0.077 0.066 0.068 0.001 0.004 0.05 0.001 0.002 0.002 0.002 0.087
0.023 0.026 0.027 0.014 0.002 0.114 0.001 0.001 0.016 0.001 0.001 0 1 0.029 0.027 0.001 0.002 0 0.001 0.031 0.002 0.004 0.008 0.002 0.017 0.001 0.001 0.122 0 0 0.002 0.017 0.012 0.004 0.001 0.003 0.003 0.011 0 0.055 0.009 0.003 0 0.001 0.007 0.023 0.006 0.005 0.004 0.003 0.003 0.003 0.005 0.004 0.001 0 0 0 0.004 0.003 0 0 0 0.002 0.001 0.003 0.004 0.004 0 0 0 0.003 0 0 0.002 0.002 0
0.497 0.612 0.604 0.278 0.446 0.234 0.211 0.293 0.359 0.243 0.15 0.009 0.029 1 0.93 0.319 0.302 0.064 0.032 0.757 0.065 0.086 0.193 0.447 0.369 0.017 0.035 0.224 0.074 0.078 0.382 0.307 0.199 0.009 0.071 0.082 0.07 0.169 0.014 0.039 0.054 0.036 0.01 0.087 0.007 0.008 0.036 0.034 0 0.07 0.074 0.037 0.033 0.013 0.026 0.013 0.004 0.016 0 0.03 0.004 0.006 0.023 0.039 0.012 0.021 0.001 0.012 0.004 0.013 0.001 0.019 0 0.028 0.023 0.001 0.003
0.474 0.582 0.575 0.283 0.407 0.224 0.202 0.28 0.351 0.232 0.143 0.004 0.027 0.93 1 0.305 0.288 0.061 0.033 0.732 0.058 0.089 0.188 0.427 0.366 0.011 0.036 0.214 0.071 0.075 0.372 0.317 0.208 0.009 0.087 0.078 0.067 0.186 0.015 0.029 0.048 0.045 0.008 0.1 0.006 0.012 0.036 0.032 0 0.082 0.086 0.047 0.031 0.019 0.037 0.013 0.004 0.015 0 0.038 0.004 0.006 0.035 0.041 0.009 0.028 0.001 0.018 0.004 0.011 0.005 0.026 0 0.04 0.021 0.001 0.003
0.238 0.251 0.289 0.154 0.581 0.013 0.011 0.837 0.168 0.683 0.424 0.005 0.001 0.319 0.305 1 0.834 0.003 0.01 0.342 0.024 0.045 0.088 0.567 0.19 0.006 0.011 0.012 0.004 0.004 0.549 0.182 0.126 0.004 0.006 0.315 0.269 0.12 0.004 0.017 0.076 0.002 0.005 0 0.132 0.115 0.044 0.001 0.003 0.03 0.029 0.003 0.003 0.002 0.005 0.005 0.004 0.004 0.004 0.022 0.002 0.004 0.004 0.013 0.001 0.017 0.005 0.002 0.004 0.004 0.001 0.001 0.001 0.004 0.005 0.006 0.004
0.223 0.237 0.273 0.142 0.568 0.015 0.012 0.773 0.156 0.639 0.417 0.006 0.002 0.302 0.288 0.834 1 0.004 0.012 0.385 0.027 0.05 0.1 0.642 0.214 0.007 0.013 0.014 0.004 0.005 0.623 0.193 0.133 0.004 0.007 0.347 0.303 0.126 0.005 0.02 0.091 0.002 0.005 0 0.154 0.128 0.052 0.002 0.003 0.027 0.026 0.002 0.003 0.002 0.006 0.005 0.005 0.004 0.004 0.021 0.002 0.004 0.004 0.011 0.002 0.016 0.005 0.002 0.005 0.004 0.002 0 0.002 0.005 0.005 0.007 0.005
0.049 0.056 0.057 0.031 0.13 0.003 0.002 0.003 0.035 0.003 0.002 0.001 0 0.064 0.061 0.003 0.004 1 0.002 0.069 0.005 0.009 0.018 0.122 0.037 0.001 0.002 0.002 0.001 0.001 0.118 0.037 0.027 0.001 0.001 0.006 0.006 0.025 0.001 0.005 0.019 0.006 0.001 0.002 0.016 0.007 0 0 0.009 0.005 0.005 0.006 0 0.008 0.001 0.001 0.001 0.001 0.009 0.007 0 0.001 0.001 0.003 0 0.005 0.009 0.008 0.001 0.001 0.001 0.006 0 0.001 0 0.001 0
0.04 0.035 0.034 0.067 0.015 0.008 0.007 0.01 0.048 0.009 0.005 0.003 0.001 0.032 0.033 0.01 0.012 0.002 1 0.03 0.427 0.028 0.117 0.017 0.054 0.004 0.908 0.008 0.002 0.003 0.017 0.049 0.047 0.003 0.004 0.019 0.017 0.074 0.003 0.013 0.097 0.334 0.003 0.006 0.057 0.034 0.035 0.002 0.195 0.311 0.335 0.279 0.002 0.236 0.004 0.003 0.001 0.002 0.173 0.254 0.001 0.002 0.003 0.488 0.005 0.208 0.197 0.234 0.001 0.003 0.003 0.226 0 0.003 0.003 0.004 0.001
0.517 0.562 0.622 0.3 0.456 0.219 0.194 0.314 0.368 0.261 0.161 0.004 0.031 0.757 0.732 0.342 0.385 0.069 0.03 1 0.044 0.126 0.212 0.55 0.469 0.018 0.024 0.237 0.08 0.074 0.487 0.377 0.236 0.008 0.074 0.093 0.08 0.201 0.012 0.035 0.081 0.017 0.013 0.093 0.024 0.015 0.075 0.037 0.002 0.049 0.056 0.021 0.035 0.008 0.028 0.013 0.012 0.024 0 0.023 0.005 0.006 0.024 0.019 0.011 0.021 0 0.009 0.012 0.012 0.003 0.013 0 0.03 0.026 0.002 0.011
0.007 0.004 0.003 0.034 0.028 0.019 0.016 0.017 0.113 0.013 0.011 0.172 0.002 0.065 0.058 0.024 0.027 0.005 0.427 0.044 1 0.064 0.27 0.039 0.123 0.009 0.441 0.018 0.006 0.006 0.027 0.091 0.111 0.007 0 0.044 0.04 0.146 0.007 0.035 0.233 0.66 0.005 0.001 0.167 0.083 0.035 0.004 0.463 0.661 0.614 0.569 0.004 0.484 0 0.16 0.026 0.015 0.373 0.521 0.07 0.005 0.001 0.367 0.013 0.413 0.462 0.474 0.027 0.006 0.1 0.434 0.002 0 0.007 0.007 0.042
0.132 0.12 0.113 0.248 0.066 0.017 0.017 0.044 0.235 0.037 0.021 0.014 0.004 0.086 0.089 0.045 0.05 0.009 0.028 0.126 0.064 1 0.448 0.071 0.209 0.017 0.025 0.033 0.01 0.011 0.062 0.194 0.031 0.012 0.017 0.04 0.039 0.036 0.054 0.065 0.013 0.037 0.071 0.011 0.009 0.025 0.131 0.004 0.037 0.016 0.013 0.02 0.003 0.025 0.002 0.008 0 0.01 0.027 0.018 0.005 0 0.004 0.007 0.019 0.013 0.04 0.02 0 0.011 0.011 0.015 0.005 0.005 0.002 0.037 0
0.138 0.116 0.109 0.317 0.12 0.046 0.042 0.077 0.444 0.063 0.042 0.042 0.008 0.193 0.188 0.088 0.1 0.018 0.117 0.212 0.27 0.448 1 0.14 0.426 0.033 0.128 0.065 0.021 0.022 0.112 0.362 0.149 0.024 0.012 0.001 0.001 0.192 0.021 0.131 0.076 0.196 0.035 0.013 0.055 0.119 0.025 0.011 0.122 0.255 0.241 0.199 0.009 0.151 0.001 0.048 0.012 0 0.103 0.184 0.019 0.003 0.001 0.146 0.04 0.15 0.112 0.154 0.013 0.023 0.021 0.154 0.001 0.002 0 0.01 0.026
0.296 0.312 0.354 0.185 0.776 0.022 0.018 0.554 0.213 0.459 0.279 0.009 0.002 0.447 0.427 0.567 0.642 0.122 0.017 0.55 0.039 0.071 0.14 1 0.294 0.01 0.019 0.02 0.006 0.007 0.864 0.245 0.166 0.007 0.01 0.233 0.204 0.154 0.007 0.04 0.034 0.009 0.008 0.003 0.072 0.059 0.045 0 0.015 0.042 0.04 0.01 0 0.011 0.009 0.007 0.007 0.006 0.017 0.037 0.003 0.002 0.004 0.016 0.003 0.029 0.019 0.011 0.007 0.007 0.003 0.007 0 0.008 0.001 0.008 0.006
0.297 0.26 0.305 0.642 0.246 0.111 0.099 0.172 0.756 0.142 0.089 0.028 0.017 0.369 0.366 0.19 0.214 0.037 0.054 0.469 0.123 0.209 0.426 0.294 1 0.033 0.06 0.131 0.044 0.04 0.263 0.825 0.559 0.036 0.036 0.022 0.018 0.49 0.015 0.171 0 0.082 0.022 0.043 0.006 0.251 0.173 0.019 0.028 0.142 0.135 0.092 0.016 0.068 0.009 0.022 0.015 0.002 0.031 0.098 0.009 0.013 0.009 0.075 0.017 0.08 0.036 0.071 0.016 0.034 0.012 0.081 0 0.011 0.005 0.001 0.021
0.005 0.021 0.021 0.001 0.009 0.005 0.004 0.006 0.001 0.005 0.003 0.002 0.001 0.017 0.011 0.006 0.007 0.001 0.004 0.018 0.009 0.017 0.033 0.01 0.033 1 0.004 0.005 0.001 0.002 0.01 0.033 0.045 0.002 0.002 0.012 0.011 0.002 0.002 0.038 0.025 0.011 0.003 0.004 0.009 0.007 0.004 0.001 0.01 0.004 0.004 0.006 0.001 0.007 0.002 0.002 0.002 0.001 0.01 0.006 0.001 0.062 0.002 0.001 0.099 0.005 0.01 0.008 0.002 0.002 0.002 0.006 0.001 0.002 0.002 0.002 0.002
0.044 0.039 0.038 0.072 0.017 0.009 0.008 0.011 0.052 0.009 0.005 0.004 0.001 0.035 0.036 0.011 0.013 0.002 0.908 0.024 0.441 0.025 0.128 0.019 0.06 0.004 1 0.008 0.003 0.003 0.019 0.054 0.055 0.003 0.004 0.021 0.019 0.082 0.003 0.014 0.1 0.351 0.003 0.007 0.06 0.038 0.034 0.002 0.204 0.328 0.347 0.293 0.002 0.248 0.004 0.002 0.002 0.002 0.155 0.262 0.001 0.002 0.003 0.508 0.006 0.194 0.205 0.245 0.002 0.003 0.003 0.24 0.001 0.004 0.003 0.004 0.002
0.178 0.204 0.208 0.089 0.018 0.888 0.771 0.012 0.119 0.01 0.006 0.004 0.122 0.224 0.214 0.012 0.014 0.002 0.008 0.237 0.018 0.033 0.065 0.02 0.131 0.005 0.008 1 0.318 0.304 0.02 0.107 0.063 0.001 0.344 0.023 0.02 0.046 0.003 0.001 0.035 0.018 0.003 0.347 0.022 0.016 0.021 0.101 0.04 0.019 0.018 0.022 0.097 0.002 0.191 0.003 0.003 0.071 0.029 0.001 0.001 0.003 0.128 0.013 0.006 0 0.026 0.003 0.003 0.003 0.001 0.015 0.001 0.186 0.097 0.002 0.003
0.06 0.068 0.07 0.036 0.006 0.296 0.353 0.004 0.04 0.003 0.002 0.001 0 0.074 0.071 0.004 0.004 0.001 0.002 0.08 0.006 0.01 0.021 0.006 0.044 0.001 0.003 0.318 1 0.938 0.006 0.017 0.01 0.001 0.167 0.007 0.007 0.009 0.001 0.006 0.014 0.007 0.001 0.125 0.019 0.014 0.004 0.031 0.014 0.007 0.007 0.008 0.03 0.01 0.168 0.001 0.001 0.001 0.011 0.009 0 0.001 0.229 0.005 0.002 0.008 0.011 0.01 0.001 0.001 0.001 0.008 0 0.134 0.069 0.001 0.001
0.055 0.063 0.064 0.032 0.006 0.283 0.338 0.004 0.036 0.003 0.002 0.001 0 0.078 0.075 0.004 0.005 0.001 0.003 0.074 0.006 0.011 0.022 0.007 0.04 0.002 0.003 0.304 0.938 1 0.007 0.015 0.012 0.001 0.162 0.005 0.004 0.01 0.001 0.006 0.016 0.007 0.001 0.121 0.02 0.011 0.004 0.029 0.013 0.007 0.007 0.009 0.028 0.009 0.157 0.001 0.001 0 0.01 0.009 0 0.001 0.216 0.004 0.002 0.008 0.01 0.01 0.001 0.001 0.001 0.008 0 0.126 0.065 0.001 0.001
0.267 0.292 0.321 0.155 0.69 0.02 0.017 0.536 0.173 0.443 0.278 0.001 0.002 0.382 0.372 0.549 0.623 0.118 0.017 0.487 0.027 0.062 0.112 0.864 0.263 0.01 0.019 0.02 0.006 0.007 1 0.266 0.185 0.007 0.01 0.262 0.233 0.173 0.007 0.041 0.052 0.004 0.008 0.003 0.094 0.07 0.054 0.002 0.01 0.031 0.029 0.005 0.003 0.006 0.009 0.007 0.007 0.006 0.017 0.027 0.003 0.006 0.004 0.009 0.003 0.03 0.013 0.006 0.007 0.007 0.003 0.007 0 0.008 0.006 0.01 0.007
0.248 0.22 0.254 0.582 0.211 0.087 0.075 0.164 0.683 0.135 0.089 0.017 0.017 0.307 0.317 0.182 0.193 0.037 0.049 0.377 0.091 0.194 0.362 0.245 0.825 0.033 0.054 0.107 0.017 0.015 0.266 1 0.686 0.036 0.072 0.029 0.026 0.61 0.023 0.178 0.003 0.09 0.024 0.099 0.003 0.277 0.222 0.018 0.014 0.151 0.145 0.099 0.014 0.07 0.051 0.022 0.011 0.002 0.014 0.101 0.009 0.019 0.054 0.083 0.017 0.083 0.023 0.073 0.016 0.034 0.012 0.083 0 0.06 0 0.006 0.016
0.134 0.114 0.138 0.344 0.147 0.047 0.039 0.112 0.425 0.091 0.059 0.026 0.012 0.199 0.208 0.126 0.133 0.027 0.047 0.236 0.111 0.031 0.149 0.166 0.559 0.045 0.055 0.063 0.01 0.012 0.185 0.686 1 0.025 0.045 0.238 0.239 0.83 0.032 0.113 0.039 0.102 0.023 0.071 0.001 0.368 0.207 0.007 0.029 0.161 0.151 0.117 0.005 0.095 0.035 0.031 0.021 0 0.028 0.122 0.012 0.026 0.035 0.074 0.007 0.099 0.043 0.094 0.022 0.023 0.022 0.105 0.005 0.044 0.001 0.009 0.028
0.001 0.01 0.01 0.042 0.006 0.001 0.003 0.004 0.047 0.003 0.001 0.001 0.004 0.009 0.009 0.004 0.004 0.001 0.003 0.008 0.007 0.012 0.024 0.007 0.036 0.002 0.003 0.001 0.001 0.001 0.007 0.036 0.025 1 0.002 0.008 0.008 0.033 0.001 0.164 0.025 0.007 0.001 0.003 0.021 0.069 0.018 0.003 0.013 0.007 0.007 0.009 0.002 0.01 0.002 0.001 0.001 0.001 0.012 0.009 0 0.001 0.001 0.005 0.002 0.009 0.013 0.01 0.001 0.763 0.001 0.009 0 0.001 0.001 0.002 0.001
0.053 0.063 0.064 0.02 0.009 0.313 0.375 0.006 0.032 0.005 0.003 0.001 0.001 0.071 0.087 0.006 0.007 0.001 0.004 0.074 0 0.017 0.012 0.01 0.036 0.002 0.004 0.344 0.167 0.162 0.01 0.072 0.045 0.002 1 0.012 0.011 0.048 0.002 0.01 0.064 0.011 0.002 0.301 0.018 0.024 0.026 0.167 0.043 0.011 0.011 0.013 0.162 0.008 0.377 0.002 0.002 0.003 0.043 0.007 0.001 0.001 0.285 0.006 0.003 0.006 0.039 0.011 0.002 0.002 0.002 0.006 0.001 0.449 0.096 0.003 0.002
0.045 0.049 0.06 0.005 0.202 0.023 0.019 0.305 0.009 0.23 0.127 0.01 0.003 0.082 0.078 0.315 0.347 0.006 0.019 0.093 0.044 0.04 0.001 0.233 0.022 0.012 0.021 0.023 0.007 0.005 0.262 0.029 0.238 0.008 0.012 1 0.916 0.225 0.008 0.05 0.238 0.037 0.106 0.002 0.171 0.218 0.025 0.004 0.046 0.038 0.035 0.045 0.005 0.034 0.011 0.007 0.007 0.007 0.04 0.03 0.003 0.007 0.008 0.015 0.006 0.024 0.048 0.031 0.007 0.008 0.003 0.025 0.013 0.009 0.009 0.005 0.007
0.038 0.048 0.05 0.004 0.172 0.021 0.018 0.32 0.007 0.239 0.127 0.009 0.003 0.07 0.067 0.269 0.303 0.006 0.017 0.08 0.04 0.039 0.001 0.204 0.018 0.011 0.019 0.02 0.007 0.004 0.233 0.026 0.239 0.008 0.011 0.916 1 0.219 0.008 0.046 0.227 0.033 0.116 0.014 0.152 0.243 0.022 0.003 0.062 0.034 0.031 0.041 0.005 0.05 0.009 0.007 0.007 0.006 0.054 0.044 0.003 0.006 0.006 0.018 0.005 0.039 0.06 0.046 0.007 0.008 0.006 0.041 0.014 0.007 0.008 0.007 0.006
0.119 0.089 0.111 0.397 0.132 0.032 0.025 0.106 0.487 0.087 0.06 0.029 0.011 0.169 0.186 0.12 0.126 0.025 0.074 0.201 0.146 0.036 0.192 0.154 0.49 0.002 0.082 0.046 0.009 0.01 0.173 0.61 0.83 0.033 0.048 0.225 0.219 1 0.035 0.204 0.023 0.132 0.02 0.073 0 0.46 0.244 0.011 0.043 0.205 0.194 0.15 0.008 0.12 0.032 0.034 0.024 0 0.043 0.154 0.013 0.014 0.031 0.105 0.053 0.128 0.061 0.119 0.024 0.033 0.024 0.13 0.004 0.04 0 0.01 0.031
0.017 0.015 0.015 0.029 0.007 0.004 0.003 0.004 0.026 0.004 0.002 0.001 0 0.014 0.015 0.004 0.005 0.001 0.003 0.012 0.007 0.054 0.021 0.007 0.015 0.002 0.003 0.003 0.001 0.001 0.007 0.023 0.032 0.001 0.002 0.008 0.008 0.035 1 0.006 0.013 0.001 0.001 0.003 0.007 0.014 0.026 0.001 0.002 0 0 0 0.001 0.004 0.001 0.001 0.001 0.001 0.002 0.001 0 0.001 0.001 0 0.001 0 0.005 0.001 0.001 0.001 0.001 0.001 0 0.001 0.001 0.019 0.001
0.013 0.047 0.041 0.229 0.032 0.002 0.017 0.022 0.259 0.018 0.009 0.009 0.055 0.039 0.029 0.017 0.02 0.005 0.013 0.035 0.035 0.065 0.131 0.04 0.171 0.038 0.014 0.001 0.006 0.006 0.041 0.178 0.113 0.164 0.01 0.05 0.046 0.204 0.006 1 0.158 0.043 0.007 0.015 0.102 0.405 0.094 0 0.075 0.048 0.046 0.052 0 0.062 0.009 0.007 0.007 0.006 0.074 0.061 0.003 0.006 0.008 0.031 0.22 0.055 0.075 0.062 0.007 0.162 0.007 0.053 0.003 0.008 0.005 0 0.007
0.077 0.089 0.103 0 0.036 0.024 0.044 0.083 0.001 0.06 0.028 0.055 0.009 0.054 0.048 0.076 0.091 0.019 0.097 0.081 0.233 0.013 0.076 0.034 0 0.025 0.1 0.035 0.014 0.016 0.052 0.003 0.039 0.025 0.064 0.238 0.227 0.023 0.013 0.158 1 0.211 0.044 0.098 0.381 0.002 0.105 0.004 0.294 0.207 0.194 0.15 0.003 0.178 0.045 0.046 0.012 0.036 0.234 0.208 0.017 0.013 0.042 0.107 0.032 0.177 0.241 0.171 0.005 0.026 0.042 0.138 0.002 0.054 0 0.015 0.01
0.002 0 0 0.024 0.005 0.02 0.016 0.001 0.072 0 0 0.087 0.003 0.036 0.045 0.002 0.002 0.006 0.334 0.017 0.66 0.037 0.196 0.009 0.082 0.011 0.351 0.018 0.007 0.007 0.004 0.09 0.102 0.007 0.011 0.037 0.033 0.132 0.001 0.043 0.211 1 0.008 0.017 0.251 0.111 0.047 0.005 0.585 0.753 0.738 0.828 0.005 0.675 0.011 0.148 0.04 0.006 0.467 0.59 0.056 0.006 0.006 0.385 0.015 0.486 0.549 0.657 0.039 0.008 0.116 0.631 0.002 0.009 0.008 0.01 0.057
0.004 0.014 0.014 0.028 0.007 0.004 0.003 0.004 0.026 0.004 0.002 0.001 0 0.01 0.008 0.005 0.005 0.001 0.003 0.013 0.005 0.071 0.035 0.008 0.022 0.003 0.003 0.003 0.001 0.001 0.008 0.024 0.023 0.001 0.002 0.106 0.116 0.02 0.001 0.007 0.044 0.008 1 0.003 0.002 0.017 0.033 0.001 0.014 0.008 0.008 0.01 0.001 0.011 0.002 0.001 0.001 0.001 0.009 0.01 0 0.001 0.001 0.005 0.002 0.009 0.013 0.007 0.001 0.001 0.001 0.01 0 0.001 0.001 0 0.001
0.065 0.063 0.079 0.031 0.001 0.292 0.354 0.008 0.037 0.007 0.004 0 0.001 0.087 0.1 0 0 0.002 0.006 0.093 0.001 0.011 0.013 0.003 0.043 0.004 0.007 0.347 0.125 0.121 0.003 0.099 0.071 0.003 0.301 0.002 0.014 0.073 0.003 0.015 0.098 0.017 0.003 1 0 0.036 0.039 0.002 0.193 0.017 0.016 0.019 0.002 0.004 0.534 0.003 0.002 0.094 0.166 0.004 0.001 0.002 0.419 0.004 0.005 0.007 0.123 0.002 0.002 0.002 0 0.001 0.001 0.552 0.003 0.001 0.002
0.021 0.029 0.038 0.001 0.067 0.026 0.018 0.14 0.01 0.11 0.07 0.033 0.007 0.007 0.006 0.132 0.154 0.016 0.057 0.024 0.167 0.009 0.055 0.072 0.006 0.009 0.06 0.022 0.019 0.02 0.094 0.003 0.001 0.021 0.018 0.171 0.152 0 0.007 0.102 0.381 0.251 0.002 0 1 0.004 0.076 0.015 0.225 0.248 0.237 0.275 0.014 0.279 0.017 0.053 0.006 0.028 0.181 0.253 0.009 0.002 0.009 0.134 0.043 0.211 0.202 0.278 0.003 0.022 0.046 0.261 0.002 0.014 0.023 0.018 0.018
0.013 0.002 0.004 0.249 0.055 0.018 0.04 0.131 0.287 0.095 0.052 0.02 0.023 0.008 0.012 0.115 0.128 0.007 0.034 0.015 0.083 0.025 0.119 0.059 0.251 0.007 0.038 0.016 0.014 0.011 0.07 0.277 0.368 0.069 0.024 0.218 0.243 0.46 0.014 0.405 0.002 0.111 0.017 0.036 0.004 1 0.146 0.002 0.188 0.114 0.109 0.132 0.003 0.154 0.024 0.016 0.016 0.014 0.183 0.141 0.006 0.014 0.018 0.073 0.138 0.129 0.185 0.156 0.016 0.069 0.015 0.133 0.012 0.02 0.014 0.005 0.015
0.043 0.025 0.032 0.162 0.041 0.011 0.009 0.051 0.211 0.046 0.032 0.01 0.006 0.036 0.036 0.044 0.052 0 0.035 0.075 0.035 0.131 0.025 0.045 0.173 0.004 0.034 0.021 0.004 0.004 0.054 0.222 0.207 0.018 0.026 0.025 0.022 0.244 0.026 0.094 0.105 0.047 0.033 0.039 0.076 0.146 1 0.012 0.11 0.047 0.044 0.06 0.009 0.052 0.014 0.005 0 0.014 0.078 0.043 0.005 0.031 0.019 0.041 0.032 0.034 0.074 0.048 0 0.013 0.001 0.042 0.001 0.021 0.002 0.031 0
0.018 0.022 0.022 0.012 0.001 0.093 0.091 0.001 0.024 0.001 0.001 0.001 0.005 0.034 0.032 0.001 0.002 0 0.002 0.037 0.004 0.004 0.011 0 0.019 0.001 0.002 0.101 0.031 0.029 0.002 0.018 0.007 0.003 0.167 0.004 0.003 0.011 0.001 0 0.004 0.005 0.001 0.002 0.015 0.002 0.012 1 0.009 0.005 0.005 0.006 0.898 0.007 0.001 0.001 0.001 0.001 0.009 0.007 0 0.001 0.001 0.004 0 0.006 0.009 0.007 0.001 0.003 0.001 0.006 0 0.001 0.461 0.009 0.001
0.006 0.01 0.015 0.006 0.009 0.028 0.044 0.007 0.026 0.003 0.001 0.08 0.004 0 0 0.003 0.003 0.009 0.195 0.002 0.463 0.037 0.122 0.015 0.028 0.01 0.204 0.04 0.014 0.013 0.01 0.014 0.029 0.013 0.043 0.046 0.062 0.043 0.002 0.075 0.294 0.585 0.014 0.193 0.225 0.188 0.11 0.009 1 0.607 0.579 0.659 0.009 0.688 0.097 0.089 0.018 0.072 0.815 0.626 0.034 0.011 0.085 0.371 0.026 0.557 0.84 0.675 0.019 0.013 0.08 0.593 0.004 0.107 0.014 0.013 0.038
0.016 0.011 0.01 0.059 0.028 0.021 0.017 0.022 0.127 0.018 0.014 0.106 0.003 0.07 0.082 0.03 0.027 0.005 0.311 0.049 0.661 0.016 0.255 0.042 0.142 0.004 0.328 0.019 0.007 0.007 0.031 0.151 0.161 0.007 0.011 0.038 0.034 0.205 0 0.048 0.207 0.753 0.008 0.017 0.248 0.114 0.047 0.005 0.607 1 0.938 0.851 0.006 0.703 0.011 0.147 0.038 0.014 0.497 0.779 0.057 0.006 0.006 0.563 0.016 0.668 0.574 0.706 0.04 0.008 0.116 0.685 0.002 0.009 0.009 0.011 0.069
0.014 0.01 0.009 0.056 0.027 0.02 0.016 0.021 0.122 0.017 0.013 0.061 0.003 0.074 0.086 0.029 0.026 0.005 0.335 0.056 0.614 0.013 0.241 0.04 0.135 0.004 0.347 0.018 0.007 0.007 0.029 0.145 0.151 0.007 0.011 0.035 0.031 0.194 0 0.046 0.194 0.738 0.008 0.016 0.237 0.109 0.044 0.005 0.579 0.938 1 0.822 0.005 0.679 0.011 0.154 0.042 0 0.484 0.757 0.059 0.006 0.005 0.519 0.015 0.639 0.554 0.682 0.043 0.008 0.121 0.657 0.002 0.009 0.008 0.01 0.074
0.005 0.002 0.002 0.035 0.006 0.024 0.02 0.001 0.083 0 0 0.088 0.003 0.037 0.047 0.003 0.002 0.006 0.279 0.021 0.569 0.02 0.199 0.01 0.092 0.006 0.293 0.022 0.008 0.009 0.005 0.099 0.117 0.009 0.013 0.045 0.041 0.15 0 0.052 0.15 0.828 0.01 0.019 0.275 0.132 0.06 0.006 0.659 0.851 0.822 1 0.006 0.775 0.013 0.127 0.043 0.01 0.554 0.693 0.049 0.007 0.007 0.497 0.018 0.596 0.631 0.776 0.043 0.009 0.099 0.739 0.003 0.011 0.01 0.012 0.059
0.016 0.02 0.02 0.011 0.001 0.09 0.088 0.003 0.022 0.003 0.001 0.001 0.005 0.033 0.031 0.003 0.003 0 0.002 0.035 0.004 0.003 0.009 0 0.016 0.001 0.002 0.097 0.03 0.028 0.003 0.014 0.005 0.002 0.162 0.005 0.005 0.008 0.001 0 0.003 0.005 0.001 0.002 0.014 0.003 0.009 0.898 0.009 0.006 0.005 0.006 1 0.008 0.001 0.001 0.001 0.001 0.009 0.007 0 0.001 0.001 0.004 0.002 0.006 0.009 0.008 0.001 0.003 0.001 0.007 0 0.001 0.49 0.018 0.001
0 0 0.001 0.016 0.007 0 0 0.006 0.05 0.002 0.001 0.075 0.004 0.013 0.019 0.002 0.002 0.008 0.236 0.008 0.484 0.025 0.151 0.011 0.068 0.007 0.248 0.002 0.01 0.009 0.006 0.07 0.095 0.01 0.008 0.034 0.05 0.12 0.004 0.062 0.178 0.675 0.011 0.004 0.279 0.154 0.052 0.007 0.688 0.703 0.679 0.775 0.008 1 0.015 0.11 0.071 0.087 0.69 0.892 0.042 0.009 0.009 0.457 0.022 0.806 0.77 0.931 0.103 0.011 0.099 0.809 0.003 0.013 0.012 0.014 0.099
0.017 0.022 0.023 0.005 0.008 0.153 0.186 0.005 0.007 0.004 0.002 0.001 0.001 0.026 0.037 0.005 0.006 0.001 0.004 0.028 0 0.002 0.001 0.009 0.009 0.002 0.004 0.191 0.168 0.157 0.009 0.051 0.035 0.002 0.377 0.011 0.009 0.032 0.001 0.009 0.045 0.011 0.002 0.534 0.017 0.024 0.014 0.001 0.097 0.011 0.011 0.013 0.001 0.015 1 0.002 0.002 0.001 0.099 0.014 0.001 0.001 0.64 0.007 0.003 0.013 0.073 0.016 0.002 0.002 0.002 0.013 0.001 0.84 0.002 0 0.002
0.05 0.058 0.059 0.028 0.006 0.004 0.003 0.004 0.025 0.004 0.002 0 0 0.013 0.013 0.005 0.005 0.001 0.003 0.013 0.16 0.008 0.048 0.007 0.022 0.002 0.002 0.003 0.001 0.001 0.007 0.022 0.031 0.001 0.002 0.007 0.007 0.034 0.001 0.007 0.046 0.148 0.001 0.003 0.053 0.016 0.005 0.001 0.089 0.147 0.154 0.127 0.001 0.11 0.002 1 0 0.001 0.093 0.119 0.003 0.001 0.001 0.003 0.002 0.133 0.092 0.11 0 0.001 0.38 0.101 0 0.001 0.001 0.002 0
0.002 0.001 0.001 0.002 0.001 0.001 0.002 0 0.001 0 0.002 0.18 0 0.004 0.004 0.004 0.005 0.001 0.001 0.012 0.026 0 0.012 0.007 0.015 0.002 0.002 0.003 0.001 0.001 0.007 0.011 0.021 0.001 0.002 0.007 0.007 0.024 0.001 0.007 0.012 0.04 0.001 0.002 0.006 0.016 0 0.001 0.018 0.038 0.042 0.043 0.001 0.071 0.002 0 1 0.001 0.059 0.078 0.318 0.001 0.001 0.005 0.002 0.07 0.054 0.062 0.48 0.001 0.001 0.059 0 0.001 0.001 0.001 0.539
0.006 0.007 0.007 0.001 0.005 0.064 0.079 0.003 0.002 0.003 0.002 0.11 0 0.016 0.015 0.004 0.004 0.001 0.002 0.024 0.015 0.01 0 0.006 0.002 0.001 0.002 0.071 0.001 0 0.006 0.002 0 0.001 0.003 0.007 0.006 0 0.001 0.006 0.036 0.006 0.001 0.094 0.028 0.014 0.014 0.001 0.072 0.014 0 0.01 0.001 0.087 0.001 0.001 0.001 1 0.071 0.095 0 0.001 0.001 0.004 0.002 0.104 0.058 0.075 0.001 0.001 0 0.022 0 0.001 0.001 0.001 0.001
0.006 0.01 0.015 0.004 0.011 0.03 0.047 0.008 0.021 0.004 0.002 0.054 0.004 0 0 0.004 0.004 0.009 0.173 0 0.373 0.027 0.103 0.017 0.031 0.01 0.155 0.029 0.011 0.01 0.017 0.014 0.028 0.012 0.043 0.04 0.054 0.043 0.002 0.074 0.234 0.467 0.009 0.166 0.181 0.183 0.078 0.009 0.815 0.497 0.484 0.554 0.009 0.69 0.099 0.093 0.059 0.071 1 0.652 0.035 0.01 0.087 0.284 0.026 0.647 0.877 0.719 0.087 0.013 0.084 0.642 0.004 0.109 0.014 0.012 0.084
0.003 0.002 0.001 0.031 0.024 0 0 0.029 0.075 0.024 0.018 0.083 0.003 0.03 0.038 0.022 0.021 0.007 0.254 0.023 0.521 0.018 0.184 0.037 0.098 0.006 0.262 0.001 0.009 0.009 0.027 0.101 0.122 0.009 0.007 0.03 0.044 0.154 0.001 0.061 0.208 0.59 0.01 0.004 0.253 0.141 0.043 0.007 0.626 0.779 0.757 0.693 0.007 0.892 0.014 0.119 0.078 0.095 0.652 1 0.045 0.008 0.008 0.484 0.02 0.883 0.709 0.879 0.112 0.01 0.107 0.758 0.003 0.012 0.011 0.013 0.108
0.007 0.006 0.006 0.011 0.002 0.001 0.001 0.002 0.01 0.001 0.001 0.299 0 0.004 0.004 0.002 0.002 0 0.001 0.005 0.07 0.005 0.019 0.003 0.009 0.001 0.001 0.001 0 0 0.003 0.009 0.012 0 0.001 0.003 0.003 0.013 0 0.003 0.017 0.056 0 0.001 0.009 0.006 0.005 0 0.034 0.057 0.059 0.049 0 0.042 0.001 0.003 0.318 0 0.035 0.045 1 0 0 0.002 0.001 0.032 0.03 0.031 0.194 0 0 0.037 0 0.001 0 0.001 0.256
0.005 0.007 0.004 0.012 0.002 0.003 0.002 0.004 0.015 0.003 0.002 0.001 0 0.006 0.006 0.004 0.004 0.001 0.002 0.006 0.005 0 0.003 0.002 0.013 0.062 0.002 0.003 0.001 0.001 0.006 0.019 0.026 0.001 0.001 0.007 0.006 0.014 0.001 0.006 0.013 0.006 0.001 0.002 0.002 0.014 0.031 0.001 0.011 0.006 0.006 0.007 0.001 0.009 0.001 0.001 0.001 0.001 0.01 0.008 0 1 0.001 0.004 0.002 0.007 0.011 0.009 0.001 0.001 0.001 0.008 0 0.001 0.001 0.001 0.001
0.012 0.015 0.016 0.004 0.006 0.107 0.131 0.004 0.007 0.003 0.001 0.003 0 0.023 0.035 0.004 0.004 0.001 0.003 0.024 0.001 0.004 0.001 0.004 0.009 0.002 0.003 0.128 0.229 0.216 0.004 0.054 0.035 0.001 0.285 0.008 0.006 0.031 0.001 0.008 0.042 0.006 0.001 0.419 0.009 0.018 0.019 0.001 0.085 0.006 0.005 0.007 0.001 0.009 0.64 0.001 0.001 0.001 0.087 0.008 0 0.001 1 0.003 0.002 0.007 0.059 0.009 0.001 0.001 0 0.007 0 0.629 0.001 0 0.001
0.04 0.037 0.033 0.074 0.021 0.014 0.011 0.019 0.078 0.016 0.009 0.008 0.002 0.039 0.041 0.013 0.011 0.003 0.488 0.019 0.367 0.007 0.146 0.016 0.075 0.001 0.508 0.013 0.005 0.004 0.009 0.083 0.074 0.005 0.006 0.015 0.018 0.105 0 0.031 0.107 0.385 0.005 0.004 0.134 0.073 0.041 0.004 0.371 0.563 0.519 0.497 0.004 0.457 0.007 0.003 0.005 0.004 0.284 0.484 0.002 0.004 0.003 1 0.01 0.388 0.372 0.454 0.005 0.004 0.005 0.429 0.001 0.006 0.006 0.006 0.001
0.001 0.011 0.011 0.065 0.002 0.007 0.006 0.001 0.074 0 0.004 0.003 0.001 0.012 0.009 0.001 0.002 0 0.005 0.011 0.013 0.019 0.04 0.003 0.017 0.099 0.006 0.006 0.002 0.002 0.003 0.017 0.007 0.002 0.003 0.006 0.005 0.053 0.001 0.22 0.032 0.015 0.002 0.005 0.043 0.138 0.032 0 0.026 0.016 0.015 0.018 0.002 0.022 0.003 0.002 0.002 0.002 0.026 0.02 0.001 0.002 0.002 0.01 1 0.018 0.026 0.022 0.002 0.002 0.002 0.019 0.001 0.003 0.003 0.001 0.002
0.001 0 0 0.018 0.018 0 0.001 0.026 0.057 0.021 0.016 0.048 0.003 0.021 0.028 0.017 0.016 0.005 0.208 0.021 0.413 0.013 0.15 0.029 0.08 0.005 0.194 0 0.008 0.008 0.03 0.083 0.099 0.009 0.006 0.024 0.039 0.128 0 0.055 0.177 0.486 0.009 0.007 0.211 0.129 0.034 0.006 0.557 0.668 0.639 0.596 0.006 0.806 0.013 0.133 0.07 0.104 0.647 0.883 0.032 0.007 0.007 0.388 0.018 1 0.638 0.794 0.123 0.009 0.12 0.71 0.003 0.011 0.01 0.012 0.1
0.004 0.008 0.012 0.005 0.013 0.027 0.043 0.008 0.025 0.004 0.002 0.077 0.004 0.001 0.001 0.005 0.005 0.009 0.197 0 0.462 0.04 0.112 0.019 0.036 0.01 0.205 0.026 0.011 0.01 0.013 0.023 0.043 0.013 0.039 0.048 0.06 0.061 0.005 0.075 0.241 0.549 0.013 0.123 0.202 0.185 0.074 0.009 0.84 0.574 0.554 0.631 0.009 0.77 0.073 0.092 0.054 0.058 0.877 0.709 0.03 0.011 0.059 0.372 0.026 0.638 1 0.77 0.086 0.013 0.083 0.664 0.004 0.079 0.014 0.011 0.078
0 0 0.001 0.018 0.006 0.001 0 0.005 0.052 0.002 0.001 0.066 0.004 0.012 0.018 0.002 0.002 0.008 0.234 0.009 0.474 0.02 0.154 0.011 0.071 0.008 0.245 0.003 0.01 0.01 0.006 0.073 0.094 0.01 0.011 0.031 0.046 0.119 0.001 0.062 0.171 0.657 0.007 0.002 0.278 0.156 0.048 0.007 0.675 0.706 0.682 0.776 0.008 0.931 0.016 0.11 0.062 0.075 0.719 0.879 0.031 0.009 0.009 0.454 0.022 0.794 0.77 1 0.091 0.011 0.099 0.837 0.003 0.013 0.012 0.013 0.088
0.001 0 0 0.002 0.001 0.001 0.001 0 0.003 0 0.002 0.068 0 0.004 0.004 0.004 0.005 0.001 0.001 0.012 0.027 0 0.013 0.007 0.016 0.002 0.002 0.003 0.001 0.001 0.007 0.016 0.022 0.001 0.002 0.007 0.007 0.024 0.001 0.007 0.005 0.039 0.001 0.002 0.003 0.016 0 0.001 0.019 0.04 0.043 0.043 0.001 0.103 0.002 0 0.48 0.001 0.087 0.112 0.194 0.001 0.001 0.005 0.002 0.123 0.086 0.091 1 0.001 0.001 0.09 0 0.001 0.001 0.001 0.468
0.001 0.014 0.013 0.04 0.006 0.003 0.003 0.003 0.045 0.003 0.001 0.001 0 0.013 0.011 0.004 0.004 0.001 0.003 0.012 0.006 0.011 0.023 0.007 0.034 0.002 0.003 0.003 0.001 0.001 0.007 0.034 0.023 0.763 0.002 0.008 0.008 0.033 0.001 0.162 0.026 0.008 0.001 0.002 0.022 0.069 0.013 0.003 0.013 0.008 0.008 0.009 0.003 0.011 0.002 0.001 0.001 0.001 0.013 0.01 0 0.001 0.001 0.004 0.002 0.009 0.013 0.011 0.001 1 0.001 0.009 0 0.001 0.001 0.002 0.001
0.03 0.028 0.036 0.012 0 0.001 0.001 0.004 0.008 0.003 0.002 0.004 0 0.001 0.005 0.001 0.002 0.001 0.003 0.003 0.1 0.011 0.021 0.003 0.012 0.002 0.003 0.001 0.001 0.001 0.003 0.012 0.022 0.001 0.002 0.003 0.006 0.024 0.001 0.007 0.042 0.116 0.001 0 0.046 0.015 0.001 0.001 0.08 0.116 0.121 0.099 0.001 0.099 0.002 0.38 0.001 0 0.084 0.107 0 0.001 0 0.005 0.002 0.12 0.083 0.099 0.001 0.001 1 0.105 0 0.001 0.001 0.001 0
0.001 0.001 0 0.023 0.003 0.009 0.006 0.003 0.058 0.001 0 0.05 0.003 0.019 0.026 0.001 0 0.006 0.226 0.013 0.434 0.015 0.154 0.007 0.081 0.006 0.24 0.015 0.008 0.008 0.007 0.083 0.105 0.009 0.006 0.025 0.041 0.13 0.001 0.053 0.138 0.631 0.01 0.001 0.261 0.133 0.042 0.006 0.593 0.685 0.657 0.739 0.007 0.809 0.013 0.101 0.059 0.022 0.642 0.758 0.037 0.008 0.007 0.429 0.019 0.71 0.664 0.837 0.09 0.009 0.105 1 0.004 0.011 0.01 0.012 0.104
0.001 0.001 0 0 0 0.001 0.001 0.001 0 0.002 0.001 0.001 0 0 0 0.001 0.002 0 0 0 0.002 0.005 0.001 0 0 0.001 0.001 0.001 0 0 0 0 0.005 0 0.001 0.013 0.014 0.004 0 0.003 0.002 0.002 0 0.001 0.002 0.012 0.001 0 0.004 0.002 0.002 0.003 0 0.003 0.001 0 0 0 0.004 0.003 0 0 0 0.001 0.001 0.003 0.004 0.003 0 0 0 0.004 1 0.001 0.001 0.001 0
0.019 0.024 0.024 0.007 0.007 0.149 0.181 0.004 0.009 0.004 0.002 0.002 0 0.028 0.04 0.004 0.005 0.001 0.003 0.03 0 0.005 0.002 0.008 0.011 0.002 0.004 0.186 0.134 0.126 0.008 0.06 0.044 0.001 0.449 0.009 0.007 0.04 0.001 0.008 0.054 0.009 0.001 0.552 0.014 0.02 0.021 0.001 0.107 0.009 0.009 0.011 0.001 0.013 0.84 0.001 0.001 0.001 0.109 0.012 0.001 0.001 0.629 0.006 0.003 0.011 0.079 0.013 0.001 0.001 0.001 0.011 0.001 1 0.002 0 0.001
0.011 0.014 0.015 0.002 0.003 0.09 0.093 0.005 0.007 0.004 0.002 0.002 0.002 0.023 0.021 0.005 0.005 0 0.003 0.026 0.007 0.002 0 0.001 0.005 0.002 0.003 0.097 0.069 0.065 0.006 0 0.001 0.001 0.096 0.009 0.008 0 0.001 0.005 0 0.008 0.001 0.003 0.023 0.014 0.002 0.461 0.014 0.009 0.008 0.01 0.49 0.012 0.002 0.001 0.001 0.001 0.014 0.011 0 0.001 0.001 0.006 0.003 0.01 0.014 0.012 0.001 0.001 0.001 0.01 0.001 0.002 1 0.039 0.001
0.006 0.004 0.004 0.011 0.007 0.002 0.001 0.006 0.005 0.005 0.003 0.002 0.002 0.001 0.001 0.006 0.007 0.001 0.004 0.002 0.007 0.037 0.01 0.008 0.001 0.002 0.004 0.002 0.001 0.001 0.01 0.006 0.009 0.002 0.003 0.005 0.007 0.01 0.019 0 0.015 0.01 0 0.001 0.018 0.005 0.031 0.009 0.013 0.011 0.01 0.012 0.018 0.014 0 0.002 0.001 0.001 0.012 0.013 0.001 0.001 0 0.006 0.001 0.012 0.011 0.013 0.001 0.002 0.001 0.012 0.001 0 0.039 1 0.001
0 0 0 0.001 0.001 0.001 0.002 0 0.002 0 0.002 0.087 0 0.003 0.003 0.004 0.005 0 0.001 0.011 0.042 0 0.026 0.006 0.021 0.002 0.002 0.003 0.001 0.001 0.007 0.016 0.028 0.001 0.002 0.007 0.006 0.031 0.001 0.007 0.01 0.057 0.001 0.002 0.018 0.015 0 0.001 0.038 0.069 0.074 0.059 0.001 0.099 0.002 0 0.539 0.001 0.084 0.108 0.256 0.001 0.001 0.001 0.002 0.1 0.078 0.088 0.468 0.001 0 0.104 0 0.001 0.001 0.001 1
