1 0.85 0.887 0.451 0.312 0.228 0.148 0.219 0.26 0.195 0.089 0.027 0.052 0.526 0.516 0.196 0.209 0.034 0.033 0.538 0 0.132 0.084 0.26 0.273 0.017 0.037 0.178 0.07 0.06 0.217 0.203 0.106 0.001 0.065 0.041 0.024 0.077 0.006 0.019 0.099 0 0.008 0.078 0.02 0 0.05 0.008 0.027 0.002 0.001 0 0.004 0.005 0.019 0.043 0.006 0.015 0.02 0.002 0.012 0.007 0.029 0.009 0.031 0.004 0.011 0.003 0.001 0 0.032 0.006 0.006 0.016 0.003 0.011 0.005
0.85 1 0.936 0.438 0.293 0.267 0.174 0.257 0.239 0.228 0.104 0.023 0.061 0.552 0.532 0.197 0.214 0.041 0.028 0.558 0 0.115 0.072 0.243 0.259 0.033 0.031 0.212 0.082 0.072 0.232 0.211 0.114 0.001 0.078 0.044 0.036 0.08 0.004 0.029 0.111 0 0.011 0.069 0.022 0 0.043 0.011 0.026 0.001 0 0 0.006 0.003 0.025 0.051 0.005 0.006 0.018 0.001 0.01 0.02 0.036 0.013 0.036 0.002 0.016 0.002 0.001 0.001 0.039 0.003 0.005 0.021 0.006 0.008 0.003
0.887 0.936 1 0.47 0.352 0.256 0.167 0.246 0.266 0.218 0.099 0.024 0.059 0.6 0.578 0.221 0.237 0.039 0.029 0.61 0 0.119 0.078 0.296 0.29 0.034 0.033 0.202 0.078 0.068 0.249 0.216 0.117 0.001 0.074 0.053 0.032 0.082 0.005 0.032 0.114 0 0.012 0.09 0.025 0 0.038 0.01 0.031 0.002 0.001 0 0.006 0.005 0.023 0.049 0.005 0.006 0.023 0.002 0.01 0.006 0.034 0.007 0.038 0.004 0.019 0.004 0.001 0.001 0.038 0.006 0.005 0.02 0.005 0.008 0.004
0.451 0.438 0.47 1 0.182 0.111 0.068 0.122 0.738 0.108 0.049 0.048 0.029 0.272 0.266 0.118 0.122 0.028 0.061 0.283 0.018 0.269 0.279 0.145 0.578 0 0.065 0.078 0.039 0.031 0.121 0.507 0.295 0.023 0.023 0.005 0.001 0.343 0.015 0.206 0 0.025 0.027 0.035 0.002 0.186 0.151 0 0.001 0.04 0.034 0.029 0 0.009 0.005 0.021 0.007 0 0.002 0.013 0.021 0.02 0.013 0.034 0.042 0.009 0.003 0.011 0.005 0.024 0.012 0.007 0.002 0.004 0.001 0.021 0.011
0.312 0.293 0.352 0.182 1 0.032 0.021 0.587 0.233 0.543 0.238 0.009 0.007 0.418 0.397 0.581 0.63 0.109 0.01 0.415 0.026 0.062 0.106 0.784 0.227 0.013 0.012 0.032 0.01 0.011 0.679 0.17 0.126 0 0.012 0.245 0.175 0.089 0 0.035 0.037 0.018 0.007 0.001 0.057 0.036 0.018 0.006 0.015 0.027 0.024 0.013 0.005 0.006 0.011 0.007 0 0.008 0.013 0.015 0.004 0 0.009 0.003 0.014 0.011 0.013 0.006 0 0 0.005 0.004 0.001 0.009 0.007 0.009 0.003
0.228 0.267 0.256 0.111 0.032 1 0.65 0.02 0.12 0.018 0.008 0.006 0.229 0.241 0.233 0.021 0.023 0.005 0.008 0.248 0.025 0.017 0.049 0.034 0.125 0.009 0.009 0.825 0.305 0.287 0.033 0.106 0.058 0.006 0.299 0.032 0.029 0.052 0.004 0.002 0.013 0.026 0.005 0.25 0.05 0.01 0.029 0.067 0.026 0.028 0.026 0.031 0.049 0.003 0.131 0.006 0.003 0.059 0.013 0.002 0.003 0.006 0.152 0.01 0.01 0.002 0.01 0.007 0.003 0 0 0.005 0.002 0.119 0.053 0 0.006
0.148 0.174 0.167 0.068 0.021 0.65 1 0.013 0.103 0.012 0.005 0.004 0.003 0.193 0.187 0.014 0.015 0.003 0.005 0.198 0.016 0.022 0.047 0.022 0.104 0.006 0.006 0.621 0.469 0.444 0.022 0.081 0.041 0.002 0.464 0.021 0.019 0.038 0.003 0.024 0.068 0.017 0.003 0.404 0.028 0.055 0.026 0.06 0.077 0.018 0.017 0.019 0.043 0 0.212 0.004 0.002 0.099 0.048 0 0.002 0.004 0.241 0.005 0.007 0 0.042 0.001 0.002 0.003 0 0 0.001 0.192 0.052 0 0.004
0.219 0.257 0.246 0.122 0.587 0.02 0.013 1 0.146 0.888 0.404 0.006 0.005 0.258 0.249 0.728 0.785 0.004 0.008 0.267 0.015 0.039 0.065 0.514 0.147 0.008 0.009 0.02 0.006 0.007 0.511 0.126 0.09 0 0.008 0.321 0.323 0.066 0 0.021 0.075 0.008 0.004 0.012 0.105 0.112 0.031 0.003 0.017 0.018 0.016 0.005 0.004 0.01 0.007 0.005 0 0.005 0.015 0.024 0.003 0.005 0.005 0.014 0.009 0.024 0.015 0.009 0 0 0.006 0.008 0 0.006 0.006 0.006 0.001
0.26 0.239 0.266 0.738 0.233 0.12 0.103 0.146 1 0.129 0.061 0.039 0.036 0.382 0.368 0.142 0.149 0.034 0.04 0.386 0.127 0.247 0.456 0.185 0.746 0.001 0.043 0.117 0.048 0.04 0.159 0.675 0.439 0.028 0.043 0.014 0.006 0.508 0.011 0.257 0.002 0.113 0.029 0.048 0.016 0.254 0.213 0.004 0.027 0.143 0.134 0.115 0.001 0.058 0.009 0.034 0.004 0.001 0.031 0.073 0.017 0.015 0.02 0.038 0.054 0.063 0.032 0.066 0.008 0.03 0.02 0.052 0.001 0.008 0.001 0.008 0.02
0.195 0.228 0.218 0.108 0.543 0.018 0.012 0.888 0.129 1 0.456 0.005 0.004 0.227 0.219 0.624 0.689 0.004 0.007 0.234 0.012 0.035 0.056 0.447 0.129 0.007 0.008 0.018 0.006 0.006 0.444 0.107 0.076 0.001 0.007 0.261 0.257 0.054 0.001 0.017 0.058 0.005 0.004 0.011 0.08 0.089 0.041 0.003 0.013 0.015 0.013 0.003 0.004 0.007 0.006 0.005 0 0.004 0.011 0.02 0.002 0.005 0.005 0.012 0.007 0.02 0.011 0.006 0.001 0 0.005 0.005 0 0.005 0.005 0.006 0
0.089 0.104 0.099 0.049 0.238 0.008 0.005 0.404 0.061 0.456 1 0.002 0.002 0.115 0.112 0.364 0.352 0.002 0.003 0.119 0.01 0.016 0.032 0.202 0.067 0.003 0.004 0.008 0.003 0.003 0.203 0.072 0.05 0.006 0.003 0.125 0.108 0.05 0.002 0.003 0.024 0.002 0.002 0.005 0.029 0.053 0.028 0.001 0.002 0.011 0.01 0 0.002 0.001 0.003 0.002 0.002 0.002 0.002 0.013 0.001 0.002 0.002 0.005 0.004 0.013 0.002 0.001 0.001 0.005 0.002 0.001 0.001 0.002 0.002 0.003 0.003
0.027 0.023 0.024 0.048 0.009 0.006 0.004 0.006 0.039 0.005 0.002 1 0.001 0.013 0.012 0.006 0.006 0.001 0.002 0.013 0.189 0.007 0.066 0.009 0.035 0.003 0.002 0.006 0.002 0.002 0.007 0.03 0.03 0.001 0.001 0.004 0.003 0.035 0.001 0.011 0.053 0.126 0.001 0.002 0.045 0.017 0.013 0.001 0.089 0.151 0.124 0.129 0.001 0.108 0.001 0 0.241 0.038 0.086 0.118 0.435 0.002 0 0 0.003 0.099 0.092 0.082 0.166 0.001 0.003 0.085 0.001 0 0.001 0.002 0.218
0.052 0.061 0.059 0.029 0.007 0.229 0.003 0.005 0.036 0.004 0.002 0.001 1 0.068 0.066 0.005 0.005 0.001 0.002 0.07 0.006 0.009 0.019 0.008 0.039 0.002 0.002 0.227 0.001 0.002 0.008 0.042 0.033 0.052 0.002 0.007 0.007 0.029 0.001 0.13 0.026 0.006 0.001 0.003 0.016 0.047 0.016 0.011 0.012 0.007 0.006 0.007 0.01 0.009 0.002 0.001 0.001 0.001 0.011 0.008 0.001 0.001 0.001 0.004 0.002 0.009 0.011 0.009 0.001 0.007 0.001 0.008 0 0.001 0.006 0.003 0.002
0.526 0.552 0.6 0.272 0.418 0.241 0.193 0.258 0.382 0.227 0.115 0.013 0.068 1 0.955 0.281 0.3 0.065 0.016 0.816 0.063 0.102 0.202 0.406 0.427 0.027 0.019 0.252 0.091 0.102 0.345 0.351 0.267 0.002 0.102 0.105 0.074 0.219 0.003 0.018 0.075 0.058 0.005 0.121 0.003 0.01 0.062 0.014 0 0.07 0.072 0.049 0.009 0.012 0.038 0.019 0.013 0.015 0 0.022 0.009 0.004 0.058 0.006 0.032 0.017 0 0.012 0.011 0.001 0.007 0.011 0.003 0.034 0.008 0.004 0.023
0.516 0.532 0.578 0.266 0.397 0.233 0.187 0.249 0.368 0.219 0.112 0.012 0.066 0.955 1 0.271 0.289 0.062 0.017 0.82 0.064 0.104 0.204 0.393 0.436 0.026 0.02 0.243 0.088 0.098 0.358 0.344 0.264 0.001 0.103 0.103 0.073 0.217 0.004 0.016 0.068 0.063 0.004 0.12 0.002 0.01 0.056 0.013 0 0.076 0.078 0.054 0.008 0.015 0.039 0.018 0.013 0.014 0 0.026 0.009 0.004 0.06 0.007 0.031 0.02 0.001 0.015 0.012 0 0.01 0.014 0.003 0.036 0.007 0.004 0.024
0.196 0.197 0.221 0.118 0.581 0.021 0.014 0.728 0.142 0.624 0.364 0.006 0.005 0.281 0.271 1 0.842 0.005 0.008 0.29 0.025 0.04 0.08 0.516 0.163 0.009 0.009 0.021 0.006 0.007 0.513 0.141 0.102 0 0.008 0.324 0.223 0.076 0 0.015 0.062 0.015 0.004 0 0.096 0.078 0.022 0.004 0.006 0.029 0.026 0.009 0.005 0.002 0.007 0.005 0.004 0.005 0.005 0.011 0.003 0.005 0.006 0 0.009 0.009 0.005 0.002 0.004 0 0.006 0.001 0 0.006 0.006 0.007 0.007
0.209 0.214 0.237 0.122 0.63 0.023 0.015 0.785 0.149 0.689 0.352 0.006 0.005 0.3 0.289 0.842 1 0.005 0.009 0.338 0.028 0.045 0.09 0.61 0.192 0.01 0.01 0.023 0.007 0.008 0.607 0.164 0.12 0 0.009 0.398 0.295 0.091 0 0.018 0.085 0.015 0.005 0 0.124 0.103 0.032 0.004 0.008 0.029 0.026 0.01 0.005 0.003 0.008 0.006 0.004 0.006 0.007 0.012 0.003 0.006 0.006 0 0.01 0.011 0.007 0.002 0.004 0 0.007 0.001 0.002 0.007 0.007 0.008 0.008
0.034 0.041 0.039 0.028 0.109 0.005 0.003 0.004 0.034 0.004 0.002 0.001 0.001 0.065 0.062 0.005 0.005 1 0 0.061 0.004 0.009 0.015 0.128 0.034 0.002 0.001 0.005 0.001 0.002 0.129 0.036 0.028 0.001 0.002 0.007 0.006 0.025 0.001 0.008 0.021 0.004 0.001 0.003 0.015 0.009 0.001 0.001 0.009 0.004 0.004 0.005 0.001 0.006 0.002 0.001 0.001 0.001 0.008 0.008 0.001 0.001 0.001 0.002 0.002 0.003 0.008 0.006 0.001 0.001 0.001 0.005 0 0.001 0.001 0.002 0.002
0.033 0.028 0.029 0.061 0.01 0.008 0.005 0.008 0.04 0.007 0.003 0.002 0.002 0.016 0.017 0.008 0.009 0 1 0.027 0.324 0.016 0.101 0.013 0.047 0.003 0.901 0.008 0.003 0.003 0.013 0.043 0.05 0.001 0.003 0.013 0.011 0.06 0.002 0.013 0.072 0.281 0.002 0.005 0.021 0.031 0.02 0 0.152 0.261 0.25 0.242 0.001 0.194 0.003 0.002 0.001 0.002 0.101 0.178 0.001 0.002 0.002 0.486 0.004 0.184 0.162 0.197 0.001 0.002 0.002 0.154 0.001 0.002 0.001 0.003 0.002
0.538 0.558 0.61 0.283 0.415 0.248 0.198 0.267 0.386 0.234 0.119 0.013 0.07 0.816 0.82 0.29 0.338 0.061 0.027 1 0.071 0.121 0.236 0.484 0.519 0.029 0.025 0.238 0.094 0.083 0.445 0.391 0.258 0.002 0.085 0.086 0.057 0.209 0.001 0.016 0.052 0.058 0.015 0.107 0.002 0.009 0.06 0.014 0 0.077 0.073 0.054 0.009 0.015 0.027 0.018 0.013 0.011 0.001 0.024 0.009 0.004 0.043 0.01 0.031 0.022 0.002 0.02 0.012 0 0.007 0.014 0.004 0.026 0.008 0.004 0.023
0 0 0 0.018 0.026 0.025 0.016 0.015 0.127 0.012 0.01 0.189 0.006 0.063 0.064 0.025 0.028 0.004 0.324 0.071 1 0.049 0.31 0.04 0.136 0.01 0.34 0.025 0.008 0.009 0.037 0.128 0.157 0.005 0.006 0.039 0.034 0.184 0.005 0.042 0.208 0.764 0.002 0.012 0.147 0.091 0.019 0.003 0.459 0.774 0.733 0.7 0.004 0.561 0.005 0.189 0.071 0.003 0.388 0.572 0.105 0.007 0.003 0.27 0.012 0.549 0.473 0.542 0.091 0.005 0.143 0.49 0.003 0.004 0.005 0.009 0.111
0.132 0.115 0.119 0.269 0.062 0.017 0.022 0.039 0.247 0.035 0.016 0.007 0.009 0.102 0.104 0.04 0.045 0.009 0.016 0.121 0.049 1 0.396 0.065 0.227 0.017 0.014 0.041 0.013 0.014 0.058 0.207 0.046 0.007 0.015 0.023 0.029 0.063 0.053 0.063 0.018 0.047 0.079 0.019 0.005 0.014 0.127 0.001 0.059 0.029 0.026 0.03 0.006 0.045 0.005 0.011 0.004 0.009 0.044 0.04 0.005 0.005 0.011 0.012 0.012 0.04 0.054 0.033 0.004 0.008 0.01 0.039 0.011 0.008 0.011 0.014 0.001
0.084 0.072 0.078 0.279 0.106 0.049 0.047 0.065 0.456 0.056 0.032 0.066 0.019 0.202 0.204 0.08 0.09 0.015 0.101 0.236 0.31 0.396 1 0.129 0.446 0.034 0.112 0.08 0.025 0.028 0.117 0.411 0.211 0.015 0.026 0 0 0.265 0.019 0.13 0.071 0.256 0.047 0.038 0.07 0.096 0.025 0 0.112 0.304 0.292 0.266 0.001 0.173 0.012 0.056 0.02 0 0.104 0.187 0.032 0.013 0.017 0.094 0.029 0.177 0.106 0.186 0.03 0.015 0.039 0.154 0.003 0.014 0.002 0 0.049
0.26 0.243 0.296 0.145 0.784 0.034 0.022 0.514 0.185 0.447 0.202 0.009 0.008 0.406 0.393 0.516 0.61 0.128 0.013 0.484 0.04 0.065 0.129 1 0.271 0.014 0.014 0.033 0.01 0.011 0.882 0.204 0.148 0.006 0.013 0.265 0.195 0.114 0 0.053 0.031 0.027 0.007 0.001 0.056 0.032 0.019 0.005 0.023 0.043 0.039 0.021 0.005 0.012 0.011 0.009 0.006 0.008 0.021 0.025 0.004 0 0.007 0.002 0.015 0.021 0.021 0.011 0.006 0.007 0.01 0.009 0.001 0.009 0.007 0.009 0.011
0.273 0.259 0.29 0.578 0.227 0.125 0.104 0.147 0.746 0.129 0.067 0.035 0.039 0.427 0.436 0.163 0.192 0.034 0.047 0.519 0.136 0.227 0.446 0.271 1 0.05 0.053 0.131 0.053 0.044 0.257 0.808 0.581 0.02 0.048 0.025 0.013 0.483 0.007 0.15 0.001 0.131 0.019 0.054 0.013 0.195 0.163 0.005 0.031 0.161 0.151 0.128 0.002 0.074 0.011 0.032 0.022 0.001 0.039 0.088 0.015 0.013 0.023 0.039 0.002 0.081 0.042 0.083 0.019 0.023 0.022 0.069 0.001 0.009 0.001 0.005 0.04
0.017 0.033 0.034 0 0.013 0.009 0.006 0.008 0.001 0.007 0.003 0.003 0.002 0.027 0.026 0.009 0.01 0.002 0.003 0.029 0.01 0.017 0.034 0.014 0.05 1 0.004 0.009 0.003 0.003 0.014 0.047 0.06 0.001 0.003 0.013 0.012 0.003 0.002 0.04 0.04 0.011 0 0.005 0.024 0.007 0 0.001 0.02 0.011 0.011 0.013 0.002 0.016 0.003 0.002 0.002 0.002 0.019 0.015 0.001 0.183 0.002 0.006 0.129 0.015 0.019 0.016 0.001 0.001 0.003 0.014 0.001 0.002 0.002 0.003 0.003
0.037 0.031 0.033 0.065 0.012 0.009 0.006 0.009 0.043 0.008 0.004 0.002 0.002 0.019 0.02 0.009 0.01 0.001 0.901 0.025 0.34 0.014 0.112 0.014 0.053 0.004 1 0.009 0.003 0.003 0.014 0.048 0.056 0.002 0.003 0.014 0.012 0.067 0.002 0.015 0.073 0.296 0.002 0.006 0.023 0.035 0.019 0 0.159 0.275 0.254 0.254 0.001 0.203 0.003 0.002 0.001 0.001 0.099 0.183 0.001 0.002 0.002 0.514 0.004 0.184 0.169 0.207 0.001 0.002 0.003 0.166 0.001 0.003 0.001 0.003 0.003
0.178 0.212 0.202 0.078 0.032 0.825 0.621 0.02 0.117 0.018 0.008 0.006 0.227 0.252 0.243 0.021 0.023 0.005 0.008 0.238 0.025 0.041 0.08 0.033 0.131 0.009 0.009 1 0.306 0.288 0.033 0.143 0.092 0.006 0.352 0.032 0.024 0.083 0.004 0.003 0.03 0.026 0.005 0.369 0.041 0.01 0.055 0.067 0.053 0.027 0.026 0.03 0.049 0.003 0.25 0.006 0.004 0.059 0.033 0.002 0.003 0.006 0.225 0.01 0.01 0.002 0.029 0.007 0.004 0 0 0.005 0.002 0.231 0.053 0 0.007
0.07 0.082 0.078 0.039 0.01 0.305 0.469 0.006 0.048 0.006 0.003 0.002 0.001 0.091 0.088 0.006 0.007 0.001 0.003 0.094 0.008 0.013 0.025 0.01 0.053 0.003 0.003 0.306 1 0.893 0.01 0.023 0.016 0.001 0.127 0.01 0.009 0.013 0.001 0.011 0.024 0.008 0.001 0.138 0.021 0.025 0.013 0.021 0.021 0.009 0.009 0.01 0.014 0.005 0.164 0.002 0.001 0.003 0.019 0.004 0.001 0.002 0.213 0.005 0.003 0.004 0.016 0.004 0.001 0.001 0.002 0.003 0.001 0.119 0.031 0.001 0.002
0.06 0.072 0.068 0.031 0.011 0.287 0.444 0.007 0.04 0.006 0.003 0.002 0.002 0.102 0.098 0.007 0.008 0.002 0.003 0.083 0.009 0.014 0.028 0.011 0.044 0.003 0.003 0.288 0.893 1 0.011 0.019 0.021 0.001 0.132 0.004 0.003 0.017 0.001 0.013 0.03 0.01 0.002 0.137 0.024 0.018 0.015 0.018 0.02 0.01 0.01 0.011 0.012 0.004 0.144 0.002 0.001 0.008 0.018 0.003 0.001 0.002 0.188 0.003 0.003 0.003 0.015 0.003 0.001 0.001 0.001 0.003 0.001 0.105 0.026 0.002 0.002
0.217 0.232 0.249 0.121 0.679 0.033 0.022 0.511 0.159 0.444 0.203 0.007 0.008 0.345 0.358 0.513 0.607 0.129 0.013 0.445 0.037 0.058 0.117 0.882 0.257 0.014 0.014 0.033 0.01 0.011 1 0.221 0.166 0.006 0.013 0.293 0.22 0.129 0 0.052 0.04 0.025 0.007 0.001 0.068 0.039 0.024 0.006 0.021 0.04 0.036 0.019 0.007 0.011 0.011 0.009 0.006 0.008 0.02 0.023 0.004 0.009 0.006 0.001 0.015 0.021 0.019 0.01 0.006 0.007 0.01 0.009 0.001 0.009 0.009 0.011 0.011
0.203 0.211 0.216 0.507 0.17 0.106 0.081 0.126 0.675 0.107 0.072 0.03 0.042 0.351 0.344 0.141 0.164 0.036 0.043 0.391 0.128 0.207 0.411 0.204 0.808 0.047 0.048 0.143 0.023 0.019 0.221 1 0.719 0.022 0.07 0.034 0.023 0.612 0.009 0.165 0.002 0.126 0.025 0.102 0.006 0.219 0.197 0.006 0.013 0.156 0.146 0.123 0.001 0.061 0.044 0.03 0.011 0.002 0.015 0.075 0.014 0.03 0.049 0.038 0.003 0.069 0.017 0.07 0.018 0.024 0.02 0.057 0 0.045 0 0.007 0.028
0.106 0.114 0.117 0.295 0.126 0.058 0.041 0.09 0.439 0.076 0.05 0.03 0.033 0.267 0.264 0.102 0.12 0.028 0.05 0.258 0.157 0.046 0.211 0.148 0.581 0.06 0.056 0.092 0.016 0.021 0.166 0.719 1 0.017 0.039 0.223 0.199 0.808 0.012 0.114 0.04 0.166 0.018 0.089 0.002 0.368 0.181 0 0.031 0.193 0.181 0.165 0.001 0.103 0.04 0.038 0.026 0.001 0.031 0.114 0.018 0.038 0.036 0.05 0.001 0.106 0.041 0.101 0.023 0.018 0.029 0.098 0.012 0.041 0.005 0.011 0.048
0.001 0.001 0.001 0.023 0 0.006 0.002 0 0.028 0.001 0.006 0.001 0.052 0.002 0.001 0 0 0.001 0.001 0.002 0.005 0.007 0.015 0.006 0.02 0.001 0.002 0.006 0.001 0.001 0.006 0.022 0.017 1 0.001 0.006 0.005 0.023 0.001 0.103 0.02 0.005 0.001 0.002 0.013 0.045 0.013 0 0.009 0.005 0.005 0.006 0.001 0.007 0.001 0.001 0.001 0.001 0.009 0.007 0 0.001 0.001 0.003 0.002 0.007 0.009 0.007 0.001 0.515 0.001 0.006 0 0.001 0.001 0.001 0.001
0.065 0.078 0.074 0.023 0.012 0.299 0.464 0.008 0.043 0.007 0.003 0.001 0.002 0.102 0.103 0.008 0.009 0.002 0.003 0.085 0.006 0.015 0.026 0.013 0.048 0.003 0.003 0.352 0.127 0.132 0.013 0.07 0.039 0.001 1 0.012 0.011 0.048 0.002 0.014 0.072 0.01 0.002 0.331 0.012 0.032 0.028 0.112 0.07 0.011 0.011 0.012 0.084 0 0.301 0.002 0.002 0.053 0.058 0 0.001 0.002 0.323 0.001 0.004 0 0.055 0.003 0.001 0.002 0.002 0 0.001 0.34 0.062 0 0.003
0.041 0.044 0.053 0.005 0.245 0.032 0.021 0.321 0.014 0.261 0.125 0.004 0.007 0.105 0.103 0.324 0.398 0.007 0.013 0.086 0.039 0.023 0 0.265 0.025 0.013 0.014 0.032 0.01 0.004 0.293 0.034 0.223 0.006 0.012 1 0.864 0.192 0.006 0.055 0.282 0.042 0.102 0 0.244 0.24 0.012 0.006 0.039 0.044 0.042 0.045 0.007 0.029 0.007 0.008 0.006 0.008 0.027 0.027 0.004 0.009 0.009 0.004 0.014 0.025 0.037 0.02 0.006 0.006 0.009 0.023 0.022 0.005 0.009 0.009 0.011
0.024 0.036 0.032 0.001 0.175 0.029 0.019 0.323 0.006 0.257 0.108 0.003 0.007 0.074 0.073 0.223 0.295 0.006 0.011 0.057 0.034 0.029 0 0.195 0.013 0.012 0.012 0.024 0.009 0.003 0.22 0.023 0.199 0.005 0.011 0.864 1 0.174 0.005 0.05 0.255 0.037 0.115 0.013 0.204 0.271 0.007 0.005 0.063 0.039 0.037 0.043 0.006 0.054 0.006 0.008 0.006 0.007 0.047 0.05 0.004 0.008 0.004 0.021 0.012 0.05 0.059 0.04 0.005 0.006 0.009 0.048 0.025 0.004 0.008 0.009 0.01
0.077 0.08 0.082 0.343 0.089 0.052 0.038 0.066 0.508 0.054 0.05 0.035 0.029 0.219 0.217 0.076 0.091 0.025 0.06 0.209 0.184 0.063 0.265 0.114 0.483 0.003 0.067 0.083 0.013 0.017 0.129 0.612 0.808 0.023 0.048 0.192 0.174 1 0.031 0.213 0.024 0.19 0.015 0.078 0 0.463 0.216 0.003 0.046 0.229 0.215 0.191 0 0.127 0.034 0.043 0.03 0 0.046 0.143 0.021 0.02 0.032 0.065 0.043 0.135 0.058 0.124 0.026 0.024 0.035 0.12 0.01 0.036 0.001 0.015 0.055
0.006 0.004 0.005 0.015 0 0.004 0.003 0 0.011 0.001 0.002 0.001 0.001 0.003 0.004 0 0 0.001 0.002 0.001 0.005 0.053 0.019 0 0.007 0.002 0.002 0.004 0.001 0.001 0 0.009 0.012 0.001 0.002 0.006 0.005 0.031 1 0.003 0.015 0.004 0.001 0.002 0.006 0.01 0.015 0.001 0.008 0.004 0.004 0.002 0.001 0.007 0.001 0.001 0.001 0.001 0.007 0.005 0.001 0.001 0.001 0.002 0 0.005 0.008 0.006 0.001 0.001 0.001 0.005 0 0.001 0.001 0.015 0.001
0.019 0.029 0.032 0.206 0.035 0.002 0.024 0.021 0.257 0.017 0.003 0.011 0.13 0.018 0.016 0.015 0.018 0.008 0.013 0.016 0.042 0.063 0.13 0.053 0.15 0.04 0.015 0.003 0.011 0.013 0.052 0.165 0.114 0.103 0.014 0.055 0.05 0.213 0.003 1 0.194 0.044 0.008 0.023 0.088 0.381 0.096 0 0.083 0.051 0.049 0.051 0.001 0.065 0.007 0.01 0.007 0.009 0.08 0.065 0.005 0.01 0.01 0.028 0.218 0.065 0.078 0.064 0.006 0.112 0.011 0.057 0.004 0.01 0.002 0 0.012
0.099 0.111 0.114 0 0.037 0.013 0.068 0.075 0.002 0.058 0.024 0.053 0.026 0.075 0.068 0.062 0.085 0.021 0.072 0.052 0.208 0.018 0.071 0.031 0.001 0.04 0.073 0.03 0.024 0.03 0.04 0.002 0.04 0.02 0.072 0.282 0.255 0.024 0.015 0.194 1 0.221 0.032 0.116 0.382 0 0.09 0.001 0.351 0.217 0.202 0.182 0 0.227 0.053 0.049 0.021 0.046 0.296 0.243 0.024 0.029 0.046 0.089 0.048 0.236 0.289 0.219 0.026 0.022 0.052 0.195 0.003 0.053 0.001 0.023 0.019
0 0 0 0.025 0.018 0.026 0.017 0.008 0.113 0.005 0.002 0.126 0.006 0.058 0.063 0.015 0.015 0.004 0.281 0.058 0.764 0.047 0.256 0.027 0.131 0.011 0.296 0.026 0.008 0.01 0.025 0.126 0.166 0.005 0.01 0.042 0.037 0.19 0.004 0.044 0.221 1 0.006 0.017 0.185 0.111 0.027 0.005 0.543 0.867 0.854 0.851 0.006 0.684 0.009 0.183 0.088 0.01 0.468 0.651 0.088 0.007 0.006 0.262 0.013 0.627 0.515 0.664 0.104 0.006 0.158 0.613 0.003 0.008 0.008 0.01 0.116
0.008 0.011 0.012 0.027 0.007 0.005 0.003 0.004 0.029 0.004 0.002 0.001 0.001 0.005 0.004 0.004 0.005 0.001 0.002 0.015 0.002 0.079 0.047 0.007 0.019 0 0.002 0.005 0.001 0.002 0.007 0.025 0.018 0.001 0.002 0.102 0.115 0.015 0.001 0.008 0.032 0.006 1 0.003 0.011 0.017 0.048 0.001 0.011 0.006 0.006 0.007 0.001 0.009 0.002 0.001 0.001 0.001 0.002 0.008 0.001 0.001 0.001 0.003 0.002 0.008 0.01 0.001 0.001 0.001 0.001 0.008 0 0.001 0.001 0 0.002
0.078 0.069 0.09 0.035 0.001 0.25 0.404 0.012 0.048 0.011 0.005 0.002 0.003 0.121 0.12 0 0 0.003 0.005 0.107 0.012 0.019 0.038 0.001 0.054 0.005 0.006 0.369 0.138 0.137 0.001 0.102 0.089 0.002 0.331 0 0.013 0.078 0.002 0.023 0.116 0.017 0.003 1 0.001 0.052 0.045 0.002 0.254 0.018 0.017 0.016 0.003 0.016 0.492 0.003 0.002 0.114 0.196 0.017 0.002 0.003 0.396 0.004 0.006 0.019 0.178 0.008 0.002 0.003 0 0.01 0.001 0.462 0.004 0.005 0.004
0.02 0.022 0.025 0.002 0.057 0.05 0.028 0.105 0.016 0.08 0.029 0.045 0.016 0.003 0.002 0.096 0.124 0.015 0.021 0.002 0.147 0.005 0.07 0.056 0.013 0.024 0.023 0.041 0.021 0.024 0.068 0.006 0.002 0.013 0.012 0.244 0.204 0 0.006 0.088 0.382 0.185 0.011 0.001 1 0.011 0.024 0.012 0.127 0.173 0.168 0.183 0.015 0.19 0.006 0.069 0.044 0.01 0.131 0.184 0.016 0.013 0.005 0.053 0.033 0.161 0.126 0.184 0.022 0.014 0.034 0.179 0.007 0.009 0.019 0.025 0.034
0 0 0 0.186 0.036 0.01 0.055 0.112 0.254 0.089 0.053 0.017 0.047 0.01 0.01 0.078 0.103 0.009 0.031 0.009 0.091 0.014 0.096 0.032 0.195 0.007 0.035 0.01 0.025 0.018 0.039 0.219 0.368 0.045 0.032 0.24 0.271 0.463 0.01 0.381 0 0.111 0.017 0.052 0.011 1 0.129 0.005 0.203 0.117 0.112 0.128 0.007 0.159 0.028 0.022 0.016 0.021 0.195 0.148 0.011 0.022 0.022 0.064 0.119 0.148 0.192 0.157 0.014 0.048 0.025 0.142 0.021 0.024 0.012 0.006 0.028
0.05 0.043 0.038 0.151 0.018 0.029 0.026 0.031 0.213 0.041 0.028 0.013 0.016 0.062 0.056 0.022 0.032 0.001 0.02 0.06 0.019 0.127 0.025 0.019 0.163 0 0.019 0.055 0.013 0.015 0.024 0.197 0.181 0.013 0.028 0.012 0.007 0.216 0.015 0.096 0.09 0.027 0.048 0.045 0.024 0.129 1 0.013 0.085 0.028 0.025 0.032 0.003 0.04 0.018 0.004 0.001 0.018 0.059 0.033 0.009 0.07 0.02 0.014 0.033 0.034 0.063 0.03 0.007 0.007 0.003 0.034 0.005 0.021 0 0.038 0.007
0.008 0.011 0.01 0 0.006 0.067 0.06 0.003 0.004 0.003 0.001 0.001 0.011 0.014 0.013 0.004 0.004 0.001 0 0.014 0.003 0.001 0 0.005 0.005 0.001 0 0.067 0.021 0.018 0.006 0.006 0 0 0.112 0.006 0.005 0.003 0.001 0 0.001 0.005 0.001 0.002 0.012 0.005 0.013 1 0.009 0.005 0.005 0.006 0.781 0.007 0.001 0.001 0.001 0.001 0.008 0.006 0 0.001 0.001 0.003 0.002 0.006 0.008 0.007 0.001 0 0.001 0.006 0 0.001 0.611 0.028 0.001
0.027 0.026 0.031 0.001 0.015 0.026 0.077 0.017 0.027 0.013 0.002 0.089 0.012 0 0 0.006 0.008 0.009 0.152 0 0.459 0.059 0.112 0.023 0.031 0.02 0.159 0.053 0.021 0.02 0.021 0.013 0.031 0.009 0.07 0.039 0.063 0.046 0.008 0.083 0.351 0.543 0.011 0.254 0.127 0.203 0.085 0.009 1 0.578 0.55 0.603 0.011 0.712 0.121 0.108 0.044 0.102 0.841 0.659 0.052 0.013 0.103 0.282 0.024 0.648 0.865 0.659 0.059 0.01 0.126 0.631 0.005 0.117 0.014 0.018 0.093
0.002 0.001 0.002 0.04 0.027 0.028 0.018 0.018 0.143 0.015 0.011 0.151 0.007 0.07 0.076 0.029 0.029 0.004 0.261 0.077 0.774 0.029 0.304 0.043 0.161 0.011 0.275 0.027 0.009 0.01 0.04 0.156 0.193 0.005 0.011 0.044 0.039 0.229 0.004 0.051 0.217 0.867 0.006 0.018 0.173 0.117 0.028 0.005 0.578 1 0.94 0.901 0.006 0.722 0.01 0.188 0.082 0.017 0.501 0.746 0.09 0.008 0.006 0.334 0.014 0.721 0.545 0.706 0.105 0.006 0.173 0.658 0.003 0.008 0.008 0.011 0.169
0.001 0 0.001 0.034 0.024 0.026 0.017 0.016 0.134 0.013 0.01 0.124 0.006 0.072 0.078 0.026 0.026 0.004 0.25 0.073 0.733 0.026 0.292 0.039 0.151 0.011 0.254 0.026 0.009 0.01 0.036 0.146 0.181 0.005 0.011 0.042 0.037 0.215 0.004 0.049 0.202 0.854 0.006 0.017 0.168 0.112 0.025 0.005 0.55 0.94 1 0.859 0.006 0.688 0.009 0.197 0.087 0.005 0.5 0.717 0.094 0.007 0.006 0.298 0.013 0.685 0.518 0.672 0.11 0.006 0.182 0.621 0.003 0.008 0.008 0.01 0.178
0 0 0 0.029 0.013 0.031 0.019 0.005 0.115 0.003 0 0.129 0.007 0.049 0.054 0.009 0.01 0.005 0.242 0.054 0.7 0.03 0.266 0.021 0.128 0.013 0.254 0.03 0.01 0.011 0.019 0.123 0.165 0.006 0.012 0.045 0.043 0.191 0.002 0.051 0.182 0.851 0.007 0.016 0.183 0.128 0.032 0.006 0.603 0.901 0.859 1 0.007 0.765 0.011 0.171 0.079 0.015 0.536 0.696 0.082 0.008 0.007 0.326 0.015 0.672 0.58 0.75 0.092 0.006 0.157 0.696 0.003 0.009 0.009 0.012 0.153
0.004 0.006 0.006 0 0.005 0.049 0.043 0.004 0.001 0.004 0.002 0.001 0.01 0.009 0.008 0.005 0.005 0.001 0.001 0.009 0.004 0.006 0.001 0.005 0.002 0.002 0.001 0.049 0.014 0.012 0.007 0.001 0.001 0.001 0.084 0.007 0.006 0 0.001 0.001 0 0.006 0.001 0.003 0.015 0.007 0.003 0.781 0.011 0.006 0.006 0.007 1 0.009 0.002 0.001 0.001 0.001 0.011 0.008 0.001 0.001 0.001 0.004 0.002 0.008 0.011 0.009 0.001 0.001 0.001 0.008 0 0.001 0.531 0.092 0.002
0.005 0.003 0.005 0.009 0.006 0.003 0 0.01 0.058 0.007 0.001 0.108 0.009 0.012 0.015 0.002 0.003 0.006 0.194 0.015 0.561 0.045 0.173 0.012 0.074 0.016 0.203 0.003 0.005 0.004 0.011 0.061 0.103 0.007 0 0.029 0.054 0.127 0.007 0.065 0.227 0.684 0.009 0.016 0.19 0.159 0.04 0.007 0.712 0.722 0.688 0.765 0.009 1 0.013 0.132 0.087 0.129 0.682 0.913 0.066 0.011 0.009 0.383 0.018 0.899 0.718 0.917 0.09 0.008 0.153 0.88 0.004 0.011 0.011 0.014 0.175
0.019 0.025 0.023 0.005 0.011 0.131 0.212 0.007 0.009 0.006 0.003 0.001 0.002 0.038 0.039 0.007 0.008 0.002 0.003 0.027 0.005 0.005 0.012 0.011 0.011 0.003 0.003 0.25 0.164 0.144 0.011 0.044 0.04 0.001 0.301 0.007 0.006 0.034 0.001 0.007 0.053 0.009 0.002 0.492 0.006 0.028 0.018 0.001 0.121 0.01 0.009 0.011 0.002 0.013 1 0.002 0.001 0.002 0.126 0.012 0.001 0.002 0.72 0.005 0.003 0.012 0.119 0.013 0.001 0.001 0.002 0.012 0.001 0.838 0.002 0.003 0.002
0.043 0.051 0.049 0.021 0.007 0.006 0.004 0.005 0.034 0.005 0.002 0 0.001 0.019 0.018 0.005 0.006 0.001 0.002 0.018 0.189 0.011 0.056 0.009 0.032 0.002 0.002 0.006 0.002 0.002 0.009 0.03 0.038 0.001 0.002 0.008 0.008 0.043 0.001 0.01 0.049 0.183 0.001 0.003 0.069 0.022 0.004 0.001 0.108 0.188 0.197 0.171 0.001 0.132 0.002 1 0 0.001 0.11 0.147 0.002 0.001 0.001 0.011 0.003 0.147 0.105 0.14 0.001 0.001 0.238 0.126 0.001 0.002 0.002 0.002 0
0.006 0.005 0.005 0.007 0 0.003 0.002 0 0.004 0 0.002 0.241 0.001 0.013 0.013 0.004 0.004 0.001 0.001 0.013 0.071 0.004 0.02 0.006 0.022 0.002 0.001 0.004 0.001 0.001 0.006 0.011 0.026 0.001 0.002 0.006 0.006 0.03 0.001 0.007 0.021 0.088 0.001 0.002 0.044 0.016 0.001 0.001 0.044 0.082 0.087 0.079 0.001 0.087 0.001 0 1 0.001 0.071 0.095 0.345 0.001 0.001 0.003 0.002 0.083 0.07 0.059 0.25 0.001 0 0.063 0 0.001 0.001 0.001 0.453
0.015 0.006 0.006 0 0.008 0.059 0.099 0.005 0.001 0.004 0.002 0.038 0.001 0.015 0.014 0.005 0.006 0.001 0.002 0.011 0.003 0.009 0 0.008 0.001 0.002 0.001 0.059 0.003 0.008 0.008 0.002 0.001 0.001 0.053 0.008 0.007 0 0.001 0.009 0.046 0.01 0.001 0.114 0.01 0.021 0.018 0.001 0.102 0.017 0.005 0.015 0.001 0.129 0.002 0.001 0.001 1 0.084 0.14 0.001 0.001 0.001 0.002 0.002 0.14 0.046 0.09 0.001 0.001 0.009 0.099 0.001 0.001 0.001 0.002 0.002
0.02 0.018 0.023 0.002 0.013 0.013 0.048 0.015 0.031 0.011 0.002 0.086 0.011 0 0 0.005 0.007 0.008 0.101 0.001 0.388 0.044 0.104 0.021 0.039 0.019 0.099 0.033 0.019 0.018 0.02 0.015 0.031 0.009 0.058 0.027 0.047 0.046 0.007 0.08 0.296 0.468 0.002 0.196 0.131 0.195 0.059 0.008 0.841 0.501 0.5 0.536 0.011 0.682 0.126 0.11 0.071 0.084 1 0.632 0.054 0.013 0.107 0.234 0.023 0.635 0.868 0.671 0.074 0.01 0.127 0.606 0.005 0.122 0.014 0.018 0.143
0.002 0.001 0.002 0.013 0.015 0.002 0 0.024 0.073 0.02 0.013 0.118 0.008 0.022 0.026 0.011 0.012 0.008 0.178 0.024 0.572 0.04 0.187 0.025 0.088 0.015 0.183 0.002 0.004 0.003 0.023 0.075 0.114 0.007 0 0.027 0.05 0.143 0.005 0.065 0.243 0.651 0.008 0.017 0.184 0.148 0.033 0.006 0.659 0.746 0.717 0.696 0.008 0.913 0.012 0.147 0.095 0.14 0.632 1 0.071 0.01 0.008 0.37 0.018 0.924 0.657 0.846 0.097 0.007 0.171 0.804 0.004 0.01 0.01 0.013 0.189
0.012 0.01 0.01 0.021 0.004 0.003 0.002 0.003 0.017 0.002 0.001 0.435 0.001 0.009 0.009 0.003 0.003 0.001 0.001 0.009 0.105 0.005 0.032 0.004 0.015 0.001 0.001 0.003 0.001 0.001 0.004 0.014 0.018 0 0.001 0.004 0.004 0.021 0.001 0.005 0.024 0.088 0.001 0.002 0.016 0.011 0.009 0 0.052 0.09 0.094 0.082 0.001 0.066 0.001 0.002 0.345 0.001 0.054 0.071 1 0.001 0.001 0.002 0.001 0.059 0.052 0.037 0.239 0.001 0.001 0.042 0 0.001 0.001 0.001 0.379
0.007 0.02 0.006 0.02 0 0.006 0.004 0.005 0.015 0.005 0.002 0.002 0.001 0.004 0.004 0.005 0.006 0.001 0.002 0.004 0.007 0.005 0.013 0 0.013 0.183 0.002 0.006 0.002 0.002 0.009 0.03 0.038 0.001 0.002 0.009 0.008 0.02 0.001 0.01 0.029 0.007 0.001 0.003 0.013 0.022 0.07 0.001 0.013 0.008 0.007 0.008 0.001 0.011 0.002 0.001 0.001 0.001 0.013 0.01 0.001 1 0.001 0.004 0.003 0.01 0.013 0.01 0.001 0.001 0.002 0.009 0.001 0.002 0.002 0.002 0.002
0.029 0.036 0.034 0.013 0.009 0.152 0.241 0.005 0.02 0.005 0.002 0 0.001 0.058 0.06 0.006 0.006 0.001 0.002 0.043 0.003 0.011 0.017 0.007 0.023 0.002 0.002 0.225 0.213 0.188 0.006 0.049 0.036 0.001 0.323 0.009 0.004 0.032 0.001 0.01 0.046 0.006 0.001 0.396 0.005 0.022 0.02 0.001 0.103 0.006 0.006 0.007 0.001 0.009 0.72 0.001 0.001 0.001 0.107 0.008 0.001 0.001 1 0.002 0.003 0.008 0.099 0.009 0.001 0.001 0.001 0.008 0.001 0.632 0.002 0.002 0.002
0.009 0.013 0.007 0.034 0.003 0.01 0.005 0.014 0.038 0.012 0.005 0 0.004 0.006 0.007 0 0 0.002 0.486 0.01 0.27 0.012 0.094 0.002 0.039 0.006 0.514 0.01 0.005 0.003 0.001 0.038 0.05 0.003 0.001 0.004 0.021 0.065 0.002 0.028 0.089 0.262 0.003 0.004 0.053 0.064 0.014 0.003 0.282 0.334 0.298 0.326 0.004 0.383 0.005 0.011 0.003 0.002 0.234 0.37 0.002 0.004 0.002 1 0.008 0.371 0.317 0.396 0.003 0.003 0.003 0.347 0.002 0.005 0.004 0.006 0.004
0.031 0.036 0.038 0.042 0.014 0.01 0.007 0.009 0.054 0.007 0.004 0.003 0.002 0.032 0.031 0.009 0.01 0.002 0.004 0.031 0.012 0.012 0.029 0.015 0.002 0.129 0.004 0.01 0.003 0.003 0.015 0.003 0.001 0.002 0.004 0.014 0.012 0.043 0 0.218 0.048 0.013 0.002 0.006 0.033 0.119 0.033 0.002 0.024 0.014 0.013 0.015 0.002 0.018 0.003 0.003 0.002 0.002 0.023 0.018 0.001 0.003 0.003 0.008 1 0.018 0.023 0.019 0.002 0.002 0.003 0.017 0.001 0.003 0.003 0.001 0.003
0.004 0.002 0.004 0.009 0.011 0.002 0 0.024 0.063 0.02 0.013 0.099 0.009 0.017 0.02 0.009 0.011 0.003 0.184 0.022 0.549 0.04 0.177 0.021 0.081 0.015 0.184 0.002 0.004 0.003 0.021 0.069 0.106 0.007 0 0.025 0.05 0.135 0.005 0.065 0.236 0.627 0.008 0.019 0.161 0.148 0.034 0.006 0.648 0.721 0.685 0.672 0.008 0.899 0.012 0.147 0.083 0.14 0.635 0.924 0.059 0.01 0.008 0.371 0.018 1 0.645 0.833 0.097 0.007 0.171 0.8 0.004 0.01 0.01 0.013 0.176
0.011 0.016 0.019 0.003 0.013 0.01 0.042 0.015 0.032 0.011 0.002 0.092 0.011 0 0.001 0.005 0.007 0.008 0.162 0.002 0.473 0.054 0.106 0.021 0.042 0.019 0.169 0.029 0.016 0.015 0.019 0.017 0.041 0.009 0.055 0.037 0.059 0.058 0.008 0.078 0.289 0.515 0.01 0.178 0.126 0.192 0.063 0.008 0.865 0.545 0.518 0.58 0.011 0.718 0.119 0.105 0.07 0.046 0.868 0.657 0.052 0.013 0.099 0.317 0.023 0.645 1 0.663 0.075 0.01 0.133 0.626 0.005 0.114 0.013 0.017 0.143
0.003 0.002 0.004 0.011 0.006 0.007 0.001 0.009 0.066 0.006 0.001 0.082 0.009 0.012 0.015 0.002 0.002 0.006 0.197 0.02 0.542 0.033 0.186 0.011 0.083 0.016 0.207 0.007 0.004 0.003 0.01 0.07 0.101 0.007 0.003 0.02 0.04 0.124 0.006 0.064 0.219 0.664 0.001 0.008 0.184 0.157 0.03 0.007 0.659 0.706 0.672 0.75 0.009 0.917 0.013 0.14 0.059 0.09 0.671 0.846 0.037 0.01 0.009 0.396 0.019 0.833 0.663 1 0.06 0.008 0.162 0.849 0.004 0.011 0.011 0.014 0.144
0.001 0.001 0.001 0.005 0 0.003 0.002 0 0.008 0.001 0.001 0.166 0.001 0.011 0.012 0.004 0.004 0.001 0.001 0.012 0.091 0.004 0.03 0.006 0.019 0.001 0.001 0.004 0.001 0.001 0.006 0.018 0.023 0.001 0.001 0.006 0.005 0.026 0.001 0.006 0.026 0.104 0.001 0.002 0.022 0.014 0.007 0.001 0.059 0.105 0.11 0.092 0.001 0.09 0.001 0.001 0.25 0.001 0.074 0.097 0.239 0.001 0.001 0.003 0.002 0.097 0.075 0.06 1 0.001 0.001 0.063 0 0.001 0.001 0.001 0.424
0 0.001 0.001 0.024 0 0 0.003 0 0.03 0 0.005 0.001 0.007 0.001 0 0 0 0.001 0.002 0 0.005 0.008 0.015 0.007 0.023 0.001 0.002 0 0.001 0.001 0.007 0.024 0.018 0.515 0.002 0.006 0.006 0.024 0.001 0.112 0.022 0.006 0.001 0.003 0.014 0.048 0.007 0 0.01 0.006 0.006 0.006 0.001 0.008 0.001 0.001 0.001 0.001 0.01 0.007 0.001 0.001 0.001 0.003 0.002 0.007 0.01 0.008 0.001 1 0.001 0.007 0 0.001 0.001 0.002 0.001
0.032 0.039 0.038 0.012 0.005 0 0 0.006 0.02 0.005 0.002 0.003 0.001 0.007 0.01 0.006 0.007 0.001 0.002 0.007 0.143 0.01 0.039 0.01 0.022 0.003 0.003 0 0.002 0.001 0.01 0.02 0.029 0.001 0.002 0.009 0.009 0.035 0.001 0.011 0.052 0.158 0.001 0 0.034 0.025 0.003 0.001 0.126 0.173 0.182 0.157 0.001 0.153 0.002 0.238 0 0.009 0.127 0.171 0.001 0.002 0.001 0.003 0.003 0.171 0.133 0.162 0.001 0.001 1 0.163 0.001 0.002 0.002 0.002 0.002
0.006 0.003 0.006 0.007 0.004 0.005 0 0.008 0.052 0.005 0.001 0.085 0.008 0.011 0.014 0.001 0.001 0.005 0.154 0.014 0.49 0.039 0.154 0.009 0.069 0.014 0.166 0.005 0.003 0.003 0.009 0.057 0.098 0.006 0 0.023 0.048 0.12 0.005 0.057 0.195 0.613 0.008 0.01 0.179 0.142 0.034 0.006 0.631 0.658 0.621 0.696 0.008 0.88 0.012 0.126 0.063 0.099 0.606 0.804 0.042 0.009 0.008 0.347 0.017 0.8 0.626 0.849 0.063 0.007 0.163 1 0.004 0.01 0.01 0.013 0.16
0.006 0.005 0.005 0.002 0.001 0.002 0.001 0 0.001 0 0.001 0.001 0 0.003 0.003 0 0.002 0 0.001 0.004 0.003 0.011 0.003 0.001 0.001 0.001 0.001 0.002 0.001 0.001 0.001 0 0.012 0 0.001 0.022 0.025 0.01 0 0.004 0.003 0.003 0 0.001 0.007 0.021 0.005 0 0.005 0.003 0.003 0.003 0 0.004 0.001 0.001 0 0.001 0.005 0.004 0 0.001 0.001 0.002 0.001 0.004 0.005 0.004 0 0 0.001 0.004 1 0.001 0.001 0.001 0.001
0.016 0.021 0.02 0.004 0.009 0.119 0.192 0.006 0.008 0.005 0.002 0 0.001 0.034 0.036 0.006 0.007 0.001 0.002 0.026 0.004 0.008 0.014 0.009 0.009 0.002 0.003 0.231 0.119 0.105 0.009 0.045 0.041 0.001 0.34 0.005 0.004 0.036 0.001 0.01 0.053 0.008 0.001 0.462 0.009 0.024 0.021 0.001 0.117 0.008 0.008 0.009 0.001 0.011 0.838 0.002 0.001 0.001 0.122 0.01 0.001 0.002 0.632 0.005 0.003 0.01 0.114 0.011 0.001 0.001 0.002 0.01 0.001 1 0.002 0.002 0.002
0.003 0.006 0.005 0.001 0.007 0.053 0.052 0.006 0.001 0.005 0.002 0.001 0.006 0.008 0.007 0.006 0.007 0.001 0.001 0.008 0.005 0.011 0.002 0.007 0.001 0.002 0.001 0.053 0.031 0.026 0.009 0 0.005 0.001 0.062 0.009 0.008 0.001 0.001 0.002 0.001 0.008 0.001 0.004 0.019 0.012 0 0.611 0.014 0.008 0.008 0.009 0.531 0.011 0.002 0.002 0.001 0.001 0.014 0.01 0.001 0.002 0.002 0.004 0.003 0.01 0.013 0.011 0.001 0.001 0.002 0.01 0.001 0.002 1 0.045 0.002
0.011 0.008 0.008 0.021 0.009 0 0 0.006 0.008 0.006 0.003 0.002 0.003 0.004 0.004 0.007 0.008 0.002 0.003 0.004 0.009 0.014 0 0.009 0.005 0.003 0.003 0 0.001 0.002 0.011 0.007 0.011 0.001 0 0.009 0.009 0.015 0.015 0 0.023 0.01 0 0.005 0.025 0.006 0.038 0.028 0.018 0.011 0.01 0.012 0.092 0.014 0.003 0.002 0.001 0.002 0.018 0.013 0.001 0.002 0.002 0.006 0.001 0.013 0.017 0.014 0.001 0.002 0.002 0.013 0.001 0.002 0.045 1 0.003
0.005 0.003 0.004 0.011 0.003 0.006 0.004 0.001 0.02 0 0.003 0.218 0.002 0.023 0.024 0.007 0.008 0.002 0.002 0.023 0.111 0.001 0.049 0.011 0.04 0.003 0.003 0.007 0.002 0.002 0.011 0.028 0.048 0.001 0.003 0.011 0.01 0.055 0.001 0.012 0.019 0.116 0.002 0.004 0.034 0.028 0.007 0.001 0.093 0.169 0.178 0.153 0.002 0.175 0.002 0 0.453 0.002 0.143 0.189 0.379 0.002 0.002 0.004 0.003 0.176 0.143 0.144 0.424 0.001 0.002 0.16 0.001 0.002 0.002 0.003 1
