1 0.853 0.884 0.493 0.384 0.217 0.165 0.256 0.35 0.239 0.13 0.026 0.043 0.593 0.55 0.268 0.234 0.055 0.036 0.611 0.014 0.149 0.16 0.336 0.351 0.016 0.037 0.176 0.08 0.088 0.238 0.284 0.139 0 0.059 0.016 0.006 0.114 0.02 0.007 0.037 0.002 0.008 0.08 0.004 0 0.074 0.013 0.016 0.015 0.01 0.002 0.017 0.005 0.011 0.03 0.007 0.027 0.019 0 0.009 0.007 0.011 0.008 0.008 0.001 0.007 0.002 0.001 0.001 0.015 0.004 0.005 0.01 0.017 0.005 0.002
0.853 1 0.955 0.472 0.391 0.251 0.19 0.296 0.323 0.277 0.15 0.022 0.05 0.654 0.601 0.262 0.23 0.064 0.031 0.635 0.009 0.148 0.155 0.346 0.33 0.02 0.032 0.207 0.093 0.102 0.246 0.264 0.126 0.001 0.071 0.014 0.007 0.098 0.018 0.022 0.044 0.001 0.017 0.077 0.003 0.001 0.063 0.017 0.015 0.016 0.012 0.001 0.021 0.004 0.015 0.037 0.005 0.025 0.019 0.001 0.008 0.006 0.015 0.012 0.02 0 0.01 0.001 0.001 0.003 0.016 0.005 0.004 0.014 0.022 0.004 0.002
0.884 0.955 1 0.492 0.432 0.244 0.185 0.287 0.342 0.268 0.146 0.023 0.049 0.676 0.622 0.302 0.266 0.062 0.032 0.668 0.01 0.15 0.159 0.382 0.354 0.021 0.033 0.2 0.09 0.099 0.275 0.285 0.139 0.001 0.068 0.022 0.009 0.109 0.018 0.022 0.051 0.001 0.011 0.092 0.006 0 0.063 0.016 0.018 0.017 0.013 0.002 0.02 0.005 0.014 0.035 0.005 0.024 0.022 0 0.008 0.006 0.014 0.009 0.021 0.001 0.011 0.002 0.001 0.003 0.019 0.006 0.004 0.013 0.021 0.004 0.002
0.493 0.472 0.492 1 0.226 0.118 0.088 0.144 0.83 0.135 0.074 0.046 0.025 0.336 0.322 0.162 0.133 0.032 0.063 0.327 0.053 0.318 0.419 0.198 0.638 0.008 0.066 0.093 0.045 0.048 0.139 0.551 0.281 0.019 0.03 0 0.003 0.354 0.036 0.231 0.003 0.034 0.026 0.047 0.018 0.13 0.172 0.006 0.004 0.074 0.063 0.04 0.006 0.007 0.002 0.015 0.01 0.007 0.001 0.022 0.017 0.013 0.004 0.03 0.062 0.011 0.005 0.012 0.002 0.01 0.002 0.006 0.011 0.002 0.005 0.014 0.007
0.384 0.391 0.432 0.226 1 0.02 0.015 0.539 0.254 0.522 0.264 0.011 0.004 0.453 0.411 0.612 0.56 0.122 0.015 0.456 0.029 0.081 0.136 0.796 0.248 0.01 0.016 0.022 0.007 0.009 0.602 0.192 0.12 0.003 0.01 0.125 0.075 0.09 0.009 0.032 0.009 0.004 0.003 0 0.042 0.017 0.038 0.002 0.007 0.031 0.028 0.004 0.001 0.004 0.008 0.005 0.002 0.009 0.006 0.026 0.004 0.003 0.007 0.007 0.007 0.015 0.007 0.003 0 0.003 0.005 0.002 0.001 0.006 0 0.001 0.001
0.217 0.251 0.244 0.118 0.02 1 0.759 0.012 0.134 0.011 0.006 0.006 0.2 0.243 0.226 0.014 0.015 0.001 0.008 0.241 0.02 0.03 0.061 0.022 0.134 0.005 0.008 0.824 0.37 0.419 0.023 0.118 0.064 0.002 0.282 0.028 0.025 0.054 0.004 0.002 0.02 0.02 0.005 0.261 0.057 0.012 0.022 0.077 0.026 0.022 0.019 0.027 0.046 0.003 0.077 0.003 0.001 0.154 0.03 0.005 0.002 0.002 0.075 0.001 0.007 0.005 0.016 0 0 0 0.002 0.004 0.002 0.093 0.06 0.001 0.001
0.165 0.19 0.185 0.088 0.015 0.759 1 0.009 0.105 0.009 0.005 0.004 0.002 0.189 0.175 0.01 0.011 0.002 0.006 0.185 0.015 0.022 0.046 0.017 0.1 0.004 0.006 0.62 0.488 0.554 0.017 0.086 0.043 0.001 0.378 0.022 0.019 0.036 0.003 0.015 0.053 0.015 0.004 0.356 0.042 0.039 0.014 0.078 0.054 0.016 0.014 0.02 0.048 0.011 0.107 0.002 0.001 0.21 0.059 0.015 0.002 0.002 0.104 0 0.005 0.015 0.036 0.001 0 0.001 0.004 0.012 0.002 0.128 0.066 0.003 0
0.256 0.296 0.287 0.144 0.539 0.012 0.009 1 0.152 0.928 0.504 0.007 0.002 0.27 0.25 0.8 0.692 0.003 0.009 0.278 0.016 0.05 0.08 0.508 0.168 0.006 0.01 0.013 0.005 0.006 0.423 0.133 0.074 0.002 0.006 0.164 0.148 0.062 0.005 0.016 0.029 0 0.005 0.01 0.093 0.057 0.04 0.003 0.003 0.019 0.017 0 0.004 0.002 0.005 0.003 0 0.006 0.002 0.027 0.002 0.002 0.004 0.016 0.003 0.026 0.003 0.001 0 0.002 0.007 0 0 0.004 0.005 0.007 0
0.35 0.323 0.342 0.83 0.254 0.134 0.105 0.152 1 0.141 0.083 0.04 0.028 0.391 0.371 0.172 0.143 0.036 0.044 0.374 0.115 0.282 0.491 0.219 0.721 0.011 0.046 0.111 0.051 0.055 0.159 0.634 0.349 0.021 0.037 0.001 0.001 0.435 0.032 0.261 0.008 0.063 0.024 0.056 0.022 0.16 0.197 0.009 0.014 0.128 0.115 0.075 0.01 0.021 0.003 0.02 0.008 0.01 0.008 0.045 0.015 0.014 0.007 0.022 0.071 0.032 0.016 0.032 0.002 0.012 0.012 0.016 0.009 0.003 0.008 0.011 0.008
0.239 0.277 0.268 0.135 0.522 0.011 0.009 0.928 0.141 1 0.543 0.006 0.002 0.251 0.232 0.741 0.645 0.003 0.009 0.259 0.014 0.046 0.073 0.471 0.156 0.006 0.009 0.012 0.004 0.005 0.389 0.12 0.066 0.002 0.006 0.139 0.122 0.055 0.005 0.015 0.023 0.001 0.005 0.009 0.081 0.046 0.038 0.003 0.002 0.017 0.016 0.001 0.004 0.001 0.004 0.003 0 0.005 0.001 0.024 0.002 0.002 0.004 0.015 0.002 0.024 0.001 0 0 0.002 0.007 0 0 0.004 0.005 0.006 0
0.13 0.15 0.146 0.074 0.264 0.006 0.005 0.504 0.083 0.543 1 0.003 0.001 0.149 0.138 0.441 0.408 0.002 0.005 0.153 0.012 0.025 0.046 0.276 0.095 0.003 0.005 0.007 0.002 0.003 0.266 0.094 0.051 0.001 0.003 0.092 0.065 0.044 0.003 0.005 0.011 0 0.003 0.005 0.037 0.028 0.017 0.002 0 0.014 0.013 0.001 0.002 0 0.002 0.002 0.002 0.003 0 0.017 0.001 0.001 0.002 0.008 0.004 0.017 0 0 0.001 0.001 0.004 0 0.001 0.002 0.003 0.003 0.002
0.026 0.022 0.023 0.046 0.011 0.006 0.004 0.007 0.04 0.006 0.003 1 0.001 0.005 0.001 0.007 0.008 0.001 0.004 0.007 0.269 0.023 0.066 0.012 0.035 0.003 0.004 0.006 0.002 0.003 0.008 0.021 0.034 0.001 0.002 0.016 0.013 0.04 0.002 0.011 0.066 0.131 0.002 0 0.055 0.028 0.003 0.002 0.13 0.177 0.123 0.136 0.002 0.119 0.005 0.003 0.268 0.024 0.121 0.134 0.355 0.001 0.005 0 0.004 0.101 0.118 0.091 0.077 0.001 0.057 0.086 0.001 0.007 0.003 0.003 0.163
0.043 0.05 0.049 0.025 0.004 0.2 0.002 0.002 0.028 0.002 0.001 0.001 1 0.05 0.046 0.003 0.003 0 0.002 0.051 0.004 0.008 0.015 0.004 0.031 0.001 0.002 0.184 0.001 0.001 0.005 0.031 0.021 0.027 0.001 0.006 0.005 0.019 0.001 0.102 0.017 0.004 0.001 0.002 0.012 0.021 0.009 0.004 0.008 0.005 0.004 0.006 0.002 0.007 0.001 0.001 0.001 0.001 0.008 0.006 0 0 0.001 0.003 0.001 0.006 0.008 0.007 0 0.005 0.001 0.006 0 0.001 0.001 0.001 0.001
0.593 0.654 0.676 0.336 0.453 0.243 0.189 0.27 0.391 0.251 0.149 0.005 0.05 1 0.903 0.33 0.291 0.065 0.03 0.763 0.052 0.131 0.223 0.44 0.414 0.018 0.031 0.224 0.092 0.116 0.312 0.352 0.213 0.001 0.086 0.036 0.019 0.179 0.018 0.015 0.035 0.027 0.011 0.11 0.003 0.001 0.072 0.022 0.003 0.059 0.068 0.022 0.026 0 0.023 0.006 0.012 0.048 0.005 0.01 0.003 0.005 0.032 0.005 0.016 0.004 0.001 0.002 0.007 0.003 0.001 0 0 0.023 0.026 0.002 0.009
0.55 0.601 0.622 0.322 0.411 0.226 0.175 0.25 0.371 0.232 0.138 0.001 0.046 0.903 1 0.306 0.269 0.06 0.032 0.713 0.045 0.134 0.215 0.419 0.384 0.009 0.034 0.207 0.086 0.107 0.302 0.344 0.213 0.001 0.109 0.036 0.02 0.186 0.019 0.015 0.036 0.034 0.007 0.127 0.003 0.002 0.063 0.02 0.003 0.068 0.078 0.029 0.023 0.002 0.04 0.007 0.013 0.044 0.004 0.015 0.004 0.002 0.051 0.006 0.016 0.008 0.001 0.005 0.007 0.001 0.002 0 0.001 0.041 0.023 0.002 0.009
0.268 0.262 0.302 0.162 0.612 0.014 0.01 0.8 0.172 0.741 0.441 0.007 0.003 0.33 0.306 1 0.84 0.004 0.01 0.34 0.026 0.056 0.102 0.578 0.208 0.007 0.011 0.015 0.005 0.006 0.489 0.169 0.099 0.002 0.007 0.206 0.128 0.084 0.006 0.013 0.034 0 0.001 0 0.102 0.052 0.032 0.003 0 0.03 0.028 0 0.005 0 0.005 0.004 0.005 0.006 0 0.021 0.003 0.003 0.005 0.002 0.004 0.014 0.001 0 0.003 0.002 0.005 0 0 0.004 0.006 0.007 0.004
0.234 0.23 0.266 0.133 0.56 0.015 0.011 0.692 0.143 0.645 0.408 0.008 0.003 0.291 0.269 0.84 1 0.004 0.011 0.375 0.029 0.062 0.113 0.642 0.23 0.007 0.012 0.016 0.006 0.007 0.55 0.167 0.096 0.002 0.008 0.217 0.141 0.08 0.007 0.016 0.046 0 0.002 0 0.118 0.055 0.037 0.004 0 0.022 0.02 0 0.005 0 0.006 0.004 0.006 0.007 0 0.016 0.003 0.003 0.005 0 0.004 0.01 0 0 0.004 0.002 0.005 0.001 0.003 0.005 0.007 0.008 0.004
0.055 0.064 0.062 0.032 0.122 0.001 0.002 0.003 0.036 0.003 0.002 0.001 0 0.065 0.06 0.004 0.004 1 0.002 0.067 0.005 0.011 0.02 0.111 0.041 0.001 0.002 0.001 0.001 0.001 0.107 0.04 0.028 0 0.001 0.007 0.007 0.024 0.001 0.003 0.022 0.006 0.001 0.002 0.016 0.01 0.003 0.001 0.01 0.006 0.005 0.007 0 0.008 0.001 0.001 0.001 0.001 0.01 0.007 0.001 0.001 0.001 0.004 0.002 0.003 0.01 0.008 0.001 0 0.001 0.008 0.001 0.001 0 0.001 0.001
0.036 0.031 0.032 0.063 0.015 0.008 0.006 0.009 0.044 0.009 0.005 0.004 0.002 0.03 0.032 0.01 0.011 0.002 1 0.03 0.397 0.032 0.101 0.017 0.049 0.004 0.955 0.008 0.003 0.004 0.017 0.048 0.064 0.001 0.004 0.022 0.019 0.079 0.003 0.014 0.089 0.348 0.003 0.006 0.048 0.037 0.028 0 0.174 0.302 0.304 0.248 0 0.21 0.003 0.002 0 0.004 0.118 0.23 0.002 0.002 0.003 0.484 0.005 0.189 0.177 0.21 0 0.001 0.004 0.208 0.002 0.003 0 0.004 0
0.611 0.635 0.668 0.327 0.456 0.241 0.185 0.278 0.374 0.259 0.153 0.007 0.051 0.763 0.713 0.34 0.375 0.067 0.03 1 0.054 0.142 0.24 0.539 0.483 0.02 0.03 0.199 0.095 0.105 0.402 0.368 0.199 0.001 0.06 0.036 0.019 0.164 0.016 0.016 0.033 0.013 0.01 0.089 0.004 0.001 0.082 0.023 0.004 0.044 0.041 0.013 0.027 0 0.01 0.011 0.015 0.031 0.005 0.005 0.008 0.007 0.016 0.001 0.019 0.002 0.001 0 0.01 0.003 0 0 0.003 0.016 0.027 0.003 0.012
0.014 0.009 0.01 0.053 0.029 0.02 0.015 0.016 0.115 0.014 0.012 0.269 0.004 0.052 0.045 0.026 0.029 0.005 0.397 0.054 1 0.059 0.217 0.042 0.123 0.01 0.388 0.021 0.007 0.009 0.039 0.104 0.151 0.003 0.001 0.054 0.047 0.179 0.008 0.037 0.189 0.609 0.008 0.006 0.128 0.095 0.02 0.001 0.403 0.653 0.599 0.523 0.003 0.434 0 0.12 0.098 0.001 0.332 0.476 0.105 0.004 0 0.242 0.013 0.411 0.438 0.467 0.052 0.003 0.107 0.366 0.004 0 0.004 0 0.089
0.149 0.148 0.15 0.318 0.081 0.03 0.022 0.05 0.282 0.046 0.025 0.023 0.008 0.131 0.134 0.056 0.062 0.011 0.032 0.142 0.059 1 0.42 0.091 0.25 0.021 0.028 0.046 0.016 0.02 0.053 0.218 0.027 0.007 0.022 0.06 0.066 0.043 0.092 0.079 0.021 0.084 0.084 0.034 0.006 0.003 0.165 0.001 0.095 0.039 0.031 0.042 0 0.074 0.008 0.012 0.009 0.019 0.084 0.055 0.008 0.001 0.015 0.028 0.021 0.053 0.075 0.05 0.004 0.001 0.01 0.067 0.026 0.013 0 0.044 0.005
0.16 0.155 0.159 0.419 0.136 0.061 0.046 0.08 0.491 0.073 0.046 0.066 0.015 0.223 0.215 0.102 0.113 0.02 0.101 0.24 0.217 0.42 1 0.167 0.467 0.038 0.105 0.084 0.029 0.036 0.113 0.399 0.156 0.012 0.023 0.006 0.01 0.209 0.027 0.144 0.061 0.127 0.045 0.045 0.061 0.061 0.037 0.002 0.056 0.214 0.208 0.155 0.002 0.081 0.007 0.027 0.025 0.005 0.044 0.117 0.027 0.005 0.012 0.057 0.041 0.095 0.046 0.082 0.015 0.005 0.027 0.067 0.011 0.009 0.001 0.004 0.027
0.336 0.346 0.382 0.198 0.796 0.022 0.017 0.508 0.219 0.471 0.276 0.012 0.004 0.44 0.419 0.578 0.642 0.111 0.017 0.539 0.042 0.091 0.167 1 0.302 0.011 0.018 0.024 0.008 0.01 0.769 0.22 0.126 0.003 0.011 0.142 0.093 0.105 0.01 0.035 0.011 0.004 0.004 0.001 0.054 0.018 0.047 0.001 0.008 0.036 0.033 0.004 0.001 0.005 0.009 0.006 0.008 0.01 0.007 0.032 0.004 0.004 0.004 0.002 0.009 0.02 0.008 0.003 0.005 0.004 0.01 0.002 0.001 0.007 0 0.001 0.006
0.351 0.33 0.354 0.638 0.248 0.134 0.1 0.168 0.721 0.156 0.095 0.035 0.031 0.414 0.384 0.208 0.23 0.041 0.049 0.483 0.123 0.25 0.467 0.302 1 0.032 0.052 0.132 0.058 0.063 0.263 0.794 0.496 0.024 0.044 0.008 0.001 0.425 0.02 0.145 0 0.06 0.019 0.069 0.01 0.125 0.165 0.008 0.009 0.123 0.111 0.068 0.002 0.019 0.006 0.018 0.017 0.013 0.006 0.042 0.013 0.012 0.01 0.015 0.004 0.03 0.012 0.029 0.009 0.014 0.012 0.014 0.008 0.006 0.002 0.012 0.019
0.016 0.02 0.021 0.008 0.01 0.005 0.004 0.006 0.011 0.006 0.003 0.003 0.001 0.018 0.009 0.007 0.007 0.001 0.004 0.02 0.01 0.021 0.038 0.011 0.032 1 0.004 0.005 0.002 0.002 0.011 0.032 0.047 0.001 0.003 0.014 0.012 0.008 0.002 0.085 0.041 0.011 0.002 0.004 0.019 0.019 0 0.001 0.017 0.009 0.008 0.011 0.002 0.013 0.002 0.001 0.002 0.002 0.016 0.012 0.001 0.182 0.002 0.004 0.2 0.012 0.016 0.013 0.001 0.001 0.003 0.012 0.001 0.002 0.002 0.003 0.001
0.037 0.032 0.033 0.066 0.016 0.008 0.006 0.01 0.046 0.009 0.005 0.004 0.002 0.031 0.034 0.011 0.012 0.002 0.955 0.03 0.388 0.028 0.105 0.018 0.052 0.004 1 0.009 0.003 0.004 0.018 0.05 0.067 0.001 0.004 0.022 0.02 0.083 0.004 0.014 0.085 0.343 0.004 0.007 0.047 0.039 0.024 0 0.17 0.297 0.3 0.244 0 0.206 0.003 0.002 0 0.004 0.113 0.226 0.002 0.002 0.003 0.481 0.005 0.182 0.173 0.206 0 0.001 0.005 0.204 0.002 0.003 0 0.004 0
0.176 0.207 0.2 0.093 0.022 0.824 0.62 0.013 0.111 0.012 0.007 0.006 0.184 0.224 0.207 0.015 0.016 0.001 0.008 0.199 0.021 0.046 0.084 0.024 0.132 0.005 0.009 1 0.34 0.385 0.025 0.142 0.089 0.002 0.37 0.031 0.016 0.077 0.005 0.001 0.037 0.022 0.005 0.402 0.046 0.015 0.037 0.07 0.052 0.024 0.02 0.029 0.041 0.001 0.201 0.003 0.004 0.156 0.053 0.003 0.002 0.002 0.197 0.001 0.008 0.003 0.034 0.001 0.003 0 0.001 0.002 0.002 0.197 0.054 0.001 0.003
0.08 0.093 0.09 0.045 0.007 0.37 0.488 0.005 0.051 0.004 0.002 0.002 0.001 0.092 0.086 0.005 0.006 0.001 0.003 0.095 0.007 0.016 0.029 0.008 0.058 0.002 0.003 0.34 1 0.798 0.009 0.033 0.02 0.001 0.105 0.011 0.009 0.017 0.002 0.007 0.025 0.008 0.002 0.089 0.023 0.019 0.007 0.131 0.008 0.008 0.008 0.01 0.086 0 0.061 0.001 0.001 0.022 0.008 0 0.001 0.001 0.066 0.005 0.003 0 0.003 0 0.001 0.001 0.015 0 0.001 0.072 0.126 0.002 0.001
0.088 0.102 0.099 0.048 0.009 0.419 0.554 0.006 0.055 0.005 0.003 0.003 0.001 0.116 0.107 0.006 0.007 0.001 0.004 0.105 0.009 0.02 0.036 0.01 0.063 0.002 0.004 0.385 0.798 1 0.011 0.039 0.03 0.001 0.187 0.008 0.007 0.025 0.002 0.009 0.035 0.01 0.002 0.144 0.029 0.018 0.011 0.102 0.016 0.011 0.01 0.013 0.066 0.001 0.046 0.001 0.002 0.08 0.016 0.002 0.001 0.001 0.05 0.001 0.003 0.002 0.01 0.001 0.001 0.001 0.01 0.002 0.001 0.054 0.097 0.002 0.001
0.238 0.246 0.275 0.139 0.602 0.023 0.017 0.423 0.159 0.389 0.266 0.008 0.005 0.312 0.302 0.489 0.55 0.107 0.017 0.402 0.039 0.053 0.113 0.769 0.263 0.011 0.018 0.025 0.009 0.011 1 0.271 0.185 0.004 0.012 0.229 0.154 0.159 0.01 0.037 0.028 0.003 0.004 0 0.071 0.031 0.055 0.003 0.005 0.033 0.03 0.003 0.005 0.002 0.009 0.007 0.009 0.01 0.006 0.024 0.005 0.005 0.004 0 0.009 0.017 0.005 0.001 0.005 0.004 0.01 0.001 0.001 0.007 0.007 0.012 0.007
0.284 0.264 0.285 0.551 0.192 0.118 0.086 0.133 0.634 0.12 0.094 0.021 0.031 0.352 0.344 0.169 0.167 0.04 0.048 0.368 0.104 0.218 0.399 0.22 0.794 0.032 0.05 0.142 0.033 0.039 0.271 1 0.638 0.024 0.08 0.02 0.012 0.556 0.028 0.145 0.003 0.074 0.021 0.127 0.004 0.159 0.2 0.008 0.004 0.143 0.13 0.082 0.001 0.025 0.044 0.019 0.016 0.013 0.002 0.052 0.013 0.013 0.056 0.023 0.004 0.039 0.006 0.037 0.009 0.014 0.013 0.02 0.003 0.05 0 0.022 0.017
0.139 0.126 0.139 0.281 0.12 0.064 0.043 0.074 0.349 0.066 0.051 0.034 0.021 0.213 0.213 0.099 0.096 0.028 0.064 0.199 0.151 0.027 0.156 0.126 0.496 0.047 0.067 0.089 0.02 0.03 0.185 0.638 1 0.017 0.052 0.265 0.259 0.838 0.041 0.075 0.06 0.129 0.046 0.088 0.003 0.333 0.161 0.003 0.033 0.202 0.181 0.143 0 0.07 0.029 0.027 0.023 0.005 0.024 0.098 0.019 0.019 0.037 0.041 0 0.079 0.036 0.088 0.011 0.008 0.025 0.059 0.019 0.035 0.003 0.021 0.023
0 0.001 0.001 0.019 0.003 0.002 0.001 0.002 0.021 0.002 0.001 0.001 0.027 0.001 0.001 0.002 0.002 0 0.001 0.001 0.003 0.007 0.012 0.003 0.024 0.001 0.001 0.002 0.001 0.001 0.004 0.024 0.017 1 0.001 0.004 0.004 0.015 0.001 0.079 0.013 0.003 0.001 0.001 0.01 0.031 0.007 0 0.006 0.004 0.003 0.004 0 0.005 0.001 0 0.001 0.001 0.006 0.005 0 0 0.001 0.002 0.001 0.005 0.006 0.005 0 0.359 0.001 0.005 0 0.001 0.001 0.001 0
0.059 0.071 0.068 0.03 0.01 0.282 0.378 0.006 0.037 0.006 0.003 0.002 0.001 0.086 0.109 0.007 0.008 0.001 0.004 0.06 0.001 0.022 0.023 0.011 0.044 0.003 0.004 0.37 0.105 0.187 0.012 0.08 0.052 0.001 1 0.015 0.013 0.048 0.002 0.01 0.063 0.011 0.002 0.313 0.006 0.027 0.024 0.121 0.052 0.012 0.01 0.014 0.078 0.009 0.108 0.001 0.002 0.174 0.053 0.011 0.001 0.001 0.115 0.001 0.004 0.012 0.038 0 0.001 0.001 0.003 0.01 0.001 0.089 0.061 0.002 0.002
0.016 0.014 0.022 0 0.125 0.028 0.022 0.164 0.001 0.139 0.092 0.016 0.006 0.036 0.036 0.206 0.217 0.007 0.022 0.036 0.054 0.06 0.006 0.142 0.008 0.014 0.022 0.031 0.011 0.008 0.229 0.02 0.265 0.004 0.015 1 0.825 0.216 0.012 0.056 0.244 0.058 0.157 0.001 0.16 0.255 0.006 0.007 0.065 0.061 0.053 0.064 0.01 0.047 0.011 0.008 0.007 0.013 0.059 0.048 0.006 0.006 0.01 0.01 0.012 0.038 0.062 0.047 0.004 0.005 0.013 0.041 0.069 0.009 0.013 0 0.005
0.006 0.007 0.009 0.003 0.075 0.025 0.019 0.148 0.001 0.122 0.065 0.013 0.005 0.019 0.02 0.128 0.141 0.007 0.019 0.019 0.047 0.066 0.01 0.093 0.001 0.012 0.02 0.016 0.009 0.007 0.154 0.012 0.259 0.004 0.013 0.825 1 0.228 0.011 0.049 0.25 0.051 0.18 0.01 0.139 0.3 0.009 0.006 0.079 0.054 0.046 0.062 0.009 0.074 0.001 0.007 0.006 0.011 0.072 0.066 0.005 0.005 0.001 0.031 0.01 0.064 0.073 0.074 0.003 0.004 0.014 0.068 0.079 0.001 0.011 0.004 0.004
0.114 0.098 0.109 0.354 0.09 0.054 0.036 0.062 0.435 0.055 0.044 0.04 0.019 0.179 0.186 0.084 0.08 0.024 0.079 0.164 0.179 0.043 0.209 0.105 0.425 0.008 0.083 0.077 0.017 0.025 0.159 0.556 0.838 0.015 0.048 0.216 0.228 1 0.047 0.182 0.034 0.145 0.04 0.077 0 0.433 0.202 0.003 0.046 0.238 0.212 0.164 0 0.086 0.025 0.031 0.027 0.003 0.035 0.126 0.022 0.011 0.032 0.055 0.046 0.104 0.05 0.106 0.013 0.007 0.031 0.073 0.017 0.03 0.003 0.026 0.026
0.02 0.018 0.018 0.036 0.009 0.004 0.003 0.005 0.032 0.005 0.003 0.002 0.001 0.018 0.019 0.006 0.007 0.001 0.003 0.016 0.008 0.092 0.027 0.01 0.02 0.002 0.004 0.005 0.002 0.002 0.01 0.028 0.041 0.001 0.002 0.012 0.011 0.047 1 0.008 0.032 0.008 0.002 0.004 0.015 0.018 0.054 0.001 0.009 0.003 0.003 0 0.002 0.013 0.001 0.001 0.002 0.002 0.008 0.005 0.001 0.001 0.002 0.005 0 0.005 0.016 0.006 0.001 0.001 0.003 0.006 0.001 0.001 0.002 0.009 0.001
0.007 0.022 0.022 0.231 0.032 0.002 0.015 0.016 0.261 0.015 0.005 0.011 0.102 0.015 0.015 0.013 0.016 0.003 0.014 0.016 0.037 0.079 0.144 0.035 0.145 0.085 0.014 0.001 0.007 0.009 0.037 0.145 0.075 0.079 0.01 0.056 0.049 0.182 0.008 1 0.164 0.034 0.009 0.017 0.091 0.331 0.075 0.001 0.068 0.045 0.042 0.046 0.003 0.055 0.007 0.006 0.007 0.009 0.065 0.058 0.004 0.004 0.007 0.026 0.255 0.057 0.066 0.055 0.005 0.053 0.012 0.051 0.004 0.007 0.005 0.004 0.006
0.037 0.044 0.051 0.003 0.009 0.02 0.053 0.029 0.008 0.023 0.011 0.066 0.017 0.035 0.036 0.034 0.046 0.022 0.089 0.033 0.189 0.021 0.061 0.011 0 0.041 0.085 0.037 0.025 0.035 0.028 0.003 0.06 0.013 0.063 0.244 0.25 0.034 0.032 0.164 1 0.171 0.054 0.101 0.348 0.009 0.096 0.003 0.266 0.181 0.157 0.114 0 0.199 0.034 0.035 0.025 0.056 0.228 0.228 0.025 0.016 0.035 0.105 0.042 0.213 0.217 0.151 0.011 0.013 0.046 0.177 0.022 0.04 0.002 0.025 0.021
0.002 0.001 0.001 0.034 0.004 0.02 0.015 0 0.063 0.001 0 0.131 0.004 0.027 0.034 0 0 0.006 0.348 0.013 0.609 0.084 0.127 0.004 0.06 0.011 0.343 0.022 0.008 0.01 0.003 0.074 0.129 0.003 0.011 0.058 0.051 0.145 0.008 0.034 0.171 1 0.01 0.018 0.203 0.11 0.041 0.002 0.509 0.695 0.672 0.741 0.004 0.582 0.008 0.095 0.106 0.001 0.432 0.526 0.093 0.004 0.007 0.241 0.015 0.443 0.47 0.575 0.062 0.003 0.099 0.548 0.005 0.007 0.005 0.012 0.098
0.008 0.017 0.011 0.026 0.003 0.005 0.004 0.005 0.024 0.005 0.003 0.002 0.001 0.011 0.007 0.001 0.002 0.001 0.003 0.01 0.008 0.084 0.045 0.004 0.019 0.002 0.004 0.005 0.002 0.002 0.004 0.021 0.046 0.001 0.002 0.157 0.18 0.04 0.002 0.009 0.054 0.01 1 0.004 0.014 0.054 0.037 0.001 0.018 0.01 0.01 0.013 0.002 0.015 0.002 0.001 0.002 0.002 0.017 0.013 0.001 0.001 0.002 0.006 0.003 0.013 0.017 0.015 0.001 0.001 0.003 0.014 0.001 0.001 0.002 0.003 0.001
0.08 0.077 0.092 0.047 0 0.261 0.356 0.01 0.056 0.009 0.005 0 0.002 0.11 0.127 0 0 0.002 0.006 0.089 0.006 0.034 0.045 0.001 0.069 0.004 0.007 0.402 0.089 0.144 0 0.127 0.088 0.001 0.313 0.001 0.01 0.077 0.004 0.017 0.101 0.018 0.004 1 0.001 0.043 0.038 0.002 0.213 0.019 0.017 0.017 0.003 0.041 0.389 0.002 0.003 0.213 0.215 0.036 0.002 0.002 0.375 0.017 0.006 0.051 0.163 0.015 0.002 0.001 0.005 0.044 0.002 0.393 0.004 0.005 0.002
0.004 0.003 0.006 0.018 0.042 0.057 0.042 0.093 0.022 0.081 0.037 0.055 0.012 0.003 0.003 0.102 0.118 0.016 0.048 0.004 0.128 0.006 0.061 0.054 0.01 0.019 0.047 0.046 0.023 0.029 0.071 0.004 0.003 0.01 0.006 0.16 0.139 0 0.015 0.091 0.348 0.203 0.014 0.001 1 0.008 0.055 0.017 0.181 0.211 0.189 0.234 0.024 0.185 0.001 0.029 0.026 0 0.177 0.162 0.016 0.005 0.001 0.091 0.042 0.139 0.153 0.195 0.006 0.01 0.033 0.186 0.031 0.002 0.029 0.022 0.024
0 0.001 0 0.13 0.017 0.012 0.039 0.057 0.16 0.046 0.028 0.028 0.021 0.001 0.002 0.052 0.055 0.01 0.037 0.001 0.095 0.003 0.061 0.018 0.125 0.019 0.039 0.015 0.019 0.018 0.031 0.159 0.333 0.031 0.027 0.255 0.3 0.433 0.018 0.331 0.009 0.11 0.054 0.043 0.008 1 0.101 0.008 0.2 0.116 0.107 0.141 0.013 0.166 0.02 0.015 0.019 0.024 0.193 0.149 0.01 0.01 0.019 0.068 0.133 0.147 0.196 0.166 0.012 0.018 0.03 0.154 0.037 0.017 0.019 0.007 0.015
0.074 0.063 0.063 0.172 0.038 0.022 0.014 0.04 0.197 0.038 0.017 0.003 0.009 0.072 0.063 0.032 0.037 0.003 0.028 0.082 0.02 0.165 0.037 0.047 0.165 0 0.024 0.037 0.007 0.011 0.055 0.2 0.161 0.007 0.024 0.006 0.009 0.202 0.054 0.075 0.096 0.041 0.037 0.038 0.055 0.101 1 0.012 0.104 0.042 0.036 0.049 0.004 0.073 0.01 0 0 0.021 0.1 0.061 0.004 0.037 0.017 0.045 0.028 0.059 0.081 0.057 0.007 0.005 0.001 0.07 0.007 0.015 0 0.039 0.008
0.013 0.017 0.016 0.006 0.002 0.077 0.078 0.003 0.009 0.003 0.002 0.002 0.004 0.022 0.02 0.003 0.004 0.001 0 0.023 0.001 0.001 0.002 0.001 0.008 0.001 0 0.07 0.131 0.102 0.003 0.008 0.003 0 0.121 0.007 0.006 0.003 0.001 0.001 0.003 0.002 0.001 0.002 0.017 0.008 0.012 1 0.011 0.006 0.004 0.007 0.694 0.009 0.001 0.001 0.001 0.001 0.01 0.008 0.001 0.001 0.001 0.004 0.002 0.008 0.01 0.009 0.001 0 0.002 0.008 0.001 0.001 0.554 0.001 0.001
0.016 0.015 0.018 0.004 0.007 0.026 0.054 0.003 0.014 0.002 0 0.13 0.008 0.003 0.003 0 0 0.01 0.174 0.004 0.403 0.095 0.056 0.008 0.009 0.017 0.17 0.052 0.008 0.016 0.005 0.004 0.033 0.006 0.052 0.065 0.079 0.046 0.009 0.068 0.266 0.509 0.018 0.213 0.181 0.2 0.104 0.011 1 0.578 0.522 0.612 0.015 0.759 0.079 0.074 0.053 0.118 0.891 0.698 0.052 0.008 0.079 0.322 0.027 0.667 0.84 0.698 0.031 0.006 0.15 0.719 0.009 0.084 0.018 0.021 0.054
0.015 0.016 0.017 0.074 0.031 0.022 0.016 0.019 0.128 0.017 0.014 0.177 0.005 0.059 0.068 0.03 0.022 0.006 0.302 0.044 0.653 0.039 0.214 0.036 0.123 0.009 0.297 0.024 0.008 0.011 0.033 0.143 0.202 0.004 0.012 0.061 0.054 0.238 0.003 0.045 0.181 0.695 0.01 0.019 0.211 0.116 0.042 0.006 0.578 1 0.902 0.809 0.009 0.653 0.009 0.127 0.1 0.009 0.498 0.746 0.09 0.005 0.007 0.344 0.015 0.67 0.512 0.653 0.059 0.004 0.17 0.579 0.005 0.007 0.011 0.012 0.097
0.01 0.012 0.013 0.063 0.028 0.019 0.014 0.017 0.115 0.016 0.013 0.123 0.004 0.068 0.078 0.028 0.02 0.005 0.304 0.041 0.599 0.031 0.208 0.033 0.111 0.008 0.3 0.02 0.008 0.01 0.03 0.13 0.181 0.003 0.01 0.053 0.046 0.212 0.003 0.042 0.157 0.672 0.01 0.017 0.189 0.107 0.036 0.004 0.522 0.902 1 0.744 0.007 0.598 0.008 0.137 0.12 0.002 0.469 0.685 0.097 0.004 0.006 0.302 0.014 0.61 0.467 0.598 0.076 0.003 0.184 0.523 0.005 0.007 0.009 0.011 0.119
0.002 0.001 0.002 0.04 0.004 0.027 0.02 0 0.075 0.001 0.001 0.136 0.006 0.022 0.029 0 0 0.007 0.248 0.013 0.523 0.042 0.155 0.004 0.068 0.011 0.244 0.029 0.01 0.013 0.003 0.082 0.143 0.004 0.014 0.064 0.062 0.164 0 0.046 0.114 0.741 0.013 0.017 0.234 0.141 0.049 0.007 0.612 0.809 0.744 1 0.011 0.713 0.011 0.104 0.108 0.005 0.566 0.643 0.073 0.006 0.009 0.295 0.019 0.577 0.579 0.735 0.068 0.004 0.136 0.644 0.006 0.009 0.013 0.015 0.089
0.017 0.021 0.02 0.006 0.001 0.046 0.048 0.004 0.01 0.004 0.002 0.002 0.002 0.026 0.023 0.005 0.005 0 0 0.027 0.003 0 0.002 0.001 0.002 0.002 0 0.041 0.086 0.066 0.005 0.001 0 0 0.078 0.01 0.009 0 0.002 0.003 0 0.004 0.002 0.003 0.024 0.013 0.004 0.694 0.015 0.009 0.007 0.011 1 0.013 0.002 0.001 0.001 0.002 0.015 0.011 0.001 0.001 0.001 0.005 0.003 0.011 0.015 0.013 0.001 0 0.002 0.012 0.001 0.001 0.771 0.031 0.001
0.005 0.004 0.005 0.007 0.004 0.003 0.011 0.002 0.021 0.001 0 0.119 0.007 0 0.002 0 0 0.008 0.21 0 0.434 0.074 0.081 0.005 0.019 0.013 0.206 0.001 0 0.001 0.002 0.025 0.07 0.005 0.009 0.047 0.074 0.086 0.013 0.055 0.199 0.582 0.015 0.041 0.185 0.166 0.073 0.009 0.759 0.653 0.598 0.713 0.013 1 0.013 0.077 0.104 0.142 0.735 0.854 0.063 0.006 0.011 0.378 0.022 0.818 0.737 0.846 0.074 0.005 0.169 0.858 0.007 0.011 0.015 0.018 0.091
0.011 0.015 0.014 0.002 0.008 0.077 0.107 0.005 0.003 0.004 0.002 0.005 0.001 0.023 0.04 0.005 0.006 0.001 0.003 0.01 0 0.008 0.007 0.009 0.006 0.002 0.003 0.201 0.061 0.046 0.009 0.044 0.029 0.001 0.108 0.011 0.001 0.025 0.001 0.007 0.034 0.008 0.002 0.389 0.001 0.02 0.01 0.001 0.079 0.009 0.008 0.011 0.002 0.013 1 0.001 0.001 0.002 0.082 0.011 0.001 0.001 0.808 0.005 0.003 0.011 0.064 0.013 0.001 0.001 0.002 0.012 0.001 0.841 0.002 0.002 0.001
0.03 0.037 0.035 0.015 0.005 0.003 0.002 0.003 0.02 0.003 0.002 0.003 0.001 0.006 0.007 0.004 0.004 0.001 0.002 0.011 0.12 0.012 0.027 0.006 0.018 0.001 0.002 0.003 0.001 0.001 0.007 0.019 0.027 0 0.001 0.008 0.007 0.031 0.001 0.006 0.035 0.095 0.001 0.002 0.029 0.015 0 0.001 0.074 0.127 0.137 0.104 0.001 0.077 0.001 1 0 0.001 0.075 0.08 0.015 0.001 0.001 0 0.002 0.1 0.065 0.088 0 0 0.285 0.053 0.001 0.001 0.001 0.002 0
0.007 0.005 0.005 0.01 0.002 0.001 0.001 0 0.008 0 0.002 0.268 0.001 0.012 0.013 0.005 0.006 0.001 0 0.015 0.098 0.009 0.025 0.008 0.017 0.002 0 0.004 0.001 0.002 0.009 0.016 0.023 0.001 0.002 0.007 0.006 0.027 0.002 0.007 0.025 0.106 0.002 0.003 0.026 0.019 0 0.001 0.053 0.1 0.12 0.108 0.001 0.104 0.001 0 1 0.002 0.089 0.116 0.301 0.001 0.001 0.005 0.003 0.093 0.073 0.072 0.424 0.001 0.013 0.063 0.001 0.001 0.002 0.002 0.553
0.027 0.025 0.024 0.007 0.009 0.154 0.21 0.006 0.01 0.005 0.003 0.024 0.001 0.048 0.044 0.006 0.007 0.001 0.004 0.031 0.001 0.019 0.005 0.01 0.013 0.002 0.004 0.156 0.022 0.08 0.01 0.013 0.005 0.001 0.174 0.013 0.011 0.003 0.002 0.009 0.056 0.001 0.002 0.213 0 0.024 0.021 0.001 0.118 0.009 0.002 0.005 0.002 0.142 0.002 0.001 0.002 1 0.12 0.158 0.001 0.001 0.002 0.017 0.003 0.161 0.08 0.075 0.001 0.001 0.015 0.148 0.001 0.002 0.002 0.003 0.001
0.019 0.019 0.022 0.001 0.006 0.03 0.059 0.002 0.008 0.001 0 0.121 0.008 0.005 0.004 0 0 0.01 0.118 0.005 0.332 0.084 0.044 0.007 0.006 0.016 0.113 0.053 0.008 0.016 0.006 0.002 0.024 0.006 0.053 0.059 0.072 0.035 0.008 0.065 0.228 0.432 0.017 0.215 0.177 0.193 0.1 0.01 0.891 0.498 0.469 0.566 0.015 0.735 0.082 0.075 0.089 0.12 1 0.663 0.054 0.008 0.082 0.248 0.026 0.654 0.834 0.686 0.064 0.006 0.154 0.703 0.008 0.087 0.018 0.021 0.078
0 0.001 0 0.022 0.026 0.005 0.015 0.027 0.045 0.024 0.017 0.134 0.006 0.01 0.015 0.021 0.016 0.007 0.23 0.005 0.476 0.055 0.117 0.032 0.042 0.012 0.226 0.003 0 0.002 0.024 0.052 0.098 0.005 0.011 0.048 0.066 0.126 0.005 0.058 0.228 0.526 0.013 0.036 0.162 0.149 0.061 0.008 0.698 0.746 0.685 0.643 0.011 0.854 0.011 0.08 0.116 0.158 0.663 1 0.07 0.006 0.009 0.396 0.02 0.892 0.641 0.762 0.083 0.005 0.181 0.779 0.006 0.01 0.014 0.016 0.101
0.009 0.008 0.008 0.017 0.004 0.002 0.002 0.002 0.015 0.002 0.001 0.355 0 0.003 0.004 0.003 0.003 0.001 0.002 0.008 0.105 0.008 0.027 0.004 0.013 0.001 0.002 0.002 0.001 0.001 0.005 0.013 0.019 0 0.001 0.006 0.005 0.022 0.001 0.004 0.025 0.093 0.001 0.002 0.016 0.01 0.004 0.001 0.052 0.09 0.097 0.073 0.001 0.063 0.001 0.015 0.301 0.001 0.054 0.07 1 0 0.001 0.003 0.001 0.046 0.038 0.031 0.193 0 0.001 0.034 0 0.001 0.001 0.001 0.449
0.007 0.006 0.006 0.013 0.003 0.002 0.002 0.002 0.014 0.002 0.001 0.001 0 0.005 0.002 0.003 0.003 0.001 0.002 0.007 0.004 0.001 0.005 0.004 0.012 0.182 0.002 0.002 0.001 0.001 0.005 0.013 0.019 0 0.001 0.006 0.005 0.011 0.001 0.004 0.016 0.004 0.001 0.002 0.005 0.01 0.037 0.001 0.008 0.005 0.004 0.006 0.001 0.006 0.001 0.001 0.001 0.001 0.008 0.006 0 1 0.001 0.003 0.001 0.006 0.008 0.006 0 0 0.001 0.006 0 0.001 0.001 0.001 0.001
0.011 0.015 0.014 0.004 0.007 0.075 0.104 0.004 0.007 0.004 0.002 0.005 0.001 0.032 0.051 0.005 0.005 0.001 0.003 0.016 0 0.015 0.012 0.004 0.01 0.002 0.003 0.197 0.066 0.05 0.004 0.056 0.037 0.001 0.115 0.01 0.001 0.032 0.002 0.007 0.035 0.007 0.002 0.375 0.001 0.019 0.017 0.001 0.079 0.007 0.006 0.009 0.001 0.011 0.808 0.001 0.001 0.002 0.082 0.009 0.001 0.001 1 0.001 0.003 0.009 0.064 0.011 0.001 0.001 0.001 0.01 0.001 0.802 0.002 0.002 0.001
0.008 0.012 0.009 0.03 0.007 0.001 0 0.016 0.022 0.015 0.008 0 0.003 0.005 0.006 0.002 0 0.004 0.484 0.001 0.242 0.028 0.057 0.002 0.015 0.004 0.481 0.001 0.005 0.001 0 0.023 0.041 0.002 0.001 0.01 0.031 0.055 0.005 0.026 0.105 0.241 0.006 0.017 0.091 0.068 0.045 0.004 0.322 0.344 0.302 0.295 0.005 0.378 0.005 0 0.005 0.017 0.248 0.396 0.003 0.003 0.001 1 0.009 0.365 0.322 0.39 0.003 0.002 0.005 0.341 0.003 0.004 0.006 0.007 0.003
0.008 0.02 0.021 0.062 0.007 0.007 0.005 0.003 0.071 0.002 0.004 0.004 0.001 0.016 0.016 0.004 0.004 0.002 0.005 0.019 0.013 0.021 0.041 0.009 0.004 0.2 0.005 0.008 0.003 0.003 0.009 0.004 0 0.001 0.004 0.012 0.01 0.046 0 0.255 0.042 0.015 0.003 0.006 0.042 0.133 0.028 0.002 0.027 0.015 0.014 0.019 0.003 0.022 0.003 0.002 0.003 0.003 0.026 0.02 0.001 0.001 0.003 0.009 1 0.02 0.026 0.022 0.002 0.001 0.004 0.02 0.001 0.002 0.003 0.003 0.002
0.001 0 0.001 0.011 0.015 0.005 0.015 0.026 0.032 0.024 0.017 0.101 0.006 0.004 0.008 0.014 0.01 0.003 0.189 0.002 0.411 0.053 0.095 0.02 0.03 0.012 0.182 0.003 0 0.002 0.017 0.039 0.079 0.005 0.012 0.038 0.064 0.104 0.005 0.057 0.213 0.443 0.013 0.051 0.139 0.147 0.059 0.008 0.667 0.67 0.61 0.577 0.011 0.818 0.011 0.1 0.093 0.161 0.654 0.892 0.046 0.006 0.009 0.365 0.02 1 0.611 0.728 0.084 0.005 0.204 0.741 0.006 0.009 0.014 0.016 0.077
0.007 0.01 0.011 0.005 0.007 0.016 0.036 0.003 0.016 0.001 0 0.118 0.008 0.001 0.001 0.001 0 0.01 0.177 0.001 0.438 0.075 0.046 0.008 0.012 0.016 0.173 0.034 0.003 0.01 0.005 0.006 0.036 0.006 0.038 0.062 0.073 0.05 0.016 0.066 0.217 0.47 0.017 0.163 0.153 0.196 0.081 0.01 0.84 0.512 0.467 0.579 0.015 0.737 0.064 0.065 0.073 0.08 0.834 0.641 0.038 0.008 0.064 0.322 0.026 0.611 1 0.723 0.063 0.006 0.153 0.664 0.008 0.067 0.018 0.006 0.061
0.002 0.001 0.002 0.012 0.003 0 0.001 0.001 0.032 0 0 0.091 0.007 0.002 0.005 0 0 0.008 0.21 0 0.467 0.05 0.082 0.003 0.029 0.013 0.206 0.001 0 0.001 0.001 0.037 0.088 0.005 0 0.047 0.074 0.106 0.006 0.055 0.151 0.575 0.015 0.015 0.195 0.166 0.057 0.009 0.698 0.653 0.598 0.735 0.013 0.846 0.013 0.088 0.072 0.075 0.686 0.762 0.031 0.006 0.011 0.39 0.022 0.728 0.723 1 0.042 0.005 0.18 0.833 0.007 0.011 0.015 0.004 0.057
0.001 0.001 0.001 0.002 0 0 0 0 0.002 0 0.001 0.077 0 0.007 0.007 0.003 0.004 0.001 0 0.01 0.052 0.004 0.015 0.005 0.009 0.001 0 0.003 0.001 0.001 0.005 0.009 0.011 0 0.001 0.004 0.003 0.013 0.001 0.005 0.011 0.062 0.001 0.002 0.006 0.012 0.007 0.001 0.031 0.059 0.076 0.068 0.001 0.074 0.001 0 0.424 0.001 0.064 0.083 0.193 0 0.001 0.003 0.002 0.084 0.063 0.042 1 0 0.001 0.032 0.001 0.001 0.001 0.001 0.522
0.001 0.003 0.003 0.01 0.003 0 0.001 0.002 0.012 0.002 0.001 0.001 0.005 0.003 0.001 0.002 0.002 0 0.001 0.003 0.003 0.001 0.005 0.004 0.014 0.001 0.001 0 0.001 0.001 0.004 0.014 0.008 0.359 0.001 0.005 0.004 0.007 0.001 0.053 0.013 0.003 0.001 0.001 0.01 0.018 0.005 0 0.006 0.004 0.003 0.004 0 0.005 0.001 0 0.001 0.001 0.006 0.005 0 0 0.001 0.002 0.001 0.005 0.006 0.005 0 1 0.001 0.005 0 0.001 0.001 0.001 0
0.015 0.016 0.019 0.002 0.005 0.002 0.004 0.007 0.012 0.007 0.004 0.057 0.001 0.001 0.002 0.005 0.005 0.001 0.004 0 0.107 0.01 0.027 0.01 0.012 0.003 0.005 0.001 0.015 0.01 0.01 0.013 0.025 0.001 0.003 0.013 0.014 0.031 0.003 0.012 0.046 0.099 0.003 0.005 0.033 0.03 0.001 0.002 0.15 0.17 0.184 0.136 0.002 0.169 0.002 0.285 0.013 0.015 0.154 0.181 0.001 0.001 0.001 0.005 0.004 0.204 0.153 0.18 0.001 0.001 1 0.155 0.001 0.002 0.003 0.003 0.001
0.004 0.005 0.006 0.006 0.002 0.004 0.012 0 0.016 0 0 0.086 0.006 0 0 0 0.001 0.008 0.208 0 0.366 0.067 0.067 0.002 0.014 0.012 0.204 0.002 0 0.002 0.001 0.02 0.059 0.005 0.01 0.041 0.068 0.073 0.006 0.051 0.177 0.548 0.014 0.044 0.186 0.154 0.07 0.008 0.719 0.579 0.523 0.644 0.012 0.858 0.012 0.053 0.063 0.148 0.703 0.779 0.034 0.006 0.01 0.341 0.02 0.741 0.664 0.833 0.032 0.005 0.155 1 0.007 0.01 0.014 0.016 0.063
0.005 0.004 0.004 0.011 0.001 0.002 0.002 0 0.009 0 0.001 0.001 0 0 0.001 0 0.003 0.001 0.002 0.003 0.004 0.026 0.011 0.001 0.008 0.001 0.002 0.002 0.001 0.001 0.001 0.003 0.019 0 0.001 0.069 0.079 0.017 0.001 0.004 0.022 0.005 0.001 0.002 0.031 0.037 0.007 0.001 0.009 0.005 0.005 0.006 0.001 0.007 0.001 0.001 0.001 0.001 0.008 0.006 0 0 0.001 0.003 0.001 0.006 0.008 0.007 0.001 0 0.001 0.007 1 0.001 0.001 0.001 0.001
0.01 0.014 0.013 0.002 0.006 0.093 0.128 0.004 0.003 0.004 0.002 0.007 0.001 0.023 0.041 0.004 0.005 0.001 0.003 0.016 0 0.013 0.009 0.007 0.006 0.002 0.003 0.197 0.072 0.054 0.007 0.05 0.035 0.001 0.089 0.009 0.001 0.03 0.001 0.007 0.04 0.007 0.001 0.393 0.002 0.017 0.015 0.001 0.084 0.007 0.007 0.009 0.001 0.011 0.841 0.001 0.001 0.002 0.087 0.01 0.001 0.001 0.802 0.004 0.002 0.009 0.067 0.011 0.001 0.001 0.002 0.01 0.001 1 0.002 0.002 0.001
0.017 0.022 0.021 0.005 0 0.06 0.066 0.005 0.008 0.005 0.003 0.003 0.001 0.026 0.023 0.006 0.007 0 0 0.027 0.004 0 0.001 0 0.002 0.002 0 0.054 0.126 0.097 0.007 0 0.003 0.001 0.061 0.013 0.011 0.003 0.002 0.005 0.002 0.005 0.002 0.004 0.029 0.019 0 0.554 0.018 0.011 0.009 0.013 0.771 0.015 0.002 0.001 0.002 0.002 0.018 0.014 0.001 0.001 0.002 0.006 0.003 0.014 0.018 0.015 0.001 0.001 0.003 0.014 0.001 0.002 1 0.061 0.001
0.005 0.004 0.004 0.014 0.001 0.001 0.003 0.007 0.011 0.006 0.003 0.003 0.001 0.002 0.002 0.007 0.008 0.001 0.004 0.003 0 0.044 0.004 0.001 0.012 0.003 0.004 0.001 0.002 0.002 0.012 0.022 0.021 0.001 0.002 0 0.004 0.026 0.009 0.004 0.025 0.012 0.003 0.005 0.022 0.007 0.039 0.001 0.021 0.012 0.011 0.015 0.031 0.018 0.002 0.002 0.002 0.003 0.021 0.016 0.001 0.001 0.002 0.007 0.003 0.016 0.006 0.004 0.001 0.001 0.003 0.016 0.001 0.002 0.061 1 0.002
0.002 0.002 0.002 0.007 0.001 0.001 0 0 0.008 0 0.002 0.163 0.001 0.009 0.009 0.004 0.004 0.001 0 0.012 0.089 0.005 0.027 0.006 0.019 0.001 0 0.003 0.001 0.001 0.007 0.017 0.023 0 0.002 0.005 0.004 0.026 0.001 0.006 0.021 0.098 0.001 0.002 0.024 0.015 0.008 0.001 0.054 0.097 0.119 0.089 0.001 0.091 0.001 0 0.553 0.001 0.078 0.101 0.449 0.001 0.001 0.003 0.002 0.077 0.061 0.057 0.522 0 0.001 0.063 0.001 0.001 0.001 0.002 1
