1 0.799 0.848 0.43 0.417 0.158 0.102 0.28 0.305 0.256 0.128 0.023 0.045 0.596 0.564 0.292 0.298 0.049 0.021 0.624 0.006 0.136 0.114 0.411 0.311 0.008 0.025 0.145 0.038 0.036 0.351 0.25 0.156 0.006 0.046 0.056 0.047 0.149 0.017 0.01 0.073 0.006 0.005 0.058 0.037 0.008 0.089 0.009 0.015 0.01 0.009 0 0.008 0.003 0.021 0.017 0.012 0.009 0.013 0.002 0.009 0 0.011 0.01 0.015 0.001 0.008 0.004 0.005 0.009 0.007 0.004 0.001 0.021 0.008 0.005 0.006
0.799 1 0.922 0.402 0.418 0.194 0.126 0.344 0.273 0.315 0.157 0.019 0.056 0.663 0.627 0.318 0.327 0.06 0.017 0.674 0.002 0.116 0.101 0.42 0.296 0.019 0.02 0.179 0.047 0.044 0.404 0.264 0.168 0.005 0.059 0.064 0.068 0.156 0.014 0.023 0.081 0.007 0.009 0.046 0.042 0.005 0.081 0.013 0.014 0.011 0.01 0 0.012 0.002 0.027 0.024 0.009 0.002 0.012 0.005 0.007 0.007 0.015 0.015 0.033 0.004 0.012 0.002 0.003 0.008 0.01 0.002 0.001 0.027 0.012 0.003 0.004
0.848 0.922 1 0.431 0.485 0.183 0.118 0.325 0.3 0.297 0.148 0.02 0.053 0.704 0.665 0.339 0.346 0.057 0.019 0.732 0.003 0.118 0.105 0.483 0.333 0.02 0.022 0.169 0.044 0.042 0.414 0.266 0.168 0.005 0.055 0.072 0.061 0.155 0.015 0.023 0.081 0.005 0.01 0.069 0.044 0.003 0.074 0.011 0.017 0.013 0.012 0 0.01 0.004 0.025 0.022 0.01 0.001 0.015 0.003 0.008 0 0.013 0.009 0.035 0.002 0.014 0.004 0.003 0.009 0.01 0.004 0.001 0.025 0.01 0.003 0.004
0.43 0.402 0.431 1 0.212 0.074 0.045 0.147 0.822 0.134 0.067 0.044 0.024 0.29 0.267 0.154 0.154 0.029 0.041 0.303 0.03 0.291 0.326 0.211 0.642 0.002 0.041 0.066 0.02 0.018 0.175 0.569 0.378 0.033 0.016 0.007 0.005 0.468 0.034 0.242 0 0.007 0.023 0.026 0.001 0.237 0.22 0.009 0.005 0.062 0.061 0.029 0.006 0.012 0.007 0.005 0.018 0.001 0.006 0.042 0.017 0.002 0.003 0.031 0.038 0.036 0.004 0.012 0.011 0.028 0 0.013 0 0.007 0 0.005 0.016
0.417 0.418 0.485 0.212 1 0.019 0.012 0.446 0.259 0.449 0.183 0.011 0.005 0.528 0.493 0.474 0.494 0.106 0.01 0.553 0.027 0.079 0.121 0.832 0.266 0.01 0.012 0.019 0.005 0.005 0.657 0.177 0.134 0.006 0.009 0.155 0.13 0.111 0.009 0.057 0.022 0 0.007 0 0.051 0.017 0.052 0.004 0.005 0.033 0.031 0.005 0.002 0.002 0.006 0.004 0.005 0.006 0.004 0.022 0.004 0.002 0.004 0.008 0.019 0.021 0.003 0.001 0.004 0.008 0.004 0.001 0 0.006 0.003 0.005 0.006
0.158 0.194 0.183 0.074 0.019 1 0.648 0.011 0.08 0.01 0.005 0.004 0.288 0.167 0.158 0.012 0.013 0.002 0.003 0.175 0.01 0.02 0.034 0.021 0.085 0.004 0.004 0.928 0.241 0.24 0.02 0.08 0.058 0 0.329 0.017 0.016 0.044 0.002 0.005 0.018 0.014 0.002 0.245 0.03 0.004 0.018 0.096 0.016 0.013 0.013 0.018 0.078 0.002 0.17 0.002 0.002 0.039 0.01 0.001 0.001 0.002 0.096 0.001 0.006 0.001 0.008 0.002 0.002 0 0.001 0.003 0.001 0.177 0.08 0.002 0.002
0.102 0.126 0.118 0.045 0.012 0.648 1 0.007 0.058 0.007 0.003 0.002 0.001 0.118 0.111 0.008 0.008 0.001 0.002 0.123 0.007 0.016 0.026 0.014 0.061 0.003 0.003 0.637 0.372 0.372 0.013 0.055 0.038 0.002 0.513 0.011 0.01 0.027 0.001 0.013 0.062 0.009 0.001 0.386 0.017 0.028 0.012 0.115 0.046 0.008 0.008 0.011 0.095 0 0.264 0.001 0.001 0.066 0.033 0 0.001 0.001 0.149 0 0.004 0 0.029 0 0.001 0.002 0 0 0.001 0.274 0.099 0.001 0.001
0.28 0.344 0.325 0.147 0.446 0.011 0.007 1 0.152 0.916 0.456 0.006 0.003 0.314 0.296 0.902 0.764 0.004 0.006 0.333 0.015 0.047 0.071 0.5 0.165 0.007 0.007 0.011 0.003 0.003 0.506 0.151 0.088 0.003 0.005 0.2 0.217 0.103 0.005 0.015 0.051 0.022 0.004 0.007 0.152 0.069 0.052 0.003 0 0.019 0.019 0.004 0.004 0.002 0.004 0.004 0.002 0.003 0.001 0.024 0.003 0.003 0.003 0.011 0.011 0.024 0.002 0.003 0.002 0.004 0.005 0.003 0 0.004 0.004 0.005 0.003
0.305 0.273 0.3 0.822 0.259 0.08 0.058 0.152 1 0.138 0.073 0.04 0.026 0.348 0.319 0.16 0.16 0.032 0.03 0.367 0.094 0.283 0.429 0.252 0.744 0.003 0.031 0.081 0.022 0.019 0.195 0.643 0.431 0.036 0.023 0.009 0.006 0.529 0.032 0.263 0.004 0.03 0.024 0.029 0.006 0.257 0.243 0.015 0.022 0.121 0.122 0.067 0.011 0.037 0.008 0.021 0.016 0 0.024 0.085 0.016 0.003 0.004 0.032 0.043 0.079 0.019 0.038 0.017 0.031 0.019 0.034 0 0.008 0.002 0.002 0.026
0.256 0.315 0.297 0.134 0.449 0.01 0.007 0.916 0.138 1 0.495 0.006 0.003 0.286 0.27 0.823 0.694 0.004 0.005 0.304 0.013 0.043 0.064 0.456 0.15 0.007 0.006 0.01 0.002 0.003 0.461 0.136 0.077 0.003 0.005 0.161 0.175 0.092 0.005 0.013 0.039 0.028 0.004 0.006 0.132 0.055 0.056 0.003 0.001 0.017 0.016 0.007 0.004 0.003 0.003 0.004 0.002 0.003 0.002 0.021 0.002 0.003 0.002 0.01 0.01 0.021 0.003 0.005 0.002 0.004 0.004 0.006 0 0.003 0.004 0.005 0.003
0.128 0.157 0.148 0.067 0.183 0.005 0.003 0.456 0.073 0.495 1 0.003 0.001 0.147 0.139 0.413 0.401 0.002 0.003 0.156 0.008 0.021 0.034 0.23 0.078 0.003 0.003 0.005 0.001 0.001 0.241 0.082 0.036 0.001 0.002 0.075 0.081 0.057 0.003 0.001 0.017 0.018 0.002 0.003 0.042 0.037 0.029 0.002 0.001 0.009 0.009 0.002 0.002 0 0.002 0.002 0.002 0.002 0.001 0.011 0.001 0.002 0.001 0.004 0.005 0.011 0.001 0.001 0.002 0.001 0.002 0.001 0.001 0.002 0.002 0.002 0.002
0.023 0.019 0.02 0.044 0.011 0.004 0.002 0.006 0.04 0.006 0.003 1 0.001 0.008 0.003 0.007 0.007 0.001 0.002 0.009 0.277 0.015 0.061 0.012 0.038 0.002 0.002 0.004 0.001 0.001 0.008 0.024 0.031 0.001 0.003 0.01 0.009 0.037 0.002 0.012 0.081 0.109 0.001 0.001 0.042 0.026 0.002 0.001 0.117 0.155 0.122 0.105 0.001 0.105 0.005 0.007 0.22 0.037 0.104 0.128 0.292 0.001 0.01 0.001 0.004 0.112 0.102 0.068 0.067 0.002 0.046 0.066 0.001 0.006 0.001 0.002 0.103
0.045 0.056 0.053 0.024 0.005 0.288 0.001 0.003 0.026 0.003 0.001 0.001 1 0.052 0.049 0.003 0.004 0.001 0.001 0.056 0.003 0.007 0.012 0.006 0.028 0.001 0.001 0.288 0 0.001 0.006 0.029 0.023 0.007 0.001 0.005 0.005 0.02 0.001 0.09 0.013 0.005 0.001 0.001 0.011 0.02 0.011 0.003 0.006 0.004 0.004 0.006 0.002 0.006 0 0.001 0.001 0.001 0.007 0.005 0 0.001 0 0.002 0.002 0.005 0.006 0.006 0.001 0.004 0.001 0.006 0 0 0.002 0.001 0.001
0.596 0.663 0.704 0.29 0.528 0.167 0.118 0.314 0.348 0.286 0.147 0.008 0.052 1 0.913 0.339 0.346 0.065 0.01 0.818 0.033 0.11 0.158 0.559 0.377 0.02 0.013 0.172 0.044 0.05 0.434 0.285 0.215 0.005 0.058 0.097 0.084 0.2 0.015 0.022 0.061 0.001 0.005 0.071 0.027 0.007 0.078 0.014 0.002 0.046 0.05 0.01 0.013 0.001 0.027 0.004 0.013 0.005 0.003 0.02 0.002 0 0.016 0.006 0.027 0.019 0.002 0 0.012 0.009 0.003 0 0 0.029 0.013 0.002 0.016
0.564 0.627 0.665 0.267 0.493 0.158 0.111 0.296 0.319 0.27 0.139 0.003 0.049 0.913 1 0.32 0.327 0.061 0.011 0.785 0.027 0.115 0.155 0.53 0.344 0.008 0.014 0.164 0.041 0.048 0.423 0.266 0.199 0.006 0.077 0.092 0.08 0.186 0.016 0.028 0.059 0.002 0.004 0.089 0.026 0.004 0.061 0.013 0.002 0.052 0.056 0.014 0.012 0.002 0.045 0.004 0.014 0.004 0.003 0.025 0.002 0.004 0.034 0.007 0.035 0.024 0.002 0.001 0.013 0.008 0.004 0.001 0 0.045 0.012 0.002 0.017
0.292 0.318 0.339 0.154 0.474 0.012 0.008 0.902 0.16 0.823 0.413 0.007 0.003 0.339 0.32 1 0.827 0.004 0.006 0.36 0.019 0.05 0.079 0.536 0.18 0.008 0.007 0.012 0.003 0.003 0.544 0.166 0.1 0.003 0.006 0.232 0.191 0.114 0.005 0.016 0.059 0.016 0.004 0.001 0.164 0.057 0.054 0.004 0.003 0.024 0.023 0.002 0.004 0.007 0.004 0.004 0.005 0.004 0.005 0.012 0.003 0.004 0.003 0.002 0.011 0.011 0.006 0.008 0.005 0.004 0.004 0.01 0 0.004 0.004 0.006 0.006
0.298 0.327 0.346 0.154 0.494 0.013 0.008 0.764 0.16 0.694 0.401 0.007 0.004 0.346 0.327 0.827 1 0.005 0.007 0.39 0.021 0.054 0.085 0.581 0.195 0.008 0.008 0.013 0.003 0.004 0.59 0.181 0.111 0.003 0.006 0.274 0.233 0.124 0.006 0.019 0.073 0.013 0.004 0.001 0.163 0.071 0.06 0.004 0.002 0.026 0.025 0.001 0.005 0.005 0.004 0.004 0.005 0.004 0.003 0.013 0.003 0.004 0.003 0.003 0.012 0.013 0.003 0.006 0.005 0.005 0.004 0.007 0.002 0.004 0.005 0.006 0.006
0.049 0.06 0.057 0.029 0.106 0.002 0.001 0.004 0.032 0.004 0.002 0.001 0.001 0.065 0.061 0.004 0.005 1 0.001 0.069 0.004 0.009 0.015 0.104 0.034 0 0.001 0.002 0.001 0.001 0.109 0.036 0.029 0.001 0.001 0.006 0.005 0.025 0.001 0.007 0.016 0.006 0.001 0.001 0.013 0.012 0.002 0 0.008 0.005 0.005 0.007 0 0.007 0.001 0 0.001 0.001 0.008 0.006 0.001 0.001 0.001 0.003 0.002 0.005 0.008 0.007 0.001 0.001 0.001 0.007 0 0.001 0 0.001 0.001
0.021 0.017 0.019 0.041 0.01 0.003 0.002 0.006 0.03 0.005 0.003 0.002 0.001 0.01 0.011 0.006 0.007 0.001 1 0.018 0.331 0.014 0.08 0.012 0.035 0.002 0.857 0.003 0.001 0.001 0.011 0.03 0.038 0.001 0.002 0.009 0.009 0.044 0.002 0.009 0.071 0.207 0.001 0.002 0.047 0.021 0.02 0.001 0.138 0.211 0.209 0.162 0.001 0.154 0.001 0.001 0.001 0.001 0.096 0.182 0.001 0.001 0.001 0.402 0.003 0.167 0.139 0.15 0.001 0.002 0.001 0.148 0.001 0.001 0.001 0.002 0.001
0.624 0.674 0.732 0.303 0.553 0.175 0.123 0.333 0.367 0.304 0.156 0.009 0.056 0.818 0.785 0.36 0.39 0.069 0.018 1 0.039 0.136 0.197 0.653 0.454 0.019 0.019 0.175 0.047 0.044 0.531 0.336 0.218 0.005 0.056 0.081 0.069 0.203 0.013 0.023 0.045 0.001 0.011 0.071 0.022 0.005 0.088 0.016 0.001 0.054 0.056 0.012 0.015 0.001 0.025 0.009 0.013 0.004 0.001 0.025 0.007 0 0.014 0.009 0.033 0.025 0.001 0.001 0.013 0.008 0.004 0.001 0.001 0.027 0.014 0.002 0.016
0.006 0.002 0.003 0.03 0.027 0.01 0.007 0.015 0.094 0.013 0.008 0.277 0.003 0.033 0.027 0.019 0.021 0.004 0.331 0.039 1 0.041 0.237 0.035 0.103 0.007 0.355 0.01 0.002 0.003 0.029 0.082 0.104 0.004 0 0.028 0.025 0.119 0.005 0.03 0.213 0.503 0.002 0 0.15 0.066 0.023 0.003 0.412 0.599 0.541 0.438 0.004 0.418 0.001 0.136 0.044 0.008 0.33 0.477 0.119 0.003 0.002 0.225 0.01 0.464 0.393 0.371 0.053 0.005 0.144 0.342 0.002 0.001 0.004 0.003 0.075
0.136 0.116 0.118 0.291 0.079 0.02 0.016 0.047 0.283 0.043 0.021 0.015 0.007 0.11 0.115 0.05 0.054 0.009 0.014 0.136 0.041 1 0.471 0.09 0.256 0.018 0.012 0.027 0.006 0.007 0.06 0.22 0.058 0.011 0.013 0.025 0.027 0.08 0.072 0.076 0.005 0.037 0.063 0.016 0.009 0.027 0.139 0.001 0.026 0.005 0.002 0.011 0 0.019 0.008 0.006 0 0.007 0.017 0.007 0.003 0.003 0.006 0.002 0.011 0.007 0.023 0.011 0 0.005 0.007 0.012 0.002 0.009 0.003 0.007 0.003
0.114 0.101 0.105 0.326 0.121 0.034 0.026 0.071 0.429 0.064 0.034 0.061 0.012 0.158 0.155 0.079 0.085 0.015 0.08 0.197 0.237 0.471 1 0.144 0.411 0.028 0.094 0.042 0.01 0.012 0.102 0.342 0.159 0.017 0.009 0.003 0.004 0.202 0.022 0.121 0.084 0.119 0.042 0.013 0.049 0.087 0.026 0.004 0.108 0.25 0.246 0.155 0.002 0.124 0.004 0.033 0.023 0.004 0.096 0.185 0.034 0.007 0.001 0.085 0.023 0.181 0.086 0.123 0.029 0.012 0.034 0.113 0 0.004 0 0.001 0.056
0.411 0.42 0.483 0.211 0.832 0.021 0.014 0.5 0.252 0.456 0.23 0.012 0.006 0.559 0.53 0.536 0.581 0.104 0.012 0.653 0.035 0.09 0.144 1 0.315 0.012 0.013 0.021 0.005 0.006 0.808 0.222 0.139 0.009 0.01 0.168 0.145 0.142 0.01 0.046 0.019 0 0.007 0 0.068 0.017 0.055 0.003 0.004 0.045 0.043 0.003 0.002 0.001 0.007 0.006 0.009 0.006 0.003 0.033 0.005 0.001 0.004 0.01 0.021 0.032 0.002 0.001 0.008 0.011 0.008 0 0 0.007 0.002 0.006 0.011
0.311 0.296 0.333 0.642 0.266 0.085 0.061 0.165 0.744 0.15 0.078 0.038 0.028 0.377 0.344 0.18 0.195 0.034 0.035 0.454 0.103 0.256 0.411 0.315 1 0.04 0.041 0.087 0.023 0.021 0.261 0.824 0.588 0.031 0.025 0.015 0.011 0.534 0.027 0.168 0.003 0.038 0.02 0.032 0.006 0.198 0.209 0.013 0.027 0.141 0.136 0.057 0.007 0.046 0.01 0.02 0.022 0 0.027 0.098 0.015 0.003 0.005 0.041 0.001 0.095 0.025 0.046 0.02 0.028 0.021 0.043 0 0.01 0.001 0.002 0.032
0.008 0.019 0.02 0.002 0.01 0.004 0.003 0.007 0.003 0.007 0.003 0.002 0.001 0.02 0.008 0.008 0.008 0 0.002 0.019 0.007 0.018 0.028 0.012 0.04 1 0.003 0.004 0.001 0.001 0.011 0.038 0.048 0 0.002 0.011 0.011 0.001 0.002 0.038 0.02 0.007 0 0.002 0.005 0.008 0.001 0.001 0.003 0 0 0.002 0.002 0.002 0.001 0.001 0.002 0.001 0.004 0.001 0.001 0.08 0.001 0.001 0.129 0.001 0.003 0.003 0.002 0 0.002 0.002 0.001 0.001 0.002 0.002 0.002
0.025 0.02 0.022 0.041 0.012 0.004 0.003 0.007 0.031 0.006 0.003 0.002 0.001 0.013 0.014 0.007 0.008 0.001 0.857 0.019 0.355 0.012 0.094 0.013 0.041 0.003 1 0.004 0.001 0.001 0.013 0.036 0.045 0.002 0.002 0.011 0.01 0.052 0.002 0.011 0.074 0.221 0.001 0.002 0.046 0.025 0.018 0.001 0.146 0.228 0.21 0.174 0.001 0.164 0.001 0.001 0.001 0.001 0.091 0.181 0.001 0.001 0.001 0.435 0.004 0.174 0.148 0.16 0.001 0.002 0.002 0.16 0.001 0.001 0.002 0.002 0.001
0.145 0.179 0.169 0.066 0.019 0.928 0.637 0.011 0.081 0.01 0.005 0.004 0.288 0.172 0.164 0.012 0.013 0.002 0.003 0.175 0.01 0.027 0.042 0.021 0.087 0.004 0.004 1 0.241 0.24 0.02 0.091 0.068 0 0.362 0.017 0.015 0.052 0.002 0.005 0.024 0.014 0.002 0.293 0.026 0.004 0.024 0.096 0.022 0.013 0.013 0.018 0.078 0.002 0.223 0.002 0.003 0.039 0.014 0.001 0.001 0.002 0.129 0.001 0.006 0.001 0.012 0.003 0.002 0 0.001 0.003 0.001 0.22 0.08 0.002 0.003
0.038 0.047 0.044 0.02 0.005 0.241 0.372 0.003 0.022 0.002 0.001 0.001 0 0.044 0.041 0.003 0.003 0.001 0.001 0.047 0.002 0.006 0.01 0.005 0.023 0.001 0.001 0.241 1 0.87 0.005 0.016 0.012 0.001 0.266 0.004 0.004 0.01 0 0.005 0.024 0.004 0.001 0.07 0.009 0.011 0.004 0.111 0.005 0.003 0.003 0.005 0.093 0.003 0.08 0.001 0.001 0 0.003 0.002 0 0.001 0.118 0.002 0.002 0.002 0.003 0.003 0.001 0.001 0 0.003 0 0.083 0.102 0.001 0.001
0.036 0.044 0.042 0.018 0.005 0.24 0.372 0.003 0.019 0.003 0.001 0.001 0.001 0.05 0.048 0.003 0.004 0.001 0.001 0.044 0.003 0.007 0.012 0.006 0.021 0.001 0.001 0.24 0.87 1 0.006 0.015 0.015 0.001 0.28 0.002 0.002 0.013 0 0.006 0.028 0.004 0.001 0.083 0.01 0.008 0.006 0.095 0.006 0.004 0.004 0.005 0.08 0.002 0.068 0.001 0.001 0.005 0.004 0.001 0 0.001 0.102 0 0.002 0.001 0.004 0.002 0.001 0.001 0 0.001 0 0.071 0.087 0 0.001
0.351 0.404 0.414 0.175 0.657 0.02 0.013 0.506 0.195 0.461 0.241 0.008 0.006 0.434 0.423 0.544 0.59 0.109 0.011 0.531 0.029 0.06 0.102 0.808 0.261 0.011 0.013 0.02 0.005 0.006 1 0.285 0.199 0.008 0.01 0.238 0.211 0.203 0.01 0.043 0.04 0.001 0.007 0 0.101 0.035 0.074 0.005 0.002 0.039 0.038 0.002 0.006 0 0.007 0.005 0.008 0.006 0.002 0.028 0.005 0.007 0.004 0.007 0.02 0.03 0.001 0 0.008 0.01 0.007 0 0 0.007 0.006 0.009 0.01
0.25 0.264 0.266 0.569 0.177 0.08 0.055 0.151 0.643 0.136 0.082 0.024 0.029 0.285 0.266 0.166 0.181 0.036 0.03 0.336 0.082 0.22 0.342 0.222 0.824 0.038 0.036 0.091 0.016 0.015 0.285 1 0.737 0.033 0.048 0.031 0.027 0.678 0.029 0.187 0 0.035 0.022 0.06 0 0.253 0.268 0.014 0.015 0.135 0.13 0.052 0.008 0.04 0.033 0.019 0.019 0 0.014 0.09 0.014 0.02 0.024 0.039 0.002 0.088 0.013 0.04 0.019 0.029 0.02 0.037 0.001 0.033 0.001 0.004 0.028
0.156 0.168 0.168 0.378 0.134 0.058 0.038 0.088 0.431 0.077 0.036 0.031 0.023 0.215 0.199 0.1 0.111 0.029 0.038 0.218 0.104 0.058 0.159 0.139 0.588 0.048 0.045 0.068 0.012 0.015 0.199 0.737 1 0.026 0.036 0.207 0.204 0.85 0.035 0.113 0.026 0.07 0.019 0.048 0.001 0.336 0.234 0.008 0.044 0.16 0.143 0.089 0.003 0.075 0.026 0.024 0.017 0 0.033 0.107 0.018 0.025 0.017 0.045 0 0.105 0.036 0.067 0.016 0.022 0.028 0.071 0.01 0.027 0 0.004 0.028
0.006 0.005 0.005 0.033 0.006 0 0.002 0.003 0.036 0.003 0.001 0.001 0.007 0.005 0.006 0.003 0.003 0.001 0.001 0.005 0.004 0.011 0.017 0.009 0.031 0 0.002 0 0.001 0.001 0.008 0.033 0.026 1 0.001 0.007 0.006 0.029 0.001 0.126 0.018 0.006 0.001 0.001 0.015 0.057 0.015 0.023 0.009 0.006 0.006 0.008 0.018 0.008 0.001 0.001 0.001 0.001 0.01 0.007 0.001 0.001 0.001 0.003 0.003 0.007 0.009 0.009 0.001 0.765 0.001 0.008 0 0.001 0.001 0.001 0.001
0.046 0.059 0.055 0.016 0.009 0.329 0.513 0.005 0.023 0.005 0.002 0.003 0.001 0.058 0.077 0.006 0.006 0.001 0.002 0.056 0 0.013 0.009 0.01 0.025 0.002 0.002 0.362 0.266 0.28 0.01 0.048 0.036 0.001 1 0.008 0.008 0.034 0.001 0.01 0.064 0.007 0.001 0.332 0.005 0.021 0.017 0.162 0.04 0.007 0.007 0.009 0.135 0 0.266 0.001 0.001 0.055 0.031 0 0.001 0.001 0.318 0 0.003 0 0.026 0 0.001 0.002 0.001 0 0 0.259 0.128 0 0.001
0.056 0.064 0.072 0.007 0.155 0.017 0.011 0.2 0.009 0.161 0.075 0.01 0.005 0.097 0.092 0.232 0.274 0.006 0.009 0.081 0.028 0.025 0.003 0.168 0.015 0.011 0.011 0.017 0.004 0.002 0.238 0.031 0.207 0.007 0.008 1 0.918 0.179 0.009 0.055 0.303 0.037 0.101 0 0.181 0.179 0.019 0.005 0.036 0.033 0.026 0.039 0.006 0.024 0.006 0.006 0.002 0.004 0.024 0.017 0.004 0.005 0.004 0.005 0.017 0.016 0.029 0.019 0.002 0.009 0.006 0.022 0.024 0.006 0.007 0 0.003
0.047 0.068 0.061 0.005 0.13 0.016 0.01 0.217 0.006 0.175 0.081 0.009 0.005 0.084 0.08 0.191 0.233 0.005 0.009 0.069 0.025 0.027 0.004 0.145 0.011 0.011 0.01 0.015 0.004 0.002 0.211 0.027 0.204 0.006 0.008 0.918 1 0.179 0.008 0.051 0.294 0.034 0.109 0.008 0.167 0.207 0.019 0.005 0.052 0.031 0.023 0.036 0.006 0.039 0.005 0.005 0.002 0.004 0.037 0.031 0.004 0.005 0.003 0.015 0.016 0.03 0.043 0.032 0.001 0.008 0.007 0.036 0.026 0.004 0.006 0.003 0.003
0.149 0.156 0.155 0.468 0.111 0.044 0.027 0.103 0.529 0.092 0.057 0.037 0.02 0.2 0.186 0.114 0.124 0.025 0.044 0.203 0.119 0.08 0.202 0.142 0.534 0.001 0.052 0.052 0.01 0.013 0.203 0.678 0.85 0.029 0.034 0.179 0.179 1 0.041 0.228 0.013 0.065 0.016 0.042 0 0.415 0.291 0.008 0.044 0.187 0.167 0.086 0.003 0.074 0.023 0.027 0.021 0.001 0.034 0.131 0.02 0.026 0.015 0.056 0.03 0.128 0.036 0.066 0.019 0.024 0.032 0.068 0.009 0.023 0 0.006 0.033
0.017 0.014 0.015 0.034 0.009 0.002 0.001 0.005 0.032 0.005 0.003 0.002 0.001 0.015 0.016 0.005 0.006 0.001 0.002 0.013 0.005 0.072 0.022 0.01 0.027 0.002 0.002 0.002 0 0 0.01 0.029 0.035 0.001 0.001 0.009 0.008 0.041 1 0.01 0.012 0.004 0.001 0.001 0.006 0.011 0.012 0.001 0.001 0 0 0 0.001 0.005 0.001 0.001 0.001 0 0.001 0 0.001 0.001 0.001 0.001 0 0 0.006 0.001 0.001 0.002 0 0.001 0 0.001 0.001 0.027 0.002
0.01 0.023 0.023 0.242 0.057 0.005 0.013 0.015 0.263 0.013 0.001 0.012 0.09 0.022 0.028 0.016 0.019 0.007 0.009 0.023 0.03 0.076 0.121 0.046 0.168 0.038 0.011 0.005 0.005 0.006 0.043 0.187 0.113 0.126 0.01 0.055 0.051 0.228 0.01 1 0.144 0.029 0.007 0.012 0.08 0.371 0.103 0.001 0.051 0.046 0.044 0.04 0 0.043 0.007 0.007 0.008 0.006 0.052 0.055 0.005 0.007 0.004 0.025 0.197 0.055 0.049 0.045 0.008 0.125 0.009 0.04 0.003 0.006 0.004 0 0.01
0.073 0.081 0.081 0 0.022 0.018 0.062 0.051 0.004 0.039 0.017 0.081 0.013 0.061 0.059 0.059 0.073 0.016 0.071 0.045 0.213 0.005 0.084 0.019 0.003 0.02 0.074 0.024 0.024 0.028 0.04 0 0.026 0.018 0.064 0.303 0.294 0.013 0.012 0.144 1 0.149 0.045 0.082 0.371 0.005 0.056 0.002 0.225 0.195 0.172 0.101 0 0.151 0.045 0.045 0.033 0.042 0.18 0.206 0.032 0.012 0.031 0.077 0.033 0.201 0.174 0.137 0.021 0.023 0.057 0.124 0.007 0.045 0 0.01 0.024
0.006 0.007 0.005 0.007 0 0.014 0.009 0.022 0.03 0.028 0.018 0.109 0.005 0.001 0.002 0.016 0.013 0.006 0.207 0.001 0.503 0.037 0.119 0 0.038 0.007 0.221 0.014 0.004 0.004 0.001 0.035 0.07 0.006 0.007 0.037 0.034 0.065 0.004 0.029 0.149 1 0.005 0.009 0.242 0.085 0.038 0.005 0.564 0.58 0.547 0.702 0.006 0.647 0.005 0.115 0.068 0.016 0.501 0.468 0.079 0.005 0.003 0.166 0.016 0.446 0.522 0.603 0.069 0.008 0.132 0.597 0.002 0.005 0.006 0.007 0.084
0.005 0.009 0.01 0.023 0.007 0.002 0.001 0.004 0.024 0.004 0.002 0.001 0.001 0.005 0.004 0.004 0.004 0.001 0.001 0.011 0.002 0.063 0.042 0.007 0.02 0 0.001 0.002 0.001 0.001 0.007 0.022 0.019 0.001 0.001 0.101 0.109 0.016 0.001 0.007 0.045 0.005 1 0.001 0 0.003 0.03 0.001 0.008 0.005 0.005 0.007 0.001 0.007 0.001 0.001 0.001 0 0.002 0.006 0 0.001 0.001 0.003 0.002 0.006 0.008 0.001 0.001 0.001 0.001 0.007 0 0.001 0.001 0 0.001
0.058 0.046 0.069 0.026 0 0.245 0.386 0.007 0.029 0.006 0.003 0.001 0.001 0.071 0.089 0.001 0.001 0.001 0.002 0.071 0 0.016 0.013 0 0.032 0.002 0.002 0.293 0.07 0.083 0 0.06 0.048 0.001 0.332 0 0.008 0.042 0.001 0.012 0.082 0.009 0.001 1 0 0.026 0.022 0.001 0.159 0.008 0.008 0.011 0.001 0.01 0.558 0.001 0.002 0.073 0.129 0.015 0.001 0.001 0.369 0.01 0.004 0.015 0.119 0.009 0.001 0.002 0 0.008 0.001 0.556 0.001 0.002 0.002
0.037 0.042 0.044 0.001 0.051 0.03 0.017 0.152 0.006 0.132 0.042 0.042 0.011 0.027 0.026 0.164 0.163 0.013 0.047 0.022 0.15 0.009 0.049 0.068 0.006 0.005 0.046 0.026 0.009 0.01 0.101 0 0.001 0.015 0.005 0.181 0.167 0 0.006 0.08 0.371 0.242 0 0 1 0.002 0.05 0.012 0.232 0.201 0.191 0.241 0.014 0.244 0.001 0.044 0.022 0.01 0.231 0.193 0.031 0.002 0 0.074 0.039 0.175 0.2 0.236 0.022 0.019 0.045 0.246 0.008 0.002 0.014 0.01 0.03
0.008 0.005 0.003 0.237 0.017 0.004 0.028 0.069 0.257 0.055 0.037 0.026 0.02 0.007 0.004 0.057 0.071 0.012 0.021 0.005 0.066 0.027 0.087 0.017 0.198 0.008 0.025 0.004 0.011 0.008 0.035 0.253 0.336 0.057 0.021 0.179 0.207 0.415 0.011 0.371 0.005 0.085 0.003 0.026 0.002 1 0.164 0.001 0.165 0.102 0.098 0.138 0.002 0.146 0.015 0.015 0.018 0.012 0.168 0.121 0.01 0.015 0.011 0.055 0.145 0.121 0.161 0.15 0.017 0.053 0.019 0.138 0.018 0.015 0.012 0.001 0.022
0.089 0.081 0.074 0.22 0.052 0.018 0.012 0.052 0.243 0.056 0.029 0.002 0.011 0.078 0.061 0.054 0.06 0.002 0.02 0.088 0.023 0.139 0.026 0.055 0.209 0.001 0.018 0.024 0.004 0.006 0.074 0.268 0.234 0.015 0.017 0.019 0.019 0.291 0.012 0.103 0.056 0.038 0.03 0.022 0.05 0.164 1 0.011 0.074 0.031 0.029 0.052 0.006 0.049 0.012 0.001 0.002 0.011 0.055 0.034 0.001 0.046 0.009 0.038 0.026 0.033 0.059 0.042 0 0.009 0 0.047 0.004 0.012 0 0.01 0.003
0.009 0.013 0.011 0.009 0.004 0.096 0.115 0.003 0.015 0.003 0.002 0.001 0.003 0.014 0.013 0.004 0.004 0 0.001 0.016 0.003 0.001 0.004 0.003 0.013 0.001 0.001 0.096 0.111 0.095 0.005 0.014 0.008 0.023 0.162 0.005 0.005 0.008 0.001 0.001 0.002 0.005 0.001 0.001 0.012 0.001 0.011 1 0.007 0.004 0.004 0.006 0.85 0.006 0.001 0.001 0.001 0.001 0.007 0.005 0 0.001 0 0.002 0.002 0.005 0.007 0.007 0.001 0.017 0.001 0.006 0 0.001 0.515 0.008 0.001
0.015 0.014 0.017 0.005 0.005 0.016 0.046 0 0.022 0.001 0.001 0.117 0.006 0.002 0.002 0.003 0.002 0.008 0.138 0.001 0.412 0.026 0.108 0.004 0.027 0.003 0.146 0.022 0.005 0.006 0.002 0.015 0.044 0.009 0.04 0.036 0.052 0.044 0.001 0.051 0.225 0.564 0.008 0.159 0.232 0.165 0.074 0.007 1 0.616 0.567 0.673 0.009 0.756 0.088 0.087 0.041 0.077 0.855 0.644 0.061 0.008 0.062 0.32 0.024 0.635 0.835 0.74 0.049 0.012 0.115 0.726 0.004 0.089 0.009 0.011 0.094
0.01 0.011 0.013 0.062 0.033 0.013 0.008 0.019 0.121 0.017 0.009 0.155 0.004 0.046 0.052 0.024 0.026 0.005 0.211 0.054 0.599 0.005 0.25 0.045 0.141 0 0.228 0.013 0.003 0.004 0.039 0.135 0.16 0.006 0.007 0.033 0.031 0.187 0 0.046 0.195 0.58 0.005 0.008 0.201 0.102 0.031 0.004 0.616 1 0.909 0.726 0.005 0.656 0.005 0.142 0.074 0.032 0.522 0.799 0.1 0.005 0.002 0.378 0.015 0.786 0.511 0.625 0.086 0.007 0.169 0.615 0.002 0.005 0.005 0.007 0.157
0.009 0.01 0.012 0.061 0.031 0.013 0.008 0.019 0.122 0.016 0.009 0.122 0.004 0.05 0.056 0.023 0.025 0.005 0.209 0.056 0.541 0.002 0.246 0.043 0.136 0 0.21 0.013 0.003 0.004 0.038 0.13 0.143 0.006 0.007 0.026 0.023 0.167 0 0.044 0.172 0.547 0.005 0.008 0.191 0.098 0.029 0.004 0.567 0.909 1 0.702 0.005 0.633 0.005 0.147 0.103 0.007 0.53 0.79 0.104 0.005 0.002 0.325 0.014 0.759 0.491 0.604 0.118 0.007 0.175 0.591 0.002 0.005 0.005 0.007 0.196
0 0 0 0.029 0.005 0.018 0.011 0.004 0.067 0.007 0.002 0.105 0.006 0.01 0.014 0.002 0.001 0.007 0.162 0.012 0.438 0.011 0.155 0.003 0.057 0.002 0.174 0.018 0.005 0.005 0.002 0.052 0.089 0.008 0.009 0.039 0.036 0.086 0 0.04 0.101 0.702 0.007 0.011 0.241 0.138 0.052 0.006 0.673 0.726 0.702 1 0.007 0.783 0.007 0.104 0.081 0.021 0.647 0.62 0.074 0.007 0.003 0.284 0.02 0.61 0.643 0.769 0.087 0.01 0.124 0.746 0.003 0.006 0.007 0.009 0.138
0.008 0.012 0.01 0.006 0.002 0.078 0.095 0.004 0.011 0.004 0.002 0.001 0.002 0.013 0.012 0.004 0.005 0 0.001 0.015 0.004 0 0.002 0.002 0.007 0.002 0.001 0.078 0.093 0.08 0.006 0.008 0.003 0.018 0.135 0.006 0.006 0.003 0.001 0 0 0.006 0.001 0.001 0.014 0.002 0.006 0.85 0.009 0.005 0.005 0.007 1 0.007 0.001 0.001 0.001 0.001 0.009 0.006 0.001 0.001 0.001 0.003 0.002 0.006 0.008 0.008 0.001 0.013 0.001 0.007 0 0.001 0.589 0.026 0.001
0.003 0.002 0.004 0.012 0.002 0.002 0 0.002 0.037 0.003 0 0.105 0.006 0.001 0.002 0.007 0.005 0.007 0.154 0.001 0.418 0.019 0.124 0.001 0.046 0.002 0.164 0.002 0.003 0.002 0 0.04 0.075 0.008 0 0.024 0.039 0.074 0.005 0.043 0.151 0.647 0.007 0.01 0.244 0.146 0.049 0.006 0.756 0.656 0.633 0.783 0.007 1 0.007 0.095 0.084 0.087 0.759 0.791 0.07 0.007 0.004 0.37 0.021 0.781 0.77 0.914 0.118 0.01 0.127 0.886 0.003 0.007 0.008 0.01 0.15
0.021 0.027 0.025 0.007 0.006 0.17 0.264 0.004 0.008 0.003 0.002 0.005 0 0.027 0.045 0.004 0.004 0.001 0.001 0.025 0.001 0.008 0.004 0.007 0.01 0.001 0.001 0.223 0.08 0.068 0.007 0.033 0.026 0.001 0.266 0.006 0.005 0.023 0.001 0.007 0.045 0.005 0.001 0.558 0.001 0.015 0.012 0.001 0.088 0.005 0.005 0.007 0.001 0.007 1 0.001 0.001 0.001 0.087 0.006 0 0.001 0.642 0.003 0.002 0.006 0.091 0.007 0.001 0.001 0.001 0.007 0 0.966 0.001 0.001 0.001
0.017 0.024 0.022 0.005 0.004 0.002 0.001 0.004 0.021 0.004 0.002 0.007 0.001 0.004 0.004 0.004 0.004 0 0.001 0.009 0.136 0.006 0.033 0.006 0.02 0.001 0.001 0.002 0.001 0.001 0.005 0.019 0.024 0.001 0.001 0.006 0.005 0.027 0.001 0.007 0.045 0.115 0.001 0.001 0.044 0.015 0.001 0.001 0.087 0.142 0.147 0.104 0.001 0.095 0.001 1 0 0.001 0.083 0.106 0.05 0.001 0.001 0.001 0.002 0.12 0.079 0.096 0 0.001 0.409 0.077 0 0.001 0.001 0.001 0
0.012 0.009 0.01 0.018 0.005 0.002 0.001 0.002 0.016 0.002 0.002 0.22 0.001 0.013 0.014 0.005 0.005 0.001 0.001 0.013 0.044 0 0.023 0.009 0.022 0.002 0.001 0.003 0.001 0.001 0.008 0.019 0.017 0.001 0.001 0.002 0.002 0.021 0.001 0.008 0.033 0.068 0.001 0.002 0.022 0.018 0.002 0.001 0.041 0.074 0.103 0.081 0.001 0.084 0.001 0 1 0.001 0.072 0.103 0.19 0.001 0.001 0.003 0.003 0.099 0.059 0.048 0.372 0.001 0.002 0.044 0 0.001 0.001 0.001 0.427
0.009 0.002 0.001 0.001 0.006 0.039 0.066 0.003 0 0.003 0.002 0.037 0.001 0.005 0.004 0.004 0.004 0.001 0.001 0.004 0.008 0.007 0.004 0.006 0 0.001 0.001 0.039 0 0.005 0.006 0 0 0.001 0.055 0.004 0.004 0.001 0 0.006 0.042 0.016 0 0.073 0.01 0.012 0.011 0.001 0.077 0.032 0.007 0.021 0.001 0.087 0.001 0.001 0.001 1 0.061 0.105 0 0.001 0 0.019 0.002 0.106 0.023 0.084 0.001 0.001 0.003 0.08 0 0.001 0.001 0.001 0.001
0.013 0.012 0.015 0.006 0.004 0.01 0.033 0.001 0.024 0.002 0.001 0.104 0.007 0.003 0.003 0.005 0.003 0.008 0.096 0.001 0.33 0.017 0.096 0.003 0.027 0.004 0.091 0.014 0.003 0.004 0.002 0.014 0.033 0.01 0.031 0.024 0.037 0.034 0.001 0.052 0.18 0.501 0.002 0.129 0.231 0.168 0.055 0.007 0.855 0.522 0.53 0.647 0.009 0.759 0.087 0.083 0.072 0.061 1 0.634 0.06 0.008 0.061 0.253 0.024 0.631 0.857 0.776 0.102 0.012 0.111 0.731 0.004 0.087 0.009 0.011 0.13
0.002 0.005 0.003 0.042 0.022 0.001 0 0.024 0.085 0.021 0.011 0.128 0.005 0.02 0.025 0.012 0.013 0.006 0.182 0.025 0.477 0.007 0.185 0.033 0.098 0.001 0.181 0.001 0.002 0.001 0.028 0.09 0.107 0.007 0 0.017 0.031 0.131 0 0.055 0.206 0.468 0.006 0.015 0.193 0.121 0.034 0.005 0.644 0.799 0.79 0.62 0.006 0.791 0.006 0.106 0.103 0.105 0.634 1 0.084 0.006 0.003 0.429 0.018 0.95 0.594 0.756 0.141 0.009 0.144 0.737 0.003 0.006 0.007 0.008 0.18
0.009 0.007 0.008 0.017 0.004 0.001 0.001 0.003 0.016 0.002 0.001 0.292 0 0.002 0.002 0.003 0.003 0.001 0.001 0.007 0.119 0.003 0.034 0.005 0.015 0.001 0.001 0.001 0 0 0.005 0.014 0.018 0.001 0.001 0.004 0.004 0.02 0.001 0.005 0.032 0.079 0 0.001 0.031 0.01 0.001 0 0.061 0.1 0.104 0.074 0.001 0.07 0 0.05 0.19 0 0.06 0.084 1 0 0 0.002 0.001 0.079 0.043 0.03 0.156 0.001 0.021 0.033 0 0 0.001 0.001 0.262
0 0.007 0 0.002 0.002 0.002 0.001 0.003 0.003 0.003 0.002 0.001 0.001 0 0.004 0.004 0.004 0.001 0.001 0 0.003 0.003 0.007 0.001 0.003 0.08 0.001 0.002 0.001 0.001 0.007 0.02 0.025 0.001 0.001 0.005 0.005 0.026 0.001 0.007 0.012 0.005 0.001 0.001 0.002 0.015 0.046 0.001 0.008 0.005 0.005 0.007 0.001 0.007 0.001 0.001 0.001 0.001 0.008 0.006 0 1 0.001 0.003 0.002 0.006 0.008 0.007 0.001 0.001 0.001 0.007 0 0.001 0.001 0.001 0.001
0.011 0.015 0.013 0.003 0.004 0.096 0.149 0.003 0.004 0.002 0.001 0.01 0 0.016 0.034 0.003 0.003 0.001 0.001 0.014 0.002 0.006 0.001 0.004 0.005 0.001 0.001 0.129 0.118 0.102 0.004 0.024 0.017 0.001 0.318 0.004 0.003 0.015 0.001 0.004 0.031 0.003 0.001 0.369 0 0.011 0.009 0 0.062 0.002 0.002 0.003 0.001 0.004 0.642 0.001 0.001 0 0.061 0.003 0 0.001 1 0.001 0.002 0.003 0.064 0.004 0.001 0.001 0 0.003 0 0.627 0.001 0.001 0.001
0.01 0.015 0.009 0.031 0.008 0.001 0 0.011 0.032 0.01 0.004 0.001 0.002 0.006 0.007 0.002 0.003 0.003 0.402 0.009 0.225 0.002 0.085 0.01 0.041 0.001 0.435 0.001 0.002 0 0.007 0.039 0.045 0.003 0 0.005 0.015 0.056 0.001 0.025 0.077 0.166 0.003 0.01 0.074 0.055 0.038 0.002 0.32 0.378 0.325 0.284 0.003 0.37 0.003 0.001 0.003 0.019 0.253 0.429 0.002 0.003 0.001 1 0.008 0.407 0.334 0.364 0.003 0.004 0.003 0.36 0.001 0.003 0.003 0.004 0.003
0.015 0.033 0.035 0.038 0.019 0.006 0.004 0.011 0.043 0.01 0.005 0.004 0.002 0.027 0.035 0.011 0.012 0.002 0.003 0.033 0.01 0.011 0.023 0.021 0.001 0.129 0.004 0.006 0.002 0.002 0.02 0.002 0 0.003 0.003 0.017 0.016 0.03 0 0.197 0.033 0.016 0.002 0.004 0.039 0.145 0.026 0.002 0.024 0.015 0.014 0.02 0.002 0.021 0.002 0.002 0.003 0.002 0.024 0.018 0.001 0.002 0.002 0.008 1 0.017 0.023 0.022 0.002 0.003 0.003 0.02 0.001 0.002 0.002 0.002 0.003
0.001 0.004 0.002 0.036 0.021 0.001 0 0.024 0.079 0.021 0.011 0.112 0.005 0.019 0.024 0.011 0.013 0.005 0.167 0.025 0.464 0.007 0.181 0.032 0.095 0.001 0.174 0.001 0.002 0.001 0.03 0.088 0.105 0.007 0 0.016 0.03 0.128 0 0.055 0.201 0.446 0.006 0.015 0.175 0.121 0.033 0.005 0.635 0.786 0.759 0.61 0.006 0.781 0.006 0.12 0.099 0.106 0.631 0.95 0.079 0.006 0.003 0.407 0.017 1 0.585 0.746 0.142 0.009 0.158 0.73 0.003 0.006 0.006 0.008 0.176
0.008 0.012 0.014 0.004 0.003 0.008 0.029 0.002 0.019 0.003 0.001 0.102 0.006 0.002 0.002 0.006 0.003 0.008 0.139 0.001 0.393 0.023 0.086 0.002 0.025 0.003 0.148 0.012 0.003 0.004 0.001 0.013 0.036 0.009 0.026 0.029 0.043 0.036 0.006 0.049 0.174 0.522 0.008 0.119 0.2 0.161 0.059 0.007 0.835 0.511 0.491 0.643 0.008 0.77 0.091 0.079 0.059 0.023 0.857 0.594 0.043 0.008 0.064 0.334 0.023 0.585 1 0.73 0.107 0.012 0.118 0.693 0.003 0.091 0.008 0.009 0.115
0.004 0.002 0.004 0.012 0.001 0.002 0 0.003 0.038 0.005 0.001 0.068 0.006 0 0.001 0.008 0.006 0.007 0.15 0.001 0.371 0.011 0.123 0.001 0.046 0.003 0.16 0.003 0.003 0.002 0 0.04 0.067 0.009 0 0.019 0.032 0.066 0.001 0.045 0.137 0.603 0.001 0.009 0.236 0.15 0.042 0.007 0.74 0.625 0.604 0.769 0.008 0.914 0.007 0.096 0.048 0.084 0.776 0.756 0.03 0.007 0.004 0.364 0.022 0.746 0.73 1 0.073 0.011 0.127 0.921 0.003 0.007 0.008 0.008 0.103
0.005 0.003 0.003 0.011 0.004 0.002 0.001 0.002 0.017 0.002 0.002 0.067 0.001 0.012 0.013 0.005 0.005 0.001 0.001 0.013 0.053 0 0.029 0.008 0.02 0.002 0.001 0.002 0.001 0.001 0.008 0.019 0.016 0.001 0.001 0.002 0.001 0.019 0.001 0.008 0.021 0.069 0.001 0.001 0.022 0.017 0 0.001 0.049 0.086 0.118 0.087 0.001 0.118 0.001 0 0.372 0.001 0.102 0.141 0.156 0.001 0.001 0.003 0.002 0.142 0.107 0.073 1 0.001 0.001 0.068 0 0.001 0.001 0.001 0.527
0.009 0.008 0.009 0.028 0.008 0 0.002 0.004 0.031 0.004 0.001 0.002 0.004 0.009 0.008 0.004 0.005 0.001 0.002 0.008 0.005 0.005 0.012 0.011 0.028 0 0.002 0 0.001 0.001 0.01 0.029 0.022 0.765 0.002 0.009 0.008 0.024 0.002 0.125 0.023 0.008 0.001 0.002 0.019 0.053 0.009 0.017 0.012 0.007 0.007 0.01 0.013 0.01 0.001 0.001 0.001 0.001 0.012 0.009 0.001 0.001 0.001 0.004 0.003 0.009 0.012 0.011 0.001 1 0.001 0.01 0 0.001 0.001 0.002 0.002
0.007 0.01 0.01 0 0.004 0.001 0 0.005 0.019 0.004 0.002 0.046 0.001 0.003 0.004 0.004 0.004 0.001 0.001 0.004 0.144 0.007 0.034 0.008 0.021 0.002 0.002 0.001 0 0 0.007 0.02 0.028 0.001 0.001 0.006 0.007 0.032 0 0.009 0.057 0.132 0.001 0 0.045 0.019 0 0.001 0.115 0.169 0.175 0.124 0.001 0.127 0.001 0.409 0.002 0.003 0.111 0.144 0.021 0.001 0 0.003 0.003 0.158 0.118 0.127 0.001 0.001 1 0.117 0 0.001 0.001 0.001 0
0.004 0.002 0.004 0.013 0.001 0.003 0 0.003 0.034 0.006 0.001 0.066 0.006 0 0.001 0.01 0.007 0.007 0.148 0.001 0.342 0.012 0.113 0 0.043 0.002 0.16 0.003 0.003 0.001 0 0.037 0.071 0.008 0 0.022 0.036 0.068 0.001 0.04 0.124 0.597 0.007 0.008 0.246 0.138 0.047 0.006 0.726 0.615 0.591 0.746 0.007 0.886 0.007 0.077 0.044 0.08 0.731 0.737 0.033 0.007 0.003 0.36 0.02 0.73 0.693 0.921 0.068 0.01 0.117 1 0.003 0.006 0.007 0.009 0.112
0.001 0.001 0.001 0 0 0.001 0.001 0 0 0 0.001 0.001 0 0 0 0 0.002 0 0.001 0.001 0.002 0.002 0 0 0 0.001 0.001 0.001 0 0 0 0.001 0.01 0 0 0.024 0.026 0.009 0 0.003 0.007 0.002 0 0.001 0.008 0.018 0.004 0 0.004 0.002 0.002 0.003 0 0.003 0 0 0 0 0.004 0.003 0 0 0 0.001 0.001 0.003 0.003 0.003 0 0 0 0.003 1 0 0 0 0
0.021 0.027 0.025 0.007 0.006 0.177 0.274 0.004 0.008 0.003 0.002 0.006 0 0.029 0.045 0.004 0.004 0.001 0.001 0.027 0.001 0.009 0.004 0.007 0.01 0.001 0.001 0.22 0.083 0.071 0.007 0.033 0.027 0.001 0.259 0.006 0.004 0.023 0.001 0.006 0.045 0.005 0.001 0.556 0.002 0.015 0.012 0.001 0.089 0.005 0.005 0.006 0.001 0.007 0.966 0.001 0.001 0.001 0.087 0.006 0 0.001 0.627 0.003 0.002 0.006 0.091 0.007 0.001 0.001 0.001 0.006 0 1 0.001 0.001 0.001
0.008 0.012 0.01 0 0.003 0.08 0.099 0.004 0.002 0.004 0.002 0.001 0.002 0.013 0.012 0.004 0.005 0 0.001 0.014 0.004 0.003 0 0.002 0.001 0.002 0.002 0.08 0.102 0.087 0.006 0.001 0 0.001 0.128 0.007 0.006 0 0.001 0.004 0 0.006 0.001 0.001 0.014 0.012 0 0.515 0.009 0.005 0.005 0.007 0.589 0.008 0.001 0.001 0.001 0.001 0.009 0.007 0.001 0.001 0.001 0.003 0.002 0.006 0.008 0.008 0.001 0.001 0.001 0.007 0 0.001 1 0.026 0.001
0.005 0.003 0.003 0.005 0.005 0.002 0.001 0.005 0.002 0.005 0.002 0.002 0.001 0.002 0.002 0.006 0.006 0.001 0.002 0.002 0.003 0.007 0.001 0.006 0.002 0.002 0.002 0.002 0.001 0 0.009 0.004 0.004 0.001 0 0 0.003 0.006 0.027 0 0.01 0.007 0 0.002 0.01 0.001 0.01 0.008 0.011 0.007 0.007 0.009 0.026 0.01 0.001 0.001 0.001 0.001 0.011 0.008 0.001 0.001 0.001 0.004 0.002 0.008 0.009 0.008 0.001 0.002 0.001 0.009 0 0.001 0.026 1 0.001
0.006 0.004 0.004 0.016 0.006 0.002 0.001 0.003 0.026 0.003 0.002 0.103 0.001 0.016 0.017 0.006 0.006 0.001 0.001 0.016 0.075 0.003 0.056 0.011 0.032 0.002 0.001 0.003 0.001 0.001 0.01 0.028 0.028 0.001 0.001 0.003 0.003 0.033 0.002 0.01 0.024 0.084 0.001 0.002 0.03 0.022 0.003 0.001 0.094 0.157 0.196 0.138 0.001 0.15 0.001 0 0.427 0.001 0.13 0.18 0.262 0.001 0.001 0.003 0.003 0.176 0.115 0.103 0.527 0.002 0 0.112 0 0.001 0.001 0.001 1
