1 0.747 0.755 0.451 0.279 0.215 0.142 0.224 0.316 0.197 0.114 0.033 0.059 0.514 0.466 0.205 0.208 0.037 0.027 0.565 0.015 0.091 0.114 0.255 0.3 0.008 0.033 0.172 0.071 0.072 0.218 0.254 0.114 0 0.023 0.024 0.014 0.102 0.026 0 0.036 0.003 0.014 0.058 0.011 0.01 0.032 0.01 0.01 0.008 0.007 0.001 0.016 0.003 0.022 0.037 0.008 0.005 0.014 0 0.013 0.013 0.017 0.001 0.007 0.001 0.006 0.002 0.001 0 0.024 0 0.006 0.02 0.022 0 0
0.747 1 0.932 0.453 0.32 0.288 0.189 0.3 0.303 0.263 0.152 0.024 0.078 0.645 0.569 0.221 0.227 0.05 0.02 0.603 0.005 0.114 0.113 0.294 0.297 0.023 0.024 0.233 0.095 0.096 0.25 0.25 0.105 0 0.035 0.025 0.027 0.087 0.019 0.01 0.057 0 0.024 0.046 0.013 0.004 0.027 0.017 0.011 0.005 0.005 0 0.024 0 0.035 0.051 0.005 0.007 0.007 0.003 0.01 0.009 0.027 0.021 0.023 0.001 0.005 0 0 0.001 0.031 0.002 0.004 0.032 0.033 0 0.003
0.755 0.932 1 0.456 0.355 0.27 0.178 0.28 0.309 0.246 0.143 0.026 0.074 0.664 0.585 0.26 0.265 0.047 0.022 0.623 0.007 0.106 0.111 0.328 0.331 0.024 0.026 0.219 0.089 0.09 0.283 0.281 0.123 0 0.032 0.035 0.021 0.103 0.02 0.007 0.061 0.001 0.026 0.078 0.017 0.003 0.034 0.015 0.018 0.007 0.007 0.001 0.022 0.001 0.032 0.047 0.006 0.007 0.012 0 0.01 0.01 0.024 0.009 0.025 0 0.004 0 0 0.002 0.032 0 0.005 0.029 0.03 0 0.004
0.451 0.453 0.456 1 0.201 0.126 0.081 0.14 0.813 0.123 0.071 0.055 0.037 0.339 0.323 0.158 0.158 0.025 0.043 0.307 0.043 0.276 0.359 0.173 0.633 0.001 0.047 0.097 0.044 0.045 0.159 0.567 0.271 0.03 0.007 0.001 0 0.334 0.041 0.243 0.002 0.029 0.056 0.029 0.005 0.177 0.128 0.009 0.004 0.048 0.049 0.03 0.013 0.019 0.009 0.02 0.016 0.001 0.008 0.033 0.022 0.022 0.007 0.034 0.035 0.024 0.014 0.021 0.006 0.034 0.01 0.027 0.011 0.008 0.01 0.005 0.018
0.279 0.32 0.355 0.201 1 0.024 0.016 0.564 0.244 0.51 0.282 0.01 0.007 0.452 0.411 0.643 0.659 0.107 0.01 0.447 0.034 0.075 0.137 0.772 0.262 0.011 0.011 0.023 0.008 0.008 0.628 0.197 0.129 0 0.008 0.179 0.133 0.109 0.009 0.017 0.028 0.008 0.01 0 0.058 0.046 0.02 0.004 0.01 0.031 0.03 0.01 0 0.004 0.009 0.002 0.004 0.003 0.016 0.018 0.005 0.006 0.008 0.003 0.01 0.012 0.022 0.007 0.005 0 0.002 0.004 0.001 0.009 0 0.002 0.009
0.215 0.288 0.27 0.126 0.024 1 0.658 0.015 0.138 0.013 0.008 0.008 0.272 0.27 0.237 0.017 0.018 0.003 0.006 0.248 0.022 0.017 0.047 0.024 0.114 0.007 0.007 0.805 0.33 0.331 0.024 0.106 0.038 0 0.137 0.035 0.033 0.031 0.006 0.008 0.001 0.023 0.008 0.183 0.058 0.006 0.013 0.077 0.011 0.023 0.023 0.027 0.052 0.008 0.146 0.004 0 0.04 0.01 0.006 0.003 0.003 0.11 0.009 0.008 0.006 0.004 0.009 0.001 0.001 0 0.007 0.003 0.154 0.07 0.006 0.002
0.142 0.189 0.178 0.081 0.016 0.658 1 0.01 0.098 0.008 0.005 0.006 0.003 0.189 0.166 0.011 0.012 0.002 0.004 0.171 0.015 0.009 0.027 0.016 0.071 0.004 0.005 0.507 0.501 0.503 0.016 0.064 0.016 0.002 0.217 0.023 0.022 0.013 0.004 0.017 0.024 0.015 0.006 0.295 0.038 0.05 0.004 0.045 0.04 0.015 0.015 0.017 0.03 0.002 0.233 0.002 0 0.064 0.038 0.001 0.002 0.002 0.176 0.004 0.005 0.001 0.021 0.002 0 0.001 0 0.001 0.002 0.243 0.047 0.001 0.001
0.224 0.3 0.28 0.14 0.564 0.015 0.01 1 0.152 0.872 0.506 0.005 0.004 0.292 0.256 0.769 0.758 0.002 0.006 0.289 0.021 0.047 0.085 0.54 0.174 0.007 0.007 0.014 0.005 0.005 0.543 0.168 0.102 0.003 0.005 0.234 0.247 0.097 0.006 0.012 0.061 0.001 0.009 0.009 0.119 0.104 0.032 0.003 0.009 0.022 0.022 0.001 0.004 0.004 0.006 0.004 0.002 0.002 0.013 0.027 0.003 0.003 0.005 0.014 0.005 0.027 0.012 0.008 0.003 0.001 0.004 0.006 0 0.005 0.004 0.007 0.005
0.316 0.303 0.309 0.813 0.244 0.138 0.098 0.152 1 0.133 0.079 0.049 0.041 0.414 0.398 0.172 0.173 0.028 0.022 0.379 0.117 0.259 0.468 0.213 0.749 0.002 0.025 0.117 0.049 0.05 0.176 0.648 0.337 0.033 0.012 0.004 0.001 0.411 0.037 0.272 0.01 0.07 0.05 0.034 0.015 0.213 0.168 0.016 0.026 0.119 0.122 0.085 0.019 0.054 0.011 0.019 0.014 0.002 0.035 0.083 0.019 0.022 0.009 0.029 0.041 0.072 0.047 0.065 0.018 0.038 0.011 0.051 0.01 0.01 0.016 0.002 0.033
0.197 0.263 0.246 0.123 0.51 0.013 0.008 0.872 0.133 1 0.577 0.008 0.004 0.255 0.224 0.658 0.673 0.002 0.005 0.253 0.018 0.042 0.074 0.462 0.153 0.006 0.007 0.012 0.004 0.004 0.464 0.147 0.088 0.004 0.004 0.186 0.197 0.085 0.005 0.009 0.046 0 0.008 0.007 0.093 0.083 0.04 0.003 0.006 0.019 0.019 0 0.003 0.002 0.005 0.004 0.002 0.002 0.009 0.024 0.003 0.003 0.004 0.013 0.004 0.023 0.008 0.005 0.002 0.001 0.004 0.004 0.001 0.005 0.003 0.006 0.004
0.114 0.152 0.143 0.071 0.282 0.008 0.005 0.506 0.079 0.577 1 0.004 0.002 0.152 0.133 0.397 0.419 0.001 0.003 0.15 0.012 0.024 0.045 0.25 0.091 0.003 0.004 0.007 0.003 0.002 0.256 0.091 0.051 0.011 0.003 0.079 0.082 0.054 0.003 0.001 0.014 0 0.004 0.005 0.053 0.039 0.032 0.002 0.001 0.013 0.012 0 0.002 0 0.003 0.002 0.002 0.001 0.003 0.015 0.002 0.002 0.003 0.007 0.003 0.015 0.003 0.001 0.002 0.006 0.002 0.001 0.001 0.003 0.002 0.004 0.004
0.033 0.024 0.026 0.055 0.01 0.008 0.006 0.005 0.049 0.008 0.004 1 0.002 0.017 0.004 0.006 0.006 0.002 0.003 0.012 0.265 0.026 0.058 0.01 0.042 0.004 0.004 0.008 0.003 0.003 0.007 0.016 0.03 0.002 0.023 0.015 0.014 0.037 0.003 0.017 0.082 0.114 0.005 0.01 0.029 0.039 0.015 0.002 0.136 0.142 0.126 0.1 0.002 0.083 0.016 0.001 0.211 0.021 0.108 0.097 0.171 0.002 0.023 0.002 0.001 0.086 0.11 0.077 0.063 0.002 0.007 0.084 0.001 0.018 0.002 0.004 0.077
0.059 0.078 0.074 0.037 0.007 0.272 0.003 0.004 0.041 0.004 0.002 0.002 1 0.078 0.069 0.005 0.005 0.001 0.002 0.074 0.006 0.012 0.023 0.007 0.045 0.002 0.002 0.281 0.001 0.001 0.006 0.044 0.03 0.002 0.001 0.01 0.009 0.026 0.002 0.128 0.028 0.006 0.002 0.002 0.016 0.042 0.015 0.031 0.011 0.007 0.006 0.007 0.022 0.009 0.002 0.001 0.001 0 0.011 0.008 0.001 0.001 0.001 0.004 0.002 0.008 0.011 0.009 0.001 0 0.001 0.008 0.001 0.001 0.022 0.008 0.002
0.514 0.645 0.664 0.339 0.452 0.27 0.189 0.292 0.414 0.255 0.152 0.017 0.078 1 0.872 0.338 0.343 0.054 0.016 0.797 0.064 0.098 0.201 0.407 0.423 0.014 0.02 0.235 0.095 0.096 0.317 0.345 0.19 0 0.037 0.055 0.038 0.178 0.019 0.003 0.027 0.036 0.021 0.086 0.004 0.015 0.041 0.021 0 0.069 0.074 0.038 0.029 0.013 0.036 0.012 0.007 0.015 0 0.032 0.008 0.004 0.031 0.009 0.022 0.026 0.006 0.017 0.009 0.001 0.005 0.013 0.004 0.034 0.038 0.001 0.017
0.466 0.569 0.585 0.323 0.411 0.237 0.166 0.256 0.398 0.224 0.133 0.004 0.069 0.872 1 0.296 0.3 0.047 0.019 0.698 0.046 0.114 0.195 0.38 0.385 0.006 0.023 0.205 0.083 0.084 0.3 0.358 0.196 0 0.08 0.049 0.033 0.188 0.022 0.002 0.03 0.039 0.022 0.124 0.007 0.013 0.045 0.018 0 0.073 0.078 0.043 0.024 0.017 0.073 0.008 0.009 0.013 0 0.037 0.009 0.001 0.071 0.013 0.021 0.031 0.003 0.021 0.011 0 0.003 0.017 0.005 0.071 0.032 0 0.019
0.205 0.221 0.26 0.158 0.643 0.017 0.011 0.769 0.172 0.658 0.397 0.006 0.005 0.338 0.296 1 0.887 0.003 0.007 0.334 0.026 0.053 0.1 0.533 0.203 0.008 0.008 0.016 0.006 0.005 0.535 0.196 0.121 0.002 0.006 0.234 0.173 0.115 0.006 0.004 0.053 0.003 0.01 0.001 0.111 0.086 0.021 0.003 0.002 0.028 0.027 0.003 0.004 0 0.007 0.005 0.004 0.002 0.003 0.012 0.003 0.004 0.005 0 0.006 0.01 0.01 0.001 0.005 0 0.003 0 0 0.006 0.004 0.008 0.008
0.208 0.227 0.265 0.158 0.659 0.018 0.012 0.758 0.173 0.673 0.419 0.006 0.005 0.343 0.3 0.887 1 0.003 0.007 0.353 0.028 0.056 0.105 0.57 0.215 0.008 0.009 0.017 0.006 0.006 0.575 0.203 0.125 0.002 0.006 0.252 0.189 0.118 0.007 0.005 0.061 0.003 0.01 0.001 0.115 0.093 0.024 0.004 0.002 0.027 0.027 0.003 0.005 0 0.007 0.005 0.005 0.002 0.004 0.012 0.004 0.004 0.006 0 0.006 0.01 0.01 0.001 0.006 0 0.003 0 0.003 0.007 0.005 0.009 0.008
0.037 0.05 0.047 0.025 0.107 0.003 0.002 0.002 0.028 0.002 0.001 0.002 0.001 0.054 0.047 0.003 0.003 1 0.001 0.053 0.004 0.008 0.016 0.112 0.032 0.001 0.001 0.003 0.001 0.001 0.096 0.025 0.022 0.001 0.001 0.003 0.003 0.019 0.001 0.006 0.013 0.004 0 0.002 0.008 0.009 0 0 0.008 0.004 0.004 0.005 0 0.006 0.001 0.001 0.001 0 0.008 0.005 0.001 0.001 0.001 0.003 0.002 0.002 0.007 0.006 0.001 0.001 0.001 0.005 0 0.001 0 0.001 0.001
0.027 0.02 0.022 0.043 0.01 0.006 0.004 0.006 0.022 0.005 0.003 0.003 0.002 0.016 0.019 0.007 0.007 0.001 1 0.021 0.263 0.018 0.069 0.01 0.034 0.003 0.816 0.005 0.002 0.002 0.009 0.033 0.049 0.001 0.002 0.014 0.013 0.057 0.002 0.012 0.057 0.247 0.003 0.004 0.033 0.031 0.022 0.001 0.141 0.221 0.244 0.211 0.001 0.176 0.002 0.002 0.001 0.001 0.122 0.188 0.001 0.001 0.002 0.366 0.003 0.175 0.148 0.175 0 0.002 0.002 0.195 0.001 0.002 0.001 0.003 0
0.565 0.603 0.623 0.307 0.447 0.248 0.171 0.289 0.379 0.253 0.15 0.012 0.074 0.797 0.698 0.334 0.353 0.053 0.021 1 0.061 0.088 0.186 0.429 0.427 0.023 0.024 0.219 0.094 0.095 0.342 0.339 0.163 0 0.028 0.043 0.027 0.14 0.017 0.003 0.02 0.025 0.025 0.075 0.004 0.009 0.037 0.021 0 0.05 0.049 0.025 0.028 0.002 0.028 0.013 0.013 0.008 0.001 0.012 0.01 0.012 0.023 0 0.024 0.009 0.001 0.005 0.015 0.002 0 0.004 0.004 0.032 0.037 0 0.005
0.015 0.005 0.007 0.043 0.034 0.022 0.015 0.021 0.117 0.018 0.012 0.265 0.006 0.064 0.046 0.026 0.028 0.004 0.263 0.061 1 0.057 0.239 0.037 0.128 0.01 0.299 0.021 0.007 0.007 0.033 0.09 0.143 0.005 0.004 0.053 0.05 0.167 0.008 0.045 0.196 0.609 0.012 0 0.127 0.12 0.03 0.004 0.504 0.698 0.68 0.592 0.006 0.473 0.001 0.141 0.044 0.005 0.431 0.523 0.125 0.005 0.004 0.161 0.007 0.513 0.497 0.496 0.126 0.007 0.099 0.433 0.004 0.002 0.006 0.007 0.11
0.091 0.114 0.106 0.276 0.075 0.017 0.009 0.047 0.259 0.042 0.024 0.026 0.012 0.098 0.114 0.053 0.056 0.008 0.018 0.088 0.057 1 0.456 0.076 0.229 0.02 0.018 0.043 0.015 0.015 0.059 0.202 0.014 0.01 0.015 0.063 0.069 0.027 0.119 0.074 0.003 0.045 0.16 0.028 0.003 0.001 0.104 0.002 0.068 0.026 0.025 0.03 0.002 0.026 0.016 0.013 0.006 0.005 0.039 0.018 0.009 0.005 0.015 0.001 0.008 0.02 0.036 0.021 0.008 0.009 0.01 0.024 0.028 0.017 0.001 0.034 0.001
0.114 0.113 0.111 0.359 0.137 0.047 0.027 0.085 0.468 0.074 0.045 0.058 0.023 0.201 0.195 0.1 0.105 0.016 0.069 0.186 0.239 0.456 1 0.141 0.449 0.038 0.083 0.08 0.028 0.028 0.115 0.362 0.124 0.019 0.004 0.005 0.008 0.172 0.055 0.149 0.095 0.16 0.083 0.019 0.055 0.067 0.014 0.007 0.095 0.235 0.231 0.182 0.008 0.143 0.006 0.033 0.008 0 0.106 0.183 0.032 0.012 0.003 0.081 0.018 0.175 0.124 0.154 0.035 0.02 0.022 0.131 0.012 0.006 0.006 0.006 0.053
0.255 0.294 0.328 0.173 0.772 0.024 0.016 0.54 0.213 0.462 0.25 0.01 0.007 0.407 0.38 0.533 0.57 0.112 0.01 0.429 0.037 0.076 0.141 1 0.274 0.011 0.012 0.023 0.008 0.008 0.823 0.203 0.124 0.005 0.008 0.217 0.166 0.113 0.009 0.042 0.036 0.006 0.01 0 0.086 0.032 0.029 0.002 0.007 0.037 0.036 0.007 0.001 0.002 0.01 0.006 0.006 0.003 0.01 0.022 0.005 0.006 0.006 0.002 0.01 0.016 0.018 0.004 0.007 0.008 0.005 0.002 0.001 0.009 0.001 0.002 0.011
0.3 0.297 0.331 0.633 0.262 0.114 0.071 0.174 0.749 0.153 0.091 0.042 0.045 0.423 0.385 0.203 0.215 0.032 0.034 0.427 0.128 0.229 0.449 0.274 1 0.038 0.041 0.137 0.057 0.058 0.248 0.8 0.501 0.037 0.016 0.012 0.005 0.442 0.026 0.205 0.004 0.075 0.042 0.042 0.009 0.196 0.159 0.015 0.023 0.134 0.131 0.087 0.015 0.06 0.015 0.022 0.021 0.003 0.03 0.094 0.016 0.019 0.013 0.035 0 0.086 0.05 0.07 0.024 0.043 0.013 0.057 0.008 0.014 0.013 0.001 0.038
0.008 0.023 0.024 0.001 0.011 0.007 0.004 0.007 0.002 0.006 0.003 0.004 0.002 0.014 0.006 0.008 0.008 0.001 0.003 0.023 0.01 0.02 0.038 0.011 0.038 1 0.003 0.006 0.002 0.002 0.011 0.038 0.056 0.001 0.002 0.016 0.014 0.002 0.002 0.036 0.039 0.011 0.001 0.004 0.017 0.004 0 0.001 0.014 0.007 0.007 0.009 0.002 0.011 0.003 0.002 0.002 0.001 0.014 0.009 0.001 0.194 0.002 0.003 0.162 0.01 0.013 0.011 0.002 0.001 0.002 0.01 0.001 0.002 0.002 0.003 0.003
0.033 0.024 0.026 0.047 0.011 0.007 0.005 0.007 0.025 0.007 0.004 0.004 0.002 0.02 0.023 0.008 0.009 0.001 0.816 0.024 0.299 0.018 0.083 0.012 0.041 0.003 1 0.007 0.002 0.002 0.012 0.041 0.06 0.002 0.002 0.017 0.016 0.069 0.003 0.014 0.062 0.282 0.004 0.004 0.038 0.038 0.023 0.001 0.16 0.256 0.261 0.241 0.002 0.201 0.003 0.002 0 0.001 0.13 0.201 0.001 0.002 0.002 0.428 0.004 0.201 0.168 0.199 0 0.002 0.002 0.223 0.001 0.003 0.002 0.003 0
0.172 0.233 0.219 0.097 0.023 0.805 0.507 0.014 0.117 0.012 0.007 0.008 0.281 0.235 0.205 0.016 0.017 0.003 0.005 0.219 0.021 0.043 0.08 0.023 0.137 0.006 0.007 1 0.352 0.353 0.022 0.118 0.068 0 0.175 0.033 0.025 0.059 0.005 0.009 0.007 0.021 0.008 0.264 0.049 0.004 0.035 0.083 0.026 0.022 0.021 0.025 0.056 0.01 0.232 0.003 0.003 0.043 0.019 0.008 0.002 0.003 0.16 0.008 0.008 0.008 0.009 0.011 0.004 0.002 0 0.009 0.002 0.218 0.075 0.007 0.006
0.071 0.095 0.089 0.044 0.008 0.33 0.501 0.005 0.049 0.004 0.003 0.003 0.001 0.095 0.083 0.006 0.006 0.001 0.002 0.094 0.007 0.015 0.028 0.008 0.057 0.002 0.002 0.352 1 0.99 0.008 0.022 0.011 0.001 0.093 0.012 0.011 0.009 0.002 0.01 0.016 0.008 0.003 0.154 0.021 0.026 0.005 0.023 0.021 0.008 0.008 0.009 0.016 0.005 0.144 0.001 0.001 0.008 0.015 0.004 0.001 0.001 0.182 0.005 0.003 0.004 0.004 0.005 0.001 0.002 0.001 0.004 0.001 0.146 0.034 0.003 0.002
0.072 0.096 0.09 0.045 0.008 0.331 0.503 0.005 0.05 0.004 0.002 0.003 0.001 0.096 0.084 0.005 0.006 0.001 0.002 0.095 0.007 0.015 0.028 0.008 0.058 0.002 0.002 0.353 0.99 1 0.008 0.022 0.012 0.001 0.096 0.011 0.011 0.009 0.002 0.01 0.017 0.008 0.003 0.156 0.021 0.026 0.005 0.023 0.021 0.008 0.008 0.009 0.015 0.005 0.142 0.001 0.001 0.01 0.015 0.004 0.001 0.001 0.18 0.004 0.003 0.004 0.004 0.005 0.001 0.002 0.001 0.004 0.001 0.144 0.034 0.003 0.002
0.218 0.25 0.283 0.159 0.628 0.024 0.016 0.543 0.176 0.464 0.256 0.007 0.006 0.317 0.3 0.535 0.575 0.096 0.009 0.342 0.033 0.059 0.115 0.823 0.248 0.011 0.012 0.022 0.008 0.008 1 0.248 0.165 0.005 0.008 0.275 0.218 0.152 0.009 0.041 0.054 0.004 0.014 0 0.11 0.046 0.04 0.004 0.006 0.033 0.033 0.006 0.005 0.001 0.009 0.006 0.006 0.003 0.009 0.019 0.005 0.005 0.006 0.001 0.009 0.015 0.015 0.003 0.007 0.007 0.005 0.002 0.001 0.009 0.006 0.011 0.011
0.254 0.25 0.281 0.567 0.197 0.106 0.064 0.168 0.648 0.147 0.091 0.016 0.044 0.345 0.358 0.196 0.203 0.025 0.033 0.339 0.09 0.202 0.362 0.203 0.8 0.038 0.041 0.118 0.022 0.022 0.248 1 0.604 0.036 0.057 0.014 0.009 0.539 0.032 0.205 0 0.079 0.049 0.1 0.003 0.208 0.196 0.015 0.009 0.138 0.136 0.091 0.005 0.063 0.065 0.023 0.021 0.003 0.013 0.097 0.016 0.019 0.056 0.037 0 0.089 0.027 0.073 0.024 0.043 0.013 0.06 0.003 0.065 0.001 0.015 0.038
0.114 0.105 0.123 0.271 0.129 0.038 0.016 0.102 0.337 0.088 0.051 0.03 0.03 0.19 0.196 0.121 0.125 0.022 0.049 0.163 0.143 0.014 0.124 0.124 0.501 0.056 0.06 0.068 0.011 0.012 0.165 0.604 1 0.024 0.031 0.279 0.263 0.853 0.047 0.114 0.044 0.139 0.06 0.067 0.006 0.429 0.168 0.008 0.046 0.201 0.198 0.159 0 0.127 0.044 0.033 0.03 0.001 0.052 0.159 0.024 0.029 0.037 0.063 0.001 0.149 0.078 0.137 0.036 0.028 0.023 0.12 0.018 0.044 0 0.014 0.056
0 0 0 0.03 0 0 0.002 0.003 0.033 0.004 0.011 0.002 0.002 0 0 0.002 0.002 0.001 0.001 0 0.005 0.01 0.019 0.005 0.037 0.001 0.002 0 0.001 0.001 0.005 0.036 0.024 1 0.001 0.008 0.007 0.023 0.001 0.108 0.023 0.005 0.002 0.002 0.014 0.04 0.014 0.009 0.009 0.005 0.005 0.006 0.006 0.007 0.001 0.001 0.001 0 0.009 0.006 0.001 0.001 0.001 0.003 0.001 0.007 0.009 0.007 0.001 0.545 0.001 0.006 0.001 0.001 0.001 0.001 0.001
0.023 0.035 0.032 0.007 0.008 0.137 0.217 0.005 0.012 0.004 0.003 0.023 0.001 0.037 0.08 0.006 0.006 0.001 0.002 0.028 0.004 0.015 0.004 0.008 0.016 0.002 0.002 0.175 0.093 0.096 0.008 0.057 0.031 0.001 1 0.012 0.011 0.034 0.002 0.01 0.047 0.008 0.003 0.279 0 0.026 0.02 0.1 0.05 0.008 0.008 0.009 0.071 0.001 0.277 0.001 0.001 0.043 0.047 0.001 0.001 0.001 0.271 0.001 0.003 0.001 0.042 0.002 0.001 0.001 0.001 0.001 0.001 0.255 0.07 0 0.002
0.024 0.025 0.035 0.001 0.179 0.035 0.023 0.234 0.004 0.186 0.079 0.015 0.01 0.055 0.049 0.234 0.252 0.003 0.014 0.043 0.053 0.063 0.005 0.217 0.012 0.016 0.017 0.033 0.012 0.011 0.275 0.014 0.279 0.008 0.012 1 0.91 0.237 0.013 0.072 0.299 0.054 0.222 0.002 0.202 0.262 0.009 0.003 0.061 0.055 0.054 0.061 0.009 0.044 0.014 0.009 0.009 0.004 0.056 0.041 0.007 0.008 0.011 0.009 0.015 0.038 0.075 0.041 0.01 0.011 0.008 0.037 0.064 0.013 0.009 0.005 0.016
0.014 0.027 0.021 0 0.133 0.033 0.022 0.247 0.001 0.197 0.082 0.014 0.009 0.038 0.033 0.173 0.189 0.003 0.013 0.027 0.05 0.069 0.008 0.166 0.005 0.014 0.016 0.025 0.011 0.011 0.218 0.009 0.263 0.007 0.011 0.91 1 0.23 0.012 0.068 0.281 0.051 0.237 0.017 0.174 0.298 0.008 0.003 0.085 0.052 0.051 0.059 0.008 0.071 0.01 0.009 0.008 0.004 0.08 0.063 0.007 0.008 0.007 0.03 0.014 0.065 0.081 0.067 0.01 0.01 0.01 0.064 0.069 0.009 0.008 0.005 0.015
0.102 0.087 0.103 0.334 0.109 0.031 0.013 0.097 0.411 0.085 0.054 0.037 0.026 0.178 0.188 0.115 0.118 0.019 0.057 0.14 0.167 0.027 0.172 0.113 0.442 0.002 0.069 0.059 0.009 0.009 0.152 0.539 0.853 0.023 0.034 0.237 0.23 1 0.054 0.205 0.024 0.153 0.052 0.058 0.001 0.507 0.214 0.01 0.059 0.232 0.227 0.176 0.001 0.145 0.038 0.039 0.035 0 0.066 0.189 0.028 0.013 0.032 0.075 0.024 0.178 0.094 0.156 0.041 0.025 0.028 0.136 0.016 0.038 0 0.019 0.064
0.026 0.019 0.02 0.041 0.009 0.006 0.004 0.006 0.037 0.005 0.003 0.003 0.002 0.019 0.022 0.006 0.007 0.001 0.002 0.017 0.008 0.119 0.055 0.009 0.026 0.002 0.003 0.005 0.002 0.002 0.009 0.032 0.047 0.001 0.002 0.013 0.012 0.054 1 0.009 0.015 0 0.003 0.003 0.007 0.015 0.026 0.001 0.003 0 0 0 0.001 0.002 0.001 0.002 0.001 0.001 0.003 0.001 0.001 0.001 0.002 0 0.003 0.001 0.003 0.001 0.002 0.002 0.002 0.001 0.001 0.002 0.001 0.017 0.003
0 0.01 0.007 0.243 0.017 0.008 0.017 0.012 0.272 0.009 0.001 0.017 0.128 0.003 0.002 0.004 0.005 0.006 0.012 0.003 0.045 0.074 0.149 0.042 0.205 0.036 0.014 0.009 0.01 0.01 0.041 0.205 0.114 0.108 0.01 0.072 0.068 0.205 0.009 1 0.209 0.041 0.017 0.018 0.111 0.342 0.095 0.004 0.075 0.049 0.048 0.048 0.001 0.059 0.01 0.008 0.008 0.004 0.075 0.059 0.006 0.007 0.01 0.028 0.158 0.061 0.071 0.059 0.009 0.133 0.009 0.052 0.005 0.011 0 0.001 0.014
0.036 0.057 0.061 0.002 0.028 0.001 0.024 0.061 0.01 0.046 0.014 0.082 0.028 0.027 0.03 0.053 0.061 0.013 0.057 0.02 0.196 0.003 0.095 0.036 0.004 0.039 0.062 0.007 0.016 0.017 0.054 0 0.044 0.023 0.047 0.299 0.281 0.024 0.015 0.209 1 0.154 0.082 0.088 0.356 0.003 0.078 0 0.26 0.184 0.18 0.131 0.002 0.135 0.054 0.039 0.026 0.017 0.208 0.167 0.029 0.022 0.043 0.058 0.035 0.165 0.19 0.14 0.028 0.032 0.036 0.132 0.021 0.054 0.002 0.021 0.015
0.003 0 0.001 0.029 0.008 0.023 0.015 0.001 0.07 0 0 0.114 0.006 0.036 0.039 0.003 0.003 0.004 0.247 0.025 0.609 0.045 0.16 0.006 0.075 0.011 0.282 0.021 0.008 0.008 0.004 0.079 0.139 0.005 0.008 0.054 0.051 0.153 0 0.041 0.154 1 0.013 0.014 0.171 0.128 0.053 0.005 0.566 0.741 0.749 0.819 0.006 0.662 0.009 0.103 0.06 0.001 0.458 0.571 0.096 0.005 0.007 0.216 0.008 0.543 0.529 0.638 0.118 0.007 0.072 0.6 0.004 0.009 0.006 0.011 0.106
0.014 0.024 0.026 0.056 0.01 0.008 0.006 0.009 0.05 0.008 0.004 0.005 0.002 0.021 0.022 0.01 0.01 0 0.003 0.025 0.012 0.16 0.083 0.01 0.042 0.001 0.004 0.008 0.003 0.003 0.014 0.049 0.06 0.002 0.003 0.222 0.237 0.052 0.003 0.017 0.082 0.013 1 0.005 0.012 0.05 0.035 0 0.023 0.014 0.014 0.016 0.002 0.019 0.003 0.002 0.002 0.001 0.02 0.017 0.002 0.002 0.003 0.008 0.005 0.017 0.022 0.015 0.003 0.003 0.002 0.017 0.001 0.003 0.002 0.001 0.004
0.058 0.046 0.078 0.029 0 0.183 0.295 0.009 0.034 0.007 0.005 0.01 0.002 0.086 0.124 0.001 0.001 0.002 0.004 0.075 0 0.028 0.019 0 0.042 0.004 0.004 0.264 0.154 0.156 0 0.1 0.067 0.002 0.279 0.002 0.017 0.058 0.003 0.018 0.088 0.014 0.005 1 0 0.049 0.038 0.002 0.22 0.015 0.014 0.015 0.002 0.003 0.633 0.002 0.002 0.069 0.188 0.003 0.002 0.002 0.504 0.006 0.005 0.004 0.104 0.002 0.003 0.003 0 0.003 0.002 0.615 0.002 0.004 0.004
0.011 0.013 0.017 0.005 0.058 0.058 0.038 0.119 0.015 0.093 0.053 0.029 0.016 0.004 0.007 0.111 0.115 0.008 0.033 0.004 0.127 0.003 0.055 0.086 0.009 0.017 0.038 0.049 0.021 0.021 0.11 0.003 0.006 0.014 0 0.202 0.174 0.001 0.007 0.111 0.356 0.171 0.012 0 1 0.007 0.046 0.013 0.144 0.156 0.157 0.172 0.017 0.16 0.001 0.023 0.013 0.001 0.129 0.147 0.031 0.005 0 0.072 0.036 0.132 0.117 0.153 0.036 0.02 0.016 0.131 0.034 0.003 0.017 0.03 0.029
0.01 0.004 0.003 0.177 0.046 0.006 0.05 0.104 0.213 0.083 0.039 0.039 0.042 0.015 0.013 0.086 0.093 0.009 0.031 0.009 0.12 0.001 0.067 0.032 0.196 0.004 0.038 0.004 0.026 0.026 0.046 0.208 0.429 0.04 0.026 0.262 0.298 0.507 0.015 0.342 0.003 0.128 0.05 0.049 0.007 1 0.117 0 0.223 0.131 0.129 0.149 0.002 0.179 0.032 0.022 0.021 0.01 0.222 0.159 0.016 0.018 0.026 0.076 0.088 0.163 0.212 0.18 0.025 0.048 0.023 0.16 0.029 0.03 0.006 0.006 0.036
0.032 0.027 0.034 0.128 0.02 0.013 0.004 0.032 0.168 0.04 0.032 0.015 0.015 0.041 0.045 0.021 0.024 0 0.022 0.037 0.03 0.104 0.014 0.029 0.159 0 0.023 0.035 0.005 0.005 0.04 0.196 0.168 0.014 0.02 0.009 0.008 0.214 0.026 0.095 0.078 0.053 0.035 0.038 0.046 0.117 1 0.007 0.103 0.043 0.042 0.051 0.001 0.04 0.022 0.007 0 0.007 0.062 0.03 0.01 0.029 0.02 0.021 0.028 0.032 0.055 0.035 0.009 0.018 0 0.045 0.009 0.023 0 0.058 0.002
0.01 0.017 0.015 0.009 0.004 0.077 0.045 0.003 0.016 0.003 0.002 0.002 0.031 0.021 0.018 0.003 0.004 0 0.001 0.021 0.004 0.002 0.007 0.002 0.015 0.001 0.001 0.083 0.023 0.023 0.004 0.015 0.008 0.009 0.1 0.003 0.003 0.01 0.001 0.004 0 0.005 0 0.002 0.013 0 0.007 1 0.008 0.005 0.005 0.005 0.646 0.006 0.001 0.001 0.001 0 0.008 0.005 0 0.001 0.001 0.003 0.002 0.005 0.007 0.006 0.001 0.005 0.001 0.005 0.001 0.001 0.476 0.044 0.001
0.01 0.011 0.018 0.004 0.01 0.011 0.04 0.009 0.026 0.006 0.001 0.136 0.011 0 0 0.002 0.002 0.008 0.141 0 0.504 0.068 0.095 0.007 0.023 0.014 0.16 0.026 0.021 0.021 0.006 0.009 0.046 0.009 0.05 0.061 0.085 0.059 0.003 0.075 0.26 0.566 0.023 0.22 0.144 0.223 0.103 0.008 1 0.589 0.578 0.636 0.01 0.656 0.138 0.098 0.029 0.043 0.829 0.58 0.07 0.009 0.111 0.252 0.016 0.578 0.786 0.635 0.079 0.013 0.105 0.58 0.007 0.135 0.01 0.02 0.069
0.008 0.005 0.007 0.048 0.031 0.023 0.015 0.022 0.119 0.019 0.013 0.142 0.007 0.069 0.073 0.028 0.027 0.004 0.221 0.05 0.698 0.026 0.235 0.037 0.134 0.007 0.256 0.022 0.008 0.008 0.033 0.138 0.201 0.005 0.008 0.055 0.052 0.232 0 0.049 0.184 0.741 0.014 0.015 0.156 0.131 0.043 0.005 0.589 1 0.96 0.839 0.006 0.675 0.01 0.166 0.058 0.005 0.502 0.753 0.12 0.005 0.007 0.289 0.008 0.734 0.569 0.693 0.139 0.007 0.138 0.609 0.004 0.009 0.006 0.011 0.131
0.007 0.005 0.007 0.049 0.03 0.023 0.015 0.022 0.122 0.019 0.012 0.126 0.006 0.074 0.078 0.027 0.027 0.004 0.244 0.049 0.68 0.025 0.231 0.036 0.131 0.007 0.261 0.021 0.008 0.008 0.033 0.136 0.198 0.005 0.008 0.054 0.051 0.227 0 0.048 0.18 0.749 0.014 0.014 0.157 0.129 0.042 0.005 0.578 0.96 1 0.825 0.006 0.663 0.01 0.169 0.061 0 0.506 0.758 0.122 0.005 0.007 0.272 0.008 0.721 0.559 0.681 0.143 0.007 0.141 0.596 0.004 0.009 0.006 0.011 0.134
0.001 0 0.001 0.03 0.01 0.027 0.017 0.001 0.085 0 0 0.1 0.007 0.038 0.043 0.003 0.003 0.005 0.211 0.025 0.592 0.03 0.182 0.007 0.087 0.009 0.241 0.025 0.009 0.009 0.006 0.091 0.159 0.006 0.009 0.061 0.059 0.176 0 0.048 0.131 0.819 0.016 0.015 0.172 0.149 0.051 0.005 0.636 0.839 0.825 1 0.007 0.746 0.011 0.146 0.052 0.004 0.53 0.648 0.105 0.006 0.008 0.268 0.009 0.631 0.599 0.73 0.096 0.009 0.121 0.649 0.005 0.01 0.007 0.013 0.114
0.016 0.024 0.022 0.013 0 0.052 0.03 0.004 0.019 0.003 0.002 0.002 0.022 0.029 0.024 0.004 0.005 0 0.001 0.028 0.006 0.002 0.008 0.001 0.015 0.002 0.002 0.056 0.016 0.015 0.005 0.005 0 0.006 0.071 0.009 0.008 0.001 0.001 0.001 0.002 0.006 0.002 0.002 0.017 0.002 0.001 0.646 0.01 0.006 0.006 0.007 1 0.008 0.002 0.001 0.001 0 0.01 0.007 0.001 0.001 0.001 0.004 0.002 0.008 0.01 0.008 0.001 0.003 0.001 0.007 0.001 0.001 0.662 0.114 0.002
0.003 0 0.001 0.019 0.004 0.008 0.002 0.004 0.054 0.002 0 0.083 0.009 0.013 0.017 0 0 0.006 0.176 0.002 0.473 0.026 0.143 0.002 0.06 0.011 0.201 0.01 0.005 0.005 0.001 0.063 0.127 0.007 0.001 0.044 0.071 0.145 0.002 0.059 0.135 0.662 0.019 0.003 0.16 0.179 0.04 0.006 0.656 0.675 0.663 0.746 0.008 1 0.013 0.102 0.057 0.054 0.69 0.853 0.089 0.007 0.01 0.394 0.018 0.851 0.699 0.933 0.136 0.01 0.109 0.885 0.006 0.012 0.008 0.016 0.194
0.022 0.035 0.032 0.009 0.009 0.146 0.233 0.006 0.011 0.005 0.003 0.016 0.002 0.036 0.073 0.007 0.007 0.001 0.002 0.028 0.001 0.016 0.006 0.01 0.015 0.003 0.003 0.232 0.144 0.142 0.009 0.065 0.044 0.001 0.277 0.014 0.01 0.038 0.001 0.01 0.054 0.009 0.003 0.633 0.001 0.032 0.022 0.001 0.138 0.01 0.01 0.011 0.002 0.013 1 0.002 0.002 0.001 0.138 0.012 0.001 0.001 0.766 0.006 0.003 0.012 0.104 0.013 0.002 0.002 0.002 0.012 0.001 0.933 0.002 0.003 0.003
0.037 0.051 0.047 0.02 0.002 0.004 0.002 0.004 0.019 0.004 0.002 0.001 0.001 0.012 0.008 0.005 0.005 0.001 0.002 0.013 0.141 0.013 0.033 0.006 0.022 0.002 0.002 0.003 0.001 0.001 0.006 0.023 0.033 0.001 0.001 0.009 0.009 0.039 0.002 0.008 0.039 0.103 0.002 0.002 0.023 0.022 0.007 0.001 0.098 0.166 0.169 0.146 0.001 0.102 0.002 1 0.003 0 0.082 0.126 0.01 0.001 0.001 0.001 0.002 0.136 0.103 0.123 0.002 0.001 0.435 0.05 0.001 0.002 0.001 0.002 0.001
0.008 0.005 0.006 0.016 0.004 0 0 0.002 0.014 0.002 0.002 0.211 0.001 0.007 0.009 0.004 0.005 0.001 0.001 0.013 0.044 0.006 0.008 0.006 0.021 0.002 0 0.003 0.001 0.001 0.006 0.021 0.03 0.001 0.001 0.009 0.008 0.035 0.001 0.008 0.026 0.06 0.002 0.002 0.013 0.021 0 0.001 0.029 0.058 0.061 0.052 0.001 0.057 0.002 0.003 1 0 0.044 0.065 0.213 0.001 0.001 0.004 0.002 0.058 0.037 0.05 0.176 0.001 0.001 0.056 0.001 0.001 0.001 0.002 0.299
0.005 0.007 0.007 0.001 0.003 0.04 0.064 0.002 0.002 0.002 0.001 0.021 0 0.015 0.013 0.002 0.002 0 0.001 0.008 0.005 0.005 0 0.003 0.003 0.001 0.001 0.043 0.008 0.01 0.003 0.003 0.001 0 0.043 0.004 0.004 0 0.001 0.004 0.017 0.001 0.001 0.069 0.001 0.01 0.007 0 0.043 0.005 0 0.004 0 0.054 0.001 0 0 1 0.037 0.06 0 0 0.001 0.008 0.001 0.059 0.027 0.047 0.001 0.001 0.016 0.05 0 0.001 0 0.001 0.001
0.014 0.007 0.012 0.008 0.016 0.01 0.038 0.013 0.035 0.009 0.003 0.108 0.011 0 0 0.003 0.004 0.008 0.122 0.001 0.431 0.039 0.106 0.01 0.03 0.014 0.13 0.019 0.015 0.015 0.009 0.013 0.052 0.009 0.047 0.056 0.08 0.066 0.003 0.075 0.208 0.458 0.02 0.188 0.129 0.222 0.062 0.008 0.829 0.502 0.506 0.53 0.01 0.69 0.138 0.082 0.044 0.037 1 0.65 0.072 0.009 0.111 0.291 0.022 0.646 0.864 0.715 0.109 0.013 0.088 0.654 0.007 0.135 0.01 0.019 0.155
0 0.003 0 0.033 0.018 0.006 0.001 0.027 0.083 0.024 0.015 0.097 0.008 0.032 0.037 0.012 0.012 0.005 0.188 0.012 0.523 0.018 0.183 0.022 0.094 0.009 0.201 0.008 0.004 0.004 0.019 0.097 0.159 0.006 0.001 0.041 0.063 0.189 0.001 0.059 0.167 0.571 0.017 0.003 0.147 0.159 0.03 0.005 0.58 0.753 0.758 0.648 0.007 0.853 0.012 0.126 0.065 0.06 0.65 1 0.1 0.007 0.009 0.423 0.016 0.929 0.635 0.864 0.153 0.009 0.134 0.797 0.005 0.011 0.007 0.014 0.219
0.013 0.01 0.01 0.022 0.005 0.003 0.002 0.003 0.019 0.003 0.002 0.171 0.001 0.008 0.009 0.003 0.004 0.001 0.001 0.01 0.125 0.009 0.032 0.005 0.016 0.001 0.001 0.002 0.001 0.001 0.005 0.016 0.024 0.001 0.001 0.007 0.007 0.028 0.001 0.006 0.029 0.096 0.002 0.002 0.031 0.016 0.01 0 0.07 0.12 0.122 0.105 0.001 0.089 0.001 0.01 0.213 0 0.072 0.1 1 0.001 0.001 0.003 0.002 0.09 0.062 0.079 0.3 0.001 0 0.089 0.001 0.001 0.001 0.001 0.399
0.013 0.009 0.01 0.022 0.006 0.003 0.002 0.003 0.022 0.003 0.002 0.002 0.001 0.004 0.001 0.004 0.004 0.001 0.001 0.012 0.005 0.005 0.012 0.006 0.019 0.194 0.002 0.003 0.001 0.001 0.005 0.019 0.029 0.001 0.001 0.008 0.008 0.013 0.001 0.007 0.022 0.005 0.002 0.002 0.005 0.018 0.029 0.001 0.009 0.005 0.005 0.006 0.001 0.007 0.001 0.001 0.001 0 0.009 0.007 0.001 1 0.001 0.003 0.002 0.007 0.009 0.008 0.001 0.001 0.001 0.007 0.001 0.001 0.001 0.002 0.002
0.017 0.027 0.024 0.007 0.008 0.11 0.176 0.005 0.009 0.004 0.003 0.023 0.001 0.031 0.071 0.005 0.006 0.001 0.002 0.023 0.004 0.015 0.003 0.006 0.013 0.002 0.002 0.16 0.182 0.18 0.006 0.056 0.037 0.001 0.271 0.011 0.007 0.032 0.002 0.01 0.043 0.007 0.003 0.504 0 0.026 0.02 0.001 0.111 0.007 0.007 0.008 0.001 0.01 0.766 0.001 0.001 0.001 0.111 0.009 0.001 0.001 1 0.003 0.003 0.009 0.077 0.01 0.001 0.001 0.001 0.009 0.001 0.726 0.001 0.002 0.002
0.001 0.021 0.009 0.034 0.003 0.009 0.004 0.014 0.029 0.013 0.007 0.002 0.004 0.009 0.013 0 0 0.003 0.366 0 0.161 0.001 0.081 0.002 0.035 0.003 0.428 0.008 0.005 0.004 0.001 0.037 0.063 0.003 0.001 0.009 0.03 0.075 0 0.028 0.058 0.216 0.008 0.006 0.072 0.076 0.021 0.003 0.252 0.289 0.272 0.268 0.004 0.394 0.006 0.001 0.004 0.008 0.291 0.423 0.003 0.003 0.003 1 0.008 0.425 0.295 0.415 0.004 0.004 0 0.39 0.002 0.005 0.004 0.007 0.008
0.007 0.023 0.025 0.035 0.01 0.008 0.005 0.005 0.041 0.004 0.003 0.001 0.002 0.022 0.021 0.006 0.006 0.002 0.003 0.024 0.007 0.008 0.018 0.01 0 0.162 0.004 0.008 0.003 0.003 0.009 0 0.001 0.001 0.003 0.015 0.014 0.024 0.003 0.158 0.035 0.008 0.005 0.005 0.036 0.088 0.028 0.002 0.016 0.008 0.008 0.009 0.002 0.018 0.003 0.002 0.002 0.001 0.022 0.016 0.002 0.002 0.003 0.008 1 0.016 0.021 0.018 0.002 0.003 0.002 0.016 0.001 0.003 0.002 0.002 0.004
0.001 0.001 0 0.024 0.012 0.006 0.001 0.027 0.072 0.023 0.015 0.086 0.008 0.026 0.031 0.01 0.01 0.002 0.175 0.009 0.513 0.02 0.175 0.016 0.086 0.01 0.201 0.008 0.004 0.004 0.015 0.089 0.149 0.007 0.001 0.038 0.065 0.178 0.001 0.061 0.165 0.543 0.017 0.004 0.132 0.163 0.032 0.005 0.578 0.734 0.721 0.631 0.008 0.851 0.012 0.136 0.058 0.059 0.646 0.929 0.09 0.007 0.009 0.425 0.016 1 0.633 0.861 0.151 0.009 0.144 0.795 0.005 0.011 0.008 0.014 0.206
0.006 0.005 0.004 0.014 0.022 0.004 0.021 0.012 0.047 0.008 0.003 0.11 0.011 0.006 0.003 0.01 0.01 0.007 0.148 0.001 0.497 0.036 0.124 0.018 0.05 0.013 0.168 0.009 0.004 0.004 0.015 0.027 0.078 0.009 0.042 0.075 0.081 0.094 0.003 0.071 0.19 0.529 0.022 0.104 0.117 0.212 0.055 0.007 0.786 0.569 0.559 0.599 0.01 0.699 0.104 0.103 0.037 0.027 0.864 0.635 0.062 0.009 0.077 0.295 0.021 0.633 1 0.718 0.115 0.012 0.11 0.642 0.007 0.1 0.01 0.015 0.149
0.002 0 0 0.021 0.007 0.009 0.002 0.008 0.065 0.005 0.001 0.077 0.009 0.017 0.021 0.001 0.001 0.006 0.175 0.005 0.496 0.021 0.154 0.004 0.07 0.011 0.199 0.011 0.005 0.005 0.003 0.073 0.137 0.007 0.002 0.041 0.067 0.156 0.001 0.059 0.14 0.638 0.015 0.002 0.153 0.18 0.035 0.006 0.635 0.693 0.681 0.73 0.008 0.933 0.013 0.123 0.05 0.047 0.715 0.864 0.079 0.008 0.01 0.415 0.018 0.861 0.718 1 0.126 0.01 0.13 0.884 0.006 0.012 0.008 0.012 0.183
0.001 0 0 0.006 0.005 0.001 0 0.003 0.018 0.002 0.002 0.063 0.001 0.009 0.011 0.005 0.006 0.001 0 0.015 0.126 0.008 0.035 0.007 0.024 0.002 0 0.004 0.001 0.001 0.007 0.024 0.036 0.001 0.001 0.01 0.01 0.041 0.002 0.009 0.028 0.118 0.003 0.003 0.036 0.025 0.009 0.001 0.079 0.139 0.143 0.096 0.001 0.136 0.002 0.002 0.176 0.001 0.109 0.153 0.3 0.001 0.001 0.004 0.002 0.151 0.115 0.126 1 0.001 0.001 0.139 0.001 0.002 0.001 0.002 0.486
0 0.001 0.002 0.034 0 0.001 0.001 0.001 0.038 0.001 0.006 0.002 0 0.001 0 0 0 0.001 0.002 0.002 0.007 0.009 0.02 0.008 0.043 0.001 0.002 0.002 0.002 0.002 0.007 0.043 0.028 0.545 0.001 0.011 0.01 0.025 0.002 0.133 0.032 0.007 0.003 0.003 0.02 0.048 0.018 0.005 0.013 0.007 0.007 0.009 0.003 0.01 0.002 0.001 0.001 0.001 0.013 0.009 0.001 0.001 0.001 0.004 0.003 0.009 0.012 0.01 0.001 1 0.001 0.009 0.001 0.002 0.001 0.002 0.002
0.024 0.031 0.032 0.01 0.002 0 0 0.004 0.011 0.004 0.002 0.007 0.001 0.005 0.003 0.003 0.003 0.001 0.002 0 0.099 0.01 0.022 0.005 0.013 0.002 0.002 0 0.001 0.001 0.005 0.013 0.023 0.001 0.001 0.008 0.01 0.028 0.002 0.009 0.036 0.072 0.002 0 0.016 0.023 0 0.001 0.105 0.138 0.141 0.121 0.001 0.109 0.002 0.435 0.001 0.016 0.088 0.134 0 0.001 0.001 0 0.002 0.144 0.11 0.13 0.001 0.001 1 0.081 0.001 0.002 0.001 0.002 0.001
0 0.002 0 0.027 0.004 0.007 0.001 0.006 0.051 0.004 0.001 0.084 0.008 0.013 0.017 0 0 0.005 0.195 0.004 0.433 0.024 0.131 0.002 0.057 0.01 0.223 0.009 0.004 0.004 0.002 0.06 0.12 0.006 0.001 0.037 0.064 0.136 0.001 0.052 0.132 0.6 0.017 0.003 0.131 0.16 0.045 0.005 0.58 0.609 0.596 0.649 0.007 0.885 0.012 0.05 0.056 0.05 0.654 0.797 0.089 0.007 0.009 0.39 0.016 0.795 0.642 0.884 0.139 0.009 0.081 1 0.005 0.011 0.008 0.014 0.206
0.006 0.004 0.005 0.011 0.001 0.003 0.002 0 0.01 0.001 0.001 0.001 0.001 0.004 0.005 0 0.003 0 0.001 0.004 0.004 0.028 0.012 0.001 0.008 0.001 0.001 0.002 0.001 0.001 0.001 0.003 0.018 0.001 0.001 0.064 0.069 0.016 0.001 0.005 0.021 0.004 0.001 0.002 0.034 0.029 0.009 0.001 0.007 0.004 0.004 0.005 0.001 0.006 0.001 0.001 0.001 0 0.007 0.005 0.001 0.001 0.001 0.002 0.001 0.005 0.007 0.006 0.001 0.001 0.001 0.005 1 0.001 0.001 0.001 0.001
0.02 0.032 0.029 0.008 0.009 0.154 0.243 0.005 0.01 0.005 0.003 0.018 0.001 0.034 0.071 0.006 0.007 0.001 0.002 0.032 0.002 0.017 0.006 0.009 0.014 0.002 0.003 0.218 0.146 0.144 0.009 0.065 0.044 0.001 0.255 0.013 0.009 0.038 0.002 0.011 0.054 0.009 0.003 0.615 0.003 0.03 0.023 0.001 0.135 0.009 0.009 0.01 0.001 0.012 0.933 0.002 0.001 0.001 0.135 0.011 0.001 0.001 0.726 0.005 0.003 0.011 0.1 0.012 0.002 0.002 0.002 0.011 0.001 1 0.001 0.003 0.003
0.022 0.033 0.03 0.01 0 0.07 0.047 0.004 0.016 0.003 0.002 0.002 0.022 0.038 0.032 0.004 0.005 0 0.001 0.037 0.006 0.001 0.006 0.001 0.013 0.002 0.002 0.075 0.034 0.034 0.006 0.001 0 0.001 0.07 0.009 0.008 0 0.001 0 0.002 0.006 0.002 0.002 0.017 0.006 0 0.476 0.01 0.006 0.006 0.007 0.662 0.008 0.002 0.001 0.001 0 0.01 0.007 0.001 0.001 0.001 0.004 0.002 0.008 0.01 0.008 0.001 0.001 0.001 0.008 0.001 0.001 1 0.12 0.002
0 0 0 0.005 0.002 0.006 0.001 0.007 0.002 0.006 0.004 0.004 0.008 0.001 0 0.008 0.009 0.001 0.003 0 0.007 0.034 0.006 0.002 0.001 0.003 0.003 0.007 0.003 0.003 0.011 0.015 0.014 0.001 0 0.005 0.005 0.019 0.017 0.001 0.021 0.011 0.001 0.004 0.03 0.006 0.058 0.044 0.02 0.011 0.011 0.013 0.114 0.016 0.003 0.002 0.002 0.001 0.019 0.014 0.001 0.002 0.002 0.007 0.002 0.014 0.015 0.012 0.002 0.002 0.002 0.014 0.001 0.003 0.12 1 0.003
0 0.003 0.004 0.018 0.009 0.002 0.001 0.005 0.033 0.004 0.004 0.077 0.002 0.017 0.019 0.008 0.008 0.001 0 0.005 0.11 0.001 0.053 0.011 0.038 0.003 0 0.006 0.002 0.002 0.011 0.038 0.056 0.001 0.002 0.016 0.015 0.064 0.003 0.014 0.015 0.106 0.004 0.004 0.029 0.036 0.002 0.001 0.069 0.131 0.134 0.114 0.002 0.194 0.003 0.001 0.299 0.001 0.155 0.219 0.399 0.002 0.002 0.008 0.004 0.206 0.149 0.183 0.486 0.002 0.001 0.206 0.001 0.003 0.002 0.003 1
