1 0.878 0.901 0.488 0.359 0.16 0.256 0.222 0.141 0.024 0.042 0.594 0.532 0.249 0.041 0.595 0.007 0.152 0.152 0.295 0.351 0.016 0.049 0.172 0.244 0.306 0.168 0.007 0.046 0.012 0.041 0.023 0.143 0.024 0.004 0.071 0 0.012 0.081 0.015 0.006 0.079 0.024 0.004 0.003 0 0.011 0.02 0.032 0.019 0.016 0 0.007 0.035 0.014 0.018 0.001 0.006 0.004 0 0.032 0.007 0 0.012 0.014 0.019 0.005
0.878 1 0.96 0.474 0.362 0.182 0.29 0.252 0.16 0.022 0.048 0.635 0.57 0.255 0.036 0.614 0.003 0.153 0.142 0.298 0.338 0.019 0.043 0.198 0.259 0.305 0.161 0.005 0.054 0.012 0.04 0.029 0.134 0.021 0.011 0.086 0 0.018 0.075 0.016 0.003 0.072 0.026 0.003 0.002 0 0.014 0.025 0.037 0.016 0.016 0.001 0.011 0.042 0.018 0.024 0.001 0.008 0.003 0 0.032 0.008 0 0.016 0.018 0.016 0.003
0.901 0.96 1 0.49 0.396 0.176 0.281 0.244 0.155 0.022 0.046 0.66 0.591 0.275 0.037 0.64 0.004 0.155 0.146 0.328 0.358 0.02 0.045 0.191 0.274 0.314 0.167 0.005 0.052 0.014 0.046 0.026 0.139 0.022 0.011 0.089 0 0.018 0.091 0.018 0.002 0.071 0.03 0.004 0.002 0 0.013 0.023 0.037 0.017 0.019 0.001 0.006 0.04 0.015 0.024 0.002 0.009 0.003 0 0.037 0.009 0.001 0.015 0.017 0.017 0.004
0.488 0.474 0.49 1 0.224 0.058 0.157 0.136 0.086 0.04 0.026 0.314 0.286 0.153 0.066 0.296 0.029 0.295 0.35 0.192 0.592 0.004 0.07 0.063 0.153 0.532 0.339 0.04 0.021 0.026 0.008 0.002 0.4 0.039 0.221 0 0.028 0.034 0.042 0.008 0.177 0.18 0.002 0.052 0.052 0.025 0.009 0.007 0.014 0.021 0.004 0.013 0.013 0.002 0.041 0.037 0.015 0.009 0.006 0.034 0.002 0.019 0.02 0.004 0.007 0.027 0.01
0.359 0.362 0.396 0.224 1 0.016 0.56 0.498 0.288 0.009 0.004 0.434 0.395 0.583 0.015 0.442 0.034 0.073 0.138 0.734 0.262 0.008 0.019 0.024 0.637 0.222 0.172 0.004 0.01 0.006 0.195 0.132 0.146 0.009 0.014 0.014 0.01 0.008 0 0.037 0.05 0.041 0.013 0.038 0.036 0.009 0.001 0.009 0.006 0.006 0.014 0.002 0.001 0.01 0.009 0.009 0.016 0.013 0.004 0.004 0.002 0.003 0.005 0.007 0.001 0.009 0.004
0.16 0.182 0.176 0.058 0.016 1 0.011 0.01 0.006 0.004 0.002 0.193 0.172 0.013 0.006 0.19 0.017 0.022 0.05 0.017 0.106 0.004 0.008 0.606 0.019 0.103 0.037 0.003 0.256 0.003 0.021 0.019 0.028 0.004 0.016 0.064 0.004 0.003 0.311 0.023 0.042 0.024 0.066 0.004 0.003 0.006 0.06 0.14 0.004 0.002 0.038 0.001 0.002 0.222 0 0.005 0.002 0.032 0.001 0.003 0.01 0.002 0.002 0.153 0.069 0.003 0.001
0.256 0.29 0.281 0.157 0.56 0.011 1 0.868 0.55 0.006 0.003 0.299 0.267 0.774 0.01 0.309 0.022 0.049 0.092 0.491 0.184 0.005 0.013 0.016 0.453 0.169 0.118 0.01 0.007 0.004 0.253 0.25 0.112 0.006 0.003 0.034 0.001 0.005 0.011 0.085 0.133 0.05 0.013 0.029 0.027 0.003 0.004 0.006 0.007 0.003 0.012 0.001 0.003 0.006 0.018 0.006 0.033 0.012 0.002 0.01 0.007 0.002 0.007 0.005 0.004 0.006 0.002
0.222 0.252 0.244 0.136 0.498 0.01 0.868 1 0.634 0.005 0.003 0.258 0.23 0.665 0.009 0.266 0.019 0.043 0.079 0.411 0.159 0.005 0.011 0.014 0.378 0.145 0.1 0.013 0.006 0.003 0.193 0.187 0.096 0.005 0.001 0.021 0 0.005 0.009 0.064 0.104 0.052 0.008 0.024 0.023 0.001 0.004 0.005 0.006 0.002 0.007 0.001 0.003 0.006 0.016 0.005 0.028 0.008 0.001 0.013 0.007 0.002 0.004 0.004 0.003 0.005 0.002
0.141 0.16 0.155 0.086 0.288 0.006 0.55 0.634 1 0.003 0.002 0.173 0.154 0.487 0.006 0.178 0.015 0.027 0.054 0.239 0.107 0.003 0.007 0.009 0.221 0.101 0.066 0.027 0.004 0.002 0.11 0.096 0.066 0.003 0 0.006 0.001 0.003 0.006 0.027 0.07 0.034 0.006 0.019 0.018 0.002 0.002 0.003 0.004 0.004 0.007 0.001 0.002 0.004 0.01 0.004 0.021 0.007 0.003 0.027 0.004 0.001 0.005 0.003 0.002 0.003 0.003
0.024 0.022 0.022 0.04 0.009 0.004 0.006 0.005 0.003 1 0.001 0.015 0.012 0.007 0.004 0.009 0.171 0.017 0.041 0.01 0.032 0.002 0.003 0.006 0.007 0.027 0.035 0.002 0 0.001 0.012 0.011 0.04 0.002 0.009 0.052 0.114 0.002 0.001 0.043 0.025 0.001 0.08 0.119 0.091 0.091 0.001 0 0.018 0.441 0.076 0.001 0.001 0 0 0.003 0.053 0.08 0.091 0.002 0.013 0.001 0.07 0 0.001 0.003 0.236
0.042 0.048 0.046 0.026 0.004 0.002 0.003 0.003 0.002 0.001 1 0.051 0.046 0.003 0.002 0.053 0.004 0.008 0.016 0.005 0.031 0.001 0.002 0.174 0.005 0.029 0.023 0.053 0 0.001 0.005 0.005 0.02 0.001 0.106 0.019 0.006 0.001 0.002 0.014 0.029 0.011 0.009 0.006 0.005 0.007 0.003 0.001 0.001 0.001 0.009 0.009 0.001 0.001 0.003 0.001 0.006 0.009 0.001 0 0.001 0 0.006 0.001 0.004 0 0.001
0.594 0.635 0.66 0.314 0.434 0.193 0.299 0.258 0.173 0.015 0.051 1 0.872 0.317 0.026 0.775 0.073 0.118 0.246 0.407 0.458 0.014 0.033 0.259 0.333 0.442 0.278 0.006 0.095 0.013 0.065 0.04 0.246 0.017 0.006 0.045 0.026 0.015 0.14 0.005 0.01 0.084 0.002 0.065 0.061 0.029 0.02 0.056 0.018 0.019 0 0.001 0.003 0.08 0.013 0.017 0.02 0 0.014 0 0 0.008 0.007 0.044 0.025 0.005 0.015
0.532 0.57 0.591 0.286 0.395 0.172 0.267 0.23 0.154 0.012 0.046 0.872 1 0.283 0.03 0.698 0.076 0.1 0.225 0.386 0.422 0.009 0.036 0.231 0.322 0.409 0.296 0.005 0.097 0.014 0.089 0.062 0.26 0.019 0.007 0.054 0.031 0 0.136 0.009 0.018 0.063 0.001 0.072 0.068 0.035 0.017 0.059 0.016 0.021 0 0.001 0 0.082 0.017 0.024 0.026 0 0.016 0 0 0.002 0.01 0.048 0.021 0.006 0.017
0.249 0.255 0.275 0.153 0.583 0.013 0.774 0.665 0.487 0.007 0.003 0.317 0.283 1 0.012 0.365 0.031 0.056 0.112 0.576 0.22 0.006 0.014 0.019 0.532 0.198 0.141 0.008 0.008 0.003 0.309 0.218 0.133 0.007 0.004 0.044 0.004 0.006 0 0.099 0.112 0.054 0.004 0.036 0.034 0.003 0.005 0.007 0.008 0.008 0.003 0.002 0.004 0.007 0.004 0.007 0.014 0.004 0.006 0.008 0.004 0.002 0.001 0.006 0.004 0.007 0.007
0.041 0.036 0.037 0.066 0.015 0.006 0.01 0.009 0.006 0.004 0.002 0.026 0.03 0.012 1 0.032 0.373 0.029 0.102 0.016 0.053 0.003 0.808 0.01 0.018 0.054 0.068 0.003 0.004 0.002 0.019 0.017 0.077 0.004 0.014 0.073 0.275 0.003 0.006 0.06 0.038 0.03 0.163 0.27 0.282 0.229 0 0.003 0.004 0.001 0.151 0.001 0.002 0.004 0.484 0.004 0.213 0.17 0 0.003 0.004 0 0.231 0.003 0 0.005 0
0.595 0.614 0.64 0.296 0.442 0.19 0.309 0.266 0.178 0.009 0.053 0.775 0.698 0.365 0.032 1 0.058 0.129 0.239 0.48 0.497 0.017 0.027 0.194 0.407 0.429 0.255 0.007 0.041 0.01 0.075 0.048 0.223 0.015 0.006 0.042 0.017 0.017 0.084 0.006 0.014 0.096 0.001 0.044 0.05 0.016 0.021 0.014 0.022 0.022 0 0.001 0.005 0.03 0.002 0.021 0.016 0 0.017 0 0.001 0.008 0.003 0.019 0.026 0.011 0.018
0.007 0.003 0.004 0.029 0.034 0.017 0.022 0.019 0.015 0.171 0.004 0.073 0.076 0.031 0.373 0.058 1 0.067 0.258 0.042 0.138 0.009 0.397 0.025 0.042 0.128 0.165 0.007 0.003 0.006 0.051 0.046 0.187 0.009 0.039 0.2 0.627 0.008 0.008 0.166 0.104 0.022 0.439 0.681 0.636 0.564 0.003 0.002 0.169 0.076 0.378 0.002 0.005 0.002 0.284 0.011 0.46 0.42 0.051 0.007 0.068 0.002 0.431 0.001 0.002 0.007 0.103
0.152 0.153 0.155 0.295 0.073 0.022 0.049 0.043 0.027 0.017 0.008 0.118 0.1 0.056 0.029 0.129 0.067 1 0.419 0.077 0.221 0.016 0.021 0.043 0.05 0.205 0.036 0.013 0.019 0.071 0.032 0.041 0.053 0.115 0.068 0.027 0.075 0.107 0.03 0.019 0.004 0.179 0.093 0.043 0.039 0.053 0.001 0.015 0.02 0.007 0.079 0.004 0.002 0.018 0.016 0.009 0.05 0.078 0.007 0.009 0.018 0.007 0.055 0.014 0 0.075 0.007
0.152 0.142 0.146 0.35 0.138 0.05 0.092 0.079 0.054 0.041 0.016 0.246 0.225 0.112 0.102 0.239 0.258 0.419 1 0.155 0.466 0.031 0.127 0.088 0.119 0.429 0.205 0.025 0.025 0.034 0 0.001 0.256 0.051 0.137 0.051 0.144 0.054 0.045 0.047 0.08 0.051 0.066 0.216 0.205 0.151 0.004 0.018 0.037 0.02 0.058 0.008 0.008 0.022 0.096 0.026 0.115 0.057 0.011 0.02 0.007 0.011 0.097 0.014 0.002 0.012 0.031
0.295 0.298 0.328 0.192 0.734 0.017 0.491 0.411 0.239 0.01 0.005 0.407 0.386 0.576 0.016 0.48 0.042 0.077 0.155 1 0.301 0.009 0.02 0.026 0.865 0.253 0.182 0.007 0.011 0.004 0.258 0.189 0.169 0.01 0.033 0.021 0.012 0.008 0 0.061 0.047 0.041 0.017 0.051 0.049 0.011 0 0.009 0.011 0.011 0.015 0.002 0.001 0.01 0.009 0.01 0.025 0.017 0.008 0.007 0.007 0.004 0.007 0.008 0 0.009 0.009
0.351 0.338 0.358 0.592 0.262 0.106 0.184 0.159 0.107 0.032 0.031 0.458 0.422 0.22 0.053 0.497 0.138 0.221 0.466 0.301 1 0.029 0.065 0.131 0.261 0.837 0.568 0.042 0.032 0.017 0.028 0.015 0.502 0.024 0.16 0 0.077 0.027 0.056 0.011 0.181 0.191 0.021 0.136 0.129 0.074 0.012 0.012 0.036 0.026 0.025 0.009 0.01 0.023 0.039 0 0.068 0.03 0.018 0.036 0.006 0.024 0.047 0.007 0.009 0.014 0.03
0.016 0.019 0.02 0.004 0.008 0.004 0.005 0.005 0.003 0.002 0.001 0.014 0.009 0.006 0.003 0.017 0.009 0.016 0.031 0.009 0.029 1 0.004 0.005 0.009 0.031 0.039 0 0.002 0.001 0.011 0.01 0.007 0.002 0.06 0.038 0.01 0.002 0.003 0.02 0.014 0.001 0.015 0.009 0.008 0.01 0.001 0.002 0.002 0.002 0.015 0.003 0.085 0.002 0.004 0.231 0.01 0.015 0.002 0 0.002 0.001 0.01 0.002 0.001 0.003 0.002
0.049 0.043 0.045 0.07 0.019 0.008 0.013 0.011 0.007 0.003 0.002 0.033 0.036 0.014 0.808 0.027 0.397 0.021 0.127 0.02 0.065 0.004 1 0.012 0.021 0.064 0.082 0.003 0.004 0.003 0.024 0.021 0.092 0.004 0.017 0.075 0.296 0.004 0.007 0.057 0.047 0.027 0.175 0.29 0.277 0.244 0 0.003 0.005 0.001 0.124 0.001 0.002 0.004 0.531 0.005 0.197 0.183 0.001 0.003 0.005 0 0.249 0.003 0 0.006 0.001
0.172 0.198 0.191 0.063 0.024 0.606 0.016 0.014 0.009 0.006 0.174 0.259 0.231 0.019 0.01 0.194 0.025 0.043 0.088 0.026 0.131 0.005 0.012 1 0.028 0.162 0.086 0.003 0.349 0.004 0.031 0.025 0.071 0.006 0.001 0.043 0.011 0.005 0.382 0.02 0.014 0.052 0.063 0.011 0.01 0.016 0.053 0.274 0.007 0.007 0.037 0 0.003 0.318 0.002 0.007 0.001 0.032 0.005 0.003 0.004 0.002 0.001 0.228 0.061 0.002 0.005
0.244 0.259 0.274 0.153 0.637 0.019 0.453 0.378 0.221 0.007 0.005 0.333 0.322 0.532 0.018 0.407 0.042 0.05 0.119 0.865 0.261 0.009 0.021 0.028 1 0.285 0.209 0.008 0.012 0.005 0.32 0.247 0.193 0.01 0.036 0.036 0.013 0.009 0 0.086 0.068 0.051 0.018 0.05 0.048 0.012 0.002 0.01 0.012 0.012 0.018 0.002 0.005 0.011 0.008 0.011 0.028 0.018 0.009 0.008 0.008 0.004 0.009 0.008 0.002 0.012 0.01
0.306 0.305 0.314 0.532 0.222 0.103 0.169 0.145 0.101 0.027 0.029 0.442 0.409 0.198 0.054 0.429 0.128 0.205 0.429 0.253 0.837 0.031 0.064 0.162 0.285 1 0.674 0.039 0.072 0.022 0.041 0.028 0.599 0.034 0.151 0.002 0.088 0.029 0.111 0.002 0.199 0.238 0.011 0.149 0.142 0.086 0.008 0.058 0.039 0.025 0.013 0.008 0.018 0.067 0.045 0 0.075 0.017 0.019 0.033 0.008 0.026 0.053 0.051 0.006 0.024 0.028
0.168 0.161 0.167 0.339 0.172 0.037 0.118 0.1 0.066 0.035 0.023 0.278 0.296 0.141 0.068 0.255 0.165 0.036 0.205 0.182 0.568 0.039 0.082 0.086 0.209 0.674 1 0.03 0.052 0.028 0.263 0.243 0.857 0.039 0.099 0.03 0.158 0.043 0.087 0 0.36 0.179 0.049 0.222 0.21 0.156 0.003 0.045 0.049 0.036 0.052 0.006 0.022 0.021 0.055 0 0.135 0.061 0.025 0.025 0.038 0.021 0.116 0.04 0.002 0.018 0.039
0.007 0.005 0.005 0.04 0.004 0.003 0.01 0.013 0.027 0.002 0.053 0.006 0.005 0.008 0.003 0.007 0.007 0.013 0.025 0.007 0.042 0 0.003 0.003 0.008 0.039 0.03 1 0 0.001 0.008 0.008 0.033 0.002 0.168 0.03 0.009 0.001 0.003 0.022 0.064 0.017 0.014 0.009 0.008 0.01 0.003 0.001 0.002 0.002 0.013 0.107 0.001 0.002 0.005 0.002 0.01 0.014 0.001 0.544 0.002 0.001 0.01 0.001 0.001 0.002 0.001
0.046 0.054 0.052 0.021 0.01 0.256 0.007 0.006 0.004 0 0 0.095 0.097 0.008 0.004 0.041 0.003 0.019 0.025 0.011 0.032 0.002 0.004 0.349 0.012 0.072 0.052 0 1 0.002 0.013 0.012 0.051 0.002 0.007 0.053 0.013 0.002 0.29 0.002 0.023 0.027 0.04 0.013 0.013 0.016 0.104 0.252 0.003 0.003 0.043 0.001 0.001 0.21 0.001 0.003 0 0.038 0.002 0.002 0.003 0.001 0 0.189 0.115 0.002 0.002
0.012 0.012 0.014 0.026 0.006 0.003 0.004 0.003 0.002 0.001 0.001 0.013 0.014 0.003 0.002 0.01 0.006 0.071 0.034 0.004 0.017 0.001 0.003 0.004 0.005 0.022 0.028 0.001 0.002 1 0.008 0.007 0.031 0.001 0.006 0.016 0.005 0.001 0.002 0.016 0.004 0.004 0.01 0.005 0.005 0.007 0.001 0.001 0.002 0.002 0.009 0 0.004 0.001 0.002 0.002 0.006 0.01 0.001 0 0.002 0.001 0.006 0.001 0.001 0.002 0.001
0.041 0.04 0.046 0.008 0.195 0.021 0.253 0.193 0.11 0.012 0.005 0.065 0.089 0.309 0.019 0.075 0.051 0.032 0 0.258 0.028 0.011 0.024 0.031 0.32 0.041 0.263 0.008 0.013 0.008 1 0.884 0.228 0.012 0.049 0.226 0.054 0.158 0.001 0.185 0.276 0.016 0.059 0.055 0.051 0.049 0.008 0.011 0.013 0.012 0.051 0.003 0.006 0.012 0.01 0.012 0.032 0.057 0.009 0.008 0.009 0.004 0.032 0.009 0.007 0.002 0.01
0.023 0.029 0.026 0.002 0.132 0.019 0.25 0.187 0.096 0.011 0.005 0.04 0.062 0.218 0.017 0.048 0.046 0.041 0.001 0.189 0.015 0.01 0.021 0.025 0.247 0.028 0.243 0.008 0.012 0.007 0.884 1 0.217 0.01 0.045 0.213 0.048 0.176 0.015 0.161 0.311 0.013 0.081 0.049 0.046 0.057 0.007 0.007 0.012 0.011 0.073 0.002 0.005 0.008 0.023 0.011 0.056 0.076 0.008 0.008 0.013 0.004 0.055 0.006 0.006 0.005 0.009
0.143 0.134 0.139 0.4 0.146 0.028 0.112 0.096 0.066 0.04 0.02 0.246 0.26 0.133 0.077 0.223 0.187 0.053 0.256 0.169 0.502 0.007 0.092 0.071 0.193 0.599 0.857 0.033 0.051 0.031 0.228 0.217 1 0.048 0.194 0.015 0.17 0.038 0.078 0.001 0.44 0.221 0.06 0.25 0.237 0.17 0.004 0.04 0.054 0.041 0.062 0.011 0.011 0.017 0.066 0.029 0.159 0.073 0.028 0.027 0.043 0.019 0.127 0.036 0.002 0.028 0.044
0.024 0.021 0.022 0.039 0.009 0.004 0.006 0.005 0.003 0.002 0.001 0.017 0.019 0.007 0.004 0.015 0.009 0.115 0.051 0.01 0.024 0.002 0.004 0.006 0.01 0.034 0.039 0.002 0.002 0.001 0.012 0.01 0.048 1 0.009 0.035 0.011 0.002 0.004 0.025 0.022 0.073 0.016 0.009 0.008 0.008 0.001 0.002 0.002 0 0.015 0.001 0.001 0.002 0.006 0.001 0.01 0.018 0.002 0.002 0.003 0.001 0.01 0.002 0.001 0.084 0.002
0.004 0.011 0.011 0.221 0.014 0.016 0.003 0.001 0 0.009 0.106 0.006 0.007 0.004 0.014 0.006 0.039 0.068 0.137 0.033 0.16 0.06 0.017 0.001 0.036 0.151 0.099 0.168 0.007 0.006 0.049 0.045 0.194 0.009 1 0.18 0.042 0.008 0.016 0.107 0.343 0.091 0.074 0.051 0.049 0.051 0 0.009 0.01 0.011 0.07 0.032 0.005 0.01 0.027 0.189 0.059 0.071 0.008 0.151 0.01 0.098 0.049 0.008 0.002 0.002 0.009
0.071 0.086 0.089 0 0.014 0.064 0.034 0.021 0.006 0.052 0.019 0.045 0.054 0.044 0.073 0.042 0.2 0.027 0.051 0.021 0 0.038 0.075 0.043 0.036 0.002 0.03 0.03 0.053 0.016 0.226 0.213 0.015 0.035 0.18 1 0.2 0.044 0.091 0.398 0.001 0.086 0.309 0.22 0.207 0.165 0 0.047 0.059 0.03 0.236 0.01 0.014 0.055 0.1 0.034 0.199 0.235 0.013 0.03 0.057 0.018 0.172 0.042 0 0.035 0.032
0 0 0 0.028 0.01 0.004 0.001 0 0.001 0.114 0.006 0.026 0.031 0.004 0.275 0.017 0.627 0.075 0.144 0.012 0.077 0.01 0.296 0.011 0.013 0.088 0.158 0.009 0.013 0.005 0.054 0.048 0.17 0.011 0.042 0.2 1 0.01 0.021 0.272 0.134 0.034 0.594 0.785 0.743 0.823 0.008 0.011 0.156 0.098 0.513 0.003 0.006 0 0.264 0.014 0.548 0.542 0.072 0.009 0.13 0.005 0.651 0.009 0.007 0.017 0.128
0.012 0.018 0.018 0.034 0.008 0.003 0.005 0.005 0.003 0.002 0.001 0.015 0 0.006 0.003 0.017 0.008 0.107 0.054 0.008 0.027 0.002 0.004 0.005 0.009 0.029 0.043 0.001 0.002 0.001 0.158 0.176 0.038 0.002 0.008 0.044 0.01 1 0.003 0.006 0.032 0.049 0.017 0.01 0.01 0.012 0.001 0.002 0.002 0.002 0.014 0 0.001 0.002 0.005 0.002 0.012 0.016 0.002 0.001 0.002 0.001 0.012 0.002 0.001 0.003 0.002
0.081 0.075 0.091 0.042 0 0.311 0.011 0.009 0.006 0.001 0.002 0.14 0.136 0 0.006 0.084 0.008 0.03 0.045 0 0.056 0.003 0.007 0.382 0 0.111 0.087 0.003 0.29 0.002 0.001 0.015 0.078 0.004 0.016 0.091 0.021 0.003 1 0.001 0.043 0.042 0.193 0.021 0.02 0.012 0.003 0.529 0.004 0.004 0.136 0.001 0.002 0.374 0.007 0.005 0.003 0.119 0.003 0.003 0 0.002 0.004 0.459 0.002 0.005 0.004
0.015 0.016 0.018 0.008 0.037 0.023 0.085 0.064 0.027 0.043 0.014 0.005 0.009 0.099 0.06 0.006 0.166 0.019 0.047 0.061 0.011 0.02 0.057 0.02 0.086 0.002 0 0.022 0.002 0.016 0.185 0.161 0.001 0.025 0.107 0.398 0.272 0.006 0.001 1 0.004 0.054 0.193 0.231 0.229 0.244 0.021 0.001 0.048 0.032 0.186 0.007 0.002 0.003 0.078 0.036 0.171 0.17 0.02 0.022 0.04 0.005 0.207 0.002 0.019 0.02 0.053
0.006 0.003 0.002 0.177 0.05 0.042 0.133 0.104 0.07 0.025 0.029 0.01 0.018 0.112 0.038 0.014 0.104 0.004 0.08 0.047 0.181 0.014 0.047 0.014 0.068 0.199 0.36 0.064 0.023 0.004 0.276 0.311 0.44 0.022 0.343 0.001 0.134 0.032 0.043 0.004 1 0.12 0.222 0.136 0.13 0.158 0.005 0.023 0.028 0.028 0.21 0.021 0.013 0.026 0.072 0.104 0.155 0.213 0.021 0.056 0.028 0.038 0.154 0.02 0.009 0.008 0.023
0.079 0.072 0.071 0.18 0.041 0.024 0.05 0.052 0.034 0.001 0.011 0.084 0.063 0.054 0.03 0.096 0.022 0.179 0.051 0.041 0.191 0.001 0.027 0.052 0.051 0.238 0.179 0.017 0.027 0.004 0.016 0.013 0.221 0.073 0.091 0.086 0.034 0.049 0.042 0.054 0.12 1 0.093 0.033 0.029 0.046 0.005 0.021 0.002 0 0.068 0.006 0.033 0.025 0.051 0.017 0.03 0.077 0.003 0.012 0 0.01 0.049 0.019 0.004 0.077 0.01
0.024 0.026 0.03 0.002 0.013 0.066 0.013 0.008 0.006 0.08 0.009 0.002 0.001 0.004 0.163 0.001 0.439 0.093 0.066 0.017 0.021 0.015 0.175 0.063 0.018 0.011 0.049 0.014 0.04 0.01 0.059 0.081 0.06 0.016 0.074 0.309 0.594 0.017 0.193 0.193 0.222 0.093 1 0.61 0.581 0.652 0.013 0.102 0.126 0.052 0.826 0.005 0.01 0.116 0.317 0.024 0.587 0.82 0.04 0.014 0.13 0.008 0.613 0.089 0.012 0.028 0.081
0.004 0.003 0.004 0.052 0.038 0.004 0.029 0.024 0.019 0.119 0.006 0.065 0.072 0.036 0.27 0.044 0.681 0.043 0.216 0.051 0.136 0.009 0.29 0.011 0.05 0.149 0.222 0.009 0.013 0.005 0.055 0.049 0.25 0.009 0.051 0.22 0.785 0.01 0.021 0.231 0.136 0.033 0.61 1 0.952 0.835 0.008 0.011 0.206 0.097 0.533 0.003 0.006 0 0.356 0.014 0.722 0.551 0.075 0.009 0.182 0.005 0.631 0.01 0.008 0.017 0.137
0.003 0.002 0.002 0.052 0.036 0.003 0.027 0.023 0.018 0.091 0.005 0.061 0.068 0.034 0.282 0.05 0.636 0.039 0.205 0.049 0.129 0.008 0.277 0.01 0.048 0.142 0.21 0.008 0.013 0.005 0.051 0.046 0.237 0.008 0.049 0.207 0.743 0.01 0.02 0.229 0.13 0.029 0.581 0.952 1 0.799 0.008 0.011 0.216 0.105 0.529 0.003 0.006 0 0.31 0.014 0.686 0.525 0.082 0.008 0.19 0.005 0.597 0.009 0.007 0.016 0.147
0 0 0 0.025 0.009 0.006 0.003 0.001 0.002 0.091 0.007 0.029 0.035 0.003 0.229 0.016 0.564 0.053 0.151 0.011 0.074 0.01 0.244 0.016 0.012 0.086 0.156 0.01 0.016 0.007 0.049 0.057 0.17 0.008 0.051 0.165 0.823 0.012 0.012 0.244 0.158 0.046 0.652 0.835 0.799 1 0.01 0.013 0.175 0.101 0.603 0.003 0.007 0 0.339 0.017 0.667 0.62 0.076 0.01 0.153 0.006 0.676 0.011 0.009 0.02 0.118
0.011 0.014 0.013 0.009 0.001 0.06 0.004 0.004 0.002 0.001 0.003 0.02 0.017 0.005 0 0.021 0.003 0.001 0.004 0 0.012 0.001 0 0.053 0.002 0.008 0.003 0.003 0.104 0.001 0.008 0.007 0.004 0.001 0 0 0.008 0.001 0.003 0.021 0.005 0.005 0.013 0.008 0.008 0.01 1 0.001 0.002 0.002 0.013 0 0.001 0.002 0.004 0.002 0.009 0.013 0.001 0.003 0.002 0.001 0.009 0.001 0.721 0.013 0.001
0.02 0.025 0.023 0.007 0.009 0.14 0.006 0.005 0.003 0 0.001 0.056 0.059 0.007 0.003 0.014 0.002 0.015 0.018 0.009 0.012 0.002 0.003 0.274 0.01 0.058 0.045 0.001 0.252 0.001 0.011 0.007 0.04 0.002 0.009 0.047 0.011 0.002 0.529 0.001 0.023 0.021 0.102 0.011 0.011 0.013 0.001 1 0.002 0.002 0.108 0 0.001 0.701 0.006 0.002 0.013 0.103 0.002 0.001 0.002 0.001 0.013 0.846 0.001 0.003 0.002
0.032 0.037 0.037 0.014 0.006 0.004 0.007 0.006 0.004 0.018 0.001 0.018 0.016 0.008 0.004 0.022 0.169 0.02 0.037 0.011 0.036 0.002 0.005 0.007 0.012 0.039 0.049 0.002 0.003 0.002 0.013 0.012 0.054 0.002 0.01 0.059 0.156 0.002 0.004 0.048 0.028 0.002 0.126 0.206 0.216 0.175 0.002 0.002 1 0.008 0.12 0.001 0.001 0.003 0.002 0.003 0.181 0.081 0.014 0.002 0.306 0.001 0.064 0.002 0.002 0.004 0.012
0.019 0.016 0.017 0.021 0.006 0.002 0.003 0.002 0.004 0.441 0.001 0.019 0.021 0.008 0.001 0.022 0.076 0.007 0.02 0.011 0.026 0.002 0.001 0.007 0.012 0.025 0.036 0.002 0.003 0.002 0.012 0.011 0.041 0 0.011 0.03 0.098 0.002 0.004 0.032 0.028 0 0.052 0.097 0.105 0.101 0.002 0.002 0.008 1 0.088 0.001 0.001 0.003 0.007 0.003 0.08 0.082 0.344 0.002 0.004 0.001 0.079 0.002 0.002 0.004 0.537
0.016 0.016 0.019 0.004 0.014 0.038 0.012 0.007 0.007 0.076 0.009 0 0 0.003 0.151 0 0.378 0.079 0.058 0.015 0.025 0.015 0.124 0.037 0.018 0.013 0.052 0.013 0.043 0.009 0.051 0.073 0.062 0.015 0.07 0.236 0.513 0.014 0.136 0.186 0.21 0.068 0.826 0.533 0.529 0.603 0.013 0.108 0.12 0.088 1 0.004 0.01 0.123 0.255 0.022 0.654 0.861 0.101 0.013 0.124 0.008 0.627 0.094 0.012 0.027 0.11
0 0.001 0.001 0.013 0.002 0.001 0.001 0.001 0.001 0.001 0.009 0.001 0.001 0.002 0.001 0.001 0.002 0.004 0.008 0.002 0.009 0.003 0.001 0 0.002 0.008 0.006 0.107 0.001 0 0.003 0.002 0.011 0.001 0.032 0.01 0.003 0 0.001 0.007 0.021 0.006 0.005 0.003 0.003 0.003 0 0 0.001 0.001 0.004 1 0 0.001 0.001 0.001 0.003 0.004 0 0.132 0.001 0 0.003 0 0 0.001 0
0.007 0.011 0.006 0.013 0.001 0.002 0.003 0.003 0.002 0.001 0.001 0.003 0 0.004 0.002 0.005 0.005 0.002 0.008 0.001 0.01 0.085 0.002 0.003 0.005 0.018 0.022 0.001 0.001 0.004 0.006 0.005 0.011 0.001 0.005 0.014 0.006 0.001 0.002 0.002 0.013 0.033 0.01 0.006 0.006 0.007 0.001 0.001 0.001 0.001 0.01 0 1 0.001 0.003 0.001 0.007 0.01 0.001 0.001 0.001 0 0.007 0.001 0.001 0.002 0.001
0.035 0.042 0.04 0.002 0.01 0.222 0.006 0.006 0.004 0 0.001 0.08 0.082 0.007 0.004 0.03 0.002 0.018 0.022 0.01 0.023 0.002 0.004 0.318 0.011 0.067 0.021 0.002 0.21 0.001 0.012 0.008 0.017 0.002 0.01 0.055 0 0.002 0.374 0.003 0.026 0.025 0.116 0 0 0 0.002 0.701 0.003 0.003 0.123 0.001 0.001 1 0.007 0.003 0 0.118 0.002 0.002 0.019 0.001 0 0.584 0.001 0.003 0.002
0.014 0.018 0.015 0.041 0.009 0 0.018 0.016 0.01 0 0.003 0.013 0.017 0.004 0.484 0.002 0.284 0.016 0.096 0.009 0.039 0.004 0.531 0.002 0.008 0.045 0.055 0.005 0.001 0.002 0.01 0.023 0.066 0.006 0.027 0.1 0.264 0.005 0.007 0.078 0.072 0.051 0.317 0.356 0.31 0.339 0.004 0.006 0.002 0.007 0.255 0.001 0.003 0.007 1 0.008 0.382 0.328 0.005 0.005 0.005 0.003 0.404 0.005 0.004 0.009 0.003
0.018 0.024 0.024 0.037 0.009 0.005 0.006 0.005 0.004 0.003 0.001 0.017 0.024 0.007 0.004 0.021 0.011 0.009 0.026 0.01 0 0.231 0.005 0.007 0.011 0 0 0.002 0.003 0.002 0.012 0.011 0.029 0.001 0.189 0.034 0.014 0.002 0.005 0.036 0.104 0.017 0.024 0.014 0.014 0.017 0.002 0.002 0.003 0.003 0.022 0.001 0.001 0.003 0.008 1 0.016 0.023 0.002 0.002 0.003 0.001 0.016 0.002 0.002 0.001 0.002
0.001 0.001 0.002 0.015 0.016 0.002 0.033 0.028 0.021 0.053 0.006 0.02 0.026 0.014 0.213 0.016 0.46 0.05 0.115 0.025 0.068 0.01 0.197 0.001 0.028 0.075 0.135 0.01 0 0.006 0.032 0.056 0.159 0.01 0.059 0.199 0.548 0.012 0.003 0.171 0.155 0.03 0.587 0.722 0.686 0.667 0.009 0.013 0.181 0.08 0.654 0.003 0.007 0 0.382 0.016 1 0.607 0.137 0.01 0.187 0.006 0.715 0.011 0.009 0.02 0.098
0.006 0.008 0.009 0.009 0.013 0.032 0.012 0.008 0.007 0.08 0.009 0 0 0.004 0.17 0 0.42 0.078 0.057 0.017 0.03 0.015 0.183 0.032 0.018 0.017 0.061 0.014 0.038 0.01 0.057 0.076 0.073 0.018 0.071 0.235 0.542 0.016 0.119 0.17 0.213 0.077 0.82 0.551 0.525 0.62 0.013 0.103 0.081 0.082 0.861 0.004 0.01 0.118 0.328 0.023 0.607 1 0.1 0.014 0.135 0.008 0.615 0.09 0.012 0.019 0.104
0.004 0.003 0.003 0.006 0.004 0.001 0.002 0.001 0.003 0.091 0.001 0.014 0.016 0.006 0 0.017 0.051 0.007 0.011 0.008 0.018 0.002 0.001 0.005 0.009 0.019 0.025 0.001 0.002 0.001 0.009 0.008 0.028 0.002 0.008 0.013 0.072 0.002 0.003 0.02 0.021 0.003 0.04 0.075 0.082 0.076 0.001 0.002 0.014 0.344 0.101 0 0.001 0.002 0.005 0.002 0.137 0.1 1 0.001 0.002 0.001 0.084 0.002 0.001 0.003 0.507
0 0 0 0.034 0.004 0.003 0.01 0.013 0.027 0.002 0 0 0 0.008 0.003 0 0.007 0.009 0.02 0.007 0.036 0 0.003 0.003 0.008 0.033 0.025 0.544 0.002 0 0.008 0.008 0.027 0.002 0.151 0.03 0.009 0.001 0.003 0.022 0.056 0.012 0.014 0.009 0.008 0.01 0.003 0.001 0.002 0.002 0.013 0.132 0.001 0.002 0.005 0.002 0.01 0.014 0.001 1 0.002 0.001 0.01 0.001 0.001 0.002 0.001
0.032 0.032 0.037 0.002 0.002 0.01 0.007 0.007 0.004 0.013 0.001 0 0 0.004 0.004 0.001 0.068 0.018 0.007 0.007 0.006 0.002 0.005 0.004 0.008 0.008 0.038 0.002 0.003 0.002 0.009 0.013 0.043 0.003 0.01 0.057 0.13 0.002 0 0.04 0.028 0 0.13 0.182 0.19 0.153 0.002 0.002 0.306 0.004 0.124 0.001 0.001 0.019 0.005 0.003 0.187 0.135 0.002 0.002 1 0.001 0.086 0.002 0.002 0.004 0.002
0.007 0.008 0.009 0.019 0.003 0.002 0.002 0.002 0.001 0.001 0 0.008 0.002 0.002 0 0.008 0.002 0.007 0.011 0.004 0.024 0.001 0 0.002 0.004 0.026 0.021 0.001 0.001 0.001 0.004 0.004 0.019 0.001 0.098 0.018 0.005 0.001 0.002 0.005 0.038 0.01 0.008 0.005 0.005 0.006 0.001 0.001 0.001 0.001 0.008 0 0 0.001 0.003 0.001 0.006 0.008 0.001 0.001 0.001 1 0.006 0.001 0.001 0.001 0.001
0 0 0.001 0.02 0.005 0.002 0.007 0.004 0.005 0.07 0.006 0.007 0.01 0.001 0.231 0.003 0.431 0.055 0.097 0.007 0.047 0.01 0.249 0.001 0.009 0.053 0.116 0.01 0 0.006 0.032 0.055 0.127 0.01 0.049 0.172 0.651 0.012 0.004 0.207 0.154 0.049 0.613 0.631 0.597 0.676 0.009 0.013 0.064 0.079 0.627 0.003 0.007 0 0.404 0.016 0.715 0.615 0.084 0.01 0.086 0.006 1 0.011 0.009 0.02 0.12
0.012 0.016 0.015 0.004 0.007 0.153 0.005 0.004 0.003 0 0.001 0.044 0.048 0.006 0.003 0.019 0.001 0.014 0.014 0.008 0.007 0.002 0.003 0.228 0.008 0.051 0.04 0.001 0.189 0.001 0.009 0.006 0.036 0.002 0.008 0.042 0.009 0.002 0.459 0.002 0.02 0.019 0.089 0.01 0.009 0.011 0.001 0.846 0.002 0.002 0.094 0 0.001 0.584 0.005 0.002 0.011 0.09 0.002 0.001 0.002 0.001 0.011 1 0.001 0.003 0.002
0.014 0.018 0.017 0.007 0.001 0.069 0.004 0.003 0.002 0.001 0.004 0.025 0.021 0.004 0 0.026 0.002 0 0.002 0 0.009 0.001 0 0.061 0.002 0.006 0.002 0.001 0.115 0.001 0.007 0.006 0.002 0.001 0.002 0 0.007 0.001 0.002 0.019 0.009 0.004 0.012 0.008 0.007 0.009 0.721 0.001 0.002 0.002 0.012 0 0.001 0.001 0.004 0.002 0.009 0.012 0.001 0.001 0.002 0.001 0.009 0.001 1 0.013 0.001
0.019 0.016 0.017 0.027 0.009 0.003 0.006 0.005 0.003 0.003 0 0.005 0.006 0.007 0.005 0.011 0.007 0.075 0.012 0.009 0.014 0.003 0.006 0.002 0.012 0.024 0.018 0.002 0.002 0.002 0.002 0.005 0.028 0.084 0.002 0.035 0.017 0.003 0.005 0.02 0.008 0.077 0.028 0.017 0.016 0.02 0.013 0.003 0.004 0.004 0.027 0.001 0.002 0.003 0.009 0.001 0.02 0.019 0.003 0.002 0.004 0.001 0.02 0.003 0.013 1 0.003
0.005 0.003 0.004 0.01 0.004 0.001 0.002 0.002 0.003 0.236 0.001 0.015 0.017 0.007 0 0.018 0.103 0.007 0.031 0.009 0.03 0.002 0.001 0.005 0.01 0.028 0.039 0.001 0.002 0.001 0.01 0.009 0.044 0.002 0.009 0.032 0.128 0.002 0.004 0.053 0.023 0.01 0.081 0.137 0.147 0.118 0.001 0.002 0.012 0.537 0.11 0 0.001 0.002 0.003 0.002 0.098 0.104 0.507 0.001 0.002 0.001 0.12 0.002 0.001 0.003 1
