1 0.821 0.836 0.486 0.34 0.124 0.228 0.192 0.109 0.025 0.045 0.573 0.524 0.194 0.035 0.555 0.01 0.133 0.13 0.34 0.327 0.007 0.038 0.165 0.272 0.279 0.143 0 0.058 0.009 0.039 0.027 0.133 0.019 0.005 0.062 0.004 0.016 0.089 0.006 0.01 0.087 0.009 0.015 0.012 0.006 0.017 0.035 0.03 0.001 0.005 0.006 0 0.029 0.025 0.003 0.001 0.002 0.001 0.001 0.017 0.005 0.001 0.032 0.021 0.002 0
0.821 1 0.96 0.44 0.376 0.15 0.28 0.236 0.131 0.021 0.054 0.666 0.612 0.22 0.029 0.629 0.004 0.115 0.107 0.377 0.338 0.036 0.031 0.201 0.317 0.298 0.16 0 0.072 0.009 0.051 0.044 0.109 0.016 0.031 0.091 0.002 0.017 0.089 0.013 0.001 0.067 0.012 0.012 0.009 0.003 0.022 0.044 0.037 0 0.007 0.007 0 0.037 0.025 0.043 0.001 0.006 0.002 0 0.019 0.006 0 0.04 0.026 0.001 0.001
0.836 0.96 1 0.449 0.405 0.145 0.271 0.228 0.127 0.022 0.052 0.686 0.63 0.234 0.03 0.652 0.005 0.114 0.108 0.406 0.36 0.037 0.032 0.194 0.328 0.307 0.165 0 0.069 0.011 0.056 0.04 0.113 0.016 0.03 0.092 0.002 0.017 0.106 0.014 0.001 0.067 0.014 0.013 0.011 0.004 0.021 0.042 0.036 0.001 0.009 0.007 0.001 0.035 0.021 0.045 0.001 0.006 0.001 0.001 0.022 0.006 0 0.038 0.025 0.001 0.001
0.486 0.44 0.449 1 0.21 0.055 0.13 0.11 0.061 0.045 0.026 0.326 0.334 0.137 0.062 0.299 0.041 0.288 0.347 0.207 0.58 0.011 0.062 0.076 0.173 0.528 0.284 0.031 0.022 0.023 0.005 0.002 0.398 0.034 0.226 0 0.039 0.037 0.046 0.016 0.22 0.205 0.008 0.072 0.066 0.052 0.009 0.015 0.015 0.005 0.011 0.018 0.002 0.015 0.059 0.093 0.036 0.014 0 0.028 0.003 0.01 0.029 0.015 0.007 0.004 0.001
0.34 0.376 0.405 0.21 1 0.016 0.421 0.377 0.171 0.01 0.006 0.466 0.422 0.439 0.014 0.461 0.024 0.082 0.123 0.746 0.251 0.017 0.015 0.023 0.596 0.196 0.132 0 0.01 0.005 0.17 0.126 0.102 0.008 0.03 0.03 0.015 0.009 0 0.039 0.037 0.042 0.018 0.029 0.027 0.015 0.004 0.009 0.005 0 0.019 0.004 0.003 0.007 0.011 0.02 0.013 0.022 0 0 0.002 0.003 0.01 0.007 0.004 0 0
0.124 0.15 0.145 0.055 0.016 1 0.009 0.008 0.004 0.003 0.002 0.158 0.146 0.011 0.004 0.145 0.011 0.015 0.03 0.017 0.08 0.005 0.004 0.586 0.016 0.079 0.041 0.002 0.407 0.002 0.019 0.017 0.027 0.002 0.018 0.049 0.01 0.003 0.433 0.032 0.041 0.01 0.074 0.012 0.011 0.013 0.022 0.264 0.002 0 0.048 0.001 0.002 0.204 0 0.008 0 0.04 0 0.002 0 0.001 0 0.309 0.032 0 0
0.228 0.28 0.271 0.13 0.421 0.009 1 0.839 0.468 0.006 0.003 0.262 0.241 0.714 0.008 0.267 0.011 0.048 0.066 0.451 0.165 0.01 0.009 0.014 0.453 0.152 0.091 0 0.006 0.003 0.271 0.271 0.087 0.004 0.013 0.089 0.001 0.005 0.009 0.122 0.121 0.043 0.01 0.017 0.015 0.002 0.003 0.006 0.003 0.001 0.01 0.002 0.005 0.005 0.017 0.01 0.02 0.01 0.001 0 0.005 0.002 0.006 0.005 0.003 0.007 0
0.192 0.236 0.228 0.11 0.377 0.008 0.839 1 0.557 0.005 0.003 0.216 0.199 0.602 0.007 0.22 0.008 0.04 0.053 0.366 0.135 0.008 0.008 0.011 0.364 0.123 0.07 0.001 0.005 0.003 0.202 0.196 0.07 0.004 0.009 0.065 0 0.005 0.008 0.091 0.09 0.045 0.005 0.013 0.012 0.001 0.003 0.005 0.003 0.002 0.006 0.002 0.004 0.004 0.014 0.008 0.015 0.006 0.001 0.001 0.004 0.001 0.003 0.004 0.003 0.006 0.001
0.109 0.131 0.127 0.061 0.171 0.004 0.468 0.557 1 0.003 0.002 0.139 0.128 0.404 0.004 0.141 0.01 0.022 0.038 0.212 0.089 0.005 0.004 0.006 0.221 0.089 0.048 0.005 0.003 0.001 0.104 0.089 0.054 0.002 0.001 0.024 0 0.003 0.004 0.056 0.052 0.03 0.002 0.013 0.012 0 0.002 0.003 0.002 0.002 0.003 0.001 0.002 0.002 0.008 0.007 0.015 0.003 0.002 0.004 0.002 0.001 0.002 0.002 0.002 0.003 0.002
0.025 0.021 0.022 0.045 0.01 0.003 0.006 0.005 0.003 1 0.001 0.016 0.013 0.007 0.003 0 0.24 0.016 0.058 0.011 0.031 0.003 0.003 0.005 0.007 0.023 0.033 0.001 0 0.001 0.012 0.011 0.04 0.002 0.011 0.06 0.163 0.002 0 0.037 0.025 0.01 0.104 0.155 0.09 0.105 0.001 0 0.001 0.108 0.109 0.001 0.002 0 0.004 0.005 0.11 0.116 0.059 0.001 0.015 0 0.112 0 0.001 0.002 0.058
0.045 0.054 0.052 0.026 0.006 0.002 0.003 0.003 0.002 0.001 1 0.057 0.053 0.004 0.002 0.058 0.004 0.009 0.016 0.006 0.038 0.002 0.002 0.249 0.006 0.039 0.028 0.026 0.001 0.001 0.007 0.005 0.01 0.001 0.064 0.007 0 0.001 0.002 0.015 0.008 0.013 0.001 0 0 0 0.01 0.001 0.001 0.001 0.001 0 0.001 0.001 0.003 0.002 0 0.001 0.017 0.012 0.001 0 0 0.001 0.009 0.003 0.016
0.573 0.666 0.686 0.326 0.466 0.158 0.262 0.216 0.139 0.016 0.057 1 0.896 0.294 0.016 0.799 0.054 0.123 0.207 0.479 0.46 0.032 0.018 0.218 0.381 0.402 0.258 0 0.081 0.01 0.083 0.063 0.197 0.015 0.018 0.07 0.026 0.014 0.122 0.006 0.01 0.077 0.001 0.054 0.05 0.031 0.026 0.051 0.009 0.007 0 0.006 0.008 0.053 0.009 0.04 0.018 0 0.001 0 0.004 0.006 0.009 0.047 0.031 0 0.002
0.524 0.612 0.63 0.334 0.422 0.146 0.241 0.199 0.128 0.013 0.053 0.896 1 0.271 0.018 0.74 0.053 0.123 0.205 0.458 0.425 0.017 0.02 0.201 0.369 0.378 0.25 0 0.087 0.011 0.087 0.069 0.21 0.016 0.014 0.067 0.033 0.008 0.124 0.006 0.015 0.069 0 0.064 0.059 0.039 0.024 0.057 0.008 0.007 0 0.006 0.008 0.06 0.012 0.031 0.025 0.001 0.002 0 0.007 0.004 0.014 0.054 0.028 0 0.002
0.194 0.22 0.234 0.137 0.439 0.011 0.714 0.602 0.404 0.007 0.004 0.294 0.271 1 0.009 0.323 0.024 0.056 0.095 0.491 0.22 0.012 0.01 0.016 0.497 0.194 0.121 0.005 0.007 0 0.287 0.217 0.114 0.005 0.004 0.08 0.005 0.006 0 0.111 0.119 0.038 0.005 0.026 0.025 0.005 0.004 0.006 0.004 0.004 0.005 0.001 0.005 0.005 0.002 0.012 0.01 0.007 0.005 0.004 0.003 0.002 0.001 0.005 0.004 0.008 0.005
0.035 0.029 0.03 0.062 0.014 0.004 0.008 0.007 0.004 0.003 0.002 0.016 0.018 0.009 1 0.027 0.386 0.022 0.099 0.015 0.043 0.005 0.902 0.006 0.014 0.039 0.051 0.002 0.003 0.001 0.016 0.014 0.064 0.002 0.013 0.077 0.296 0.002 0.004 0.043 0.032 0.024 0.173 0.264 0.275 0.243 0.002 0.002 0.002 0.001 0.157 0.001 0.002 0.002 0.445 0.007 0.218 0.182 0.002 0.002 0.002 0 0.184 0.002 0 0.003 0.002
0.555 0.629 0.652 0.299 0.461 0.145 0.267 0.22 0.141 0 0.058 0.799 0.74 0.323 0.027 1 0.032 0.142 0.196 0.521 0.47 0.034 0.022 0.188 0.424 0.388 0.225 0 0.055 0.004 0.073 0.054 0.166 0.013 0.019 0.072 0.011 0.018 0.095 0.009 0.007 0.086 0.004 0.03 0.043 0.014 0.027 0.03 0.011 0.012 0 0.006 0.008 0.03 0.001 0.043 0.01 0 0.004 0 0.004 0.006 0.003 0.043 0.031 0 0.004
0.01 0.004 0.005 0.041 0.024 0.011 0.011 0.008 0.01 0.24 0.004 0.054 0.053 0.024 0.386 0.032 1 0.052 0.244 0.038 0.107 0.012 0.39 0.016 0.033 0.094 0.125 0.005 0.002 0.004 0.042 0.038 0.153 0.005 0.034 0.183 0.662 0.004 0.005 0.126 0.081 0.037 0.414 0.627 0.552 0.525 0.004 0.002 0.143 0.035 0.381 0.003 0.006 0.001 0.24 0.015 0.479 0.459 0.043 0.005 0.126 0.001 0.444 0.001 0.003 0.004 0.042
0.133 0.115 0.114 0.288 0.082 0.015 0.048 0.04 0.022 0.016 0.009 0.123 0.123 0.056 0.022 0.142 0.052 1 0.434 0.086 0.239 0.028 0.02 0.037 0.068 0.221 0.036 0.011 0.016 0.044 0.026 0.028 0.068 0.087 0.078 0.019 0.05 0.102 0.025 0.005 0.029 0.207 0.047 0.017 0.012 0.019 0.002 0.009 0.009 0 0.032 0.007 0.01 0.012 0.006 0.033 0.017 0.033 0.001 0.009 0.007 0.005 0.022 0.012 0.002 0.017 0.001
0.13 0.107 0.108 0.347 0.123 0.03 0.066 0.053 0.038 0.058 0.016 0.207 0.205 0.095 0.099 0.196 0.244 0.434 1 0.148 0.411 0.047 0.106 0.064 0.119 0.371 0.146 0.019 0.019 0.024 0.001 0.001 0.221 0.027 0.133 0.052 0.168 0.063 0.033 0.058 0.105 0.045 0.088 0.23 0.215 0.18 0.006 0.012 0.035 0.015 0.099 0.011 0.002 0.013 0.089 0.057 0.167 0.105 0.016 0.017 0.033 0.006 0.145 0.013 0.004 0.001 0.017
0.34 0.377 0.406 0.207 0.746 0.017 0.451 0.366 0.212 0.011 0.006 0.479 0.458 0.491 0.015 0.521 0.038 0.086 0.148 1 0.303 0.018 0.016 0.025 0.827 0.231 0.141 0.007 0.01 0.001 0.229 0.181 0.125 0.008 0.046 0.04 0.017 0.01 0.001 0.063 0.039 0.049 0.021 0.043 0.04 0.017 0.004 0.009 0.006 0.007 0.02 0.004 0.003 0.004 0.006 0.021 0.023 0.025 0.007 0.008 0.006 0.003 0.011 0.007 0.004 0 0.008
0.327 0.338 0.36 0.58 0.251 0.08 0.165 0.135 0.089 0.031 0.038 0.46 0.425 0.22 0.043 0.47 0.107 0.239 0.411 0.303 1 0.053 0.047 0.134 0.293 0.863 0.578 0.04 0.046 0.009 0.03 0.021 0.46 0.021 0.111 0.003 0.072 0.025 0.071 0.007 0.179 0.183 0.014 0.117 0.11 0.074 0.003 0.026 0.018 0.018 0.022 0.021 0.017 0.028 0.032 0.004 0.069 0.028 0.008 0.037 0.018 0.015 0.053 0.024 0.002 0.004 0.01
0.007 0.036 0.037 0.011 0.017 0.005 0.01 0.008 0.005 0.003 0.002 0.032 0.017 0.012 0.005 0.034 0.012 0.028 0.047 0.018 0.053 1 0.005 0.008 0.017 0.052 0.07 0.001 0.003 0.002 0.02 0.018 0.012 0.003 0.113 0.055 0.015 0.002 0.005 0.015 0.033 0.002 0.019 0.011 0.01 0.013 0.002 0.003 0.002 0.002 0.018 0 0.046 0.002 0.005 0.241 0.013 0.018 0.002 0.001 0.003 0.001 0.013 0.002 0.002 0.004 0.002
0.038 0.031 0.032 0.062 0.015 0.004 0.009 0.008 0.004 0.003 0.002 0.018 0.02 0.01 0.902 0.022 0.39 0.02 0.106 0.016 0.047 0.005 1 0.007 0.015 0.043 0.058 0.002 0.003 0.002 0.018 0.016 0.071 0.002 0.015 0.077 0.308 0.003 0.005 0.043 0.036 0.022 0.178 0.275 0.276 0.252 0.002 0.003 0.002 0.001 0.139 0.001 0.002 0.002 0.464 0.008 0.204 0.187 0.002 0.002 0.003 0 0.194 0.002 0.001 0.003 0.002
0.165 0.201 0.194 0.076 0.023 0.586 0.014 0.011 0.006 0.005 0.249 0.218 0.201 0.016 0.006 0.188 0.016 0.037 0.064 0.025 0.134 0.008 0.007 1 0.023 0.138 0.091 0.002 0.368 0.002 0.027 0.021 0.053 0.003 0 0.033 0.008 0.004 0.398 0.037 0.017 0.034 0.069 0.01 0.009 0.012 0.032 0.289 0.003 0.003 0.041 0.001 0.004 0.228 0.002 0.012 0.001 0.035 0.001 0 0.001 0.001 0.001 0.26 0.042 0 0.001
0.272 0.317 0.328 0.173 0.596 0.016 0.453 0.364 0.221 0.007 0.006 0.381 0.369 0.497 0.014 0.424 0.033 0.068 0.119 0.827 0.293 0.017 0.015 0.023 1 0.286 0.197 0.007 0.01 0.001 0.3 0.245 0.179 0.008 0.043 0.065 0.013 0.009 0 0.088 0.06 0.062 0.016 0.038 0.035 0.013 0.006 0.008 0.006 0.006 0.018 0.004 0.008 0.003 0.004 0.02 0.021 0.02 0.007 0.007 0.006 0.003 0.01 0.007 0.006 0.012 0.007
0.279 0.298 0.307 0.528 0.196 0.079 0.152 0.123 0.089 0.023 0.039 0.402 0.378 0.194 0.039 0.388 0.094 0.221 0.371 0.231 0.863 0.052 0.043 0.138 0.286 1 0.673 0.041 0.065 0.016 0.042 0.033 0.546 0.023 0.12 0.01 0.077 0.028 0.1 0.004 0.206 0.214 0.009 0.122 0.115 0.078 0.001 0.049 0.018 0.015 0.015 0.022 0.024 0.05 0.036 0.004 0.071 0.02 0.008 0.038 0.017 0.02 0.054 0.049 0 0.008 0.008
0.143 0.16 0.165 0.284 0.132 0.041 0.091 0.07 0.048 0.033 0.028 0.258 0.25 0.121 0.051 0.225 0.125 0.036 0.146 0.141 0.578 0.07 0.058 0.091 0.197 0.673 1 0.03 0.044 0.021 0.283 0.259 0.755 0.031 0.061 0.068 0.124 0.039 0.074 0.004 0.322 0.152 0.037 0.162 0.146 0.124 0 0.035 0.024 0.017 0.042 0.015 0.032 0.032 0.049 0 0.103 0.054 0.008 0.027 0.029 0.014 0.097 0.036 0.001 0.006 0.011
0 0 0 0.031 0 0.002 0 0.001 0.005 0.001 0.026 0 0 0.005 0.002 0 0.005 0.011 0.019 0.007 0.04 0.001 0.002 0.002 0.007 0.041 0.03 1 0.001 0.001 0.008 0.007 0.028 0.001 0.124 0.023 0.006 0.001 0.002 0.019 0.053 0.015 0.01 0.007 0.006 0.007 0.001 0.001 0.001 0.001 0.01 0.31 0.001 0.001 0.004 0.004 0.008 0.01 0.001 0.774 0.001 0 0.008 0.001 0.001 0.002 0.001
0.058 0.072 0.069 0.022 0.01 0.407 0.006 0.005 0.003 0 0.001 0.081 0.087 0.007 0.003 0.055 0.002 0.016 0.019 0.01 0.046 0.003 0.003 0.368 0.01 0.065 0.044 0.001 1 0.001 0.012 0.011 0.04 0.001 0.011 0.055 0.009 0.002 0.401 0.005 0.026 0.019 0.072 0.009 0.009 0.01 0.041 0.355 0.001 0.001 0.069 0.001 0.002 0.314 0.001 0.005 0 0.064 0.001 0.001 0.002 0.001 0 0.302 0.039 0 0.001
0.009 0.009 0.011 0.023 0.005 0.002 0.003 0.003 0.001 0.001 0.001 0.01 0.011 0 0.001 0.004 0.004 0.044 0.024 0.001 0.009 0.002 0.002 0.002 0.001 0.016 0.021 0.001 0.001 1 0.006 0.006 0.026 0.001 0.006 0.01 0.001 0.001 0.002 0.007 0.011 0.006 0.003 0.001 0.001 0.001 0.001 0.001 0.001 0.001 0.002 0 0.001 0.001 0 0.003 0.001 0.002 0.001 0 0.001 0 0.001 0.001 0.001 0.001 0.001
0.039 0.051 0.056 0.005 0.17 0.019 0.271 0.202 0.104 0.012 0.007 0.083 0.087 0.287 0.016 0.073 0.042 0.026 0.001 0.229 0.03 0.02 0.018 0.027 0.3 0.042 0.283 0.008 0.012 0.006 1 0.883 0.219 0.009 0.067 0.3 0.044 0.14 0.001 0.252 0.231 0.009 0.051 0.048 0.041 0.043 0.007 0.011 0.007 0.003 0.04 0.005 0.009 0.009 0.01 0.025 0.027 0.049 0.004 0.009 0.007 0.004 0.027 0.009 0.007 0.002 0.005
0.027 0.044 0.04 0.002 0.126 0.017 0.271 0.196 0.089 0.011 0.005 0.063 0.069 0.217 0.014 0.054 0.038 0.028 0.001 0.181 0.021 0.018 0.016 0.021 0.245 0.033 0.259 0.007 0.011 0.006 0.883 1 0.216 0.008 0.059 0.288 0.039 0.156 0.014 0.212 0.262 0.006 0.068 0.043 0.036 0.044 0.006 0.008 0.006 0.003 0.055 0.003 0.008 0.006 0.024 0.022 0.045 0.059 0.003 0.008 0.009 0.003 0.045 0.006 0.006 0.002 0.004
0.133 0.109 0.113 0.398 0.102 0.027 0.087 0.07 0.054 0.04 0.01 0.197 0.21 0.114 0.064 0.166 0.153 0.068 0.221 0.125 0.46 0.012 0.071 0.053 0.179 0.546 0.755 0.028 0.04 0.026 0.219 0.216 1 0.037 0.218 0.028 0.155 0.032 0.062 0 0.491 0.212 0.06 0.22 0.2 0.158 0 0.029 0.029 0.021 0.066 0.016 0.03 0.027 0.066 0.085 0.151 0.081 0.025 0.026 0.035 0.012 0.127 0.031 0.001 0.009 0.028
0.019 0.016 0.016 0.034 0.008 0.002 0.004 0.004 0.002 0.002 0.001 0.015 0.016 0.005 0.002 0.013 0.005 0.087 0.027 0.008 0.021 0.003 0.002 0.003 0.008 0.023 0.031 0.001 0.001 0.001 0.009 0.008 0.037 1 0.004 0.019 0.005 0.001 0.002 0.01 0.019 0.052 0.007 0.004 0.004 0.004 0.001 0 0.001 0.001 0.007 0.001 0.001 0.001 0.003 0.003 0.005 0.009 0.001 0.001 0.001 0 0.005 0.001 0.001 0.006 0.001
0.005 0.031 0.03 0.226 0.03 0.018 0.013 0.009 0.001 0.011 0.064 0.018 0.014 0.004 0.013 0.019 0.034 0.078 0.133 0.046 0.111 0.113 0.015 0 0.043 0.12 0.061 0.124 0.011 0.006 0.067 0.059 0.218 0.004 1 0.186 0.037 0.01 0.017 0.118 0.354 0.097 0.069 0.053 0.051 0.047 0 0.006 0.007 0.007 0.065 0.07 0.009 0.008 0.033 0.378 0.061 0.065 0.008 0.119 0.009 0.052 0.048 0.008 0.001 0 0.008
0.062 0.091 0.092 0 0.03 0.049 0.089 0.065 0.024 0.06 0.007 0.07 0.067 0.08 0.077 0.072 0.183 0.019 0.052 0.04 0.003 0.055 0.077 0.033 0.065 0.01 0.068 0.023 0.055 0.01 0.3 0.288 0.028 0.019 0.186 1 0.209 0.051 0.093 0.393 0.006 0.086 0.277 0.184 0.162 0.14 0.002 0.045 0.035 0.016 0.236 0.013 0.025 0.038 0.089 0.068 0.188 0.233 0.021 0.024 0.039 0.01 0.166 0.046 0.001 0.015 0.019
0.004 0.002 0.002 0.039 0.015 0.01 0.001 0 0 0.163 0 0.026 0.033 0.005 0.296 0.011 0.662 0.05 0.168 0.017 0.072 0.015 0.308 0.008 0.013 0.077 0.124 0.006 0.009 0.001 0.044 0.039 0.155 0.005 0.037 0.209 1 0.008 0.013 0.177 0.113 0.052 0.572 0.777 0.703 0.777 0.005 0.008 0.112 0.053 0.523 0.004 0.007 0.004 0.278 0.02 0.607 0.57 0.095 0.006 0.125 0.003 0.653 0.007 0.003 0.01 0.092
0.016 0.017 0.017 0.037 0.009 0.003 0.005 0.005 0.003 0.002 0.001 0.014 0.008 0.006 0.002 0.018 0.004 0.102 0.063 0.01 0.025 0.002 0.003 0.004 0.009 0.028 0.039 0.001 0.002 0.001 0.14 0.156 0.032 0.001 0.01 0.051 0.008 1 0.003 0.018 0.039 0.049 0.014 0.009 0.008 0.01 0.001 0.002 0.001 0.001 0.009 0.001 0.001 0.001 0.005 0.004 0.01 0.013 0.001 0.001 0.002 0.001 0.01 0.001 0.001 0.006 0.001
0.089 0.089 0.106 0.046 0 0.433 0.009 0.008 0.004 0 0.002 0.122 0.124 0 0.004 0.095 0.005 0.025 0.033 0.001 0.071 0.005 0.005 0.398 0 0.1 0.074 0.002 0.401 0.002 0.001 0.014 0.062 0.002 0.017 0.093 0.013 0.003 1 0.002 0.04 0.034 0.206 0.014 0.014 0.01 0.002 0.533 0.002 0.002 0.146 0.001 0.002 0.405 0.009 0.008 0.005 0.118 0.002 0.002 0 0.001 0.004 0.492 0.002 0.004 0.002
0.006 0.013 0.014 0.016 0.039 0.032 0.122 0.091 0.056 0.037 0.015 0.006 0.006 0.111 0.043 0.009 0.126 0.005 0.058 0.063 0.007 0.015 0.043 0.037 0.088 0.004 0.004 0.019 0.005 0.007 0.252 0.212 0 0.01 0.118 0.393 0.177 0.018 0.002 1 0.006 0.032 0.131 0.172 0.156 0.171 0.015 0.002 0.032 0.013 0.13 0.011 0.001 0.001 0.079 0.064 0.145 0.127 0.009 0.019 0.041 0.003 0.184 0.008 0.013 0.018 0.011
0.01 0.001 0.001 0.22 0.037 0.041 0.121 0.09 0.052 0.025 0.008 0.01 0.015 0.119 0.032 0.007 0.081 0.029 0.105 0.039 0.179 0.033 0.036 0.017 0.06 0.206 0.322 0.053 0.026 0.011 0.231 0.262 0.491 0.019 0.354 0.006 0.113 0.039 0.04 0.006 1 0.12 0.193 0.123 0.116 0.138 0.003 0.024 0.015 0.016 0.182 0.031 0.02 0.02 0.075 0.188 0.139 0.184 0.018 0.051 0.022 0.023 0.14 0.02 0.007 0.002 0.019
0.087 0.067 0.067 0.205 0.042 0.01 0.043 0.045 0.03 0.01 0.013 0.077 0.069 0.038 0.024 0.086 0.037 0.207 0.045 0.049 0.183 0.002 0.022 0.034 0.062 0.214 0.152 0.015 0.019 0.006 0.009 0.006 0.212 0.052 0.097 0.086 0.052 0.049 0.034 0.032 0.12 1 0.112 0.059 0.054 0.069 0.001 0.014 0 0 0.095 0.009 0.062 0.017 0.048 0.048 0.062 0.089 0.006 0.016 0.002 0.007 0.065 0.017 0 0.019 0.005
0.009 0.012 0.014 0.008 0.018 0.074 0.01 0.005 0.002 0.104 0.001 0.001 0 0.005 0.173 0.004 0.414 0.047 0.088 0.021 0.014 0.019 0.178 0.069 0.016 0.009 0.037 0.01 0.072 0.003 0.051 0.068 0.06 0.007 0.069 0.277 0.572 0.014 0.206 0.131 0.193 0.112 1 0.626 0.574 0.638 0.008 0.108 0.078 0.028 0.856 0.006 0.012 0.089 0.369 0.037 0.646 0.858 0.056 0.011 0.104 0.004 0.66 0.103 0.007 0.017 0.058
0.015 0.012 0.013 0.072 0.029 0.012 0.017 0.013 0.013 0.155 0 0.054 0.064 0.026 0.264 0.03 0.627 0.017 0.23 0.043 0.117 0.011 0.275 0.01 0.038 0.122 0.162 0.007 0.009 0.001 0.048 0.043 0.22 0.004 0.053 0.184 0.777 0.009 0.014 0.172 0.123 0.059 0.626 1 0.911 0.846 0.005 0.009 0.122 0.05 0.593 0.004 0.007 0.005 0.404 0.023 0.789 0.635 0.093 0.007 0.16 0.003 0.716 0.007 0.004 0.011 0.096
0.012 0.009 0.011 0.066 0.027 0.011 0.015 0.012 0.012 0.09 0 0.05 0.059 0.025 0.275 0.043 0.552 0.012 0.215 0.04 0.11 0.01 0.276 0.009 0.035 0.115 0.146 0.006 0.009 0.001 0.041 0.036 0.2 0.004 0.051 0.162 0.703 0.008 0.014 0.156 0.116 0.054 0.574 0.911 1 0.797 0.004 0.008 0.129 0.068 0.575 0.004 0.007 0.004 0.333 0.022 0.741 0.598 0.116 0.007 0.168 0.003 0.67 0.007 0.003 0.01 0.119
0.006 0.003 0.004 0.052 0.015 0.013 0.002 0.001 0 0.105 0 0.031 0.039 0.005 0.243 0.014 0.525 0.019 0.18 0.017 0.074 0.013 0.252 0.012 0.013 0.078 0.124 0.007 0.01 0.001 0.043 0.044 0.158 0.004 0.047 0.14 0.777 0.01 0.01 0.171 0.138 0.069 0.638 0.846 0.797 1 0.006 0.01 0.109 0.059 0.614 0.004 0.008 0.005 0.387 0.025 0.715 0.654 0.07 0.008 0.142 0.003 0.736 0.008 0.004 0.012 0.1
0.017 0.022 0.021 0.009 0.004 0.022 0.003 0.003 0.002 0.001 0.01 0.026 0.024 0.004 0.002 0.027 0.004 0.002 0.006 0.004 0.003 0.002 0.002 0.032 0.006 0.001 0 0.001 0.041 0.001 0.007 0.006 0 0.001 0 0.002 0.005 0.001 0.002 0.015 0.003 0.001 0.008 0.005 0.004 0.006 1 0.001 0.001 0.001 0.008 0 0.001 0.001 0.003 0.003 0.006 0.008 0.001 0.001 0.001 0 0.006 0.001 0.702 0.16 0.001
0.035 0.044 0.042 0.015 0.009 0.264 0.006 0.005 0.003 0 0.001 0.051 0.057 0.006 0.002 0.03 0.002 0.009 0.012 0.009 0.026 0.003 0.003 0.289 0.008 0.049 0.035 0.001 0.355 0.001 0.011 0.008 0.029 0 0.006 0.045 0.008 0.002 0.533 0.002 0.024 0.014 0.108 0.009 0.008 0.01 0.001 1 0.001 0.001 0.114 0.001 0.001 0.677 0.005 0.005 0.01 0.105 0.001 0.001 0.002 0.001 0.01 0.817 0.001 0.002 0.001
0.03 0.037 0.036 0.015 0.005 0.002 0.003 0.003 0.002 0.001 0.001 0.009 0.008 0.004 0.002 0.011 0.143 0.009 0.035 0.006 0.018 0.002 0.002 0.003 0.006 0.018 0.024 0.001 0.001 0.001 0.007 0.006 0.029 0.001 0.007 0.035 0.112 0.001 0.002 0.032 0.015 0 0.078 0.122 0.129 0.109 0.001 0.001 1 0 0.078 0 0.001 0.001 0.002 0.003 0.108 0.08 0 0.001 0.488 0 0.081 0.001 0.001 0.001 0
0.001 0 0.001 0.005 0 0 0.001 0.002 0.002 0.108 0.001 0.007 0.007 0.004 0.001 0.012 0.035 0 0.015 0.007 0.018 0.002 0.001 0.003 0.006 0.015 0.017 0.001 0.001 0.001 0.003 0.003 0.021 0.001 0.007 0.016 0.053 0.001 0.002 0.013 0.016 0 0.028 0.05 0.068 0.059 0.001 0.001 0 1 0.064 0 0.001 0.001 0.004 0.003 0.069 0.064 0.399 0.001 0 0 0.069 0.001 0.001 0.001 0.582
0.005 0.007 0.009 0.011 0.019 0.048 0.01 0.006 0.003 0.109 0.001 0 0 0.005 0.157 0 0.381 0.032 0.099 0.02 0.022 0.018 0.139 0.041 0.018 0.015 0.042 0.01 0.069 0.002 0.04 0.055 0.066 0.007 0.065 0.236 0.523 0.009 0.146 0.13 0.182 0.095 0.856 0.593 0.575 0.614 0.008 0.114 0.078 0.064 1 0.006 0.011 0.095 0.327 0.034 0.692 0.9 0.097 0.01 0.114 0.004 0.685 0.109 0.006 0.016 0.103
0.006 0.007 0.007 0.018 0.004 0.001 0.002 0.002 0.001 0.001 0 0.006 0.006 0.001 0.001 0.006 0.003 0.007 0.011 0.004 0.021 0 0.001 0.001 0.004 0.022 0.015 0.31 0.001 0 0.005 0.003 0.016 0.001 0.07 0.013 0.004 0.001 0.001 0.011 0.031 0.009 0.006 0.004 0.004 0.004 0 0.001 0 0 0.006 1 0.001 0.001 0.002 0.002 0.004 0.006 0.001 0.419 0.001 0 0.004 0.001 0 0.001 0.001
0 0 0.001 0.002 0.003 0.002 0.005 0.004 0.002 0.002 0.001 0.008 0.008 0.005 0.002 0.008 0.006 0.01 0.002 0.003 0.017 0.046 0.002 0.004 0.008 0.024 0.032 0.001 0.002 0.001 0.009 0.008 0.03 0.001 0.009 0.025 0.007 0.001 0.002 0.001 0.02 0.062 0.012 0.007 0.007 0.008 0.001 0.001 0.001 0.001 0.011 0.001 1 0.001 0.005 0.004 0.008 0.011 0.001 0.001 0.001 0 0.008 0.001 0.001 0.002 0.001
0.029 0.037 0.035 0.015 0.007 0.204 0.005 0.004 0.002 0 0.001 0.053 0.06 0.005 0.002 0.03 0.001 0.012 0.013 0.004 0.028 0.002 0.002 0.228 0.003 0.05 0.032 0.001 0.314 0.001 0.009 0.006 0.027 0.001 0.008 0.038 0.004 0.001 0.405 0.001 0.02 0.017 0.089 0.005 0.004 0.005 0.001 0.677 0.001 0.001 0.095 0.001 0.001 1 0.001 0.004 0.006 0.086 0.001 0.001 0 0 0.006 0.577 0.001 0.002 0.001
0.025 0.025 0.021 0.059 0.011 0 0.017 0.014 0.008 0.004 0.003 0.009 0.012 0.002 0.445 0.001 0.24 0.006 0.089 0.006 0.032 0.005 0.464 0.002 0.004 0.036 0.049 0.004 0.001 0 0.01 0.024 0.066 0.003 0.033 0.089 0.278 0.005 0.009 0.079 0.075 0.048 0.369 0.404 0.333 0.387 0.003 0.005 0.002 0.004 0.327 0.002 0.005 0.001 1 0.014 0.455 0.372 0.004 0.004 0.005 0.002 0.414 0.004 0.002 0.007 0.002
0.003 0.043 0.045 0.093 0.02 0.008 0.01 0.008 0.007 0.005 0.002 0.04 0.031 0.012 0.007 0.043 0.015 0.033 0.057 0.021 0.004 0.241 0.008 0.012 0.02 0.004 0 0.004 0.005 0.003 0.025 0.022 0.085 0.003 0.378 0.068 0.02 0.004 0.008 0.064 0.188 0.048 0.037 0.023 0.022 0.025 0.003 0.005 0.003 0.003 0.034 0.002 0.004 0.004 0.014 1 0.027 0.034 0.003 0.004 0.004 0.001 0.026 0.004 0.003 0 0.003
0.001 0.001 0.001 0.036 0.013 0 0.02 0.015 0.015 0.11 0 0.018 0.025 0.01 0.218 0.01 0.479 0.017 0.167 0.023 0.069 0.013 0.204 0.001 0.021 0.071 0.103 0.008 0 0.001 0.027 0.045 0.151 0.005 0.061 0.188 0.607 0.01 0.005 0.145 0.139 0.062 0.646 0.789 0.741 0.715 0.006 0.01 0.108 0.069 0.692 0.004 0.008 0.006 0.455 0.027 1 0.67 0.126 0.008 0.155 0.003 0.825 0.008 0.004 0.012 0.115
0.002 0.006 0.006 0.014 0.022 0.04 0.01 0.006 0.003 0.116 0.001 0 0.001 0.007 0.182 0 0.459 0.033 0.105 0.025 0.028 0.018 0.187 0.035 0.02 0.02 0.054 0.01 0.064 0.002 0.049 0.059 0.081 0.009 0.065 0.233 0.57 0.013 0.118 0.127 0.184 0.089 0.858 0.635 0.598 0.654 0.008 0.105 0.08 0.064 0.9 0.006 0.011 0.086 0.372 0.034 0.67 1 0.096 0.01 0.117 0.004 0.687 0.1 0.006 0.011 0.102
0.001 0.002 0.001 0 0 0 0.001 0.001 0.002 0.059 0.017 0.001 0.002 0.005 0.002 0.004 0.043 0.001 0.016 0.007 0.008 0.002 0.002 0.001 0.007 0.008 0.008 0.001 0.001 0.001 0.004 0.003 0.025 0.001 0.008 0.021 0.095 0.001 0.002 0.009 0.018 0.006 0.056 0.093 0.116 0.07 0.001 0.001 0 0.399 0.097 0.001 0.001 0.001 0.004 0.003 0.126 0.096 1 0.001 0.001 0 0.107 0.001 0.001 0.002 0.673
0.001 0 0.001 0.028 0 0.002 0 0.001 0.004 0.001 0.012 0 0 0.004 0.002 0 0.005 0.009 0.017 0.008 0.037 0.001 0.002 0 0.007 0.038 0.027 0.774 0.001 0 0.009 0.008 0.026 0.001 0.119 0.024 0.006 0.001 0.002 0.019 0.051 0.016 0.011 0.007 0.007 0.008 0.001 0.001 0.001 0.001 0.01 0.419 0.001 0.001 0.004 0.004 0.008 0.01 0.001 1 0.001 0 0.008 0.001 0.001 0.002 0.001
0.017 0.019 0.022 0.003 0.002 0 0.005 0.004 0.002 0.015 0.001 0.004 0.007 0.003 0.002 0.004 0.126 0.007 0.033 0.006 0.018 0.003 0.003 0.001 0.006 0.017 0.029 0.001 0.002 0.001 0.007 0.009 0.035 0.001 0.009 0.039 0.125 0.002 0 0.041 0.022 0.002 0.104 0.16 0.168 0.142 0.001 0.002 0.488 0 0.114 0.001 0.001 0 0.005 0.004 0.155 0.117 0.001 0.001 1 0 0.129 0.001 0.001 0.002 0.001
0.005 0.006 0.006 0.01 0.003 0.001 0.002 0.001 0.001 0 0 0.006 0.004 0.002 0 0.006 0.001 0.005 0.006 0.003 0.015 0.001 0 0.001 0.003 0.02 0.014 0 0.001 0 0.004 0.003 0.012 0 0.052 0.01 0.003 0.001 0.001 0.003 0.023 0.007 0.004 0.003 0.003 0.003 0 0.001 0 0 0.004 0 0 0 0.002 0.001 0.003 0.004 0 0 0 1 0.003 0 0 0.001 0
0.001 0 0 0.029 0.01 0 0.006 0.003 0.002 0.112 0 0.009 0.014 0.001 0.184 0.003 0.444 0.022 0.145 0.011 0.053 0.013 0.194 0.001 0.01 0.054 0.097 0.008 0 0.001 0.027 0.045 0.127 0.005 0.048 0.166 0.653 0.01 0.004 0.184 0.14 0.065 0.66 0.716 0.67 0.736 0.006 0.01 0.081 0.069 0.685 0.004 0.008 0.006 0.414 0.026 0.825 0.687 0.107 0.008 0.129 0.003 1 0.008 0.004 0.012 0.118
0.032 0.04 0.038 0.015 0.007 0.309 0.005 0.004 0.002 0 0.001 0.047 0.054 0.005 0.002 0.043 0.001 0.012 0.013 0.007 0.024 0.002 0.002 0.26 0.007 0.049 0.036 0.001 0.302 0.001 0.009 0.006 0.031 0.001 0.008 0.046 0.007 0.001 0.492 0.008 0.02 0.017 0.103 0.007 0.007 0.008 0.001 0.817 0.001 0.001 0.109 0.001 0.001 0.577 0.004 0.004 0.008 0.1 0.001 0.001 0.001 0 0.008 1 0.001 0.002 0.001
0.021 0.026 0.025 0.007 0.004 0.032 0.003 0.003 0.002 0.001 0.009 0.031 0.028 0.004 0 0.031 0.003 0.002 0.004 0.004 0.002 0.002 0.001 0.042 0.006 0 0.001 0.001 0.039 0.001 0.007 0.006 0.001 0.001 0.001 0.001 0.003 0.001 0.002 0.013 0.007 0 0.007 0.004 0.003 0.004 0.702 0.001 0.001 0.001 0.006 0 0.001 0.001 0.002 0.003 0.004 0.006 0.001 0.001 0.001 0 0.004 0.001 1 0.16 0.001
0.002 0.001 0.001 0.004 0 0 0.007 0.006 0.003 0.002 0.003 0 0 0.008 0.003 0 0.004 0.017 0.001 0 0.004 0.004 0.003 0 0.012 0.008 0.006 0.002 0 0.001 0.002 0.002 0.009 0.006 0 0.015 0.01 0.006 0.004 0.018 0.002 0.019 0.017 0.011 0.01 0.012 0.16 0.002 0.001 0.001 0.016 0.001 0.002 0.002 0.007 0 0.012 0.011 0.002 0.002 0.002 0.001 0.012 0.002 0.16 1 0.002
0 0.001 0.001 0.001 0 0 0 0.001 0.002 0.058 0.016 0.002 0.002 0.005 0.002 0.004 0.042 0.001 0.017 0.008 0.01 0.002 0.002 0.001 0.007 0.008 0.011 0.001 0.001 0.001 0.005 0.004 0.028 0.001 0.008 0.019 0.092 0.001 0.002 0.011 0.019 0.005 0.058 0.096 0.119 0.1 0.001 0.001 0 0.582 0.103 0.001 0.001 0.001 0.002 0.003 0.115 0.102 0.673 0.001 0.001 0 0.118 0.001 0.001 0.002 1
