1 0.814 0.859 0.457 0.361 0.132 0.268 0.228 0.097 0.033 0.036 0.535 0.519 0.228 0.039 0.531 0.011 0.104 0.104 0.313 0.309 0.014 0.04 0.154 0.265 0.213 0.129 0 0.049 0.002 0.067 0.047 0.102 0.018 0.018 0.062 0.005 0 0.087 0.016 0.01 0.057 0.007 0.011 0.01 0.003 0.009 0.01 0.02 0.003 0.007 0.002 0.005 0.014 0.013 0.011 0 0.001 0.005 0.002 0.025 0.004 0.001 0.015 0.018 0.002 0.004
0.814 1 0.914 0.441 0.344 0.162 0.326 0.278 0.118 0.027 0.043 0.568 0.547 0.206 0.032 0.535 0.004 0.106 0.093 0.299 0.292 0.021 0.033 0.191 0.263 0.2 0.121 0 0.062 0.007 0.057 0.068 0.09 0.015 0.03 0.071 0.002 0 0.049 0.015 0.007 0.038 0.004 0.008 0.008 0.002 0.012 0.015 0.027 0.001 0.003 0 0.008 0.02 0.023 0.025 0 0 0.002 0.003 0.016 0.006 0 0.02 0.024 0.001 0.002
0.859 0.914 1 0.476 0.416 0.152 0.306 0.26 0.111 0.029 0.041 0.624 0.6 0.264 0.035 0.596 0.006 0.109 0.102 0.364 0.334 0.022 0.035 0.179 0.312 0.229 0.141 0.001 0.058 0.013 0.085 0.06 0.107 0.016 0.032 0.085 0.003 0 0.103 0.023 0.005 0.042 0.01 0.011 0.011 0.003 0.011 0.013 0.024 0.002 0.009 0 0.004 0.018 0.013 0.027 0.001 0.003 0.003 0.004 0.031 0.006 0.003 0.019 0.022 0.002 0.002
0.457 0.441 0.476 1 0.225 0.07 0.151 0.129 0.055 0.059 0.02 0.336 0.348 0.146 0.069 0.315 0.053 0.24 0.32 0.192 0.633 0.003 0.069 0.079 0.153 0.527 0.349 0.015 0.023 0.026 0.015 0.007 0.406 0.031 0.201 0 0.046 0.005 0.047 0.007 0.212 0.121 0.011 0.069 0.07 0.046 0.005 0.002 0.006 0.006 0.009 0.018 0.013 0.015 0.037 0.064 0.019 0.018 0.012 0.031 0.009 0.017 0.016 0.005 0.01 0.001 0.015
0.361 0.344 0.416 0.225 1 0.015 0.488 0.416 0.133 0.015 0.004 0.458 0.447 0.516 0.018 0.467 0.029 0.065 0.113 0.713 0.25 0.011 0.018 0.021 0.578 0.187 0.135 0.003 0.009 0.006 0.194 0.142 0.113 0.008 0.026 0.031 0.009 0.005 0 0.037 0.028 0.032 0.012 0.028 0.028 0.011 0.001 0.009 0.003 0 0.005 0.002 0.002 0.008 0.013 0.012 0.007 0.006 0 0.003 0 0.005 0.002 0.006 0 0.002 0
0.132 0.162 0.152 0.07 0.015 1 0.009 0.008 0.003 0.004 0.001 0.163 0.155 0.011 0.005 0.157 0.016 0.013 0.035 0.016 0.081 0.003 0.005 0.633 0.016 0.04 0.022 0.001 0.318 0.002 0.015 0.013 0.012 0.002 0.015 0.02 0.014 0.002 0.33 0.033 0.035 0.007 0.04 0.01 0.01 0.012 0.004 0.109 0.002 0.001 0.013 0.001 0.002 0.123 0 0.005 0.003 0.008 0.002 0.001 0.001 0.002 0.002 0.175 0.037 0.001 0.002
0.268 0.326 0.306 0.151 0.488 0.009 1 0.852 0.363 0.009 0.002 0.263 0.249 0.62 0.011 0.269 0.012 0.039 0.058 0.459 0.145 0.007 0.011 0.013 0.441 0.123 0.087 0.002 0.005 0.004 0.26 0.289 0.079 0.005 0.02 0.072 0 0.003 0.009 0.103 0.088 0.046 0.011 0.014 0.013 0.001 0.002 0.005 0.003 0.002 0.004 0.001 0.003 0.005 0.019 0.006 0.019 0.006 0.001 0.002 0.005 0.003 0.003 0.003 0.002 0.005 0.001
0.228 0.278 0.26 0.129 0.416 0.008 0.852 1 0.426 0.008 0.002 0.216 0.204 0.515 0.009 0.221 0.008 0.033 0.046 0.379 0.118 0.006 0.009 0.011 0.363 0.095 0.066 0.001 0.005 0.003 0.186 0.207 0.059 0.004 0.016 0.051 0 0.003 0.008 0.076 0.061 0.042 0.007 0.01 0.01 0 0.002 0.005 0.003 0.004 0.001 0 0.003 0.004 0.016 0.004 0.014 0.002 0.001 0.001 0.005 0.003 0.001 0.003 0.002 0.004 0.002
0.097 0.118 0.111 0.055 0.133 0.003 0.363 0.426 1 0.003 0.001 0.119 0.113 0.307 0.004 0.122 0.011 0.014 0.032 0.2 0.069 0.002 0.004 0.005 0.197 0.077 0.054 0 0.002 0.001 0.114 0.125 0.054 0.002 0.003 0.023 0.001 0.001 0.003 0.034 0.049 0.024 0.002 0.012 0.012 0.001 0.001 0.002 0.001 0.002 0.003 0 0.001 0.002 0.007 0.004 0.015 0.004 0.003 0 0.002 0.001 0.004 0.001 0.001 0.002 0.003
0.033 0.027 0.029 0.059 0.015 0.004 0.009 0.008 0.003 1 0.001 0.024 0.023 0.011 0.005 0.014 0.267 0.019 0.094 0.016 0.047 0.003 0.005 0.006 0.001 0.039 0.049 0.001 0.001 0.002 0.014 0.011 0.052 0.002 0.015 0.089 0.232 0.002 0.003 0.054 0.032 0.025 0.161 0.232 0.206 0.157 0.001 0.001 0.021 0.222 0.107 0.001 0.002 0.001 0.003 0.005 0.112 0.157 0.172 0.002 0.009 0.002 0.113 0 0.001 0.002 0.236
0.036 0.043 0.041 0.02 0.004 0.001 0.002 0.002 0.001 0.001 1 0.044 0.041 0.003 0.001 0.044 0.004 0.005 0.012 0.004 0.025 0.001 0.001 0.185 0.004 0.028 0.022 0.039 0.001 0.001 0.004 0.004 0.02 0.001 0.077 0.013 0.004 0 0.001 0.011 0.028 0.009 0.007 0.004 0.004 0.005 0.029 0.001 0.001 0.001 0.006 0.063 0 0.001 0.002 0.001 0.005 0.007 0.001 0.001 0.001 0 0.006 0 0.022 0.01 0.001
0.535 0.568 0.624 0.336 0.458 0.163 0.263 0.216 0.119 0.024 0.044 1 0.942 0.335 0.028 0.813 0.088 0.092 0.222 0.492 0.449 0.014 0.029 0.219 0.386 0.348 0.258 0 0.086 0.012 0.114 0.084 0.223 0.014 0.019 0.038 0.054 0.005 0.135 0.003 0.011 0.057 0.002 0.085 0.086 0.055 0.017 0.027 0.011 0.016 0.001 0 0.001 0.067 0.008 0.023 0.021 0.006 0.018 0.004 0.003 0.01 0.011 0.039 0.03 0 0.021
0.519 0.547 0.6 0.348 0.447 0.155 0.249 0.204 0.113 0.023 0.041 0.942 1 0.317 0.028 0.769 0.088 0.096 0.228 0.467 0.434 0.011 0.029 0.208 0.366 0.34 0.251 0 0.087 0.013 0.106 0.078 0.22 0.015 0.015 0.036 0.053 0.005 0.133 0.001 0.012 0.057 0.002 0.083 0.084 0.054 0.016 0.028 0.007 0.017 0.002 0.001 0.001 0.068 0.009 0.023 0.021 0.006 0.019 0.003 0.002 0.004 0.012 0.041 0.029 0 0.022
0.228 0.206 0.264 0.146 0.516 0.011 0.62 0.515 0.307 0.011 0.003 0.335 0.317 1 0.012 0.395 0.037 0.046 0.104 0.579 0.225 0.008 0.013 0.015 0.556 0.195 0.147 0.002 0.006 0.002 0.359 0.277 0.134 0.006 0.011 0.075 0.01 0.003 0.003 0.099 0.101 0.038 0.009 0.037 0.037 0.011 0.002 0.006 0.004 0.008 0.003 0.001 0.004 0.006 0.005 0.007 0.015 0.005 0.01 0.002 0 0.004 0.002 0.004 0.003 0.006 0.009
0.039 0.032 0.035 0.069 0.018 0.005 0.011 0.009 0.004 0.005 0.001 0.028 0.028 0.012 1 0.032 0.332 0.023 0.118 0.019 0.054 0.004 0.94 0.008 0.019 0.041 0.05 0 0.003 0.002 0.017 0.015 0.06 0.003 0.012 0.089 0.275 0.002 0.005 0.075 0.033 0.016 0.178 0.26 0.268 0.237 0.001 0.003 0.003 0.002 0.135 0.001 0.002 0.003 0.476 0.006 0.197 0.176 0.003 0.002 0.003 0 0.21 0.002 0.001 0.003 0.003
0.531 0.535 0.596 0.315 0.467 0.157 0.269 0.221 0.122 0.014 0.044 0.813 0.769 0.395 0.032 1 0.075 0.099 0.215 0.573 0.484 0.021 0.029 0.168 0.457 0.348 0.241 0 0.041 0.009 0.122 0.091 0.197 0.013 0.019 0.037 0.041 0.009 0.09 0.005 0.014 0.066 0.002 0.061 0.067 0.036 0.017 0.006 0.012 0.019 0.002 0 0.005 0.027 0.003 0.025 0.012 0.006 0.021 0.004 0.001 0.01 0.007 0.021 0.031 0.001 0.024
0.011 0.004 0.006 0.053 0.029 0.016 0.012 0.008 0.011 0.267 0.004 0.088 0.088 0.037 0.332 0.075 1 0.055 0.331 0.056 0.142 0.012 0.333 0.022 0.032 0.133 0.166 0.002 0.006 0.007 0.051 0.046 0.193 0.008 0.047 0.245 0.722 0 0.012 0.196 0.095 0.022 0.497 0.724 0.697 0.591 0.004 0.006 0.102 0.11 0.383 0.003 0.006 0.005 0.249 0.018 0.474 0.506 0.12 0.006 0.063 0.001 0.483 0.003 0.004 0.001 0.17
0.104 0.106 0.109 0.24 0.065 0.013 0.039 0.033 0.014 0.019 0.005 0.092 0.096 0.046 0.023 0.099 0.055 1 0.329 0.065 0.179 0.015 0.02 0.028 0.049 0.149 0.028 0.005 0.012 0.075 0.022 0.027 0.04 0.092 0.043 0.025 0.062 0.034 0.02 0.009 0.008 0.095 0.06 0.032 0.027 0.027 0 0 0.008 0.007 0.043 0.004 0.001 0.01 0.014 0.016 0.037 0.045 0.01 0.007 0.005 0.007 0.046 0.007 0.001 0.013 0.009
0.104 0.093 0.102 0.32 0.113 0.035 0.058 0.046 0.032 0.094 0.012 0.222 0.228 0.104 0.118 0.215 0.331 0.329 1 0.153 0.4 0.033 0.124 0.063 0.101 0.352 0.19 0.008 0.021 0.031 0.001 0 0.237 0.028 0.11 0.097 0.255 0.033 0.039 0.102 0.088 0.006 0.157 0.324 0.322 0.263 0.002 0.002 0.034 0.042 0.131 0.01 0.007 0.018 0.104 0.042 0.184 0.145 0.041 0.018 0.022 0.008 0.171 0.012 0.005 0 0.068
0.313 0.299 0.364 0.192 0.713 0.016 0.459 0.379 0.2 0.016 0.004 0.492 0.467 0.579 0.019 0.573 0.056 0.065 0.153 1 0.328 0.012 0.02 0.023 0.822 0.251 0.183 0.004 0.01 0.005 0.274 0.21 0.162 0.008 0.043 0.032 0.024 0.005 0 0.047 0.035 0.05 0.027 0.058 0.057 0.027 0.003 0.009 0.007 0.012 0.014 0.001 0.002 0 0.005 0.013 0.024 0.019 0.011 0.003 0 0.006 0.011 0.006 0.001 0.003 0.014
0.309 0.292 0.334 0.633 0.25 0.081 0.145 0.118 0.069 0.047 0.025 0.449 0.434 0.225 0.054 0.484 0.142 0.179 0.4 0.328 1 0.035 0.058 0.107 0.258 0.773 0.576 0.02 0.033 0.017 0.045 0.03 0.487 0.021 0.136 0.002 0.117 0.003 0.062 0.008 0.214 0.126 0.045 0.163 0.162 0.113 0.004 0.004 0.022 0.025 0.041 0.023 0.011 0.022 0.034 0.006 0.072 0.057 0.03 0.04 0.01 0.017 0.062 0.009 0.01 0 0.042
0.014 0.021 0.022 0.003 0.011 0.003 0.007 0.006 0.002 0.003 0.001 0.014 0.011 0.008 0.004 0.021 0.012 0.015 0.033 0.012 0.035 1 0.004 0.005 0.012 0.032 0.04 0.001 0.002 0.001 0.011 0.01 0.007 0.002 0.052 0.035 0.013 0 0.003 0.026 0.013 0 0.019 0.013 0.013 0.014 0.001 0.002 0.002 0.002 0.018 0.001 0.056 0.002 0.007 0.18 0.015 0.019 0.003 0.001 0.002 0.001 0.016 0.001 0.001 0.002 0.003
0.04 0.033 0.035 0.069 0.018 0.005 0.011 0.009 0.004 0.005 0.001 0.029 0.029 0.013 0.94 0.029 0.333 0.02 0.124 0.02 0.058 0.004 1 0.008 0.02 0.044 0.054 0 0.003 0.002 0.018 0.016 0.064 0.003 0.013 0.091 0.282 0.002 0.006 0.074 0.036 0.016 0.182 0.267 0.268 0.242 0.001 0.003 0.003 0.002 0.129 0.001 0.002 0.003 0.488 0.006 0.195 0.18 0.003 0.003 0.004 0 0.215 0.002 0.002 0.003 0.003
0.154 0.191 0.179 0.079 0.021 0.633 0.013 0.011 0.005 0.006 0.185 0.219 0.208 0.015 0.008 0.168 0.022 0.028 0.063 0.023 0.107 0.005 0.008 1 0.024 0.084 0.06 0.003 0.377 0.003 0.021 0.016 0.042 0.003 0 0.013 0.022 0.002 0.372 0.028 0.01 0.023 0.037 0.017 0.017 0.02 0.017 0.198 0.003 0.005 0.013 0.007 0.002 0.211 0.002 0.007 0 0.008 0.006 0 0.002 0.002 0 0.225 0.053 0.001 0.006
0.265 0.263 0.312 0.153 0.578 0.016 0.441 0.363 0.197 0.001 0.004 0.386 0.366 0.556 0.019 0.457 0.032 0.049 0.101 0.822 0.258 0.012 0.02 0.024 1 0.266 0.201 0.004 0.01 0.005 0.308 0.242 0.179 0.009 0.044 0.057 0.01 0.006 0 0.075 0.041 0.064 0.013 0.034 0.034 0.012 0.001 0.01 0.007 0.012 0.015 0.001 0.006 0 0 0.014 0.025 0.008 0.012 0.003 0.001 0.006 0.012 0.006 0.002 0.009 0.015
0.213 0.2 0.229 0.527 0.187 0.04 0.123 0.095 0.077 0.039 0.028 0.348 0.34 0.195 0.041 0.348 0.133 0.149 0.352 0.251 0.773 0.032 0.044 0.084 0.266 1 0.756 0.022 0.063 0.018 0.068 0.051 0.657 0.022 0.168 0.002 0.106 0.015 0.107 0.002 0.259 0.156 0.024 0.15 0.149 0.1 0.001 0.023 0.02 0.021 0.02 0.026 0.016 0.055 0.03 0.008 0.06 0.032 0.026 0.045 0.008 0.03 0.051 0.039 0 0.001 0.037
0.129 0.121 0.141 0.349 0.135 0.022 0.087 0.066 0.054 0.049 0.022 0.258 0.251 0.147 0.05 0.241 0.166 0.028 0.19 0.183 0.576 0.04 0.054 0.06 0.201 0.756 1 0.017 0.048 0.023 0.267 0.244 0.853 0.028 0.119 0.029 0.143 0.008 0.086 0.001 0.388 0.16 0.049 0.186 0.176 0.131 0 0.016 0.025 0.022 0.04 0.021 0.02 0.041 0.041 0.004 0.088 0.061 0.033 0.036 0.013 0.023 0.082 0.031 0.001 0.001 0.04
0 0 0.001 0.015 0.003 0.001 0.002 0.001 0 0.001 0.039 0 0 0.002 0 0 0.002 0.005 0.008 0.004 0.02 0.001 0 0.003 0.004 0.022 0.017 1 0.001 0.001 0.004 0.003 0.015 0.001 0.063 0.009 0.002 0 0.001 0.007 0.027 0.009 0.004 0.002 0.002 0.002 0 0.001 0.001 0.001 0.003 0.241 0 0.001 0 0.001 0.003 0.004 0.001 0.313 0.001 0 0.003 0 0 0.001 0.001
0.049 0.062 0.058 0.023 0.009 0.318 0.005 0.005 0.002 0.001 0.001 0.086 0.087 0.006 0.003 0.041 0.006 0.012 0.021 0.01 0.033 0.002 0.003 0.377 0.01 0.063 0.048 0.001 1 0.001 0.009 0.008 0.044 0.001 0.008 0.053 0.009 0.001 0.472 0.002 0.02 0.019 0.081 0.009 0.009 0.01 0.01 0.241 0.001 0.002 0.035 0.001 0.001 0.271 0 0.002 0.006 0.031 0.003 0.001 0.002 0.001 0.006 0.241 0.007 0 0.002
0.002 0.007 0.013 0.026 0.006 0.002 0.004 0.003 0.001 0.002 0.001 0.012 0.013 0.002 0.002 0.009 0.007 0.075 0.031 0.005 0.017 0.001 0.002 0.003 0.005 0.018 0.023 0.001 0.001 1 0.006 0.006 0.026 0.001 0.007 0.017 0.004 0.001 0.002 0.014 0.006 0.009 0.008 0.005 0.004 0.005 0 0.001 0.001 0.001 0.007 0.001 0.001 0.001 0.002 0.002 0.006 0.008 0.002 0 0.001 0.001 0.006 0.001 0.001 0.001 0.002
0.067 0.057 0.085 0.015 0.194 0.015 0.26 0.186 0.114 0.014 0.004 0.114 0.106 0.359 0.017 0.122 0.051 0.022 0.001 0.274 0.045 0.011 0.018 0.021 0.308 0.068 0.267 0.004 0.009 0.006 1 0.878 0.235 0.008 0.05 0.259 0.051 0.05 0.001 0.184 0.239 0.032 0.039 0.053 0.047 0.052 0.003 0.009 0.007 0.006 0.027 0.004 0.005 0.008 0.011 0.012 0.023 0.037 0.009 0.007 0 0.005 0.025 0.005 0.004 0.001 0.008
0.047 0.068 0.06 0.007 0.142 0.013 0.289 0.207 0.125 0.011 0.004 0.084 0.078 0.277 0.015 0.091 0.046 0.027 0 0.21 0.03 0.01 0.016 0.016 0.242 0.051 0.244 0.003 0.008 0.006 0.878 1 0.219 0.007 0.045 0.24 0.047 0.056 0.011 0.159 0.288 0.028 0.068 0.048 0.042 0.048 0.003 0.005 0.006 0.005 0.052 0.004 0.005 0.004 0.026 0.01 0.052 0.063 0.008 0.006 0.008 0.005 0.054 0.003 0.004 0.003 0.007
0.102 0.09 0.107 0.406 0.113 0.012 0.079 0.059 0.054 0.052 0.02 0.223 0.22 0.134 0.06 0.197 0.193 0.04 0.237 0.162 0.487 0.007 0.064 0.042 0.179 0.657 0.853 0.015 0.044 0.026 0.235 0.219 1 0.032 0.218 0.014 0.162 0.006 0.075 0 0.487 0.203 0.065 0.215 0.204 0.151 0 0.013 0.028 0.026 0.053 0.018 0.01 0.036 0.052 0.065 0.11 0.078 0.038 0.028 0.017 0.02 0.1 0.028 0.001 0.002 0.046
0.018 0.015 0.016 0.031 0.008 0.002 0.005 0.004 0.002 0.002 0.001 0.014 0.015 0.006 0.003 0.013 0.008 0.092 0.028 0.008 0.021 0.002 0.003 0.003 0.009 0.022 0.028 0.001 0.001 0.001 0.008 0.007 0.032 1 0 0.021 0.007 0.001 0.002 0.005 0.013 0.039 0.011 0.007 0.007 0.002 0.001 0.021 0.001 0.002 0.011 0.001 0.001 0.001 0.004 0 0.009 0.012 0.002 0.001 0.002 0.001 0.009 0.001 0.001 0.011 0.002
0.018 0.03 0.032 0.201 0.026 0.015 0.02 0.016 0.003 0.015 0.077 0.019 0.015 0.011 0.012 0.019 0.047 0.043 0.11 0.043 0.136 0.052 0.013 0 0.044 0.168 0.119 0.063 0.008 0.007 0.05 0.045 0.218 0 1 0.168 0.053 0.006 0.016 0.086 0.372 0.049 0.082 0.059 0.059 0.062 0 0 0.008 0.011 0.077 0.054 0.006 0.008 0.033 0.258 0.072 0.083 0.015 0.1 0.01 0.102 0.069 0.006 0 0.002 0.014
0.062 0.071 0.085 0 0.031 0.02 0.072 0.051 0.023 0.089 0.013 0.038 0.036 0.075 0.089 0.037 0.245 0.025 0.097 0.032 0.002 0.035 0.091 0.013 0.057 0.002 0.029 0.009 0.053 0.017 0.259 0.24 0.014 0.021 0.168 1 0.269 0.011 0.093 0.451 0.001 0.122 0.387 0.277 0.264 0.199 0.003 0.019 0.045 0.038 0.267 0.012 0.018 0.024 0.114 0.047 0.264 0.278 0.035 0.021 0.044 0.017 0.261 0.034 0.006 0.015 0.06
0.005 0.002 0.003 0.046 0.009 0.014 0 0 0.001 0.232 0.004 0.054 0.053 0.01 0.275 0.041 0.722 0.062 0.255 0.024 0.117 0.013 0.282 0.022 0.01 0.106 0.143 0.002 0.009 0.004 0.051 0.047 0.162 0.007 0.053 0.269 1 0.006 0.017 0.248 0.132 0.05 0.602 0.807 0.785 0.796 0.004 0.01 0.108 0.128 0.499 0.001 0.006 0.007 0.263 0.02 0.539 0.584 0.136 0.003 0.067 0.006 0.636 0.006 0.005 0.009 0.191
0 0 0 0.005 0.005 0.002 0.003 0.003 0.001 0.002 0 0.005 0.005 0.003 0.002 0.009 0 0.034 0.033 0.005 0.003 0 0.002 0.002 0.006 0.015 0.008 0 0.001 0.001 0.05 0.056 0.006 0.001 0.006 0.011 0.006 1 0.002 0.005 0.025 0.025 0.009 0.006 0.006 0.007 0 0.001 0.001 0.001 0.004 0 0.001 0.001 0.003 0.002 0.007 0.009 0.002 0.001 0.001 0.001 0.008 0.001 0 0.003 0.001
0.087 0.049 0.103 0.047 0 0.33 0.009 0.008 0.003 0.003 0.001 0.135 0.133 0.003 0.005 0.09 0.012 0.02 0.039 0 0.062 0.003 0.006 0.372 0 0.107 0.086 0.001 0.472 0.002 0.001 0.011 0.075 0.002 0.016 0.093 0.017 0.002 1 0 0.036 0.033 0.178 0.012 0.012 0.013 0.001 0.323 0.002 0.003 0.11 0.001 0.002 0.329 0.006 0.005 0.028 0.085 0.004 0.002 0.007 0.002 0.025 0.367 0.001 0.002 0.004
0.016 0.015 0.023 0.007 0.037 0.033 0.103 0.076 0.034 0.054 0.011 0.003 0.001 0.099 0.075 0.005 0.196 0.009 0.102 0.047 0.008 0.026 0.074 0.028 0.075 0.002 0.001 0.007 0.002 0.014 0.184 0.159 0 0.005 0.086 0.451 0.248 0.005 0 1 0.003 0.062 0.208 0.235 0.226 0.218 0.01 0 0.034 0.039 0.188 0.01 0.004 0.001 0.11 0.049 0.165 0.202 0.018 0.018 0.03 0 0.201 0.002 0.012 0.013 0.044
0.01 0.007 0.005 0.212 0.028 0.035 0.088 0.061 0.049 0.032 0.028 0.011 0.012 0.101 0.033 0.014 0.095 0.008 0.088 0.035 0.214 0.013 0.036 0.01 0.041 0.259 0.388 0.027 0.02 0.006 0.239 0.288 0.487 0.013 0.372 0.001 0.132 0.025 0.036 0.003 1 0.107 0.201 0.136 0.135 0.153 0.001 0.021 0.018 0.026 0.188 0.023 0.013 0.018 0.075 0.148 0.164 0.203 0.033 0.04 0.023 0.045 0.169 0.013 0.003 0 0.032
0.057 0.038 0.042 0.121 0.032 0.007 0.046 0.042 0.024 0.025 0.009 0.057 0.057 0.038 0.016 0.066 0.022 0.095 0.006 0.05 0.126 0 0.016 0.023 0.064 0.156 0.16 0.009 0.019 0.009 0.032 0.028 0.203 0.039 0.049 0.122 0.05 0.025 0.033 0.062 0.107 1 0.093 0.047 0.046 0.051 0.001 0.001 0.002 0.014 0.076 0.009 0.035 0.017 0.029 0.036 0.048 0.068 0.011 0 0.002 0.011 0.052 0.012 0.001 0.015 0.021
0.007 0.004 0.01 0.011 0.012 0.04 0.011 0.007 0.002 0.161 0.007 0.002 0.002 0.009 0.178 0.002 0.497 0.06 0.157 0.027 0.045 0.019 0.182 0.037 0.013 0.024 0.049 0.004 0.081 0.008 0.039 0.068 0.065 0.011 0.082 0.387 0.602 0.009 0.178 0.208 0.201 0.093 1 0.675 0.653 0.62 0.006 0.047 0.091 0.08 0.739 0.002 0.009 0.053 0.317 0.03 0.673 0.788 0.083 0.007 0.114 0.009 0.694 0.066 0.007 0.014 0.123
0.011 0.008 0.011 0.069 0.028 0.01 0.014 0.01 0.012 0.232 0.004 0.085 0.083 0.037 0.26 0.061 0.724 0.032 0.324 0.058 0.163 0.013 0.267 0.017 0.034 0.15 0.186 0.002 0.009 0.005 0.053 0.048 0.215 0.007 0.059 0.277 0.807 0.006 0.012 0.235 0.136 0.047 0.675 1 0.961 0.826 0.004 0.01 0.13 0.124 0.536 0.005 0.006 0.008 0.353 0.02 0.683 0.621 0.133 0.008 0.108 0.006 0.661 0.006 0.005 0.009 0.186
0.01 0.008 0.011 0.07 0.028 0.01 0.013 0.01 0.012 0.206 0.004 0.086 0.084 0.037 0.268 0.067 0.697 0.027 0.322 0.057 0.162 0.013 0.268 0.017 0.034 0.149 0.176 0.002 0.009 0.004 0.047 0.042 0.204 0.007 0.059 0.264 0.785 0.006 0.012 0.226 0.135 0.046 0.653 0.961 1 0.821 0.004 0.01 0.13 0.143 0.538 0.005 0.006 0.008 0.33 0.02 0.679 0.618 0.15 0.008 0.109 0.006 0.657 0.006 0.005 0.009 0.207
0.003 0.002 0.003 0.046 0.011 0.012 0.001 0 0.001 0.157 0.005 0.055 0.054 0.011 0.237 0.036 0.591 0.027 0.263 0.027 0.113 0.014 0.242 0.02 0.012 0.1 0.131 0.002 0.01 0.005 0.052 0.048 0.151 0.002 0.062 0.199 0.796 0.007 0.013 0.218 0.153 0.051 0.62 0.826 0.821 1 0.005 0.011 0.12 0.151 0.567 0.002 0.007 0.009 0.319 0.023 0.601 0.647 0.111 0.005 0.095 0.007 0.658 0.007 0.006 0.011 0.183
0.009 0.012 0.011 0.005 0.001 0.004 0.002 0.002 0.001 0.001 0.029 0.017 0.016 0.002 0.001 0.017 0.004 0 0.002 0.003 0.004 0.001 0.001 0.017 0.001 0.001 0 0 0.01 0 0.003 0.003 0 0.001 0 0.003 0.004 0 0.001 0.01 0.001 0.001 0.006 0.004 0.004 0.005 1 0.001 0.001 0.001 0.006 0 0 0.001 0.002 0.001 0.005 0.006 0.001 0 0.001 0 0.005 0 0.637 0.1 0.001
0.01 0.015 0.013 0.002 0.009 0.109 0.005 0.005 0.002 0.001 0.001 0.027 0.028 0.006 0.003 0.006 0.006 0 0.002 0.009 0.004 0.002 0.003 0.198 0.01 0.023 0.016 0.001 0.241 0.001 0.009 0.005 0.013 0.021 0 0.019 0.01 0.001 0.323 0 0.021 0.001 0.047 0.01 0.01 0.011 0.001 1 0.001 0.002 0.051 0.001 0.001 0.572 0.006 0.003 0.012 0.037 0.002 0.001 0.002 0.001 0.013 0.63 0.001 0.001 0.002
0.02 0.027 0.024 0.006 0.003 0.002 0.003 0.003 0.001 0.021 0.001 0.011 0.007 0.004 0.003 0.012 0.102 0.008 0.034 0.007 0.022 0.002 0.003 0.003 0.007 0.02 0.025 0.001 0.001 0.001 0.007 0.006 0.028 0.001 0.008 0.045 0.108 0.001 0.002 0.034 0.018 0.002 0.091 0.13 0.13 0.12 0.001 0.001 1 0.029 0.083 0.001 0.001 0.001 0.001 0.003 0.107 0.072 0.02 0.001 0.178 0.001 0.099 0.001 0.001 0.001 0.022
0.003 0.001 0.002 0.006 0 0.001 0.002 0.004 0.002 0.222 0.001 0.016 0.017 0.008 0.002 0.019 0.11 0.007 0.042 0.012 0.025 0.002 0.002 0.005 0.012 0.021 0.022 0.001 0.002 0.001 0.006 0.005 0.026 0.002 0.011 0.038 0.128 0.001 0.003 0.039 0.026 0.014 0.08 0.124 0.143 0.151 0.001 0.002 0.029 1 0.134 0.001 0.001 0.002 0.007 0.004 0.143 0.121 0.38 0.002 0 0.001 0.122 0.001 0.001 0.002 0.586
0.007 0.003 0.009 0.009 0.005 0.013 0.004 0.001 0.003 0.107 0.006 0.001 0.002 0.003 0.135 0.002 0.383 0.043 0.131 0.014 0.041 0.018 0.129 0.013 0.015 0.02 0.04 0.003 0.035 0.007 0.027 0.052 0.053 0.011 0.077 0.267 0.499 0.004 0.11 0.188 0.188 0.076 0.739 0.536 0.538 0.567 0.006 0.051 0.083 0.134 1 0.006 0.009 0.058 0.212 0.028 0.664 0.83 0.17 0.011 0.107 0.008 0.705 0.07 0.007 0.013 0.168
0.002 0 0 0.018 0.002 0.001 0.001 0 0 0.001 0.063 0 0.001 0.001 0.001 0 0.003 0.004 0.01 0.001 0.023 0.001 0.001 0.007 0.001 0.026 0.021 0.241 0.001 0.001 0.004 0.004 0.018 0.001 0.054 0.012 0.001 0 0.001 0.01 0.023 0.009 0.002 0.005 0.005 0.002 0 0.001 0.001 0.001 0.006 1 0 0.001 0.003 0.001 0.006 0.007 0.001 0.255 0.001 0 0.006 0 0 0.001 0.001
0.005 0.008 0.004 0.013 0.002 0.002 0.003 0.003 0.001 0.002 0 0.001 0.001 0.004 0.002 0.005 0.006 0.001 0.007 0.002 0.011 0.056 0.002 0.002 0.006 0.016 0.02 0 0.001 0.001 0.005 0.005 0.01 0.001 0.006 0.018 0.006 0.001 0.002 0.004 0.013 0.035 0.009 0.006 0.006 0.007 0 0.001 0.001 0.001 0.009 0 1 0.001 0.004 0.002 0.008 0.01 0.002 0.001 0.001 0.001 0.008 0.001 0 0.001 0.001
0.014 0.02 0.018 0.015 0.008 0.123 0.005 0.004 0.002 0.001 0.001 0.067 0.068 0.006 0.003 0.027 0.005 0.01 0.018 0 0.022 0.002 0.003 0.211 0 0.055 0.041 0.001 0.271 0.001 0.008 0.004 0.036 0.001 0.008 0.024 0.007 0.001 0.329 0.001 0.018 0.017 0.053 0.008 0.008 0.009 0.001 0.572 0.001 0.002 0.058 0.001 0.001 1 0.001 0.003 0.009 0.043 0.002 0.001 0.001 0.001 0.01 0.624 0.001 0.001 0.002
0.013 0.023 0.013 0.037 0.013 0 0.019 0.016 0.007 0.003 0.002 0.008 0.009 0.005 0.476 0.003 0.249 0.014 0.104 0.005 0.034 0.007 0.488 0.002 0 0.03 0.041 0 0 0.002 0.011 0.026 0.052 0.004 0.033 0.114 0.263 0.003 0.006 0.11 0.075 0.029 0.317 0.353 0.33 0.319 0.002 0.006 0.001 0.007 0.212 0.003 0.004 0.001 1 0.011 0.293 0.316 0.009 0.004 0.005 0.003 0.281 0.004 0.003 0.005 0.006
0.011 0.025 0.027 0.064 0.012 0.005 0.006 0.004 0.004 0.005 0.001 0.023 0.023 0.007 0.006 0.025 0.018 0.016 0.042 0.013 0.006 0.18 0.006 0.007 0.014 0.008 0.004 0.001 0.002 0.002 0.012 0.01 0.065 0 0.258 0.047 0.02 0.002 0.005 0.049 0.148 0.036 0.03 0.02 0.02 0.023 0.001 0.003 0.003 0.004 0.028 0.001 0.002 0.003 0.011 1 0.024 0.03 0.005 0.002 0.003 0.002 0.025 0.002 0.002 0.008 0.005
0 0 0.001 0.019 0.007 0.003 0.019 0.014 0.015 0.112 0.005 0.021 0.021 0.015 0.197 0.012 0.474 0.037 0.184 0.024 0.072 0.015 0.195 0 0.025 0.06 0.088 0.003 0.006 0.006 0.023 0.052 0.11 0.009 0.072 0.264 0.539 0.007 0.028 0.165 0.164 0.048 0.673 0.683 0.679 0.601 0.005 0.012 0.107 0.143 0.664 0.006 0.008 0.009 0.293 0.024 1 0.646 0.194 0.01 0.14 0.007 0.854 0.008 0.006 0.011 0.183
0.001 0 0.003 0.018 0.006 0.008 0.006 0.002 0.004 0.157 0.007 0.006 0.006 0.005 0.176 0.006 0.506 0.045 0.145 0.019 0.057 0.019 0.18 0.008 0.008 0.032 0.061 0.004 0.031 0.008 0.037 0.063 0.078 0.012 0.083 0.278 0.584 0.009 0.085 0.202 0.203 0.068 0.788 0.621 0.618 0.647 0.006 0.037 0.072 0.121 0.83 0.007 0.01 0.043 0.316 0.03 0.646 1 0.157 0.012 0.113 0.009 0.693 0.052 0.008 0.004 0.153
0.005 0.002 0.003 0.012 0 0.002 0.001 0.001 0.003 0.172 0.001 0.018 0.019 0.01 0.003 0.021 0.12 0.01 0.041 0.011 0.03 0.003 0.003 0.006 0.012 0.026 0.033 0.001 0.003 0.002 0.009 0.008 0.038 0.002 0.015 0.035 0.136 0.002 0.004 0.018 0.033 0.011 0.083 0.133 0.15 0.111 0.001 0.002 0.02 0.38 0.17 0.001 0.002 0.002 0.009 0.005 0.194 0.157 1 0.002 0.003 0.001 0.162 0.002 0.001 0.002 0.517
0.002 0.003 0.004 0.031 0.003 0.001 0.002 0.001 0 0.002 0.001 0.004 0.003 0.002 0.002 0.004 0.006 0.007 0.018 0.003 0.04 0.001 0.003 0 0.003 0.045 0.036 0.313 0.001 0 0.007 0.006 0.028 0.001 0.1 0.021 0.003 0.001 0.002 0.018 0.04 0 0.007 0.008 0.008 0.005 0 0.001 0.001 0.002 0.011 0.255 0.001 0.001 0.004 0.002 0.01 0.012 0.002 1 0.001 0.001 0.01 0.001 0.001 0.001 0.002
0.025 0.016 0.031 0.009 0 0.001 0.005 0.005 0.002 0.009 0.001 0.003 0.002 0 0.003 0.001 0.063 0.005 0.022 0 0.01 0.002 0.004 0.002 0.001 0.008 0.013 0.001 0.002 0.001 0 0.008 0.017 0.002 0.01 0.044 0.067 0.001 0.007 0.03 0.023 0.002 0.114 0.108 0.109 0.095 0.001 0.002 0.178 0 0.107 0.001 0.001 0.001 0.005 0.003 0.14 0.113 0.003 0.001 1 0.001 0.13 0.001 0.001 0.002 0
0.004 0.006 0.006 0.017 0.005 0.002 0.003 0.003 0.001 0.002 0 0.01 0.004 0.004 0 0.01 0.001 0.007 0.008 0.006 0.017 0.001 0 0.002 0.006 0.03 0.023 0 0.001 0.001 0.005 0.005 0.02 0.001 0.102 0.017 0.006 0.001 0.002 0 0.045 0.011 0.009 0.006 0.006 0.007 0 0.001 0.001 0.001 0.008 0 0.001 0.001 0.003 0.002 0.007 0.009 0.001 0.001 0.001 1 0.008 0.001 0 0.001 0.001
0.001 0 0.003 0.016 0.002 0.002 0.003 0.001 0.004 0.113 0.006 0.011 0.012 0.002 0.21 0.007 0.483 0.046 0.171 0.011 0.062 0.016 0.215 0 0.012 0.051 0.082 0.003 0.006 0.006 0.025 0.054 0.1 0.009 0.069 0.261 0.636 0.008 0.025 0.201 0.169 0.052 0.694 0.661 0.657 0.658 0.005 0.013 0.099 0.122 0.705 0.006 0.008 0.01 0.281 0.025 0.854 0.693 0.162 0.01 0.13 0.008 1 0.008 0.006 0.012 0.184
0.015 0.02 0.019 0.005 0.006 0.175 0.003 0.003 0.001 0 0 0.039 0.041 0.004 0.002 0.021 0.003 0.007 0.012 0.006 0.009 0.001 0.002 0.225 0.006 0.039 0.031 0 0.241 0.001 0.005 0.003 0.028 0.001 0.006 0.034 0.006 0.001 0.367 0.002 0.013 0.012 0.066 0.006 0.006 0.007 0 0.63 0.001 0.001 0.07 0 0.001 0.624 0.004 0.002 0.008 0.052 0.002 0.001 0.001 0.001 0.008 1 0 0.001 0.001
0.018 0.024 0.022 0.01 0 0.037 0.002 0.002 0.001 0.001 0.022 0.03 0.029 0.003 0.001 0.031 0.004 0.001 0.005 0.001 0.01 0.001 0.002 0.053 0.002 0 0.001 0 0.007 0.001 0.004 0.004 0.001 0.001 0 0.006 0.005 0 0.001 0.012 0.003 0.001 0.007 0.005 0.005 0.006 0.637 0.001 0.001 0.001 0.007 0 0 0.001 0.003 0.002 0.006 0.008 0.001 0.001 0.001 0 0.006 0 1 0.054 0.001
0.002 0.001 0.002 0.001 0.002 0.001 0.005 0.004 0.002 0.002 0.01 0 0 0.006 0.003 0.001 0.001 0.013 0 0.003 0 0.002 0.003 0.001 0.009 0.001 0.001 0.001 0 0.001 0.001 0.003 0.002 0.011 0.002 0.015 0.009 0.003 0.002 0.013 0 0.015 0.014 0.009 0.009 0.011 0.1 0.001 0.001 0.002 0.013 0.001 0.001 0.001 0.005 0.008 0.011 0.004 0.002 0.001 0.002 0.001 0.012 0.001 0.054 1 0.002
0.004 0.002 0.002 0.015 0 0.002 0.001 0.002 0.003 0.236 0.001 0.021 0.022 0.009 0.003 0.024 0.17 0.009 0.068 0.014 0.042 0.003 0.003 0.006 0.015 0.037 0.04 0.001 0.002 0.002 0.008 0.007 0.046 0.002 0.014 0.06 0.191 0.001 0.004 0.044 0.032 0.021 0.123 0.186 0.207 0.183 0.001 0.002 0.022 0.586 0.168 0.001 0.001 0.002 0.006 0.005 0.183 0.153 0.517 0.002 0 0.001 0.184 0.001 0.001 0.002 1
