1 0.868 0.841 0.476 0.406 0.13 0.272 0.242 0.108 0.014 0.03 0.561 0.519 0.253 0.029 0.575 0.003 0.162 0.145 0.388 0.325 0.004 0.033 0.112 0.361 0.25 0.155 0.002 0.019 0.006 0.087 0.063 0.135 0.019 0.019 0.105 0.001 0.003 0.042 0.04 0.015 0.082 0.012 0.003 0.002 0.001 0.004 0.007 0.034 0.007 0.007 0.005 0.012 0.004 0.01 0.013 0 0.005 0.001 0 0.039 0.004 0.002 0.008 0.004 0.01 0.004
0.868 1 0.92 0.455 0.432 0.148 0.31 0.277 0.123 0.013 0.035 0.627 0.551 0.262 0.026 0.628 0.001 0.148 0.124 0.414 0.317 0.023 0.029 0.131 0.387 0.243 0.152 0.003 0.024 0.007 0.094 0.081 0.123 0.016 0.041 0.115 0 0.01 0.036 0.048 0.008 0.071 0.014 0.002 0.001 0 0.005 0.01 0.039 0.006 0.009 0 0.011 0.006 0.014 0.026 0 0.009 0.001 0.004 0.045 0.006 0.002 0.011 0.005 0.008 0.004
0.841 0.92 1 0.445 0.443 0.141 0.296 0.264 0.117 0.013 0.033 0.618 0.541 0.277 0.027 0.629 0.002 0.123 0.106 0.424 0.36 0.024 0.031 0.124 0.396 0.28 0.18 0.003 0.022 0.014 0.1 0.074 0.148 0.017 0.025 0.113 0 0.011 0.048 0.05 0.013 0.081 0.016 0.002 0.002 0.001 0.005 0.009 0.037 0.006 0.011 0 0.011 0.006 0.009 0.027 0.001 0.008 0.001 0.005 0.044 0.007 0.003 0.01 0.005 0.008 0.004
0.476 0.455 0.445 1 0.25 0.063 0.151 0.132 0.06 0.026 0.017 0.34 0.338 0.165 0.052 0.352 0.026 0.318 0.35 0.245 0.607 0 0.06 0.046 0.212 0.511 0.33 0.025 0.004 0.028 0.022 0.012 0.378 0.034 0.16 0.003 0.022 0.026 0.013 0 0.202 0.192 0.003 0.03 0.027 0.022 0.006 0 0.017 0.003 0.002 0.015 0.025 0.001 0.026 0.059 0.008 0.004 0.001 0.021 0.014 0.013 0.007 0.001 0.004 0.011 0.007
0.406 0.432 0.443 0.25 1 0.016 0.5 0.478 0.191 0.007 0.004 0.514 0.46 0.558 0.014 0.532 0.034 0.092 0.15 0.801 0.285 0.012 0.016 0.025 0.737 0.242 0.187 0.001 0.011 0.007 0.253 0.199 0.16 0.009 0.028 0.045 0.013 0.01 0.002 0.083 0.067 0.054 0.018 0.026 0.025 0.014 0 0.014 0.001 0.006 0.022 0.002 0.008 0.012 0.007 0.014 0.014 0.022 0.004 0.001 0.002 0.003 0.007 0.012 0 0.007 0.007
0.13 0.148 0.141 0.063 0.016 1 0.009 0.009 0.004 0.002 0.001 0.148 0.128 0.011 0.004 0.139 0.008 0.02 0.032 0.017 0.075 0.004 0.002 0.595 0.017 0.049 0.027 0.002 0.233 0.002 0.017 0.016 0.019 0.002 0.016 0.049 0.006 0.003 0.293 0.015 0.038 0.012 0.073 0.006 0.005 0.008 0.011 0.165 0.002 0 0.064 0.001 0.002 0.122 0.002 0.004 0.001 0.054 0.001 0.002 0.007 0.001 0 0.178 0.021 0 0
0.272 0.31 0.296 0.151 0.5 0.009 1 0.905 0.396 0.004 0.002 0.307 0.267 0.772 0.008 0.322 0.019 0.053 0.086 0.519 0.181 0.007 0.009 0.014 0.508 0.157 0.113 0 0.006 0.004 0.383 0.383 0.108 0.005 0.019 0.112 0.004 0.006 0.011 0.191 0.165 0.054 0.015 0.02 0.02 0.005 0.003 0.008 0.003 0.003 0.015 0 0.005 0.007 0.014 0.008 0.026 0.016 0.002 0 0.005 0.002 0.008 0.007 0.004 0.007 0.004
0.242 0.277 0.264 0.132 0.478 0.009 0.905 1 0.415 0.004 0.002 0.274 0.238 0.72 0.008 0.287 0.019 0.042 0.072 0.465 0.159 0.007 0.009 0.013 0.456 0.137 0.096 0 0.006 0.004 0.335 0.333 0.092 0.001 0.013 0.093 0.004 0.005 0.01 0.179 0.141 0.044 0.014 0.019 0.019 0.005 0.003 0.003 0.003 0.003 0.014 0 0.004 0.006 0.013 0.008 0.025 0.014 0.002 0 0.005 0.002 0.007 0.007 0.003 0.006 0.004
0.108 0.123 0.117 0.06 0.191 0.004 0.396 0.415 1 0.002 0.001 0.123 0.107 0.351 0.003 0.128 0.008 0.021 0.034 0.192 0.073 0.003 0.004 0.006 0.191 0.07 0.046 0.002 0.002 0.002 0.124 0.114 0.049 0.002 0.003 0.034 0 0.002 0.004 0.055 0.057 0.028 0.002 0.008 0.008 0 0.001 0.003 0.001 0.002 0.002 0.001 0.002 0.003 0.005 0.003 0.011 0.002 0.001 0 0.002 0.001 0 0.003 0.001 0.002 0.002
0.014 0.013 0.013 0.026 0.007 0.002 0.004 0.004 0.002 1 0 0.008 0.003 0.004 0.002 0.005 0.181 0.011 0.041 0.007 0.021 0.001 0.002 0.003 0.005 0.012 0.017 0.001 0.003 0.001 0.007 0.007 0.019 0.001 0.006 0.04 0.102 0.001 0.001 0.034 0.015 0.012 0.093 0.127 0.083 0.098 0.001 0.002 0 0.129 0.084 0 0.001 0.003 0.003 0.002 0.075 0.073 0.019 0.001 0.003 0 0.081 0.003 0.001 0.002 0.133
0.03 0.035 0.033 0.017 0.004 0.001 0.002 0.002 0.001 0 1 0.034 0.03 0.002 0.001 0.036 0.002 0.006 0.01 0.004 0.02 0.001 0.001 0.15 0.004 0.02 0.016 0 0.001 0 0.004 0.004 0.013 0.001 0.067 0.01 0.002 0.001 0.001 0.007 0.011 0.008 0.004 0.002 0.002 0.003 0.007 0.001 0 0 0.004 0.038 0.001 0.001 0.001 0.001 0.003 0.004 0 0 0.001 0 0.003 0.001 0.004 0.001 0
0.561 0.627 0.618 0.34 0.514 0.148 0.307 0.274 0.123 0.008 0.034 1 0.86 0.339 0.008 0.815 0.039 0.13 0.194 0.536 0.401 0.021 0.011 0.138 0.457 0.329 0.244 0.003 0.029 0.014 0.129 0.098 0.208 0.016 0.025 0.078 0.021 0.01 0.053 0.035 0.016 0.088 0 0.035 0.037 0.023 0.02 0.01 0.009 0.006 0.001 0 0.013 0.015 0.002 0.025 0.01 0 0.004 0.003 0.002 0.006 0.004 0.012 0.018 0.003 0.009
0.519 0.551 0.541 0.338 0.46 0.128 0.267 0.238 0.107 0.003 0.03 0.86 1 0.295 0.011 0.733 0.039 0.136 0.199 0.469 0.361 0.007 0.014 0.117 0.421 0.291 0.225 0.004 0.034 0.016 0.12 0.092 0.208 0.019 0.017 0.069 0.024 0.003 0.054 0.03 0.02 0.073 0 0.039 0.041 0.028 0.017 0.013 0.004 0.008 0 0.005 0.009 0.019 0.004 0.016 0.014 0.001 0.005 0 0.001 0.007 0.007 0.015 0.014 0.005 0.01
0.253 0.262 0.277 0.165 0.558 0.011 0.772 0.72 0.351 0.004 0.002 0.339 0.295 1 0.009 0.366 0.023 0.06 0.098 0.518 0.207 0.007 0.01 0.016 0.508 0.181 0.132 0 0.007 0.005 0.388 0.308 0.124 0.006 0.01 0.107 0.006 0.006 0 0.175 0.149 0.044 0.005 0.024 0.023 0.006 0.003 0.009 0.004 0.004 0.006 0.001 0.005 0.007 0.002 0.009 0.01 0.009 0.003 0 0.005 0.002 0.001 0.008 0.004 0.008 0.005
0.029 0.026 0.027 0.052 0.014 0.004 0.008 0.008 0.003 0.002 0.001 0.008 0.011 0.009 1 0.025 0.393 0.022 0.092 0.014 0.043 0.003 0.872 0.006 0.015 0.042 0.05 0.001 0.003 0.002 0.014 0.014 0.061 0.002 0.011 0.073 0.339 0.002 0.004 0.051 0.03 0.023 0.188 0.299 0.346 0.274 0.001 0.003 0.001 0 0.127 0.001 0.002 0.003 0.507 0.003 0.242 0.194 0 0.002 0.002 0 0.247 0.003 0.001 0.001 0
0.575 0.628 0.629 0.352 0.532 0.139 0.322 0.287 0.128 0.005 0.036 0.815 0.733 0.366 0.025 1 0.052 0.155 0.242 0.585 0.486 0.021 0.027 0.155 0.529 0.379 0.263 0.002 0.023 0.013 0.123 0.093 0.225 0.011 0.018 0.061 0.028 0.018 0.052 0.029 0.023 0.094 0 0.048 0.054 0.032 0.021 0.009 0.009 0.012 0.001 0 0.014 0.013 0.006 0.025 0.021 0.003 0.009 0.004 0.002 0.006 0.011 0.013 0.019 0.005 0.014
0.003 0.001 0.002 0.026 0.034 0.008 0.019 0.019 0.008 0.181 0.002 0.039 0.039 0.023 0.393 0.052 1 0.055 0.23 0.037 0.099 0.008 0.375 0.015 0.034 0.069 0.09 0.003 0.009 0.005 0.036 0.035 0.108 0.005 0.031 0.179 0.58 0.001 0.001 0.103 0.068 0.024 0.467 0.63 0.627 0.529 0.003 0.004 0.096 0.018 0.384 0.002 0.005 0.007 0.322 0.009 0.466 0.451 0.011 0.004 0.091 0.001 0.467 0.006 0.004 0.005 0.04
0.162 0.148 0.123 0.318 0.092 0.02 0.053 0.042 0.021 0.011 0.006 0.13 0.136 0.06 0.022 0.155 0.055 1 0.467 0.096 0.238 0.02 0.014 0.039 0.082 0.239 0.074 0.009 0.017 0.062 0.008 0.007 0.097 0.051 0.049 0.026 0.041 0.056 0.03 0.01 0.018 0.177 0.074 0.031 0.029 0.031 0 0.011 0.009 0.001 0.058 0.006 0.004 0.018 0.024 0.02 0.038 0.068 0 0.006 0.009 0.006 0.042 0.019 0 0.022 0.002
0.145 0.124 0.106 0.35 0.15 0.032 0.086 0.072 0.034 0.041 0.01 0.194 0.199 0.098 0.092 0.242 0.23 0.467 1 0.157 0.396 0.033 0.105 0.064 0.137 0.353 0.173 0.014 0.002 0.036 0.001 0.001 0.22 0.019 0.092 0.035 0.134 0.042 0.016 0.028 0.073 0.051 0.062 0.168 0.171 0.132 0.002 0.002 0.018 0.005 0.055 0.01 0.009 0.003 0.073 0.034 0.1 0.06 0.005 0.012 0.016 0.007 0.095 0.004 0.001 0.008 0.01
0.388 0.414 0.424 0.245 0.801 0.017 0.519 0.465 0.192 0.007 0.004 0.536 0.469 0.518 0.014 0.585 0.037 0.096 0.157 1 0.294 0.013 0.017 0.025 0.874 0.251 0.184 0.006 0.011 0.008 0.276 0.22 0.167 0.009 0.048 0.042 0.017 0.01 0.002 0.096 0.052 0.074 0.022 0.038 0.037 0.018 0.007 0.014 0.005 0.007 0.022 0.002 0.008 0.004 0.003 0.015 0.023 0.028 0.005 0.005 0.009 0.004 0.01 0.013 0.003 0.007 0.008
0.325 0.317 0.36 0.607 0.285 0.075 0.181 0.159 0.073 0.021 0.02 0.401 0.361 0.207 0.043 0.486 0.099 0.238 0.396 0.294 1 0.038 0.05 0.089 0.304 0.806 0.594 0.027 0.012 0.023 0.042 0.027 0.516 0.028 0.151 0 0.078 0.021 0.025 0 0.232 0.213 0.023 0.108 0.105 0.068 0 0.002 0.017 0.01 0.024 0.016 0.024 0.003 0.033 0.005 0.062 0.033 0.006 0.024 0.01 0.016 0.056 0.004 0 0.009 0.024
0.004 0.023 0.024 0 0.012 0.004 0.007 0.007 0.003 0.001 0.001 0.021 0.007 0.007 0.003 0.021 0.008 0.02 0.033 0.013 0.038 1 0.003 0.005 0.013 0.04 0.05 0 0.002 0.002 0.013 0.012 0.003 0.002 0.036 0.021 0.008 0.005 0.004 0.016 0.005 0 0.014 0.007 0.007 0.009 0.001 0.003 0.001 0.001 0.014 0 0.156 0.003 0.005 0.154 0.009 0.014 0.001 0.001 0.002 0.001 0.01 0.003 0.001 0.003 0.002
0.033 0.029 0.031 0.06 0.016 0.002 0.009 0.009 0.004 0.002 0.001 0.011 0.014 0.01 0.872 0.027 0.375 0.014 0.105 0.017 0.05 0.003 1 0.007 0.017 0.049 0.058 0.001 0.003 0.002 0.016 0.016 0.071 0.002 0.013 0.075 0.363 0.003 0.005 0.058 0.034 0.022 0.199 0.325 0.371 0.293 0.001 0.004 0.002 0 0.137 0.001 0.002 0.003 0.547 0.004 0.257 0.205 0 0.002 0.003 0 0.265 0.003 0.002 0.002 0
0.112 0.131 0.124 0.046 0.025 0.595 0.014 0.013 0.006 0.003 0.15 0.138 0.117 0.016 0.006 0.155 0.015 0.039 0.064 0.025 0.089 0.005 0.007 1 0.026 0.103 0.069 0.001 0.209 0.003 0.025 0.007 0.054 0.004 0.001 0.033 0.013 0.004 0.348 0.028 0.014 0.034 0.072 0.013 0.012 0.016 0.013 0.25 0.002 0.003 0.055 0.005 0.003 0.181 0.007 0.006 0.002 0.046 0.002 0.001 0.003 0.001 0.003 0.263 0.021 0 0.003
0.361 0.387 0.396 0.212 0.737 0.017 0.508 0.456 0.191 0.005 0.004 0.457 0.421 0.508 0.015 0.529 0.034 0.082 0.137 0.874 0.304 0.013 0.017 0.026 1 0.277 0.208 0.006 0.011 0.008 0.317 0.257 0.19 0.009 0.048 0.056 0.015 0.011 0.003 0.116 0.065 0.066 0.021 0.035 0.034 0.017 0.002 0.015 0.005 0.007 0.023 0.002 0.008 0.004 0.003 0.015 0.024 0.026 0.005 0.005 0.009 0.004 0.01 0.013 0.003 0.013 0.008
0.25 0.243 0.28 0.511 0.242 0.049 0.157 0.137 0.07 0.012 0.02 0.329 0.291 0.181 0.042 0.379 0.069 0.239 0.353 0.251 0.806 0.04 0.049 0.103 0.277 1 0.739 0.025 0.057 0.024 0.047 0.048 0.649 0.029 0.15 0.011 0.082 0.032 0.1 0 0.23 0.272 0.004 0.113 0.109 0.072 0 0.053 0.017 0.005 0.003 0.019 0.026 0.062 0.035 0.004 0.06 0.006 0.006 0.026 0.011 0.018 0.053 0.065 0.002 0.015 0.016
0.155 0.152 0.18 0.33 0.187 0.027 0.113 0.096 0.046 0.017 0.016 0.244 0.225 0.132 0.05 0.263 0.09 0.074 0.173 0.184 0.594 0.05 0.058 0.069 0.208 0.739 1 0.02 0.039 0.031 0.232 0.239 0.847 0.037 0.101 0.065 0.119 0.016 0.079 0.017 0.384 0.254 0.017 0.144 0.139 0.108 0.002 0.04 0.022 0.014 0.014 0.014 0.033 0.044 0.046 0.001 0.094 0.026 0.009 0.02 0.02 0.015 0.094 0.052 0.006 0.009 0.03
0.002 0.003 0.003 0.025 0.001 0.002 0 0 0.002 0.001 0 0.003 0.004 0 0.001 0.002 0.003 0.009 0.014 0.006 0.027 0 0.001 0.001 0.006 0.025 0.02 1 0.001 0.001 0.005 0.005 0.02 0.001 0.097 0.015 0.003 0.001 0.002 0.01 0.04 0.012 0.006 0.003 0.003 0.004 0 0.001 0.001 0.001 0.006 0.088 0.001 0.001 0.002 0.001 0.004 0.006 0 0.393 0.001 0 0.004 0.001 0.001 0.001 0.001
0.019 0.024 0.022 0.004 0.011 0.233 0.006 0.006 0.002 0.003 0.001 0.029 0.034 0.007 0.003 0.023 0.009 0.017 0.002 0.011 0.012 0.002 0.003 0.209 0.011 0.057 0.039 0.001 1 0.001 0.011 0.011 0.04 0.002 0.008 0.059 0.007 0.002 0.417 0.004 0.022 0.025 0.109 0.007 0.007 0.009 0.02 0.414 0.001 0.001 0.108 0 0.001 0.345 0.002 0.003 0.001 0.095 0.001 0 0.002 0.001 0.001 0.447 0.013 0.001 0.001
0.006 0.007 0.014 0.028 0.007 0.002 0.004 0.004 0.002 0.001 0 0.014 0.016 0.005 0.002 0.013 0.005 0.062 0.036 0.008 0.023 0.002 0.002 0.003 0.008 0.024 0.031 0.001 0.001 1 0.008 0.007 0.035 0.001 0.005 0.021 0.005 0.001 0.002 0.014 0.011 0.013 0.009 0.005 0.005 0.006 0.001 0.002 0.001 0.001 0.009 0 0.001 0.001 0.003 0.002 0.006 0.009 0.001 0.003 0.001 0 0.006 0.002 0.001 0.002 0.001
0.087 0.094 0.1 0.022 0.253 0.017 0.383 0.335 0.124 0.007 0.004 0.129 0.12 0.388 0.014 0.123 0.036 0.008 0.001 0.276 0.042 0.013 0.016 0.025 0.317 0.047 0.232 0.005 0.011 0.008 1 0.858 0.203 0.009 0.056 0.315 0.038 0.095 0.002 0.326 0.301 0.032 0.042 0.037 0.036 0.039 0.005 0.014 0.006 0.006 0.034 0.002 0.008 0.012 0.008 0.014 0.023 0.048 0.005 0.004 0.009 0.004 0.025 0.013 0.006 0 0.007
0.063 0.081 0.074 0.012 0.199 0.016 0.383 0.333 0.114 0.007 0.004 0.098 0.092 0.308 0.014 0.093 0.035 0.007 0.001 0.22 0.027 0.012 0.016 0.007 0.257 0.048 0.239 0.005 0.011 0.007 0.858 1 0.21 0.009 0.053 0.321 0.036 0.101 0.003 0.28 0.312 0.035 0.043 0.036 0.034 0.042 0.005 0.001 0.005 0.006 0.034 0.002 0.008 0 0.023 0.014 0.045 0.043 0.005 0.004 0.009 0.003 0.047 0 0.006 0.002 0.007
0.135 0.123 0.148 0.378 0.16 0.019 0.108 0.092 0.049 0.019 0.013 0.208 0.208 0.124 0.061 0.225 0.108 0.097 0.22 0.167 0.516 0.003 0.071 0.054 0.19 0.649 0.847 0.02 0.04 0.035 0.203 0.21 1 0.042 0.185 0.041 0.133 0.013 0.07 0.009 0.46 0.288 0.026 0.171 0.165 0.124 0.001 0.035 0.026 0.017 0.022 0.015 0.012 0.038 0.06 0.047 0.117 0.036 0.011 0.019 0.023 0.013 0.108 0.045 0.005 0.012 0.036
0.019 0.016 0.017 0.034 0.009 0.002 0.005 0.001 0.002 0.001 0.001 0.016 0.019 0.006 0.002 0.011 0.005 0.051 0.019 0.009 0.028 0.002 0.002 0.004 0.009 0.029 0.037 0.001 0.002 0.001 0.009 0.009 0.042 1 0.003 0.021 0.005 0.002 0.003 0.008 0.018 0.028 0.008 0.004 0.004 0 0.001 0 0.001 0.001 0.008 0.001 0.001 0.002 0.003 0.001 0.005 0.009 0.001 0.001 0.001 0.001 0.005 0.002 0.001 0.026 0.001
0.019 0.041 0.025 0.16 0.028 0.016 0.019 0.013 0.003 0.006 0.067 0.025 0.017 0.01 0.011 0.018 0.031 0.049 0.092 0.048 0.151 0.036 0.013 0.001 0.048 0.15 0.101 0.097 0.008 0.005 0.056 0.053 0.185 0.003 1 0.157 0.029 0.01 0.018 0.08 0.349 0.087 0.056 0.035 0.034 0.037 0.001 0.007 0.005 0.006 0.056 0.071 0.008 0.011 0.023 0.249 0.044 0.057 0.005 0.1 0.009 0.064 0.039 0.012 0.002 0 0.007
0.105 0.115 0.113 0.003 0.045 0.049 0.112 0.093 0.034 0.04 0.01 0.078 0.069 0.107 0.073 0.061 0.179 0.026 0.035 0.042 0 0.021 0.075 0.033 0.056 0.011 0.065 0.015 0.059 0.021 0.315 0.321 0.041 0.021 0.157 1 0.177 0.046 0.112 0.431 0.014 0.116 0.32 0.198 0.19 0.141 0.002 0.061 0.032 0.009 0.256 0.014 0.023 0.051 0.096 0.04 0.187 0.255 0.008 0.022 0.049 0.01 0.175 0.073 0.005 0.017 0.013
0.001 0 0 0.022 0.013 0.006 0.004 0.004 0 0.102 0.002 0.021 0.024 0.006 0.339 0.028 0.58 0.041 0.134 0.017 0.078 0.008 0.363 0.013 0.015 0.082 0.119 0.003 0.007 0.005 0.038 0.036 0.133 0.005 0.029 0.177 1 0.007 0.012 0.177 0.087 0.037 0.554 0.817 0.809 0.807 0.003 0.009 0.089 0.065 0.44 0.003 0.005 0.005 0.352 0.009 0.614 0.519 0.055 0.005 0.11 0.002 0.717 0.008 0.004 0.009 0.09
0.003 0.01 0.011 0.026 0.01 0.003 0.006 0.005 0.002 0.001 0.001 0.01 0.003 0.006 0.002 0.018 0.001 0.056 0.042 0.01 0.021 0.005 0.003 0.004 0.011 0.032 0.016 0.001 0.002 0.001 0.095 0.101 0.013 0.002 0.01 0.046 0.007 1 0.003 0.02 0.024 0.032 0.012 0.006 0.006 0.008 0.001 0.002 0.001 0.001 0.004 0.001 0.001 0.002 0.004 0.002 0.008 0.012 0.001 0.001 0.002 0.001 0.008 0.002 0.001 0.007 0.001
0.042 0.036 0.048 0.013 0.002 0.293 0.011 0.01 0.004 0.001 0.001 0.053 0.054 0 0.004 0.052 0.001 0.03 0.016 0.002 0.025 0.004 0.005 0.348 0.003 0.1 0.079 0.002 0.417 0.002 0.002 0.003 0.07 0.003 0.018 0.112 0.012 0.003 1 0.002 0.043 0.043 0.28 0.012 0.012 0.011 0.002 0.613 0.002 0.002 0.241 0.002 0.003 0.479 0.001 0.005 0.005 0.2 0.002 0.003 0.003 0.001 0.003 0.653 0.002 0.004 0.003
0.04 0.048 0.05 0 0.083 0.015 0.191 0.179 0.055 0.034 0.007 0.035 0.03 0.175 0.051 0.029 0.103 0.01 0.028 0.096 0 0.016 0.058 0.028 0.116 0 0.017 0.01 0.004 0.014 0.326 0.28 0.009 0.008 0.08 0.431 0.177 0.02 0.002 1 0.049 0.061 0.112 0.149 0.143 0.153 0.009 0.004 0.015 0.023 0.109 0.009 0.005 0.003 0.092 0.027 0.132 0.099 0.009 0.015 0.006 0.002 0.166 0.007 0.012 0.016 0.029
0.015 0.008 0.013 0.202 0.067 0.038 0.165 0.141 0.057 0.015 0.011 0.016 0.02 0.149 0.03 0.023 0.068 0.018 0.073 0.052 0.232 0.005 0.034 0.014 0.065 0.23 0.384 0.04 0.022 0.011 0.301 0.312 0.46 0.018 0.349 0.014 0.087 0.024 0.043 0.049 1 0.157 0.155 0.086 0.083 0.105 0.006 0.032 0.013 0.015 0.156 0.036 0.019 0.027 0.056 0.107 0.108 0.158 0.012 0.044 0.022 0.026 0.113 0.028 0.01 0.002 0.018
0.082 0.071 0.081 0.192 0.054 0.012 0.054 0.044 0.028 0.012 0.008 0.088 0.073 0.044 0.023 0.094 0.024 0.177 0.051 0.074 0.213 0 0.022 0.034 0.066 0.272 0.254 0.012 0.025 0.013 0.032 0.035 0.288 0.028 0.087 0.116 0.037 0.032 0.043 0.061 0.157 1 0.081 0.025 0.024 0.031 0.006 0.018 0.005 0 0.054 0.011 0.043 0.027 0.016 0.032 0.024 0.056 0.001 0.014 0.005 0.008 0.028 0.028 0 0.017 0
0.012 0.014 0.016 0.003 0.018 0.073 0.015 0.014 0.002 0.093 0.004 0 0 0.005 0.188 0 0.467 0.074 0.062 0.022 0.023 0.014 0.199 0.072 0.021 0.004 0.017 0.006 0.109 0.009 0.042 0.043 0.026 0.008 0.056 0.32 0.554 0.012 0.28 0.112 0.155 0.081 1 0.551 0.532 0.545 0.006 0.165 0.081 0.032 0.822 0.006 0.009 0.137 0.286 0.017 0.56 0.854 0.029 0.009 0.141 0.004 0.625 0.183 0.007 0.016 0.049
0.003 0.002 0.002 0.03 0.026 0.006 0.02 0.019 0.008 0.127 0.002 0.035 0.039 0.024 0.299 0.048 0.63 0.031 0.168 0.038 0.108 0.007 0.325 0.013 0.035 0.113 0.144 0.003 0.007 0.005 0.037 0.036 0.171 0.004 0.035 0.198 0.817 0.006 0.012 0.149 0.086 0.025 0.551 1 0.914 0.796 0.003 0.009 0.148 0.066 0.437 0.003 0.005 0.005 0.366 0.009 0.718 0.512 0.06 0.005 0.178 0.002 0.705 0.008 0.004 0.009 0.098
0.002 0.001 0.002 0.027 0.025 0.005 0.02 0.019 0.008 0.083 0.002 0.037 0.041 0.023 0.346 0.054 0.627 0.029 0.171 0.037 0.105 0.007 0.371 0.012 0.034 0.109 0.139 0.003 0.007 0.005 0.036 0.034 0.165 0.004 0.034 0.19 0.809 0.006 0.012 0.143 0.083 0.024 0.532 0.914 1 0.772 0.003 0.009 0.152 0.071 0.427 0.003 0.005 0.005 0.357 0.009 0.695 0.496 0.064 0.005 0.184 0.002 0.683 0.008 0.004 0.008 0.104
0.001 0 0.001 0.022 0.014 0.008 0.005 0.005 0 0.098 0.003 0.023 0.028 0.006 0.274 0.032 0.529 0.031 0.132 0.018 0.068 0.009 0.293 0.016 0.017 0.072 0.108 0.004 0.009 0.006 0.039 0.042 0.124 0 0.037 0.141 0.807 0.008 0.011 0.153 0.105 0.031 0.545 0.796 0.772 1 0.004 0.011 0.118 0.081 0.471 0.004 0.006 0.006 0.337 0.011 0.656 0.541 0.078 0.006 0.14 0.003 0.714 0.01 0.005 0.011 0.078
0.004 0.005 0.005 0.006 0 0.011 0.003 0.003 0.001 0.001 0.007 0.02 0.017 0.003 0.001 0.021 0.003 0 0.002 0.007 0 0.001 0.001 0.013 0.002 0 0.002 0 0.02 0.001 0.005 0.005 0.001 0.001 0.001 0.002 0.003 0.001 0.002 0.009 0.006 0.006 0.006 0.003 0.003 0.004 1 0.001 0 0.001 0.006 0 0.001 0.001 0.002 0.001 0.004 0.006 0 0 0.001 0 0.004 0.001 0.739 0.015 0.001
0.007 0.01 0.009 0 0.014 0.165 0.008 0.003 0.003 0.002 0.001 0.01 0.013 0.009 0.003 0.009 0.004 0.011 0.002 0.014 0.002 0.003 0.004 0.25 0.015 0.053 0.04 0.001 0.414 0.002 0.014 0.001 0.035 0 0.007 0.061 0.009 0.002 0.613 0.004 0.032 0.018 0.165 0.009 0.009 0.011 0.001 1 0.001 0.002 0.164 0.001 0.002 0.646 0.006 0.003 0.011 0.159 0.001 0.002 0 0.001 0.012 0.876 0.002 0.003 0.002
0.034 0.039 0.037 0.017 0.001 0.002 0.003 0.003 0.001 0 0 0.009 0.004 0.004 0.001 0.009 0.096 0.009 0.018 0.005 0.017 0.001 0.002 0.002 0.005 0.017 0.022 0.001 0.001 0.001 0.006 0.005 0.026 0.001 0.005 0.032 0.089 0.001 0.002 0.015 0.013 0.005 0.081 0.148 0.152 0.118 0 0.001 1 0 0.058 0 0.001 0.001 0.014 0.001 0.117 0.079 0 0.001 0.228 0 0.103 0.001 0.001 0.001 0
0.007 0.006 0.006 0.003 0.006 0 0.003 0.003 0.002 0.129 0 0.006 0.008 0.004 0 0.012 0.018 0.001 0.005 0.007 0.01 0.001 0 0.003 0.007 0.005 0.014 0.001 0.001 0.001 0.006 0.006 0.017 0.001 0.006 0.009 0.065 0.001 0.002 0.023 0.015 0 0.032 0.066 0.071 0.081 0.001 0.002 0 1 0.091 0.001 0.001 0.001 0.003 0.002 0.114 0.071 0.412 0.001 0.001 0 0.084 0.001 0.001 0.002 0.574
0.007 0.009 0.011 0.002 0.022 0.064 0.015 0.014 0.002 0.084 0.004 0.001 0 0.006 0.127 0.001 0.384 0.058 0.055 0.022 0.024 0.014 0.137 0.055 0.023 0.003 0.014 0.006 0.108 0.009 0.034 0.034 0.022 0.008 0.056 0.256 0.44 0.004 0.241 0.109 0.156 0.054 0.822 0.437 0.427 0.471 0.006 0.164 0.058 0.091 1 0.006 0.009 0.137 0.244 0.017 0.581 0.867 0.075 0.009 0.116 0.004 0.613 0.182 0.007 0.016 0.117
0.005 0 0 0.015 0.002 0.001 0 0 0.001 0 0.038 0 0.005 0.001 0.001 0 0.002 0.006 0.01 0.002 0.016 0 0.001 0.005 0.002 0.019 0.014 0.088 0 0 0.002 0.002 0.015 0.001 0.071 0.014 0.003 0.001 0.002 0.009 0.036 0.011 0.006 0.003 0.003 0.004 0 0.001 0 0.001 0.006 1 0.001 0.001 0.002 0.001 0.004 0.006 0 0.327 0.001 0 0.004 0.001 0.001 0.001 0.001
0.012 0.011 0.011 0.025 0.008 0.002 0.005 0.004 0.002 0.001 0.001 0.013 0.009 0.005 0.002 0.014 0.005 0.004 0.009 0.008 0.024 0.156 0.002 0.003 0.008 0.026 0.033 0.001 0.001 0.001 0.008 0.008 0.012 0.001 0.008 0.023 0.005 0.001 0.003 0.005 0.019 0.043 0.009 0.005 0.005 0.006 0.001 0.002 0.001 0.001 0.009 0.001 1 0.002 0.003 0.002 0.006 0.009 0.001 0.001 0.001 0 0.007 0.002 0.001 0.002 0.001
0.004 0.006 0.006 0.001 0.012 0.122 0.007 0.006 0.003 0.003 0.001 0.015 0.019 0.007 0.003 0.013 0.007 0.018 0.003 0.004 0.003 0.003 0.003 0.181 0.004 0.062 0.044 0.001 0.345 0.001 0.012 0 0.038 0.002 0.011 0.051 0.005 0.002 0.479 0.003 0.027 0.027 0.137 0.005 0.005 0.006 0.001 0.646 0.001 0.001 0.137 0.001 0.002 1 0 0.003 0.006 0.132 0.001 0.002 0.001 0.001 0.007 0.674 0.001 0.003 0.002
0.01 0.014 0.009 0.026 0.007 0.002 0.014 0.013 0.005 0.003 0.001 0.002 0.004 0.002 0.507 0.006 0.322 0.024 0.073 0.003 0.033 0.005 0.547 0.007 0.003 0.035 0.046 0.002 0.002 0.003 0.008 0.023 0.06 0.003 0.023 0.096 0.352 0.004 0.001 0.092 0.056 0.016 0.286 0.366 0.357 0.337 0.002 0.006 0.014 0.003 0.244 0.002 0.003 0 1 0.006 0.417 0.294 0.002 0.003 0.004 0.001 0.413 0.005 0.003 0.006 0
0.013 0.026 0.027 0.059 0.014 0.004 0.008 0.008 0.003 0.002 0.001 0.025 0.016 0.009 0.003 0.025 0.009 0.02 0.034 0.015 0.005 0.154 0.004 0.006 0.015 0.004 0.001 0.001 0.003 0.002 0.014 0.014 0.047 0.001 0.249 0.04 0.009 0.002 0.005 0.027 0.107 0.032 0.017 0.009 0.009 0.011 0.001 0.003 0.001 0.002 0.017 0.001 0.002 0.003 0.006 1 0.011 0.017 0.001 0.002 0.002 0.001 0.012 0.003 0.002 0.001 0.002
0 0 0.001 0.008 0.014 0.001 0.026 0.025 0.011 0.075 0.003 0.01 0.014 0.01 0.242 0.021 0.466 0.038 0.1 0.023 0.062 0.009 0.257 0.002 0.024 0.06 0.094 0.004 0.001 0.006 0.023 0.045 0.117 0.005 0.044 0.187 0.614 0.008 0.005 0.132 0.108 0.024 0.56 0.718 0.695 0.656 0.004 0.011 0.117 0.114 0.581 0.004 0.006 0.006 0.417 0.011 1 0.603 0.109 0.006 0.18 0.003 0.849 0.01 0.005 0.011 0.149
0.005 0.009 0.008 0.004 0.022 0.054 0.016 0.014 0.002 0.073 0.004 0 0.001 0.009 0.194 0.003 0.451 0.068 0.06 0.028 0.033 0.014 0.205 0.046 0.026 0.006 0.026 0.006 0.095 0.009 0.048 0.043 0.036 0.009 0.057 0.255 0.519 0.012 0.2 0.099 0.158 0.056 0.854 0.512 0.496 0.541 0.006 0.159 0.079 0.071 0.867 0.006 0.009 0.132 0.294 0.017 0.603 1 0.074 0.009 0.139 0.004 0.639 0.176 0.007 0.012 0.095
0.001 0.001 0.001 0.001 0.004 0.001 0.002 0.002 0.001 0.019 0 0.004 0.005 0.003 0 0.009 0.011 0 0.005 0.005 0.006 0.001 0 0.002 0.005 0.006 0.009 0 0.001 0.001 0.005 0.005 0.011 0.001 0.005 0.008 0.055 0.001 0.002 0.009 0.012 0.001 0.029 0.06 0.064 0.078 0 0.001 0 0.412 0.075 0 0.001 0.001 0.002 0.001 0.109 0.074 1 0.001 0.001 0 0.062 0.001 0 0.001 0.413
0 0.004 0.005 0.021 0.001 0.002 0 0 0 0.001 0 0.003 0 0 0.002 0.004 0.004 0.006 0.012 0.005 0.024 0.001 0.002 0.001 0.005 0.026 0.02 0.393 0 0.003 0.004 0.004 0.019 0.001 0.1 0.022 0.005 0.001 0.003 0.015 0.044 0.014 0.009 0.005 0.005 0.006 0 0.002 0.001 0.001 0.009 0.327 0.001 0.002 0.003 0.002 0.006 0.009 0.001 1 0.001 0 0.006 0.002 0.001 0.002 0.001
0.039 0.045 0.044 0.014 0.002 0.007 0.005 0.005 0.002 0.003 0.001 0.002 0.001 0.005 0.002 0.002 0.091 0.009 0.016 0.009 0.01 0.002 0.003 0.003 0.009 0.011 0.02 0.001 0.002 0.001 0.009 0.009 0.023 0.001 0.009 0.049 0.11 0.002 0.003 0.006 0.022 0.005 0.141 0.178 0.184 0.14 0.001 0 0.228 0.001 0.116 0.001 0.001 0.001 0.004 0.002 0.18 0.139 0.001 0.001 1 0.001 0.168 0 0.001 0.002 0.001
0.004 0.006 0.007 0.013 0.003 0.001 0.002 0.002 0.001 0 0 0.006 0.007 0.002 0 0.006 0.001 0.006 0.007 0.004 0.016 0.001 0 0.001 0.004 0.018 0.015 0 0.001 0 0.004 0.003 0.013 0.001 0.064 0.01 0.002 0.001 0.001 0.002 0.026 0.008 0.004 0.002 0.002 0.003 0 0.001 0 0 0.004 0 0 0.001 0.001 0.001 0.003 0.004 0 0 0.001 1 0.003 0.001 0 0.001 0
0.002 0.002 0.003 0.007 0.007 0 0.008 0.007 0 0.081 0.003 0.004 0.007 0.001 0.247 0.011 0.467 0.042 0.095 0.01 0.056 0.01 0.265 0.003 0.01 0.053 0.094 0.004 0.001 0.006 0.025 0.047 0.108 0.005 0.039 0.175 0.717 0.008 0.003 0.166 0.113 0.028 0.625 0.705 0.683 0.714 0.004 0.012 0.103 0.084 0.613 0.004 0.007 0.007 0.413 0.012 0.849 0.639 0.062 0.006 0.168 0.003 1 0.01 0.005 0.011 0.153
0.008 0.011 0.01 0.001 0.012 0.178 0.007 0.007 0.003 0.003 0.001 0.012 0.015 0.008 0.003 0.013 0.006 0.019 0.004 0.013 0.004 0.003 0.003 0.263 0.013 0.065 0.052 0.001 0.447 0.002 0.013 0 0.045 0.002 0.012 0.073 0.008 0.002 0.653 0.007 0.028 0.028 0.183 0.008 0.008 0.01 0.001 0.876 0.001 0.001 0.182 0.001 0.002 0.674 0.005 0.003 0.01 0.176 0.001 0.002 0 0.001 0.01 1 0.001 0.003 0.002
0.004 0.005 0.005 0.004 0 0.021 0.004 0.003 0.001 0.001 0.004 0.018 0.014 0.004 0.001 0.019 0.004 0 0.001 0.003 0 0.001 0.002 0.021 0.003 0.002 0.006 0.001 0.013 0.001 0.006 0.006 0.005 0.001 0.002 0.005 0.004 0.001 0.002 0.012 0.01 0 0.007 0.004 0.004 0.005 0.739 0.002 0.001 0.001 0.007 0.001 0.001 0.001 0.003 0.002 0.005 0.007 0 0.001 0.001 0 0.005 0.001 1 0.041 0.001
0.01 0.008 0.008 0.011 0.007 0 0.007 0.006 0.002 0.002 0.001 0.003 0.005 0.008 0.001 0.005 0.005 0.022 0.008 0.007 0.009 0.003 0.002 0 0.013 0.015 0.009 0.001 0.001 0.002 0 0.002 0.012 0.026 0 0.017 0.009 0.007 0.004 0.016 0.002 0.017 0.016 0.009 0.008 0.011 0.015 0.003 0.001 0.002 0.016 0.001 0.002 0.003 0.006 0.001 0.011 0.012 0.001 0.002 0.002 0.001 0.011 0.003 0.041 1 0.002
0.004 0.004 0.004 0.007 0.007 0 0.004 0.004 0.002 0.133 0 0.009 0.01 0.005 0 0.014 0.04 0.002 0.01 0.008 0.024 0.002 0 0.003 0.008 0.016 0.03 0.001 0.001 0.001 0.007 0.007 0.036 0.001 0.007 0.013 0.09 0.001 0.003 0.029 0.018 0 0.049 0.098 0.104 0.078 0.001 0.002 0 0.574 0.117 0.001 0.001 0.002 0 0.002 0.149 0.095 0.413 0.001 0.001 0 0.153 0.002 0.001 0.002 1
