1 0.88 0.895 0.536 0.409 0.115 0.259 0.231 0.135 0.027 0.046 0.556 0.534 0.262 0.037 0.602 0.006 0.149 0.153 0.366 0.367 0.016 0.039 0.141 0.302 0.269 0.125 0 0.025 0.007 0.026 0.01 0.115 0.016 0.004 0.04 0 0.006 0.076 0.019 0.007 0.073 0.019 0.01 0.009 0 0.008 0 0.047 0.011 0.006 0.002 0.007 0.004 0.006 0.018 0 0.006 0.007 0 0.034 0 0.001 0.002 0.011 0.007 0.011
0.88 1 0.961 0.514 0.429 0.127 0.287 0.255 0.15 0.025 0.051 0.62 0.585 0.273 0.033 0.625 0.004 0.153 0.15 0.386 0.35 0.023 0.035 0.158 0.323 0.255 0.117 0 0.028 0.012 0.029 0.015 0.102 0.015 0.016 0.049 0 0.008 0.072 0.021 0.002 0.056 0.019 0.01 0.009 0 0.009 0 0.053 0.009 0.006 0 0.007 0.006 0.01 0.023 0 0.006 0.006 0.004 0.039 0.007 0.001 0.002 0.013 0.005 0.009
0.895 0.961 1 0.53 0.451 0.126 0.285 0.254 0.149 0.025 0.051 0.619 0.584 0.289 0.034 0.646 0.004 0.148 0.146 0.406 0.373 0.023 0.035 0.157 0.337 0.272 0.128 0 0.028 0.015 0.033 0.014 0.113 0.015 0.013 0.053 0 0.008 0.085 0.024 0.002 0.061 0.022 0.01 0.01 0 0.009 0 0.053 0.009 0.007 0 0.006 0.005 0.007 0.023 0 0.008 0.006 0.004 0.038 0.007 0.002 0.002 0.013 0.005 0.009
0.536 0.514 0.53 1 0.259 0.055 0.16 0.143 0.084 0.044 0.029 0.331 0.331 0.165 0.06 0.356 0.029 0.288 0.356 0.249 0.643 0 0.059 0.069 0.2 0.527 0.275 0.015 0.009 0.026 0.002 0 0.328 0.026 0.176 0 0.014 0.018 0.042 0.003 0.147 0.155 0.001 0.051 0.051 0.017 0.002 0.002 0.026 0.019 0.006 0.013 0.01 0 0.029 0.058 0.016 0.005 0.014 0.016 0.014 0.015 0.011 0 0.003 0.002 0.02
0.409 0.429 0.451 0.259 1 0.014 0.539 0.486 0.267 0.012 0.006 0.498 0.473 0.574 0.016 0.522 0.038 0.088 0.164 0.832 0.312 0.011 0.017 0.022 0.706 0.25 0.161 0 0.006 0.007 0.152 0.091 0.141 0.007 0.034 0.025 0.002 0.008 0.003 0.054 0.021 0.052 0.002 0.035 0.035 0.001 0.003 0.007 0.003 0.006 0.001 0.004 0.007 0.004 0.003 0.01 0.009 0 0.004 0.001 0.002 0.003 0.001 0.004 0.002 0.006 0.007
0.115 0.127 0.126 0.055 0.014 1 0.009 0.008 0.004 0.003 0.002 0.142 0.132 0.01 0.004 0.133 0.011 0.016 0.035 0.015 0.08 0.003 0.004 0.586 0.015 0.048 0.02 0.001 0.254 0.002 0.017 0.015 0.017 0.002 0.009 0.031 0.012 0.002 0.333 0.027 0.027 0.012 0.044 0.011 0.011 0.015 0.01 0.042 0.002 0 0.004 0 0.002 0.077 0.003 0.003 0 0.001 0 0.001 0 0.001 0 0.064 0.021 0.001 0
0.259 0.287 0.285 0.16 0.539 0.009 1 0.875 0.512 0.007 0.004 0.31 0.286 0.728 0.01 0.331 0.022 0.051 0.095 0.53 0.206 0.007 0.01 0.013 0.492 0.174 0.103 0 0.004 0.004 0.194 0.205 0.102 0.004 0.016 0.042 0.001 0.005 0.009 0.109 0.088 0.05 0.003 0.027 0.027 0 0.002 0.004 0.006 0.003 0.001 0.003 0.005 0.003 0.019 0.005 0.033 0.001 0.002 0 0.005 0.002 0.005 0.003 0.002 0.008 0.003
0.231 0.255 0.254 0.143 0.486 0.008 0.875 1 0.58 0.006 0.003 0.275 0.254 0.718 0.009 0.293 0.019 0.046 0.084 0.468 0.182 0.006 0.009 0.012 0.43 0.15 0.089 0 0.003 0.004 0.149 0.155 0.089 0.004 0.013 0.029 0.002 0.004 0.008 0.088 0.065 0.051 0.001 0.023 0.023 0.001 0.003 0.004 0.005 0.002 0 0.002 0.004 0.002 0.017 0.004 0.029 0 0.001 0 0.005 0.002 0.002 0.002 0.004 0.007 0.003
0.135 0.15 0.149 0.084 0.267 0.004 0.512 0.58 1 0.004 0.002 0.168 0.155 0.461 0.005 0.179 0.013 0.028 0.053 0.278 0.112 0.004 0.005 0.007 0.28 0.116 0.068 0 0.002 0.002 0.092 0.089 0.073 0.002 0.005 0.017 0.002 0.002 0.005 0.041 0.044 0.037 0 0.016 0.016 0.003 0.002 0.002 0.003 0.003 0 0.001 0.003 0.001 0.01 0.004 0.02 0 0.002 0 0.003 0.001 0.003 0.001 0.002 0.004 0.003
0.027 0.025 0.025 0.044 0.012 0.003 0.007 0.006 0.004 1 0.001 0.014 0.015 0.008 0.004 0.012 0.223 0.019 0.05 0.013 0.033 0.002 0.004 0.005 0.009 0.031 0.045 0.001 0.001 0.002 0.014 0.012 0.05 0.002 0.009 0.067 0.162 0.002 0.003 0.033 0.025 0.006 0.107 0.178 0.173 0.133 0.001 0.001 0.003 0.445 0.104 0.001 0.002 0 0.003 0.003 0.079 0.094 0.185 0.001 0.015 0.001 0.108 0 0.001 0.003 0.32
0.046 0.051 0.051 0.029 0.006 0.002 0.004 0.003 0.002 0.001 1 0.058 0.054 0.004 0.002 0.061 0.004 0.01 0.018 0.006 0.038 0.001 0.002 0.263 0.006 0.039 0.027 0.007 0.001 0.001 0.007 0.006 0.024 0.001 0.13 0.019 0.005 0.001 0.002 0.014 0.042 0.012 0.009 0.005 0.005 0.007 0.005 0.001 0.001 0.001 0.008 0.036 0.001 0 0.003 0.001 0.006 0.008 0.001 0 0.001 0 0.007 0 0.005 0.001 0.001
0.556 0.62 0.619 0.331 0.498 0.142 0.31 0.275 0.168 0.014 0.058 1 0.913 0.337 0.013 0.815 0.05 0.137 0.239 0.523 0.469 0.017 0.014 0.187 0.43 0.373 0.225 0 0.04 0.013 0.059 0.031 0.211 0.013 0.009 0.033 0.012 0.013 0.106 0.009 0.012 0.081 0.002 0.059 0.06 0.012 0.016 0.001 0.01 0.011 0 0 0.01 0.012 0.004 0.02 0.013 0 0.008 0.003 0.005 0.006 0.003 0.007 0.02 0.001 0.013
0.534 0.585 0.584 0.331 0.473 0.132 0.286 0.254 0.155 0.015 0.054 0.913 1 0.311 0.015 0.765 0.055 0.146 0.258 0.494 0.461 0.006 0.016 0.173 0.417 0.36 0.214 0 0.038 0.014 0.055 0.029 0.201 0.014 0.007 0.028 0.014 0.011 0.099 0.005 0.014 0.072 0.001 0.061 0.061 0.014 0.014 0.001 0.005 0.012 0.001 0 0.002 0.011 0.006 0.021 0.014 0.001 0.009 0.001 0.004 0.001 0.004 0.006 0.018 0.002 0.014
0.262 0.273 0.289 0.165 0.574 0.01 0.728 0.718 0.461 0.008 0.004 0.337 0.311 1 0.011 0.388 0.029 0.06 0.115 0.603 0.243 0.008 0.011 0.015 0.564 0.199 0.12 0 0.004 0.001 0.232 0.14 0.118 0.005 0.016 0.055 0 0.005 0.01 0.128 0.054 0.053 0.002 0.029 0.029 0.001 0.004 0.005 0.006 0.006 0.004 0.003 0.005 0.003 0 0.006 0.005 0.004 0.005 0 0.006 0.002 0.001 0.003 0.005 0.009 0.007
0.037 0.033 0.034 0.06 0.016 0.004 0.01 0.009 0.005 0.004 0.002 0.013 0.015 0.011 1 0.027 0.371 0.026 0.092 0.015 0.042 0.003 0.935 0.007 0.015 0.039 0.052 0.001 0.002 0.002 0.018 0.016 0.063 0.002 0.011 0.085 0.283 0.002 0.005 0.059 0.031 0.033 0.176 0.289 0.279 0.233 0.002 0.002 0.002 0.001 0.172 0.001 0.002 0.001 0.467 0.004 0.235 0.189 0 0.001 0.003 0 0.206 0.001 0.002 0.004 0.001
0.602 0.625 0.646 0.356 0.522 0.133 0.331 0.293 0.179 0.012 0.061 0.815 0.765 0.388 0.027 1 0.062 0.139 0.26 0.594 0.55 0.02 0.027 0.187 0.506 0.413 0.236 0 0.032 0.007 0.06 0.031 0.218 0.01 0.007 0.028 0.015 0.013 0.102 0.011 0.014 0.094 0.002 0.06 0.059 0.011 0.017 0 0.016 0.017 0.001 0 0.012 0.006 0.004 0.019 0.016 0.001 0.014 0.003 0.006 0.006 0.006 0.004 0.022 0.002 0.018
0.006 0.004 0.004 0.029 0.038 0.011 0.022 0.019 0.013 0.223 0.004 0.05 0.055 0.029 0.371 0.062 1 0.066 0.242 0.045 0.106 0.009 0.372 0.017 0.04 0.101 0.143 0.002 0 0.006 0.05 0.044 0.166 0.006 0.032 0.209 0.648 0.001 0.006 0.159 0.079 0.037 0.451 0.712 0.688 0.559 0.005 0.001 0.173 0.102 0.437 0.004 0.006 0 0.224 0.01 0.486 0.468 0.067 0.003 0.146 0.001 0.45 0 0.005 0.007 0.112
0.149 0.153 0.148 0.288 0.088 0.016 0.051 0.046 0.028 0.019 0.01 0.137 0.146 0.06 0.026 0.139 0.066 1 0.461 0.094 0.233 0.018 0.023 0.036 0.07 0.193 0.017 0.005 0.01 0.059 0.046 0.055 0.027 0.071 0.052 0.01 0.067 0.061 0.025 0.008 0.005 0.103 0.068 0.026 0.021 0.035 0.001 0.001 0.014 0.004 0.048 0.006 0.002 0.007 0.008 0.019 0.029 0.051 0.002 0.004 0.015 0.006 0.039 0.007 0 0.006 0.001
0.153 0.15 0.146 0.356 0.164 0.035 0.095 0.084 0.053 0.05 0.018 0.239 0.258 0.115 0.092 0.26 0.242 0.461 1 0.18 0.44 0.036 0.097 0.069 0.143 0.382 0.146 0.009 0.01 0.028 0.001 0.004 0.186 0.034 0.11 0.072 0.143 0.042 0.039 0.056 0.067 0.015 0.078 0.246 0.248 0.161 0.001 0 0.04 0.032 0.095 0.012 0.009 0.005 0.078 0.039 0.143 0.09 0.022 0.01 0.03 0.009 0.113 0.005 0.001 0.001 0.049
0.366 0.386 0.406 0.249 0.832 0.015 0.53 0.468 0.278 0.013 0.006 0.523 0.494 0.603 0.015 0.594 0.045 0.094 0.18 1 0.363 0.012 0.018 0.023 0.85 0.286 0.175 0.003 0.006 0.003 0.164 0.102 0.165 0.007 0.038 0.021 0.004 0.008 0.002 0.062 0.025 0.055 0.004 0.049 0.048 0.002 0.004 0.008 0.01 0.01 0.001 0.005 0.007 0.004 0.002 0.011 0.017 0.001 0.008 0.004 0.01 0.004 0.003 0.004 0.004 0.007 0.011
0.367 0.35 0.373 0.643 0.312 0.08 0.206 0.182 0.112 0.033 0.038 0.469 0.461 0.243 0.042 0.55 0.106 0.233 0.44 0.363 1 0.031 0.047 0.116 0.325 0.805 0.5 0.015 0.02 0.013 0.017 0.005 0.459 0.017 0.152 0.001 0.056 0.012 0.061 0.005 0.18 0.172 0.014 0.133 0.131 0.06 0.003 0 0.026 0.026 0.029 0.022 0.02 0.003 0.026 0.012 0.067 0.034 0.021 0.018 0.021 0.02 0.044 0.001 0.004 0 0.029
0.016 0.023 0.023 0 0.011 0.003 0.007 0.006 0.004 0.002 0.001 0.017 0.006 0.008 0.003 0.02 0.009 0.018 0.036 0.012 0.031 1 0.004 0.005 0.012 0.03 0.043 0 0.001 0.001 0.013 0.012 0 0.001 0.033 0.035 0.011 0.001 0.003 0.007 0.003 0 0.015 0.008 0.008 0.01 0.001 0.002 0.002 0.002 0.014 0 0.129 0.001 0.004 0.12 0.01 0.013 0.002 0 0.002 0.001 0.011 0.001 0.001 0.003 0.002
0.039 0.035 0.035 0.059 0.017 0.004 0.01 0.009 0.005 0.004 0.002 0.014 0.016 0.011 0.935 0.027 0.372 0.023 0.097 0.018 0.047 0.004 1 0.007 0.018 0.043 0.058 0.001 0.002 0.002 0.02 0.017 0.069 0.002 0.012 0.085 0.288 0.002 0.005 0.057 0.034 0.03 0.179 0.295 0.276 0.237 0.002 0.002 0.002 0.001 0.162 0.001 0.003 0.001 0.477 0.004 0.23 0.192 0 0.001 0.003 0 0.21 0.001 0.002 0.004 0.001
0.141 0.158 0.157 0.069 0.022 0.586 0.013 0.012 0.007 0.005 0.263 0.187 0.173 0.015 0.007 0.187 0.017 0.036 0.069 0.023 0.116 0.005 0.007 1 0.023 0.108 0.059 0.001 0.204 0.003 0.025 0.015 0.053 0.003 0.014 0.011 0.019 0.003 0.301 0.04 0.001 0.033 0.027 0.018 0.018 0.023 0.015 0.081 0.004 0.004 0.001 0.011 0.003 0.129 0.006 0.005 0.004 0 0.003 0.001 0.001 0.001 0.007 0.124 0.025 0.001 0.004
0.302 0.323 0.337 0.2 0.706 0.015 0.492 0.43 0.28 0.009 0.006 0.43 0.417 0.564 0.015 0.506 0.04 0.07 0.143 0.85 0.325 0.012 0.018 0.023 1 0.33 0.216 0.003 0.006 0.003 0.211 0.142 0.205 0.007 0.038 0.036 0.003 0.008 0.002 0.076 0.039 0.063 0.003 0.044 0.044 0.002 0 0.008 0.01 0.01 0.001 0.005 0.009 0.004 0.001 0.011 0.017 0.001 0.008 0.004 0.01 0.004 0.003 0.004 0 0.013 0.011
0.269 0.255 0.272 0.527 0.25 0.048 0.174 0.15 0.116 0.031 0.039 0.373 0.36 0.199 0.039 0.413 0.101 0.193 0.382 0.286 0.805 0.03 0.043 0.108 0.33 1 0.637 0.016 0.04 0.019 0.032 0.02 0.592 0.013 0.162 0.002 0.058 0.02 0.106 0.002 0.214 0.216 0.005 0.128 0.127 0.056 0.002 0.008 0.025 0.023 0.014 0.023 0.022 0.028 0.029 0.013 0.062 0.02 0.02 0.019 0.02 0.024 0.04 0.027 0.001 0.002 0.027
0.125 0.117 0.128 0.275 0.161 0.02 0.103 0.089 0.068 0.045 0.027 0.225 0.214 0.12 0.052 0.236 0.143 0.017 0.146 0.175 0.5 0.043 0.058 0.059 0.216 0.637 1 0.011 0.024 0.027 0.282 0.265 0.888 0.027 0.087 0.056 0.095 0.023 0.073 0.002 0.373 0.201 0.03 0.174 0.162 0.098 0 0.003 0.036 0.028 0.044 0.011 0.031 0.016 0.037 0.005 0.097 0.05 0.021 0.012 0.035 0.017 0.078 0.019 0 0.005 0.032
0 0 0 0.015 0 0.001 0 0 0 0.001 0.007 0 0 0 0.001 0 0.002 0.005 0.009 0.003 0.015 0 0.001 0.001 0.003 0.016 0.011 1 0 0 0.003 0.003 0.013 0 0.065 0.01 0.003 0 0.001 0.008 0.024 0.006 0.005 0.003 0.003 0.004 0 0 0.001 0.001 0.004 0.176 0 0 0.001 0.001 0.003 0.004 0 0.416 0.001 0 0.004 0 0 0.001 0.001
0.025 0.028 0.028 0.009 0.006 0.254 0.004 0.003 0.002 0.001 0.001 0.04 0.038 0.004 0.002 0.032 0 0.01 0.01 0.006 0.02 0.001 0.002 0.204 0.006 0.04 0.024 0 1 0.001 0.007 0.006 0.025 0.001 0.005 0.033 0.006 0.001 0.222 0.007 0.012 0.013 0.033 0.006 0.006 0.007 0.036 0.159 0.001 0.001 0.027 0 0.001 0.247 0 0.001 0.002 0.015 0.001 0 0.001 0 0.001 0.254 0.034 0 0.001
0.007 0.012 0.015 0.026 0.007 0.002 0.004 0.004 0.002 0.002 0.001 0.013 0.014 0.001 0.002 0.007 0.006 0.059 0.028 0.003 0.013 0.001 0.002 0.003 0.003 0.019 0.027 0 0.001 1 0.008 0.007 0.03 0.001 0.006 0.011 0.003 0.001 0.002 0.012 0.007 0.003 0.006 0.003 0.003 0.004 0.001 0.001 0.001 0.001 0.006 0.001 0 0.001 0.001 0.002 0.004 0.006 0.001 0 0.001 0 0.004 0.001 0.001 0.002 0.001
0.026 0.029 0.033 0.002 0.152 0.017 0.194 0.149 0.092 0.014 0.007 0.059 0.055 0.232 0.018 0.06 0.05 0.046 0.001 0.164 0.017 0.013 0.02 0.025 0.211 0.032 0.282 0.003 0.007 0.008 1 0.844 0.252 0.008 0.05 0.31 0.044 0.089 0.001 0.2 0.259 0.023 0.038 0.046 0.04 0.039 0.007 0.008 0.011 0.006 0.028 0.005 0.009 0.005 0.001 0.012 0.016 0.029 0.004 0.005 0.011 0.004 0.019 0.005 0.008 0.004 0.007
0.01 0.015 0.014 0 0.091 0.015 0.205 0.155 0.089 0.012 0.006 0.031 0.029 0.14 0.016 0.031 0.044 0.055 0.004 0.102 0.005 0.012 0.017 0.015 0.142 0.02 0.265 0.003 0.006 0.007 0.844 1 0.239 0.007 0.044 0.289 0.037 0.102 0.009 0.16 0.302 0.02 0.063 0.039 0.033 0.045 0.007 0.002 0.01 0.005 0.05 0.005 0.008 0 0.02 0.01 0.044 0.051 0.003 0.004 0.009 0.004 0.047 0 0.007 0.01 0.006
0.115 0.102 0.113 0.328 0.141 0.017 0.102 0.089 0.073 0.05 0.024 0.211 0.201 0.118 0.063 0.218 0.166 0.027 0.186 0.165 0.459 0 0.069 0.053 0.205 0.592 0.888 0.013 0.025 0.03 0.252 0.239 1 0.03 0.162 0.035 0.106 0.02 0.067 0 0.443 0.234 0.039 0.2 0.188 0.111 0 0.003 0.04 0.031 0.054 0.015 0.027 0.015 0.048 0.049 0.119 0.061 0.024 0.014 0.039 0.015 0.09 0.018 0 0.007 0.036
0.016 0.015 0.015 0.026 0.007 0.002 0.004 0.004 0.002 0.002 0.001 0.013 0.014 0.005 0.002 0.01 0.006 0.071 0.034 0.007 0.017 0.001 0.002 0.003 0.007 0.013 0.027 0 0.001 0.001 0.008 0.007 0.03 1 0 0.016 0.004 0.001 0.002 0.002 0.013 0.032 0.003 0.001 0.001 0.001 0.001 0.01 0.001 0.001 0.002 0.001 0.001 0.001 0.002 0.001 0.001 0.007 0.001 0.001 0.001 0 0.001 0.001 0.001 0.008 0.001
0.004 0.016 0.013 0.176 0.034 0.009 0.016 0.013 0.005 0.009 0.13 0.009 0.007 0.016 0.011 0.007 0.032 0.052 0.11 0.038 0.152 0.033 0.012 0.014 0.038 0.162 0.087 0.065 0.005 0.006 0.05 0.044 0.162 0 1 0.141 0.035 0.006 0.012 0.086 0.311 0.069 0.06 0.042 0.041 0.044 0.001 0 0.007 0.008 0.056 0.062 0.006 0.003 0.025 0.265 0.05 0.056 0.006 0.083 0.008 0.081 0.045 0.003 0.001 0.004 0.008
0.04 0.049 0.053 0 0.025 0.031 0.042 0.029 0.017 0.067 0.019 0.033 0.028 0.055 0.085 0.028 0.209 0.01 0.072 0.021 0.001 0.035 0.085 0.011 0.036 0.002 0.056 0.01 0.033 0.011 0.31 0.289 0.035 0.016 0.141 1 0.182 0.03 0.086 0.373 0.012 0.108 0.256 0.201 0.189 0.138 0.006 0.005 0.053 0.03 0.174 0.015 0.022 0.021 0.099 0.038 0.193 0.177 0.01 0.013 0.053 0.011 0.162 0.022 0.007 0.028 0.019
0 0 0 0.014 0.002 0.012 0.001 0.002 0.002 0.162 0.005 0.012 0.014 0 0.283 0.015 0.648 0.067 0.143 0.004 0.056 0.011 0.288 0.019 0.003 0.058 0.095 0.003 0.006 0.003 0.044 0.037 0.106 0.004 0.035 0.182 1 0.008 0.016 0.2 0.109 0.064 0.578 0.709 0.683 0.791 0.006 0.007 0.151 0.086 0.558 0.004 0.008 0.002 0.23 0.013 0.485 0.595 0.053 0.004 0.146 0.003 0.578 0.004 0.007 0.013 0.088
0.006 0.008 0.008 0.018 0.008 0.002 0.005 0.004 0.002 0.002 0.001 0.013 0.011 0.005 0.002 0.013 0.001 0.061 0.042 0.008 0.012 0.001 0.002 0.003 0.008 0.02 0.023 0 0.001 0.001 0.089 0.102 0.02 0.001 0.006 0.03 0.008 1 0.002 0 0.035 0.003 0.012 0.007 0.007 0.009 0.001 0.001 0.001 0.001 0.01 0.001 0.001 0.001 0.004 0.002 0.009 0.011 0.001 0.001 0.001 0 0.009 0.001 0.001 0 0.001
0.076 0.072 0.085 0.042 0.003 0.333 0.009 0.008 0.005 0.003 0.002 0.106 0.099 0.01 0.005 0.102 0.006 0.025 0.039 0.002 0.061 0.003 0.005 0.301 0.002 0.106 0.073 0.001 0.222 0.002 0.001 0.009 0.067 0.002 0.012 0.086 0.016 0.002 1 0 0.033 0.034 0.18 0.015 0.015 0.006 0.002 0.178 0.003 0.003 0.07 0.001 0.002 0.235 0.019 0.004 0.018 0.056 0.002 0.001 0.002 0.001 0.012 0.269 0.002 0.004 0.003
0.019 0.021 0.024 0.003 0.054 0.027 0.109 0.088 0.041 0.033 0.014 0.009 0.005 0.128 0.059 0.011 0.159 0.008 0.056 0.062 0.005 0.007 0.057 0.04 0.076 0.002 0.002 0.008 0.007 0.012 0.2 0.16 0 0.002 0.086 0.373 0.2 0 0 1 0.005 0.055 0.166 0.204 0.201 0.22 0.016 0.003 0.042 0.016 0.186 0.012 0 0.002 0.117 0.034 0.17 0.171 0.003 0.011 0.035 0.008 0.211 0.005 0.017 0.029 0.022
0.007 0.002 0.002 0.147 0.021 0.027 0.088 0.065 0.044 0.025 0.042 0.012 0.014 0.054 0.031 0.014 0.079 0.005 0.067 0.025 0.18 0.003 0.034 0.001 0.039 0.214 0.373 0.024 0.012 0.007 0.259 0.302 0.443 0.013 0.311 0.012 0.109 0.035 0.033 0.005 1 0.131 0.183 0.112 0.111 0.139 0.007 0.015 0.02 0.02 0.172 0.04 0.017 0.009 0.066 0.114 0.135 0.171 0.017 0.03 0.021 0.03 0.143 0.009 0.008 0.001 0.022
0.073 0.056 0.061 0.155 0.052 0.012 0.05 0.051 0.037 0.006 0.012 0.081 0.072 0.053 0.033 0.094 0.037 0.103 0.015 0.055 0.172 0 0.03 0.033 0.063 0.216 0.201 0.006 0.013 0.003 0.023 0.02 0.234 0.032 0.069 0.108 0.064 0.003 0.034 0.055 0.131 1 0.124 0.06 0.059 0.082 0.003 0 0 0.002 0.085 0.01 0.055 0.009 0.05 0.028 0.055 0.081 0.001 0.003 0 0.008 0.065 0.009 0.002 0.026 0.01
0.019 0.019 0.022 0.001 0.002 0.044 0.003 0.001 0 0.107 0.009 0.002 0.001 0.002 0.176 0.002 0.451 0.068 0.078 0.004 0.014 0.015 0.179 0.027 0.003 0.005 0.03 0.005 0.033 0.006 0.038 0.063 0.039 0.003 0.06 0.256 0.578 0.012 0.18 0.166 0.183 0.124 1 0.608 0.583 0.697 0.01 0.022 0.109 0.049 0.787 0.007 0.013 0.047 0.346 0.021 0.61 0.774 0.031 0.007 0.115 0.006 0.642 0.049 0.011 0.02 0.076
0.01 0.01 0.01 0.051 0.035 0.011 0.027 0.023 0.016 0.178 0.005 0.059 0.061 0.029 0.289 0.06 0.712 0.026 0.246 0.049 0.133 0.008 0.295 0.018 0.044 0.128 0.174 0.003 0.006 0.003 0.046 0.039 0.2 0.001 0.042 0.201 0.709 0.007 0.015 0.204 0.112 0.06 0.608 1 0.959 0.79 0.006 0.007 0.18 0.089 0.57 0.004 0.008 0.002 0.37 0.013 0.711 0.583 0.06 0.004 0.182 0.003 0.636 0.004 0.007 0.012 0.131
0.009 0.009 0.01 0.051 0.035 0.011 0.027 0.023 0.016 0.173 0.005 0.06 0.061 0.029 0.279 0.059 0.688 0.021 0.248 0.048 0.131 0.008 0.276 0.018 0.044 0.127 0.162 0.003 0.006 0.003 0.04 0.033 0.188 0.001 0.041 0.189 0.683 0.007 0.015 0.201 0.111 0.059 0.583 0.959 1 0.785 0.006 0.007 0.181 0.109 0.584 0.004 0.008 0.002 0.349 0.013 0.705 0.578 0.077 0.004 0.183 0.003 0.631 0.004 0.006 0.012 0.154
0 0 0 0.017 0.001 0.015 0 0.001 0.003 0.133 0.007 0.012 0.014 0.001 0.233 0.011 0.559 0.035 0.161 0.002 0.06 0.01 0.237 0.023 0.002 0.056 0.098 0.004 0.007 0.004 0.039 0.045 0.111 0.001 0.044 0.138 0.791 0.009 0.006 0.22 0.139 0.082 0.697 0.79 0.785 1 0.008 0.009 0.144 0.086 0.705 0.006 0.01 0.003 0.342 0.016 0.625 0.719 0.054 0.005 0.146 0.004 0.707 0.005 0.008 0.015 0.121
0.008 0.009 0.009 0.002 0.003 0.01 0.002 0.003 0.002 0.001 0.005 0.016 0.014 0.004 0.002 0.017 0.005 0.001 0.001 0.004 0.003 0.001 0.002 0.015 0 0.002 0 0 0.036 0.001 0.007 0.007 0 0.001 0.001 0.006 0.006 0.001 0.002 0.016 0.007 0.003 0.01 0.006 0.006 0.008 1 0.001 0.001 0.001 0.01 0.001 0.001 0.001 0.004 0.002 0.008 0.009 0.001 0 0.001 0 0.008 0 0.746 0.055 0.001
0 0 0 0.002 0.007 0.042 0.004 0.004 0.002 0.001 0.001 0.001 0.001 0.005 0.002 0 0.001 0.001 0 0.008 0 0.002 0.002 0.081 0.008 0.008 0.003 0 0.159 0.001 0.008 0.002 0.003 0.01 0 0.005 0.007 0.001 0.178 0.003 0.015 0 0.022 0.007 0.007 0.009 0.001 1 0.001 0.001 0.024 0.001 0.001 0.506 0.004 0.002 0.009 0.024 0.001 0.001 0.001 0 0.009 0.577 0.001 0.002 0.001
0.047 0.053 0.053 0.026 0.003 0.002 0.006 0.005 0.003 0.003 0.001 0.01 0.005 0.006 0.002 0.016 0.173 0.014 0.04 0.01 0.026 0.002 0.002 0.004 0.01 0.025 0.036 0.001 0.001 0.001 0.011 0.01 0.04 0.001 0.007 0.053 0.151 0.001 0.003 0.042 0.02 0 0.109 0.18 0.181 0.144 0.001 0.001 1 0 0.093 0.001 0.001 0.001 0.003 0.002 0.149 0.116 0 0.001 0.474 0.001 0.098 0.001 0.001 0.002 0
0.011 0.009 0.009 0.019 0.006 0 0.003 0.002 0.003 0.445 0.001 0.011 0.012 0.006 0.001 0.017 0.102 0.004 0.032 0.01 0.026 0.002 0.001 0.004 0.01 0.023 0.028 0.001 0.001 0.001 0.006 0.005 0.031 0.001 0.008 0.03 0.086 0.001 0.003 0.016 0.02 0.002 0.049 0.089 0.109 0.086 0.001 0.001 0 1 0.088 0.001 0.001 0.001 0.006 0.002 0.061 0.068 0.284 0.001 0 0.001 0.088 0.001 0.001 0.002 0.506
0.006 0.006 0.007 0.006 0.001 0.004 0.001 0 0 0.104 0.008 0 0.001 0.004 0.172 0.001 0.437 0.048 0.095 0.001 0.029 0.014 0.162 0.001 0.001 0.014 0.044 0.004 0.027 0.006 0.028 0.05 0.054 0.002 0.056 0.174 0.558 0.01 0.07 0.186 0.172 0.085 0.787 0.57 0.584 0.705 0.01 0.024 0.093 0.088 1 0.007 0.012 0.051 0.336 0.019 0.693 0.894 0.098 0.006 0.098 0.005 0.746 0.052 0.01 0.019 0.13
0.002 0 0 0.013 0.004 0 0.003 0.002 0.001 0.001 0.036 0 0 0.003 0.001 0 0.004 0.006 0.012 0.005 0.022 0 0.001 0.011 0.005 0.023 0.011 0.176 0 0.001 0.005 0.005 0.015 0.001 0.062 0.015 0.004 0.001 0.001 0.012 0.04 0.01 0.007 0.004 0.004 0.006 0.001 0.001 0.001 0.001 0.007 1 0.001 0 0.003 0.001 0.005 0.007 0.001 0.201 0.001 0 0.006 0 0.001 0.001 0.001
0.007 0.007 0.006 0.01 0.007 0.002 0.005 0.004 0.003 0.002 0.001 0.01 0.002 0.005 0.002 0.012 0.006 0.002 0.009 0.007 0.02 0.129 0.003 0.003 0.009 0.022 0.031 0 0.001 0 0.009 0.008 0.027 0.001 0.006 0.022 0.008 0.001 0.002 0 0.017 0.055 0.013 0.008 0.008 0.01 0.001 0.001 0.001 0.001 0.012 0.001 1 0.001 0.005 0.002 0.01 0.012 0.001 0.001 0.001 0.001 0.01 0.001 0.001 0.002 0.002
0.004 0.006 0.005 0 0.004 0.077 0.003 0.002 0.001 0 0 0.012 0.011 0.003 0.001 0.006 0 0.007 0.005 0.004 0.003 0.001 0.001 0.129 0.004 0.028 0.016 0 0.247 0.001 0.005 0 0.015 0.001 0.003 0.021 0.002 0.001 0.235 0.002 0.009 0.009 0.047 0.002 0.002 0.003 0.001 0.506 0.001 0.001 0.051 0 0.001 1 0.002 0.001 0.003 0.05 0.001 0 0 0 0.003 0.705 0.001 0.001 0.001
0.006 0.01 0.007 0.029 0.003 0.003 0.019 0.017 0.01 0.003 0.003 0.004 0.006 0 0.467 0.004 0.224 0.008 0.078 0.002 0.026 0.004 0.477 0.006 0.001 0.029 0.037 0.001 0 0.001 0.001 0.02 0.048 0.002 0.025 0.099 0.23 0.004 0.019 0.117 0.066 0.05 0.346 0.37 0.349 0.342 0.004 0.004 0.003 0.006 0.336 0.003 0.005 0.002 1 0.008 0.454 0.382 0.005 0.002 0.001 0.002 0.372 0.002 0.004 0.007 0
0.018 0.023 0.023 0.058 0.01 0.003 0.005 0.004 0.004 0.003 0.001 0.02 0.021 0.006 0.004 0.019 0.01 0.019 0.039 0.011 0.012 0.12 0.004 0.005 0.011 0.013 0.005 0.001 0.001 0.002 0.012 0.01 0.049 0.001 0.265 0.038 0.013 0.002 0.004 0.034 0.114 0.028 0.021 0.013 0.013 0.016 0.002 0.002 0.002 0.002 0.019 0.001 0.002 0.001 0.008 1 0.015 0.019 0.002 0.001 0.002 0.001 0.016 0.001 0.002 0.022 0.003
0 0 0 0.016 0.009 0 0.033 0.029 0.02 0.079 0.006 0.013 0.014 0.005 0.235 0.016 0.486 0.029 0.143 0.017 0.067 0.01 0.23 0.004 0.017 0.062 0.097 0.003 0.002 0.004 0.016 0.044 0.119 0.001 0.05 0.193 0.485 0.009 0.018 0.17 0.135 0.055 0.61 0.711 0.705 0.625 0.008 0.009 0.149 0.061 0.693 0.005 0.01 0.003 0.454 0.015 1 0.656 0.126 0.005 0.155 0.004 0.773 0.005 0.008 0.015 0.103
0.006 0.006 0.008 0.005 0 0.001 0.001 0 0 0.094 0.008 0 0.001 0.004 0.189 0.001 0.468 0.051 0.09 0.001 0.034 0.013 0.192 0 0.001 0.02 0.05 0.004 0.015 0.006 0.029 0.051 0.061 0.007 0.056 0.177 0.595 0.011 0.056 0.171 0.171 0.081 0.774 0.583 0.578 0.719 0.009 0.024 0.116 0.068 0.894 0.007 0.012 0.05 0.382 0.019 0.656 1 0.099 0.006 0.123 0.005 0.718 0.051 0.01 0.015 0.107
0.007 0.006 0.006 0.014 0.004 0 0.002 0.001 0.002 0.185 0.001 0.008 0.009 0.005 0 0.014 0.067 0.002 0.022 0.008 0.021 0.002 0 0.003 0.008 0.02 0.021 0 0.001 0.001 0.004 0.003 0.024 0.001 0.006 0.01 0.053 0.001 0.002 0.003 0.017 0.001 0.031 0.06 0.077 0.054 0.001 0.001 0 0.284 0.098 0.001 0.001 0.001 0.005 0.002 0.126 0.099 1 0.001 0.001 0.001 0.097 0.001 0.001 0.002 0.35
0 0.004 0.004 0.016 0.001 0.001 0 0 0 0.001 0 0.003 0.001 0 0.001 0.003 0.003 0.004 0.01 0.004 0.018 0 0.001 0.001 0.004 0.019 0.012 0.416 0 0 0.005 0.004 0.014 0.001 0.083 0.013 0.004 0.001 0.001 0.011 0.03 0.003 0.007 0.004 0.004 0.005 0 0.001 0.001 0.001 0.006 0.201 0.001 0 0.002 0.001 0.005 0.006 0.001 1 0.001 0 0.005 0 0.001 0.001 0.001
0.034 0.039 0.038 0.014 0.002 0 0.005 0.005 0.003 0.015 0.001 0.005 0.004 0.006 0.003 0.006 0.146 0.015 0.03 0.01 0.021 0.002 0.003 0.001 0.01 0.02 0.035 0.001 0.001 0.001 0.011 0.009 0.039 0.001 0.008 0.053 0.146 0.001 0.002 0.035 0.021 0 0.115 0.182 0.183 0.146 0.001 0.001 0.474 0 0.098 0.001 0.001 0 0.001 0.002 0.155 0.123 0.001 0.001 1 0.001 0.109 0.001 0.001 0.002 0.001
0 0.007 0.007 0.015 0.003 0.001 0.002 0.002 0.001 0.001 0 0.006 0.001 0.002 0 0.006 0.001 0.006 0.009 0.004 0.02 0.001 0 0.001 0.004 0.024 0.017 0 0 0 0.004 0.004 0.015 0 0.081 0.011 0.003 0 0.001 0.008 0.03 0.008 0.006 0.003 0.003 0.004 0 0 0.001 0.001 0.005 0 0.001 0 0.002 0.001 0.004 0.005 0.001 0 0.001 1 0.004 0 0 0.001 0.001
0.001 0.001 0.002 0.011 0.001 0 0.005 0.002 0.003 0.108 0.007 0.003 0.004 0.001 0.206 0.006 0.45 0.039 0.113 0.003 0.044 0.011 0.21 0.007 0.003 0.04 0.078 0.004 0.001 0.004 0.019 0.047 0.09 0.001 0.045 0.162 0.578 0.009 0.012 0.211 0.143 0.065 0.642 0.636 0.631 0.707 0.008 0.009 0.098 0.088 0.746 0.006 0.01 0.003 0.372 0.016 0.773 0.718 0.097 0.005 0.109 0.004 1 0.005 0.008 0.016 0.137
0.002 0.002 0.002 0 0.004 0.064 0.003 0.002 0.001 0 0 0.007 0.006 0.003 0.001 0.004 0 0.007 0.005 0.004 0.001 0.001 0.001 0.124 0.004 0.027 0.019 0 0.254 0.001 0.005 0 0.018 0.001 0.003 0.022 0.004 0.001 0.269 0.005 0.009 0.009 0.049 0.004 0.004 0.005 0 0.577 0.001 0.001 0.052 0 0.001 0.705 0.002 0.001 0.005 0.051 0.001 0 0.001 0 0.005 1 0.001 0.001 0.001
0.011 0.013 0.013 0.003 0.002 0.021 0.002 0.004 0.002 0.001 0.005 0.02 0.018 0.005 0.002 0.022 0.005 0 0.001 0.004 0.004 0.001 0.002 0.025 0 0.001 0 0 0.034 0.001 0.008 0.007 0 0.001 0.001 0.007 0.007 0.001 0.002 0.017 0.008 0.002 0.011 0.007 0.006 0.008 0.746 0.001 0.001 0.001 0.01 0.001 0.001 0.001 0.004 0.002 0.008 0.01 0.001 0.001 0.001 0 0.008 0.001 1 0.031 0.001
0.007 0.005 0.005 0.002 0.006 0.001 0.008 0.007 0.004 0.003 0.001 0.001 0.002 0.009 0.004 0.002 0.007 0.006 0.001 0.007 0 0.003 0.004 0.001 0.013 0.002 0.005 0.001 0 0.002 0.004 0.01 0.007 0.008 0.004 0.028 0.013 0 0.004 0.029 0.001 0.026 0.02 0.012 0.012 0.015 0.055 0.002 0.002 0.002 0.019 0.001 0.002 0.001 0.007 0.022 0.015 0.015 0.002 0.001 0.002 0.001 0.016 0.001 0.031 1 0.002
0.011 0.009 0.009 0.02 0.007 0 0.003 0.003 0.003 0.32 0.001 0.013 0.014 0.007 0.001 0.018 0.112 0.001 0.049 0.011 0.029 0.002 0.001 0.004 0.011 0.027 0.032 0.001 0.001 0.001 0.007 0.006 0.036 0.001 0.008 0.019 0.088 0.001 0.003 0.022 0.022 0.01 0.076 0.131 0.154 0.121 0.001 0.001 0 0.506 0.13 0.001 0.002 0.001 0 0.003 0.103 0.107 0.35 0.001 0.001 0.001 0.137 0.001 0.001 0.002 1
