1 0.857 0.854 0.563 0.375 0.107 0.253 0.23 0.13 0.018 0.035 0.553 0.567 0.185 0.046 0.54 0.002 0.152 0.119 0.335 0.335 0.008 0.045 0.148 0.275 0.311 0.191 0.001 0.06 0.011 0.057 0.043 0.182 0.034 0.004 0.094 0 0.007 0.085 0.023 0.025 0.109 0.019 0.007 0.006 0.001 0.021 0.025 0.041 0.011 0.018 0.001 0.005 0.032 0.028 0.004 0 0.012 0 0.003 0.032 0.002 0 0.029 0.018 0.001 0.003
0.857 1 0.964 0.511 0.411 0.131 0.289 0.263 0.149 0.016 0.04 0.634 0.641 0.201 0.041 0.612 0 0.141 0.101 0.371 0.316 0.024 0.039 0.178 0.308 0.284 0.167 0.002 0.069 0.009 0.062 0.053 0.137 0.029 0.033 0.119 0.001 0.012 0.083 0.031 0.007 0.086 0.025 0.004 0.003 0 0.026 0.03 0.049 0.009 0.025 0.004 0.005 0.037 0.027 0.03 0 0.021 0 0.006 0.038 0.009 0 0.034 0.029 0 0.002
0.854 0.964 1 0.515 0.424 0.13 0.283 0.258 0.146 0.016 0.039 0.642 0.648 0.211 0.041 0.624 0 0.134 0.098 0.383 0.336 0.024 0.04 0.177 0.315 0.301 0.179 0.002 0.07 0.012 0.067 0.05 0.147 0.03 0.029 0.121 0 0.012 0.098 0.032 0.008 0.089 0.028 0.005 0.003 0 0.026 0.029 0.048 0.01 0.027 0.004 0.004 0.037 0.022 0.03 0.001 0.021 0 0.006 0.038 0.009 0.001 0.033 0.028 0 0.002
0.563 0.511 0.515 1 0.254 0.058 0.156 0.142 0.081 0.029 0.022 0.373 0.378 0.123 0.075 0.345 0.015 0.274 0.269 0.214 0.572 0 0.061 0.084 0.17 0.551 0.344 0.014 0.034 0.024 0.013 0.008 0.393 0.054 0.157 0.008 0.013 0.022 0.052 0.002 0.19 0.194 0 0.037 0.039 0.022 0.013 0.012 0.024 0.016 0 0.011 0.01 0.017 0.046 0.057 0.013 0 0.003 0.008 0.012 0.015 0.013 0.016 0.013 0.003 0.009
0.375 0.411 0.424 0.254 1 0.019 0.547 0.529 0.291 0.007 0.005 0.536 0.529 0.488 0.019 0.519 0.045 0.078 0.151 0.806 0.303 0.011 0.021 0.017 0.69 0.28 0.207 0.002 0.009 0.005 0.216 0.173 0.185 0.014 0.029 0.034 0.014 0.006 0 0.056 0.06 0.041 0.012 0.044 0.042 0.012 0.002 0.004 0.005 0.006 0.013 0.003 0.004 0.004 0.018 0.014 0.031 0.012 0.005 0.003 0.003 0.004 0.012 0.004 0.001 0 0.006
0.107 0.131 0.13 0.058 0.019 1 0.011 0.01 0.006 0.002 0.002 0.139 0.152 0.012 0.006 0.144 0.015 0.012 0.032 0.02 0.081 0.003 0.006 0.633 0.02 0.063 0.032 0.001 0.46 0.002 0.019 0.017 0.023 0.001 0.014 0.037 0.014 0.002 0.4 0.03 0.036 0.013 0.044 0.013 0.012 0.016 0.046 0.207 0.004 0 0.043 0.001 0.001 0.227 0.005 0.004 0 0.032 0 0.002 0 0.001 0 0.23 0.068 0.001 0.001
0.253 0.289 0.283 0.156 0.547 0.011 1 0.908 0.515 0.005 0.003 0.335 0.323 0.69 0.012 0.327 0.026 0.047 0.091 0.538 0.2 0.007 0.013 0.008 0.524 0.206 0.152 0.001 0.006 0.002 0.349 0.354 0.141 0.009 0.024 0.081 0.004 0.003 0.007 0.147 0.16 0.056 0.01 0.033 0.032 0.003 0.004 0.004 0.007 0.003 0.008 0.002 0.003 0.004 0.02 0.009 0.042 0.009 0.003 0.002 0.007 0.003 0.012 0.002 0.005 0.005 0.003
0.23 0.263 0.258 0.142 0.529 0.01 0.908 1 0.567 0.004 0.003 0.304 0.293 0.645 0.011 0.296 0.024 0.043 0.082 0.486 0.181 0.006 0.011 0.007 0.474 0.186 0.137 0.001 0.005 0.002 0.299 0.301 0.127 0.008 0.021 0.068 0.003 0.003 0.006 0.128 0.135 0.053 0.007 0.03 0.029 0.002 0.004 0.003 0.006 0.002 0.006 0.001 0.003 0.004 0.018 0.008 0.038 0.006 0.002 0.001 0.006 0.002 0.009 0.001 0.004 0.005 0.003
0.13 0.149 0.146 0.081 0.291 0.006 0.515 0.567 1 0.002 0.002 0.176 0.17 0.468 0.006 0.172 0.014 0.025 0.049 0.283 0.108 0.004 0.007 0.002 0.279 0.116 0.085 0 0.003 0.002 0.165 0.156 0.081 0.004 0.01 0.035 0.001 0.002 0.003 0.081 0.074 0.041 0.001 0.018 0.018 0 0.002 0.001 0.004 0.002 0.002 0.001 0.002 0.002 0.01 0.005 0.023 0.002 0.002 0 0.004 0.001 0.006 0 0.003 0.004 0.002
0.018 0.016 0.016 0.029 0.007 0.002 0.005 0.004 0.002 1 0.001 0.009 0.009 0.005 0.002 0.009 0.138 0.01 0.041 0.008 0.022 0.001 0.003 0.003 0.007 0.02 0.026 0 0.001 0.001 0.008 0.007 0.029 0.002 0.006 0.037 0.087 0.001 0.002 0.035 0.014 0.008 0.069 0.109 0.097 0.083 0.001 0.001 0 0.365 0.069 0 0.001 0.001 0.001 0.001 0.057 0.053 0.075 0.001 0.002 0.001 0.074 0.001 0.001 0.001 0.274
0.035 0.04 0.039 0.022 0.005 0.002 0.003 0.003 0.002 0.001 1 0.047 0.045 0.003 0.002 0.046 0.004 0.007 0.013 0.006 0.028 0.001 0.002 0.201 0.006 0.03 0.023 0.004 0.001 0 0.005 0.005 0.021 0.001 0.11 0.017 0.005 0 0.001 0.013 0.035 0.009 0.008 0.005 0.005 0.006 0.011 0.001 0.001 0.001 0.007 0.001 0 0.001 0.003 0.001 0.006 0.006 0.001 0.001 0.001 0 0.006 0.001 0.009 0.009 0.001
0.553 0.634 0.642 0.373 0.536 0.139 0.335 0.304 0.176 0.009 0.047 1 0.937 0.296 0.027 0.834 0.071 0.12 0.233 0.51 0.49 0.015 0.029 0.197 0.419 0.444 0.313 0.001 0.068 0.01 0.107 0.085 0.283 0.025 0.012 0.051 0.042 0.009 0.103 0.009 0.036 0.083 0.001 0.077 0.077 0.041 0.04 0.027 0.016 0.01 0 0.003 0.003 0.041 0.022 0.02 0.033 0.002 0.008 0.005 0.006 0.008 0.019 0.027 0.043 0 0.012
0.567 0.641 0.648 0.378 0.529 0.152 0.323 0.293 0.17 0.009 0.045 0.937 1 0.284 0.028 0.835 0.074 0.122 0.239 0.492 0.487 0.013 0.031 0.208 0.412 0.436 0.309 0.002 0.083 0.01 0.104 0.082 0.281 0.026 0.013 0.055 0.041 0.007 0.116 0.007 0.033 0.082 0 0.075 0.075 0.04 0.038 0.038 0.012 0.01 0 0.001 0.002 0.056 0.024 0.025 0.033 0.001 0.008 0.003 0.004 0.006 0.019 0.041 0.041 0 0.013
0.185 0.201 0.211 0.123 0.488 0.012 0.69 0.645 0.468 0.005 0.003 0.296 0.284 1 0.013 0.367 0.031 0.052 0.104 0.548 0.226 0.008 0.014 0.01 0.535 0.176 0.125 0.001 0.006 0.018 0.276 0.216 0.115 0.009 0.014 0.079 0 0.004 0.001 0.144 0.101 0.049 0 0.014 0.013 0 0.005 0.004 0.008 0.005 0 0.002 0.003 0.005 0 0.01 0.007 0 0.005 0.002 0.007 0.003 0 0.002 0.005 0.006 0.005
0.046 0.041 0.041 0.075 0.019 0.006 0.012 0.011 0.006 0.002 0.002 0.027 0.028 0.013 1 0.035 0.404 0.025 0.124 0.021 0.056 0.004 0.902 0.008 0.021 0.049 0.056 0.001 0.003 0.002 0.02 0.018 0.071 0.004 0.012 0.087 0.287 0.002 0.005 0.053 0.035 0.028 0.191 0.267 0.251 0.253 0.002 0.003 0.004 0 0.129 0.001 0.002 0.002 0.52 0.005 0.241 0.195 0 0.002 0.004 0 0.234 0.002 0.003 0.004 0.001
0.54 0.612 0.624 0.345 0.519 0.144 0.327 0.296 0.172 0.009 0.046 0.834 0.835 0.367 0.035 1 0.079 0.129 0.255 0.591 0.552 0.021 0.037 0.203 0.502 0.43 0.286 0.001 0.075 0.002 0.094 0.073 0.248 0.02 0.016 0.061 0.024 0.01 0.11 0.013 0.025 0.087 0 0.053 0.052 0.025 0.039 0.033 0.018 0.014 0 0.003 0.007 0.049 0.009 0.026 0.022 0 0.012 0.005 0.006 0.008 0.012 0.041 0.041 0 0.017
0.002 0 0 0.015 0.045 0.015 0.026 0.024 0.014 0.138 0.004 0.071 0.074 0.031 0.404 0.079 1 0.056 0.295 0.051 0.138 0.009 0.427 0.02 0.05 0.124 0.152 0.003 0.007 0.006 0.048 0.044 0.179 0.011 0.034 0.217 0.676 0.004 0.011 0.142 0.087 0.039 0.472 0.667 0.605 0.575 0.005 0.007 0.141 0.059 0.38 0.002 0.004 0.005 0.3 0.011 0.555 0.451 0.05 0.004 0.096 0.002 0.505 0.004 0.006 0.005 0.102
0.152 0.141 0.134 0.274 0.078 0.012 0.047 0.043 0.025 0.01 0.007 0.12 0.122 0.052 0.025 0.129 0.056 1 0.395 0.085 0.2 0.015 0.026 0.032 0.057 0.165 0.029 0.004 0.012 0.015 0.024 0.027 0.04 0.116 0.039 0.03 0.068 0.071 0.018 0.02 0.012 0.162 0.079 0.04 0.031 0.043 0.002 0.001 0.015 0.001 0.06 0.003 0 0.009 0.021 0.016 0.045 0.068 0.001 0.002 0.014 0.006 0.048 0.007 0.001 0.013 0.002
0.119 0.101 0.098 0.269 0.151 0.032 0.091 0.082 0.049 0.041 0.013 0.233 0.239 0.104 0.124 0.255 0.295 0.395 1 0.168 0.415 0.029 0.134 0.064 0.131 0.353 0.169 0.008 0.023 0.003 0 0 0.213 0.047 0.089 0.058 0.176 0.036 0.036 0.038 0.088 0.023 0.092 0.22 0.211 0.176 0.007 0.007 0.034 0.027 0.079 0.007 0.003 0.017 0.093 0.034 0.164 0.082 0.023 0.006 0.019 0.008 0.139 0.014 0.006 0.001 0.045
0.335 0.371 0.383 0.214 0.806 0.02 0.538 0.486 0.283 0.008 0.006 0.51 0.492 0.548 0.021 0.591 0.051 0.085 0.168 1 0.347 0.012 0.022 0.019 0.856 0.265 0.188 0.004 0.01 0.007 0.221 0.18 0.17 0.015 0.047 0.046 0.007 0.006 0 0.081 0.048 0.059 0.006 0.03 0.029 0.006 0.003 0.005 0.01 0.008 0.006 0.003 0.004 0.002 0.002 0.016 0.021 0.007 0.007 0.005 0.009 0.005 0.006 0.004 0.001 0.001 0.009
0.335 0.316 0.336 0.572 0.303 0.081 0.2 0.181 0.108 0.022 0.028 0.49 0.487 0.226 0.056 0.552 0.138 0.2 0.415 0.347 1 0.033 0.06 0.132 0.318 0.82 0.584 0.01 0.051 0 0.037 0.026 0.517 0.034 0.123 0.001 0.075 0.016 0.072 0.003 0.207 0.181 0.016 0.118 0.113 0.073 0.014 0.02 0.034 0.02 0.014 0.007 0.012 0.035 0.032 0.009 0.075 0.02 0.017 0.007 0.02 0.021 0.057 0.024 0.014 0 0.028
0.008 0.024 0.024 0 0.011 0.003 0.007 0.006 0.004 0.001 0.001 0.015 0.013 0.008 0.004 0.021 0.009 0.015 0.029 0.012 0.033 1 0.004 0.005 0.012 0.031 0.035 0.004 0.002 0.001 0.008 0.008 0.006 0.003 0.046 0.033 0.012 0.001 0.003 0.001 0.011 0.004 0.011 0.005 0.005 0.007 0.001 0.002 0.002 0.001 0.01 0.005 0.124 0.001 0.002 0.151 0.008 0.011 0.001 0.001 0.002 0.001 0.008 0.001 0.002 0.002 0.002
0.045 0.039 0.04 0.061 0.021 0.006 0.013 0.011 0.007 0.003 0.002 0.029 0.031 0.014 0.902 0.037 0.427 0.026 0.134 0.022 0.06 0.004 1 0.009 0.023 0.053 0.06 0.001 0.003 0.003 0.021 0.019 0.077 0.005 0.013 0.097 0.315 0.002 0.005 0.05 0.037 0.033 0.21 0.296 0.247 0.278 0.002 0.003 0.004 0 0.124 0.001 0.002 0.002 0.572 0.005 0.262 0.215 0 0.002 0.004 0 0.258 0.002 0.003 0.004 0.001
0.148 0.178 0.177 0.084 0.017 0.633 0.008 0.007 0.002 0.003 0.201 0.197 0.208 0.01 0.008 0.203 0.02 0.032 0.064 0.019 0.132 0.005 0.009 1 0.019 0.115 0.074 0 0.374 0.003 0.017 0.014 0.061 0.006 0.003 0.022 0.02 0.002 0.348 0.033 0.003 0.035 0.027 0.018 0.018 0.023 0.058 0.2 0.005 0.003 0.023 0 0.002 0.211 0.008 0.006 0.001 0.018 0.003 0 0 0.002 0.004 0.211 0.076 0 0.003
0.275 0.308 0.315 0.17 0.69 0.02 0.524 0.474 0.279 0.007 0.006 0.419 0.412 0.535 0.021 0.502 0.05 0.057 0.131 0.856 0.318 0.012 0.023 0.019 1 0.31 0.236 0.004 0.01 0.007 0.29 0.245 0.215 0.015 0.047 0.064 0.008 0.006 0 0.107 0.07 0.075 0.008 0.033 0.031 0.007 0.006 0.005 0.013 0.008 0.006 0.003 0.005 0.002 0.002 0.016 0.024 0.008 0.007 0.006 0.012 0.005 0.008 0.004 0.007 0.012 0.009
0.311 0.284 0.301 0.551 0.28 0.063 0.206 0.186 0.116 0.02 0.03 0.444 0.436 0.176 0.049 0.43 0.124 0.165 0.353 0.265 0.82 0.031 0.053 0.115 0.31 1 0.726 0.011 0.058 0.016 0.065 0.053 0.652 0.038 0.14 0.005 0.098 0.015 0.089 0.001 0.276 0.211 0.021 0.148 0.143 0.094 0.002 0.029 0.032 0.016 0.018 0.008 0.013 0.043 0.055 0.011 0.092 0.025 0.016 0.008 0.018 0.027 0.072 0.036 0 0.008 0.023
0.191 0.167 0.179 0.344 0.207 0.032 0.152 0.137 0.085 0.026 0.023 0.313 0.309 0.125 0.056 0.286 0.152 0.029 0.169 0.188 0.584 0.035 0.06 0.074 0.236 0.726 1 0.008 0.042 0.022 0.277 0.263 0.868 0.049 0.095 0.039 0.137 0.026 0.069 0.002 0.396 0.174 0.048 0.188 0.169 0.124 0 0.021 0.041 0.014 0.037 0.005 0.017 0.024 0.065 0.005 0.124 0.048 0.013 0.005 0.033 0.021 0.103 0.029 0 0.011 0.024
0.001 0.002 0.002 0.014 0.002 0.001 0.001 0.001 0 0 0.004 0.001 0.002 0.001 0.001 0.001 0.003 0.004 0.008 0.004 0.01 0.004 0.001 0 0.004 0.011 0.008 1 0.001 0 0.003 0.003 0.014 0.001 0.071 0.011 0.003 0 0.001 0.008 0.028 0.007 0.005 0.003 0.003 0.004 0 0.001 0.001 0 0.005 0.24 0 0 0.002 0.001 0.004 0.005 0 0.49 0.001 0 0.004 0 0 0.001 0.001
0.06 0.069 0.07 0.034 0.009 0.46 0.006 0.005 0.003 0.001 0.001 0.068 0.083 0.006 0.003 0.075 0.007 0.012 0.023 0.01 0.051 0.002 0.003 0.374 0.01 0.058 0.042 0.001 1 0.001 0.01 0.009 0.04 0.002 0.007 0.047 0.01 0.001 0.307 0.018 0.018 0.021 0.036 0.009 0.009 0.011 0.102 0.183 0.002 0.001 0.036 0 0.001 0.145 0.001 0.002 0 0.031 0.001 0.001 0.002 0.001 0 0.25 0.084 0 0.002
0.011 0.009 0.012 0.024 0.005 0.002 0.002 0.002 0.002 0.001 0 0.01 0.01 0.018 0.002 0.002 0.006 0.015 0.003 0.007 0 0.001 0.003 0.003 0.007 0.016 0.022 0 0.001 1 0.008 0.007 0.025 0.002 0.006 0 0.008 0.001 0.002 0 0.015 0.011 0.003 0.006 0.007 0.006 0.001 0.001 0.001 0.001 0.003 0 0 0.001 0.018 0.002 0.003 0.003 0.001 0.006 0.001 0.001 0.005 0.001 0.001 0.001 0.001
0.057 0.062 0.067 0.013 0.216 0.019 0.349 0.299 0.165 0.008 0.005 0.107 0.104 0.276 0.02 0.094 0.048 0.024 0 0.221 0.037 0.008 0.021 0.017 0.29 0.065 0.277 0.003 0.01 0.008 1 0.909 0.251 0.014 0.045 0.261 0.059 0.091 0 0.204 0.304 0.023 0.06 0.055 0.045 0.057 0.007 0.007 0.012 0.002 0.047 0.003 0.005 0.007 0.016 0.015 0.038 0.054 0.002 0.005 0.011 0.004 0.039 0.004 0.008 0.005 0.003
0.043 0.053 0.05 0.008 0.173 0.017 0.354 0.301 0.156 0.007 0.005 0.085 0.082 0.216 0.018 0.073 0.044 0.027 0 0.18 0.026 0.008 0.019 0.014 0.245 0.053 0.263 0.003 0.009 0.007 0.909 1 0.238 0.013 0.042 0.246 0.054 0.099 0.01 0.182 0.326 0.019 0.077 0.05 0.04 0.053 0.006 0.005 0.011 0.001 0.063 0.002 0.004 0.005 0.027 0.013 0.055 0.066 0.001 0.005 0.011 0.004 0.057 0.002 0.008 0.007 0.003
0.182 0.137 0.147 0.393 0.185 0.023 0.141 0.127 0.081 0.029 0.021 0.283 0.281 0.115 0.071 0.248 0.179 0.04 0.213 0.17 0.517 0.006 0.077 0.061 0.215 0.652 0.868 0.014 0.04 0.025 0.251 0.238 1 0.054 0.174 0.021 0.161 0.023 0.062 0 0.48 0.202 0.066 0.219 0.199 0.149 0 0.018 0.046 0.016 0.053 0.011 0.004 0.022 0.082 0.057 0.152 0.067 0.014 0.008 0.037 0.019 0.127 0.025 0 0.013 0.027
0.034 0.029 0.03 0.054 0.014 0.001 0.009 0.008 0.004 0.002 0.001 0.025 0.026 0.009 0.004 0.02 0.011 0.116 0.047 0.015 0.034 0.003 0.005 0.006 0.015 0.038 0.049 0.001 0.002 0.002 0.014 0.013 0.054 1 0.003 0.034 0.009 0.001 0.003 0.01 0.026 0.044 0.008 0.003 0.002 0.003 0.002 0.002 0.003 0.002 0.007 0.001 0.001 0.002 0.003 0.002 0.004 0.014 0.002 0.001 0.003 0.001 0.005 0.001 0.002 0.023 0.002
0.004 0.033 0.029 0.157 0.029 0.014 0.024 0.021 0.01 0.006 0.11 0.012 0.013 0.014 0.012 0.016 0.034 0.039 0.089 0.047 0.123 0.046 0.013 0.003 0.047 0.14 0.095 0.071 0.007 0.006 0.045 0.042 0.174 0.003 1 0.151 0.045 0.004 0.011 0.095 0.344 0.058 0.068 0.044 0.043 0.052 0 0.001 0.009 0.006 0.065 0.038 0.004 0.005 0.025 0.304 0.055 0.065 0.005 0.066 0.009 0.096 0.055 0.005 0.001 0 0.008
0.094 0.119 0.121 0.008 0.034 0.037 0.081 0.068 0.035 0.037 0.017 0.051 0.055 0.079 0.087 0.061 0.217 0.03 0.058 0.046 0.001 0.033 0.097 0.022 0.064 0.005 0.039 0.011 0.047 0 0.261 0.246 0.021 0.034 0.151 1 0.224 0.028 0.073 0.412 0.011 0.138 0.299 0.235 0.212 0.164 0 0.023 0.059 0.016 0.232 0.009 0.013 0.028 0.118 0.046 0.248 0.248 0.01 0.017 0.058 0.014 0.206 0.03 0.002 0.026 0.023
0 0.001 0 0.013 0.014 0.014 0.004 0.003 0.001 0.087 0.005 0.042 0.041 0 0.287 0.024 0.676 0.068 0.176 0.007 0.075 0.012 0.315 0.02 0.008 0.098 0.137 0.003 0.01 0.008 0.059 0.054 0.161 0.009 0.045 0.224 1 0.006 0.015 0.204 0.122 0.072 0.654 0.768 0.721 0.828 0.007 0.01 0.178 0.057 0.535 0.003 0.005 0.003 0.33 0.015 0.629 0.611 0.045 0.005 0.154 0.005 0.679 0.006 0.008 0.012 0.085
0.007 0.012 0.012 0.022 0.006 0.002 0.003 0.003 0.002 0.001 0 0.009 0.007 0.004 0.002 0.01 0.004 0.071 0.036 0.006 0.016 0.001 0.002 0.002 0.006 0.015 0.026 0 0.001 0.001 0.091 0.099 0.023 0.001 0.004 0.028 0.006 1 0.001 0 0.004 0.031 0.009 0.005 0.005 0.007 0.001 0.001 0.001 0 0.007 0 0 0.001 0.003 0.001 0.007 0.009 0.001 0 0.001 0 0.007 0.001 0.001 0 0.001
0.085 0.083 0.098 0.052 0 0.4 0.007 0.006 0.003 0.002 0.001 0.103 0.116 0.001 0.005 0.11 0.011 0.018 0.036 0 0.072 0.003 0.005 0.348 0 0.089 0.069 0.001 0.307 0.002 0 0.01 0.062 0.003 0.011 0.073 0.015 0.001 1 0.004 0.028 0.032 0.157 0.014 0.014 0.016 0.002 0.435 0.003 0.002 0.142 0.001 0.001 0.347 0.001 0.004 0.011 0.112 0.002 0.001 0 0.001 0.006 0.413 0.002 0.003 0.003
0.023 0.031 0.032 0.002 0.056 0.03 0.147 0.128 0.081 0.035 0.013 0.009 0.007 0.144 0.053 0.013 0.142 0.02 0.038 0.081 0.003 0.001 0.05 0.033 0.107 0.001 0.002 0.008 0.018 0 0.204 0.182 0 0.01 0.095 0.412 0.204 0 0.004 1 0.019 0.088 0.167 0.213 0.237 0.218 0.018 0.005 0.054 0.02 0.175 0.007 0 0.004 0.094 0.037 0.174 0.138 0.014 0.008 0.029 0.007 0.199 0.013 0.021 0.028 0.034
0.025 0.007 0.008 0.19 0.06 0.036 0.16 0.135 0.074 0.014 0.035 0.036 0.033 0.101 0.035 0.025 0.087 0.012 0.088 0.048 0.207 0.011 0.037 0.003 0.07 0.276 0.396 0.028 0.018 0.015 0.304 0.326 0.48 0.026 0.344 0.011 0.122 0.004 0.028 0.019 1 0.121 0.182 0.113 0.11 0.138 0.005 0.018 0.023 0.014 0.172 0.023 0.009 0.014 0.065 0.123 0.142 0.178 0.014 0.022 0.023 0.037 0.145 0.012 0.008 0.004 0.018
0.109 0.086 0.089 0.194 0.041 0.013 0.056 0.053 0.041 0.008 0.009 0.083 0.082 0.049 0.028 0.087 0.039 0.162 0.023 0.059 0.181 0.004 0.033 0.035 0.075 0.211 0.174 0.007 0.021 0.011 0.023 0.019 0.202 0.044 0.058 0.138 0.072 0.031 0.032 0.088 0.121 1 0.129 0.063 0.06 0.082 0 0.006 0.001 0.004 0.11 0.006 0.026 0.015 0.049 0.031 0.073 0.104 0.005 0.003 0.005 0.01 0.089 0.013 0 0.026 0.012
0.019 0.025 0.028 0 0.012 0.044 0.01 0.007 0.001 0.069 0.008 0.001 0 0 0.191 0 0.472 0.079 0.092 0.006 0.016 0.011 0.21 0.027 0.008 0.021 0.048 0.005 0.036 0.003 0.06 0.077 0.066 0.008 0.068 0.299 0.654 0.009 0.157 0.167 0.182 0.129 1 0.623 0.578 0.674 0.011 0.06 0.125 0.035 0.834 0.004 0.007 0.063 0.331 0.022 0.678 0.845 0.031 0.008 0.126 0.007 0.705 0.065 0.013 0.018 0.066
0.007 0.004 0.005 0.037 0.044 0.013 0.033 0.03 0.018 0.109 0.005 0.077 0.075 0.014 0.267 0.053 0.667 0.04 0.22 0.03 0.118 0.005 0.296 0.018 0.033 0.148 0.188 0.003 0.009 0.006 0.055 0.05 0.219 0.003 0.044 0.235 0.768 0.005 0.014 0.213 0.113 0.063 0.623 1 0.883 0.814 0.007 0.009 0.201 0.062 0.502 0.003 0.005 0.002 0.4 0.014 0.747 0.55 0.056 0.005 0.178 0.004 0.684 0.006 0.008 0.011 0.113
0.006 0.003 0.003 0.039 0.042 0.012 0.032 0.029 0.018 0.097 0.005 0.077 0.075 0.013 0.251 0.052 0.605 0.031 0.211 0.029 0.113 0.005 0.247 0.018 0.031 0.143 0.169 0.003 0.009 0.007 0.045 0.04 0.199 0.002 0.043 0.212 0.721 0.005 0.014 0.237 0.11 0.06 0.578 0.883 1 0.788 0.006 0.009 0.207 0.088 0.566 0.003 0.005 0.002 0.34 0.014 0.722 0.531 0.081 0.005 0.184 0.004 0.66 0.006 0.008 0.011 0.143
0.001 0 0 0.022 0.012 0.016 0.003 0.002 0 0.083 0.006 0.041 0.04 0 0.253 0.025 0.575 0.043 0.176 0.006 0.073 0.007 0.278 0.023 0.007 0.094 0.124 0.004 0.011 0.006 0.057 0.053 0.149 0.003 0.052 0.164 0.828 0.007 0.016 0.218 0.138 0.082 0.674 0.814 0.788 1 0.008 0.011 0.165 0.074 0.594 0.003 0.006 0.004 0.362 0.017 0.665 0.64 0.063 0.006 0.146 0.005 0.733 0.007 0.01 0.013 0.112
0.021 0.026 0.026 0.013 0.002 0.046 0.004 0.004 0.002 0.001 0.011 0.04 0.038 0.005 0.002 0.039 0.005 0.002 0.007 0.003 0.014 0.001 0.002 0.058 0.006 0.002 0 0 0.102 0.001 0.007 0.006 0 0.002 0 0 0.007 0.001 0.002 0.018 0.005 0 0.011 0.007 0.006 0.008 1 0.001 0.001 0.001 0.01 0 0.001 0.001 0.004 0.002 0.008 0.01 0.001 0 0.001 0 0.009 0.001 0.8 0.099 0.001
0.025 0.03 0.029 0.012 0.004 0.207 0.004 0.003 0.001 0.001 0.001 0.027 0.038 0.004 0.003 0.033 0.007 0.001 0.007 0.005 0.02 0.002 0.003 0.2 0.005 0.029 0.021 0.001 0.183 0.001 0.007 0.005 0.018 0.002 0.001 0.023 0.01 0.001 0.435 0.005 0.018 0.006 0.06 0.009 0.009 0.011 0.001 1 0.002 0.001 0.064 0 0.001 0.544 0.005 0.002 0.011 0.051 0.001 0.001 0.002 0.001 0.012 0.644 0.001 0.002 0.002
0.041 0.049 0.048 0.024 0.005 0.004 0.007 0.006 0.004 0 0.001 0.016 0.012 0.008 0.004 0.018 0.141 0.015 0.034 0.01 0.034 0.002 0.004 0.005 0.013 0.032 0.041 0.001 0.002 0.001 0.012 0.011 0.046 0.003 0.009 0.059 0.178 0.001 0.003 0.054 0.023 0.001 0.125 0.201 0.207 0.165 0.001 0.002 1 0 0.107 0.001 0.001 0.001 0.001 0.003 0.16 0.113 0 0.001 0.489 0.001 0.102 0.001 0.002 0.002 0.001
0.011 0.009 0.01 0.016 0.006 0 0.003 0.002 0.002 0.365 0.001 0.01 0.01 0.005 0 0.014 0.059 0.001 0.027 0.008 0.02 0.001 0 0.003 0.008 0.016 0.014 0 0.001 0.001 0.002 0.001 0.016 0.002 0.006 0.016 0.057 0 0.002 0.02 0.014 0.004 0.035 0.062 0.088 0.074 0.001 0.001 0 1 0.074 0 0.001 0.001 0.004 0.002 0.063 0.049 0.226 0.001 0 0.001 0.075 0.001 0.001 0.001 0.553
0.018 0.025 0.027 0 0.013 0.043 0.008 0.006 0.002 0.069 0.007 0 0 0 0.129 0 0.38 0.06 0.079 0.006 0.014 0.01 0.124 0.023 0.006 0.018 0.037 0.005 0.036 0.003 0.047 0.063 0.053 0.007 0.065 0.232 0.535 0.007 0.142 0.175 0.172 0.11 0.834 0.502 0.566 0.594 0.01 0.064 0.107 0.074 1 0.004 0.007 0.066 0.249 0.021 0.645 0.832 0.081 0.007 0.108 0.006 0.678 0.069 0.012 0.017 0.114
0.001 0.004 0.004 0.011 0.003 0.001 0.002 0.001 0.001 0 0.001 0.003 0.001 0.002 0.001 0.003 0.002 0.003 0.007 0.003 0.007 0.005 0.001 0 0.003 0.008 0.005 0.24 0 0 0.003 0.002 0.011 0.001 0.038 0.009 0.003 0 0.001 0.007 0.023 0.006 0.004 0.003 0.003 0.003 0 0 0.001 0 0.004 1 0 0 0.001 0.001 0.003 0.004 0 0.232 0.001 0 0.003 0 0 0.001 0
0.005 0.005 0.004 0.01 0.004 0.001 0.003 0.003 0.002 0.001 0 0.003 0.002 0.003 0.002 0.007 0.004 0 0.003 0.004 0.012 0.124 0.002 0.002 0.005 0.013 0.017 0 0.001 0 0.005 0.004 0.004 0.001 0.004 0.013 0.005 0 0.001 0 0.009 0.026 0.007 0.005 0.005 0.006 0.001 0.001 0.001 0.001 0.007 0 1 0.001 0.003 0.001 0.006 0.007 0.001 0.001 0.001 0 0.006 0 0.001 0.001 0.001
0.032 0.037 0.037 0.017 0.004 0.227 0.004 0.004 0.002 0.001 0.001 0.041 0.056 0.005 0.002 0.049 0.005 0.009 0.017 0.002 0.035 0.001 0.002 0.211 0.002 0.043 0.024 0 0.145 0.001 0.007 0.005 0.022 0.002 0.005 0.028 0.003 0.001 0.347 0.004 0.014 0.015 0.063 0.002 0.002 0.004 0.001 0.544 0.001 0.001 0.066 0 0.001 1 0.001 0.002 0.004 0.053 0.001 0.001 0.001 0.001 0.004 0.432 0.001 0.001 0.001
0.028 0.027 0.022 0.046 0.018 0.005 0.02 0.018 0.01 0.001 0.003 0.022 0.024 0 0.52 0.009 0.3 0.021 0.093 0.002 0.032 0.002 0.572 0.008 0.002 0.055 0.065 0.002 0.001 0.018 0.016 0.027 0.082 0.003 0.025 0.118 0.33 0.003 0.001 0.094 0.065 0.049 0.331 0.4 0.34 0.362 0.004 0.005 0.001 0.004 0.249 0.001 0.003 0.001 1 0.008 0.426 0.339 0.004 0.003 0.003 0.002 0.395 0.003 0.004 0.006 0.001
0.004 0.03 0.03 0.057 0.014 0.004 0.009 0.008 0.005 0.001 0.001 0.02 0.025 0.01 0.005 0.026 0.011 0.016 0.034 0.016 0.009 0.151 0.005 0.006 0.016 0.011 0.005 0.001 0.002 0.002 0.015 0.013 0.057 0.002 0.304 0.046 0.015 0.001 0.004 0.037 0.123 0.031 0.022 0.014 0.014 0.017 0.002 0.002 0.003 0.002 0.021 0.001 0.001 0.002 0.008 1 0.018 0.022 0.002 0.001 0.003 0.001 0.018 0.001 0.002 0 0.003
0 0 0.001 0.013 0.031 0 0.042 0.038 0.023 0.057 0.006 0.033 0.033 0.007 0.241 0.022 0.555 0.045 0.164 0.021 0.075 0.008 0.262 0.001 0.024 0.092 0.124 0.004 0 0.003 0.038 0.055 0.152 0.004 0.055 0.248 0.629 0.007 0.011 0.174 0.142 0.073 0.678 0.747 0.722 0.665 0.008 0.011 0.16 0.063 0.645 0.003 0.006 0.004 0.426 0.018 1 0.668 0.098 0.006 0.162 0.005 0.824 0.007 0.01 0.014 0.108
0.012 0.021 0.021 0 0.012 0.032 0.009 0.006 0.002 0.053 0.006 0.002 0.001 0 0.195 0 0.451 0.068 0.082 0.007 0.02 0.011 0.215 0.018 0.008 0.025 0.048 0.005 0.031 0.003 0.054 0.066 0.067 0.014 0.065 0.248 0.611 0.009 0.112 0.138 0.178 0.104 0.845 0.55 0.531 0.64 0.01 0.051 0.113 0.049 0.832 0.004 0.007 0.053 0.339 0.022 0.668 1 0.078 0.008 0.129 0.007 0.704 0.054 0.012 0.01 0.085
0 0 0 0.003 0.005 0 0.003 0.002 0.002 0.075 0.001 0.008 0.008 0.005 0 0.012 0.05 0.001 0.023 0.007 0.017 0.001 0 0.003 0.007 0.016 0.013 0 0.001 0.001 0.002 0.001 0.014 0.002 0.005 0.01 0.045 0.001 0.002 0.014 0.014 0.005 0.031 0.056 0.081 0.063 0.001 0.001 0 0.226 0.081 0 0.001 0.001 0.004 0.002 0.098 0.078 1 0.001 0.001 0.001 0.081 0.001 0.001 0.001 0.497
0.003 0.006 0.006 0.008 0.003 0.002 0.002 0.001 0 0.001 0.001 0.005 0.003 0.002 0.002 0.005 0.004 0.002 0.006 0.005 0.007 0.001 0.002 0 0.006 0.008 0.005 0.49 0.001 0.006 0.005 0.005 0.008 0.001 0.066 0.017 0.005 0 0.001 0.008 0.022 0.003 0.008 0.005 0.005 0.006 0 0.001 0.001 0.001 0.007 0.232 0.001 0.001 0.003 0.001 0.006 0.008 0.001 1 0.001 0 0.006 0.001 0.001 0.001 0.001
0.032 0.038 0.038 0.012 0.003 0 0.007 0.006 0.004 0.002 0.001 0.006 0.004 0.007 0.004 0.006 0.096 0.014 0.019 0.009 0.02 0.002 0.004 0 0.012 0.018 0.033 0.001 0.002 0.001 0.011 0.011 0.037 0.003 0.009 0.058 0.154 0.001 0 0.029 0.023 0.005 0.126 0.178 0.184 0.146 0.001 0.002 0.489 0 0.108 0.001 0.001 0.001 0.003 0.003 0.162 0.129 0.001 0.001 1 0.001 0.122 0.001 0.002 0.002 0.001
0.002 0.009 0.009 0.015 0.004 0.001 0.003 0.002 0.001 0.001 0 0.008 0.006 0.003 0 0.008 0.002 0.006 0.008 0.005 0.021 0.001 0 0.002 0.005 0.027 0.021 0 0.001 0.001 0.004 0.004 0.019 0.001 0.096 0.014 0.005 0 0.001 0.007 0.037 0.01 0.007 0.004 0.004 0.005 0 0.001 0.001 0.001 0.006 0 0 0.001 0.002 0.001 0.005 0.007 0.001 0 0.001 1 0.005 0 0.001 0.001 0.001
0 0 0.001 0.013 0.012 0 0.012 0.009 0.006 0.074 0.006 0.019 0.019 0 0.234 0.012 0.505 0.048 0.139 0.006 0.057 0.008 0.258 0.004 0.008 0.072 0.103 0.004 0 0.005 0.039 0.057 0.127 0.005 0.055 0.206 0.679 0.007 0.006 0.199 0.145 0.089 0.705 0.684 0.66 0.733 0.009 0.012 0.102 0.075 0.678 0.003 0.006 0.004 0.395 0.018 0.824 0.704 0.081 0.006 0.122 0.005 1 0.008 0.01 0.014 0.127
0.029 0.034 0.033 0.016 0.004 0.23 0.002 0.001 0 0.001 0.001 0.027 0.041 0.002 0.002 0.041 0.004 0.007 0.014 0.004 0.024 0.001 0.002 0.211 0.004 0.036 0.029 0 0.25 0.001 0.004 0.002 0.025 0.001 0.005 0.03 0.006 0.001 0.413 0.013 0.012 0.013 0.065 0.006 0.006 0.007 0.001 0.644 0.001 0.001 0.069 0 0 0.432 0.003 0.001 0.007 0.054 0.001 0.001 0.001 0 0.008 1 0.001 0.001 0.001
0.018 0.029 0.028 0.013 0.001 0.068 0.005 0.004 0.003 0.001 0.009 0.043 0.041 0.005 0.003 0.041 0.006 0.001 0.006 0.001 0.014 0.002 0.003 0.076 0.007 0 0 0 0.084 0.001 0.008 0.008 0 0.002 0.001 0.002 0.008 0.001 0.002 0.021 0.008 0 0.013 0.008 0.008 0.01 0.8 0.001 0.002 0.001 0.012 0 0.001 0.001 0.004 0.002 0.01 0.012 0.001 0.001 0.002 0.001 0.01 0.001 1 0.09 0.001
0.001 0 0 0.003 0 0.001 0.005 0.005 0.004 0.001 0.009 0 0 0.006 0.004 0 0.005 0.013 0.001 0.001 0 0.002 0.004 0 0.012 0.008 0.011 0.001 0 0.001 0.005 0.007 0.013 0.023 0 0.026 0.012 0 0.003 0.028 0.004 0.026 0.018 0.011 0.011 0.013 0.099 0.002 0.002 0.001 0.017 0.001 0.001 0.001 0.006 0 0.014 0.01 0.001 0.001 0.002 0.001 0.014 0.001 0.09 1 0.002
0.003 0.002 0.002 0.009 0.006 0.001 0.003 0.003 0.002 0.274 0.001 0.012 0.013 0.005 0.001 0.017 0.102 0.002 0.045 0.009 0.028 0.002 0.001 0.003 0.009 0.023 0.024 0.001 0.002 0.001 0.003 0.003 0.027 0.002 0.008 0.023 0.085 0.001 0.003 0.034 0.018 0.012 0.066 0.113 0.143 0.112 0.001 0.002 0.001 0.553 0.114 0 0.001 0.001 0.001 0.003 0.108 0.085 0.497 0.001 0.001 0.001 0.127 0.001 0.001 0.002 1
