1 0.801 0.855 0.454 0.386 0.109 0.255 0.213 0.097 0.019 0.065 0.574 0.532 0.299 0.026 0.651 0.002 0.141 0.124 0.345 0.324 0.011 0.033 0.164 0.301 0.283 0.152 0.001 0.037 0.008 0.044 0.023 0.145 0.024 0.004 0.06 0 0.005 0.082 0.023 0.007 0.085 0.03 0.004 0.002 0.001 0.003 0.005 0.048 0.008 0.031 0 0.009 0.012 0.003 0.015 0.004 0.011 0.006 0.001 0.027 0.005 0.004 0.005 0 0.013 0.003
0.801 1 0.894 0.404 0.354 0.134 0.312 0.26 0.119 0.016 0.078 0.607 0.542 0.256 0.022 0.64 0 0.129 0.101 0.319 0.298 0.031 0.027 0.201 0.28 0.263 0.142 0 0.047 0.01 0.033 0.041 0.115 0.019 0.016 0.064 0.002 0.006 0.029 0.018 0.005 0.054 0.016 0.003 0.001 0.002 0.004 0.008 0.06 0.006 0.016 0.01 0.009 0.016 0.021 0.033 0 0.014 0.004 0.002 0.028 0.005 0 0.007 0.001 0.009 0.006
0.855 0.894 1 0.43 0.432 0.122 0.285 0.238 0.108 0.017 0.073 0.651 0.581 0.335 0.024 0.704 0 0.127 0.107 0.39 0.353 0.033 0.029 0.184 0.342 0.311 0.175 0 0.042 0.011 0.057 0.031 0.143 0.022 0.014 0.08 0.001 0.006 0.093 0.029 0.003 0.07 0.033 0.005 0.003 0.001 0.004 0.007 0.054 0.007 0.033 0.011 0.008 0.014 0.004 0.036 0.004 0.014 0.005 0.003 0.032 0.006 0.007 0.006 0 0.011 0.007
0.454 0.404 0.43 1 0.197 0.052 0.133 0.111 0.051 0.036 0.034 0.28 0.299 0.157 0.051 0.324 0.014 0.33 0.347 0.228 0.619 0 0.037 0.075 0.188 0.563 0.327 0.026 0.015 0.023 0.008 0.002 0.404 0.044 0.181 0.001 0.009 0.019 0.039 0.003 0.175 0.231 0 0.038 0.041 0.015 0.008 0 0.023 0.016 0.001 0.022 0.022 0.004 0.015 0.043 0.008 0.003 0.014 0.021 0.006 0.006 0.005 0.001 0 0.015 0.02
0.386 0.354 0.432 0.197 1 0.014 0.518 0.46 0.189 0.008 0.008 0.49 0.413 0.63 0.011 0.492 0.031 0.082 0.14 0.79 0.255 0.016 0.014 0.021 0.701 0.223 0.16 0.001 0.006 0.005 0.205 0.134 0.136 0.01 0.048 0.05 0 0.007 0.008 0.084 0.018 0.062 0 0.026 0.022 0.001 0 0.005 0.007 0.003 0.001 0.006 0.005 0.004 0.002 0.017 0.004 0.002 0.003 0.002 0 0.003 0.001 0.003 0.001 0.006 0.005
0.109 0.134 0.122 0.052 0.014 1 0.008 0.007 0.003 0.002 0.002 0.13 0.122 0.01 0.003 0.139 0.009 0.011 0.025 0.015 0.061 0.004 0.004 0.497 0.015 0.063 0.027 0.002 0.348 0.001 0.017 0.015 0.018 0.003 0.013 0.035 0.007 0.002 0.29 0.025 0.034 0.009 0.043 0.008 0.007 0.009 0.005 0.106 0.002 0.001 0.027 0.001 0.002 0.142 0.003 0.004 0.005 0.02 0.001 0.002 0 0 0.004 0.084 0.006 0.001 0.002
0.255 0.312 0.285 0.133 0.518 0.008 1 0.835 0.38 0.005 0.005 0.295 0.266 0.748 0.007 0.319 0.018 0.05 0.083 0.5 0.176 0.01 0.008 0.013 0.48 0.164 0.109 0 0.004 0.003 0.206 0.226 0.106 0.006 0.02 0.054 0.003 0.004 0.008 0.116 0.071 0.045 0.001 0.022 0.02 0.001 0.003 0.003 0.005 0.001 0 0.003 0.004 0.003 0.016 0.009 0.028 0 0.001 0 0.005 0.002 0 0.002 0.005 0.009 0.003
0.213 0.26 0.238 0.111 0.46 0.007 0.835 1 0.455 0.004 0.004 0.245 0.221 0.637 0.006 0.265 0.014 0.042 0.069 0.412 0.147 0.008 0.007 0.011 0.394 0.135 0.088 0 0.003 0.003 0.143 0.155 0.087 0.005 0.015 0.032 0.007 0.003 0.007 0.084 0.046 0.044 0 0.018 0.016 0.004 0.003 0.003 0.004 0.001 0 0.003 0.004 0.002 0.013 0.007 0.024 0 0.001 0 0.005 0.001 0 0.002 0.004 0.008 0.002
0.097 0.119 0.108 0.051 0.189 0.003 0.38 0.455 1 0.002 0.002 0.115 0.104 0.314 0.003 0.124 0.008 0.019 0.033 0.176 0.069 0.004 0.003 0.005 0.174 0.068 0.04 0.003 0.002 0.001 0.019 0.018 0.045 0.002 0.002 0.001 0.027 0.002 0.003 0.034 0.005 0.027 0.014 0.009 0.009 0.026 0.001 0.001 0.002 0.001 0.012 0.001 0.002 0.001 0.006 0.005 0.012 0.013 0.001 0.001 0.002 0 0.007 0.001 0.002 0.004 0.002
0.019 0.016 0.017 0.036 0.008 0.002 0.005 0.004 0.002 1 0.001 0.006 0.006 0.006 0.002 0.008 0.161 0.012 0.032 0.009 0.027 0.003 0.002 0.004 0.009 0.025 0.033 0.001 0 0 0.01 0.008 0.038 0.002 0.01 0.049 0.092 0.001 0.001 0.023 0.023 0.002 0.073 0.121 0.096 0.076 0.001 0 0.003 0.297 0.08 0.001 0.001 0 0 0.003 0.088 0.065 0.163 0.001 0.007 0 0.069 0 0.001 0.003 0.153
0.065 0.078 0.073 0.034 0.008 0.002 0.005 0.004 0.002 0.001 1 0.077 0.069 0.006 0.002 0.083 0.005 0.013 0.022 0.009 0.046 0.002 0.002 0.349 0.009 0.046 0.034 0.016 0.001 0.001 0.01 0.009 0.03 0.002 0.129 0.025 0.006 0.001 0.002 0.02 0.036 0.018 0.011 0.006 0.006 0.008 0.007 0.001 0.001 0.001 0.01 0 0.001 0.001 0.004 0.003 0.008 0.01 0.001 0.004 0.001 0 0.008 0.001 0.003 0 0.001
0.574 0.607 0.651 0.28 0.49 0.13 0.295 0.245 0.115 0.006 0.077 1 0.864 0.358 0.012 0.812 0.044 0.12 0.202 0.466 0.367 0.029 0.017 0.207 0.382 0.344 0.239 0 0.055 0.01 0.093 0.062 0.21 0.021 0.017 0.065 0.005 0.01 0.11 0.021 0.007 0.098 0.007 0.043 0.04 0.01 0.013 0.016 0.01 0.01 0.008 0.01 0.01 0.031 0.004 0.034 0.003 0 0.01 0.003 0 0.005 0.001 0.013 0.004 0.006 0.015
0.532 0.542 0.581 0.299 0.413 0.122 0.266 0.221 0.104 0.006 0.069 0.864 1 0.323 0.014 0.733 0.049 0.123 0.212 0.483 0.387 0.018 0.02 0.187 0.4 0.365 0.268 0 0.053 0.011 0.116 0.083 0.238 0.023 0.013 0.063 0.013 0.003 0.102 0.021 0.018 0.09 0.002 0.061 0.058 0.02 0.011 0.016 0.011 0.011 0.002 0.003 0.002 0.031 0.006 0.036 0.01 0.001 0.011 0 0.005 0.001 0 0.014 0.003 0.008 0.016
0.299 0.256 0.335 0.157 0.63 0.01 0.748 0.637 0.314 0.006 0.006 0.358 0.323 1 0.008 0.395 0.024 0.06 0.105 0.62 0.22 0.012 0.01 0.016 0.598 0.203 0.139 0 0.005 0.003 0.291 0.192 0.132 0.008 0.026 0.087 0 0.005 0.016 0.15 0.053 0.061 0.003 0.028 0.026 0 0.004 0.004 0.006 0.004 0.006 0.004 0.005 0.003 0 0.012 0.003 0 0.004 0.001 0.003 0.002 0.006 0.002 0.006 0.011 0.006
0.026 0.022 0.024 0.051 0.011 0.003 0.007 0.006 0.003 0.002 0.002 0.012 0.014 0.008 1 0.021 0.333 0.018 0.077 0.012 0.037 0.004 0.813 0.005 0.012 0.026 0.033 0.001 0.002 0.001 0.014 0.012 0.043 0.002 0 0.035 0.175 0.001 0.003 0.027 0.01 0.017 0.095 0.162 0.173 0.134 0.001 0.001 0.002 0.001 0.068 0.001 0.002 0.001 0.272 0.001 0.112 0.107 0.001 0.002 0.002 0.004 0.118 0.001 0.002 0.003 0.002
0.651 0.64 0.704 0.324 0.492 0.139 0.319 0.265 0.124 0.008 0.083 0.812 0.733 0.395 0.021 1 0.045 0.119 0.203 0.521 0.427 0.029 0.018 0.207 0.433 0.387 0.237 0 0.045 0.008 0.079 0.049 0.206 0.015 0.013 0.045 0.007 0.012 0.104 0.018 0.007 0.102 0.007 0.044 0.042 0.009 0.014 0.007 0.014 0.01 0.004 0.009 0.011 0.021 0.001 0.031 0.005 0 0.01 0.002 0.005 0.005 0 0.008 0.005 0.006 0.007
0.002 0 0 0.014 0.031 0.009 0.018 0.014 0.008 0.161 0.005 0.044 0.049 0.024 0.333 0.045 1 0.052 0.226 0.037 0.1 0.011 0.392 0.015 0.037 0.092 0.12 0.004 0.001 0.003 0.042 0.037 0.144 0.007 0.02 0.148 0.496 0 0.005 0.085 0.059 0.014 0.367 0.599 0.523 0.461 0.003 0 0.225 0.03 0.279 0.004 0.005 0 0.205 0.002 0.418 0.399 0.079 0.005 0.131 0 0.307 0 0.006 0.008 0.069
0.141 0.129 0.127 0.33 0.082 0.011 0.05 0.042 0.019 0.012 0.013 0.12 0.123 0.06 0.018 0.119 0.052 1 0.496 0.091 0.221 0.024 0.019 0.036 0.063 0.199 0.044 0.01 0.011 0.058 0.021 0.028 0.063 0.111 0.068 0.007 0.046 0.051 0.022 0.003 0.016 0.158 0.061 0.024 0.017 0.028 0.001 0.001 0.013 0.001 0.048 0.009 0 0.008 0.015 0.019 0.036 0.048 0.001 0.006 0.011 0.005 0.046 0.005 0.011 0.023 0
0.124 0.101 0.107 0.347 0.14 0.025 0.083 0.069 0.033 0.032 0.022 0.202 0.212 0.105 0.077 0.203 0.226 0.496 1 0.159 0.402 0.043 0.095 0.064 0.124 0.362 0.174 0.017 0.013 0.032 0 0.001 0.226 0.057 0.107 0.048 0.106 0.039 0.031 0.032 0.073 0.064 0.05 0.182 0.171 0.122 0.004 0.002 0.051 0.009 0.039 0.016 0.004 0.008 0.053 0.025 0.094 0.063 0.028 0.014 0.024 0.003 0.048 0.004 0.002 0.002 0.032
0.345 0.319 0.39 0.228 0.79 0.015 0.5 0.412 0.176 0.009 0.009 0.466 0.483 0.62 0.012 0.521 0.037 0.091 0.159 1 0.297 0.017 0.015 0.024 0.856 0.259 0.176 0.006 0.007 0.004 0.252 0.182 0.164 0.011 0.056 0.052 0.002 0.007 0.005 0.1 0.024 0.063 0.001 0.044 0.04 0.005 0.004 0.006 0.009 0.006 0 0.006 0.006 0.002 0.001 0.019 0.014 0.006 0.006 0.009 0.006 0.003 0 0.004 0 0.007 0.008
0.324 0.298 0.353 0.619 0.255 0.061 0.176 0.147 0.069 0.027 0.046 0.367 0.387 0.22 0.037 0.427 0.1 0.221 0.402 0.297 1 0.052 0.046 0.115 0.282 0.836 0.604 0.033 0.025 0.015 0.035 0.019 0.501 0.025 0.132 0 0.048 0.013 0.056 0.001 0.189 0.216 0.013 0.128 0.115 0.068 0.002 0.002 0.026 0.017 0.012 0.028 0.021 0.011 0.028 0 0.051 0.03 0.017 0.03 0.018 0.009 0.019 0.002 0.002 0.006 0.026
0.011 0.031 0.033 0 0.016 0.004 0.01 0.008 0.004 0.003 0.002 0.029 0.018 0.012 0.004 0.029 0.011 0.024 0.043 0.017 0.052 1 0.004 0.007 0.018 0.053 0.07 0.001 0.002 0.002 0.02 0.017 0 0.003 0.043 0.047 0.013 0.001 0.004 0.011 0.006 0.001 0.006 0.001 0.001 0.002 0.002 0.002 0.002 0.002 0.005 0.001 0.09 0.002 0 0.177 0.003 0.005 0.002 0.002 0.003 0.001 0.003 0.001 0.003 0.005 0.002
0.033 0.027 0.029 0.037 0.014 0.004 0.008 0.007 0.003 0.002 0.002 0.017 0.02 0.01 0.813 0.018 0.392 0.019 0.095 0.015 0.046 0.004 1 0.006 0.015 0.035 0.044 0.002 0.002 0.001 0.017 0.015 0.056 0.003 0.002 0.049 0.232 0.002 0.004 0.021 0.016 0.022 0.127 0.217 0.162 0.179 0.001 0.002 0.002 0.001 0.049 0.002 0.002 0.001 0.36 0 0.133 0.144 0.001 0.002 0.002 0.002 0.16 0.001 0.002 0.004 0.002
0.164 0.201 0.184 0.075 0.021 0.497 0.013 0.011 0.005 0.004 0.349 0.207 0.187 0.016 0.005 0.207 0.015 0.036 0.064 0.024 0.115 0.007 0.006 1 0.025 0.113 0.077 0.002 0.262 0.002 0.028 0.022 0.061 0.005 0.016 0.007 0.013 0.003 0.224 0.038 0.001 0.037 0.02 0.015 0.013 0.017 0.012 0.114 0.003 0.002 0.011 0.002 0.003 0.137 0.007 0.007 0 0.008 0.002 0 0.001 0.001 0 0.103 0.009 0 0.003
0.301 0.28 0.342 0.188 0.701 0.015 0.48 0.394 0.174 0.009 0.009 0.382 0.4 0.598 0.012 0.433 0.037 0.063 0.124 0.856 0.282 0.018 0.015 0.025 1 0.318 0.227 0.006 0.007 0.004 0.328 0.245 0.21 0.011 0.056 0.078 0.002 0.007 0.005 0.131 0.043 0.071 0.001 0.044 0.04 0.005 0.005 0.006 0.009 0.006 0 0.006 0.008 0.002 0.001 0.019 0.014 0.006 0.006 0.009 0.006 0.003 0 0.004 0.009 0.017 0.009
0.283 0.263 0.311 0.563 0.223 0.063 0.164 0.135 0.068 0.025 0.046 0.344 0.365 0.203 0.026 0.387 0.092 0.199 0.362 0.259 0.836 0.053 0.035 0.113 0.318 1 0.691 0.033 0.04 0.017 0.046 0.03 0.581 0.035 0.142 0.002 0.05 0.022 0.079 0 0.209 0.255 0.009 0.133 0.12 0.07 0 0.012 0.026 0.016 0.008 0.028 0.025 0.028 0.03 0 0.053 0.023 0.017 0.03 0.018 0.017 0.021 0.019 0.008 0.017 0.025
0.152 0.142 0.175 0.327 0.16 0.027 0.109 0.088 0.04 0.033 0.034 0.239 0.268 0.139 0.033 0.237 0.12 0.044 0.174 0.176 0.604 0.07 0.044 0.077 0.227 0.691 1 0.024 0.029 0.023 0.266 0.243 0.82 0.046 0.082 0.05 0.083 0.01 0.06 0.012 0.354 0.239 0.031 0.168 0.147 0.108 0 0.01 0.035 0.019 0.025 0.02 0.033 0.016 0.04 0.001 0.081 0.051 0.019 0.021 0.031 0.013 0.046 0.014 0.014 0.015 0.031
0.001 0 0 0.026 0.001 0.002 0 0 0.003 0.001 0.016 0 0 0 0.001 0 0.004 0.01 0.017 0.006 0.033 0.001 0.002 0.002 0.006 0.033 0.024 1 0.001 0.001 0.007 0.006 0.023 0.001 0.098 0.019 0.005 0.001 0.002 0.015 0.04 0.014 0.008 0.005 0.004 0.006 0.016 0.001 0.001 0.001 0.007 0.282 0.001 0.001 0.003 0.002 0.006 0.007 0.001 0.617 0.001 0 0.006 0 0.001 0.002 0.001
0.037 0.047 0.042 0.015 0.006 0.348 0.004 0.003 0.002 0 0.001 0.055 0.053 0.005 0.002 0.045 0.001 0.011 0.013 0.007 0.025 0.002 0.002 0.262 0.007 0.04 0.029 0.001 1 0.001 0.008 0.007 0.026 0.001 0.007 0.037 0.004 0.001 0.346 0.007 0.017 0.016 0.064 0.006 0.005 0.006 0.014 0.123 0.001 0.001 0.052 0.001 0.001 0.143 0 0.001 0.019 0.041 0.001 0.001 0.001 0 0.02 0.191 0.007 0.001 0.001
0.008 0.01 0.011 0.023 0.005 0.001 0.003 0.003 0.001 0 0.001 0.01 0.011 0.003 0.001 0.008 0.003 0.058 0.032 0.004 0.015 0.002 0.001 0.002 0.004 0.017 0.023 0.001 0.001 1 0.006 0.006 0.026 0.001 0.006 0.014 0.003 0.001 0.001 0.012 0.01 0.001 0.006 0.003 0.003 0.004 0.001 0.001 0.001 0.001 0.005 0.001 0 0 0.002 0.002 0.004 0.005 0.001 0.009 0.001 0 0.004 0 0.001 0.002 0.001
0.044 0.033 0.057 0.008 0.205 0.017 0.206 0.143 0.019 0.01 0.01 0.093 0.116 0.291 0.014 0.079 0.042 0.021 0 0.252 0.035 0.02 0.017 0.028 0.328 0.046 0.266 0.007 0.008 0.006 1 0.86 0.232 0.013 0.074 0.344 0.045 0.055 0.003 0.276 0.222 0.028 0.033 0.045 0.038 0.053 0.006 0.005 0.01 0.004 0.023 0.007 0.009 0.006 0.003 0.022 0.016 0.051 0.004 0.01 0.007 0.004 0.017 0.004 0.01 0.004 0.007
0.023 0.041 0.031 0.002 0.134 0.015 0.226 0.155 0.018 0.008 0.009 0.062 0.083 0.192 0.012 0.049 0.037 0.028 0.001 0.182 0.019 0.017 0.015 0.022 0.245 0.03 0.243 0.006 0.007 0.006 0.86 1 0.216 0.011 0.065 0.316 0.039 0.064 0.012 0.238 0.277 0.023 0.067 0.039 0.033 0.047 0.005 0.002 0.009 0.004 0.054 0.006 0.008 0.003 0.023 0.019 0.049 0.056 0.004 0.009 0.01 0.003 0.05 0.002 0.009 0.006 0.006
0.145 0.115 0.143 0.404 0.136 0.018 0.106 0.087 0.045 0.038 0.03 0.21 0.238 0.132 0.043 0.206 0.144 0.063 0.226 0.164 0.501 0 0.056 0.061 0.21 0.581 0.82 0.023 0.026 0.026 0.232 0.216 1 0.052 0.192 0.028 0.094 0.008 0.052 0.005 0.475 0.315 0.042 0.2 0.175 0.124 0 0.008 0.04 0.022 0.035 0.019 0.03 0.014 0.053 0.041 0.105 0.064 0.022 0.018 0.036 0.011 0.057 0.013 0.016 0.02 0.035
0.024 0.019 0.022 0.044 0.01 0.003 0.006 0.005 0.002 0.002 0.002 0.021 0.023 0.008 0.002 0.015 0.007 0.111 0.057 0.011 0.025 0.003 0.003 0.005 0.011 0.035 0.046 0.001 0.001 0.001 0.013 0.011 0.052 1 0.004 0.028 0.005 0.001 0.003 0.01 0.023 0.055 0.009 0.004 0.003 0.001 0.001 0.01 0.002 0.001 0.008 0.001 0.001 0.001 0.003 0.001 0.006 0.009 0.001 0.002 0.002 0.001 0.006 0.001 0.002 0.006 0.002
0.004 0.016 0.014 0.181 0.048 0.013 0.02 0.015 0.002 0.01 0.129 0.017 0.013 0.026 0 0.013 0.02 0.068 0.107 0.056 0.132 0.043 0.002 0.016 0.056 0.142 0.082 0.098 0.007 0.006 0.074 0.065 0.192 0.004 1 0.189 0.038 0.008 0.016 0.116 0.336 0.12 0.071 0.049 0.044 0.05 0.001 0 0.009 0.006 0.065 0.072 0.009 0.006 0.031 0.262 0.062 0.063 0.006 0.101 0.011 0.049 0.053 0.004 0.004 0 0.009
0.06 0.064 0.08 0.001 0.05 0.035 0.054 0.032 0.001 0.049 0.025 0.065 0.063 0.087 0.035 0.045 0.148 0.007 0.048 0.052 0 0.047 0.049 0.007 0.078 0.002 0.05 0.019 0.037 0.014 0.344 0.316 0.028 0.028 0.189 1 0.135 0.021 0.084 0.404 0.009 0.066 0.214 0.17 0.143 0.098 0.006 0.017 0.049 0.025 0.167 0.018 0.022 0.022 0.077 0.049 0.211 0.159 0.027 0.026 0.05 0.009 0.149 0.02 0.015 0.031 0.015
0 0.002 0.001 0.009 0 0.007 0.003 0.007 0.027 0.092 0.006 0.005 0.013 0 0.175 0.007 0.496 0.046 0.106 0.002 0.048 0.013 0.232 0.013 0.002 0.05 0.083 0.005 0.004 0.003 0.045 0.039 0.094 0.005 0.038 0.135 1 0.005 0.011 0.174 0.117 0.025 0.557 0.636 0.559 0.758 0.004 0.005 0.109 0.054 0.46 0.004 0.006 0.001 0.213 0.016 0.445 0.582 0.097 0.007 0.1 0.002 0.544 0.003 0.007 0.013 0.08
0.005 0.006 0.006 0.019 0.007 0.002 0.004 0.003 0.002 0.001 0.001 0.01 0.003 0.005 0.001 0.012 0 0.051 0.039 0.007 0.013 0.001 0.002 0.003 0.007 0.022 0.01 0.001 0.001 0.001 0.055 0.064 0.008 0.001 0.008 0.021 0.005 1 0.002 0.006 0.017 0.039 0.009 0.005 0.005 0.007 0.001 0.001 0.001 0.001 0.005 0.001 0.001 0.001 0.003 0.003 0.007 0.008 0.001 0.001 0.001 0 0.007 0 0.001 0.017 0.001
0.082 0.029 0.093 0.039 0.008 0.29 0.008 0.007 0.003 0.001 0.002 0.11 0.102 0.016 0.003 0.104 0.005 0.022 0.031 0.005 0.056 0.004 0.004 0.224 0.005 0.079 0.06 0.002 0.346 0.001 0.003 0.012 0.052 0.003 0.016 0.084 0.011 0.002 1 0 0.038 0.032 0.192 0.011 0.01 0.013 0.001 0.251 0.002 0.001 0.159 0.001 0.002 0.253 0.024 0.005 0.067 0.065 0.001 0.002 0 0.001 0.06 0.243 0.002 0.004 0.002
0.023 0.018 0.029 0.003 0.084 0.025 0.116 0.084 0.034 0.023 0.02 0.021 0.021 0.15 0.027 0.018 0.085 0.003 0.032 0.1 0.001 0.011 0.021 0.038 0.131 0 0.012 0.015 0.007 0.012 0.276 0.238 0.005 0.01 0.116 0.404 0.174 0.006 0 1 0.009 0.05 0.16 0.169 0.176 0.175 0.013 0 0.025 0.011 0.166 0.014 0.003 0.002 0.096 0.052 0.152 0.134 0.021 0.021 0.024 0.001 0.173 0.002 0.022 0.035 0.024
0.007 0.005 0.003 0.175 0.018 0.034 0.071 0.046 0.005 0.023 0.036 0.007 0.018 0.053 0.01 0.007 0.059 0.016 0.073 0.024 0.189 0.006 0.016 0.001 0.043 0.209 0.354 0.04 0.017 0.01 0.222 0.277 0.475 0.023 0.336 0.009 0.117 0.017 0.038 0.009 1 0.183 0.2 0.119 0.108 0.146 0.001 0.013 0.023 0.015 0.183 0.035 0.021 0.014 0.076 0.138 0.151 0.179 0.015 0.037 0.026 0.02 0.154 0.009 0.013 0.005 0.022
0.085 0.054 0.07 0.231 0.062 0.009 0.045 0.044 0.027 0.002 0.018 0.098 0.09 0.061 0.017 0.102 0.014 0.158 0.064 0.063 0.216 0.001 0.022 0.037 0.071 0.255 0.239 0.014 0.016 0.001 0.028 0.023 0.315 0.055 0.12 0.066 0.025 0.039 0.032 0.05 0.183 1 0.07 0.022 0.016 0.031 0.005 0.003 0.003 0.001 0.057 0.011 0.051 0.011 0.026 0.038 0.034 0.048 0.004 0.014 0 0.007 0.043 0.008 0.007 0.049 0.004
0.03 0.016 0.033 0 0 0.043 0.001 0 0.014 0.073 0.011 0.007 0.002 0.003 0.095 0.007 0.367 0.061 0.05 0.001 0.013 0.006 0.127 0.02 0.001 0.009 0.031 0.008 0.064 0.006 0.033 0.067 0.042 0.009 0.071 0.214 0.557 0.009 0.192 0.16 0.2 0.07 1 0.594 0.529 0.663 0.007 0.042 0.113 0.028 0.836 0.008 0.01 0.054 0.339 0.028 0.707 0.817 0.065 0.011 0.131 0.004 0.71 0.047 0.011 0.022 0.079
0.004 0.003 0.005 0.038 0.026 0.008 0.022 0.018 0.009 0.121 0.006 0.043 0.061 0.028 0.162 0.044 0.599 0.024 0.182 0.044 0.128 0.001 0.217 0.015 0.044 0.133 0.168 0.005 0.006 0.003 0.045 0.039 0.2 0.004 0.049 0.17 0.636 0.005 0.011 0.169 0.119 0.022 0.594 1 0.881 0.78 0.004 0.005 0.19 0.054 0.496 0.005 0.006 0.001 0.363 0.016 0.721 0.612 0.111 0.007 0.188 0.002 0.542 0.003 0.007 0.013 0.138
0.002 0.001 0.003 0.041 0.022 0.007 0.02 0.016 0.009 0.096 0.006 0.04 0.058 0.026 0.173 0.042 0.523 0.017 0.171 0.04 0.115 0.001 0.162 0.013 0.04 0.12 0.147 0.004 0.005 0.003 0.038 0.033 0.175 0.003 0.044 0.143 0.559 0.005 0.01 0.176 0.108 0.016 0.529 0.881 1 0.704 0.004 0.004 0.209 0.07 0.513 0.004 0.005 0.001 0.287 0.015 0.648 0.551 0.136 0.006 0.208 0.002 0.475 0.002 0.006 0.012 0.166
0.001 0.002 0.001 0.015 0.001 0.009 0.001 0.004 0.026 0.076 0.008 0.01 0.02 0 0.134 0.009 0.461 0.028 0.122 0.005 0.068 0.002 0.179 0.017 0.005 0.07 0.108 0.006 0.006 0.004 0.053 0.047 0.124 0.001 0.05 0.098 0.758 0.007 0.013 0.175 0.146 0.031 0.663 0.78 0.704 1 0.005 0.006 0.154 0.051 0.585 0.006 0.007 0.002 0.297 0.02 0.569 0.704 0.077 0.008 0.151 0.003 0.604 0.003 0.008 0.016 0.121
0.003 0.004 0.004 0.008 0 0.005 0.003 0.003 0.001 0.001 0.007 0.013 0.011 0.004 0.001 0.014 0.003 0.001 0.004 0.004 0.002 0.002 0.001 0.012 0.005 0 0 0.016 0.014 0.001 0.006 0.005 0 0.001 0.001 0.006 0.004 0.001 0.001 0.013 0.001 0.005 0.007 0.004 0.004 0.005 1 0.001 0.001 0.001 0.006 0.001 0.001 0 0.003 0.002 0.005 0.006 0.001 0.01 0.001 0 0.005 0 0.421 0.033 0.001
0.005 0.008 0.007 0 0.005 0.106 0.003 0.003 0.001 0 0.001 0.016 0.016 0.004 0.001 0.007 0 0.001 0.002 0.006 0.002 0.002 0.002 0.114 0.006 0.012 0.01 0.001 0.123 0.001 0.005 0.002 0.008 0.01 0 0.017 0.005 0.001 0.251 0 0.013 0.003 0.042 0.005 0.004 0.006 0.001 1 0.001 0.001 0.045 0.001 0.001 0.604 0.003 0.002 0.006 0.043 0.001 0.001 0.001 0 0.006 0.571 0.001 0.002 0.001
0.048 0.06 0.054 0.023 0.007 0.002 0.005 0.004 0.002 0.003 0.001 0.01 0.011 0.006 0.002 0.014 0.225 0.013 0.051 0.009 0.026 0.002 0.002 0.003 0.009 0.026 0.035 0.001 0.001 0.001 0.01 0.009 0.04 0.002 0.009 0.049 0.109 0.001 0.002 0.025 0.023 0.003 0.113 0.19 0.209 0.154 0.001 0.001 1 0 0.12 0.001 0.001 0.001 0.008 0.003 0.149 0.124 0 0.001 0.419 0 0.041 0.001 0.001 0.002 0
0.008 0.006 0.007 0.016 0.003 0.001 0.001 0.001 0.001 0.297 0.001 0.01 0.011 0.004 0.001 0.01 0.03 0.001 0.009 0.006 0.017 0.002 0.001 0.002 0.006 0.016 0.019 0.001 0.001 0.001 0.004 0.004 0.022 0.001 0.006 0.025 0.054 0.001 0.001 0.011 0.015 0.001 0.028 0.054 0.07 0.051 0.001 0.001 0 1 0.042 0.001 0.001 0.001 0.003 0.002 0.049 0.029 0.244 0.001 0 0 0.031 0 0.001 0.002 0.337
0.031 0.016 0.033 0.001 0.001 0.027 0 0 0.012 0.08 0.01 0.008 0.002 0.006 0.068 0.004 0.279 0.048 0.039 0 0.012 0.005 0.049 0.011 0 0.008 0.025 0.007 0.052 0.005 0.023 0.054 0.035 0.008 0.065 0.167 0.46 0.005 0.159 0.166 0.183 0.057 0.836 0.496 0.513 0.585 0.006 0.045 0.12 0.042 1 0.007 0.009 0.058 0.264 0.025 0.66 0.797 0.084 0.01 0.139 0.004 0.656 0.051 0.01 0.02 0.122
0 0.01 0.011 0.022 0.006 0.001 0.003 0.003 0.001 0.001 0 0.01 0.003 0.004 0.001 0.009 0.004 0.009 0.016 0.006 0.028 0.001 0.002 0.002 0.006 0.028 0.02 0.282 0.001 0.001 0.007 0.006 0.019 0.001 0.072 0.018 0.004 0.001 0.001 0.014 0.035 0.011 0.008 0.005 0.004 0.006 0.001 0.001 0.001 0.001 0.007 1 0.001 0.001 0.003 0.002 0.006 0.007 0.001 0.37 0.001 0 0.006 0 0 0.002 0.001
0.009 0.009 0.008 0.022 0.005 0.002 0.004 0.004 0.002 0.001 0.001 0.01 0.002 0.005 0.002 0.011 0.005 0 0.004 0.006 0.021 0.09 0.002 0.003 0.008 0.025 0.033 0.001 0.001 0 0.009 0.008 0.03 0.001 0.009 0.022 0.006 0.001 0.002 0.003 0.021 0.051 0.01 0.006 0.005 0.007 0.001 0.001 0.001 0.001 0.009 0.001 1 0.001 0.004 0.003 0.008 0.009 0.001 0.001 0.001 0 0.008 0 0.001 0.002 0.001
0.012 0.016 0.014 0.004 0.004 0.142 0.003 0.002 0.001 0 0.001 0.031 0.031 0.003 0.001 0.021 0 0.008 0.008 0.002 0.011 0.002 0.001 0.137 0.002 0.028 0.016 0.001 0.143 0 0.006 0.003 0.014 0.001 0.006 0.022 0.001 0.001 0.253 0.002 0.014 0.011 0.054 0.001 0.001 0.002 0 0.604 0.001 0.001 0.058 0.001 0.001 1 0 0.002 0.002 0.055 0.001 0.001 0 0 0.002 0.536 0.001 0.001 0.001
0.003 0.021 0.004 0.015 0.002 0.003 0.016 0.013 0.006 0 0.004 0.004 0.006 0 0.272 0.001 0.205 0.015 0.053 0.001 0.028 0 0.36 0.007 0.001 0.03 0.04 0.003 0 0.002 0.003 0.023 0.053 0.003 0.031 0.077 0.213 0.003 0.024 0.096 0.076 0.026 0.339 0.363 0.287 0.297 0.003 0.003 0.008 0.003 0.264 0.003 0.004 0 1 0.01 0.428 0.296 0.003 0.004 0 0.002 0.371 0.002 0.004 0.008 0.004
0.015 0.033 0.036 0.043 0.017 0.004 0.009 0.007 0.005 0.003 0.003 0.034 0.036 0.012 0.001 0.031 0.002 0.019 0.025 0.019 0 0.177 0 0.007 0.019 0 0.001 0.002 0.001 0.002 0.022 0.019 0.041 0.001 0.262 0.049 0.016 0.003 0.005 0.052 0.138 0.038 0.028 0.016 0.015 0.02 0.002 0.002 0.003 0.002 0.025 0.002 0.003 0.002 0.01 1 0.021 0.025 0.002 0.003 0.004 0.001 0.021 0.001 0.003 0.001 0.003
0.004 0 0.004 0.008 0.004 0.005 0.028 0.024 0.012 0.088 0.008 0.003 0.01 0.003 0.112 0.005 0.418 0.036 0.094 0.014 0.051 0.003 0.133 0 0.014 0.053 0.081 0.006 0.019 0.004 0.016 0.049 0.105 0.006 0.062 0.211 0.445 0.007 0.067 0.152 0.151 0.034 0.707 0.721 0.648 0.569 0.005 0.006 0.149 0.049 0.66 0.006 0.008 0.002 0.428 0.021 1 0.617 0.101 0.009 0.172 0.003 0.72 0.003 0.009 0.016 0.143
0.011 0.014 0.014 0.003 0.002 0.02 0 0 0.013 0.065 0.01 0 0.001 0 0.107 0 0.399 0.048 0.063 0.006 0.03 0.005 0.144 0.008 0.006 0.023 0.051 0.007 0.041 0.005 0.051 0.056 0.064 0.009 0.063 0.159 0.582 0.008 0.065 0.134 0.179 0.048 0.817 0.612 0.551 0.704 0.006 0.043 0.124 0.029 0.797 0.007 0.009 0.055 0.296 0.025 0.617 1 0.086 0.01 0.146 0.004 0.639 0.046 0.01 0.017 0.104
0.006 0.004 0.005 0.014 0.003 0.001 0.001 0.001 0.001 0.163 0.001 0.01 0.011 0.004 0.001 0.01 0.079 0.001 0.028 0.006 0.017 0.002 0.001 0.002 0.006 0.017 0.019 0.001 0.001 0.001 0.004 0.004 0.022 0.001 0.006 0.027 0.097 0.001 0.001 0.021 0.015 0.004 0.065 0.111 0.136 0.077 0.001 0.001 0 0.244 0.084 0.001 0.001 0.001 0.003 0.002 0.101 0.086 1 0.001 0.001 0 0.071 0 0.001 0.002 0.508
0.001 0.002 0.003 0.021 0.002 0.002 0 0 0.001 0.001 0.004 0.003 0 0.001 0.002 0.002 0.005 0.006 0.014 0.009 0.03 0.002 0.002 0 0.009 0.03 0.021 0.617 0.001 0.009 0.01 0.009 0.018 0.002 0.101 0.026 0.007 0.001 0.002 0.021 0.037 0.014 0.011 0.007 0.006 0.008 0.01 0.001 0.001 0.001 0.01 0.37 0.001 0.001 0.004 0.003 0.009 0.01 0.001 1 0.001 0 0.009 0.001 0.001 0.003 0.001
0.027 0.028 0.032 0.006 0 0 0.005 0.005 0.002 0.007 0.001 0 0.005 0.003 0.002 0.005 0.131 0.011 0.024 0.006 0.018 0.003 0.002 0.001 0.006 0.018 0.031 0.001 0.001 0.001 0.007 0.01 0.036 0.002 0.011 0.05 0.1 0.001 0 0.024 0.026 0 0.131 0.188 0.208 0.151 0.001 0.001 0.419 0 0.139 0.001 0.001 0 0 0.004 0.172 0.146 0.001 0.001 1 0.001 0.081 0.001 0.001 0.003 0
0.005 0.005 0.006 0.006 0.003 0 0.002 0.001 0 0 0 0.005 0.001 0.002 0.004 0.005 0 0.005 0.003 0.003 0.009 0.001 0.002 0.001 0.003 0.017 0.013 0 0 0 0.004 0.003 0.011 0.001 0.049 0.009 0.002 0 0.001 0.001 0.02 0.007 0.004 0.002 0.002 0.003 0 0 0 0 0.004 0 0 0 0.002 0.001 0.003 0.004 0 0 0.001 1 0.003 0 0 0.001 0
0.004 0 0.007 0.005 0.001 0.004 0 0 0.007 0.069 0.008 0.001 0 0.006 0.118 0 0.307 0.046 0.048 0 0.019 0.003 0.16 0 0 0.021 0.046 0.006 0.02 0.004 0.017 0.05 0.057 0.006 0.053 0.149 0.544 0.007 0.06 0.173 0.154 0.043 0.71 0.542 0.475 0.604 0.005 0.006 0.041 0.031 0.656 0.006 0.008 0.002 0.371 0.021 0.72 0.639 0.071 0.009 0.081 0.003 1 0.003 0.009 0.017 0.091
0.005 0.007 0.006 0.001 0.003 0.084 0.002 0.002 0.001 0 0.001 0.013 0.014 0.002 0.001 0.008 0 0.005 0.004 0.004 0.002 0.001 0.001 0.103 0.004 0.019 0.014 0 0.191 0 0.004 0.002 0.013 0.001 0.004 0.02 0.003 0 0.243 0.002 0.009 0.008 0.047 0.003 0.002 0.003 0 0.571 0.001 0 0.051 0 0 0.536 0.002 0.001 0.003 0.046 0 0.001 0.001 0 0.003 1 0.001 0.001 0.001
0 0.001 0 0 0.001 0.006 0.005 0.004 0.002 0.001 0.003 0.004 0.003 0.006 0.002 0.005 0.006 0.011 0.002 0 0.002 0.003 0.002 0.009 0.009 0.008 0.014 0.001 0.007 0.001 0.01 0.009 0.016 0.002 0.004 0.015 0.007 0.001 0.002 0.022 0.013 0.007 0.011 0.007 0.006 0.008 0.421 0.001 0.001 0.001 0.01 0 0.001 0.001 0.004 0.003 0.009 0.01 0.001 0.001 0.001 0 0.009 0.001 1 0.18 0.001
0.013 0.009 0.011 0.015 0.006 0.001 0.009 0.008 0.004 0.003 0 0.006 0.008 0.011 0.003 0.006 0.008 0.023 0.002 0.007 0.006 0.005 0.004 0 0.017 0.017 0.015 0.002 0.001 0.002 0.004 0.006 0.02 0.006 0 0.031 0.013 0.017 0.004 0.035 0.005 0.049 0.022 0.013 0.012 0.016 0.033 0.002 0.002 0.002 0.02 0.002 0.002 0.001 0.008 0.001 0.016 0.017 0.002 0.003 0.003 0.001 0.017 0.001 0.18 1 0.002
0.003 0.006 0.007 0.02 0.005 0.002 0.003 0.002 0.002 0.153 0.001 0.015 0.016 0.006 0.002 0.007 0.069 0 0.032 0.008 0.026 0.002 0.002 0.003 0.009 0.025 0.031 0.001 0.001 0.001 0.007 0.006 0.035 0.002 0.009 0.015 0.08 0.001 0.002 0.024 0.022 0.004 0.079 0.138 0.166 0.121 0.001 0.001 0 0.337 0.122 0.001 0.001 0.001 0.004 0.003 0.143 0.104 0.508 0.001 0 0 0.091 0.001 0.001 0.002 1
