1 0.814 0.816 0.507 0.317 0.146 0.203 0.173 0.086 0.018 0.043 0.507 0.475 0.213 0.042 0.538 0.007 0.152 0.146 0.276 0.351 0.001 0.053 0.189 0.173 0.25 0.145 0.004 0.049 0.004 0.021 0.009 0.136 0.034 0 0.054 0.001 0.004 0.102 0.025 0.01 0.116 0.031 0.006 0.003 0 0.003 0.035 0.021 0.001 0.025 0.002 0.003 0.04 0.012 0.002 0.002 0.014 0.001 0.001 0.03 0.004 0.001 0.027 0.001 0.003 0.003
0.814 1 0.956 0.46 0.355 0.179 0.249 0.212 0.106 0.015 0.053 0.604 0.567 0.238 0.035 0.615 0.002 0.131 0.112 0.312 0.362 0.03 0.043 0.234 0.206 0.259 0.157 0 0.062 0.004 0.03 0.02 0.109 0.028 0.021 0.08 0 0.008 0.107 0.04 0.001 0.093 0.041 0.004 0.002 0.001 0.005 0.045 0.028 0.001 0.033 0.001 0.004 0.051 0.015 0.036 0.002 0.026 0 0.001 0.038 0.01 0.002 0.035 0.003 0.001 0.002
0.816 0.956 1 0.481 0.387 0.177 0.246 0.21 0.105 0.015 0.053 0.634 0.595 0.26 0.035 0.646 0.002 0.13 0.112 0.342 0.388 0.031 0.044 0.231 0.222 0.275 0.169 0 0.061 0.012 0.037 0.019 0.119 0.028 0.021 0.087 0 0.008 0.127 0.046 0.001 0.091 0.048 0.004 0.002 0.001 0.005 0.045 0.027 0.001 0.039 0.001 0.002 0.051 0.01 0.037 0.004 0.027 0 0.001 0.039 0.01 0.004 0.035 0.003 0.001 0.002
0.507 0.46 0.481 1 0.197 0.071 0.127 0.108 0.054 0.029 0.027 0.283 0.289 0.132 0.068 0.298 0.027 0.276 0.319 0.189 0.586 0.008 0.074 0.095 0.134 0.481 0.297 0.022 0.019 0.024 0.008 0.002 0.379 0.052 0.196 0.002 0.019 0.022 0.064 0.001 0.202 0.225 0.001 0.038 0.034 0.015 0 0.019 0.01 0.001 0 0.02 0.008 0.017 0.033 0.08 0.005 0 0.005 0.02 0.011 0.01 0.006 0.015 0.002 0.007 0.006
0.317 0.355 0.387 0.197 1 0.016 0.523 0.504 0.25 0.006 0.005 0.419 0.39 0.571 0.015 0.445 0.03 0.068 0.122 0.801 0.257 0.013 0.018 0.023 0.566 0.179 0.132 0.001 0.008 0.005 0.165 0.105 0.104 0.012 0.026 0.018 0.003 0.009 0.002 0.08 0.018 0.067 0 0.026 0.023 0 0 0.008 0.005 0 0.001 0.004 0.002 0.008 0.001 0.015 0.004 0.002 0.001 0 0.003 0.004 0 0.006 0 0.006 0.002
0.146 0.179 0.177 0.071 0.016 1 0.01 0.008 0.004 0.003 0.002 0.19 0.18 0.011 0.006 0.201 0.016 0.022 0.048 0.013 0.11 0.005 0.008 0.634 0.018 0.087 0.047 0.002 0.267 0.002 0.018 0.016 0.032 0.005 0.018 0.056 0.013 0.004 0.356 0.021 0.039 0.015 0.062 0.012 0.01 0.015 0.005 0.229 0.002 0.001 0.036 0.002 0.002 0.248 0.002 0.006 0 0.029 0.001 0.002 0 0.002 0.003 0.239 0.007 0.001 0.002
0.203 0.249 0.246 0.127 0.523 0.01 1 0.852 0.426 0.004 0.003 0.244 0.231 0.749 0.009 0.265 0.015 0.041 0.069 0.455 0.158 0.008 0.011 0.014 0.324 0.109 0.08 0.005 0.005 0.003 0.15 0.168 0.063 0.007 0.012 0.026 0 0.005 0.008 0.111 0.059 0.04 0.001 0.015 0.013 0 0.004 0.005 0.003 0 0.002 0.002 0.003 0.005 0.013 0.009 0.017 0.002 0 0.002 0.003 0.002 0 0.004 0.005 0.007 0
0.173 0.212 0.21 0.108 0.504 0.008 0.852 1 0.5 0.003 0.002 0.206 0.194 0.632 0.007 0.223 0.012 0.035 0.058 0.375 0.132 0.006 0.009 0.012 0.251 0.084 0.061 0.007 0.004 0.003 0.096 0.107 0.047 0.006 0.009 0.013 0.001 0.004 0.006 0.085 0.036 0.041 0 0.012 0.01 0.002 0.003 0.004 0.003 0 0 0.002 0.002 0.004 0.011 0.007 0.014 0 0 0.004 0.002 0.002 0 0.003 0.004 0.006 0
0.086 0.106 0.105 0.054 0.25 0.004 0.426 0.5 1 0.002 0.001 0.113 0.107 0.37 0.004 0.122 0.01 0.017 0.034 0.176 0.074 0.003 0.005 0.006 0.172 0.078 0.061 0.02 0.002 0.001 0.045 0.05 0.052 0.003 0.001 0.004 0.002 0.002 0.004 0.021 0.026 0.026 0.001 0.01 0.009 0.006 0.002 0.002 0.001 0.001 0 0.001 0.001 0.002 0.006 0.004 0.012 0 0.002 0.013 0.002 0.001 0.001 0.002 0.002 0.003 0.002
0.018 0.015 0.015 0.029 0.006 0.003 0.004 0.003 0.002 1 0.001 0.003 0.003 0.004 0.002 0.006 0.159 0.011 0.044 0.007 0.021 0.002 0.003 0.004 0.003 0.019 0.025 0.001 0.001 0.001 0.007 0.006 0.029 0.002 0.007 0.042 0.125 0.001 0.002 0.027 0.015 0.003 0.082 0.142 0.129 0.115 0.001 0.001 0.029 0.084 0.075 0.001 0.001 0.001 0 0.002 0.096 0.084 0.108 0.001 0.032 0.001 0.081 0 0.001 0.002 0.209
0.043 0.053 0.053 0.027 0.005 0.002 0.003 0.002 0.001 0.001 1 0.057 0.054 0.003 0.002 0.061 0.005 0.009 0.017 0.005 0.037 0.002 0.002 0.206 0.005 0.039 0.031 0.004 0.001 0.001 0.005 0.005 0.026 0.001 0.115 0.014 0.003 0.001 0.002 0.011 0.039 0.013 0.006 0.003 0.003 0.004 0.024 0.001 0.001 0 0.006 0.035 0.001 0.001 0.003 0.002 0.004 0.006 0.001 0.002 0.001 0.001 0.004 0.001 0.017 0.01 0
0.507 0.604 0.634 0.283 0.419 0.19 0.244 0.206 0.113 0.003 0.057 1 0.924 0.282 0.018 0.76 0.052 0.112 0.203 0.421 0.449 0.021 0.026 0.256 0.273 0.347 0.274 0 0.072 0.011 0.073 0.047 0.22 0.026 0.015 0.066 0.016 0.016 0.143 0.023 0.008 0.102 0.012 0.043 0.037 0.011 0.006 0.053 0.002 0.003 0.009 0 0.002 0.061 0.004 0.031 0.005 0.003 0.004 0 0.001 0.009 0.002 0.042 0.004 0 0.013
0.475 0.567 0.595 0.289 0.39 0.18 0.231 0.194 0.107 0.003 0.054 0.924 1 0.266 0.019 0.718 0.054 0.109 0.202 0.417 0.429 0.016 0.027 0.241 0.272 0.331 0.273 0 0.069 0.012 0.084 0.057 0.225 0.027 0.015 0.067 0.02 0.009 0.138 0.024 0.01 0.089 0.009 0.048 0.042 0.014 0.005 0.052 0.001 0.004 0.006 0 0.001 0.059 0.005 0.032 0.008 0.002 0.005 0 0.001 0.008 0.003 0.042 0.003 0.001 0.013
0.213 0.238 0.26 0.132 0.571 0.011 0.749 0.632 0.37 0.004 0.003 0.282 0.266 1 0.01 0.33 0.026 0.047 0.092 0.571 0.2 0.009 0.012 0.016 0.429 0.14 0.105 0.004 0.006 0.001 0.219 0.134 0.084 0.008 0.015 0.041 0 0.006 0.006 0.135 0.042 0.048 0.001 0.021 0.019 0.001 0.004 0.005 0.004 0.003 0.001 0.003 0.003 0.005 0 0.01 0.002 0 0.004 0.001 0.004 0.003 0.004 0.004 0.005 0.008 0.005
0.042 0.035 0.035 0.068 0.015 0.006 0.009 0.007 0.004 0.002 0.002 0.018 0.019 0.01 1 0.03 0.389 0.027 0.109 0.016 0.05 0.005 0.803 0.009 0.016 0.036 0.037 0.002 0.003 0.002 0.017 0.015 0.056 0.005 0.008 0.08 0.286 0.003 0.006 0.057 0.025 0.034 0.168 0.298 0.299 0.245 0.002 0.003 0.002 0.013 0.162 0.001 0.002 0.003 0.444 0.006 0.189 0.175 0.004 0.002 0.003 0.003 0.22 0.002 0.003 0.004 0.006
0.538 0.615 0.646 0.298 0.445 0.201 0.265 0.223 0.122 0.006 0.061 0.76 0.718 0.33 0.03 1 0.054 0.113 0.207 0.491 0.487 0.026 0.023 0.231 0.329 0.363 0.243 0 0.043 0.006 0.06 0.034 0.184 0.015 0.014 0.049 0.016 0.018 0.13 0.021 0.005 0.102 0.013 0.037 0.036 0.009 0.007 0.035 0.011 0.008 0.003 0 0.006 0.041 0 0.031 0.008 0.003 0.013 0 0.006 0.008 0.001 0.042 0.005 0 0.013
0.007 0.002 0.002 0.027 0.03 0.016 0.015 0.012 0.01 0.159 0.005 0.052 0.054 0.026 0.389 0.054 1 0.061 0.267 0.04 0.104 0.012 0.42 0.023 0.036 0.099 0.117 0.004 0.004 0.005 0.043 0.038 0.154 0.012 0.031 0.197 0.672 0 0.011 0.159 0.064 0.037 0.425 0.728 0.707 0.605 0.006 0.004 0.135 0.056 0.36 0.004 0.004 0.004 0.275 0.015 0.467 0.452 0.087 0.006 0.146 0 0.487 0.002 0.007 0.006 0.126
0.152 0.131 0.13 0.276 0.068 0.022 0.041 0.035 0.017 0.011 0.009 0.112 0.109 0.047 0.027 0.113 0.061 1 0.422 0.073 0.22 0.023 0.02 0.042 0.035 0.164 0.042 0.008 0.015 0.039 0.023 0.03 0.062 0.133 0.066 0.033 0.071 0.062 0.028 0.034 0.024 0.206 0.103 0.052 0.045 0.064 0.007 0.01 0.01 0.006 0.087 0.006 0 0.014 0.027 0.026 0.06 0.091 0.004 0.004 0.015 0.007 0.075 0.011 0.018 0.012 0.01
0.146 0.112 0.112 0.319 0.122 0.048 0.069 0.058 0.034 0.044 0.017 0.203 0.202 0.092 0.109 0.207 0.267 0.422 1 0.143 0.405 0.045 0.135 0.083 0.088 0.33 0.17 0.015 0.024 0.016 0 0 0.238 0.058 0.12 0.042 0.16 0.045 0.048 0.027 0.094 0.045 0.052 0.21 0.214 0.145 0.001 0.017 0.036 0.013 0.045 0.012 0.003 0.021 0.067 0.052 0.101 0.053 0.028 0.012 0.033 0.005 0.092 0.016 0.004 0 0.033
0.276 0.312 0.342 0.189 0.801 0.013 0.455 0.375 0.176 0.007 0.005 0.421 0.417 0.571 0.016 0.491 0.04 0.073 0.143 1 0.302 0.014 0.019 0.02 0.715 0.211 0.157 0.005 0.009 0.002 0.208 0.14 0.126 0.012 0.043 0.026 0.007 0.009 0.002 0.092 0.023 0.058 0.002 0.036 0.032 0.003 0 0.009 0.006 0.005 0.002 0.004 0.002 0.008 0.001 0.016 0.008 0.004 0.007 0.006 0.004 0.004 0 0.007 0.001 0.007 0.008
0.351 0.362 0.388 0.586 0.257 0.11 0.158 0.132 0.074 0.021 0.037 0.449 0.429 0.2 0.05 0.487 0.104 0.22 0.405 0.302 1 0.044 0.062 0.174 0.227 0.768 0.564 0.026 0.052 0.013 0.029 0.015 0.451 0.037 0.103 0.002 0.066 0.014 0.102 0 0.167 0.201 0.002 0.112 0.101 0.054 0.001 0.038 0.019 0.009 0.004 0.02 0.011 0.045 0.022 0.002 0.045 0.008 0.016 0.025 0.015 0.016 0.033 0.033 0 0.001 0.023
0.001 0.03 0.031 0.008 0.013 0.005 0.008 0.006 0.003 0.002 0.002 0.021 0.016 0.009 0.005 0.026 0.012 0.023 0.045 0.014 0.044 1 0.006 0.008 0.014 0.041 0.052 0 0.003 0.002 0.014 0.013 0.015 0.004 0.101 0.032 0.014 0.001 0.005 0.022 0.031 0.003 0.017 0.009 0.008 0.011 0.002 0.002 0.002 0.002 0.016 0 0.074 0.003 0.004 0.265 0.011 0.016 0.002 0 0.003 0.001 0.012 0.002 0.003 0.004 0.003
0.053 0.043 0.044 0.074 0.018 0.008 0.011 0.009 0.005 0.003 0.002 0.026 0.027 0.012 0.803 0.023 0.42 0.02 0.135 0.019 0.062 0.006 1 0.011 0.02 0.047 0.051 0.002 0.004 0.002 0.021 0.018 0.074 0.006 0.011 0.084 0.318 0.004 0.007 0.056 0.033 0.03 0.183 0.332 0.308 0.272 0.003 0.004 0.003 0.01 0.128 0.002 0.002 0.004 0.512 0.007 0.175 0.19 0.002 0.003 0.004 0.002 0.245 0.003 0.003 0.005 0.003
0.189 0.234 0.231 0.095 0.023 0.634 0.014 0.012 0.006 0.004 0.206 0.256 0.241 0.016 0.009 0.231 0.023 0.042 0.083 0.02 0.174 0.008 0.011 1 0.025 0.146 0.099 0 0.325 0.003 0.026 0.022 0.075 0.007 0.002 0.031 0.018 0.005 0.337 0.026 0.008 0.039 0.048 0.017 0.015 0.018 0.018 0.268 0.003 0 0.032 0.003 0.003 0.289 0.005 0.009 0.002 0.025 0.001 0.001 0.001 0.002 0.009 0.223 0.018 0.006 0.003
0.173 0.206 0.222 0.134 0.566 0.018 0.324 0.251 0.172 0.003 0.005 0.273 0.272 0.429 0.016 0.329 0.036 0.035 0.088 0.715 0.227 0.014 0.02 0.025 1 0.293 0.242 0.005 0.009 0.002 0.357 0.273 0.202 0.013 0.044 0.064 0.006 0.009 0.001 0.118 0.063 0.07 0.002 0.032 0.029 0.002 0.002 0.009 0.006 0.005 0.003 0.004 0.005 0.008 0 0.017 0.008 0.004 0.007 0.006 0.005 0.004 0 0.007 0.003 0.012 0.008
0.25 0.259 0.275 0.481 0.179 0.087 0.109 0.084 0.078 0.019 0.039 0.347 0.331 0.14 0.036 0.363 0.099 0.164 0.33 0.211 0.768 0.041 0.047 0.146 0.293 1 0.732 0.028 0.068 0.017 0.061 0.041 0.604 0.038 0.125 0.016 0.066 0.028 0.124 0 0.226 0.235 0.001 0.114 0.103 0.054 0 0.055 0.018 0.003 0.001 0.021 0.015 0.063 0.024 0.003 0.039 0.004 0.015 0.027 0.014 0.033 0.028 0.049 0 0.005 0.015
0.145 0.157 0.169 0.297 0.132 0.047 0.08 0.061 0.061 0.025 0.031 0.274 0.273 0.105 0.037 0.243 0.117 0.042 0.17 0.157 0.564 0.052 0.051 0.099 0.242 0.732 1 0.021 0.049 0.021 0.264 0.237 0.8 0.048 0.086 0.067 0.089 0.02 0.098 0.006 0.319 0.216 0.007 0.14 0.125 0.075 0 0.042 0.023 0.01 0.009 0.016 0.019 0.041 0.028 0 0.064 0.017 0.013 0.02 0.026 0.026 0.051 0.039 0.003 0.004 0.027
0.004 0 0 0.022 0.001 0.002 0.005 0.007 0.02 0.001 0.004 0 0 0.004 0.002 0 0.004 0.008 0.015 0.005 0.026 0 0.002 0 0.005 0.028 0.021 1 0.001 0.001 0.005 0.004 0.024 0.001 0.105 0.016 0.005 0.001 0.002 0.013 0.047 0.012 0.008 0.005 0.004 0.006 0 0.001 0.001 0.001 0.007 0.165 0.001 0.001 0.003 0.002 0.005 0.008 0.001 0.729 0.001 0 0.006 0.001 0.001 0.001 0.001
0.049 0.062 0.061 0.019 0.008 0.267 0.005 0.004 0.002 0.001 0.001 0.072 0.069 0.006 0.003 0.043 0.004 0.015 0.024 0.009 0.052 0.003 0.004 0.325 0.009 0.068 0.049 0.001 1 0.001 0.01 0.008 0.046 0.003 0.009 0.052 0.009 0.002 0.355 0.004 0.02 0.023 0.07 0.009 0.008 0.007 0.015 0.442 0.001 0 0.086 0.001 0.001 0.457 0 0.003 0 0.075 0 0.001 0.002 0.001 0.001 0.417 0.01 0 0.002
0.004 0.004 0.012 0.024 0.005 0.002 0.003 0.003 0.001 0.001 0.001 0.011 0.012 0.001 0.002 0.006 0.005 0.039 0.016 0.002 0.013 0.002 0.002 0.003 0.002 0.017 0.021 0.001 0.001 1 0.006 0.005 0.025 0.002 0.006 0.01 0.002 0.001 0.002 0.01 0.01 0.004 0.005 0.002 0.002 0.003 0.001 0.001 0.001 0.001 0.005 0.001 0.001 0.001 0 0.002 0.003 0.005 0.001 0.006 0.001 0.001 0.003 0.001 0.001 0.001 0.001
0.021 0.03 0.037 0.008 0.165 0.018 0.15 0.096 0.045 0.007 0.005 0.073 0.084 0.219 0.017 0.06 0.043 0.023 0 0.208 0.029 0.014 0.021 0.026 0.357 0.061 0.264 0.005 0.01 0.006 1 0.863 0.22 0.013 0.047 0.271 0.044 0.107 0.001 0.171 0.208 0.021 0.031 0.042 0.037 0.038 0.007 0.009 0.007 0.004 0.024 0.004 0.005 0.009 0.002 0.017 0.012 0.032 0.002 0.007 0.005 0.005 0.015 0.007 0.009 0.002 0.008
0.009 0.02 0.019 0.002 0.105 0.016 0.168 0.107 0.05 0.006 0.005 0.047 0.057 0.134 0.015 0.034 0.038 0.03 0 0.14 0.015 0.013 0.018 0.022 0.273 0.041 0.237 0.004 0.008 0.005 0.863 1 0.206 0.012 0.041 0.246 0.041 0.123 0.013 0.142 0.26 0.016 0.065 0.038 0.034 0.046 0.006 0.007 0.006 0.004 0.055 0.004 0.005 0.007 0.021 0.015 0.042 0.061 0.002 0.006 0.007 0.004 0.046 0.005 0.008 0.004 0.007
0.136 0.109 0.119 0.379 0.104 0.032 0.063 0.047 0.052 0.029 0.026 0.22 0.225 0.084 0.056 0.184 0.154 0.062 0.238 0.126 0.451 0.015 0.074 0.075 0.202 0.604 0.8 0.024 0.046 0.025 0.22 0.206 1 0.056 0.217 0.034 0.125 0.015 0.084 0 0.462 0.273 0.022 0.185 0.166 0.11 0 0.036 0.027 0.013 0.025 0.02 0.008 0.034 0.047 0.079 0.097 0.037 0.016 0.021 0.034 0.022 0.081 0.034 0.004 0.007 0.032
0.034 0.028 0.028 0.052 0.012 0.005 0.007 0.006 0.003 0.002 0.001 0.026 0.027 0.008 0.005 0.015 0.012 0.133 0.058 0.012 0.037 0.004 0.006 0.007 0.013 0.038 0.048 0.001 0.003 0.002 0.013 0.012 0.056 1 0.009 0.037 0.01 0.003 0.005 0.022 0.027 0.074 0.015 0.007 0.006 0.008 0.002 0 0.002 0.002 0.014 0.001 0.001 0.002 0.005 0.003 0.009 0.018 0.002 0.002 0.003 0.001 0.01 0.002 0.002 0.016 0.002
0 0.021 0.021 0.196 0.026 0.018 0.012 0.009 0.001 0.007 0.115 0.015 0.015 0.015 0.008 0.014 0.031 0.066 0.12 0.043 0.103 0.101 0.011 0.002 0.044 0.125 0.086 0.105 0.009 0.006 0.047 0.041 0.217 0.009 1 0.146 0.043 0.009 0.016 0.099 0.411 0.1 0.072 0.041 0.037 0.05 0 0.005 0.006 0.003 0.067 0.076 0.005 0.009 0.024 0.358 0.048 0.069 0.007 0.109 0.01 0.097 0.052 0.006 0.001 0 0.006
0.054 0.08 0.087 0.002 0.018 0.056 0.026 0.013 0.004 0.042 0.014 0.066 0.067 0.041 0.08 0.049 0.197 0.033 0.042 0.026 0.002 0.032 0.084 0.031 0.064 0.016 0.067 0.016 0.052 0.01 0.271 0.246 0.034 0.037 0.146 1 0.214 0.04 0.113 0.37 0.001 0.145 0.346 0.25 0.224 0.188 0.007 0.05 0.042 0.014 0.28 0.013 0.012 0.056 0.124 0.056 0.24 0.287 0.024 0.021 0.063 0.015 0.214 0.045 0.012 0.02 0.032
0.001 0 0 0.019 0.003 0.013 0 0.001 0.002 0.125 0.003 0.016 0.02 0 0.286 0.016 0.672 0.071 0.16 0.007 0.066 0.014 0.318 0.018 0.006 0.066 0.089 0.005 0.009 0.002 0.044 0.041 0.125 0.01 0.043 0.214 1 0.009 0.017 0.237 0.103 0.069 0.592 0.819 0.736 0.862 0.007 0.009 0.114 0.061 0.499 0.004 0.004 0.004 0.273 0.017 0.541 0.568 0.076 0.006 0.159 0.004 0.695 0.007 0.009 0.012 0.119
0.004 0.008 0.008 0.022 0.009 0.004 0.005 0.004 0.002 0.001 0.001 0.016 0.009 0.006 0.003 0.018 0 0.062 0.045 0.009 0.014 0.001 0.004 0.005 0.009 0.028 0.02 0.001 0.002 0.001 0.107 0.123 0.015 0.003 0.009 0.04 0.009 1 0.004 0.003 0.01 0.045 0.015 0.009 0.008 0.01 0.001 0.002 0.001 0.001 0.011 0.001 0.001 0.002 0.005 0.004 0.01 0.015 0.001 0.001 0.002 0.001 0.011 0.001 0.002 0.001 0.002
0.102 0.107 0.127 0.064 0.002 0.356 0.008 0.006 0.004 0.002 0.002 0.143 0.138 0.006 0.006 0.13 0.011 0.028 0.048 0.002 0.102 0.005 0.007 0.337 0.001 0.124 0.098 0.002 0.355 0.002 0.001 0.013 0.084 0.005 0.016 0.113 0.017 0.004 1 0 0.038 0.041 0.223 0.016 0.015 0.009 0.002 0.47 0.002 0.002 0.168 0.002 0.002 0.444 0.013 0.006 0.016 0.137 0.003 0.002 0 0.002 0.007 0.402 0.003 0.005 0.003
0.025 0.04 0.046 0.001 0.08 0.021 0.111 0.085 0.021 0.027 0.011 0.023 0.024 0.135 0.057 0.021 0.159 0.034 0.027 0.092 0 0.022 0.056 0.026 0.118 0 0.006 0.013 0.004 0.01 0.171 0.142 0 0.022 0.099 0.37 0.237 0.003 0 1 0.006 0.098 0.208 0.221 0.218 0.255 0.018 0.001 0.039 0.027 0.206 0.011 0.003 0.001 0.104 0.046 0.193 0.198 0.016 0.017 0.045 0.003 0.249 0.005 0.023 0.021 0.035
0.01 0.001 0.001 0.202 0.018 0.039 0.059 0.036 0.026 0.015 0.039 0.008 0.01 0.042 0.025 0.005 0.064 0.024 0.094 0.023 0.167 0.031 0.033 0.008 0.063 0.226 0.319 0.047 0.02 0.01 0.208 0.26 0.462 0.027 0.411 0.001 0.103 0.01 0.038 0.006 1 0.154 0.171 0.098 0.089 0.119 0.003 0.02 0.014 0.012 0.16 0.04 0.011 0.019 0.055 0.169 0.114 0.165 0.011 0.046 0.021 0.043 0.123 0.015 0.007 0.001 0.019
0.116 0.093 0.091 0.225 0.067 0.015 0.04 0.041 0.026 0.003 0.013 0.102 0.089 0.048 0.034 0.102 0.037 0.206 0.045 0.058 0.201 0.003 0.03 0.039 0.07 0.235 0.216 0.012 0.023 0.004 0.021 0.016 0.273 0.074 0.1 0.145 0.069 0.045 0.041 0.098 0.154 1 0.137 0.065 0.057 0.084 0 0.016 0 0.004 0.098 0.01 0.028 0.021 0.053 0.042 0.06 0.103 0.009 0.012 0.001 0.011 0.073 0.017 0.006 0.017 0.008
0.031 0.041 0.048 0.001 0 0.062 0.001 0 0.001 0.082 0.006 0.012 0.009 0.001 0.168 0.013 0.425 0.103 0.052 0.002 0.002 0.017 0.183 0.048 0.002 0.001 0.007 0.008 0.07 0.005 0.031 0.065 0.022 0.015 0.072 0.346 0.592 0.015 0.223 0.208 0.171 0.137 1 0.572 0.519 0.649 0.011 0.102 0.083 0.034 0.821 0.007 0.008 0.111 0.305 0.029 0.569 0.839 0.045 0.011 0.126 0.007 0.644 0.09 0.014 0.02 0.073
0.006 0.004 0.004 0.038 0.026 0.012 0.015 0.012 0.01 0.142 0.003 0.043 0.048 0.021 0.298 0.037 0.728 0.052 0.21 0.036 0.112 0.009 0.332 0.017 0.032 0.114 0.14 0.005 0.009 0.002 0.042 0.038 0.185 0.007 0.041 0.25 0.819 0.009 0.016 0.221 0.098 0.065 0.572 1 0.905 0.822 0.006 0.008 0.145 0.065 0.497 0.004 0.005 0.004 0.343 0.017 0.677 0.557 0.087 0.006 0.193 0.004 0.655 0.006 0.008 0.012 0.135
0.003 0.002 0.002 0.034 0.023 0.01 0.013 0.01 0.009 0.129 0.003 0.037 0.042 0.019 0.299 0.036 0.707 0.045 0.214 0.032 0.101 0.008 0.308 0.015 0.029 0.103 0.125 0.004 0.008 0.002 0.037 0.034 0.166 0.006 0.037 0.224 0.736 0.008 0.015 0.218 0.089 0.057 0.519 0.905 1 0.752 0.006 0.008 0.159 0.076 0.492 0.004 0.004 0.003 0.302 0.015 0.607 0.507 0.1 0.006 0.212 0.004 0.589 0.006 0.008 0.011 0.153
0 0.001 0.001 0.015 0 0.015 0 0.002 0.006 0.115 0.004 0.011 0.014 0.001 0.245 0.009 0.605 0.064 0.145 0.003 0.054 0.011 0.272 0.018 0.002 0.054 0.075 0.006 0.007 0.003 0.038 0.046 0.11 0.008 0.05 0.188 0.862 0.01 0.009 0.255 0.119 0.084 0.649 0.822 0.752 1 0.008 0.01 0.12 0.07 0.58 0.005 0.006 0.005 0.32 0.02 0.614 0.638 0.087 0.007 0.158 0.005 0.733 0.008 0.01 0.014 0.113
0.003 0.005 0.005 0 0 0.005 0.004 0.003 0.002 0.001 0.024 0.006 0.005 0.004 0.002 0.007 0.006 0.007 0.001 0 0.001 0.002 0.003 0.018 0.002 0 0 0 0.015 0.001 0.007 0.006 0 0.002 0 0.007 0.007 0.001 0.002 0.018 0.003 0 0.011 0.006 0.006 0.008 1 0.001 0.001 0.001 0.01 0.001 0.001 0.001 0.004 0.003 0.007 0.011 0.001 0 0.001 0.001 0.008 0.001 0.71 0.058 0.001
0.035 0.045 0.045 0.019 0.008 0.229 0.005 0.004 0.002 0.001 0.001 0.053 0.052 0.005 0.003 0.035 0.004 0.01 0.017 0.009 0.038 0.002 0.004 0.268 0.009 0.055 0.042 0.001 0.442 0.001 0.009 0.007 0.036 0 0.005 0.05 0.009 0.002 0.47 0.001 0.02 0.016 0.102 0.008 0.008 0.01 0.001 1 0.001 0.001 0.11 0.001 0.001 0.856 0.005 0.003 0.01 0.103 0.001 0.001 0.002 0.001 0.011 0.772 0.002 0.002 0.002
0.021 0.028 0.027 0.01 0.005 0.002 0.003 0.003 0.001 0.029 0.001 0.002 0.001 0.004 0.002 0.011 0.135 0.01 0.036 0.006 0.019 0.002 0.003 0.003 0.006 0.018 0.023 0.001 0.001 0.001 0.007 0.006 0.027 0.002 0.006 0.042 0.114 0.001 0.002 0.039 0.014 0 0.083 0.145 0.159 0.12 0.001 0.001 1 0 0.086 0.001 0.001 0.001 0.001 0.002 0.125 0.079 0 0.001 0.447 0.001 0.075 0.001 0.001 0.002 0
0.001 0.001 0.001 0.001 0 0.001 0 0 0.001 0.084 0 0.003 0.004 0.003 0.013 0.008 0.056 0.006 0.013 0.005 0.009 0.002 0.01 0 0.005 0.003 0.01 0.001 0 0.001 0.004 0.004 0.013 0.002 0.003 0.014 0.061 0.001 0.002 0.027 0.012 0.004 0.034 0.065 0.076 0.07 0.001 0.001 0 1 0.075 0 0.001 0.001 0.001 0.002 0.097 0.073 0.238 0.001 0.001 0.001 0.065 0.001 0.001 0.001 0.52
0.025 0.033 0.039 0 0.001 0.036 0.002 0 0 0.075 0.006 0.009 0.006 0.001 0.162 0.003 0.36 0.087 0.045 0.002 0.004 0.016 0.128 0.032 0.003 0.001 0.009 0.007 0.086 0.005 0.024 0.055 0.025 0.014 0.067 0.28 0.499 0.011 0.168 0.206 0.16 0.098 0.821 0.497 0.492 0.58 0.01 0.11 0.086 0.075 1 0.006 0.008 0.119 0.244 0.027 0.647 0.88 0.084 0.01 0.131 0.007 0.668 0.096 0.014 0.019 0.121
0.002 0.001 0.001 0.02 0.004 0.002 0.002 0.002 0.001 0.001 0.035 0 0 0.003 0.001 0 0.004 0.006 0.012 0.004 0.02 0 0.002 0.003 0.004 0.021 0.016 0.165 0.001 0.001 0.004 0.004 0.02 0.001 0.076 0.013 0.004 0.001 0.002 0.011 0.04 0.01 0.007 0.004 0.004 0.005 0.001 0.001 0.001 0 0.006 1 0 0.001 0.002 0.002 0.004 0.007 0.001 0.141 0.001 0 0.005 0.001 0.001 0.001 0.001
0.003 0.004 0.002 0.008 0.002 0.002 0.003 0.002 0.001 0.001 0.001 0.002 0.001 0.003 0.002 0.006 0.004 0 0.003 0.002 0.011 0.074 0.002 0.003 0.005 0.015 0.019 0.001 0.001 0.001 0.005 0.005 0.008 0.001 0.005 0.012 0.004 0.001 0.002 0.003 0.011 0.028 0.008 0.005 0.004 0.006 0.001 0.001 0.001 0.001 0.008 0 1 0.001 0.003 0.002 0.005 0.008 0.001 0.001 0.001 0 0.006 0.001 0.001 0.001 0.001
0.04 0.051 0.051 0.017 0.008 0.248 0.005 0.004 0.002 0.001 0.001 0.061 0.059 0.005 0.003 0.041 0.004 0.014 0.021 0.008 0.045 0.003 0.004 0.289 0.008 0.063 0.041 0.001 0.457 0.001 0.009 0.007 0.034 0.002 0.009 0.056 0.004 0.002 0.444 0.001 0.019 0.021 0.111 0.004 0.003 0.005 0.001 0.856 0.001 0.001 0.119 0.001 0.001 1 0.004 0.003 0.005 0.111 0.001 0.001 0 0.001 0.006 0.713 0.002 0.002 0.002
0.012 0.015 0.01 0.033 0.001 0.002 0.013 0.011 0.006 0 0.003 0.004 0.005 0 0.444 0 0.275 0.027 0.067 0.001 0.022 0.004 0.512 0.005 0 0.024 0.028 0.003 0 0 0.002 0.021 0.047 0.005 0.024 0.124 0.273 0.005 0.013 0.104 0.055 0.053 0.305 0.343 0.302 0.32 0.004 0.005 0.001 0.001 0.244 0.002 0.003 0.004 1 0.009 0.329 0.314 0.002 0.003 0.003 0.002 0.371 0.004 0.005 0.006 0
0.002 0.036 0.037 0.08 0.015 0.006 0.009 0.007 0.004 0.002 0.002 0.031 0.032 0.01 0.006 0.031 0.015 0.026 0.052 0.016 0.002 0.265 0.007 0.009 0.017 0.003 0 0.002 0.003 0.002 0.017 0.015 0.079 0.003 0.358 0.056 0.017 0.004 0.006 0.046 0.169 0.042 0.029 0.017 0.015 0.02 0.003 0.003 0.002 0.002 0.027 0.002 0.002 0.003 0.009 1 0.019 0.028 0.003 0.002 0.004 0.002 0.021 0.003 0.003 0 0.003
0.002 0.002 0.004 0.005 0.004 0 0.017 0.014 0.012 0.096 0.004 0.005 0.008 0.002 0.189 0.008 0.467 0.06 0.101 0.008 0.045 0.011 0.175 0.002 0.008 0.039 0.064 0.005 0 0.003 0.012 0.042 0.097 0.009 0.048 0.24 0.541 0.01 0.016 0.193 0.114 0.06 0.569 0.677 0.607 0.614 0.007 0.01 0.125 0.097 0.647 0.004 0.005 0.005 0.329 0.019 1 0.613 0.119 0.007 0.189 0.005 0.731 0.008 0.01 0.013 0.159
0.014 0.026 0.027 0 0.002 0.029 0.002 0 0 0.084 0.006 0.003 0.002 0 0.175 0.003 0.452 0.091 0.053 0.004 0.008 0.016 0.19 0.025 0.004 0.004 0.017 0.008 0.075 0.005 0.032 0.061 0.037 0.018 0.069 0.287 0.568 0.015 0.137 0.198 0.165 0.103 0.839 0.557 0.507 0.638 0.011 0.103 0.079 0.073 0.88 0.007 0.008 0.111 0.314 0.028 0.613 1 0.081 0.01 0.13 0.007 0.681 0.089 0.014 0.013 0.116
0.001 0 0 0.005 0.001 0.001 0 0 0.002 0.108 0.001 0.004 0.005 0.004 0.004 0.013 0.087 0.004 0.028 0.007 0.016 0.002 0.002 0.001 0.007 0.015 0.013 0.001 0 0.001 0.002 0.002 0.016 0.002 0.007 0.024 0.076 0.001 0.003 0.016 0.011 0.009 0.045 0.087 0.1 0.087 0.001 0.001 0 0.238 0.084 0.001 0.001 0.001 0.002 0.003 0.119 0.081 1 0.001 0.001 0.001 0.078 0.001 0.001 0.002 0.519
0.001 0.001 0.001 0.02 0 0.002 0.002 0.004 0.013 0.001 0.002 0 0 0.001 0.002 0 0.006 0.004 0.012 0.006 0.025 0 0.003 0.001 0.006 0.027 0.02 0.729 0.001 0.006 0.007 0.006 0.021 0.002 0.109 0.021 0.006 0.001 0.002 0.017 0.046 0.012 0.011 0.006 0.006 0.007 0 0.001 0.001 0.001 0.01 0.141 0.001 0.001 0.003 0.002 0.007 0.01 0.001 1 0.001 0.001 0.008 0.001 0.001 0.002 0.001
0.03 0.038 0.039 0.011 0.003 0 0.003 0.002 0.002 0.032 0.001 0.001 0.001 0.004 0.003 0.006 0.146 0.015 0.033 0.004 0.015 0.003 0.004 0.001 0.005 0.014 0.026 0.001 0.002 0.001 0.005 0.007 0.034 0.003 0.01 0.063 0.159 0.002 0 0.045 0.021 0.001 0.126 0.193 0.212 0.158 0.001 0.002 0.447 0.001 0.131 0.001 0.001 0 0.003 0.004 0.189 0.13 0.001 0.001 1 0.001 0.132 0.001 0.002 0.003 0.001
0.004 0.01 0.01 0.01 0.004 0.002 0.002 0.002 0.001 0.001 0.001 0.009 0.008 0.003 0.003 0.008 0 0.007 0.005 0.004 0.016 0.001 0.002 0.002 0.004 0.033 0.026 0 0.001 0.001 0.005 0.004 0.022 0.001 0.097 0.015 0.004 0.001 0.002 0.003 0.043 0.011 0.007 0.004 0.004 0.005 0.001 0.001 0.001 0.001 0.007 0 0 0.001 0.002 0.002 0.005 0.007 0.001 0.001 0.001 1 0.005 0.001 0.001 0.001 0.001
0.001 0.002 0.004 0.006 0 0.003 0 0 0.001 0.081 0.004 0.002 0.003 0.004 0.22 0.001 0.487 0.075 0.092 0 0.033 0.012 0.245 0.009 0 0.028 0.051 0.006 0.001 0.003 0.015 0.046 0.081 0.01 0.052 0.214 0.695 0.011 0.007 0.249 0.123 0.073 0.644 0.655 0.589 0.733 0.008 0.011 0.075 0.065 0.668 0.005 0.006 0.006 0.371 0.021 0.731 0.681 0.078 0.008 0.132 0.005 1 0.008 0.01 0.015 0.139
0.027 0.035 0.035 0.015 0.006 0.239 0.004 0.003 0.002 0 0.001 0.042 0.042 0.004 0.002 0.042 0.002 0.011 0.016 0.007 0.033 0.002 0.003 0.223 0.007 0.049 0.039 0.001 0.417 0.001 0.007 0.005 0.034 0.002 0.006 0.045 0.007 0.001 0.402 0.005 0.015 0.017 0.09 0.006 0.006 0.008 0.001 0.772 0.001 0.001 0.096 0.001 0.001 0.713 0.004 0.003 0.008 0.089 0.001 0.001 0.001 0.001 0.008 1 0.001 0.002 0.001
0.001 0.003 0.003 0.002 0 0.007 0.005 0.004 0.002 0.001 0.017 0.004 0.003 0.005 0.003 0.005 0.007 0.018 0.004 0.001 0 0.003 0.003 0.018 0.003 0 0.003 0.001 0.01 0.001 0.009 0.008 0.004 0.002 0.001 0.012 0.009 0.002 0.003 0.023 0.007 0.006 0.014 0.008 0.008 0.01 0.71 0.002 0.001 0.001 0.014 0.001 0.001 0.002 0.005 0.003 0.01 0.014 0.001 0.001 0.002 0.001 0.01 0.001 1 0.116 0.002
0.003 0.001 0.001 0.007 0.006 0.001 0.007 0.006 0.003 0.002 0.01 0 0.001 0.008 0.004 0 0.006 0.012 0 0.007 0.001 0.004 0.005 0.006 0.012 0.005 0.004 0.001 0 0.001 0.002 0.004 0.007 0.016 0 0.02 0.012 0.001 0.005 0.021 0.001 0.017 0.02 0.012 0.011 0.014 0.058 0.002 0.002 0.001 0.019 0.001 0.001 0.002 0.006 0 0.013 0.013 0.002 0.002 0.003 0.001 0.015 0.002 0.116 1 0.002
0.003 0.002 0.002 0.006 0.002 0.002 0 0 0.002 0.209 0 0.013 0.013 0.005 0.006 0.013 0.126 0.01 0.033 0.008 0.023 0.003 0.003 0.003 0.008 0.015 0.027 0.001 0.002 0.001 0.008 0.007 0.032 0.002 0.006 0.032 0.119 0.002 0.003 0.035 0.019 0.008 0.073 0.135 0.153 0.113 0.001 0.002 0 0.52 0.121 0.001 0.001 0.002 0 0.003 0.159 0.116 0.519 0.001 0.001 0.001 0.139 0.001 0.002 0.002 1
