1 0.882 0.891 0.378 0.347 0.173 0.214 0.198 0.118 0.024 0.059 0.57 0.569 0.223 0.028 0.639 0.004 0.105 0.093 0.314 0.25 0.008 0.028 0.207 0.265 0.212 0.147 0.003 0.066 0.004 0.045 0.033 0.133 0.016 0.017 0.091 0 0.005 0.081 0.014 0.001 0.065 0.033 0.004 0.003 0 0.014 0.017 0.047 0.012 0.024 0.001 0.008 0.017 0.004 0.013 0.001 0.02 0.012 0.007 0.051 0.005 0.003 0.017 0.003 0.014 0.01
0.882 1 0.952 0.359 0.354 0.194 0.24 0.222 0.133 0.021 0.066 0.619 0.617 0.219 0.025 0.66 0.002 0.103 0.084 0.32 0.239 0.017 0.025 0.234 0.274 0.204 0.141 0.007 0.075 0.005 0.044 0.041 0.12 0.014 0.032 0.105 0.001 0.008 0.071 0.015 0 0.053 0.033 0.003 0.002 0 0.017 0.021 0.053 0.011 0.025 0.006 0.008 0.021 0.009 0.024 0.001 0.021 0.01 0.013 0.057 0.008 0.003 0.02 0.004 0.011 0.008
0.891 0.952 1 0.38 0.387 0.192 0.238 0.22 0.132 0.022 0.066 0.643 0.64 0.249 0.025 0.695 0.002 0.101 0.083 0.352 0.26 0.017 0.026 0.232 0.3 0.223 0.156 0.007 0.074 0.012 0.055 0.041 0.133 0.014 0.031 0.116 0.001 0.008 0.093 0.02 0 0.055 0.041 0.004 0.002 0 0.017 0.021 0.053 0.011 0.032 0.006 0.007 0.02 0.004 0.025 0.002 0.027 0.01 0.013 0.058 0.008 0.006 0.02 0.004 0.011 0.008
0.378 0.359 0.38 1 0.172 0.055 0.105 0.097 0.058 0.049 0.02 0.234 0.242 0.114 0.056 0.261 0.035 0.262 0.307 0.165 0.645 0.001 0.051 0.058 0.134 0.587 0.439 0.036 0.014 0.027 0.004 0.002 0.471 0.032 0.255 0 0.018 0.018 0.032 0.011 0.222 0.186 0.001 0.048 0.046 0.02 0 0.003 0.022 0.008 0.001 0.027 0.02 0.004 0.02 0.049 0.011 0.001 0.013 0.032 0.013 0.02 0.012 0.004 0.005 0.027 0.022
0.347 0.354 0.387 0.172 1 0.015 0.536 0.495 0.29 0.009 0.005 0.432 0.409 0.594 0.011 0.44 0.026 0.057 0.099 0.838 0.189 0.007 0.011 0.022 0.739 0.159 0.13 0.003 0.01 0.005 0.211 0.165 0.12 0.006 0.039 0.028 0 0.004 0 0.081 0.018 0.042 0 0.021 0.019 0 0.003 0.008 0.003 0.003 0 0.005 0.004 0.006 0.002 0.009 0.006 0 0.003 0.005 0.001 0.004 0.002 0.006 0.006 0.012 0.004
0.173 0.194 0.192 0.055 0.015 1 0.008 0.008 0.005 0.004 0.002 0.206 0.203 0.009 0.005 0.221 0.014 0.022 0.043 0.015 0.093 0.003 0.005 0.627 0.016 0.09 0.06 0.003 0.424 0.002 0.014 0.013 0.047 0.003 0.022 0.099 0.01 0.002 0.329 0.017 0.041 0.023 0.05 0.011 0.01 0.015 0.082 0.167 0.002 0.003 0.04 0.002 0.002 0.15 0 0.005 0.001 0.032 0.003 0.004 0.001 0.001 0 0.161 0.049 0 0.004
0.214 0.24 0.238 0.105 0.536 0.008 1 0.924 0.554 0.005 0.003 0.238 0.235 0.754 0.006 0.257 0.012 0.032 0.052 0.495 0.114 0.004 0.006 0.012 0.447 0.097 0.078 0.001 0.005 0.003 0.223 0.253 0.074 0.003 0.021 0.041 0.006 0.002 0.007 0.123 0.059 0.035 0 0.015 0.014 0.003 0.003 0.004 0.003 0.001 0 0.003 0.003 0.003 0.011 0.004 0.02 0 0.001 0.002 0.005 0.002 0.001 0.004 0.004 0.007 0.001
0.198 0.222 0.22 0.097 0.495 0.008 0.924 1 0.599 0.005 0.003 0.219 0.217 0.712 0.005 0.237 0.011 0.03 0.048 0.455 0.105 0.004 0.006 0.011 0.409 0.089 0.07 0.001 0.005 0.003 0.188 0.213 0.068 0.003 0.019 0.033 0.009 0.002 0.007 0.108 0.048 0.038 0 0.014 0.013 0.005 0.002 0.004 0.003 0 0 0.002 0.003 0.003 0.01 0.003 0.018 0 0.001 0.001 0.004 0.002 0.002 0.003 0.004 0.007 0.001
0.118 0.133 0.132 0.058 0.29 0.005 0.554 0.599 1 0.003 0.002 0.142 0.139 0.485 0.003 0.152 0.01 0.018 0.033 0.281 0.068 0.002 0.004 0.007 0.267 0.065 0.052 0 0.003 0.002 0.076 0.085 0.051 0.002 0.01 0.007 0.018 0.001 0.004 0.06 0.017 0.026 0.006 0.011 0.01 0.014 0.001 0.002 0.002 0.002 0.004 0.001 0.002 0.002 0.006 0.004 0.014 0.004 0.002 0 0.002 0.001 0.009 0.002 0.002 0.004 0.003
0.024 0.021 0.022 0.049 0.009 0.004 0.005 0.005 0.003 1 0.001 0.013 0.013 0.006 0.003 0.008 0.199 0.012 0.057 0.009 0.041 0.002 0.003 0.006 0.01 0.043 0.051 0.002 0.003 0.001 0.009 0.008 0.055 0.002 0.014 0.071 0.114 0.001 0.004 0.026 0.02 0.005 0.081 0.149 0.111 0.104 0.001 0.002 0.001 0.263 0.079 0.001 0.002 0.002 0 0.004 0.083 0.065 0.139 0.002 0.001 0.001 0.104 0.002 0.002 0.004 0.248
0.059 0.066 0.066 0.02 0.005 0.002 0.003 0.003 0.002 0.001 1 0.07 0.069 0.003 0.002 0.076 0.005 0.009 0.016 0.005 0.034 0.001 0.002 0.226 0.005 0.032 0.027 0 0.001 0.001 0.005 0.004 0.026 0.001 0.103 0.018 0.005 0.001 0.002 0.012 0.049 0.013 0.01 0.006 0.005 0.007 0.004 0.001 0.001 0.001 0.01 0.003 0.001 0.001 0.003 0.002 0.007 0.01 0.001 0 0.001 0.001 0.008 0.001 0.001 0 0.001
0.57 0.619 0.643 0.234 0.432 0.206 0.238 0.219 0.142 0.013 0.07 1 0.932 0.279 0.016 0.814 0.053 0.097 0.177 0.423 0.339 0.011 0.017 0.277 0.362 0.317 0.263 0.006 0.105 0.011 0.082 0.064 0.243 0.013 0.021 0.079 0.009 0.009 0.124 0.018 0.005 0.095 0.009 0.047 0.049 0.016 0.019 0.038 0.01 0.015 0.006 0.005 0.005 0.056 0 0.017 0.009 0.004 0.017 0.012 0.002 0.008 0 0.038 0.005 0.006 0.019
0.569 0.617 0.64 0.242 0.409 0.203 0.235 0.217 0.139 0.013 0.069 0.932 1 0.276 0.016 0.803 0.053 0.099 0.18 0.421 0.328 0.005 0.017 0.274 0.36 0.306 0.254 0.007 0.103 0.011 0.082 0.064 0.237 0.013 0.022 0.072 0.013 0.008 0.122 0.014 0.004 0.083 0.006 0.054 0.056 0.02 0.019 0.038 0.008 0.016 0.003 0.005 0.002 0.055 0 0.021 0.012 0.002 0.017 0.012 0.005 0.005 0.001 0.038 0.005 0.006 0.019
0.223 0.219 0.249 0.114 0.594 0.009 0.754 0.712 0.485 0.006 0.003 0.279 0.276 1 0.007 0.312 0.02 0.036 0.068 0.573 0.141 0.005 0.007 0.014 0.521 0.119 0.096 0.001 0.006 0.002 0.284 0.213 0.092 0.004 0.021 0.051 0.002 0.003 0.003 0.128 0.047 0.037 0.003 0.021 0.02 0.001 0.003 0.005 0.003 0.005 0.003 0.003 0.003 0.004 0 0.005 0.006 0.002 0.005 0.002 0.005 0.002 0.008 0.004 0.005 0.009 0.006
0.028 0.025 0.025 0.056 0.011 0.005 0.006 0.005 0.003 0.003 0.002 0.016 0.016 0.007 1 0.021 0.337 0.019 0.099 0.011 0.047 0.002 0.932 0.007 0.011 0.049 0.05 0.002 0.003 0.002 0.01 0.009 0.062 0.002 0.015 0.09 0.297 0.001 0.004 0.077 0.029 0.021 0.165 0.283 0.287 0.228 0.001 0.002 0.002 0.001 0.132 0.002 0.002 0.002 0.433 0.004 0.189 0.162 0.001 0.003 0.003 0.001 0.211 0.002 0.002 0.004 0
0.639 0.66 0.695 0.261 0.44 0.221 0.257 0.237 0.152 0.008 0.076 0.814 0.803 0.312 0.021 1 0.048 0.102 0.177 0.493 0.393 0.015 0.019 0.264 0.425 0.345 0.264 0.006 0.083 0.009 0.076 0.058 0.235 0.012 0.021 0.068 0.007 0.008 0.105 0.015 0.004 0.096 0.009 0.042 0.046 0.012 0.021 0.023 0.01 0.015 0.005 0.004 0.009 0.036 0 0.021 0.008 0.003 0.016 0.011 0.004 0.007 0 0.025 0.006 0.008 0.018
0.004 0.002 0.002 0.035 0.026 0.014 0.012 0.011 0.01 0.199 0.005 0.053 0.053 0.02 0.337 0.048 1 0.051 0.286 0.032 0.137 0.007 0.354 0.021 0.033 0.132 0.15 0.006 0.003 0.005 0.031 0.027 0.17 0.006 0.046 0.255 0.619 0.002 0.005 0.137 0.078 0.022 0.455 0.745 0.682 0.579 0.004 0.001 0.129 0.065 0.389 0.004 0.005 0.001 0.199 0.012 0.496 0.43 0.121 0.008 0.14 0.003 0.466 0.001 0.007 0.01 0.189
0.105 0.103 0.101 0.262 0.057 0.022 0.032 0.03 0.018 0.012 0.009 0.097 0.099 0.036 0.019 0.102 0.051 1 0.422 0.058 0.218 0.013 0.02 0.039 0.035 0.217 0.092 0.011 0.017 0.06 0.024 0.022 0.109 0.093 0.078 0.032 0.058 0.054 0.023 0.011 0.031 0.181 0.063 0.025 0.021 0.035 0 0.005 0.009 0.009 0.063 0.008 0.003 0.011 0.01 0.018 0.037 0.066 0.011 0.006 0.014 0.006 0.046 0.011 0.022 0.053 0.008
0.093 0.084 0.083 0.307 0.099 0.043 0.052 0.048 0.033 0.057 0.016 0.177 0.18 0.068 0.099 0.177 0.286 0.422 1 0.108 0.424 0.024 0.104 0.072 0.08 0.415 0.265 0.021 0.02 0.029 0.001 0.001 0.309 0.034 0.149 0.061 0.149 0.031 0.031 0.044 0.112 0.044 0.089 0.265 0.251 0.173 0 0.007 0.035 0.012 0.069 0.015 0.009 0.011 0.065 0.036 0.137 0.071 0.03 0.016 0.031 0.011 0.113 0.01 0.006 0.014 0.061
0.314 0.32 0.352 0.165 0.838 0.015 0.495 0.455 0.281 0.009 0.005 0.423 0.421 0.573 0.011 0.493 0.032 0.058 0.108 1 0.226 0.008 0.012 0.023 0.888 0.189 0.154 0.006 0.01 0.004 0.222 0.176 0.146 0.006 0.048 0.02 0.001 0.004 0 0.072 0.016 0.044 0.001 0.035 0.033 0.002 0.003 0.008 0.005 0.007 0.002 0.005 0.004 0.001 0 0.01 0.014 0.002 0.008 0.008 0.008 0.004 0 0.006 0.006 0.012 0.009
0.25 0.239 0.26 0.645 0.189 0.093 0.114 0.105 0.068 0.041 0.034 0.339 0.328 0.141 0.047 0.393 0.137 0.218 0.424 0.226 1 0.033 0.05 0.114 0.191 0.839 0.677 0.033 0.034 0.02 0.011 0.007 0.616 0.007 0.242 0.003 0.064 0.016 0.041 0.017 0.237 0.225 0.023 0.144 0.135 0.069 0.006 0.005 0.022 0.014 0.021 0.021 0.022 0.012 0.022 0.024 0.064 0.025 0.017 0.03 0.021 0.023 0.046 0.006 0 0.002 0.039
0.008 0.017 0.017 0.001 0.007 0.003 0.004 0.004 0.002 0.002 0.001 0.011 0.005 0.005 0.002 0.015 0.007 0.013 0.024 0.008 0.033 1 0.003 0.005 0.008 0.035 0.042 0.001 0.002 0.001 0.007 0.006 0 0.001 0.009 0.021 0.008 0 0.003 0.005 0.001 0 0.011 0.005 0.005 0.007 0.001 0.002 0.001 0.002 0.011 0.002 0.14 0.001 0.002 0.031 0.007 0.011 0.002 0 0.002 0.001 0.008 0.001 0.002 0.003 0.002
0.028 0.025 0.026 0.051 0.011 0.005 0.006 0.006 0.004 0.003 0.002 0.017 0.017 0.007 0.932 0.019 0.354 0.02 0.104 0.012 0.05 0.003 1 0.008 0.012 0.052 0.054 0.002 0.003 0.002 0.011 0.01 0.066 0.002 0.016 0.095 0.316 0.001 0.004 0.073 0.031 0.023 0.175 0.301 0.28 0.243 0.001 0.003 0.002 0.001 0.121 0.002 0.002 0.002 0.465 0.005 0.194 0.172 0.001 0.003 0.003 0.001 0.225 0.002 0.003 0.005 0
0.207 0.234 0.232 0.058 0.022 0.627 0.012 0.011 0.007 0.006 0.226 0.277 0.274 0.014 0.007 0.264 0.021 0.039 0.072 0.023 0.114 0.005 0.008 1 0.024 0.139 0.107 0.002 0.356 0.003 0.022 0.015 0.089 0.004 0.001 0.056 0.018 0.003 0.326 0.022 0.005 0.046 0.036 0.019 0.018 0.025 0.073 0.219 0.003 0.005 0.028 0 0.004 0.178 0.001 0.008 0.001 0.023 0.005 0.004 0 0.002 0.003 0.215 0.041 0 0.006
0.265 0.274 0.3 0.134 0.739 0.016 0.447 0.409 0.267 0.01 0.005 0.362 0.36 0.521 0.011 0.425 0.033 0.035 0.08 0.888 0.191 0.008 0.012 0.024 1 0.217 0.182 0.007 0.01 0.004 0.277 0.23 0.165 0.007 0.05 0.03 0.001 0.004 0 0.085 0.026 0.048 0.002 0.037 0.035 0.003 0.004 0.008 0.005 0.008 0.003 0.005 0.006 0.001 0.001 0.01 0.016 0.003 0.008 0.008 0.008 0.004 0 0.007 0.007 0.014 0.01
0.212 0.204 0.223 0.587 0.159 0.09 0.097 0.089 0.065 0.043 0.032 0.317 0.306 0.119 0.049 0.345 0.132 0.217 0.415 0.189 0.839 0.035 0.052 0.139 0.217 1 0.792 0.031 0.062 0.024 0.023 0.02 0.712 0.028 0.229 0 0.071 0.019 0.083 0.009 0.258 0.266 0.013 0.154 0.145 0.077 0.005 0.034 0.023 0.01 0.01 0.02 0.025 0.042 0.026 0.022 0.067 0.013 0.019 0.028 0.023 0.023 0.048 0.041 0 0.013 0.033
0.147 0.141 0.156 0.439 0.13 0.06 0.078 0.07 0.052 0.051 0.027 0.263 0.254 0.096 0.05 0.264 0.15 0.092 0.265 0.154 0.677 0.042 0.054 0.107 0.182 0.792 1 0.025 0.052 0.029 0.146 0.151 0.885 0.034 0.185 0.015 0.096 0.015 0.07 0.001 0.355 0.256 0.029 0.187 0.171 0.102 0.003 0.028 0.027 0.017 0.025 0.016 0.03 0.026 0.031 0.016 0.096 0.03 0.021 0.022 0.037 0.019 0.075 0.034 0.001 0.012 0.045
0.003 0.007 0.007 0.036 0.003 0.003 0.001 0.001 0 0.002 0 0.006 0.007 0.001 0.002 0.006 0.006 0.011 0.021 0.006 0.033 0.001 0.002 0.002 0.007 0.031 0.025 1 0.002 0.001 0.006 0.005 0.033 0.001 0.13 0.023 0.007 0.001 0.003 0.016 0.038 0.016 0.012 0.007 0.007 0.009 0 0.002 0.001 0.001 0.013 0.312 0.001 0.001 0.004 0.003 0.009 0.013 0.002 0.478 0.002 0.001 0.009 0.001 0.001 0.003 0.002
0.066 0.075 0.074 0.014 0.01 0.424 0.005 0.005 0.003 0.003 0.001 0.105 0.103 0.006 0.003 0.083 0.003 0.017 0.02 0.01 0.034 0.002 0.003 0.356 0.01 0.062 0.052 0.002 1 0.001 0.009 0.008 0.048 0.002 0.014 0.082 0.01 0.001 0.356 0.006 0.027 0.024 0.058 0.011 0.01 0.013 0.134 0.268 0.001 0.002 0.057 0.001 0.002 0.245 0.002 0.004 0 0.049 0.002 0.002 0.002 0.001 0 0.315 0.077 0.001 0.003
0.004 0.005 0.012 0.027 0.005 0.002 0.003 0.003 0.002 0.001 0.001 0.011 0.011 0.002 0.002 0.009 0.005 0.06 0.029 0.004 0.02 0.001 0.002 0.003 0.004 0.024 0.029 0.001 0.001 1 0.005 0.004 0.031 0.001 0.008 0.014 0.004 0.001 0.002 0.011 0.011 0.007 0.008 0.004 0.004 0.006 0.001 0.001 0.001 0.001 0.008 0.001 0 0.001 0.002 0.002 0.006 0.008 0.001 0.005 0.001 0.001 0.006 0.001 0.001 0.002 0.001
0.045 0.044 0.055 0.004 0.211 0.014 0.223 0.188 0.076 0.009 0.005 0.082 0.082 0.284 0.01 0.076 0.031 0.024 0.001 0.222 0.011 0.007 0.011 0.022 0.277 0.023 0.146 0.006 0.009 0.005 1 0.842 0.136 0.006 0.048 0.223 0.034 0.101 0 0.185 0.17 0.012 0.03 0.035 0.031 0.04 0.005 0.008 0.005 0.005 0.028 0.005 0.005 0.006 0.002 0.009 0.015 0.029 0.005 0.008 0.008 0.003 0.017 0.006 0.007 0 0.006
0.033 0.041 0.041 0.002 0.165 0.013 0.253 0.213 0.085 0.008 0.004 0.064 0.064 0.213 0.009 0.058 0.027 0.022 0.001 0.176 0.007 0.006 0.01 0.015 0.23 0.02 0.151 0.005 0.008 0.004 0.842 1 0.142 0.005 0.041 0.223 0.029 0.121 0.007 0.165 0.214 0.014 0.048 0.031 0.026 0.036 0.004 0.003 0.004 0.004 0.046 0.004 0.005 0.002 0.017 0.008 0.036 0.046 0.004 0.007 0.007 0.003 0.038 0.002 0.006 0.005 0.005
0.133 0.12 0.133 0.471 0.12 0.047 0.074 0.068 0.051 0.055 0.026 0.243 0.237 0.092 0.062 0.235 0.17 0.109 0.309 0.146 0.616 0 0.066 0.089 0.165 0.712 0.885 0.033 0.048 0.031 0.136 0.142 1 0.036 0.243 0.008 0.11 0.014 0.067 0.003 0.407 0.28 0.038 0.209 0.193 0.117 0.002 0.026 0.029 0.019 0.033 0.024 0.012 0.024 0.038 0.042 0.111 0.039 0.023 0.028 0.04 0.018 0.088 0.032 0.002 0.014 0.048
0.016 0.014 0.014 0.032 0.006 0.003 0.003 0.003 0.002 0.002 0.001 0.013 0.013 0.004 0.002 0.012 0.006 0.093 0.034 0.006 0.007 0.001 0.002 0.004 0.007 0.028 0.034 0.001 0.002 0.001 0.006 0.005 0.036 1 0.006 0.02 0.006 0.001 0.002 0.005 0.017 0.045 0.006 0.002 0.002 0.003 0.001 0 0.001 0.001 0.006 0.001 0.001 0.001 0.003 0.002 0.003 0.011 0.001 0.001 0.002 0.001 0.004 0.001 0.001 0.036 0.002
0.017 0.032 0.031 0.255 0.039 0.022 0.021 0.019 0.01 0.014 0.103 0.021 0.022 0.021 0.015 0.021 0.046 0.078 0.149 0.048 0.242 0.009 0.016 0.001 0.05 0.229 0.185 0.13 0.014 0.008 0.048 0.041 0.243 0.006 1 0.174 0.051 0.006 0.02 0.105 0.468 0.1 0.092 0.055 0.052 0.066 0.001 0.008 0.007 0.011 0.094 0.089 0.008 0.01 0.031 0.188 0.069 0.094 0.012 0.131 0.013 0.073 0.071 0.009 0.005 0.001 0.013
0.091 0.105 0.116 0 0.028 0.099 0.041 0.033 0.007 0.071 0.018 0.079 0.072 0.051 0.09 0.068 0.255 0.032 0.061 0.02 0.003 0.021 0.095 0.056 0.03 0 0.015 0.023 0.082 0.014 0.223 0.223 0.008 0.02 0.174 1 0.186 0.032 0.113 0.309 0.001 0.086 0.316 0.23 0.208 0.142 0.003 0.048 0.042 0.024 0.257 0.017 0.017 0.041 0.095 0.034 0.223 0.263 0.024 0.028 0.071 0.013 0.189 0.055 0 0.022 0.045
0 0.001 0.001 0.018 0 0.01 0.006 0.009 0.018 0.114 0.005 0.009 0.013 0.002 0.297 0.007 0.619 0.058 0.149 0.001 0.064 0.008 0.316 0.018 0.001 0.071 0.096 0.007 0.01 0.004 0.034 0.029 0.11 0.006 0.051 0.186 1 0.004 0.014 0.211 0.098 0.039 0.547 0.672 0.633 0.749 0.004 0.008 0.055 0.06 0.466 0.005 0.006 0.002 0.187 0.014 0.443 0.503 0.092 0.009 0.119 0.004 0.656 0.007 0.008 0.014 0.15
0.005 0.008 0.008 0.018 0.004 0.002 0.002 0.002 0.001 0.001 0.001 0.009 0.008 0.003 0.001 0.008 0.002 0.054 0.031 0.004 0.016 0 0.001 0.003 0.004 0.019 0.015 0.001 0.001 0.001 0.101 0.121 0.014 0.001 0.006 0.032 0.004 1 0.002 0.005 0.015 0.015 0.008 0.005 0.004 0.006 0.001 0.001 0.001 0.001 0.008 0.001 0.001 0.001 0.003 0.002 0.006 0.008 0.001 0.001 0.001 0 0.006 0.001 0.001 0.002 0.001
0.081 0.071 0.093 0.032 0 0.329 0.007 0.007 0.004 0.004 0.002 0.124 0.122 0.003 0.004 0.105 0.005 0.023 0.031 0 0.041 0.003 0.004 0.326 0 0.083 0.07 0.003 0.356 0.002 0 0.007 0.067 0.002 0.02 0.113 0.014 0.002 1 0 0.037 0.033 0.208 0.015 0.014 0.017 0.002 0.482 0.002 0.003 0.184 0.002 0.002 0.337 0.022 0.004 0.018 0.163 0.003 0.003 0 0.001 0.011 0.482 0.003 0.005 0.004
0.014 0.015 0.02 0.011 0.081 0.017 0.123 0.108 0.06 0.026 0.012 0.018 0.014 0.128 0.077 0.015 0.137 0.011 0.044 0.072 0.017 0.005 0.073 0.022 0.085 0.009 0.001 0.016 0.006 0.011 0.185 0.165 0.003 0.005 0.105 0.309 0.211 0.005 0 1 0 0.049 0.191 0.209 0.199 0.206 0.012 0.001 0.015 0.025 0.18 0.012 0.001 0 0.103 0.032 0.163 0.166 0.02 0.02 0.017 0.003 0.218 0.002 0.019 0.022 0.053
0.001 0 0 0.222 0.018 0.041 0.059 0.048 0.017 0.02 0.049 0.005 0.004 0.047 0.029 0.004 0.078 0.031 0.112 0.016 0.237 0.001 0.031 0.005 0.026 0.258 0.355 0.038 0.027 0.011 0.17 0.214 0.407 0.017 0.468 0.001 0.098 0.015 0.037 0 1 0.147 0.178 0.103 0.097 0.128 0.006 0.022 0.014 0.02 0.18 0.051 0.015 0.018 0.058 0.143 0.13 0.181 0.022 0.067 0.024 0.039 0.137 0.018 0.014 0.004 0.025
0.065 0.053 0.055 0.186 0.042 0.023 0.035 0.038 0.026 0.005 0.013 0.095 0.083 0.037 0.021 0.096 0.022 0.181 0.044 0.044 0.225 0 0.023 0.046 0.048 0.266 0.256 0.016 0.024 0.007 0.012 0.014 0.28 0.045 0.1 0.086 0.039 0.015 0.033 0.049 0.147 1 0.091 0.035 0.031 0.053 0.007 0.01 0.003 0.002 0.076 0.012 0.034 0.017 0.037 0.028 0.038 0.071 0.01 0.01 0 0.009 0.045 0.016 0.002 0.049 0.012
0.033 0.033 0.041 0.001 0 0.05 0 0 0.006 0.081 0.01 0.009 0.006 0.003 0.165 0.009 0.455 0.063 0.089 0.001 0.023 0.011 0.175 0.036 0.002 0.013 0.029 0.012 0.058 0.008 0.03 0.048 0.038 0.006 0.092 0.316 0.547 0.008 0.208 0.191 0.178 0.091 1 0.58 0.538 0.617 0.008 0.094 0.078 0.027 0.865 0.009 0.01 0.079 0.286 0.025 0.579 0.857 0.055 0.015 0.133 0.007 0.686 0.1 0.015 0.026 0.103
0.004 0.003 0.004 0.048 0.021 0.011 0.015 0.014 0.011 0.149 0.006 0.047 0.054 0.021 0.283 0.042 0.745 0.025 0.265 0.035 0.144 0.005 0.301 0.019 0.037 0.154 0.187 0.007 0.011 0.004 0.035 0.031 0.209 0.002 0.055 0.23 0.672 0.005 0.015 0.209 0.103 0.035 0.58 1 0.926 0.785 0.005 0.009 0.134 0.057 0.497 0.005 0.006 0.002 0.297 0.015 0.686 0.514 0.106 0.009 0.198 0.004 0.626 0.007 0.009 0.015 0.185
0.003 0.002 0.002 0.046 0.019 0.01 0.014 0.013 0.01 0.111 0.005 0.049 0.056 0.02 0.287 0.046 0.682 0.021 0.251 0.033 0.135 0.005 0.28 0.018 0.035 0.145 0.171 0.007 0.01 0.004 0.031 0.026 0.193 0.002 0.052 0.208 0.633 0.004 0.014 0.199 0.097 0.031 0.538 0.926 1 0.741 0.005 0.008 0.142 0.069 0.493 0.005 0.006 0.002 0.241 0.014 0.643 0.483 0.123 0.008 0.21 0.004 0.585 0.007 0.008 0.014 0.208
0 0 0 0.02 0 0.015 0.003 0.005 0.014 0.104 0.007 0.016 0.02 0.001 0.228 0.012 0.579 0.035 0.173 0.002 0.069 0.007 0.243 0.025 0.003 0.077 0.102 0.009 0.013 0.006 0.04 0.036 0.117 0.003 0.066 0.142 0.749 0.006 0.017 0.206 0.128 0.053 0.617 0.785 0.741 1 0.006 0.011 0.108 0.085 0.588 0.007 0.008 0.004 0.237 0.019 0.588 0.605 0.121 0.011 0.158 0.005 0.687 0.009 0.011 0.019 0.156
0.014 0.017 0.017 0 0.003 0.082 0.003 0.002 0.001 0.001 0.004 0.019 0.019 0.003 0.001 0.021 0.004 0 0 0.003 0.006 0.001 0.001 0.073 0.004 0.005 0.003 0 0.134 0.001 0.005 0.004 0.002 0.001 0.001 0.003 0.004 0.001 0.002 0.012 0.006 0.007 0.008 0.005 0.005 0.006 1 0.001 0.001 0.001 0.009 0.001 0.001 0.001 0.002 0.002 0.006 0.009 0.001 0.001 0.001 0.001 0.006 0.001 0.574 0.031 0.001
0.017 0.021 0.021 0.003 0.008 0.167 0.004 0.004 0.002 0.002 0.001 0.038 0.038 0.005 0.002 0.023 0.001 0.005 0.007 0.008 0.005 0.002 0.003 0.219 0.008 0.034 0.028 0.002 0.268 0.001 0.008 0.003 0.026 0 0.008 0.048 0.008 0.001 0.482 0.001 0.022 0.01 0.094 0.009 0.008 0.011 0.001 1 0.001 0.002 0.093 0.001 0.001 0.57 0.005 0.003 0.011 0.088 0.002 0.002 0.002 0.001 0.012 0.806 0.002 0.003 0.002
0.047 0.053 0.053 0.022 0.003 0.002 0.003 0.003 0.002 0.001 0.001 0.01 0.008 0.003 0.002 0.01 0.129 0.009 0.035 0.005 0.022 0.001 0.002 0.003 0.005 0.023 0.027 0.001 0.001 0.001 0.005 0.004 0.029 0.001 0.007 0.042 0.055 0.001 0.002 0.015 0.014 0.003 0.078 0.134 0.142 0.108 0.001 0.001 1 0.001 0.07 0.001 0.001 0.001 0 0.002 0.106 0.069 0.001 0.001 0.444 0.001 0.036 0.001 0.001 0.002 0.001
0.012 0.011 0.011 0.008 0.003 0.003 0.001 0 0.002 0.263 0.001 0.015 0.016 0.005 0.001 0.015 0.065 0.009 0.012 0.007 0.014 0.002 0.001 0.005 0.008 0.01 0.017 0.001 0.002 0.001 0.005 0.004 0.019 0.001 0.011 0.024 0.06 0.001 0.003 0.025 0.02 0.002 0.027 0.057 0.069 0.085 0.001 0.002 0.001 1 0.071 0.001 0.001 0.001 0.005 0.003 0.07 0.056 0.268 0.002 0.001 0.001 0.055 0.001 0.002 0.003 0.375
0.024 0.025 0.032 0.001 0 0.04 0 0 0.004 0.079 0.01 0.006 0.003 0.003 0.132 0.005 0.389 0.063 0.069 0.002 0.021 0.011 0.121 0.028 0.003 0.01 0.025 0.013 0.057 0.008 0.028 0.046 0.033 0.006 0.094 0.257 0.466 0.008 0.184 0.18 0.18 0.076 0.865 0.497 0.493 0.588 0.009 0.093 0.07 0.071 1 0.009 0.011 0.078 0.239 0.025 0.63 0.909 0.122 0.016 0.124 0.007 0.687 0.099 0.015 0.026 0.138
0.001 0.006 0.006 0.027 0.005 0.002 0.003 0.002 0.001 0.001 0.003 0.005 0.005 0.003 0.002 0.004 0.004 0.008 0.015 0.005 0.021 0.002 0.002 0 0.005 0.02 0.016 0.312 0.001 0.001 0.005 0.004 0.024 0.001 0.089 0.017 0.005 0.001 0.002 0.012 0.051 0.012 0.009 0.005 0.005 0.007 0.001 0.001 0.001 0.001 0.009 1 0.001 0.001 0.003 0.002 0.007 0.009 0.001 0.253 0.001 0.001 0.007 0.001 0.001 0.002 0.001
0.008 0.008 0.007 0.02 0.004 0.002 0.003 0.003 0.002 0.002 0.001 0.005 0.002 0.003 0.002 0.009 0.005 0.003 0.009 0.004 0.022 0.14 0.002 0.004 0.006 0.025 0.03 0.001 0.002 0 0.005 0.005 0.012 0.001 0.008 0.017 0.006 0.001 0.002 0.001 0.015 0.034 0.01 0.006 0.006 0.008 0.001 0.001 0.001 0.001 0.011 0.001 1 0.001 0.003 0.002 0.008 0.011 0.001 0.001 0.001 0.001 0.008 0.001 0.001 0.002 0.001
0.017 0.021 0.02 0.004 0.006 0.15 0.003 0.003 0.002 0.002 0.001 0.056 0.055 0.004 0.002 0.036 0.001 0.011 0.011 0.001 0.012 0.001 0.002 0.178 0.001 0.042 0.026 0.001 0.245 0.001 0.006 0.002 0.024 0.001 0.01 0.041 0.002 0.001 0.337 0 0.018 0.017 0.079 0.002 0.002 0.004 0.001 0.57 0.001 0.001 0.078 0.001 0.001 1 0 0.003 0.004 0.073 0.002 0.002 0.001 0.001 0.004 0.529 0.002 0.003 0.002
0.004 0.009 0.004 0.02 0.002 0 0.011 0.01 0.006 0 0.003 0 0 0 0.433 0 0.199 0.01 0.065 0 0.022 0.002 0.465 0.001 0.001 0.026 0.031 0.004 0.002 0.002 0.002 0.017 0.038 0.003 0.031 0.095 0.187 0.003 0.022 0.103 0.058 0.037 0.286 0.297 0.241 0.237 0.002 0.005 0 0.005 0.239 0.003 0.003 0 1 0.009 0.363 0.29 0.005 0.005 0.001 0.002 0.343 0.004 0.005 0.009 0.001
0.013 0.024 0.025 0.049 0.009 0.005 0.004 0.003 0.004 0.004 0.002 0.017 0.021 0.005 0.004 0.021 0.012 0.018 0.036 0.01 0.024 0.031 0.005 0.008 0.01 0.022 0.016 0.003 0.004 0.002 0.009 0.008 0.042 0.002 0.188 0.034 0.014 0.002 0.004 0.032 0.143 0.028 0.025 0.015 0.014 0.019 0.002 0.003 0.002 0.003 0.025 0.002 0.002 0.003 0.009 1 0.018 0.025 0.003 0.003 0.003 0.001 0.02 0.003 0.003 0.002 0.004
0.001 0.001 0.002 0.011 0.006 0.001 0.02 0.018 0.014 0.083 0.007 0.009 0.012 0.006 0.189 0.008 0.496 0.037 0.137 0.014 0.064 0.007 0.194 0.001 0.016 0.067 0.096 0.009 0 0.006 0.015 0.036 0.111 0.003 0.069 0.223 0.443 0.006 0.018 0.163 0.13 0.038 0.579 0.686 0.643 0.588 0.006 0.011 0.106 0.07 0.63 0.007 0.008 0.004 0.363 0.018 1 0.62 0.169 0.011 0.182 0.005 0.711 0.009 0.011 0.019 0.15
0.02 0.021 0.027 0.001 0 0.032 0 0 0.004 0.065 0.01 0.004 0.002 0.002 0.162 0.003 0.43 0.066 0.071 0.002 0.025 0.011 0.172 0.023 0.003 0.013 0.03 0.013 0.049 0.008 0.029 0.046 0.039 0.011 0.094 0.263 0.503 0.008 0.163 0.166 0.181 0.071 0.857 0.514 0.483 0.605 0.009 0.088 0.069 0.056 0.909 0.009 0.011 0.073 0.29 0.025 0.62 1 0.121 0.016 0.13 0.007 0.685 0.094 0.015 0.022 0.119
0.012 0.01 0.01 0.013 0.003 0.003 0.001 0.001 0.002 0.139 0.001 0.017 0.017 0.005 0.001 0.016 0.121 0.011 0.03 0.008 0.017 0.002 0.001 0.005 0.008 0.019 0.021 0.002 0.002 0.001 0.005 0.004 0.023 0.001 0.012 0.024 0.092 0.001 0.003 0.02 0.022 0.01 0.055 0.106 0.123 0.121 0.001 0.002 0.001 0.268 0.122 0.001 0.001 0.002 0.005 0.003 0.169 0.121 1 0.002 0.002 0.001 0.107 0.002 0.002 0.003 0.471
0.007 0.013 0.013 0.032 0.005 0.004 0.002 0.001 0 0.002 0 0.012 0.012 0.002 0.003 0.011 0.008 0.006 0.016 0.008 0.03 0 0.003 0.004 0.008 0.028 0.022 0.478 0.002 0.005 0.008 0.007 0.028 0.001 0.131 0.028 0.009 0.001 0.003 0.02 0.067 0.01 0.015 0.009 0.008 0.011 0.001 0.002 0.001 0.002 0.016 0.253 0.001 0.002 0.005 0.003 0.011 0.016 0.002 1 0.002 0.001 0.012 0.002 0.002 0.003 0.002
0.051 0.057 0.058 0.013 0.001 0.001 0.005 0.004 0.002 0.001 0.001 0.002 0.005 0.005 0.003 0.004 0.14 0.014 0.031 0.008 0.021 0.002 0.003 0 0.008 0.023 0.037 0.002 0.002 0.001 0.008 0.007 0.04 0.002 0.013 0.071 0.119 0.001 0 0.017 0.024 0 0.133 0.198 0.21 0.158 0.001 0.002 0.444 0.001 0.124 0.001 0.001 0.001 0.001 0.003 0.182 0.13 0.002 0.002 1 0.001 0.103 0.002 0.002 0.003 0
0.005 0.008 0.008 0.02 0.004 0.001 0.002 0.002 0.001 0.001 0.001 0.008 0.005 0.002 0.001 0.007 0.003 0.006 0.011 0.004 0.023 0.001 0.001 0.002 0.004 0.023 0.019 0.001 0.001 0.001 0.003 0.003 0.018 0.001 0.073 0.013 0.004 0 0.001 0.003 0.039 0.009 0.007 0.004 0.004 0.005 0.001 0.001 0.001 0.001 0.007 0.001 0.001 0.001 0.002 0.001 0.005 0.007 0.001 0.001 0.001 1 0.005 0.001 0.001 0.001 0.001
0.003 0.003 0.006 0.012 0.002 0 0.001 0.002 0.009 0.104 0.008 0 0.001 0.008 0.211 0 0.466 0.046 0.113 0 0.046 0.008 0.225 0.003 0 0.048 0.075 0.009 0 0.006 0.017 0.038 0.088 0.004 0.071 0.189 0.656 0.006 0.011 0.218 0.137 0.045 0.686 0.626 0.585 0.687 0.006 0.012 0.036 0.055 0.687 0.007 0.008 0.004 0.343 0.02 0.711 0.685 0.107 0.012 0.103 0.005 1 0.01 0.011 0.02 0.177
0.017 0.02 0.02 0.004 0.006 0.161 0.004 0.003 0.002 0.002 0.001 0.038 0.038 0.004 0.002 0.025 0.001 0.011 0.01 0.006 0.006 0.001 0.002 0.215 0.007 0.041 0.034 0.001 0.315 0.001 0.006 0.002 0.032 0.001 0.009 0.055 0.007 0.001 0.482 0.002 0.018 0.016 0.1 0.007 0.007 0.009 0.001 0.806 0.001 0.001 0.099 0.001 0.001 0.529 0.004 0.003 0.009 0.094 0.002 0.002 0.002 0.001 0.01 1 0.001 0.003 0.002
0.003 0.004 0.004 0.005 0.006 0.049 0.004 0.004 0.002 0.002 0.001 0.005 0.005 0.005 0.002 0.006 0.007 0.022 0.006 0.006 0 0.002 0.003 0.041 0.007 0 0.001 0.001 0.077 0.001 0.007 0.006 0.002 0.001 0.005 0 0.008 0.001 0.003 0.019 0.014 0.002 0.015 0.009 0.008 0.011 0.574 0.002 0.001 0.002 0.015 0.001 0.001 0.002 0.005 0.003 0.011 0.015 0.002 0.002 0.002 0.001 0.011 0.001 1 0.049 0.002
0.014 0.011 0.011 0.027 0.012 0 0.007 0.007 0.004 0.004 0 0.006 0.006 0.009 0.004 0.008 0.01 0.053 0.014 0.012 0.002 0.003 0.005 0 0.014 0.013 0.012 0.003 0.001 0.002 0 0.005 0.014 0.036 0.001 0.022 0.014 0.002 0.005 0.022 0.004 0.049 0.026 0.015 0.014 0.019 0.031 0.003 0.002 0.003 0.026 0.002 0.002 0.003 0.009 0.002 0.019 0.022 0.003 0.003 0.003 0.001 0.02 0.003 0.049 1 0.004
0.01 0.008 0.008 0.022 0.004 0.004 0.001 0.001 0.003 0.248 0.001 0.019 0.019 0.006 0 0.018 0.189 0.008 0.061 0.009 0.039 0.002 0 0.006 0.01 0.033 0.045 0.002 0.003 0.001 0.006 0.005 0.048 0.002 0.013 0.045 0.15 0.001 0.004 0.053 0.025 0.012 0.103 0.185 0.208 0.156 0.001 0.002 0.001 0.375 0.138 0.001 0.001 0.002 0.001 0.004 0.15 0.119 0.471 0.002 0 0.001 0.177 0.002 0.002 0.004 1
