1 0.872 0.868 0.493 0.351 0.112 0.229 0.182 0.094 0.027 0.065 0.529 0.493 0.244 0.053 0.592 0.005 0.124 0.096 0.349 0.336 0.017 0.06 0.171 0.285 0.252 0.146 0.001 0.035 0 0.046 0.034 0.108 0.018 0.007 0.055 0 0.007 0.036 0.007 0.016 0.076 0.005 0.003 0.003 0 0.023 0.005 0.05 0.007 0.005 0.001 0.013 0.005 0.038 0.017 0 0.001 0.003 0.009 0.063 0 0 0.005 0.021 0.008 0.003
0.872 1 0.956 0.489 0.376 0.127 0.259 0.207 0.106 0.024 0.074 0.596 0.56 0.26 0.047 0.644 0.002 0.14 0.096 0.375 0.331 0.027 0.053 0.194 0.311 0.248 0.139 0.001 0.042 0.008 0.047 0.041 0.096 0.016 0.015 0.071 0.001 0.013 0.033 0.011 0.006 0.062 0.009 0.001 0.001 0 0.027 0.007 0.057 0.006 0.008 0 0.013 0.006 0.039 0.03 0 0.002 0.002 0.007 0.073 0.009 0 0.007 0.025 0.006 0.002
0.868 0.956 1 0.483 0.386 0.123 0.251 0.201 0.103 0.024 0.072 0.588 0.551 0.268 0.048 0.647 0.002 0.125 0.088 0.384 0.357 0.028 0.055 0.188 0.316 0.268 0.152 0.001 0.04 0.009 0.05 0.038 0.107 0.016 0.01 0.069 0 0.014 0.041 0.011 0.008 0.069 0.009 0.001 0.001 0 0.026 0.006 0.056 0.006 0.008 0 0.012 0.006 0.035 0.031 0 0.002 0.002 0.008 0.07 0.008 0.001 0.007 0.024 0.006 0.002
0.493 0.489 0.483 1 0.206 0.052 0.135 0.102 0.055 0.046 0.038 0.277 0.268 0.146 0.089 0.324 0.029 0.274 0.277 0.211 0.569 0.004 0.081 0.085 0.162 0.495 0.283 0.026 0.013 0.017 0.006 0.002 0.329 0.029 0.185 0 0.015 0.028 0.016 0.013 0.172 0.181 0.006 0.029 0.038 0.02 0.016 0.001 0.027 0.003 0.005 0.012 0.024 0 0.061 0.043 0.011 0.009 0.008 0.026 0.025 0.014 0.011 0.001 0.007 0.009 0.004
0.351 0.376 0.386 0.206 1 0.015 0.521 0.479 0.226 0.01 0.009 0.44 0.409 0.575 0.02 0.457 0.046 0.064 0.132 0.824 0.251 0.011 0.022 0.024 0.695 0.182 0.134 0.003 0.01 0.004 0.186 0.15 0.101 0.007 0.044 0.02 0.009 0.008 0.002 0.026 0.026 0.045 0.016 0.029 0.029 0.01 0 0.006 0.003 0 0.015 0.002 0.005 0.006 0.019 0.011 0.026 0.015 0 0.003 0.004 0.004 0.007 0.005 0 0.004 0.002
0.112 0.127 0.123 0.052 0.015 1 0.009 0.009 0.004 0.003 0.003 0.146 0.135 0.01 0.006 0.157 0.017 0.017 0.041 0.008 0.094 0.003 0.007 0.529 0.008 0.081 0.039 0.002 0.422 0.001 0.011 0.01 0.028 0.002 0.015 0.04 0.012 0.002 0.315 0.022 0.03 0.007 0.024 0.012 0.012 0.015 0.072 0.126 0.003 0.002 0.021 0.001 0.002 0.115 0.003 0.004 0.001 0.004 0.002 0.002 0 0.001 0 0.12 0.085 0 0.003
0.229 0.259 0.251 0.135 0.521 0.009 1 0.81 0.388 0.006 0.005 0.275 0.254 0.846 0.012 0.298 0.025 0.039 0.077 0.53 0.179 0.007 0.014 0.015 0.521 0.139 0.098 0.001 0.006 0.002 0.284 0.272 0.079 0.004 0.022 0.061 0.001 0.005 0.007 0.09 0.091 0.044 0.008 0.022 0.022 0.002 0.004 0.004 0.006 0 0.005 0.001 0.004 0.004 0.019 0.007 0.027 0.006 0 0.001 0.009 0.002 0.003 0.003 0.005 0.008 0
0.182 0.207 0.201 0.102 0.479 0.009 0.81 1 0.441 0.006 0.005 0.219 0.202 0.702 0.011 0.238 0.023 0.022 0.071 0.431 0.139 0.007 0.013 0.014 0.423 0.102 0.069 0.001 0.006 0.002 0.206 0.195 0.054 0.004 0.02 0.038 0.001 0.004 0.006 0.06 0.059 0.042 0.007 0.019 0.019 0.001 0.004 0.004 0.005 0.001 0.003 0.001 0.003 0.003 0.018 0.006 0.025 0.004 0.001 0.001 0.008 0.002 0.002 0.003 0.004 0.008 0
0.094 0.106 0.103 0.055 0.226 0.004 0.388 0.441 1 0.003 0.002 0.123 0.113 0.375 0.005 0.132 0.014 0.016 0.036 0.227 0.082 0.003 0.006 0.006 0.228 0.084 0.058 0 0.003 0.001 0.114 0.101 0.047 0.002 0.005 0.023 0 0.002 0.003 0.033 0.039 0.027 0 0.009 0.009 0 0.002 0.002 0.002 0 0 0 0.002 0.001 0.008 0.004 0.012 0 0 0 0.004 0.001 0 0.001 0.002 0.003 0
0.027 0.024 0.024 0.046 0.01 0.003 0.006 0.006 0.003 1 0.002 0.016 0.005 0.007 0.004 0.007 0.147 0.012 0.053 0.01 0.031 0.002 0.005 0.005 0.001 0.013 0.019 0.001 0.01 0.001 0.01 0.009 0.025 0.001 0.01 0.056 0.067 0.002 0.005 0.037 0.024 0.009 0.095 0.097 0.066 0.077 0.001 0.015 0 0.084 0.062 0.001 0.001 0.017 0.006 0.003 0.046 0.086 0.088 0.001 0 0.001 0.043 0.018 0.002 0.003 0.107
0.065 0.074 0.072 0.038 0.009 0.003 0.005 0.005 0.002 0.002 1 0.085 0.079 0.006 0.003 0.092 0.01 0.011 0.025 0.009 0.057 0.002 0.004 0.359 0.009 0.058 0.046 0.021 0.002 0.001 0.008 0.008 0.039 0.001 0.17 0.03 0.01 0.001 0.002 0.025 0.068 0.018 0.015 0.01 0.01 0.012 0.009 0.001 0.002 0.001 0.015 0.012 0.001 0.001 0.006 0.003 0.012 0.015 0.001 0.001 0.002 0.001 0.012 0.001 0.007 0.001 0.002
0.529 0.596 0.588 0.277 0.44 0.146 0.275 0.219 0.123 0.016 0.085 1 0.902 0.324 0.017 0.826 0.078 0.098 0.208 0.499 0.45 0.014 0.022 0.227 0.411 0.361 0.25 0 0.052 0.008 0.088 0.082 0.224 0.014 0.008 0.025 0.041 0.009 0.053 0 0.02 0.051 0.01 0.075 0.077 0.048 0.035 0.01 0.016 0.01 0.006 0 0.003 0.012 0.025 0.025 0.041 0.022 0.011 0.006 0.013 0.008 0.02 0.01 0.033 0.001 0.017
0.493 0.56 0.551 0.268 0.409 0.135 0.254 0.202 0.113 0.005 0.079 0.902 1 0.299 0.019 0.771 0.069 0.104 0.201 0.462 0.426 0.008 0.025 0.21 0.386 0.366 0.256 0.001 0.078 0.008 0.079 0.074 0.225 0.015 0.007 0.025 0.044 0.007 0.074 0 0.018 0.048 0.008 0.079 0.081 0.053 0.031 0.026 0.01 0.012 0.007 0 0 0.03 0.027 0.027 0.046 0.019 0.012 0.006 0.013 0.001 0.024 0.028 0.03 0.001 0.019
0.244 0.26 0.268 0.146 0.575 0.01 0.846 0.702 0.375 0.007 0.006 0.324 0.299 1 0.013 0.353 0.037 0.043 0.097 0.616 0.217 0.008 0.015 0.016 0.607 0.173 0.125 0.001 0.007 0.003 0.359 0.301 0.103 0.004 0.023 0.072 0.006 0.005 0 0.096 0.102 0.048 0.009 0.033 0.033 0.006 0.004 0.004 0.006 0.001 0.005 0.001 0.004 0.004 0.01 0.008 0.026 0.008 0.002 0.002 0.009 0.003 0.003 0.004 0.005 0.009 0.003
0.053 0.047 0.048 0.089 0.02 0.006 0.012 0.011 0.005 0.004 0.003 0.017 0.019 0.013 1 0.037 0.357 0.025 0.136 0.02 0.06 0.005 0.859 0.01 0.02 0.059 0.074 0.002 0.004 0.002 0.019 0.009 0.07 0.003 0.02 0.109 0.289 0.003 0.004 0.079 0.043 0.028 0.199 0.24 0.287 0.241 0.003 0.002 0.004 0 0.178 0.001 0.002 0.002 0.503 0.006 0.225 0.191 0 0.003 0.006 0.001 0.236 0.002 0.003 0.006 0.001
0.592 0.644 0.647 0.324 0.457 0.157 0.298 0.238 0.132 0.007 0.092 0.826 0.771 0.353 0.037 1 0.084 0.107 0.229 0.544 0.515 0.022 0.039 0.243 0.459 0.409 0.269 0 0.055 0.007 0.085 0.067 0.212 0.007 0.006 0.02 0.039 0.014 0.056 0 0.025 0.062 0.008 0.073 0.084 0.045 0.038 0.011 0.017 0.01 0.008 0 0.01 0.013 0.021 0.023 0.041 0.019 0.01 0.005 0.016 0.007 0.019 0.011 0.036 0.001 0.016
0.005 0.002 0.002 0.029 0.046 0.017 0.025 0.023 0.014 0.147 0.01 0.078 0.069 0.037 0.357 0.084 1 0.059 0.357 0.057 0.157 0.013 0.377 0.027 0.042 0.133 0.172 0.006 0 0.004 0.053 0.04 0.189 0.007 0.056 0.276 0.645 0.005 0 0.191 0.121 0.04 0.559 0.677 0.632 0.604 0.007 0.001 0.126 0.01 0.441 0.003 0.007 0.002 0.319 0.017 0.528 0.555 0.045 0.008 0.152 0.004 0.457 0.002 0.009 0.008 0.059
0.124 0.14 0.125 0.274 0.064 0.017 0.039 0.022 0.016 0.012 0.011 0.098 0.104 0.043 0.025 0.107 0.059 1 0.296 0.067 0.168 0.015 0.022 0.031 0.052 0.154 0.013 0.007 0.013 0.054 0.043 0.044 0.024 0.084 0.044 0.012 0.055 0.098 0.013 0.006 0.001 0.128 0.055 0.03 0.021 0.031 0.004 0.004 0.012 0.001 0.038 0.004 0.005 0.006 0.01 0.006 0.031 0.041 0.002 0.006 0.014 0.004 0.034 0.006 0 0.024 0.002
0.096 0.096 0.088 0.277 0.132 0.041 0.077 0.071 0.036 0.053 0.025 0.208 0.201 0.097 0.136 0.229 0.357 0.296 1 0.15 0.39 0.033 0.155 0.07 0.11 0.342 0.151 0.017 0.008 0.023 0 0.002 0.19 0.033 0.124 0.146 0.238 0.049 0.01 0.112 0.077 0.004 0.199 0.307 0.308 0.269 0.013 0 0.044 0.004 0.17 0.008 0.013 0.001 0.16 0.03 0.227 0.197 0.022 0.017 0.053 0.01 0.184 0 0.004 0 0.031
0.349 0.375 0.384 0.211 0.824 0.008 0.53 0.431 0.227 0.01 0.009 0.499 0.462 0.616 0.02 0.544 0.057 0.067 0.15 1 0.308 0.012 0.023 0.025 0.851 0.233 0.168 0.006 0.011 0.004 0.221 0.183 0.137 0.007 0.046 0.014 0.02 0.008 0.002 0.027 0.033 0.029 0.029 0.053 0.053 0.022 0 0.006 0.009 0.004 0.023 0.002 0.005 0.004 0.018 0.012 0.048 0.028 0.004 0.007 0.014 0.004 0.016 0.006 0 0.004 0.007
0.336 0.331 0.357 0.569 0.251 0.094 0.179 0.139 0.082 0.031 0.057 0.45 0.426 0.217 0.06 0.515 0.157 0.168 0.39 0.308 1 0.035 0.069 0.15 0.277 0.824 0.589 0.035 0.029 0.012 0.029 0.019 0.484 0.016 0.155 0.008 0.107 0.018 0.03 0.032 0.209 0.141 0.063 0.157 0.157 0.115 0.015 0.003 0.028 0.013 0.055 0.015 0.016 0.005 0.063 0 0.109 0.083 0.014 0.038 0.033 0.023 0.078 0.004 0.006 0.004 0.028
0.017 0.027 0.028 0.004 0.011 0.003 0.007 0.007 0.003 0.002 0.002 0.014 0.008 0.008 0.005 0.022 0.013 0.015 0.033 0.012 0.035 1 0.005 0.006 0.012 0.035 0.044 0 0.002 0.001 0.011 0.011 0.012 0.002 0.072 0.038 0.013 0.001 0.003 0.021 0.019 0.002 0.018 0.012 0.012 0.015 0.002 0.001 0.002 0.002 0.018 0 0.115 0.001 0.006 0.264 0.015 0.019 0.002 0.001 0.003 0.001 0.015 0.001 0.002 0.003 0.003
0.06 0.053 0.055 0.081 0.022 0.007 0.014 0.013 0.006 0.005 0.004 0.022 0.025 0.015 0.859 0.039 0.377 0.022 0.155 0.023 0.069 0.005 1 0.011 0.023 0.067 0.084 0.003 0.005 0.002 0.021 0.012 0.082 0.003 0.023 0.115 0.316 0.003 0.005 0.068 0.049 0.028 0.217 0.268 0.267 0.263 0.003 0.003 0.004 0 0.154 0.001 0.003 0.003 0.556 0.007 0.237 0.208 0 0.003 0.006 0.002 0.258 0.002 0.003 0.006 0.001
0.171 0.194 0.188 0.085 0.024 0.529 0.015 0.014 0.006 0.005 0.359 0.227 0.21 0.016 0.01 0.243 0.027 0.031 0.07 0.025 0.15 0.006 0.011 1 0.025 0.142 0.086 0.004 0.262 0.002 0.023 0.02 0.068 0.003 0.028 0.004 0.023 0.004 0.208 0.049 0.001 0.028 0.004 0.022 0.022 0.028 0.078 0.091 0.004 0.004 0.003 0.002 0.003 0.08 0.008 0.007 0.002 0 0.004 0 0.002 0.002 0.005 0.089 0.085 0 0.006
0.285 0.311 0.316 0.162 0.695 0.008 0.521 0.423 0.228 0.001 0.009 0.411 0.386 0.607 0.02 0.459 0.042 0.052 0.11 0.851 0.277 0.012 0.023 0.025 1 0.254 0.192 0.006 0.011 0.004 0.256 0.214 0.158 0.007 0.046 0.028 0.011 0.008 0.002 0.043 0.041 0.039 0.019 0.038 0.038 0.013 0.005 0.006 0.009 0.004 0.023 0.002 0.006 0.004 0.009 0.012 0.047 0.018 0.004 0.007 0.014 0.004 0.016 0.006 0.006 0.014 0.007
0.252 0.248 0.268 0.495 0.182 0.081 0.139 0.102 0.084 0.013 0.058 0.361 0.366 0.173 0.059 0.409 0.133 0.154 0.342 0.233 0.824 0.035 0.067 0.142 0.254 1 0.697 0.036 0.068 0.011 0.038 0.029 0.577 0.02 0.16 0.001 0.102 0.023 0.069 0.014 0.226 0.168 0.041 0.151 0.151 0.11 0.013 0.03 0.027 0.003 0.026 0.016 0.018 0.034 0.059 0 0.088 0.046 0.014 0.038 0.032 0.024 0.061 0.034 0.002 0.008 0.013
0.146 0.139 0.152 0.283 0.134 0.039 0.098 0.069 0.058 0.019 0.046 0.25 0.256 0.125 0.074 0.269 0.172 0.013 0.151 0.168 0.589 0.044 0.084 0.086 0.192 0.697 1 0.028 0.038 0.014 0.249 0.224 0.799 0.025 0.115 0.009 0.149 0.03 0.057 0.001 0.361 0.138 0.077 0.198 0.178 0.144 0.003 0.025 0.035 0.007 0.052 0.012 0.023 0.02 0.075 0 0.131 0.087 0.007 0.03 0.05 0.019 0.103 0.029 0 0.013 0.021
0.001 0.001 0.001 0.026 0.003 0.002 0.001 0.001 0 0.001 0.021 0 0.001 0.001 0.002 0 0.006 0.007 0.017 0.006 0.035 0 0.003 0.004 0.006 0.036 0.028 1 0.001 0 0.006 0.005 0.026 0.001 0.115 0.02 0.007 0.001 0.001 0.017 0.049 0.012 0.01 0.007 0.007 0.008 0.008 0.001 0.001 0.001 0.01 0.129 0.001 0.001 0.004 0.002 0.008 0.01 0.001 0.508 0.002 0 0.008 0.001 0.001 0.002 0.001
0.035 0.042 0.04 0.013 0.01 0.422 0.006 0.006 0.003 0.01 0.002 0.052 0.078 0.007 0.004 0.055 0 0.013 0.008 0.011 0.029 0.002 0.005 0.262 0.011 0.068 0.038 0.001 1 0.001 0.01 0.008 0.043 0.001 0.01 0.058 0.01 0.002 0.41 0.01 0.023 0.022 0.042 0.01 0.01 0.012 0.112 0.272 0.002 0.002 0.041 0.001 0.001 0.261 0.001 0.002 0 0.014 0.002 0.001 0.003 0.001 0 0.309 0.088 0.001 0.002
0 0.008 0.009 0.017 0.004 0.001 0.002 0.002 0.001 0.001 0.001 0.008 0.008 0.003 0.002 0.007 0.004 0.054 0.023 0.004 0.012 0.001 0.002 0.002 0.004 0.011 0.014 0 0.001 1 0.004 0.004 0.017 0.001 0.004 0.011 0.005 0.001 0.001 0.009 0 0.004 0.006 0.004 0.004 0.005 0.001 0 0.001 0.001 0.006 0 0 0 0.002 0.001 0.005 0.007 0.001 0.001 0.001 0 0.005 0 0.001 0.001 0.001
0.046 0.047 0.05 0.006 0.186 0.011 0.284 0.206 0.114 0.01 0.008 0.088 0.079 0.359 0.019 0.085 0.053 0.043 0 0.221 0.029 0.011 0.021 0.023 0.256 0.038 0.249 0.006 0.01 0.004 1 0.911 0.214 0.006 0.048 0.226 0.052 0.133 0.001 0.163 0.249 0.01 0.058 0.052 0.039 0.046 0.006 0.005 0.009 0 0.039 0.002 0.006 0.004 0.016 0.012 0.035 0.051 0.001 0.006 0.013 0.004 0.036 0.004 0.007 0.011 0.002
0.034 0.041 0.038 0.002 0.15 0.01 0.272 0.195 0.101 0.009 0.008 0.082 0.074 0.301 0.009 0.067 0.04 0.044 0.002 0.183 0.019 0.011 0.012 0.02 0.214 0.029 0.224 0.005 0.008 0.004 0.911 1 0.212 0.006 0.047 0.224 0.051 0.135 0.007 0.158 0.248 0.006 0.07 0.05 0.038 0.047 0.006 0.003 0.008 0 0.049 0.002 0.006 0.003 0.027 0.012 0.047 0.059 0 0.006 0.013 0.004 0.048 0.003 0.007 0.012 0.002
0.108 0.096 0.107 0.329 0.101 0.028 0.079 0.054 0.047 0.025 0.039 0.224 0.225 0.103 0.07 0.212 0.189 0.024 0.19 0.137 0.484 0.012 0.082 0.068 0.158 0.577 0.799 0.026 0.043 0.017 0.214 0.212 1 0.03 0.227 0.002 0.186 0.025 0.048 0.007 0.46 0.177 0.109 0.248 0.225 0.183 0.006 0.021 0.04 0.015 0.078 0.012 0.011 0.017 0.094 0.051 0.175 0.121 0.016 0.027 0.059 0.017 0.136 0.025 0 0.017 0.033
0.018 0.016 0.016 0.029 0.007 0.002 0.004 0.004 0.002 0.001 0.001 0.014 0.015 0.004 0.003 0.007 0.007 0.084 0.033 0.007 0.016 0.002 0.003 0.003 0.007 0.02 0.025 0.001 0.001 0.001 0.006 0.006 0.03 1 0.006 0.007 0 0.001 0.001 0.004 0.014 0.017 0.001 0 0 0 0.001 0 0.001 0.001 0.001 0 0.001 0.001 0.001 0.001 0 0.001 0.001 0.001 0.002 0.001 0 0.001 0.001 0.011 0.002
0.007 0.015 0.01 0.185 0.044 0.015 0.022 0.02 0.005 0.01 0.17 0.008 0.007 0.023 0.02 0.006 0.056 0.044 0.124 0.046 0.155 0.072 0.023 0.028 0.046 0.16 0.115 0.115 0.01 0.004 0.048 0.047 0.227 0.006 1 0.178 0.054 0.008 0.011 0.122 0.385 0.102 0.078 0.059 0.059 0.064 0.001 0.005 0.009 0.008 0.078 0.032 0.006 0.006 0.032 0.232 0.07 0.081 0.009 0.128 0.014 0.075 0.065 0.006 0.001 0 0.012
0.055 0.071 0.069 0 0.02 0.04 0.061 0.038 0.023 0.056 0.03 0.025 0.025 0.072 0.109 0.02 0.276 0.012 0.146 0.014 0.008 0.038 0.115 0.004 0.028 0.001 0.009 0.02 0.058 0.011 0.226 0.224 0.002 0.007 0.178 1 0.256 0.036 0.063 0.409 0 0.099 0.337 0.273 0.249 0.213 0 0.029 0.052 0.008 0.257 0.01 0.019 0.028 0.133 0.034 0.264 0.258 0.019 0.026 0.074 0.013 0.208 0.031 0.001 0.043 0.02
0 0.001 0 0.015 0.009 0.012 0.001 0.001 0 0.067 0.01 0.041 0.044 0.006 0.289 0.039 0.645 0.055 0.238 0.02 0.107 0.013 0.316 0.023 0.011 0.102 0.149 0.007 0.01 0.005 0.052 0.051 0.186 0 0.054 0.256 1 0.009 0.013 0.234 0.135 0.074 0.672 0.778 0.735 0.839 0.008 0.007 0.12 0.03 0.544 0.003 0.007 0.002 0.354 0.018 0.612 0.662 0.054 0.009 0.182 0.004 0.693 0.006 0.009 0.017 0.068
0.007 0.013 0.014 0.028 0.008 0.002 0.005 0.004 0.002 0.002 0.001 0.009 0.007 0.005 0.003 0.014 0.005 0.098 0.049 0.008 0.018 0.001 0.003 0.004 0.008 0.023 0.03 0.001 0.002 0.001 0.133 0.135 0.025 0.001 0.008 0.036 0.009 1 0.002 0.016 0.026 0.035 0.013 0.009 0.009 0.01 0.001 0.001 0.001 0.001 0.006 0 0.001 0.001 0.005 0.002 0.01 0.013 0.001 0.001 0.002 0.001 0.011 0.001 0.001 0.001 0.002
0.036 0.033 0.041 0.016 0.002 0.315 0.007 0.006 0.003 0.005 0.002 0.053 0.074 0 0.004 0.056 0 0.013 0.01 0.002 0.03 0.003 0.005 0.208 0.002 0.069 0.057 0.001 0.41 0.001 0.001 0.007 0.048 0.001 0.011 0.063 0.013 0.002 1 0.001 0.026 0.023 0.132 0.013 0.013 0.013 0.001 0.503 0.002 0.002 0.122 0.001 0.001 0.39 0.001 0.003 0.011 0.06 0.002 0.002 0.001 0.001 0.005 0.496 0.002 0.003 0.003
0.007 0.011 0.011 0.013 0.026 0.022 0.09 0.06 0.033 0.037 0.025 0 0 0.096 0.079 0 0.191 0.006 0.112 0.027 0.032 0.021 0.068 0.049 0.043 0.014 0.001 0.017 0.01 0.009 0.163 0.158 0.007 0.004 0.122 0.409 0.234 0.016 0.001 1 0.001 0.034 0.193 0.212 0.216 0.225 0.019 0.002 0.033 0.017 0.2 0.008 0 0 0.1 0.044 0.185 0.2 0.022 0.021 0.045 0.002 0.203 0.002 0.022 0.029 0.043
0.016 0.006 0.008 0.172 0.026 0.03 0.091 0.059 0.039 0.024 0.068 0.02 0.018 0.102 0.043 0.025 0.121 0.001 0.077 0.033 0.209 0.019 0.049 0.001 0.041 0.226 0.361 0.049 0.023 0 0.249 0.248 0.46 0.014 0.385 0 0.135 0.026 0.026 0.001 1 0.113 0.194 0.134 0.134 0.161 0.001 0.015 0.022 0.02 0.194 0.023 0.015 0.014 0.072 0.127 0.16 0.202 0.02 0.053 0.034 0.032 0.163 0.013 0.008 0.005 0.028
0.076 0.062 0.069 0.181 0.045 0.007 0.044 0.042 0.027 0.009 0.018 0.051 0.048 0.048 0.028 0.062 0.04 0.128 0.004 0.029 0.141 0.002 0.028 0.028 0.039 0.168 0.138 0.012 0.022 0.004 0.01 0.006 0.177 0.017 0.102 0.099 0.074 0.035 0.023 0.034 0.113 1 0.12 0.073 0.073 0.092 0.009 0.009 0 0.001 0.092 0.006 0.035 0.012 0.059 0.02 0.073 0.095 0.014 0.013 0.006 0.008 0.084 0.011 0 0.036 0.01
0.005 0.009 0.009 0.006 0.016 0.024 0.008 0.007 0 0.095 0.015 0.01 0.008 0.009 0.199 0.008 0.559 0.055 0.199 0.029 0.063 0.018 0.217 0.004 0.019 0.041 0.077 0.01 0.042 0.006 0.058 0.07 0.109 0.001 0.078 0.337 0.672 0.013 0.132 0.193 0.194 0.12 1 0.691 0.648 0.725 0.011 0.064 0.11 0.017 0.815 0.005 0.01 0.061 0.365 0.026 0.699 0.845 0.052 0.012 0.169 0.006 0.703 0.065 0.013 0.024 0.07
0.003 0.001 0.001 0.029 0.029 0.012 0.022 0.019 0.009 0.097 0.01 0.075 0.079 0.033 0.24 0.073 0.677 0.03 0.307 0.053 0.157 0.012 0.268 0.022 0.038 0.151 0.198 0.007 0.01 0.004 0.052 0.05 0.248 0 0.059 0.273 0.778 0.009 0.013 0.212 0.134 0.073 0.691 1 0.88 0.833 0.008 0.007 0.158 0.031 0.54 0.003 0.007 0.002 0.392 0.018 0.741 0.653 0.079 0.008 0.235 0.004 0.651 0.006 0.009 0.016 0.108
0.003 0.001 0.001 0.038 0.029 0.012 0.022 0.019 0.009 0.066 0.01 0.077 0.081 0.033 0.287 0.084 0.632 0.021 0.308 0.053 0.157 0.012 0.267 0.022 0.038 0.151 0.178 0.007 0.01 0.004 0.039 0.038 0.225 0 0.059 0.249 0.735 0.009 0.013 0.216 0.134 0.073 0.648 0.88 1 0.835 0.008 0.007 0.158 0.057 0.587 0.003 0.007 0.002 0.352 0.018 0.743 0.655 0.118 0.008 0.234 0.004 0.653 0.006 0.009 0.016 0.146
0 0 0 0.02 0.01 0.015 0.002 0.001 0 0.077 0.012 0.048 0.053 0.006 0.241 0.045 0.604 0.031 0.269 0.022 0.115 0.015 0.263 0.028 0.013 0.11 0.144 0.008 0.012 0.005 0.046 0.047 0.183 0 0.064 0.213 0.839 0.01 0.013 0.225 0.161 0.092 0.725 0.833 0.835 1 0.009 0.009 0.132 0.055 0.655 0.004 0.008 0.003 0.376 0.022 0.719 0.77 0.11 0.01 0.196 0.005 0.768 0.008 0.011 0.02 0.121
0.023 0.027 0.026 0.016 0 0.072 0.004 0.004 0.002 0.001 0.009 0.035 0.031 0.004 0.003 0.038 0.007 0.004 0.013 0 0.015 0.002 0.003 0.078 0.005 0.013 0.003 0.008 0.112 0.001 0.006 0.006 0.006 0.001 0.001 0 0.008 0.001 0.001 0.019 0.001 0.009 0.011 0.008 0.008 0.009 1 0.001 0.001 0.001 0.011 0 0.001 0.001 0.004 0.001 0.009 0.011 0.001 0.006 0.002 0.001 0.009 0.001 0.613 0.059 0.002
0.005 0.007 0.006 0.001 0.006 0.126 0.004 0.004 0.002 0.015 0.001 0.01 0.026 0.004 0.002 0.011 0.001 0.004 0 0.006 0.003 0.001 0.003 0.091 0.006 0.03 0.025 0.001 0.272 0 0.005 0.003 0.021 0 0.005 0.029 0.007 0.001 0.503 0.002 0.015 0.009 0.064 0.007 0.007 0.009 0.001 1 0.001 0.001 0.064 0 0.001 0.695 0.004 0.002 0.009 0.056 0.001 0.001 0.002 0 0.009 0.88 0.001 0.002 0.001
0.05 0.057 0.056 0.027 0.003 0.003 0.006 0.005 0.002 0 0.002 0.016 0.01 0.006 0.004 0.017 0.126 0.012 0.044 0.009 0.028 0.002 0.004 0.004 0.009 0.027 0.035 0.001 0.002 0.001 0.009 0.008 0.04 0.001 0.009 0.052 0.12 0.001 0.002 0.033 0.022 0 0.11 0.158 0.158 0.132 0.001 0.001 1 0 0.089 0.001 0.001 0.001 0 0.003 0.133 0.104 0 0.001 0.384 0.001 0.057 0.001 0.001 0.003 0
0.007 0.006 0.006 0.003 0 0.002 0 0.001 0 0.084 0.001 0.01 0.012 0.001 0 0.01 0.01 0.001 0.004 0.004 0.013 0.002 0 0.004 0.004 0.003 0.007 0.001 0.002 0.001 0 0 0.015 0.001 0.008 0.008 0.03 0.001 0.002 0.017 0.02 0.001 0.017 0.031 0.057 0.055 0.001 0.001 0 1 0.075 0 0.001 0.001 0.005 0.003 0.089 0.067 0.358 0.001 0.001 0.001 0.073 0.001 0.001 0.002 0.488
0.005 0.008 0.008 0.005 0.015 0.021 0.005 0.003 0 0.062 0.015 0.006 0.007 0.005 0.178 0.008 0.441 0.038 0.17 0.023 0.055 0.018 0.154 0.003 0.023 0.026 0.052 0.01 0.041 0.006 0.039 0.049 0.078 0.001 0.078 0.257 0.544 0.006 0.122 0.2 0.194 0.092 0.815 0.54 0.587 0.655 0.011 0.064 0.089 0.075 1 0.005 0.01 0.061 0.254 0.026 0.716 0.834 0.101 0.012 0.147 0.006 0.724 0.065 0.013 0.024 0.139
0.001 0 0 0.012 0.002 0.001 0.001 0.001 0 0.001 0.012 0 0 0.001 0.001 0 0.003 0.004 0.008 0.002 0.015 0 0.001 0.002 0.002 0.016 0.012 0.129 0.001 0 0.002 0.002 0.012 0 0.032 0.01 0.003 0 0.001 0.008 0.023 0.006 0.005 0.003 0.003 0.004 0 0 0.001 0 0.005 1 0 0 0.002 0.001 0.004 0.005 0 0.118 0.001 0 0.004 0 0 0.001 0.001
0.013 0.013 0.012 0.024 0.005 0.002 0.004 0.003 0.002 0.001 0.001 0.003 0 0.004 0.002 0.01 0.007 0.005 0.013 0.005 0.016 0.115 0.003 0.003 0.006 0.018 0.023 0.001 0.001 0 0.006 0.006 0.011 0.001 0.006 0.019 0.007 0.001 0.001 0 0.015 0.035 0.01 0.007 0.007 0.008 0.001 0.001 0.001 0.001 0.01 0 1 0.001 0.004 0.002 0.008 0.011 0.001 0.001 0.002 0 0.009 0.001 0.001 0.002 0.001
0.005 0.006 0.006 0 0.006 0.115 0.004 0.003 0.001 0.017 0.001 0.012 0.03 0.004 0.002 0.013 0.002 0.006 0.001 0.004 0.005 0.001 0.003 0.08 0.004 0.034 0.02 0.001 0.261 0 0.004 0.003 0.017 0.001 0.006 0.028 0.002 0.001 0.39 0 0.014 0.012 0.061 0.002 0.002 0.003 0.001 0.695 0.001 0.001 0.061 0 0.001 1 0.002 0.002 0.003 0.053 0.001 0.001 0 0 0.003 0.669 0.001 0.002 0.001
0.038 0.039 0.035 0.061 0.019 0.003 0.019 0.018 0.008 0.006 0.006 0.025 0.027 0.01 0.503 0.021 0.319 0.01 0.16 0.018 0.063 0.006 0.556 0.008 0.009 0.059 0.075 0.004 0.001 0.002 0.016 0.027 0.094 0.001 0.032 0.133 0.354 0.005 0.001 0.1 0.072 0.059 0.365 0.392 0.352 0.376 0.004 0.004 0 0.005 0.254 0.002 0.004 0.002 1 0.01 0.36 0.343 0.005 0.005 0.002 0.002 0.346 0.003 0.005 0.009 0.003
0.017 0.03 0.031 0.043 0.011 0.004 0.007 0.006 0.004 0.003 0.003 0.025 0.027 0.008 0.006 0.023 0.017 0.006 0.03 0.012 0 0.264 0.007 0.007 0.012 0 0 0.002 0.002 0.001 0.012 0.012 0.051 0.001 0.232 0.034 0.018 0.002 0.003 0.044 0.127 0.02 0.026 0.018 0.018 0.022 0.001 0.002 0.003 0.003 0.026 0.001 0.002 0.002 0.01 1 0.021 0.027 0.003 0.002 0.004 0.001 0.022 0.002 0.002 0 0.004
0 0 0 0.011 0.026 0.001 0.027 0.025 0.012 0.046 0.012 0.041 0.046 0.026 0.225 0.041 0.528 0.031 0.227 0.048 0.109 0.015 0.237 0.002 0.047 0.088 0.131 0.008 0 0.005 0.035 0.047 0.175 0 0.07 0.264 0.612 0.01 0.011 0.185 0.16 0.073 0.699 0.741 0.743 0.719 0.009 0.009 0.133 0.089 0.716 0.004 0.008 0.003 0.36 0.021 1 0.697 0.122 0.01 0.205 0.005 0.804 0.008 0.011 0.019 0.164
0.001 0.002 0.002 0.009 0.015 0.004 0.006 0.004 0 0.086 0.015 0.022 0.019 0.008 0.191 0.019 0.555 0.041 0.197 0.028 0.083 0.019 0.208 0 0.018 0.046 0.087 0.01 0.014 0.007 0.051 0.059 0.121 0.001 0.081 0.258 0.662 0.013 0.06 0.2 0.202 0.095 0.845 0.653 0.655 0.77 0.011 0.056 0.104 0.067 0.834 0.005 0.011 0.053 0.343 0.027 0.697 1 0.097 0.013 0.163 0.007 0.716 0.057 0.013 0.016 0.128
0.003 0.002 0.002 0.008 0 0.002 0 0.001 0 0.088 0.001 0.011 0.012 0.002 0 0.01 0.045 0.002 0.022 0.004 0.014 0.002 0 0.004 0.004 0.014 0.007 0.001 0.002 0.001 0.001 0 0.016 0.001 0.009 0.019 0.054 0.001 0.002 0.022 0.02 0.014 0.052 0.079 0.118 0.11 0.001 0.001 0 0.358 0.101 0 0.001 0.001 0.005 0.003 0.122 0.097 1 0.001 0.002 0.001 0.1 0.001 0.001 0.002 0.606
0.009 0.007 0.008 0.026 0.003 0.002 0.001 0.001 0 0.001 0.001 0.006 0.006 0.002 0.003 0.005 0.008 0.006 0.017 0.007 0.038 0.001 0.003 0 0.007 0.038 0.03 0.508 0.001 0.001 0.006 0.006 0.027 0.001 0.128 0.026 0.009 0.001 0.002 0.021 0.053 0.013 0.012 0.008 0.008 0.01 0.006 0.001 0.001 0.001 0.012 0.118 0.001 0.001 0.005 0.002 0.01 0.013 0.001 1 0.002 0.001 0.01 0.001 0.001 0.002 0.002
0.063 0.073 0.07 0.025 0.004 0 0.009 0.008 0.004 0 0.002 0.013 0.013 0.009 0.006 0.016 0.152 0.014 0.053 0.014 0.033 0.003 0.006 0.002 0.014 0.032 0.05 0.002 0.003 0.001 0.013 0.013 0.059 0.002 0.014 0.074 0.182 0.002 0.001 0.045 0.034 0.006 0.169 0.235 0.234 0.196 0.002 0.002 0.384 0.001 0.147 0.001 0.002 0 0.002 0.004 0.205 0.163 0.002 0.002 1 0.001 0.138 0.002 0.002 0.004 0
0 0.009 0.008 0.014 0.004 0.001 0.002 0.002 0.001 0.001 0.001 0.008 0.001 0.003 0.001 0.007 0.004 0.004 0.01 0.004 0.023 0.001 0.002 0.002 0.004 0.024 0.019 0 0.001 0 0.004 0.004 0.017 0.001 0.075 0.013 0.004 0.001 0.001 0.002 0.032 0.008 0.006 0.004 0.004 0.005 0.001 0 0.001 0.001 0.006 0 0 0 0.002 0.001 0.005 0.007 0.001 0.001 0.001 1 0.005 0 0.001 0.001 0.001
0 0 0.001 0.011 0.007 0 0.003 0.002 0 0.043 0.012 0.02 0.024 0.003 0.236 0.019 0.457 0.034 0.184 0.016 0.078 0.015 0.258 0.005 0.016 0.061 0.103 0.008 0 0.005 0.036 0.048 0.136 0 0.065 0.208 0.693 0.011 0.005 0.203 0.163 0.084 0.703 0.651 0.653 0.768 0.009 0.009 0.057 0.073 0.724 0.004 0.009 0.003 0.346 0.022 0.804 0.716 0.1 0.01 0.138 0.005 1 0.008 0.011 0.02 0.158
0.005 0.007 0.007 0.001 0.005 0.12 0.003 0.003 0.001 0.018 0.001 0.01 0.028 0.004 0.002 0.011 0.002 0.006 0 0.006 0.004 0.001 0.002 0.089 0.006 0.034 0.029 0.001 0.309 0 0.004 0.003 0.025 0.001 0.006 0.031 0.006 0.001 0.496 0.002 0.013 0.011 0.065 0.006 0.006 0.008 0.001 0.88 0.001 0.001 0.065 0 0.001 0.669 0.003 0.002 0.008 0.057 0.001 0.001 0.002 0 0.008 1 0.001 0.002 0.001
0.021 0.025 0.024 0.007 0 0.085 0.005 0.004 0.002 0.002 0.007 0.033 0.03 0.005 0.003 0.036 0.009 0 0.004 0 0.006 0.002 0.003 0.085 0.006 0.002 0 0.001 0.088 0.001 0.007 0.007 0 0.001 0.001 0.001 0.009 0.001 0.002 0.022 0.008 0 0.013 0.009 0.009 0.011 0.613 0.001 0.001 0.001 0.013 0 0.001 0.001 0.005 0.002 0.011 0.013 0.001 0.001 0.002 0.001 0.011 0.001 1 0.117 0.002
0.008 0.006 0.006 0.009 0.004 0 0.008 0.008 0.003 0.003 0.001 0.001 0.001 0.009 0.006 0.001 0.008 0.024 0 0.004 0.004 0.003 0.006 0 0.014 0.008 0.013 0.002 0.001 0.001 0.011 0.012 0.017 0.011 0 0.043 0.017 0.001 0.003 0.029 0.005 0.036 0.024 0.016 0.016 0.02 0.059 0.002 0.003 0.002 0.024 0.001 0.002 0.002 0.009 0 0.019 0.016 0.002 0.002 0.004 0.001 0.02 0.002 0.117 1 0.003
0.003 0.002 0.002 0.004 0.002 0.003 0 0 0 0.107 0.002 0.017 0.019 0.003 0.001 0.016 0.059 0.002 0.031 0.007 0.028 0.003 0.001 0.006 0.007 0.013 0.021 0.001 0.002 0.001 0.002 0.002 0.033 0.002 0.012 0.02 0.068 0.002 0.003 0.043 0.028 0.01 0.07 0.108 0.146 0.121 0.002 0.001 0 0.488 0.139 0.001 0.001 0.001 0.003 0.004 0.164 0.128 0.606 0.002 0 0.001 0.158 0.001 0.002 0.003 1
