1 0.829 0.85 0.482 0.394 0.118 0.23 0.202 0.108 0.029 0.034 0.513 0.484 0.264 0.049 0.571 0.013 0.115 0.124 0.363 0.326 0.009 0.049 0.143 0.296 0.272 0.168 0.002 0.062 0.005 0.058 0.029 0.157 0.011 0.015 0.085 0 0.001 0.115 0.025 0.003 0.075 0.033 0.007 0.007 0 0.008 0.029 0.05 0.015 0.024 0.001 0.009 0.036 0.007 0.003 0.001 0.024 0.007 0.004 0.043 0.004 0 0.036 0.016 0.001 0.007
0.829 1 0.96 0.473 0.425 0.141 0.275 0.241 0.129 0.024 0.04 0.586 0.556 0.275 0.041 0.637 0.006 0.122 0.114 0.39 0.317 0.022 0.041 0.173 0.322 0.264 0.142 0.005 0.076 0.005 0.045 0.029 0.121 0.009 0.039 0.092 0.001 0.016 0.105 0.025 0 0.075 0.044 0.002 0.002 0.001 0.01 0.038 0.062 0.012 0.032 0.006 0.008 0.046 0.004 0.023 0.001 0.034 0.005 0.009 0.036 0.007 0.001 0.045 0.019 0 0.004
0.85 0.96 1 0.493 0.462 0.137 0.268 0.235 0.126 0.025 0.039 0.615 0.582 0.31 0.041 0.672 0.006 0.125 0.118 0.426 0.337 0.022 0.041 0.169 0.352 0.28 0.153 0.005 0.074 0.009 0.057 0.027 0.13 0.009 0.041 0.102 0 0.016 0.136 0.032 0 0.078 0.054 0.002 0.003 0.001 0.01 0.037 0.06 0.012 0.041 0.006 0.007 0.044 0.003 0.023 0.004 0.043 0.005 0.009 0.056 0.007 0.003 0.044 0.019 0 0.004
0.482 0.473 0.493 1 0.248 0.06 0.136 0.12 0.064 0.049 0.02 0.298 0.289 0.172 0.082 0.352 0.045 0.259 0.327 0.227 0.657 0 0.083 0.071 0.181 0.589 0.334 0.029 0.027 0.018 0.005 0 0.391 0.022 0.2 0 0.019 0.034 0.062 0.004 0.143 0.185 0 0.038 0.039 0.018 0.003 0.01 0.029 0.02 0 0.019 0.019 0.022 0.025 0.027 0.008 0 0.01 0.033 0.023 0.01 0.013 0.017 0.003 0.003 0.012
0.394 0.425 0.462 0.248 1 0.016 0.485 0.428 0.221 0.013 0.004 0.484 0.457 0.625 0.022 0.539 0.049 0.073 0.151 0.818 0.279 0.012 0.022 0.023 0.692 0.218 0.143 0.005 0.011 0.005 0.18 0.105 0.123 0.003 0.036 0.023 0.002 0.008 0.003 0.057 0.014 0.047 0.001 0.022 0.023 0.001 0.002 0.015 0 0.007 0.002 0.004 0.004 0.011 0.004 0.01 0.002 0.001 0.005 0.007 0.003 0.004 0.003 0.01 0.001 0.006 0.007
0.118 0.141 0.137 0.06 0.016 1 0.008 0.007 0.004 0.003 0.001 0.14 0.126 0.011 0.006 0.16 0.013 0.013 0.031 0.015 0.078 0.003 0.006 0.596 0.016 0.077 0.042 0.002 0.394 0.001 0.017 0.014 0.038 0.002 0.013 0.051 0.015 0.003 0.371 0.033 0.034 0.019 0.062 0.015 0.014 0.018 0.033 0.268 0.003 0.001 0.046 0.001 0.002 0.245 0.001 0.004 0.002 0.041 0.001 0.002 0.001 0.001 0.003 0.389 0.045 0.001 0.001
0.23 0.275 0.268 0.136 0.485 0.008 1 0.862 0.464 0.007 0.002 0.272 0.245 0.736 0.011 0.311 0.026 0.036 0.075 0.482 0.165 0.006 0.012 0.012 0.441 0.133 0.089 0.002 0.006 0.002 0.2 0.229 0.083 0 0.022 0.037 0 0.004 0.011 0.098 0.074 0.041 0.004 0.016 0.018 0 0.003 0.008 0.003 0.004 0.003 0.002 0.005 0.006 0.017 0.004 0.022 0.004 0.003 0.003 0.004 0.002 0 0.005 0.002 0.004 0.003
0.202 0.241 0.235 0.12 0.428 0.007 0.862 1 0.538 0.006 0.002 0.238 0.215 0.644 0.01 0.272 0.022 0.032 0.066 0.415 0.14 0.005 0.01 0.011 0.377 0.111 0.074 0.002 0.005 0.002 0.15 0.171 0.07 0 0.019 0.024 0.001 0.003 0.009 0.076 0.052 0.042 0.001 0.013 0.014 0.002 0.002 0.007 0.002 0.003 0.001 0.002 0.004 0.005 0.015 0.003 0.018 0.002 0.002 0.002 0.003 0.002 0 0.004 0.002 0.004 0.003
0.108 0.129 0.126 0.064 0.221 0.004 0.464 0.538 1 0.003 0.001 0.128 0.116 0.359 0.005 0.144 0.012 0.016 0.035 0.205 0.068 0.003 0.005 0.006 0.186 0.061 0.041 0.001 0.003 0.001 0.081 0.09 0.04 0.001 0.009 0.014 0.001 0.001 0.005 0.029 0.029 0.026 0 0.003 0.005 0.003 0.001 0.003 0 0.002 0 0.001 0.002 0.003 0.008 0.004 0.006 0.001 0.001 0.001 0.001 0.001 0 0.002 0.001 0.002 0.002
0.029 0.024 0.025 0.049 0.013 0.003 0.007 0.006 0.003 1 0.001 0.02 0.015 0.009 0.005 0.015 0.187 0.017 0.052 0.013 0.035 0.003 0.005 0.005 0.01 0.026 0.038 0.001 0 0.001 0.014 0.012 0.042 0.002 0.01 0.054 0.114 0.002 0 0.009 0.028 0.008 0.085 0.132 0.116 0.096 0.001 0 0 0.331 0.083 0.001 0.002 0 0.002 0.003 0.077 0.085 0.141 0.002 0.001 0.001 0.096 0.001 0.001 0.002 0.191
0.034 0.04 0.039 0.02 0.004 0.001 0.002 0.002 0.001 0.001 1 0.04 0.036 0.003 0.002 0.047 0.004 0.006 0.012 0.004 0.027 0.001 0.002 0.19 0.004 0.027 0.019 0.008 0.001 0 0.005 0.004 0.017 0.001 0.087 0.015 0.004 0.001 0.002 0.011 0.032 0.009 0.007 0.004 0.004 0.005 0.038 0.001 0.001 0.001 0.007 0.001 0.001 0.001 0.002 0.001 0.005 0.007 0 0.003 0.001 0 0.005 0.001 0.051 0.024 0.001
0.513 0.586 0.615 0.298 0.484 0.14 0.272 0.238 0.128 0.02 0.04 1 0.871 0.347 0.032 0.789 0.078 0.089 0.202 0.496 0.416 0.019 0.032 0.18 0.407 0.357 0.294 0.005 0.083 0.009 0.12 0.076 0.268 0.009 0.029 0.065 0.031 0.01 0.146 0.014 0.009 0.095 0.004 0.064 0.07 0.027 0.012 0.042 0.015 0.013 0.005 0.006 0.008 0.061 0.005 0.021 0.017 0.002 0.009 0.009 0.003 0.007 0.002 0.051 0.021 0 0.011
0.484 0.556 0.582 0.289 0.457 0.126 0.245 0.215 0.116 0.015 0.036 0.871 1 0.312 0.037 0.734 0.078 0.085 0.195 0.447 0.368 0.012 0.036 0.161 0.385 0.313 0.273 0.006 0.091 0.01 0.12 0.078 0.25 0.01 0.034 0.066 0.032 0.002 0.148 0.012 0.007 0.069 0.004 0.065 0.07 0.029 0.01 0.047 0.005 0.014 0.002 0.005 0.005 0.069 0.007 0.023 0.018 0.002 0.01 0.009 0.001 0.007 0.003 0.059 0.019 0 0.013
0.264 0.275 0.31 0.172 0.625 0.011 0.736 0.644 0.359 0.009 0.003 0.347 0.312 1 0.015 0.411 0.033 0.049 0.101 0.594 0.218 0.008 0.015 0.016 0.549 0.182 0.123 0.003 0.008 0.001 0.282 0.169 0.115 0.001 0.02 0.057 0.001 0.005 0.011 0.13 0.051 0.047 0.001 0.022 0.024 0 0.003 0.01 0.004 0.005 0.002 0.003 0.006 0.007 0 0.006 0 0.001 0.004 0.004 0 0.002 0.009 0.006 0.003 0.005 0.005
0.049 0.041 0.041 0.082 0.022 0.006 0.011 0.01 0.005 0.005 0.002 0.032 0.037 0.015 1 0.035 0.443 0.028 0.141 0.021 0.062 0.004 0.983 0.009 0.022 0.056 0.069 0.002 0.004 0.002 0.023 0.02 0.086 0.003 0.015 0.093 0.338 0.004 0.008 0.086 0.043 0.038 0.198 0.326 0.339 0.288 0.002 0.005 0.002 0 0.168 0.002 0.003 0.004 0.528 0.005 0.228 0.202 0.001 0.003 0.002 0 0.264 0.003 0.002 0.003 0
0.571 0.637 0.672 0.352 0.539 0.16 0.311 0.272 0.144 0.015 0.047 0.789 0.734 0.411 0.035 1 0.072 0.113 0.226 0.598 0.513 0.019 0.036 0.157 0.522 0.412 0.257 0.004 0.051 0.005 0.081 0.042 0.229 0.006 0.021 0.033 0.027 0.016 0.122 0.007 0.004 0.078 0.003 0.064 0.068 0.024 0.015 0.023 0.013 0.012 0.002 0.005 0.008 0.032 0.004 0.019 0.015 0.001 0.009 0.007 0.003 0.006 0.002 0.054 0.026 0 0.011
0.013 0.006 0.006 0.045 0.049 0.013 0.026 0.022 0.012 0.187 0.004 0.078 0.078 0.033 0.443 0.072 1 0.061 0.314 0.048 0.136 0.01 0.441 0.019 0.046 0.12 0.161 0.005 0.003 0.004 0.052 0.046 0.187 0.007 0.037 0.219 0.69 0.008 0.011 0.141 0.102 0.04 0.461 0.747 0.742 0.623 0.004 0.006 0.12 0.066 0.428 0.004 0.007 0.003 0.302 0.012 0.536 0.468 0.067 0.007 0.094 0.001 0.438 0.002 0.003 0.005 0.096
0.115 0.122 0.125 0.259 0.073 0.013 0.036 0.032 0.016 0.017 0.006 0.089 0.085 0.049 0.028 0.113 0.061 1 0.374 0.073 0.208 0.015 0.028 0.03 0.051 0.176 0.024 0.008 0.015 0.043 0.044 0.058 0.03 0.085 0.054 0.017 0.071 0.114 0.026 0.001 0.002 0.158 0.094 0.046 0.042 0.049 0 0.001 0.011 0.005 0.076 0.005 0.003 0.014 0.027 0.01 0.05 0.089 0.003 0.009 0.014 0.005 0.054 0.012 0.001 0.017 0.002
0.124 0.114 0.118 0.327 0.151 0.031 0.075 0.066 0.035 0.052 0.012 0.202 0.195 0.101 0.141 0.226 0.314 0.374 1 0.15 0.426 0.031 0.14 0.061 0.119 0.363 0.166 0.017 0.02 0.019 0.001 0.004 0.201 0.029 0.112 0.081 0.185 0.055 0.045 0.087 0.064 0.019 0.079 0.251 0.258 0.192 0.003 0.005 0.032 0.02 0.084 0.011 0.012 0.018 0.085 0.028 0.153 0.079 0.024 0.019 0.02 0.005 0.109 0.016 0.004 0.002 0.041
0.363 0.39 0.426 0.227 0.818 0.015 0.482 0.415 0.205 0.013 0.004 0.496 0.447 0.594 0.021 0.598 0.048 0.073 0.15 1 0.337 0.011 0.021 0.023 0.852 0.262 0.174 0.006 0.011 0.002 0.198 0.118 0.154 0.008 0.046 0.018 0.008 0.01 0.003 0.057 0.015 0.05 0.005 0.044 0.046 0.007 0.001 0.014 0.007 0.007 0.003 0.004 0.004 0.006 0.001 0.01 0.01 0.003 0.005 0.008 0.001 0.003 0 0.009 0 0.005 0.006
0.326 0.317 0.337 0.657 0.279 0.078 0.165 0.14 0.068 0.035 0.027 0.416 0.368 0.218 0.062 0.513 0.136 0.208 0.426 0.337 1 0.033 0.062 0.111 0.3 0.839 0.567 0.037 0.048 0.01 0.02 0.006 0.515 0.024 0.163 0.001 0.081 0.028 0.089 0.009 0.157 0.181 0.011 0.144 0.146 0.086 0.009 0.019 0.025 0.017 0.011 0.024 0.018 0.033 0.024 0.001 0.068 0.012 0.012 0.044 0.015 0.015 0.037 0.026 0.009 0 0.019
0.009 0.022 0.022 0 0.012 0.003 0.006 0.005 0.003 0.003 0.001 0.019 0.012 0.008 0.004 0.019 0.01 0.015 0.031 0.011 0.033 1 0.004 0.005 0.012 0.033 0.047 0.001 0.002 0.001 0.012 0.011 0 0.002 0.029 0.032 0.011 0 0.004 0.022 0.003 0.003 0.016 0.008 0.008 0.01 0.001 0.003 0.002 0.001 0.015 0 0.232 0.002 0.004 0.103 0.01 0.015 0.001 0.001 0.003 0.001 0.01 0.002 0.001 0.002 0.001
0.049 0.041 0.041 0.083 0.022 0.006 0.012 0.01 0.005 0.005 0.002 0.032 0.036 0.015 0.983 0.036 0.441 0.028 0.14 0.021 0.062 0.004 1 0.009 0.022 0.057 0.07 0.002 0.004 0.002 0.024 0.021 0.088 0.003 0.015 0.094 0.342 0.004 0.008 0.086 0.044 0.038 0.201 0.327 0.342 0.292 0.002 0.005 0.002 0 0.169 0.002 0.003 0.004 0.536 0.006 0.231 0.204 0.001 0.003 0.002 0 0.268 0.004 0.002 0.003 0
0.143 0.173 0.169 0.071 0.023 0.596 0.012 0.011 0.006 0.005 0.19 0.18 0.161 0.016 0.009 0.157 0.019 0.03 0.061 0.023 0.111 0.005 0.009 1 0.023 0.126 0.085 0 0.417 0.002 0.025 0.015 0.074 0.003 0.001 0.036 0.02 0.004 0.399 0.025 0.009 0.042 0.06 0.019 0.019 0.023 0.057 0.341 0.004 0.003 0.046 0 0.003 0.344 0.002 0.006 0.007 0.042 0.002 0 0.003 0.001 0.008 0.346 0.079 0.008 0.003
0.296 0.322 0.352 0.181 0.692 0.016 0.441 0.377 0.186 0.01 0.004 0.407 0.385 0.549 0.022 0.522 0.046 0.051 0.119 0.852 0.3 0.012 0.022 0.023 1 0.293 0.205 0.006 0.011 0.002 0.247 0.159 0.184 0.008 0.047 0.027 0.009 0.01 0.003 0.074 0.025 0.058 0.006 0.047 0.049 0.008 0.003 0.015 0.01 0.007 0.004 0.004 0.005 0.006 0.001 0.01 0.013 0.004 0.006 0.008 0.003 0.004 0 0.01 0.002 0.008 0.007
0.272 0.264 0.28 0.589 0.218 0.077 0.133 0.111 0.061 0.026 0.027 0.357 0.313 0.182 0.056 0.412 0.12 0.176 0.363 0.262 0.839 0.033 0.057 0.126 0.293 1 0.679 0.037 0.068 0.013 0.03 0.015 0.615 0.024 0.173 0 0.085 0.029 0.126 0.003 0.186 0.212 0.006 0.149 0.151 0.089 0.008 0.041 0.029 0.016 0.004 0.024 0.019 0.063 0.024 0.002 0.07 0.006 0.012 0.044 0.018 0.021 0.039 0.058 0.008 0.001 0.017
0.168 0.142 0.153 0.334 0.143 0.042 0.089 0.074 0.041 0.038 0.019 0.294 0.273 0.123 0.069 0.257 0.161 0.024 0.166 0.174 0.567 0.047 0.07 0.085 0.205 0.679 1 0.026 0.046 0.019 0.263 0.235 0.88 0.034 0.106 0.037 0.126 0.032 0.089 0.008 0.372 0.178 0.03 0.196 0.192 0.132 0.003 0.025 0.038 0.02 0.02 0.017 0.028 0.044 0.037 0 0.106 0.028 0.014 0.03 0.03 0.015 0.071 0.041 0.004 0.001 0.021
0.002 0.005 0.005 0.029 0.005 0.002 0.002 0.002 0.001 0.001 0.008 0.005 0.006 0.003 0.002 0.004 0.005 0.008 0.017 0.006 0.037 0.001 0.002 0 0.006 0.037 0.026 1 0.001 0.001 0.007 0.006 0.025 0.001 0.125 0.022 0.006 0.001 0.002 0.015 0.048 0.013 0.011 0.006 0.006 0.007 0.009 0.002 0.001 0.001 0.01 0.329 0.001 0.001 0.004 0.002 0.007 0.01 0.001 0.764 0.001 0 0.007 0.001 0 0 0.001
0.062 0.076 0.074 0.027 0.011 0.394 0.006 0.005 0.003 0 0.001 0.083 0.091 0.008 0.004 0.051 0.003 0.015 0.02 0.011 0.048 0.002 0.004 0.417 0.011 0.068 0.046 0.001 1 0.001 0.012 0.011 0.045 0.002 0.01 0.056 0.011 0.002 0.36 0.002 0.025 0.022 0.067 0.011 0.011 0.013 0.048 0.343 0.002 0.001 0.066 0.001 0.002 0.39 0 0.003 0.001 0.065 0.001 0.002 0.003 0.001 0.001 0.317 0.065 0.001 0.001
0.005 0.005 0.009 0.018 0.005 0.001 0.002 0.002 0.001 0.001 0 0.009 0.01 0.001 0.002 0.005 0.004 0.043 0.019 0.002 0.01 0.001 0.002 0.002 0.002 0.013 0.019 0.001 0.001 1 0.005 0.004 0.02 0.001 0.004 0.012 0.002 0.001 0.002 0.008 0.009 0.004 0.005 0.002 0.002 0.003 0 0.001 0.001 0.001 0.005 0 0 0.001 0.001 0.001 0.003 0.005 0 0 0.001 0 0.003 0.001 0 0.001 0.001
0.058 0.045 0.057 0.005 0.18 0.017 0.2 0.15 0.081 0.014 0.005 0.12 0.12 0.282 0.023 0.081 0.052 0.044 0.001 0.198 0.02 0.012 0.024 0.025 0.247 0.03 0.263 0.007 0.012 0.005 1 0.845 0.244 0.009 0.052 0.264 0.059 0.134 0.002 0.22 0.261 0.015 0.041 0.054 0.052 0.056 0.005 0.016 0.009 0.005 0.029 0.005 0.009 0.011 0.004 0.011 0.014 0.036 0.003 0.008 0.004 0.004 0.016 0.01 0.004 0.003 0.004
0.029 0.029 0.027 0 0.105 0.014 0.229 0.171 0.09 0.012 0.004 0.076 0.078 0.169 0.02 0.042 0.046 0.058 0.004 0.118 0.006 0.011 0.021 0.015 0.159 0.015 0.235 0.006 0.011 0.004 0.845 1 0.218 0.008 0.047 0.234 0.052 0.153 0.013 0.169 0.321 0.009 0.08 0.047 0.046 0.057 0.005 0.008 0.008 0.004 0.064 0.004 0.008 0.004 0.029 0.01 0.054 0.073 0.002 0.007 0.013 0.003 0.057 0.003 0.004 0.003 0.003
0.157 0.121 0.13 0.391 0.123 0.038 0.083 0.07 0.04 0.042 0.017 0.268 0.25 0.115 0.086 0.229 0.187 0.03 0.201 0.154 0.515 0 0.088 0.074 0.184 0.615 0.88 0.025 0.045 0.02 0.244 0.218 1 0.037 0.183 0.021 0.151 0.029 0.083 0.002 0.452 0.206 0.044 0.231 0.226 0.158 0.004 0.022 0.041 0.022 0.032 0.017 0.029 0.041 0.052 0.022 0.133 0.042 0.015 0.029 0.033 0.014 0.09 0.038 0.004 0.002 0.023
0.011 0.009 0.009 0.022 0.003 0.002 0 0 0.001 0.002 0.001 0.009 0.01 0.001 0.003 0.006 0.007 0.085 0.029 0.008 0.024 0.002 0.003 0.003 0.008 0.024 0.034 0.001 0.002 0.001 0.009 0.008 0.037 1 0.001 0.028 0.008 0.001 0.003 0.002 0.017 0.031 0.003 0 0 0 0.001 0.001 0.002 0.001 0.003 0.001 0.001 0.002 0.005 0.001 0.001 0.013 0.001 0.001 0.002 0.001 0.001 0.001 0.001 0.022 0.001
0.015 0.039 0.041 0.2 0.036 0.013 0.022 0.019 0.009 0.01 0.087 0.029 0.034 0.02 0.015 0.021 0.037 0.054 0.112 0.046 0.163 0.029 0.015 0.001 0.047 0.173 0.106 0.125 0.01 0.004 0.052 0.047 0.183 0.001 1 0.17 0.048 0.009 0.018 0.1 0.347 0.065 0.082 0.048 0.048 0.056 0.003 0.006 0.009 0.006 0.078 0.081 0.007 0.009 0.029 0.159 0.055 0.079 0.005 0.15 0.011 0.069 0.056 0.008 0.001 0.002 0.006
0.085 0.092 0.102 0 0.023 0.051 0.037 0.024 0.014 0.054 0.015 0.065 0.066 0.057 0.093 0.033 0.219 0.017 0.081 0.018 0.001 0.032 0.094 0.036 0.027 0 0.037 0.022 0.056 0.012 0.264 0.234 0.021 0.028 0.17 1 0.185 0.046 0.104 0.379 0.003 0.103 0.313 0.216 0.207 0.149 0.001 0.031 0.051 0.023 0.261 0.015 0.029 0.044 0.128 0.036 0.231 0.286 0.012 0.027 0.061 0.012 0.173 0.048 0 0.013 0.019
0 0.001 0 0.019 0.002 0.015 0 0.001 0.001 0.114 0.004 0.031 0.032 0.001 0.338 0.027 0.69 0.071 0.185 0.008 0.081 0.011 0.342 0.02 0.009 0.085 0.126 0.006 0.011 0.002 0.059 0.052 0.151 0.008 0.048 0.185 1 0.01 0.021 0.173 0.13 0.059 0.562 0.75 0.75 0.837 0.005 0.015 0.135 0.055 0.488 0.004 0.008 0.01 0.272 0.015 0.54 0.571 0.054 0.008 0.125 0.003 0.615 0.01 0.004 0.008 0.078
0.001 0.016 0.016 0.034 0.008 0.003 0.004 0.003 0.001 0.002 0.001 0.01 0.002 0.005 0.004 0.016 0.008 0.114 0.055 0.01 0.028 0 0.004 0.004 0.01 0.029 0.032 0.001 0.002 0.001 0.134 0.153 0.029 0.001 0.009 0.046 0.01 1 0.004 0.035 0.048 0.054 0.017 0.01 0.01 0.012 0.001 0.003 0.002 0.001 0.009 0.001 0.001 0.002 0.006 0.003 0.011 0.016 0.001 0.001 0.002 0.001 0.012 0.002 0.001 0 0.001
0.115 0.105 0.136 0.062 0.003 0.371 0.011 0.009 0.005 0 0.002 0.146 0.148 0.011 0.008 0.122 0.011 0.026 0.045 0.003 0.089 0.004 0.008 0.399 0.003 0.126 0.089 0.002 0.36 0.002 0.002 0.013 0.083 0.003 0.018 0.104 0.021 0.004 1 0.001 0.047 0.041 0.214 0.02 0.02 0.017 0.002 0.442 0.004 0.003 0.187 0.002 0.003 0.45 0.017 0.005 0.012 0.174 0.002 0.003 0.001 0.001 0.011 0.456 0.001 0.003 0.002
0.025 0.025 0.032 0.004 0.057 0.033 0.098 0.076 0.029 0.009 0.011 0.014 0.012 0.13 0.086 0.007 0.141 0.001 0.087 0.057 0.009 0.022 0.086 0.025 0.074 0.003 0.008 0.015 0.002 0.008 0.22 0.169 0.002 0.002 0.1 0.379 0.173 0.035 0.001 1 0.005 0.046 0.161 0.159 0.156 0.181 0.013 0.002 0.025 0.006 0.177 0.01 0.015 0.001 0.127 0.036 0.152 0.151 0.004 0.019 0.021 0.005 0.185 0.009 0.01 0.009 0.028
0.003 0 0 0.143 0.014 0.034 0.074 0.052 0.029 0.028 0.032 0.009 0.007 0.051 0.043 0.004 0.102 0.002 0.064 0.015 0.157 0.003 0.044 0.009 0.025 0.186 0.372 0.048 0.025 0.009 0.261 0.321 0.452 0.017 0.347 0.003 0.13 0.048 0.047 0.005 1 0.087 0.22 0.122 0.124 0.152 0 0.033 0.021 0.016 0.209 0.032 0.019 0.024 0.074 0.111 0.145 0.212 0.013 0.057 0.03 0.027 0.152 0.022 0.001 0 0.015
0.075 0.075 0.078 0.185 0.047 0.019 0.041 0.042 0.026 0.008 0.009 0.095 0.069 0.047 0.038 0.078 0.04 0.158 0.019 0.05 0.181 0.003 0.038 0.042 0.058 0.212 0.178 0.013 0.022 0.004 0.015 0.009 0.206 0.031 0.065 0.103 0.059 0.054 0.041 0.046 0.087 1 0.125 0.054 0.053 0.067 0.002 0.005 0 0.002 0.106 0.008 0.063 0.021 0.059 0.022 0.062 0.112 0.006 0.008 0.003 0.007 0.097 0.019 0.004 0.011 0.01
0.033 0.044 0.054 0 0.001 0.062 0.004 0.001 0 0.085 0.007 0.004 0.004 0.001 0.198 0.003 0.461 0.094 0.079 0.005 0.011 0.016 0.201 0.06 0.006 0.006 0.03 0.011 0.067 0.005 0.041 0.08 0.044 0.003 0.082 0.313 0.562 0.017 0.214 0.161 0.22 0.125 1 0.563 0.554 0.615 0.009 0.081 0.101 0.028 0.85 0.007 0.014 0.094 0.322 0.025 0.613 0.879 0.031 0.013 0.139 0.006 0.63 0.098 0.007 0.013 0.053
0.007 0.002 0.002 0.038 0.022 0.015 0.016 0.013 0.003 0.132 0.004 0.064 0.065 0.022 0.326 0.064 0.747 0.046 0.251 0.044 0.144 0.008 0.327 0.019 0.047 0.149 0.196 0.006 0.011 0.002 0.054 0.047 0.231 0 0.048 0.216 0.75 0.01 0.02 0.159 0.122 0.054 0.563 1 0.938 0.797 0.005 0.014 0.178 0.057 0.476 0.004 0.008 0.01 0.322 0.014 0.711 0.518 0.059 0.008 0.175 0.003 0.596 0.009 0.004 0.007 0.096
0.007 0.002 0.003 0.039 0.023 0.014 0.018 0.014 0.005 0.116 0.004 0.07 0.07 0.024 0.339 0.068 0.742 0.042 0.258 0.046 0.146 0.008 0.342 0.019 0.049 0.151 0.192 0.006 0.011 0.002 0.052 0.046 0.226 0 0.048 0.207 0.75 0.01 0.02 0.156 0.124 0.053 0.554 0.938 1 0.799 0.005 0.014 0.18 0.068 0.487 0.004 0.008 0.01 0.314 0.014 0.709 0.517 0.071 0.008 0.177 0.003 0.594 0.009 0.004 0.007 0.111
0 0.001 0.001 0.018 0.001 0.018 0 0.002 0.003 0.096 0.005 0.027 0.029 0 0.288 0.024 0.623 0.049 0.192 0.007 0.086 0.01 0.292 0.023 0.008 0.089 0.132 0.007 0.013 0.003 0.056 0.057 0.158 0 0.056 0.149 0.837 0.012 0.017 0.181 0.152 0.067 0.615 0.797 0.799 1 0.006 0.017 0.146 0.061 0.563 0.005 0.01 0.012 0.3 0.016 0.632 0.605 0.055 0.009 0.142 0.004 0.681 0.011 0.005 0.009 0.09
0.008 0.01 0.01 0.003 0.002 0.033 0.003 0.002 0.001 0.001 0.038 0.012 0.01 0.003 0.002 0.015 0.004 0 0.003 0.001 0.009 0.001 0.002 0.057 0.003 0.008 0.003 0.009 0.048 0 0.005 0.005 0.004 0.001 0.003 0.001 0.005 0.001 0.002 0.013 0 0.002 0.009 0.005 0.005 0.006 1 0.001 0.001 0.001 0.008 0 0.001 0.001 0.003 0.001 0.006 0.008 0 0.006 0.001 0 0.006 0.001 0.7 0.142 0.001
0.029 0.038 0.037 0.01 0.015 0.268 0.008 0.007 0.003 0 0.001 0.042 0.047 0.01 0.005 0.023 0.006 0.001 0.005 0.014 0.019 0.003 0.005 0.341 0.015 0.041 0.025 0.002 0.343 0.001 0.016 0.008 0.022 0.001 0.006 0.031 0.015 0.003 0.442 0.002 0.033 0.005 0.081 0.014 0.014 0.017 0.001 1 0.003 0.002 0.086 0.001 0.002 0.643 0.008 0.004 0.016 0.079 0.001 0.002 0.003 0.001 0.017 0.65 0.001 0.002 0.002
0.05 0.062 0.06 0.029 0 0.003 0.003 0.002 0 0 0.001 0.015 0.005 0.004 0.002 0.013 0.12 0.011 0.032 0.007 0.025 0.002 0.002 0.004 0.01 0.029 0.038 0.001 0.002 0.001 0.009 0.008 0.041 0.002 0.009 0.051 0.135 0.002 0.004 0.025 0.021 0 0.101 0.178 0.18 0.146 0.001 0.003 1 0 0.06 0.001 0.002 0.002 0.004 0.003 0.154 0.098 0.001 0.001 0.377 0.001 0.026 0.002 0.001 0.001 0
0.015 0.012 0.012 0.02 0.007 0.001 0.004 0.003 0.002 0.331 0.001 0.013 0.014 0.005 0 0.012 0.066 0.005 0.02 0.007 0.017 0.001 0 0.003 0.007 0.016 0.02 0.001 0.001 0.001 0.005 0.004 0.022 0.001 0.006 0.023 0.055 0.001 0.003 0.006 0.016 0.002 0.028 0.057 0.068 0.061 0.001 0.002 0 1 0.047 0.001 0.001 0.001 0.004 0.002 0.043 0.043 0.295 0.001 0.001 0 0.058 0.001 0.001 0.001 0.422
0.024 0.032 0.041 0 0.002 0.046 0.003 0.001 0 0.083 0.007 0.005 0.002 0.002 0.168 0.002 0.428 0.076 0.084 0.003 0.011 0.015 0.169 0.046 0.004 0.004 0.02 0.01 0.066 0.005 0.029 0.064 0.032 0.003 0.078 0.261 0.488 0.009 0.187 0.177 0.209 0.106 0.85 0.476 0.487 0.563 0.008 0.086 0.06 0.047 1 0.007 0.014 0.1 0.288 0.024 0.57 0.873 0.06 0.013 0.096 0.006 0.607 0.103 0.006 0.012 0.071
0.001 0.006 0.006 0.019 0.004 0.001 0.002 0.002 0.001 0.001 0.001 0.006 0.005 0.003 0.002 0.005 0.004 0.005 0.011 0.004 0.024 0 0.002 0 0.004 0.024 0.017 0.329 0.001 0 0.005 0.004 0.017 0.001 0.081 0.015 0.004 0.001 0.002 0.01 0.032 0.008 0.007 0.004 0.004 0.005 0 0.001 0.001 0.001 0.007 1 0.001 0.001 0.002 0.001 0.005 0.007 0 0.284 0.001 0 0.005 0.001 0 0.001 0
0.009 0.008 0.007 0.019 0.004 0.002 0.005 0.004 0.002 0.002 0.001 0.008 0.005 0.006 0.003 0.008 0.007 0.003 0.012 0.004 0.018 0.232 0.003 0.003 0.005 0.019 0.028 0.001 0.002 0 0.009 0.008 0.029 0.001 0.007 0.029 0.008 0.001 0.003 0.015 0.019 0.063 0.014 0.008 0.008 0.01 0.001 0.002 0.002 0.001 0.014 0.001 1 0.002 0.005 0.002 0.009 0.014 0.001 0.001 0.002 0.001 0.01 0.001 0.001 0.001 0.001
0.036 0.046 0.044 0.022 0.011 0.245 0.006 0.005 0.003 0 0.001 0.061 0.069 0.007 0.004 0.032 0.003 0.014 0.018 0.006 0.033 0.002 0.004 0.344 0.006 0.063 0.044 0.001 0.39 0.001 0.011 0.004 0.041 0.002 0.009 0.044 0.01 0.002 0.45 0.001 0.024 0.021 0.094 0.01 0.01 0.012 0.001 0.643 0.002 0.001 0.1 0.001 0.002 1 0.002 0.003 0.011 0.091 0.001 0.001 0.002 0.001 0.012 0.603 0.001 0.001 0.001
0.007 0.004 0.003 0.025 0.004 0.001 0.017 0.015 0.008 0.002 0.002 0.005 0.007 0 0.528 0.004 0.302 0.027 0.085 0.001 0.024 0.004 0.536 0.002 0.001 0.024 0.037 0.004 0 0.001 0.004 0.029 0.052 0.005 0.029 0.128 0.272 0.006 0.017 0.127 0.074 0.059 0.322 0.322 0.314 0.3 0.003 0.008 0.004 0.004 0.288 0.002 0.005 0.002 1 0.008 0.401 0.33 0.003 0.004 0 0.002 0.391 0.005 0.002 0.004 0.001
0.003 0.023 0.023 0.027 0.01 0.004 0.004 0.003 0.004 0.003 0.001 0.021 0.023 0.006 0.005 0.019 0.012 0.01 0.028 0.01 0.001 0.103 0.006 0.006 0.01 0.002 0 0.002 0.003 0.001 0.011 0.01 0.022 0.001 0.159 0.036 0.015 0.003 0.005 0.036 0.111 0.022 0.025 0.014 0.014 0.016 0.001 0.004 0.003 0.002 0.024 0.001 0.002 0.003 0.008 1 0.016 0.024 0.001 0.002 0.003 0.001 0.017 0.002 0.001 0.002 0.002
0.001 0.001 0.004 0.008 0.002 0.002 0.022 0.018 0.006 0.077 0.005 0.017 0.018 0 0.228 0.015 0.536 0.05 0.153 0.01 0.068 0.01 0.231 0.007 0.013 0.07 0.106 0.007 0.001 0.003 0.014 0.054 0.133 0.001 0.055 0.231 0.54 0.011 0.012 0.152 0.145 0.062 0.613 0.711 0.709 0.632 0.006 0.016 0.154 0.043 0.57 0.005 0.009 0.011 0.401 0.016 1 0.598 0.087 0.009 0.211 0.004 0.718 0.011 0.004 0.009 0.067
0.024 0.034 0.043 0 0.001 0.041 0.004 0.002 0.001 0.085 0.007 0.002 0.002 0.001 0.202 0.001 0.468 0.089 0.079 0.003 0.012 0.015 0.204 0.042 0.004 0.006 0.028 0.01 0.065 0.005 0.036 0.073 0.042 0.013 0.079 0.286 0.571 0.016 0.174 0.151 0.212 0.112 0.879 0.518 0.517 0.605 0.008 0.079 0.098 0.043 0.873 0.007 0.014 0.091 0.33 0.024 0.598 1 0.059 0.013 0.144 0.006 0.636 0.094 0.007 0.01 0.066
0.007 0.005 0.005 0.01 0.005 0.001 0.003 0.002 0.001 0.141 0 0.009 0.01 0.004 0.001 0.009 0.067 0.003 0.024 0.005 0.012 0.001 0.001 0.002 0.006 0.012 0.014 0.001 0.001 0 0.003 0.002 0.015 0.001 0.005 0.012 0.054 0.001 0.002 0.004 0.013 0.006 0.031 0.059 0.071 0.055 0 0.001 0.001 0.295 0.06 0 0.001 0.001 0.003 0.001 0.087 0.059 1 0.001 0.001 0 0.07 0.001 0 0.001 0.31
0.004 0.009 0.009 0.033 0.007 0.002 0.003 0.002 0.001 0.002 0.003 0.009 0.009 0.004 0.003 0.007 0.007 0.009 0.019 0.008 0.044 0.001 0.003 0 0.008 0.044 0.03 0.764 0.002 0 0.008 0.007 0.029 0.001 0.15 0.027 0.008 0.001 0.003 0.019 0.057 0.008 0.013 0.008 0.008 0.009 0.006 0.002 0.001 0.001 0.013 0.284 0.001 0.001 0.004 0.002 0.009 0.013 0.001 1 0.002 0 0.009 0.001 0.001 0 0.001
0.043 0.036 0.056 0.023 0.003 0.001 0.004 0.003 0.001 0.001 0.001 0.003 0.001 0 0.002 0.003 0.094 0.014 0.02 0.001 0.015 0.003 0.002 0.003 0.003 0.018 0.03 0.001 0.003 0.001 0.004 0.013 0.033 0.002 0.011 0.061 0.125 0.002 0.001 0.021 0.03 0.003 0.139 0.175 0.177 0.142 0.001 0.003 0.377 0.001 0.096 0.001 0.002 0.002 0 0.003 0.211 0.144 0.001 0.002 1 0.001 0.087 0.002 0.001 0.002 0
0.004 0.007 0.007 0.01 0.004 0.001 0.002 0.002 0.001 0.001 0 0.007 0.007 0.002 0 0.006 0.001 0.005 0.005 0.003 0.015 0.001 0 0.001 0.004 0.021 0.015 0 0.001 0 0.004 0.003 0.014 0.001 0.069 0.012 0.003 0.001 0.001 0.005 0.027 0.007 0.006 0.003 0.003 0.004 0 0.001 0.001 0 0.006 0 0.001 0.001 0.002 0.001 0.004 0.006 0 0 0.001 1 0.004 0.001 0 0 0
0 0.001 0.003 0.013 0.003 0.003 0 0 0 0.096 0.005 0.002 0.003 0.009 0.264 0.002 0.438 0.054 0.109 0 0.037 0.01 0.268 0.008 0 0.039 0.071 0.007 0.001 0.003 0.016 0.057 0.09 0.001 0.056 0.173 0.615 0.012 0.011 0.185 0.152 0.097 0.63 0.596 0.594 0.681 0.006 0.017 0.026 0.058 0.607 0.005 0.01 0.012 0.391 0.017 0.718 0.636 0.07 0.009 0.087 0.004 1 0.011 0.005 0.009 0.095
0.036 0.045 0.044 0.017 0.01 0.389 0.005 0.004 0.002 0.001 0.001 0.051 0.059 0.006 0.003 0.054 0.002 0.012 0.016 0.009 0.026 0.002 0.004 0.346 0.01 0.058 0.041 0.001 0.317 0.001 0.01 0.003 0.038 0.001 0.008 0.048 0.01 0.002 0.456 0.009 0.022 0.019 0.098 0.009 0.009 0.011 0.001 0.65 0.002 0.001 0.103 0.001 0.001 0.603 0.005 0.002 0.011 0.094 0.001 0.001 0.002 0.001 0.011 1 0 0.001 0.001
0.016 0.019 0.019 0.003 0.001 0.045 0.002 0.002 0.001 0.001 0.051 0.021 0.019 0.003 0.002 0.026 0.003 0.001 0.004 0 0.009 0.001 0.002 0.079 0.002 0.008 0.004 0 0.065 0 0.004 0.004 0.004 0.001 0.001 0 0.004 0.001 0.001 0.01 0.001 0.004 0.007 0.004 0.004 0.005 0.7 0.001 0.001 0.001 0.006 0 0.001 0.001 0.002 0.001 0.004 0.007 0 0.001 0.001 0 0.005 0 1 0.105 0
0.001 0 0 0.003 0.006 0.001 0.004 0.004 0.002 0.002 0.024 0 0 0.005 0.003 0 0.005 0.017 0.002 0.005 0 0.002 0.003 0.008 0.008 0.001 0.001 0 0.001 0.001 0.003 0.003 0.002 0.022 0.002 0.013 0.008 0 0.003 0.009 0 0.011 0.013 0.007 0.007 0.009 0.142 0.002 0.001 0.001 0.012 0.001 0.001 0.001 0.004 0.002 0.009 0.01 0.001 0 0.002 0 0.009 0.001 0.105 1 0.001
0.007 0.004 0.004 0.012 0.007 0.001 0.003 0.003 0.002 0.191 0.001 0.011 0.013 0.005 0 0.011 0.096 0.002 0.041 0.006 0.019 0.001 0 0.003 0.007 0.017 0.021 0.001 0.001 0.001 0.004 0.003 0.023 0.001 0.006 0.019 0.078 0.001 0.002 0.028 0.015 0.01 0.053 0.096 0.111 0.09 0.001 0.002 0 0.422 0.071 0 0.001 0.001 0.001 0.002 0.067 0.066 0.31 0.001 0 0 0.095 0.001 0 0.001 1
