1 0.79 0.801 0.374 0.305 0.105 0.228 0.19 0.108 0.022 0.06 0.445 0.444 0.231 0.031 0.482 0.001 0.136 0.103 0.285 0.233 0.001 0.034 0.164 0.218 0.181 0.098 0 0.034 0.005 0.057 0.034 0.073 0.015 0.011 0.111 0 0.002 0.082 0.034 0.006 0.054 0.026 0.001 0 0 0.015 0.026 0.054 0.007 0.022 0 0.013 0.01 0.013 0.011 0.003 0.017 0.002 0.002 0.051 0.004 0.006 0.024 0.014 0 0
0.79 1 0.96 0.388 0.356 0.132 0.285 0.238 0.135 0.018 0.076 0.559 0.538 0.27 0.025 0.586 0 0.117 0.075 0.336 0.237 0.031 0.027 0.207 0.265 0.186 0.105 0 0.045 0.008 0.073 0.057 0.078 0.012 0.028 0.133 0.003 0.007 0.084 0.059 0.002 0.053 0.041 0 0.001 0.004 0.015 0.035 0.069 0.004 0.035 0.006 0.013 0.015 0.009 0.022 0.006 0.032 0.001 0.006 0.055 0.011 0.011 0.031 0.015 0 0
0.801 0.96 1 0.41 0.386 0.131 0.284 0.237 0.134 0.018 0.075 0.579 0.558 0.294 0.025 0.617 0 0.117 0.076 0.365 0.255 0.031 0.027 0.207 0.286 0.199 0.115 0 0.045 0.014 0.083 0.056 0.086 0.012 0.028 0.144 0.003 0.007 0.104 0.066 0.002 0.054 0.048 0 0.001 0.004 0.015 0.035 0.069 0.004 0.042 0.006 0.01 0.015 0.008 0.022 0.01 0.037 0.001 0.006 0.068 0.011 0.015 0.031 0.015 0 0
0.374 0.388 0.41 1 0.183 0.046 0.12 0.1 0.057 0.042 0.032 0.234 0.244 0.143 0.059 0.267 0.023 0.289 0.318 0.158 0.599 0 0.06 0.076 0.11 0.534 0.329 0.025 0.012 0.034 0.007 0.002 0.397 0.028 0.273 0 0.016 0.02 0.038 0 0.236 0.161 0.001 0.031 0.026 0.016 0.003 0.011 0.026 0.004 0 0.014 0.027 0.005 0.034 0.057 0.007 0 0.003 0.03 0.017 0.025 0.006 0.009 0.002 0.005 0.002
0.305 0.356 0.386 0.183 1 0.011 0.509 0.498 0.28 0.008 0.006 0.447 0.44 0.65 0.012 0.492 0.032 0.06 0.115 0.765 0.222 0.015 0.013 0.019 0.592 0.175 0.131 0.001 0.006 0.007 0.23 0.161 0.104 0.006 0.029 0.047 0.008 0.005 0.005 0.069 0.038 0.036 0.003 0.027 0.024 0.005 0.001 0.006 0.002 0.002 0.003 0.003 0.004 0.005 0.001 0.009 0.007 0.001 0.001 0.004 0.001 0.005 0 0.005 0.001 0 0.005
0.105 0.132 0.131 0.046 0.011 1 0.007 0.006 0.003 0.002 0.002 0.142 0.134 0.008 0.003 0.143 0.01 0.013 0.029 0.012 0.071 0.004 0.004 0.555 0.012 0.046 0.018 0.001 0.339 0.002 0.014 0.011 0.018 0.002 0.016 0.041 0.008 0.001 0.322 0.015 0.032 0.009 0.045 0.009 0.008 0.011 0.043 0.249 0.002 0 0.039 0.001 0.002 0.111 0.004 0.003 0 0.034 0 0.002 0 0.002 0.001 0.277 0.048 0.001 0
0.228 0.285 0.284 0.12 0.509 0.007 1 0.835 0.473 0.005 0.004 0.281 0.264 0.727 0.007 0.31 0.019 0.036 0.068 0.533 0.161 0.009 0.008 0.011 0.511 0.147 0.114 0 0.004 0.004 0.305 0.331 0.095 0.003 0.027 0.091 0.003 0.003 0.007 0.15 0.11 0.026 0.008 0.019 0.017 0.001 0.004 0.004 0.004 0 0.006 0.002 0.004 0.003 0.012 0.004 0.024 0.005 0 0.001 0.007 0.003 0.003 0.003 0.004 0.006 0.002
0.19 0.238 0.237 0.1 0.498 0.006 0.835 1 0.566 0.004 0.003 0.234 0.22 0.61 0.006 0.258 0.015 0.03 0.057 0.44 0.133 0.007 0.006 0.009 0.42 0.12 0.093 0 0.003 0.003 0.232 0.249 0.077 0.003 0.021 0.067 0.001 0.002 0.006 0.116 0.081 0.037 0.004 0.015 0.014 0 0.003 0.003 0.004 0 0.002 0.002 0.003 0.002 0.01 0.003 0.019 0.002 0 0.001 0.006 0.003 0.001 0.003 0.003 0.005 0.001
0.108 0.135 0.134 0.057 0.28 0.003 0.473 0.566 1 0.002 0.002 0.136 0.128 0.362 0.003 0.15 0.01 0.017 0.034 0.248 0.078 0.004 0.004 0.005 0.237 0.071 0.055 0 0.002 0.002 0.117 0.131 0.046 0.002 0.01 0.034 0 0.001 0.003 0.062 0.045 0.024 0.001 0.009 0.008 0 0.002 0.002 0.002 0 0.001 0.001 0.002 0.001 0.006 0.003 0.011 0.001 0 0 0.003 0.002 0 0.001 0.002 0.003 0.001
0.022 0.018 0.018 0.042 0.008 0.002 0.005 0.004 0.002 1 0.001 0.012 0.01 0.007 0.003 0.005 0.209 0.013 0.058 0.009 0.03 0.003 0.003 0.004 0.009 0.027 0.034 0.001 0 0.001 0.01 0.009 0.042 0.001 0.012 0.062 0.12 0.001 0.001 0.046 0.025 0.007 0.116 0.168 0.136 0.136 0.001 0 0 0.229 0.113 0.001 0.001 0 0 0.003 0.123 0.09 0.111 0.002 0.009 0.001 0.13 0 0.001 0.002 0.198
0.06 0.076 0.075 0.032 0.006 0.002 0.004 0.003 0.002 0.001 1 0.076 0.072 0.005 0.002 0.084 0.006 0.01 0.018 0.006 0.042 0.002 0.002 0.319 0.007 0.042 0.033 0.025 0.001 0.001 0.008 0.007 0.027 0.001 0.109 0.021 0.005 0.001 0.002 0.017 0.019 0.013 0.009 0.006 0.005 0.007 0.007 0.001 0.001 0.001 0.009 0 0.001 0.001 0.003 0.002 0.005 0.009 0.001 0.002 0.001 0.001 0.008 0.001 0.006 0.003 0.002
0.445 0.559 0.579 0.234 0.447 0.142 0.281 0.234 0.136 0.012 0.076 1 0.934 0.354 0.011 0.772 0.051 0.08 0.161 0.435 0.342 0.018 0.013 0.226 0.322 0.27 0.228 0 0.058 0.014 0.141 0.108 0.206 0.012 0.015 0.078 0.029 0.003 0.112 0.025 0.022 0.062 0 0.053 0.052 0.027 0.022 0.04 0.012 0.006 0.001 0.006 0.002 0.032 0.001 0.02 0.015 0 0.004 0.006 0.006 0.011 0.007 0.037 0.022 0 0.012
0.444 0.538 0.558 0.244 0.44 0.134 0.264 0.22 0.128 0.01 0.072 0.934 1 0.333 0.012 0.73 0.052 0.086 0.169 0.415 0.332 0.014 0.015 0.212 0.311 0.264 0.221 0 0.061 0.015 0.132 0.101 0.204 0.012 0.012 0.075 0.028 0.003 0.111 0.021 0.024 0.062 0 0.051 0.049 0.026 0.021 0.042 0.007 0.006 0 0 0.002 0.034 0.002 0.019 0.015 0 0.005 0.002 0.004 0.011 0.006 0.039 0.021 0 0.013
0.231 0.27 0.294 0.143 0.65 0.008 0.727 0.61 0.362 0.007 0.005 0.354 0.333 1 0.009 0.416 0.028 0.047 0.094 0.62 0.216 0.012 0.01 0.014 0.595 0.196 0.153 0.001 0.005 0.003 0.37 0.272 0.127 0.004 0.019 0.107 0.006 0.004 0.01 0.15 0.098 0.023 0.001 0.025 0.024 0.003 0.005 0.004 0.006 0.002 0 0.002 0.005 0.003 0 0.006 0.005 0 0.002 0.002 0.003 0.004 0 0.004 0.005 0.007 0.005
0.031 0.025 0.025 0.059 0.012 0.003 0.007 0.006 0.003 0.003 0.002 0.011 0.012 0.009 1 0.022 0.333 0.019 0.098 0.012 0.043 0.005 0.911 0.006 0.013 0.04 0.049 0.001 0.002 0.002 0.014 0.013 0.062 0.002 0.014 0.082 0.302 0.001 0.004 0.051 0.033 0.024 0.182 0.257 0.239 0.242 0.002 0.002 0.002 0 0.135 0.001 0.002 0.001 0.521 0.004 0.199 0.186 0 0.002 0.003 0 0.188 0.002 0.002 0.003 0
0.482 0.586 0.617 0.267 0.492 0.143 0.31 0.258 0.15 0.005 0.084 0.772 0.73 0.416 0.022 1 0.05 0.111 0.198 0.551 0.439 0.028 0.022 0.223 0.427 0.339 0.228 0 0.044 0.01 0.11 0.077 0.19 0.009 0.011 0.057 0.024 0.008 0.102 0.019 0.018 0.065 0 0.049 0.052 0.023 0.026 0.028 0.013 0.008 0 0.005 0.01 0.019 0.002 0.019 0.015 0 0.007 0.005 0.004 0.01 0.006 0.036 0.026 0 0.015
0.001 0 0 0.023 0.032 0.01 0.019 0.015 0.01 0.209 0.006 0.051 0.052 0.028 0.333 0.05 1 0.054 0.291 0.037 0.124 0.014 0.357 0.017 0.038 0.111 0.14 0.004 0 0.006 0.043 0.039 0.173 0.005 0.047 0.246 0.721 0.003 0.004 0.178 0.1 0.024 0.545 0.762 0.709 0.669 0.005 0 0.142 0.047 0.469 0.003 0.006 0 0.241 0.013 0.585 0.475 0.067 0.007 0.151 0.003 0.55 0 0.005 0.008 0.151
0.136 0.117 0.117 0.289 0.06 0.013 0.036 0.03 0.017 0.013 0.01 0.08 0.086 0.047 0.019 0.111 0.054 1 0.431 0.064 0.208 0.023 0.019 0.03 0.025 0.175 0.032 0.008 0.01 0.083 0.03 0.04 0.05 0.072 0.084 0.018 0.052 0.011 0.018 0.006 0.021 0.084 0.058 0.03 0.026 0.037 0 0.008 0.011 0.004 0.046 0.005 0 0.007 0.013 0.022 0.037 0.054 0.003 0.007 0.01 0.009 0.037 0.008 0 0.013 0.008
0.103 0.075 0.076 0.318 0.115 0.029 0.068 0.057 0.034 0.058 0.018 0.161 0.169 0.094 0.098 0.198 0.291 0.431 1 0.126 0.416 0.046 0.107 0.059 0.074 0.356 0.173 0.015 0.01 0.039 0 0.001 0.236 0.018 0.164 0.076 0.204 0.003 0.025 0.07 0.121 0.011 0.129 0.269 0.256 0.213 0.003 0.008 0.036 0.011 0.115 0.009 0.002 0.005 0.074 0.045 0.175 0.1 0.022 0.018 0.04 0.014 0.161 0.007 0.002 0.001 0.046
0.285 0.336 0.365 0.158 0.765 0.012 0.533 0.44 0.248 0.009 0.006 0.435 0.415 0.62 0.012 0.551 0.037 0.064 0.126 1 0.255 0.016 0.014 0.02 0.793 0.201 0.151 0.005 0.007 0.005 0.275 0.202 0.121 0.006 0.056 0.053 0.014 0.005 0.004 0.087 0.034 0.044 0.006 0.036 0.033 0.01 0.001 0.007 0.007 0.004 0.005 0.003 0.005 0 0 0.01 0.013 0.004 0.003 0.008 0.006 0.006 0.002 0.006 0.001 0.001 0.007
0.233 0.237 0.255 0.599 0.222 0.071 0.161 0.133 0.078 0.03 0.042 0.342 0.332 0.216 0.043 0.439 0.124 0.208 0.416 0.255 1 0.053 0.046 0.124 0.213 0.833 0.609 0.031 0.027 0.021 0.029 0.016 0.503 0.018 0.198 0.001 0.089 0.014 0.057 0.003 0.231 0.153 0.027 0.13 0.123 0.083 0.001 0.016 0.026 0.01 0.025 0.016 0.02 0.012 0.024 0.004 0.072 0.024 0.007 0.04 0.021 0.035 0.061 0.015 0.001 0.004 0.031
0.001 0.031 0.031 0 0.015 0.004 0.009 0.007 0.004 0.003 0.002 0.018 0.014 0.012 0.005 0.028 0.014 0.023 0.046 0.016 0.053 1 0.005 0.007 0.016 0.054 0.068 0.001 0.003 0.003 0.016 0.015 0.003 0.002 0.035 0.021 0.014 0.048 0.004 0.033 0.006 0 0.022 0.014 0.013 0.016 0 0.001 0.003 0.003 0.022 0 0.1 0.002 0.006 0.127 0.017 0.021 0.002 0.001 0.004 0.002 0.018 0.002 0 0.004 0.004
0.034 0.027 0.027 0.06 0.013 0.004 0.008 0.006 0.004 0.003 0.002 0.013 0.015 0.01 0.911 0.022 0.357 0.019 0.107 0.014 0.046 0.005 1 0.006 0.014 0.044 0.053 0.002 0.002 0.002 0.016 0.014 0.067 0.002 0.016 0.088 0.324 0.002 0.004 0.054 0.036 0.025 0.196 0.278 0.25 0.26 0.002 0.002 0.002 0 0.137 0.001 0.002 0.002 0.564 0.005 0.21 0.2 0 0.003 0.003 0 0.204 0.002 0.002 0.003 0
0.164 0.207 0.207 0.076 0.019 0.555 0.011 0.009 0.005 0.004 0.319 0.226 0.212 0.014 0.006 0.223 0.017 0.03 0.059 0.02 0.124 0.007 0.006 1 0.02 0.104 0.059 0.004 0.267 0.003 0.023 0.017 0.055 0.003 0.009 0.01 0.016 0.002 0.251 0.025 0.004 0.028 0.021 0.017 0.016 0.02 0.047 0.227 0.003 0.003 0.014 0.001 0.003 0.124 0.008 0.005 0.004 0.012 0.003 0 0 0.003 0.009 0.206 0.049 0.003 0.005
0.218 0.265 0.286 0.11 0.592 0.012 0.511 0.42 0.237 0.009 0.007 0.322 0.311 0.595 0.013 0.427 0.038 0.025 0.074 0.793 0.213 0.016 0.014 0.02 1 0.245 0.214 0.005 0.007 0.005 0.392 0.31 0.178 0.006 0.059 0.078 0.014 0.005 0.003 0.111 0.056 0.053 0.007 0.037 0.034 0.01 0.005 0.007 0.008 0.004 0.005 0.003 0.007 0.001 0 0.011 0.014 0.004 0.003 0.008 0.006 0.006 0.002 0.006 0.005 0.01 0.008
0.181 0.186 0.199 0.534 0.175 0.046 0.147 0.12 0.071 0.027 0.042 0.27 0.264 0.196 0.04 0.339 0.111 0.175 0.356 0.201 0.833 0.054 0.044 0.104 0.245 1 0.724 0.031 0.047 0.025 0.053 0.037 0.609 0.021 0.199 0.001 0.098 0.017 0.082 0 0.277 0.179 0.023 0.141 0.133 0.091 0.001 0.037 0.026 0.006 0.017 0.016 0.023 0.033 0.027 0.004 0.07 0.016 0.01 0.04 0.022 0.038 0.06 0.038 0 0.009 0.025
0.098 0.105 0.115 0.329 0.131 0.018 0.114 0.093 0.055 0.034 0.033 0.228 0.221 0.153 0.049 0.228 0.14 0.032 0.173 0.151 0.609 0.068 0.053 0.059 0.214 0.724 1 0.024 0.02 0.032 0.258 0.236 0.807 0.026 0.144 0.019 0.128 0 0.065 0.005 0.391 0.19 0.045 0.177 0.166 0.124 0.002 0.029 0.033 0.017 0.036 0.012 0.029 0.022 0.035 0.001 0.111 0.04 0.013 0.031 0.033 0.03 0.098 0.03 0.003 0.011 0.044
0 0 0 0.025 0.001 0.001 0 0 0 0.001 0.025 0 0 0.001 0.001 0 0.004 0.008 0.015 0.005 0.031 0.001 0.002 0.004 0.005 0.031 0.024 1 0.001 0.001 0.006 0.005 0.023 0.001 0.088 0.017 0.005 0.001 0.001 0.013 0.041 0.01 0.008 0.005 0.005 0.006 0 0.001 0.001 0.001 0.008 0.323 0.001 0.001 0.003 0.002 0.006 0.008 0.001 0.473 0.001 0.001 0.006 0.001 0.001 0.001 0.001
0.034 0.045 0.045 0.012 0.006 0.339 0.004 0.003 0.002 0 0.001 0.058 0.061 0.005 0.002 0.044 0 0.01 0.01 0.007 0.027 0.003 0.002 0.267 0.007 0.047 0.02 0.001 1 0.001 0.008 0.006 0.031 0.001 0.009 0.048 0.006 0.001 0.24 0.002 0.018 0.014 0.034 0.007 0.006 0.008 0.088 0.31 0.001 0.001 0.033 0.001 0.001 0.221 0.002 0.001 0.002 0.033 0.001 0.001 0.002 0.001 0.002 0.276 0.082 0 0.002
0.005 0.008 0.014 0.034 0.007 0.002 0.004 0.003 0.002 0.001 0.001 0.014 0.015 0.003 0.002 0.01 0.006 0.083 0.039 0.005 0.021 0.003 0.002 0.003 0.005 0.025 0.032 0.001 0.001 1 0.008 0.008 0.038 0.001 0.01 0.016 0.004 0.001 0.002 0.015 0.013 0.01 0.008 0.005 0.004 0.006 0.001 0.001 0.001 0.001 0.008 0.001 0 0.001 0.002 0.003 0.006 0.008 0.001 0 0.002 0.001 0.005 0.001 0.001 0.002 0.002
0.057 0.073 0.083 0.007 0.23 0.014 0.305 0.232 0.117 0.01 0.008 0.141 0.132 0.37 0.014 0.11 0.043 0.03 0 0.275 0.029 0.016 0.016 0.023 0.392 0.053 0.258 0.006 0.008 0.008 1 0.865 0.212 0.007 0.064 0.261 0.043 0.017 0.002 0.212 0.193 0.028 0.03 0.047 0.043 0.043 0.008 0.008 0.009 0.007 0.025 0.004 0.008 0.006 0.002 0.011 0.021 0.029 0.006 0.009 0.008 0.007 0.021 0.006 0.008 0.004 0.011
0.034 0.057 0.056 0.002 0.161 0.011 0.331 0.249 0.131 0.009 0.007 0.108 0.101 0.272 0.013 0.077 0.039 0.04 0.001 0.202 0.016 0.015 0.014 0.017 0.31 0.037 0.236 0.005 0.006 0.008 0.865 1 0.198 0.006 0.059 0.248 0.038 0.02 0.01 0.18 0.241 0.023 0.062 0.042 0.038 0.048 0.007 0.005 0.008 0.006 0.053 0.003 0.007 0.003 0.02 0.01 0.051 0.06 0.005 0.008 0.012 0.006 0.053 0.004 0.007 0.007 0.01
0.073 0.078 0.086 0.397 0.104 0.018 0.095 0.077 0.046 0.042 0.027 0.206 0.204 0.127 0.062 0.19 0.173 0.05 0.236 0.121 0.503 0.003 0.067 0.055 0.178 0.609 0.807 0.023 0.031 0.038 0.212 0.198 1 0.031 0.253 0.006 0.16 0 0.054 0 0.494 0.239 0.071 0.216 0.203 0.159 0 0.027 0.039 0.022 0.06 0.013 0.009 0.018 0.049 0.051 0.146 0.064 0.017 0.028 0.042 0.025 0.131 0.025 0.001 0.02 0.052
0.015 0.012 0.012 0.028 0.006 0.002 0.003 0.003 0.002 0.001 0.001 0.012 0.012 0.004 0.002 0.009 0.005 0.072 0.018 0.006 0.018 0.002 0.002 0.003 0.006 0.021 0.026 0.001 0.001 0.001 0.007 0.006 0.031 1 0.007 0.011 0.004 0.001 0.002 0.008 0.016 0.047 0.004 0.002 0.001 0.002 0.001 0 0.001 0.001 0.004 0 0.001 0.001 0.002 0.002 0.003 0.007 0.001 0.001 0.002 0.001 0.003 0.001 0.001 0.008 0.001
0.011 0.028 0.028 0.273 0.029 0.016 0.027 0.021 0.01 0.012 0.109 0.015 0.012 0.019 0.014 0.011 0.047 0.084 0.164 0.056 0.198 0.035 0.016 0.009 0.059 0.199 0.144 0.088 0.009 0.01 0.064 0.059 0.253 0.007 1 0.191 0.052 0.007 0.016 0.118 0.387 0.083 0.087 0.055 0.053 0.065 0.001 0.006 0.01 0.009 0.088 0.054 0.009 0.007 0.028 0.202 0.067 0.085 0.008 0.122 0.016 0.099 0.072 0.008 0.002 0.002 0.014
0.111 0.133 0.144 0 0.047 0.041 0.091 0.067 0.034 0.062 0.021 0.078 0.075 0.107 0.082 0.057 0.246 0.018 0.076 0.053 0.001 0.021 0.088 0.01 0.078 0.001 0.019 0.017 0.048 0.016 0.261 0.248 0.006 0.011 0.191 1 0.227 0.03 0.085 0.441 0 0.067 0.323 0.233 0.216 0.189 0.001 0.039 0.053 0.015 0.262 0.011 0.017 0.022 0.093 0.042 0.239 0.254 0.018 0.026 0.069 0.019 0.208 0.039 0.001 0.016 0.038
0 0.003 0.003 0.016 0.008 0.008 0.003 0.001 0 0.12 0.005 0.029 0.028 0.006 0.302 0.024 0.721 0.052 0.204 0.014 0.089 0.014 0.324 0.016 0.014 0.098 0.128 0.005 0.006 0.004 0.043 0.038 0.16 0.004 0.052 0.227 1 0.004 0.011 0.213 0.113 0.034 0.583 0.78 0.734 0.79 0.006 0.006 0.143 0.062 0.503 0.003 0.006 0.002 0.245 0.014 0.599 0.517 0.047 0.007 0.163 0.005 0.647 0.005 0.006 0.009 0.122
0.002 0.007 0.007 0.02 0.005 0.001 0.003 0.002 0.001 0.001 0.001 0.003 0.003 0.004 0.001 0.008 0.003 0.011 0.003 0.005 0.014 0.048 0.002 0.002 0.005 0.017 0 0.001 0.001 0.001 0.017 0.02 0 0.001 0.007 0.03 0.004 1 0.001 0.002 0.001 0.043 0.007 0.005 0.005 0.006 0.001 0.001 0.001 0.001 0.002 0 0.001 0.001 0.002 0.002 0.006 0.007 0.001 0.001 0.001 0.001 0.006 0.001 0.001 0 0.001
0.082 0.084 0.104 0.038 0.005 0.322 0.007 0.006 0.003 0.001 0.002 0.112 0.111 0.01 0.004 0.102 0.004 0.018 0.025 0.004 0.057 0.004 0.004 0.251 0.003 0.082 0.065 0.001 0.24 0.002 0.002 0.01 0.054 0.002 0.016 0.085 0.011 0.001 1 0.002 0.035 0.025 0.187 0.012 0.011 0.008 0.002 0.488 0.002 0.002 0.159 0.001 0.002 0.277 0.013 0.004 0.016 0.148 0.002 0.002 0.002 0.002 0.01 0.458 0.002 0.003 0.003
0.034 0.059 0.066 0 0.069 0.015 0.15 0.116 0.062 0.046 0.017 0.025 0.021 0.15 0.051 0.019 0.178 0.006 0.07 0.087 0.003 0.033 0.054 0.025 0.111 0 0.005 0.013 0.002 0.015 0.212 0.18 0 0.008 0.118 0.441 0.213 0.002 0.002 1 0.004 0.051 0.218 0.218 0.228 0.236 0.017 0.002 0.034 0.022 0.232 0.008 0.007 0 0.09 0.041 0.219 0.194 0.015 0.021 0.045 0 0.263 0.003 0.018 0.016 0.057
0.006 0.002 0.002 0.236 0.038 0.032 0.11 0.081 0.045 0.025 0.019 0.022 0.024 0.098 0.033 0.018 0.1 0.021 0.121 0.034 0.231 0.006 0.036 0.004 0.056 0.277 0.391 0.041 0.018 0.013 0.193 0.241 0.494 0.016 0.387 0 0.113 0.001 0.035 0.004 1 0.136 0.186 0.12 0.115 0.141 0.007 0.016 0.021 0.019 0.188 0.026 0.019 0.014 0.061 0.127 0.151 0.182 0.017 0.056 0.034 0.046 0.155 0.016 0.01 0.009 0.029
0.054 0.053 0.054 0.161 0.036 0.009 0.026 0.037 0.024 0.007 0.013 0.062 0.062 0.023 0.024 0.065 0.024 0.084 0.011 0.044 0.153 0 0.025 0.028 0.053 0.179 0.19 0.01 0.014 0.01 0.028 0.023 0.239 0.047 0.083 0.067 0.034 0.043 0.025 0.051 0.136 1 0.068 0.032 0.028 0.042 0.005 0.011 0.006 0 0.046 0.007 0.043 0.01 0.033 0.032 0.031 0.059 0.006 0.009 0.001 0.012 0.039 0.011 0.002 0.034 0.004
0.026 0.041 0.048 0.001 0.003 0.045 0.008 0.004 0.001 0.116 0.009 0 0 0.001 0.182 0 0.545 0.058 0.129 0.006 0.027 0.022 0.196 0.021 0.007 0.023 0.045 0.008 0.034 0.008 0.03 0.062 0.071 0.004 0.087 0.323 0.583 0.007 0.187 0.218 0.186 0.068 1 0.652 0.612 0.684 0.01 0.089 0.115 0.033 0.843 0.005 0.01 0.054 0.285 0.024 0.684 0.833 0.049 0.012 0.18 0.009 0.718 0.086 0.01 0.015 0.1
0.001 0 0 0.031 0.027 0.009 0.019 0.015 0.009 0.168 0.006 0.053 0.051 0.025 0.257 0.049 0.762 0.03 0.269 0.036 0.13 0.014 0.278 0.017 0.037 0.141 0.177 0.005 0.007 0.005 0.047 0.042 0.216 0.002 0.055 0.233 0.78 0.005 0.012 0.218 0.12 0.032 0.652 1 0.906 0.849 0.006 0.007 0.175 0.056 0.542 0.003 0.007 0.003 0.281 0.016 0.747 0.543 0.079 0.008 0.213 0.006 0.704 0.006 0.007 0.01 0.159
0 0.001 0.001 0.026 0.024 0.008 0.017 0.014 0.008 0.136 0.005 0.052 0.049 0.024 0.239 0.052 0.709 0.026 0.256 0.033 0.123 0.013 0.25 0.016 0.034 0.133 0.166 0.005 0.006 0.004 0.043 0.038 0.203 0.001 0.053 0.216 0.734 0.005 0.011 0.228 0.115 0.028 0.612 0.906 1 0.8 0.006 0.006 0.187 0.063 0.56 0.003 0.006 0.002 0.226 0.015 0.701 0.506 0.088 0.007 0.226 0.005 0.66 0.005 0.006 0.009 0.173
0 0.004 0.004 0.016 0.005 0.011 0.001 0 0 0.136 0.007 0.027 0.026 0.003 0.242 0.023 0.669 0.037 0.213 0.01 0.083 0.016 0.26 0.02 0.01 0.091 0.124 0.006 0.008 0.006 0.043 0.048 0.159 0.002 0.065 0.189 0.79 0.006 0.008 0.236 0.141 0.042 0.684 0.849 0.8 1 0.007 0.008 0.152 0.072 0.63 0.004 0.008 0.003 0.278 0.018 0.71 0.634 0.09 0.009 0.183 0.007 0.764 0.006 0.008 0.011 0.139
0.015 0.015 0.015 0.003 0.001 0.043 0.004 0.003 0.002 0.001 0.007 0.022 0.021 0.005 0.002 0.026 0.005 0 0.003 0.001 0.001 0 0.002 0.047 0.005 0.001 0.002 0 0.088 0.001 0.008 0.007 0 0.001 0.001 0.001 0.006 0.001 0.002 0.017 0.007 0.005 0.01 0.006 0.006 0.007 1 0.001 0.001 0.001 0.01 0 0.001 0.001 0.003 0.002 0.008 0.01 0.001 0 0.002 0.001 0.008 0.001 0.829 0.089 0.002
0.026 0.035 0.035 0.011 0.006 0.249 0.004 0.003 0.002 0 0.001 0.04 0.042 0.004 0.002 0.028 0 0.008 0.008 0.007 0.016 0.001 0.002 0.227 0.007 0.037 0.029 0.001 0.31 0.001 0.008 0.005 0.027 0 0.006 0.039 0.006 0.001 0.488 0.002 0.016 0.011 0.089 0.007 0.006 0.008 0.001 1 0.001 0.001 0.087 0.001 0.001 0.506 0.003 0.001 0.008 0.081 0.001 0.001 0.002 0.001 0.009 0.83 0.001 0.002 0.002
0.054 0.069 0.069 0.026 0.002 0.002 0.004 0.004 0.002 0 0.001 0.012 0.007 0.006 0.002 0.013 0.142 0.011 0.036 0.007 0.026 0.003 0.002 0.003 0.008 0.026 0.033 0.001 0.001 0.001 0.009 0.008 0.039 0.001 0.01 0.053 0.143 0.001 0.002 0.034 0.021 0.006 0.115 0.175 0.187 0.152 0.001 0.001 1 0.001 0.091 0.001 0.001 0.001 0 0.003 0.142 0.075 0.001 0.001 0.323 0.001 0.111 0.001 0.001 0.002 0.002
0.007 0.004 0.004 0.004 0.002 0 0 0 0 0.229 0.001 0.006 0.006 0.002 0 0.008 0.047 0.004 0.011 0.004 0.01 0.003 0 0.003 0.004 0.006 0.017 0.001 0.001 0.001 0.007 0.006 0.022 0.001 0.009 0.015 0.062 0.001 0.002 0.022 0.019 0 0.033 0.056 0.063 0.072 0.001 0.001 0.001 1 0.085 0.001 0.001 0.001 0.003 0.003 0.096 0.061 0.218 0.001 0 0.001 0.076 0.001 0.001 0.002 0.362
0.022 0.035 0.042 0 0.003 0.039 0.006 0.002 0.001 0.113 0.009 0.001 0 0 0.135 0 0.469 0.046 0.115 0.005 0.025 0.022 0.137 0.014 0.005 0.017 0.036 0.008 0.033 0.008 0.025 0.053 0.06 0.004 0.088 0.262 0.503 0.002 0.159 0.232 0.188 0.046 0.843 0.542 0.56 0.63 0.01 0.087 0.091 0.085 1 0.005 0.01 0.053 0.238 0.024 0.689 0.854 0.087 0.012 0.157 0.009 0.709 0.084 0.011 0.015 0.155
0 0.006 0.006 0.014 0.003 0.001 0.002 0.002 0.001 0.001 0 0.006 0 0.002 0.001 0.005 0.003 0.005 0.009 0.003 0.016 0 0.001 0.001 0.003 0.016 0.012 0.323 0.001 0.001 0.004 0.003 0.013 0 0.054 0.011 0.003 0 0.001 0.008 0.026 0.007 0.005 0.003 0.003 0.004 0 0.001 0.001 0.001 0.005 1 0.001 0 0.002 0.001 0.004 0.005 0 0.377 0.001 0 0.004 0 0.001 0.001 0.001
0.013 0.013 0.01 0.027 0.004 0.002 0.004 0.003 0.002 0.001 0.001 0.002 0.002 0.005 0.002 0.01 0.006 0 0.002 0.005 0.02 0.1 0.002 0.003 0.007 0.023 0.029 0.001 0.001 0 0.008 0.007 0.009 0.001 0.009 0.017 0.006 0.001 0.002 0.007 0.019 0.043 0.01 0.007 0.006 0.008 0.001 0.001 0.001 0.001 0.01 0.001 1 0.001 0.003 0.002 0.008 0.01 0.001 0.001 0.002 0.001 0.008 0.001 0.001 0.002 0.002
0.01 0.015 0.015 0.005 0.005 0.111 0.003 0.002 0.001 0 0.001 0.032 0.034 0.003 0.001 0.019 0 0.007 0.005 0 0.012 0.002 0.002 0.124 0.001 0.033 0.022 0.001 0.221 0.001 0.006 0.003 0.018 0.001 0.007 0.022 0.002 0.001 0.277 0 0.014 0.01 0.054 0.003 0.002 0.003 0.001 0.506 0.001 0.001 0.053 0 0.001 1 0 0.002 0.004 0.046 0.001 0.001 0 0.001 0.004 0.408 0.001 0.001 0.001
0.013 0.009 0.008 0.034 0.001 0.004 0.012 0.01 0.006 0 0.003 0.001 0.002 0 0.521 0.002 0.241 0.013 0.074 0 0.024 0.006 0.564 0.008 0 0.027 0.035 0.003 0.002 0.002 0.002 0.02 0.049 0.002 0.028 0.093 0.245 0.002 0.013 0.09 0.061 0.033 0.285 0.281 0.226 0.278 0.003 0.003 0 0.003 0.238 0.002 0.003 0 1 0.008 0.34 0.306 0.003 0.004 0.006 0.003 0.329 0.003 0.003 0.005 0.001
0.011 0.022 0.022 0.057 0.009 0.003 0.004 0.003 0.003 0.003 0.002 0.02 0.019 0.006 0.004 0.019 0.013 0.022 0.045 0.01 0.004 0.127 0.005 0.005 0.011 0.004 0.001 0.002 0.001 0.003 0.011 0.01 0.051 0.002 0.202 0.042 0.014 0.002 0.004 0.041 0.127 0.032 0.024 0.016 0.015 0.018 0.002 0.001 0.003 0.003 0.024 0.001 0.002 0.002 0.008 1 0.019 0.023 0.002 0.003 0.004 0.002 0.02 0.002 0.003 0.002 0.004
0.003 0.006 0.01 0.007 0.007 0 0.024 0.019 0.011 0.123 0.005 0.015 0.015 0.005 0.199 0.015 0.585 0.037 0.175 0.013 0.072 0.017 0.21 0.004 0.014 0.07 0.111 0.006 0.002 0.006 0.021 0.051 0.146 0.003 0.067 0.239 0.599 0.006 0.016 0.219 0.151 0.031 0.684 0.747 0.701 0.71 0.008 0.008 0.142 0.096 0.689 0.004 0.008 0.004 0.34 0.019 1 0.68 0.11 0.01 0.228 0.007 0.819 0.007 0.008 0.012 0.182
0.017 0.032 0.037 0 0.001 0.034 0.005 0.002 0.001 0.09 0.009 0 0 0 0.186 0 0.475 0.054 0.1 0.004 0.024 0.021 0.2 0.012 0.004 0.016 0.04 0.008 0.033 0.008 0.029 0.06 0.064 0.007 0.085 0.254 0.517 0.007 0.148 0.194 0.182 0.059 0.833 0.543 0.506 0.634 0.01 0.081 0.075 0.061 0.854 0.005 0.01 0.046 0.306 0.023 0.68 1 0.091 0.012 0.188 0.008 0.707 0.077 0.01 0.014 0.129
0.002 0.001 0.001 0.003 0.001 0 0 0 0 0.111 0.001 0.004 0.005 0.002 0 0.007 0.067 0.003 0.022 0.003 0.007 0.002 0 0.003 0.003 0.01 0.013 0.001 0.001 0.001 0.006 0.005 0.017 0.001 0.008 0.018 0.047 0.001 0.002 0.015 0.017 0.006 0.049 0.079 0.088 0.09 0.001 0.001 0.001 0.218 0.087 0 0.001 0.001 0.003 0.002 0.11 0.091 1 0.001 0.002 0.001 0.076 0.001 0.001 0.001 0.367
0.002 0.006 0.006 0.03 0.004 0.002 0.001 0.001 0 0.002 0.002 0.006 0.002 0.002 0.002 0.005 0.007 0.007 0.018 0.008 0.04 0.001 0.003 0 0.008 0.04 0.031 0.473 0.001 0 0.009 0.008 0.028 0.001 0.122 0.026 0.007 0.001 0.002 0.021 0.056 0.009 0.012 0.008 0.007 0.009 0 0.001 0.001 0.001 0.012 0.377 0.001 0.001 0.004 0.003 0.01 0.012 0.001 1 0.002 0.001 0.01 0.001 0.001 0.002 0.002
0.051 0.055 0.068 0.017 0.001 0 0.007 0.006 0.003 0.009 0.001 0.006 0.004 0.003 0.003 0.004 0.151 0.01 0.04 0.006 0.021 0.004 0.003 0 0.006 0.022 0.033 0.001 0.002 0.002 0.008 0.012 0.042 0.002 0.016 0.069 0.163 0.001 0.002 0.045 0.034 0.001 0.18 0.213 0.226 0.183 0.002 0.002 0.323 0 0.157 0.001 0.002 0 0.006 0.004 0.228 0.188 0.002 0.002 1 0.002 0.196 0.002 0.002 0.003 0.016
0.004 0.011 0.011 0.025 0.005 0.002 0.003 0.003 0.002 0.001 0.001 0.011 0.011 0.004 0 0.01 0.003 0.009 0.014 0.006 0.035 0.002 0 0.003 0.006 0.038 0.03 0.001 0.001 0.001 0.007 0.006 0.025 0.001 0.099 0.019 0.005 0.001 0.002 0 0.046 0.012 0.009 0.006 0.005 0.007 0.001 0.001 0.001 0.001 0.009 0 0.001 0.001 0.003 0.002 0.007 0.008 0.001 0.001 0.002 1 0.007 0.001 0.001 0.001 0.001
0.006 0.011 0.015 0.006 0 0.001 0.003 0.001 0 0.13 0.008 0.007 0.006 0 0.188 0.006 0.55 0.037 0.161 0.002 0.061 0.018 0.204 0.009 0.002 0.06 0.098 0.006 0.002 0.005 0.021 0.053 0.131 0.003 0.072 0.208 0.647 0.006 0.01 0.263 0.155 0.039 0.718 0.704 0.66 0.764 0.008 0.009 0.111 0.076 0.709 0.004 0.008 0.004 0.329 0.02 0.819 0.707 0.076 0.01 0.196 0.007 1 0.007 0.009 0.013 0.188
0.024 0.031 0.031 0.009 0.005 0.277 0.003 0.003 0.001 0 0.001 0.037 0.039 0.004 0.002 0.036 0 0.008 0.007 0.006 0.015 0.002 0.002 0.206 0.006 0.038 0.03 0.001 0.276 0.001 0.006 0.004 0.025 0.001 0.008 0.039 0.005 0.001 0.458 0.003 0.016 0.011 0.086 0.006 0.005 0.006 0.001 0.83 0.001 0.001 0.084 0 0.001 0.408 0.003 0.002 0.007 0.077 0.001 0.001 0.002 0.001 0.007 1 0.001 0.001 0.001
0.014 0.015 0.015 0.002 0.001 0.048 0.004 0.003 0.002 0.001 0.006 0.022 0.021 0.005 0.002 0.026 0.005 0 0.002 0.001 0.001 0 0.002 0.049 0.005 0 0.003 0.001 0.082 0.001 0.008 0.007 0.001 0.001 0.002 0.001 0.006 0.001 0.002 0.018 0.01 0.002 0.01 0.007 0.006 0.008 0.829 0.001 0.001 0.001 0.011 0.001 0.001 0.001 0.003 0.003 0.008 0.01 0.001 0.001 0.002 0.001 0.009 0.001 1 0.106 0.002
0 0 0 0.005 0 0.001 0.006 0.005 0.003 0.002 0.003 0 0 0.007 0.003 0 0.008 0.013 0.001 0.001 0.004 0.004 0.003 0.003 0.01 0.009 0.011 0.001 0 0.002 0.004 0.007 0.02 0.008 0.002 0.016 0.009 0 0.003 0.016 0.009 0.034 0.015 0.01 0.009 0.011 0.089 0.002 0.002 0.002 0.015 0.001 0.002 0.001 0.005 0.002 0.012 0.014 0.001 0.002 0.003 0.001 0.013 0.001 0.106 1 0.002
0 0 0 0.002 0.005 0 0.002 0.001 0.001 0.198 0.002 0.012 0.013 0.005 0 0.015 0.151 0.008 0.046 0.007 0.031 0.004 0 0.005 0.008 0.025 0.044 0.001 0.002 0.002 0.011 0.01 0.052 0.001 0.014 0.038 0.122 0.001 0.003 0.057 0.029 0.004 0.1 0.159 0.173 0.139 0.002 0.002 0.002 0.362 0.155 0.001 0.002 0.001 0.001 0.004 0.182 0.129 0.367 0.002 0.016 0.001 0.188 0.001 0.002 0.002 1
