1 0.804 0.829 0.456 0.343 0.121 0.233 0.177 0.089 0.029 0.038 0.515 0.482 0.225 0.03 0.524 0.005 0.11 0.095 0.34 0.281 0.007 0.031 0.132 0.277 0.242 0.14 0 0.028 0.003 0.064 0.047 0.135 0.024 0.008 0.056 0 0.008 0.061 0.02 0.01 0.067 0.012 0.007 0.004 0 0.015 0.016 0.051 0.011 0.009 0 0.002 0.031 0.021 0.011 0 0.005 0.006 0 0.023 0.006 0 0.026 0.02 0.001 0.007
0.804 1 0.943 0.42 0.365 0.15 0.288 0.219 0.11 0.023 0.047 0.595 0.559 0.25 0.024 0.595 0.001 0.096 0.076 0.365 0.246 0.014 0.025 0.166 0.323 0.226 0.124 0.003 0.036 0.007 0.071 0.066 0.114 0.019 0.034 0.078 0.002 0.014 0.057 0.03 0.002 0.05 0.018 0.004 0.002 0.001 0.022 0.023 0.064 0.008 0.013 0.007 0.007 0.042 0.021 0.031 0 0.011 0.004 0.004 0.028 0.008 0 0.035 0.029 0 0.004
0.829 0.943 1 0.435 0.408 0.142 0.274 0.208 0.105 0.024 0.045 0.623 0.585 0.267 0.025 0.629 0.001 0.094 0.078 0.407 0.273 0.014 0.026 0.158 0.335 0.233 0.128 0.003 0.034 0.008 0.079 0.059 0.118 0.02 0.032 0.078 0.001 0.015 0.075 0.031 0.001 0.049 0.02 0.005 0.003 0 0.021 0.022 0.06 0.008 0.015 0.007 0.001 0.039 0.016 0.033 0 0.013 0.005 0.005 0.03 0.008 0 0.033 0.026 0 0.005
0.456 0.42 0.435 1 0.198 0.05 0.135 0.102 0.051 0.05 0.022 0.289 0.3 0.142 0.051 0.293 0.029 0.237 0.278 0.21 0.603 0 0.051 0.054 0.173 0.563 0.379 0.03 0.015 0.017 0.015 0.008 0.414 0.045 0.199 0.001 0.023 0.03 0.029 0.007 0.19 0.155 0.007 0.059 0.05 0.028 0.009 0.004 0.029 0.016 0.008 0.019 0.008 0.01 0.039 0.036 0.029 0.009 0.014 0.024 0.001 0.003 0.027 0.011 0.005 0.005 0.012
0.343 0.365 0.408 0.198 1 0.014 0.446 0.405 0.193 0.012 0.004 0.494 0.434 0.502 0.012 0.485 0.035 0.07 0.129 0.765 0.229 0.007 0.013 0.02 0.624 0.184 0.148 0.002 0.005 0.004 0.189 0.148 0.132 0.008 0.033 0.018 0.003 0.007 0 0.037 0.025 0.049 0.009 0.033 0.03 0.004 0.014 0.009 0.007 0.005 0.007 0.004 0 0.009 0.008 0.015 0.01 0.006 0.004 0.002 0.002 0.004 0.002 0.001 0.011 0 0.006
0.121 0.15 0.142 0.05 0.014 1 0.008 0.006 0.003 0.003 0.001 0.148 0.14 0.009 0.004 0.148 0.011 0.006 0.018 0.015 0.057 0.002 0.004 0.536 0.014 0.052 0.01 0.002 0.168 0.001 0.013 0.012 0.01 0.004 0.015 0.032 0.005 0.002 0.322 0.015 0.033 0.009 0.052 0.005 0.004 0.006 0.001 0.179 0.002 0 0.027 0.001 0.002 0.265 0.004 0.005 0.001 0.023 0 0.002 0.001 0.001 0.001 0.204 0.004 0.001 0
0.233 0.288 0.274 0.135 0.446 0.008 1 0.76 0.383 0.007 0.002 0.279 0.263 0.794 0.007 0.299 0.019 0.04 0.072 0.495 0.167 0.004 0.007 0.011 0.512 0.164 0.129 0 0.003 0.002 0.316 0.325 0.126 0.007 0.019 0.067 0 0.004 0.007 0.115 0.104 0.029 0.005 0.025 0.023 0 0.005 0.005 0.004 0.002 0.003 0.002 0.004 0.005 0.013 0.008 0.029 0.002 0.001 0 0.007 0.002 0.001 0 0.005 0.008 0.003
0.177 0.219 0.208 0.102 0.405 0.006 0.76 1 0.503 0.005 0.002 0.211 0.199 0.599 0.005 0.226 0.014 0.03 0.054 0.37 0.126 0.003 0.006 0.008 0.381 0.123 0.094 0 0.002 0.002 0.19 0.194 0.094 0.005 0.012 0.035 0.004 0.003 0.006 0.069 0.059 0.052 0.001 0.018 0.017 0.002 0.004 0.004 0.003 0.001 0 0.002 0.003 0.004 0.01 0.005 0.021 0 0.001 0 0.005 0.002 0 0.001 0.004 0.006 0.002
0.089 0.11 0.105 0.051 0.193 0.003 0.383 0.503 1 0.003 0.001 0.109 0.103 0.328 0.003 0.118 0.008 0.015 0.029 0.182 0.066 0.002 0.003 0.004 0.191 0.067 0.048 0.001 0.001 0.001 0.066 0.065 0.052 0.003 0.003 0.008 0.008 0.002 0.003 0.043 0.02 0.027 0.002 0.01 0.01 0.006 0.002 0.002 0.002 0.002 0 0.001 0.001 0.002 0.005 0.004 0.012 0.001 0.001 0 0.003 0.001 0.002 0.002 0.002 0.003 0.002
0.029 0.023 0.024 0.05 0.012 0.003 0.007 0.005 0.003 1 0.001 0.01 0.009 0.008 0.003 0.007 0.257 0.018 0.068 0.012 0.034 0.002 0.003 0.005 0.011 0.029 0.036 0.002 0 0.001 0.011 0.01 0.039 0.003 0.009 0.073 0.138 0.002 0.001 0.05 0.024 0.006 0.113 0.17 0.114 0.08 0.002 0 0 0.22 0.118 0.001 0.002 0 0.002 0.004 0.132 0.095 0.111 0.002 0.022 0.001 0.13 0 0.002 0.003 0.095
0.038 0.047 0.045 0.022 0.004 0.001 0.002 0.002 0.001 0.001 1 0.047 0.044 0.003 0.001 0.05 0.004 0.007 0.012 0.004 0.028 0.001 0.001 0.22 0.004 0.029 0.024 0.005 0 0 0.004 0.004 0.022 0.001 0.085 0.013 0.005 0.001 0.001 0.01 0.028 0.012 0.007 0.005 0.004 0.005 0.031 0.001 0.001 0.001 0.006 0 0.001 0.001 0.002 0.002 0.005 0.006 0.001 0.002 0.001 0 0.005 0.001 0.028 0.018 0.001
0.515 0.595 0.623 0.289 0.494 0.148 0.279 0.211 0.109 0.01 0.047 1 0.886 0.31 0.022 0.778 0.057 0.086 0.172 0.504 0.358 0.014 0.023 0.168 0.402 0.308 0.229 0.003 0.039 0.008 0.128 0.102 0.215 0.019 0.023 0.047 0.016 0.005 0.082 0.01 0.012 0.071 0 0.051 0.053 0.016 0.028 0.025 0.01 0.01 0 0.007 0.004 0.061 0.009 0.026 0.02 0 0.008 0.004 0.001 0.008 0.007 0.037 0.028 0 0.013
0.482 0.559 0.585 0.3 0.434 0.14 0.263 0.199 0.103 0.009 0.044 0.886 1 0.293 0.024 0.772 0.057 0.092 0.179 0.483 0.351 0.011 0.024 0.159 0.418 0.285 0.21 0.003 0.044 0.008 0.122 0.098 0.198 0.02 0.026 0.034 0.026 0.004 0.083 0.005 0.009 0.048 0 0.067 0.07 0.026 0.026 0.027 0.011 0.011 0 0.006 0.003 0.063 0.011 0.032 0.031 0.001 0.009 0.004 0.007 0.005 0.015 0.04 0.026 0 0.013
0.225 0.25 0.267 0.142 0.502 0.009 0.794 0.599 0.328 0.008 0.003 0.31 0.293 1 0.008 0.354 0.025 0.045 0.085 0.54 0.199 0.005 0.008 0.013 0.56 0.19 0.15 0.001 0.003 0.001 0.359 0.292 0.145 0.007 0.014 0.075 0 0.005 0 0.115 0.099 0.028 0.001 0.029 0.027 0 0.006 0.006 0.005 0.005 0 0.003 0.005 0.006 0.002 0.009 0.014 0 0.004 0.001 0.005 0.003 0 0 0.006 0.009 0.006
0.03 0.024 0.025 0.051 0.012 0.004 0.007 0.005 0.003 0.003 0.001 0.022 0.024 0.008 1 0.022 0.321 0.018 0.092 0.013 0.04 0.002 0.898 0.005 0.012 0.035 0.041 0.002 0.001 0.001 0.011 0.011 0.046 0.001 0.007 0.065 0.21 0.002 0.003 0.061 0.025 0.014 0.132 0.198 0.223 0.184 0.002 0 0.002 0 0.096 0.001 0.002 0.002 0.444 0.004 0.174 0.144 0 0.002 0.003 0 0.162 0.002 0.002 0.003 0.001
0.524 0.595 0.629 0.293 0.485 0.148 0.299 0.226 0.118 0.007 0.05 0.778 0.772 0.354 0.022 1 0.043 0.109 0.181 0.561 0.41 0.013 0.016 0.154 0.488 0.322 0.197 0.002 0.02 0.005 0.103 0.08 0.186 0.017 0.022 0.034 0.009 0.013 0.066 0.009 0.01 0.071 0 0.046 0.051 0.018 0.031 0.014 0.014 0.013 0.001 0.006 0.003 0.043 0.003 0.029 0.022 0 0.011 0.004 0.005 0.007 0.006 0.038 0.032 0 0.016
0.005 0.001 0.001 0.029 0.035 0.011 0.019 0.014 0.008 0.257 0.004 0.057 0.057 0.025 0.321 0.043 1 0.052 0.277 0.04 0.118 0.006 0.335 0.016 0.038 0.104 0.125 0.005 0.001 0.003 0.035 0.033 0.138 0.007 0.03 0.22 0.581 0.006 0.006 0.189 0.081 0.015 0.434 0.648 0.608 0.486 0.007 0.001 0.186 0.043 0.376 0.003 0.006 0.003 0.235 0.014 0.523 0.426 0.06 0.005 0.144 0.001 0.45 0.002 0.008 0.007 0.057
0.11 0.096 0.094 0.237 0.07 0.006 0.04 0.03 0.015 0.018 0.007 0.086 0.092 0.045 0.018 0.109 0.052 1 0.421 0.075 0.207 0.011 0.019 0.029 0.057 0.179 0.057 0.009 0.007 0.045 0.011 0.014 0.069 0.121 0.061 0.012 0.047 0.092 0.019 0.011 0.014 0.147 0.046 0.018 0.014 0.02 0 0.004 0.011 0.001 0.03 0.006 0 0.013 0.004 0.006 0.021 0.033 0.001 0.005 0.009 0.001 0.023 0.011 0.002 0.022 0
0.095 0.076 0.078 0.278 0.129 0.018 0.072 0.054 0.029 0.068 0.012 0.172 0.179 0.085 0.092 0.181 0.277 0.421 1 0.14 0.396 0.02 0.096 0.054 0.116 0.344 0.196 0.017 0.008 0.023 0.001 0 0.227 0.067 0.11 0.082 0.159 0.048 0.029 0.069 0.083 0.039 0.106 0.253 0.248 0.174 0.004 0.006 0.051 0.015 0.108 0.011 0.003 0.018 0.096 0.021 0.188 0.102 0.026 0.012 0.041 0.002 0.151 0.016 0 0.002 0.034
0.34 0.365 0.407 0.21 0.765 0.015 0.495 0.37 0.182 0.012 0.004 0.504 0.483 0.54 0.013 0.561 0.04 0.075 0.14 1 0.279 0.007 0.013 0.021 0.824 0.226 0.176 0.006 0.005 0.002 0.24 0.196 0.166 0.013 0.048 0.021 0.006 0.008 0.001 0.046 0.03 0.051 0.015 0.048 0.045 0.008 0.018 0.01 0.008 0.008 0.011 0.004 0 0.003 0.003 0.016 0.019 0.011 0.006 0.007 0.01 0.004 0.005 0.001 0.014 0.001 0.009
0.281 0.246 0.273 0.603 0.229 0.057 0.167 0.126 0.066 0.034 0.028 0.358 0.351 0.199 0.04 0.41 0.118 0.207 0.396 0.279 1 0.023 0.041 0.096 0.282 0.814 0.616 0.026 0.02 0.009 0.035 0.024 0.571 0.032 0.211 0.004 0.067 0.023 0.042 0.013 0.245 0.211 0.029 0.135 0.123 0.072 0.004 0.009 0.024 0.023 0.036 0.012 0.01 0.032 0.034 0.02 0.091 0.036 0.019 0.021 0.021 0.006 0.064 0.017 0.001 0.005 0.028
0.007 0.014 0.014 0 0.007 0.002 0.004 0.003 0.002 0.002 0.001 0.014 0.011 0.005 0.002 0.013 0.006 0.011 0.02 0.007 0.023 1 0.002 0.003 0.007 0.023 0.027 0.006 0.001 0.001 0.006 0.006 0.002 0.002 0.019 0.018 0.007 0 0.002 0.008 0.003 0 0.01 0.007 0.006 0.008 0.001 0.001 0.001 0.001 0.01 0.011 0.063 0.001 0.003 0.049 0.008 0.01 0.001 0.005 0.002 0.001 0.008 0.001 0.001 0.002 0.001
0.031 0.025 0.026 0.051 0.013 0.004 0.007 0.006 0.003 0.003 0.001 0.023 0.024 0.008 0.898 0.016 0.335 0.019 0.096 0.013 0.041 0.002 1 0.005 0.013 0.037 0.043 0.002 0.001 0.001 0.012 0.011 0.048 0.003 0.011 0.075 0.236 0.002 0.004 0.062 0.026 0.018 0.149 0.224 0.242 0.207 0.002 0.003 0.002 0 0.091 0.001 0.002 0.002 0.497 0.005 0.174 0.162 0 0.002 0.003 0 0.184 0.002 0.003 0.004 0.001
0.132 0.166 0.158 0.054 0.02 0.536 0.011 0.008 0.004 0.005 0.22 0.168 0.159 0.013 0.005 0.154 0.016 0.029 0.054 0.021 0.096 0.003 0.005 1 0.02 0.094 0.052 0 0.2 0.002 0.018 0.011 0.051 0.005 0.001 0.026 0.01 0.003 0.398 0.018 0.006 0.039 0.054 0.009 0.008 0.012 0.013 0.289 0.003 0.003 0.028 0.001 0.003 0.317 0.007 0.007 0.006 0.025 0.002 0 0 0.002 0.008 0.253 0.019 0.002 0.004
0.277 0.323 0.335 0.173 0.624 0.014 0.512 0.381 0.191 0.011 0.004 0.402 0.418 0.56 0.012 0.488 0.038 0.057 0.116 0.824 0.282 0.007 0.013 0.02 1 0.27 0.221 0.006 0.005 0.002 0.294 0.244 0.21 0.013 0.046 0.033 0.005 0.007 0 0.062 0.045 0.053 0.013 0.045 0.042 0.007 0 0.009 0.008 0.007 0.01 0.004 0.007 0.002 0.002 0.015 0.017 0.009 0.006 0.007 0.009 0.004 0.003 0.001 0 0.014 0.009
0.242 0.226 0.233 0.563 0.184 0.052 0.164 0.123 0.067 0.029 0.029 0.308 0.285 0.19 0.035 0.322 0.104 0.179 0.344 0.226 0.814 0.023 0.037 0.094 0.27 1 0.726 0.026 0.032 0.013 0.047 0.039 0.678 0.04 0.221 0 0.068 0.023 0.08 0.007 0.278 0.252 0.017 0.137 0.125 0.073 0.002 0.034 0.024 0.017 0.021 0.013 0.022 0.056 0.036 0.021 0.087 0.02 0.018 0.021 0.021 0.009 0.06 0.051 0 0.015 0.021
0.14 0.124 0.128 0.379 0.148 0.01 0.129 0.094 0.048 0.036 0.024 0.229 0.21 0.15 0.041 0.197 0.125 0.057 0.196 0.176 0.616 0.027 0.043 0.052 0.221 0.726 1 0.021 0.018 0.015 0.239 0.228 0.903 0.047 0.172 0.016 0.103 0.034 0.067 0 0.429 0.239 0.04 0.175 0.161 0.109 0 0.027 0.028 0.027 0.04 0.01 0.026 0.028 0.04 0.014 0.126 0.047 0.021 0.017 0.042 0.007 0.1 0.043 0.002 0.012 0.032
0 0.003 0.003 0.03 0.002 0.002 0 0 0.001 0.002 0.005 0.003 0.003 0.001 0.002 0.002 0.005 0.009 0.017 0.006 0.026 0.006 0.002 0 0.006 0.026 0.021 1 0.001 0.001 0.005 0.005 0.031 0.002 0.119 0.019 0.006 0.001 0.002 0.015 0.053 0.016 0.009 0.006 0.005 0.007 0.006 0.001 0.001 0.001 0.009 0.455 0.001 0.001 0.003 0.002 0.007 0.008 0.001 0.724 0.001 0.001 0.007 0.001 0.001 0.002 0.001
0.028 0.036 0.034 0.015 0.005 0.168 0.003 0.002 0.001 0 0 0.039 0.044 0.003 0.001 0.02 0.001 0.007 0.008 0.005 0.02 0.001 0.001 0.2 0.005 0.032 0.018 0.001 1 0 0.004 0.004 0.025 0.001 0.005 0.033 0.005 0.001 0.253 0 0.012 0.013 0.038 0.005 0.005 0.006 0.01 0.253 0.001 0.001 0.04 0 0.001 0.267 0.001 0.002 0.001 0.041 0.001 0.001 0.001 0 0.001 0.164 0.009 0.001 0.001
0.003 0.007 0.008 0.017 0.004 0.001 0.002 0.002 0.001 0.001 0 0.008 0.008 0.001 0.001 0.005 0.003 0.045 0.023 0.002 0.009 0.001 0.001 0.002 0.002 0.013 0.015 0.001 0 1 0.004 0.003 0.016 0.001 0.004 0.001 0.002 0.001 0.001 0.007 0.004 0.001 0.004 0.002 0.002 0.002 0.001 0.001 0.001 0.001 0.004 0 0.032 0.001 0 0.001 0.002 0.003 0 0.007 0.001 0 0.002 0.001 0.001 0.001 0.001
0.064 0.071 0.079 0.015 0.189 0.013 0.316 0.19 0.066 0.011 0.004 0.128 0.122 0.359 0.011 0.103 0.035 0.011 0.001 0.24 0.035 0.006 0.012 0.018 0.294 0.047 0.239 0.005 0.004 0.004 1 0.914 0.219 0.011 0.046 0.281 0.039 0.152 0 0.164 0.25 0.015 0.039 0.039 0.035 0.042 0.008 0.008 0.007 0.006 0.027 0.004 0.006 0.008 0.004 0.013 0.023 0.036 0.005 0.006 0.008 0.004 0.025 0 0.009 0.004 0.007
0.047 0.066 0.059 0.008 0.148 0.012 0.325 0.194 0.065 0.01 0.004 0.102 0.098 0.292 0.011 0.08 0.033 0.014 0 0.196 0.024 0.006 0.011 0.011 0.244 0.039 0.228 0.005 0.004 0.003 0.914 1 0.209 0.011 0.044 0.268 0.037 0.16 0.005 0.138 0.268 0.012 0.051 0.037 0.033 0.042 0.008 0.003 0.007 0.006 0.037 0.003 0.006 0.002 0.015 0.013 0.042 0.046 0.004 0.006 0.011 0.004 0.044 0.001 0.008 0.004 0.007
0.135 0.114 0.118 0.414 0.132 0.01 0.126 0.094 0.052 0.039 0.022 0.215 0.198 0.145 0.046 0.186 0.138 0.069 0.227 0.166 0.571 0.002 0.048 0.051 0.21 0.678 0.903 0.031 0.025 0.016 0.219 0.209 1 0.052 0.23 0.01 0.11 0.031 0.064 0.002 0.47 0.264 0.046 0.193 0.177 0.118 0 0.024 0.031 0.029 0.045 0.02 0.017 0.025 0.044 0.04 0.139 0.054 0.023 0.024 0.046 0.006 0.106 0.039 0.001 0.014 0.034
0.024 0.019 0.02 0.045 0.008 0.004 0.007 0.005 0.003 0.003 0.001 0.019 0.02 0.007 0.001 0.017 0.007 0.121 0.067 0.013 0.032 0.002 0.003 0.005 0.013 0.04 0.047 0.002 0.001 0.001 0.011 0.011 0.052 1 0.005 0.022 0.005 0.002 0.003 0.011 0.012 0.032 0.01 0.005 0.004 0.003 0.002 0.001 0.002 0.002 0.01 0.001 0.002 0.002 0 0.002 0.006 0.009 0.002 0.002 0.003 0.001 0.006 0.002 0.003 0.045 0.002
0.008 0.034 0.032 0.199 0.033 0.015 0.019 0.012 0.003 0.009 0.085 0.023 0.026 0.014 0.007 0.022 0.03 0.061 0.11 0.048 0.211 0.019 0.011 0.001 0.046 0.221 0.172 0.119 0.005 0.004 0.046 0.044 0.23 0.005 1 0.159 0.047 0.008 0.014 0.102 0.37 0.105 0.074 0.052 0.048 0.053 0 0.003 0.008 0.008 0.071 0.062 0.007 0.009 0.024 0.204 0.059 0.068 0.006 0.106 0.013 0.053 0.055 0.009 0.001 0 0.009
0.056 0.078 0.078 0.001 0.018 0.032 0.067 0.035 0.008 0.073 0.013 0.047 0.034 0.075 0.065 0.034 0.22 0.012 0.082 0.021 0.004 0.018 0.075 0.026 0.033 0 0.016 0.019 0.033 0.001 0.281 0.268 0.01 0.022 0.159 1 0.216 0.048 0.087 0.404 0.002 0.06 0.319 0.249 0.224 0.162 0.016 0.036 0.051 0.032 0.27 0.012 0.008 0.043 0.085 0.042 0.231 0.249 0.032 0.021 0.063 0.013 0.187 0.054 0.019 0.025 0.02
0 0.002 0.001 0.023 0.003 0.005 0 0.004 0.008 0.138 0.005 0.016 0.026 0 0.21 0.009 0.581 0.047 0.159 0.006 0.067 0.007 0.236 0.01 0.005 0.068 0.103 0.006 0.005 0.002 0.039 0.037 0.11 0.005 0.047 0.216 1 0.008 0.014 0.302 0.117 0.035 0.604 0.722 0.686 0.771 0.009 0.01 0.109 0.073 0.555 0.004 0.007 0.001 0.199 0.018 0.588 0.571 0.101 0.007 0.153 0.004 0.727 0.008 0.01 0.014 0.085
0.008 0.014 0.015 0.03 0.007 0.002 0.004 0.003 0.002 0.002 0.001 0.005 0.004 0.005 0.002 0.013 0.006 0.092 0.048 0.008 0.023 0 0.002 0.003 0.007 0.023 0.034 0.001 0.001 0.001 0.152 0.16 0.031 0.002 0.008 0.048 0.008 1 0.002 0.012 0.02 0.024 0.012 0.007 0.007 0.008 0.001 0.001 0.001 0.001 0.003 0.001 0.001 0.001 0.003 0.003 0.008 0.011 0.001 0.001 0.002 0.001 0.009 0.001 0.001 0.002 0.001
0.061 0.057 0.075 0.029 0 0.322 0.007 0.006 0.003 0.001 0.001 0.082 0.083 0 0.003 0.066 0.006 0.019 0.029 0.001 0.042 0.002 0.004 0.398 0 0.08 0.067 0.002 0.253 0.001 0 0.005 0.064 0.003 0.014 0.087 0.014 0.002 1 0.001 0.031 0.035 0.171 0.013 0.012 0.013 0.002 0.515 0.002 0.002 0.111 0.001 0.002 0.411 0.003 0.005 0 0.094 0.002 0.002 0.001 0.001 0 0.461 0.003 0.004 0.002
0.02 0.03 0.031 0.007 0.037 0.015 0.115 0.069 0.043 0.05 0.01 0.01 0.005 0.115 0.061 0.009 0.189 0.011 0.069 0.046 0.013 0.008 0.062 0.018 0.062 0.007 0 0.015 0 0.007 0.164 0.138 0.002 0.011 0.102 0.404 0.302 0.012 0.001 1 0 0.039 0.236 0.276 0.251 0.267 0.021 0.001 0.041 0.028 0.234 0.01 0.008 0 0.099 0.042 0.257 0.229 0.028 0.016 0.074 0.009 0.308 0.01 0.024 0.012 0.03
0.01 0.002 0.001 0.19 0.025 0.033 0.104 0.059 0.02 0.024 0.028 0.012 0.009 0.099 0.025 0.01 0.081 0.014 0.083 0.03 0.245 0.003 0.026 0.006 0.045 0.278 0.429 0.053 0.012 0.004 0.25 0.268 0.47 0.012 0.37 0.002 0.117 0.02 0.031 0 1 0.148 0.182 0.117 0.108 0.132 0.002 0.022 0.018 0.017 0.174 0.034 0.017 0.021 0.054 0.152 0.132 0.168 0.014 0.045 0.03 0.021 0.137 0.008 0.009 0.003 0.02
0.067 0.05 0.049 0.155 0.049 0.009 0.029 0.052 0.027 0.006 0.012 0.071 0.048 0.028 0.014 0.071 0.015 0.147 0.039 0.051 0.211 0 0.018 0.039 0.053 0.252 0.239 0.016 0.013 0.001 0.015 0.012 0.264 0.032 0.105 0.06 0.035 0.024 0.035 0.039 0.148 1 0.085 0.033 0.026 0.04 0.004 0.009 0.007 0.002 0.068 0.01 0.052 0.024 0.034 0.038 0.035 0.065 0.004 0.016 0 0.004 0.048 0.021 0 0.017 0.005
0.012 0.018 0.02 0.007 0.009 0.052 0.005 0.001 0.002 0.113 0.007 0 0 0.001 0.132 0 0.434 0.046 0.106 0.015 0.029 0.01 0.149 0.054 0.013 0.017 0.04 0.009 0.038 0.004 0.039 0.051 0.046 0.01 0.074 0.319 0.604 0.012 0.171 0.236 0.182 0.085 1 0.644 0.593 0.645 0.014 0.08 0.101 0.044 0.829 0.006 0.011 0.091 0.261 0.028 0.623 0.821 0.065 0.011 0.165 0.007 0.675 0.072 0.015 0.021 0.08
0.007 0.004 0.005 0.059 0.033 0.005 0.025 0.018 0.01 0.17 0.005 0.051 0.067 0.029 0.198 0.046 0.648 0.018 0.253 0.048 0.135 0.007 0.224 0.009 0.045 0.137 0.175 0.006 0.005 0.002 0.039 0.037 0.193 0.005 0.052 0.249 0.722 0.007 0.013 0.276 0.117 0.033 0.644 1 0.907 0.776 0.009 0.01 0.157 0.074 0.582 0.004 0.007 0.001 0.307 0.018 0.819 0.596 0.102 0.007 0.242 0.004 0.726 0.008 0.01 0.014 0.129
0.004 0.002 0.003 0.05 0.03 0.004 0.023 0.017 0.01 0.114 0.004 0.053 0.07 0.027 0.223 0.051 0.608 0.014 0.248 0.045 0.123 0.006 0.242 0.008 0.042 0.125 0.161 0.005 0.005 0.002 0.035 0.033 0.177 0.004 0.048 0.224 0.686 0.007 0.012 0.251 0.108 0.026 0.593 0.907 1 0.757 0.008 0.009 0.17 0.083 0.542 0.004 0.007 0.001 0.258 0.017 0.753 0.545 0.113 0.006 0.261 0.004 0.664 0.008 0.009 0.013 0.142
0 0.001 0 0.028 0.004 0.006 0 0.002 0.006 0.08 0.005 0.016 0.026 0 0.184 0.018 0.486 0.02 0.174 0.008 0.072 0.008 0.207 0.012 0.007 0.073 0.109 0.007 0.006 0.002 0.042 0.042 0.118 0.003 0.053 0.162 0.771 0.008 0.013 0.267 0.132 0.04 0.645 0.776 0.757 1 0.01 0.011 0.139 0.066 0.602 0.005 0.008 0.002 0.25 0.02 0.645 0.618 0.05 0.008 0.213 0.005 0.752 0.009 0.011 0.016 0.115
0.015 0.022 0.021 0.009 0.014 0.001 0.005 0.004 0.002 0.002 0.031 0.028 0.026 0.006 0.002 0.031 0.007 0 0.004 0.018 0.004 0.001 0.002 0.013 0 0.002 0 0.006 0.01 0.001 0.008 0.008 0 0.002 0 0.016 0.009 0.001 0.002 0.021 0.002 0.004 0.014 0.009 0.008 0.01 1 0.002 0.001 0.001 0.013 0.001 0.001 0.002 0.004 0.003 0.01 0.013 0.001 0.005 0.002 0.001 0.011 0.001 0.52 0.14 0.002
0.016 0.023 0.022 0.004 0.009 0.179 0.005 0.004 0.002 0 0.001 0.025 0.027 0.006 0 0.014 0.001 0.004 0.006 0.01 0.009 0.001 0.003 0.289 0.009 0.034 0.027 0.001 0.253 0.001 0.008 0.003 0.024 0.001 0.003 0.036 0.01 0.001 0.515 0.001 0.022 0.009 0.08 0.01 0.009 0.011 0.002 1 0.001 0.001 0.084 0.001 0.001 0.582 0.004 0.003 0.011 0.074 0.001 0.001 0.002 0.001 0.011 0.649 0.002 0.003 0.002
0.051 0.064 0.06 0.029 0.007 0.002 0.004 0.003 0.002 0 0.001 0.01 0.011 0.005 0.002 0.014 0.186 0.011 0.051 0.008 0.024 0.001 0.002 0.003 0.008 0.024 0.028 0.001 0.001 0.001 0.007 0.007 0.031 0.002 0.008 0.051 0.109 0.001 0.002 0.041 0.018 0.007 0.101 0.157 0.17 0.139 0.001 0.001 1 0.001 0.103 0.001 0.001 0.001 0 0.003 0.139 0.086 0 0.001 0.309 0.001 0.067 0.001 0.002 0.002 0.001
0.011 0.008 0.008 0.016 0.005 0 0.002 0.001 0.002 0.22 0.001 0.01 0.011 0.005 0 0.013 0.043 0.001 0.015 0.008 0.023 0.001 0 0.003 0.007 0.017 0.027 0.001 0.001 0.001 0.006 0.006 0.029 0.002 0.008 0.032 0.073 0.001 0.002 0.028 0.017 0.002 0.044 0.074 0.083 0.066 0.001 0.001 0.001 1 0.069 0.001 0.001 0.001 0.003 0.003 0.078 0.045 0.188 0.001 0.005 0.001 0.077 0.001 0.001 0.002 0.389
0.009 0.013 0.015 0.008 0.007 0.027 0.003 0 0 0.118 0.006 0 0 0 0.096 0.001 0.376 0.03 0.108 0.011 0.036 0.01 0.091 0.028 0.01 0.021 0.04 0.009 0.04 0.004 0.027 0.037 0.045 0.01 0.071 0.27 0.555 0.003 0.111 0.234 0.174 0.068 0.829 0.582 0.542 0.602 0.013 0.084 0.103 0.069 1 0.006 0.011 0.095 0.207 0.027 0.631 0.849 0.081 0.01 0.17 0.006 0.697 0.076 0.015 0.021 0.117
0 0.007 0.007 0.019 0.004 0.001 0.002 0.002 0.001 0.001 0 0.007 0.006 0.003 0.001 0.006 0.003 0.006 0.011 0.004 0.012 0.011 0.001 0.001 0.004 0.013 0.01 0.455 0 0 0.004 0.003 0.02 0.001 0.062 0.012 0.004 0.001 0.001 0.01 0.034 0.01 0.006 0.004 0.004 0.005 0.001 0.001 0.001 0.001 0.006 1 0.001 0.001 0.002 0.001 0.005 0.006 0 0.438 0.001 0 0.005 0.001 0.001 0.001 0.001
0.002 0.007 0.001 0.008 0 0.002 0.004 0.003 0.001 0.002 0.001 0.004 0.003 0.005 0.002 0.003 0.006 0 0.003 0 0.01 0.063 0.002 0.003 0.007 0.022 0.026 0.001 0.001 0.032 0.006 0.006 0.017 0.002 0.007 0.008 0.007 0.001 0.002 0.008 0.017 0.052 0.011 0.007 0.007 0.008 0.001 0.001 0.001 0.001 0.011 0.001 1 0.001 0.003 0.003 0.008 0.01 0.001 0.001 0.002 0.001 0.008 0.001 0.001 0.002 0.001
0.031 0.042 0.039 0.01 0.009 0.265 0.005 0.004 0.002 0 0.001 0.061 0.063 0.006 0.002 0.043 0.003 0.013 0.018 0.003 0.032 0.001 0.002 0.317 0.002 0.056 0.028 0.001 0.267 0.001 0.008 0.002 0.025 0.002 0.009 0.043 0.001 0.001 0.411 0 0.021 0.024 0.091 0.001 0.001 0.002 0.002 0.582 0.001 0.001 0.095 0.001 0.001 1 0 0.003 0.002 0.085 0.001 0.001 0.004 0.001 0.002 0.5 0.002 0.002 0.002
0.021 0.021 0.016 0.039 0.008 0.004 0.013 0.01 0.005 0.002 0.002 0.009 0.011 0.002 0.444 0.003 0.235 0.004 0.096 0.003 0.034 0.003 0.497 0.007 0.002 0.036 0.04 0.003 0.001 0 0.004 0.015 0.044 0 0.024 0.085 0.199 0.003 0.003 0.099 0.054 0.034 0.261 0.307 0.258 0.25 0.004 0.004 0 0.003 0.207 0.002 0.003 0 1 0.008 0.334 0.281 0.003 0.003 0.005 0.002 0.336 0.004 0.005 0.006 0.001
0.011 0.031 0.033 0.036 0.015 0.005 0.008 0.005 0.004 0.004 0.002 0.026 0.032 0.009 0.004 0.029 0.014 0.006 0.021 0.016 0.02 0.049 0.005 0.007 0.015 0.021 0.014 0.002 0.002 0.001 0.013 0.013 0.04 0.002 0.204 0.042 0.018 0.003 0.005 0.042 0.152 0.038 0.028 0.018 0.017 0.02 0.003 0.003 0.003 0.003 0.027 0.001 0.003 0.003 0.008 1 0.02 0.026 0.002 0.002 0.005 0.002 0.021 0.003 0.004 0.002 0.003
0 0 0 0.029 0.01 0.001 0.029 0.021 0.012 0.132 0.005 0.02 0.031 0.014 0.174 0.022 0.523 0.021 0.188 0.019 0.091 0.008 0.174 0.006 0.017 0.087 0.126 0.007 0.001 0.002 0.023 0.042 0.139 0.006 0.059 0.231 0.588 0.008 0 0.257 0.132 0.035 0.623 0.819 0.753 0.645 0.01 0.011 0.139 0.078 0.631 0.005 0.008 0.002 0.334 0.02 1 0.611 0.106 0.008 0.227 0.005 0.759 0.009 0.011 0.016 0.136
0.005 0.011 0.013 0.009 0.006 0.023 0.002 0 0.001 0.095 0.006 0 0.001 0 0.144 0 0.426 0.033 0.102 0.011 0.036 0.01 0.162 0.025 0.009 0.02 0.047 0.008 0.041 0.003 0.036 0.046 0.054 0.009 0.068 0.249 0.571 0.011 0.094 0.229 0.168 0.065 0.821 0.596 0.545 0.618 0.013 0.074 0.086 0.045 0.849 0.006 0.01 0.085 0.281 0.026 0.611 1 0.084 0.01 0.179 0.006 0.701 0.066 0.014 0.016 0.089
0.006 0.004 0.005 0.014 0.004 0 0.001 0.001 0.001 0.111 0.001 0.008 0.009 0.004 0 0.011 0.06 0.001 0.026 0.006 0.019 0.001 0 0.002 0.006 0.018 0.021 0.001 0.001 0 0.005 0.004 0.023 0.002 0.006 0.032 0.101 0.001 0.002 0.028 0.014 0.004 0.065 0.102 0.113 0.05 0.001 0.001 0 0.188 0.081 0 0.001 0.001 0.003 0.002 0.106 0.084 1 0.001 0.002 0.001 0.088 0.001 0.001 0.002 0.372
0 0.004 0.005 0.024 0.002 0.002 0 0 0 0.002 0.002 0.004 0.004 0.001 0.002 0.004 0.005 0.005 0.012 0.007 0.021 0.005 0.002 0 0.007 0.021 0.017 0.724 0.001 0.007 0.006 0.006 0.024 0.002 0.106 0.021 0.007 0.001 0.002 0.016 0.045 0.016 0.011 0.007 0.006 0.008 0.005 0.001 0.001 0.001 0.01 0.438 0.001 0.001 0.003 0.002 0.008 0.01 0.001 1 0.002 0.001 0.008 0.001 0.001 0.002 0.001
0.023 0.028 0.03 0.001 0.002 0.001 0.007 0.005 0.003 0.022 0.001 0.001 0.007 0.005 0.003 0.005 0.144 0.009 0.041 0.01 0.021 0.002 0.003 0 0.009 0.021 0.042 0.001 0.001 0.001 0.008 0.011 0.046 0.003 0.013 0.063 0.153 0.002 0.001 0.074 0.03 0 0.165 0.242 0.261 0.213 0.002 0.002 0.309 0.005 0.17 0.001 0.002 0.004 0.005 0.005 0.227 0.179 0.002 0.002 1 0.001 0.157 0.002 0.003 0.004 0
0.006 0.008 0.008 0.003 0.004 0.001 0.002 0.002 0.001 0.001 0 0.008 0.005 0.003 0 0.007 0.001 0.001 0.002 0.004 0.006 0.001 0 0.002 0.004 0.009 0.007 0.001 0 0 0.004 0.004 0.006 0.001 0.053 0.013 0.004 0.001 0.001 0.009 0.021 0.004 0.007 0.004 0.004 0.005 0.001 0.001 0.001 0.001 0.006 0 0.001 0.001 0.002 0.002 0.005 0.006 0.001 0.001 0.001 1 0.005 0.001 0.001 0.001 0.001
0 0 0 0.027 0.002 0.001 0.001 0 0.002 0.13 0.005 0.007 0.015 0 0.162 0.006 0.45 0.023 0.151 0.005 0.064 0.008 0.184 0.008 0.003 0.06 0.1 0.007 0.001 0.002 0.025 0.044 0.106 0.006 0.055 0.187 0.727 0.009 0 0.308 0.137 0.048 0.675 0.726 0.664 0.752 0.011 0.011 0.067 0.077 0.697 0.005 0.008 0.002 0.336 0.021 0.759 0.701 0.088 0.008 0.157 0.005 1 0.01 0.012 0.016 0.134
0.026 0.035 0.033 0.011 0.001 0.204 0 0.001 0.002 0 0.001 0.037 0.04 0 0.002 0.038 0.002 0.011 0.016 0.001 0.017 0.001 0.002 0.253 0.001 0.051 0.043 0.001 0.164 0.001 0 0.001 0.039 0.002 0.009 0.054 0.008 0.001 0.461 0.01 0.008 0.021 0.072 0.008 0.008 0.009 0.001 0.649 0.001 0.001 0.076 0.001 0.001 0.5 0.004 0.003 0.009 0.066 0.001 0.001 0.002 0.001 0.01 1 0.002 0.002 0.001
0.02 0.029 0.026 0.005 0.011 0.004 0.005 0.004 0.002 0.002 0.028 0.028 0.026 0.006 0.002 0.032 0.008 0.002 0 0.014 0.001 0.001 0.003 0.019 0 0 0.002 0.001 0.009 0.001 0.009 0.008 0.001 0.003 0.001 0.019 0.01 0.001 0.003 0.024 0.009 0 0.015 0.01 0.009 0.011 0.52 0.002 0.002 0.001 0.015 0.001 0.001 0.002 0.005 0.004 0.011 0.014 0.001 0.001 0.003 0.001 0.012 0.002 1 0.062 0.002
0.001 0 0 0.005 0 0.001 0.008 0.006 0.003 0.003 0.018 0 0 0.009 0.003 0 0.007 0.022 0.002 0.001 0.005 0.002 0.004 0.002 0.014 0.015 0.012 0.002 0.001 0.001 0.004 0.004 0.014 0.045 0 0.025 0.014 0.002 0.004 0.012 0.003 0.017 0.021 0.014 0.013 0.016 0.14 0.003 0.002 0.002 0.021 0.001 0.002 0.002 0.006 0.002 0.016 0.016 0.002 0.002 0.004 0.001 0.016 0.002 0.062 1 0.002
0.007 0.004 0.005 0.012 0.006 0 0.003 0.002 0.002 0.095 0.001 0.013 0.013 0.006 0.001 0.016 0.057 0 0.034 0.009 0.028 0.001 0.001 0.004 0.009 0.021 0.032 0.001 0.001 0.001 0.007 0.007 0.034 0.002 0.009 0.02 0.085 0.001 0.002 0.03 0.02 0.005 0.08 0.129 0.142 0.115 0.002 0.002 0.001 0.389 0.117 0.001 0.001 0.002 0.001 0.003 0.136 0.089 0.372 0.001 0 0.001 0.134 0.001 0.002 0.002 1
