1 0.832 0.836 0.41 0.339 0.117 0.229 0.204 0.115 0.023 0.066 0.453 0.442 0.225 0.038 0.525 0.001 0.105 0.084 0.278 0.23 0.011 0.04 0.178 0.201 0.191 0.135 0 0.038 0.001 0.089 0.064 0.117 0.025 0.009 0.099 0 0 0.077 0.044 0.017 0.068 0.016 0.003 0.001 0 0.014 0.01 0.047 0.014 0.011 0.002 0.003 0.004 0.031 0.022 0.002 0.006 0.003 0.001 0.06 0.003 0.001 0.015 0.026 0.002 0.003
0.832 1 0.932 0.414 0.352 0.14 0.275 0.245 0.138 0.019 0.079 0.512 0.481 0.227 0.031 0.575 0 0.112 0.08 0.293 0.222 0.021 0.033 0.214 0.216 0.186 0.126 0 0.047 0.007 0.086 0.08 0.106 0.02 0.021 0.11 0 0.006 0.058 0.049 0.007 0.056 0.016 0.002 0 0 0.02 0.014 0.059 0.011 0.011 0.003 0.002 0.007 0.028 0.025 0.001 0.009 0.002 0.007 0.05 0.012 0.001 0.019 0.034 0.001 0.002
0.836 0.932 1 0.426 0.391 0.134 0.264 0.235 0.132 0.02 0.075 0.537 0.504 0.261 0.033 0.604 0 0.104 0.077 0.326 0.252 0.022 0.035 0.205 0.241 0.211 0.146 0 0.044 0.013 0.103 0.074 0.123 0.021 0.017 0.118 0 0.007 0.09 0.056 0.008 0.06 0.022 0.002 0.001 0 0.018 0.013 0.056 0.012 0.016 0.003 0.002 0.006 0.027 0.026 0.004 0.013 0.002 0.008 0.072 0.013 0.003 0.018 0.032 0.001 0.002
0.41 0.414 0.426 1 0.197 0.052 0.124 0.111 0.061 0.043 0.035 0.261 0.267 0.131 0.071 0.309 0.027 0.276 0.323 0.203 0.625 0.002 0.069 0.083 0.144 0.568 0.425 0.023 0.016 0.03 0.03 0.019 0.464 0.045 0.224 0.002 0.026 0.015 0.036 0 0.24 0.178 0.006 0.049 0.041 0.033 0.01 0.002 0.019 0.015 0.008 0.016 0.01 0.01 0.041 0.035 0.016 0.008 0.008 0.033 0.019 0.023 0.018 0.005 0.01 0.007 0.006
0.339 0.352 0.391 0.197 1 0.012 0.59 0.534 0.288 0.008 0.007 0.45 0.426 0.653 0.014 0.497 0.038 0.064 0.131 0.805 0.226 0.01 0.015 0.019 0.633 0.198 0.166 0.003 0.006 0.006 0.326 0.251 0.147 0.009 0.033 0.049 0.016 0.003 0.003 0.09 0.056 0.033 0.012 0.045 0.042 0.018 0.003 0.005 0.009 0.005 0.01 0.001 0.005 0.007 0.014 0.011 0.022 0.012 0.005 0.005 0.002 0.006 0.006 0.004 0.004 0 0.006
0.117 0.14 0.134 0.052 0.012 1 0.007 0.007 0.004 0.003 0.001 0.14 0.133 0.009 0.004 0.153 0.012 0.016 0.035 0.014 0.075 0.003 0.005 0.569 0.014 0.057 0.03 0.001 0.367 0.001 0.012 0.011 0.029 0.003 0.014 0.048 0.008 0.001 0.349 0.011 0.029 0.014 0.046 0.009 0.008 0.01 0.021 0.153 0.003 0.001 0.021 0.001 0.002 0.124 0.007 0.003 0.004 0.018 0.001 0.002 0.003 0.002 0.001 0.184 0.043 0.001 0.001
0.229 0.275 0.264 0.124 0.59 0.007 1 0.893 0.494 0.005 0.004 0.278 0.264 0.757 0.009 0.309 0.024 0.039 0.08 0.531 0.167 0.006 0.009 0.012 0.503 0.157 0.134 0.002 0.004 0.003 0.399 0.429 0.12 0.006 0.026 0.089 0.005 0.002 0.007 0.156 0.138 0.031 0.015 0.029 0.026 0.007 0.005 0.003 0.006 0.003 0.013 0 0.004 0.004 0.017 0.007 0.035 0.013 0.003 0.002 0.008 0.003 0.011 0.003 0.004 0.009 0.004
0.204 0.245 0.235 0.111 0.534 0.007 0.893 1 0.553 0.005 0.004 0.248 0.235 0.676 0.008 0.275 0.021 0.035 0.071 0.473 0.149 0.005 0.008 0.011 0.447 0.14 0.119 0.001 0.004 0.004 0.345 0.371 0.108 0.005 0.023 0.075 0.003 0.002 0.006 0.138 0.119 0.028 0.011 0.026 0.024 0.005 0.004 0.003 0.005 0.003 0.01 0 0.004 0.004 0.015 0.006 0.031 0.01 0.003 0.002 0.007 0.003 0.008 0.002 0.004 0.008 0.003
0.115 0.138 0.132 0.061 0.288 0.004 0.494 0.553 1 0.003 0.002 0.138 0.131 0.421 0.004 0.153 0.012 0.019 0.041 0.26 0.083 0.003 0.005 0.006 0.252 0.083 0.071 0 0.002 0.002 0.182 0.192 0.065 0.003 0.013 0.037 0.001 0.001 0.003 0.074 0.061 0.03 0.003 0.014 0.013 0.001 0.002 0.002 0.003 0.002 0.003 0.001 0.002 0.002 0.008 0.003 0.017 0.003 0.002 0.001 0.004 0.002 0.003 0.001 0.002 0.004 0.002
0.023 0.019 0.02 0.043 0.008 0.003 0.005 0.005 0.003 1 0.002 0.003 0.004 0.006 0.003 0.008 0.175 0.015 0.045 0.01 0.032 0.002 0.003 0.004 0.003 0.031 0.036 0.001 0.001 0.002 0.009 0.008 0.04 0 0.011 0.052 0.083 0.001 0.002 0.03 0.023 0.003 0.078 0.119 0.068 0.08 0.002 0.001 0 0.242 0.06 0.001 0.001 0.001 0.009 0.003 0.07 0.059 0.065 0.002 0.002 0.001 0.074 0.001 0.002 0.003 0.086
0.066 0.079 0.075 0.035 0.007 0.001 0.004 0.004 0.002 0.002 1 0.079 0.075 0.005 0.002 0.087 0.007 0.011 0.023 0.008 0.047 0.002 0.003 0.344 0.008 0.047 0.041 0.027 0.001 0.001 0.007 0.006 0.037 0.002 0.132 0.023 0.008 0.001 0.001 0.019 0.037 0.016 0.011 0.008 0.008 0.009 0.012 0.001 0.002 0.001 0.01 0 0.001 0.001 0.005 0.002 0.009 0.01 0.001 0.002 0.002 0.001 0.01 0.001 0.014 0.004 0.001
0.453 0.512 0.537 0.261 0.45 0.14 0.278 0.248 0.138 0.003 0.079 1 0.926 0.303 0.009 0.781 0.037 0.095 0.164 0.44 0.347 0.016 0.01 0.22 0.33 0.3 0.236 0 0.051 0.013 0.126 0.094 0.215 0.014 0.012 0.055 0.032 0.004 0.098 0.021 0.017 0.071 0 0.05 0.057 0.029 0.022 0.016 0.02 0.012 0 0.003 0.008 0.05 0.001 0.018 0.011 0.002 0.011 0.007 0.002 0.012 0.004 0.022 0.037 0.002 0.013
0.442 0.481 0.504 0.267 0.426 0.133 0.264 0.235 0.131 0.004 0.075 0.926 1 0.287 0.01 0.749 0.041 0.101 0.176 0.444 0.349 0.011 0.011 0.208 0.341 0.298 0.233 0 0.048 0.013 0.132 0.1 0.215 0.015 0.012 0.053 0.035 0.004 0.094 0.021 0.019 0.066 0 0.055 0.061 0.033 0.02 0.015 0.021 0.012 0.001 0 0.005 0.049 0.002 0.025 0.013 0.003 0.012 0.002 0.003 0.012 0.006 0.021 0.034 0.002 0.014
0.225 0.227 0.261 0.131 0.653 0.009 0.757 0.676 0.421 0.006 0.005 0.303 0.287 1 0.01 0.363 0.028 0.046 0.095 0.573 0.197 0.007 0.011 0.014 0.544 0.173 0.147 0.002 0.005 0 0.421 0.319 0.131 0.007 0.021 0.098 0.005 0.002 0.007 0.165 0.101 0.03 0.001 0.027 0.025 0.005 0.006 0.004 0.007 0.004 0.001 0.001 0.005 0.005 0.004 0.008 0.008 0.001 0.004 0.003 0.001 0.004 0 0.003 0.005 0.01 0.005
0.038 0.031 0.033 0.071 0.014 0.004 0.009 0.008 0.004 0.003 0.002 0.009 0.01 0.01 1 0.028 0.367 0.024 0.107 0.016 0.052 0.004 0.947 0.007 0.017 0.047 0.052 0.002 0.002 0.003 0.015 0.013 0.061 0.003 0.015 0.09 0.298 0.001 0.004 0.054 0.033 0.034 0.189 0.27 0.292 0.252 0.003 0.002 0.004 0.003 0.164 0.001 0.002 0.003 0.419 0.004 0.202 0.198 0.003 0.003 0.004 0 0.199 0.002 0.003 0.005 0.002
0.525 0.575 0.604 0.309 0.497 0.153 0.309 0.275 0.153 0.008 0.087 0.781 0.749 0.363 0.028 1 0.063 0.112 0.221 0.527 0.424 0.019 0.027 0.235 0.405 0.348 0.264 0 0.05 0.006 0.136 0.1 0.236 0.012 0.01 0.051 0.031 0.007 0.102 0.02 0.022 0.079 0 0.06 0.061 0.035 0.029 0.015 0.019 0.011 0.002 0.002 0.011 0.049 0.004 0.022 0.015 0.003 0.011 0.006 0.001 0.011 0.008 0.022 0.046 0 0.012
0.001 0 0 0.027 0.038 0.012 0.024 0.021 0.012 0.175 0.007 0.037 0.041 0.028 0.367 0.063 1 0.064 0.29 0.044 0.139 0.01 0.381 0.02 0.035 0.121 0.139 0.004 0 0.007 0.041 0.037 0.158 0.005 0.045 0.247 0.656 0.003 0.004 0.157 0.098 0.034 0.512 0.702 0.654 0.605 0.008 0 0.165 0.046 0.448 0.003 0.007 0.001 0.268 0.011 0.51 0.503 0.066 0.008 0.125 0.003 0.448 0 0.007 0.013 0.08
0.105 0.112 0.104 0.276 0.064 0.016 0.039 0.035 0.019 0.015 0.011 0.095 0.101 0.046 0.024 0.112 0.064 1 0.415 0.073 0.202 0.016 0.024 0.032 0.041 0.171 0.064 0.007 0.011 0.062 0.005 0.009 0.071 0.104 0.065 0.033 0.053 0.03 0.019 0.029 0.021 0.14 0.064 0.034 0.026 0.034 0 0.002 0.016 0.004 0.051 0.005 0 0.011 0.016 0.007 0.043 0.057 0.003 0.008 0.015 0.009 0.043 0.007 0 0.029 0.002
0.084 0.08 0.077 0.323 0.131 0.035 0.08 0.071 0.041 0.045 0.023 0.164 0.176 0.095 0.107 0.221 0.29 0.415 1 0.151 0.44 0.033 0.112 0.067 0.097 0.377 0.241 0.015 0.011 0.027 0.007 0.003 0.281 0.048 0.143 0.059 0.188 0.013 0.026 0.03 0.122 0.024 0.117 0.244 0.241 0.201 0.006 0.002 0.039 0.012 0.108 0.011 0.003 0.012 0.084 0.024 0.145 0.113 0.021 0.02 0.026 0.015 0.12 0.005 0.006 0.003 0.031
0.278 0.293 0.326 0.203 0.805 0.014 0.531 0.473 0.26 0.01 0.008 0.44 0.444 0.573 0.016 0.527 0.044 0.073 0.151 1 0.259 0.011 0.017 0.022 0.793 0.216 0.18 0.005 0.007 0.002 0.335 0.265 0.159 0.01 0.053 0.049 0.017 0.004 0.001 0.092 0.044 0.05 0.015 0.046 0.042 0.019 0.004 0.006 0.011 0.006 0.012 0.002 0.006 0.004 0.001 0.013 0.024 0.014 0.006 0.007 0.003 0.006 0.008 0.005 0.006 0.001 0.007
0.23 0.222 0.252 0.625 0.226 0.075 0.167 0.149 0.083 0.032 0.047 0.347 0.349 0.197 0.052 0.424 0.139 0.202 0.44 0.259 1 0.035 0.055 0.128 0.236 0.841 0.685 0.028 0.025 0.016 0.062 0.044 0.621 0.033 0.233 0 0.096 0.011 0.053 0.004 0.303 0.182 0.039 0.147 0.134 0.107 0.002 0.005 0.035 0.017 0.048 0.019 0.021 0.024 0.035 0.005 0.078 0.051 0.016 0.043 0.012 0.033 0.062 0.009 0.001 0.012 0.023
0.011 0.021 0.022 0.002 0.01 0.003 0.006 0.005 0.003 0.002 0.002 0.016 0.011 0.007 0.004 0.019 0.01 0.016 0.033 0.011 0.035 1 0.004 0.005 0.011 0.035 0.041 0 0.002 0.002 0.01 0.009 0 0.002 0.012 0.025 0.011 0.006 0.003 0 0 0.001 0.008 0.004 0.003 0.004 0.002 0.001 0.002 0.001 0.007 0 0.182 0.001 0 0.094 0.005 0.007 0.001 0.001 0.003 0.001 0.005 0.001 0.002 0.003 0.002
0.04 0.033 0.035 0.069 0.015 0.005 0.009 0.008 0.005 0.003 0.003 0.01 0.011 0.011 0.947 0.027 0.381 0.024 0.112 0.017 0.055 0.004 1 0.008 0.018 0.05 0.055 0.002 0.002 0.003 0.016 0.014 0.065 0.004 0.016 0.093 0.311 0.001 0.004 0.053 0.036 0.035 0.197 0.282 0.29 0.263 0.003 0.002 0.004 0.002 0.155 0.001 0.003 0.003 0.441 0.004 0.203 0.207 0.003 0.003 0.005 0 0.209 0.002 0.003 0.005 0.002
0.178 0.214 0.205 0.083 0.019 0.569 0.012 0.011 0.006 0.004 0.344 0.22 0.208 0.014 0.007 0.235 0.02 0.032 0.067 0.022 0.128 0.005 0.008 1 0.023 0.112 0.078 0.005 0.245 0.003 0.02 0.016 0.074 0.005 0.016 0.01 0.016 0.002 0.246 0.026 0.001 0.034 0.016 0.018 0.016 0.02 0.035 0.124 0.005 0.003 0.005 0 0.003 0.094 0.012 0.006 0 0.004 0.003 0 0 0.003 0.002 0.141 0.058 0 0.003
0.201 0.216 0.241 0.144 0.633 0.014 0.503 0.447 0.252 0.003 0.008 0.33 0.341 0.544 0.017 0.405 0.035 0.041 0.097 0.793 0.236 0.011 0.018 0.023 1 0.255 0.226 0.005 0.007 0.002 0.43 0.354 0.202 0.01 0.058 0.084 0.011 0.004 0.001 0.14 0.063 0.058 0.01 0.035 0.031 0.013 0.009 0.006 0.011 0.007 0.014 0.004 0.008 0.004 0 0.013 0.026 0.009 0.006 0.01 0.004 0.007 0.009 0.005 0.008 0.016 0.007
0.191 0.186 0.211 0.568 0.198 0.057 0.157 0.14 0.083 0.031 0.047 0.3 0.298 0.173 0.047 0.348 0.121 0.171 0.377 0.216 0.841 0.035 0.05 0.112 0.255 1 0.803 0.028 0.045 0.024 0.091 0.072 0.733 0.034 0.235 0.001 0.109 0.012 0.079 0.001 0.35 0.218 0.036 0.163 0.149 0.121 0 0.021 0.035 0.011 0.038 0.015 0.024 0.047 0.044 0.005 0.08 0.043 0.016 0.039 0.012 0.039 0.063 0.03 0 0.02 0.016
0.135 0.126 0.146 0.425 0.166 0.03 0.134 0.119 0.071 0.036 0.041 0.236 0.233 0.147 0.052 0.264 0.139 0.064 0.241 0.18 0.685 0.041 0.055 0.078 0.226 0.803 1 0.024 0.032 0.028 0.247 0.224 0.894 0.04 0.196 0.014 0.13 0.009 0.068 0.001 0.443 0.208 0.053 0.188 0.165 0.138 0 0.018 0.041 0.015 0.053 0.012 0.028 0.03 0.048 0.003 0.102 0.062 0.014 0.033 0.022 0.034 0.084 0.026 0.002 0.026 0.02
0 0 0 0.023 0.003 0.001 0.002 0.001 0 0.001 0.027 0 0 0.002 0.002 0 0.004 0.007 0.015 0.005 0.028 0 0.002 0.005 0.005 0.028 0.024 1 0.001 0.001 0.005 0.004 0.024 0.001 0.088 0.016 0.005 0 0.001 0.013 0.04 0.011 0.008 0.005 0.005 0.006 0.014 0.001 0.001 0.001 0.007 0.208 0.001 0.001 0.003 0.001 0.006 0.007 0.001 0.413 0.001 0.001 0.006 0 0.001 0.002 0.001
0.038 0.047 0.044 0.016 0.006 0.367 0.004 0.004 0.002 0.001 0.001 0.051 0.048 0.005 0.002 0.05 0 0.011 0.011 0.007 0.025 0.002 0.002 0.245 0.007 0.045 0.032 0.001 1 0.001 0.007 0.006 0.035 0.002 0.008 0.045 0.007 0.001 0.286 0.009 0.018 0.016 0.037 0.008 0.007 0.008 0.05 0.259 0.002 0.001 0.014 0.001 0.001 0.189 0.003 0.002 0 0.011 0.001 0.001 0.002 0.001 0 0.289 0.055 0.002 0.001
0.001 0.007 0.013 0.03 0.006 0.001 0.003 0.004 0.002 0.002 0.001 0.013 0.013 0 0.003 0.006 0.007 0.062 0.027 0.002 0.016 0.002 0.003 0.003 0.002 0.024 0.028 0.001 0.001 1 0.007 0.007 0.032 0.002 0.009 0.015 0.002 0.001 0.002 0.013 0.004 0.013 0.006 0.003 0.003 0.004 0.001 0.001 0.002 0.001 0.005 0.001 0 0.001 0.001 0.002 0.004 0.005 0.001 0.001 0.002 0.001 0.004 0.001 0.001 0.002 0.001
0.089 0.086 0.103 0.03 0.326 0.012 0.399 0.345 0.182 0.009 0.007 0.126 0.132 0.421 0.015 0.136 0.041 0.005 0.007 0.335 0.062 0.01 0.016 0.02 0.43 0.091 0.247 0.005 0.007 0.007 1 0.894 0.225 0.01 0.052 0.251 0.041 0.049 0.002 0.263 0.226 0.029 0.032 0.044 0.036 0.04 0.008 0.005 0.01 0.002 0.023 0.003 0.007 0.007 0.012 0.012 0.019 0.028 0.002 0.009 0.003 0.006 0.018 0.005 0.007 0.015 0.003
0.064 0.08 0.074 0.019 0.251 0.011 0.429 0.371 0.192 0.008 0.006 0.094 0.1 0.319 0.013 0.1 0.037 0.009 0.003 0.265 0.044 0.009 0.014 0.016 0.354 0.072 0.224 0.004 0.006 0.007 0.894 1 0.204 0.009 0.047 0.226 0.037 0.055 0.009 0.228 0.262 0.023 0.057 0.039 0.031 0.039 0.007 0.003 0.009 0.002 0.045 0.003 0.006 0.005 0.021 0.011 0.043 0.049 0.002 0.008 0.012 0.005 0.042 0.002 0.007 0.013 0.002
0.117 0.106 0.123 0.464 0.147 0.029 0.12 0.108 0.065 0.04 0.037 0.215 0.215 0.131 0.061 0.236 0.158 0.071 0.281 0.159 0.621 0 0.065 0.074 0.202 0.733 0.894 0.024 0.035 0.032 0.225 0.204 1 0.043 0.264 0.007 0.149 0.008 0.062 0 0.502 0.231 0.068 0.212 0.187 0.159 0 0.015 0.045 0.017 0.068 0.013 0.021 0.028 0.057 0.038 0.121 0.078 0.015 0.032 0.025 0.031 0.101 0.023 0.001 0.03 0.023
0.025 0.02 0.021 0.045 0.009 0.003 0.006 0.005 0.003 0 0.002 0.014 0.015 0.007 0.003 0.012 0.005 0.104 0.048 0.01 0.033 0.002 0.004 0.005 0.01 0.034 0.04 0.001 0.002 0.002 0.01 0.009 0.043 1 0.011 0.006 0.004 0.001 0.003 0.014 0.021 0.051 0.006 0.003 0.002 0.002 0.002 0.001 0.002 0.001 0.006 0.001 0.002 0.002 0.001 0 0.004 0.008 0.001 0.002 0.003 0.001 0.004 0.001 0.002 0.042 0.001
0.009 0.021 0.017 0.224 0.033 0.014 0.026 0.023 0.013 0.011 0.132 0.012 0.012 0.021 0.015 0.01 0.045 0.065 0.143 0.053 0.233 0.012 0.016 0.016 0.058 0.235 0.196 0.088 0.008 0.009 0.052 0.047 0.264 0.011 1 0.18 0.056 0.004 0.014 0.138 0.408 0.089 0.087 0.06 0.055 0.066 0 0.006 0.012 0.007 0.083 0.06 0.007 0.009 0.034 0.168 0.072 0.083 0.007 0.141 0.016 0.113 0.069 0.006 0.001 0.001 0.008
0.099 0.11 0.118 0.002 0.049 0.048 0.089 0.075 0.037 0.052 0.023 0.055 0.053 0.098 0.09 0.051 0.247 0.033 0.059 0.049 0 0.025 0.093 0.01 0.084 0.001 0.014 0.016 0.045 0.015 0.251 0.226 0.007 0.006 0.18 1 0.244 0.022 0.08 0.477 0 0.091 0.336 0.254 0.223 0.202 0.006 0.022 0.054 0.018 0.268 0.011 0.022 0.009 0.088 0.03 0.269 0.275 0.014 0.03 0.077 0.02 0.22 0.031 0.004 0.026 0.017
0 0 0 0.026 0.016 0.008 0.005 0.003 0.001 0.083 0.008 0.032 0.035 0.005 0.298 0.031 0.656 0.053 0.188 0.017 0.096 0.011 0.311 0.016 0.011 0.109 0.13 0.005 0.007 0.002 0.041 0.037 0.149 0.004 0.056 0.244 1 0.004 0.013 0.239 0.124 0.047 0.626 0.779 0.744 0.797 0.009 0.006 0.149 0.044 0.547 0.004 0.007 0.003 0.266 0.013 0.56 0.594 0.062 0.009 0.132 0.006 0.621 0.005 0.008 0.016 0.074
0 0.006 0.007 0.015 0.003 0.001 0.002 0.002 0.001 0.001 0.001 0.004 0.004 0.002 0.001 0.007 0.003 0.03 0.013 0.004 0.011 0.006 0.001 0.002 0.004 0.012 0.009 0 0.001 0.001 0.049 0.055 0.008 0.001 0.004 0.022 0.004 1 0.001 0.003 0.005 0.023 0.006 0.004 0.004 0.005 0.001 0 0.001 0 0.003 0 0.001 0.001 0.002 0.001 0.005 0.006 0 0.001 0.001 0 0.005 0 0.001 0.001 0.001
0.077 0.058 0.09 0.036 0.003 0.349 0.007 0.006 0.003 0.002 0.001 0.098 0.094 0.007 0.004 0.102 0.004 0.019 0.026 0.001 0.053 0.003 0.004 0.246 0.001 0.079 0.068 0.001 0.286 0.002 0.002 0.009 0.062 0.003 0.014 0.08 0.013 0.001 1 0 0.032 0.028 0.163 0.014 0.013 0.012 0.002 0.34 0.003 0.002 0.11 0.001 0.002 0.204 0 0.003 0.035 0.094 0.002 0.002 0.014 0.002 0.02 0.386 0.002 0.004 0.002
0.044 0.049 0.056 0 0.09 0.011 0.156 0.138 0.074 0.03 0.019 0.021 0.021 0.165 0.054 0.02 0.157 0.029 0.03 0.092 0.004 0 0.053 0.026 0.14 0.001 0.001 0.013 0.009 0.013 0.263 0.228 0 0.014 0.138 0.477 0.239 0.003 0 1 0.003 0.073 0.229 0.243 0.219 0.244 0.023 0.005 0.063 0.014 0.232 0.009 0 0.005 0.093 0.031 0.219 0.219 0.015 0.024 0.051 0.014 0.247 0.005 0.021 0.039 0.031
0.017 0.007 0.008 0.24 0.056 0.029 0.138 0.119 0.061 0.023 0.037 0.017 0.019 0.101 0.033 0.022 0.098 0.021 0.122 0.044 0.303 0 0.036 0.001 0.063 0.35 0.443 0.04 0.018 0.004 0.226 0.262 0.502 0.021 0.408 0 0.124 0.005 0.032 0.003 1 0.135 0.194 0.132 0.122 0.146 0.002 0.015 0.027 0.016 0.184 0.028 0.017 0.019 0.076 0.104 0.159 0.185 0.015 0.061 0.034 0.051 0.154 0.012 0.007 0.012 0.018
0.068 0.056 0.06 0.178 0.033 0.014 0.031 0.028 0.03 0.003 0.016 0.071 0.066 0.03 0.034 0.079 0.034 0.14 0.024 0.05 0.182 0.001 0.035 0.034 0.058 0.218 0.208 0.011 0.016 0.013 0.029 0.023 0.231 0.051 0.089 0.091 0.047 0.023 0.028 0.073 0.135 1 0.1 0.054 0.047 0.06 0.003 0.005 0 0 0.073 0.008 0.055 0.017 0.051 0.019 0.057 0.075 0.004 0.008 0.004 0.014 0.062 0.011 0.001 0.045 0.006
0.016 0.016 0.022 0.006 0.012 0.046 0.015 0.011 0.003 0.078 0.011 0 0 0.001 0.189 0 0.512 0.064 0.117 0.015 0.039 0.008 0.197 0.016 0.01 0.036 0.053 0.008 0.037 0.006 0.032 0.057 0.068 0.006 0.087 0.336 0.626 0.006 0.163 0.229 0.194 0.1 1 0.682 0.613 0.696 0.014 0.051 0.116 0.024 0.838 0.006 0.012 0.031 0.296 0.02 0.729 0.852 0.037 0.014 0.177 0.01 0.709 0.063 0.013 0.025 0.053
0.003 0.002 0.002 0.049 0.045 0.009 0.029 0.026 0.014 0.119 0.008 0.05 0.055 0.027 0.27 0.06 0.702 0.034 0.244 0.046 0.147 0.004 0.282 0.018 0.035 0.163 0.188 0.005 0.008 0.003 0.044 0.039 0.212 0.003 0.06 0.254 0.779 0.004 0.014 0.243 0.132 0.054 0.682 1 0.89 0.859 0.009 0.006 0.173 0.04 0.601 0.004 0.008 0.003 0.375 0.014 0.727 0.639 0.059 0.01 0.167 0.007 0.649 0.005 0.009 0.017 0.082
0.001 0 0.001 0.041 0.042 0.008 0.026 0.024 0.013 0.068 0.008 0.057 0.061 0.025 0.292 0.061 0.654 0.026 0.241 0.042 0.134 0.003 0.29 0.016 0.031 0.149 0.165 0.005 0.007 0.003 0.036 0.031 0.187 0.002 0.055 0.223 0.744 0.004 0.013 0.219 0.122 0.047 0.613 0.89 1 0.795 0.009 0.006 0.188 0.057 0.572 0.003 0.007 0.003 0.321 0.013 0.669 0.589 0.08 0.009 0.182 0.006 0.591 0.005 0.008 0.016 0.106
0 0 0 0.033 0.018 0.01 0.007 0.005 0.001 0.08 0.009 0.029 0.033 0.005 0.252 0.035 0.605 0.034 0.201 0.019 0.107 0.004 0.263 0.02 0.013 0.121 0.138 0.006 0.008 0.004 0.04 0.039 0.159 0.002 0.066 0.202 0.797 0.005 0.012 0.244 0.146 0.06 0.696 0.859 0.795 1 0.01 0.007 0.156 0.053 0.648 0.004 0.009 0.004 0.357 0.015 0.666 0.685 0.047 0.011 0.15 0.007 0.683 0.006 0.009 0.019 0.088
0.014 0.02 0.018 0.01 0.003 0.021 0.005 0.004 0.002 0.002 0.012 0.022 0.02 0.006 0.003 0.029 0.008 0 0.006 0.004 0.002 0.002 0.003 0.035 0.009 0 0 0.014 0.05 0.001 0.008 0.007 0 0.002 0 0.006 0.009 0.001 0.002 0.023 0.002 0.003 0.014 0.009 0.009 0.01 1 0.001 0.002 0.001 0.013 0.001 0.001 0.001 0.005 0.002 0.011 0.013 0.001 0.005 0.002 0.001 0.011 0.001 0.603 0.15 0.001
0.01 0.014 0.013 0.002 0.005 0.153 0.003 0.003 0.002 0.001 0.001 0.016 0.015 0.004 0.002 0.015 0 0.002 0.002 0.006 0.005 0.001 0.002 0.124 0.006 0.021 0.018 0.001 0.259 0.001 0.005 0.003 0.015 0.001 0.006 0.022 0.006 0 0.34 0.005 0.015 0.005 0.051 0.006 0.006 0.007 0.001 1 0.001 0.001 0.054 0 0.001 0.466 0.004 0.002 0.008 0.053 0.001 0.001 0.002 0.001 0.007 0.845 0.001 0.002 0.001
0.047 0.059 0.056 0.019 0.009 0.003 0.006 0.005 0.003 0 0.002 0.02 0.021 0.007 0.004 0.019 0.165 0.016 0.039 0.011 0.035 0.002 0.004 0.005 0.011 0.035 0.041 0.001 0.002 0.002 0.01 0.009 0.045 0.002 0.012 0.054 0.149 0.001 0.003 0.063 0.027 0 0.116 0.173 0.188 0.156 0.002 0.001 1 0 0.121 0.001 0.002 0.002 0 0.003 0.143 0.122 0 0.002 0.38 0.001 0.08 0.001 0.002 0.003 0
0.014 0.011 0.012 0.015 0.005 0.001 0.003 0.003 0.002 0.242 0.001 0.012 0.012 0.004 0.003 0.011 0.046 0.004 0.012 0.006 0.017 0.001 0.002 0.003 0.007 0.011 0.015 0.001 0.001 0.001 0.002 0.002 0.017 0.001 0.007 0.018 0.044 0 0.002 0.014 0.016 0 0.024 0.04 0.057 0.053 0.001 0.001 0 1 0.056 0 0.001 0.001 0.004 0.002 0.065 0.033 0.194 0.001 0 0.001 0.06 0.001 0.001 0.002 0.424
0.011 0.011 0.016 0.008 0.01 0.021 0.013 0.01 0.003 0.06 0.01 0 0.001 0.001 0.164 0.002 0.448 0.051 0.108 0.012 0.048 0.007 0.155 0.005 0.014 0.038 0.053 0.007 0.014 0.005 0.023 0.045 0.068 0.006 0.083 0.268 0.547 0.003 0.11 0.232 0.184 0.073 0.838 0.601 0.572 0.648 0.013 0.054 0.121 0.056 1 0.005 0.011 0.034 0.233 0.019 0.744 0.88 0.082 0.014 0.186 0.009 0.71 0.067 0.012 0.024 0.095
0.002 0.003 0.003 0.016 0.001 0.001 0 0 0.001 0.001 0 0.003 0 0.001 0.001 0.002 0.003 0.005 0.011 0.002 0.019 0 0.001 0 0.004 0.015 0.012 0.208 0.001 0.001 0.003 0.003 0.013 0.001 0.06 0.011 0.004 0 0.001 0.009 0.028 0.008 0.006 0.004 0.003 0.004 0.001 0 0.001 0 0.005 1 0.001 0.001 0.002 0.001 0.005 0.005 0 0.262 0.001 0 0.004 0 0.001 0.001 0
0.003 0.002 0.002 0.01 0.005 0.002 0.004 0.004 0.002 0.001 0.001 0.008 0.005 0.005 0.002 0.011 0.007 0 0.003 0.006 0.021 0.182 0.003 0.003 0.008 0.024 0.028 0.001 0.001 0 0.007 0.006 0.021 0.002 0.007 0.022 0.007 0.001 0.002 0 0.017 0.055 0.012 0.008 0.007 0.009 0.001 0.001 0.002 0.001 0.011 0.001 1 0.001 0.005 0.002 0.01 0.011 0.001 0.001 0.002 0.001 0.009 0.001 0.001 0.002 0.001
0.004 0.007 0.006 0.01 0.007 0.124 0.004 0.004 0.002 0.001 0.001 0.05 0.049 0.005 0.003 0.049 0.001 0.011 0.012 0.004 0.024 0.001 0.003 0.094 0.004 0.047 0.03 0.001 0.189 0.001 0.007 0.005 0.028 0.002 0.009 0.009 0.003 0.001 0.204 0.005 0.019 0.017 0.031 0.003 0.003 0.004 0.001 0.466 0.002 0.001 0.034 0.001 0.001 1 0.014 0.002 0.005 0.033 0.001 0.001 0 0.001 0.004 0.524 0.001 0.002 0.001
0.031 0.028 0.027 0.041 0.014 0.007 0.017 0.015 0.008 0.009 0.005 0.001 0.002 0.004 0.419 0.004 0.268 0.016 0.084 0.001 0.035 0 0.441 0.012 0 0.044 0.048 0.003 0.003 0.001 0.012 0.021 0.057 0.001 0.034 0.088 0.266 0.002 0 0.093 0.076 0.051 0.296 0.375 0.321 0.357 0.005 0.004 0 0.004 0.233 0.002 0.005 0.014 1 0.008 0.297 0.309 0.004 0.006 0.005 0.004 0.281 0.003 0.005 0.01 0.001
0.022 0.025 0.026 0.035 0.011 0.003 0.007 0.006 0.003 0.003 0.002 0.018 0.025 0.008 0.004 0.022 0.011 0.007 0.024 0.013 0.005 0.094 0.004 0.006 0.013 0.005 0.003 0.001 0.002 0.002 0.012 0.011 0.038 0 0.168 0.03 0.013 0.001 0.003 0.031 0.104 0.019 0.02 0.014 0.013 0.015 0.002 0.002 0.003 0.002 0.019 0.001 0.002 0.002 0.008 1 0.017 0.019 0.002 0.002 0.004 0.002 0.016 0.001 0.002 0 0.002
0.002 0.001 0.004 0.016 0.022 0.004 0.035 0.031 0.017 0.07 0.009 0.011 0.013 0.008 0.202 0.015 0.51 0.043 0.145 0.024 0.078 0.005 0.203 0 0.026 0.08 0.102 0.006 0 0.004 0.019 0.043 0.121 0.004 0.072 0.269 0.56 0.005 0.035 0.219 0.159 0.057 0.729 0.727 0.669 0.666 0.011 0.008 0.143 0.065 0.744 0.005 0.01 0.005 0.297 0.017 1 0.703 0.095 0.012 0.216 0.008 0.806 0.006 0.01 0.02 0.108
0.006 0.009 0.013 0.008 0.012 0.018 0.013 0.01 0.003 0.059 0.01 0.002 0.003 0.001 0.198 0.003 0.503 0.057 0.113 0.014 0.051 0.007 0.207 0.004 0.009 0.043 0.062 0.007 0.011 0.005 0.028 0.049 0.078 0.008 0.083 0.275 0.594 0.006 0.094 0.219 0.185 0.075 0.852 0.639 0.589 0.685 0.013 0.053 0.122 0.033 0.88 0.005 0.011 0.033 0.309 0.019 0.703 1 0.082 0.014 0.186 0.009 0.679 0.066 0.012 0.024 0.065
0.003 0.002 0.002 0.008 0.005 0.001 0.003 0.003 0.002 0.065 0.001 0.011 0.012 0.004 0.003 0.011 0.066 0.003 0.021 0.006 0.016 0.001 0.003 0.003 0.006 0.016 0.014 0.001 0.001 0.001 0.002 0.002 0.015 0.001 0.007 0.014 0.062 0 0.002 0.015 0.015 0.004 0.037 0.059 0.08 0.047 0.001 0.001 0 0.194 0.082 0 0.001 0.001 0.004 0.002 0.095 0.082 1 0.001 0.002 0.001 0.089 0.001 0.001 0.002 0.382
0.001 0.007 0.008 0.033 0.005 0.002 0.002 0.002 0.001 0.002 0.002 0.007 0.002 0.003 0.003 0.006 0.008 0.008 0.02 0.007 0.043 0.001 0.003 0 0.01 0.039 0.033 0.413 0.001 0.001 0.009 0.008 0.032 0.002 0.141 0.03 0.009 0.001 0.002 0.024 0.061 0.008 0.014 0.01 0.009 0.011 0.005 0.001 0.002 0.001 0.014 0.262 0.001 0.001 0.006 0.002 0.012 0.014 0.001 1 0.003 0.001 0.011 0.001 0.001 0.003 0.001
0.06 0.05 0.072 0.019 0.002 0.003 0.008 0.007 0.004 0.002 0.002 0.002 0.003 0.001 0.004 0.001 0.125 0.015 0.026 0.003 0.012 0.003 0.005 0 0.004 0.012 0.022 0.001 0.002 0.002 0.003 0.012 0.025 0.003 0.016 0.077 0.132 0.001 0.014 0.051 0.034 0.004 0.177 0.167 0.182 0.15 0.002 0.002 0.38 0 0.186 0.001 0.002 0 0.005 0.004 0.216 0.186 0.002 0.003 1 0.002 0.17 0.001 0.002 0.004 0
0.003 0.012 0.013 0.023 0.006 0.002 0.003 0.003 0.002 0.001 0.001 0.012 0.012 0.004 0 0.011 0.003 0.009 0.015 0.006 0.033 0.001 0 0.003 0.007 0.039 0.034 0.001 0.001 0.001 0.006 0.005 0.031 0.001 0.113 0.02 0.006 0 0.002 0.014 0.051 0.014 0.01 0.007 0.006 0.007 0.001 0.001 0.001 0.001 0.009 0 0.001 0.001 0.004 0.002 0.008 0.009 0.001 0.001 0.002 1 0.008 0.001 0.001 0.002 0.001
0.001 0.001 0.003 0.018 0.006 0.001 0.011 0.008 0.003 0.074 0.01 0.004 0.006 0 0.199 0.008 0.448 0.043 0.12 0.008 0.062 0.005 0.209 0.002 0.009 0.063 0.084 0.006 0 0.004 0.018 0.042 0.101 0.004 0.069 0.22 0.621 0.005 0.02 0.247 0.154 0.062 0.709 0.649 0.591 0.683 0.011 0.007 0.08 0.06 0.71 0.004 0.009 0.004 0.281 0.016 0.806 0.679 0.089 0.011 0.17 0.008 1 0.006 0.01 0.02 0.113
0.015 0.019 0.018 0.005 0.004 0.184 0.003 0.002 0.001 0.001 0.001 0.022 0.021 0.003 0.002 0.022 0 0.007 0.005 0.005 0.009 0.001 0.002 0.141 0.005 0.03 0.026 0 0.289 0.001 0.005 0.002 0.023 0.001 0.006 0.031 0.005 0 0.386 0.005 0.012 0.011 0.063 0.005 0.005 0.006 0.001 0.845 0.001 0.001 0.067 0 0.001 0.524 0.003 0.001 0.006 0.066 0.001 0.001 0.001 0.001 0.006 1 0.001 0.002 0.001
0.026 0.034 0.032 0.01 0.004 0.043 0.004 0.004 0.002 0.002 0.014 0.037 0.034 0.005 0.003 0.046 0.007 0 0.006 0.006 0.001 0.002 0.003 0.058 0.008 0 0.002 0.001 0.055 0.001 0.007 0.007 0.001 0.002 0.001 0.004 0.008 0.001 0.002 0.021 0.007 0.001 0.013 0.009 0.008 0.009 0.603 0.001 0.002 0.001 0.012 0.001 0.001 0.001 0.005 0.002 0.01 0.012 0.001 0.001 0.002 0.001 0.01 0.001 1 0.145 0.001
0.002 0.001 0.001 0.007 0 0.001 0.009 0.008 0.004 0.003 0.004 0.002 0.002 0.01 0.005 0 0.013 0.029 0.003 0.001 0.012 0.003 0.005 0 0.016 0.02 0.026 0.002 0.002 0.002 0.015 0.013 0.03 0.042 0.001 0.026 0.016 0.001 0.004 0.039 0.012 0.045 0.025 0.017 0.016 0.019 0.15 0.002 0.003 0.002 0.024 0.001 0.002 0.002 0.01 0 0.02 0.024 0.002 0.003 0.004 0.002 0.02 0.002 0.145 1 0.002
0.003 0.002 0.002 0.006 0.006 0.001 0.004 0.003 0.002 0.086 0.001 0.013 0.014 0.005 0.002 0.012 0.08 0.002 0.031 0.007 0.023 0.002 0.002 0.003 0.007 0.016 0.02 0.001 0.001 0.001 0.003 0.002 0.023 0.001 0.008 0.017 0.074 0.001 0.002 0.031 0.018 0.006 0.053 0.082 0.106 0.088 0.001 0.001 0 0.424 0.095 0 0.001 0.001 0.001 0.002 0.108 0.065 0.382 0.001 0 0.001 0.113 0.001 0.001 0.002 1
