1 0.878 0.906 0.493 0.376 0.128 0.28 0.238 0.136 0.025 0.035 0.503 0.476 0.237 0.039 0.554 0 0.12 0.082 0.324 0.305 0.013 0.041 0.153 0.276 0.239 0.138 0 0.076 0.014 0.073 0.059 0.134 0.022 0.015 0.093 0 0.004 0.065 0.035 0.015 0.078 0.017 0.003 0.002 0 0.017 0.013 0.066 0.02 0.012 0.001 0.005 0.02 0.034 0.008 0.001 0.003 0.007 0.002 0.04 0.002 0.002 0.014 0.017 0 0.006
0.878 1 0.962 0.458 0.39 0.141 0.306 0.261 0.149 0.023 0.038 0.566 0.535 0.246 0.035 0.582 0 0.114 0.077 0.338 0.284 0.024 0.037 0.168 0.292 0.222 0.125 0 0.084 0.013 0.077 0.069 0.113 0.02 0.036 0.101 0 0.007 0.059 0.038 0.007 0.06 0.016 0.003 0.002 0 0.02 0.015 0.073 0.018 0.011 0.006 0.005 0.022 0.035 0.024 0.001 0.004 0.006 0.005 0.04 0.008 0.002 0.016 0.02 0 0.005
0.906 0.962 1 0.482 0.416 0.141 0.308 0.262 0.15 0.023 0.038 0.563 0.533 0.264 0.035 0.61 0 0.112 0.075 0.361 0.303 0.024 0.037 0.169 0.309 0.236 0.136 0 0.084 0.015 0.086 0.07 0.123 0.02 0.035 0.11 0 0.006 0.073 0.044 0.008 0.067 0.02 0.003 0.002 0 0.02 0.015 0.073 0.018 0.014 0.005 0.004 0.023 0.031 0.023 0.001 0.006 0.006 0.005 0.045 0.008 0.003 0.016 0.02 0 0.005
0.493 0.458 0.482 1 0.222 0.058 0.155 0.132 0.075 0.046 0.019 0.295 0.272 0.138 0.07 0.32 0.019 0.24 0.262 0.198 0.605 0.001 0.066 0.069 0.155 0.548 0.347 0.023 0.04 0.03 0.014 0.009 0.408 0.041 0.197 0.001 0.021 0.018 0.034 0.001 0.193 0.18 0.004 0.045 0.044 0.021 0.011 0.004 0.037 0.009 0.002 0.014 0.013 0.008 0.062 0.053 0.009 0.006 0.007 0.024 0.01 0.014 0.01 0.006 0.009 0.001 0.007
0.376 0.39 0.416 0.222 1 0.015 0.622 0.544 0.304 0.011 0.004 0.504 0.476 0.612 0.016 0.54 0.046 0.063 0.14 0.813 0.298 0.011 0.017 0.021 0.693 0.245 0.198 0.003 0.01 0.007 0.258 0.219 0.172 0.009 0.03 0.028 0.012 0.007 0.002 0.057 0.069 0.037 0.02 0.052 0.05 0.015 0.001 0.006 0.01 0.008 0.016 0.003 0.005 0.006 0.019 0.008 0.044 0.017 0.008 0.003 0.006 0.004 0.013 0.004 0 0 0.008
0.128 0.141 0.141 0.058 0.015 1 0.01 0.008 0.005 0.003 0.001 0.154 0.147 0.011 0.005 0.165 0.014 0.016 0.039 0.017 0.09 0.004 0.005 0.691 0.016 0.067 0.022 0.001 0.565 0.002 0.013 0.012 0.026 0.003 0.013 0.04 0.01 0.002 0.396 0.016 0.032 0.013 0.039 0.01 0.01 0.013 0.04 0.131 0.003 0.002 0.015 0.001 0.002 0.161 0.002 0.004 0.007 0.006 0.002 0.002 0 0.001 0.005 0.157 0.058 0.001 0.002
0.28 0.306 0.308 0.155 0.622 0.01 1 0.853 0.487 0.007 0.003 0.332 0.316 0.794 0.011 0.361 0.03 0.042 0.092 0.575 0.206 0.008 0.011 0.013 0.581 0.206 0.168 0.001 0.006 0.005 0.359 0.343 0.15 0.006 0.025 0.077 0.002 0.005 0.007 0.124 0.137 0.045 0.01 0.036 0.035 0.003 0.005 0.004 0.007 0.005 0.007 0.002 0.004 0.004 0.018 0.004 0.041 0.008 0.005 0.001 0.007 0.003 0.007 0.003 0.006 0.001 0.005
0.238 0.261 0.262 0.132 0.544 0.008 0.853 1 0.57 0.006 0.002 0.282 0.269 0.684 0.009 0.307 0.025 0.035 0.078 0.488 0.175 0.006 0.01 0.011 0.492 0.175 0.142 0.001 0.005 0.004 0.278 0.26 0.126 0.005 0.021 0.056 0.001 0.004 0.006 0.095 0.103 0.045 0.006 0.031 0.03 0.001 0.004 0.003 0.006 0.004 0.003 0.002 0.004 0.003 0.015 0.003 0.034 0.004 0.004 0.001 0.006 0.002 0.004 0.002 0.005 0 0.004
0.136 0.149 0.15 0.075 0.304 0.005 0.487 0.57 1 0.003 0.001 0.163 0.155 0.425 0.005 0.177 0.015 0.02 0.045 0.278 0.102 0.004 0.006 0.006 0.286 0.105 0.084 0 0.003 0.002 0.136 0.113 0.078 0.003 0.011 0.024 0 0.002 0.003 0.045 0.05 0.036 0 0.018 0.018 0 0.002 0.002 0.004 0.003 0 0.001 0.002 0.002 0.009 0.005 0.021 0 0.003 0 0.003 0.001 0.001 0.001 0.003 0.003 0.003
0.025 0.023 0.023 0.046 0.011 0.003 0.007 0.006 0.003 1 0.001 0.012 0.013 0.008 0.004 0.018 0.187 0.014 0.057 0.012 0.034 0.003 0.004 0.004 0.003 0.032 0.039 0.001 0.002 0.002 0.011 0.011 0.043 0.002 0.01 0.05 0.116 0.001 0.002 0.033 0.025 0.01 0.092 0.135 0.121 0.08 0.002 0.001 0 0.232 0.07 0.001 0.001 0.001 0.001 0.003 0.066 0.092 0.155 0.001 0.008 0.001 0.051 0.001 0.002 0.002 0.133
0.035 0.038 0.038 0.019 0.004 0.001 0.003 0.002 0.001 0.001 1 0.041 0.039 0.003 0.001 0.045 0.004 0.005 0.012 0.004 0.026 0.001 0.001 0.194 0.004 0.027 0.022 0.05 0.001 0.001 0.004 0.004 0.02 0.001 0.091 0.015 0.005 0.001 0.001 0.012 0.026 0.009 0.007 0.005 0.005 0.005 0.02 0 0.001 0.001 0.006 0 0.001 0 0.002 0.001 0.005 0.006 0.001 0.003 0.001 0 0.005 0 0.016 0.012 0.001
0.503 0.566 0.563 0.295 0.504 0.154 0.332 0.282 0.163 0.012 0.041 1 0.911 0.32 0.025 0.803 0.072 0.098 0.218 0.482 0.428 0.019 0.027 0.191 0.387 0.354 0.278 0 0.098 0.014 0.143 0.122 0.258 0.019 0.018 0.049 0.034 0.013 0.085 0.01 0.038 0.075 0.003 0.078 0.081 0.038 0.035 0.02 0.016 0.018 0.005 0.005 0.009 0.04 0.018 0.013 0.03 0.011 0.017 0.004 0.006 0.008 0.01 0.022 0.034 0 0.017
0.476 0.535 0.533 0.272 0.476 0.147 0.316 0.269 0.155 0.013 0.039 0.911 1 0.304 0.026 0.774 0.076 0.097 0.223 0.462 0.406 0.006 0.028 0.182 0.379 0.329 0.263 0 0.094 0.014 0.142 0.122 0.243 0.02 0.021 0.044 0.039 0.009 0.081 0.008 0.036 0.058 0.004 0.085 0.088 0.043 0.033 0.019 0.016 0.019 0.008 0.005 0 0.038 0.02 0.022 0.035 0.014 0.018 0.004 0.007 0.001 0.012 0.021 0.032 0 0.018
0.237 0.246 0.264 0.138 0.612 0.011 0.794 0.684 0.425 0.008 0.003 0.32 0.304 1 0.012 0.418 0.035 0.048 0.107 0.617 0.24 0.009 0.013 0.015 0.624 0.205 0.165 0.002 0.007 0.001 0.346 0.292 0.146 0.007 0.019 0.083 0.001 0.005 0.001 0.132 0.122 0.043 0.003 0.026 0.025 0.002 0.005 0.004 0.008 0.007 0.001 0.002 0.005 0.004 0.003 0.005 0.02 0.002 0.007 0.002 0.006 0.003 0.001 0.003 0.006 0.001 0.007
0.039 0.035 0.035 0.07 0.016 0.005 0.011 0.009 0.005 0.004 0.001 0.025 0.026 0.012 1 0.03 0.35 0.021 0.115 0.017 0.05 0.004 0.939 0.007 0.017 0.044 0.054 0.002 0.003 0.002 0.018 0.016 0.057 0.003 0.01 0.078 0.266 0.002 0.003 0.034 0.033 0.035 0.178 0.259 0.262 0.219 0.002 0.002 0.004 0 0.14 0.001 0.002 0.002 0.501 0.003 0.189 0.188 0 0.002 0.003 0 0.206 0.001 0.003 0.004 0
0.554 0.582 0.61 0.32 0.54 0.165 0.361 0.307 0.177 0.018 0.045 0.803 0.774 0.418 0.03 1 0.082 0.104 0.24 0.603 0.519 0.02 0.03 0.191 0.504 0.386 0.256 0 0.09 0.001 0.126 0.105 0.235 0.014 0.02 0.046 0.025 0.012 0.079 0.013 0.029 0.076 0.001 0.067 0.065 0.032 0.039 0.013 0.019 0.017 0.004 0.005 0.01 0.03 0.01 0.019 0.023 0.008 0.016 0.004 0.009 0.007 0.006 0.021 0.038 0 0.016
0 0 0 0.019 0.046 0.014 0.03 0.025 0.015 0.187 0.004 0.072 0.076 0.035 0.35 0.082 1 0.058 0.326 0.051 0.134 0.011 0.36 0.019 0.036 0.133 0.162 0.005 0.008 0.007 0.05 0.047 0.17 0.009 0.033 0.211 0.617 0.001 0.008 0.127 0.09 0.048 0.487 0.7 0.674 0.547 0.007 0.003 0.206 0.036 0.404 0.003 0.006 0.002 0.232 0.012 0.492 0.481 0.08 0.005 0.135 0.001 0.395 0.002 0.008 0.006 0.073
0.12 0.114 0.112 0.24 0.063 0.016 0.042 0.035 0.02 0.014 0.005 0.098 0.097 0.048 0.021 0.104 0.058 1 0.381 0.07 0.193 0.015 0.02 0.026 0.054 0.171 0.037 0.006 0.013 0.055 0.011 0.012 0.052 0.114 0.055 0.017 0.049 0.07 0.014 0.014 0.012 0.151 0.059 0.033 0.03 0.031 0 0.001 0.014 0.002 0.051 0.004 0.001 0.008 0.015 0.014 0.04 0.051 0.002 0.006 0.007 0.005 0.038 0.005 0 0.009 0.001
0.082 0.077 0.075 0.262 0.14 0.039 0.092 0.078 0.045 0.057 0.012 0.218 0.223 0.107 0.115 0.24 0.326 0.381 1 0.155 0.421 0.033 0.122 0.059 0.115 0.391 0.217 0.014 0.026 0.019 0.006 0.005 0.253 0.044 0.112 0.077 0.205 0.042 0.029 0.043 0.101 0.017 0.133 0.279 0.272 0.207 0.004 0.006 0.065 0.013 0.11 0.008 0.001 0.012 0.083 0.034 0.164 0.128 0.034 0.014 0.047 0.008 0.125 0.01 0.002 0 0.035
0.324 0.338 0.361 0.198 0.813 0.017 0.575 0.488 0.278 0.012 0.004 0.482 0.462 0.617 0.017 0.603 0.051 0.07 0.155 1 0.325 0.013 0.019 0.023 0.838 0.239 0.186 0.005 0.011 0 0.257 0.22 0.163 0.01 0.047 0.032 0.008 0.008 0.003 0.065 0.057 0.053 0.017 0.044 0.043 0.012 0.004 0.006 0.012 0.01 0.013 0.003 0.006 0.001 0.006 0.01 0.039 0.014 0.01 0.006 0.009 0.004 0.01 0.005 0.002 0 0.01
0.305 0.284 0.303 0.605 0.298 0.09 0.206 0.175 0.102 0.034 0.026 0.428 0.406 0.24 0.05 0.519 0.134 0.193 0.421 0.325 1 0.037 0.054 0.114 0.288 0.799 0.581 0.031 0.057 0.005 0.043 0.033 0.532 0.027 0.161 0 0.075 0.013 0.049 0.005 0.225 0.169 0.034 0.14 0.136 0.08 0.007 0.008 0.033 0.015 0.033 0.018 0.018 0.02 0.036 0.011 0.068 0.044 0.014 0.032 0.02 0.02 0.044 0.01 0.007 0 0.029
0.013 0.024 0.024 0.001 0.011 0.004 0.008 0.006 0.004 0.003 0.001 0.019 0.006 0.009 0.004 0.02 0.011 0.015 0.033 0.013 0.037 1 0.004 0.005 0.012 0.035 0.043 0.001 0.002 0.002 0.013 0.012 0 0.002 0.024 0.037 0.012 0 0.003 0.002 0.001 0 0.006 0.002 0.002 0.003 0.002 0.001 0.002 0.002 0.005 0 0.145 0.001 0 0.103 0.003 0.005 0.002 0.001 0.002 0.001 0.003 0.001 0.002 0.003 0.002
0.041 0.037 0.037 0.066 0.017 0.005 0.011 0.01 0.006 0.004 0.001 0.027 0.028 0.013 0.939 0.03 0.36 0.02 0.122 0.019 0.054 0.004 1 0.007 0.018 0.048 0.059 0.002 0.004 0.002 0.018 0.017 0.062 0.003 0.01 0.081 0.279 0.002 0.004 0.032 0.035 0.035 0.186 0.271 0.258 0.23 0.003 0.002 0.004 0 0.135 0.001 0.002 0.002 0.527 0.003 0.197 0.196 0 0.002 0.004 0 0.217 0.002 0.003 0.004 0
0.153 0.168 0.169 0.069 0.021 0.691 0.013 0.011 0.006 0.004 0.194 0.191 0.182 0.015 0.007 0.191 0.019 0.026 0.059 0.023 0.114 0.005 0.007 1 0.022 0.105 0.051 0.005 0.465 0.003 0.019 0.014 0.054 0.004 0.001 0.02 0.016 0.003 0.393 0.025 0.008 0.027 0.029 0.016 0.016 0.02 0.057 0.187 0.004 0.004 0.011 0.001 0.003 0.185 0.005 0.006 0.001 0.004 0.004 0 0 0.002 0 0.192 0.07 0 0.004
0.276 0.292 0.309 0.155 0.693 0.016 0.581 0.492 0.286 0.003 0.004 0.387 0.379 0.624 0.017 0.504 0.036 0.054 0.115 0.838 0.288 0.012 0.018 0.022 1 0.277 0.224 0.005 0.011 0 0.301 0.261 0.198 0.01 0.046 0.056 0.003 0.007 0.003 0.096 0.074 0.068 0.01 0.032 0.031 0.006 0.003 0.006 0.012 0.01 0.011 0.003 0.007 0.001 0.001 0.009 0.037 0.007 0.01 0.005 0.009 0.004 0.009 0.005 0.004 0.003 0.01
0.239 0.222 0.236 0.548 0.245 0.067 0.206 0.175 0.105 0.032 0.027 0.354 0.329 0.205 0.044 0.386 0.133 0.171 0.391 0.239 0.799 0.035 0.048 0.105 0.277 1 0.717 0.032 0.067 0.021 0.074 0.066 0.661 0.029 0.17 0.001 0.09 0.021 0.073 0.001 0.275 0.205 0.034 0.162 0.157 0.095 0.002 0.024 0.032 0.006 0.026 0.018 0.02 0.035 0.052 0.012 0.07 0.036 0.014 0.032 0.019 0.026 0.046 0.029 0 0.003 0.015
0.138 0.125 0.136 0.347 0.198 0.022 0.168 0.142 0.084 0.039 0.022 0.278 0.263 0.165 0.054 0.256 0.162 0.037 0.217 0.186 0.581 0.043 0.059 0.051 0.224 0.717 1 0.026 0.029 0.026 0.279 0.271 0.856 0.028 0.131 0.02 0.129 0.02 0.06 0.003 0.465 0.184 0.064 0.209 0.201 0.13 0.002 0.019 0.039 0.018 0.061 0.015 0.024 0.018 0.065 0.007 0.118 0.076 0.017 0.027 0.034 0.022 0.087 0.024 0.005 0.003 0.032
0 0 0 0.023 0.003 0.001 0.001 0.001 0 0.001 0.05 0 0 0.002 0.002 0 0.005 0.006 0.014 0.005 0.031 0.001 0.002 0.005 0.005 0.032 0.026 1 0.001 0.001 0.005 0.005 0.024 0.001 0.11 0.018 0.006 0.001 0.001 0.014 0.04 0.011 0.008 0.006 0.006 0.007 0 0.001 0.001 0.001 0.008 0.275 0.001 0.001 0.003 0.002 0.006 0.008 0.001 0.567 0.001 0 0.006 0 0.001 0.001 0.001
0.076 0.084 0.084 0.04 0.01 0.565 0.006 0.005 0.003 0.002 0.001 0.098 0.094 0.007 0.003 0.09 0.008 0.013 0.026 0.011 0.057 0.002 0.004 0.465 0.011 0.067 0.029 0.001 1 0.001 0.011 0.01 0.05 0.002 0.009 0.055 0.011 0.001 0.508 0.013 0.025 0.023 0.054 0.012 0.011 0.014 0.066 0.21 0.002 0.002 0.021 0.001 0.001 0.198 0.001 0.003 0.008 0.009 0.002 0.001 0.002 0.001 0.008 0.218 0.053 0.002 0.002
0.014 0.013 0.015 0.03 0.007 0.002 0.005 0.004 0.002 0.002 0.001 0.014 0.014 0.001 0.002 0.001 0.007 0.055 0.019 0 0.005 0.002 0.002 0.003 0 0.021 0.026 0.001 0.001 1 0.007 0.007 0.029 0.001 0.006 0.003 0 0.001 0.002 0.004 0.017 0.004 0.001 0 0 0 0.001 0.001 0.002 0.001 0 0 0.004 0.001 0.004 0.002 0 0 0.001 0.001 0.001 0.001 0 0.001 0.001 0.002 0.001
0.073 0.077 0.086 0.014 0.258 0.013 0.359 0.278 0.136 0.011 0.004 0.143 0.142 0.346 0.018 0.126 0.05 0.011 0.006 0.257 0.043 0.013 0.018 0.019 0.301 0.074 0.279 0.005 0.011 0.007 1 0.918 0.252 0.01 0.047 0.268 0.059 0.086 0.003 0.212 0.362 0.028 0.072 0.06 0.057 0.065 0.008 0.006 0.012 0.009 0.065 0.003 0.007 0.006 0.021 0.009 0.052 0.068 0.009 0.005 0.009 0.004 0.051 0.005 0.009 0 0.008
0.059 0.069 0.07 0.009 0.219 0.012 0.343 0.26 0.113 0.011 0.004 0.122 0.122 0.292 0.016 0.105 0.047 0.012 0.005 0.22 0.033 0.012 0.017 0.014 0.261 0.066 0.271 0.005 0.01 0.007 0.918 1 0.245 0.01 0.045 0.261 0.055 0.091 0.007 0.194 0.369 0.027 0.077 0.057 0.054 0.061 0.007 0.002 0.011 0.008 0.07 0.003 0.007 0.003 0.026 0.008 0.062 0.07 0.008 0.005 0.011 0.004 0.061 0.001 0.009 0.001 0.008
0.134 0.113 0.123 0.408 0.172 0.026 0.15 0.126 0.078 0.043 0.02 0.258 0.243 0.146 0.057 0.235 0.17 0.052 0.253 0.163 0.532 0 0.062 0.054 0.198 0.661 0.856 0.024 0.05 0.029 0.252 0.245 1 0.039 0.217 0.014 0.145 0.017 0.054 0 0.548 0.238 0.079 0.233 0.224 0.149 0 0.017 0.045 0.021 0.075 0.014 0.023 0.016 0.075 0.059 0.137 0.092 0.019 0.024 0.038 0.02 0.102 0.022 0 0.005 0.036
0.022 0.02 0.02 0.041 0.009 0.003 0.006 0.005 0.003 0.002 0.001 0.019 0.02 0.007 0.003 0.014 0.009 0.114 0.044 0.01 0.027 0.002 0.003 0.004 0.01 0.029 0.028 0.001 0.002 0.001 0.01 0.01 0.039 1 0.008 0.016 0.004 0.001 0.002 0.016 0.023 0.051 0.008 0.004 0.004 0.001 0.001 0 0.002 0.002 0.007 0.001 0.001 0.001 0.001 0.003 0.005 0.008 0.002 0.001 0.002 0.001 0.005 0.001 0.002 0.019 0.002
0.015 0.036 0.035 0.197 0.03 0.013 0.025 0.021 0.011 0.01 0.091 0.018 0.021 0.019 0.01 0.02 0.033 0.055 0.112 0.047 0.161 0.024 0.01 0.001 0.046 0.17 0.131 0.11 0.009 0.006 0.047 0.045 0.217 0.008 1 0.164 0.048 0.006 0.01 0.118 0.322 0.074 0.072 0.051 0.05 0.059 0 0.004 0.01 0.009 0.068 0.058 0.006 0.005 0.024 0.262 0.059 0.069 0.008 0.113 0.009 0.09 0.055 0.004 0.001 0 0.008
0.093 0.101 0.11 0.001 0.028 0.04 0.077 0.056 0.024 0.05 0.015 0.049 0.044 0.083 0.078 0.046 0.211 0.017 0.077 0.032 0 0.037 0.081 0.02 0.056 0.001 0.02 0.018 0.055 0.003 0.268 0.261 0.014 0.016 0.164 1 0.209 0.026 0.06 0.401 0.011 0.123 0.275 0.242 0.231 0.156 0.002 0.019 0.06 0.015 0.199 0.011 0.015 0.021 0.086 0.038 0.232 0.202 0.027 0.019 0.046 0.015 0.176 0.024 0.005 0.01 0.023
0 0 0 0.021 0.012 0.01 0.002 0.001 0 0.116 0.005 0.034 0.039 0.001 0.266 0.025 0.617 0.049 0.205 0.008 0.075 0.012 0.279 0.016 0.003 0.09 0.129 0.006 0.011 0 0.059 0.055 0.145 0.004 0.048 0.209 1 0.008 0.012 0.211 0.136 0.06 0.655 0.755 0.741 0.775 0.008 0.006 0.131 0.057 0.573 0.003 0.007 0.001 0.27 0.017 0.537 0.633 0.101 0.006 0.092 0.005 0.606 0.005 0.01 0.01 0.092
0.004 0.007 0.006 0.018 0.007 0.002 0.005 0.004 0.002 0.001 0.001 0.013 0.009 0.005 0.002 0.012 0.001 0.07 0.042 0.008 0.013 0 0.002 0.003 0.007 0.021 0.02 0.001 0.001 0.001 0.086 0.091 0.017 0.001 0.006 0.026 0.008 1 0.002 0.019 0.044 0.031 0.011 0.008 0.008 0.009 0.001 0.001 0.002 0.001 0.011 0 0.001 0.001 0.004 0.002 0.009 0.011 0.001 0.001 0.001 0.001 0.009 0.001 0.001 0.001 0.001
0.065 0.059 0.073 0.034 0.002 0.396 0.007 0.006 0.003 0.002 0.001 0.085 0.081 0.001 0.003 0.079 0.008 0.014 0.029 0.003 0.049 0.003 0.004 0.393 0.003 0.073 0.06 0.001 0.508 0.002 0.003 0.007 0.054 0.002 0.01 0.06 0.012 0.002 1 0.003 0.027 0.025 0.133 0.013 0.012 0.015 0.002 0.391 0.002 0.002 0.075 0.001 0.001 0.293 0 0.003 0.024 0.044 0.002 0.001 0 0.001 0.019 0.402 0.002 0.002 0.002
0.035 0.038 0.044 0.001 0.057 0.016 0.124 0.095 0.045 0.033 0.012 0.01 0.008 0.132 0.034 0.013 0.127 0.014 0.043 0.065 0.005 0.002 0.032 0.025 0.096 0.001 0.003 0.014 0.013 0.004 0.212 0.194 0 0.016 0.118 0.401 0.211 0.019 0.003 1 0.012 0.066 0.17 0.204 0.202 0.192 0.021 0.002 0.043 0.017 0.19 0.008 0.004 0 0.066 0.045 0.147 0.177 0.025 0.015 0.026 0.006 0.187 0.003 0.025 0.012 0.05
0.015 0.007 0.008 0.193 0.069 0.032 0.137 0.103 0.05 0.025 0.026 0.038 0.036 0.122 0.033 0.029 0.09 0.012 0.101 0.057 0.225 0.001 0.035 0.008 0.074 0.275 0.465 0.04 0.025 0.017 0.362 0.369 0.548 0.023 0.322 0.011 0.136 0.044 0.027 0.012 1 0.116 0.202 0.14 0.136 0.159 0.007 0.014 0.027 0.024 0.19 0.024 0.016 0.015 0.066 0.128 0.159 0.192 0.022 0.041 0.026 0.033 0.155 0.011 0.011 0 0.023
0.078 0.06 0.067 0.18 0.037 0.013 0.045 0.045 0.036 0.01 0.009 0.075 0.058 0.043 0.035 0.076 0.048 0.151 0.017 0.053 0.169 0 0.035 0.027 0.068 0.205 0.184 0.011 0.023 0.004 0.028 0.027 0.238 0.051 0.074 0.123 0.06 0.031 0.025 0.066 0.116 1 0.107 0.06 0.057 0.07 0.003 0.005 0.001 0 0.084 0.006 0.052 0.013 0.05 0.029 0.06 0.09 0.008 0.004 0.003 0.009 0.07 0.01 0 0.013 0.002
0.017 0.016 0.02 0.004 0.02 0.039 0.01 0.006 0 0.092 0.007 0.003 0.004 0.003 0.178 0.001 0.487 0.059 0.133 0.017 0.034 0.006 0.186 0.029 0.01 0.034 0.064 0.008 0.054 0.001 0.072 0.077 0.079 0.008 0.072 0.275 0.655 0.011 0.133 0.17 0.202 0.107 1 0.692 0.668 0.691 0.012 0.048 0.132 0.033 0.814 0.005 0.011 0.052 0.297 0.025 0.683 0.817 0.071 0.008 0.127 0.007 0.69 0.054 0.015 0.016 0.073
0.003 0.003 0.003 0.045 0.052 0.01 0.036 0.031 0.018 0.135 0.005 0.078 0.085 0.026 0.259 0.067 0.7 0.033 0.279 0.044 0.14 0.002 0.271 0.016 0.032 0.162 0.209 0.006 0.012 0 0.06 0.057 0.233 0.004 0.051 0.242 0.755 0.008 0.013 0.204 0.14 0.06 0.692 1 0.965 0.798 0.008 0.007 0.191 0.056 0.602 0.003 0.008 0.001 0.373 0.017 0.729 0.659 0.106 0.006 0.17 0.005 0.616 0.005 0.01 0.011 0.11
0.002 0.002 0.002 0.044 0.05 0.01 0.035 0.03 0.018 0.121 0.005 0.081 0.088 0.025 0.262 0.065 0.674 0.03 0.272 0.043 0.136 0.002 0.258 0.016 0.031 0.157 0.201 0.006 0.011 0 0.057 0.054 0.224 0.004 0.05 0.231 0.741 0.008 0.012 0.202 0.136 0.057 0.668 0.965 1 0.773 0.008 0.006 0.197 0.06 0.6 0.003 0.007 0.001 0.343 0.017 0.704 0.637 0.114 0.006 0.175 0.005 0.592 0.005 0.01 0.01 0.117
0 0 0 0.021 0.015 0.013 0.003 0.001 0 0.08 0.005 0.038 0.043 0.002 0.219 0.032 0.547 0.031 0.207 0.012 0.08 0.003 0.23 0.02 0.006 0.095 0.13 0.007 0.014 0 0.065 0.061 0.149 0.001 0.059 0.156 0.775 0.009 0.015 0.192 0.159 0.07 0.691 0.798 0.773 1 0.01 0.008 0.162 0.075 0.664 0.004 0.009 0.001 0.318 0.021 0.616 0.721 0.091 0.007 0.144 0.005 0.614 0.006 0.012 0.013 0.095
0.017 0.02 0.02 0.011 0.001 0.04 0.005 0.004 0.002 0.002 0.02 0.035 0.033 0.005 0.002 0.039 0.007 0 0.004 0.004 0.007 0.002 0.003 0.057 0.003 0.002 0.002 0 0.066 0.001 0.008 0.007 0 0.001 0 0.002 0.008 0.001 0.002 0.021 0.007 0.003 0.012 0.008 0.008 0.01 1 0.001 0.002 0.001 0.011 0 0.001 0.001 0.004 0.002 0.009 0.011 0.001 0 0.002 0.001 0.009 0.001 0.73 0.064 0.001
0.013 0.015 0.015 0.004 0.006 0.131 0.004 0.003 0.002 0.001 0 0.02 0.019 0.004 0.002 0.013 0.003 0.001 0.006 0.006 0.008 0.001 0.002 0.187 0.006 0.024 0.019 0.001 0.21 0.001 0.006 0.002 0.017 0 0.004 0.019 0.006 0.001 0.391 0.002 0.014 0.005 0.048 0.007 0.006 0.008 0.001 1 0.001 0.001 0.051 0 0.001 0.582 0.003 0.002 0.007 0.047 0.001 0.001 0.001 0 0.007 0.786 0.001 0.001 0.001
0.066 0.073 0.073 0.037 0.01 0.003 0.007 0.006 0.004 0 0.001 0.016 0.016 0.008 0.004 0.019 0.206 0.014 0.065 0.012 0.033 0.002 0.004 0.004 0.012 0.032 0.039 0.001 0.002 0.002 0.012 0.011 0.045 0.002 0.01 0.06 0.131 0.002 0.002 0.043 0.027 0.001 0.132 0.191 0.197 0.162 0.002 0.001 1 0 0.138 0.001 0.001 0 0.001 0.003 0.168 0.117 0 0.001 0.357 0.001 0.079 0.001 0.002 0.002 0
0.02 0.018 0.018 0.009 0.008 0.002 0.005 0.004 0.003 0.232 0.001 0.018 0.019 0.007 0 0.017 0.036 0.002 0.013 0.01 0.015 0.002 0 0.004 0.01 0.006 0.018 0.001 0.002 0.001 0.009 0.008 0.021 0.002 0.009 0.015 0.057 0.001 0.002 0.017 0.024 0 0.033 0.056 0.06 0.075 0.001 0.001 0 1 0.093 0.001 0.001 0.001 0.005 0.003 0.091 0.087 0.389 0.001 0.002 0.001 0.043 0.001 0.002 0.002 0.505
0.012 0.011 0.014 0.002 0.016 0.015 0.007 0.003 0 0.07 0.006 0.005 0.008 0.001 0.14 0.004 0.404 0.051 0.11 0.013 0.033 0.005 0.135 0.011 0.011 0.026 0.061 0.008 0.021 0 0.065 0.07 0.075 0.007 0.068 0.199 0.573 0.011 0.075 0.19 0.19 0.084 0.814 0.602 0.6 0.664 0.011 0.051 0.138 0.093 1 0.005 0.01 0.055 0.221 0.024 0.671 0.865 0.117 0.008 0.132 0.006 0.65 0.057 0.014 0.017 0.121
0.001 0.006 0.005 0.014 0.003 0.001 0.002 0.002 0.001 0.001 0 0.005 0.005 0.002 0.001 0.005 0.003 0.004 0.008 0.003 0.018 0 0.001 0.001 0.003 0.018 0.015 0.275 0.001 0 0.003 0.003 0.014 0.001 0.058 0.011 0.003 0 0.001 0.008 0.024 0.006 0.005 0.003 0.003 0.004 0 0 0.001 0.001 0.005 1 0 0 0.002 0.001 0.004 0.005 0.001 0.286 0.001 0 0.004 0 0.001 0.001 0.001
0.005 0.005 0.004 0.013 0.005 0.002 0.004 0.004 0.002 0.001 0.001 0.009 0 0.005 0.002 0.01 0.006 0.001 0.001 0.006 0.018 0.145 0.002 0.003 0.007 0.02 0.024 0.001 0.001 0.004 0.007 0.007 0.023 0.001 0.006 0.015 0.007 0.001 0.001 0.004 0.016 0.052 0.011 0.008 0.007 0.009 0.001 0.001 0.001 0.001 0.01 0 1 0.001 0.004 0.002 0.009 0.01 0.001 0.001 0.001 0.001 0.008 0.001 0.001 0.001 0.001
0.02 0.022 0.023 0.008 0.006 0.161 0.004 0.003 0.002 0.001 0 0.04 0.038 0.004 0.002 0.03 0.002 0.008 0.012 0.001 0.02 0.001 0.002 0.185 0.001 0.035 0.018 0.001 0.198 0.001 0.006 0.003 0.016 0.001 0.005 0.021 0.001 0.001 0.293 0 0.015 0.013 0.052 0.001 0.001 0.001 0.001 0.582 0 0.001 0.055 0 0.001 1 0 0.002 0.001 0.051 0.001 0.001 0.002 0 0.001 0.58 0.001 0.001 0.001
0.034 0.035 0.031 0.062 0.019 0.002 0.018 0.015 0.009 0.001 0.002 0.018 0.02 0.003 0.501 0.01 0.232 0.015 0.083 0.006 0.036 0 0.527 0.005 0.001 0.052 0.065 0.003 0.001 0.004 0.021 0.026 0.075 0.001 0.024 0.086 0.27 0.004 0 0.066 0.066 0.05 0.297 0.373 0.343 0.318 0.004 0.003 0.001 0.005 0.221 0.002 0.004 0 1 0.009 0.295 0.311 0.005 0.003 0.003 0.002 0.308 0.002 0.005 0.006 0.001
0.008 0.024 0.023 0.053 0.008 0.004 0.004 0.003 0.005 0.003 0.001 0.013 0.022 0.005 0.003 0.019 0.012 0.014 0.034 0.01 0.011 0.103 0.003 0.006 0.009 0.012 0.007 0.002 0.003 0.002 0.009 0.008 0.059 0.003 0.262 0.038 0.017 0.002 0.003 0.045 0.128 0.029 0.025 0.017 0.017 0.021 0.002 0.002 0.003 0.003 0.024 0.001 0.002 0.002 0.009 1 0.02 0.024 0.003 0.002 0.003 0.001 0.019 0.001 0.003 0.001 0.002
0.001 0.001 0.001 0.009 0.044 0.007 0.041 0.034 0.021 0.066 0.005 0.03 0.035 0.02 0.189 0.023 0.492 0.04 0.164 0.039 0.068 0.003 0.197 0.001 0.037 0.07 0.118 0.006 0.008 0 0.052 0.062 0.137 0.005 0.059 0.232 0.537 0.009 0.024 0.147 0.159 0.06 0.683 0.729 0.704 0.616 0.009 0.007 0.168 0.091 0.671 0.004 0.009 0.001 0.295 0.02 1 0.636 0.14 0.007 0.161 0.005 0.715 0.006 0.012 0.014 0.118
0.003 0.004 0.006 0.006 0.017 0.006 0.008 0.004 0 0.092 0.006 0.011 0.014 0.002 0.188 0.008 0.481 0.051 0.128 0.014 0.044 0.005 0.196 0.004 0.007 0.036 0.076 0.008 0.009 0 0.068 0.07 0.092 0.008 0.069 0.202 0.633 0.011 0.044 0.177 0.192 0.09 0.817 0.659 0.637 0.721 0.011 0.047 0.117 0.087 0.865 0.005 0.01 0.051 0.311 0.024 0.636 1 0.116 0.008 0.133 0.006 0.618 0.052 0.014 0.016 0.113
0.007 0.006 0.006 0.007 0.008 0.002 0.005 0.004 0.003 0.155 0.001 0.017 0.018 0.007 0 0.016 0.08 0.002 0.034 0.01 0.014 0.002 0 0.004 0.01 0.014 0.017 0.001 0.002 0.001 0.009 0.008 0.019 0.002 0.008 0.027 0.101 0.001 0.002 0.025 0.022 0.008 0.071 0.106 0.114 0.091 0.001 0.001 0 0.389 0.117 0.001 0.001 0.001 0.005 0.003 0.14 0.116 1 0.001 0.002 0.001 0.058 0.001 0.002 0.002 0.416
0.002 0.005 0.005 0.024 0.003 0.002 0.001 0.001 0 0.001 0.003 0.004 0.004 0.002 0.002 0.004 0.005 0.006 0.014 0.006 0.032 0.001 0.002 0 0.005 0.032 0.027 0.567 0.001 0.001 0.005 0.005 0.024 0.001 0.113 0.019 0.006 0.001 0.001 0.015 0.041 0.004 0.008 0.006 0.006 0.007 0 0.001 0.001 0.001 0.008 0.286 0.001 0.001 0.003 0.002 0.007 0.008 0.001 1 0.001 0 0.006 0 0.001 0.001 0.001
0.04 0.04 0.045 0.01 0.006 0 0.007 0.006 0.003 0.008 0.001 0.006 0.007 0.006 0.003 0.009 0.135 0.007 0.047 0.009 0.02 0.002 0.004 0 0.009 0.019 0.034 0.001 0.002 0.001 0.009 0.011 0.038 0.002 0.009 0.046 0.092 0.001 0 0.026 0.026 0.003 0.127 0.17 0.175 0.144 0.002 0.001 0.357 0.002 0.132 0.001 0.001 0.002 0.003 0.003 0.161 0.133 0.002 0.001 1 0.001 0.084 0.001 0.002 0.002 0.001
0.002 0.008 0.008 0.014 0.004 0.001 0.003 0.002 0.001 0.001 0 0.008 0.001 0.003 0 0.007 0.001 0.005 0.008 0.004 0.02 0.001 0 0.002 0.004 0.026 0.022 0 0.001 0.001 0.004 0.004 0.02 0.001 0.09 0.015 0.005 0.001 0.001 0.006 0.033 0.009 0.007 0.005 0.005 0.005 0.001 0 0.001 0.001 0.006 0 0.001 0 0.002 0.001 0.005 0.006 0.001 0 0.001 1 0.005 0 0.001 0.001 0.001
0.002 0.002 0.003 0.01 0.013 0.005 0.007 0.004 0.001 0.051 0.005 0.01 0.012 0.001 0.206 0.006 0.395 0.038 0.125 0.01 0.044 0.003 0.217 0 0.009 0.046 0.087 0.006 0.008 0 0.051 0.061 0.102 0.005 0.055 0.176 0.606 0.009 0.019 0.187 0.155 0.07 0.69 0.616 0.592 0.614 0.009 0.007 0.079 0.043 0.65 0.004 0.008 0.001 0.308 0.019 0.715 0.618 0.058 0.006 0.084 0.005 1 0.006 0.011 0.014 0.094
0.014 0.016 0.016 0.006 0.004 0.157 0.003 0.002 0.001 0.001 0 0.022 0.021 0.003 0.001 0.021 0.002 0.005 0.01 0.005 0.01 0.001 0.002 0.192 0.005 0.029 0.024 0 0.218 0.001 0.005 0.001 0.022 0.001 0.004 0.024 0.005 0.001 0.402 0.003 0.011 0.01 0.054 0.005 0.005 0.006 0.001 0.786 0.001 0.001 0.057 0 0.001 0.58 0.002 0.001 0.006 0.052 0.001 0 0.001 0 0.006 1 0.001 0.001 0.001
0.017 0.02 0.02 0.009 0 0.058 0.006 0.005 0.003 0.002 0.016 0.034 0.032 0.006 0.003 0.038 0.008 0 0.002 0.002 0.007 0.002 0.003 0.07 0.004 0 0.005 0.001 0.053 0.001 0.009 0.009 0 0.002 0.001 0.005 0.01 0.001 0.002 0.025 0.011 0 0.015 0.01 0.01 0.012 0.73 0.001 0.002 0.002 0.014 0.001 0.001 0.001 0.005 0.003 0.012 0.014 0.002 0.001 0.002 0.001 0.011 0.001 1 0.052 0.002
0 0 0 0.001 0 0.001 0.001 0 0.003 0.002 0.012 0 0 0.001 0.004 0 0.006 0.009 0 0 0 0.003 0.004 0 0.003 0.003 0.003 0.001 0.002 0.002 0 0.001 0.005 0.019 0 0.01 0.01 0.001 0.002 0.012 0 0.013 0.016 0.011 0.01 0.013 0.064 0.001 0.002 0.002 0.017 0.001 0.001 0.001 0.006 0.001 0.014 0.016 0.002 0.001 0.002 0.001 0.014 0.001 0.052 1 0.002
0.006 0.005 0.005 0.007 0.008 0.002 0.005 0.004 0.003 0.133 0.001 0.017 0.018 0.007 0 0.016 0.073 0.001 0.035 0.01 0.029 0.002 0 0.004 0.01 0.015 0.032 0.001 0.002 0.001 0.008 0.008 0.036 0.002 0.008 0.023 0.092 0.001 0.002 0.05 0.023 0.002 0.073 0.11 0.117 0.095 0.001 0.001 0 0.505 0.121 0.001 0.001 0.001 0.001 0.002 0.118 0.113 0.416 0.001 0.001 0.001 0.094 0.001 0.002 0.002 1
