1 0.842 0.835 0.47 0.35 0.122 0.204 0.166 0.094 0.024 0.065 0.545 0.506 0.226 0.03 0.583 0.004 0.136 0.136 0.312 0.34 0.008 0.032 0.136 0.278 0.303 0.176 0 0.034 0.005 0.028 0.015 0.151 0.025 0.001 0.031 0 0.004 0.051 0.008 0.006 0.063 0.011 0.009 0.008 0 0.011 0.003 0.029 0.009 0.007 0 0.003 0.015 0.006 0.014 0 0.006 0.004 0 0.02 0 0 0.008 0.01 0.005 0.005
0.842 1 0.952 0.459 0.388 0.145 0.243 0.198 0.111 0.02 0.077 0.632 0.576 0.251 0.026 0.66 0.001 0.119 0.107 0.349 0.334 0.025 0.027 0.164 0.322 0.308 0.178 0 0.042 0.005 0.034 0.023 0.144 0.021 0.01 0.045 0.002 0.011 0.051 0.016 0.002 0.055 0.017 0.005 0.004 0.001 0.015 0.005 0.036 0.007 0.013 0.001 0.004 0.019 0.006 0.022 0 0.013 0.003 0.002 0.025 0.012 0 0.011 0.015 0.003 0.003
0.835 0.952 1 0.455 0.403 0.139 0.234 0.19 0.107 0.021 0.074 0.633 0.576 0.259 0.027 0.665 0.001 0.108 0.101 0.361 0.361 0.026 0.028 0.157 0.324 0.325 0.19 0 0.04 0.007 0.036 0.02 0.154 0.022 0.006 0.044 0.002 0.011 0.061 0.015 0.002 0.057 0.018 0.006 0.005 0 0.014 0.005 0.034 0.007 0.014 0.001 0.002 0.018 0.004 0.023 0 0.012 0.003 0.003 0.024 0.012 0.001 0.01 0.014 0.003 0.003
0.47 0.459 0.455 1 0.218 0.052 0.137 0.114 0.055 0.04 0.038 0.324 0.341 0.149 0.052 0.343 0.024 0.272 0.329 0.226 0.575 0.002 0.052 0.055 0.195 0.52 0.308 0.014 0.006 0.015 0.007 0.002 0.384 0.042 0.204 0.002 0.009 0.025 0.024 0.004 0.171 0.146 0.002 0.041 0.04 0.014 0.001 0 0.013 0.007 0.003 0.016 0.009 0.008 0.025 0.038 0.013 0.003 0.006 0.017 0.008 0.019 0.015 0.002 0 0.024 0.011
0.35 0.388 0.403 0.218 1 0.013 0.475 0.403 0.174 0.01 0.006 0.49 0.452 0.537 0.013 0.519 0.034 0.084 0.151 0.849 0.314 0.012 0.014 0.02 0.712 0.226 0.169 0 0.006 0.004 0.148 0.101 0.144 0.011 0.038 0.012 0.001 0.007 0.002 0.039 0.009 0.055 0.001 0.032 0.031 0.001 0.001 0.008 0.003 0.005 0.001 0.003 0.003 0.003 0.002 0.01 0.013 0.001 0.005 0.001 0.002 0.006 0 0.006 0.001 0.007 0.005
0.122 0.145 0.139 0.052 0.013 1 0.007 0.006 0.003 0.003 0.002 0.145 0.131 0.008 0.004 0.144 0.01 0.004 0.016 0.014 0.05 0.004 0.004 0.405 0.014 0.074 0.023 0.001 0.307 0.001 0.013 0.012 0.019 0.003 0.01 0.03 0.012 0.002 0.221 0.024 0.028 0.003 0.019 0.012 0.012 0.015 0.039 0.102 0.002 0 0.013 0.001 0.002 0.136 0 0.004 0 0.01 0 0.001 0.001 0.002 0.001 0.143 0.039 0.004 0
0.204 0.243 0.234 0.137 0.475 0.007 1 0.831 0.403 0.006 0.004 0.271 0.246 0.793 0.007 0.289 0.018 0.046 0.081 0.467 0.177 0.006 0.008 0.012 0.452 0.15 0.114 0 0.003 0.002 0.22 0.244 0.1 0.006 0.019 0.046 0.002 0.003 0.007 0.116 0.078 0.045 0 0.021 0.021 0.001 0.004 0.004 0.004 0.002 0 0.001 0.003 0.002 0.014 0.004 0.027 0 0.003 0 0.003 0.003 0 0.003 0.004 0.006 0.004
0.166 0.198 0.19 0.114 0.403 0.006 0.831 1 0.485 0.005 0.003 0.225 0.204 0.672 0.006 0.24 0.014 0.038 0.067 0.384 0.146 0.005 0.006 0.01 0.369 0.122 0.092 0.001 0.003 0.002 0.149 0.166 0.081 0.005 0.015 0.027 0.006 0.002 0.005 0.086 0.05 0.037 0 0.017 0.017 0.003 0.003 0.004 0.003 0.002 0 0.001 0.003 0.002 0.012 0.003 0.022 0 0.003 0 0.003 0.003 0 0.003 0.004 0.005 0.003
0.094 0.111 0.107 0.055 0.174 0.003 0.403 0.485 1 0.002 0.002 0.111 0.101 0.347 0.003 0.119 0.008 0.018 0.034 0.183 0.074 0.003 0.003 0.005 0.181 0.069 0.052 0.003 0.001 0.001 0.059 0.066 0.047 0.002 0.005 0.008 0.007 0.002 0.003 0.027 0.02 0.023 0.002 0.009 0.009 0.006 0.002 0.002 0.001 0.001 0.002 0.001 0.001 0.001 0.006 0.003 0.011 0.002 0.002 0.001 0.001 0.001 0.001 0.001 0.002 0.003 0.002
0.024 0.02 0.021 0.04 0.01 0.003 0.006 0.005 0.002 1 0.002 0.009 0.01 0.007 0.003 0.016 0.243 0.019 0.051 0.011 0.031 0.003 0.003 0.005 0.009 0.031 0.04 0.001 0 0.001 0.011 0.01 0.046 0.002 0.01 0.066 0.082 0.002 0.001 0.035 0.02 0.012 0.102 0.168 0.134 0.093 0.002 0.001 0.007 0.132 0.097 0.001 0.001 0 0 0.003 0.127 0.089 0.182 0.001 0.002 0.001 0.124 0 0.002 0.003 0.155
0.065 0.077 0.074 0.038 0.006 0.002 0.004 0.003 0.002 0.002 1 0.077 0.07 0.004 0.002 0.082 0.005 0.013 0.023 0.008 0.051 0.002 0.002 0.325 0.008 0.048 0.037 0.003 0.001 0.001 0.007 0.007 0.033 0.002 0.153 0.023 0.006 0.001 0.002 0.018 0.056 0.016 0.011 0.006 0.006 0.008 0 0.001 0.001 0.001 0.011 0.009 0.001 0.001 0.004 0.002 0.008 0.011 0.001 0 0.001 0.001 0.008 0.001 0 0 0.001
0.545 0.632 0.633 0.324 0.49 0.145 0.271 0.225 0.111 0.009 0.077 1 0.886 0.305 0.021 0.839 0.052 0.111 0.208 0.501 0.445 0.016 0.023 0.175 0.396 0.388 0.273 0 0.052 0.007 0.073 0.049 0.244 0.021 0.007 0.022 0.018 0.012 0.072 0.004 0.013 0.096 0 0.06 0.069 0.017 0.022 0.008 0.012 0.008 0 0.001 0.002 0.031 0.003 0.017 0.02 0 0.01 0.002 0.008 0.012 0.004 0.016 0.022 0.002 0.011
0.506 0.576 0.576 0.341 0.452 0.131 0.246 0.204 0.101 0.01 0.07 0.886 1 0.276 0.024 0.766 0.056 0.117 0.221 0.476 0.413 0.012 0.025 0.158 0.382 0.355 0.252 0 0.05 0.008 0.075 0.052 0.227 0.023 0.008 0.019 0.021 0.008 0.067 0.003 0.013 0.075 0 0.064 0.073 0.021 0.019 0.008 0.009 0.009 0.001 0 0.001 0.032 0.005 0.021 0.024 0.001 0.011 0.001 0.007 0.01 0.006 0.016 0.019 0.003 0.013
0.226 0.251 0.259 0.149 0.537 0.008 0.793 0.672 0.347 0.007 0.004 0.305 0.276 1 0.008 0.342 0.022 0.053 0.097 0.551 0.209 0.007 0.009 0.013 0.534 0.176 0.134 0 0.004 0.001 0.286 0.206 0.117 0.007 0.022 0.065 0.001 0.004 0.009 0.133 0.057 0.053 0.003 0.024 0.024 0.002 0.005 0.005 0.004 0.004 0.003 0.002 0.004 0.002 0 0.005 0.005 0.002 0.005 0 0.004 0.004 0.005 0.004 0.005 0.007 0.006
0.03 0.026 0.027 0.052 0.013 0.004 0.007 0.006 0.003 0.003 0.002 0.021 0.024 0.008 1 0.024 0.366 0.024 0.085 0.014 0.039 0.004 0.917 0.006 0.014 0.031 0.037 0.001 0.002 0.001 0.013 0.012 0.048 0.003 0.006 0.071 0.267 0.002 0.003 0.06 0.023 0.024 0.156 0.206 0.268 0.202 0.002 0.002 0.002 0.001 0.141 0.001 0.002 0.001 0.388 0.004 0.169 0.156 0 0.001 0.002 0.002 0.184 0.002 0.002 0.003 0
0.583 0.66 0.665 0.343 0.519 0.144 0.289 0.24 0.119 0.016 0.082 0.839 0.766 0.342 0.024 1 0.055 0.113 0.214 0.556 0.495 0.023 0.02 0.174 0.45 0.414 0.262 0 0.042 0.004 0.062 0.04 0.221 0.013 0.007 0.016 0.013 0.013 0.066 0.003 0.01 0.086 0 0.058 0.057 0.015 0.025 0.004 0.013 0.011 0.001 0.001 0.007 0.018 0.003 0.021 0.023 0.001 0.012 0.002 0.008 0.011 0.004 0.012 0.024 0 0.014
0.004 0.001 0.001 0.024 0.034 0.01 0.018 0.014 0.008 0.243 0.005 0.052 0.056 0.022 0.366 0.055 1 0.064 0.229 0.038 0.101 0.01 0.374 0.017 0.036 0.097 0.121 0.002 0.002 0.003 0.037 0.034 0.147 0.008 0.027 0.207 0.558 0.004 0.007 0.167 0.068 0.026 0.424 0.636 0.658 0.491 0.006 0.004 0.144 0.029 0.378 0.002 0.005 0.001 0.207 0.01 0.485 0.41 0.104 0.003 0.09 0 0.393 0.002 0.006 0.008 0.091
0.136 0.119 0.108 0.272 0.084 0.004 0.046 0.038 0.018 0.019 0.013 0.111 0.117 0.053 0.024 0.113 0.064 1 0.489 0.089 0.216 0.025 0.022 0.036 0.056 0.16 0.042 0.005 0.008 0.032 0.024 0.033 0.061 0.092 0.065 0.008 0.054 0.06 0.019 0.011 0.007 0.221 0.077 0.037 0.034 0.051 0 0 0.013 0.001 0.069 0.005 0 0.006 0.025 0.006 0.048 0.073 0.004 0.004 0.006 0.01 0.051 0.008 0.001 0.024 0.002
0.136 0.107 0.101 0.329 0.151 0.016 0.081 0.067 0.034 0.051 0.023 0.208 0.221 0.097 0.085 0.214 0.229 0.489 1 0.165 0.41 0.045 0.09 0.067 0.119 0.33 0.178 0.009 0.014 0.016 0 0.002 0.235 0.036 0.117 0.069 0.112 0.034 0.033 0.047 0.064 0.087 0.052 0.168 0.181 0.096 0.001 0.002 0.029 0.008 0.046 0.01 0.003 0.008 0.039 0.02 0.099 0.048 0.03 0.009 0.02 0.01 0.066 0.013 0.001 0.005 0.03
0.312 0.349 0.361 0.226 0.849 0.014 0.467 0.384 0.183 0.011 0.008 0.501 0.476 0.551 0.014 0.556 0.038 0.089 0.165 1 0.348 0.014 0.015 0.023 0.824 0.25 0.186 0.003 0.007 0.002 0.178 0.13 0.159 0.012 0.048 0.013 0.002 0.008 0.001 0.049 0.016 0.064 0.002 0.04 0.039 0.002 0.003 0.009 0.007 0.006 0.002 0.003 0.003 0.003 0.002 0.011 0.018 0.003 0.007 0.004 0.007 0.006 0 0.007 0.003 0.008 0.007
0.34 0.334 0.361 0.575 0.314 0.05 0.177 0.146 0.074 0.031 0.051 0.445 0.413 0.209 0.039 0.495 0.101 0.216 0.41 0.348 1 0.04 0.041 0.109 0.293 0.792 0.592 0.016 0.032 0.007 0.023 0.013 0.508 0.031 0.146 0.003 0.048 0.02 0.042 0.008 0.17 0.201 0.017 0.118 0.114 0.044 0.006 0.002 0.02 0.009 0.018 0.019 0.013 0.013 0.021 0 0.059 0.021 0.013 0.02 0.017 0.028 0.033 0.006 0.005 0.007 0.023
0.008 0.025 0.026 0.002 0.012 0.004 0.006 0.005 0.003 0.003 0.002 0.016 0.012 0.007 0.004 0.023 0.01 0.025 0.045 0.014 0.04 1 0.004 0.006 0.015 0.042 0.054 0 0.002 0.001 0.014 0.013 0.003 0.003 0.06 0.031 0.012 0.002 0.004 0.006 0.011 0.006 0.003 0 0 0.001 0.002 0.002 0.002 0.002 0.003 0 0.05 0.001 0.002 0.194 0.001 0.003 0.002 0 0.002 0.002 0.001 0.002 0.002 0.003 0.003
0.032 0.027 0.028 0.052 0.014 0.004 0.008 0.006 0.003 0.003 0.002 0.023 0.025 0.009 0.917 0.02 0.374 0.022 0.09 0.015 0.041 0.004 1 0.006 0.015 0.034 0.041 0.001 0.002 0.001 0.014 0.013 0.052 0.003 0.007 0.072 0.281 0.002 0.004 0.061 0.025 0.025 0.164 0.22 0.274 0.212 0.002 0.003 0.002 0.001 0.129 0.001 0.002 0.001 0.412 0.004 0.162 0.164 0 0.001 0.002 0.001 0.195 0.002 0.002 0.004 0
0.136 0.164 0.157 0.055 0.02 0.405 0.012 0.01 0.005 0.005 0.325 0.175 0.158 0.013 0.006 0.174 0.017 0.036 0.067 0.023 0.109 0.006 0.006 1 0.023 0.138 0.099 0 0.266 0.002 0.022 0.02 0.086 0.005 0.024 0.015 0.019 0.004 0.282 0.037 0 0.04 0.019 0.02 0.019 0.025 0.029 0.195 0.003 0.003 0.012 0.001 0.003 0.127 0.003 0.006 0.005 0.01 0.004 0.001 0.002 0.003 0.008 0.256 0.029 0.002 0.004
0.278 0.322 0.324 0.195 0.712 0.014 0.452 0.369 0.181 0.009 0.008 0.396 0.382 0.534 0.014 0.45 0.036 0.056 0.119 0.824 0.293 0.015 0.015 0.023 1 0.313 0.244 0.003 0.007 0.002 0.256 0.2 0.213 0.012 0.049 0.033 0.002 0.009 0.001 0.08 0.036 0.073 0.002 0.039 0.037 0.002 0 0.009 0.007 0.007 0.002 0.003 0.006 0.003 0.002 0.011 0.019 0.003 0.007 0.005 0.007 0.006 0.001 0.007 0 0.013 0.007
0.303 0.308 0.325 0.52 0.226 0.074 0.15 0.122 0.069 0.031 0.048 0.388 0.355 0.176 0.031 0.414 0.097 0.16 0.33 0.25 0.792 0.042 0.034 0.138 0.313 1 0.7 0.015 0.043 0.012 0.039 0.025 0.606 0.033 0.148 0 0.056 0.025 0.083 0.004 0.198 0.216 0.011 0.13 0.126 0.052 0.003 0.021 0.022 0.008 0.01 0.017 0.019 0.024 0.026 0 0.067 0.013 0.014 0.019 0.018 0.039 0.039 0.041 0.002 0.015 0.022
0.176 0.178 0.19 0.308 0.169 0.023 0.114 0.092 0.052 0.04 0.037 0.273 0.252 0.134 0.037 0.262 0.121 0.042 0.178 0.186 0.592 0.054 0.041 0.099 0.244 0.7 1 0.011 0.027 0.015 0.255 0.232 0.848 0.044 0.102 0.034 0.071 0.023 0.065 0.003 0.353 0.217 0.024 0.149 0.143 0.071 0 0.014 0.028 0.014 0.023 0.013 0.024 0.018 0.031 0.002 0.088 0.028 0.019 0.014 0.021 0.03 0.057 0.032 0 0.013 0.031
0 0 0 0.014 0 0.001 0 0.001 0.003 0.001 0.003 0 0 0 0.001 0 0.002 0.005 0.009 0.003 0.016 0 0.001 0 0.003 0.015 0.011 1 0 0 0.003 0.002 0.012 0.001 0.058 0.009 0.002 0 0.001 0.007 0.023 0.006 0.004 0.002 0.002 0.003 0 0 0 0 0.004 0.158 0 0 0.001 0.001 0.003 0.004 0 0.46 0 0 0.003 0 0 0.001 0.001
0.034 0.042 0.04 0.006 0.006 0.307 0.003 0.003 0.001 0 0.001 0.052 0.05 0.004 0.002 0.042 0.002 0.008 0.014 0.007 0.032 0.002 0.002 0.266 0.007 0.043 0.027 0 1 0 0.006 0.006 0.029 0.001 0.006 0.042 0.006 0.001 0.191 0.006 0.015 0.014 0.023 0.006 0.006 0.007 0.096 0.096 0.001 0.001 0.016 0 0.001 0.106 0.001 0.002 0.001 0.016 0.001 0.001 0.001 0.001 0.001 0.113 0.094 0.007 0.001
0.005 0.005 0.007 0.015 0.004 0.001 0.002 0.002 0.001 0.001 0.001 0.007 0.008 0.001 0.001 0.004 0.003 0.032 0.016 0.002 0.007 0.001 0.001 0.002 0.002 0.012 0.015 0 0 1 0.004 0.003 0.017 0.001 0.004 0.005 0.002 0.001 0.001 0.007 0.008 0.001 0.003 0.002 0.001 0.002 0.001 0.001 0.001 0 0.003 0 0.004 0 0.001 0.001 0.002 0.003 0.001 0.004 0 0 0.002 0 0.001 0.001 0.001
0.028 0.034 0.036 0.007 0.148 0.013 0.22 0.149 0.059 0.011 0.007 0.073 0.075 0.286 0.013 0.062 0.037 0.024 0 0.178 0.023 0.014 0.014 0.022 0.256 0.039 0.255 0.003 0.006 0.004 1 0.911 0.222 0.011 0.047 0.309 0.035 0.114 0.002 0.21 0.254 0.025 0.03 0.035 0.034 0.033 0.008 0.009 0.007 0.006 0.027 0.003 0.006 0.004 0.001 0.012 0.015 0.032 0.008 0.004 0.005 0.006 0.016 0.006 0.008 0.004 0.009
0.015 0.023 0.02 0.002 0.101 0.012 0.244 0.166 0.066 0.01 0.007 0.049 0.052 0.206 0.012 0.04 0.034 0.033 0.002 0.13 0.013 0.013 0.013 0.02 0.2 0.025 0.232 0.002 0.006 0.003 0.911 1 0.202 0.01 0.043 0.281 0.031 0.126 0.012 0.18 0.296 0.019 0.057 0.032 0.03 0.042 0.007 0.008 0.006 0.005 0.053 0.003 0.006 0.003 0.018 0.011 0.04 0.056 0.007 0.004 0.005 0.006 0.041 0.006 0.007 0.004 0.008
0.151 0.144 0.154 0.384 0.144 0.019 0.1 0.081 0.047 0.046 0.033 0.244 0.227 0.117 0.048 0.221 0.147 0.061 0.235 0.159 0.508 0.003 0.052 0.086 0.213 0.606 0.848 0.012 0.029 0.017 0.222 0.202 1 0.051 0.211 0.017 0.09 0.019 0.056 0 0.459 0.271 0.039 0.179 0.172 0.093 0 0.011 0.032 0.017 0.037 0.014 0.015 0.016 0.043 0.03 0.113 0.044 0.023 0.014 0.025 0.026 0.076 0.028 0 0.018 0.036
0.025 0.021 0.022 0.042 0.011 0.003 0.006 0.005 0.002 0.002 0.002 0.021 0.023 0.007 0.003 0.013 0.008 0.092 0.036 0.012 0.031 0.003 0.003 0.005 0.012 0.033 0.044 0.001 0.001 0.001 0.011 0.01 0.051 1 0.01 0.033 0.009 0.002 0.003 0.022 0.013 0.044 0.013 0.007 0.006 0.006 0.002 0.001 0.002 0.001 0.013 0.001 0.001 0.001 0.005 0.002 0.009 0.015 0.002 0.001 0.001 0.001 0.009 0.001 0.002 0.022 0.002
0.001 0.01 0.006 0.204 0.038 0.01 0.019 0.015 0.005 0.01 0.153 0.007 0.008 0.022 0.006 0.007 0.027 0.065 0.117 0.048 0.146 0.06 0.007 0.024 0.049 0.148 0.102 0.058 0.006 0.004 0.047 0.043 0.211 0.01 1 0.149 0.04 0.008 0.012 0.105 0.387 0.093 0.068 0.042 0.041 0.053 0.003 0.007 0.007 0.006 0.068 0.048 0.006 0.003 0.025 0.182 0.051 0.068 0.008 0.075 0.006 0.127 0.051 0.006 0.004 0.006 0.009
0.031 0.045 0.044 0.002 0.012 0.03 0.046 0.027 0.008 0.066 0.023 0.022 0.019 0.065 0.071 0.016 0.207 0.008 0.069 0.013 0.003 0.031 0.072 0.015 0.033 0 0.034 0.009 0.042 0.005 0.309 0.281 0.017 0.033 0.149 1 0.165 0.047 0.081 0.363 0.006 0.064 0.247 0.193 0.184 0.127 0.002 0.02 0.046 0.017 0.204 0.01 0.014 0.021 0.086 0.031 0.205 0.207 0.033 0.013 0.033 0.019 0.15 0.04 0.002 0.014 0.026
0 0.002 0.002 0.009 0.001 0.012 0.002 0.006 0.007 0.082 0.006 0.018 0.021 0.001 0.267 0.013 0.558 0.054 0.112 0.002 0.048 0.012 0.281 0.019 0.002 0.056 0.071 0.002 0.006 0.002 0.035 0.031 0.09 0.009 0.04 0.165 1 0.007 0.011 0.225 0.103 0.032 0.571 0.615 0.628 0.694 0.007 0.008 0.117 0.053 0.509 0.003 0.005 0.003 0.187 0.012 0.466 0.55 0.082 0.004 0.081 0.005 0.565 0.006 0.007 0.011 0.072
0.004 0.011 0.011 0.025 0.007 0.002 0.003 0.002 0.002 0.002 0.001 0.012 0.008 0.004 0.002 0.013 0.004 0.06 0.034 0.008 0.02 0.002 0.002 0.004 0.009 0.025 0.023 0 0.001 0.001 0.114 0.126 0.019 0.002 0.008 0.047 0.007 1 0.002 0.001 0.02 0.043 0.012 0.007 0.007 0.009 0.001 0.001 0.001 0.001 0.009 0.001 0.001 0.001 0.004 0.002 0.009 0.012 0.001 0.001 0.001 0.001 0.009 0.001 0.001 0.002 0.002
0.051 0.051 0.061 0.024 0.002 0.221 0.007 0.005 0.003 0.001 0.002 0.072 0.067 0.009 0.003 0.066 0.007 0.019 0.033 0.001 0.042 0.004 0.004 0.282 0.001 0.083 0.065 0.001 0.191 0.001 0.002 0.012 0.056 0.003 0.012 0.081 0.011 0.002 1 0 0.03 0.028 0.174 0.011 0.011 0.004 0.002 0.389 0.002 0.002 0.144 0.001 0.002 0.264 0.032 0.004 0.02 0.124 0.002 0.001 0.001 0.002 0.013 0.498 0.002 0.003 0.002
0.008 0.016 0.015 0.004 0.039 0.024 0.116 0.086 0.027 0.035 0.018 0.004 0.003 0.133 0.06 0.003 0.167 0.011 0.047 0.049 0.008 0.006 0.061 0.037 0.08 0.004 0.003 0.007 0.006 0.007 0.21 0.18 0 0.022 0.105 0.363 0.225 0.001 0 1 0.003 0.065 0.222 0.22 0.214 0.243 0.02 0.01 0.03 0.012 0.21 0.008 0.001 0.001 0.12 0.034 0.209 0.205 0.034 0.011 0.02 0.009 0.26 0.008 0.02 0.003 0.035
0.006 0.002 0.002 0.171 0.009 0.028 0.078 0.05 0.02 0.02 0.056 0.013 0.013 0.057 0.023 0.01 0.068 0.007 0.064 0.016 0.17 0.011 0.025 0 0.036 0.198 0.353 0.023 0.015 0.008 0.254 0.296 0.459 0.013 0.387 0.006 0.103 0.02 0.03 0.003 1 0.144 0.174 0.105 0.102 0.136 0.013 0.021 0.017 0.015 0.173 0.026 0.015 0.009 0.063 0.119 0.129 0.174 0.02 0.028 0.015 0.05 0.132 0.015 0.014 0.012 0.022
0.063 0.055 0.057 0.146 0.055 0.003 0.045 0.037 0.023 0.012 0.016 0.096 0.075 0.053 0.024 0.086 0.026 0.221 0.087 0.064 0.201 0.006 0.025 0.04 0.073 0.216 0.217 0.006 0.014 0.001 0.025 0.019 0.271 0.044 0.093 0.064 0.032 0.043 0.028 0.065 0.144 1 0.08 0.03 0.028 0.048 0 0.002 0.006 0 0.065 0.007 0.034 0.008 0.028 0.022 0.034 0.064 0.007 0.003 0.002 0.013 0.057 0.014 0 0.035 0.002
0.011 0.017 0.018 0.002 0.001 0.019 0 0 0.002 0.102 0.011 0 0 0.003 0.156 0 0.424 0.077 0.052 0.002 0.017 0.003 0.164 0.019 0.002 0.011 0.024 0.004 0.023 0.003 0.03 0.057 0.039 0.013 0.068 0.247 0.571 0.012 0.174 0.222 0.174 0.08 1 0.603 0.583 0.687 0.012 0.057 0.098 0.027 0.884 0.005 0.009 0.045 0.331 0.021 0.646 0.892 0.08 0.006 0.086 0.009 0.69 0.086 0.012 0.018 0.081
0.009 0.005 0.006 0.041 0.032 0.012 0.021 0.017 0.009 0.168 0.006 0.06 0.064 0.024 0.206 0.058 0.636 0.037 0.168 0.04 0.118 0 0.22 0.02 0.039 0.13 0.149 0.002 0.006 0.002 0.035 0.032 0.179 0.007 0.042 0.193 0.615 0.007 0.011 0.22 0.105 0.03 0.603 1 0.896 0.722 0.007 0.008 0.162 0.052 0.537 0.003 0.005 0.003 0.294 0.012 0.723 0.57 0.138 0.004 0.139 0.005 0.603 0.006 0.007 0.011 0.141
0.008 0.004 0.005 0.04 0.031 0.012 0.021 0.017 0.009 0.134 0.006 0.069 0.073 0.024 0.268 0.057 0.658 0.034 0.181 0.039 0.114 0 0.274 0.019 0.037 0.126 0.143 0.002 0.006 0.001 0.034 0.03 0.172 0.006 0.041 0.184 0.628 0.007 0.011 0.214 0.102 0.028 0.583 0.896 1 0.7 0.007 0.007 0.167 0.056 0.528 0.003 0.005 0.003 0.305 0.012 0.7 0.552 0.145 0.004 0.144 0.005 0.581 0.005 0.007 0.011 0.148
0 0.001 0 0.014 0.001 0.015 0.001 0.003 0.006 0.093 0.008 0.017 0.021 0.002 0.202 0.015 0.491 0.051 0.096 0.002 0.044 0.001 0.212 0.025 0.002 0.052 0.071 0.003 0.007 0.002 0.033 0.042 0.093 0.006 0.053 0.127 0.694 0.009 0.004 0.243 0.136 0.048 0.687 0.722 0.7 1 0.009 0.01 0.125 0.059 0.655 0.004 0.007 0.004 0.305 0.016 0.633 0.687 0.095 0.005 0.108 0.007 0.685 0.007 0.009 0.014 0.109
0.011 0.015 0.014 0.001 0.001 0.039 0.004 0.003 0.002 0.002 0 0.022 0.019 0.005 0.002 0.025 0.006 0 0.001 0.003 0.006 0.002 0.002 0.029 0 0.003 0 0 0.096 0.001 0.008 0.007 0 0.002 0.003 0.002 0.007 0.001 0.002 0.02 0.013 0 0.012 0.007 0.007 0.009 1 0.001 0.001 0.001 0.012 0.001 0.001 0.001 0.004 0.002 0.009 0.012 0.001 0 0.001 0.001 0.009 0.001 0.678 0.088 0.001
0.003 0.005 0.005 0 0.008 0.102 0.004 0.004 0.002 0.001 0.001 0.008 0.008 0.005 0.002 0.004 0.004 0 0.002 0.009 0.002 0.002 0.003 0.195 0.009 0.021 0.014 0 0.096 0.001 0.009 0.008 0.011 0.001 0.007 0.02 0.008 0.001 0.389 0.01 0.021 0.002 0.057 0.008 0.007 0.01 0.001 1 0.001 0.001 0.057 0.001 0.001 0.389 0.005 0.002 0.009 0.05 0.001 0.001 0.001 0.001 0.01 0.733 0.001 0.002 0.002
0.029 0.036 0.034 0.013 0.003 0.002 0.004 0.003 0.001 0.007 0.001 0.012 0.009 0.004 0.002 0.013 0.144 0.013 0.029 0.007 0.02 0.002 0.002 0.003 0.007 0.022 0.028 0 0.001 0.001 0.007 0.006 0.032 0.002 0.007 0.046 0.117 0.001 0.002 0.03 0.017 0.006 0.098 0.162 0.167 0.125 0.001 0.001 1 0.011 0.086 0 0.001 0.001 0.002 0.002 0.132 0.095 0.007 0.001 0.25 0.001 0.031 0.001 0.001 0.002 0.006
0.009 0.007 0.007 0.007 0.005 0 0.002 0.002 0.001 0.132 0.001 0.008 0.009 0.004 0.001 0.011 0.029 0.001 0.008 0.006 0.009 0.002 0.001 0.003 0.007 0.008 0.014 0 0.001 0 0.006 0.005 0.017 0.001 0.006 0.017 0.053 0.001 0.002 0.012 0.015 0 0.027 0.052 0.056 0.059 0.001 0.001 0.011 1 0.06 0 0.001 0 0.003 0.002 0.081 0.047 0.307 0.001 0.001 0.001 0.056 0.001 0.001 0.002 0.346
0.007 0.013 0.014 0.003 0.001 0.013 0 0 0.002 0.097 0.011 0 0.001 0.003 0.141 0.001 0.378 0.069 0.046 0.002 0.018 0.003 0.129 0.012 0.002 0.01 0.023 0.004 0.016 0.003 0.027 0.053 0.037 0.013 0.068 0.204 0.509 0.009 0.144 0.21 0.173 0.065 0.884 0.537 0.528 0.655 0.012 0.057 0.086 0.06 1 0.005 0.009 0.046 0.312 0.021 0.677 0.922 0.117 0.006 0.074 0.009 0.681 0.087 0.012 0.018 0.126
0 0.001 0.001 0.016 0.003 0.001 0.001 0.001 0.001 0.001 0.009 0.001 0 0.002 0.001 0.001 0.002 0.005 0.01 0.003 0.019 0 0.001 0.001 0.003 0.017 0.013 0.158 0 0 0.003 0.003 0.014 0.001 0.048 0.01 0.003 0.001 0.001 0.008 0.026 0.007 0.005 0.003 0.003 0.004 0.001 0.001 0 0 0.005 1 0 0 0.002 0.001 0.003 0.005 0.001 0.196 0 0 0.003 0 0.001 0.001 0.001
0.003 0.004 0.002 0.009 0.003 0.002 0.003 0.003 0.001 0.001 0.001 0.002 0.001 0.004 0.002 0.007 0.005 0 0.003 0.003 0.013 0.05 0.002 0.003 0.006 0.019 0.024 0 0.001 0.004 0.006 0.006 0.015 0.001 0.006 0.014 0.005 0.001 0.002 0.001 0.015 0.034 0.009 0.005 0.005 0.007 0.001 0.001 0.001 0.001 0.009 0 1 0 0.003 0.002 0.007 0.009 0.001 0.001 0.001 0.001 0.007 0.001 0.001 0.002 0.001
0.015 0.019 0.018 0.008 0.003 0.136 0.002 0.002 0.001 0 0.001 0.031 0.032 0.002 0.001 0.018 0.001 0.006 0.008 0.003 0.013 0.001 0.001 0.127 0.003 0.024 0.018 0 0.106 0 0.004 0.003 0.016 0.001 0.003 0.021 0.003 0.001 0.264 0.001 0.009 0.008 0.045 0.003 0.003 0.004 0.001 0.389 0.001 0 0.046 0 0 1 0.001 0.001 0.004 0.037 0.001 0 0 0 0.004 0.455 0.001 0.001 0.001
0.006 0.006 0.004 0.025 0.002 0 0.014 0.012 0.006 0 0.004 0.003 0.005 0 0.388 0.003 0.207 0.025 0.039 0.002 0.021 0.002 0.412 0.003 0.002 0.026 0.031 0.001 0.001 0.001 0.001 0.018 0.043 0.005 0.025 0.086 0.187 0.004 0.032 0.12 0.063 0.028 0.331 0.294 0.305 0.305 0.004 0.005 0.002 0.003 0.312 0.002 0.003 0.001 1 0.008 0.404 0.348 0.005 0.002 0.001 0.003 0.417 0.003 0.004 0.007 0
0.014 0.022 0.023 0.038 0.01 0.004 0.004 0.003 0.003 0.003 0.002 0.017 0.021 0.005 0.004 0.021 0.01 0.006 0.02 0.011 0 0.194 0.004 0.006 0.011 0 0.002 0.001 0.002 0.001 0.012 0.011 0.03 0.002 0.182 0.031 0.012 0.002 0.004 0.034 0.119 0.022 0.021 0.012 0.012 0.016 0.002 0.002 0.002 0.002 0.021 0.001 0.002 0.001 0.008 1 0.015 0.021 0.002 0.001 0.002 0.002 0.016 0.002 0.002 0.002 0.003
0 0 0 0.013 0.013 0 0.027 0.022 0.011 0.127 0.008 0.02 0.024 0.005 0.169 0.023 0.485 0.048 0.099 0.018 0.059 0.001 0.162 0.005 0.019 0.067 0.088 0.003 0.001 0.002 0.015 0.04 0.113 0.009 0.051 0.205 0.466 0.009 0.02 0.209 0.129 0.034 0.646 0.723 0.7 0.633 0.009 0.009 0.132 0.081 0.677 0.003 0.007 0.004 0.404 0.015 1 0.668 0.158 0.005 0.116 0.007 0.719 0.007 0.009 0.013 0.168
0.006 0.013 0.012 0.003 0.001 0.01 0 0 0.002 0.089 0.011 0 0.001 0.002 0.156 0.001 0.41 0.073 0.048 0.003 0.021 0.003 0.164 0.01 0.003 0.013 0.028 0.004 0.016 0.003 0.032 0.056 0.044 0.015 0.068 0.207 0.55 0.012 0.124 0.205 0.174 0.064 0.892 0.57 0.552 0.687 0.012 0.05 0.095 0.047 0.922 0.005 0.009 0.037 0.348 0.021 0.668 1 0.117 0.006 0.086 0.009 0.692 0.077 0.012 0.017 0.111
0.004 0.003 0.003 0.006 0.005 0 0.003 0.003 0.002 0.182 0.001 0.01 0.011 0.005 0 0.012 0.104 0.004 0.03 0.007 0.013 0.002 0 0.004 0.007 0.014 0.019 0 0.001 0.001 0.008 0.007 0.023 0.002 0.008 0.033 0.082 0.001 0.002 0.034 0.02 0.007 0.08 0.138 0.145 0.095 0.001 0.001 0.007 0.307 0.117 0.001 0.001 0.001 0.005 0.002 0.158 0.117 1 0.001 0.001 0.001 0.124 0.001 0.001 0.002 0.534
0 0.002 0.003 0.017 0.001 0.001 0 0 0.001 0.001 0 0.002 0.001 0 0.001 0.002 0.003 0.004 0.009 0.004 0.02 0 0.001 0.001 0.005 0.019 0.014 0.46 0.001 0.004 0.004 0.004 0.014 0.001 0.075 0.013 0.004 0.001 0.001 0.011 0.028 0.003 0.006 0.004 0.004 0.005 0 0.001 0.001 0.001 0.006 0.196 0.001 0 0.002 0.001 0.005 0.006 0.001 1 0.001 0.001 0.005 0.001 0.001 0.001 0.001
0.02 0.025 0.024 0.008 0.002 0.001 0.003 0.003 0.001 0.002 0.001 0.008 0.007 0.004 0.002 0.008 0.09 0.006 0.02 0.007 0.017 0.002 0.002 0.002 0.007 0.018 0.021 0 0.001 0 0.005 0.005 0.025 0.001 0.006 0.033 0.081 0.001 0.001 0.02 0.015 0.002 0.086 0.139 0.144 0.108 0.001 0.001 0.25 0.001 0.074 0 0.001 0 0.001 0.002 0.116 0.086 0.001 0.001 1 0.001 0.062 0.001 0.001 0.002 0
0 0.012 0.012 0.019 0.006 0.002 0.003 0.003 0.001 0.001 0.001 0.012 0.01 0.004 0.002 0.011 0 0.01 0.01 0.006 0.028 0.002 0.001 0.003 0.006 0.039 0.03 0 0.001 0 0.006 0.006 0.026 0.001 0.127 0.019 0.005 0.001 0.002 0.009 0.05 0.013 0.009 0.005 0.005 0.007 0.001 0.001 0.001 0.001 0.009 0 0.001 0 0.003 0.002 0.007 0.009 0.001 0.001 0.001 1 0.007 0.001 0.001 0.002 0.001
0 0 0.001 0.015 0 0.001 0 0 0.001 0.124 0.008 0.004 0.006 0.005 0.184 0.004 0.393 0.051 0.066 0 0.033 0.001 0.195 0.008 0.001 0.039 0.057 0.003 0.001 0.002 0.016 0.041 0.076 0.009 0.051 0.15 0.565 0.009 0.013 0.26 0.132 0.057 0.69 0.603 0.581 0.685 0.009 0.01 0.031 0.056 0.681 0.003 0.007 0.004 0.417 0.016 0.719 0.692 0.124 0.005 0.062 0.007 1 0.007 0.009 0.014 0.164
0.008 0.011 0.01 0.002 0.006 0.143 0.003 0.003 0.001 0 0.001 0.016 0.016 0.004 0.002 0.012 0.002 0.008 0.013 0.007 0.006 0.002 0.002 0.256 0.007 0.041 0.032 0 0.113 0 0.006 0.006 0.028 0.001 0.006 0.04 0.006 0.001 0.498 0.008 0.015 0.014 0.086 0.006 0.005 0.007 0.001 0.733 0.001 0.001 0.087 0 0.001 0.455 0.003 0.002 0.007 0.077 0.001 0.001 0.001 0.001 0.007 1 0.001 0.002 0.001
0.01 0.015 0.014 0 0.001 0.039 0.004 0.004 0.002 0.002 0 0.022 0.019 0.005 0.002 0.024 0.006 0.001 0.001 0.003 0.005 0.002 0.002 0.029 0 0.002 0 0 0.094 0.001 0.008 0.007 0 0.002 0.004 0.002 0.007 0.001 0.002 0.02 0.014 0 0.012 0.007 0.007 0.009 0.678 0.001 0.001 0.001 0.012 0.001 0.001 0.001 0.004 0.002 0.009 0.012 0.001 0.001 0.001 0.001 0.009 0.001 1 0.081 0.002
0.005 0.003 0.003 0.024 0.007 0.004 0.006 0.005 0.003 0.003 0 0.002 0.003 0.007 0.003 0 0.008 0.024 0.005 0.008 0.007 0.003 0.004 0.002 0.013 0.015 0.013 0.001 0.007 0.001 0.004 0.004 0.018 0.022 0.006 0.014 0.011 0.002 0.003 0.003 0.012 0.035 0.018 0.011 0.011 0.014 0.088 0.002 0.002 0.002 0.018 0.001 0.002 0.001 0.007 0.002 0.013 0.017 0.002 0.001 0.002 0.002 0.014 0.002 0.081 1 0.002
0.005 0.003 0.003 0.011 0.005 0 0.004 0.003 0.002 0.155 0.001 0.011 0.013 0.006 0 0.014 0.091 0.002 0.03 0.007 0.023 0.003 0 0.004 0.007 0.022 0.031 0.001 0.001 0.001 0.009 0.008 0.036 0.002 0.009 0.026 0.072 0.002 0.002 0.035 0.022 0.002 0.081 0.141 0.148 0.109 0.001 0.002 0.006 0.346 0.126 0.001 0.001 0.001 0 0.003 0.168 0.111 0.534 0.001 0 0.001 0.164 0.001 0.002 0.002 1
