1 0.815 0.849 0.436 0.362 0.117 0.249 0.221 0.12 0.027 0.042 0.473 0.459 0.262 0.04 0.53 0.011 0.109 0.114 0.338 0.276 0.001 0.038 0.122 0.278 0.205 0.123 0 0.02 0.001 0.073 0.044 0.106 0.027 0.011 0.069 0.002 0.002 0.073 0.023 0.007 0.055 0.013 0.008 0.007 0.001 0.001 0.008 0.029 0.009 0.009 0 0.004 0.017 0.012 0.008 0.001 0.001 0.008 0 0.014 0.004 0.001 0.012 0.004 0.003 0.005
0.815 1 0.953 0.421 0.386 0.14 0.3 0.265 0.145 0.022 0.05 0.554 0.528 0.291 0.033 0.592 0.005 0.091 0.093 0.365 0.279 0.022 0.031 0.15 0.321 0.219 0.138 0 0.026 0.003 0.091 0.066 0.108 0.022 0.027 0.083 0.001 0.01 0.071 0.033 0.004 0.047 0.016 0.006 0.005 0 0.002 0.012 0.038 0.007 0.011 0.003 0.009 0.022 0.012 0.022 0.001 0.006 0.005 0.002 0.017 0.009 0.001 0.016 0.006 0.003 0.003
0.849 0.953 1 0.443 0.428 0.137 0.293 0.259 0.141 0.023 0.049 0.573 0.546 0.31 0.034 0.629 0.005 0.092 0.097 0.403 0.302 0.022 0.032 0.146 0.336 0.226 0.143 0 0.025 0.004 0.099 0.063 0.112 0.023 0.028 0.086 0.001 0.01 0.088 0.036 0.003 0.048 0.019 0.007 0.006 0 0.002 0.012 0.037 0.007 0.014 0.003 0.003 0.021 0.009 0.023 0.002 0.006 0.006 0.003 0.018 0.009 0.002 0.016 0.005 0.004 0.004
0.436 0.421 0.443 1 0.217 0.055 0.132 0.118 0.064 0.05 0.022 0.271 0.277 0.162 0.075 0.32 0.054 0.241 0.361 0.211 0.645 0.002 0.07 0.052 0.164 0.54 0.352 0.026 0.005 0.009 0.015 0.006 0.409 0.044 0.211 0.001 0.036 0.023 0.032 0.004 0.211 0.161 0.006 0.056 0.053 0.029 0 0.001 0.009 0.002 0.005 0.017 0.012 0.004 0.044 0.057 0.012 0.009 0.004 0.029 0.002 0.009 0.015 0.003 0.001 0.007 0.005
0.362 0.386 0.428 0.217 1 0.011 0.46 0.485 0.248 0.011 0.004 0.468 0.451 0.591 0.017 0.524 0.04 0.068 0.136 0.738 0.286 0.011 0.015 0.016 0.628 0.229 0.174 0 0.005 0.002 0.227 0.144 0.151 0.011 0.022 0.032 0.009 0.006 0.011 0.052 0.036 0.06 0.002 0.038 0.037 0.009 0 0.007 0.008 0.006 0.004 0.003 0 0.005 0 0.009 0.007 0.003 0.007 0.001 0.004 0.004 0 0.006 0 0.011 0.006
0.117 0.14 0.137 0.055 0.011 1 0.007 0.006 0.003 0.003 0.001 0.136 0.128 0.008 0.005 0.131 0.012 0.009 0.028 0.011 0.064 0.003 0.005 0.551 0.013 0.039 0.021 0.001 0.219 0.001 0.013 0.011 0.013 0.003 0.012 0.021 0.012 0.002 0.255 0.018 0.029 0.003 0.027 0.012 0.012 0.014 0.008 0.159 0.003 0 0.026 0.001 0.002 0.202 0.007 0.004 0 0.011 0 0.002 0 0.001 0.001 0.188 0.016 0.005 0
0.249 0.3 0.293 0.132 0.46 0.007 1 0.858 0.469 0.004 0.002 0.282 0.267 0.619 0.01 0.317 0.021 0.042 0.081 0.478 0.171 0.007 0.008 0.01 0.437 0.148 0.109 0 0.003 0.001 0.261 0.295 0.098 0.007 0.018 0.065 0.001 0.003 0.007 0.124 0.105 0.054 0.006 0.021 0.02 0.001 0.003 0.004 0.006 0.003 0.008 0.002 0.003 0.003 0.012 0.004 0.027 0.007 0.003 0 0.003 0.003 0.003 0.004 0.003 0.008 0.003
0.221 0.265 0.259 0.118 0.485 0.006 0.858 1 0.546 0.006 0.002 0.248 0.235 0.563 0.009 0.279 0.02 0.036 0.072 0.415 0.151 0.006 0.007 0.009 0.378 0.128 0.095 0 0.003 0.001 0.208 0.233 0.085 0.006 0.015 0.047 0 0.003 0.006 0.098 0.083 0.052 0.004 0.02 0.019 0 0.003 0.004 0.005 0.002 0.005 0.002 0.003 0.003 0.01 0.002 0.024 0.004 0.003 0 0.004 0.002 0.002 0.003 0.003 0.006 0.002
0.12 0.145 0.141 0.064 0.248 0.003 0.469 0.546 1 0.003 0.001 0.14 0.132 0.38 0.005 0.157 0.012 0.02 0.043 0.226 0.088 0.003 0.005 0.005 0.215 0.084 0.063 0.002 0.001 0.001 0.137 0.15 0.059 0.003 0.005 0.031 0.001 0.002 0.004 0.051 0.064 0.031 0.004 0.013 0.013 0.002 0.002 0.002 0.003 0.002 0.007 0.001 0.002 0.002 0.007 0.005 0.017 0.006 0.003 0.001 0.002 0.001 0.005 0.002 0.001 0.004 0.002
0.027 0.022 0.023 0.05 0.011 0.003 0.004 0.006 0.003 1 0.001 0 0 0.008 0.005 0.011 0.244 0.019 0.068 0.013 0.036 0.003 0.005 0.005 0.006 0.035 0.044 0.001 0 0.001 0.013 0.011 0.05 0.003 0.013 0.071 0.166 0.002 0.002 0.058 0.03 0.002 0.139 0.205 0.155 0.126 0.002 0 0.067 0.127 0.115 0.001 0.002 0 0.002 0.004 0.129 0.141 0.096 0.002 0.098 0.001 0.146 0 0.001 0.003 0.087
0.042 0.05 0.049 0.022 0.004 0.001 0.002 0.002 0.001 0.001 1 0.049 0.046 0.003 0.002 0.055 0.004 0.007 0.015 0.004 0.031 0.001 0.002 0.238 0.005 0.029 0.023 0.012 0 0 0.005 0.004 0.021 0.001 0.088 0.015 0.005 0.001 0.001 0.012 0.019 0.011 0.007 0.005 0.005 0.006 0.013 0.001 0.001 0.001 0.008 0.004 0.001 0.001 0.002 0.002 0.006 0.007 0.001 0.004 0.001 0 0.006 0.001 0.015 0.004 0.001
0.473 0.554 0.573 0.271 0.468 0.136 0.282 0.248 0.14 0 0.049 1 0.941 0.356 0.033 0.782 0.044 0.1 0.184 0.498 0.382 0.018 0.031 0.174 0.396 0.314 0.229 0 0.049 0.004 0.112 0.073 0.195 0.023 0.018 0.049 0.025 0.008 0.119 0.02 0.015 0.06 0.002 0.049 0.057 0.022 0.006 0.028 0.002 0.009 0.001 0.003 0.002 0.046 0.006 0.022 0.007 0 0.012 0.003 0 0.009 0.001 0.036 0.011 0 0.01
0.459 0.528 0.546 0.277 0.451 0.128 0.267 0.235 0.132 0 0.046 0.941 1 0.336 0.035 0.746 0.046 0.107 0.195 0.479 0.371 0.009 0.033 0.164 0.386 0.305 0.219 0 0.052 0.004 0.106 0.069 0.195 0.024 0.014 0.044 0.027 0.009 0.118 0.017 0.017 0.06 0.001 0.05 0.058 0.024 0.005 0.03 0.001 0.01 0 0.001 0.001 0.049 0.007 0.017 0.009 0 0.013 0.001 0 0.008 0.002 0.039 0.01 0.001 0.011
0.262 0.291 0.31 0.162 0.591 0.008 0.619 0.563 0.38 0.008 0.003 0.356 0.336 1 0.013 0.413 0.032 0.051 0.111 0.557 0.227 0.008 0.011 0.012 0.512 0.195 0.146 0 0.004 0 0.322 0.208 0.131 0.009 0.012 0.074 0.004 0.004 0.02 0.108 0.077 0.051 0 0.03 0.029 0.003 0.004 0.005 0.008 0.006 0 0.002 0.004 0.004 0.001 0.005 0.004 0 0.007 0 0.005 0.003 0.001 0.004 0.004 0.009 0.006
0.04 0.033 0.034 0.075 0.017 0.005 0.01 0.009 0.005 0.005 0.002 0.033 0.035 0.013 1 0.031 0.394 0.029 0.111 0.019 0.055 0.005 0.931 0.007 0.014 0.035 0.046 0.002 0.002 0 0.015 0.012 0.055 0.005 0.009 0.087 0.272 0.002 0.005 0.045 0.026 0.042 0.17 0.263 0.274 0.229 0.002 0.003 0.004 0.001 0.155 0.001 0.002 0.001 0.518 0.007 0.173 0.176 0.002 0.003 0.004 0.005 0.151 0.002 0.002 0.005 0.002
0.53 0.592 0.629 0.32 0.524 0.131 0.317 0.279 0.157 0.011 0.055 0.782 0.746 0.413 0.031 1 0.063 0.114 0.228 0.602 0.487 0.02 0.026 0.16 0.493 0.372 0.265 0 0.026 0.001 0.124 0.08 0.222 0.018 0.013 0.037 0.028 0.01 0.099 0.014 0.024 0.092 0 0.062 0.065 0.029 0.008 0.012 0.019 0.015 0.001 0.002 0.003 0.022 0.004 0.02 0.016 0.003 0.017 0.002 0.006 0.008 0.006 0.019 0.014 0.002 0.015
0.011 0.005 0.005 0.054 0.04 0.012 0.021 0.02 0.012 0.244 0.004 0.044 0.046 0.032 0.394 0.063 1 0.071 0.278 0.048 0.137 0.012 0.385 0.018 0.035 0.113 0.146 0.005 0.002 0.001 0.045 0.038 0.169 0.012 0.036 0.244 0.646 0.005 0.01 0.16 0.09 0.02 0.497 0.748 0.704 0.585 0.006 0.004 0.213 0.024 0.438 0.003 0.006 0.001 0.271 0.017 0.506 0.485 0.054 0.006 0.149 0 0.439 0.003 0.006 0.011 0.058
0.109 0.091 0.092 0.241 0.068 0.009 0.042 0.036 0.02 0.019 0.007 0.1 0.107 0.051 0.029 0.114 0.071 1 0.402 0.076 0.214 0.019 0.029 0.029 0.053 0.188 0.048 0.008 0.008 0.018 0.019 0.026 0.062 0.148 0.064 0.027 0.07 0.046 0.021 0.021 0.012 0.158 0.093 0.054 0.043 0.05 0.007 0.002 0.018 0.002 0.073 0.005 0.007 0.008 0.019 0.009 0.055 0.07 0.003 0.007 0.015 0.008 0.051 0.009 0.003 0.043 0.002
0.114 0.093 0.097 0.361 0.136 0.028 0.081 0.072 0.043 0.068 0.015 0.184 0.195 0.111 0.111 0.228 0.278 0.402 1 0.162 0.469 0.042 0.112 0.063 0.114 0.402 0.229 0.017 0.013 0.008 0.002 0 0.279 0.064 0.137 0.069 0.177 0.018 0.041 0.045 0.108 0.044 0.094 0.248 0.249 0.182 0.001 0.008 0.056 0.007 0.092 0.011 0.017 0.011 0.085 0.034 0.141 0.093 0.016 0.019 0.036 0.005 0.119 0.015 0 0.007 0.023
0.338 0.365 0.403 0.211 0.738 0.011 0.478 0.415 0.226 0.013 0.004 0.498 0.479 0.557 0.019 0.602 0.048 0.076 0.162 1 0.33 0.012 0.019 0.017 0.831 0.264 0.198 0.005 0.004 0 0.268 0.184 0.176 0.013 0.046 0.036 0.016 0.006 0.008 0.062 0.044 0.081 0.007 0.05 0.049 0.015 0.001 0.008 0.012 0.009 0.008 0.003 0.001 0.006 0.001 0.01 0.014 0.009 0.01 0.007 0.008 0.005 0.002 0.006 0.001 0.011 0.009
0.276 0.279 0.302 0.645 0.286 0.064 0.171 0.151 0.088 0.036 0.031 0.382 0.371 0.227 0.055 0.487 0.137 0.214 0.469 0.33 1 0.036 0.055 0.085 0.277 0.811 0.615 0.018 0.013 0.004 0.043 0.024 0.516 0.031 0.152 0.002 0.082 0.017 0.05 0.005 0.215 0.196 0.027 0.133 0.129 0.077 0 0.004 0.032 0.005 0.029 0.008 0.009 0.01 0.03 0.009 0.057 0.036 0.008 0.024 0.02 0.016 0.046 0.006 0.001 0.001 0.016
0.001 0.022 0.022 0.002 0.011 0.003 0.007 0.006 0.003 0.003 0.001 0.018 0.009 0.008 0.005 0.02 0.012 0.019 0.042 0.012 0.036 1 0.005 0.005 0.013 0.037 0.047 0.007 0.001 0.001 0.013 0.011 0.005 0.003 0.055 0.027 0.013 0.008 0.004 0.028 0.012 0.003 0.019 0.012 0.012 0.014 0.002 0.002 0.003 0.002 0.02 0.013 0.111 0.001 0.006 0.131 0.015 0.019 0.003 0.004 0.003 0.001 0.014 0.002 0.001 0.003 0.002
0.038 0.031 0.032 0.07 0.015 0.005 0.008 0.007 0.005 0.005 0.002 0.031 0.033 0.011 0.931 0.026 0.385 0.029 0.112 0.019 0.055 0.005 1 0.007 0.02 0.043 0.054 0.002 0.002 0 0.02 0.017 0.064 0.005 0.009 0.087 0.294 0.002 0.005 0.043 0.032 0.041 0.185 0.284 0.292 0.248 0.002 0.003 0.005 0.001 0.16 0.001 0.002 0.001 0.557 0.007 0.182 0.192 0.002 0.003 0.004 0.005 0.167 0.002 0.002 0.005 0.002
0.122 0.15 0.146 0.052 0.016 0.551 0.01 0.009 0.005 0.005 0.238 0.174 0.164 0.012 0.007 0.16 0.018 0.029 0.063 0.017 0.085 0.005 0.007 1 0.019 0.089 0.064 0.001 0.254 0.001 0.02 0.016 0.049 0.005 0.003 0.012 0.018 0.002 0.296 0.02 0.007 0.021 0.026 0.019 0.018 0.022 0.017 0.259 0.004 0.003 0.017 0 0.002 0.246 0.01 0.007 0.005 0.007 0.004 0 0.001 0.002 0.009 0.293 0.027 0.008 0.004
0.278 0.321 0.336 0.164 0.628 0.013 0.437 0.378 0.215 0.006 0.005 0.396 0.386 0.512 0.014 0.493 0.035 0.053 0.114 0.831 0.277 0.013 0.02 0.019 1 0.3 0.234 0.005 0.006 0.001 0.341 0.252 0.208 0.013 0.049 0.06 0.013 0.007 0.007 0.091 0.066 0.095 0.005 0.044 0.043 0.013 0.001 0.008 0.012 0.009 0.01 0.003 0.006 0.006 0 0.011 0.016 0.007 0.011 0.007 0.008 0.005 0.003 0.007 0.001 0.014 0.01
0.205 0.219 0.226 0.54 0.229 0.039 0.148 0.128 0.084 0.035 0.029 0.314 0.305 0.195 0.035 0.372 0.113 0.188 0.402 0.264 0.811 0.037 0.043 0.089 0.3 1 0.749 0.017 0.036 0.007 0.064 0.042 0.636 0.036 0.161 0 0.09 0.019 0.093 0 0.259 0.246 0.018 0.144 0.14 0.086 0 0.029 0.034 0.003 0.017 0.007 0.018 0.034 0.035 0.008 0.059 0.022 0.009 0.022 0.021 0.033 0.048 0.041 0 0.008 0.012
0.123 0.138 0.143 0.352 0.174 0.021 0.109 0.095 0.063 0.044 0.023 0.229 0.219 0.146 0.046 0.265 0.146 0.048 0.229 0.198 0.615 0.047 0.054 0.064 0.234 0.749 1 0.012 0.027 0.009 0.263 0.238 0.847 0.046 0.113 0.019 0.124 0.014 0.073 0.004 0.39 0.254 0.041 0.183 0.164 0.112 0 0.022 0.043 0.004 0.036 0.005 0.023 0.024 0.047 0.003 0.087 0.045 0.008 0.016 0.03 0.026 0.074 0.032 0 0.01 0.015
0 0 0 0.026 0 0.001 0 0 0.002 0.001 0.012 0 0 0 0.002 0 0.005 0.008 0.017 0.005 0.018 0.007 0.002 0.001 0.005 0.017 0.012 1 0.001 0 0.005 0.005 0.024 0.001 0.101 0.018 0.005 0.001 0.001 0.014 0.042 0.012 0.008 0.005 0.005 0.006 0 0.001 0.001 0.001 0.009 0.252 0.001 0.001 0.003 0.002 0.007 0.008 0.001 0.584 0.001 0.001 0.006 0.001 0.001 0.001 0.001
0.02 0.026 0.025 0.005 0.005 0.219 0.003 0.003 0.001 0 0 0.049 0.052 0.004 0.002 0.026 0.002 0.008 0.013 0.004 0.013 0.001 0.002 0.254 0.006 0.036 0.027 0.001 1 0 0.006 0.005 0.026 0.001 0.005 0.032 0.006 0.001 0.242 0.001 0.013 0.014 0.036 0.006 0.006 0.007 0.025 0.268 0.001 0.001 0.034 0 0.001 0.349 0.003 0.002 0 0.017 0.001 0.001 0.001 0.001 0 0.293 0.027 0 0.001
0.001 0.003 0.004 0.009 0.002 0.001 0.001 0.001 0.001 0.001 0 0.004 0.004 0 0 0.001 0.001 0.018 0.008 0 0.004 0.001 0 0.001 0.001 0.007 0.009 0 0 1 0.002 0.002 0.01 0.001 0.002 0.003 0 0 0.001 0.003 0.002 0.005 0.001 0 0 0 0 0 0.001 0 0.001 0 0 0 0 0.001 0.001 0.001 0 0.003 0 0 0.001 0 0 0.001 0
0.073 0.091 0.099 0.015 0.227 0.013 0.261 0.208 0.137 0.013 0.005 0.112 0.106 0.322 0.015 0.124 0.045 0.019 0.002 0.268 0.043 0.013 0.02 0.02 0.341 0.064 0.263 0.005 0.006 0.002 1 0.847 0.232 0.014 0.053 0.248 0.055 0.07 0.007 0.188 0.228 0.047 0.034 0.056 0.045 0.046 0.007 0.008 0.013 0.003 0.026 0.004 0.006 0.006 0.002 0.011 0.016 0.029 0.004 0.007 0.009 0.005 0.014 0.007 0.006 0.004 0.003
0.044 0.066 0.063 0.006 0.144 0.011 0.295 0.233 0.15 0.011 0.004 0.073 0.069 0.208 0.012 0.08 0.038 0.026 0 0.184 0.024 0.011 0.017 0.016 0.252 0.042 0.238 0.005 0.005 0.002 0.847 1 0.212 0.012 0.046 0.221 0.047 0.083 0.012 0.153 0.291 0.04 0.072 0.048 0.037 0.046 0.006 0.006 0.011 0.002 0.06 0.003 0.006 0.004 0.024 0.009 0.05 0.06 0.003 0.006 0.009 0.005 0.046 0.005 0.005 0.008 0.002
0.106 0.108 0.112 0.409 0.151 0.013 0.098 0.085 0.059 0.05 0.021 0.195 0.195 0.131 0.055 0.222 0.169 0.062 0.279 0.176 0.516 0.005 0.064 0.049 0.208 0.636 0.847 0.024 0.026 0.01 0.232 0.212 1 0.052 0.217 0.007 0.147 0.012 0.067 0 0.499 0.309 0.057 0.213 0.192 0.135 0 0.02 0.051 0.006 0.05 0.016 0.014 0.023 0.059 0.052 0.11 0.061 0.01 0.026 0.036 0.023 0.092 0.03 0 0.018 0.018
0.027 0.022 0.023 0.044 0.011 0.003 0.007 0.006 0.003 0.003 0.001 0.023 0.024 0.009 0.005 0.018 0.012 0.148 0.064 0.013 0.031 0.003 0.005 0.005 0.013 0.036 0.046 0.001 0.001 0.001 0.014 0.012 0.052 1 0.006 0.031 0.007 0.001 0.004 0.015 0.011 0.04 0.012 0.006 0.006 0.003 0.002 0.001 0.003 0.002 0.013 0.001 0.002 0.001 0.002 0.004 0.009 0.012 0.003 0.002 0.003 0.001 0.008 0.002 0.001 0.001 0.002
0.011 0.027 0.028 0.211 0.022 0.012 0.018 0.015 0.005 0.013 0.088 0.018 0.014 0.012 0.009 0.013 0.036 0.064 0.137 0.046 0.152 0.055 0.009 0.003 0.049 0.161 0.113 0.101 0.005 0.002 0.053 0.046 0.217 0.006 1 0.174 0.051 0.006 0.014 0.106 0.356 0.08 0.081 0.054 0.053 0.06 0 0.002 0.012 0.009 0.083 0.055 0.006 0.006 0.028 0.238 0.067 0.079 0.01 0.121 0.01 0.1 0.061 0.006 0.001 0 0.01
0.069 0.083 0.086 0.001 0.032 0.021 0.065 0.047 0.031 0.071 0.015 0.049 0.044 0.074 0.087 0.037 0.244 0.027 0.069 0.036 0.002 0.027 0.087 0.012 0.06 0 0.019 0.018 0.032 0.003 0.248 0.221 0.007 0.031 0.174 1 0.231 0.034 0.083 0.44 0 0.107 0.354 0.277 0.251 0.194 0.008 0.026 0.068 0.009 0.292 0.012 0.021 0.033 0.129 0.05 0.26 0.269 0.016 0.023 0.058 0.017 0.215 0.037 0.007 0.034 0.019
0.002 0.001 0.001 0.036 0.009 0.012 0.001 0 0.001 0.166 0.005 0.025 0.027 0.004 0.272 0.028 0.646 0.07 0.177 0.016 0.082 0.013 0.294 0.018 0.013 0.09 0.124 0.005 0.006 0 0.055 0.047 0.147 0.007 0.051 0.231 1 0.007 0.015 0.243 0.128 0.04 0.638 0.802 0.783 0.781 0.007 0.008 0.156 0.05 0.546 0.004 0.007 0.004 0.261 0.019 0.548 0.566 0.082 0.007 0.108 0.005 0.596 0.007 0.006 0.015 0.088
0.002 0.01 0.01 0.023 0.006 0.002 0.003 0.003 0.002 0.002 0.001 0.008 0.009 0.004 0.002 0.01 0.005 0.046 0.018 0.006 0.017 0.008 0.002 0.002 0.007 0.019 0.014 0.001 0.001 0 0.07 0.083 0.012 0.001 0.006 0.034 0.007 1 0.002 0.002 0.014 0.028 0.011 0.007 0.007 0.008 0.001 0.001 0.002 0.001 0.008 0 0.001 0.001 0.004 0.002 0.009 0.01 0.001 0.001 0.001 0.001 0.008 0.001 0.001 0 0.001
0.073 0.071 0.088 0.032 0.011 0.255 0.007 0.006 0.004 0.002 0.001 0.119 0.118 0.02 0.005 0.099 0.01 0.021 0.041 0.008 0.05 0.004 0.005 0.296 0.007 0.093 0.073 0.001 0.242 0.001 0.007 0.012 0.067 0.004 0.014 0.083 0.015 0.002 1 0.004 0.034 0.036 0.172 0.016 0.015 0.01 0.002 0.395 0.003 0.003 0.147 0.001 0.002 0.365 0.014 0.005 0.022 0.1 0.003 0.002 0 0.001 0.014 0.447 0.002 0.004 0.003
0.023 0.033 0.036 0.004 0.052 0.018 0.124 0.098 0.051 0.058 0.012 0.02 0.017 0.108 0.045 0.014 0.16 0.021 0.045 0.062 0.005 0.028 0.043 0.02 0.091 0 0.004 0.014 0.001 0.003 0.188 0.153 0 0.015 0.106 0.44 0.243 0.002 0.004 1 0.001 0.068 0.236 0.215 0.193 0.209 0.017 0.001 0.048 0.012 0.211 0.009 0.012 0.001 0.111 0.048 0.199 0.204 0.013 0.018 0.029 0.005 0.26 0.003 0.015 0.029 0.027
0.007 0.004 0.003 0.211 0.036 0.029 0.105 0.083 0.064 0.03 0.019 0.015 0.017 0.077 0.026 0.024 0.09 0.012 0.108 0.044 0.215 0.012 0.032 0.007 0.066 0.259 0.39 0.042 0.013 0.002 0.228 0.291 0.499 0.011 0.356 0 0.128 0.014 0.034 0.001 1 0.173 0.2 0.13 0.127 0.151 0.005 0.018 0.028 0.021 0.203 0.028 0.015 0.014 0.067 0.149 0.161 0.193 0.025 0.049 0.024 0.042 0.151 0.015 0.006 0.006 0.023
0.055 0.047 0.048 0.161 0.06 0.003 0.054 0.052 0.031 0.002 0.011 0.06 0.06 0.051 0.042 0.092 0.02 0.158 0.044 0.081 0.196 0.003 0.041 0.021 0.095 0.246 0.254 0.012 0.014 0.005 0.047 0.04 0.309 0.04 0.08 0.107 0.04 0.028 0.036 0.068 0.173 1 0.081 0.031 0.029 0.039 0.001 0.008 0.017 0.003 0.065 0.008 0.023 0.015 0.059 0.044 0.038 0.067 0.013 0.008 0.009 0.012 0.046 0.016 0.001 0.053 0.01
0.013 0.016 0.019 0.006 0.002 0.027 0.006 0.004 0.004 0.139 0.007 0.002 0.001 0 0.17 0 0.497 0.093 0.094 0.007 0.027 0.019 0.185 0.026 0.005 0.018 0.041 0.008 0.036 0.001 0.034 0.072 0.057 0.012 0.081 0.354 0.638 0.011 0.172 0.236 0.2 0.081 1 0.652 0.604 0.65 0.01 0.062 0.142 0.027 0.859 0.006 0.01 0.07 0.332 0.03 0.652 0.813 0.048 0.011 0.121 0.008 0.662 0.077 0.01 0.023 0.058
0.008 0.006 0.007 0.056 0.038 0.012 0.021 0.02 0.013 0.205 0.005 0.049 0.05 0.03 0.263 0.062 0.748 0.054 0.248 0.05 0.133 0.012 0.284 0.019 0.044 0.144 0.183 0.005 0.006 0 0.056 0.048 0.213 0.006 0.054 0.277 0.802 0.007 0.016 0.215 0.13 0.031 0.652 1 0.925 0.793 0.007 0.008 0.218 0.049 0.569 0.004 0.007 0.004 0.342 0.019 0.698 0.586 0.083 0.007 0.165 0.005 0.619 0.007 0.006 0.015 0.097
0.007 0.005 0.006 0.053 0.037 0.012 0.02 0.019 0.013 0.155 0.005 0.057 0.058 0.029 0.274 0.065 0.704 0.043 0.249 0.049 0.129 0.012 0.292 0.018 0.043 0.14 0.164 0.005 0.006 0 0.045 0.037 0.192 0.006 0.053 0.251 0.783 0.007 0.015 0.193 0.127 0.029 0.604 0.925 1 0.77 0.007 0.008 0.224 0.072 0.556 0.004 0.006 0.004 0.299 0.019 0.676 0.568 0.111 0.007 0.17 0.005 0.597 0.007 0.006 0.015 0.128
0.001 0 0 0.029 0.009 0.014 0.001 0 0.002 0.126 0.006 0.022 0.024 0.003 0.229 0.029 0.585 0.05 0.182 0.015 0.077 0.014 0.248 0.022 0.013 0.086 0.112 0.006 0.007 0 0.046 0.046 0.135 0.003 0.06 0.194 0.781 0.008 0.01 0.209 0.151 0.039 0.65 0.793 0.77 1 0.008 0.01 0.188 0.089 0.626 0.004 0.008 0.005 0.323 0.023 0.638 0.646 0.08 0.009 0.141 0.006 0.641 0.008 0.007 0.017 0.105
0.001 0.002 0.002 0 0 0.008 0.003 0.003 0.002 0.002 0.013 0.006 0.005 0.004 0.002 0.008 0.006 0.007 0.001 0.001 0 0.002 0.002 0.017 0.001 0 0 0 0.025 0 0.007 0.006 0 0.002 0 0.008 0.007 0.001 0.002 0.017 0.005 0.001 0.01 0.007 0.007 0.008 1 0.001 0.001 0.001 0.011 0 0.001 0.001 0.003 0.002 0.008 0.01 0.001 0 0.001 0.001 0.008 0.001 0.342 0.138 0.001
0.008 0.012 0.012 0.001 0.007 0.159 0.004 0.004 0.002 0 0.001 0.028 0.03 0.005 0.003 0.012 0.004 0.002 0.008 0.008 0.004 0.002 0.003 0.259 0.008 0.029 0.022 0.001 0.268 0 0.008 0.006 0.02 0.001 0.002 0.026 0.008 0.001 0.395 0.001 0.018 0.008 0.062 0.008 0.008 0.01 0.001 1 0.002 0.001 0.061 0.001 0.001 0.689 0.004 0.003 0.01 0.05 0.002 0.001 0.002 0.001 0.01 0.841 0.001 0.002 0.001
0.029 0.038 0.037 0.009 0.008 0.003 0.006 0.005 0.003 0.067 0.001 0.002 0.001 0.008 0.004 0.019 0.213 0.018 0.056 0.012 0.032 0.003 0.005 0.004 0.012 0.034 0.043 0.001 0.001 0.001 0.013 0.011 0.051 0.003 0.012 0.068 0.156 0.002 0.003 0.048 0.028 0.017 0.142 0.218 0.224 0.188 0.001 0.002 1 0.005 0.126 0.001 0.001 0.001 0.002 0.004 0.176 0.117 0.004 0.002 0.432 0.001 0.112 0.002 0.001 0.003 0.005
0.009 0.007 0.007 0.002 0.006 0 0.003 0.002 0.002 0.127 0.001 0.009 0.01 0.006 0.001 0.015 0.024 0.002 0.007 0.009 0.005 0.002 0.001 0.003 0.009 0.003 0.004 0.001 0.001 0 0.003 0.002 0.006 0.002 0.009 0.009 0.05 0.001 0.003 0.012 0.021 0.003 0.027 0.049 0.072 0.089 0.001 0.001 0.005 1 0.096 0.001 0.001 0.001 0.005 0.003 0.11 0.098 0.388 0.001 0 0.001 0.088 0.001 0.001 0.002 0.505
0.009 0.011 0.014 0.005 0.004 0.026 0.008 0.005 0.007 0.115 0.008 0.001 0 0 0.155 0.001 0.438 0.073 0.092 0.008 0.029 0.02 0.16 0.017 0.01 0.017 0.036 0.009 0.034 0.001 0.026 0.06 0.05 0.013 0.083 0.292 0.546 0.008 0.147 0.211 0.203 0.065 0.859 0.569 0.556 0.626 0.011 0.061 0.126 0.096 1 0.006 0.01 0.068 0.278 0.03 0.733 0.864 0.123 0.011 0.106 0.009 0.698 0.076 0.01 0.023 0.112
0 0.003 0.003 0.017 0.003 0.001 0.002 0.002 0.001 0.001 0.004 0.003 0.001 0.002 0.001 0.002 0.003 0.005 0.011 0.003 0.008 0.013 0.001 0 0.003 0.007 0.005 0.252 0 0 0.004 0.003 0.016 0.001 0.055 0.012 0.004 0 0.001 0.009 0.028 0.008 0.006 0.004 0.004 0.004 0 0.001 0.001 0.001 0.006 1 0 0 0.002 0.001 0.005 0.005 0.001 0.245 0.001 0 0.004 0 0 0.001 0.001
0.004 0.009 0.003 0.012 0 0.002 0.003 0.003 0.002 0.002 0.001 0.002 0.001 0.004 0.002 0.003 0.006 0.007 0.017 0.001 0.009 0.111 0.002 0.002 0.006 0.018 0.023 0.001 0.001 0 0.006 0.006 0.014 0.002 0.006 0.021 0.007 0.001 0.002 0.012 0.015 0.023 0.01 0.007 0.006 0.008 0.001 0.001 0.001 0.001 0.01 0 1 0.001 0.003 0.002 0.008 0.01 0.001 0.001 0.001 0.001 0.008 0.001 0.001 0.002 0.001
0.017 0.022 0.021 0.004 0.005 0.202 0.003 0.003 0.002 0 0.001 0.046 0.049 0.004 0.001 0.022 0.001 0.008 0.011 0.006 0.01 0.001 0.001 0.246 0.006 0.034 0.024 0.001 0.349 0 0.006 0.004 0.023 0.001 0.006 0.033 0.004 0.001 0.365 0.001 0.014 0.015 0.07 0.004 0.004 0.005 0.001 0.689 0.001 0.001 0.068 0 0.001 1 0.002 0.002 0.005 0.055 0.001 0.001 0 0.001 0.006 0.763 0.001 0.002 0.001
0.012 0.012 0.009 0.044 0 0.007 0.012 0.01 0.007 0.002 0.002 0.006 0.007 0.001 0.518 0.004 0.271 0.019 0.085 0.001 0.03 0.006 0.557 0.01 0 0.035 0.047 0.003 0.003 0 0.002 0.024 0.059 0.002 0.028 0.129 0.261 0.004 0.014 0.111 0.067 0.059 0.332 0.342 0.299 0.323 0.003 0.004 0.002 0.005 0.278 0.002 0.003 0.002 1 0.01 0.328 0.329 0.006 0.004 0.005 0.003 0.307 0.004 0.003 0.008 0.003
0.008 0.022 0.023 0.057 0.009 0.004 0.004 0.002 0.005 0.004 0.002 0.022 0.017 0.005 0.007 0.02 0.017 0.009 0.034 0.01 0.009 0.131 0.007 0.007 0.011 0.008 0.003 0.002 0.002 0.001 0.011 0.009 0.052 0.004 0.238 0.05 0.019 0.002 0.005 0.048 0.149 0.044 0.03 0.019 0.019 0.023 0.002 0.003 0.004 0.003 0.03 0.001 0.002 0.002 0.01 1 0.024 0.029 0.004 0.002 0.004 0.002 0.023 0.002 0.002 0 0.003
0.001 0.001 0.002 0.012 0.007 0 0.027 0.024 0.017 0.129 0.006 0.007 0.009 0.004 0.173 0.016 0.506 0.055 0.141 0.014 0.057 0.015 0.182 0.005 0.016 0.059 0.087 0.007 0 0.001 0.016 0.05 0.11 0.009 0.067 0.26 0.548 0.009 0.022 0.199 0.161 0.038 0.652 0.698 0.676 0.638 0.008 0.01 0.176 0.11 0.733 0.005 0.008 0.005 0.328 0.024 1 0.666 0.155 0.009 0.15 0.007 0.73 0.009 0.008 0.019 0.129
0.001 0.006 0.006 0.009 0.003 0.011 0.007 0.004 0.006 0.141 0.007 0 0 0 0.176 0.003 0.485 0.07 0.093 0.009 0.036 0.019 0.192 0.007 0.007 0.022 0.045 0.008 0.017 0.001 0.029 0.06 0.061 0.012 0.079 0.269 0.566 0.01 0.1 0.204 0.193 0.067 0.813 0.586 0.568 0.646 0.01 0.05 0.117 0.098 0.864 0.005 0.01 0.055 0.329 0.029 0.666 1 0.129 0.011 0.125 0.008 0.64 0.063 0.009 0.02 0.115
0.008 0.005 0.006 0.004 0.007 0 0.003 0.003 0.003 0.096 0.001 0.012 0.013 0.007 0.002 0.017 0.054 0.003 0.016 0.01 0.008 0.003 0.002 0.004 0.011 0.009 0.008 0.001 0.001 0 0.004 0.003 0.01 0.003 0.01 0.016 0.082 0.001 0.003 0.013 0.025 0.013 0.048 0.083 0.111 0.08 0.001 0.002 0.004 0.388 0.123 0.001 0.001 0.001 0.006 0.004 0.155 0.129 1 0.001 0.002 0.001 0.12 0.001 0.001 0.003 0.493
0 0.002 0.003 0.029 0.001 0.002 0 0 0.001 0.002 0.004 0.003 0.001 0 0.003 0.002 0.006 0.007 0.019 0.007 0.024 0.004 0.003 0 0.007 0.022 0.016 0.584 0.001 0.003 0.007 0.006 0.026 0.002 0.121 0.023 0.007 0.001 0.002 0.018 0.049 0.008 0.011 0.007 0.007 0.009 0 0.001 0.002 0.001 0.011 0.245 0.001 0.001 0.004 0.002 0.009 0.011 0.001 1 0.001 0.001 0.009 0.001 0.001 0.002 0.001
0.014 0.017 0.018 0.002 0.004 0 0.003 0.004 0.002 0.098 0.001 0 0 0.005 0.004 0.006 0.149 0.015 0.036 0.008 0.02 0.003 0.004 0.001 0.008 0.021 0.03 0.001 0.001 0 0.009 0.009 0.036 0.003 0.01 0.058 0.108 0.001 0 0.029 0.024 0.009 0.121 0.165 0.17 0.141 0.001 0.002 0.432 0 0.106 0.001 0.001 0 0.005 0.004 0.15 0.125 0.002 0.001 1 0.001 0.122 0.001 0.001 0.003 0.001
0.004 0.009 0.009 0.009 0.004 0.001 0.003 0.002 0.001 0.001 0 0.009 0.008 0.003 0.005 0.008 0 0.008 0.005 0.005 0.016 0.001 0.005 0.002 0.005 0.033 0.026 0.001 0.001 0 0.005 0.005 0.023 0.001 0.1 0.017 0.005 0.001 0.001 0.005 0.042 0.012 0.008 0.005 0.005 0.006 0.001 0.001 0.001 0.001 0.009 0 0.001 0.001 0.003 0.002 0.007 0.008 0.001 0.001 0.001 1 0.006 0.001 0.001 0.001 0.001
0.001 0.001 0.002 0.015 0 0.001 0.003 0.002 0.005 0.146 0.006 0.001 0.002 0.001 0.151 0.006 0.439 0.051 0.119 0.002 0.046 0.014 0.167 0.009 0.003 0.048 0.074 0.006 0 0.001 0.014 0.046 0.092 0.008 0.061 0.215 0.596 0.008 0.014 0.26 0.151 0.046 0.662 0.619 0.597 0.641 0.008 0.01 0.112 0.088 0.698 0.004 0.008 0.006 0.307 0.023 0.73 0.64 0.12 0.009 0.122 0.006 1 0.008 0.007 0.018 0.146
0.012 0.016 0.016 0.003 0.006 0.188 0.004 0.003 0.002 0 0.001 0.036 0.039 0.004 0.002 0.019 0.003 0.009 0.015 0.006 0.006 0.002 0.002 0.293 0.007 0.041 0.032 0.001 0.293 0 0.007 0.005 0.03 0.002 0.006 0.037 0.007 0.001 0.447 0.003 0.015 0.016 0.077 0.007 0.007 0.008 0.001 0.841 0.002 0.001 0.076 0 0.001 0.763 0.004 0.002 0.009 0.063 0.001 0.001 0.001 0.001 0.008 1 0.001 0.002 0.001
0.004 0.006 0.005 0.001 0 0.016 0.003 0.003 0.001 0.001 0.015 0.011 0.01 0.004 0.002 0.014 0.006 0.003 0 0.001 0.001 0.001 0.002 0.027 0.001 0 0 0.001 0.027 0 0.006 0.005 0 0.001 0.001 0.007 0.006 0.001 0.002 0.015 0.006 0.001 0.01 0.006 0.006 0.007 0.342 0.001 0.001 0.001 0.01 0 0.001 0.001 0.003 0.002 0.008 0.009 0.001 0.001 0.001 0.001 0.007 0.001 1 0.065 0.001
0.003 0.003 0.004 0.007 0.011 0.005 0.008 0.006 0.004 0.003 0.004 0 0.001 0.009 0.005 0.002 0.011 0.043 0.007 0.011 0.001 0.003 0.005 0.008 0.014 0.008 0.01 0.001 0 0.001 0.004 0.008 0.018 0.001 0 0.034 0.015 0 0.004 0.029 0.006 0.053 0.023 0.015 0.015 0.017 0.138 0.002 0.003 0.002 0.023 0.001 0.002 0.002 0.008 0 0.019 0.02 0.003 0.002 0.003 0.001 0.018 0.002 0.065 1 0.003
0.005 0.003 0.004 0.005 0.006 0 0.003 0.002 0.002 0.087 0.001 0.01 0.011 0.006 0.002 0.015 0.058 0.002 0.023 0.009 0.016 0.002 0.002 0.004 0.01 0.012 0.015 0.001 0.001 0 0.003 0.002 0.018 0.002 0.01 0.019 0.088 0.001 0.003 0.027 0.023 0.01 0.058 0.097 0.128 0.105 0.001 0.001 0.005 0.505 0.112 0.001 0.001 0.001 0.003 0.003 0.129 0.115 0.493 0.001 0.001 0.001 0.146 0.001 0.001 0.003 1
