1 0.854 0.891 0.444 0.343 0.163 0.277 0.262 0.106 0.024 0.055 0.51 0.492 0.239 0.032 0.582 0.002 0.119 0.097 0.31 0.3 0.01 0.035 0.217 0.258 0.249 0.138 0.002 0.064 0.006 0.05 0.034 0.13 0.015 0.008 0.115 0.002 0.002 0.104 0.059 0.007 0.085 0.036 0.004 0.003 0 0.015 0.023 0.039 0.008 0.028 0 0.006 0.033 0.007 0.006 0.002 0.012 0.001 0.007 0.035 0.004 0.006 0.024 0.014 0 0.002
0.854 1 0.933 0.418 0.322 0.19 0.324 0.306 0.124 0.021 0.065 0.531 0.511 0.221 0.027 0.599 0 0.121 0.086 0.29 0.281 0.02 0.03 0.256 0.25 0.239 0.118 0.004 0.077 0.006 0.034 0.038 0.105 0.013 0.017 0.114 0.005 0.012 0.071 0.053 0.002 0.083 0.036 0.001 0.001 0.001 0.02 0.029 0.047 0.006 0.028 0.004 0.01 0.04 0.013 0.017 0.001 0.018 0.001 0.011 0.033 0.009 0.005 0.03 0.018 0 0.001
0.891 0.933 1 0.448 0.384 0.181 0.308 0.291 0.118 0.022 0.062 0.579 0.557 0.269 0.028 0.654 0.001 0.124 0.092 0.349 0.314 0.021 0.031 0.243 0.293 0.261 0.132 0.005 0.073 0.011 0.049 0.033 0.117 0.013 0.018 0.127 0.004 0.012 0.117 0.064 0.001 0.086 0.049 0.002 0.001 0.001 0.018 0.027 0.044 0.007 0.04 0.004 0.006 0.038 0.004 0.018 0.005 0.02 0.001 0.012 0.04 0.01 0.011 0.028 0.017 0 0.001
0.444 0.418 0.448 1 0.207 0.065 0.148 0.141 0.057 0.045 0.03 0.246 0.267 0.145 0.059 0.305 0.025 0.27 0.291 0.167 0.628 0 0.053 0.091 0.137 0.575 0.321 0.026 0.024 0.023 0.002 0 0.383 0.027 0.25 0.001 0.01 0.027 0.05 0 0.182 0.213 0 0.037 0.04 0.017 0.008 0.007 0.019 0.007 0 0.015 0.015 0.01 0.019 0.051 0.006 0.002 0.004 0.035 0.008 0.014 0.005 0.009 0.003 0.002 0.007
0.343 0.322 0.384 0.207 1 0.014 0.584 0.559 0.192 0.01 0.005 0.392 0.367 0.628 0.013 0.421 0.02 0.06 0.094 0.727 0.22 0.01 0.015 0.014 0.621 0.184 0.124 0.004 0.009 0.005 0.197 0.133 0.105 0.006 0.021 0.044 0.001 0.007 0.002 0.105 0.037 0.027 0 0.022 0.021 0.003 0.002 0.007 0.003 0.001 0.002 0.002 0.001 0.007 0.002 0.008 0.006 0.005 0.002 0.006 0 0.004 0 0.005 0.002 0.003 0.002
0.163 0.19 0.181 0.065 0.014 1 0.01 0.009 0.004 0.004 0.002 0.182 0.173 0.011 0.005 0.203 0.015 0.024 0.048 0.013 0.104 0.004 0.006 0.635 0.015 0.086 0.043 0.002 0.403 0.002 0.019 0.01 0.039 0.002 0.018 0.067 0.01 0.003 0.351 0.015 0.032 0.025 0.054 0.01 0.009 0.013 0.045 0.208 0.002 0.003 0.046 0.001 0.002 0.253 0.004 0.003 0.002 0.024 0.003 0.002 0.002 0.002 0 0.197 0.044 0.001 0.003
0.277 0.324 0.308 0.148 0.584 0.01 1 0.912 0.37 0.007 0.003 0.253 0.24 0.659 0.009 0.282 0.01 0.041 0.057 0.539 0.158 0.007 0.01 0.007 0.499 0.139 0.082 0.003 0.005 0.004 0.193 0.206 0.081 0.004 0.014 0.044 0.001 0.005 0.008 0.135 0.071 0.034 0.001 0.018 0.017 0 0.004 0.005 0.004 0 0.003 0.002 0.003 0.005 0.013 0.002 0.024 0.004 0 0.004 0.006 0.003 0.001 0.003 0.004 0.005 0
0.262 0.306 0.291 0.141 0.559 0.009 0.912 1 0.406 0.006 0.003 0.235 0.224 0.628 0.008 0.262 0.008 0.037 0.05 0.499 0.147 0.006 0.009 0.006 0.46 0.129 0.075 0.002 0.004 0.003 0.166 0.178 0.075 0.004 0.012 0.038 0.002 0.004 0.007 0.124 0.057 0.032 0 0.016 0.015 0.001 0.004 0.005 0.004 0 0.002 0.002 0.003 0.004 0.012 0.004 0.021 0.002 0 0.003 0.005 0.003 0 0.003 0.004 0.005 0
0.106 0.124 0.118 0.057 0.192 0.004 0.37 0.406 1 0.003 0.001 0.119 0.113 0.307 0.003 0.128 0.01 0.014 0.029 0.232 0.067 0.002 0.004 0.004 0.229 0.067 0.034 0.001 0.001 0.001 0.05 0.053 0.042 0.002 0.004 0.006 0.009 0.002 0.002 0.055 0.012 0.022 0.002 0.011 0.011 0.006 0.001 0.002 0.002 0.002 0 0.001 0.001 0.002 0.004 0.003 0.012 0 0.002 0.001 0.002 0.001 0 0.001 0.002 0.002 0.003
0.024 0.021 0.022 0.045 0.01 0.004 0.007 0.006 0.003 1 0.001 0.007 0.007 0.008 0.004 0.015 0.258 0.017 0.08 0.01 0.036 0.003 0.004 0.006 0.009 0.036 0.049 0.001 0.002 0.001 0.013 0.012 0.056 0.002 0.013 0.065 0.152 0.002 0.003 0.024 0.031 0.014 0.141 0.234 0.201 0.176 0.002 0.002 0.007 0.138 0.145 0.001 0.001 0.001 0 0.003 0.153 0.144 0.109 0.002 0.018 0.001 0.137 0.001 0.002 0.002 0.17
0.055 0.065 0.062 0.03 0.005 0.002 0.003 0.003 0.001 0.001 1 0.062 0.059 0.004 0.002 0.07 0.005 0.008 0.017 0.005 0.037 0.001 0.002 0.223 0.005 0.037 0.027 0.002 0.001 0.001 0.006 0.006 0.023 0.001 0.104 0.02 0.006 0.001 0.002 0.015 0.029 0.013 0.009 0.006 0.005 0.007 0.034 0.001 0.001 0.001 0.009 0 0.001 0.001 0.003 0.002 0.007 0.009 0.001 0.001 0.001 0.001 0.007 0.001 0.032 0.025 0.001
0.51 0.531 0.579 0.246 0.392 0.182 0.253 0.235 0.119 0.007 0.062 1 0.931 0.317 0.025 0.747 0.06 0.086 0.176 0.38 0.346 0.013 0.028 0.237 0.312 0.301 0.212 0.005 0.083 0.011 0.089 0.066 0.205 0.013 0.013 0.081 0.016 0.015 0.132 0.026 0.012 0.062 0.006 0.052 0.057 0.022 0.019 0.037 0.004 0.018 0.003 0.004 0.002 0.06 0.005 0.017 0.01 0 0.019 0.012 0 0.01 0.002 0.039 0.018 0.014 0.021
0.492 0.511 0.557 0.267 0.367 0.173 0.24 0.224 0.113 0.007 0.059 0.931 1 0.302 0.026 0.72 0.063 0.091 0.186 0.369 0.333 0.003 0.03 0.226 0.309 0.286 0.198 0.005 0.08 0.012 0.085 0.064 0.214 0.014 0.008 0.072 0.019 0.014 0.126 0.02 0.016 0.064 0.004 0.057 0.061 0.025 0.018 0.035 0.002 0.018 0.001 0.003 0.002 0.057 0.006 0.007 0.012 0 0.02 0.011 0 0.009 0.003 0.038 0.017 0.013 0.022
0.239 0.221 0.269 0.145 0.628 0.011 0.659 0.628 0.307 0.008 0.004 0.317 0.302 1 0.011 0.402 0.031 0.048 0.098 0.667 0.211 0.008 0.012 0.017 0.624 0.176 0.108 0.003 0.007 0 0.251 0.168 0.105 0.005 0.013 0.053 0 0.006 0.005 0.153 0.054 0.024 0 0.027 0.026 0.001 0.004 0.006 0.005 0.007 0 0.002 0.004 0.006 0 0.006 0.007 0.002 0.008 0.004 0.002 0.004 0.001 0.004 0.004 0.006 0.008
0.032 0.027 0.028 0.059 0.013 0.005 0.009 0.008 0.003 0.004 0.002 0.025 0.026 0.011 1 0.025 0.341 0.023 0.105 0.013 0.047 0.003 0.876 0.008 0.014 0.034 0.048 0.002 0.003 0.002 0.018 0.016 0.057 0.002 0.007 0.062 0.247 0.003 0.005 0.063 0.028 0.016 0.149 0.229 0.238 0.207 0.002 0.003 0.002 0.001 0.103 0.001 0.002 0.003 0.444 0.004 0.181 0.156 0 0.002 0.003 0.004 0.187 0.002 0.002 0.003 0
0.582 0.599 0.654 0.305 0.421 0.203 0.282 0.262 0.128 0.015 0.07 0.747 0.72 0.402 0.025 1 0.066 0.115 0.221 0.521 0.488 0.018 0.024 0.247 0.447 0.396 0.235 0.004 0.076 0.004 0.074 0.052 0.219 0.008 0.009 0.068 0.013 0.013 0.13 0.028 0.01 0.076 0.005 0.055 0.056 0.022 0.024 0.03 0.012 0.016 0.002 0.003 0.005 0.051 0.002 0.016 0.011 0 0.018 0.011 0.001 0.009 0.001 0.033 0.023 0.001 0.019
0.002 0 0.001 0.025 0.02 0.015 0.01 0.008 0.01 0.258 0.005 0.06 0.063 0.031 0.341 0.066 1 0.063 0.302 0.039 0.122 0.01 0.343 0.015 0.039 0.099 0.143 0.004 0.002 0.005 0.051 0.048 0.169 0.006 0.029 0.196 0.622 0.005 0.007 0.128 0.091 0.038 0.458 0.712 0.656 0.585 0.006 0.002 0.136 0.068 0.38 0.003 0.005 0.001 0.226 0.012 0.512 0.485 0.097 0.006 0.09 0 0.466 0.001 0.006 0.005 0.126
0.119 0.121 0.124 0.27 0.06 0.024 0.041 0.037 0.014 0.017 0.008 0.086 0.091 0.048 0.023 0.115 0.063 1 0.376 0.064 0.196 0.016 0.018 0.036 0.043 0.19 0.021 0.007 0.014 0.047 0.046 0.055 0.035 0.089 0.074 0.013 0.066 0.095 0.022 0.013 0.004 0.194 0.097 0.052 0.04 0.051 0 0.003 0.011 0.003 0.076 0.004 0.007 0.011 0.025 0.012 0.059 0.075 0.002 0.01 0.013 0.008 0.062 0.009 0.001 0.016 0.004
0.097 0.086 0.092 0.291 0.094 0.048 0.057 0.05 0.029 0.08 0.017 0.176 0.186 0.098 0.105 0.221 0.302 0.376 1 0.127 0.391 0.033 0.117 0.063 0.1 0.35 0.144 0.014 0.018 0.02 0.001 0.003 0.192 0.038 0.122 0.076 0.161 0.051 0.035 0.043 0.065 0.033 0.073 0.218 0.219 0.17 0.005 0.006 0.039 0.027 0.065 0.008 0.015 0.014 0.059 0.028 0.13 0.093 0.042 0.019 0.019 0.006 0.109 0.01 0.001 0.002 0.052
0.31 0.29 0.349 0.167 0.727 0.013 0.539 0.499 0.232 0.01 0.005 0.38 0.369 0.667 0.013 0.521 0.039 0.064 0.127 1 0.27 0.01 0.015 0.021 0.864 0.214 0.133 0.004 0.008 0.001 0.228 0.159 0.128 0.006 0.036 0.044 0.002 0.007 0.002 0.122 0.026 0.042 0.001 0.035 0.034 0.004 0.001 0.008 0.006 0.009 0.002 0.003 0.001 0.003 0 0.008 0.012 0.007 0.01 0.006 0.003 0.004 0 0.005 0.001 0.003 0.01
0.3 0.281 0.314 0.628 0.22 0.104 0.158 0.147 0.067 0.036 0.037 0.346 0.333 0.211 0.047 0.488 0.122 0.196 0.391 0.27 1 0.034 0.053 0.145 0.267 0.862 0.559 0.029 0.04 0.01 0.019 0.011 0.507 0.021 0.196 0 0.064 0.022 0.067 0.001 0.204 0.198 0.012 0.126 0.123 0.076 0.013 0.013 0.022 0.019 0.012 0.015 0.012 0.026 0.023 0.004 0.054 0.029 0.022 0.04 0.009 0.019 0.039 0.015 0.007 0 0.036
0.01 0.02 0.021 0 0.01 0.004 0.007 0.006 0.002 0.003 0.001 0.013 0.003 0.008 0.003 0.018 0.01 0.016 0.033 0.01 0.034 1 0.004 0.006 0.01 0.034 0.047 0 0.002 0.001 0.013 0.012 0.002 0.002 0.031 0.034 0.011 0 0.004 0.007 0.005 0.001 0.005 0.001 0.001 0.002 0.002 0.002 0.002 0.002 0.005 0 0.144 0.002 0 0.149 0.003 0.005 0.002 0 0.002 0.001 0.003 0.002 0.002 0.002 0.003
0.035 0.03 0.031 0.053 0.015 0.006 0.01 0.009 0.004 0.004 0.002 0.028 0.03 0.012 0.876 0.024 0.343 0.018 0.117 0.015 0.053 0.004 1 0.009 0.015 0.039 0.055 0.002 0.004 0.002 0.019 0.018 0.065 0.002 0.009 0.063 0.258 0.003 0.005 0.053 0.033 0.014 0.154 0.241 0.219 0.215 0.002 0.003 0.002 0 0.085 0.001 0.002 0.003 0.473 0.005 0.18 0.162 0 0.002 0.003 0.003 0.194 0.002 0.002 0.003 0
0.217 0.256 0.243 0.091 0.014 0.635 0.007 0.006 0.004 0.006 0.223 0.237 0.226 0.017 0.008 0.247 0.015 0.036 0.063 0.021 0.145 0.006 0.009 1 0.022 0.147 0.085 0 0.332 0.003 0.029 0.017 0.077 0.004 0.004 0.025 0.018 0.004 0.3 0.027 0.004 0.046 0.03 0.018 0.017 0.023 0.071 0.203 0.004 0.005 0.025 0 0.003 0.226 0.007 0.006 0 0.012 0.005 0.003 0 0.003 0.002 0.196 0.069 0.011 0.006
0.258 0.25 0.293 0.137 0.621 0.015 0.499 0.46 0.229 0.009 0.005 0.312 0.309 0.624 0.014 0.447 0.039 0.043 0.1 0.864 0.267 0.01 0.015 0.022 1 0.253 0.164 0.004 0.009 0.001 0.285 0.207 0.156 0.006 0.037 0.063 0.002 0.007 0.002 0.144 0.042 0.046 0.001 0.035 0.034 0.004 0.005 0.008 0.006 0.009 0.003 0.003 0.005 0.003 0 0.008 0.014 0.007 0.01 0.006 0.004 0.005 0.001 0.005 0.005 0.008 0.01
0.249 0.239 0.261 0.575 0.184 0.086 0.139 0.129 0.067 0.036 0.037 0.301 0.286 0.176 0.034 0.396 0.099 0.19 0.35 0.214 0.862 0.034 0.039 0.147 0.253 1 0.651 0.028 0.065 0.018 0.024 0.015 0.591 0.022 0.215 0.001 0.072 0.025 0.102 0.001 0.226 0.22 0.008 0.137 0.133 0.084 0.011 0.036 0.022 0.012 0.006 0.015 0.018 0.053 0.029 0.004 0.054 0.019 0.022 0.041 0.009 0.036 0.039 0.044 0.005 0.002 0.027
0.138 0.118 0.132 0.321 0.124 0.043 0.082 0.075 0.034 0.049 0.027 0.212 0.198 0.108 0.048 0.235 0.143 0.021 0.144 0.133 0.559 0.047 0.055 0.085 0.164 0.651 1 0.02 0.039 0.025 0.269 0.249 0.862 0.03 0.13 0.04 0.138 0.031 0.074 0.001 0.44 0.182 0.046 0.204 0.179 0.142 0.003 0.024 0.03 0.015 0.036 0.011 0.024 0.027 0.047 0.001 0.101 0.063 0.016 0.029 0.025 0.026 0.092 0.032 0 0.003 0.033
0.002 0.004 0.005 0.026 0.004 0.002 0.003 0.002 0.001 0.001 0.002 0.005 0.005 0.003 0.002 0.004 0.004 0.007 0.014 0.004 0.029 0 0.002 0 0.004 0.028 0.02 1 0.001 0.001 0.006 0.005 0.02 0.001 0.091 0.018 0.005 0.001 0.002 0.013 0.037 0.011 0.008 0.005 0.005 0.006 0.004 0.001 0.001 0.001 0.008 0.18 0.001 0.001 0.002 0.001 0.006 0.008 0.001 0.596 0.001 0.001 0.007 0.001 0.001 0.001 0.001
0.064 0.077 0.073 0.024 0.009 0.403 0.005 0.004 0.001 0.002 0.001 0.083 0.08 0.007 0.003 0.076 0.002 0.014 0.018 0.008 0.04 0.002 0.004 0.332 0.009 0.065 0.039 0.001 1 0.001 0.012 0.011 0.04 0.001 0.011 0.054 0.009 0.002 0.325 0.013 0.026 0.021 0.051 0.009 0.009 0.011 0.079 0.213 0 0.002 0.041 0.001 0.001 0.206 0.001 0.002 0.001 0.032 0.002 0.002 0.001 0.001 0.001 0.266 0.074 0 0.002
0.006 0.006 0.011 0.023 0.005 0.002 0.004 0.003 0.001 0.001 0.001 0.011 0.012 0 0.002 0.004 0.005 0.047 0.02 0.001 0.01 0.001 0.002 0.003 0.001 0.018 0.025 0.001 0.001 1 0.007 0.006 0.029 0.001 0.006 0.012 0.001 0.001 0.002 0.008 0.014 0.002 0.004 0.001 0.001 0.002 0.001 0.001 0.001 0.001 0.003 0 0 0.001 0 0.002 0.002 0.003 0.001 0 0.001 0.001 0.002 0.001 0.001 0.001 0.001
0.05 0.034 0.049 0.002 0.197 0.019 0.193 0.166 0.05 0.013 0.006 0.089 0.085 0.251 0.018 0.074 0.051 0.046 0.001 0.228 0.019 0.013 0.019 0.029 0.285 0.024 0.269 0.006 0.012 0.007 1 0.882 0.233 0.008 0.062 0.272 0.057 0.124 0 0.186 0.26 0.011 0.05 0.056 0.042 0.055 0.008 0.01 0.008 0.003 0.036 0.003 0.006 0.009 0.005 0.011 0.024 0.05 0.002 0.008 0.006 0.006 0.026 0.007 0.008 0.005 0.004
0.034 0.038 0.033 0 0.133 0.01 0.206 0.178 0.053 0.012 0.006 0.066 0.064 0.168 0.016 0.052 0.048 0.055 0.003 0.159 0.011 0.012 0.018 0.017 0.207 0.015 0.249 0.005 0.011 0.006 0.882 1 0.218 0.008 0.058 0.253 0.054 0.133 0.015 0.161 0.311 0.008 0.085 0.052 0.038 0.051 0.007 0.008 0.008 0.002 0.066 0.003 0.006 0.007 0.026 0.01 0.054 0.067 0.002 0.007 0.01 0.006 0.056 0.005 0.008 0.005 0.004
0.13 0.105 0.117 0.383 0.105 0.039 0.081 0.075 0.042 0.056 0.023 0.205 0.214 0.105 0.057 0.219 0.169 0.035 0.192 0.128 0.507 0.002 0.065 0.077 0.156 0.591 0.862 0.02 0.04 0.029 0.233 0.218 1 0.035 0.218 0.021 0.15 0.026 0.065 0 0.504 0.217 0.058 0.237 0.21 0.157 0.005 0.021 0.035 0.019 0.047 0.012 0.009 0.023 0.058 0.038 0.127 0.077 0.021 0.028 0.03 0.023 0.105 0.028 0.001 0.005 0.04
0.015 0.013 0.013 0.027 0.006 0.002 0.004 0.004 0.002 0.002 0.001 0.013 0.014 0.005 0.002 0.008 0.006 0.089 0.038 0.006 0.021 0.002 0.002 0.004 0.006 0.022 0.03 0.001 0.001 0.001 0.008 0.008 0.035 1 0.005 0.022 0.005 0.001 0.002 0.012 0.01 0.034 0.008 0.004 0.004 0.002 0.001 0 0.001 0.001 0.008 0 0.001 0.001 0.001 0.001 0.006 0.008 0.002 0.001 0.001 0.001 0.006 0.001 0.001 0.002 0.002
0.008 0.017 0.018 0.25 0.021 0.018 0.014 0.012 0.004 0.013 0.104 0.013 0.008 0.013 0.007 0.009 0.029 0.074 0.122 0.036 0.196 0.031 0.009 0.004 0.037 0.215 0.13 0.091 0.011 0.006 0.062 0.058 0.218 0.005 1 0.196 0.044 0.009 0.017 0.122 0.346 0.091 0.075 0.052 0.051 0.053 0.003 0.007 0.008 0.009 0.071 0.039 0.006 0.009 0.027 0.179 0.067 0.072 0.011 0.127 0.011 0.101 0.058 0.007 0 0 0.013
0.115 0.114 0.127 0.001 0.044 0.067 0.044 0.038 0.006 0.065 0.02 0.081 0.072 0.053 0.062 0.068 0.196 0.013 0.076 0.044 0 0.034 0.063 0.025 0.063 0.001 0.04 0.018 0.054 0.012 0.272 0.253 0.021 0.022 0.196 1 0.176 0.041 0.087 0.38 0.003 0.098 0.286 0.219 0.192 0.14 0 0.03 0.04 0.015 0.232 0.01 0.02 0.038 0.087 0.041 0.233 0.233 0.027 0.025 0.052 0.02 0.19 0.037 0.001 0.018 0.033
0.002 0.005 0.004 0.01 0.001 0.01 0.001 0.002 0.009 0.152 0.006 0.016 0.019 0 0.247 0.013 0.622 0.066 0.161 0.002 0.064 0.011 0.258 0.018 0.002 0.072 0.138 0.005 0.009 0.001 0.057 0.054 0.15 0.005 0.044 0.176 1 0.008 0.016 0.21 0.137 0.053 0.611 0.734 0.693 0.827 0.007 0.009 0.128 0.089 0.482 0.003 0.006 0.003 0.21 0.013 0.526 0.59 0.083 0.007 0.13 0.006 0.629 0.007 0.007 0.009 0.109
0.002 0.012 0.012 0.027 0.007 0.003 0.005 0.004 0.002 0.002 0.001 0.015 0.014 0.006 0.003 0.013 0.005 0.095 0.051 0.007 0.022 0 0.003 0.004 0.007 0.025 0.031 0.001 0.002 0.001 0.124 0.133 0.026 0.001 0.009 0.041 0.008 1 0.003 0.001 0.042 0.038 0.013 0.008 0.008 0.01 0.001 0.001 0.001 0.002 0.012 0 0.001 0.001 0.004 0.002 0.01 0.013 0.002 0.001 0.002 0.001 0.011 0.001 0.001 0.001 0.002
0.104 0.071 0.117 0.05 0.002 0.351 0.008 0.007 0.002 0.003 0.002 0.132 0.126 0.005 0.005 0.13 0.007 0.022 0.035 0.002 0.067 0.004 0.005 0.3 0.002 0.102 0.074 0.002 0.325 0.002 0 0.015 0.065 0.002 0.017 0.087 0.016 0.003 1 0 0.042 0.035 0.191 0.016 0.015 0.019 0.002 0.427 0.002 0.003 0.174 0.001 0.002 0.384 0.009 0.004 0.028 0.094 0.004 0.002 0.001 0.002 0.018 0.419 0.002 0.003 0.004
0.059 0.053 0.064 0 0.105 0.015 0.135 0.124 0.055 0.024 0.015 0.026 0.02 0.153 0.063 0.028 0.128 0.013 0.043 0.122 0.001 0.007 0.053 0.027 0.144 0.001 0.001 0.013 0.013 0.008 0.186 0.161 0 0.012 0.122 0.38 0.21 0.001 0 1 0.002 0.054 0.189 0.197 0.195 0.215 0.018 0.008 0.044 0.025 0.173 0.008 0.004 0.004 0.112 0.036 0.175 0.173 0.029 0.018 0.035 0.013 0.204 0.006 0.019 0.019 0.058
0.007 0.002 0.001 0.182 0.037 0.032 0.071 0.057 0.012 0.031 0.029 0.012 0.016 0.054 0.028 0.01 0.091 0.004 0.065 0.026 0.204 0.005 0.033 0.004 0.042 0.226 0.44 0.037 0.026 0.014 0.26 0.311 0.504 0.01 0.346 0.003 0.137 0.042 0.042 0.002 1 0.105 0.219 0.13 0.127 0.16 0.002 0.024 0.019 0.025 0.207 0.022 0.015 0.022 0.066 0.103 0.167 0.21 0.024 0.051 0.026 0.041 0.174 0.017 0.005 0.001 0.032
0.085 0.083 0.086 0.213 0.027 0.025 0.034 0.032 0.022 0.014 0.013 0.062 0.064 0.024 0.016 0.076 0.038 0.194 0.033 0.042 0.198 0.001 0.014 0.046 0.046 0.22 0.182 0.011 0.021 0.002 0.011 0.008 0.217 0.034 0.091 0.098 0.053 0.038 0.035 0.054 0.105 1 0.108 0.047 0.045 0.062 0.003 0.008 0 0.01 0.107 0.006 0.036 0.018 0.025 0.03 0.063 0.088 0.015 0.015 0.005 0.012 0.073 0.015 0 0.016 0.013
0.036 0.036 0.049 0 0 0.054 0.001 0 0.002 0.141 0.009 0.006 0.004 0 0.149 0.005 0.458 0.097 0.073 0.001 0.012 0.005 0.154 0.03 0.001 0.008 0.046 0.008 0.051 0.004 0.05 0.085 0.058 0.008 0.075 0.286 0.611 0.013 0.191 0.189 0.219 0.108 1 0.596 0.544 0.638 0.011 0.075 0.087 0.052 0.83 0.005 0.009 0.087 0.282 0.022 0.655 0.833 0.071 0.012 0.119 0.009 0.715 0.079 0.012 0.014 0.09
0.004 0.001 0.002 0.037 0.022 0.01 0.018 0.016 0.011 0.234 0.006 0.052 0.057 0.027 0.229 0.055 0.712 0.052 0.218 0.035 0.126 0.001 0.241 0.018 0.035 0.137 0.204 0.005 0.009 0.001 0.056 0.052 0.237 0.004 0.052 0.219 0.734 0.008 0.016 0.197 0.13 0.047 0.596 1 0.886 0.797 0.007 0.009 0.146 0.098 0.5 0.003 0.006 0.002 0.302 0.013 0.709 0.611 0.129 0.007 0.148 0.005 0.652 0.007 0.007 0.009 0.159
0.003 0.001 0.001 0.04 0.021 0.009 0.017 0.015 0.011 0.201 0.005 0.057 0.061 0.026 0.238 0.056 0.656 0.04 0.219 0.034 0.123 0.001 0.219 0.017 0.034 0.133 0.179 0.005 0.009 0.001 0.042 0.038 0.21 0.004 0.051 0.192 0.693 0.008 0.015 0.195 0.127 0.045 0.544 0.886 1 0.78 0.007 0.008 0.149 0.14 0.533 0.003 0.005 0.002 0.252 0.013 0.694 0.599 0.176 0.007 0.152 0.005 0.637 0.006 0.007 0.008 0.209
0 0.001 0.001 0.017 0.003 0.013 0 0.001 0.006 0.176 0.007 0.022 0.025 0.001 0.207 0.022 0.585 0.051 0.17 0.004 0.076 0.002 0.215 0.023 0.004 0.084 0.142 0.006 0.011 0.002 0.055 0.051 0.157 0.002 0.053 0.14 0.827 0.01 0.019 0.215 0.16 0.062 0.638 0.797 0.78 1 0.008 0.011 0.119 0.136 0.579 0.003 0.007 0.004 0.261 0.016 0.641 0.689 0.153 0.009 0.119 0.007 0.715 0.008 0.009 0.011 0.166
0.015 0.02 0.018 0.008 0.002 0.045 0.004 0.004 0.001 0.002 0.034 0.019 0.018 0.004 0.002 0.024 0.006 0 0.005 0.001 0.013 0.002 0.002 0.071 0.005 0.011 0.003 0.004 0.079 0.001 0.008 0.007 0.005 0.001 0.003 0 0.007 0.001 0.002 0.018 0.002 0.003 0.011 0.007 0.007 0.008 1 0.001 0.001 0.001 0.011 0 0.001 0.001 0.003 0.002 0.009 0.011 0.002 0.002 0.001 0.001 0.009 0.001 0.784 0.078 0.002
0.023 0.029 0.027 0.007 0.007 0.208 0.005 0.005 0.002 0.002 0.001 0.037 0.035 0.006 0.003 0.03 0.002 0.003 0.006 0.008 0.013 0.002 0.003 0.203 0.008 0.036 0.024 0.001 0.213 0.001 0.01 0.008 0.021 0 0.007 0.03 0.009 0.001 0.427 0.008 0.024 0.008 0.075 0.009 0.008 0.011 0.001 1 0.001 0.002 0.08 0.001 0.001 0.695 0.004 0.002 0.011 0.053 0.002 0.001 0.002 0.001 0.012 0.75 0.001 0.002 0.002
0.039 0.047 0.044 0.019 0.003 0.002 0.004 0.004 0.002 0.007 0.001 0.004 0.002 0.005 0.002 0.012 0.136 0.011 0.039 0.006 0.022 0.002 0.002 0.004 0.006 0.022 0.03 0.001 0 0.001 0.008 0.008 0.035 0.001 0.008 0.04 0.128 0.001 0.002 0.044 0.019 0 0.087 0.146 0.149 0.119 0.001 0.001 1 0 0.082 0 0.001 0.001 0.003 0.002 0.114 0.089 0 0.001 0.354 0.001 0.072 0.001 0.001 0.001 0
0.008 0.006 0.007 0.007 0.001 0.003 0 0 0.002 0.138 0.001 0.018 0.018 0.007 0.001 0.016 0.068 0.003 0.027 0.009 0.019 0.002 0 0.005 0.009 0.012 0.015 0.001 0.002 0.001 0.003 0.002 0.019 0.001 0.009 0.015 0.089 0.002 0.003 0.025 0.025 0.01 0.052 0.098 0.14 0.136 0.001 0.002 0 1 0.126 0.001 0.001 0.002 0.005 0.003 0.13 0.122 0.44 0.001 0.001 0.001 0.092 0.001 0.001 0.002 0.567
0.028 0.028 0.04 0 0.002 0.046 0.003 0.002 0 0.145 0.009 0.003 0.001 0 0.103 0.002 0.38 0.076 0.065 0.002 0.012 0.005 0.085 0.025 0.003 0.006 0.036 0.008 0.041 0.003 0.036 0.066 0.047 0.008 0.071 0.232 0.482 0.012 0.174 0.173 0.207 0.107 0.83 0.5 0.533 0.579 0.011 0.08 0.082 0.126 1 0.005 0.009 0.092 0.2 0.021 0.652 0.856 0.133 0.011 0.115 0.009 0.68 0.084 0.011 0.014 0.151
0 0.004 0.004 0.015 0.002 0.001 0.002 0.002 0.001 0.001 0 0.004 0.003 0.002 0.001 0.003 0.003 0.004 0.008 0.003 0.015 0 0.001 0 0.003 0.015 0.011 0.18 0.001 0 0.003 0.003 0.012 0 0.039 0.01 0.003 0 0.001 0.008 0.022 0.006 0.005 0.003 0.003 0.003 0 0.001 0 0.001 0.005 1 0 0 0.001 0.001 0.004 0.005 0.001 0.143 0.001 0 0.004 0 0 0.001 0.001
0.006 0.01 0.006 0.015 0.001 0.002 0.003 0.003 0.001 0.001 0.001 0.002 0.002 0.004 0.002 0.005 0.005 0.007 0.015 0.001 0.012 0.144 0.002 0.003 0.005 0.018 0.024 0.001 0.001 0 0.006 0.006 0.009 0.001 0.006 0.02 0.006 0.001 0.002 0.004 0.015 0.036 0.009 0.006 0.005 0.007 0.001 0.001 0.001 0.001 0.009 0 1 0.001 0.003 0.002 0.007 0.009 0.001 0.001 0.001 0.001 0.008 0.001 0.001 0.001 0.001
0.033 0.04 0.038 0.01 0.007 0.253 0.005 0.004 0.002 0.001 0.001 0.06 0.057 0.006 0.003 0.051 0.001 0.011 0.014 0.003 0.026 0.002 0.003 0.226 0.003 0.053 0.027 0.001 0.206 0.001 0.009 0.007 0.023 0.001 0.009 0.038 0.003 0.001 0.384 0.004 0.022 0.018 0.087 0.002 0.002 0.004 0.001 0.695 0.001 0.002 0.092 0 0.001 1 0.001 0.002 0.004 0.062 0.002 0.001 0.002 0.001 0.004 0.659 0.001 0.001 0.002
0.007 0.013 0.004 0.019 0.002 0.004 0.013 0.012 0.004 0 0.003 0.005 0.006 0 0.444 0.002 0.226 0.025 0.059 0 0.023 0 0.473 0.007 0 0.029 0.047 0.002 0.001 0 0.005 0.026 0.058 0.001 0.027 0.087 0.21 0.004 0.009 0.112 0.066 0.025 0.282 0.302 0.252 0.261 0.003 0.004 0.003 0.005 0.2 0.001 0.003 0.001 1 0.007 0.338 0.253 0.006 0.004 0.001 0.003 0.329 0.003 0.004 0.004 0.004
0.006 0.017 0.018 0.051 0.008 0.003 0.002 0.004 0.003 0.003 0.002 0.017 0.007 0.006 0.004 0.016 0.012 0.012 0.028 0.008 0.004 0.149 0.005 0.006 0.008 0.004 0.001 0.001 0.002 0.002 0.011 0.01 0.038 0.001 0.179 0.041 0.013 0.002 0.004 0.036 0.103 0.03 0.022 0.013 0.013 0.016 0.002 0.002 0.002 0.003 0.021 0.001 0.002 0.002 0.007 1 0.017 0.021 0.002 0.002 0.003 0.002 0.018 0.002 0.002 0 0.003
0.002 0.001 0.005 0.006 0.006 0.002 0.024 0.021 0.012 0.153 0.007 0.01 0.012 0.007 0.181 0.011 0.512 0.059 0.13 0.012 0.054 0.003 0.18 0 0.014 0.054 0.101 0.006 0.001 0.002 0.024 0.054 0.127 0.006 0.067 0.233 0.526 0.01 0.028 0.175 0.167 0.063 0.655 0.709 0.694 0.641 0.009 0.011 0.114 0.13 0.652 0.004 0.007 0.004 0.338 0.017 1 0.682 0.164 0.009 0.155 0.007 0.791 0.009 0.009 0.011 0.16
0.012 0.018 0.02 0.002 0.005 0.024 0.004 0.002 0 0.144 0.009 0 0 0.002 0.156 0 0.485 0.075 0.093 0.007 0.029 0.005 0.162 0.012 0.007 0.019 0.063 0.008 0.032 0.003 0.05 0.067 0.077 0.008 0.072 0.233 0.59 0.013 0.094 0.173 0.21 0.088 0.833 0.611 0.599 0.689 0.011 0.053 0.089 0.122 0.856 0.005 0.009 0.062 0.253 0.021 0.682 1 0.131 0.011 0.124 0.009 0.72 0.053 0.011 0.011 0.146
0.001 0.001 0.001 0.004 0.002 0.003 0 0 0.002 0.109 0.001 0.019 0.02 0.008 0 0.018 0.097 0.002 0.042 0.01 0.022 0.002 0 0.005 0.01 0.022 0.016 0.001 0.002 0.001 0.002 0.002 0.021 0.002 0.011 0.027 0.083 0.002 0.004 0.029 0.024 0.015 0.071 0.129 0.176 0.153 0.002 0.002 0 0.44 0.133 0.001 0.001 0.002 0.006 0.002 0.164 0.131 1 0.002 0.002 0.001 0.101 0.001 0.002 0.002 0.576
0.007 0.011 0.012 0.035 0.006 0.002 0.004 0.003 0.001 0.002 0.001 0.012 0.011 0.004 0.002 0.011 0.006 0.01 0.019 0.006 0.04 0 0.002 0.003 0.006 0.041 0.029 0.596 0.002 0 0.008 0.007 0.028 0.001 0.127 0.025 0.007 0.001 0.002 0.018 0.051 0.015 0.012 0.007 0.007 0.009 0.002 0.001 0.001 0.001 0.011 0.143 0.001 0.001 0.004 0.002 0.009 0.011 0.002 1 0.001 0.001 0.009 0.001 0.001 0.001 0.002
0.035 0.033 0.04 0.008 0 0.002 0.006 0.005 0.002 0.018 0.001 0 0 0.002 0.003 0.001 0.09 0.013 0.019 0.003 0.009 0.002 0.003 0 0.004 0.009 0.025 0.001 0.001 0.001 0.006 0.01 0.03 0.001 0.011 0.052 0.13 0.002 0.001 0.035 0.026 0.005 0.119 0.148 0.152 0.119 0.001 0.002 0.354 0.001 0.115 0.001 0.001 0.002 0.001 0.003 0.155 0.124 0.002 0.001 1 0.001 0.12 0.001 0.001 0.002 0.002
0.004 0.009 0.01 0.014 0.004 0.002 0.003 0.003 0.001 0.001 0.001 0.01 0.009 0.004 0.004 0.009 0 0.008 0.006 0.004 0.019 0.001 0.003 0.003 0.005 0.036 0.026 0.001 0.001 0.001 0.006 0.006 0.023 0.001 0.101 0.02 0.006 0.001 0.002 0.013 0.041 0.012 0.009 0.005 0.005 0.007 0.001 0.001 0.001 0.001 0.009 0 0.001 0.001 0.003 0.002 0.007 0.009 0.001 0.001 0.001 1 0.007 0.001 0.001 0.001 0.001
0.006 0.005 0.011 0.005 0 0 0.001 0 0 0.137 0.007 0.002 0.003 0.001 0.187 0.001 0.466 0.062 0.109 0 0.039 0.003 0.194 0.002 0.001 0.039 0.092 0.007 0.001 0.002 0.026 0.056 0.105 0.006 0.058 0.19 0.629 0.011 0.018 0.204 0.174 0.073 0.715 0.652 0.637 0.715 0.009 0.012 0.072 0.092 0.68 0.004 0.008 0.004 0.329 0.018 0.791 0.72 0.101 0.009 0.12 0.007 1 0.009 0.009 0.011 0.145
0.024 0.03 0.028 0.009 0.005 0.197 0.003 0.003 0.001 0.001 0.001 0.039 0.038 0.004 0.002 0.033 0.001 0.009 0.01 0.005 0.015 0.002 0.002 0.196 0.005 0.044 0.032 0.001 0.266 0.001 0.007 0.005 0.028 0.001 0.007 0.037 0.007 0.001 0.419 0.006 0.017 0.015 0.079 0.007 0.006 0.008 0.001 0.75 0.001 0.001 0.084 0 0.001 0.659 0.003 0.002 0.009 0.053 0.001 0.001 0.001 0.001 0.009 1 0.001 0.001 0.002
0.014 0.018 0.017 0.003 0.002 0.044 0.004 0.004 0.002 0.002 0.032 0.018 0.017 0.004 0.002 0.023 0.006 0.001 0.001 0.001 0.007 0.002 0.002 0.069 0.005 0.005 0 0.001 0.074 0.001 0.008 0.008 0.001 0.001 0 0.001 0.007 0.001 0.002 0.019 0.005 0 0.012 0.007 0.007 0.009 0.784 0.001 0.001 0.001 0.011 0 0.001 0.001 0.004 0.002 0.009 0.011 0.002 0.001 0.001 0.001 0.009 0.001 1 0.106 0.002
0 0 0 0.002 0.003 0.001 0.005 0.005 0.002 0.002 0.025 0.014 0.013 0.006 0.003 0.001 0.005 0.016 0.002 0.003 0 0.002 0.003 0.011 0.008 0.002 0.003 0.001 0 0.001 0.005 0.005 0.005 0.002 0 0.018 0.009 0.001 0.003 0.019 0.001 0.016 0.014 0.009 0.008 0.011 0.078 0.002 0.001 0.002 0.014 0.001 0.001 0.001 0.004 0 0.011 0.011 0.002 0.001 0.002 0.001 0.011 0.001 0.106 1 0.002
0.002 0.001 0.001 0.007 0.002 0.003 0 0 0.003 0.17 0.001 0.021 0.022 0.008 0 0.019 0.126 0.004 0.052 0.01 0.036 0.003 0 0.006 0.01 0.027 0.033 0.001 0.002 0.001 0.004 0.004 0.04 0.002 0.013 0.033 0.109 0.002 0.004 0.058 0.032 0.013 0.09 0.159 0.209 0.166 0.002 0.002 0 0.567 0.151 0.001 0.001 0.002 0.004 0.003 0.16 0.146 0.576 0.002 0.002 0.001 0.145 0.002 0.002 0.002 1
