1 0.748 0.811 0.365 0.391 0.118 0.278 0.234 0.125 0.019 0.041 0.526 0.497 0.291 0.031 0.574 0.005 0.098 0.099 0.381 0.293 0.006 0.035 0.154 0.243 0.2 0.125 0 0.048 0 0.057 0.035 0.094 0.017 0.023 0.078 0 0.001 0.089 0.036 0.002 0.068 0.027 0.006 0.007 0 0.004 0.02 0.031 0.009 0.023 0 0.009 0.025 0.005 0.018 0 0.012 0.001 0.001 0.017 0.003 0.001 0.018 0.002 0.004 0.008
0.748 1 0.918 0.362 0.42 0.145 0.334 0.28 0.153 0.015 0.05 0.666 0.622 0.304 0.025 0.639 0.001 0.111 0.098 0.412 0.297 0.029 0.029 0.19 0.27 0.201 0.121 0.001 0.06 0.007 0.057 0.047 0.083 0.014 0.044 0.092 0.003 0.008 0.074 0.045 0 0.039 0.031 0.003 0.003 0.002 0.006 0.027 0.04 0.007 0.027 0.006 0.009 0.032 0.006 0.036 0 0.022 0 0.004 0.019 0.005 0.001 0.022 0.004 0.002 0.005
0.811 0.918 1 0.407 0.484 0.146 0.343 0.288 0.154 0.015 0.05 0.669 0.625 0.36 0.025 0.707 0.001 0.11 0.096 0.474 0.339 0.029 0.029 0.192 0.315 0.233 0.146 0.001 0.061 0.009 0.078 0.05 0.104 0.014 0.044 0.115 0.003 0.008 0.112 0.061 0 0.053 0.045 0.003 0.003 0.002 0.006 0.027 0.04 0.007 0.04 0.006 0.007 0.032 0.002 0.036 0.003 0.027 0 0.004 0.024 0.005 0.005 0.022 0.004 0.002 0.005
0.365 0.362 0.407 1 0.213 0.046 0.147 0.123 0.065 0.035 0.022 0.263 0.241 0.159 0.057 0.289 0.032 0.263 0.323 0.22 0.65 0.004 0.063 0.063 0.14 0.565 0.372 0.025 0.015 0.022 0.008 0.002 0.423 0.035 0.241 0 0.016 0.022 0.043 0.001 0.216 0.206 0.001 0.045 0.05 0.021 0 0.007 0.012 0.01 0.001 0.017 0.019 0.01 0.028 0.08 0.016 0.004 0.004 0.029 0.003 0.013 0.015 0.006 0.002 0.006 0.016
0.391 0.42 0.484 0.213 1 0.012 0.592 0.539 0.282 0.008 0.004 0.502 0.46 0.658 0.013 0.541 0.031 0.06 0.113 0.872 0.269 0.015 0.015 0.018 0.621 0.196 0.147 0.004 0.006 0.005 0.208 0.144 0.114 0.009 0.047 0.047 0 0.006 0.004 0.081 0.014 0.033 0 0.028 0.029 0.001 0.001 0.005 0.007 0.005 0 0.003 0.004 0.005 0.003 0.019 0.009 0.001 0.004 0.006 0.001 0.003 0 0.004 0.002 0.01 0.008
0.118 0.145 0.146 0.046 0.012 1 0.008 0.007 0.004 0.002 0.001 0.142 0.133 0.009 0.004 0.15 0.009 0.014 0.028 0.013 0.073 0.004 0.004 0.625 0.015 0.041 0.018 0.001 0.315 0.001 0.014 0.013 0.014 0.003 0.015 0.038 0.008 0.002 0.292 0.013 0.037 0.005 0.045 0.007 0.007 0.01 0.033 0.156 0.002 0 0.043 0.001 0.001 0.165 0.001 0.005 0.004 0.035 0 0.002 0.004 0.001 0 0.176 0.036 0.014 0
0.278 0.334 0.343 0.147 0.592 0.008 1 0.837 0.45 0.005 0.003 0.331 0.311 0.725 0.009 0.364 0.02 0.039 0.073 0.601 0.182 0.01 0.01 0.012 0.484 0.153 0.115 0.002 0.004 0.003 0.241 0.263 0.093 0.003 0.032 0.059 0.002 0.004 0.007 0.118 0.058 0.04 0.001 0.021 0.021 0.001 0.002 0.003 0.005 0.003 0.001 0.002 0.003 0.003 0.016 0.012 0.03 0.001 0.002 0.004 0.005 0.002 0.002 0.002 0.003 0.008 0.005
0.234 0.28 0.288 0.123 0.539 0.007 0.837 1 0.535 0.004 0.002 0.278 0.261 0.7 0.007 0.305 0.017 0.032 0.061 0.503 0.152 0.008 0.008 0.01 0.399 0.124 0.092 0.002 0.003 0.003 0.17 0.185 0.074 0.005 0.027 0.04 0.004 0.003 0.006 0.092 0.042 0.037 0 0.019 0.02 0.002 0.002 0.003 0.004 0.002 0 0.002 0.003 0.002 0.015 0.01 0.027 0 0.002 0.003 0.004 0.002 0.001 0.002 0.003 0.007 0.004
0.125 0.153 0.154 0.065 0.282 0.004 0.45 0.535 1 0.002 0.001 0.15 0.141 0.397 0.004 0.169 0.01 0.019 0.035 0.276 0.085 0.004 0.004 0.005 0.242 0.088 0.066 0.001 0.002 0.002 0.08 0.087 0.057 0.003 0.013 0.017 0.012 0.002 0.004 0.045 0.019 0.032 0.004 0.011 0.011 0.009 0.001 0.002 0.002 0.002 0.002 0.001 0.001 0.002 0.008 0.006 0.015 0.001 0.001 0.001 0.002 0.001 0 0.001 0.001 0.004 0.003
0.019 0.015 0.015 0.035 0.008 0.002 0.005 0.004 0.002 1 0.001 0.012 0.012 0.006 0.002 0.013 0.197 0.012 0.049 0.008 0.028 0.002 0.003 0.003 0.001 0.026 0.033 0.001 0.001 0.001 0.009 0.008 0.034 0.002 0.006 0.047 0.095 0.001 0.002 0.017 0.019 0.007 0.08 0.145 0.133 0.099 0.001 0.001 0.001 0.248 0.056 0.001 0.001 0.001 0 0.001 0.064 0.069 0.095 0.001 0.007 0.001 0.07 0.001 0.001 0.002 0.131
0.041 0.05 0.05 0.022 0.004 0.001 0.003 0.002 0.001 0.001 1 0.049 0.046 0.003 0.001 0.054 0.003 0.006 0.011 0.004 0.027 0.001 0.001 0.223 0.005 0.028 0.022 0.037 0.001 0 0.005 0.004 0.017 0.001 0.071 0.013 0.004 0.001 0.001 0.011 0.029 0.009 0.006 0.003 0.004 0.005 0.005 0.001 0.001 0.001 0.006 0 0 0.001 0.003 0.002 0.005 0.007 0 0.016 0.001 0 0.005 0 0.003 0 0.001
0.526 0.666 0.669 0.263 0.502 0.142 0.331 0.278 0.15 0.012 0.049 1 0.903 0.366 0.01 0.757 0.041 0.091 0.161 0.511 0.37 0.028 0.013 0.188 0.339 0.263 0.199 0.001 0.06 0.009 0.1 0.069 0.155 0.014 0.035 0.066 0.007 0.007 0.109 0.021 0.002 0.041 0.007 0.041 0.044 0.009 0.006 0.027 0.012 0.008 0.007 0.006 0.007 0.041 0.004 0.031 0.007 0.002 0.006 0.005 0 0.005 0.001 0.02 0.004 0 0.014
0.497 0.622 0.625 0.241 0.46 0.133 0.311 0.261 0.141 0.012 0.046 0.903 1 0.343 0.012 0.746 0.044 0.086 0.159 0.485 0.358 0.017 0.015 0.176 0.347 0.237 0.189 0.001 0.057 0.01 0.105 0.074 0.151 0.015 0.036 0.061 0.01 0.001 0.103 0.019 0.003 0.028 0.004 0.048 0.051 0.014 0.005 0.025 0.012 0.008 0.004 0.003 0.001 0.039 0.005 0.034 0.01 0 0.007 0.003 0.001 0.004 0.002 0.019 0.003 0 0.015
0.291 0.304 0.36 0.159 0.658 0.009 0.725 0.7 0.397 0.006 0.003 0.366 0.343 1 0.01 0.426 0.024 0.047 0.088 0.676 0.215 0.011 0.011 0.014 0.535 0.175 0.131 0.003 0.005 0.002 0.281 0.195 0.106 0.004 0.032 0.072 0 0.005 0.01 0.13 0.037 0.042 0.002 0.025 0.026 0 0.003 0.004 0.006 0.004 0.002 0.002 0.004 0.003 0 0.014 0.006 0 0.004 0.004 0.003 0.002 0.002 0.003 0.004 0.009 0.007
0.031 0.025 0.025 0.057 0.013 0.004 0.009 0.007 0.004 0.002 0.001 0.01 0.012 0.01 1 0.023 0.404 0.019 0.11 0.014 0.045 0.005 0.875 0.005 0.016 0.044 0.053 0.001 0.002 0.002 0.016 0.013 0.062 0.003 0.013 0.088 0.303 0.002 0.004 0.066 0.035 0.02 0.192 0.285 0.313 0.252 0.001 0.002 0.002 0 0.13 0.001 0.001 0.002 0.418 0.006 0.234 0.179 0 0.002 0.002 0.001 0.211 0.001 0.001 0.004 0.001
0.574 0.639 0.707 0.289 0.541 0.15 0.364 0.305 0.169 0.013 0.054 0.757 0.746 0.426 0.023 1 0.045 0.096 0.173 0.595 0.45 0.026 0.017 0.182 0.438 0.301 0.202 0 0.042 0.006 0.097 0.064 0.155 0.006 0.034 0.057 0.006 0.011 0.098 0.024 0.003 0.047 0.006 0.04 0.042 0.007 0.007 0.016 0.013 0.01 0.002 0.006 0.007 0.025 0.002 0.033 0.009 0.001 0.009 0.004 0.001 0.005 0.001 0.023 0.005 0 0.015
0.005 0.001 0.001 0.032 0.031 0.009 0.02 0.017 0.01 0.197 0.003 0.041 0.044 0.024 0.404 0.045 1 0.043 0.264 0.034 0.107 0.01 0.424 0.014 0.026 0.1 0.126 0.004 0.001 0.004 0.039 0.034 0.144 0.007 0.032 0.2 0.601 0.002 0.005 0.142 0.082 0.034 0.444 0.699 0.7 0.553 0.003 0.001 0.145 0.037 0.309 0.002 0.004 0.001 0.281 0.01 0.447 0.413 0.05 0.005 0.065 0.002 0.389 0 0.004 0.006 0.047
0.098 0.111 0.11 0.263 0.06 0.014 0.039 0.032 0.019 0.012 0.006 0.091 0.086 0.047 0.019 0.096 0.043 1 0.486 0.067 0.187 0.022 0.016 0.026 0.031 0.144 0.025 0.007 0.009 0.066 0.037 0.042 0.042 0.115 0.075 0.007 0.049 0.06 0.017 0.001 0.008 0.125 0.063 0.034 0.03 0.029 0.002 0.002 0.011 0.001 0.052 0.005 0 0.008 0.027 0.026 0.043 0.061 0.001 0.006 0.011 0.004 0.045 0.006 0.011 0.035 0.005
0.099 0.098 0.096 0.323 0.113 0.028 0.073 0.061 0.035 0.049 0.011 0.161 0.159 0.088 0.11 0.173 0.264 0.486 1 0.125 0.363 0.04 0.126 0.049 0.069 0.302 0.144 0.013 0.011 0.034 0.001 0.003 0.19 0.05 0.131 0.072 0.141 0.037 0.027 0.065 0.072 0.025 0.073 0.204 0.213 0.157 0 0.004 0.033 0.011 0.045 0.009 0.002 0.009 0.06 0.044 0.096 0.058 0.019 0.013 0.009 0.007 0.075 0.005 0.003 0.008 0.009
0.381 0.412 0.474 0.22 0.872 0.013 0.601 0.503 0.276 0.008 0.004 0.511 0.485 0.676 0.014 0.595 0.034 0.067 0.125 1 0.302 0.016 0.016 0.019 0.725 0.222 0.166 0.005 0.007 0.003 0.227 0.163 0.132 0.006 0.055 0.045 0.001 0.007 0.004 0.081 0.017 0.037 0 0.034 0.035 0.001 0.001 0.006 0.008 0.006 0.001 0.004 0.004 0.002 0.001 0.02 0.012 0.003 0.005 0.007 0.005 0.003 0 0.004 0.002 0.011 0.01
0.293 0.297 0.339 0.65 0.269 0.073 0.182 0.152 0.085 0.028 0.027 0.37 0.358 0.215 0.045 0.45 0.107 0.187 0.363 0.302 1 0.052 0.052 0.104 0.204 0.739 0.535 0.021 0.032 0.015 0.017 0.008 0.414 0.014 0.147 0.001 0.052 0.017 0.058 0.006 0.165 0.145 0.011 0.114 0.117 0.061 0.002 0.011 0.026 0.016 0.013 0.012 0.015 0.021 0.033 0.01 0.059 0.022 0.013 0.028 0.009 0.016 0.039 0.008 0 0 0.031
0.006 0.029 0.029 0.004 0.015 0.004 0.01 0.008 0.004 0.002 0.001 0.028 0.017 0.011 0.005 0.026 0.01 0.022 0.04 0.016 0.052 1 0.005 0.006 0.007 0.034 0.046 0.001 0.002 0.002 0.007 0.006 0.01 0.003 0.043 0.023 0.014 0.001 0.004 0.016 0.013 0.003 0.013 0.005 0.005 0.008 0.001 0.002 0.003 0.002 0.014 0.002 0.133 0.002 0.003 0.129 0.009 0.014 0.002 0 0.003 0.001 0.01 0.001 0.002 0.004 0.003
0.035 0.029 0.029 0.063 0.015 0.004 0.01 0.008 0.004 0.003 0.001 0.013 0.015 0.011 0.875 0.017 0.424 0.016 0.126 0.016 0.052 0.005 1 0.006 0.018 0.05 0.061 0.002 0.002 0.002 0.018 0.015 0.071 0.003 0.015 0.09 0.318 0.002 0.004 0.067 0.041 0.018 0.2 0.304 0.322 0.264 0.001 0.002 0.003 0 0.113 0.001 0.002 0.002 0.442 0.007 0.214 0.186 0 0.002 0.003 0.001 0.222 0.002 0.002 0.004 0.001
0.154 0.19 0.192 0.063 0.018 0.625 0.012 0.01 0.005 0.003 0.223 0.188 0.176 0.014 0.005 0.182 0.014 0.026 0.049 0.019 0.104 0.006 0.006 1 0.022 0.084 0.051 0.004 0.294 0.002 0.022 0.014 0.039 0.004 0 0.021 0.013 0.003 0.302 0.018 0.008 0.019 0.036 0.011 0.012 0.016 0.035 0.226 0.003 0.002 0.03 0.001 0.002 0.219 0.004 0.008 0 0.024 0.002 0 0.001 0.001 0.002 0.181 0.034 0.01 0.003
0.243 0.27 0.315 0.14 0.621 0.015 0.484 0.399 0.242 0.001 0.005 0.339 0.347 0.535 0.016 0.438 0.026 0.031 0.069 0.725 0.204 0.007 0.018 0.022 1 0.279 0.214 0.006 0.008 0.004 0.327 0.257 0.177 0.008 0.054 0.084 0.001 0.008 0.002 0.119 0.044 0.056 0.001 0.031 0.032 0.001 0.004 0.007 0.009 0.007 0.003 0.004 0.006 0.003 0.001 0.019 0.017 0.003 0.006 0.009 0.005 0.003 0.001 0.005 0.005 0.015 0.011
0.2 0.201 0.233 0.565 0.196 0.041 0.153 0.124 0.088 0.026 0.028 0.263 0.237 0.175 0.044 0.301 0.1 0.144 0.302 0.222 0.739 0.034 0.05 0.084 0.279 1 0.743 0.021 0.043 0.017 0.064 0.05 0.601 0.026 0.154 0.009 0.051 0.021 0.086 0 0.258 0.236 0.005 0.113 0.116 0.06 0.001 0.03 0.025 0.01 0.006 0.012 0.016 0.04 0.033 0.011 0.053 0.012 0.013 0.029 0.008 0.018 0.034 0.028 0 0.007 0.023
0.125 0.121 0.146 0.372 0.147 0.018 0.115 0.092 0.066 0.033 0.022 0.199 0.189 0.131 0.053 0.202 0.126 0.025 0.144 0.166 0.535 0.046 0.061 0.051 0.214 0.743 1 0.016 0.025 0.021 0.262 0.248 0.788 0.034 0.106 0.053 0.077 0.017 0.068 0.014 0.393 0.22 0.019 0.143 0.138 0.083 0 0.023 0.032 0.013 0.017 0.009 0.021 0.026 0.045 0.005 0.079 0.03 0.01 0.021 0.016 0.014 0.058 0.022 0.004 0.007 0.03
0 0.001 0.001 0.025 0.004 0.001 0.002 0.002 0.001 0.001 0.037 0.001 0.001 0.003 0.001 0 0.004 0.007 0.013 0.005 0.021 0.001 0.002 0.004 0.006 0.021 0.016 1 0.001 0.001 0.006 0.005 0.021 0.001 0.088 0.015 0.004 0.001 0.001 0.013 0.036 0.012 0.007 0.004 0.004 0.005 0.001 0.001 0.001 0.001 0.007 0.262 0.001 0.001 0.003 0.002 0.006 0.007 0.001 0.605 0.001 0 0.006 0.001 0.001 0.001 0.001
0.048 0.06 0.061 0.015 0.006 0.315 0.004 0.003 0.002 0.001 0.001 0.06 0.057 0.005 0.002 0.042 0.001 0.009 0.011 0.007 0.032 0.002 0.002 0.294 0.008 0.043 0.025 0.001 1 0.001 0.008 0.007 0.028 0.001 0.008 0.045 0.006 0.001 0.306 0.002 0.019 0.016 0.053 0.005 0.005 0.007 0.07 0.269 0.001 0.001 0.05 0 0.001 0.288 0 0.003 0.001 0.041 0.001 0.001 0.001 0 0 0.204 0.048 0.001 0.001
0 0.007 0.009 0.022 0.005 0.001 0.003 0.003 0.002 0.001 0 0.009 0.01 0.002 0.002 0.006 0.004 0.066 0.034 0.003 0.015 0.002 0.002 0.002 0.004 0.017 0.021 0.001 0.001 1 0.006 0.006 0.026 0.001 0.007 0.01 0.003 0.001 0.002 0.012 0.001 0.007 0.006 0.003 0.003 0.004 0 0.001 0.001 0.001 0.006 0 0.001 0.001 0.002 0.002 0.004 0.006 0.001 0.002 0.001 0 0.005 0.001 0.001 0.001 0.001
0.057 0.057 0.078 0.008 0.208 0.014 0.241 0.17 0.08 0.009 0.005 0.1 0.105 0.281 0.016 0.097 0.039 0.037 0.001 0.227 0.017 0.007 0.018 0.022 0.327 0.064 0.262 0.006 0.008 0.006 1 0.861 0.212 0.007 0.065 0.319 0.043 0.08 0.002 0.252 0.211 0.027 0.03 0.038 0.033 0.038 0.004 0.007 0.009 0.002 0.024 0.004 0.006 0.006 0.004 0.022 0.015 0.037 0.001 0.008 0.005 0.003 0.018 0.005 0.006 0.002 0.006
0.035 0.047 0.05 0.002 0.144 0.013 0.263 0.185 0.087 0.008 0.004 0.069 0.074 0.195 0.013 0.064 0.034 0.042 0.003 0.163 0.008 0.006 0.015 0.014 0.257 0.05 0.248 0.005 0.007 0.006 0.861 1 0.204 0.006 0.058 0.299 0.038 0.091 0.009 0.218 0.26 0.024 0.056 0.034 0.029 0.036 0.004 0.003 0.008 0.002 0.047 0.004 0.005 0.002 0.025 0.02 0.042 0.054 0.001 0.008 0.008 0.003 0.045 0.001 0.005 0.006 0.005
0.094 0.083 0.104 0.423 0.114 0.014 0.093 0.074 0.057 0.034 0.017 0.155 0.151 0.106 0.062 0.155 0.144 0.042 0.19 0.132 0.414 0.01 0.071 0.039 0.177 0.601 0.788 0.021 0.028 0.026 0.212 0.204 1 0.042 0.231 0.024 0.097 0.013 0.056 0.002 0.512 0.274 0.034 0.182 0.175 0.107 0 0.018 0.039 0.017 0.032 0.015 0.003 0.021 0.064 0.073 0.112 0.05 0.013 0.024 0.022 0.011 0.08 0.018 0.002 0.011 0.038
0.017 0.014 0.014 0.035 0.009 0.003 0.003 0.005 0.003 0.002 0.001 0.014 0.015 0.004 0.003 0.006 0.007 0.115 0.05 0.006 0.014 0.003 0.003 0.004 0.008 0.026 0.034 0.001 0.001 0.001 0.007 0.006 0.042 1 0.009 0.024 0.008 0.001 0.003 0.016 0.027 0.064 0.009 0.004 0.004 0 0.001 0 0.002 0.001 0.01 0.001 0.001 0.001 0.006 0.003 0.007 0.014 0.001 0.002 0.002 0.001 0.007 0.001 0.001 0.032 0.002
0.023 0.044 0.044 0.241 0.047 0.015 0.032 0.027 0.013 0.006 0.071 0.035 0.036 0.032 0.013 0.034 0.032 0.075 0.131 0.055 0.147 0.043 0.015 0 0.054 0.154 0.106 0.088 0.008 0.007 0.065 0.058 0.231 0.009 1 0.171 0.048 0.008 0.016 0.132 0.396 0.116 0.077 0.046 0.047 0.058 0 0.005 0.009 0.007 0.081 0.038 0.006 0.007 0.035 0.322 0.063 0.082 0.006 0.112 0.009 0.05 0.064 0.006 0.003 0 0.011
0.078 0.092 0.115 0 0.047 0.038 0.059 0.04 0.017 0.047 0.013 0.066 0.061 0.072 0.088 0.057 0.2 0.007 0.072 0.045 0.001 0.023 0.09 0.021 0.084 0.009 0.053 0.015 0.045 0.01 0.319 0.299 0.024 0.024 0.171 1 0.162 0.039 0.091 0.461 0.003 0.107 0.268 0.212 0.206 0.129 0 0.032 0.054 0.014 0.187 0.011 0.011 0.033 0.098 0.058 0.194 0.196 0.011 0.022 0.054 0.009 0.145 0.035 0.001 0.016 0.004
0 0.003 0.003 0.016 0 0.008 0.002 0.004 0.012 0.095 0.004 0.007 0.01 0 0.303 0.006 0.601 0.049 0.141 0.001 0.052 0.014 0.318 0.013 0.001 0.051 0.077 0.004 0.006 0.003 0.043 0.038 0.097 0.008 0.048 0.162 1 0.006 0.012 0.216 0.124 0.058 0.615 0.689 0.688 0.824 0.003 0.006 0.155 0.043 0.463 0.003 0.005 0.003 0.245 0.018 0.435 0.557 0.034 0.007 0.106 0.003 0.572 0.004 0.004 0.012 0.032
0.001 0.008 0.008 0.022 0.006 0.002 0.004 0.003 0.002 0.001 0.001 0.007 0.001 0.005 0.002 0.011 0.002 0.06 0.037 0.007 0.017 0.001 0.002 0.003 0.008 0.021 0.017 0.001 0.001 0.001 0.08 0.091 0.013 0.001 0.008 0.039 0.006 1 0.002 0.016 0.017 0.032 0.009 0.005 0.005 0.007 0 0.001 0.001 0.001 0.005 0 0.001 0.001 0.004 0.003 0.007 0.01 0.001 0.001 0.001 0 0.008 0 0.001 0.002 0.001
0.089 0.074 0.112 0.043 0.004 0.292 0.007 0.006 0.004 0.002 0.001 0.109 0.103 0.01 0.004 0.098 0.005 0.017 0.027 0.004 0.058 0.004 0.004 0.302 0.002 0.086 0.068 0.001 0.306 0.002 0.002 0.009 0.056 0.003 0.016 0.091 0.012 0.002 1 0.002 0.038 0.031 0.197 0.011 0.011 0.011 0.001 0.413 0.002 0.002 0.179 0.001 0.001 0.36 0.021 0.005 0.036 0.132 0.001 0.002 0.003 0.001 0.021 0.351 0.001 0.004 0.003
0.036 0.045 0.061 0.001 0.081 0.013 0.118 0.092 0.045 0.017 0.011 0.021 0.019 0.13 0.066 0.024 0.142 0.001 0.065 0.081 0.006 0.016 0.067 0.018 0.119 0 0.014 0.013 0.002 0.012 0.252 0.218 0.002 0.016 0.132 0.461 0.216 0.016 0.002 1 0.003 0.082 0.207 0.203 0.207 0.212 0.009 0.001 0.05 0.011 0.157 0.009 0.009 0.001 0.098 0.051 0.158 0.161 0.011 0.019 0.033 0.004 0.196 0.005 0.013 0.019 0.011
0.002 0 0 0.216 0.014 0.037 0.058 0.042 0.019 0.019 0.029 0.002 0.003 0.037 0.035 0.003 0.082 0.008 0.072 0.017 0.165 0.013 0.041 0.008 0.044 0.258 0.393 0.036 0.019 0.001 0.211 0.26 0.512 0.027 0.396 0.003 0.124 0.017 0.038 0.003 1 0.188 0.194 0.111 0.114 0.149 0.004 0.02 0.023 0.017 0.204 0.025 0.015 0.018 0.086 0.143 0.154 0.208 0.015 0.044 0.023 0.021 0.164 0.015 0.01 0.005 0.028
0.068 0.039 0.053 0.206 0.033 0.005 0.04 0.037 0.032 0.007 0.009 0.041 0.028 0.042 0.02 0.047 0.034 0.125 0.025 0.037 0.145 0.003 0.018 0.019 0.056 0.236 0.22 0.012 0.016 0.007 0.027 0.024 0.274 0.064 0.116 0.107 0.058 0.032 0.031 0.082 0.188 1 0.107 0.047 0.049 0.057 0 0.008 0.002 0.001 0.068 0.008 0.035 0.014 0.019 0.045 0.034 0.063 0.005 0.013 0.005 0.007 0.047 0.01 0.007 0.032 0
0.027 0.031 0.045 0.001 0 0.045 0.001 0 0.004 0.08 0.006 0.007 0.004 0.002 0.192 0.006 0.444 0.063 0.073 0 0.011 0.013 0.2 0.036 0.001 0.005 0.019 0.007 0.053 0.006 0.03 0.056 0.034 0.009 0.077 0.268 0.615 0.009 0.197 0.207 0.194 0.107 1 0.573 0.565 0.648 0.005 0.077 0.117 0.023 0.782 0.005 0.007 0.077 0.314 0.028 0.571 0.809 0.033 0.01 0.117 0.004 0.622 0.071 0.007 0.018 0.026
0.006 0.003 0.003 0.045 0.028 0.007 0.021 0.019 0.011 0.145 0.003 0.041 0.048 0.025 0.285 0.04 0.699 0.034 0.204 0.034 0.114 0.005 0.304 0.011 0.031 0.113 0.143 0.004 0.005 0.003 0.038 0.034 0.182 0.004 0.046 0.212 0.689 0.005 0.011 0.203 0.111 0.047 0.573 1 0.929 0.741 0.003 0.006 0.205 0.049 0.418 0.003 0.004 0.002 0.321 0.016 0.618 0.498 0.065 0.006 0.147 0.002 0.533 0.003 0.004 0.01 0.059
0.007 0.003 0.003 0.05 0.029 0.007 0.021 0.02 0.011 0.133 0.004 0.044 0.051 0.026 0.313 0.042 0.7 0.03 0.213 0.035 0.117 0.005 0.322 0.012 0.032 0.116 0.138 0.004 0.005 0.003 0.033 0.029 0.175 0.004 0.047 0.206 0.688 0.005 0.011 0.207 0.114 0.049 0.565 0.929 1 0.76 0.003 0.006 0.199 0.066 0.447 0.003 0.004 0.002 0.325 0.016 0.635 0.511 0.086 0.006 0.143 0.002 0.549 0.003 0.004 0.011 0.073
0 0.002 0.002 0.021 0.001 0.01 0.001 0.002 0.009 0.099 0.005 0.009 0.014 0 0.252 0.007 0.553 0.029 0.157 0.001 0.061 0.008 0.264 0.016 0.001 0.06 0.083 0.005 0.007 0.004 0.038 0.036 0.107 0 0.058 0.129 0.824 0.007 0.011 0.212 0.149 0.057 0.648 0.741 0.76 1 0.004 0.007 0.154 0.057 0.526 0.004 0.005 0.003 0.27 0.021 0.513 0.604 0.068 0.008 0.109 0.003 0.612 0.004 0.005 0.014 0.052
0.004 0.006 0.006 0 0.001 0.033 0.002 0.002 0.001 0.001 0.005 0.006 0.005 0.003 0.001 0.007 0.003 0.002 0 0.001 0.002 0.001 0.001 0.035 0.004 0.001 0 0.001 0.07 0 0.004 0.004 0 0.001 0 0 0.003 0 0.001 0.009 0.004 0 0.005 0.003 0.003 0.004 1 0.001 0.001 0 0.005 0 0 0 0.002 0.001 0.004 0.005 0 0 0.001 0 0.004 0 0.556 0.039 0.001
0.02 0.027 0.027 0.007 0.005 0.156 0.003 0.003 0.002 0.001 0.001 0.027 0.025 0.004 0.002 0.016 0.001 0.002 0.004 0.006 0.011 0.002 0.002 0.226 0.007 0.03 0.023 0.001 0.269 0.001 0.007 0.003 0.018 0 0.005 0.032 0.006 0.001 0.413 0.001 0.02 0.008 0.077 0.006 0.006 0.007 0.001 1 0.001 0.001 0.073 0.001 0.001 0.693 0.004 0.003 0.008 0.068 0.001 0.001 0.001 0 0.008 0.673 0.001 0.002 0.001
0.031 0.04 0.04 0.012 0.007 0.002 0.005 0.004 0.002 0.001 0.001 0.012 0.012 0.006 0.002 0.013 0.145 0.011 0.033 0.008 0.026 0.003 0.003 0.003 0.009 0.025 0.032 0.001 0.001 0.001 0.009 0.008 0.039 0.002 0.009 0.054 0.155 0.001 0.002 0.05 0.023 0.002 0.117 0.205 0.199 0.154 0.001 0.001 1 0 0.11 0.001 0.001 0.001 0.007 0.003 0.148 0.104 0 0.001 0.397 0 0.076 0 0.001 0.002 0
0.009 0.007 0.007 0.01 0.005 0 0.003 0.002 0.002 0.248 0.001 0.008 0.008 0.004 0 0.01 0.037 0.001 0.011 0.006 0.016 0.002 0 0.002 0.007 0.01 0.013 0.001 0.001 0.001 0.002 0.002 0.017 0.001 0.007 0.014 0.043 0.001 0.002 0.011 0.017 0.001 0.023 0.049 0.066 0.057 0 0.001 0 1 0.06 0 0.001 0.001 0.004 0.002 0.066 0.053 0.297 0.001 0.001 0 0.065 0.001 0.001 0.002 0.381
0.023 0.027 0.04 0.001 0 0.043 0.001 0 0.002 0.056 0.006 0.007 0.004 0.002 0.13 0.002 0.309 0.052 0.045 0.001 0.013 0.014 0.113 0.03 0.003 0.006 0.017 0.007 0.05 0.006 0.024 0.047 0.032 0.01 0.081 0.187 0.463 0.005 0.179 0.157 0.204 0.068 0.782 0.418 0.447 0.526 0.005 0.073 0.11 0.06 1 0.005 0.007 0.074 0.29 0.029 0.664 0.858 0.074 0.011 0.11 0.004 0.692 0.068 0.007 0.019 0.137
0 0.006 0.006 0.017 0.003 0.001 0.002 0.002 0.001 0.001 0 0.006 0.003 0.002 0.001 0.006 0.002 0.005 0.009 0.004 0.012 0.002 0.001 0.001 0.004 0.012 0.009 0.262 0 0 0.004 0.004 0.015 0.001 0.038 0.011 0.003 0 0.001 0.009 0.025 0.008 0.005 0.003 0.003 0.004 0 0.001 0.001 0 0.005 1 0 0 0.002 0.001 0.004 0.005 0 0.24 0.001 0 0.004 0 0 0.001 0.001
0.009 0.009 0.007 0.019 0.004 0.001 0.003 0.003 0.001 0.001 0 0.007 0.001 0.004 0.001 0.007 0.004 0 0.002 0.004 0.015 0.133 0.002 0.002 0.006 0.016 0.021 0.001 0.001 0.001 0.006 0.005 0.003 0.001 0.006 0.011 0.005 0.001 0.001 0.009 0.015 0.035 0.007 0.004 0.004 0.005 0 0.001 0.001 0.001 0.007 0 1 0.001 0.003 0.002 0.006 0.008 0.001 0.001 0.001 0 0.006 0.001 0.001 0.001 0.001
0.025 0.032 0.032 0.01 0.005 0.165 0.003 0.002 0.002 0.001 0.001 0.041 0.039 0.003 0.002 0.025 0.001 0.008 0.009 0.002 0.021 0.002 0.002 0.219 0.003 0.04 0.026 0.001 0.288 0.001 0.006 0.002 0.021 0.001 0.007 0.033 0.003 0.001 0.36 0.001 0.018 0.014 0.077 0.002 0.002 0.003 0 0.693 0.001 0.001 0.074 0 0.001 1 0.001 0.003 0.004 0.068 0.001 0.001 0 0 0.004 0.546 0.001 0.002 0.001
0.005 0.006 0.002 0.028 0.003 0.001 0.016 0.015 0.008 0 0.003 0.004 0.005 0 0.418 0.002 0.281 0.027 0.06 0.001 0.033 0.003 0.442 0.004 0.001 0.033 0.045 0.003 0 0.002 0.004 0.025 0.064 0.006 0.035 0.098 0.245 0.004 0.021 0.098 0.086 0.019 0.314 0.321 0.325 0.27 0.002 0.004 0.007 0.004 0.29 0.002 0.003 0.001 1 0.012 0.461 0.367 0.003 0.005 0.002 0.002 0.425 0.003 0.003 0.008 0.016
0.018 0.036 0.036 0.08 0.019 0.005 0.012 0.01 0.006 0.001 0.002 0.031 0.034 0.014 0.006 0.033 0.01 0.026 0.044 0.02 0.01 0.129 0.007 0.008 0.019 0.011 0.005 0.002 0.003 0.002 0.022 0.02 0.073 0.003 0.322 0.058 0.018 0.003 0.005 0.051 0.143 0.045 0.028 0.016 0.016 0.021 0.001 0.003 0.003 0.002 0.029 0.001 0.002 0.003 0.012 1 0.022 0.03 0.002 0.003 0.003 0.001 0.023 0.002 0.002 0 0.004
0 0 0.003 0.016 0.009 0.004 0.03 0.027 0.015 0.064 0.005 0.007 0.01 0.006 0.234 0.009 0.447 0.043 0.096 0.012 0.059 0.009 0.214 0 0.017 0.053 0.079 0.006 0.001 0.004 0.015 0.042 0.112 0.007 0.063 0.194 0.435 0.007 0.036 0.158 0.154 0.034 0.571 0.618 0.635 0.513 0.004 0.008 0.148 0.066 0.664 0.004 0.006 0.004 0.461 0.022 1 0.636 0.098 0.008 0.148 0.003 0.752 0.005 0.005 0.014 0.163
0.012 0.022 0.027 0.004 0.001 0.035 0.001 0 0.001 0.069 0.007 0.002 0 0 0.179 0.001 0.413 0.061 0.058 0.003 0.022 0.014 0.186 0.024 0.003 0.012 0.03 0.007 0.041 0.006 0.037 0.054 0.05 0.014 0.082 0.196 0.557 0.01 0.132 0.161 0.208 0.063 0.809 0.498 0.511 0.604 0.005 0.068 0.104 0.053 0.858 0.005 0.008 0.068 0.367 0.03 0.636 1 0.072 0.011 0.11 0.004 0.695 0.063 0.007 0.016 0.127
0.001 0 0 0.004 0.004 0 0.002 0.002 0.001 0.095 0 0.006 0.007 0.004 0 0.009 0.05 0.001 0.019 0.005 0.013 0.002 0 0.002 0.006 0.013 0.01 0.001 0.001 0.001 0.001 0.001 0.013 0.001 0.006 0.011 0.034 0.001 0.001 0.011 0.015 0.005 0.033 0.065 0.086 0.068 0 0.001 0 0.297 0.074 0 0.001 0.001 0.003 0.002 0.098 0.072 1 0.001 0.001 0 0.079 0.001 0.001 0.001 0.348
0.001 0.004 0.004 0.029 0.006 0.002 0.004 0.003 0.001 0.001 0.016 0.005 0.003 0.004 0.002 0.004 0.005 0.006 0.013 0.007 0.028 0 0.002 0 0.009 0.029 0.021 0.605 0.001 0.002 0.008 0.008 0.024 0.002 0.112 0.022 0.007 0.001 0.002 0.019 0.044 0.013 0.01 0.006 0.006 0.008 0 0.001 0.001 0.001 0.011 0.24 0.001 0.001 0.005 0.003 0.008 0.011 0.001 1 0.001 0 0.009 0.001 0.001 0.002 0.001
0.017 0.019 0.024 0.003 0.001 0.004 0.005 0.004 0.002 0.007 0.001 0 0.001 0.003 0.002 0.001 0.065 0.011 0.009 0.005 0.009 0.003 0.003 0.001 0.005 0.008 0.016 0.001 0.001 0.001 0.005 0.008 0.022 0.002 0.009 0.054 0.106 0.001 0.003 0.033 0.023 0.005 0.117 0.147 0.143 0.109 0.001 0.001 0.397 0.001 0.11 0.001 0.001 0 0.002 0.003 0.148 0.11 0.001 0.001 1 0 0.084 0 0.001 0.002 0.001
0.003 0.005 0.005 0.013 0.003 0.001 0.002 0.002 0.001 0.001 0 0.005 0.004 0.002 0.001 0.005 0.002 0.004 0.007 0.003 0.016 0.001 0.001 0.001 0.003 0.018 0.014 0 0 0 0.003 0.003 0.011 0.001 0.05 0.009 0.003 0 0.001 0.004 0.021 0.007 0.004 0.002 0.002 0.003 0 0 0 0 0.004 0 0 0 0.002 0.001 0.003 0.004 0 0 0 1 0.003 0 0 0.001 0.001
0.001 0.001 0.005 0.015 0 0 0.002 0.001 0 0.07 0.005 0.001 0.002 0.002 0.211 0.001 0.389 0.045 0.075 0 0.039 0.01 0.222 0.002 0.001 0.034 0.058 0.006 0 0.005 0.018 0.045 0.08 0.007 0.064 0.145 0.572 0.008 0.021 0.196 0.164 0.047 0.622 0.533 0.549 0.612 0.004 0.008 0.076 0.065 0.692 0.004 0.006 0.004 0.425 0.023 0.752 0.695 0.079 0.009 0.084 0.003 1 0.005 0.006 0.015 0.169
0.018 0.022 0.022 0.006 0.004 0.176 0.002 0.002 0.001 0.001 0 0.02 0.019 0.003 0.001 0.023 0 0.006 0.005 0.004 0.008 0.001 0.002 0.181 0.005 0.028 0.022 0.001 0.204 0.001 0.005 0.001 0.018 0.001 0.006 0.035 0.004 0 0.351 0.005 0.015 0.01 0.071 0.003 0.003 0.004 0 0.673 0 0.001 0.068 0 0.001 0.546 0.003 0.002 0.005 0.063 0.001 0.001 0 0 0.005 1 0.001 0.001 0.001
0.002 0.004 0.004 0.002 0.002 0.036 0.003 0.003 0.001 0.001 0.003 0.004 0.003 0.004 0.001 0.005 0.004 0.011 0.003 0.002 0 0.002 0.002 0.034 0.005 0 0.004 0.001 0.048 0.001 0.006 0.005 0.002 0.001 0.003 0.001 0.004 0.001 0.001 0.013 0.01 0.007 0.007 0.004 0.004 0.005 0.556 0.001 0.001 0.001 0.007 0 0.001 0.001 0.003 0.002 0.005 0.007 0.001 0.001 0.001 0 0.006 0.001 1 0.075 0.001
0.004 0.002 0.002 0.006 0.01 0.014 0.008 0.007 0.004 0.002 0 0 0 0.009 0.004 0 0.006 0.035 0.008 0.011 0 0.004 0.004 0.01 0.015 0.007 0.007 0.001 0.001 0.001 0.002 0.006 0.011 0.032 0 0.016 0.012 0.002 0.004 0.019 0.005 0.032 0.018 0.01 0.011 0.014 0.039 0.002 0.002 0.002 0.019 0.001 0.001 0.002 0.008 0 0.014 0.016 0.001 0.002 0.002 0.001 0.015 0.001 0.075 1 0.003
0.008 0.005 0.005 0.016 0.008 0 0.005 0.004 0.003 0.131 0.001 0.014 0.015 0.007 0.001 0.015 0.047 0.005 0.009 0.01 0.031 0.003 0.001 0.003 0.011 0.023 0.03 0.001 0.001 0.001 0.006 0.005 0.038 0.002 0.011 0.004 0.032 0.001 0.003 0.011 0.028 0 0.026 0.059 0.073 0.052 0.001 0.001 0 0.381 0.137 0.001 0.001 0.001 0.016 0.004 0.163 0.127 0.348 0.001 0.001 0.001 0.169 0.001 0.001 0.003 1
