1 0.826 0.862 0.432 0.383 0.168 0.268 0.226 0.112 0.018 0.027 0.598 0.578 0.26 0.025 0.582 0.003 0.123 0.11 0.344 0.302 0.014 0.026 0.166 0.282 0.244 0.166 0.001 0.07 0.002 0.067 0.052 0.137 0.02 0.022 0.115 0.001 0.003 0.095 0.034 0.004 0.081 0.022 0.008 0.005 0.002 0.017 0.031 0.029 0.007 0.019 0.001 0.006 0.039 0.011 0.007 0 0.009 0.002 0 0.018 0.003 0 0.032 0.013 0.005 0.003
0.826 1 0.948 0.394 0.4 0.197 0.314 0.267 0.132 0.015 0.032 0.683 0.625 0.274 0.022 0.62 0.001 0.117 0.097 0.363 0.279 0.028 0.022 0.197 0.31 0.231 0.151 0.002 0.084 0.001 0.069 0.065 0.112 0.017 0.054 0.135 0 0.009 0.089 0.036 0 0.063 0.023 0.006 0.004 0.001 0.022 0.039 0.035 0.005 0.02 0.003 0.008 0.049 0.016 0.024 0 0.012 0.001 0.006 0.02 0.009 0 0.04 0.017 0.003 0.001
0.862 0.948 1 0.421 0.446 0.195 0.31 0.263 0.13 0.015 0.031 0.703 0.644 0.303 0.022 0.663 0.001 0.119 0.099 0.404 0.304 0.029 0.022 0.194 0.335 0.244 0.161 0.002 0.083 0.003 0.081 0.064 0.121 0.017 0.055 0.146 0 0.009 0.113 0.043 0 0.068 0.03 0.007 0.005 0.001 0.022 0.038 0.035 0.005 0.026 0.003 0.004 0.048 0.011 0.024 0 0.014 0.001 0.006 0.023 0.009 0.001 0.039 0.016 0.003 0.002
0.432 0.394 0.421 1 0.186 0.08 0.133 0.11 0.056 0.036 0.013 0.274 0.292 0.125 0.051 0.264 0.026 0.307 0.349 0.176 0.603 0.004 0.044 0.073 0.136 0.526 0.354 0.016 0.028 0.009 0.01 0.006 0.444 0.039 0.24 0.003 0.023 0.024 0.039 0.001 0.243 0.239 0.003 0.055 0.051 0.038 0.008 0.008 0.01 0.011 0.004 0.013 0.015 0.014 0.044 0.089 0.024 0.008 0.006 0.016 0.002 0.016 0.022 0.01 0.002 0.007 0.01
0.383 0.4 0.446 0.186 1 0.015 0.572 0.512 0.239 0.007 0.002 0.498 0.436 0.58 0.011 0.482 0.028 0.073 0.123 0.82 0.236 0.014 0.011 0.018 0.684 0.175 0.135 0.002 0.01 0.003 0.228 0.186 0.106 0.008 0.045 0.045 0.004 0.006 0.001 0.084 0.029 0.051 0.008 0.023 0.02 0.006 0 0.009 0.003 0.006 0.008 0.003 0.003 0.008 0.007 0.008 0.012 0.008 0.005 0.003 0 0.004 0.002 0.008 0 0.003 0.007
0.168 0.197 0.195 0.08 0.015 1 0.009 0.008 0.004 0.003 0.001 0.203 0.186 0.011 0.004 0.176 0.011 0.016 0.032 0.017 0.081 0.006 0.004 0.675 0.016 0.079 0.05 0.001 0.409 0 0.016 0.015 0.037 0.003 0.018 0.073 0.012 0.002 0.395 0.022 0.041 0.02 0.068 0.013 0.012 0.016 0.034 0.218 0.002 0 0.059 0.001 0.003 0.245 0.003 0.007 0 0.034 0.001 0.002 0.001 0.002 0 0.255 0.03 0.002 0
0.268 0.314 0.31 0.133 0.572 0.009 1 0.855 0.42 0.005 0.002 0.322 0.294 0.834 0.007 0.331 0.018 0.047 0.078 0.561 0.173 0.009 0.007 0.012 0.514 0.139 0.102 0.001 0.006 0.002 0.339 0.362 0.089 0.005 0.025 0.091 0.001 0.004 0.009 0.156 0.111 0.051 0.009 0.022 0.02 0.002 0.004 0.006 0.004 0.003 0.008 0.002 0.004 0.005 0.014 0.003 0.027 0.008 0.003 0.003 0.006 0.003 0.004 0.005 0.004 0.007 0.004
0.226 0.267 0.263 0.11 0.512 0.008 0.855 1 0.474 0.004 0.001 0.272 0.249 0.723 0.006 0.281 0.016 0.037 0.063 0.478 0.145 0.008 0.006 0.01 0.431 0.112 0.081 0.001 0.006 0.002 0.266 0.283 0.07 0.005 0.022 0.066 0 0.003 0.008 0.12 0.083 0.049 0.006 0.019 0.018 0.001 0.003 0.005 0.003 0.003 0.005 0.002 0.004 0.005 0.012 0.002 0.024 0.005 0.003 0.002 0.005 0.002 0.003 0.004 0.004 0.006 0.004
0.112 0.132 0.13 0.056 0.239 0.004 0.42 0.474 1 0.002 0.001 0.136 0.124 0.374 0.003 0.14 0.008 0.02 0.033 0.236 0.073 0.004 0.003 0.005 0.239 0.072 0.051 0 0.003 0.001 0.116 0.124 0.049 0.002 0.008 0.027 0.001 0.002 0.004 0.059 0.036 0.028 0 0.009 0.009 0.002 0.002 0.003 0.001 0.002 0 0.001 0.002 0.002 0.006 0.004 0.012 0 0.001 0.001 0.002 0.001 0 0.002 0.002 0.003 0.002
0.018 0.015 0.015 0.036 0.007 0.003 0.005 0.004 0.002 1 0 0.006 0.005 0.005 0.002 0 0.222 0.015 0.048 0.008 0.027 0.003 0.002 0.004 0.007 0.024 0.03 0.001 0 0.001 0.008 0.008 0.037 0.002 0.01 0.059 0.141 0.001 0.001 0.052 0.021 0.008 0.1 0.161 0.06 0.117 0.001 0 0 0.14 0.095 0.001 0.001 0 0.023 0.004 0.115 0.091 0.044 0.001 0.018 0.001 0.102 0 0.001 0.002 0.03
0.027 0.032 0.031 0.013 0.002 0.001 0.002 0.001 0.001 0 1 0.032 0.03 0.002 0.001 0.03 0.002 0.004 0.006 0.003 0.015 0.001 0.001 0.12 0.003 0.015 0.014 0.009 0.001 0 0.002 0.002 0.012 0.001 0.045 0.006 0.002 0 0.001 0.004 0.015 0.005 0.004 0.002 0.002 0.003 0.051 0.001 0 0 0.004 0.002 0 0.001 0.001 0.001 0.003 0.004 0 0.001 0.001 0 0.003 0 0.044 0.026 0
0.598 0.683 0.703 0.274 0.498 0.203 0.322 0.272 0.136 0.006 0.032 1 0.881 0.321 0.019 0.749 0.043 0.102 0.173 0.469 0.349 0.025 0.019 0.218 0.376 0.294 0.211 0.002 0.1 0.003 0.095 0.076 0.169 0.016 0.05 0.101 0.02 0.01 0.13 0.026 0.001 0.074 0.006 0.045 0.05 0.023 0.029 0.049 0.011 0.005 0.005 0.003 0.007 0.064 0.009 0.023 0.011 0.001 0.004 0.005 0.004 0.008 0.003 0.051 0.022 0 0.007
0.578 0.625 0.644 0.292 0.436 0.186 0.294 0.249 0.124 0.005 0.03 0.881 1 0.292 0.021 0.699 0.045 0.112 0.187 0.451 0.352 0.013 0.021 0.199 0.378 0.292 0.21 0.002 0.097 0.003 0.094 0.076 0.177 0.018 0.038 0.085 0.029 0.01 0.124 0.019 0.003 0.068 0.002 0.058 0.063 0.033 0.025 0.048 0.009 0.006 0.001 0.001 0.003 0.063 0.011 0.019 0.019 0 0.005 0 0.009 0.009 0.007 0.051 0.019 0 0.008
0.26 0.274 0.303 0.125 0.58 0.011 0.834 0.723 0.374 0.005 0.002 0.321 0.292 1 0.008 0.374 0.02 0.052 0.088 0.627 0.195 0.01 0.008 0.013 0.579 0.158 0.118 0.001 0.007 0.001 0.397 0.334 0.102 0.006 0.027 0.108 0.002 0.004 0 0.182 0.096 0.058 0.002 0.024 0.022 0.003 0.004 0.007 0.004 0.004 0.002 0.002 0.005 0.006 0.002 0.004 0.011 0.002 0.004 0.003 0.004 0.003 0 0.005 0.005 0.007 0.005
0.025 0.022 0.022 0.051 0.011 0.004 0.007 0.006 0.003 0.002 0.001 0.019 0.021 0.008 1 0.02 0.375 0.021 0.087 0.012 0.039 0.004 0.872 0.005 0.012 0.033 0.029 0.001 0.003 0.001 0.005 0.005 0.039 0.002 0.009 0.076 0.272 0.001 0.004 0.059 0.017 0.027 0.132 0.211 0.236 0.194 0.001 0.003 0.002 0.001 0.098 0.001 0.002 0.002 0.333 0.005 0.155 0.137 0.002 0.002 0.003 0.001 0.181 0.002 0.001 0.003 0.001
0.582 0.62 0.663 0.264 0.482 0.176 0.331 0.281 0.14 0 0.03 0.749 0.699 0.374 0.02 1 0.029 0.123 0.177 0.54 0.412 0.027 0.02 0.189 0.457 0.326 0.229 0.002 0.073 0.004 0.11 0.088 0.181 0.015 0.044 0.107 0.011 0.011 0.104 0.035 0.004 0.096 0.007 0.033 0.051 0.015 0.03 0.03 0.011 0.012 0.004 0.003 0.008 0.04 0.001 0.022 0.009 0 0.01 0.005 0.01 0.008 0.003 0.042 0.023 0.002 0.014
0.003 0.001 0.001 0.026 0.028 0.011 0.018 0.016 0.008 0.222 0.002 0.043 0.045 0.02 0.375 0.029 1 0.053 0.225 0.032 0.1 0.01 0.367 0.014 0.03 0.08 0.088 0.002 0 0.002 0.024 0.022 0.114 0.006 0.032 0.192 0.592 0 0.002 0.139 0.062 0.027 0.379 0.568 0.448 0.473 0.003 0 0.104 0.03 0.315 0.002 0.005 0 0.257 0.014 0.421 0.369 0.032 0.004 0.121 0 0.367 0 0.004 0.005 0.026
0.123 0.117 0.119 0.307 0.073 0.016 0.047 0.037 0.02 0.015 0.004 0.102 0.112 0.052 0.021 0.123 0.053 1 0.488 0.076 0.242 0.028 0.019 0.036 0.053 0.23 0.093 0.006 0.02 0.03 0.006 0.006 0.129 0.082 0.092 0.028 0.035 0.043 0.027 0.018 0.052 0.214 0.039 0.009 0.003 0.01 0 0.008 0.001 0.001 0.024 0.006 0 0.016 0.007 0.029 0.008 0.023 0.002 0.003 0.004 0.008 0.012 0.015 0.001 0.01 0.008
0.11 0.097 0.099 0.349 0.123 0.032 0.078 0.063 0.033 0.048 0.006 0.173 0.187 0.088 0.087 0.177 0.225 0.488 1 0.138 0.425 0.046 0.088 0.06 0.107 0.38 0.215 0.009 0.018 0.015 0.001 0 0.29 0.039 0.148 0.03 0.148 0.039 0.029 0.024 0.134 0.075 0.071 0.208 0.192 0.166 0.003 0.007 0.037 0.022 0.073 0.01 0.002 0.012 0.086 0.052 0.152 0.084 0.03 0.007 0.035 0.008 0.119 0.011 0 0 0.04
0.344 0.363 0.404 0.176 0.82 0.017 0.561 0.478 0.236 0.008 0.003 0.469 0.451 0.627 0.012 0.54 0.032 0.076 0.138 1 0.288 0.016 0.012 0.02 0.84 0.22 0.164 0.003 0.011 0.002 0.281 0.226 0.137 0.009 0.048 0.047 0.009 0.006 0.001 0.1 0.043 0.053 0.015 0.038 0.035 0.013 0 0.011 0.006 0.007 0.014 0.003 0.004 0.008 0.007 0.01 0.024 0.015 0.006 0.003 0.007 0.005 0.006 0.009 0 0.004 0.008
0.302 0.279 0.304 0.603 0.236 0.081 0.173 0.145 0.073 0.027 0.015 0.349 0.352 0.195 0.039 0.412 0.1 0.242 0.425 0.288 1 0.052 0.04 0.104 0.259 0.831 0.635 0.013 0.042 0.009 0.039 0.026 0.514 0.028 0.142 0.004 0.068 0.018 0.056 0 0.224 0.218 0.016 0.123 0.114 0.081 0.007 0.014 0.018 0.017 0.019 0.014 0.015 0.023 0.04 0.005 0.074 0.03 0.015 0.017 0.024 0.023 0.053 0.016 0.002 0.004 0.027
0.014 0.028 0.029 0.004 0.014 0.006 0.009 0.008 0.004 0.003 0.001 0.025 0.013 0.01 0.004 0.027 0.01 0.028 0.046 0.016 0.052 1 0.004 0.007 0.016 0.053 0.065 0 0.004 0.001 0.016 0.015 0.007 0.003 0.069 0.042 0.012 0 0.005 0.011 0.017 0.001 0.01 0.003 0.003 0.005 0.002 0.003 0.002 0.002 0.01 0 0.085 0.003 0 0.208 0.006 0.009 0.002 0 0.003 0.002 0.005 0.002 0.002 0.004 0.003
0.026 0.022 0.022 0.044 0.011 0.004 0.007 0.006 0.003 0.002 0.001 0.019 0.021 0.008 0.872 0.02 0.367 0.019 0.088 0.012 0.04 0.004 1 0.005 0.012 0.033 0.039 0.001 0.003 0.001 0.012 0.011 0.051 0.002 0.009 0.073 0.307 0.002 0.004 0.048 0.025 0.025 0.152 0.241 0.242 0.22 0.001 0.003 0.002 0.001 0.099 0.001 0.002 0.002 0.378 0.005 0.177 0.156 0.002 0.002 0.003 0.001 0.206 0.002 0.001 0.003 0.001
0.166 0.197 0.194 0.073 0.018 0.675 0.012 0.01 0.005 0.004 0.12 0.218 0.199 0.013 0.005 0.189 0.014 0.036 0.06 0.02 0.104 0.007 0.005 1 0.02 0.127 0.092 0 0.432 0.001 0.02 0.012 0.073 0.004 0.002 0.07 0.014 0.003 0.458 0.018 0.021 0.039 0.077 0.017 0.015 0.02 0.066 0.306 0.003 0.003 0.055 0 0.003 0.323 0.004 0.009 0.001 0.033 0.003 0.001 0.002 0.002 0.003 0.303 0.057 0 0.004
0.282 0.31 0.335 0.136 0.684 0.016 0.514 0.431 0.239 0.007 0.003 0.376 0.378 0.579 0.012 0.457 0.03 0.053 0.107 0.84 0.259 0.016 0.012 0.02 1 0.262 0.206 0.003 0.011 0.002 0.347 0.286 0.176 0.009 0.048 0.068 0.008 0.006 0.001 0.115 0.06 0.057 0.014 0.036 0.033 0.011 0.004 0.01 0.006 0.007 0.013 0.003 0.008 0.008 0.006 0.01 0.023 0.014 0.006 0.004 0.007 0.005 0.006 0.008 0.004 0.011 0.008
0.244 0.231 0.244 0.526 0.175 0.079 0.139 0.112 0.072 0.024 0.015 0.294 0.292 0.158 0.033 0.326 0.08 0.23 0.38 0.22 0.831 0.053 0.033 0.127 0.262 1 0.765 0.013 0.072 0.01 0.055 0.046 0.632 0.03 0.147 0.016 0.073 0.021 0.1 0 0.254 0.258 0.008 0.129 0.12 0.087 0.004 0.046 0.021 0.015 0.009 0.014 0.022 0.059 0.044 0.005 0.075 0.016 0.015 0.017 0.024 0.031 0.055 0.054 0.001 0.008 0.024
0.166 0.151 0.161 0.354 0.135 0.05 0.102 0.081 0.051 0.03 0.014 0.211 0.21 0.118 0.029 0.229 0.088 0.093 0.215 0.164 0.635 0.065 0.039 0.092 0.206 0.765 1 0.01 0.05 0.013 0.237 0.224 0.797 0.038 0.101 0.06 0.098 0.024 0.081 0.006 0.362 0.24 0.022 0.156 0.125 0.102 0 0.036 0.026 0.01 0.019 0.011 0.027 0.046 0.055 0.001 0.089 0.029 0.007 0.012 0.032 0.025 0.071 0.044 0 0.007 0.019
0.001 0.002 0.002 0.016 0.002 0.001 0.001 0.001 0 0.001 0.009 0.002 0.002 0.001 0.001 0.002 0.002 0.006 0.009 0.003 0.013 0 0.001 0 0.003 0.013 0.01 1 0.001 0 0.003 0.003 0.014 0.001 0.058 0.009 0.002 0 0.001 0.007 0.027 0.008 0.005 0.003 0.002 0.003 0.002 0.001 0 0 0.005 0.134 0.001 0.001 0.002 0.001 0.003 0.004 0 0.305 0.001 0 0.003 0.001 0 0.001 0.001
0.07 0.084 0.083 0.028 0.01 0.409 0.006 0.006 0.003 0 0.001 0.1 0.097 0.007 0.003 0.073 0 0.02 0.018 0.011 0.042 0.004 0.003 0.432 0.011 0.072 0.05 0.001 1 0.001 0.011 0.01 0.047 0.002 0.013 0.078 0.008 0.002 0.423 0.005 0.028 0.027 0.085 0.009 0.009 0.011 0.057 0.362 0.001 0.002 0.083 0.001 0.002 0.424 0.001 0.005 0 0.059 0.001 0.001 0.002 0.001 0 0.364 0.047 0.002 0.002
0.002 0.001 0.003 0.009 0.003 0 0.002 0.002 0.001 0.001 0 0.003 0.003 0.001 0.001 0.004 0.002 0.03 0.015 0.002 0.009 0.001 0.001 0.001 0.002 0.01 0.013 0 0.001 1 0.003 0.003 0.015 0.001 0.004 0.003 0.001 0 0.001 0.005 0.007 0.002 0.004 0.002 0.002 0.002 0 0.001 0 0 0.003 0 0.004 0.001 0.001 0.001 0.002 0.003 0 0.002 0.001 0 0.002 0.001 0 0.001 0.001
0.067 0.069 0.081 0.01 0.228 0.016 0.339 0.266 0.116 0.008 0.002 0.095 0.094 0.397 0.005 0.11 0.024 0.006 0.001 0.281 0.039 0.016 0.012 0.02 0.347 0.055 0.237 0.003 0.011 0.003 1 0.9 0.196 0.009 0.053 0.286 0.033 0.113 0.001 0.232 0.239 0.033 0.04 0.037 0.023 0.03 0.006 0.01 0.006 0 0.029 0.003 0.008 0.009 0.008 0.01 0.016 0.031 0 0.006 0.007 0.005 0.016 0.008 0.007 0.004 0.001
0.052 0.065 0.064 0.006 0.186 0.015 0.362 0.283 0.124 0.008 0.002 0.076 0.076 0.334 0.005 0.088 0.022 0.006 0 0.226 0.026 0.015 0.011 0.012 0.286 0.046 0.224 0.003 0.01 0.003 0.9 1 0.188 0.009 0.05 0.268 0.031 0.12 0.01 0.198 0.256 0.028 0.055 0.035 0.021 0.03 0.006 0.005 0.006 0 0.041 0.003 0.007 0.004 0.021 0.009 0.032 0.041 0 0.006 0.009 0.004 0.032 0.004 0.007 0.004 0.001
0.137 0.112 0.121 0.444 0.106 0.037 0.089 0.07 0.049 0.037 0.012 0.169 0.177 0.102 0.039 0.181 0.114 0.129 0.29 0.137 0.514 0.007 0.051 0.073 0.176 0.632 0.797 0.014 0.047 0.015 0.196 0.188 1 0.045 0.233 0.031 0.119 0.019 0.067 0.001 0.495 0.305 0.039 0.192 0.157 0.128 0.001 0.028 0.031 0.013 0.034 0.013 0.018 0.038 0.074 0.078 0.12 0.047 0.01 0.013 0.039 0.021 0.094 0.036 0 0.011 0.024
0.02 0.017 0.017 0.039 0.008 0.003 0.005 0.005 0.002 0.002 0.001 0.016 0.018 0.006 0.002 0.015 0.006 0.082 0.039 0.009 0.028 0.003 0.002 0.004 0.009 0.03 0.038 0.001 0.002 0.001 0.009 0.009 0.045 1 0.009 0.022 0.005 0.001 0.003 0.012 0.023 0.036 0.009 0.004 0.003 0.005 0.001 0.001 0.001 0.001 0.009 0.001 0.002 0.002 0.003 0.003 0.005 0.01 0.001 0.002 0.002 0.001 0.005 0.002 0.001 0.012 0.002
0.022 0.054 0.055 0.24 0.045 0.018 0.025 0.022 0.008 0.01 0.045 0.05 0.038 0.027 0.009 0.044 0.032 0.092 0.148 0.048 0.142 0.069 0.009 0.002 0.048 0.147 0.101 0.058 0.013 0.004 0.053 0.05 0.233 0.009 1 0.16 0.035 0.007 0.018 0.092 0.427 0.119 0.073 0.046 0.043 0.05 0 0.011 0.007 0.008 0.072 0.042 0.009 0.011 0.028 0.3 0.057 0.071 0.007 0.068 0.011 0.088 0.052 0.01 0.001 0 0.01
0.115 0.135 0.146 0.003 0.045 0.073 0.091 0.066 0.027 0.059 0.006 0.101 0.085 0.108 0.076 0.107 0.192 0.028 0.03 0.047 0.004 0.042 0.073 0.07 0.068 0.016 0.06 0.009 0.078 0.003 0.286 0.268 0.031 0.022 0.16 1 0.189 0.041 0.113 0.386 0.004 0.106 0.272 0.164 0.125 0.114 0 0.054 0.046 0.011 0.208 0.01 0.017 0.063 0.071 0.04 0.164 0.199 0.008 0.018 0.061 0.014 0.135 0.062 0.001 0.021 0.003
0.001 0 0 0.023 0.004 0.012 0.001 0 0.001 0.141 0.002 0.02 0.029 0.002 0.272 0.011 0.592 0.035 0.148 0.009 0.068 0.012 0.307 0.014 0.008 0.073 0.098 0.002 0.008 0.001 0.033 0.031 0.119 0.005 0.035 0.189 1 0.005 0.012 0.218 0.089 0.033 0.503 0.686 0.596 0.709 0.004 0.008 0.137 0.057 0.429 0.002 0.006 0.006 0.239 0.015 0.51 0.481 0.061 0.004 0.182 0.004 0.576 0.006 0.004 0.009 0.049
0.003 0.009 0.009 0.024 0.006 0.002 0.004 0.003 0.002 0.001 0 0.01 0.01 0.004 0.001 0.011 0 0.043 0.039 0.006 0.018 0 0.002 0.003 0.006 0.021 0.024 0 0.002 0 0.113 0.12 0.019 0.001 0.007 0.041 0.005 1 0.002 0.006 0.019 0.02 0.009 0.005 0.005 0.006 0.001 0.001 0.001 0.001 0.008 0 0.001 0.001 0.003 0.003 0.007 0.009 0.001 0.001 0.001 0.001 0.007 0.001 0.001 0.002 0.001
0.095 0.089 0.113 0.039 0.001 0.395 0.009 0.008 0.004 0.001 0.001 0.13 0.124 0 0.004 0.104 0.002 0.027 0.029 0.001 0.056 0.005 0.004 0.458 0.001 0.1 0.081 0.001 0.423 0.001 0.001 0.01 0.067 0.003 0.018 0.113 0.012 0.002 1 0 0.04 0.039 0.232 0.013 0.012 0.013 0.002 0.539 0.002 0.002 0.187 0.001 0.003 0.558 0.002 0.007 0.007 0.128 0.002 0.002 0 0.002 0.004 0.546 0.002 0.004 0.003
0.034 0.036 0.043 0.001 0.084 0.022 0.156 0.12 0.059 0.052 0.004 0.026 0.019 0.182 0.059 0.035 0.139 0.018 0.024 0.1 0 0.011 0.048 0.018 0.115 0 0.006 0.007 0.005 0.005 0.232 0.198 0.001 0.012 0.092 0.386 0.218 0.006 0 1 0.012 0.075 0.17 0.203 0.171 0.208 0.013 0.004 0.04 0.01 0.172 0.007 0.005 0.002 0.098 0.042 0.171 0.157 0.009 0.013 0.05 0.002 0.191 0.005 0.015 0.021 0.011
0.004 0 0 0.243 0.029 0.041 0.111 0.083 0.036 0.021 0.015 0.001 0.003 0.096 0.017 0.004 0.062 0.052 0.134 0.043 0.224 0.017 0.025 0.021 0.06 0.254 0.362 0.027 0.028 0.007 0.239 0.256 0.495 0.023 0.427 0.004 0.089 0.019 0.04 0.012 1 0.181 0.172 0.101 0.094 0.12 0.003 0.027 0.016 0.018 0.171 0.027 0.02 0.023 0.061 0.17 0.125 0.167 0.016 0.027 0.025 0.04 0.125 0.022 0.007 0.001 0.021
0.081 0.063 0.068 0.239 0.051 0.02 0.051 0.049 0.028 0.008 0.005 0.074 0.068 0.058 0.027 0.096 0.027 0.214 0.075 0.053 0.218 0.001 0.025 0.039 0.057 0.258 0.24 0.008 0.027 0.002 0.033 0.028 0.305 0.036 0.119 0.106 0.033 0.02 0.039 0.075 0.181 1 0.096 0.04 0.034 0.053 0.008 0.014 0 0 0.08 0.008 0.059 0.023 0.043 0.045 0.045 0.077 0.001 0.006 0.002 0.012 0.05 0.021 0.001 0.02 0.002
0.022 0.023 0.03 0.003 0.008 0.068 0.009 0.006 0 0.1 0.004 0.006 0.002 0.002 0.132 0.007 0.379 0.039 0.071 0.015 0.016 0.01 0.152 0.077 0.014 0.008 0.022 0.005 0.085 0.004 0.04 0.055 0.039 0.009 0.073 0.272 0.503 0.009 0.232 0.17 0.172 0.096 1 0.588 0.5 0.606 0.009 0.118 0.093 0.023 0.851 0.005 0.011 0.131 0.34 0.03 0.6 0.821 0.026 0.009 0.146 0.007 0.614 0.127 0.011 0.017 0.05
0.008 0.006 0.007 0.055 0.023 0.013 0.022 0.019 0.009 0.161 0.002 0.045 0.058 0.024 0.211 0.033 0.568 0.009 0.208 0.038 0.123 0.003 0.241 0.017 0.036 0.129 0.156 0.003 0.009 0.002 0.037 0.035 0.192 0.004 0.046 0.164 0.686 0.005 0.013 0.203 0.101 0.04 0.588 1 0.833 0.819 0.005 0.009 0.158 0.048 0.505 0.003 0.007 0.007 0.426 0.017 0.742 0.551 0.053 0.005 0.218 0.004 0.649 0.007 0.006 0.01 0.095
0.005 0.004 0.005 0.051 0.02 0.012 0.02 0.018 0.009 0.06 0.002 0.05 0.063 0.022 0.236 0.051 0.448 0.003 0.192 0.035 0.114 0.003 0.242 0.015 0.033 0.12 0.125 0.002 0.009 0.002 0.023 0.021 0.157 0.003 0.043 0.125 0.596 0.005 0.012 0.171 0.094 0.034 0.5 0.833 1 0.756 0.005 0.008 0.171 0.092 0.492 0.003 0.006 0.006 0.303 0.016 0.682 0.506 0.102 0.005 0.236 0.004 0.591 0.007 0.006 0.009 0.152
0.002 0.001 0.001 0.038 0.006 0.016 0.002 0.001 0.002 0.117 0.003 0.023 0.033 0.003 0.194 0.015 0.473 0.01 0.166 0.013 0.081 0.005 0.22 0.02 0.011 0.087 0.102 0.003 0.011 0.002 0.03 0.03 0.128 0.005 0.05 0.114 0.709 0.006 0.013 0.208 0.12 0.053 0.606 0.819 0.756 1 0.006 0.011 0.133 0.083 0.59 0.003 0.008 0.008 0.384 0.021 0.692 0.639 0.077 0.006 0.183 0.005 0.722 0.009 0.007 0.012 0.116
0.017 0.022 0.022 0.008 0 0.034 0.004 0.003 0.002 0.001 0.051 0.029 0.025 0.004 0.001 0.03 0.003 0 0.003 0 0.007 0.002 0.001 0.066 0.004 0.004 0 0.002 0.057 0 0.006 0.006 0.001 0.001 0 0 0.004 0.001 0.002 0.013 0.003 0.008 0.009 0.005 0.005 0.006 1 0.001 0.001 0.001 0.009 0 0.001 0.001 0.003 0.003 0.007 0.009 0.001 0 0.001 0.001 0.007 0.001 0.789 0.037 0.001
0.031 0.039 0.038 0.008 0.009 0.218 0.006 0.005 0.003 0 0.001 0.049 0.048 0.007 0.003 0.03 0 0.008 0.007 0.011 0.014 0.003 0.003 0.306 0.01 0.046 0.036 0.001 0.362 0.001 0.01 0.005 0.028 0.001 0.011 0.054 0.008 0.001 0.539 0.004 0.027 0.014 0.118 0.009 0.008 0.011 0.001 1 0.001 0.002 0.119 0.001 0.002 0.829 0.005 0.005 0.011 0.104 0.001 0.001 0.002 0.001 0.011 0.81 0.002 0.003 0.002
0.029 0.035 0.035 0.01 0.003 0.002 0.004 0.003 0.001 0 0 0.011 0.009 0.004 0.002 0.011 0.104 0.001 0.037 0.006 0.018 0.002 0.002 0.003 0.006 0.021 0.026 0 0.001 0 0.006 0.006 0.031 0.001 0.007 0.046 0.137 0.001 0.002 0.04 0.016 0 0.093 0.158 0.171 0.133 0.001 0.001 1 0 0.085 0 0.001 0.001 0.002 0.003 0.128 0.079 0 0.001 0.419 0.001 0.062 0.001 0.001 0.002 0
0.007 0.005 0.005 0.011 0.006 0 0.003 0.003 0.002 0.14 0 0.005 0.006 0.004 0.001 0.012 0.03 0.001 0.022 0.007 0.017 0.002 0.001 0.003 0.007 0.015 0.01 0 0.002 0 0 0 0.013 0.001 0.008 0.011 0.057 0.001 0.002 0.01 0.018 0 0.023 0.048 0.092 0.083 0.001 0.002 0 1 0.085 0 0.001 0.001 0.004 0.003 0.11 0.074 0.534 0.001 0.001 0.001 0.081 0.001 0.001 0.002 0.44
0.019 0.02 0.026 0.004 0.008 0.059 0.008 0.005 0 0.095 0.004 0.005 0.001 0.002 0.098 0.004 0.315 0.024 0.073 0.014 0.019 0.01 0.099 0.055 0.013 0.009 0.019 0.005 0.083 0.003 0.029 0.041 0.034 0.009 0.072 0.208 0.429 0.008 0.187 0.172 0.171 0.08 0.851 0.505 0.492 0.59 0.009 0.119 0.085 0.085 1 0.005 0.011 0.132 0.286 0.029 0.638 0.868 0.089 0.009 0.138 0.007 0.643 0.128 0.01 0.017 0.125
0.001 0.003 0.003 0.013 0.003 0.001 0.002 0.002 0.001 0.001 0.002 0.003 0.001 0.002 0.001 0.003 0.002 0.006 0.01 0.003 0.014 0 0.001 0 0.003 0.014 0.011 0.134 0.001 0 0.003 0.003 0.013 0.001 0.042 0.01 0.002 0 0.001 0.007 0.027 0.008 0.005 0.003 0.003 0.003 0 0.001 0 0 0.005 1 0.001 0.001 0.002 0.001 0.003 0.005 0 0.279 0.001 0 0.003 0.001 0.001 0.001 0.001
0.006 0.008 0.004 0.015 0.003 0.003 0.004 0.004 0.002 0.001 0 0.007 0.003 0.005 0.002 0.008 0.005 0 0.002 0.004 0.015 0.085 0.002 0.003 0.008 0.022 0.027 0.001 0.002 0.004 0.008 0.007 0.018 0.002 0.009 0.017 0.006 0.001 0.003 0.005 0.02 0.059 0.011 0.007 0.006 0.008 0.001 0.002 0.001 0.001 0.011 0.001 1 0.002 0.004 0.003 0.008 0.011 0.001 0.001 0.002 0.001 0.008 0.001 0.001 0.002 0.001
0.039 0.049 0.048 0.014 0.008 0.245 0.005 0.005 0.002 0 0.001 0.064 0.063 0.006 0.002 0.04 0 0.016 0.012 0.008 0.023 0.003 0.002 0.323 0.008 0.059 0.046 0.001 0.424 0.001 0.009 0.004 0.038 0.002 0.011 0.063 0.006 0.001 0.558 0.002 0.023 0.023 0.131 0.007 0.006 0.008 0.001 0.829 0.001 0.001 0.132 0.001 0.002 1 0.004 0.004 0.009 0.114 0.001 0.001 0.001 0.001 0.009 0.825 0.001 0.002 0.002
0.011 0.016 0.011 0.044 0.007 0.003 0.014 0.012 0.006 0.023 0.001 0.009 0.011 0.002 0.333 0.001 0.257 0.007 0.086 0.007 0.04 0 0.378 0.004 0.006 0.044 0.055 0.002 0.001 0.001 0.008 0.021 0.074 0.003 0.028 0.071 0.239 0.003 0.002 0.098 0.061 0.043 0.34 0.426 0.303 0.384 0.003 0.005 0.002 0.004 0.286 0.002 0.004 0.004 1 0.011 0.435 0.351 0.003 0.003 0.001 0.002 0.412 0.004 0.004 0.006 0.008
0.007 0.024 0.024 0.089 0.008 0.007 0.003 0.002 0.004 0.004 0.001 0.023 0.019 0.004 0.005 0.022 0.014 0.029 0.052 0.01 0.005 0.208 0.005 0.009 0.01 0.005 0.001 0.001 0.005 0.001 0.01 0.009 0.078 0.003 0.3 0.04 0.015 0.003 0.007 0.042 0.17 0.045 0.03 0.017 0.016 0.021 0.003 0.005 0.003 0.003 0.029 0.001 0.003 0.004 0.011 1 0.022 0.029 0.003 0.003 0.004 0.002 0.021 0.004 0.003 0.001 0.004
0 0 0 0.024 0.012 0 0.027 0.024 0.012 0.115 0.003 0.011 0.019 0.011 0.155 0.009 0.421 0.008 0.152 0.024 0.074 0.006 0.177 0.001 0.023 0.075 0.089 0.003 0 0.002 0.016 0.032 0.12 0.005 0.057 0.164 0.51 0.007 0.007 0.171 0.125 0.045 0.6 0.742 0.682 0.692 0.007 0.011 0.128 0.11 0.638 0.003 0.008 0.009 0.435 0.022 1 0.619 0.121 0.006 0.2 0.005 0.79 0.009 0.008 0.012 0.162
0.009 0.012 0.014 0.008 0.008 0.034 0.008 0.005 0 0.091 0.004 0.001 0 0.002 0.137 0 0.369 0.023 0.084 0.015 0.03 0.009 0.156 0.033 0.014 0.016 0.029 0.004 0.059 0.003 0.031 0.041 0.047 0.01 0.071 0.199 0.481 0.009 0.128 0.157 0.167 0.077 0.821 0.551 0.506 0.639 0.009 0.104 0.079 0.074 0.868 0.005 0.011 0.114 0.351 0.029 0.619 1 0.091 0.008 0.15 0.007 0.626 0.11 0.01 0.013 0.114
0.002 0.001 0.001 0.006 0.005 0.001 0.003 0.003 0.001 0.044 0 0.004 0.005 0.004 0.002 0.01 0.032 0.002 0.03 0.006 0.015 0.002 0.002 0.003 0.006 0.015 0.007 0 0.001 0 0 0 0.01 0.001 0.007 0.008 0.061 0.001 0.002 0.009 0.016 0.001 0.026 0.053 0.102 0.077 0.001 0.001 0 0.534 0.089 0 0.001 0.001 0.003 0.003 0.121 0.091 1 0.001 0.001 0.001 0.083 0.001 0.001 0.002 0.449
0 0.006 0.006 0.016 0.003 0.002 0.003 0.002 0.001 0.001 0.001 0.005 0 0.003 0.002 0.005 0.004 0.003 0.007 0.003 0.017 0 0.002 0.001 0.004 0.017 0.012 0.305 0.001 0.002 0.006 0.006 0.013 0.002 0.068 0.018 0.004 0.001 0.002 0.013 0.027 0.006 0.009 0.005 0.005 0.006 0 0.001 0.001 0.001 0.009 0.279 0.001 0.001 0.003 0.003 0.006 0.008 0.001 1 0.001 0.001 0.006 0.001 0.001 0.001 0.001
0.018 0.02 0.023 0.002 0 0.001 0.006 0.005 0.002 0.018 0.001 0.004 0.009 0.004 0.003 0.01 0.121 0.004 0.035 0.007 0.024 0.003 0.003 0.002 0.007 0.024 0.032 0.001 0.002 0.001 0.007 0.009 0.039 0.002 0.011 0.061 0.182 0.001 0 0.05 0.025 0.002 0.146 0.218 0.236 0.183 0.001 0.002 0.419 0.001 0.138 0.001 0.002 0.001 0.001 0.004 0.2 0.15 0.001 0.001 1 0.001 0.131 0.002 0.002 0.002 0
0.003 0.009 0.009 0.016 0.004 0.002 0.003 0.002 0.001 0.001 0 0.008 0.009 0.003 0.001 0.008 0 0.008 0.008 0.005 0.023 0.002 0.001 0.002 0.005 0.031 0.025 0 0.001 0 0.005 0.004 0.021 0.001 0.088 0.014 0.004 0.001 0.002 0.002 0.04 0.012 0.007 0.004 0.004 0.005 0.001 0.001 0.001 0.001 0.007 0 0.001 0.001 0.002 0.002 0.005 0.007 0.001 0.001 0.001 1 0.005 0.001 0.001 0.001 0.001
0 0 0.001 0.022 0.002 0 0.004 0.003 0 0.102 0.003 0.003 0.007 0 0.181 0.003 0.367 0.012 0.119 0.006 0.053 0.005 0.206 0.003 0.006 0.055 0.071 0.003 0 0.002 0.016 0.032 0.094 0.005 0.052 0.135 0.576 0.007 0.004 0.191 0.125 0.05 0.614 0.649 0.591 0.722 0.007 0.011 0.062 0.081 0.643 0.003 0.008 0.009 0.412 0.021 0.79 0.626 0.083 0.006 0.131 0.005 1 0.009 0.008 0.012 0.146
0.032 0.04 0.039 0.01 0.008 0.255 0.005 0.004 0.002 0 0 0.051 0.051 0.005 0.002 0.042 0 0.015 0.011 0.009 0.016 0.002 0.002 0.303 0.008 0.054 0.044 0.001 0.364 0.001 0.008 0.004 0.036 0.002 0.01 0.062 0.006 0.001 0.546 0.005 0.022 0.021 0.127 0.007 0.007 0.009 0.001 0.81 0.001 0.001 0.128 0.001 0.001 0.825 0.004 0.004 0.009 0.11 0.001 0.001 0.002 0.001 0.009 1 0.001 0.002 0.002
0.013 0.017 0.016 0.002 0 0.03 0.004 0.004 0.002 0.001 0.044 0.022 0.019 0.005 0.001 0.023 0.004 0.001 0 0 0.002 0.002 0.001 0.057 0.004 0.001 0 0 0.047 0 0.007 0.007 0 0.001 0.001 0.001 0.004 0.001 0.002 0.015 0.007 0.001 0.011 0.006 0.006 0.007 0.789 0.002 0.001 0.001 0.01 0.001 0.001 0.001 0.004 0.003 0.008 0.01 0.001 0.001 0.002 0.001 0.008 0.001 1 0.064 0.001
0.005 0.003 0.003 0.007 0.003 0.002 0.007 0.006 0.003 0.002 0.026 0 0 0.007 0.003 0.002 0.005 0.01 0 0.004 0.004 0.004 0.003 0 0.011 0.008 0.007 0.001 0.002 0.001 0.004 0.004 0.011 0.012 0 0.021 0.009 0.002 0.004 0.021 0.001 0.02 0.017 0.01 0.009 0.012 0.037 0.003 0.002 0.002 0.017 0.001 0.002 0.002 0.006 0.001 0.012 0.013 0.002 0.001 0.002 0.001 0.012 0.002 0.064 1 0.002
0.003 0.001 0.002 0.01 0.007 0 0.004 0.004 0.002 0.03 0 0.007 0.008 0.005 0.001 0.014 0.026 0.008 0.04 0.008 0.027 0.003 0.001 0.004 0.008 0.024 0.019 0.001 0.002 0.001 0.001 0.001 0.024 0.002 0.01 0.003 0.049 0.001 0.003 0.011 0.021 0.002 0.05 0.095 0.152 0.116 0.001 0.002 0 0.44 0.125 0.001 0.001 0.002 0.008 0.004 0.162 0.114 0.449 0.001 0 0.001 0.146 0.002 0.001 0.002 1
