1 0.898 0.904 0.46 0.331 0.161 0.251 0.217 0.123 0.017 0.052 0.518 0.505 0.253 0.024 0.534 0 0.149 0.129 0.261 0.295 0.002 0.027 0.164 0.255 0.232 0.121 0.001 0.076 0.014 0.033 0.019 0.104 0.016 0.007 0.074 0.001 0.011 0.067 0.016 0.006 0.059 0.024 0.003 0.002 0 0.006 0.013 0.062 0.007 0.024 0.001 0.005 0.018 0.007 0.004 0.003 0.015 0.005 0 0.035 0.005 0.003 0.006 0.008 0.003 0.006
0.898 1 0.974 0.466 0.353 0.179 0.276 0.238 0.133 0.015 0.057 0.571 0.549 0.265 0.022 0.572 0 0.14 0.115 0.279 0.301 0.019 0.024 0.185 0.275 0.239 0.127 0.001 0.085 0.014 0.037 0.025 0.103 0.014 0.015 0.092 0.002 0.012 0.068 0.021 0.003 0.048 0.028 0.002 0.001 0.001 0.008 0.016 0.067 0.006 0.028 0.002 0.005 0.021 0.008 0.007 0.004 0.018 0.004 0.001 0.038 0.009 0.004 0.008 0.01 0.002 0.005
0.904 0.974 1 0.472 0.365 0.177 0.273 0.236 0.132 0.016 0.057 0.577 0.555 0.276 0.022 0.582 0 0.14 0.115 0.289 0.311 0.016 0.024 0.183 0.283 0.245 0.132 0.001 0.084 0.018 0.04 0.025 0.107 0.014 0.015 0.094 0.002 0.012 0.076 0.022 0.003 0.049 0.03 0.002 0.002 0.001 0.008 0.016 0.067 0.006 0.03 0.002 0.004 0.021 0.006 0.007 0.005 0.02 0.004 0.001 0.039 0.009 0.005 0.007 0.01 0.002 0.005
0.46 0.466 0.472 1 0.18 0.076 0.136 0.117 0.065 0.031 0.028 0.292 0.284 0.138 0.044 0.288 0.017 0.311 0.353 0.178 0.618 0 0.047 0.068 0.148 0.523 0.303 0.031 0.03 0.036 0.002 0 0.353 0.03 0.253 0 0.012 0.025 0.027 0.005 0.218 0.179 0.001 0.034 0.033 0.017 0.011 0.002 0.03 0.015 0.001 0.024 0.011 0.009 0.021 0.063 0.01 0.003 0.013 0.045 0.008 0.015 0.009 0 0.007 0.007 0.017
0.331 0.353 0.365 0.18 1 0.012 0.554 0.532 0.294 0.007 0.004 0.427 0.402 0.567 0.01 0.46 0.028 0.078 0.137 0.749 0.262 0.008 0.011 0.019 0.651 0.187 0.128 0.002 0.009 0.008 0.15 0.114 0.106 0.005 0.019 0.02 0.004 0.005 0.001 0.027 0.036 0.033 0.008 0.029 0.029 0.004 0 0.008 0.005 0.005 0.009 0.003 0.003 0.006 0.006 0 0.018 0.008 0.006 0 0.006 0.004 0.003 0.006 0.001 0.001 0.008
0.161 0.179 0.177 0.076 0.012 1 0.007 0.006 0.004 0.003 0.001 0.174 0.168 0.008 0.004 0.174 0.011 0.017 0.037 0.013 0.085 0.003 0.004 0.504 0.012 0.063 0.026 0.002 0.379 0.003 0.015 0.014 0.023 0.003 0.015 0.041 0.012 0.002 0.265 0.021 0.032 0.008 0.036 0.012 0.012 0.014 0.032 0.084 0.002 0 0.037 0.001 0.002 0.09 0 0.004 0.006 0.017 0 0.002 0 0.002 0.005 0.102 0.054 0 0
0.251 0.276 0.273 0.136 0.554 0.007 1 0.865 0.489 0.004 0.002 0.272 0.262 0.838 0.006 0.302 0.018 0.049 0.087 0.466 0.176 0.005 0.007 0.012 0.497 0.161 0.114 0.006 0.006 0.005 0.23 0.234 0.097 0.003 0.008 0.048 0 0.003 0.008 0.064 0.113 0.025 0.006 0.022 0.021 0.001 0.004 0.005 0.004 0.003 0.007 0.002 0.002 0.004 0.011 0 0.026 0.007 0.004 0.002 0.007 0.003 0.003 0.004 0.005 0.005 0.005
0.217 0.238 0.236 0.117 0.532 0.006 0.865 1 0.565 0.004 0.002 0.236 0.227 0.816 0.005 0.262 0.015 0.043 0.075 0.394 0.152 0.004 0.006 0.01 0.419 0.138 0.098 0.008 0.005 0.004 0.173 0.175 0.082 0.002 0.005 0.033 0 0.003 0.007 0.043 0.087 0.024 0.003 0.019 0.018 0 0.003 0.004 0.003 0.003 0.004 0.002 0.002 0.004 0.01 0.001 0.023 0.004 0.003 0.003 0.006 0.002 0.001 0.003 0.004 0.004 0.004
0.123 0.133 0.132 0.065 0.294 0.004 0.489 0.565 1 0.002 0.001 0.133 0.128 0.474 0.003 0.148 0.009 0.024 0.042 0.192 0.086 0.002 0.003 0.006 0.207 0.078 0.054 0.019 0.003 0.002 0.049 0.046 0.044 0.001 0 0.004 0.002 0.001 0.004 0.03 0.031 0.018 0 0.011 0.01 0.002 0.002 0.002 0.002 0.002 0 0.001 0.001 0.002 0.005 0.002 0.013 0 0.002 0.011 0.003 0.001 0 0.002 0.002 0.003 0.002
0.017 0.015 0.016 0.031 0.007 0.003 0.004 0.004 0.002 1 0.001 0.013 0.013 0.004 0.002 0.002 0.201 0.019 0.037 0.008 0.025 0.002 0.003 0.005 0.007 0.025 0.034 0.001 0.002 0.002 0.009 0.008 0.038 0.002 0.009 0.059 0.124 0.001 0.002 0.03 0.02 0 0.097 0.161 0.149 0.135 0.001 0.001 0 0.305 0.099 0.001 0.001 0.001 0.002 0.003 0.13 0.098 0.125 0.001 0.09 0.001 0.12 0.001 0.002 0.002 0.098
0.052 0.057 0.057 0.028 0.004 0.001 0.002 0.002 0.001 0.001 1 0.056 0.054 0.002 0.001 0.062 0.004 0.01 0.018 0.003 0.036 0.001 0.001 0.183 0.003 0.035 0.025 0.007 0.001 0.001 0.005 0.004 0.023 0.001 0.095 0.015 0.003 0.001 0.002 0.009 0.034 0.011 0.006 0.004 0.004 0.004 0.005 0.001 0.001 0.001 0.006 0.008 0.001 0.001 0.002 0.001 0.005 0.006 0.001 0.001 0.001 0.001 0.004 0.001 0.003 0.002 0.001
0.518 0.571 0.577 0.292 0.427 0.174 0.272 0.236 0.133 0.013 0.056 1 0.911 0.278 0.015 0.731 0.053 0.116 0.217 0.42 0.396 0.015 0.017 0.211 0.332 0.317 0.234 0 0.115 0.017 0.068 0.053 0.207 0.014 0.01 0.051 0.024 0.007 0.101 0.005 0.013 0.068 0.001 0.06 0.059 0.027 0.024 0.032 0.011 0.006 0.001 0.002 0.004 0.057 0.005 0.002 0.015 0 0.008 0.001 0.01 0.009 0.003 0.02 0.024 0.001 0.012
0.505 0.549 0.555 0.284 0.402 0.168 0.262 0.227 0.128 0.013 0.054 0.911 1 0.267 0.015 0.705 0.055 0.113 0.216 0.41 0.376 0.005 0.016 0.202 0.326 0.299 0.225 0 0.112 0.018 0.071 0.056 0.206 0.014 0.01 0.049 0.027 0.004 0.098 0.005 0.014 0.06 0 0.064 0.063 0.03 0.022 0.031 0.011 0.006 0 0.001 0 0.056 0.005 0.005 0.018 0 0.008 0 0.014 0.004 0.004 0.02 0.023 0.001 0.012
0.253 0.265 0.276 0.138 0.567 0.008 0.838 0.816 0.474 0.004 0.002 0.278 0.267 1 0.006 0.312 0.018 0.051 0.089 0.479 0.181 0.005 0.007 0.012 0.51 0.166 0.118 0.006 0.006 0.005 0.24 0.184 0.1 0.003 0.008 0.05 0 0.003 0 0.067 0.086 0.026 0.001 0.022 0.022 0 0.004 0.005 0.004 0.003 0.001 0.002 0.003 0.004 0.002 0 0.011 0.001 0.004 0.002 0.006 0.003 0 0.004 0.005 0.005 0.005
0.024 0.022 0.022 0.044 0.01 0.004 0.006 0.005 0.003 0.002 0.001 0.015 0.015 0.006 1 0.02 0.339 0.026 0.07 0.011 0.035 0.003 0.895 0.006 0.01 0.028 0.031 0.001 0.003 0.003 0.012 0.012 0.043 0.002 0.006 0.067 0.245 0.002 0.004 0.052 0.02 0.025 0.144 0.233 0.227 0.206 0.002 0.003 0.002 0 0.099 0.001 0.001 0.002 0.451 0.004 0.192 0.149 0 0.002 0.004 0.002 0.186 0.002 0.002 0.003 0.001
0.534 0.572 0.582 0.288 0.46 0.174 0.302 0.262 0.148 0.002 0.062 0.731 0.705 0.312 0.02 1 0.039 0.131 0.215 0.514 0.435 0.017 0.021 0.163 0.417 0.323 0.191 0.001 0.059 0.016 0.046 0.033 0.162 0.003 0.011 0.03 0.017 0.011 0.056 0.001 0.008 0.06 0 0.046 0.047 0.017 0.028 0.005 0.012 0.011 0 0.002 0.007 0.015 0.004 0.006 0.011 0.002 0.013 0 0.004 0.008 0.001 0.009 0.028 0 0.016
0 0 0 0.017 0.028 0.011 0.018 0.015 0.009 0.201 0.004 0.053 0.055 0.018 0.339 0.039 1 0.075 0.203 0.032 0.101 0.008 0.344 0.019 0.03 0.088 0.115 0.004 0.005 0.008 0.03 0.033 0.138 0.007 0.029 0.216 0.676 0.005 0.007 0.169 0.072 0.026 0.455 0.72 0.699 0.62 0.006 0.003 0.183 0.049 0.399 0.003 0.003 0.002 0.195 0.011 0.587 0.472 0.1 0.006 0.251 0 0.459 0.002 0.007 0.007 0.082
0.149 0.14 0.14 0.311 0.078 0.017 0.049 0.043 0.024 0.019 0.01 0.116 0.113 0.051 0.026 0.131 0.075 1 0.494 0.089 0.266 0.018 0.026 0.05 0.057 0.246 0.069 0.011 0.022 0.09 0.029 0.032 0.087 0.076 0.094 0.023 0.056 0.068 0.031 0.007 0.027 0.157 0.073 0.029 0.027 0.039 0.001 0.013 0.016 0.001 0.058 0.009 0.001 0.016 0.009 0.018 0.038 0.063 0.003 0.016 0.021 0.008 0.038 0.014 0 0.018 0
0.129 0.115 0.115 0.353 0.137 0.037 0.087 0.075 0.042 0.037 0.018 0.217 0.216 0.089 0.07 0.215 0.203 0.494 1 0.157 0.478 0.033 0.072 0.091 0.113 0.433 0.216 0.02 0.035 0.05 0.002 0.002 0.268 0.04 0.156 0.043 0.142 0.038 0.05 0.052 0.106 0.052 0.057 0.209 0.204 0.15 0.008 0.022 0.035 0.016 0.056 0.015 0.003 0.024 0.056 0.037 0.141 0.068 0.032 0.028 0.05 0.008 0.098 0.021 0.003 0.001 0.041
0.261 0.279 0.289 0.178 0.749 0.013 0.466 0.394 0.192 0.008 0.003 0.42 0.41 0.479 0.011 0.514 0.032 0.089 0.157 1 0.265 0.009 0.012 0.022 0.787 0.191 0.126 0.005 0.009 0.009 0.15 0.118 0.106 0.006 0.04 0.013 0.008 0.006 0.001 0.025 0.02 0.034 0.013 0.04 0.039 0.008 0.01 0.008 0.007 0.006 0.013 0 0.004 0.001 0.004 0.001 0.027 0.013 0.007 0.007 0.011 0.005 0.006 0.007 0.005 0.002 0.009
0.295 0.301 0.311 0.618 0.262 0.085 0.176 0.152 0.086 0.025 0.036 0.396 0.376 0.181 0.035 0.435 0.101 0.266 0.478 0.265 1 0.03 0.038 0.11 0.247 0.796 0.545 0.035 0.052 0.028 0.009 0.005 0.482 0.023 0.206 0.001 0.069 0.019 0.042 0.015 0.22 0.174 0.02 0.121 0.118 0.068 0.003 0.006 0.021 0.018 0.022 0.015 0.013 0.018 0.023 0.012 0.064 0.032 0.021 0.054 0.027 0.021 0.036 0.002 0.002 0.002 0.028
0.002 0.019 0.016 0 0.008 0.003 0.005 0.004 0.002 0.002 0.001 0.015 0.005 0.005 0.003 0.017 0.008 0.018 0.033 0.009 0.03 1 0.003 0.006 0.009 0.031 0.042 0 0.003 0 0.011 0.01 0.002 0.002 0.032 0.033 0.01 0.001 0.003 0.012 0.006 0.002 0.015 0.009 0.008 0.01 0.002 0.002 0.002 0.001 0.015 0 0.137 0.002 0.004 0.124 0.011 0.014 0.002 0 0.003 0.001 0.011 0.002 0.002 0.002 0.002
0.027 0.024 0.024 0.047 0.011 0.004 0.007 0.006 0.003 0.003 0.001 0.017 0.016 0.007 0.895 0.021 0.344 0.026 0.072 0.012 0.038 0.003 1 0.007 0.011 0.031 0.036 0.002 0.003 0.003 0.014 0.013 0.049 0.003 0.008 0.072 0.265 0.002 0.004 0.057 0.023 0.026 0.156 0.253 0.242 0.222 0.002 0.003 0.002 0 0.105 0.001 0.001 0.002 0.496 0.004 0.205 0.161 0 0.002 0.004 0.001 0.203 0.002 0.003 0.003 0.001
0.164 0.185 0.183 0.068 0.019 0.504 0.012 0.01 0.006 0.005 0.183 0.211 0.202 0.012 0.006 0.163 0.019 0.05 0.091 0.022 0.11 0.006 0.007 1 0.02 0.14 0.089 0 0.42 0.005 0.024 0.014 0.08 0.005 0.001 0.042 0.021 0.004 0.445 0.014 0.009 0.038 0.06 0.021 0.02 0.025 0.028 0.309 0.004 0.003 0.053 0 0.003 0.236 0.002 0.007 0 0.032 0.004 0.001 0.002 0.003 0.001 0.264 0.042 0 0.005
0.255 0.275 0.283 0.148 0.651 0.012 0.497 0.419 0.207 0.007 0.003 0.332 0.326 0.51 0.01 0.417 0.03 0.057 0.113 0.787 0.247 0.009 0.011 0.02 1 0.262 0.197 0.004 0.009 0.008 0.23 0.189 0.171 0.006 0.037 0.033 0.006 0.005 0.001 0.048 0.043 0.038 0.01 0.036 0.036 0.006 0.006 0.008 0.006 0.005 0.011 0.003 0.004 0.001 0.003 0.001 0.024 0.011 0.006 0.006 0.011 0.004 0.004 0.006 0.008 0.008 0.008
0.232 0.239 0.245 0.523 0.187 0.063 0.161 0.138 0.078 0.025 0.035 0.317 0.299 0.166 0.028 0.323 0.088 0.246 0.433 0.191 0.796 0.031 0.031 0.14 0.262 1 0.688 0.034 0.082 0.029 0.017 0.016 0.615 0.027 0.209 0.003 0.073 0.02 0.112 0.006 0.251 0.22 0.005 0.126 0.123 0.072 0 0.058 0.022 0.018 0.007 0.014 0.014 0.059 0.024 0.011 0.068 0.012 0.022 0.052 0.029 0.032 0.039 0.054 0.001 0.006 0.029
0.121 0.127 0.132 0.303 0.128 0.026 0.114 0.098 0.054 0.034 0.025 0.234 0.225 0.118 0.031 0.191 0.115 0.069 0.216 0.126 0.545 0.042 0.036 0.089 0.197 0.688 1 0.024 0.052 0.039 0.227 0.233 0.862 0.036 0.14 0.05 0.103 0.037 0.081 0.004 0.39 0.179 0.023 0.161 0.158 0.107 0.001 0.041 0.03 0.025 0.022 0.009 0.02 0.039 0.032 0.004 0.102 0.035 0.029 0.037 0.044 0.023 0.066 0.04 0.007 0.01 0.04
0.001 0.001 0.001 0.031 0.002 0.002 0.006 0.008 0.019 0.001 0.007 0 0 0.006 0.001 0.001 0.004 0.011 0.02 0.005 0.035 0 0.002 0 0.004 0.034 0.024 1 0.001 0.001 0.005 0.005 0.026 0.001 0.113 0.017 0.005 0.001 0.002 0.012 0.051 0.012 0.008 0.004 0.004 0.005 0 0.001 0.001 0.001 0.008 0.184 0.001 0.001 0.002 0.002 0.006 0.007 0.001 0.56 0.002 0.001 0.006 0.001 0.001 0.001 0.001
0.076 0.085 0.084 0.03 0.009 0.379 0.006 0.005 0.003 0.002 0.001 0.115 0.112 0.006 0.003 0.059 0.005 0.022 0.035 0.009 0.052 0.003 0.003 0.42 0.009 0.082 0.052 0.001 1 0.002 0.011 0.011 0.054 0.002 0.011 0.075 0.011 0.002 0.441 0 0.025 0.025 0.08 0.011 0.01 0.013 0.045 0.279 0.002 0.002 0.074 0.001 0.001 0.308 0 0.003 0.002 0.043 0.002 0.002 0.003 0.001 0.002 0.198 0.032 0 0.002
0.014 0.014 0.018 0.036 0.008 0.003 0.005 0.004 0.002 0.002 0.001 0.017 0.018 0.005 0.003 0.016 0.008 0.09 0.05 0.009 0.028 0 0.003 0.005 0.008 0.029 0.039 0.001 0.002 1 0.01 0.009 0.044 0.002 0.01 0.032 0.009 0.002 0.003 0.022 0.02 0.014 0.015 0.009 0.009 0.011 0.002 0.002 0.002 0.001 0.015 0.001 0.001 0.002 0.005 0.003 0.011 0.015 0.002 0.001 0.003 0.001 0.011 0.002 0.002 0.002 0.002
0.033 0.037 0.04 0.002 0.15 0.015 0.23 0.173 0.049 0.009 0.005 0.068 0.071 0.24 0.012 0.046 0.03 0.029 0.002 0.15 0.009 0.011 0.014 0.024 0.23 0.017 0.227 0.005 0.011 0.01 1 0.881 0.203 0.009 0.046 0.261 0.035 0.148 0.002 0.184 0.222 0.005 0.043 0.036 0.035 0.035 0.007 0.01 0.003 0.006 0.036 0.004 0.005 0.008 0.009 0.002 0.027 0.041 0.008 0.008 0.008 0.005 0.026 0.007 0.009 0.004 0.01
0.019 0.025 0.025 0 0.114 0.014 0.234 0.175 0.046 0.008 0.004 0.053 0.056 0.184 0.012 0.033 0.033 0.032 0.002 0.118 0.005 0.01 0.013 0.014 0.189 0.016 0.233 0.005 0.011 0.009 0.881 1 0.21 0.009 0.043 0.254 0.038 0.158 0.007 0.156 0.242 0.005 0.054 0.038 0.037 0.045 0.007 0.002 0.007 0.006 0.046 0.004 0.005 0.001 0.019 0.001 0.047 0.052 0.007 0.007 0.013 0.005 0.046 0.001 0.009 0.007 0.009
0.104 0.103 0.107 0.353 0.106 0.023 0.097 0.082 0.044 0.038 0.023 0.207 0.206 0.1 0.043 0.162 0.138 0.087 0.268 0.106 0.482 0.002 0.049 0.08 0.171 0.615 0.862 0.026 0.054 0.044 0.203 0.21 1 0.041 0.222 0.032 0.125 0.033 0.075 0.001 0.468 0.206 0.035 0.19 0.185 0.129 0.001 0.037 0.033 0.028 0.034 0.01 0.005 0.037 0.044 0.05 0.126 0.049 0.033 0.037 0.049 0.02 0.085 0.036 0.006 0.012 0.044
0.016 0.014 0.014 0.03 0.005 0.003 0.003 0.002 0.001 0.002 0.001 0.014 0.014 0.003 0.002 0.003 0.007 0.076 0.04 0.006 0.023 0.002 0.003 0.005 0.006 0.027 0.036 0.001 0.002 0.002 0.009 0.009 0.041 1 0.008 0.006 0 0.001 0.003 0.004 0.009 0.018 0.002 0 0 0 0.001 0.001 0.002 0.001 0.002 0.001 0.001 0.002 0.001 0 0 0.003 0.002 0.002 0.003 0 0 0.001 0.002 0.027 0.002
0.007 0.015 0.015 0.253 0.019 0.015 0.008 0.005 0 0.009 0.095 0.01 0.01 0.008 0.006 0.011 0.029 0.094 0.156 0.04 0.206 0.032 0.008 0.001 0.037 0.209 0.14 0.113 0.011 0.01 0.046 0.043 0.222 0.008 1 0.148 0.042 0.007 0.015 0.09 0.423 0.103 0.07 0.043 0.042 0.049 0.001 0.008 0.007 0.007 0.068 0.041 0.005 0.008 0.022 0.182 0.053 0.067 0.008 0.164 0.013 0.097 0.051 0.007 0.004 0 0.01
0.074 0.092 0.094 0 0.02 0.041 0.048 0.033 0.004 0.059 0.015 0.051 0.049 0.05 0.067 0.03 0.216 0.023 0.043 0.013 0.001 0.033 0.072 0.042 0.033 0.003 0.05 0.017 0.075 0.032 0.261 0.254 0.032 0.006 0.148 1 0.208 0.047 0.103 0.416 0.002 0.06 0.32 0.223 0.217 0.175 0.002 0.053 0.05 0.031 0.288 0.013 0.016 0.04 0.083 0.022 0.257 0.286 0.037 0.025 0.077 0.016 0.195 0.049 0.006 0.014 0.022
0.001 0.002 0.002 0.012 0.004 0.012 0 0 0.002 0.124 0.003 0.024 0.027 0 0.245 0.017 0.676 0.056 0.142 0.008 0.069 0.01 0.265 0.021 0.006 0.073 0.103 0.005 0.011 0.009 0.035 0.038 0.125 0 0.042 0.208 1 0.007 0.014 0.249 0.097 0.033 0.59 0.771 0.754 0.842 0.007 0.009 0.157 0.087 0.522 0.004 0.005 0.006 0.234 0.013 0.626 0.598 0.105 0.007 0.232 0.005 0.636 0.007 0.009 0.01 0.084
0.011 0.012 0.012 0.025 0.005 0.002 0.003 0.003 0.001 0.001 0.001 0.007 0.004 0.003 0.002 0.011 0.005 0.068 0.038 0.006 0.019 0.001 0.002 0.004 0.005 0.02 0.037 0.001 0.002 0.002 0.148 0.158 0.033 0.001 0.007 0.047 0.007 1 0.002 0.008 0.039 0.024 0.011 0.007 0.007 0.008 0.001 0.001 0.001 0.001 0.006 0.001 0.001 0.001 0.003 0.002 0.008 0.011 0.001 0.001 0.002 0.001 0.008 0.001 0.001 0 0.002
0.067 0.068 0.076 0.027 0.001 0.265 0.008 0.007 0.004 0.002 0.002 0.101 0.098 0 0.004 0.056 0.007 0.031 0.05 0.001 0.042 0.003 0.004 0.445 0.001 0.112 0.081 0.002 0.441 0.003 0.002 0.007 0.075 0.003 0.015 0.103 0.014 0.002 1 0 0.034 0.036 0.211 0.015 0.014 0.01 0.002 0.557 0.002 0.002 0.193 0.001 0.002 0.417 0.004 0.004 0.013 0.143 0.003 0.003 0 0.002 0.012 0.479 0.003 0.003 0.003
0.016 0.021 0.022 0.005 0.027 0.021 0.064 0.043 0.03 0.03 0.009 0.005 0.005 0.067 0.052 0.001 0.169 0.007 0.052 0.025 0.015 0.012 0.057 0.014 0.048 0.006 0.004 0.012 0 0.022 0.184 0.156 0.001 0.004 0.09 0.416 0.249 0.008 0 1 0.003 0.024 0.205 0.225 0.229 0.247 0.016 0 0.062 0.024 0.208 0.009 0.003 0.002 0.068 0.03 0.192 0.207 0.029 0.017 0.079 0.005 0.186 0.001 0.021 0.013 0.024
0.006 0.003 0.003 0.218 0.036 0.032 0.113 0.087 0.031 0.02 0.034 0.013 0.014 0.086 0.02 0.008 0.072 0.027 0.106 0.02 0.22 0.006 0.023 0.009 0.043 0.251 0.39 0.051 0.025 0.02 0.222 0.242 0.468 0.009 0.423 0.002 0.097 0.039 0.034 0.003 1 0.128 0.162 0.097 0.095 0.114 0.007 0.022 0.017 0.015 0.157 0.023 0.011 0.018 0.05 0.131 0.119 0.155 0.017 0.073 0.03 0.049 0.117 0.016 0.014 0.004 0.022
0.059 0.048 0.049 0.179 0.033 0.008 0.025 0.024 0.018 0 0.011 0.068 0.06 0.026 0.025 0.06 0.026 0.157 0.052 0.034 0.174 0.002 0.026 0.038 0.038 0.22 0.179 0.012 0.025 0.014 0.005 0.005 0.206 0.018 0.103 0.06 0.033 0.024 0.036 0.024 0.128 1 0.085 0.033 0.032 0.046 0.006 0.016 0.001 0.01 0.065 0.009 0.036 0.019 0.041 0.029 0.04 0.067 0.003 0.017 0 0.012 0.053 0.017 0 0.042 0.005
0.024 0.028 0.03 0.001 0.008 0.036 0.006 0.003 0 0.097 0.006 0.001 0 0.001 0.144 0 0.455 0.073 0.057 0.013 0.02 0.015 0.156 0.06 0.01 0.005 0.023 0.008 0.08 0.015 0.043 0.054 0.035 0.002 0.07 0.32 0.59 0.011 0.211 0.205 0.162 0.085 1 0.605 0.592 0.666 0.011 0.114 0.103 0.048 0.893 0.006 0.008 0.088 0.268 0.021 0.686 0.9 0.082 0.012 0.183 0.008 0.672 0.101 0.015 0.016 0.106
0.003 0.002 0.002 0.034 0.029 0.012 0.022 0.019 0.011 0.161 0.004 0.06 0.064 0.022 0.233 0.046 0.72 0.029 0.209 0.04 0.121 0.009 0.253 0.021 0.036 0.126 0.161 0.004 0.011 0.009 0.036 0.038 0.19 0 0.043 0.223 0.771 0.007 0.015 0.225 0.097 0.033 0.605 1 0.969 0.853 0.007 0.009 0.169 0.085 0.544 0.004 0.005 0.006 0.318 0.013 0.809 0.614 0.139 0.007 0.27 0.005 0.651 0.007 0.009 0.01 0.18
0.002 0.001 0.002 0.033 0.029 0.012 0.021 0.018 0.01 0.149 0.004 0.059 0.063 0.022 0.227 0.047 0.699 0.027 0.204 0.039 0.118 0.008 0.242 0.02 0.036 0.123 0.158 0.004 0.01 0.009 0.035 0.037 0.185 0 0.042 0.217 0.754 0.007 0.014 0.229 0.095 0.032 0.592 0.969 1 0.836 0.007 0.009 0.173 0.088 0.552 0.004 0.005 0.006 0.296 0.013 0.792 0.601 0.142 0.007 0.276 0.005 0.635 0.007 0.009 0.01 0.185
0 0.001 0.001 0.017 0.004 0.014 0.001 0 0.002 0.135 0.004 0.027 0.03 0 0.206 0.017 0.62 0.039 0.15 0.008 0.068 0.01 0.222 0.025 0.006 0.072 0.107 0.005 0.013 0.011 0.035 0.045 0.129 0 0.049 0.175 0.842 0.008 0.01 0.247 0.114 0.046 0.666 0.853 0.836 1 0.008 0.011 0.145 0.074 0.601 0.004 0.005 0.007 0.302 0.015 0.723 0.671 0.119 0.009 0.23 0.006 0.72 0.008 0.01 0.012 0.153
0.006 0.008 0.008 0.011 0 0.032 0.004 0.003 0.002 0.001 0.005 0.024 0.022 0.004 0.002 0.028 0.006 0.001 0.008 0.01 0.003 0.002 0.002 0.028 0.006 0 0.001 0 0.045 0.002 0.007 0.007 0.001 0.001 0.001 0.002 0.007 0.001 0.002 0.016 0.007 0.006 0.011 0.007 0.007 0.008 1 0.002 0.001 0.001 0.011 0.008 0.001 0.001 0.004 0.002 0.008 0.011 0.001 0 0.002 0.001 0.008 0.001 0.688 0.037 0.002
0.013 0.016 0.016 0.002 0.008 0.084 0.005 0.004 0.002 0.001 0.001 0.032 0.031 0.005 0.003 0.005 0.003 0.013 0.022 0.008 0.006 0.002 0.003 0.309 0.008 0.058 0.041 0.001 0.279 0.002 0.01 0.002 0.037 0.001 0.008 0.053 0.009 0.001 0.557 0 0.022 0.016 0.114 0.009 0.009 0.011 0.002 1 0.002 0.001 0.117 0.001 0.001 0.667 0.005 0.003 0.011 0.114 0.002 0.002 0.003 0.001 0.011 0.76 0.002 0.002 0.002
0.062 0.067 0.067 0.03 0.005 0.002 0.004 0.003 0.002 0 0.001 0.011 0.011 0.004 0.002 0.012 0.183 0.016 0.035 0.007 0.021 0.002 0.002 0.004 0.006 0.022 0.03 0.001 0.002 0.002 0.003 0.007 0.033 0.002 0.007 0.05 0.157 0.001 0.002 0.062 0.017 0.001 0.103 0.169 0.173 0.145 0.001 0.002 1 0 0.103 0.001 0.001 0.001 0.001 0.002 0.14 0.106 0 0.001 0.403 0.001 0.045 0.001 0.002 0.002 0
0.007 0.006 0.006 0.015 0.005 0 0.003 0.003 0.002 0.305 0.001 0.006 0.006 0.003 0 0.011 0.049 0.001 0.016 0.006 0.018 0.001 0 0.003 0.005 0.018 0.025 0.001 0.002 0.001 0.006 0.006 0.028 0.001 0.007 0.031 0.087 0.001 0.002 0.024 0.015 0.01 0.048 0.085 0.088 0.074 0.001 0.001 0 1 0.069 0.001 0.001 0.001 0.003 0.002 0.092 0.067 0.228 0.001 0.027 0.001 0.081 0.001 0.001 0.001 0.181
0.024 0.028 0.03 0.001 0.009 0.037 0.007 0.004 0 0.099 0.006 0.001 0 0.001 0.099 0 0.399 0.058 0.056 0.013 0.022 0.015 0.105 0.053 0.011 0.007 0.022 0.008 0.074 0.015 0.036 0.046 0.034 0.002 0.068 0.288 0.522 0.006 0.193 0.208 0.157 0.065 0.893 0.544 0.552 0.601 0.011 0.117 0.103 0.069 1 0.006 0.007 0.091 0.226 0.021 0.662 0.898 0.108 0.012 0.185 0.008 0.651 0.104 0.014 0.016 0.143
0.001 0.002 0.002 0.024 0.003 0.001 0.002 0.002 0.001 0.001 0.008 0.002 0.001 0.002 0.001 0.002 0.003 0.009 0.015 0 0.015 0 0.001 0 0.003 0.014 0.009 0.184 0.001 0.001 0.004 0.004 0.01 0.001 0.041 0.013 0.004 0.001 0.001 0.009 0.023 0.009 0.006 0.004 0.004 0.004 0.008 0.001 0.001 0.001 0.006 1 0 0.001 0.002 0.001 0.005 0.006 0.001 0.16 0.001 0 0.004 0.001 0.006 0.001 0.001
0.005 0.005 0.004 0.011 0.003 0.002 0.002 0.002 0.001 0.001 0.001 0.004 0 0.003 0.001 0.007 0.003 0.001 0.003 0.004 0.013 0.137 0.001 0.003 0.004 0.014 0.02 0.001 0.001 0.001 0.005 0.005 0.005 0.001 0.005 0.016 0.005 0.001 0.002 0.003 0.011 0.036 0.008 0.005 0.005 0.005 0.001 0.001 0.001 0.001 0.007 0 1 0.001 0.002 0.001 0.006 0.007 0.001 0.001 0.001 0.001 0.006 0.001 0.001 0.001 0.001
0.018 0.021 0.021 0.009 0.006 0.09 0.004 0.004 0.002 0.001 0.001 0.057 0.056 0.004 0.002 0.015 0.002 0.016 0.024 0.001 0.018 0.002 0.002 0.236 0.001 0.059 0.039 0.001 0.308 0.002 0.008 0.001 0.037 0.002 0.008 0.04 0.006 0.001 0.417 0.002 0.018 0.019 0.088 0.006 0.006 0.007 0.001 0.667 0.001 0.001 0.091 0.001 0.001 1 0 0.002 0.008 0.087 0.001 0.001 0.001 0.001 0.007 0.507 0.002 0.002 0.002
0.007 0.008 0.006 0.021 0.006 0 0.011 0.01 0.005 0.002 0.002 0.005 0.005 0.002 0.451 0.004 0.195 0.009 0.056 0.004 0.023 0.004 0.496 0.002 0.003 0.024 0.032 0.002 0 0.005 0.009 0.019 0.044 0.001 0.022 0.083 0.234 0.003 0.004 0.068 0.05 0.041 0.268 0.318 0.296 0.302 0.004 0.005 0.001 0.003 0.226 0.002 0.002 0 1 0.007 0.374 0.293 0.004 0.004 0 0.002 0.315 0.004 0.005 0.005 0.006
0.004 0.007 0.007 0.063 0 0.004 0 0.001 0.002 0.003 0.001 0.002 0.005 0 0.004 0.006 0.011 0.018 0.037 0.001 0.012 0.124 0.004 0.007 0.001 0.011 0.004 0.002 0.003 0.003 0.002 0.001 0.05 0 0.182 0.022 0.013 0.002 0.004 0.03 0.131 0.029 0.021 0.013 0.013 0.015 0.002 0.003 0.002 0.002 0.021 0.001 0.001 0.002 0.007 1 0.016 0.02 0.002 0.002 0.004 0.001 0.015 0.002 0.003 0.001 0.003
0.003 0.004 0.005 0.01 0.018 0.006 0.026 0.023 0.013 0.13 0.005 0.015 0.018 0.011 0.192 0.011 0.587 0.038 0.141 0.027 0.064 0.011 0.205 0 0.024 0.068 0.102 0.006 0.002 0.011 0.027 0.047 0.126 0 0.053 0.257 0.626 0.008 0.013 0.192 0.119 0.04 0.686 0.809 0.792 0.723 0.008 0.011 0.14 0.092 0.662 0.005 0.006 0.008 0.374 0.016 1 0.668 0.143 0.009 0.249 0.006 0.808 0.008 0.011 0.012 0.188
0.015 0.018 0.02 0.003 0.008 0.017 0.007 0.004 0 0.098 0.006 0 0 0.001 0.149 0.002 0.472 0.063 0.068 0.013 0.032 0.014 0.161 0.032 0.011 0.012 0.035 0.007 0.043 0.015 0.041 0.052 0.049 0.003 0.067 0.286 0.598 0.011 0.143 0.207 0.155 0.067 0.9 0.614 0.601 0.671 0.011 0.114 0.106 0.067 0.898 0.006 0.007 0.087 0.293 0.02 0.668 1 0.109 0.012 0.189 0.008 0.66 0.1 0.014 0.014 0.14
0.005 0.004 0.004 0.013 0.006 0 0.004 0.003 0.002 0.125 0.001 0.008 0.008 0.004 0 0.013 0.1 0.003 0.032 0.007 0.021 0.002 0 0.004 0.006 0.022 0.029 0.001 0.002 0.002 0.008 0.007 0.033 0.002 0.008 0.037 0.105 0.001 0.003 0.029 0.017 0.003 0.082 0.139 0.142 0.119 0.001 0.002 0 0.228 0.108 0.001 0.001 0.001 0.004 0.002 0.143 0.109 1 0.001 0.002 0.001 0.13 0.001 0.002 0.002 0.654
0 0.001 0.001 0.045 0 0.002 0.002 0.003 0.011 0.001 0.001 0.001 0 0.002 0.002 0 0.006 0.016 0.028 0.007 0.054 0 0.002 0.001 0.006 0.052 0.037 0.56 0.002 0.001 0.008 0.007 0.037 0.002 0.164 0.025 0.007 0.001 0.003 0.017 0.073 0.017 0.012 0.007 0.007 0.009 0 0.002 0.001 0.001 0.012 0.16 0.001 0.001 0.004 0.002 0.009 0.012 0.001 1 0.002 0.001 0.009 0.001 0.002 0.002 0.002
0.035 0.038 0.039 0.008 0.006 0 0.007 0.006 0.003 0.09 0.001 0.01 0.014 0.006 0.004 0.004 0.251 0.021 0.05 0.011 0.027 0.003 0.004 0.002 0.011 0.029 0.044 0.002 0.003 0.003 0.008 0.013 0.049 0.003 0.013 0.077 0.232 0.002 0 0.079 0.03 0 0.183 0.27 0.276 0.23 0.002 0.003 0.403 0.027 0.185 0.001 0.001 0.001 0 0.004 0.249 0.189 0.002 0.002 1 0.001 0.149 0.002 0.003 0.003 0
0.005 0.009 0.009 0.015 0.004 0.002 0.003 0.002 0.001 0.001 0.001 0.009 0.004 0.003 0.002 0.008 0 0.008 0.008 0.005 0.021 0.001 0.001 0.003 0.004 0.032 0.023 0.001 0.001 0.001 0.005 0.005 0.02 0 0.097 0.016 0.005 0.001 0.002 0.005 0.049 0.012 0.008 0.005 0.005 0.006 0.001 0.001 0.001 0.001 0.008 0 0.001 0.001 0.002 0.001 0.006 0.008 0.001 0.001 0.001 1 0.006 0.001 0.001 0.001 0.001
0.003 0.004 0.005 0.009 0.003 0.005 0.003 0.001 0 0.12 0.004 0.003 0.004 0 0.186 0.001 0.459 0.038 0.098 0.006 0.036 0.011 0.203 0.001 0.004 0.039 0.066 0.006 0.002 0.011 0.026 0.046 0.085 0 0.051 0.195 0.636 0.008 0.012 0.186 0.117 0.053 0.672 0.651 0.635 0.72 0.008 0.011 0.045 0.081 0.651 0.004 0.006 0.007 0.315 0.015 0.808 0.66 0.13 0.009 0.149 0.006 1 0.008 0.011 0.012 0.178
0.006 0.008 0.007 0 0.006 0.102 0.004 0.003 0.002 0.001 0.001 0.02 0.02 0.004 0.002 0.009 0.002 0.014 0.021 0.007 0.002 0.002 0.002 0.264 0.006 0.054 0.04 0.001 0.198 0.002 0.007 0.001 0.036 0.001 0.007 0.049 0.007 0.001 0.479 0.001 0.016 0.017 0.101 0.007 0.007 0.008 0.001 0.76 0.001 0.001 0.104 0.001 0.001 0.507 0.004 0.002 0.008 0.1 0.001 0.001 0.002 0.001 0.008 1 0.001 0.002 0.002
0.008 0.01 0.01 0.007 0.001 0.054 0.005 0.004 0.002 0.002 0.003 0.024 0.023 0.005 0.002 0.028 0.007 0 0.003 0.005 0.002 0.002 0.003 0.042 0.008 0.001 0.007 0.001 0.032 0.002 0.009 0.009 0.006 0.002 0.004 0.006 0.009 0.001 0.003 0.021 0.014 0 0.015 0.009 0.009 0.01 0.688 0.002 0.002 0.001 0.014 0.006 0.001 0.002 0.005 0.003 0.011 0.014 0.002 0.002 0.003 0.001 0.011 0.001 1 0.074 0.002
0.003 0.002 0.002 0.007 0.001 0 0.005 0.004 0.003 0.002 0.002 0.001 0.001 0.005 0.003 0 0.007 0.018 0.001 0.002 0.002 0.002 0.003 0 0.008 0.006 0.01 0.001 0 0.002 0.004 0.007 0.012 0.027 0 0.014 0.01 0 0.003 0.013 0.004 0.042 0.016 0.01 0.01 0.012 0.037 0.002 0.002 0.001 0.016 0.001 0.001 0.002 0.005 0.001 0.012 0.014 0.002 0.002 0.003 0.001 0.012 0.002 0.074 1 0.002
0.006 0.005 0.005 0.017 0.008 0 0.005 0.004 0.002 0.098 0.001 0.012 0.012 0.005 0.001 0.016 0.082 0 0.041 0.009 0.028 0.002 0.001 0.005 0.008 0.029 0.04 0.001 0.002 0.002 0.01 0.009 0.044 0.002 0.01 0.022 0.084 0.002 0.003 0.024 0.022 0.005 0.106 0.18 0.185 0.153 0.002 0.002 0 0.181 0.143 0.001 0.001 0.002 0.006 0.003 0.188 0.14 0.654 0.002 0 0.001 0.178 0.002 0.002 0.002 1
