1 0.837 0.866 0.459 0.397 0.098 0.295 0.23 0.108 0.022 0.038 0.508 0.51 0.284 0.034 0.557 0.002 0.157 0.111 0.365 0.309 0.007 0.04 0.126 0.312 0.252 0.156 0.004 0.027 0.007 0.102 0.069 0.151 0.026 0.013 0.115 0 0.015 0.064 0.07 0.024 0.083 0.02 0.004 0.003 0 0.003 0.012 0.047 0.007 0.019 0.001 0.008 0.009 0.021 0.001 0 0.005 0.003 0.003 0.018 0.006 0.003 0.012 0.01 0.006 0.006
0.837 1 0.948 0.441 0.421 0.114 0.344 0.268 0.126 0.019 0.045 0.582 0.566 0.303 0.029 0.609 0 0.138 0.098 0.393 0.306 0.027 0.035 0.149 0.346 0.256 0.162 0.008 0.032 0.009 0.114 0.092 0.144 0.022 0.033 0.134 0 0.015 0.055 0.079 0.018 0.059 0.019 0.004 0.003 0 0.005 0.015 0.057 0.006 0.018 0.002 0.01 0.012 0.02 0.011 0 0.008 0.002 0.013 0.016 0.01 0.002 0.015 0.014 0.004 0.004
0.866 0.948 1 0.459 0.455 0.111 0.334 0.26 0.122 0.02 0.043 0.593 0.576 0.325 0.03 0.639 0 0.135 0.098 0.421 0.33 0.028 0.036 0.144 0.363 0.271 0.173 0.009 0.031 0.008 0.126 0.088 0.154 0.023 0.031 0.14 0 0.015 0.075 0.085 0.018 0.065 0.023 0.004 0.003 0 0.005 0.015 0.055 0.006 0.022 0.002 0.007 0.011 0.018 0.011 0.001 0.011 0.003 0.013 0.023 0.01 0.003 0.014 0.014 0.004 0.005
0.459 0.441 0.459 1 0.229 0.04 0.164 0.128 0.06 0.04 0.021 0.293 0.325 0.173 0.061 0.335 0.022 0.295 0.306 0.242 0.611 0 0.066 0.053 0.194 0.541 0.359 0.03 0.006 0.017 0.031 0.017 0.435 0.044 0.199 0.003 0.019 0.031 0.03 0.002 0.263 0.193 0.003 0.047 0.046 0.026 0.005 0.003 0.021 0.008 0.002 0.02 0.018 0.004 0.045 0.046 0.018 0.005 0.008 0.032 0.002 0.019 0.011 0.003 0.004 0.012 0.007
0.397 0.421 0.455 0.229 1 0.015 0.517 0.437 0.194 0.011 0.006 0.531 0.452 0.569 0.015 0.5 0.041 0.086 0.152 0.717 0.273 0.016 0.02 0.019 0.633 0.232 0.184 0.005 0.007 0.004 0.258 0.188 0.159 0.013 0.038 0.067 0.002 0.008 0.002 0.125 0.057 0.056 0.001 0.026 0.025 0.003 0.002 0.009 0.01 0.002 0.001 0.006 0.004 0.007 0.013 0.003 0.009 0 0.003 0.007 0.001 0.005 0 0.007 0.002 0.007 0.004
0.098 0.114 0.111 0.04 0.015 1 0.009 0.007 0.003 0.002 0.001 0.108 0.104 0.01 0.002 0.116 0.007 0.013 0.021 0.016 0.06 0.003 0.003 0.579 0.016 0.044 0.015 0.002 0.286 0.001 0.014 0.013 0.017 0.003 0.011 0.035 0.008 0.002 0.279 0.018 0.029 0.008 0.036 0.007 0.007 0.01 0.034 0.192 0.003 0.001 0.028 0.001 0.001 0.149 0.002 0.003 0 0.018 0.001 0.002 0 0.001 0.001 0.203 0.082 0 0.001
0.295 0.344 0.334 0.164 0.517 0.009 1 0.779 0.365 0.007 0.003 0.317 0.306 0.742 0.01 0.339 0.023 0.051 0.089 0.522 0.199 0.01 0.012 0.013 0.496 0.179 0.141 0.002 0.004 0.003 0.319 0.331 0.132 0.008 0.026 0.089 0 0.005 0.01 0.17 0.134 0.032 0.007 0.031 0.03 0.001 0.006 0.005 0.008 0 0.005 0.003 0.004 0.004 0.019 0.001 0.039 0.004 0.001 0.003 0.01 0.003 0.003 0.004 0.006 0.009 0.002
0.23 0.268 0.26 0.128 0.437 0.007 0.779 1 0.469 0.005 0.003 0.245 0.237 0.582 0.008 0.261 0.017 0.04 0.068 0.401 0.152 0.008 0.009 0.01 0.379 0.134 0.105 0.002 0.003 0.002 0.204 0.207 0.1 0.006 0.018 0.052 0 0.004 0.007 0.117 0.083 0.045 0.002 0.023 0.023 0 0.005 0.004 0.006 0 0.001 0.003 0.003 0.003 0.015 0 0.03 0 0 0.002 0.008 0.002 0 0.003 0.005 0.007 0.001
0.108 0.126 0.122 0.06 0.194 0.003 0.365 0.469 1 0.002 0.001 0.119 0.115 0.32 0.004 0.123 0.01 0.019 0.034 0.184 0.072 0.004 0.004 0.005 0.178 0.07 0.053 0 0.002 0.001 0.076 0.068 0.05 0.003 0.008 0.017 0.001 0.002 0.003 0.054 0.028 0.026 0 0.013 0.012 0.001 0.002 0.002 0.003 0 0 0.001 0.002 0.002 0.007 0.004 0.016 0 0.001 0 0.004 0.001 0 0.002 0.002 0.003 0.001
0.022 0.019 0.02 0.04 0.011 0.002 0.007 0.005 0.002 1 0.001 0.004 0.001 0.008 0.003 0.008 0.141 0.013 0.031 0.012 0.031 0.003 0.003 0.003 0.007 0.022 0.028 0.001 0.004 0.001 0.011 0.01 0.032 0.002 0.009 0.054 0.055 0.001 0 0.013 0.023 0 0.061 0.082 0.055 0.06 0.002 0.003 0.005 0.235 0.05 0.001 0.001 0.004 0.001 0.003 0.05 0.062 0.095 0.001 0.012 0.001 0.039 0.004 0.002 0.002 0.113
0.038 0.045 0.043 0.021 0.006 0.001 0.003 0.003 0.001 0.001 1 0.042 0.041 0.004 0.001 0.046 0.003 0.007 0.012 0.006 0.027 0.001 0.002 0.246 0.006 0.027 0.022 0 0.001 0 0.005 0.005 0.019 0.001 0.096 0.016 0.005 0.001 0.001 0.013 0.031 0.01 0.007 0.004 0.004 0.006 0.015 0.001 0.001 0.001 0.007 0.023 0.001 0.001 0.002 0.001 0.006 0.007 0 0.001 0.001 0.001 0.006 0.001 0.015 0.009 0.001
0.508 0.582 0.593 0.293 0.531 0.108 0.317 0.245 0.119 0.004 0.042 1 0.881 0.35 0.023 0.786 0.052 0.122 0.201 0.525 0.395 0.027 0.03 0.149 0.429 0.337 0.252 0.009 0.037 0.008 0.144 0.104 0.229 0.023 0.026 0.082 0.014 0.012 0.079 0.054 0.032 0.07 0.001 0.044 0.049 0.017 0.014 0.018 0.011 0.009 0.001 0.003 0.007 0.024 0.014 0.011 0.013 0.001 0.01 0.013 0.001 0.01 0.002 0.019 0.026 0.002 0.012
0.51 0.566 0.576 0.325 0.452 0.104 0.306 0.237 0.115 0.001 0.041 0.881 1 0.338 0.026 0.759 0.047 0.119 0.19 0.519 0.409 0.019 0.031 0.143 0.425 0.364 0.283 0.01 0.052 0.009 0.152 0.112 0.269 0.024 0.017 0.069 0.03 0.007 0.092 0.043 0.047 0.065 0 0.069 0.075 0.033 0.013 0.028 0.01 0.01 0 0 0.007 0.036 0.016 0.008 0.027 0 0.01 0.007 0.003 0.005 0.01 0.03 0.025 0.003 0.013
0.284 0.303 0.325 0.173 0.569 0.01 0.742 0.582 0.32 0.008 0.004 0.35 0.338 1 0.011 0.399 0.03 0.058 0.107 0.565 0.236 0.011 0.014 0.015 0.537 0.211 0.168 0.003 0.005 0.002 0.36 0.26 0.154 0.009 0.02 0.095 0.002 0.006 0.005 0.181 0.108 0.031 0 0.036 0.035 0.002 0.007 0.006 0.009 0.002 0 0.004 0.005 0.005 0.005 0.002 0.013 0 0.004 0.004 0.005 0.003 0 0.005 0.007 0.01 0.005
0.034 0.029 0.03 0.061 0.015 0.002 0.01 0.008 0.004 0.003 0.001 0.023 0.026 0.011 1 0.028 0.37 0.02 0.104 0.018 0.048 0.004 0.827 0.005 0.019 0.046 0.054 0.002 0.002 0.001 0.016 0.015 0.063 0.003 0.011 0.069 0.253 0.002 0.004 0.045 0.032 0.02 0.157 0.217 0.226 0.201 0.002 0.002 0.003 0.002 0.117 0.001 0.002 0.002 0.465 0.004 0.201 0.169 0.001 0.002 0.003 0 0.187 0.002 0.003 0.003 0.001
0.557 0.609 0.639 0.335 0.5 0.116 0.339 0.261 0.123 0.008 0.046 0.786 0.759 0.399 0.028 1 0.05 0.132 0.21 0.623 0.483 0.027 0.022 0.146 0.518 0.406 0.285 0.008 0.028 0.006 0.151 0.108 0.259 0.02 0.022 0.063 0.02 0.014 0.074 0.042 0.04 0.082 0 0.062 0.064 0.027 0.017 0.012 0.021 0.011 0.001 0.002 0.008 0.016 0.009 0.011 0.027 0 0.009 0.012 0.004 0.009 0.006 0.016 0.03 0.003 0.011
0.002 0 0 0.022 0.041 0.007 0.023 0.017 0.01 0.141 0.003 0.052 0.047 0.03 0.37 0.05 1 0.047 0.271 0.048 0.117 0.01 0.392 0.014 0.037 0.105 0.128 0.005 0 0.003 0.037 0.034 0.149 0.008 0.034 0.203 0.548 0.005 0.004 0.132 0.081 0.013 0.431 0.621 0.576 0.518 0.007 0 0.225 0.009 0.33 0.004 0.005 0 0.305 0.01 0.468 0.377 0.041 0.006 0.094 0.002 0.403 0 0.007 0.009 0.043
0.157 0.138 0.135 0.295 0.086 0.013 0.051 0.04 0.019 0.013 0.007 0.122 0.119 0.058 0.02 0.132 0.047 1 0.414 0.091 0.217 0.019 0.014 0.027 0.061 0.196 0.056 0.009 0.009 0.052 0.007 0.011 0.074 0.124 0.057 0.029 0.043 0.095 0.018 0.028 0.028 0.13 0.045 0.015 0.011 0.024 0 0.004 0.015 0.003 0.037 0.006 0.002 0.009 0.006 0.01 0.023 0.044 0.002 0.009 0.012 0.008 0.03 0.008 0.001 0.04 0.001
0.111 0.098 0.098 0.306 0.152 0.021 0.089 0.068 0.034 0.031 0.012 0.201 0.19 0.107 0.104 0.21 0.271 0.414 1 0.167 0.419 0.036 0.127 0.046 0.132 0.376 0.204 0.017 0.005 0.027 0.005 0.002 0.253 0.063 0.109 0.045 0.158 0.051 0.025 0.021 0.123 0.028 0.11 0.256 0.249 0.183 0.001 0.004 0.058 0 0.083 0.011 0.007 0.007 0.119 0.024 0.164 0.077 0.012 0.018 0.017 0.011 0.123 0.007 0 0.002 0.016
0.365 0.393 0.421 0.242 0.717 0.016 0.522 0.401 0.184 0.012 0.006 0.525 0.519 0.565 0.018 0.623 0.048 0.091 0.167 1 0.344 0.017 0.021 0.024 0.852 0.294 0.233 0.008 0.008 0.004 0.302 0.229 0.211 0.013 0.054 0.047 0.014 0.009 0.001 0.111 0.069 0.057 0.013 0.059 0.058 0.017 0 0.009 0.014 0.007 0.01 0.006 0.004 0.003 0.01 0.004 0.033 0.008 0.006 0.009 0.01 0.006 0.006 0.008 0 0.008 0.007
0.309 0.306 0.33 0.611 0.273 0.06 0.199 0.152 0.072 0.031 0.027 0.395 0.409 0.236 0.048 0.483 0.117 0.217 0.419 0.344 1 0.046 0.056 0.088 0.329 0.865 0.665 0.038 0.017 0.013 0.071 0.047 0.602 0.032 0.143 0 0.079 0.024 0.042 0 0.278 0.187 0.033 0.153 0.148 0.081 0.003 0.006 0.036 0.017 0.029 0.026 0.015 0.01 0.045 0.001 0.09 0.03 0.013 0.041 0.021 0.025 0.055 0.006 0.003 0.004 0.019
0.007 0.027 0.028 0 0.016 0.003 0.01 0.008 0.004 0.003 0.001 0.027 0.019 0.011 0.004 0.027 0.01 0.019 0.036 0.017 0.046 1 0.005 0.005 0.018 0.047 0.057 0.002 0.002 0.001 0.016 0.014 0 0.003 0.035 0.044 0.013 0.001 0.004 0.014 0.003 0 0.021 0.013 0.012 0.016 0.002 0.002 0.003 0.002 0.021 0.001 0.127 0.002 0.007 0.165 0.016 0.019 0.001 0.002 0.004 0.001 0.018 0.002 0.002 0.003 0.002
0.04 0.035 0.036 0.066 0.02 0.003 0.012 0.009 0.004 0.003 0.002 0.03 0.031 0.014 0.827 0.022 0.392 0.014 0.127 0.021 0.056 0.005 1 0.006 0.022 0.055 0.065 0.002 0.002 0.002 0.019 0.018 0.076 0.004 0.014 0.068 0.264 0.002 0.004 0.042 0.038 0.016 0.161 0.23 0.225 0.208 0.003 0.002 0.004 0.002 0.092 0.002 0.002 0.002 0.502 0.005 0.176 0.174 0.001 0.003 0.005 0 0.194 0.002 0.003 0.004 0.002
0.126 0.149 0.144 0.053 0.019 0.579 0.013 0.01 0.005 0.003 0.246 0.149 0.143 0.015 0.005 0.146 0.014 0.027 0.046 0.024 0.088 0.005 0.006 1 0.025 0.085 0.049 0.001 0.242 0.002 0.022 0.013 0.048 0.004 0.004 0.016 0.016 0.003 0.298 0.029 0.004 0.023 0.027 0.015 0.015 0.02 0.046 0.236 0.004 0.002 0.021 0.002 0.002 0.186 0.006 0.005 0.001 0.014 0.002 0.003 0 0.002 0.005 0.23 0.089 0.002 0.002
0.312 0.346 0.363 0.194 0.633 0.016 0.496 0.379 0.178 0.007 0.006 0.429 0.425 0.537 0.019 0.518 0.037 0.061 0.132 0.852 0.329 0.018 0.022 0.025 1 0.338 0.284 0.009 0.008 0.005 0.366 0.288 0.258 0.014 0.056 0.068 0.01 0.009 0 0.142 0.087 0.062 0.011 0.055 0.053 0.013 0.007 0.009 0.014 0.008 0.01 0.006 0.008 0.003 0.007 0.004 0.035 0.006 0.006 0.01 0.011 0.006 0.005 0.008 0.008 0.016 0.007
0.252 0.256 0.271 0.541 0.232 0.044 0.179 0.134 0.07 0.022 0.027 0.337 0.364 0.211 0.046 0.406 0.105 0.196 0.376 0.294 0.865 0.047 0.055 0.085 0.338 1 0.751 0.037 0.035 0.016 0.085 0.066 0.675 0.037 0.136 0.004 0.084 0.025 0.075 0.002 0.293 0.215 0.024 0.16 0.156 0.087 0.001 0.029 0.037 0.01 0.017 0.025 0.021 0.035 0.048 0 0.089 0.018 0.013 0.04 0.022 0.028 0.055 0.033 0 0.009 0.012
0.156 0.162 0.173 0.359 0.184 0.015 0.141 0.105 0.053 0.028 0.022 0.252 0.283 0.168 0.054 0.285 0.128 0.056 0.204 0.233 0.665 0.057 0.065 0.049 0.284 0.751 1 0.03 0.014 0.019 0.274 0.251 0.857 0.044 0.1 0.027 0.103 0.032 0.062 0.007 0.392 0.19 0.04 0.18 0.167 0.104 0.001 0.023 0.045 0.016 0.03 0.021 0.025 0.024 0.05 0 0.111 0.032 0.011 0.033 0.033 0.023 0.076 0.028 0.006 0.006 0.017
0.004 0.008 0.009 0.03 0.005 0.002 0.002 0.002 0 0.001 0 0.009 0.01 0.003 0.002 0.008 0.005 0.009 0.017 0.008 0.038 0.002 0.002 0.001 0.009 0.037 0.03 1 0.001 0.001 0.008 0.007 0.027 0.001 0.134 0.022 0.006 0.001 0.002 0.018 0.053 0.015 0.01 0.006 0.006 0.008 0.012 0.001 0.001 0.001 0.01 0.119 0.001 0.001 0.003 0.002 0.008 0.009 0.001 0.615 0.002 0.001 0.009 0.001 0.001 0.002 0.001
0.027 0.032 0.031 0.006 0.007 0.286 0.004 0.003 0.002 0.004 0.001 0.037 0.052 0.005 0.002 0.028 0 0.009 0.005 0.008 0.017 0.002 0.002 0.242 0.008 0.035 0.014 0.001 1 0.001 0.007 0.006 0.025 0.001 0.006 0.036 0.006 0.001 0.166 0.003 0.015 0.014 0.019 0.006 0.006 0.007 0.084 0.161 0.001 0.001 0.015 0.001 0.001 0.129 0 0.002 0 0.012 0.001 0.001 0.002 0.001 0 0.155 0.082 0.001 0.001
0.007 0.009 0.008 0.017 0.004 0.001 0.003 0.002 0.001 0.001 0 0.008 0.009 0.002 0.001 0.006 0.003 0.052 0.027 0.004 0.013 0.001 0.002 0.002 0.005 0.016 0.019 0.001 0.001 1 0.005 0.005 0.021 0.001 0.004 0.012 0.003 0.001 0.001 0.011 0.01 0.006 0.006 0.003 0.003 0.004 0.001 0.001 0.001 0.001 0.005 0 0 0.001 0.001 0.001 0.004 0.005 0 0 0.001 0 0.005 0.001 0.001 0.001 0.001
0.102 0.114 0.126 0.031 0.258 0.014 0.319 0.204 0.076 0.011 0.005 0.144 0.152 0.36 0.016 0.151 0.037 0.007 0.005 0.302 0.071 0.016 0.019 0.022 0.366 0.085 0.274 0.008 0.007 0.005 1 0.874 0.24 0.012 0.056 0.299 0.046 0.119 0.001 0.224 0.256 0.017 0.038 0.045 0.039 0.05 0.01 0.008 0.012 0.003 0.031 0.006 0.007 0.007 0.007 0.008 0.02 0.031 0.002 0.009 0.009 0.005 0.024 0.007 0.01 0.004 0.003
0.069 0.092 0.088 0.017 0.188 0.013 0.331 0.207 0.068 0.01 0.005 0.104 0.112 0.26 0.015 0.108 0.034 0.011 0.002 0.229 0.047 0.014 0.018 0.013 0.288 0.066 0.251 0.007 0.006 0.005 0.874 1 0.221 0.011 0.051 0.271 0.041 0.131 0.008 0.181 0.287 0.012 0.062 0.04 0.034 0.048 0.009 0.002 0.011 0.002 0.053 0.005 0.006 0.001 0.018 0.007 0.047 0.052 0.001 0.008 0.015 0.005 0.052 0.001 0.009 0.004 0.002
0.151 0.144 0.154 0.435 0.159 0.017 0.132 0.1 0.05 0.032 0.019 0.229 0.269 0.154 0.063 0.259 0.149 0.074 0.253 0.211 0.602 0 0.076 0.048 0.258 0.675 0.857 0.027 0.025 0.021 0.24 0.221 1 0.051 0.192 0.015 0.122 0.028 0.054 0.001 0.484 0.236 0.056 0.211 0.196 0.126 0 0.02 0.051 0.018 0.044 0.018 0.022 0.021 0.063 0.041 0.137 0.046 0.013 0.029 0.039 0.02 0.096 0.024 0.002 0.009 0.02
0.026 0.022 0.023 0.044 0.013 0.003 0.008 0.006 0.003 0.002 0.001 0.023 0.024 0.009 0.003 0.02 0.008 0.124 0.063 0.013 0.032 0.003 0.004 0.004 0.014 0.037 0.044 0.001 0.001 0.001 0.012 0.011 0.051 1 0.006 0.011 0.001 0.002 0.003 0.003 0.015 0.018 0.001 0 0 0 0.002 0 0.002 0.001 0.001 0 0.001 0.001 0 0 0 0.004 0.001 0.002 0.003 0.001 0 0.001 0.002 0.027 0.001
0.013 0.033 0.031 0.199 0.038 0.011 0.026 0.018 0.008 0.009 0.096 0.026 0.017 0.02 0.011 0.022 0.034 0.057 0.109 0.054 0.143 0.035 0.014 0.004 0.056 0.136 0.1 0.134 0.006 0.004 0.056 0.051 0.192 0.006 1 0.165 0.045 0.007 0.013 0.111 0.349 0.085 0.072 0.047 0.045 0.056 0.001 0.003 0.01 0.006 0.071 0.086 0.006 0.005 0.025 0.181 0.058 0.067 0.004 0.149 0.013 0.099 0.06 0.006 0.001 0 0.006
0.115 0.134 0.14 0.003 0.067 0.035 0.089 0.052 0.017 0.054 0.016 0.082 0.069 0.095 0.069 0.063 0.203 0.029 0.045 0.047 0 0.044 0.068 0.016 0.068 0.004 0.027 0.022 0.036 0.012 0.299 0.271 0.015 0.011 0.165 1 0.177 0.042 0.077 0.413 0.006 0.063 0.264 0.211 0.195 0.137 0.005 0.029 0.063 0.015 0.201 0.016 0.019 0.024 0.101 0.033 0.225 0.199 0.008 0.026 0.068 0.017 0.162 0.034 0.005 0.012 0.006
0 0 0 0.019 0.002 0.008 0 0 0.001 0.055 0.005 0.014 0.03 0.002 0.253 0.02 0.548 0.043 0.158 0.014 0.079 0.013 0.264 0.016 0.01 0.084 0.103 0.006 0.006 0.003 0.046 0.041 0.122 0.001 0.045 0.177 1 0.007 0.013 0.222 0.122 0.043 0.599 0.694 0.681 0.8 0.009 0.007 0.159 0.011 0.509 0.005 0.006 0.003 0.282 0.014 0.522 0.534 0.037 0.008 0.13 0.005 0.664 0.006 0.009 0.012 0.037
0.015 0.015 0.015 0.031 0.008 0.002 0.005 0.004 0.002 0.001 0.001 0.012 0.007 0.006 0.002 0.014 0.005 0.095 0.051 0.009 0.024 0.001 0.002 0.003 0.009 0.025 0.032 0.001 0.001 0.001 0.119 0.131 0.028 0.002 0.007 0.042 0.007 1 0.002 0 0.018 0.031 0.011 0.007 0.007 0.009 0.001 0.001 0.002 0.001 0.008 0.001 0.001 0.001 0.004 0.002 0.009 0.01 0.001 0.001 0.002 0.001 0.009 0.001 0.001 0.005 0.001
0.064 0.055 0.075 0.03 0.002 0.279 0.01 0.007 0.003 0 0.001 0.079 0.092 0.005 0.004 0.074 0.004 0.018 0.025 0.001 0.042 0.004 0.004 0.298 0 0.075 0.062 0.002 0.166 0.001 0.001 0.008 0.054 0.003 0.013 0.077 0.013 0.002 1 0.001 0.033 0.029 0.168 0.013 0.013 0.013 0.002 0.437 0.003 0.002 0.152 0.001 0.002 0.326 0.002 0.004 0.025 0.126 0.001 0.002 0.005 0.001 0.012 0.435 0.002 0.003 0.002
0.07 0.079 0.085 0.002 0.125 0.018 0.17 0.117 0.054 0.013 0.013 0.054 0.043 0.181 0.045 0.042 0.132 0.028 0.021 0.111 0 0.014 0.042 0.029 0.142 0.002 0.007 0.018 0.003 0.011 0.224 0.181 0.001 0.003 0.111 0.413 0.222 0 0.001 1 0.008 0.065 0.202 0.192 0.199 0.216 0.024 0.002 0.047 0.001 0.198 0.013 0.003 0.001 0.085 0.039 0.188 0.172 0.001 0.021 0.045 0.006 0.229 0.005 0.024 0.027 0.007
0.024 0.018 0.018 0.263 0.057 0.029 0.134 0.083 0.028 0.023 0.031 0.032 0.047 0.108 0.032 0.04 0.081 0.028 0.123 0.069 0.278 0.003 0.038 0.004 0.087 0.293 0.392 0.053 0.015 0.01 0.256 0.287 0.484 0.015 0.349 0.006 0.122 0.018 0.033 0.008 1 0.122 0.193 0.119 0.115 0.151 0.002 0.018 0.026 0.014 0.19 0.038 0.015 0.014 0.064 0.115 0.147 0.179 0.011 0.058 0.034 0.04 0.162 0.014 0.011 0.002 0.014
0.083 0.059 0.065 0.193 0.056 0.008 0.032 0.045 0.026 0 0.01 0.07 0.065 0.031 0.02 0.082 0.013 0.13 0.028 0.057 0.187 0 0.016 0.023 0.062 0.215 0.19 0.015 0.014 0.006 0.017 0.012 0.236 0.018 0.085 0.063 0.043 0.031 0.029 0.065 0.122 1 0.087 0.035 0.033 0.057 0.007 0.008 0.003 0.003 0.068 0.011 0.049 0.014 0.044 0.03 0.039 0.084 0.003 0.017 0.004 0.01 0.052 0.013 0.001 0.036 0.002
0.02 0.019 0.023 0.003 0.001 0.036 0.007 0.002 0 0.061 0.007 0.001 0 0 0.157 0 0.431 0.045 0.11 0.013 0.033 0.021 0.161 0.027 0.011 0.024 0.04 0.01 0.019 0.006 0.038 0.062 0.056 0.001 0.072 0.264 0.599 0.011 0.168 0.202 0.193 0.087 1 0.617 0.584 0.679 0.014 0.07 0.137 0.004 0.845 0.007 0.009 0.058 0.298 0.022 0.672 0.804 0.025 0.012 0.178 0.008 0.724 0.074 0.014 0.019 0.032
0.004 0.004 0.004 0.047 0.026 0.007 0.031 0.023 0.013 0.082 0.004 0.044 0.069 0.036 0.217 0.062 0.621 0.015 0.256 0.059 0.153 0.013 0.23 0.015 0.055 0.16 0.18 0.006 0.006 0.003 0.045 0.04 0.211 0 0.047 0.211 0.694 0.007 0.013 0.192 0.119 0.035 0.617 1 0.898 0.784 0.008 0.007 0.222 0.012 0.496 0.005 0.006 0.003 0.344 0.014 0.73 0.485 0.044 0.007 0.21 0.005 0.636 0.006 0.009 0.012 0.057
0.003 0.003 0.003 0.046 0.025 0.007 0.03 0.023 0.012 0.055 0.004 0.049 0.075 0.035 0.226 0.064 0.576 0.011 0.249 0.058 0.148 0.012 0.225 0.015 0.053 0.156 0.167 0.006 0.006 0.003 0.039 0.034 0.196 0 0.045 0.195 0.681 0.007 0.013 0.199 0.115 0.033 0.584 0.898 1 0.761 0.008 0.007 0.228 0.02 0.523 0.004 0.006 0.003 0.301 0.013 0.708 0.467 0.061 0.007 0.217 0.005 0.615 0.006 0.008 0.011 0.074
0 0 0 0.026 0.003 0.01 0.001 0 0.001 0.06 0.006 0.017 0.033 0.002 0.201 0.027 0.518 0.024 0.183 0.017 0.081 0.016 0.208 0.02 0.013 0.087 0.104 0.008 0.007 0.004 0.05 0.048 0.126 0 0.056 0.137 0.8 0.009 0.013 0.216 0.151 0.057 0.679 0.784 0.761 1 0.011 0.009 0.174 0.015 0.61 0.006 0.007 0.005 0.308 0.017 0.625 0.604 0.049 0.009 0.162 0.007 0.748 0.007 0.011 0.015 0.055
0.003 0.005 0.005 0.005 0.002 0.034 0.006 0.005 0.002 0.002 0.015 0.014 0.013 0.007 0.002 0.017 0.007 0 0.001 0 0.003 0.002 0.003 0.046 0.007 0.001 0.001 0.012 0.084 0.001 0.01 0.009 0 0.002 0.001 0.005 0.009 0.001 0.002 0.024 0.002 0.007 0.014 0.008 0.008 0.011 1 0.001 0.002 0.001 0.013 0.001 0.001 0.001 0.005 0.002 0.01 0.013 0.001 0.009 0.002 0.001 0.011 0.001 0.678 0.046 0.001
0.012 0.015 0.015 0.003 0.009 0.192 0.005 0.004 0.002 0.003 0.001 0.018 0.028 0.006 0.002 0.012 0 0.004 0.004 0.009 0.006 0.002 0.002 0.236 0.009 0.029 0.023 0.001 0.161 0.001 0.008 0.002 0.02 0 0.003 0.029 0.007 0.001 0.437 0.002 0.018 0.008 0.07 0.007 0.007 0.009 0.001 1 0.002 0.001 0.071 0.001 0.001 0.609 0.004 0.002 0.009 0.057 0.001 0.001 0.002 0.001 0.009 0.806 0.001 0.002 0.001
0.047 0.057 0.055 0.021 0.01 0.003 0.008 0.006 0.003 0.005 0.001 0.011 0.01 0.009 0.003 0.021 0.225 0.015 0.058 0.014 0.036 0.003 0.004 0.004 0.014 0.037 0.045 0.001 0.001 0.001 0.012 0.011 0.051 0.002 0.01 0.063 0.159 0.002 0.003 0.047 0.026 0.003 0.137 0.222 0.228 0.174 0.002 0.002 1 0.001 0.131 0.001 0.001 0.001 0 0.003 0.179 0.078 0.001 0.002 0.349 0.001 0.115 0.001 0.002 0.003 0.001
0.007 0.006 0.006 0.008 0.002 0.001 0 0 0 0.235 0.001 0.009 0.01 0.002 0.002 0.011 0.009 0.003 0 0.007 0.017 0.002 0.002 0.002 0.008 0.01 0.016 0.001 0.001 0.001 0.003 0.002 0.018 0.001 0.006 0.015 0.011 0.001 0.002 0.001 0.014 0.003 0.004 0.012 0.02 0.015 0.001 0.001 0.001 1 0.018 0.001 0.001 0.001 0.003 0.002 0.027 0.017 0.179 0.001 0.001 0.001 0.016 0.001 0.001 0.001 0.291
0.019 0.018 0.022 0.002 0.001 0.028 0.005 0.001 0 0.05 0.007 0.001 0 0 0.117 0.001 0.33 0.037 0.083 0.01 0.029 0.021 0.092 0.021 0.01 0.017 0.03 0.01 0.015 0.005 0.031 0.053 0.044 0.001 0.071 0.201 0.509 0.008 0.152 0.198 0.19 0.068 0.845 0.496 0.523 0.61 0.013 0.071 0.131 0.018 1 0.007 0.009 0.059 0.216 0.022 0.681 0.8 0.058 0.012 0.173 0.008 0.722 0.075 0.014 0.018 0.074
0.001 0.002 0.002 0.02 0.006 0.001 0.003 0.003 0.001 0.001 0.023 0.003 0 0.004 0.001 0.002 0.004 0.006 0.011 0.006 0.026 0.001 0.002 0.002 0.006 0.025 0.021 0.119 0.001 0 0.006 0.005 0.018 0 0.086 0.016 0.005 0.001 0.001 0.013 0.038 0.011 0.007 0.005 0.004 0.006 0.001 0.001 0.001 0.001 0.007 1 0.001 0.001 0.002 0.001 0.006 0.007 0 0.186 0.001 0.001 0.006 0.001 0.001 0.001 0.001
0.008 0.01 0.007 0.018 0.004 0.001 0.004 0.003 0.002 0.001 0.001 0.007 0.007 0.005 0.002 0.008 0.005 0.002 0.007 0.004 0.015 0.127 0.002 0.002 0.008 0.021 0.025 0.001 0.001 0 0.007 0.006 0.022 0.001 0.006 0.019 0.006 0.001 0.002 0.003 0.015 0.049 0.009 0.006 0.006 0.007 0.001 0.001 0.001 0.001 0.009 0.001 1 0.001 0.003 0.002 0.007 0.009 0.001 0.001 0.002 0.001 0.008 0.001 0.001 0.001 0.001
0.009 0.012 0.011 0.004 0.007 0.149 0.004 0.003 0.002 0.004 0.001 0.024 0.036 0.005 0.002 0.016 0 0.009 0.007 0.003 0.01 0.002 0.002 0.186 0.003 0.035 0.024 0.001 0.129 0.001 0.007 0.001 0.021 0.001 0.005 0.024 0.003 0.001 0.326 0.001 0.014 0.014 0.058 0.003 0.003 0.005 0.001 0.609 0.001 0.001 0.059 0.001 0.001 1 0 0.002 0.005 0.044 0.001 0.001 0 0.001 0.005 0.571 0.001 0.001 0.001
0.021 0.02 0.018 0.045 0.013 0.002 0.019 0.015 0.007 0.001 0.002 0.014 0.016 0.005 0.465 0.009 0.305 0.006 0.119 0.01 0.045 0.007 0.502 0.006 0.007 0.048 0.05 0.003 0 0.001 0.007 0.018 0.063 0 0.025 0.101 0.282 0.004 0.002 0.085 0.064 0.044 0.298 0.344 0.301 0.308 0.005 0.004 0 0.003 0.216 0.002 0.003 0 1 0.007 0.346 0.334 0.002 0.004 0.005 0.003 0.337 0.003 0.005 0.006 0.001
0.001 0.011 0.011 0.046 0.003 0.003 0.001 0 0.004 0.003 0.001 0.011 0.008 0.002 0.004 0.011 0.01 0.01 0.024 0.004 0.001 0.165 0.005 0.005 0.004 0 0 0.002 0.002 0.001 0.008 0.007 0.041 0 0.181 0.033 0.014 0.002 0.004 0.039 0.115 0.03 0.022 0.014 0.013 0.017 0.002 0.002 0.003 0.002 0.022 0.001 0.002 0.002 0.007 1 0.017 0.021 0.001 0.002 0.004 0.002 0.019 0.002 0.003 0 0.002
0 0 0.001 0.018 0.009 0 0.039 0.03 0.016 0.05 0.006 0.013 0.027 0.013 0.201 0.027 0.468 0.023 0.164 0.033 0.09 0.016 0.176 0.001 0.035 0.089 0.111 0.008 0 0.004 0.02 0.047 0.137 0 0.058 0.225 0.522 0.009 0.025 0.188 0.147 0.039 0.672 0.73 0.708 0.625 0.01 0.009 0.179 0.027 0.681 0.006 0.007 0.005 0.346 0.017 1 0.603 0.075 0.009 0.233 0.006 0.784 0.007 0.011 0.014 0.095
0.005 0.008 0.011 0.005 0 0.018 0.004 0 0 0.062 0.007 0.001 0 0 0.169 0 0.377 0.044 0.077 0.008 0.03 0.019 0.174 0.014 0.006 0.018 0.032 0.009 0.012 0.005 0.031 0.052 0.046 0.004 0.067 0.199 0.534 0.01 0.126 0.172 0.179 0.084 0.804 0.485 0.467 0.604 0.013 0.057 0.078 0.017 0.8 0.007 0.009 0.044 0.334 0.021 0.603 1 0.062 0.011 0.192 0.008 0.682 0.058 0.013 0.017 0.072
0.003 0.002 0.003 0.008 0.003 0.001 0.001 0 0.001 0.095 0 0.01 0.01 0.004 0.001 0.009 0.041 0.002 0.012 0.006 0.013 0.001 0.001 0.002 0.006 0.013 0.011 0.001 0.001 0 0.002 0.001 0.013 0.001 0.004 0.008 0.037 0.001 0.001 0.001 0.011 0.003 0.025 0.044 0.061 0.049 0.001 0.001 0.001 0.179 0.058 0 0.001 0.001 0.002 0.001 0.075 0.062 1 0.001 0.001 0 0.054 0.001 0.001 0.001 0.459
0.003 0.013 0.013 0.032 0.007 0.002 0.003 0.002 0 0.001 0.001 0.013 0.007 0.004 0.002 0.012 0.006 0.009 0.018 0.009 0.041 0.002 0.003 0.003 0.01 0.04 0.033 0.615 0.001 0 0.009 0.008 0.029 0.002 0.149 0.026 0.008 0.001 0.002 0.021 0.058 0.017 0.012 0.007 0.007 0.009 0.009 0.001 0.002 0.001 0.012 0.186 0.001 0.001 0.004 0.002 0.009 0.011 0.001 1 0.002 0.001 0.01 0.001 0.001 0.002 0.001
0.018 0.016 0.023 0.002 0.001 0 0.01 0.008 0.004 0.012 0.001 0.001 0.003 0.005 0.003 0.004 0.094 0.012 0.017 0.01 0.021 0.004 0.005 0 0.011 0.022 0.033 0.002 0.002 0.001 0.009 0.015 0.039 0.003 0.013 0.068 0.13 0.002 0.005 0.045 0.034 0.004 0.178 0.21 0.217 0.162 0.002 0.002 0.349 0.001 0.173 0.001 0.002 0 0.005 0.004 0.233 0.192 0.001 0.002 1 0.002 0.163 0.002 0.002 0.003 0.001
0.006 0.01 0.01 0.019 0.005 0.001 0.003 0.002 0.001 0.001 0.001 0.01 0.005 0.003 0 0.009 0.002 0.008 0.011 0.006 0.025 0.001 0 0.002 0.006 0.028 0.023 0.001 0.001 0 0.005 0.005 0.02 0.001 0.099 0.017 0.005 0.001 0.001 0.006 0.04 0.01 0.008 0.005 0.005 0.007 0.001 0.001 0.001 0.001 0.008 0.001 0.001 0.001 0.003 0.002 0.006 0.008 0 0.001 0.002 1 0.007 0.001 0.001 0.001 0.001
0.003 0.002 0.003 0.011 0 0.001 0.003 0 0 0.039 0.006 0.002 0.01 0 0.187 0.006 0.403 0.03 0.123 0.006 0.055 0.018 0.194 0.005 0.005 0.055 0.076 0.009 0 0.005 0.024 0.052 0.096 0 0.06 0.162 0.664 0.009 0.012 0.229 0.162 0.052 0.724 0.636 0.615 0.748 0.011 0.009 0.115 0.016 0.722 0.006 0.008 0.005 0.337 0.019 0.784 0.682 0.054 0.01 0.163 0.007 1 0.008 0.012 0.016 0.077
0.012 0.015 0.014 0.003 0.007 0.203 0.004 0.003 0.002 0.004 0.001 0.019 0.03 0.005 0.002 0.016 0 0.008 0.007 0.008 0.006 0.002 0.002 0.23 0.008 0.033 0.028 0.001 0.155 0.001 0.007 0.001 0.024 0.001 0.006 0.034 0.006 0.001 0.435 0.005 0.014 0.013 0.074 0.006 0.006 0.007 0.001 0.806 0.001 0.001 0.075 0.001 0.001 0.571 0.003 0.002 0.007 0.058 0.001 0.001 0.002 0.001 0.008 1 0.001 0.001 0.001
0.01 0.014 0.014 0.004 0.002 0.082 0.006 0.005 0.002 0.002 0.015 0.026 0.025 0.007 0.003 0.03 0.007 0.001 0 0 0.003 0.002 0.003 0.089 0.008 0 0.006 0.001 0.082 0.001 0.01 0.009 0.002 0.002 0.001 0.005 0.009 0.001 0.002 0.024 0.011 0.001 0.014 0.009 0.008 0.011 0.678 0.001 0.002 0.001 0.014 0.001 0.001 0.001 0.005 0.003 0.011 0.013 0.001 0.001 0.002 0.001 0.012 0.001 1 0.049 0.001
0.006 0.004 0.004 0.012 0.007 0 0.009 0.007 0.003 0.002 0.009 0.002 0.003 0.01 0.003 0.003 0.009 0.04 0.002 0.008 0.004 0.003 0.004 0.002 0.016 0.009 0.006 0.002 0.001 0.001 0.004 0.004 0.009 0.027 0 0.012 0.012 0.005 0.003 0.027 0.002 0.036 0.019 0.012 0.011 0.015 0.046 0.002 0.003 0.001 0.018 0.001 0.001 0.001 0.006 0 0.014 0.017 0.001 0.002 0.003 0.001 0.016 0.001 0.049 1 0.001
0.006 0.004 0.005 0.007 0.004 0.001 0.002 0.001 0.001 0.113 0.001 0.012 0.013 0.005 0.001 0.011 0.043 0.001 0.016 0.007 0.019 0.002 0.002 0.002 0.007 0.012 0.017 0.001 0.001 0.001 0.003 0.002 0.02 0.001 0.006 0.006 0.037 0.001 0.002 0.007 0.014 0.002 0.032 0.057 0.074 0.055 0.001 0.001 0.001 0.291 0.074 0.001 0.001 0.001 0.001 0.002 0.095 0.072 0.459 0.001 0.001 0.001 0.077 0.001 0.001 0.001 1
