1 0.746 0.747 0.301 0.236 0.159 0.179 0.146 0.066 0.018 0.062 0.452 0.429 0.131 0.028 0.507 0.006 0.112 0.103 0.24 0.226 0 0.032 0.204 0.183 0.155 0.075 0.001 0.063 0.003 0.017 0.009 0.055 0.017 0.018 0.051 0 0.005 0.07 0.015 0.001 0.064 0.022 0.003 0.004 0 0.009 0.021 0.012 0.006 0.017 0.002 0.002 0.017 0.005 0.021 0 0.013 0 0.004 0.005 0.005 0.001 0.016 0.011 0.003 0.002
0.746 1 0.957 0.353 0.296 0.213 0.239 0.196 0.089 0.014 0.083 0.607 0.571 0.164 0.021 0.616 0.001 0.098 0.085 0.3 0.283 0.029 0.024 0.278 0.24 0.207 0.118 0.001 0.088 0.002 0.032 0.025 0.077 0.013 0.034 0.083 0.002 0.011 0.081 0.025 0.001 0.041 0.027 0.004 0.004 0 0.015 0.033 0.02 0.003 0.023 0 0.004 0.027 0.009 0.043 0 0.024 0.001 0.005 0.008 0.012 0.003 0.025 0.019 0 0
0.747 0.957 1 0.377 0.326 0.213 0.239 0.196 0.089 0.014 0.083 0.64 0.603 0.183 0.021 0.651 0.001 0.098 0.085 0.331 0.305 0.029 0.024 0.278 0.26 0.22 0.127 0.001 0.088 0.01 0.039 0.025 0.085 0.013 0.034 0.092 0.002 0.011 0.099 0.03 0.001 0.039 0.033 0.004 0.004 0 0.015 0.033 0.02 0.003 0.027 0 0.001 0.027 0.006 0.043 0.001 0.027 0.001 0.005 0.01 0.012 0.005 0.025 0.019 0 0
0.301 0.353 0.377 1 0.159 0.065 0.097 0.079 0.036 0.034 0.033 0.244 0.269 0.102 0.052 0.257 0.032 0.264 0.324 0.136 0.6 0.011 0.058 0.085 0.094 0.504 0.303 0.025 0.026 0.023 0 0.001 0.421 0.031 0.281 0.002 0.02 0.027 0.035 0.011 0.217 0.143 0.006 0.062 0.065 0.043 0.001 0.008 0.003 0.002 0.005 0.022 0.007 0.004 0.032 0.106 0.024 0.004 0.001 0.02 0.001 0.007 0.016 0.007 0.001 0.007 0.005
0.236 0.296 0.326 0.159 1 0.014 0.495 0.405 0.17 0.006 0.005 0.403 0.357 0.547 0.009 0.411 0.022 0.054 0.093 0.743 0.198 0.013 0.01 0.022 0.602 0.155 0.116 0.001 0.007 0.005 0.153 0.113 0.093 0.006 0.024 0.023 0 0.005 0 0.058 0.015 0.019 0.001 0.016 0.016 0 0.005 0.007 0.003 0.004 0.002 0.003 0 0.006 0.007 0.019 0.01 0.001 0.001 0.002 0 0.005 0 0.005 0.002 0 0.005
0.159 0.213 0.213 0.065 0.014 1 0.008 0.006 0.003 0.003 0.003 0.2 0.186 0.009 0.005 0.2 0.011 0.014 0.03 0.014 0.091 0.006 0.005 0.547 0.014 0.054 0.02 0.002 0.316 0.002 0.015 0.014 0.008 0.003 0.026 0.046 0.007 0.002 0.275 0.015 0.049 0.002 0.037 0.009 0.009 0.012 0.007 0.129 0.003 0 0.038 0.002 0.001 0.1 0 0.01 0.003 0.032 0 0.002 0 0.003 0 0.159 0.026 0 0
0.179 0.239 0.239 0.097 0.495 0.008 1 0.813 0.368 0.003 0.003 0.222 0.206 0.672 0.005 0.244 0.012 0.029 0.049 0.518 0.13 0.007 0.005 0.012 0.498 0.12 0.092 0 0.003 0.002 0.241 0.236 0.077 0.003 0.024 0.058 0.003 0.003 0.005 0.129 0.05 0.036 0 0.013 0.014 0.001 0.003 0.003 0.003 0.001 0 0.002 0.001 0.003 0.008 0.009 0.017 0 0 0.001 0.004 0.003 0.001 0.003 0.004 0.004 0.001
0.146 0.196 0.196 0.079 0.405 0.006 0.813 1 0.453 0.003 0.002 0.181 0.168 0.537 0.004 0.199 0.01 0.023 0.04 0.42 0.106 0.006 0.005 0.01 0.402 0.098 0.074 0 0.003 0.002 0.163 0.155 0.062 0.002 0.019 0.035 0.007 0.002 0.004 0.095 0.029 0.029 0.001 0.01 0.011 0.004 0.002 0.003 0.003 0.001 0.001 0.001 0.001 0.002 0.006 0.008 0.013 0.001 0 0 0.003 0.002 0.003 0.002 0.003 0.003 0.001
0.066 0.089 0.089 0.036 0.17 0.003 0.368 0.453 1 0.001 0.001 0.083 0.077 0.318 0.002 0.092 0.005 0.011 0.019 0.183 0.049 0.003 0.002 0.004 0.178 0.046 0.034 0 0.001 0.001 0.071 0.052 0.028 0.001 0.006 0.013 0.001 0.001 0.002 0.036 0.014 0.012 0 0.007 0.007 0.001 0.001 0.001 0.001 0.001 0 0 0 0.001 0.002 0.004 0.008 0 0.001 0 0.002 0.001 0.001 0.001 0.001 0.001 0.002
0.018 0.014 0.014 0.034 0.006 0.003 0.003 0.003 0.001 1 0.001 0.007 0.008 0.003 0.002 0.005 0.25 0.011 0.063 0.006 0.025 0.003 0.002 0.005 0.002 0.026 0.033 0.001 0.002 0.001 0.007 0.006 0.038 0.001 0.011 0.062 0.133 0.001 0.002 0.047 0.022 0.007 0.107 0.171 0.166 0.137 0.001 0.001 0.002 0.106 0.087 0.001 0 0.001 0 0.004 0.108 0.105 0.044 0.001 0.026 0.001 0.116 0.001 0.002 0.002 0.114
0.062 0.083 0.083 0.033 0.005 0.003 0.003 0.002 0.001 0.001 1 0.077 0.072 0.003 0.002 0.085 0.004 0.01 0.017 0.005 0.046 0.002 0.002 0.25 0.005 0.043 0.034 0.011 0.001 0.001 0.006 0.005 0.029 0.001 0.089 0.017 0.006 0.001 0.001 0.012 0.039 0.011 0.01 0.006 0.007 0.008 0.005 0.001 0.001 0.001 0.01 0.066 0 0.001 0.003 0.004 0.007 0.01 0.001 0 0.001 0.001 0.007 0.001 0.003 0.001 0.002
0.452 0.607 0.64 0.244 0.403 0.2 0.222 0.181 0.083 0.007 0.077 1 0.882 0.243 0.014 0.749 0.039 0.071 0.134 0.359 0.362 0.03 0.017 0.283 0.277 0.282 0.219 0.001 0.103 0.011 0.064 0.047 0.162 0.014 0.019 0.062 0.006 0.008 0.111 0.018 0.002 0.032 0.005 0.039 0.041 0.016 0.015 0.044 0.008 0.004 0.005 0 0.002 0.047 0.007 0.043 0.01 0.003 0.003 0.006 0 0.013 0.001 0.037 0.018 0 0.011
0.429 0.571 0.603 0.269 0.357 0.186 0.206 0.168 0.077 0.008 0.072 0.882 1 0.226 0.016 0.702 0.043 0.07 0.137 0.342 0.341 0.011 0.018 0.263 0.269 0.261 0.211 0.001 0.096 0.012 0.069 0.052 0.185 0.015 0.01 0.057 0.01 0.003 0.109 0.013 0.007 0.032 0.002 0.048 0.05 0.023 0.013 0.046 0.005 0.005 0.002 0.001 0.002 0.049 0.009 0.028 0.015 0.001 0.003 0.004 0.002 0.01 0.003 0.039 0.016 0 0.012
0.131 0.164 0.183 0.102 0.547 0.009 0.672 0.537 0.318 0.003 0.003 0.243 0.226 1 0.006 0.288 0.015 0.033 0.058 0.459 0.153 0.008 0.007 0.014 0.441 0.133 0.102 0 0.004 0 0.198 0.141 0.085 0.004 0.007 0.042 0.002 0.003 0 0.1 0.043 0.016 0.001 0.013 0.014 0.001 0.003 0.004 0.004 0.003 0.001 0.002 0.001 0.004 0.001 0.011 0.006 0.001 0 0.001 0.002 0.003 0.005 0.003 0.004 0.005 0.002
0.028 0.021 0.021 0.052 0.009 0.005 0.005 0.004 0.002 0.002 0.002 0.014 0.016 0.006 1 0.021 0.396 0.017 0.101 0.009 0.039 0.004 0.893 0.007 0.01 0.015 0.011 0.001 0.003 0.001 0.01 0.009 0.028 0.002 0.002 0.053 0.199 0.002 0.003 0.045 0.011 0.018 0.103 0.16 0.168 0.138 0.002 0.002 0 0 0.078 0.001 0.001 0.002 0.316 0.007 0.114 0.095 0 0.002 0 0.033 0.112 0.002 0.001 0.003 0.001
0.507 0.616 0.651 0.257 0.411 0.2 0.244 0.199 0.092 0.005 0.085 0.749 0.702 0.288 0.021 1 0.041 0.084 0.153 0.443 0.427 0.028 0.022 0.252 0.357 0.309 0.197 0 0.062 0.006 0.044 0.029 0.143 0.009 0.015 0.031 0.008 0.011 0.075 0.01 0.001 0.037 0.004 0.03 0.031 0.01 0.018 0.016 0.013 0.01 0.002 0.001 0.002 0.017 0.001 0.042 0.007 0.001 0.006 0.005 0.002 0.012 0.002 0.026 0.022 0 0.015
0.006 0.001 0.001 0.032 0.022 0.011 0.012 0.01 0.005 0.25 0.004 0.039 0.043 0.015 0.396 0.041 1 0.043 0.252 0.024 0.096 0.011 0.401 0.018 0.019 0.067 0.072 0.003 0.004 0.004 0.026 0.024 0.108 0.005 0.022 0.189 0.527 0.003 0.006 0.146 0.055 0.018 0.347 0.534 0.534 0.442 0.004 0.003 0.106 0.025 0.286 0.003 0.002 0.002 0.179 0.016 0.377 0.332 0.048 0.004 0.076 0.007 0.334 0.002 0.004 0.008 0.069
0.112 0.098 0.098 0.264 0.054 0.014 0.029 0.023 0.011 0.011 0.01 0.071 0.07 0.033 0.017 0.084 0.043 1 0.498 0.053 0.207 0.023 0.016 0.04 0.028 0.177 0.037 0.007 0.014 0.039 0.061 0.064 0.055 0.097 0.096 0.005 0.054 0.064 0.019 0.001 0.012 0.103 0.031 0.008 0.005 0.007 0.004 0.006 0.011 0 0.021 0.007 0 0.008 0 0.031 0.009 0.026 0 0.003 0.013 0.01 0.018 0.009 0.005 0.015 0.002
0.103 0.085 0.085 0.324 0.093 0.03 0.049 0.04 0.019 0.063 0.017 0.134 0.137 0.058 0.101 0.153 0.252 0.498 1 0.093 0.37 0.041 0.106 0.07 0.058 0.294 0.118 0.013 0.021 0.018 0.013 0.015 0.179 0.046 0.138 0.071 0.103 0.035 0.03 0.068 0.064 0.024 0.075 0.204 0.217 0.166 0 0.011 0.017 0.012 0.071 0.011 0 0.012 0.089 0.058 0.133 0.065 0.02 0.009 0.008 0.001 0.094 0.013 0.001 0.001 0.049
0.24 0.3 0.331 0.136 0.743 0.014 0.518 0.42 0.183 0.006 0.005 0.359 0.342 0.459 0.009 0.443 0.024 0.053 0.093 1 0.225 0.013 0.01 0.021 0.825 0.17 0.127 0.004 0.007 0.001 0.185 0.141 0.105 0.006 0.051 0.024 0 0.005 0 0.068 0.008 0.032 0.003 0.025 0.026 0.002 0.006 0.006 0.006 0.004 0.003 0.003 0 0.002 0.003 0.018 0.017 0.003 0.002 0.005 0.005 0.005 0 0.005 0.003 0 0.005
0.226 0.283 0.305 0.6 0.198 0.091 0.13 0.106 0.049 0.025 0.046 0.362 0.341 0.153 0.039 0.427 0.096 0.207 0.37 0.225 1 0.052 0.043 0.147 0.186 0.78 0.567 0.032 0.045 0.012 0.006 0.002 0.45 0.022 0.164 0.001 0.046 0.02 0.048 0.011 0.163 0.129 0.015 0.109 0.111 0.066 0.001 0.012 0.025 0.014 0.019 0.028 0.006 0.014 0.024 0.008 0.065 0.02 0.011 0.028 0.017 0.012 0.039 0.009 0.002 0.003 0.031
0 0.029 0.029 0.011 0.013 0.006 0.007 0.006 0.003 0.003 0.002 0.03 0.011 0.008 0.004 0.028 0.011 0.023 0.041 0.013 0.052 1 0.005 0.01 0.013 0.055 0.07 0.001 0.003 0.002 0.014 0.013 0.009 0.002 0.078 0.029 0.014 0.001 0.003 0.024 0.028 0.016 0.02 0.014 0.014 0.017 0.002 0.001 0.003 0.002 0.021 0.001 0.01 0.001 0.006 0.24 0.017 0.02 0.002 0.002 0.003 0.002 0.018 0.001 0.003 0.005 0.004
0.032 0.024 0.024 0.058 0.01 0.005 0.005 0.005 0.002 0.002 0.002 0.017 0.018 0.007 0.893 0.022 0.401 0.016 0.106 0.01 0.043 0.005 1 0.008 0.011 0.019 0.015 0.001 0.003 0.002 0.011 0.011 0.035 0.002 0.003 0.053 0.208 0.002 0.004 0.046 0.014 0.015 0.107 0.168 0.174 0.144 0.002 0.002 0 0 0.079 0.001 0.001 0.002 0.336 0.007 0.117 0.098 0 0.002 0.001 0.028 0.117 0.002 0.001 0.004 0.001
0.204 0.278 0.278 0.085 0.022 0.547 0.012 0.01 0.004 0.005 0.25 0.283 0.263 0.014 0.007 0.252 0.018 0.04 0.07 0.021 0.147 0.01 0.008 1 0.022 0.123 0.075 0 0.331 0.003 0.023 0.015 0.05 0.004 0 0.028 0.014 0.004 0.325 0.015 0.009 0.021 0.033 0.017 0.017 0.023 0.011 0.222 0.005 0.003 0.026 0.011 0.002 0.187 0.002 0.015 0.001 0.023 0.004 0.002 0 0.004 0.004 0.194 0.025 0 0.007
0.183 0.24 0.26 0.094 0.602 0.014 0.498 0.402 0.178 0.002 0.005 0.277 0.269 0.441 0.01 0.357 0.019 0.028 0.058 0.825 0.186 0.013 0.011 0.022 1 0.211 0.162 0.004 0.007 0.001 0.251 0.202 0.136 0.006 0.053 0.048 0 0.005 0 0.103 0.019 0.045 0.002 0.022 0.022 0.001 0.001 0.007 0.006 0.004 0.003 0.003 0.002 0.002 0.001 0.019 0.018 0.002 0.002 0.005 0.005 0.005 0 0.005 0.003 0.009 0.005
0.155 0.207 0.22 0.504 0.155 0.054 0.12 0.098 0.046 0.026 0.043 0.282 0.261 0.133 0.015 0.309 0.067 0.177 0.294 0.17 0.78 0.055 0.019 0.123 0.211 1 0.699 0.03 0.063 0.018 0.015 0.012 0.566 0.024 0.186 0 0.055 0.022 0.079 0.003 0.213 0.171 0.011 0.122 0.125 0.077 0 0.037 0.026 0.003 0.01 0.027 0.01 0.038 0.03 0.006 0.063 0.011 0.012 0.026 0.018 0.043 0.037 0.036 0.003 0.013 0.018
0.075 0.118 0.127 0.303 0.116 0.02 0.092 0.074 0.034 0.033 0.034 0.219 0.211 0.102 0.011 0.197 0.072 0.037 0.118 0.127 0.567 0.07 0.015 0.075 0.162 0.699 1 0.024 0.044 0.023 0.19 0.186 0.771 0.031 0.128 0.032 0.074 0.018 0.062 0.001 0.354 0.178 0.027 0.149 0.14 0.095 0.003 0.032 0.032 0.01 0.025 0.021 0.013 0.02 0.029 0.002 0.093 0.028 0.008 0.02 0.037 0.034 0.063 0.028 0.009 0.011 0.032
0.001 0.001 0.001 0.025 0.001 0.002 0 0 0 0.001 0.011 0.001 0.001 0 0.001 0 0.003 0.007 0.013 0.004 0.032 0.001 0.001 0 0.004 0.03 0.024 1 0.001 0.001 0.004 0.004 0.022 0.001 0.073 0.012 0.004 0.001 0.001 0.01 0.038 0.01 0.008 0.005 0.005 0.006 0 0.001 0.001 0.001 0.008 0.156 0 0.001 0.002 0.003 0.006 0.008 0.001 0.48 0.001 0.001 0.006 0.001 0.001 0.001 0.001
0.063 0.088 0.088 0.026 0.007 0.316 0.003 0.003 0.001 0.002 0.001 0.103 0.096 0.004 0.003 0.062 0.004 0.014 0.021 0.007 0.045 0.003 0.003 0.331 0.007 0.063 0.044 0.001 1 0.001 0.008 0.008 0.043 0.002 0.015 0.08 0.008 0.001 0.531 0.002 0.027 0.021 0.091 0.009 0.01 0.012 0.019 0.389 0.002 0.001 0.083 0.001 0.001 0.248 0.001 0.005 0.001 0.081 0.001 0.001 0.002 0.001 0.001 0.328 0.012 0.001 0.002
0.003 0.002 0.01 0.023 0.005 0.002 0.002 0.002 0.001 0.001 0.001 0.011 0.012 0 0.001 0.006 0.004 0.039 0.018 0.001 0.012 0.002 0.002 0.003 0.001 0.018 0.023 0.001 0.001 1 0.005 0.005 0.029 0.001 0.008 0.003 0.002 0.001 0.002 0.008 0.014 0 0.005 0.002 0.002 0.003 0.001 0.001 0.001 0.001 0.005 0.001 0.028 0.001 0 0.003 0.003 0.005 0.001 0.004 0.001 0.001 0.003 0.001 0.001 0.002 0.001
0.017 0.032 0.039 0 0.153 0.015 0.241 0.163 0.071 0.007 0.006 0.064 0.069 0.198 0.01 0.044 0.026 0.061 0.013 0.185 0.006 0.014 0.011 0.023 0.251 0.015 0.19 0.004 0.008 0.005 1 0.886 0.158 0.006 0.058 0.269 0.028 0.114 0.001 0.186 0.184 0.018 0.035 0.032 0.025 0.029 0.006 0.005 0.007 0 0.026 0.004 0.003 0.004 0.009 0.02 0.018 0.03 0 0.005 0.006 0.006 0.018 0.005 0.008 0.001 0.001
0.009 0.025 0.025 0.001 0.113 0.014 0.236 0.155 0.052 0.006 0.005 0.047 0.052 0.141 0.009 0.029 0.024 0.064 0.015 0.141 0.002 0.013 0.011 0.015 0.202 0.012 0.186 0.004 0.008 0.005 0.886 1 0.16 0.006 0.055 0.266 0.026 0.122 0.005 0.167 0.202 0.019 0.042 0.03 0.023 0.03 0.006 0.001 0.006 0 0.031 0.003 0.002 0 0.016 0.019 0.03 0.033 0 0.005 0.008 0.005 0.03 0.001 0.007 0.003 0.001
0.055 0.077 0.085 0.421 0.093 0.008 0.077 0.062 0.028 0.038 0.029 0.162 0.185 0.085 0.028 0.143 0.108 0.055 0.179 0.105 0.45 0.009 0.035 0.05 0.136 0.566 0.771 0.022 0.043 0.029 0.158 0.16 1 0.036 0.286 0.012 0.11 0.014 0.057 0.001 0.527 0.247 0.051 0.202 0.192 0.138 0.002 0.03 0.039 0.013 0.048 0.019 0.012 0.02 0.053 0.093 0.137 0.052 0.011 0.017 0.044 0.029 0.098 0.028 0.009 0.018 0.038
0.017 0.013 0.013 0.031 0.006 0.003 0.003 0.002 0.001 0.001 0.001 0.014 0.015 0.004 0.002 0.009 0.005 0.097 0.046 0.006 0.022 0.002 0.002 0.004 0.006 0.024 0.031 0.001 0.002 0.001 0.006 0.006 0.036 1 0.009 0.017 0.006 0.001 0.002 0.004 0.013 0.038 0.003 0.001 0.001 0 0.001 0 0.001 0.001 0.004 0.001 0 0.001 0.003 0.001 0.002 0.011 0.001 0.001 0.002 0.001 0.002 0.001 0.001 0.01 0.002
0.018 0.034 0.034 0.281 0.024 0.026 0.024 0.019 0.006 0.011 0.089 0.019 0.01 0.007 0.002 0.015 0.022 0.096 0.138 0.051 0.164 0.078 0.003 0 0.053 0.186 0.128 0.073 0.015 0.008 0.058 0.055 0.286 0.009 1 0.177 0.052 0.009 0.02 0.134 0.495 0.095 0.096 0.06 0.061 0.073 0.003 0.01 0.011 0.008 0.102 0.063 0.004 0.011 0.026 0.339 0.076 0.098 0.009 0.07 0.015 0.099 0.075 0.009 0.006 0.003 0.017
0.051 0.083 0.092 0.002 0.023 0.046 0.058 0.035 0.013 0.062 0.017 0.062 0.057 0.042 0.053 0.031 0.189 0.005 0.071 0.024 0.001 0.029 0.053 0.028 0.048 0 0.032 0.012 0.08 0.003 0.269 0.266 0.012 0.017 0.177 1 0.216 0.05 0.107 0.421 0 0.084 0.294 0.2 0.189 0.139 0.004 0.054 0.062 0.003 0.234 0.012 0.001 0.046 0.052 0.065 0.2 0.232 0.011 0.017 0.077 0.018 0.16 0.052 0.006 0.019 0.009
0 0.002 0.002 0.02 0 0.007 0.003 0.007 0.001 0.133 0.006 0.006 0.01 0.002 0.199 0.008 0.527 0.054 0.103 0 0.046 0.014 0.208 0.014 0 0.055 0.074 0.004 0.008 0.002 0.028 0.026 0.11 0.006 0.052 0.216 1 0.005 0.011 0.268 0.109 0.036 0.543 0.653 0.634 0.715 0.006 0.007 0.162 0.026 0.459 0.004 0.002 0.001 0.154 0.021 0.47 0.488 0.026 0.005 0.197 0.006 0.594 0.005 0.006 0.011 0.041
0.005 0.011 0.011 0.027 0.005 0.002 0.003 0.002 0.001 0.001 0.001 0.008 0.003 0.003 0.002 0.011 0.003 0.064 0.035 0.005 0.02 0.001 0.002 0.004 0.005 0.022 0.018 0.001 0.001 0.001 0.114 0.122 0.014 0.001 0.009 0.05 0.005 1 0.002 0.002 0.014 0.026 0.01 0.006 0.006 0.007 0.001 0.001 0.001 0.001 0.007 0.001 0 0.001 0.003 0.003 0.008 0.01 0.001 0.001 0.001 0.001 0.008 0.001 0.001 0.005 0.002
0.07 0.081 0.099 0.035 0 0.275 0.005 0.004 0.002 0.002 0.001 0.111 0.109 0 0.003 0.075 0.006 0.019 0.03 0 0.048 0.003 0.004 0.325 0 0.079 0.062 0.001 0.531 0.002 0.001 0.005 0.057 0.002 0.02 0.107 0.011 0.002 1 0 0.037 0.028 0.189 0.013 0.013 0.012 0.002 0.542 0.002 0.002 0.169 0.001 0.001 0.36 0.005 0.007 0.013 0.146 0.002 0.002 0.001 0.002 0.005 0.483 0.003 0.004 0.003
0.015 0.025 0.03 0.011 0.058 0.015 0.129 0.095 0.036 0.047 0.012 0.018 0.013 0.1 0.045 0.01 0.146 0.001 0.068 0.068 0.011 0.024 0.046 0.015 0.103 0.003 0.001 0.01 0.002 0.008 0.186 0.167 0.001 0.004 0.134 0.421 0.268 0.002 0 1 0 0.067 0.241 0.237 0.227 0.258 0.015 0 0.05 0.017 0.226 0.01 0.001 0.001 0.072 0.055 0.208 0.211 0.01 0.014 0.06 0.012 0.236 0.004 0.017 0.022 0.024
0.001 0.001 0.001 0.217 0.015 0.049 0.05 0.029 0.014 0.022 0.039 0.002 0.007 0.043 0.011 0.001 0.055 0.012 0.064 0.008 0.163 0.028 0.014 0.009 0.019 0.213 0.354 0.038 0.027 0.014 0.184 0.202 0.527 0.013 0.495 0 0.109 0.014 0.037 0 1 0.144 0.197 0.123 0.125 0.152 0.01 0.023 0.022 0.016 0.208 0.035 0.008 0.021 0.058 0.195 0.153 0.201 0.017 0.035 0.028 0.052 0.155 0.018 0.016 0.006 0.032
0.064 0.041 0.039 0.143 0.019 0.002 0.036 0.029 0.012 0.007 0.011 0.032 0.032 0.016 0.018 0.037 0.018 0.103 0.024 0.032 0.129 0.016 0.015 0.021 0.045 0.171 0.178 0.01 0.021 0 0.018 0.019 0.247 0.038 0.095 0.084 0.036 0.026 0.028 0.067 0.144 1 0.088 0.041 0.042 0.049 0.002 0.013 0.001 0 0.063 0.009 0.022 0.016 0.033 0.052 0.035 0.06 0.002 0.008 0.001 0.014 0.043 0.013 0.001 0.052 0.005
0.022 0.027 0.033 0.006 0.001 0.037 0 0.001 0 0.107 0.01 0.005 0.002 0.001 0.103 0.004 0.347 0.031 0.075 0.003 0.015 0.02 0.107 0.033 0.002 0.011 0.027 0.008 0.091 0.005 0.035 0.042 0.051 0.003 0.096 0.294 0.543 0.01 0.189 0.241 0.197 0.088 1 0.623 0.602 0.654 0.01 0.099 0.109 0.01 0.86 0.007 0.004 0.085 0.274 0.038 0.628 0.835 0.028 0.008 0.142 0.01 0.64 0.091 0.011 0.02 0.078
0.003 0.004 0.004 0.062 0.016 0.009 0.013 0.01 0.007 0.171 0.006 0.039 0.048 0.013 0.16 0.03 0.534 0.008 0.204 0.025 0.109 0.014 0.168 0.017 0.022 0.122 0.149 0.005 0.009 0.002 0.032 0.03 0.202 0.001 0.06 0.2 0.653 0.006 0.013 0.237 0.123 0.041 0.623 1 0.951 0.809 0.007 0.008 0.175 0.022 0.527 0.004 0.003 0.001 0.316 0.024 0.73 0.527 0.051 0.005 0.211 0.006 0.61 0.006 0.007 0.013 0.136
0.004 0.004 0.004 0.065 0.016 0.009 0.014 0.011 0.007 0.166 0.007 0.041 0.05 0.014 0.168 0.031 0.534 0.005 0.217 0.026 0.111 0.014 0.174 0.017 0.022 0.125 0.14 0.005 0.01 0.002 0.025 0.023 0.192 0.001 0.061 0.189 0.634 0.006 0.013 0.227 0.125 0.042 0.602 0.951 1 0.822 0.007 0.008 0.172 0.04 0.538 0.004 0.003 0.001 0.319 0.024 0.742 0.536 0.075 0.005 0.208 0.007 0.622 0.006 0.007 0.013 0.162
0 0 0 0.043 0 0.012 0.001 0.004 0.001 0.137 0.008 0.016 0.023 0.001 0.138 0.01 0.442 0.007 0.166 0.002 0.066 0.017 0.144 0.023 0.001 0.077 0.095 0.006 0.012 0.003 0.029 0.03 0.138 0 0.073 0.139 0.715 0.007 0.012 0.258 0.152 0.049 0.654 0.809 0.822 1 0.008 0.01 0.142 0.037 0.602 0.005 0.003 0.002 0.276 0.03 0.644 0.606 0.068 0.006 0.171 0.008 0.698 0.008 0.008 0.016 0.132
0.009 0.015 0.015 0.001 0.005 0.007 0.003 0.002 0.001 0.001 0.005 0.015 0.013 0.003 0.002 0.018 0.004 0.004 0 0.006 0.001 0.002 0.002 0.011 0.001 0 0.003 0 0.019 0.001 0.006 0.006 0.002 0.001 0.003 0.004 0.006 0.001 0.002 0.015 0.01 0.002 0.01 0.007 0.007 0.008 1 0.001 0.001 0.001 0.011 0.001 0 0.001 0.003 0.004 0.008 0.011 0.001 0 0.001 0.001 0.008 0.001 0.711 0.059 0.002
0.021 0.033 0.033 0.008 0.007 0.129 0.003 0.003 0.001 0.001 0.001 0.044 0.046 0.004 0.002 0.016 0.003 0.006 0.011 0.006 0.012 0.001 0.002 0.222 0.007 0.037 0.032 0.001 0.389 0.001 0.005 0.001 0.03 0 0.01 0.054 0.007 0.001 0.542 0 0.023 0.013 0.099 0.008 0.008 0.01 0.001 1 0.001 0.001 0.101 0.001 0.001 0.628 0.004 0.005 0.01 0.092 0.001 0.001 0.002 0.001 0.01 0.774 0.002 0.002 0.002
0.012 0.02 0.02 0.003 0.003 0.003 0.003 0.003 0.001 0.002 0.001 0.008 0.005 0.004 0 0.013 0.106 0.011 0.017 0.006 0.025 0.003 0 0.005 0.006 0.026 0.032 0.001 0.002 0.001 0.007 0.006 0.039 0.001 0.011 0.062 0.162 0.001 0.002 0.05 0.022 0.001 0.109 0.175 0.172 0.142 0.001 0.001 1 0.001 0.09 0.001 0 0.001 0.001 0.004 0.14 0.104 0.001 0.001 0.414 0.001 0.089 0.001 0.002 0.002 0.002
0.006 0.003 0.003 0.002 0.004 0 0.001 0.001 0.001 0.106 0.001 0.004 0.005 0.003 0 0.01 0.025 0 0.012 0.004 0.014 0.002 0 0.003 0.004 0.003 0.01 0.001 0.001 0.001 0 0 0.013 0.001 0.008 0.003 0.026 0.001 0.002 0.017 0.016 0 0.01 0.022 0.04 0.037 0.001 0.001 0.001 1 0.073 0.001 0 0.001 0.003 0.003 0.088 0.075 0.148 0.001 0 0.001 0.086 0.001 0.001 0.002 0.389
0.017 0.023 0.027 0.005 0.002 0.038 0 0.001 0 0.087 0.01 0.005 0.002 0.001 0.078 0.002 0.286 0.021 0.071 0.003 0.019 0.021 0.079 0.026 0.003 0.01 0.025 0.008 0.083 0.005 0.026 0.031 0.048 0.004 0.102 0.234 0.459 0.007 0.169 0.226 0.208 0.063 0.86 0.527 0.538 0.602 0.011 0.101 0.09 0.073 1 0.007 0.005 0.087 0.231 0.04 0.692 0.897 0.083 0.009 0.121 0.011 0.699 0.087 0.015 0.022 0.155
0.002 0 0 0.022 0.003 0.002 0.002 0.001 0 0.001 0.066 0 0.001 0.002 0.001 0.001 0.003 0.007 0.011 0.003 0.028 0.001 0.001 0.011 0.003 0.027 0.021 0.156 0.001 0.001 0.004 0.003 0.019 0.001 0.063 0.012 0.004 0.001 0.001 0.01 0.035 0.009 0.007 0.004 0.004 0.005 0.001 0.001 0.001 0.001 0.007 1 0 0.001 0.002 0.002 0.005 0.007 0.001 0.176 0.001 0.001 0.005 0.001 0.001 0.001 0.001
0.002 0.004 0.001 0.007 0 0.001 0.001 0.001 0 0 0 0.002 0.002 0.001 0.001 0.002 0.002 0 0 0 0.006 0.01 0.001 0.002 0.002 0.01 0.013 0 0.001 0.028 0.003 0.002 0.012 0 0.004 0.001 0.002 0 0.001 0.001 0.008 0.022 0.004 0.003 0.003 0.003 0 0.001 0 0 0.005 0 1 0 0.001 0.002 0.003 0.005 0 0 0.001 0 0.004 0 0.001 0.001 0.001
0.017 0.027 0.027 0.004 0.006 0.1 0.003 0.002 0.001 0.001 0.001 0.047 0.049 0.004 0.002 0.017 0.002 0.008 0.012 0.002 0.014 0.001 0.002 0.187 0.002 0.038 0.02 0.001 0.248 0.001 0.004 0 0.02 0.001 0.011 0.046 0.001 0.001 0.36 0.001 0.021 0.016 0.085 0.001 0.001 0.002 0.001 0.628 0.001 0.001 0.087 0.001 0 1 0.001 0.004 0.002 0.079 0.001 0.001 0.003 0.001 0.002 0.461 0.001 0.002 0.002
0.005 0.009 0.006 0.032 0.007 0 0.008 0.006 0.002 0 0.003 0.007 0.009 0.001 0.316 0.001 0.179 0 0.089 0.003 0.024 0.006 0.336 0.002 0.001 0.03 0.029 0.002 0.001 0 0.009 0.016 0.053 0.003 0.026 0.052 0.154 0.003 0.005 0.072 0.058 0.033 0.274 0.316 0.319 0.276 0.003 0.004 0.001 0.003 0.231 0.002 0.001 0.001 1 0.011 0.321 0.266 0.003 0.001 0.004 0.003 0.26 0.003 0.004 0.006 0.012
0.021 0.043 0.043 0.106 0.019 0.01 0.009 0.008 0.004 0.004 0.004 0.043 0.028 0.011 0.007 0.042 0.016 0.031 0.058 0.018 0.008 0.24 0.007 0.015 0.019 0.006 0.002 0.003 0.005 0.003 0.02 0.019 0.093 0.001 0.339 0.065 0.021 0.003 0.007 0.055 0.195 0.052 0.038 0.024 0.024 0.03 0.004 0.005 0.004 0.003 0.04 0.002 0.002 0.004 0.011 1 0.03 0.039 0.003 0.003 0.005 0.004 0.03 0.004 0.005 0 0.006
0 0 0.001 0.024 0.01 0.003 0.017 0.013 0.008 0.108 0.007 0.01 0.015 0.006 0.114 0.007 0.377 0.009 0.133 0.017 0.065 0.017 0.117 0.001 0.018 0.063 0.093 0.006 0.001 0.003 0.018 0.03 0.137 0.002 0.076 0.2 0.47 0.008 0.013 0.208 0.153 0.035 0.628 0.73 0.742 0.644 0.008 0.01 0.14 0.088 0.692 0.005 0.003 0.002 0.321 0.03 1 0.657 0.113 0.006 0.183 0.008 0.768 0.007 0.011 0.016 0.199
0.013 0.024 0.027 0.004 0.001 0.032 0 0.001 0 0.105 0.01 0.003 0.001 0.001 0.095 0.001 0.332 0.026 0.065 0.003 0.02 0.02 0.098 0.023 0.002 0.011 0.028 0.008 0.081 0.005 0.03 0.033 0.052 0.011 0.098 0.232 0.488 0.01 0.146 0.211 0.201 0.06 0.835 0.527 0.536 0.606 0.011 0.092 0.104 0.075 0.897 0.007 0.005 0.079 0.266 0.039 0.657 1 0.086 0.009 0.14 0.01 0.667 0.077 0.014 0.02 0.16
0 0.001 0.001 0.001 0.001 0 0 0 0.001 0.044 0.001 0.003 0.003 0 0 0.006 0.048 0 0.02 0.002 0.011 0.002 0 0.004 0.002 0.012 0.008 0.001 0.001 0.001 0 0 0.011 0.001 0.009 0.011 0.026 0.001 0.002 0.01 0.017 0.002 0.028 0.051 0.075 0.068 0.001 0.001 0.001 0.148 0.083 0.001 0 0.001 0.003 0.003 0.113 0.086 1 0.001 0.001 0.001 0.1 0.001 0.001 0.002 0.387
0.004 0.005 0.005 0.02 0.002 0.002 0.001 0 0 0.001 0 0.006 0.004 0.001 0.002 0.005 0.004 0.003 0.009 0.005 0.028 0.002 0.002 0.002 0.005 0.026 0.02 0.48 0.001 0.004 0.005 0.005 0.017 0.001 0.07 0.017 0.005 0.001 0.002 0.014 0.035 0.008 0.008 0.005 0.005 0.006 0 0.001 0.001 0.001 0.009 0.176 0 0.001 0.001 0.003 0.006 0.009 0.001 1 0.001 0.001 0.006 0.001 0.001 0.002 0.001
0.005 0.008 0.01 0.001 0 0 0.004 0.003 0.002 0.026 0.001 0 0.002 0.002 0 0.002 0.076 0.013 0.008 0.005 0.017 0.003 0.001 0 0.005 0.018 0.037 0.001 0.002 0.001 0.006 0.008 0.044 0.002 0.015 0.077 0.197 0.001 0.001 0.06 0.028 0.001 0.142 0.211 0.208 0.171 0.001 0.002 0.414 0 0.121 0.001 0.001 0.003 0.004 0.005 0.183 0.14 0.001 0.001 1 0.001 0.162 0.001 0.002 0.003 0
0.005 0.012 0.012 0.007 0.005 0.003 0.003 0.002 0.001 0.001 0.001 0.013 0.01 0.003 0.033 0.012 0.007 0.01 0.001 0.005 0.012 0.002 0.028 0.004 0.005 0.043 0.034 0.001 0.001 0.001 0.006 0.005 0.029 0.001 0.099 0.018 0.006 0.001 0.002 0.012 0.052 0.014 0.01 0.006 0.007 0.008 0.001 0.001 0.001 0.001 0.011 0.001 0 0.001 0.003 0.004 0.008 0.01 0.001 0.001 0.001 1 0.008 0.001 0.001 0.002 0.002
0.001 0.003 0.005 0.016 0 0 0.001 0.003 0.001 0.116 0.007 0.001 0.003 0.005 0.112 0.002 0.334 0.018 0.094 0 0.039 0.018 0.117 0.004 0 0.037 0.063 0.006 0.001 0.003 0.018 0.03 0.098 0.002 0.075 0.16 0.594 0.008 0.005 0.236 0.155 0.043 0.64 0.61 0.622 0.698 0.008 0.01 0.089 0.086 0.699 0.005 0.004 0.002 0.26 0.03 0.768 0.667 0.1 0.006 0.162 0.008 1 0.008 0.011 0.016 0.207
0.016 0.025 0.025 0.007 0.005 0.159 0.003 0.002 0.001 0.001 0.001 0.037 0.039 0.003 0.002 0.026 0.002 0.009 0.013 0.005 0.009 0.001 0.002 0.194 0.005 0.036 0.028 0.001 0.328 0.001 0.005 0.001 0.028 0.001 0.009 0.052 0.005 0.001 0.483 0.004 0.018 0.013 0.091 0.006 0.006 0.008 0.001 0.774 0.001 0.001 0.087 0.001 0 0.461 0.003 0.004 0.007 0.077 0.001 0.001 0.001 0.001 0.008 1 0.001 0.002 0.002
0.011 0.019 0.019 0.001 0.002 0.026 0.004 0.003 0.001 0.002 0.003 0.018 0.016 0.004 0.001 0.022 0.004 0.005 0.001 0.003 0.002 0.003 0.001 0.025 0.003 0.003 0.009 0.001 0.012 0.001 0.008 0.007 0.009 0.001 0.006 0.006 0.006 0.001 0.003 0.017 0.016 0.001 0.011 0.007 0.007 0.008 0.711 0.002 0.002 0.001 0.015 0.001 0.001 0.001 0.004 0.005 0.011 0.014 0.001 0.001 0.002 0.001 0.011 0.001 1 0.071 0.002
0.003 0 0 0.007 0 0 0.004 0.003 0.001 0.002 0.001 0 0 0.005 0.003 0 0.008 0.015 0.001 0 0.003 0.005 0.004 0 0.009 0.013 0.011 0.001 0.001 0.002 0.001 0.003 0.018 0.01 0.003 0.019 0.011 0.005 0.004 0.022 0.006 0.052 0.02 0.013 0.013 0.016 0.059 0.002 0.002 0.002 0.022 0.001 0.001 0.002 0.006 0 0.016 0.02 0.002 0.002 0.003 0.002 0.016 0.002 0.071 1 0.003
0.002 0 0 0.005 0.005 0 0.001 0.001 0.002 0.114 0.002 0.011 0.012 0.002 0.001 0.015 0.069 0.002 0.049 0.005 0.031 0.004 0.001 0.007 0.005 0.018 0.032 0.001 0.002 0.001 0.001 0.001 0.038 0.002 0.017 0.009 0.041 0.002 0.003 0.024 0.032 0.005 0.078 0.136 0.162 0.132 0.002 0.002 0.002 0.389 0.155 0.001 0.001 0.002 0.012 0.006 0.199 0.16 0.387 0.001 0 0.002 0.207 0.002 0.002 0.003 1
