1 0.791 0.852 0.44 0.368 0.145 0.216 0.172 0.086 0.024 0.036 0.531 0.503 0.173 0.026 0.566 0.003 0.125 0.114 0.341 0.313 0.019 0.034 0.159 0.217 0.209 0.115 0 0.028 0.005 0.018 0.01 0.087 0.027 0.017 0.039 0 0.004 0.076 0.011 0 0.056 0.01 0.006 0.003 0 0.015 0.013 0.038 0.009 0.014 0.004 0 0.019 0.008 0.017 0 0.005 0.006 0 0.03 0.002 0 0.018 0.027 0.009 0.011
0.791 1 0.915 0.408 0.347 0.18 0.267 0.214 0.107 0.019 0.045 0.573 0.524 0.191 0.02 0.567 0 0.115 0.095 0.323 0.268 0.024 0.027 0.2 0.255 0.21 0.115 0.002 0.037 0.004 0.023 0.019 0.086 0.022 0.038 0.06 0.001 0.008 0.074 0.016 0.001 0.053 0.011 0.005 0.003 0 0.02 0.019 0.049 0.007 0.015 0.006 0.012 0.026 0.012 0.026 0 0.01 0.003 0.006 0.038 0.007 0.001 0.025 0.035 0.006 0.007
0.852 0.915 1 0.442 0.428 0.168 0.25 0.2 0.1 0.021 0.042 0.625 0.571 0.204 0.022 0.634 0.001 0.12 0.105 0.399 0.31 0.026 0.029 0.186 0.259 0.205 0.11 0.002 0.034 0.006 0.025 0.015 0.081 0.023 0.04 0.055 0 0.009 0.091 0.015 0.002 0.044 0.012 0.008 0.004 0 0.018 0.017 0.045 0.008 0.016 0.006 0 0.024 0.008 0.028 0 0.009 0.004 0.007 0.037 0.008 0.001 0.023 0.033 0.007 0.008
0.44 0.408 0.442 1 0.21 0.074 0.114 0.091 0.046 0.045 0.019 0.29 0.282 0.1 0.052 0.286 0.03 0.294 0.366 0.185 0.594 0.004 0.06 0.083 0.11 0.485 0.263 0.029 0.015 0.012 0 0.001 0.331 0.05 0.204 0.004 0.02 0.024 0.039 0.013 0.134 0.157 0.009 0.057 0.045 0.033 0.012 0.004 0.016 0.004 0.002 0.017 0.004 0.006 0.035 0.068 0.022 0.006 0.011 0.018 0.01 0.012 0.017 0.009 0.011 0.007 0.017
0.368 0.347 0.428 0.21 1 0.013 0.497 0.412 0.199 0.01 0.003 0.497 0.463 0.478 0.011 0.507 0.031 0.073 0.135 0.835 0.266 0.012 0.014 0.018 0.576 0.177 0.123 0.004 0.005 0.003 0.111 0.079 0.1 0.011 0.029 0.006 0.005 0.007 0 0.033 0.01 0.031 0.021 0.038 0.031 0.01 0.001 0.007 0.005 0.003 0.008 0.003 0.004 0.004 0.007 0.013 0.022 0.01 0.005 0.005 0.005 0.004 0.004 0.005 0 0.004 0.008
0.145 0.18 0.168 0.074 0.013 1 0.007 0.006 0.003 0.003 0.001 0.184 0.169 0.008 0.004 0.187 0.012 0.018 0.04 0.014 0.09 0.004 0.005 0.672 0.015 0.067 0.027 0.002 0.209 0.001 0.017 0.015 0.022 0.004 0.016 0.038 0.014 0.003 0.378 0.034 0.04 0.008 0.046 0.015 0.012 0.017 0.021 0.163 0.002 0.001 0.026 0.001 0.003 0.161 0 0.006 0 0.018 0.002 0.003 0.001 0.001 0.001 0.185 0.072 0.003 0.003
0.216 0.267 0.25 0.114 0.497 0.007 1 0.8 0.399 0.005 0.002 0.264 0.242 0.678 0.006 0.267 0.015 0.039 0.07 0.466 0.146 0.007 0.007 0.01 0.421 0.134 0.093 0.001 0.003 0.001 0.202 0.209 0.082 0.006 0.019 0.047 0.001 0.004 0.006 0.124 0.067 0.047 0.013 0.019 0.016 0 0.002 0.004 0.003 0.001 0.002 0.002 0.004 0.002 0.011 0.006 0.023 0.002 0.002 0.002 0.004 0.002 0.001 0.003 0.003 0.005 0.003
0.172 0.214 0.2 0.091 0.412 0.006 0.8 1 0.499 0.004 0.001 0.209 0.192 0.575 0.005 0.211 0.012 0.031 0.055 0.367 0.115 0.005 0.006 0.008 0.326 0.103 0.07 0.001 0.002 0.001 0.132 0.134 0.063 0.005 0.014 0.027 0.003 0.003 0.005 0.092 0.041 0.04 0.009 0.016 0.013 0.001 0.002 0.003 0.003 0 0 0.001 0.003 0.002 0.01 0.004 0.019 0 0.001 0.001 0.003 0.002 0 0.002 0.002 0.004 0.002
0.086 0.107 0.1 0.046 0.199 0.003 0.399 0.499 1 0.002 0.001 0.109 0.1 0.345 0.002 0.108 0.007 0.016 0.03 0.181 0.059 0.003 0.003 0.004 0.175 0.06 0.04 0 0.001 0.001 0.091 0.088 0.038 0.002 0.005 0.021 0 0.002 0.002 0.039 0.035 0.021 0.001 0.01 0.008 0 0.001 0.002 0.001 0.001 0.003 0.001 0.001 0.001 0.005 0.003 0.011 0.003 0.002 0 0.002 0.001 0.003 0.001 0.001 0.002 0.002
0.024 0.019 0.021 0.045 0.01 0.003 0.005 0.004 0.002 1 0.001 0.006 0.003 0.006 0.003 0.005 0.272 0.019 0.066 0.01 0.033 0.003 0.004 0.005 0.008 0.024 0.034 0.001 0.002 0.001 0.012 0.011 0.04 0.003 0.012 0.064 0.158 0.002 0 0.046 0.029 0.01 0.139 0.175 0.141 0.126 0.001 0.001 0.011 0.118 0.133 0.001 0.002 0.003 0.001 0.004 0.12 0.138 0.216 0.002 0.022 0.001 0.125 0.002 0.001 0.002 0.181
0.036 0.045 0.042 0.019 0.003 0.001 0.002 0.001 0.001 0.001 1 0.046 0.042 0.002 0.001 0.047 0.003 0.007 0.012 0.004 0.026 0.001 0.001 0.185 0.004 0.026 0.02 0.023 0 0 0.004 0.004 0.01 0.001 0.053 0.007 0 0.001 0.001 0.005 0.014 0.009 0.002 0.001 0.003 0.001 0.009 0.001 0.001 0 0.002 0 0.001 0 0.002 0.001 0.001 0.002 0.001 0.006 0.001 0 0.001 0 0.007 0.003 0.001
0.531 0.573 0.625 0.29 0.497 0.184 0.264 0.209 0.109 0.006 0.046 1 0.878 0.257 0.018 0.773 0.047 0.097 0.186 0.445 0.393 0.015 0.023 0.224 0.288 0.278 0.174 0.002 0.044 0.005 0.035 0.022 0.146 0.021 0.024 0.022 0.016 0.013 0.112 0.001 0 0.042 0 0.057 0.052 0.027 0.016 0.026 0.002 0.01 0 0.005 0.002 0.028 0.01 0.02 0.021 0 0.014 0.006 0 0.007 0.006 0.034 0.031 0 0.02
0.503 0.524 0.571 0.282 0.463 0.169 0.242 0.192 0.1 0.003 0.042 0.878 1 0.235 0.02 0.72 0.045 0.107 0.195 0.425 0.375 0.011 0.026 0.195 0.293 0.263 0.16 0.002 0.046 0.005 0.032 0.02 0.135 0.023 0.023 0.018 0.019 0.013 0.109 0.001 0 0.034 0 0.062 0.056 0.031 0.014 0.027 0.002 0.011 0 0 0.004 0.04 0.012 0.028 0.025 0.001 0.015 0.002 0 0.004 0.008 0.036 0.028 0.001 0.022
0.173 0.191 0.204 0.1 0.478 0.008 0.678 0.575 0.345 0.006 0.002 0.257 0.235 1 0.007 0.315 0.02 0.043 0.083 0.493 0.174 0.007 0.008 0.011 0.447 0.16 0.113 0.002 0.003 0.001 0.223 0.165 0.1 0.006 0.012 0.048 0 0.004 0.002 0.123 0.057 0.04 0.005 0.025 0.021 0.001 0.003 0.004 0.004 0.003 0 0.002 0.004 0.003 0.001 0.007 0.01 0 0.004 0.002 0.003 0.002 0 0.003 0.003 0.006 0.006
0.026 0.02 0.022 0.052 0.011 0.004 0.006 0.005 0.002 0.003 0.001 0.018 0.02 0.007 1 0.021 0.322 0.022 0.079 0.012 0.038 0.004 0.777 0.005 0.012 0.029 0.04 0.002 0.002 0.001 0.014 0.013 0.048 0.003 0.008 0.058 0.218 0.002 0.003 0.022 0.025 0.009 0.137 0.203 0.187 0.176 0.001 0.002 0.002 0.001 0.059 0.001 0.002 0.001 0.391 0.005 0.153 0.136 0.002 0.002 0.002 0.002 0.148 0.002 0.002 0.003 0.003
0.566 0.567 0.634 0.286 0.507 0.187 0.267 0.211 0.108 0.005 0.047 0.773 0.72 0.315 0.021 1 0.047 0.115 0.208 0.526 0.457 0.023 0.025 0.217 0.374 0.313 0.184 0.002 0.04 0.004 0.041 0.027 0.145 0.02 0.027 0.026 0.015 0.013 0.11 0.005 0 0.058 0 0.047 0.056 0.02 0.017 0.023 0.012 0.01 0.001 0.005 0 0.025 0.002 0.027 0.016 0 0.014 0.005 0.004 0.007 0.006 0.033 0.032 0.006 0.02
0.003 0 0.001 0.03 0.031 0.012 0.015 0.012 0.007 0.272 0.003 0.047 0.045 0.02 0.322 0.047 1 0.067 0.245 0.037 0.108 0.011 0.322 0.017 0.035 0.094 0.128 0.005 0 0.002 0.043 0.04 0.148 0.01 0.034 0.196 0.598 0.002 0.004 0.126 0.084 0.017 0.448 0.62 0.581 0.506 0.002 0.001 0.172 0.029 0.33 0.003 0.006 0 0.224 0.015 0.467 0.437 0.109 0.007 0.131 0 0.417 0 0.002 0.007 0.082
0.125 0.115 0.12 0.294 0.073 0.018 0.039 0.031 0.016 0.019 0.007 0.097 0.107 0.043 0.022 0.115 0.067 1 0.465 0.077 0.223 0.024 0.012 0.035 0.032 0.169 0.018 0.009 0.01 0.032 0.062 0.07 0.032 0.098 0.062 0.002 0.068 0.075 0.023 0 0.001 0.135 0.05 0.022 0.014 0.026 0.002 0.002 0.013 0.005 0.047 0.006 0.007 0.008 0.006 0.02 0.032 0.056 0.009 0.002 0.01 0.007 0.04 0.011 0.001 0.031 0.002
0.114 0.095 0.105 0.366 0.135 0.04 0.07 0.055 0.03 0.066 0.012 0.186 0.195 0.083 0.079 0.208 0.245 0.465 1 0.148 0.434 0.046 0.101 0.067 0.085 0.343 0.138 0.021 0.007 0.016 0.007 0.01 0.187 0.043 0.127 0.091 0.121 0.047 0.032 0.075 0.052 0.044 0.093 0.211 0.22 0.154 0.004 0.003 0.041 0.003 0.059 0.011 0.017 0.006 0.078 0.046 0.127 0.073 0.025 0.01 0.031 0.007 0.096 0.01 0.003 0.008 0.03
0.341 0.323 0.399 0.185 0.835 0.014 0.466 0.367 0.181 0.01 0.004 0.445 0.425 0.493 0.012 0.526 0.037 0.077 0.148 1 0.298 0.013 0.015 0.019 0.716 0.204 0.139 0.006 0.006 0.002 0.154 0.118 0.118 0.012 0.042 0.011 0.007 0.008 0 0.047 0.015 0.042 0.026 0.045 0.039 0.013 0.001 0.008 0.007 0.006 0.01 0.003 0.003 0.004 0.008 0.014 0.028 0.013 0.008 0.007 0.007 0.004 0.006 0.006 0 0.004 0.011
0.313 0.268 0.31 0.594 0.266 0.09 0.146 0.115 0.059 0.033 0.026 0.393 0.375 0.174 0.038 0.457 0.108 0.223 0.434 0.298 1 0.042 0.048 0.12 0.218 0.738 0.499 0.029 0.021 0.008 0.008 0.003 0.412 0.037 0.138 0.006 0.071 0.016 0.058 0.02 0.136 0.151 0.035 0.14 0.125 0.084 0.008 0.009 0.022 0.012 0.025 0.01 0.002 0.013 0.036 0.014 0.082 0.035 0.018 0.02 0.013 0.018 0.056 0.015 0.009 0.006 0.036
0.019 0.024 0.026 0.004 0.012 0.004 0.007 0.005 0.003 0.003 0.001 0.015 0.011 0.007 0.004 0.023 0.011 0.024 0.046 0.013 0.042 1 0.005 0.004 0.014 0.042 0.056 0.001 0.002 0.001 0.015 0.014 0.003 0.004 0.056 0.037 0.008 0.001 0.004 0.02 0.01 0.005 0.014 0.008 0.006 0.01 0.001 0.002 0.002 0.002 0.014 0.006 0.13 0.001 0.002 0.097 0.01 0.014 0.002 0.001 0.003 0.001 0.01 0.002 0.002 0.003 0.004
0.034 0.027 0.029 0.06 0.014 0.005 0.007 0.006 0.003 0.004 0.001 0.023 0.026 0.008 0.777 0.025 0.322 0.012 0.101 0.015 0.048 0.005 1 0.007 0.015 0.04 0.055 0.002 0.002 0.001 0.018 0.016 0.065 0.004 0.012 0.052 0.222 0.003 0.004 0.019 0.035 0.005 0.136 0.206 0.184 0.177 0.002 0.003 0.002 0.002 0.057 0.001 0.002 0.002 0.407 0.006 0.153 0.135 0.002 0.003 0.003 0.001 0.151 0.002 0.002 0.004 0.004
0.159 0.2 0.186 0.083 0.018 0.672 0.01 0.008 0.004 0.005 0.185 0.224 0.195 0.011 0.005 0.217 0.017 0.035 0.067 0.019 0.12 0.004 0.007 1 0.02 0.099 0.056 0.001 0.198 0.001 0.022 0.019 0.044 0.005 0 0.026 0.014 0.003 0.369 0.039 0.017 0.023 0.043 0.015 0.017 0.018 0.029 0.197 0.003 0.003 0.025 0.001 0.002 0.151 0.001 0.008 0.001 0.018 0.004 0 0 0.002 0.002 0.223 0.075 0.001 0.005
0.217 0.255 0.259 0.11 0.576 0.015 0.421 0.326 0.175 0.008 0.004 0.288 0.293 0.447 0.012 0.374 0.035 0.032 0.085 0.716 0.218 0.014 0.015 0.02 1 0.277 0.215 0.006 0.006 0.002 0.266 0.221 0.187 0.012 0.044 0.035 0.006 0.008 0 0.082 0.04 0.074 0.025 0.044 0.037 0.012 0.001 0.008 0.007 0.006 0.011 0.003 0.008 0.004 0.007 0.014 0.03 0.013 0.008 0.001 0.007 0.004 0.007 0.006 0.001 0.01 0.011
0.209 0.21 0.205 0.485 0.177 0.067 0.134 0.103 0.06 0.024 0.026 0.278 0.263 0.16 0.029 0.313 0.094 0.169 0.343 0.204 0.738 0.042 0.04 0.099 0.277 1 0.666 0.029 0.038 0.009 0.03 0.023 0.564 0.036 0.15 0 0.07 0.024 0.091 0.003 0.194 0.233 0.024 0.139 0.125 0.083 0.006 0.028 0.022 0.003 0.011 0.01 0.024 0.033 0.036 0.015 0.07 0.018 0.018 0.034 0.013 0.028 0.046 0.043 0 0.007 0.022
0.115 0.115 0.11 0.263 0.123 0.027 0.093 0.07 0.04 0.034 0.02 0.174 0.16 0.113 0.04 0.184 0.128 0.018 0.138 0.139 0.499 0.056 0.055 0.056 0.215 0.666 1 0.021 0.016 0.012 0.269 0.256 0.822 0.049 0.094 0.038 0.112 0.029 0.069 0.006 0.402 0.211 0.057 0.191 0.17 0.133 0 0.019 0.029 0.017 0.043 0.006 0.031 0.022 0.055 0.006 0.126 0.057 0.025 0.024 0.021 0.021 0.098 0.032 0.003 0.007 0.048
0 0.002 0.002 0.029 0.004 0.002 0.001 0.001 0 0.001 0.023 0.002 0.002 0.002 0.002 0.002 0.005 0.009 0.021 0.006 0.029 0.001 0.002 0.001 0.006 0.029 0.021 1 0.001 0 0.007 0.006 0.028 0.002 0.123 0.022 0.006 0.001 0.002 0.017 0.05 0.015 0.01 0.007 0.006 0.008 0.01 0.001 0.001 0.001 0.01 0.278 0.001 0.001 0.003 0.002 0.008 0.01 0.001 0.442 0.001 0.001 0.008 0.001 0.001 0.001 0.002
0.028 0.037 0.034 0.015 0.005 0.209 0.003 0.002 0.001 0.002 0 0.044 0.046 0.003 0.002 0.04 0 0.01 0.007 0.006 0.021 0.002 0.002 0.198 0.006 0.038 0.016 0.001 1 0 0.007 0.006 0.027 0.002 0.006 0.037 0.006 0.001 0.225 0.006 0.016 0.014 0.032 0.006 0.005 0.007 0.085 0.126 0.001 0.001 0.029 0 0.001 0.116 0.004 0.002 0.001 0.026 0.001 0.001 0.001 0.001 0.001 0.157 0.065 0.001 0.002
0.005 0.004 0.006 0.012 0.003 0.001 0.001 0.001 0.001 0.001 0 0.005 0.005 0.001 0.001 0.004 0.002 0.032 0.016 0.002 0.008 0.001 0.001 0.001 0.002 0.009 0.012 0 0 1 0.003 0.003 0.014 0.001 0.003 0.006 0.002 0 0.001 0.007 0.007 0 0.004 0.003 0.002 0.003 0 0.001 0 0 0.004 0 0.001 0 0.001 0.001 0.003 0.004 0.001 0.003 0.001 0 0.003 0 0 0.001 0.001
0.018 0.023 0.025 0 0.111 0.017 0.202 0.132 0.091 0.012 0.004 0.035 0.032 0.223 0.014 0.041 0.043 0.062 0.007 0.154 0.008 0.015 0.018 0.022 0.266 0.03 0.269 0.007 0.007 0.003 1 0.917 0.229 0.014 0.057 0.286 0.05 0.121 0 0.251 0.298 0.023 0.052 0.054 0.046 0.062 0.005 0.009 0.008 0.007 0.049 0.004 0.008 0.005 0.011 0.016 0.038 0.057 0.009 0.002 0.008 0.004 0.039 0.007 0.007 0.004 0.013
0.01 0.019 0.015 0.001 0.079 0.015 0.209 0.134 0.088 0.011 0.004 0.022 0.02 0.165 0.013 0.027 0.04 0.07 0.01 0.118 0.003 0.014 0.016 0.019 0.221 0.023 0.256 0.006 0.006 0.003 0.917 1 0.22 0.013 0.053 0.273 0.047 0.13 0.011 0.23 0.329 0.021 0.071 0.05 0.042 0.058 0.005 0.007 0.007 0.006 0.068 0.003 0.008 0.003 0.026 0.015 0.059 0.071 0.008 0.001 0.009 0.004 0.06 0.004 0.006 0.005 0.012
0.087 0.086 0.081 0.331 0.1 0.022 0.082 0.063 0.038 0.04 0.01 0.146 0.135 0.1 0.048 0.145 0.148 0.032 0.187 0.118 0.412 0.003 0.065 0.044 0.187 0.564 0.822 0.028 0.027 0.014 0.229 0.22 1 0.057 0.199 0.019 0.139 0.024 0.06 0 0.513 0.274 0.083 0.232 0.198 0.166 0.004 0.015 0.034 0.021 0.065 0.015 0.023 0.019 0.068 0.058 0.163 0.082 0.03 0.03 0.026 0.018 0.127 0.028 0 0.01 0.056
0.027 0.022 0.023 0.05 0.011 0.004 0.006 0.005 0.002 0.003 0.001 0.021 0.023 0.006 0.003 0.02 0.01 0.098 0.043 0.012 0.037 0.004 0.004 0.005 0.012 0.036 0.049 0.002 0.002 0.001 0.014 0.013 0.057 1 0.001 0.015 0.007 0.002 0.003 0.006 0.029 0.061 0.008 0.003 0.002 0.002 0.001 0.013 0.002 0.002 0.007 0.001 0.002 0.001 0.003 0.003 0.005 0.013 0.002 0.002 0.002 0.001 0.005 0.002 0.002 0.023 0.003
0.017 0.038 0.04 0.204 0.029 0.016 0.019 0.014 0.005 0.012 0.053 0.024 0.023 0.012 0.008 0.027 0.034 0.062 0.127 0.042 0.138 0.056 0.012 0 0.044 0.15 0.094 0.123 0.006 0.003 0.057 0.053 0.199 0.001 1 0.176 0.048 0.009 0.014 0.103 0.343 0.08 0.076 0.054 0.046 0.059 0.001 0 0.008 0.007 0.074 0.063 0.009 0.005 0.028 0.274 0.064 0.076 0.009 0.101 0.009 0.079 0.062 0.007 0.002 0 0.013
0.039 0.06 0.055 0.004 0.006 0.038 0.047 0.027 0.021 0.064 0.007 0.022 0.018 0.048 0.058 0.026 0.196 0.002 0.091 0.011 0.006 0.037 0.052 0.026 0.035 0 0.038 0.022 0.037 0.006 0.286 0.273 0.019 0.015 0.176 1 0.198 0.038 0.081 0.408 0.008 0.089 0.287 0.196 0.155 0.132 0.001 0.023 0.045 0.013 0.194 0.011 0.024 0.027 0.073 0.047 0.197 0.214 0.04 0.015 0.044 0.014 0.165 0.038 0.003 0.01 0.018
0 0.001 0 0.02 0.005 0.014 0.001 0.003 0 0.158 0 0.016 0.019 0 0.218 0.015 0.598 0.068 0.121 0.007 0.071 0.008 0.222 0.014 0.006 0.07 0.112 0.006 0.006 0.002 0.05 0.047 0.139 0.007 0.048 0.198 1 0.008 0.013 0.217 0.125 0.038 0.544 0.719 0.582 0.779 0.005 0.008 0.123 0.061 0.49 0.003 0.008 0.004 0.211 0.018 0.549 0.584 0.124 0.008 0.096 0.004 0.654 0.006 0.006 0.011 0.09
0.004 0.008 0.009 0.024 0.007 0.003 0.004 0.003 0.002 0.002 0.001 0.013 0.013 0.004 0.002 0.013 0.002 0.075 0.047 0.008 0.016 0.001 0.003 0.003 0.008 0.024 0.029 0.001 0.001 0 0.121 0.13 0.024 0.002 0.009 0.038 0.008 1 0.002 0.033 0.044 0.03 0.012 0.009 0.007 0.01 0.001 0.001 0.001 0.001 0.011 0.001 0.001 0.001 0.004 0.003 0.01 0.013 0.001 0.001 0.001 0.001 0.01 0.001 0.001 0.001 0.002
0.076 0.074 0.091 0.039 0 0.378 0.006 0.005 0.002 0 0.001 0.112 0.109 0.002 0.003 0.11 0.004 0.023 0.032 0 0.058 0.004 0.004 0.369 0 0.091 0.069 0.002 0.225 0.001 0 0.011 0.06 0.003 0.014 0.081 0.013 0.002 1 0.004 0.035 0.031 0.179 0.014 0.012 0.016 0.001 0.409 0.002 0.002 0.133 0.001 0.002 0.332 0.01 0.005 0.009 0.099 0.002 0.002 0.001 0.001 0.006 0.466 0.002 0.003 0.003
0.011 0.016 0.015 0.013 0.033 0.034 0.124 0.092 0.039 0.046 0.005 0.001 0.001 0.123 0.022 0.005 0.126 0 0.075 0.047 0.02 0.02 0.019 0.039 0.082 0.003 0.006 0.017 0.006 0.007 0.251 0.23 0 0.006 0.103 0.408 0.217 0.033 0.004 1 0.013 0.044 0.132 0.179 0.159 0.187 0.013 0.001 0.038 0.029 0.157 0.009 0.012 0.003 0.046 0.049 0.16 0.146 0.025 0.011 0.029 0.005 0.191 0.008 0.017 0.025 0.023
0 0.001 0.002 0.134 0.01 0.04 0.067 0.041 0.035 0.029 0.014 0 0 0.057 0.025 0 0.084 0.001 0.052 0.015 0.136 0.01 0.035 0.017 0.04 0.194 0.402 0.05 0.016 0.007 0.298 0.329 0.513 0.029 0.343 0.008 0.125 0.044 0.035 0.013 1 0.128 0.195 0.134 0.114 0.153 0.001 0.022 0.019 0.017 0.19 0.026 0.021 0.013 0.07 0.144 0.157 0.196 0.022 0.055 0.023 0.032 0.159 0.016 0.009 0.002 0.032
0.056 0.053 0.044 0.157 0.031 0.008 0.047 0.04 0.021 0.01 0.009 0.042 0.034 0.04 0.009 0.058 0.017 0.135 0.044 0.042 0.151 0.005 0.005 0.023 0.074 0.233 0.211 0.015 0.014 0 0.023 0.021 0.274 0.061 0.08 0.089 0.038 0.03 0.031 0.044 0.128 1 0.082 0.04 0.028 0.047 0.005 0.004 0.005 0.001 0.077 0.008 0.034 0.011 0.029 0.034 0.04 0.066 0.013 0.015 0 0.01 0.048 0.015 0 0.026 0.007
0.01 0.011 0.012 0.009 0.021 0.046 0.013 0.009 0.001 0.139 0.002 0 0 0.005 0.137 0 0.448 0.05 0.093 0.026 0.035 0.014 0.136 0.043 0.025 0.024 0.057 0.01 0.032 0.004 0.052 0.071 0.083 0.008 0.076 0.287 0.544 0.012 0.179 0.132 0.195 0.082 1 0.687 0.586 0.621 0.008 0.064 0.099 0.036 0.776 0.005 0.012 0.062 0.334 0.028 0.706 0.801 0.094 0.012 0.116 0.006 0.648 0.083 0.01 0.017 0.109
0.006 0.005 0.008 0.057 0.038 0.015 0.019 0.016 0.01 0.175 0.001 0.057 0.062 0.025 0.203 0.047 0.62 0.022 0.211 0.045 0.14 0.008 0.206 0.015 0.044 0.139 0.191 0.007 0.006 0.003 0.054 0.05 0.232 0.003 0.054 0.196 0.719 0.009 0.014 0.179 0.134 0.04 0.687 1 0.853 0.836 0.005 0.009 0.144 0.057 0.547 0.004 0.008 0.004 0.347 0.019 0.785 0.616 0.139 0.009 0.13 0.004 0.686 0.007 0.007 0.011 0.165
0.003 0.003 0.004 0.045 0.031 0.012 0.016 0.013 0.008 0.141 0.003 0.052 0.056 0.021 0.187 0.056 0.581 0.014 0.22 0.039 0.125 0.006 0.184 0.017 0.037 0.125 0.17 0.006 0.005 0.002 0.046 0.042 0.198 0.002 0.046 0.155 0.582 0.007 0.012 0.159 0.114 0.028 0.586 0.853 1 0.709 0.004 0.008 0.168 0.068 0.503 0.003 0.007 0.003 0.286 0.016 0.662 0.518 0.164 0.007 0.154 0.004 0.568 0.006 0.006 0.01 0.196
0 0 0 0.033 0.01 0.017 0 0.001 0 0.126 0.001 0.027 0.031 0.001 0.176 0.02 0.506 0.026 0.154 0.013 0.084 0.01 0.177 0.018 0.012 0.083 0.133 0.008 0.007 0.003 0.062 0.058 0.166 0.002 0.059 0.132 0.779 0.01 0.016 0.187 0.153 0.047 0.621 0.836 0.709 1 0.006 0.01 0.125 0.064 0.588 0.004 0.01 0.005 0.3 0.022 0.669 0.656 0.113 0.01 0.112 0.005 0.705 0.008 0.008 0.013 0.142
0.015 0.02 0.018 0.012 0.001 0.021 0.002 0.002 0.001 0.001 0.009 0.016 0.014 0.003 0.001 0.017 0.002 0.002 0.004 0.001 0.008 0.001 0.002 0.029 0.001 0.006 0 0.01 0.085 0 0.005 0.005 0.004 0.001 0.001 0.001 0.005 0.001 0.001 0.013 0.001 0.005 0.008 0.005 0.004 0.006 1 0.001 0.001 0.001 0.007 0 0.001 0 0.003 0.002 0.006 0.008 0.001 0.007 0.001 0 0.006 0.001 0.526 0.031 0.001
0.013 0.019 0.017 0.004 0.007 0.163 0.004 0.003 0.002 0.001 0.001 0.026 0.027 0.004 0.002 0.023 0.001 0.002 0.003 0.008 0.009 0.002 0.003 0.197 0.008 0.028 0.019 0.001 0.126 0.001 0.009 0.007 0.015 0.013 0 0.023 0.008 0.001 0.409 0.001 0.022 0.004 0.064 0.009 0.008 0.01 0.001 1 0.001 0.001 0.066 0.001 0.001 0.524 0.005 0.003 0.01 0.051 0.001 0.001 0.002 0.001 0.011 0.734 0.001 0.002 0.002
0.038 0.049 0.045 0.016 0.005 0.002 0.003 0.003 0.001 0.011 0.001 0.002 0.002 0.004 0.002 0.012 0.172 0.013 0.041 0.007 0.022 0.002 0.002 0.003 0.007 0.022 0.029 0.001 0.001 0 0.008 0.007 0.034 0.002 0.008 0.045 0.123 0.001 0.002 0.038 0.019 0.005 0.099 0.144 0.168 0.125 0.001 0.001 1 0 0.095 0.001 0.001 0.001 0 0.003 0.122 0.088 0 0.001 0.46 0.001 0.072 0.001 0.001 0.002 0.001
0.009 0.007 0.008 0.004 0.003 0.001 0.001 0 0.001 0.118 0 0.01 0.011 0.003 0.001 0.01 0.029 0.005 0.003 0.006 0.012 0.002 0.002 0.003 0.006 0.003 0.017 0.001 0.001 0 0.007 0.006 0.021 0.002 0.007 0.013 0.061 0.001 0.002 0.029 0.017 0.001 0.036 0.057 0.068 0.064 0.001 0.001 0 1 0.082 0 0.001 0.001 0.003 0.002 0.079 0.08 0.244 0.001 0 0.001 0.067 0.001 0.001 0.001 0.367
0.014 0.015 0.016 0.002 0.008 0.026 0.002 0 0.003 0.133 0.002 0 0 0 0.059 0.001 0.33 0.047 0.059 0.01 0.025 0.014 0.057 0.025 0.011 0.011 0.043 0.01 0.029 0.004 0.049 0.068 0.065 0.007 0.074 0.194 0.49 0.011 0.133 0.157 0.19 0.077 0.776 0.547 0.503 0.588 0.007 0.066 0.095 0.082 1 0.005 0.012 0.063 0.238 0.028 0.661 0.853 0.116 0.012 0.112 0.006 0.676 0.085 0.009 0.016 0.168
0.004 0.006 0.006 0.017 0.003 0.001 0.002 0.001 0.001 0.001 0 0.005 0 0.002 0.001 0.005 0.003 0.006 0.011 0.003 0.01 0.006 0.001 0.001 0.003 0.01 0.006 0.278 0 0 0.004 0.003 0.015 0.001 0.063 0.011 0.003 0.001 0.001 0.009 0.026 0.008 0.005 0.004 0.003 0.004 0 0.001 0.001 0 0.005 1 0.001 0 0.002 0.001 0.004 0.005 0.001 0.38 0.001 0 0.004 0 0 0.001 0.001
0 0.012 0 0.004 0.004 0.003 0.004 0.003 0.001 0.002 0.001 0.002 0.004 0.004 0.002 0 0.006 0.007 0.017 0.003 0.002 0.13 0.002 0.002 0.008 0.024 0.031 0.001 0.001 0.001 0.008 0.008 0.023 0.002 0.009 0.024 0.008 0.001 0.002 0.012 0.021 0.034 0.012 0.008 0.007 0.01 0.001 0.001 0.001 0.001 0.012 0.001 1 0.001 0.004 0.003 0.01 0.012 0.001 0.001 0.001 0.001 0.01 0.001 0.001 0.002 0.002
0.019 0.026 0.024 0.006 0.004 0.161 0.002 0.002 0.001 0.003 0 0.028 0.04 0.003 0.001 0.025 0 0.008 0.006 0.004 0.013 0.001 0.002 0.151 0.004 0.033 0.022 0.001 0.116 0 0.005 0.003 0.019 0.001 0.005 0.027 0.004 0.001 0.332 0.003 0.013 0.011 0.062 0.004 0.003 0.005 0 0.524 0.001 0.001 0.063 0 0.001 1 0.002 0.002 0.005 0.045 0.001 0.001 0 0 0.005 0.538 0.001 0 0.001
0.008 0.012 0.008 0.035 0.007 0 0.011 0.01 0.005 0.001 0.002 0.01 0.012 0.001 0.391 0.002 0.224 0.006 0.078 0.008 0.036 0.002 0.407 0.001 0.007 0.036 0.055 0.003 0.004 0.001 0.011 0.026 0.068 0.003 0.028 0.073 0.211 0.004 0.01 0.046 0.07 0.029 0.334 0.347 0.286 0.3 0.003 0.005 0 0.003 0.238 0.002 0.004 0.002 1 0.01 0.409 0.341 0.005 0.004 0.002 0.002 0.358 0.003 0.003 0.006 0.005
0.017 0.026 0.028 0.068 0.013 0.006 0.006 0.004 0.003 0.004 0.001 0.02 0.028 0.007 0.005 0.027 0.015 0.02 0.046 0.014 0.014 0.097 0.006 0.008 0.014 0.015 0.006 0.002 0.002 0.001 0.016 0.015 0.058 0.003 0.274 0.047 0.018 0.003 0.005 0.049 0.144 0.034 0.028 0.019 0.016 0.022 0.002 0.003 0.003 0.002 0.028 0.001 0.003 0.002 0.01 1 0.023 0.028 0.003 0.003 0.003 0.002 0.023 0.002 0.002 0.005 0.005
0 0 0 0.022 0.022 0 0.023 0.019 0.011 0.12 0.001 0.021 0.025 0.01 0.153 0.016 0.467 0.032 0.127 0.028 0.082 0.01 0.153 0.001 0.03 0.07 0.126 0.008 0.001 0.003 0.038 0.059 0.163 0.005 0.064 0.197 0.549 0.01 0.009 0.16 0.157 0.04 0.706 0.785 0.662 0.669 0.006 0.01 0.122 0.079 0.661 0.004 0.01 0.005 0.409 0.023 1 0.697 0.141 0.01 0.144 0.005 0.789 0.008 0.008 0.013 0.181
0.005 0.01 0.009 0.006 0.01 0.018 0.002 0 0.003 0.138 0.002 0 0.001 0 0.136 0 0.437 0.056 0.073 0.013 0.035 0.014 0.135 0.018 0.013 0.018 0.057 0.01 0.026 0.004 0.057 0.071 0.082 0.013 0.076 0.214 0.584 0.013 0.099 0.146 0.196 0.066 0.801 0.616 0.518 0.656 0.008 0.051 0.088 0.08 0.853 0.005 0.012 0.045 0.341 0.028 0.697 1 0.113 0.012 0.116 0.006 0.716 0.066 0.01 0.016 0.164
0.006 0.003 0.004 0.011 0.005 0.002 0.002 0.001 0.002 0.216 0.001 0.014 0.015 0.004 0.002 0.014 0.109 0.009 0.025 0.008 0.018 0.002 0.002 0.004 0.008 0.018 0.025 0.001 0.001 0.001 0.009 0.008 0.03 0.002 0.009 0.04 0.124 0.001 0.002 0.025 0.022 0.013 0.094 0.139 0.164 0.113 0.001 0.001 0 0.244 0.116 0.001 0.001 0.001 0.005 0.003 0.141 0.113 1 0.001 0.002 0.001 0.106 0.001 0.001 0.002 0.471
0 0.006 0.007 0.018 0.005 0.003 0.002 0.001 0 0.002 0.006 0.006 0.002 0.002 0.002 0.005 0.007 0.002 0.01 0.007 0.02 0.001 0.003 0 0.001 0.034 0.024 0.442 0.001 0.003 0.002 0.001 0.03 0.002 0.101 0.015 0.008 0.001 0.002 0.011 0.055 0.015 0.012 0.009 0.007 0.01 0.007 0.001 0.001 0.001 0.012 0.38 0.001 0.001 0.004 0.003 0.01 0.012 0.001 1 0.001 0.001 0.01 0.001 0.001 0.002 0.002
0.03 0.038 0.037 0.01 0.005 0.001 0.004 0.003 0.002 0.022 0.001 0 0 0.003 0.002 0.004 0.131 0.01 0.031 0.007 0.013 0.003 0.003 0 0.007 0.013 0.021 0.001 0.001 0.001 0.008 0.009 0.026 0.002 0.009 0.044 0.096 0.001 0.001 0.029 0.023 0 0.116 0.13 0.154 0.112 0.001 0.002 0.46 0 0.112 0.001 0.001 0 0.002 0.003 0.144 0.116 0.002 0.001 1 0.001 0.112 0.001 0.001 0.002 0.001
0.002 0.007 0.008 0.012 0.004 0.001 0.002 0.002 0.001 0.001 0 0.007 0.004 0.002 0.002 0.007 0 0.007 0.007 0.004 0.018 0.001 0.001 0.002 0.004 0.028 0.021 0.001 0.001 0 0.004 0.004 0.018 0.001 0.079 0.014 0.004 0.001 0.001 0.005 0.032 0.01 0.006 0.004 0.004 0.005 0 0.001 0.001 0.001 0.006 0 0.001 0 0.002 0.002 0.005 0.006 0.001 0.001 0.001 1 0.005 0.001 0.001 0.001 0.001
0 0.001 0.001 0.017 0.004 0.001 0.001 0 0.003 0.125 0.001 0.006 0.008 0 0.148 0.006 0.417 0.04 0.096 0.006 0.056 0.01 0.151 0.002 0.007 0.046 0.098 0.008 0.001 0.003 0.039 0.06 0.127 0.005 0.062 0.165 0.654 0.01 0.006 0.191 0.159 0.048 0.648 0.686 0.568 0.705 0.006 0.011 0.072 0.067 0.676 0.004 0.01 0.005 0.358 0.023 0.789 0.716 0.106 0.01 0.112 0.005 1 0.008 0.008 0.014 0.187
0.018 0.025 0.023 0.009 0.005 0.185 0.003 0.002 0.001 0.002 0 0.034 0.036 0.003 0.002 0.033 0 0.011 0.01 0.006 0.015 0.002 0.002 0.223 0.006 0.043 0.032 0.001 0.157 0 0.007 0.004 0.028 0.002 0.007 0.038 0.006 0.001 0.466 0.008 0.016 0.015 0.083 0.007 0.006 0.008 0.001 0.734 0.001 0.001 0.085 0 0.001 0.538 0.003 0.002 0.008 0.066 0.001 0.001 0.001 0.001 0.008 1 0.001 0.001 0.002
0.027 0.035 0.033 0.011 0 0.072 0.003 0.002 0.001 0.001 0.007 0.031 0.028 0.003 0.002 0.032 0.002 0.001 0.003 0 0.009 0.002 0.002 0.075 0.001 0 0.003 0.001 0.065 0 0.007 0.006 0 0.002 0.002 0.003 0.006 0.001 0.002 0.017 0.009 0 0.01 0.007 0.006 0.008 0.526 0.001 0.001 0.001 0.009 0 0.001 0.001 0.003 0.002 0.008 0.01 0.001 0.001 0.001 0.001 0.008 0.001 1 0.043 0.002
0.009 0.006 0.007 0.007 0.004 0.003 0.005 0.004 0.002 0.002 0.003 0 0.001 0.006 0.003 0.006 0.007 0.031 0.008 0.004 0.006 0.003 0.004 0.001 0.01 0.007 0.007 0.001 0.001 0.001 0.004 0.005 0.01 0.023 0 0.01 0.011 0.001 0.003 0.025 0.002 0.026 0.017 0.011 0.01 0.013 0.031 0.002 0.002 0.001 0.016 0.001 0.002 0 0.006 0.005 0.013 0.016 0.002 0.002 0.002 0.001 0.014 0.001 0.043 1 0.003
0.011 0.007 0.008 0.017 0.008 0.003 0.003 0.002 0.002 0.181 0.001 0.02 0.022 0.006 0.003 0.02 0.082 0.002 0.03 0.011 0.036 0.004 0.004 0.005 0.011 0.022 0.048 0.002 0.002 0.001 0.013 0.012 0.056 0.003 0.013 0.018 0.09 0.002 0.003 0.023 0.032 0.007 0.109 0.165 0.196 0.142 0.001 0.002 0.001 0.367 0.168 0.001 0.002 0.001 0.005 0.005 0.181 0.164 0.471 0.002 0.001 0.001 0.187 0.002 0.002 0.003 1
