1 0.809 0.849 0.418 0.373 0.102 0.235 0.215 0.11 0.018 0.03 0.451 0.481 0.229 0.029 0.495 0 0.135 0.097 0.344 0.245 0.006 0.036 0.099 0.262 0.178 0.081 0.002 0.04 0.005 0.023 0.01 0.079 0.019 0.015 0.059 0.007 0.009 0.051 0.023 0 0.047 0.03 0 0 0.005 0.009 0.014 0.049 0.009 0.029 0 0.005 0.023 0.015 0.012 0.005 0.017 0.002 0.001 0.027 0 0.006 0.006 0.004 0.005 0.001
0.809 1 0.93 0.397 0.375 0.125 0.287 0.263 0.135 0.014 0.036 0.502 0.507 0.231 0.023 0.528 0.002 0.122 0.081 0.348 0.234 0.021 0.029 0.125 0.288 0.182 0.083 0.002 0.05 0.008 0.022 0.018 0.069 0.016 0.037 0.069 0.013 0.014 0.032 0.029 0.003 0.035 0.029 0 0 0.009 0.014 0.018 0.061 0.006 0.029 0.007 0.011 0.028 0.016 0.029 0.003 0.023 0.004 0.006 0.021 0.006 0.005 0.01 0.007 0.003 0
0.849 0.93 1 0.431 0.44 0.12 0.276 0.253 0.129 0.015 0.035 0.548 0.553 0.271 0.024 0.587 0.001 0.127 0.088 0.409 0.267 0.022 0.031 0.119 0.319 0.197 0.092 0.002 0.048 0.014 0.033 0.015 0.076 0.016 0.039 0.078 0.011 0.015 0.061 0.035 0.004 0.034 0.038 0 0 0.007 0.013 0.017 0.059 0.007 0.038 0.007 0.004 0.027 0.012 0.03 0.007 0.03 0.003 0.007 0.035 0.006 0.01 0.009 0.006 0.003 0
0.418 0.397 0.431 1 0.206 0.044 0.124 0.113 0.058 0.034 0.016 0.253 0.255 0.129 0.055 0.276 0.013 0.324 0.348 0.208 0.585 0.004 0.06 0.037 0.153 0.526 0.255 0.022 0.017 0.032 0 0.002 0.326 0.036 0.216 0.001 0.007 0.033 0.021 0.005 0.13 0.129 0.001 0.035 0.034 0.012 0.005 0.003 0.024 0.002 0 0.02 0.015 0.007 0.021 0.041 0.002 0 0 0.029 0.005 0.011 0.004 0.001 0.002 0.014 0
0.373 0.375 0.44 0.206 1 0.012 0.49 0.445 0.198 0.007 0.004 0.486 0.486 0.54 0.012 0.558 0.033 0.085 0.151 0.814 0.291 0.011 0.015 0.018 0.647 0.21 0.151 0.002 0.008 0.007 0.136 0.086 0.128 0.008 0.038 0.018 0.002 0.007 0.002 0.036 0.008 0.027 0.002 0.032 0.031 0.002 0.003 0.008 0.003 0.006 0.003 0.005 0.001 0.007 0.01 0.014 0.01 0.002 0.004 0.005 0 0.003 0.002 0.006 0 0.006 0.01
0.102 0.125 0.12 0.044 0.012 1 0.007 0.006 0.003 0.002 0.001 0.127 0.125 0.008 0.003 0.122 0.009 0.005 0.018 0.013 0.046 0.003 0.004 0.478 0.014 0.038 0.011 0.001 0.274 0.002 0.013 0.012 0.008 0.002 0.011 0.027 0.007 0.002 0.16 0.019 0.029 0.002 0.016 0.007 0.006 0.009 0.012 0.124 0.002 0.001 0.021 0.001 0.002 0.163 0.001 0.004 0 0.014 0.001 0.002 0 0.001 0 0.155 0.023 0 0
0.235 0.287 0.276 0.124 0.49 0.007 1 0.917 0.469 0.004 0.002 0.28 0.275 0.732 0.007 0.327 0.017 0.048 0.083 0.494 0.174 0.006 0.009 0.01 0.43 0.136 0.085 0.001 0.004 0.004 0.185 0.2 0.086 0.005 0.016 0.043 0.003 0.004 0.007 0.108 0.057 0.035 0 0.022 0.021 0.002 0 0.005 0.004 0.002 0 0.003 0.004 0.004 0.014 0.008 0.026 0 0.001 0.002 0.007 0.002 0.001 0.003 0.004 0.006 0.004
0.215 0.263 0.253 0.113 0.445 0.006 0.917 1 0.511 0.004 0.002 0.256 0.251 0.667 0.006 0.299 0.015 0.044 0.076 0.451 0.159 0.006 0.008 0.009 0.39 0.122 0.075 0.001 0.004 0.004 0.151 0.164 0.077 0.004 0.014 0.033 0.004 0.004 0.007 0.093 0.045 0.034 0 0.02 0.019 0.004 0.004 0.004 0.004 0.002 0 0.002 0.004 0.004 0.013 0.007 0.023 0 0.002 0.002 0.006 0.002 0 0.003 0.004 0.005 0.004
0.11 0.135 0.129 0.058 0.198 0.003 0.469 0.511 1 0.002 0.001 0.137 0.135 0.407 0.003 0.16 0.01 0.022 0.042 0.236 0.086 0.003 0.004 0.005 0.22 0.081 0.046 0 0.002 0.002 0.055 0.058 0.054 0.002 0.003 0.007 0.011 0.002 0.003 0.036 0.015 0.027 0.006 0.012 0.012 0.013 0.002 0.002 0.002 0.002 0.003 0.001 0.002 0.002 0.007 0.004 0.014 0.003 0.002 0 0.003 0.001 0 0.002 0.002 0.003 0.004
0.018 0.014 0.015 0.034 0.007 0.002 0.004 0.004 0.002 1 0.001 0.014 0.012 0.005 0.002 0.008 0.171 0.013 0.037 0.008 0.023 0.002 0.002 0.003 0.008 0.022 0.03 0.001 0 0.001 0.008 0.007 0.034 0.001 0.008 0.049 0.113 0.001 0.001 0.023 0.019 0.008 0.081 0.129 0.127 0.082 0.001 0 0 0.262 0.076 0.001 0.001 0 0.002 0.002 0.073 0.065 0.105 0.001 0.005 0 0.079 0 0.001 0.001 0.202
0.03 0.036 0.035 0.016 0.004 0.001 0.002 0.002 0.001 0.001 1 0.037 0.036 0.002 0.001 0.043 0.003 0.006 0.011 0.004 0.023 0.001 0.001 0.195 0.004 0.022 0.017 0.014 0.001 0 0.004 0.004 0.015 0.001 0.069 0.011 0.004 0.001 0.001 0.01 0.028 0.007 0.005 0.003 0.003 0.004 0.021 0.001 0.001 0.001 0.006 0.001 0 0.001 0.002 0.001 0.004 0.006 0.001 0.006 0.001 0 0.005 0 0.022 0.015 0.001
0.451 0.502 0.548 0.253 0.486 0.127 0.28 0.256 0.137 0.014 0.037 1 0.887 0.314 0.014 0.746 0.061 0.079 0.181 0.52 0.389 0.018 0.02 0.145 0.397 0.306 0.206 0.002 0.068 0.004 0.061 0.036 0.187 0.015 0.022 0.026 0.017 0.012 0.08 0.008 0.003 0.047 0 0.067 0.065 0.02 0.015 0.029 0.014 0.009 0 0.007 0.002 0.053 0.012 0.015 0.021 0 0.007 0.006 0.005 0.006 0.01 0.019 0.008 0 0.017
0.481 0.507 0.553 0.255 0.486 0.125 0.275 0.251 0.135 0.012 0.036 0.887 1 0.309 0.015 0.736 0.061 0.092 0.197 0.513 0.38 0.007 0.02 0.142 0.394 0.299 0.202 0.002 0.07 0.014 0.061 0.036 0.185 0.016 0.022 0.027 0.017 0.011 0.081 0.006 0.003 0.038 0 0.066 0.063 0.02 0.015 0.03 0.008 0.01 0 0 0 0.054 0.013 0.027 0.021 0 0.008 0.001 0.004 0.005 0.01 0.021 0.008 0 0.018
0.229 0.231 0.271 0.129 0.54 0.008 0.732 0.667 0.407 0.005 0.002 0.314 0.309 1 0.008 0.392 0.024 0.055 0.103 0.556 0.21 0.007 0.01 0.012 0.483 0.159 0.102 0.001 0.005 0.001 0.218 0.139 0.101 0.005 0.013 0.052 0.001 0.005 0.01 0.113 0.037 0.034 0.003 0.025 0.024 0.001 0 0.005 0.005 0.006 0.004 0.003 0.004 0.005 0.001 0.009 0.004 0.003 0.004 0.002 0.001 0.002 0.002 0.004 0.005 0.006 0.009
0.029 0.023 0.024 0.055 0.012 0.003 0.007 0.006 0.003 0.002 0.001 0.014 0.015 0.008 1 0.02 0.32 0.02 0.076 0.013 0.037 0.003 0.792 0.004 0.014 0.036 0.04 0.001 0.002 0.002 0.013 0.012 0.055 0.002 0.01 0.075 0.227 0.002 0.003 0.046 0.028 0.022 0.149 0.245 0.238 0.196 0.002 0.002 0.002 0.001 0.12 0.001 0.002 0.002 0.446 0.004 0.116 0.141 0.001 0.002 0.003 0 0.161 0.001 0.002 0.002 0.002
0.495 0.528 0.587 0.276 0.558 0.122 0.327 0.299 0.16 0.008 0.043 0.746 0.736 0.392 0.02 1 0.038 0.125 0.207 0.638 0.448 0.018 0.009 0.115 0.501 0.33 0.193 0.001 0.029 0.006 0.059 0.033 0.175 0.013 0.022 0.029 0.005 0.012 0.05 0.011 0.003 0.054 0.001 0.04 0.039 0.006 0.02 0.007 0.012 0.015 0 0.006 0.003 0.019 0.002 0.024 0.02 0 0.013 0.005 0.003 0.005 0.003 0.013 0.012 0.002 0.023
0 0.002 0.001 0.013 0.033 0.009 0.017 0.015 0.01 0.171 0.003 0.061 0.061 0.024 0.32 0.038 1 0.06 0.23 0.04 0.11 0.008 0.351 0.014 0.04 0.106 0.133 0.004 0.003 0.005 0.04 0.037 0.163 0.006 0.033 0.222 0.649 0.005 0.006 0.139 0.087 0.031 0.447 0.717 0.694 0.546 0.006 0.003 0.147 0.041 0.331 0.004 0.005 0.002 0.235 0.012 0.397 0.404 0.109 0.006 0.087 0.001 0.455 0.002 0.005 0.005 0.119
0.135 0.122 0.127 0.324 0.085 0.005 0.048 0.044 0.022 0.013 0.006 0.079 0.092 0.055 0.02 0.125 0.06 1 0.482 0.09 0.243 0.018 0.016 0.031 0.047 0.215 0.031 0.009 0.013 0.053 0.049 0.062 0.047 0.079 0.084 0.01 0.066 0.08 0.023 0.003 0.006 0.122 0.063 0.029 0.026 0.034 0 0.01 0.011 0.002 0.055 0.008 0 0.012 0.023 0.018 0.029 0.058 0.002 0.01 0.003 0.006 0.04 0.01 0.002 0.023 0.006
0.097 0.081 0.088 0.348 0.151 0.018 0.083 0.076 0.042 0.037 0.011 0.181 0.197 0.103 0.076 0.207 0.23 0.482 1 0.168 0.458 0.034 0.095 0.058 0.112 0.415 0.17 0.016 0.019 0.025 0.004 0.009 0.226 0.039 0.15 0.075 0.138 0.043 0.037 0.062 0.074 0.026 0.077 0.23 0.229 0.151 0.002 0.016 0.031 0.011 0.051 0.015 0.002 0.018 0.049 0.039 0.106 0.056 0.037 0.021 0.026 0.008 0.108 0.014 0 0.004 0.031
0.344 0.348 0.409 0.208 0.814 0.013 0.494 0.451 0.236 0.008 0.004 0.52 0.513 0.556 0.013 0.638 0.04 0.09 0.168 1 0.338 0.011 0.016 0.019 0.801 0.239 0.158 0.005 0.008 0.003 0.138 0.089 0.149 0.008 0.043 0.013 0.003 0.008 0.002 0.041 0.009 0.037 0.002 0.044 0.041 0.003 0.003 0.009 0.008 0.01 0.002 0.005 0.001 0.004 0.005 0.015 0.017 0.003 0.008 0.008 0.003 0.003 0.002 0.006 0 0.006 0.015
0.245 0.234 0.267 0.585 0.291 0.046 0.174 0.159 0.086 0.023 0.023 0.389 0.38 0.21 0.037 0.448 0.11 0.243 0.458 0.338 1 0.033 0.047 0.074 0.265 0.762 0.519 0.023 0.029 0.015 0.01 0.003 0.462 0.013 0.178 0.005 0.056 0.022 0.036 0.013 0.161 0.152 0.021 0.126 0.122 0.058 0.008 0.008 0.023 0.025 0.024 0.021 0.01 0.022 0.034 0.002 0.072 0.03 0.022 0.035 0.015 0.017 0.059 0.003 0.003 0.001 0.042
0.006 0.021 0.022 0.004 0.011 0.003 0.006 0.006 0.003 0.002 0.001 0.018 0.007 0.007 0.003 0.018 0.008 0.018 0.034 0.011 0.033 1 0.003 0.004 0.012 0.035 0.046 0.001 0.002 0.001 0.012 0.011 0.005 0.002 0.056 0.03 0.011 0 0.003 0.02 0.013 0.003 0.015 0.009 0.009 0.012 0 0.002 0.002 0.002 0.016 0.001 0.086 0.002 0.004 0.197 0.011 0.016 0.002 0 0.003 0.001 0.013 0.001 0 0.002 0.003
0.036 0.029 0.031 0.06 0.015 0.004 0.009 0.008 0.004 0.002 0.001 0.02 0.02 0.01 0.792 0.009 0.351 0.016 0.095 0.016 0.047 0.003 1 0.006 0.017 0.046 0.053 0.002 0.002 0.002 0.016 0.015 0.07 0.002 0.013 0.078 0.25 0.002 0.004 0.045 0.035 0.019 0.162 0.27 0.242 0.215 0.002 0.002 0.002 0.001 0.08 0.001 0.002 0.002 0.501 0.005 0.093 0.153 0.001 0.002 0.004 0 0.178 0.002 0.002 0.003 0.002
0.099 0.125 0.119 0.037 0.018 0.478 0.01 0.009 0.005 0.003 0.195 0.145 0.142 0.012 0.004 0.115 0.014 0.031 0.058 0.019 0.074 0.004 0.006 1 0.021 0.09 0.056 0 0.371 0.003 0.02 0.014 0.047 0.003 0 0.033 0.013 0.003 0.323 0.015 0.008 0.026 0.035 0.012 0.012 0.016 0.023 0.356 0.003 0.003 0.029 0 0.003 0.302 0.004 0.006 0.003 0.022 0.003 0 0.001 0.001 0.009 0.291 0.036 0.003 0.005
0.262 0.288 0.319 0.153 0.647 0.014 0.43 0.39 0.22 0.008 0.004 0.397 0.394 0.483 0.014 0.501 0.04 0.047 0.112 0.801 0.265 0.012 0.017 0.021 1 0.282 0.22 0.006 0.009 0.003 0.216 0.158 0.209 0.009 0.047 0.021 0.002 0.008 0.001 0.054 0.017 0.053 0.002 0.047 0.044 0.003 0 0.009 0.007 0.011 0.002 0.005 0.008 0.004 0.006 0.016 0.02 0.003 0.008 0.008 0.004 0.003 0.002 0.007 0.002 0.011 0.016
0.178 0.182 0.197 0.526 0.21 0.038 0.136 0.122 0.081 0.022 0.022 0.306 0.299 0.159 0.036 0.33 0.106 0.215 0.415 0.239 0.762 0.035 0.046 0.09 0.282 1 0.621 0.022 0.046 0.023 0.017 0.009 0.556 0.026 0.17 0 0.061 0.024 0.078 0.003 0.175 0.163 0.012 0.143 0.137 0.064 0.004 0.043 0.023 0.004 0.005 0.019 0.022 0.045 0.022 0.001 0.059 0.008 0.023 0.033 0.017 0.02 0.043 0.037 0 0.013 0.016
0.081 0.083 0.092 0.255 0.151 0.011 0.085 0.075 0.046 0.03 0.017 0.206 0.202 0.102 0.04 0.193 0.133 0.031 0.17 0.158 0.519 0.046 0.053 0.056 0.22 0.621 1 0.016 0.033 0.03 0.249 0.23 0.849 0.035 0.102 0.034 0.107 0.031 0.059 0.003 0.372 0.196 0.041 0.187 0.177 0.111 0.001 0.032 0.03 0.029 0.042 0.014 0.03 0.026 0.053 0 0.12 0.051 0.027 0.024 0.032 0.015 0.112 0.028 0 0.019 0.054
0.002 0.002 0.002 0.022 0.002 0.001 0.001 0.001 0 0.001 0.014 0.002 0.002 0.001 0.001 0.001 0.004 0.009 0.016 0.005 0.023 0.001 0.002 0 0.006 0.022 0.016 1 0.001 0.001 0.005 0.005 0.021 0.001 0.098 0.015 0.005 0.001 0.001 0.014 0.04 0.01 0.008 0.005 0.005 0.006 0 0.001 0.001 0.001 0.008 0.333 0.001 0.001 0.003 0.002 0.005 0.008 0.001 0.489 0.001 0 0.007 0.001 0.001 0.001 0.001
0.04 0.05 0.048 0.017 0.008 0.274 0.004 0.004 0.002 0 0.001 0.068 0.07 0.005 0.002 0.029 0.003 0.013 0.019 0.008 0.029 0.002 0.002 0.371 0.009 0.046 0.033 0.001 1 0.001 0.008 0.007 0.031 0.001 0.006 0.047 0.008 0.001 0.349 0.001 0.017 0.015 0.052 0.007 0.007 0.009 0.024 0.388 0.001 0.001 0.047 0.001 0.001 0.399 0 0.002 0.001 0.039 0.001 0.001 0.002 0 0.002 0.264 0.026 0.001 0.002
0.005 0.008 0.014 0.032 0.007 0.002 0.004 0.004 0.002 0.001 0 0.004 0.014 0.001 0.002 0.006 0.005 0.053 0.025 0.003 0.015 0.001 0.002 0.003 0.003 0.023 0.03 0.001 0.001 1 0.007 0.007 0.034 0.001 0.007 0.011 0.003 0.001 0.002 0.013 0.011 0.009 0.006 0.002 0.002 0.004 0.001 0.001 0.001 0.001 0.006 0.001 0 0.001 0 0.002 0.003 0.006 0.001 0 0.002 0 0.004 0.001 0.001 0.001 0.002
0.023 0.022 0.033 0 0.136 0.013 0.185 0.151 0.055 0.008 0.004 0.061 0.061 0.218 0.013 0.059 0.04 0.049 0.004 0.138 0.01 0.012 0.016 0.02 0.216 0.017 0.249 0.005 0.008 0.007 1 0.887 0.219 0.009 0.055 0.302 0.052 0.126 0.002 0.236 0.247 0.024 0.04 0.049 0.045 0.056 0.001 0.009 0.007 0.006 0.039 0.005 0.007 0.008 0.01 0.015 0.019 0.044 0.005 0.008 0.003 0.004 0.029 0.007 0.008 0.008 0.012
0.01 0.018 0.015 0.002 0.086 0.012 0.2 0.164 0.058 0.007 0.004 0.036 0.036 0.139 0.012 0.033 0.037 0.062 0.009 0.089 0.003 0.011 0.015 0.014 0.158 0.009 0.23 0.005 0.007 0.007 0.887 1 0.202 0.008 0.05 0.275 0.048 0.14 0.009 0.199 0.286 0.019 0.067 0.044 0.041 0.054 0 0.004 0.006 0.005 0.065 0.005 0.007 0.003 0.023 0.014 0.047 0.068 0.005 0.007 0.012 0.003 0.059 0.002 0.007 0.008 0.01
0.079 0.069 0.076 0.326 0.128 0.008 0.086 0.077 0.054 0.034 0.015 0.187 0.185 0.101 0.055 0.175 0.163 0.047 0.226 0.149 0.462 0.005 0.07 0.047 0.209 0.556 0.849 0.021 0.031 0.034 0.219 0.202 1 0.04 0.208 0.016 0.121 0.027 0.051 0 0.464 0.242 0.054 0.225 0.213 0.128 0.001 0.028 0.034 0.034 0.055 0.019 0.027 0.023 0.071 0.038 0.151 0.066 0.031 0.027 0.037 0.013 0.131 0.025 0 0.027 0.061
0.019 0.016 0.016 0.036 0.008 0.002 0.005 0.004 0.002 0.001 0.001 0.015 0.016 0.005 0.002 0.013 0.006 0.079 0.039 0.008 0.013 0.002 0.002 0.003 0.009 0.026 0.035 0.001 0.001 0.001 0.009 0.008 0.04 1 0.007 0.022 0.006 0.001 0.002 0.015 0.015 0.04 0.008 0.004 0.003 0.002 0.001 0 0.001 0.002 0.008 0.001 0.001 0.001 0.002 0 0.005 0.011 0.001 0.001 0.002 0.001 0.006 0.001 0.001 0.03 0.002
0.015 0.037 0.039 0.216 0.038 0.011 0.016 0.014 0.003 0.008 0.069 0.022 0.022 0.013 0.01 0.022 0.033 0.084 0.15 0.043 0.178 0.056 0.013 0 0.047 0.17 0.102 0.098 0.006 0.007 0.055 0.05 0.208 0.007 1 0.153 0.04 0.008 0.013 0.117 0.36 0.089 0.064 0.047 0.046 0.048 0.001 0.006 0.007 0.01 0.068 0.084 0.007 0.007 0.025 0.222 0.055 0.069 0.009 0.136 0.011 0.063 0.055 0.006 0.001 0.002 0.014
0.059 0.069 0.078 0.001 0.018 0.027 0.043 0.033 0.007 0.049 0.011 0.026 0.027 0.052 0.075 0.029 0.222 0.01 0.075 0.013 0.005 0.03 0.078 0.033 0.021 0 0.034 0.015 0.047 0.011 0.302 0.275 0.016 0.022 0.153 1 0.186 0.048 0.084 0.453 0.007 0.097 0.264 0.223 0.209 0.132 0.001 0.047 0.049 0.007 0.178 0.014 0.017 0.039 0.073 0.043 0.161 0.187 0.026 0.023 0.039 0.01 0.147 0.04 0.006 0.027 0.018
0.007 0.013 0.011 0.007 0.002 0.007 0.003 0.004 0.011 0.113 0.004 0.017 0.017 0.001 0.227 0.005 0.649 0.066 0.138 0.003 0.056 0.011 0.25 0.013 0.002 0.061 0.107 0.005 0.008 0.003 0.052 0.048 0.121 0.006 0.04 0.186 1 0.008 0.013 0.197 0.128 0.051 0.623 0.719 0.679 0.832 0.008 0.008 0.135 0.037 0.483 0.005 0.007 0.003 0.201 0.016 0.411 0.54 0.092 0.008 0.099 0.003 0.626 0.006 0.007 0.01 0.094
0.009 0.014 0.015 0.033 0.007 0.002 0.004 0.004 0.002 0.001 0.001 0.012 0.011 0.005 0.002 0.012 0.005 0.08 0.043 0.008 0.022 0 0.002 0.003 0.008 0.024 0.031 0.001 0.001 0.001 0.126 0.14 0.027 0.001 0.008 0.048 0.008 1 0.002 0.02 0.038 0.01 0.011 0.007 0.007 0.009 0.001 0.001 0.001 0.001 0.01 0.001 0.001 0.001 0.004 0.002 0.008 0.012 0.001 0.001 0.002 0 0.01 0.001 0.001 0.001 0.002
0.051 0.032 0.061 0.021 0.002 0.16 0.007 0.007 0.003 0.001 0.001 0.08 0.081 0.01 0.003 0.05 0.006 0.023 0.037 0.002 0.036 0.003 0.004 0.323 0.001 0.078 0.059 0.001 0.349 0.002 0.002 0.009 0.051 0.002 0.013 0.084 0.013 0.002 1 0.002 0.034 0.025 0.167 0.012 0.012 0.013 0.002 0.561 0.002 0.002 0.151 0.001 0.002 0.418 0.003 0.004 0.014 0.125 0.002 0.002 0.002 0.001 0.004 0.459 0.002 0.003 0.004
0.023 0.029 0.035 0.005 0.036 0.019 0.108 0.093 0.036 0.023 0.01 0.008 0.006 0.113 0.046 0.011 0.139 0.003 0.062 0.041 0.013 0.02 0.045 0.015 0.054 0.003 0.003 0.014 0.001 0.013 0.236 0.199 0 0.015 0.117 0.453 0.197 0.02 0.002 1 0.004 0.058 0.197 0.195 0.198 0.201 0.008 0.001 0.039 0.032 0.192 0.013 0.008 0 0.076 0.042 0.163 0.183 0.019 0.02 0.047 0.005 0.242 0.007 0.02 0.023 0.043
0 0.003 0.004 0.13 0.008 0.029 0.057 0.045 0.015 0.019 0.028 0.003 0.003 0.037 0.028 0.003 0.087 0.006 0.074 0.009 0.161 0.013 0.035 0.008 0.017 0.175 0.372 0.04 0.017 0.011 0.247 0.286 0.464 0.015 0.36 0.007 0.128 0.038 0.034 0.004 1 0.136 0.194 0.119 0.114 0.148 0.001 0.021 0.017 0.022 0.204 0.037 0.018 0.018 0.063 0.121 0.136 0.206 0.021 0.054 0.029 0.026 0.168 0.015 0.009 0.011 0.035
0.047 0.035 0.034 0.129 0.027 0.002 0.035 0.034 0.027 0.008 0.007 0.047 0.038 0.034 0.022 0.054 0.031 0.122 0.026 0.037 0.152 0.003 0.019 0.026 0.053 0.163 0.196 0.01 0.015 0.009 0.024 0.019 0.242 0.04 0.089 0.097 0.051 0.01 0.025 0.058 0.136 1 0.097 0.045 0.042 0.06 0 0.013 0 0.005 0.048 0.01 0.044 0.015 0.011 0.029 0.016 0.053 0.001 0.014 0.006 0.007 0.034 0.012 0.003 0.058 0
0.03 0.029 0.038 0.001 0.002 0.016 0 0 0.006 0.081 0.005 0 0 0.003 0.149 0.001 0.447 0.063 0.077 0.002 0.021 0.015 0.162 0.035 0.002 0.012 0.041 0.008 0.052 0.006 0.04 0.067 0.054 0.008 0.064 0.264 0.623 0.011 0.167 0.197 0.194 0.097 1 0.612 0.582 0.677 0.012 0.095 0.094 0.019 0.781 0.007 0.011 0.08 0.215 0.024 0.504 0.801 0.059 0.011 0.151 0.005 0.636 0.079 0.011 0.015 0.061
0 0 0 0.035 0.032 0.007 0.022 0.02 0.012 0.129 0.003 0.067 0.066 0.025 0.245 0.04 0.717 0.029 0.23 0.044 0.126 0.009 0.27 0.012 0.047 0.143 0.187 0.005 0.007 0.002 0.049 0.044 0.225 0.004 0.047 0.223 0.719 0.007 0.012 0.195 0.119 0.045 0.612 1 0.951 0.771 0.007 0.008 0.154 0.041 0.457 0.004 0.006 0.003 0.273 0.014 0.614 0.504 0.104 0.007 0.193 0.003 0.645 0.006 0.007 0.009 0.115
0 0 0 0.034 0.031 0.006 0.021 0.019 0.012 0.127 0.003 0.065 0.063 0.024 0.238 0.039 0.694 0.026 0.229 0.041 0.122 0.009 0.242 0.012 0.044 0.137 0.177 0.005 0.007 0.002 0.045 0.041 0.213 0.003 0.046 0.209 0.679 0.007 0.012 0.198 0.114 0.042 0.582 0.951 1 0.739 0.007 0.007 0.161 0.046 0.464 0.004 0.006 0.003 0.246 0.014 0.582 0.482 0.113 0.007 0.202 0.003 0.618 0.005 0.007 0.009 0.124
0.005 0.009 0.007 0.012 0.002 0.009 0.002 0.004 0.013 0.082 0.004 0.02 0.02 0.001 0.196 0.006 0.546 0.034 0.151 0.003 0.058 0.012 0.215 0.016 0.003 0.064 0.111 0.006 0.009 0.004 0.056 0.054 0.128 0.002 0.048 0.132 0.832 0.009 0.013 0.201 0.148 0.06 0.677 0.771 0.739 1 0.009 0.009 0.123 0.037 0.549 0.005 0.008 0.004 0.22 0.018 0.479 0.596 0.074 0.009 0.153 0.004 0.684 0.007 0.009 0.012 0.09
0.009 0.014 0.013 0.005 0.003 0.012 0 0.004 0.002 0.001 0.021 0.015 0.015 0 0.002 0.02 0.006 0 0.002 0.003 0.008 0 0.002 0.023 0 0.004 0.001 0 0.024 0.001 0.001 0 0.001 0.001 0.001 0.001 0.008 0.001 0.002 0.008 0.001 0 0.012 0.007 0.007 0.009 1 0.001 0.001 0.001 0.013 0.001 0.001 0.001 0.004 0.002 0.008 0.013 0.001 0 0.002 0.001 0.01 0.001 0.669 0.037 0.002
0.014 0.018 0.017 0.003 0.008 0.124 0.005 0.004 0.002 0 0.001 0.029 0.03 0.005 0.002 0.007 0.003 0.01 0.016 0.009 0.008 0.002 0.002 0.356 0.009 0.043 0.032 0.001 0.388 0.001 0.009 0.004 0.028 0 0.006 0.047 0.008 0.001 0.561 0.001 0.021 0.013 0.095 0.008 0.007 0.009 0.001 1 0.001 0.002 0.09 0.001 0.001 0.688 0.004 0.002 0.009 0.083 0.001 0.001 0.002 0.001 0.011 0.75 0.001 0.002 0.002
0.049 0.061 0.059 0.024 0.003 0.002 0.004 0.004 0.002 0 0.001 0.014 0.008 0.005 0.002 0.012 0.147 0.011 0.031 0.008 0.023 0.002 0.002 0.003 0.007 0.023 0.03 0.001 0.001 0.001 0.007 0.006 0.034 0.001 0.007 0.049 0.135 0.001 0.002 0.039 0.017 0 0.094 0.154 0.161 0.123 0.001 0.001 1 0 0.072 0.001 0.001 0.001 0.004 0.002 0.134 0.078 0 0.001 0.297 0 0.088 0.001 0.001 0.001 0.001
0.009 0.006 0.007 0.002 0.006 0.001 0.002 0.002 0.002 0.262 0.001 0.009 0.01 0.006 0.001 0.015 0.041 0.002 0.011 0.01 0.025 0.002 0.001 0.003 0.011 0.004 0.029 0.001 0.001 0.001 0.006 0.005 0.034 0.002 0.01 0.007 0.037 0.001 0.002 0.032 0.022 0.005 0.019 0.041 0.046 0.037 0.001 0.002 0 1 0.098 0.001 0.001 0.001 0.005 0.003 0.108 0.085 0.155 0.001 0.001 0.001 0.1 0.001 0.001 0.002 0.536
0.029 0.029 0.038 0 0.003 0.021 0 0 0.003 0.076 0.006 0 0 0.004 0.12 0 0.331 0.055 0.051 0.002 0.024 0.016 0.08 0.029 0.002 0.005 0.042 0.008 0.047 0.006 0.039 0.065 0.055 0.008 0.068 0.178 0.483 0.01 0.151 0.192 0.204 0.048 0.781 0.457 0.464 0.549 0.013 0.09 0.072 0.098 1 0.008 0.011 0.076 0.201 0.025 0.588 0.856 0.107 0.012 0.126 0.005 0.682 0.075 0.012 0.016 0.171
0 0.007 0.007 0.02 0.005 0.001 0.003 0.002 0.001 0.001 0.001 0.007 0 0.003 0.001 0.006 0.004 0.008 0.015 0.005 0.021 0.001 0.001 0 0.005 0.019 0.014 0.333 0.001 0.001 0.005 0.005 0.019 0.001 0.084 0.014 0.005 0.001 0.001 0.013 0.037 0.01 0.007 0.004 0.004 0.005 0.001 0.001 0.001 0.001 0.008 1 0.001 0.001 0.002 0.001 0.005 0.008 0.001 0.415 0.001 0 0.006 0.001 0.001 0.001 0.001
0.005 0.011 0.004 0.015 0.001 0.002 0.004 0.004 0.002 0.001 0 0.002 0 0.004 0.002 0.003 0.005 0 0.002 0.001 0.01 0.086 0.002 0.003 0.008 0.022 0.03 0.001 0.001 0 0.007 0.007 0.027 0.001 0.007 0.017 0.007 0.001 0.002 0.008 0.018 0.044 0.011 0.006 0.006 0.008 0.001 0.001 0.001 0.001 0.011 0.001 1 0.001 0.003 0.002 0.007 0.011 0.001 0.001 0.002 0 0.009 0.001 0.001 0.001 0.002
0.023 0.028 0.027 0.007 0.007 0.163 0.004 0.004 0.002 0 0.001 0.053 0.054 0.005 0.002 0.019 0.002 0.012 0.018 0.004 0.022 0.002 0.002 0.302 0.004 0.045 0.026 0.001 0.399 0.001 0.008 0.003 0.023 0.001 0.007 0.039 0.003 0.001 0.418 0 0.018 0.015 0.08 0.003 0.003 0.004 0.001 0.688 0.001 0.001 0.076 0.001 0.001 1 0.001 0.002 0.004 0.07 0.001 0.001 0 0 0.005 0.5 0.001 0.001 0.002
0.015 0.016 0.012 0.021 0.01 0.001 0.014 0.013 0.007 0.002 0.002 0.012 0.013 0.001 0.446 0.002 0.235 0.023 0.049 0.005 0.034 0.004 0.501 0.004 0.006 0.022 0.053 0.003 0 0 0.01 0.023 0.071 0.002 0.025 0.073 0.201 0.004 0.003 0.076 0.063 0.011 0.215 0.273 0.246 0.22 0.004 0.004 0.004 0.005 0.201 0.002 0.003 0.001 1 0.008 0.264 0.279 0.004 0.004 0.004 0.002 0.329 0.003 0.004 0.005 0.01
0.012 0.029 0.03 0.041 0.014 0.004 0.008 0.007 0.004 0.002 0.001 0.015 0.027 0.009 0.004 0.024 0.012 0.018 0.039 0.015 0.002 0.197 0.005 0.006 0.016 0.001 0 0.002 0.002 0.002 0.015 0.014 0.038 0 0.222 0.043 0.016 0.002 0.004 0.042 0.121 0.029 0.024 0.014 0.014 0.018 0.002 0.002 0.002 0.003 0.025 0.001 0.002 0.002 0.008 1 0.017 0.025 0.003 0.002 0.004 0.001 0.02 0.002 0.002 0.001 0.004
0.005 0.003 0.007 0.002 0.01 0 0.026 0.023 0.014 0.073 0.004 0.021 0.021 0.004 0.116 0.02 0.397 0.029 0.106 0.017 0.072 0.011 0.093 0.003 0.02 0.059 0.12 0.005 0.001 0.003 0.019 0.047 0.151 0.005 0.055 0.161 0.411 0.008 0.014 0.163 0.136 0.016 0.504 0.614 0.582 0.479 0.008 0.009 0.134 0.108 0.588 0.005 0.007 0.004 0.264 0.017 1 0.557 0.157 0.008 0.216 0.004 0.71 0.007 0.008 0.011 0.206
0.017 0.023 0.03 0 0.002 0.014 0 0 0.003 0.065 0.006 0 0 0.003 0.141 0 0.404 0.058 0.056 0.003 0.03 0.016 0.153 0.022 0.003 0.008 0.051 0.008 0.039 0.006 0.044 0.068 0.066 0.011 0.069 0.187 0.54 0.012 0.125 0.183 0.206 0.053 0.801 0.504 0.482 0.596 0.013 0.083 0.078 0.085 0.856 0.008 0.011 0.07 0.279 0.025 0.557 1 0.106 0.012 0.143 0.005 0.709 0.069 0.012 0.013 0.156
0.002 0.004 0.003 0 0.004 0.001 0.001 0.002 0.002 0.105 0.001 0.007 0.008 0.004 0.001 0.013 0.109 0.002 0.037 0.008 0.022 0.002 0.001 0.003 0.008 0.023 0.027 0.001 0.001 0.001 0.005 0.005 0.031 0.001 0.009 0.026 0.092 0.001 0.002 0.019 0.021 0.001 0.059 0.104 0.113 0.074 0.001 0.001 0 0.155 0.107 0.001 0.001 0.001 0.004 0.003 0.157 0.106 1 0.001 0.002 0.001 0.109 0.001 0.001 0.002 0.447
0.001 0.006 0.007 0.029 0.005 0.002 0.002 0.002 0 0.001 0.006 0.006 0.001 0.002 0.002 0.005 0.006 0.01 0.021 0.008 0.035 0 0.002 0 0.008 0.033 0.024 0.489 0.001 0 0.008 0.007 0.027 0.001 0.136 0.023 0.008 0.001 0.002 0.02 0.054 0.014 0.011 0.007 0.007 0.009 0 0.001 0.001 0.001 0.012 0.415 0.001 0.001 0.004 0.002 0.008 0.012 0.001 1 0.002 0 0.01 0.001 0.001 0.001 0.002
0.027 0.021 0.035 0.005 0 0 0.007 0.006 0.003 0.005 0.001 0.005 0.004 0.001 0.003 0.003 0.087 0.003 0.026 0.003 0.015 0.003 0.004 0.001 0.004 0.017 0.032 0.001 0.002 0.002 0.003 0.012 0.037 0.002 0.011 0.039 0.099 0.002 0.002 0.047 0.029 0.006 0.151 0.193 0.202 0.153 0.002 0.002 0.297 0.001 0.126 0.001 0.002 0 0.004 0.004 0.216 0.143 0.002 0.002 1 0.001 0.161 0.001 0.002 0.002 0.002
0 0.006 0.006 0.011 0.003 0.001 0.002 0.002 0.001 0 0 0.006 0.005 0.002 0 0.005 0.001 0.006 0.008 0.003 0.017 0.001 0 0.001 0.003 0.02 0.015 0 0 0 0.004 0.003 0.013 0.001 0.063 0.01 0.003 0 0.001 0.005 0.026 0.007 0.005 0.003 0.003 0.004 0.001 0.001 0 0.001 0.005 0 0 0 0.002 0.001 0.004 0.005 0.001 0 0.001 1 0.004 0 0 0.001 0.001
0.006 0.005 0.01 0.004 0.002 0 0.001 0 0 0.079 0.005 0.01 0.01 0.002 0.161 0.003 0.455 0.04 0.108 0.002 0.059 0.013 0.178 0.009 0.002 0.043 0.112 0.007 0.002 0.004 0.029 0.059 0.131 0.006 0.055 0.147 0.626 0.01 0.004 0.242 0.168 0.034 0.636 0.645 0.618 0.684 0.01 0.011 0.088 0.1 0.682 0.006 0.009 0.005 0.329 0.02 0.71 0.709 0.109 0.01 0.161 0.004 1 0.008 0.01 0.013 0.196
0.006 0.01 0.009 0.001 0.006 0.155 0.003 0.003 0.002 0 0 0.019 0.021 0.004 0.001 0.013 0.002 0.01 0.014 0.006 0.003 0.001 0.002 0.291 0.007 0.037 0.028 0.001 0.264 0.001 0.007 0.002 0.025 0.001 0.006 0.04 0.006 0.001 0.459 0.007 0.015 0.012 0.079 0.006 0.005 0.007 0.001 0.75 0.001 0.001 0.075 0.001 0.001 0.5 0.003 0.002 0.007 0.069 0.001 0.001 0.001 0 0.008 1 0.001 0.001 0.002
0.004 0.007 0.006 0.002 0 0.023 0.004 0.004 0.002 0.001 0.022 0.008 0.008 0.005 0.002 0.012 0.005 0.002 0 0 0.003 0 0.002 0.036 0.002 0 0 0.001 0.026 0.001 0.008 0.007 0 0.001 0.001 0.006 0.007 0.001 0.002 0.02 0.009 0.003 0.011 0.007 0.007 0.009 0.669 0.001 0.001 0.001 0.012 0.001 0.001 0.001 0.004 0.002 0.008 0.012 0.001 0.001 0.002 0 0.01 0.001 1 0.058 0.002
0.005 0.003 0.003 0.014 0.006 0 0.006 0.005 0.003 0.001 0.015 0 0 0.006 0.002 0.002 0.005 0.023 0.004 0.006 0.001 0.002 0.003 0.003 0.011 0.013 0.019 0.001 0.001 0.001 0.008 0.008 0.027 0.03 0.002 0.027 0.01 0.001 0.003 0.023 0.011 0.058 0.015 0.009 0.009 0.012 0.037 0.002 0.001 0.002 0.016 0.001 0.001 0.001 0.005 0.001 0.011 0.013 0.002 0.001 0.002 0.001 0.013 0.001 0.058 1 0.003
0.001 0 0 0 0.01 0 0.004 0.004 0.004 0.202 0.001 0.017 0.018 0.009 0.002 0.023 0.119 0.006 0.031 0.015 0.042 0.003 0.002 0.005 0.016 0.016 0.054 0.001 0.002 0.002 0.012 0.01 0.061 0.002 0.014 0.018 0.094 0.002 0.004 0.043 0.035 0 0.061 0.115 0.124 0.09 0.002 0.002 0.001 0.536 0.171 0.001 0.002 0.002 0.01 0.004 0.206 0.156 0.447 0.002 0.002 0.001 0.196 0.002 0.002 0.003 1
