1 0.864 0.882 0.401 0.418 0.102 0.288 0.245 0.122 0.014 0.038 0.498 0.472 0.297 0.021 0.587 0.003 0.119 0.064 0.406 0.259 0.019 0.022 0.123 0.327 0.207 0.103 0.001 0.039 0.006 0.057 0.034 0.076 0.016 0.022 0.107 0.003 0.005 0.079 0.042 0.003 0.053 0.032 0 0 0.002 0.003 0.013 0.054 0.005 0.029 0 0.01 0.018 0.011 0.007 0.009 0.021 0 0.003 0.046 0.014 0.014 0.011 0.007 0.002 0
0.864 1 0.974 0.384 0.451 0.116 0.33 0.281 0.141 0.012 0.043 0.559 0.52 0.32 0.018 0.638 0.006 0.107 0.052 0.44 0.242 0.031 0.019 0.14 0.362 0.195 0.098 0.001 0.045 0.006 0.068 0.048 0.068 0.014 0.044 0.123 0.005 0.01 0.074 0.052 0.001 0.044 0.036 0 0 0.004 0.005 0.016 0.063 0.004 0.032 0.002 0.01 0.021 0.011 0.029 0.009 0.027 0 0.005 0.05 0.015 0.016 0.013 0.009 0.001 0
0.882 0.974 1 0.393 0.473 0.115 0.324 0.276 0.138 0.012 0.043 0.572 0.533 0.336 0.018 0.659 0.006 0.108 0.053 0.46 0.254 0.031 0.02 0.139 0.374 0.201 0.102 0.001 0.045 0.006 0.074 0.046 0.072 0.014 0.045 0.127 0.005 0.01 0.091 0.055 0.001 0.046 0.039 0 0 0.003 0.004 0.016 0.062 0.004 0.036 0.002 0.009 0.021 0.009 0.03 0.012 0.03 0 0.005 0.053 0.016 0.019 0.013 0.009 0.001 0
0.401 0.384 0.393 1 0.202 0.035 0.138 0.118 0.059 0.039 0.018 0.215 0.216 0.145 0.043 0.269 0.009 0.274 0.272 0.205 0.599 0 0.041 0.043 0.157 0.531 0.292 0.028 0.01 0.015 0.003 0 0.37 0.035 0.274 0 0.011 0.029 0.033 0.005 0.245 0.208 0.002 0.037 0.033 0.024 0 0.003 0.02 0.016 0.002 0.019 0.025 0.006 0.026 0.079 0.009 0.002 0.005 0.026 0.012 0.04 0.006 0.003 0 0.01 0.008
0.418 0.451 0.473 0.202 1 0.008 0.542 0.52 0.247 0.008 0.003 0.518 0.491 0.583 0.009 0.595 0.027 0.064 0.114 0.866 0.272 0.016 0.01 0.011 0.696 0.205 0.137 0.004 0.005 0.003 0.195 0.135 0.108 0.007 0.043 0.043 0.004 0.008 0.001 0.067 0.026 0.047 0.008 0.033 0.031 0.008 0 0.004 0.006 0.003 0.005 0.001 0.005 0.003 0.012 0.013 0.017 0.004 0.002 0.002 0.005 0.008 0.004 0.003 0 0.004 0.004
0.102 0.116 0.115 0.035 0.008 1 0.005 0.004 0.002 0.002 0.001 0.125 0.116 0.006 0.002 0.135 0.007 0.008 0.019 0.009 0.052 0.004 0.002 0.601 0.009 0.053 0.026 0.001 0.417 0.001 0.01 0.009 0.017 0.002 0.012 0.036 0.005 0.001 0.454 0.015 0.028 0.01 0.064 0.006 0.006 0.008 0.006 0.182 0.002 0 0.033 0.001 0.002 0.212 0 0.004 0.008 0.028 0 0.001 0 0.002 0.005 0.159 0.009 0 0
0.288 0.33 0.324 0.138 0.542 0.005 1 0.851 0.426 0.005 0.002 0.338 0.313 0.789 0.006 0.386 0.016 0.041 0.072 0.568 0.178 0.01 0.006 0.007 0.546 0.169 0.11 0.002 0.003 0.002 0.266 0.248 0.095 0.004 0.024 0.08 0 0.005 0.006 0.138 0.09 0.044 0.006 0.021 0.02 0.001 0.003 0.002 0.005 0.001 0.003 0.001 0.005 0.002 0.014 0.007 0.025 0.003 0.001 0.001 0.005 0.005 0.003 0.002 0.002 0.005 0.002
0.245 0.281 0.276 0.118 0.52 0.004 0.851 1 0.5 0.005 0.002 0.287 0.266 0.67 0.005 0.327 0.013 0.035 0.061 0.482 0.151 0.009 0.005 0.006 0.462 0.142 0.092 0.002 0.003 0.002 0.204 0.183 0.08 0.004 0.019 0.059 0.001 0.004 0.005 0.109 0.068 0.05 0.003 0.018 0.017 0 0.002 0.002 0.004 0.001 0.001 0 0.004 0.002 0.013 0.006 0.021 0.001 0 0 0.005 0.004 0.001 0.002 0.002 0.004 0.001
0.122 0.141 0.138 0.059 0.247 0.002 0.426 0.5 1 0.002 0.001 0.15 0.139 0.393 0.003 0.171 0.009 0.018 0.033 0.248 0.08 0.004 0.003 0.003 0.24 0.079 0.049 0.001 0.001 0.001 0.125 0.093 0.047 0.002 0.009 0.037 0 0.002 0.002 0.049 0.043 0.026 0.002 0.011 0.01 0.001 0.001 0.001 0.002 0.002 0.002 0.001 0.002 0.001 0.006 0.005 0.013 0.002 0.001 0 0.002 0.002 0.004 0.001 0.001 0.002 0.002
0.014 0.012 0.012 0.039 0.008 0.002 0.005 0.005 0.002 1 0.001 0.003 0.002 0.006 0.002 0.011 0.21 0.015 0.048 0.009 0.029 0.004 0.002 0.003 0.002 0.024 0.035 0.001 0 0.001 0.011 0.01 0.043 0.002 0.012 0.064 0.103 0.002 0 0.043 0.029 0.007 0.107 0.143 0.093 0.11 0.001 0.001 0 0.394 0.082 0.001 0.002 0.001 0.01 0.004 0.079 0.084 0.059 0.001 0.001 0.002 0.079 0.001 0.001 0.002 0.177
0.038 0.043 0.043 0.018 0.003 0.001 0.002 0.002 0.001 0.001 1 0.046 0.043 0.002 0.001 0.053 0.003 0.005 0.01 0.003 0.025 0.001 0.001 0.258 0.003 0.024 0.017 0.047 0 0 0.004 0.004 0.014 0.001 0.058 0.011 0.003 0.001 0.001 0.008 0.017 0.008 0.005 0.003 0.003 0.004 0.021 0 0.001 0.001 0.005 0.002 0.001 0 0.002 0.001 0.004 0.005 0 0 0.001 0.001 0.004 0 0.027 0.01 0.001
0.498 0.559 0.572 0.215 0.518 0.125 0.338 0.287 0.15 0.003 0.046 1 0.909 0.374 0.007 0.803 0.028 0.067 0.118 0.566 0.333 0.028 0.008 0.164 0.441 0.274 0.21 0 0.06 0.006 0.139 0.103 0.165 0.013 0.033 0.085 0.013 0.009 0.099 0.04 0.015 0.076 0.001 0.04 0.05 0.016 0.007 0.022 0.014 0.01 0.001 0.002 0.01 0.036 0.002 0.022 0.007 0 0.007 0.005 0.008 0.014 0.001 0.018 0.012 0 0.01
0.472 0.52 0.533 0.216 0.491 0.116 0.313 0.266 0.139 0.002 0.043 0.909 1 0.347 0.008 0.75 0.029 0.069 0.121 0.528 0.326 0.021 0.009 0.151 0.412 0.275 0.215 0.001 0.066 0.006 0.13 0.097 0.173 0.014 0.024 0.078 0.014 0.006 0.101 0.036 0.019 0.075 0.001 0.042 0.053 0.019 0.006 0.027 0.013 0.011 0.001 0 0.007 0.042 0.003 0.025 0.009 0 0.008 0.002 0.007 0.003 0.001 0.025 0.01 0 0.011
0.297 0.32 0.336 0.145 0.583 0.006 0.789 0.67 0.393 0.006 0.002 0.374 0.347 1 0.006 0.435 0.022 0.045 0.084 0.627 0.203 0.011 0.007 0.008 0.603 0.19 0.126 0.002 0.003 0.001 0.302 0.213 0.109 0.005 0.024 0.089 0 0.005 0.003 0.142 0.072 0.047 0.001 0.026 0.024 0.001 0.003 0.003 0.006 0.005 0 0.001 0.005 0.002 0.005 0.008 0.01 0 0.004 0.001 0.004 0.006 0 0.002 0.003 0.005 0.005
0.021 0.018 0.018 0.043 0.009 0.002 0.006 0.005 0.003 0.002 0.001 0.007 0.008 0.006 1 0.015 0.296 0.017 0.077 0.01 0.032 0.004 0.92 0.003 0.01 0.028 0.031 0.001 0.001 0.001 0.013 0.011 0.049 0.002 0.01 0.064 0.254 0.002 0.002 0.028 0.027 0.024 0.146 0.209 0.207 0.174 0.001 0.001 0.002 0 0.115 0.001 0.002 0.001 0.353 0.004 0.143 0.156 0 0.001 0.002 0 0.158 0.001 0.001 0.002 0
0.587 0.638 0.659 0.269 0.595 0.135 0.386 0.327 0.171 0.011 0.053 0.803 0.75 0.435 0.015 1 0.044 0.089 0.167 0.671 0.416 0.025 0.013 0.176 0.533 0.338 0.206 0 0.059 0.004 0.11 0.075 0.163 0.008 0.029 0.057 0.011 0.012 0.104 0.026 0.011 0.068 0 0.049 0.047 0.02 0.009 0.019 0.013 0.011 0 0.001 0.009 0.032 0.007 0.023 0.013 0 0.008 0.004 0.006 0.013 0.002 0.017 0.015 0 0.011
0.003 0.006 0.006 0.009 0.027 0.007 0.016 0.013 0.009 0.21 0.003 0.028 0.029 0.022 0.296 0.044 1 0.057 0.258 0.034 0.099 0.014 0.309 0.01 0.023 0.096 0.123 0.004 0.001 0.003 0.04 0.038 0.158 0.007 0.041 0.215 0.552 0.001 0.002 0.116 0.094 0.021 0.469 0.644 0.573 0.522 0.002 0 0.155 0.083 0.39 0.003 0.006 0 0.208 0.015 0.459 0.457 0.079 0.004 0.128 0.004 0.44 0 0.001 0.005 0.134
0.119 0.107 0.108 0.274 0.064 0.008 0.041 0.035 0.018 0.015 0.005 0.067 0.069 0.045 0.017 0.089 0.057 1 0.457 0.068 0.211 0.029 0.016 0.021 0.045 0.178 0.018 0.008 0.009 0.045 0.052 0.068 0.036 0.092 0.077 0.001 0.048 0.076 0.016 0 0.009 0.113 0.037 0.015 0.011 0.022 0.003 0.003 0.014 0.004 0.026 0.006 0.009 0.006 0.005 0.02 0.019 0.036 0.002 0.007 0.014 0.014 0.025 0.005 0.001 0.003 0.003
0.064 0.052 0.053 0.272 0.114 0.019 0.072 0.061 0.033 0.048 0.01 0.118 0.121 0.084 0.077 0.167 0.258 0.457 1 0.13 0.392 0.054 0.083 0.039 0.086 0.346 0.129 0.015 0.01 0.023 0.004 0.01 0.195 0.033 0.15 0.112 0.138 0.05 0.022 0.073 0.087 0.029 0.123 0.248 0.231 0.173 0 0.003 0.032 0.024 0.113 0.011 0.02 0.006 0.082 0.045 0.157 0.112 0.027 0.014 0.023 0.023 0.134 0.004 0 0 0.048
0.406 0.44 0.46 0.205 0.866 0.009 0.568 0.482 0.248 0.009 0.003 0.566 0.528 0.627 0.01 0.671 0.034 0.068 0.13 1 0.306 0.017 0.011 0.012 0.808 0.234 0.151 0.005 0.005 0.002 0.21 0.151 0.125 0.008 0.046 0.041 0.005 0.009 0 0.073 0.029 0.045 0.01 0.041 0.038 0.011 0 0.004 0.009 0.007 0.006 0.002 0.006 0.001 0.009 0.014 0.023 0.006 0.005 0.003 0.007 0.009 0.005 0.003 0 0.005 0.007
0.259 0.242 0.254 0.599 0.272 0.052 0.178 0.151 0.08 0.029 0.025 0.333 0.326 0.203 0.032 0.416 0.099 0.211 0.392 0.306 1 0.054 0.034 0.081 0.244 0.851 0.569 0.035 0.027 0.009 0.017 0.008 0.462 0.023 0.185 0.004 0.059 0.021 0.045 0.008 0.227 0.208 0.033 0.131 0.122 0.067 0.001 0.006 0.028 0.02 0.034 0.023 0.022 0.014 0.026 0.008 0.07 0.037 0.016 0.032 0.02 0.056 0.05 0.006 0.001 0.002 0.024
0.019 0.031 0.031 0 0.016 0.004 0.01 0.009 0.004 0.004 0.001 0.028 0.021 0.011 0.004 0.025 0.014 0.029 0.054 0.017 0.054 1 0.005 0.005 0.018 0.055 0.077 0.001 0.002 0.001 0.021 0.019 0.003 0.004 0.036 0.047 0.012 0 0.004 0.022 0.003 0 0.017 0.01 0.009 0.013 0.002 0.002 0.004 0.003 0.016 0 0.217 0.002 0.003 0.124 0.011 0.015 0.002 0.001 0.004 0.004 0.013 0.001 0.002 0.004 0.003
0.022 0.019 0.02 0.041 0.01 0.002 0.006 0.005 0.003 0.002 0.001 0.008 0.009 0.007 0.92 0.013 0.309 0.016 0.083 0.011 0.034 0.005 1 0.003 0.011 0.031 0.035 0.001 0.001 0.001 0.014 0.012 0.053 0.002 0.011 0.066 0.266 0.002 0.003 0.026 0.03 0.023 0.152 0.219 0.2 0.182 0.001 0.001 0.002 0 0.102 0.001 0.002 0.001 0.372 0.005 0.141 0.163 0 0.001 0.002 0 0.166 0.001 0.001 0.002 0
0.123 0.14 0.139 0.043 0.011 0.601 0.007 0.006 0.003 0.003 0.258 0.164 0.151 0.008 0.003 0.176 0.01 0.021 0.039 0.012 0.081 0.005 0.003 1 0.013 0.086 0.054 0.007 0.352 0.001 0.016 0.013 0.04 0.003 0.001 0.018 0.008 0.003 0.387 0.021 0.006 0.026 0.043 0.01 0.01 0.013 0.026 0.204 0.003 0.002 0.02 0 0.002 0.19 0.001 0.006 0.001 0.016 0.002 0.001 0 0.003 0 0.18 0.035 0.007 0.002
0.327 0.362 0.374 0.157 0.696 0.009 0.546 0.462 0.24 0.002 0.003 0.441 0.412 0.603 0.01 0.533 0.023 0.045 0.086 0.808 0.244 0.018 0.011 0.013 1 0.278 0.189 0.005 0.005 0.002 0.275 0.206 0.16 0.008 0.048 0.073 0.002 0.009 0.001 0.115 0.045 0.068 0.006 0.031 0.028 0.006 0.002 0.004 0.009 0.007 0.006 0.002 0.008 0.001 0.003 0.015 0.023 0.003 0.006 0.003 0.008 0.009 0.006 0.003 0.001 0.009 0.008
0.207 0.195 0.201 0.531 0.205 0.053 0.169 0.142 0.079 0.024 0.024 0.274 0.275 0.19 0.028 0.338 0.096 0.178 0.346 0.234 0.851 0.055 0.031 0.086 0.278 1 0.669 0.035 0.04 0.011 0.033 0.02 0.552 0.026 0.188 0 0.062 0.028 0.07 0.002 0.26 0.248 0.026 0.135 0.126 0.068 0 0.023 0.028 0.017 0.025 0.023 0.025 0.028 0.026 0.008 0.068 0.028 0.016 0.032 0.02 0.062 0.048 0.024 0 0.004 0.021
0.103 0.098 0.102 0.292 0.137 0.026 0.11 0.092 0.049 0.035 0.017 0.21 0.215 0.126 0.031 0.206 0.123 0.018 0.129 0.151 0.569 0.077 0.035 0.054 0.189 0.669 1 0.025 0.027 0.016 0.278 0.252 0.795 0.036 0.108 0.037 0.1 0.023 0.053 0.005 0.4 0.212 0.061 0.183 0.167 0.114 0 0.015 0.04 0.027 0.055 0.016 0.035 0.015 0.039 0.001 0.107 0.061 0.021 0.022 0.034 0.044 0.089 0.017 0 0.005 0.032
0.001 0.001 0.001 0.028 0.004 0.001 0.002 0.002 0.001 0.001 0.047 0 0.001 0.002 0.001 0 0.004 0.008 0.015 0.005 0.035 0.001 0.001 0.007 0.005 0.035 0.025 1 0.001 0 0.006 0.005 0.023 0.001 0.091 0.017 0.005 0.001 0.001 0.013 0.038 0.012 0.008 0.006 0.005 0.007 0.001 0 0.001 0.001 0.008 0.205 0.001 0 0.003 0.002 0.006 0.007 0.001 0.569 0.001 0.001 0.007 0 0.001 0.001 0.001
0.039 0.045 0.045 0.01 0.005 0.417 0.003 0.003 0.001 0 0 0.06 0.066 0.003 0.001 0.059 0.001 0.009 0.01 0.005 0.027 0.002 0.001 0.352 0.005 0.04 0.027 0.001 1 0 0.007 0.006 0.023 0.001 0.007 0.037 0.005 0.001 0.372 0.005 0.017 0.013 0.052 0.006 0.005 0.007 0.02 0.181 0.001 0.001 0.035 0 0.001 0.18 0.001 0.002 0.011 0.034 0.001 0.001 0.001 0.001 0.01 0.209 0.026 0.004 0.001
0.006 0.006 0.006 0.015 0.003 0.001 0.002 0.002 0.001 0.001 0 0.006 0.006 0.001 0.001 0.004 0.003 0.045 0.023 0.002 0.009 0.001 0.001 0.001 0.002 0.011 0.016 0 0 1 0.004 0.004 0.019 0.001 0.005 0.01 0.002 0.001 0.001 0.007 0.01 0.002 0.004 0.002 0.002 0.003 0 0 0.001 0.001 0.004 0 0.001 0 0.001 0.002 0.003 0.004 0 0 0.001 0.001 0.003 0 0 0.001 0.001
0.057 0.068 0.074 0.003 0.195 0.01 0.266 0.204 0.125 0.011 0.004 0.139 0.13 0.302 0.013 0.11 0.04 0.052 0.004 0.21 0.017 0.021 0.014 0.016 0.275 0.033 0.278 0.006 0.007 0.004 1 0.894 0.23 0.01 0.069 0.335 0.045 0.109 0 0.226 0.215 0.018 0.046 0.053 0.048 0.056 0.006 0.005 0.011 0.007 0.036 0.004 0.01 0.005 0.016 0.02 0.03 0.039 0.005 0.006 0.009 0.011 0.035 0.004 0.005 0.005 0.008
0.034 0.048 0.046 0 0.135 0.009 0.248 0.183 0.093 0.01 0.004 0.103 0.097 0.213 0.011 0.075 0.038 0.068 0.01 0.151 0.008 0.019 0.012 0.013 0.206 0.02 0.252 0.005 0.006 0.004 0.894 1 0.208 0.009 0.062 0.301 0.04 0.123 0.01 0.186 0.233 0.012 0.068 0.048 0.042 0.056 0.005 0.004 0.01 0.006 0.056 0.004 0.009 0.003 0.026 0.018 0.052 0.059 0.005 0.006 0.01 0.01 0.057 0.003 0.004 0.004 0.007
0.076 0.068 0.072 0.37 0.108 0.017 0.095 0.08 0.047 0.043 0.014 0.165 0.173 0.109 0.049 0.163 0.158 0.036 0.195 0.125 0.462 0.003 0.053 0.04 0.16 0.552 0.795 0.023 0.023 0.019 0.23 0.208 1 0.046 0.226 0.012 0.124 0.017 0.044 0 0.509 0.244 0.092 0.235 0.216 0.151 0 0.012 0.048 0.033 0.083 0.015 0.01 0.012 0.061 0.06 0.149 0.091 0.025 0.021 0.042 0.039 0.123 0.014 0 0.008 0.039
0.016 0.014 0.014 0.035 0.007 0.002 0.004 0.004 0.002 0.002 0.001 0.013 0.014 0.005 0.002 0.008 0.007 0.092 0.033 0.008 0.023 0.004 0.002 0.003 0.008 0.026 0.036 0.001 0.001 0.001 0.01 0.009 0.046 1 0.008 0.022 0.003 0.002 0.002 0.005 0.025 0.031 0.001 0 0 0 0.001 0 0.002 0.001 0.001 0.001 0.002 0.001 0.001 0.003 0 0.007 0.001 0.001 0.002 0.002 0.001 0.001 0.001 0.014 0.002
0.022 0.044 0.045 0.274 0.043 0.012 0.024 0.019 0.009 0.012 0.058 0.033 0.024 0.024 0.01 0.029 0.041 0.077 0.15 0.046 0.185 0.036 0.011 0.001 0.048 0.188 0.108 0.091 0.007 0.005 0.069 0.062 0.226 0.008 1 0.189 0.04 0.012 0.013 0.128 0.388 0.127 0.079 0.059 0.055 0.066 0 0.003 0.012 0.01 0.074 0.049 0.01 0.005 0.018 0.271 0.066 0.074 0.008 0.086 0.012 0.156 0.067 0.004 0 0.001 0.01
0.107 0.123 0.127 0 0.043 0.036 0.08 0.059 0.037 0.064 0.011 0.085 0.078 0.089 0.064 0.057 0.215 0.001 0.112 0.041 0.004 0.047 0.066 0.018 0.073 0 0.037 0.017 0.037 0.01 0.335 0.301 0.012 0.022 0.189 1 0.173 0.052 0.069 0.382 0.003 0.053 0.24 0.186 0.166 0.125 0.004 0.021 0.063 0.034 0.185 0.012 0.027 0.02 0.058 0.046 0.194 0.2 0.022 0.017 0.063 0.03 0.168 0.021 0.002 0.013 0.036
0.003 0.005 0.005 0.011 0.004 0.005 0 0.001 0 0.103 0.003 0.013 0.014 0 0.254 0.011 0.552 0.048 0.138 0.005 0.059 0.012 0.266 0.008 0.002 0.062 0.1 0.005 0.005 0.002 0.045 0.04 0.124 0.003 0.04 0.173 1 0.008 0.009 0.189 0.112 0.046 0.536 0.628 0.624 0.665 0.004 0.004 0.116 0.104 0.467 0.003 0.007 0.001 0.189 0.014 0.439 0.527 0.093 0.004 0.105 0.008 0.541 0.003 0.004 0.008 0.146
0.005 0.01 0.01 0.029 0.008 0.001 0.005 0.004 0.002 0.002 0.001 0.009 0.006 0.005 0.002 0.012 0.001 0.076 0.05 0.009 0.021 0 0.002 0.003 0.009 0.028 0.023 0.001 0.001 0.001 0.109 0.123 0.017 0.002 0.012 0.052 0.008 1 0.002 0 0.003 0.049 0.014 0.01 0.009 0.012 0.001 0.001 0.002 0.002 0.008 0.001 0.002 0.001 0.005 0.004 0.011 0.011 0.001 0.001 0.002 0.002 0.012 0.001 0.001 0.001 0.002
0.079 0.074 0.091 0.033 0.001 0.454 0.006 0.005 0.002 0 0.001 0.099 0.101 0.003 0.002 0.104 0.002 0.016 0.022 0 0.045 0.004 0.003 0.387 0.001 0.07 0.053 0.001 0.372 0.001 0 0.01 0.044 0.002 0.013 0.069 0.009 0.002 1 0 0.031 0.025 0.154 0.011 0.01 0.007 0.001 0.338 0.002 0.002 0.102 0.001 0.002 0.272 0.006 0.005 0.033 0.09 0.001 0.001 0 0.002 0.026 0.312 0.001 0.002 0.002
0.042 0.052 0.055 0.005 0.067 0.015 0.138 0.109 0.049 0.043 0.008 0.04 0.036 0.142 0.028 0.026 0.116 0 0.073 0.073 0.008 0.022 0.026 0.021 0.115 0.002 0.005 0.013 0.005 0.007 0.226 0.186 0 0.005 0.128 0.382 0.189 0 0 1 0.005 0.068 0.175 0.188 0.179 0.193 0.013 0.001 0.027 0.022 0.186 0.009 0.004 0 0.068 0.05 0.152 0.168 0.019 0.013 0.019 0.019 0.196 0.001 0.01 0.014 0.055
0.003 0.001 0.001 0.245 0.026 0.028 0.09 0.068 0.043 0.029 0.017 0.015 0.019 0.072 0.027 0.011 0.094 0.009 0.087 0.029 0.227 0.003 0.03 0.006 0.045 0.26 0.4 0.038 0.017 0.01 0.215 0.233 0.509 0.025 0.388 0.003 0.112 0.003 0.031 0.005 1 0.178 0.202 0.14 0.131 0.169 0.004 0.013 0.028 0.023 0.189 0.026 0.025 0.012 0.057 0.147 0.158 0.186 0.018 0.036 0.029 0.066 0.172 0.009 0.004 0.005 0.025
0.053 0.044 0.046 0.208 0.047 0.01 0.044 0.05 0.026 0.007 0.008 0.076 0.075 0.047 0.024 0.068 0.021 0.113 0.029 0.045 0.208 0 0.023 0.026 0.068 0.248 0.212 0.012 0.013 0.002 0.018 0.012 0.244 0.031 0.127 0.053 0.046 0.049 0.025 0.068 0.178 1 0.075 0.037 0.032 0.052 0.001 0.006 0.001 0 0.053 0.008 0.046 0.009 0.049 0.035 0.039 0.055 0.003 0.009 0.002 0.022 0.048 0.008 0.002 0.016 0.009
0.032 0.036 0.039 0.002 0.008 0.064 0.006 0.003 0.002 0.107 0.005 0.001 0.001 0.001 0.146 0 0.469 0.037 0.123 0.01 0.033 0.017 0.152 0.043 0.006 0.026 0.061 0.008 0.052 0.004 0.046 0.068 0.092 0.001 0.079 0.24 0.536 0.014 0.154 0.175 0.202 0.075 1 0.694 0.641 0.694 0.008 0.05 0.14 0.055 0.826 0.005 0.012 0.048 0.321 0.03 0.724 0.835 0.057 0.008 0.143 0.013 0.77 0.048 0.006 0.013 0.099
0 0 0 0.037 0.033 0.006 0.021 0.018 0.011 0.143 0.003 0.04 0.042 0.026 0.209 0.049 0.644 0.015 0.248 0.041 0.131 0.01 0.219 0.01 0.031 0.135 0.183 0.006 0.006 0.002 0.053 0.048 0.235 0 0.059 0.186 0.628 0.01 0.011 0.188 0.14 0.037 0.694 1 0.922 0.817 0.005 0.004 0.201 0.085 0.603 0.004 0.008 0.001 0.358 0.021 0.747 0.627 0.086 0.005 0.187 0.009 0.699 0.003 0.004 0.009 0.145
0 0 0 0.033 0.031 0.006 0.02 0.017 0.01 0.093 0.003 0.05 0.053 0.024 0.207 0.047 0.573 0.011 0.231 0.038 0.122 0.009 0.2 0.01 0.028 0.126 0.167 0.005 0.005 0.002 0.048 0.042 0.216 0 0.055 0.166 0.624 0.009 0.01 0.179 0.131 0.032 0.641 0.922 1 0.763 0.005 0.004 0.215 0.098 0.591 0.003 0.008 0.001 0.286 0.019 0.691 0.58 0.1 0.005 0.201 0.009 0.648 0.003 0.004 0.008 0.164
0.002 0.004 0.003 0.024 0.008 0.008 0.001 0 0.001 0.11 0.004 0.016 0.019 0.001 0.174 0.02 0.522 0.022 0.173 0.011 0.067 0.013 0.182 0.013 0.006 0.068 0.114 0.007 0.007 0.003 0.056 0.056 0.151 0 0.066 0.125 0.665 0.012 0.007 0.193 0.169 0.052 0.694 0.817 0.763 1 0.006 0.005 0.166 0.079 0.646 0.004 0.01 0.002 0.312 0.025 0.638 0.67 0.075 0.006 0.154 0.011 0.723 0.004 0.005 0.011 0.126
0.003 0.005 0.004 0 0 0.006 0.003 0.002 0.001 0.001 0.021 0.007 0.006 0.003 0.001 0.009 0.002 0.003 0 0 0.001 0.002 0.001 0.026 0.002 0 0 0.001 0.02 0 0.006 0.005 0 0.001 0 0.004 0.004 0.001 0.001 0.013 0.004 0.001 0.008 0.005 0.005 0.006 1 0 0.001 0.001 0.007 0 0.001 0 0.003 0.002 0.006 0.007 0.001 0.002 0.001 0.001 0.006 0 0.712 0.129 0.001
0.013 0.016 0.016 0.003 0.004 0.182 0.002 0.002 0.001 0.001 0 0.022 0.027 0.003 0.001 0.019 0 0.003 0.003 0.004 0.006 0.002 0.001 0.204 0.004 0.023 0.015 0 0.181 0 0.005 0.004 0.012 0 0.003 0.021 0.004 0.001 0.338 0.001 0.013 0.006 0.05 0.004 0.004 0.005 0 1 0.001 0.001 0.053 0 0.001 0.681 0.002 0.002 0.005 0.044 0.001 0 0.001 0.001 0.005 0.773 0 0.001 0.001
0.054 0.063 0.062 0.02 0.006 0.002 0.005 0.004 0.002 0 0.001 0.014 0.013 0.006 0.002 0.013 0.155 0.014 0.032 0.009 0.028 0.004 0.002 0.003 0.009 0.028 0.04 0.001 0.001 0.001 0.011 0.01 0.048 0.002 0.012 0.063 0.116 0.002 0.002 0.027 0.028 0.001 0.14 0.201 0.215 0.166 0.001 0.001 1 0.001 0.14 0.001 0.002 0.001 0.001 0.004 0.178 0.143 0 0.001 0.582 0.002 0.142 0.001 0.001 0.002 0.001
0.005 0.004 0.004 0.016 0.003 0 0.001 0.001 0.002 0.394 0.001 0.01 0.011 0.005 0 0.011 0.083 0.004 0.024 0.007 0.02 0.003 0 0.002 0.007 0.017 0.027 0.001 0.001 0.001 0.007 0.006 0.033 0.001 0.01 0.034 0.104 0.002 0.002 0.022 0.023 0 0.055 0.085 0.098 0.079 0.001 0.001 0.001 1 0.084 0.001 0.001 0.001 0.004 0.003 0.09 0.056 0.206 0.001 0 0.001 0.085 0.001 0.001 0.001 0.446
0.029 0.032 0.036 0.002 0.005 0.033 0.003 0.001 0.002 0.082 0.005 0.001 0.001 0 0.115 0 0.39 0.026 0.113 0.006 0.034 0.016 0.102 0.02 0.006 0.025 0.055 0.008 0.035 0.004 0.036 0.056 0.083 0.001 0.074 0.185 0.467 0.008 0.102 0.186 0.189 0.053 0.826 0.603 0.591 0.646 0.007 0.053 0.14 0.084 1 0.005 0.011 0.051 0.24 0.028 0.716 0.841 0.098 0.007 0.144 0.012 0.777 0.051 0.006 0.012 0.131
0 0.002 0.002 0.019 0.001 0.001 0.001 0 0.001 0.001 0.002 0.002 0 0.001 0.001 0.001 0.003 0.006 0.011 0.002 0.023 0 0.001 0 0.002 0.023 0.016 0.205 0 0 0.004 0.004 0.015 0.001 0.049 0.012 0.003 0.001 0.001 0.009 0.026 0.008 0.005 0.004 0.003 0.004 0 0 0.001 0.001 0.005 1 0.001 0 0.002 0.002 0.004 0.005 0 0.358 0.001 0.001 0.004 0 0 0.001 0.001
0.01 0.01 0.009 0.025 0.005 0.002 0.005 0.004 0.002 0.002 0.001 0.01 0.007 0.005 0.002 0.009 0.006 0.009 0.02 0.006 0.022 0.217 0.002 0.002 0.008 0.025 0.035 0.001 0.001 0.001 0.01 0.009 0.01 0.002 0.01 0.027 0.007 0.002 0.002 0.004 0.025 0.046 0.012 0.008 0.008 0.01 0.001 0.001 0.002 0.001 0.011 0.001 1 0.001 0.005 0.004 0.009 0.011 0.001 0.001 0.002 0.002 0.01 0.001 0.001 0.002 0.001
0.018 0.021 0.021 0.006 0.003 0.212 0.002 0.002 0.001 0.001 0 0.036 0.042 0.002 0.001 0.032 0 0.006 0.006 0.001 0.014 0.002 0.001 0.19 0.001 0.028 0.015 0 0.18 0 0.005 0.003 0.012 0.001 0.005 0.02 0.001 0.001 0.272 0 0.012 0.009 0.048 0.001 0.001 0.002 0 0.681 0.001 0.001 0.051 0 0.001 1 0 0.002 0.002 0.042 0.001 0 0 0.001 0.002 0.595 0 0.001 0.001
0.011 0.011 0.009 0.026 0.012 0 0.014 0.013 0.006 0.01 0.002 0.002 0.003 0.005 0.353 0.007 0.208 0.005 0.082 0.009 0.026 0.003 0.372 0.001 0.003 0.026 0.039 0.003 0.001 0.001 0.016 0.026 0.061 0.001 0.018 0.058 0.189 0.005 0.006 0.068 0.057 0.049 0.321 0.358 0.286 0.312 0.003 0.002 0.001 0.004 0.24 0.002 0.005 0 1 0.012 0.315 0.342 0.004 0.003 0.003 0.001 0.3 0.002 0.002 0.005 0.002
0.007 0.029 0.03 0.079 0.013 0.004 0.007 0.006 0.005 0.004 0.001 0.022 0.025 0.008 0.004 0.023 0.015 0.02 0.045 0.014 0.008 0.124 0.005 0.006 0.015 0.008 0.001 0.002 0.002 0.002 0.02 0.018 0.06 0.003 0.271 0.046 0.014 0.004 0.005 0.05 0.147 0.035 0.03 0.021 0.019 0.025 0.002 0.002 0.004 0.003 0.028 0.002 0.004 0.002 0.012 1 0.023 0.028 0.003 0.002 0.004 0.004 0.025 0.001 0.002 0.001 0.004
0.009 0.009 0.012 0.009 0.017 0.008 0.025 0.021 0.013 0.079 0.004 0.007 0.009 0.01 0.143 0.013 0.459 0.019 0.157 0.023 0.07 0.011 0.141 0.001 0.023 0.068 0.107 0.006 0.011 0.003 0.03 0.052 0.149 0 0.066 0.194 0.439 0.011 0.033 0.152 0.158 0.039 0.724 0.747 0.691 0.638 0.006 0.005 0.178 0.09 0.716 0.004 0.009 0.002 0.315 0.023 1 0.68 0.117 0.006 0.182 0.01 0.832 0.004 0.005 0.01 0.142
0.021 0.027 0.03 0.002 0.004 0.028 0.003 0.001 0.002 0.084 0.005 0 0 0 0.156 0 0.457 0.036 0.112 0.006 0.037 0.015 0.163 0.016 0.003 0.028 0.061 0.007 0.034 0.004 0.039 0.059 0.091 0.007 0.074 0.2 0.527 0.011 0.09 0.168 0.186 0.055 0.835 0.627 0.58 0.67 0.007 0.044 0.143 0.056 0.841 0.005 0.011 0.042 0.342 0.028 0.68 1 0.098 0.007 0.151 0.012 0.753 0.041 0.006 0.012 0.095
0 0 0 0.005 0.002 0 0.001 0 0.001 0.059 0 0.007 0.008 0.004 0 0.008 0.079 0.002 0.027 0.005 0.016 0.002 0 0.002 0.006 0.016 0.021 0.001 0.001 0 0.005 0.005 0.025 0.001 0.008 0.022 0.093 0.001 0.001 0.019 0.018 0.003 0.057 0.086 0.1 0.075 0.001 0.001 0 0.206 0.098 0 0.001 0.001 0.004 0.003 0.117 0.098 1 0.001 0.001 0.001 0.097 0 0.001 0.001 0.427
0.003 0.005 0.005 0.026 0.002 0.001 0.001 0 0 0.001 0 0.005 0.002 0.001 0.001 0.004 0.004 0.007 0.014 0.003 0.032 0.001 0.001 0.001 0.003 0.032 0.022 0.569 0.001 0 0.006 0.006 0.021 0.001 0.086 0.017 0.004 0.001 0.001 0.013 0.036 0.009 0.008 0.005 0.005 0.006 0.002 0 0.001 0.001 0.007 0.358 0.001 0 0.003 0.002 0.006 0.007 0.001 1 0.001 0.001 0.006 0 0 0.001 0.001
0.046 0.05 0.053 0.012 0.005 0 0.005 0.005 0.002 0.001 0.001 0.008 0.007 0.004 0.002 0.006 0.128 0.014 0.023 0.007 0.02 0.004 0.002 0 0.008 0.02 0.034 0.001 0.001 0.001 0.009 0.01 0.042 0.002 0.012 0.063 0.105 0.002 0 0.019 0.029 0.002 0.143 0.187 0.201 0.154 0.001 0.001 0.582 0 0.144 0.001 0.002 0 0.003 0.004 0.182 0.151 0.001 0.001 1 0.002 0.151 0.001 0.001 0.002 0
0.014 0.015 0.016 0.04 0.008 0.002 0.005 0.004 0.002 0.002 0.001 0.014 0.003 0.006 0 0.013 0.004 0.014 0.023 0.009 0.056 0.004 0 0.003 0.009 0.062 0.044 0.001 0.001 0.001 0.011 0.01 0.039 0.002 0.156 0.03 0.008 0.002 0.002 0.019 0.066 0.022 0.013 0.009 0.009 0.011 0.001 0.001 0.002 0.001 0.012 0.001 0.002 0.001 0.001 0.004 0.01 0.012 0.001 0.001 0.002 1 0.011 0.001 0.001 0.002 0.002
0.014 0.016 0.019 0.006 0.004 0.005 0.003 0.001 0.004 0.079 0.004 0.001 0.001 0 0.158 0.002 0.44 0.025 0.134 0.005 0.05 0.013 0.166 0 0.006 0.048 0.089 0.007 0.01 0.003 0.035 0.057 0.123 0.001 0.067 0.168 0.541 0.012 0.026 0.196 0.172 0.048 0.77 0.699 0.648 0.723 0.006 0.005 0.142 0.085 0.777 0.004 0.01 0.002 0.3 0.025 0.832 0.753 0.097 0.006 0.151 0.011 1 0.004 0.005 0.011 0.141
0.011 0.013 0.013 0.003 0.003 0.159 0.002 0.002 0.001 0.001 0 0.018 0.025 0.002 0.001 0.017 0 0.005 0.004 0.003 0.006 0.001 0.001 0.18 0.003 0.024 0.017 0 0.209 0 0.004 0.003 0.014 0.001 0.004 0.021 0.003 0.001 0.312 0.001 0.009 0.008 0.048 0.003 0.003 0.004 0 0.773 0.001 0.001 0.051 0 0.001 0.595 0.002 0.001 0.004 0.041 0 0 0.001 0.001 0.004 1 0 0.001 0.001
0.007 0.009 0.009 0 0 0.009 0.002 0.002 0.001 0.001 0.027 0.012 0.01 0.003 0.001 0.015 0.001 0.001 0 0 0.001 0.002 0.001 0.035 0.001 0 0 0.001 0.026 0 0.005 0.004 0 0.001 0 0.002 0.004 0.001 0.001 0.01 0.004 0.002 0.006 0.004 0.004 0.005 0.712 0 0.001 0.001 0.006 0 0.001 0 0.002 0.002 0.005 0.006 0.001 0 0.001 0.001 0.005 0 1 0.075 0.001
0.002 0.001 0.001 0.01 0.004 0 0.005 0.004 0.002 0.002 0.01 0 0 0.005 0.002 0 0.005 0.003 0 0.005 0.002 0.004 0.002 0.007 0.009 0.004 0.005 0.001 0.004 0.001 0.005 0.004 0.008 0.014 0.001 0.013 0.008 0.001 0.002 0.014 0.005 0.016 0.013 0.009 0.008 0.011 0.129 0.001 0.002 0.001 0.012 0.001 0.002 0.001 0.005 0.001 0.01 0.012 0.001 0.001 0.002 0.002 0.011 0.001 0.075 1 0.001
0 0 0 0.008 0.004 0 0.002 0.001 0.002 0.177 0.001 0.01 0.011 0.005 0 0.011 0.134 0.003 0.048 0.007 0.024 0.003 0 0.002 0.008 0.021 0.032 0.001 0.001 0.001 0.008 0.007 0.039 0.002 0.01 0.036 0.146 0.002 0.002 0.055 0.025 0.009 0.099 0.145 0.164 0.126 0.001 0.001 0.001 0.446 0.131 0.001 0.001 0.001 0.002 0.004 0.142 0.095 0.427 0.001 0 0.002 0.141 0.001 0.001 0.001 1
