1 0.867 0.883 0.452 0.31 0.163 0.219 0.19 0.102 0.026 0.044 0.559 0.576 0.195 0.044 0.551 0.008 0.101 0.101 0.268 0.262 0.008 0.05 0.207 0.203 0.191 0.119 0.002 0.062 0.008 0.042 0.031 0.105 0.019 0.021 0.065 0.004 0.003 0.1 0.015 0 0.039 0.015 0.013 0.012 0.006 0.009 0.038 0.046 0.019 0.011 0 0.008 0.05 0.029 0.014 0.001 0.004 0.003 0.001 0.024 0.003 0 0.045 0.013 0.003 0.004
0.867 1 0.977 0.448 0.33 0.187 0.252 0.218 0.118 0.023 0.051 0.623 0.615 0.209 0.038 0.599 0.004 0.105 0.099 0.287 0.27 0.022 0.044 0.239 0.226 0.202 0.12 0.002 0.072 0.01 0.043 0.036 0.092 0.017 0.041 0.079 0.002 0.009 0.101 0.017 0.001 0.032 0.018 0.011 0.01 0.004 0.012 0.046 0.053 0.017 0.013 0.007 0.01 0.059 0.029 0.029 0.002 0.007 0.002 0.005 0.025 0.01 0 0.054 0.017 0.002 0.002
0.883 0.977 1 0.457 0.352 0.185 0.248 0.215 0.116 0.023 0.05 0.64 0.632 0.223 0.039 0.619 0.004 0.107 0.102 0.308 0.28 0.022 0.044 0.236 0.237 0.205 0.123 0.002 0.071 0.011 0.048 0.035 0.094 0.017 0.043 0.082 0.002 0.009 0.115 0.018 0.001 0.033 0.02 0.012 0.011 0.004 0.011 0.046 0.052 0.017 0.015 0.007 0.007 0.058 0.026 0.031 0.001 0.008 0.002 0.005 0.029 0.01 0 0.053 0.016 0.002 0.002
0.452 0.448 0.457 1 0.166 0.081 0.115 0.1 0.054 0.049 0.023 0.305 0.322 0.102 0.084 0.285 0.049 0.25 0.317 0.15 0.606 0.001 0.089 0.101 0.094 0.496 0.323 0.027 0.029 0.023 0.001 0 0.377 0.037 0.211 0.002 0.041 0.021 0.047 0.015 0.154 0.138 0.007 0.071 0.072 0.05 0.006 0.012 0.022 0.012 0.008 0.015 0.017 0.024 0.071 0.038 0.035 0.011 0.001 0.021 0.005 0.016 0.027 0.019 0.008 0.003 0.005
0.31 0.33 0.352 0.166 1 0.017 0.582 0.503 0.258 0.009 0.003 0.452 0.447 0.58 0.016 0.447 0.04 0.053 0.118 0.827 0.227 0.009 0.018 0.024 0.654 0.17 0.13 0.005 0.009 0.004 0.235 0.192 0.114 0.007 0.04 0.026 0.014 0.005 0.001 0.065 0.038 0.033 0.016 0.035 0.035 0.015 0 0.011 0.001 0.007 0.02 0.002 0.002 0.009 0.012 0.012 0.019 0.013 0.006 0.006 0 0.004 0.005 0.009 0 0.003 0.007
0.163 0.187 0.185 0.081 0.017 1 0.011 0.009 0.005 0.004 0.002 0.22 0.211 0.012 0.007 0.22 0.018 0.021 0.049 0.019 0.111 0.004 0.008 0.69 0.02 0.078 0.049 0.003 0.338 0.002 0.02 0.019 0.03 0.003 0.022 0.047 0.018 0.002 0.42 0.047 0.049 0.005 0.056 0.019 0.019 0.022 0.032 0.267 0.003 0.002 0.047 0.001 0.002 0.288 0.002 0.006 0.002 0.025 0.002 0.003 0 0.002 0.002 0.337 0.048 0.002 0.002
0.219 0.252 0.248 0.115 0.582 0.011 1 0.867 0.467 0.006 0.002 0.296 0.283 0.77 0.01 0.3 0.024 0.033 0.073 0.568 0.159 0.006 0.011 0.015 0.495 0.134 0.096 0.003 0.006 0.003 0.318 0.328 0.093 0.004 0.023 0.061 0.005 0.003 0.008 0.14 0.106 0.03 0.012 0.03 0.03 0.005 0.003 0.007 0.004 0.005 0.012 0.001 0.003 0.006 0.015 0.008 0.033 0.01 0.004 0.003 0.005 0.003 0.005 0.005 0.003 0.005 0.005
0.19 0.218 0.215 0.1 0.503 0.009 0.867 1 0.539 0.005 0.001 0.256 0.246 0.712 0.008 0.26 0.021 0.029 0.063 0.491 0.138 0.005 0.01 0.013 0.424 0.114 0.08 0.002 0.005 0.002 0.254 0.261 0.079 0.004 0.019 0.046 0.003 0.002 0.007 0.115 0.082 0.035 0.008 0.026 0.026 0.003 0.003 0.006 0.004 0.004 0.008 0.001 0.002 0.005 0.013 0.007 0.029 0.007 0.004 0.003 0.004 0.002 0.003 0.005 0.003 0.004 0.004
0.102 0.118 0.116 0.054 0.258 0.005 0.467 0.539 1 0.003 0.001 0.138 0.132 0.405 0.005 0.14 0.011 0.015 0.034 0.269 0.074 0.003 0.005 0.007 0.251 0.073 0.049 0.001 0.003 0.001 0.13 0.13 0.051 0.002 0.008 0.022 0 0.001 0.004 0.054 0.043 0.022 0.002 0.014 0.014 0 0.001 0.003 0.002 0.002 0.002 0 0.001 0.003 0.007 0.004 0.016 0.001 0.002 0.001 0.002 0.001 0 0.003 0.001 0.002 0.002
0.026 0.023 0.023 0.049 0.009 0.004 0.006 0.005 0.003 1 0.001 0.015 0.015 0.007 0.004 0.014 0.17 0.013 0.051 0.01 0.036 0.002 0.004 0.006 0.006 0.034 0.043 0.001 0.001 0.001 0.011 0.01 0.047 0.002 0.011 0.054 0.11 0.001 0.002 0.014 0.026 0.003 0.078 0.126 0.119 0.101 0.001 0.002 0 0.341 0.071 0.001 0.001 0.001 0.001 0.003 0.092 0.068 0.105 0.001 0.02 0.001 0.072 0.001 0.001 0.002 0.155
0.044 0.051 0.05 0.023 0.003 0.002 0.002 0.001 0.001 0.001 1 0.06 0.057 0.002 0.002 0.061 0.005 0.007 0.015 0.004 0.032 0.001 0.002 0.183 0.004 0.031 0.025 0.035 0.001 0.001 0.004 0.004 0.023 0.001 0.092 0.018 0.006 0.001 0.002 0.013 0.009 0.01 0.01 0.006 0.006 0.007 0.001 0.001 0.001 0.001 0.01 0 0.001 0.001 0.003 0.002 0.007 0.009 0.001 0.018 0.001 0.001 0.007 0.001 0.001 0 0.001
0.559 0.623 0.64 0.305 0.452 0.22 0.296 0.256 0.138 0.015 0.06 1 0.927 0.286 0.026 0.849 0.07 0.096 0.209 0.441 0.437 0.014 0.03 0.285 0.316 0.332 0.24 0.001 0.088 0.009 0.078 0.061 0.208 0.015 0.023 0.043 0.046 0.008 0.142 0.003 0.002 0.056 0 0.08 0.08 0.052 0.024 0.059 0.012 0.014 0 0.006 0.002 0.086 0.014 0.021 0.035 0 0.012 0.004 0.004 0.009 0.015 0.067 0.032 0 0.013
0.576 0.615 0.632 0.322 0.447 0.211 0.283 0.246 0.132 0.015 0.057 0.927 1 0.273 0.027 0.813 0.072 0.1 0.217 0.431 0.432 0.01 0.031 0.273 0.309 0.33 0.237 0.001 0.088 0.01 0.076 0.059 0.211 0.015 0.018 0.042 0.045 0.008 0.139 0.002 0.003 0.059 0 0.079 0.079 0.051 0.023 0.059 0.005 0.015 0 0 0.002 0.085 0.015 0.022 0.035 0 0.013 0 0.002 0.007 0.015 0.067 0.03 0 0.013
0.195 0.209 0.223 0.102 0.58 0.012 0.77 0.712 0.405 0.007 0.002 0.286 0.273 1 0.011 0.346 0.028 0.038 0.084 0.625 0.183 0.007 0.013 0.017 0.541 0.14 0.1 0.003 0.007 0 0.336 0.275 0.096 0.005 0.022 0.069 0.005 0.003 0 0.149 0.084 0.03 0.003 0.026 0.026 0.004 0.004 0.008 0.005 0.005 0.003 0.002 0.003 0.007 0.003 0.009 0.013 0.002 0.004 0.004 0.003 0.003 0 0.006 0.004 0.001 0.005
0.044 0.038 0.039 0.084 0.016 0.007 0.01 0.008 0.005 0.004 0.002 0.026 0.027 0.011 1 0.032 0.394 0.022 0.132 0.017 0.06 0.004 0.876 0.01 0.018 0.057 0.06 0.002 0.004 0.002 0.018 0.017 0.078 0.003 0.016 0.086 0.304 0.002 0.006 0.045 0.04 0.028 0.181 0.285 0.284 0.256 0.002 0.005 0.003 0 0.161 0.001 0.002 0.004 0.519 0.005 0.228 0.202 0 0.003 0.003 0 0.206 0.004 0.002 0.003 0
0.551 0.599 0.619 0.285 0.447 0.22 0.3 0.26 0.14 0.014 0.061 0.849 0.813 0.346 0.032 1 0.069 0.096 0.209 0.51 0.46 0.019 0.031 0.258 0.369 0.33 0.228 0.001 0.065 0.003 0.085 0.066 0.19 0.01 0.025 0.043 0.041 0.01 0.118 0.004 0.002 0.057 0 0.069 0.07 0.043 0.025 0.042 0.014 0.015 0 0.005 0.005 0.063 0.008 0.025 0.033 0.001 0.013 0.003 0.005 0.009 0.013 0.066 0.033 0 0.014
0.008 0.004 0.004 0.049 0.04 0.018 0.024 0.021 0.011 0.17 0.005 0.07 0.072 0.028 0.394 0.069 1 0.056 0.335 0.042 0.149 0.01 0.421 0.025 0.04 0.134 0.158 0.006 0.002 0.005 0.046 0.043 0.188 0.007 0.045 0.221 0.671 0.003 0.007 0.134 0.098 0.038 0.454 0.68 0.658 0.589 0.005 0.004 0.117 0.043 0.403 0.003 0.004 0.002 0.262 0.013 0.528 0.438 0.058 0.007 0.095 0.002 0.46 0.002 0.005 0.007 0.078
0.101 0.105 0.107 0.25 0.053 0.021 0.033 0.029 0.015 0.013 0.007 0.096 0.1 0.038 0.022 0.096 0.056 1 0.319 0.057 0.198 0.013 0.019 0.034 0.014 0.13 0.02 0.008 0.013 0.057 0.055 0.062 0.028 0.091 0.058 0.007 0.057 0.078 0.021 0 0.001 0.104 0.062 0.028 0.024 0.033 0 0.003 0.009 0.006 0.05 0.004 0.003 0.013 0.013 0.007 0.032 0.058 0.006 0.003 0.009 0.006 0.035 0.012 0 0.005 0.001
0.101 0.099 0.102 0.317 0.118 0.049 0.073 0.063 0.034 0.051 0.015 0.209 0.217 0.084 0.132 0.209 0.335 0.319 1 0.126 0.44 0.029 0.151 0.075 0.061 0.332 0.169 0.017 0.016 0.023 0.002 0.003 0.212 0.029 0.13 0.134 0.264 0.039 0.033 0.114 0.064 0.005 0.148 0.333 0.333 0.269 0.002 0.007 0.035 0.02 0.141 0.01 0.008 0.016 0.126 0.024 0.239 0.137 0.029 0.011 0.026 0.009 0.198 0.015 0.003 0 0.054
0.268 0.287 0.308 0.15 0.827 0.019 0.568 0.491 0.269 0.01 0.004 0.441 0.431 0.625 0.017 0.51 0.042 0.057 0.126 1 0.258 0.01 0.019 0.026 0.76 0.181 0.129 0.005 0.01 0 0.245 0.203 0.121 0.007 0.044 0.023 0.016 0.005 0.001 0.076 0.035 0.04 0.018 0.043 0.043 0.017 0.002 0.012 0.007 0.008 0.017 0.003 0.002 0.005 0.006 0.013 0.025 0.015 0.007 0.007 0.006 0.004 0.006 0.009 0.002 0.001 0.007
0.262 0.27 0.28 0.606 0.227 0.111 0.159 0.138 0.074 0.036 0.032 0.437 0.432 0.183 0.06 0.46 0.149 0.198 0.44 0.258 1 0.036 0.069 0.149 0.181 0.784 0.584 0.035 0.043 0.009 0.018 0.012 0.507 0.027 0.17 0.005 0.121 0.015 0.069 0.021 0.175 0.147 0.033 0.172 0.169 0.117 0.005 0.023 0.025 0.018 0.031 0.019 0.012 0.041 0.046 0.001 0.105 0.037 0.015 0.029 0.019 0.022 0.079 0.03 0.006 0 0.027
0.008 0.022 0.022 0.001 0.009 0.004 0.006 0.005 0.003 0.002 0.001 0.014 0.01 0.007 0.004 0.019 0.01 0.013 0.029 0.01 0.036 1 0.004 0.006 0.011 0.037 0.046 0.001 0.002 0.001 0.011 0.01 0.003 0.002 0.042 0.04 0.012 0.001 0.004 0.017 0.009 0 0.015 0.008 0.008 0.01 0.001 0.003 0.002 0.002 0.014 0 0.113 0.002 0.003 0.204 0.01 0.013 0.002 0.001 0.002 0.001 0.01 0.002 0.001 0.002 0.002
0.05 0.044 0.044 0.089 0.018 0.008 0.011 0.01 0.005 0.004 0.002 0.03 0.031 0.013 0.876 0.031 0.421 0.019 0.151 0.019 0.069 0.004 1 0.011 0.02 0.066 0.071 0.003 0.004 0.002 0.021 0.019 0.091 0.003 0.019 0.092 0.333 0.002 0.007 0.049 0.046 0.028 0.197 0.313 0.299 0.279 0.002 0.005 0.003 0.001 0.157 0.001 0.002 0.004 0.573 0.006 0.236 0.22 0.001 0.003 0.004 0 0.23 0.004 0.002 0.003 0.001
0.207 0.239 0.236 0.101 0.024 0.69 0.015 0.013 0.007 0.006 0.183 0.285 0.273 0.017 0.01 0.258 0.025 0.034 0.075 0.026 0.149 0.006 0.011 1 0.028 0.123 0.088 0.002 0.308 0.003 0.028 0.025 0.063 0.004 0 0.023 0.027 0.003 0.393 0.055 0.026 0.018 0.039 0.028 0.027 0.032 0.029 0.277 0.004 0.005 0.03 0.002 0.003 0.27 0.005 0.008 0.008 0.016 0.004 0 0.001 0.003 0.009 0.287 0.043 0.002 0.004
0.203 0.226 0.237 0.094 0.654 0.02 0.495 0.424 0.251 0.006 0.004 0.316 0.309 0.541 0.018 0.369 0.04 0.014 0.061 0.76 0.181 0.011 0.02 0.028 1 0.251 0.193 0.006 0.011 0 0.38 0.332 0.181 0.008 0.047 0.057 0.015 0.005 0.002 0.121 0.075 0.054 0.019 0.042 0.041 0.017 0.001 0.013 0.008 0.008 0.021 0.003 0.005 0.006 0.005 0.014 0.029 0.016 0.007 0.007 0.006 0.005 0.009 0.01 0.001 0.004 0.008
0.191 0.202 0.205 0.496 0.17 0.078 0.134 0.114 0.073 0.034 0.031 0.332 0.33 0.14 0.057 0.33 0.134 0.13 0.332 0.181 0.784 0.037 0.066 0.123 0.251 1 0.76 0.035 0.062 0.018 0.057 0.047 0.665 0.028 0.171 0 0.135 0.018 0.096 0.009 0.248 0.2 0.03 0.188 0.185 0.13 0.002 0.045 0.026 0.017 0.026 0.019 0.016 0.061 0.056 0 0.119 0.033 0.016 0.029 0.02 0.028 0.092 0.058 0.001 0.005 0.026
0.119 0.12 0.123 0.323 0.13 0.049 0.096 0.08 0.049 0.043 0.025 0.24 0.237 0.1 0.06 0.228 0.158 0.02 0.169 0.129 0.584 0.046 0.071 0.088 0.193 0.76 1 0.028 0.046 0.022 0.233 0.219 0.836 0.035 0.118 0.02 0.172 0.021 0.076 0 0.368 0.178 0.057 0.222 0.212 0.166 0 0.034 0.033 0.02 0.049 0.015 0.02 0.044 0.062 0 0.146 0.057 0.017 0.022 0.03 0.022 0.123 0.047 0 0.007 0.03
0.002 0.002 0.002 0.027 0.005 0.003 0.003 0.002 0.001 0.001 0.035 0.001 0.001 0.003 0.002 0.001 0.006 0.008 0.017 0.005 0.035 0.001 0.003 0.002 0.006 0.035 0.028 1 0.001 0.001 0.006 0.006 0.026 0.001 0.113 0.024 0.007 0.001 0.002 0.017 0.05 0.011 0.011 0.007 0.007 0.008 0 0.002 0.001 0.001 0.011 0.101 0.001 0.001 0.004 0.002 0.008 0.01 0.001 0.39 0.001 0.001 0.008 0.001 0.001 0.001 0.001
0.062 0.072 0.071 0.029 0.009 0.338 0.006 0.005 0.003 0.001 0.001 0.088 0.088 0.007 0.004 0.065 0.002 0.013 0.016 0.01 0.043 0.002 0.004 0.308 0.011 0.062 0.046 0.001 1 0.001 0.011 0.01 0.045 0.002 0.012 0.056 0.012 0.001 0.349 0.015 0.025 0.019 0.053 0.012 0.012 0.014 0.071 0.238 0.002 0.002 0.049 0.001 0.001 0.229 0 0.003 0 0.045 0.002 0.002 0.002 0.001 0 0.218 0.07 0.001 0.002
0.008 0.01 0.011 0.023 0.004 0.002 0.003 0.002 0.001 0.001 0.001 0.009 0.01 0 0.002 0.003 0.005 0.057 0.023 0 0.009 0.001 0.002 0.003 0 0.018 0.022 0.001 0.001 1 0.005 0.005 0.025 0.001 0.006 0.008 0.001 0.001 0.002 0.006 0.009 0.005 0.003 0.001 0.001 0.001 0.001 0.001 0.001 0.001 0.003 0 0.001 0.001 0 0.002 0.001 0.002 0.001 0.01 0.001 0 0.001 0.001 0.001 0.001 0.001
0.042 0.043 0.048 0.001 0.235 0.02 0.318 0.254 0.13 0.011 0.004 0.078 0.076 0.336 0.018 0.085 0.046 0.055 0.002 0.245 0.018 0.011 0.021 0.028 0.38 0.057 0.233 0.006 0.011 0.005 1 0.933 0.211 0.008 0.056 0.25 0.052 0.094 0.002 0.25 0.275 0.019 0.06 0.053 0.048 0.056 0.006 0.013 0.008 0.005 0.052 0.004 0.005 0.011 0.014 0.014 0.035 0.05 0.005 0.008 0.006 0.005 0.034 0.01 0.006 0.002 0.005
0.031 0.036 0.035 0 0.192 0.019 0.328 0.261 0.13 0.01 0.004 0.061 0.059 0.275 0.017 0.066 0.043 0.062 0.003 0.203 0.012 0.01 0.019 0.025 0.332 0.047 0.219 0.006 0.01 0.005 0.933 1 0.2 0.008 0.052 0.236 0.049 0.1 0.014 0.23 0.299 0.017 0.078 0.05 0.045 0.053 0.006 0.011 0.007 0.005 0.069 0.003 0.005 0.009 0.024 0.014 0.052 0.066 0.004 0.008 0.009 0.004 0.051 0.009 0.006 0.002 0.004
0.105 0.092 0.094 0.377 0.114 0.03 0.093 0.079 0.051 0.047 0.023 0.208 0.211 0.096 0.078 0.19 0.188 0.028 0.212 0.121 0.507 0.003 0.091 0.063 0.181 0.665 0.836 0.026 0.045 0.025 0.211 0.2 1 0.038 0.214 0.008 0.197 0.019 0.073 0.002 0.463 0.226 0.073 0.262 0.25 0.192 0 0.03 0.036 0.022 0.064 0.015 0.012 0.04 0.082 0.037 0.176 0.072 0.02 0.02 0.034 0.02 0.143 0.042 0 0.008 0.033
0.019 0.017 0.017 0.037 0.007 0.003 0.004 0.004 0.002 0.002 0.001 0.015 0.015 0.005 0.003 0.01 0.007 0.091 0.029 0.007 0.027 0.002 0.003 0.004 0.008 0.028 0.035 0.001 0.002 0.001 0.008 0.008 0.038 1 0.003 0.019 0.006 0.001 0.003 0.002 0.012 0.031 0.003 0 0 0.001 0.001 0.001 0.001 0.001 0.003 0.001 0.001 0.002 0.002 0 0.001 0.009 0.001 0.001 0.001 0.001 0.001 0.002 0.001 0.01 0.001
0.021 0.041 0.043 0.211 0.04 0.022 0.023 0.019 0.008 0.011 0.092 0.023 0.018 0.022 0.016 0.025 0.045 0.058 0.13 0.044 0.17 0.042 0.019 0 0.047 0.171 0.118 0.113 0.012 0.006 0.056 0.052 0.214 0.003 1 0.209 0.053 0.006 0.019 0.113 0.34 0.07 0.092 0.062 0.061 0.064 0.002 0.007 0.008 0.009 0.088 0.054 0.005 0.012 0.034 0.197 0.071 0.083 0.008 0.107 0.01 0.088 0.065 0.011 0.003 0 0.009
0.065 0.079 0.082 0.002 0.026 0.047 0.061 0.046 0.022 0.054 0.018 0.043 0.042 0.069 0.086 0.043 0.221 0.007 0.134 0.023 0.005 0.04 0.092 0.023 0.057 0 0.02 0.024 0.056 0.008 0.25 0.236 0.008 0.019 0.209 1 0.227 0.024 0.091 0.384 0 0.099 0.319 0.226 0.215 0.166 0.001 0.04 0.04 0.023 0.265 0.013 0.014 0.046 0.109 0.047 0.224 0.263 0.016 0.03 0.045 0.018 0.19 0.053 0.001 0.016 0.023
0.004 0.002 0.002 0.041 0.014 0.018 0.005 0.003 0 0.11 0.006 0.046 0.045 0.005 0.304 0.041 0.671 0.057 0.264 0.016 0.121 0.012 0.333 0.027 0.015 0.135 0.172 0.007 0.012 0.001 0.052 0.049 0.197 0.006 0.053 0.227 1 0.006 0.019 0.193 0.139 0.038 0.602 0.815 0.79 0.832 0.006 0.014 0.125 0.06 0.518 0.004 0.005 0.009 0.312 0.016 0.641 0.565 0.065 0.009 0.122 0.005 0.694 0.011 0.007 0.011 0.084
0.003 0.009 0.009 0.021 0.005 0.002 0.003 0.002 0.001 0.001 0.001 0.008 0.008 0.003 0.002 0.01 0.003 0.078 0.039 0.005 0.015 0.001 0.002 0.003 0.005 0.018 0.021 0.001 0.001 0.001 0.094 0.1 0.019 0.001 0.006 0.024 0.006 1 0.002 0.009 0.025 0.018 0.01 0.006 0.006 0.007 0.001 0.001 0.001 0.001 0.008 0 0.001 0.001 0.003 0.002 0.007 0.009 0.001 0.001 0.001 0.001 0.007 0.001 0.001 0 0.001
0.1 0.101 0.115 0.047 0.001 0.42 0.008 0.007 0.004 0.002 0.002 0.142 0.139 0 0.006 0.118 0.007 0.021 0.033 0.001 0.069 0.004 0.007 0.393 0.002 0.096 0.076 0.002 0.349 0.002 0.002 0.014 0.073 0.003 0.019 0.091 0.019 0.002 1 0.011 0.044 0.031 0.189 0.02 0.019 0.021 0.002 0.561 0.003 0.003 0.164 0.001 0.002 0.52 0.002 0.005 0.002 0.118 0.003 0.003 0 0.002 0.001 0.584 0.002 0.003 0.003
0.015 0.017 0.018 0.015 0.065 0.047 0.14 0.115 0.054 0.014 0.013 0.003 0.002 0.149 0.045 0.004 0.134 0 0.114 0.076 0.021 0.017 0.049 0.055 0.121 0.009 0 0.017 0.015 0.006 0.25 0.23 0.002 0.002 0.113 0.384 0.193 0.009 0.011 1 0.008 0.055 0.128 0.192 0.193 0.189 0.016 0.013 0.034 0.007 0.123 0.01 0.006 0.012 0.073 0.04 0.155 0.107 0.011 0.022 0.032 0.003 0.187 0.024 0.016 0.016 0.035
0 0.001 0.001 0.154 0.038 0.049 0.106 0.082 0.043 0.026 0.009 0.002 0.003 0.084 0.04 0.002 0.098 0.001 0.064 0.035 0.175 0.009 0.046 0.026 0.075 0.248 0.368 0.05 0.025 0.009 0.275 0.299 0.463 0.012 0.34 0 0.139 0.025 0.044 0.008 1 0.113 0.231 0.144 0.141 0.165 0.009 0.033 0.019 0.021 0.221 0.028 0.012 0.027 0.078 0.115 0.166 0.208 0.021 0.044 0.023 0.038 0.164 0.026 0.011 0.001 0.022
0.039 0.032 0.033 0.138 0.033 0.005 0.03 0.035 0.022 0.003 0.01 0.056 0.059 0.03 0.028 0.057 0.038 0.104 0.005 0.04 0.147 0 0.028 0.018 0.054 0.2 0.178 0.011 0.019 0.005 0.019 0.017 0.226 0.031 0.07 0.099 0.038 0.018 0.031 0.055 0.113 1 0.09 0.04 0.039 0.052 0 0.007 0 0.001 0.076 0.006 0.024 0.019 0.029 0.02 0.045 0.082 0.008 0.005 0.003 0.009 0.047 0.018 0 0.037 0.013
0.015 0.018 0.02 0.007 0.016 0.056 0.012 0.008 0.002 0.078 0.01 0 0 0.003 0.181 0 0.454 0.062 0.148 0.018 0.033 0.015 0.197 0.039 0.019 0.03 0.057 0.011 0.053 0.003 0.06 0.078 0.073 0.003 0.092 0.319 0.602 0.01 0.189 0.128 0.231 0.09 1 0.622 0.6 0.644 0.011 0.096 0.083 0.031 0.875 0.006 0.009 0.101 0.319 0.027 0.636 0.827 0.045 0.014 0.099 0.009 0.674 0.111 0.011 0.017 0.078
0.013 0.011 0.012 0.071 0.035 0.019 0.03 0.026 0.014 0.126 0.006 0.08 0.079 0.026 0.285 0.069 0.68 0.028 0.333 0.043 0.172 0.008 0.313 0.028 0.042 0.188 0.222 0.007 0.012 0.001 0.053 0.05 0.262 0 0.062 0.226 0.815 0.006 0.02 0.192 0.144 0.04 0.622 1 0.956 0.861 0.007 0.015 0.134 0.058 0.544 0.004 0.005 0.009 0.381 0.017 0.79 0.556 0.079 0.009 0.136 0.005 0.697 0.011 0.007 0.011 0.127
0.012 0.01 0.011 0.072 0.035 0.019 0.03 0.026 0.014 0.119 0.006 0.08 0.079 0.026 0.284 0.07 0.658 0.024 0.333 0.043 0.169 0.008 0.299 0.027 0.041 0.185 0.212 0.007 0.012 0.001 0.048 0.045 0.25 0 0.061 0.215 0.79 0.006 0.019 0.193 0.141 0.039 0.6 0.956 1 0.847 0.007 0.015 0.136 0.068 0.557 0.004 0.005 0.009 0.359 0.016 0.777 0.546 0.091 0.009 0.138 0.005 0.684 0.011 0.007 0.011 0.143
0.006 0.004 0.004 0.05 0.015 0.022 0.005 0.003 0 0.101 0.007 0.052 0.051 0.004 0.256 0.043 0.589 0.033 0.269 0.017 0.117 0.01 0.279 0.032 0.017 0.13 0.166 0.008 0.014 0.001 0.056 0.053 0.192 0.001 0.064 0.166 0.832 0.007 0.021 0.189 0.165 0.052 0.644 0.861 0.847 1 0.008 0.017 0.117 0.079 0.603 0.005 0.006 0.011 0.339 0.019 0.729 0.619 0.095 0.01 0.118 0.006 0.746 0.013 0.008 0.012 0.122
0.009 0.012 0.011 0.006 0 0.032 0.003 0.003 0.001 0.001 0.001 0.024 0.023 0.004 0.002 0.025 0.005 0 0.002 0.002 0.005 0.001 0.002 0.029 0.001 0.002 0 0 0.071 0.001 0.006 0.006 0 0.001 0.002 0.001 0.006 0.001 0.002 0.016 0.009 0 0.011 0.007 0.007 0.008 1 0.002 0.001 0.001 0.01 0 0.001 0.001 0.004 0.002 0.008 0.01 0.001 0 0.001 0.001 0.008 0.001 0.795 0.027 0.001
0.038 0.046 0.046 0.012 0.011 0.267 0.007 0.006 0.003 0.002 0.001 0.059 0.059 0.008 0.005 0.042 0.004 0.003 0.007 0.012 0.023 0.003 0.005 0.277 0.013 0.045 0.034 0.002 0.238 0.001 0.013 0.011 0.03 0.001 0.007 0.04 0.014 0.001 0.561 0.013 0.033 0.007 0.096 0.015 0.015 0.017 0.002 1 0.002 0.002 0.1 0.001 0.001 0.695 0.008 0.004 0.017 0.071 0.002 0.002 0.002 0.001 0.017 0.778 0.002 0.002 0.002
0.046 0.053 0.052 0.022 0.001 0.003 0.004 0.004 0.002 0 0.001 0.012 0.005 0.005 0.003 0.014 0.117 0.009 0.035 0.007 0.025 0.002 0.003 0.004 0.008 0.026 0.033 0.001 0.002 0.001 0.008 0.007 0.036 0.001 0.008 0.04 0.125 0.001 0.003 0.034 0.019 0 0.083 0.134 0.136 0.117 0.001 0.002 1 0 0.065 0.001 0.001 0.002 0.001 0.002 0.116 0.057 0 0.001 0.268 0.001 0.084 0.002 0.001 0.001 0
0.019 0.017 0.017 0.012 0.007 0.002 0.005 0.004 0.002 0.341 0.001 0.014 0.015 0.005 0 0.015 0.043 0.006 0.02 0.008 0.018 0.002 0.001 0.005 0.008 0.017 0.02 0.001 0.002 0.001 0.005 0.005 0.022 0.001 0.009 0.023 0.06 0.001 0.003 0.007 0.021 0.001 0.031 0.058 0.068 0.079 0.001 0.002 0 1 0.061 0.001 0.001 0.002 0.005 0.002 0.081 0.048 0.312 0.001 0 0.001 0.041 0.002 0.001 0.002 0.328
0.011 0.013 0.015 0.008 0.02 0.047 0.012 0.008 0.002 0.071 0.01 0 0 0.003 0.161 0 0.403 0.05 0.141 0.017 0.031 0.014 0.157 0.03 0.021 0.026 0.049 0.011 0.049 0.003 0.052 0.069 0.064 0.003 0.088 0.265 0.518 0.008 0.164 0.123 0.221 0.076 0.875 0.544 0.557 0.603 0.01 0.1 0.065 0.061 1 0.006 0.008 0.105 0.266 0.026 0.644 0.821 0.093 0.014 0.081 0.008 0.637 0.115 0.01 0.017 0.097
0 0.007 0.007 0.015 0.002 0.001 0.001 0.001 0 0.001 0 0.006 0 0.002 0.001 0.005 0.003 0.004 0.01 0.003 0.019 0 0.001 0.002 0.003 0.019 0.015 0.101 0.001 0 0.004 0.003 0.015 0.001 0.054 0.013 0.004 0 0.001 0.01 0.028 0.006 0.006 0.004 0.004 0.005 0 0.001 0.001 0.001 0.006 1 0 0.001 0.002 0.001 0.005 0.006 0.001 0.202 0.001 0 0.005 0.001 0 0.001 0.001
0.008 0.01 0.007 0.017 0.002 0.002 0.003 0.002 0.001 0.001 0.001 0.002 0.002 0.003 0.002 0.005 0.004 0.003 0.008 0.002 0.012 0.113 0.002 0.003 0.005 0.016 0.02 0.001 0.001 0.001 0.005 0.005 0.012 0.001 0.005 0.014 0.005 0.001 0.002 0.006 0.012 0.024 0.009 0.005 0.005 0.006 0.001 0.001 0.001 0.001 0.008 0 1 0.001 0.003 0.001 0.006 0.008 0.001 0.001 0.001 0 0.006 0.001 0.001 0.001 0.001
0.05 0.059 0.058 0.024 0.009 0.288 0.006 0.005 0.003 0.001 0.001 0.086 0.085 0.007 0.004 0.063 0.002 0.013 0.016 0.005 0.041 0.002 0.004 0.27 0.006 0.061 0.044 0.001 0.229 0.001 0.011 0.009 0.04 0.002 0.012 0.046 0.009 0.001 0.52 0.012 0.027 0.019 0.101 0.009 0.009 0.011 0.001 0.695 0.002 0.002 0.105 0.001 0.001 1 0.002 0.003 0.011 0.072 0.002 0.002 0 0.001 0.011 0.697 0.001 0.002 0.002
0.029 0.029 0.026 0.071 0.012 0.002 0.015 0.013 0.007 0.001 0.003 0.014 0.015 0.003 0.519 0.008 0.262 0.013 0.126 0.006 0.046 0.003 0.573 0.005 0.005 0.056 0.062 0.004 0 0 0.014 0.024 0.082 0.002 0.034 0.109 0.312 0.003 0.002 0.073 0.078 0.029 0.319 0.381 0.359 0.339 0.004 0.008 0.001 0.005 0.266 0.002 0.003 0.002 1 0.009 0.385 0.35 0.005 0.005 0.003 0.003 0.352 0.006 0.004 0.006 0
0.014 0.029 0.031 0.038 0.012 0.006 0.008 0.007 0.004 0.003 0.002 0.021 0.022 0.009 0.005 0.025 0.013 0.007 0.024 0.013 0.001 0.204 0.006 0.008 0.014 0 0 0.002 0.003 0.002 0.014 0.014 0.037 0 0.197 0.047 0.016 0.002 0.005 0.04 0.115 0.02 0.027 0.017 0.016 0.019 0.002 0.004 0.002 0.002 0.026 0.001 0.001 0.003 0.009 1 0.019 0.024 0.002 0.002 0.003 0.001 0.019 0.003 0.002 0 0.002
0.001 0.002 0.001 0.035 0.019 0.002 0.033 0.029 0.016 0.092 0.007 0.035 0.035 0.013 0.228 0.033 0.528 0.032 0.239 0.025 0.105 0.01 0.236 0.008 0.029 0.119 0.146 0.008 0 0.001 0.035 0.052 0.176 0.001 0.071 0.224 0.641 0.007 0.002 0.155 0.166 0.045 0.636 0.79 0.777 0.729 0.008 0.017 0.116 0.081 0.644 0.005 0.006 0.011 0.385 0.019 1 0.609 0.125 0.01 0.138 0.006 0.784 0.013 0.008 0.013 0.126
0.004 0.007 0.008 0.011 0.013 0.025 0.01 0.007 0.001 0.068 0.009 0 0 0.002 0.202 0.001 0.438 0.058 0.137 0.015 0.037 0.013 0.22 0.016 0.016 0.033 0.057 0.01 0.045 0.002 0.05 0.066 0.072 0.009 0.083 0.263 0.565 0.009 0.118 0.107 0.208 0.082 0.827 0.556 0.546 0.619 0.01 0.071 0.057 0.048 0.821 0.006 0.008 0.072 0.35 0.024 0.609 1 0.099 0.013 0.11 0.008 0.627 0.079 0.01 0.016 0.081
0.003 0.002 0.002 0.001 0.006 0.002 0.004 0.004 0.002 0.105 0.001 0.012 0.013 0.004 0 0.013 0.058 0.006 0.029 0.007 0.015 0.002 0.001 0.004 0.007 0.016 0.017 0.001 0.002 0.001 0.005 0.004 0.02 0.001 0.008 0.016 0.065 0.001 0.003 0.011 0.021 0.008 0.045 0.079 0.091 0.095 0.001 0.002 0 0.312 0.093 0.001 0.001 0.002 0.005 0.002 0.125 0.099 1 0.001 0.001 0.001 0.077 0.002 0.001 0.002 0.439
0.001 0.005 0.005 0.021 0.006 0.003 0.003 0.003 0.001 0.001 0.018 0.004 0 0.004 0.003 0.003 0.007 0.003 0.011 0.007 0.029 0.001 0.003 0 0.007 0.029 0.022 0.39 0.002 0.01 0.008 0.008 0.02 0.001 0.107 0.03 0.009 0.001 0.003 0.022 0.044 0.005 0.014 0.009 0.009 0.01 0 0.002 0.001 0.001 0.014 0.202 0.001 0.002 0.005 0.002 0.01 0.013 0.001 1 0.001 0.001 0.01 0.002 0.001 0.002 0.001
0.024 0.025 0.029 0.005 0 0 0.005 0.004 0.002 0.02 0.001 0.004 0.002 0.003 0.003 0.005 0.095 0.009 0.026 0.006 0.019 0.002 0.004 0.001 0.006 0.02 0.03 0.001 0.002 0.001 0.006 0.009 0.034 0.001 0.01 0.045 0.122 0.001 0 0.032 0.023 0.003 0.099 0.136 0.138 0.118 0.001 0.002 0.268 0 0.081 0.001 0.001 0 0.003 0.003 0.138 0.11 0.001 0.001 1 0.001 0.108 0.002 0.001 0.002 0.001
0.003 0.01 0.01 0.016 0.004 0.002 0.003 0.002 0.001 0.001 0.001 0.009 0.007 0.003 0 0.009 0.002 0.006 0.009 0.004 0.022 0.001 0 0.003 0.005 0.028 0.022 0.001 0.001 0 0.005 0.004 0.02 0.001 0.088 0.018 0.005 0.001 0.002 0.003 0.038 0.009 0.009 0.005 0.005 0.006 0.001 0.001 0.001 0.001 0.008 0 0 0.001 0.003 0.001 0.006 0.008 0.001 0.001 0.001 1 0.006 0.001 0.001 0.001 0.001
0 0 0 0.027 0.005 0.002 0.005 0.003 0 0.072 0.007 0.015 0.015 0 0.206 0.013 0.46 0.035 0.198 0.006 0.079 0.01 0.23 0.009 0.009 0.092 0.123 0.008 0 0.001 0.034 0.051 0.143 0.001 0.065 0.19 0.694 0.007 0.001 0.187 0.164 0.047 0.674 0.697 0.684 0.746 0.008 0.017 0.084 0.041 0.637 0.005 0.006 0.011 0.352 0.019 0.784 0.627 0.077 0.01 0.108 0.006 1 0.013 0.008 0.012 0.1
0.045 0.054 0.053 0.019 0.009 0.337 0.005 0.005 0.003 0.001 0.001 0.067 0.067 0.006 0.004 0.066 0.002 0.012 0.015 0.009 0.03 0.002 0.004 0.287 0.01 0.058 0.047 0.001 0.218 0.001 0.01 0.009 0.042 0.002 0.011 0.053 0.011 0.001 0.584 0.024 0.026 0.018 0.111 0.011 0.011 0.013 0.001 0.778 0.002 0.002 0.115 0.001 0.001 0.697 0.006 0.003 0.013 0.079 0.002 0.002 0.002 0.001 0.013 1 0.001 0.002 0.002
0.013 0.017 0.016 0.008 0 0.048 0.003 0.003 0.001 0.001 0.001 0.032 0.03 0.004 0.002 0.033 0.005 0 0.003 0.002 0.006 0.001 0.002 0.043 0.001 0.001 0 0.001 0.07 0.001 0.006 0.006 0 0.001 0.003 0.001 0.007 0.001 0.002 0.016 0.011 0 0.011 0.007 0.007 0.008 0.795 0.002 0.001 0.001 0.01 0 0.001 0.001 0.004 0.002 0.008 0.01 0.001 0.001 0.001 0.001 0.008 0.001 1 0.017 0.001
0.003 0.002 0.002 0.003 0.003 0.002 0.005 0.004 0.002 0.002 0 0 0 0.001 0.003 0 0.007 0.005 0 0.001 0 0.002 0.003 0.002 0.004 0.005 0.007 0.001 0.001 0.001 0.002 0.002 0.008 0.01 0 0.016 0.011 0 0.003 0.016 0.001 0.037 0.017 0.011 0.011 0.012 0.027 0.002 0.001 0.002 0.017 0.001 0.001 0.002 0.006 0 0.013 0.016 0.002 0.002 0.002 0.001 0.012 0.002 0.017 1 0.002
0.004 0.002 0.002 0.005 0.007 0.002 0.005 0.004 0.002 0.155 0.001 0.013 0.013 0.005 0 0.014 0.078 0.001 0.054 0.007 0.027 0.002 0.001 0.004 0.008 0.026 0.03 0.001 0.002 0.001 0.005 0.004 0.033 0.001 0.009 0.023 0.084 0.001 0.003 0.035 0.022 0.013 0.078 0.127 0.143 0.122 0.001 0.002 0 0.328 0.097 0.001 0.001 0.002 0 0.002 0.126 0.081 0.439 0.001 0.001 0.001 0.1 0.002 0.001 0.002 1
