1 0.827 0.893 0.429 0.397 0.121 0.215 0.192 0.088 0.024 0.042 0.52 0.512 0.226 0.026 0.576 0 0.151 0.103 0.357 0.277 0.02 0.034 0.154 0.297 0.213 0.121 0 0.048 0.005 0.047 0.018 0.092 0.022 0.026 0.088 0 0.006 0.11 0.027 0 0.061 0.032 0.002 0.001 0 0.012 0.034 0.078 0.004 0.029 0.003 0.011 0.027 0.001 0.021 0.007 0.013 0.001 0.001 0.043 0.008 0.003 0.03 0.007 0.01 0.004
0.827 1 0.9 0.39 0.355 0.143 0.253 0.226 0.104 0.021 0.05 0.529 0.503 0.166 0.022 0.56 0.001 0.135 0.086 0.319 0.232 0.022 0.029 0.183 0.262 0.17 0.089 0.004 0.058 0.005 0.026 0.026 0.066 0.019 0.039 0.072 0.001 0.012 0.05 0.017 0 0.044 0.019 0.001 0 0.001 0.015 0.041 0.093 0.002 0.016 0.001 0.01 0.034 0.005 0.02 0.001 0.013 0.001 0.011 0.031 0.012 0 0.037 0.01 0.007 0.003
0.893 0.9 1 0.427 0.437 0.133 0.236 0.21 0.097 0.022 0.046 0.578 0.549 0.249 0.019 0.633 0.001 0.143 0.094 0.394 0.269 0.024 0.026 0.169 0.33 0.203 0.112 0.005 0.053 0.007 0.053 0.021 0.085 0.02 0.043 0.099 0.001 0.013 0.121 0.033 0.001 0.056 0.039 0.001 0.001 0 0.013 0.037 0.086 0.003 0.036 0.002 0.01 0.031 0 0.021 0.01 0.022 0.001 0.012 0.048 0.013 0.005 0.034 0.009 0.008 0.003
0.429 0.39 0.427 1 0.197 0.055 0.105 0.094 0.043 0.05 0.021 0.255 0.258 0.123 0.053 0.298 0.019 0.335 0.363 0.206 0.651 0 0.063 0.067 0.166 0.576 0.355 0.026 0.021 0.016 0.003 0 0.411 0.047 0.239 0 0.024 0.032 0.051 0.004 0.209 0.214 0.002 0.047 0.049 0.031 0.006 0.013 0.036 0.011 0.002 0.024 0.025 0.022 0.014 0.055 0.011 0.006 0.008 0.033 0.013 0.029 0.017 0.012 0 0.023 0.016
0.397 0.355 0.437 0.197 1 0.014 0.406 0.377 0.166 0.012 0.005 0.489 0.439 0.487 0.013 0.508 0.026 0.083 0.135 0.787 0.229 0.013 0.016 0.021 0.642 0.186 0.13 0.005 0.007 0.004 0.163 0.084 0.103 0.011 0.045 0.03 0.005 0.009 0.016 0.045 0.004 0.061 0.001 0.023 0.023 0.007 0.01 0.006 0.006 0 0.001 0.003 0.006 0.001 0.002 0.009 0.002 0.002 0 0.007 0.002 0.008 0 0.006 0.001 0.003 0.001
0.121 0.143 0.133 0.055 0.014 1 0.006 0.006 0.003 0.003 0.001 0.141 0.132 0.008 0.003 0.149 0.011 0.016 0.035 0.014 0.075 0.003 0.004 0.635 0.014 0.037 0.016 0.002 0.36 0.001 0.013 0.012 0.014 0.002 0.015 0.03 0.01 0.002 0.278 0.02 0.024 0.006 0.034 0.012 0.012 0.014 0.01 0.267 0.003 0 0.029 0.002 0.002 0.154 0.003 0.004 0 0.014 0 0.002 0 0.001 0 0.29 0.036 0.001 0.001
0.215 0.253 0.236 0.105 0.406 0.006 1 0.891 0.41 0.005 0.002 0.202 0.188 0.58 0.006 0.226 0.005 0.037 0.049 0.369 0.113 0.006 0.007 0.009 0.34 0.091 0.059 0.002 0.003 0.002 0.206 0.249 0.051 0.005 0.018 0.065 0 0.004 0.007 0.101 0.072 0.04 0.004 0.011 0.01 0 0.002 0.003 0.004 0.001 0.003 0 0.003 0.003 0.013 0.001 0.017 0.002 0.002 0.003 0.005 0.004 0.002 0.003 0.004 0.006 0.001
0.192 0.226 0.21 0.094 0.377 0.006 0.891 1 0.46 0.005 0.002 0.177 0.164 0.512 0.005 0.198 0.004 0.033 0.042 0.323 0.098 0.005 0.007 0.008 0.296 0.076 0.049 0.002 0.003 0.002 0.166 0.202 0.042 0.005 0.016 0.052 0 0.003 0.006 0.082 0.06 0.04 0.003 0.01 0.01 0 0.002 0.003 0.004 0.002 0.002 0 0.003 0.003 0.014 0.001 0.014 0.002 0.003 0.002 0.004 0.003 0.001 0.002 0.004 0.005 0.001
0.088 0.104 0.097 0.043 0.166 0.003 0.41 0.46 1 0.002 0.001 0.103 0.096 0.336 0.002 0.115 0.008 0.015 0.03 0.179 0.06 0.002 0.003 0.004 0.18 0.064 0.043 0 0.001 0.001 0.114 0.139 0.042 0.002 0.007 0.033 0 0.002 0.003 0.045 0.047 0.021 0.003 0.01 0.01 0.001 0.001 0.001 0.002 0.002 0.002 0.001 0.001 0.001 0.007 0.003 0.012 0.002 0.001 0.001 0.002 0.001 0.002 0.001 0.002 0.002 0.002
0.024 0.021 0.022 0.05 0.012 0.003 0.005 0.005 0.002 1 0.001 0.009 0.01 0.006 0.003 0.018 0.22 0.017 0.054 0.012 0.035 0.003 0.003 0.004 0.005 0.033 0.043 0.001 0.001 0.001 0.01 0.009 0.049 0.002 0.011 0.068 0.13 0.002 0.003 0.044 0.023 0.007 0.099 0.156 0.139 0.115 0.001 0.001 0 0.327 0.084 0.001 0.001 0.001 0 0.003 0.099 0.11 0.166 0.002 0.002 0.002 0.088 0.001 0.002 0.003 0.253
0.042 0.05 0.046 0.021 0.005 0.001 0.002 0.002 0.001 0.001 1 0.049 0.046 0.003 0.001 0.055 0.004 0.007 0.014 0.005 0.029 0.001 0.001 0.237 0.005 0.031 0.024 0.007 0.001 0 0.005 0.004 0.02 0.001 0.082 0.014 0.004 0.001 0.001 0.011 0.039 0.01 0.008 0.005 0.005 0.006 0 0.001 0.001 0.001 0.007 0.014 0.001 0.001 0.003 0.001 0.006 0.007 0.001 0 0.001 0.001 0.006 0.001 0 0.001 0.001
0.52 0.529 0.578 0.255 0.489 0.141 0.202 0.177 0.103 0.009 0.049 1 0.881 0.298 0.01 0.807 0.048 0.112 0.203 0.512 0.374 0.022 0.016 0.19 0.407 0.291 0.205 0.004 0.066 0.007 0.082 0.039 0.17 0.019 0.033 0.044 0.024 0.009 0.141 0.01 0 0.074 0.001 0.052 0.056 0.028 0.017 0.048 0.013 0.012 0.003 0.003 0.01 0.072 0.001 0.017 0.006 0 0.01 0.011 0.001 0.012 0 0.044 0.012 0.004 0.015
0.512 0.503 0.549 0.258 0.439 0.132 0.188 0.164 0.096 0.01 0.046 0.881 1 0.278 0.011 0.756 0.053 0.097 0.19 0.502 0.372 0.019 0.018 0.177 0.402 0.288 0.231 0.005 0.062 0.007 0.108 0.06 0.192 0.021 0.03 0.048 0.032 0 0.132 0.011 0.004 0.061 0 0.064 0.068 0.037 0.016 0.044 0.009 0.013 0 0 0.008 0.068 0.002 0.021 0.011 0.001 0.011 0.005 0 0.008 0.002 0.041 0.01 0.005 0.016
0.226 0.166 0.249 0.123 0.487 0.008 0.58 0.512 0.336 0.006 0.003 0.298 0.278 1 0.007 0.341 0.024 0.045 0.088 0.5 0.177 0.007 0.009 0.012 0.471 0.152 0.108 0.002 0.004 0.001 0.317 0.17 0.095 0.006 0.02 0.084 0.004 0.005 0.047 0.118 0.04 0.039 0.002 0.027 0.026 0.003 0.003 0.004 0.006 0.005 0.002 0.003 0.004 0.004 0.002 0.003 0 0 0.004 0.003 0 0.004 0.006 0.003 0.005 0.007 0.005
0.026 0.022 0.019 0.053 0.013 0.003 0.006 0.005 0.002 0.003 0.001 0.01 0.011 0.007 1 0.02 0.29 0.018 0.078 0.012 0.038 0.003 0.762 0.005 0.012 0.032 0.043 0.001 0.001 0.001 0.012 0.003 0.038 0.003 0.011 0.07 0.197 0.002 0.004 0.048 0.015 0.019 0.107 0.156 0.168 0.149 0.001 0.001 0.003 0.001 0.088 0.001 0.001 0.002 0.268 0.004 0.128 0.119 0.001 0.002 0.003 0 0.128 0.001 0.002 0.003 0.002
0.576 0.56 0.633 0.298 0.508 0.149 0.226 0.198 0.115 0.018 0.055 0.807 0.756 0.341 0.02 1 0.053 0.12 0.221 0.586 0.439 0.021 0.013 0.188 0.474 0.331 0.215 0.004 0.051 0.005 0.08 0.036 0.18 0.011 0.028 0.031 0.029 0.014 0.135 0.005 0.001 0.08 0 0.065 0.063 0.036 0.02 0.035 0.018 0.014 0 0.003 0.011 0.058 0 0.017 0.017 0.001 0.012 0.01 0.001 0.01 0.002 0.041 0.014 0.003 0.016
0 0.001 0.001 0.019 0.026 0.011 0.005 0.004 0.008 0.22 0.004 0.048 0.053 0.024 0.29 0.053 1 0.062 0.266 0.043 0.125 0.01 0.283 0.016 0.034 0.119 0.156 0.005 0.004 0.003 0.04 0.026 0.167 0.009 0.037 0.236 0.605 0.004 0.012 0.181 0.069 0.014 0.417 0.636 0.617 0.549 0.004 0.005 0.226 0.094 0.334 0.002 0.004 0.006 0.189 0.013 0.437 0.44 0.107 0.006 0.082 0.004 0.334 0.004 0.007 0.009 0.131
0.151 0.135 0.143 0.335 0.083 0.016 0.037 0.033 0.015 0.017 0.007 0.112 0.097 0.045 0.018 0.12 0.062 1 0.435 0.082 0.244 0.019 0.008 0.031 0.054 0.209 0.043 0.009 0.01 0.037 0.033 0.042 0.065 0.119 0.086 0.016 0.038 0.076 0.023 0.008 0.032 0.162 0.038 0.011 0.009 0.013 0 0.009 0.016 0.006 0.026 0.008 0.002 0.011 0.004 0.021 0.019 0.036 0.005 0.011 0.013 0.012 0.017 0.009 0.008 0.043 0.004
0.103 0.086 0.094 0.363 0.135 0.035 0.049 0.042 0.03 0.054 0.014 0.203 0.19 0.088 0.078 0.221 0.266 0.435 1 0.16 0.474 0.036 0.101 0.059 0.113 0.421 0.213 0.018 0.018 0.018 0 0.005 0.262 0.047 0.156 0.077 0.186 0.042 0.046 0.069 0.118 0.056 0.111 0.275 0.276 0.227 0.003 0.017 0.057 0.026 0.098 0.012 0.007 0.021 0.075 0.044 0.157 0.11 0.032 0.023 0.013 0.019 0.115 0.017 0 0.008 0.046
0.357 0.319 0.394 0.206 0.787 0.014 0.369 0.323 0.179 0.012 0.005 0.512 0.502 0.5 0.012 0.586 0.043 0.082 0.16 1 0.298 0.013 0.016 0.021 0.827 0.244 0.171 0.006 0.007 0.003 0.194 0.108 0.145 0.011 0.056 0.021 0.019 0.009 0.016 0.041 0.004 0.064 0.007 0.051 0.05 0.021 0.012 0.006 0.011 0.008 0.006 0.006 0.006 0.003 0 0.008 0.012 0.009 0.007 0.008 0.002 0.008 0.002 0.006 0.001 0.003 0.01
0.277 0.232 0.269 0.651 0.229 0.075 0.113 0.098 0.06 0.035 0.029 0.374 0.372 0.177 0.038 0.439 0.125 0.244 0.474 0.298 1 0.039 0.05 0.103 0.258 0.847 0.599 0.029 0.032 0.01 0.019 0.004 0.509 0.031 0.185 0.006 0.098 0.022 0.075 0.011 0.21 0.212 0.032 0.159 0.156 0.116 0.001 0.021 0.034 0.023 0.031 0.02 0.02 0.02 0.025 0.003 0.074 0.045 0.02 0.038 0.01 0.041 0.048 0.019 0 0.021 0.031
0.02 0.022 0.024 0 0.013 0.003 0.006 0.005 0.002 0.003 0.001 0.022 0.019 0.007 0.003 0.021 0.01 0.019 0.036 0.013 0.039 1 0.004 0.005 0.013 0.037 0.049 0 0.002 0.001 0.012 0.011 0.001 0.003 0.035 0.029 0.011 0 0.004 0.019 0.008 0.001 0.016 0.009 0.01 0.011 0.001 0.002 0.003 0.002 0.015 0 0.196 0.002 0.005 0.163 0.012 0.014 0.002 0 0.003 0.002 0.012 0.001 0.002 0.003 0.002
0.034 0.029 0.026 0.063 0.016 0.004 0.007 0.007 0.003 0.003 0.001 0.016 0.018 0.009 0.762 0.013 0.283 0.008 0.101 0.016 0.05 0.004 1 0.006 0.016 0.043 0.057 0.002 0.001 0.001 0.015 0.006 0.054 0.003 0.015 0.067 0.225 0.003 0.005 0.05 0.023 0.015 0.119 0.18 0.178 0.169 0.001 0.002 0.003 0.002 0.066 0.002 0.001 0.002 0.309 0.005 0.11 0.133 0.001 0.002 0.003 0.001 0.147 0.002 0.003 0.004 0.002
0.154 0.183 0.169 0.067 0.021 0.635 0.009 0.008 0.004 0.004 0.237 0.19 0.177 0.012 0.005 0.188 0.016 0.031 0.059 0.021 0.103 0.005 0.006 1 0.021 0.079 0.047 0 0.319 0.001 0.02 0.017 0.04 0.003 0.001 0.013 0.016 0.003 0.258 0.026 0.001 0.02 0.022 0.019 0.018 0.021 0.006 0.302 0.004 0.003 0.017 0.001 0.003 0.152 0.006 0.006 0.003 0.007 0.003 0.001 0 0.001 0.003 0.281 0.021 0.002 0.004
0.297 0.262 0.33 0.166 0.642 0.014 0.34 0.296 0.18 0.005 0.005 0.407 0.402 0.471 0.012 0.474 0.034 0.054 0.113 0.827 0.258 0.013 0.016 0.021 1 0.276 0.217 0.006 0.007 0.003 0.259 0.16 0.188 0.011 0.056 0.037 0.014 0.009 0.016 0.056 0.01 0.071 0.004 0.043 0.042 0.016 0 0.006 0.011 0.008 0.006 0.006 0.007 0 0.001 0.008 0.012 0.006 0.007 0.008 0.002 0.008 0.002 0.006 0.002 0.013 0.01
0.213 0.17 0.203 0.576 0.186 0.037 0.091 0.076 0.064 0.033 0.031 0.291 0.288 0.152 0.032 0.331 0.119 0.209 0.421 0.244 0.847 0.037 0.043 0.079 0.276 1 0.723 0.031 0.041 0.011 0.033 0.012 0.627 0.031 0.205 0 0.094 0.025 0.099 0.005 0.256 0.242 0.022 0.153 0.15 0.11 0.001 0.039 0.032 0.019 0.02 0.021 0.02 0.028 0.023 0.004 0.066 0.032 0.019 0.041 0.009 0.049 0.042 0.037 0.005 0.027 0.027
0.121 0.089 0.112 0.355 0.13 0.016 0.059 0.049 0.043 0.043 0.024 0.205 0.231 0.108 0.043 0.215 0.156 0.043 0.213 0.171 0.599 0.049 0.057 0.047 0.217 0.723 1 0.023 0.023 0.014 0.239 0.192 0.841 0.041 0.138 0.016 0.108 0.026 0.076 0.001 0.356 0.198 0.04 0.17 0.161 0.129 0 0.03 0.042 0.024 0.032 0.015 0.026 0.017 0.023 0.001 0.083 0.05 0.021 0.031 0.016 0.038 0.058 0.028 0.014 0.032 0.034
0 0.004 0.005 0.026 0.005 0.002 0.002 0.002 0 0.001 0.007 0.004 0.005 0.002 0.001 0.004 0.005 0.009 0.018 0.006 0.029 0 0.002 0 0.006 0.031 0.023 1 0.001 0 0.006 0.005 0.026 0.001 0.105 0.018 0.006 0.001 0.002 0.014 0.05 0.013 0.01 0.006 0.006 0.007 0.002 0.001 0.001 0.001 0.009 0.276 0.001 0.001 0.004 0.002 0.008 0.009 0.001 0.666 0.001 0.001 0.008 0.001 0.001 0.002 0.001
0.048 0.058 0.053 0.021 0.007 0.36 0.003 0.003 0.001 0.001 0.001 0.066 0.062 0.004 0.001 0.051 0.004 0.01 0.018 0.007 0.032 0.002 0.001 0.319 0.007 0.041 0.023 0.001 1 0 0.007 0.006 0.026 0.001 0.007 0.038 0.005 0.001 0.223 0.002 0.008 0.014 0.034 0.006 0.006 0.007 0.026 0.183 0.001 0.001 0.023 0.001 0.001 0.13 0 0.002 0.001 0.02 0.001 0.001 0.001 0 0.001 0.144 0.011 0.001 0.001
0.005 0.005 0.007 0.016 0.004 0.001 0.002 0.002 0.001 0.001 0 0.007 0.007 0.001 0.001 0.005 0.003 0.037 0.018 0.003 0.01 0.001 0.001 0.001 0.003 0.011 0.014 0 0 1 0.004 0.003 0.017 0.001 0.004 0.002 0.002 0.001 0.001 0.007 0.007 0.001 0.004 0.003 0.003 0.003 0 0 0.001 0.001 0.004 0 0.016 0.001 0.001 0.001 0.003 0.004 0.001 0 0.001 0.001 0.003 0 0.001 0.001 0.001
0.047 0.026 0.053 0.003 0.163 0.013 0.206 0.166 0.114 0.01 0.005 0.082 0.108 0.317 0.012 0.08 0.04 0.033 0 0.194 0.019 0.012 0.015 0.02 0.259 0.033 0.239 0.006 0.007 0.004 1 0.783 0.202 0.011 0.057 0.276 0.024 0.122 0.018 0.206 0.13 0.015 0.008 0.029 0.025 0.024 0.005 0.006 0.01 0.005 0.004 0.006 0.007 0.007 0.001 0.008 0.002 0.01 0.004 0.008 0.001 0.008 0.002 0.006 0.009 0.004 0.007
0.018 0.026 0.021 0 0.084 0.012 0.249 0.202 0.139 0.009 0.004 0.039 0.06 0.17 0.003 0.036 0.026 0.042 0.005 0.108 0.004 0.011 0.006 0.017 0.16 0.012 0.192 0.005 0.006 0.003 0.783 1 0.187 0.009 0.05 0.247 0.02 0.141 0.012 0.17 0.205 0.011 0.043 0.023 0.02 0.025 0.004 0.005 0.009 0.004 0.034 0.005 0.006 0.006 0.009 0.006 0.031 0.035 0.003 0.006 0.009 0.007 0.029 0.004 0.008 0.007 0.006
0.092 0.066 0.085 0.411 0.103 0.014 0.051 0.042 0.042 0.049 0.02 0.17 0.192 0.095 0.038 0.18 0.167 0.065 0.262 0.145 0.509 0.001 0.054 0.04 0.188 0.627 0.841 0.026 0.026 0.017 0.202 0.187 1 0.05 0.233 0.009 0.129 0.021 0.065 0 0.466 0.245 0.058 0.203 0.195 0.154 0 0.025 0.049 0.028 0.048 0.018 0.02 0.014 0.033 0.053 0.109 0.069 0.025 0.033 0.021 0.032 0.076 0.024 0.013 0.039 0.041
0.022 0.019 0.02 0.047 0.011 0.002 0.005 0.005 0.002 0.002 0.001 0.019 0.021 0.006 0.003 0.011 0.009 0.119 0.047 0.011 0.031 0.003 0.003 0.003 0.011 0.031 0.041 0.001 0.001 0.001 0.011 0.009 0.05 1 0.012 0.03 0.009 0.002 0.003 0.009 0.025 0.053 0.004 0.001 0.001 0 0.001 0.001 0.002 0.002 0.004 0.001 0.001 0.002 0.006 0.003 0.002 0.014 0.002 0.002 0.002 0.002 0.002 0.001 0.002 0.001 0.002
0.026 0.039 0.043 0.239 0.045 0.015 0.018 0.016 0.007 0.011 0.082 0.033 0.03 0.02 0.011 0.028 0.037 0.086 0.156 0.056 0.185 0.035 0.015 0.001 0.056 0.205 0.138 0.105 0.007 0.004 0.057 0.05 0.233 0.012 1 0.174 0.048 0.009 0.017 0.1 0.465 0.11 0.089 0.061 0.06 0.064 0.002 0.007 0.012 0.009 0.084 0.09 0.007 0.008 0.038 0.206 0.075 0.08 0.008 0.133 0.013 0.122 0.068 0.006 0.01 0.007 0.011
0.088 0.072 0.099 0 0.03 0.03 0.065 0.052 0.033 0.068 0.014 0.044 0.048 0.084 0.07 0.031 0.236 0.016 0.077 0.021 0.006 0.029 0.067 0.013 0.037 0 0.016 0.018 0.038 0.002 0.276 0.247 0.009 0.03 0.174 1 0.233 0.047 0.099 0.452 0 0.055 0.341 0.23 0.218 0.192 0.003 0.039 0.07 0.035 0.277 0.017 0.011 0.011 0.112 0.033 0.262 0.282 0.027 0.023 0.065 0.023 0.21 0.037 0.014 0.031 0.03
0 0.001 0.001 0.024 0.005 0.01 0 0 0 0.13 0.004 0.024 0.032 0.004 0.197 0.029 0.605 0.038 0.186 0.019 0.098 0.011 0.225 0.016 0.014 0.094 0.108 0.006 0.005 0.002 0.024 0.02 0.129 0.009 0.048 0.233 1 0.008 0.014 0.259 0.11 0.029 0.556 0.71 0.707 0.737 0.004 0.006 0.149 0.091 0.45 0.005 0.006 0.005 0.241 0.014 0.495 0.558 0.076 0.007 0.075 0.007 0.513 0.005 0.008 0.012 0.097
0.006 0.012 0.013 0.032 0.009 0.002 0.004 0.003 0.002 0.002 0.001 0.009 0 0.005 0.002 0.014 0.004 0.076 0.042 0.009 0.022 0 0.003 0.003 0.009 0.025 0.026 0.001 0.001 0.001 0.122 0.141 0.021 0.002 0.009 0.047 0.008 1 0.002 0.006 0.014 0.053 0.013 0.009 0.009 0.01 0.001 0.001 0.002 0.001 0.007 0.001 0.001 0.001 0.006 0.003 0.011 0.012 0.001 0.001 0.002 0.001 0.011 0.001 0.001 0 0.002
0.11 0.05 0.121 0.051 0.016 0.278 0.007 0.006 0.003 0.003 0.001 0.141 0.132 0.047 0.004 0.135 0.012 0.023 0.046 0.016 0.075 0.004 0.005 0.258 0.016 0.099 0.076 0.002 0.223 0.001 0.018 0.012 0.065 0.003 0.017 0.099 0.014 0.002 1 0.003 0.036 0.033 0.184 0.016 0.016 0.009 0.001 0.403 0.003 0.002 0.166 0.002 0.002 0.19 0.025 0.005 0.043 0.092 0.002 0.002 0.012 0.002 0.045 0.375 0.003 0.004 0.003
0.027 0.017 0.033 0.004 0.045 0.02 0.101 0.082 0.045 0.044 0.011 0.01 0.011 0.118 0.048 0.005 0.181 0.008 0.069 0.041 0.011 0.019 0.05 0.026 0.056 0.005 0.001 0.014 0.002 0.007 0.206 0.17 0 0.009 0.1 0.452 0.259 0.006 0.003 1 0.002 0.057 0.24 0.233 0.229 0.244 0.011 0.004 0.041 0.021 0.217 0.012 0.005 0.004 0.117 0.037 0.225 0.204 0.018 0.018 0.028 0.002 0.236 0.006 0.021 0.023 0.037
0 0 0.001 0.209 0.004 0.024 0.072 0.06 0.047 0.023 0.039 0 0.004 0.04 0.015 0.001 0.069 0.032 0.118 0.004 0.21 0.008 0.023 0.001 0.01 0.256 0.356 0.05 0.008 0.007 0.13 0.205 0.466 0.025 0.465 0 0.11 0.014 0.036 0.002 1 0.138 0.195 0.127 0.125 0.143 0.007 0.015 0.025 0.019 0.185 0.046 0.016 0.017 0.08 0.131 0.157 0.177 0.017 0.064 0.026 0.063 0.152 0.013 0.021 0.016 0.024
0.061 0.044 0.056 0.214 0.061 0.006 0.04 0.04 0.021 0.007 0.01 0.074 0.061 0.039 0.019 0.08 0.014 0.162 0.056 0.064 0.212 0.001 0.015 0.02 0.071 0.242 0.198 0.013 0.014 0.001 0.015 0.011 0.245 0.053 0.11 0.055 0.029 0.053 0.033 0.057 0.138 1 0.079 0.033 0.031 0.039 0.008 0.012 0.011 0.003 0.057 0.013 0.042 0.015 0.041 0.032 0.04 0.058 0.008 0.015 0 0.016 0.058 0.012 0.007 0.067 0.01
0.032 0.019 0.039 0.002 0.001 0.034 0.004 0.003 0.003 0.099 0.008 0.001 0 0.002 0.107 0 0.417 0.038 0.111 0.007 0.032 0.016 0.119 0.022 0.004 0.022 0.04 0.01 0.034 0.004 0.008 0.043 0.058 0.004 0.089 0.341 0.556 0.013 0.184 0.24 0.195 0.079 1 0.652 0.629 0.682 0.008 0.073 0.129 0.046 0.847 0.008 0.011 0.028 0.348 0.026 0.727 0.821 0.056 0.012 0.136 0.012 0.71 0.069 0.015 0.021 0.084
0.002 0.001 0.001 0.047 0.023 0.012 0.011 0.01 0.01 0.156 0.005 0.052 0.064 0.027 0.156 0.065 0.636 0.011 0.275 0.051 0.159 0.009 0.18 0.019 0.043 0.153 0.17 0.006 0.006 0.003 0.029 0.023 0.203 0.001 0.061 0.23 0.71 0.009 0.016 0.233 0.127 0.033 0.652 1 0.949 0.859 0.005 0.007 0.198 0.077 0.535 0.005 0.007 0.006 0.321 0.017 0.703 0.606 0.091 0.008 0.126 0.008 0.583 0.006 0.01 0.013 0.133
0.001 0 0.001 0.049 0.023 0.012 0.01 0.01 0.01 0.139 0.005 0.056 0.068 0.026 0.168 0.063 0.617 0.009 0.276 0.05 0.156 0.01 0.178 0.018 0.042 0.15 0.161 0.006 0.006 0.003 0.025 0.02 0.195 0.001 0.06 0.218 0.707 0.009 0.016 0.229 0.125 0.031 0.629 0.949 1 0.843 0.005 0.007 0.202 0.088 0.539 0.005 0.007 0.005 0.3 0.016 0.689 0.592 0.104 0.008 0.128 0.008 0.569 0.006 0.009 0.013 0.147
0 0.001 0 0.031 0.007 0.014 0 0 0.001 0.115 0.006 0.028 0.037 0.003 0.149 0.036 0.549 0.013 0.227 0.021 0.116 0.011 0.169 0.021 0.016 0.11 0.129 0.007 0.007 0.003 0.024 0.025 0.154 0 0.064 0.192 0.737 0.01 0.009 0.244 0.143 0.039 0.682 0.859 0.843 1 0.006 0.008 0.177 0.082 0.59 0.006 0.008 0.006 0.322 0.019 0.659 0.664 0.074 0.009 0.111 0.009 0.636 0.007 0.011 0.015 0.128
0.012 0.015 0.013 0.006 0.01 0.01 0.002 0.002 0.001 0.001 0 0.017 0.016 0.003 0.001 0.02 0.004 0 0.003 0.012 0.001 0.001 0.001 0.006 0 0.001 0 0.002 0.026 0 0.005 0.004 0 0.001 0.002 0.003 0.004 0.001 0.001 0.011 0.007 0.008 0.008 0.005 0.005 0.006 1 0.001 0.001 0.001 0.008 0.001 0.001 0.019 0.003 0.001 0.006 0.007 0.001 0.001 0.001 0.001 0.006 0.001 0.448 0.021 0.001
0.034 0.041 0.037 0.013 0.006 0.267 0.003 0.003 0.001 0.001 0.001 0.048 0.044 0.004 0.001 0.035 0.005 0.009 0.017 0.006 0.021 0.002 0.002 0.302 0.006 0.039 0.03 0.001 0.183 0 0.006 0.005 0.025 0.001 0.007 0.039 0.006 0.001 0.403 0.004 0.015 0.012 0.073 0.007 0.007 0.008 0.001 1 0.001 0.001 0.077 0.001 0.001 0.472 0.004 0.002 0.008 0.045 0.001 0.001 0.001 0.001 0.008 0.895 0.001 0.002 0.001
0.078 0.093 0.086 0.036 0.006 0.003 0.004 0.004 0.002 0 0.001 0.013 0.009 0.006 0.003 0.018 0.226 0.016 0.057 0.011 0.034 0.003 0.003 0.004 0.011 0.032 0.042 0.001 0.001 0.001 0.01 0.009 0.049 0.002 0.012 0.07 0.149 0.002 0.003 0.041 0.025 0.011 0.129 0.198 0.202 0.177 0.001 0.001 1 0.001 0.117 0.001 0.001 0.001 0.021 0.003 0.161 0.119 0.001 0.002 0.342 0.002 0.045 0.001 0.002 0.003 0.002
0.004 0.002 0.003 0.011 0 0 0.001 0.002 0.002 0.327 0.001 0.012 0.013 0.005 0.001 0.014 0.094 0.006 0.026 0.008 0.023 0.002 0.002 0.003 0.008 0.019 0.024 0.001 0.001 0.001 0.005 0.004 0.028 0.002 0.009 0.035 0.091 0.001 0.002 0.021 0.019 0.003 0.046 0.077 0.088 0.082 0.001 0.001 0.001 1 0.073 0.001 0.001 0.001 0.005 0.002 0.084 0.076 0.226 0.001 0.001 0.001 0.067 0.001 0.001 0.002 0.444
0.029 0.016 0.036 0.002 0.001 0.029 0.003 0.002 0.002 0.084 0.007 0.003 0 0.002 0.088 0 0.334 0.026 0.098 0.006 0.031 0.015 0.066 0.017 0.006 0.02 0.032 0.009 0.023 0.004 0.004 0.034 0.048 0.004 0.084 0.277 0.45 0.007 0.166 0.217 0.185 0.057 0.847 0.535 0.539 0.59 0.008 0.077 0.117 0.073 1 0.008 0.01 0.03 0.274 0.024 0.738 0.784 0.093 0.012 0.124 0.012 0.672 0.073 0.014 0.02 0.127
0.003 0.001 0.002 0.024 0.003 0.002 0 0 0.001 0.001 0.014 0.003 0 0.003 0.001 0.003 0.002 0.008 0.012 0.006 0.02 0 0.002 0.001 0.006 0.021 0.015 0.276 0.001 0 0.006 0.005 0.018 0.001 0.09 0.017 0.005 0.001 0.002 0.012 0.046 0.013 0.008 0.005 0.005 0.006 0.001 0.001 0.001 0.001 0.008 1 0.001 0.001 0.004 0.002 0.007 0.009 0.001 0.328 0.001 0.001 0.006 0.001 0.001 0.001 0.001
0.011 0.01 0.01 0.025 0.006 0.002 0.003 0.003 0.001 0.001 0.001 0.01 0.008 0.004 0.001 0.011 0.004 0.002 0.007 0.006 0.02 0.196 0.001 0.003 0.007 0.02 0.026 0.001 0.001 0.016 0.007 0.006 0.02 0.001 0.007 0.011 0.006 0.001 0.002 0.005 0.016 0.042 0.011 0.007 0.007 0.008 0.001 0.001 0.001 0.001 0.01 0.001 1 0.001 0.004 0.002 0.009 0.01 0.001 0.001 0.001 0.001 0.008 0.001 0.001 0.002 0.001
0.027 0.034 0.031 0.022 0.001 0.154 0.003 0.003 0.001 0.001 0.001 0.072 0.068 0.004 0.002 0.058 0.006 0.011 0.021 0.003 0.02 0.002 0.002 0.152 0 0.028 0.017 0.001 0.13 0.001 0.007 0.006 0.014 0.002 0.008 0.011 0.005 0.001 0.19 0.004 0.017 0.015 0.028 0.006 0.005 0.006 0.019 0.472 0.001 0.001 0.03 0.001 0.001 1 0.001 0.002 0.007 0.012 0.001 0.001 0 0.001 0.007 0.41 0.007 0.004 0.001
0.001 0.005 0 0.014 0.002 0.003 0.013 0.014 0.007 0 0.003 0.001 0.002 0.002 0.268 0 0.189 0.004 0.075 0 0.025 0.005 0.309 0.006 0.001 0.023 0.023 0.004 0 0.001 0.001 0.009 0.033 0.006 0.038 0.112 0.241 0.006 0.025 0.117 0.08 0.041 0.348 0.321 0.3 0.322 0.003 0.004 0.021 0.005 0.274 0.004 0.004 0.001 1 0.01 0.368 0.354 0.005 0.005 0.001 0.005 0.383 0.004 0.006 0.008 0
0.021 0.02 0.021 0.055 0.009 0.004 0.001 0.001 0.003 0.003 0.001 0.017 0.021 0.003 0.004 0.017 0.013 0.021 0.044 0.008 0.003 0.163 0.005 0.006 0.008 0.004 0.001 0.002 0.002 0.001 0.008 0.006 0.053 0.003 0.206 0.033 0.014 0.003 0.005 0.037 0.131 0.032 0.026 0.017 0.016 0.019 0.001 0.002 0.003 0.002 0.024 0.002 0.002 0.002 0.01 1 0.021 0.023 0.002 0.002 0.003 0.002 0.02 0.002 0.003 0.001 0.003
0.007 0.001 0.01 0.011 0.002 0 0.017 0.014 0.012 0.099 0.006 0.006 0.011 0 0.128 0.017 0.437 0.019 0.157 0.012 0.074 0.012 0.11 0.003 0.012 0.066 0.083 0.008 0.001 0.003 0.002 0.031 0.109 0.002 0.075 0.262 0.495 0.011 0.043 0.225 0.157 0.04 0.727 0.703 0.689 0.659 0.006 0.008 0.161 0.084 0.738 0.007 0.009 0.007 0.368 0.021 1 0.671 0.11 0.01 0.169 0.01 0.788 0.007 0.012 0.017 0.147
0.013 0.013 0.022 0.006 0.002 0.014 0.002 0.002 0.002 0.11 0.007 0 0.001 0 0.119 0.001 0.44 0.036 0.11 0.009 0.045 0.014 0.133 0.007 0.006 0.032 0.05 0.009 0.02 0.004 0.01 0.035 0.069 0.014 0.08 0.282 0.558 0.012 0.092 0.204 0.177 0.058 0.821 0.606 0.592 0.664 0.007 0.045 0.119 0.076 0.784 0.009 0.01 0.012 0.354 0.023 0.671 1 0.098 0.011 0.15 0.011 0.652 0.04 0.013 0.017 0.132
0.001 0.001 0.001 0.008 0 0 0.002 0.003 0.001 0.166 0.001 0.01 0.011 0.004 0.001 0.012 0.107 0.005 0.032 0.007 0.02 0.002 0.001 0.003 0.007 0.019 0.021 0.001 0.001 0.001 0.004 0.003 0.025 0.002 0.008 0.027 0.076 0.001 0.002 0.018 0.017 0.008 0.056 0.091 0.104 0.074 0.001 0.001 0.001 0.226 0.093 0.001 0.001 0.001 0.005 0.002 0.11 0.098 1 0.001 0.002 0.001 0.086 0.001 0.001 0.002 0.388
0.001 0.011 0.012 0.033 0.007 0.002 0.003 0.002 0.001 0.002 0 0.011 0.005 0.003 0.002 0.01 0.006 0.011 0.023 0.008 0.038 0 0.002 0.001 0.008 0.041 0.031 0.666 0.001 0 0.008 0.006 0.033 0.002 0.133 0.023 0.007 0.001 0.002 0.018 0.064 0.015 0.012 0.008 0.008 0.009 0.001 0.001 0.002 0.001 0.012 0.328 0.001 0.001 0.005 0.002 0.01 0.011 0.001 1 0.002 0.001 0.01 0.001 0.001 0.002 0.002
0.043 0.031 0.048 0.013 0.002 0 0.005 0.004 0.002 0.002 0.001 0.001 0 0 0.003 0.001 0.082 0.013 0.013 0.002 0.01 0.003 0.003 0 0.002 0.009 0.016 0.001 0.001 0.001 0.001 0.009 0.021 0.002 0.013 0.065 0.075 0.002 0.012 0.028 0.026 0 0.136 0.126 0.128 0.111 0.001 0.001 0.342 0.001 0.124 0.001 0.001 0 0.001 0.003 0.169 0.15 0.002 0.002 1 0.002 0.06 0.001 0.002 0.003 0.001
0.008 0.012 0.013 0.029 0.008 0.001 0.004 0.003 0.001 0.002 0.001 0.012 0.008 0.004 0 0.01 0.004 0.012 0.019 0.008 0.041 0.002 0.001 0.001 0.008 0.049 0.038 0.001 0 0.001 0.008 0.007 0.032 0.002 0.122 0.023 0.007 0.001 0.002 0.002 0.063 0.016 0.012 0.008 0.008 0.009 0.001 0.001 0.002 0.001 0.012 0.001 0.001 0.001 0.005 0.002 0.01 0.011 0.001 0.001 0.002 1 0.01 0.001 0.001 0.002 0.001
0.003 0 0.005 0.017 0 0 0.002 0.001 0.002 0.088 0.006 0 0.002 0.006 0.128 0.002 0.334 0.017 0.115 0.002 0.048 0.012 0.147 0.003 0.002 0.042 0.058 0.008 0.001 0.003 0.002 0.029 0.076 0.002 0.068 0.21 0.513 0.011 0.045 0.236 0.152 0.058 0.71 0.583 0.569 0.636 0.006 0.008 0.045 0.067 0.672 0.006 0.008 0.007 0.383 0.02 0.788 0.652 0.086 0.01 0.06 0.01 1 0.007 0.012 0.016 0.134
0.03 0.037 0.034 0.012 0.006 0.29 0.003 0.002 0.001 0.001 0.001 0.044 0.041 0.003 0.001 0.041 0.004 0.009 0.017 0.006 0.019 0.001 0.002 0.281 0.006 0.037 0.028 0.001 0.144 0 0.006 0.004 0.024 0.001 0.006 0.037 0.005 0.001 0.375 0.006 0.013 0.012 0.069 0.006 0.006 0.007 0.001 0.895 0.001 0.001 0.073 0.001 0.001 0.41 0.004 0.002 0.007 0.04 0.001 0.001 0.001 0.001 0.007 1 0.001 0.001 0.001
0.007 0.01 0.009 0 0.001 0.036 0.004 0.004 0.002 0.002 0 0.012 0.01 0.005 0.002 0.014 0.007 0.008 0 0.001 0 0.002 0.003 0.021 0.002 0.005 0.014 0.001 0.011 0.001 0.009 0.008 0.013 0.002 0.01 0.014 0.008 0.001 0.003 0.021 0.021 0.007 0.015 0.01 0.009 0.011 0.448 0.001 0.002 0.001 0.014 0.001 0.001 0.007 0.006 0.003 0.012 0.013 0.001 0.001 0.002 0.001 0.012 0.001 1 0.133 0.002
0.01 0.007 0.008 0.023 0.003 0.001 0.006 0.005 0.002 0.003 0.001 0.004 0.005 0.007 0.003 0.003 0.009 0.043 0.008 0.003 0.021 0.003 0.004 0.002 0.013 0.027 0.032 0.002 0.001 0.001 0.004 0.007 0.039 0.001 0.007 0.031 0.012 0 0.004 0.023 0.016 0.067 0.021 0.013 0.013 0.015 0.021 0.002 0.003 0.002 0.02 0.001 0.002 0.004 0.008 0.001 0.017 0.017 0.002 0.002 0.003 0.002 0.016 0.001 0.133 1 0.002
0.004 0.003 0.003 0.016 0.001 0.001 0.001 0.001 0.002 0.253 0.001 0.015 0.016 0.005 0.002 0.016 0.131 0.004 0.046 0.01 0.031 0.002 0.002 0.004 0.01 0.027 0.034 0.001 0.001 0.001 0.007 0.006 0.041 0.002 0.011 0.03 0.097 0.002 0.003 0.037 0.024 0.01 0.084 0.133 0.147 0.128 0.001 0.001 0.002 0.444 0.127 0.001 0.001 0.001 0 0.003 0.147 0.132 0.388 0.002 0.001 0.001 0.134 0.001 0.002 0.002 1
