1 0.838 0.875 0.45 0.352 0.148 0.253 0.228 0.071 0.015 0.037 0.531 0.505 0.207 0.035 0.525 0.001 0.14 0.119 0.302 0.288 0.01 0.038 0.17 0.247 0.238 0.116 0 0.052 0.01 0.03 0.021 0.094 0.02 0.013 0.064 0.001 0.004 0.08 0.007 0.002 0.048 0.015 0.006 0.005 0.001 0.01 0.021 0.034 0.007 0.017 0.004 0.003 0.021 0.028 0.014 0 0.011 0.001 0 0.029 0.002 0 0.026 0.009 0.004 0.001
0.838 1 0.936 0.405 0.34 0.176 0.3 0.271 0.085 0.013 0.044 0.566 0.54 0.203 0.03 0.552 0 0.118 0.088 0.295 0.26 0.028 0.032 0.204 0.258 0.225 0.11 0 0.063 0.01 0.031 0.034 0.077 0.017 0.036 0.081 0 0.008 0.057 0.011 0 0.04 0.017 0.002 0.002 0 0.014 0.028 0.043 0.005 0.019 0.005 0.007 0.027 0.028 0.03 0 0.015 0.001 0 0.023 0.006 0 0.032 0.013 0.002 0.002
0.875 0.936 1 0.428 0.398 0.167 0.285 0.257 0.08 0.013 0.042 0.609 0.58 0.236 0.031 0.598 0 0.121 0.094 0.346 0.291 0.03 0.034 0.193 0.285 0.239 0.118 0 0.059 0.013 0.041 0.029 0.083 0.018 0.037 0.085 0 0.009 0.092 0.014 0 0.04 0.023 0.004 0.003 0 0.012 0.025 0.04 0.006 0.025 0.005 0.002 0.025 0.024 0.031 0.001 0.019 0.001 0 0.035 0.007 0.002 0.03 0.012 0.003 0.001
0.45 0.405 0.428 1 0.188 0.064 0.129 0.116 0.036 0.03 0.022 0.286 0.273 0.106 0.07 0.262 0.023 0.316 0.364 0.165 0.518 0.017 0.066 0.072 0.123 0.458 0.229 0.028 0.017 0.028 0 0 0.346 0.04 0.213 0.002 0.025 0.023 0.037 0.021 0.178 0.165 0.004 0.048 0.045 0.032 0.009 0.005 0.016 0.009 0.002 0.015 0.008 0.014 0.059 0.085 0.02 0.004 0 0.029 0.008 0.013 0.017 0.009 0.002 0.01 0
0.352 0.34 0.398 0.188 1 0.014 0.551 0.541 0.151 0.006 0.004 0.47 0.439 0.525 0.014 0.452 0.031 0.077 0.138 0.761 0.25 0.013 0.015 0.018 0.638 0.2 0.139 0.005 0.006 0.006 0.164 0.129 0.107 0.008 0.032 0.022 0.006 0.006 0 0.048 0.026 0.022 0.005 0.032 0.03 0.006 0 0.007 0.001 0.003 0.004 0.003 0.001 0.006 0.015 0.012 0.013 0.004 0.002 0.006 0 0.003 0.001 0.005 0 0.002 0.005
0.148 0.176 0.167 0.064 0.014 1 0.009 0.008 0.002 0.002 0.001 0.182 0.173 0.01 0.005 0.177 0.013 0.015 0.036 0.015 0.083 0.006 0.006 0.64 0.015 0.075 0.026 0.002 0.357 0.002 0.018 0.017 0.023 0.003 0.017 0.041 0.013 0.002 0.356 0.033 0.042 0.011 0.032 0.015 0.014 0.018 0.062 0.21 0.003 0 0.027 0.001 0.002 0.193 0.002 0.007 0.001 0.019 0 0.002 0.002 0.001 0.002 0.22 0.063 0.001 0.001
0.253 0.3 0.285 0.129 0.551 0.009 1 0.902 0.282 0.004 0.003 0.3 0.285 0.693 0.009 0.295 0.019 0.049 0.086 0.526 0.172 0.007 0.01 0.011 0.516 0.162 0.114 0.002 0.004 0.004 0.247 0.267 0.095 0.005 0.022 0.059 0.001 0.004 0.007 0.105 0.094 0.025 0.006 0.024 0.023 0.001 0.004 0.005 0.001 0.001 0.003 0.001 0.003 0.004 0.016 0.006 0.03 0.003 0.001 0.003 0.008 0.002 0.002 0.003 0.004 0.005 0.002
0.228 0.271 0.257 0.116 0.541 0.008 0.902 1 0.313 0.003 0.002 0.27 0.257 0.621 0.008 0.264 0.017 0.044 0.077 0.473 0.156 0.007 0.009 0.01 0.48 0.151 0.107 0.003 0.004 0.003 0.217 0.235 0.088 0.005 0.02 0.052 0 0.003 0.006 0.094 0.081 0.038 0.004 0.022 0.021 0 0.003 0.004 0 0.001 0.002 0.002 0.003 0.003 0.015 0.005 0.027 0.002 0.001 0.003 0.007 0.002 0.001 0.003 0.003 0.005 0.002
0.071 0.085 0.08 0.036 0.151 0.002 0.282 0.313 1 0.001 0.001 0.088 0.083 0.243 0.003 0.084 0.006 0.014 0.026 0.146 0.048 0.001 0.003 0.003 0.148 0.049 0.033 0.001 0.001 0.001 0.033 0.036 0.03 0.001 0.005 0.003 0.001 0.001 0.002 0.015 0.009 0.015 0.002 0.008 0.007 0.005 0.001 0.001 0.001 0.001 0.003 0 0.001 0.001 0.005 0.002 0.009 0.002 0.001 0.001 0.002 0.001 0.004 0.001 0.001 0.001 0.001
0.015 0.013 0.013 0.03 0.006 0.002 0.004 0.003 0.001 1 0.001 0.002 0.001 0.004 0.002 0.001 0.156 0.013 0.036 0.007 0.02 0.002 0.003 0.003 0.007 0.018 0.025 0.001 0 0.001 0.008 0.007 0.031 0.001 0.008 0.041 0.118 0.001 0.001 0.039 0.018 0 0.08 0.116 0.097 0.083 0.001 0 0.014 0.245 0.084 0 0.001 0 0 0.003 0.075 0.059 0.028 0.001 0.065 0.001 0.079 0 0.001 0.001 0.09
0.037 0.044 0.042 0.022 0.004 0.001 0.003 0.002 0.001 0.001 1 0.046 0.044 0.003 0.002 0.047 0.004 0.008 0.016 0.005 0.027 0 0.002 0.2 0.004 0.027 0.02 0.155 0.001 0.001 0.005 0.005 0.019 0.001 0.083 0.016 0.004 0.001 0.001 0.012 0.026 0.01 0.007 0.005 0.005 0.006 0 0.001 0.001 0.001 0.007 0.002 0.001 0.001 0.003 0.002 0.005 0.007 0 0.114 0.001 0 0.006 0.001 0 0 0.001
0.531 0.566 0.609 0.286 0.47 0.182 0.3 0.27 0.088 0.002 0.046 1 0.891 0.284 0.021 0.765 0.046 0.115 0.204 0.449 0.399 0.023 0.023 0.211 0.35 0.34 0.202 0 0.066 0.012 0.057 0.043 0.161 0.017 0.02 0.037 0.021 0.01 0.102 0.003 0.004 0.035 0 0.056 0.054 0.028 0.025 0.029 0.002 0.008 0 0.004 0.003 0.05 0.014 0.018 0.019 0 0.006 0 0.001 0.006 0.006 0.034 0.023 0 0.012
0.505 0.54 0.58 0.273 0.439 0.173 0.285 0.257 0.083 0.001 0.044 0.891 1 0.269 0.022 0.74 0.047 0.117 0.208 0.434 0.364 0.006 0.025 0.201 0.351 0.303 0.178 0 0.066 0.012 0.057 0.043 0.154 0.017 0.021 0.032 0.026 0.007 0.1 0.002 0.003 0.026 0 0.063 0.06 0.033 0.023 0.03 0.001 0.008 0 0.004 0 0.051 0.016 0.019 0.023 0 0.007 0 0.002 0.005 0.009 0.035 0.022 0 0.013
0.207 0.203 0.236 0.106 0.525 0.01 0.693 0.621 0.243 0.004 0.003 0.284 0.269 1 0.01 0.356 0.025 0.056 0.105 0.586 0.208 0.008 0.011 0.013 0.577 0.195 0.139 0.003 0.005 0.003 0.292 0.238 0.115 0.006 0.019 0.068 0.003 0.004 0.001 0.118 0.087 0.025 0.002 0.031 0.029 0.003 0.004 0.005 0.001 0.004 0 0.001 0.004 0.004 0.008 0.007 0.015 0.001 0.003 0.004 0.001 0.002 0 0.004 0.004 0.006 0.005
0.035 0.03 0.031 0.07 0.014 0.005 0.009 0.008 0.003 0.002 0.002 0.021 0.022 0.01 1 0.028 0.409 0.03 0.099 0.016 0.048 0.006 0.922 0.007 0.016 0.043 0.056 0.002 0.002 0.002 0.018 0.016 0.073 0.003 0.016 0.086 0.323 0.002 0.004 0.049 0.039 0.019 0.192 0.275 0.236 0.245 0.002 0.003 0.002 0.001 0.11 0.001 0.003 0.002 0.498 0.007 0.228 0.193 0.001 0.003 0.005 0 0.214 0.002 0.002 0.003 0.002
0.525 0.552 0.598 0.262 0.452 0.177 0.295 0.264 0.084 0.001 0.047 0.765 0.74 0.356 0.028 1 0.05 0.129 0.228 0.556 0.463 0.029 0.03 0.209 0.46 0.385 0.226 0 0.061 0.01 0.078 0.061 0.176 0.011 0.027 0.044 0.025 0.012 0.098 0.006 0.006 0.049 0 0.062 0.064 0.032 0.026 0.026 0.009 0.01 0 0.004 0.004 0.046 0.014 0.03 0.024 0.001 0.009 0 0.003 0.006 0.009 0.034 0.024 0 0.015
0.001 0 0 0.023 0.031 0.013 0.019 0.017 0.006 0.156 0.004 0.046 0.047 0.025 0.409 0.05 1 0.071 0.237 0.04 0.111 0.014 0.438 0.017 0.039 0.101 0.134 0.005 0.001 0.005 0.045 0.041 0.174 0.007 0.041 0.211 0.652 0.002 0.004 0.127 0.094 0.02 0.476 0.666 0.595 0.555 0.005 0.002 0.148 0.036 0.372 0.003 0.006 0.001 0.253 0.017 0.524 0.452 0.04 0.006 0.173 0.001 0.442 0 0.006 0.006 0.08
0.14 0.118 0.121 0.316 0.077 0.015 0.049 0.044 0.014 0.013 0.008 0.115 0.117 0.056 0.03 0.129 0.071 1 0.455 0.088 0.237 0.031 0.032 0.032 0.058 0.19 0.03 0.011 0.013 0.065 0.032 0.036 0.059 0.075 0.071 0.008 0.05 0.05 0.015 0 0.019 0.115 0.043 0.016 0.01 0.018 0.002 0.001 0.017 0 0.029 0.006 0 0.008 0.003 0.03 0.019 0.035 0 0.01 0.019 0.006 0.021 0.007 0.001 0.019 0
0.119 0.088 0.094 0.364 0.138 0.036 0.086 0.077 0.026 0.036 0.016 0.204 0.208 0.105 0.099 0.228 0.237 0.455 1 0.164 0.448 0.059 0.105 0.063 0.125 0.374 0.164 0.021 0.016 0.034 0 0.001 0.252 0.035 0.144 0.078 0.165 0.03 0.024 0.072 0.111 0.029 0.113 0.25 0.244 0.193 0.008 0.003 0.028 0.017 0.098 0.011 0.003 0.01 0.109 0.06 0.179 0.111 0.023 0.021 0.033 0.008 0.139 0.007 0.001 0.003 0.04
0.302 0.295 0.346 0.165 0.761 0.015 0.526 0.473 0.146 0.007 0.005 0.449 0.434 0.586 0.016 0.556 0.04 0.088 0.164 1 0.301 0.016 0.017 0.02 0.824 0.246 0.171 0.005 0.007 0.005 0.215 0.179 0.132 0.009 0.048 0.025 0.014 0.007 0 0.059 0.031 0.028 0.014 0.049 0.046 0.015 0.001 0.008 0.003 0.006 0.01 0.002 0.001 0 0.009 0.016 0.026 0.012 0.005 0.007 0.004 0.003 0.006 0.006 0.001 0.003 0.009
0.288 0.26 0.291 0.518 0.25 0.083 0.172 0.156 0.048 0.02 0.027 0.399 0.364 0.208 0.048 0.463 0.111 0.237 0.448 0.301 1 0.051 0.051 0.134 0.277 0.82 0.558 0.031 0.037 0.018 0.024 0.016 0.444 0.026 0.094 0 0.077 0.015 0.059 0.01 0.161 0.136 0.025 0.135 0.128 0.087 0.008 0.017 0.013 0.015 0.022 0.011 0.008 0.033 0.044 0 0.081 0.029 0.013 0.035 0.016 0.019 0.054 0.022 0.001 0.004 0.026
0.01 0.028 0.03 0.017 0.013 0.006 0.007 0.007 0.001 0.002 0 0.023 0.006 0.008 0.006 0.029 0.014 0.031 0.059 0.016 0.051 1 0.006 0.007 0.017 0.05 0.067 0 0.003 0.002 0.019 0.018 0.015 0.003 0.131 0.05 0.016 0 0.004 0.032 0.04 0.005 0.024 0.016 0.015 0.019 0.002 0.003 0.003 0.002 0.023 0.002 0.052 0.002 0.008 0.309 0.019 0.024 0.002 0 0.005 0.001 0.019 0.002 0.003 0.003 0.003
0.038 0.032 0.034 0.066 0.015 0.006 0.01 0.009 0.003 0.003 0.002 0.023 0.025 0.011 0.922 0.03 0.438 0.032 0.105 0.017 0.051 0.006 1 0.007 0.017 0.046 0.06 0.002 0.003 0.002 0.02 0.018 0.079 0.003 0.016 0.093 0.349 0.002 0.005 0.05 0.041 0.022 0.208 0.293 0.241 0.26 0.002 0.003 0.003 0.001 0.112 0.001 0.003 0.003 0.53 0.007 0.241 0.205 0.001 0.003 0.005 0 0.229 0.002 0.003 0.003 0.002
0.17 0.204 0.193 0.072 0.018 0.64 0.011 0.01 0.003 0.003 0.2 0.211 0.201 0.013 0.007 0.209 0.017 0.032 0.063 0.02 0.134 0.007 0.007 1 0.02 0.113 0.064 0.022 0.292 0.003 0.023 0.021 0.055 0.004 0.001 0.023 0.018 0.003 0.315 0.043 0.01 0.033 0.024 0.019 0.018 0.023 0.047 0.222 0.004 0.003 0.018 0.001 0.003 0.194 0.005 0.008 0.004 0.012 0.002 0.014 0.003 0.002 0.007 0.228 0.045 0 0.004
0.247 0.258 0.285 0.123 0.638 0.015 0.516 0.48 0.148 0.007 0.004 0.35 0.351 0.577 0.016 0.46 0.039 0.058 0.125 0.824 0.277 0.017 0.017 0.02 1 0.308 0.226 0.006 0.007 0.005 0.288 0.247 0.18 0.009 0.048 0.046 0.013 0.007 0 0.09 0.054 0.039 0.014 0.048 0.046 0.014 0.004 0.008 0.003 0.006 0.01 0.003 0.007 0 0.009 0.015 0.025 0.011 0.005 0.007 0.004 0.003 0.005 0.006 0.004 0.009 0.009
0.238 0.225 0.239 0.458 0.2 0.075 0.162 0.151 0.049 0.018 0.027 0.34 0.303 0.195 0.043 0.385 0.101 0.19 0.374 0.246 0.82 0.05 0.046 0.113 0.308 1 0.665 0.033 0.052 0.019 0.041 0.032 0.541 0.027 0.103 0.002 0.083 0.02 0.087 0.004 0.197 0.166 0.021 0.143 0.136 0.092 0.006 0.031 0.018 0.009 0.015 0.011 0.016 0.05 0.044 0 0.08 0.022 0.012 0.036 0.02 0.025 0.053 0.042 0.001 0.01 0.019
0.116 0.11 0.118 0.229 0.139 0.026 0.114 0.107 0.033 0.025 0.02 0.202 0.178 0.139 0.056 0.226 0.134 0.03 0.164 0.171 0.558 0.067 0.06 0.064 0.226 0.665 1 0.023 0.024 0.026 0.286 0.269 0.782 0.036 0.061 0.039 0.115 0.02 0.06 0.009 0.35 0.178 0.048 0.184 0.16 0.121 0 0.021 0.026 0.01 0.035 0.007 0.024 0.034 0.058 0 0.113 0.047 0.007 0.025 0.033 0.019 0.083 0.031 0.003 0.01 0.022
0 0 0 0.028 0.005 0.002 0.002 0.003 0.001 0.001 0.155 0 0 0.003 0.002 0 0.005 0.011 0.021 0.005 0.031 0 0.002 0.022 0.006 0.033 0.023 1 0.001 0.001 0.007 0.007 0.027 0.001 0.116 0.022 0.006 0.001 0.001 0.017 0.049 0.014 0.01 0.007 0.006 0.008 0.013 0.001 0.001 0.001 0.009 0.088 0.001 0.001 0.004 0.003 0.008 0.01 0.001 0.729 0.002 0.001 0.008 0.001 0.001 0.001 0.001
0.052 0.063 0.059 0.017 0.006 0.357 0.004 0.004 0.001 0 0.001 0.066 0.066 0.005 0.002 0.061 0.001 0.013 0.016 0.007 0.037 0.003 0.003 0.292 0.007 0.052 0.024 0.001 1 0.001 0.008 0.008 0.031 0.001 0.008 0.043 0.007 0.001 0.203 0.015 0.019 0.016 0.022 0.008 0.007 0.009 0.149 0.116 0.001 0.001 0.017 0 0.001 0.085 0 0.003 0 0.013 0.001 0.001 0.002 0.001 0 0.146 0.137 0 0.001
0.01 0.01 0.013 0.028 0.006 0.002 0.004 0.003 0.001 0.001 0.001 0.012 0.012 0.003 0.002 0.01 0.005 0.065 0.034 0.005 0.018 0.002 0.002 0.003 0.005 0.019 0.026 0.001 0.001 1 0.007 0.007 0.032 0.001 0.007 0.008 0.005 0.001 0.002 0.016 0.016 0 0.009 0.006 0.005 0.007 0.001 0.001 0.001 0.001 0.009 0 0.017 0.001 0.003 0.003 0.007 0.009 0.001 0 0.002 0.001 0.007 0.001 0.001 0.001 0.001
0.03 0.031 0.041 0 0.164 0.018 0.247 0.217 0.033 0.008 0.005 0.057 0.057 0.292 0.018 0.078 0.045 0.032 0 0.215 0.024 0.019 0.02 0.023 0.288 0.041 0.286 0.007 0.008 0.007 1 0.927 0.229 0.01 0.059 0.279 0.047 0.085 0 0.252 0.254 0.025 0.052 0.052 0.04 0.051 0.008 0.01 0.004 0.001 0.039 0.004 0.009 0.008 0.017 0.022 0.029 0.044 0 0.009 0.006 0.004 0.03 0.007 0.008 0.004 0.003
0.021 0.034 0.029 0 0.129 0.017 0.267 0.235 0.036 0.007 0.005 0.043 0.043 0.238 0.016 0.061 0.041 0.036 0.001 0.179 0.016 0.018 0.018 0.021 0.247 0.032 0.269 0.007 0.008 0.007 0.927 1 0.217 0.01 0.058 0.266 0.044 0.092 0.013 0.233 0.284 0.021 0.074 0.048 0.037 0.049 0.007 0.008 0.004 0.001 0.058 0.003 0.008 0.007 0.026 0.02 0.049 0.061 0 0.008 0.015 0.004 0.05 0.006 0.007 0.004 0.003
0.094 0.077 0.083 0.346 0.107 0.023 0.095 0.088 0.03 0.031 0.019 0.161 0.154 0.115 0.073 0.176 0.174 0.059 0.252 0.132 0.444 0.015 0.079 0.055 0.18 0.541 0.782 0.027 0.031 0.032 0.229 0.217 1 0.045 0.205 0.013 0.154 0.015 0.049 0 0.52 0.253 0.082 0.236 0.209 0.167 0.001 0.015 0.034 0.014 0.064 0.013 0.025 0.027 0.081 0.078 0.158 0.08 0.011 0.028 0.044 0.015 0.121 0.025 0.001 0.014 0.029
0.02 0.017 0.018 0.04 0.008 0.003 0.005 0.005 0.001 0.001 0.001 0.017 0.017 0.006 0.003 0.011 0.007 0.075 0.035 0.009 0.026 0.003 0.003 0.004 0.009 0.027 0.036 0.001 0.001 0.001 0.01 0.01 0.045 1 0.002 0.009 0 0.001 0.002 0 0.02 0.012 0 0 0.001 0.001 0.001 0.008 0.002 0.001 0 0.001 0.001 0.001 0.002 0.002 0 0.001 0.001 0.001 0.002 0.001 0 0.001 0 0.013 0.002
0.013 0.036 0.037 0.213 0.032 0.017 0.022 0.02 0.005 0.008 0.083 0.02 0.021 0.019 0.016 0.027 0.041 0.071 0.144 0.048 0.094 0.131 0.016 0.001 0.048 0.103 0.061 0.116 0.008 0.007 0.059 0.058 0.205 0.002 1 0.189 0.05 0.008 0.014 0.12 0.361 0.082 0.084 0.056 0.053 0.066 0 0.001 0.01 0.007 0.08 0.02 0.005 0.008 0.033 0.335 0.067 0.084 0.006 0.128 0.015 0.066 0.066 0.007 0.006 0.002 0.01
0.064 0.081 0.085 0.002 0.022 0.041 0.059 0.052 0.003 0.041 0.016 0.037 0.032 0.068 0.086 0.044 0.211 0.008 0.078 0.025 0 0.05 0.093 0.023 0.046 0.002 0.039 0.022 0.043 0.008 0.279 0.266 0.013 0.009 0.189 1 0.203 0.033 0.069 0.395 0.002 0.078 0.254 0.194 0.167 0.131 0 0.025 0.054 0.009 0.193 0.011 0.012 0.024 0.082 0.069 0.195 0.212 0.009 0.026 0.072 0.013 0.148 0.035 0 0.016 0.015
0.001 0 0 0.025 0.006 0.013 0.001 0 0.001 0.118 0.004 0.021 0.026 0.003 0.323 0.025 0.652 0.05 0.165 0.014 0.077 0.016 0.349 0.018 0.013 0.083 0.115 0.006 0.007 0.005 0.047 0.044 0.154 0 0.05 0.203 1 0.007 0.012 0.219 0.123 0.034 0.585 0.72 0.643 0.739 0.006 0.008 0.09 0.048 0.484 0.003 0.007 0.005 0.3 0.019 0.568 0.566 0.052 0.007 0.138 0.004 0.661 0.006 0.007 0.009 0.088
0.004 0.008 0.009 0.023 0.006 0.002 0.004 0.003 0.001 0.001 0.001 0.01 0.007 0.004 0.002 0.012 0.002 0.05 0.03 0.007 0.015 0 0.002 0.003 0.007 0.02 0.02 0.001 0.001 0.001 0.085 0.092 0.015 0.001 0.008 0.033 0.007 1 0.002 0.015 0.028 0.011 0.011 0.007 0.007 0.009 0.001 0.001 0.001 0.001 0.009 0 0.001 0.001 0.004 0.003 0.009 0.011 0.001 0.001 0.002 0.001 0.009 0.001 0.001 0.002 0.001
0.08 0.057 0.092 0.037 0 0.356 0.007 0.006 0.002 0.001 0.001 0.102 0.1 0.001 0.004 0.098 0.004 0.015 0.024 0 0.059 0.004 0.005 0.315 0 0.087 0.06 0.001 0.203 0.002 0 0.013 0.049 0.002 0.014 0.069 0.012 0.002 1 0.003 0.033 0.024 0.155 0.013 0.013 0.014 0.002 0.453 0.002 0.002 0.135 0.001 0.002 0.387 0.001 0.005 0.009 0.108 0.001 0.002 0.002 0.001 0.005 0.473 0.002 0.002 0.002
0.007 0.011 0.014 0.021 0.048 0.033 0.105 0.094 0.015 0.039 0.012 0.003 0.002 0.118 0.049 0.006 0.127 0 0.072 0.059 0.01 0.032 0.05 0.043 0.09 0.004 0.009 0.017 0.015 0.016 0.252 0.233 0 0 0.12 0.395 0.219 0.015 0.003 1 0.007 0.036 0.154 0.176 0.183 0.188 0.018 0.006 0.029 0.016 0.167 0.008 0.012 0.012 0.072 0.055 0.16 0.15 0.012 0.02 0.042 0.005 0.216 0.014 0.017 0.014 0.029
0.002 0 0 0.178 0.026 0.042 0.094 0.081 0.009 0.018 0.026 0.004 0.003 0.087 0.039 0.006 0.094 0.019 0.111 0.031 0.161 0.04 0.041 0.01 0.054 0.197 0.35 0.049 0.019 0.016 0.254 0.284 0.52 0.02 0.361 0.002 0.123 0.028 0.033 0.007 1 0.156 0.204 0.135 0.129 0.161 0.006 0.022 0.016 0.016 0.194 0.024 0.02 0.019 0.078 0.158 0.162 0.2 0.014 0.053 0.037 0.028 0.163 0.016 0.018 0.006 0.023
0.048 0.04 0.04 0.165 0.022 0.011 0.025 0.038 0.015 0 0.01 0.035 0.026 0.025 0.019 0.049 0.02 0.115 0.029 0.028 0.136 0.005 0.022 0.033 0.039 0.166 0.178 0.014 0.016 0 0.025 0.021 0.253 0.012 0.082 0.078 0.034 0.011 0.024 0.036 0.156 1 0.079 0.036 0.032 0.045 0.005 0.004 0 0 0.073 0.006 0.064 0.015 0.043 0.043 0.043 0.066 0.003 0.016 0.001 0.008 0.049 0.013 0 0.021 0.006
0.015 0.017 0.023 0.004 0.005 0.032 0.006 0.004 0.002 0.08 0.007 0 0 0.002 0.192 0 0.476 0.043 0.113 0.014 0.025 0.024 0.208 0.024 0.014 0.021 0.048 0.01 0.022 0.009 0.052 0.074 0.082 0 0.084 0.254 0.585 0.011 0.155 0.154 0.204 0.079 1 0.66 0.599 0.679 0.01 0.066 0.098 0.025 0.846 0.005 0.012 0.061 0.347 0.032 0.681 0.879 0.03 0.012 0.181 0.006 0.715 0.078 0.011 0.015 0.066
0.006 0.002 0.004 0.048 0.032 0.015 0.024 0.022 0.008 0.116 0.005 0.056 0.063 0.031 0.275 0.062 0.666 0.016 0.25 0.049 0.135 0.016 0.293 0.019 0.048 0.143 0.184 0.007 0.008 0.006 0.052 0.048 0.236 0 0.056 0.194 0.72 0.007 0.013 0.176 0.135 0.036 0.66 1 0.889 0.819 0.007 0.009 0.151 0.043 0.547 0.003 0.008 0.006 0.412 0.021 0.784 0.613 0.049 0.008 0.214 0.004 0.682 0.006 0.007 0.01 0.105
0.005 0.002 0.003 0.045 0.03 0.014 0.023 0.021 0.007 0.097 0.005 0.054 0.06 0.029 0.236 0.064 0.595 0.01 0.244 0.046 0.128 0.015 0.241 0.018 0.046 0.136 0.16 0.006 0.007 0.005 0.04 0.037 0.209 0.001 0.053 0.167 0.643 0.007 0.013 0.183 0.129 0.032 0.599 0.889 1 0.781 0.007 0.008 0.159 0.072 0.59 0.003 0.008 0.005 0.343 0.02 0.747 0.584 0.082 0.008 0.224 0.004 0.647 0.006 0.007 0.01 0.144
0.001 0 0 0.032 0.006 0.018 0.001 0 0.005 0.083 0.006 0.028 0.033 0.003 0.245 0.032 0.555 0.018 0.193 0.015 0.087 0.019 0.26 0.023 0.014 0.092 0.121 0.008 0.009 0.007 0.051 0.049 0.167 0.001 0.066 0.131 0.739 0.009 0.014 0.188 0.161 0.045 0.679 0.819 0.781 1 0.008 0.011 0.126 0.063 0.627 0.004 0.009 0.007 0.363 0.025 0.696 0.69 0.059 0.009 0.177 0.005 0.764 0.007 0.009 0.012 0.114
0.01 0.014 0.012 0.009 0 0.062 0.004 0.003 0.001 0.001 0 0.025 0.023 0.004 0.002 0.026 0.005 0.002 0.008 0.001 0.008 0.002 0.002 0.047 0.004 0.006 0 0.013 0.149 0.001 0.008 0.007 0.001 0.001 0 0 0.006 0.001 0.002 0.018 0.006 0.005 0.01 0.007 0.007 0.008 1 0.001 0.001 0.001 0.01 0 0.001 0.001 0.004 0.003 0.008 0.01 0.001 0.01 0.002 0.001 0.008 0.001 0.635 0.025 0.001
0.021 0.028 0.025 0.005 0.007 0.21 0.005 0.004 0.001 0 0.001 0.029 0.03 0.005 0.003 0.026 0.002 0.001 0.003 0.008 0.017 0.003 0.003 0.222 0.008 0.031 0.021 0.001 0.116 0.001 0.01 0.008 0.015 0.008 0.001 0.025 0.008 0.001 0.453 0.006 0.022 0.004 0.066 0.009 0.008 0.011 0.001 1 0.002 0.001 0.069 0.001 0.001 0.582 0.005 0.004 0.011 0.059 0.001 0.001 0.002 0.001 0.011 0.706 0 0.002 0.002
0.034 0.043 0.04 0.016 0.001 0.003 0.001 0 0.001 0.014 0.001 0.002 0.001 0.001 0.002 0.009 0.148 0.017 0.028 0.003 0.013 0.003 0.003 0.004 0.003 0.018 0.026 0.001 0.001 0.001 0.004 0.004 0.034 0.002 0.01 0.054 0.09 0.001 0.002 0.029 0.016 0 0.098 0.151 0.159 0.126 0.001 0.002 1 0.001 0.095 0.001 0.001 0.001 0 0.004 0.125 0.098 0.001 0.001 0.415 0.001 0.066 0.001 0.001 0.002 0.001
0.007 0.005 0.006 0.009 0.003 0 0.001 0.001 0.001 0.245 0.001 0.008 0.008 0.004 0.001 0.01 0.036 0 0.017 0.006 0.015 0.002 0.001 0.003 0.006 0.009 0.01 0.001 0.001 0.001 0.001 0.001 0.014 0.001 0.007 0.009 0.048 0.001 0.002 0.016 0.016 0 0.025 0.043 0.072 0.063 0.001 0.001 0.001 1 0.073 0 0.001 0.001 0.004 0.003 0.068 0.049 0.255 0.001 0.001 0 0.064 0.001 0.001 0.001 0.441
0.017 0.019 0.025 0.002 0.004 0.027 0.003 0.002 0.003 0.084 0.007 0 0 0 0.11 0 0.372 0.029 0.098 0.01 0.022 0.023 0.112 0.018 0.01 0.015 0.035 0.009 0.017 0.009 0.039 0.058 0.064 0 0.08 0.193 0.484 0.009 0.135 0.167 0.194 0.073 0.846 0.547 0.59 0.627 0.01 0.069 0.095 0.073 1 0.005 0.011 0.065 0.251 0.031 0.635 0.867 0.072 0.011 0.181 0.006 0.674 0.082 0.011 0.014 0.12
0.004 0.005 0.005 0.015 0.003 0.001 0.001 0.002 0 0 0.002 0.004 0.004 0.001 0.001 0.004 0.003 0.006 0.011 0.002 0.011 0.002 0.001 0.001 0.003 0.011 0.007 0.088 0 0 0.004 0.003 0.013 0.001 0.02 0.011 0.003 0 0.001 0.008 0.024 0.006 0.005 0.003 0.003 0.004 0 0.001 0.001 0 0.005 1 0 0 0.002 0.001 0.004 0.005 0 0.076 0.001 0 0.004 0 0 0.001 0.001
0.003 0.007 0.002 0.008 0.001 0.002 0.003 0.003 0.001 0.001 0.001 0.003 0 0.004 0.003 0.004 0.006 0 0.003 0.001 0.008 0.052 0.003 0.003 0.007 0.016 0.024 0.001 0.001 0.017 0.009 0.008 0.025 0.001 0.005 0.012 0.007 0.001 0.002 0.012 0.02 0.064 0.012 0.008 0.008 0.009 0.001 0.001 0.001 0.001 0.011 0 1 0.001 0.005 0.003 0.01 0.012 0.001 0.001 0.002 0.001 0.01 0.001 0.001 0.002 0.001
0.021 0.027 0.025 0.014 0.006 0.193 0.004 0.003 0.001 0 0.001 0.05 0.051 0.004 0.002 0.046 0.001 0.008 0.01 0 0.033 0.002 0.003 0.194 0 0.05 0.034 0.001 0.085 0.001 0.008 0.007 0.027 0.001 0.008 0.024 0.005 0.001 0.387 0.012 0.019 0.015 0.061 0.006 0.005 0.007 0.001 0.582 0.001 0.001 0.065 0 0.001 1 0 0.003 0.007 0.054 0.001 0.001 0.001 0.001 0.007 0.568 0.001 0.001 0.001
0.028 0.028 0.024 0.059 0.015 0.002 0.016 0.015 0.005 0 0.003 0.014 0.016 0.008 0.498 0.014 0.253 0.003 0.109 0.009 0.044 0.008 0.53 0.005 0.009 0.044 0.058 0.004 0 0.003 0.017 0.026 0.081 0.002 0.033 0.082 0.3 0.004 0.001 0.072 0.078 0.043 0.347 0.412 0.343 0.363 0.004 0.005 0 0.004 0.251 0.002 0.005 0 1 0.012 0.423 0.343 0.003 0.005 0.008 0.002 0.399 0.004 0.004 0.006 0.001
0.014 0.03 0.031 0.085 0.012 0.007 0.006 0.005 0.002 0.003 0.002 0.018 0.019 0.007 0.007 0.03 0.017 0.03 0.06 0.016 0 0.309 0.007 0.008 0.015 0 0 0.003 0.003 0.003 0.022 0.02 0.078 0.002 0.335 0.069 0.019 0.003 0.005 0.055 0.158 0.043 0.032 0.021 0.02 0.025 0.003 0.004 0.004 0.003 0.031 0.001 0.003 0.003 0.012 1 0.026 0.032 0.002 0.003 0.006 0.002 0.025 0.003 0.003 0 0.004
0 0 0.001 0.02 0.013 0.001 0.03 0.027 0.009 0.075 0.005 0.019 0.023 0.015 0.228 0.024 0.524 0.019 0.179 0.026 0.081 0.019 0.241 0.004 0.025 0.08 0.113 0.008 0 0.007 0.029 0.049 0.158 0 0.067 0.195 0.568 0.009 0.009 0.16 0.162 0.043 0.681 0.784 0.747 0.696 0.008 0.011 0.125 0.068 0.635 0.004 0.01 0.007 0.423 0.026 1 0.68 0.087 0.009 0.229 0.005 0.772 0.007 0.009 0.012 0.121
0.011 0.015 0.019 0.004 0.004 0.019 0.003 0.002 0.002 0.059 0.007 0 0 0.001 0.193 0.001 0.452 0.035 0.111 0.012 0.029 0.024 0.205 0.012 0.011 0.022 0.047 0.01 0.013 0.009 0.044 0.061 0.08 0.001 0.084 0.212 0.566 0.011 0.108 0.15 0.2 0.066 0.879 0.613 0.584 0.69 0.01 0.059 0.098 0.049 0.867 0.005 0.012 0.054 0.343 0.032 0.68 1 0.069 0.012 0.182 0.006 0.721 0.069 0.011 0.013 0.091
0.001 0.001 0.001 0 0.002 0 0.001 0.001 0.001 0.028 0 0.006 0.007 0.003 0.001 0.009 0.04 0 0.023 0.005 0.013 0.002 0.001 0.002 0.005 0.012 0.007 0.001 0.001 0.001 0 0 0.011 0.001 0.006 0.009 0.052 0.001 0.001 0.012 0.014 0.003 0.03 0.049 0.082 0.059 0.001 0.001 0.001 0.255 0.072 0 0.001 0.001 0.003 0.002 0.087 0.069 1 0.001 0.002 0 0.061 0.001 0.001 0.001 0.451
0 0 0 0.029 0.006 0.002 0.003 0.003 0.001 0.001 0.114 0 0 0.004 0.003 0 0.006 0.01 0.021 0.007 0.035 0 0.003 0.014 0.007 0.036 0.025 0.729 0.001 0 0.009 0.008 0.028 0.001 0.128 0.026 0.007 0.001 0.002 0.02 0.053 0.016 0.012 0.008 0.008 0.009 0.01 0.001 0.001 0.001 0.011 0.076 0.001 0.001 0.005 0.003 0.009 0.012 0.001 1 0.002 0.001 0.01 0.001 0.001 0.002 0.001
0.029 0.023 0.035 0.008 0 0.002 0.008 0.007 0.002 0.065 0.001 0.001 0.002 0.001 0.005 0.003 0.173 0.019 0.033 0.004 0.016 0.005 0.005 0.003 0.004 0.02 0.033 0.002 0.002 0.002 0.006 0.015 0.044 0.002 0.015 0.072 0.138 0.002 0.002 0.042 0.037 0.001 0.181 0.214 0.224 0.177 0.002 0.002 0.415 0.001 0.181 0.001 0.002 0.001 0.008 0.006 0.229 0.182 0.002 0.002 1 0.001 0.16 0.002 0.002 0.003 0.004
0.002 0.006 0.007 0.013 0.003 0.001 0.002 0.002 0.001 0.001 0 0.006 0.005 0.002 0 0.006 0.001 0.006 0.008 0.003 0.019 0.001 0 0.002 0.003 0.025 0.019 0.001 0.001 0.001 0.004 0.004 0.015 0.001 0.066 0.013 0.004 0.001 0.001 0.005 0.028 0.008 0.006 0.004 0.004 0.005 0.001 0.001 0.001 0 0.006 0 0.001 0.001 0.002 0.002 0.005 0.006 0 0.001 0.001 1 0.005 0 0.001 0.001 0.001
0 0 0.002 0.017 0.001 0.002 0.002 0.001 0.004 0.079 0.006 0.006 0.009 0 0.214 0.009 0.442 0.021 0.139 0.006 0.054 0.019 0.229 0.007 0.005 0.053 0.083 0.008 0 0.007 0.03 0.05 0.121 0 0.066 0.148 0.661 0.009 0.005 0.216 0.163 0.049 0.715 0.682 0.647 0.764 0.008 0.011 0.066 0.064 0.674 0.004 0.01 0.007 0.399 0.025 0.772 0.721 0.061 0.01 0.16 0.005 1 0.008 0.009 0.012 0.124
0.026 0.032 0.03 0.009 0.005 0.22 0.003 0.003 0.001 0 0.001 0.034 0.035 0.004 0.002 0.034 0 0.007 0.007 0.006 0.022 0.002 0.002 0.228 0.006 0.042 0.031 0.001 0.146 0.001 0.007 0.006 0.025 0.001 0.007 0.035 0.006 0.001 0.473 0.014 0.016 0.013 0.078 0.006 0.006 0.007 0.001 0.706 0.001 0.001 0.082 0 0.001 0.568 0.004 0.003 0.007 0.069 0.001 0.001 0.002 0 0.008 1 0.001 0.001 0.001
0.009 0.013 0.012 0.002 0 0.063 0.004 0.003 0.001 0.001 0 0.023 0.022 0.004 0.002 0.024 0.006 0.001 0.001 0.001 0.001 0.003 0.003 0.045 0.004 0.001 0.003 0.001 0.137 0.001 0.008 0.007 0.001 0 0.006 0 0.007 0.001 0.002 0.017 0.018 0 0.011 0.007 0.007 0.009 0.635 0 0.001 0.001 0.011 0 0.001 0.001 0.004 0.003 0.009 0.011 0.001 0.001 0.002 0.001 0.009 0.001 1 0.068 0.001
0.004 0.002 0.003 0.01 0.002 0.001 0.005 0.005 0.001 0.001 0 0 0 0.006 0.003 0 0.006 0.019 0.003 0.003 0.004 0.003 0.003 0 0.009 0.01 0.01 0.001 0 0.001 0.004 0.004 0.014 0.013 0.002 0.016 0.009 0.002 0.002 0.014 0.006 0.021 0.015 0.01 0.01 0.012 0.025 0.002 0.002 0.001 0.014 0.001 0.002 0.001 0.006 0 0.012 0.013 0.001 0.002 0.003 0.001 0.012 0.001 0.068 1 0.002
0.001 0.002 0.001 0 0.005 0.001 0.002 0.002 0.001 0.09 0.001 0.012 0.013 0.005 0.002 0.015 0.08 0 0.04 0.009 0.026 0.003 0.002 0.004 0.009 0.019 0.022 0.001 0.001 0.001 0.003 0.003 0.029 0.002 0.01 0.015 0.088 0.001 0.002 0.029 0.023 0.006 0.066 0.105 0.144 0.114 0.001 0.002 0.001 0.441 0.12 0.001 0.001 0.001 0.001 0.004 0.121 0.091 0.451 0.001 0.004 0.001 0.124 0.001 0.001 0.002 1
