1 0.801 0.809 0.357 0.347 0.115 0.24 0.201 0.126 0.014 0.039 0.424 0.382 0.217 0.033 0.496 0.001 0.097 0.085 0.345 0.235 0.001 0.036 0.121 0.297 0.183 0.084 0.001 0.027 0.004 0.034 0.02 0.073 0.02 0.016 0.063 0 0.002 0.053 0.01 0.004 0.027 0.005 0.008 0.008 0.001 0.009 0.016 0.049 0.003 0.004 0.002 0 0.014 0.019 0.011 0 0.004 0 0.004 0.034 0.002 0.002 0.015 0.01 0.003 0.002
0.801 1 0.948 0.365 0.398 0.14 0.292 0.244 0.153 0.011 0.048 0.526 0.48 0.247 0.027 0.579 0 0.09 0.067 0.396 0.242 0.022 0.03 0.149 0.348 0.191 0.092 0.004 0.034 0.009 0.045 0.034 0.071 0.017 0.037 0.07 0 0.005 0.051 0.021 0 0.024 0.011 0.004 0.004 0 0.013 0.021 0.062 0.001 0.009 0.001 0 0.019 0.015 0.028 0 0.011 0 0.011 0.038 0.007 0 0.02 0.013 0.002 0.001
0.809 0.948 1 0.376 0.422 0.138 0.287 0.241 0.151 0.012 0.047 0.529 0.482 0.264 0.027 0.601 0 0.084 0.063 0.42 0.266 0.022 0.03 0.147 0.364 0.208 0.104 0.005 0.033 0.012 0.051 0.033 0.081 0.017 0.033 0.074 0 0.005 0.066 0.023 0.001 0.027 0.013 0.004 0.004 0 0.012 0.021 0.061 0.001 0.011 0.001 0 0.019 0.014 0.028 0 0.012 0 0.011 0.044 0.007 0 0.02 0.013 0.002 0.001
0.357 0.365 0.376 1 0.201 0.049 0.117 0.098 0.061 0.029 0.015 0.214 0.229 0.137 0.067 0.272 0.025 0.26 0.324 0.195 0.624 0.003 0.071 0.044 0.165 0.568 0.299 0.04 0.009 0.031 0.001 0 0.39 0.042 0.277 0.005 0.033 0.018 0.02 0.014 0.243 0.116 0.019 0.066 0.068 0.04 0.012 0.003 0.018 0.002 0.015 0.019 0.004 0.007 0.051 0.092 0.031 0.014 0.003 0.02 0.006 0.022 0.039 0.004 0.005 0.01 0.003
0.347 0.398 0.422 0.201 1 0.008 0.445 0.44 0.272 0.006 0.003 0.48 0.433 0.548 0.015 0.531 0.024 0.067 0.117 0.738 0.258 0.012 0.016 0.011 0.627 0.2 0.132 0.006 0.003 0.007 0.126 0.087 0.112 0.009 0.021 0.019 0.004 0.006 0.004 0.025 0.016 0.031 0.002 0.026 0.026 0.004 0.006 0.004 0.003 0.001 0.002 0.003 0.002 0.004 0.012 0.015 0.007 0.001 0 0.006 0.001 0.004 0.001 0.003 0.005 0.003 0.001
0.115 0.14 0.138 0.049 0.008 1 0.004 0.004 0.002 0.002 0.001 0.137 0.123 0.006 0.004 0.14 0.008 0.005 0.017 0.009 0.052 0.003 0.004 0.551 0.008 0.052 0.019 0.002 0.259 0.002 0.01 0.009 0.014 0.002 0.012 0.031 0.007 0.002 0.235 0.017 0.026 0.003 0.016 0.008 0.008 0.01 0.004 0.206 0.002 0 0.016 0.001 0.001 0.197 0.002 0.005 0.001 0.015 0 0.002 0 0.001 0.002 0.194 0.006 0.001 0
0.24 0.292 0.287 0.117 0.445 0.004 1 0.84 0.524 0.003 0.002 0.256 0.23 0.692 0.008 0.293 0.01 0.036 0.058 0.478 0.146 0.006 0.009 0.006 0.483 0.138 0.094 0.003 0.001 0.004 0.211 0.223 0.083 0.005 0.022 0.062 0 0.003 0.003 0.08 0.065 0.034 0.001 0.016 0.016 0 0.001 0.002 0.004 0 0 0.002 0.002 0.002 0.015 0.007 0.019 0 0.001 0.003 0.005 0.002 0.001 0.002 0.002 0.005 0
0.201 0.244 0.241 0.098 0.44 0.004 0.84 1 0.619 0.003 0.001 0.21 0.189 0.592 0.007 0.241 0.007 0.031 0.048 0.394 0.119 0.005 0.007 0.005 0.397 0.112 0.075 0.003 0.001 0.003 0.151 0.163 0.066 0.004 0.019 0.044 0 0.003 0.003 0.058 0.043 0.033 0 0.012 0.012 0.001 0.002 0.001 0.003 0 0 0.001 0.002 0.002 0.012 0.006 0.015 0 0.001 0.003 0.004 0.002 0 0.001 0.001 0.004 0
0.126 0.153 0.151 0.061 0.272 0.002 0.524 0.619 1 0.002 0.001 0.149 0.134 0.425 0.004 0.17 0.009 0.019 0.037 0.275 0.086 0.003 0.005 0.003 0.283 0.086 0.059 0.002 0.001 0.002 0.106 0.113 0.054 0.003 0.012 0.025 0 0.002 0.002 0.029 0.032 0.024 0 0.013 0.013 0.001 0.001 0.001 0.002 0.002 0 0.001 0.001 0.001 0.008 0.005 0.015 0 0.001 0.002 0.003 0.001 0.001 0.001 0.001 0.003 0.002
0.014 0.011 0.012 0.029 0.006 0.002 0.003 0.003 0.002 1 0.001 0.005 0.004 0.004 0.003 0.001 0.173 0.013 0.041 0.006 0.02 0.002 0.003 0.002 0.006 0.017 0.025 0.001 0 0.001 0.008 0.007 0.029 0.002 0.009 0.05 0.105 0.001 0 0.039 0.019 0.004 0.084 0.107 0.102 0.071 0.001 0 0.007 0.221 0.084 0.001 0.001 0 0.002 0.003 0.063 0.081 0.07 0.001 0.031 0.001 0.095 0 0.001 0.002 0.161
0.039 0.048 0.047 0.015 0.003 0.001 0.002 0.001 0.001 0.001 1 0.046 0.042 0.002 0.001 0.053 0.003 0.006 0.011 0.003 0.027 0.001 0.001 0.244 0.003 0.026 0.019 0.012 0 0.001 0.003 0.003 0.016 0.001 0.062 0.01 0.004 0.001 0.001 0.009 0.025 0.007 0.005 0.004 0.004 0.004 0.011 0 0.001 0.001 0.006 0.021 0 0 0.002 0.002 0.005 0.006 0 0 0.001 0 0.005 0 0.011 0.002 0.001
0.424 0.526 0.529 0.214 0.48 0.137 0.256 0.21 0.149 0.005 0.046 1 0.882 0.337 0.017 0.777 0.041 0.057 0.129 0.509 0.323 0.022 0.02 0.161 0.416 0.278 0.202 0.005 0.047 0.013 0.089 0.06 0.162 0.017 0.021 0.039 0.018 0.006 0.078 0.006 0.006 0.028 0.001 0.051 0.05 0.022 0.023 0.03 0.005 0.007 0 0.001 0.005 0.047 0.012 0.03 0.02 0 0.005 0.011 0.001 0.007 0.008 0.029 0.024 0.001 0.009
0.382 0.48 0.482 0.229 0.433 0.123 0.23 0.189 0.134 0.004 0.042 0.882 1 0.304 0.02 0.702 0.045 0.055 0.13 0.474 0.286 0.007 0.023 0.144 0.39 0.248 0.192 0.006 0.048 0.014 0.097 0.068 0.18 0.019 0.013 0.037 0.023 0 0.075 0.005 0.014 0.024 0.002 0.058 0.058 0.028 0.02 0.031 0.003 0.008 0.001 0.001 0.005 0.047 0.016 0.016 0.025 0.002 0.005 0.012 0.002 0.006 0.012 0.03 0.021 0 0.01
0.217 0.247 0.264 0.137 0.548 0.006 0.692 0.592 0.425 0.004 0.002 0.337 0.304 1 0.01 0.4 0.021 0.045 0.086 0.518 0.204 0.008 0.011 0.008 0.525 0.194 0.135 0.004 0.002 0.004 0.247 0.181 0.12 0.006 0.008 0.058 0.004 0.004 0.01 0.072 0.072 0.021 0 0.03 0.029 0.002 0.001 0.002 0.005 0.004 0 0.002 0.003 0.003 0.005 0.009 0.011 0 0.003 0.004 0.003 0.003 0 0.002 0.002 0.006 0.005
0.033 0.027 0.027 0.067 0.015 0.004 0.008 0.007 0.004 0.003 0.001 0.017 0.02 0.01 1 0.024 0.449 0.03 0.111 0.015 0.047 0.005 0.87 0.005 0.014 0.045 0.044 0.003 0.002 0.003 0.018 0.017 0.073 0.004 0.018 0.109 0.322 0.003 0.003 0.069 0.035 0.038 0.209 0.284 0.284 0.258 0.001 0.001 0.003 0.001 0.171 0.001 0.002 0.002 0.429 0.004 0.241 0.205 0.002 0.003 0.004 0 0.238 0.002 0.001 0.004 0
0.496 0.579 0.601 0.272 0.531 0.14 0.293 0.241 0.17 0.001 0.053 0.777 0.702 0.4 0.024 1 0.035 0.096 0.168 0.599 0.411 0.02 0.023 0.166 0.498 0.344 0.206 0.004 0.037 0.011 0.071 0.048 0.174 0.014 0.014 0.03 0.019 0.011 0.075 0.004 0.008 0.043 0.001 0.05 0.052 0.02 0.027 0.024 0.013 0.01 0.001 0 0.004 0.041 0.009 0.026 0.022 0.001 0.008 0.009 0.002 0.006 0.008 0.024 0.028 0.001 0.01
0.001 0 0 0.025 0.024 0.008 0.01 0.007 0.009 0.173 0.003 0.041 0.045 0.021 0.449 0.035 1 0.067 0.243 0.033 0.093 0.012 0.416 0.012 0.031 0.096 0.116 0.006 0.001 0.007 0.039 0.037 0.157 0.009 0.042 0.233 0.622 0.001 0.004 0.184 0.076 0.022 0.452 0.602 0.589 0.51 0.003 0.001 0.15 0.069 0.39 0.003 0.004 0.002 0.232 0.012 0.465 0.432 0.067 0.007 0.13 0.002 0.399 0.001 0.003 0.009 0.085
0.097 0.09 0.084 0.26 0.067 0.005 0.036 0.031 0.019 0.013 0.006 0.057 0.055 0.045 0.03 0.096 0.067 1 0.454 0.069 0.206 0.025 0.018 0.024 0.05 0.179 0.021 0.012 0.008 0.088 0.055 0.064 0.032 0.078 0.084 0.006 0.037 0.022 0.013 0.002 0.018 0.061 0.023 0.008 0.007 0.01 0.003 0.005 0.016 0.006 0.018 0.006 0 0.008 0.001 0.032 0.011 0.028 0.003 0.001 0.013 0.008 0.011 0.006 0 0.006 0.004
0.085 0.067 0.063 0.324 0.117 0.017 0.058 0.048 0.037 0.041 0.011 0.129 0.13 0.086 0.111 0.168 0.243 0.454 1 0.134 0.39 0.048 0.124 0.046 0.107 0.361 0.138 0.024 0.009 0.044 0.005 0.009 0.195 0.029 0.166 0.098 0.189 0.013 0.021 0.093 0.101 0.01 0.148 0.27 0.27 0.213 0.007 0.007 0.029 0.016 0.133 0.012 0.002 0.012 0.123 0.058 0.189 0.124 0.021 0.009 0.026 0.013 0.157 0.009 0.003 0 0.025
0.345 0.396 0.42 0.195 0.738 0.009 0.478 0.394 0.275 0.006 0.003 0.509 0.474 0.518 0.015 0.599 0.033 0.069 0.134 1 0.295 0.012 0.017 0.012 0.84 0.232 0.155 0.006 0.003 0.007 0.174 0.129 0.135 0.009 0.044 0.02 0.013 0.007 0.003 0.032 0.016 0.042 0.009 0.046 0.046 0.012 0.016 0.004 0.008 0.006 0.007 0.003 0.002 0 0.006 0.015 0.019 0.007 0.005 0.006 0.006 0.004 0.005 0.004 0.014 0.003 0.007
0.235 0.242 0.266 0.624 0.258 0.052 0.146 0.119 0.086 0.02 0.027 0.323 0.286 0.204 0.047 0.411 0.093 0.206 0.39 0.295 1 0.039 0.053 0.08 0.269 0.845 0.574 0.04 0.017 0.021 0.014 0.007 0.495 0.03 0.219 0.007 0.083 0.012 0.033 0.02 0.255 0.138 0.048 0.14 0.139 0.09 0.009 0.008 0.025 0.016 0.047 0.014 0.009 0.016 0.044 0.02 0.092 0.047 0.011 0.022 0.022 0.032 0.07 0.008 0.003 0.004 0.021
0.001 0.022 0.022 0.003 0.012 0.003 0.006 0.005 0.003 0.002 0.001 0.022 0.007 0.008 0.005 0.02 0.012 0.025 0.048 0.012 0.039 1 0.006 0.004 0.012 0.039 0.055 0.001 0.001 0.002 0.014 0.013 0.005 0.003 0.054 0.015 0.015 0.03 0.003 0.012 0.012 0 0.018 0.012 0.012 0.014 0.001 0.002 0.003 0.002 0.019 0.004 0.037 0.002 0.006 0.129 0.014 0.018 0.002 0 0.004 0.001 0.014 0.002 0.001 0.004 0.003
0.036 0.03 0.03 0.071 0.016 0.004 0.009 0.007 0.005 0.003 0.001 0.02 0.023 0.011 0.87 0.023 0.416 0.018 0.124 0.017 0.053 0.006 1 0.006 0.016 0.05 0.051 0.003 0.002 0.003 0.02 0.018 0.081 0.005 0.02 0.093 0.295 0.003 0.004 0.056 0.04 0.025 0.188 0.26 0.253 0.234 0.002 0.002 0.004 0 0.141 0.001 0.002 0.003 0.415 0.005 0.208 0.184 0 0.003 0.005 0.001 0.225 0.002 0.002 0.005 0
0.121 0.149 0.147 0.044 0.011 0.551 0.006 0.005 0.003 0.002 0.244 0.161 0.144 0.008 0.005 0.166 0.012 0.024 0.046 0.012 0.08 0.004 0.006 1 0.011 0.09 0.056 0.001 0.25 0.002 0.014 0.007 0.047 0.003 0.001 0.022 0.011 0.002 0.276 0.02 0.003 0.02 0.016 0.013 0.013 0.014 0.012 0.279 0.003 0.002 0.011 0.003 0.001 0.248 0.004 0.006 0.007 0.01 0.002 0.002 0.001 0.001 0.008 0.271 0.015 0.002 0.003
0.297 0.348 0.364 0.165 0.627 0.008 0.483 0.397 0.283 0.006 0.003 0.416 0.39 0.525 0.014 0.498 0.031 0.05 0.107 0.84 0.269 0.012 0.016 0.011 1 0.285 0.207 0.006 0.003 0.006 0.237 0.185 0.184 0.009 0.042 0.037 0.012 0.006 0.004 0.05 0.03 0.059 0.008 0.044 0.044 0.011 0 0.004 0.008 0.006 0.006 0.003 0.004 0 0.006 0.015 0.017 0.006 0.005 0.006 0.006 0.004 0.005 0.003 0 0.01 0.007
0.183 0.191 0.208 0.568 0.2 0.052 0.138 0.112 0.086 0.017 0.026 0.278 0.248 0.194 0.045 0.344 0.096 0.179 0.361 0.232 0.845 0.039 0.05 0.09 0.285 1 0.646 0.04 0.035 0.022 0.02 0.014 0.561 0.03 0.221 0.002 0.084 0.021 0.065 0.013 0.258 0.165 0.035 0.141 0.14 0.091 0.003 0.033 0.025 0.006 0.027 0.013 0.012 0.044 0.045 0.02 0.081 0.028 0.012 0.022 0.022 0.036 0.06 0.035 0 0.013 0.01
0.084 0.092 0.104 0.299 0.132 0.019 0.094 0.075 0.059 0.025 0.019 0.202 0.192 0.135 0.044 0.206 0.116 0.021 0.138 0.155 0.574 0.055 0.051 0.056 0.207 0.646 1 0.027 0.024 0.031 0.261 0.246 0.819 0.042 0.138 0.026 0.065 0.004 0.046 0.002 0.366 0.199 0.034 0.118 0.114 0.077 0.001 0.022 0.029 0.02 0.029 0.008 0.017 0.026 0.022 0.007 0.079 0.033 0.014 0.012 0.032 0.026 0.06 0.024 0 0.017 0.027
0.001 0.004 0.005 0.04 0.006 0.002 0.003 0.003 0.002 0.001 0.012 0.005 0.006 0.004 0.003 0.004 0.006 0.012 0.024 0.006 0.04 0.001 0.003 0.001 0.006 0.04 0.027 1 0.001 0.001 0.007 0.007 0.035 0.002 0.13 0.021 0.007 0.001 0.001 0.018 0.059 0.016 0.011 0.008 0.008 0.009 0.007 0.001 0.001 0.001 0.012 0.136 0.001 0.001 0.005 0.003 0.009 0.011 0.001 0.602 0.002 0.001 0.009 0.001 0.001 0.002 0.001
0.027 0.034 0.033 0.009 0.003 0.259 0.001 0.001 0.001 0 0 0.047 0.048 0.002 0.002 0.037 0.001 0.008 0.009 0.003 0.017 0.001 0.002 0.25 0.003 0.035 0.024 0.001 1 0.001 0.005 0.004 0.021 0.001 0.005 0.03 0.005 0.001 0.355 0.002 0.011 0.009 0.04 0.005 0.005 0.006 0.014 0.371 0.001 0.001 0.035 0 0 0.322 0 0.002 0.001 0.036 0.001 0.001 0.001 0 0.001 0.409 0.014 0 0.001
0.004 0.009 0.012 0.031 0.007 0.002 0.004 0.003 0.002 0.001 0.001 0.013 0.014 0.004 0.003 0.011 0.007 0.088 0.044 0.007 0.021 0.002 0.003 0.002 0.006 0.022 0.031 0.001 0.001 1 0.008 0.008 0.03 0.002 0.009 0.017 0.008 0.001 0 0.016 0.01 0.008 0.009 0.009 0.009 0.01 0.001 0 0.002 0.001 0.01 0.001 0 0 0.005 0.004 0.01 0.01 0.001 0.026 0.002 0.001 0.01 0 0.001 0.002 0.001
0.034 0.045 0.051 0.001 0.126 0.01 0.211 0.151 0.106 0.008 0.003 0.089 0.097 0.247 0.018 0.071 0.039 0.055 0.005 0.174 0.014 0.014 0.02 0.014 0.237 0.02 0.261 0.007 0.005 0.008 1 0.895 0.222 0.011 0.054 0.277 0.013 0.047 0.001 0.194 0.166 0.03 0.014 0.016 0.015 0.019 0.003 0.006 0.006 0.005 0.011 0.004 0.005 0.006 0 0.019 0.007 0.014 0.004 0.007 0.005 0.005 0.006 0.005 0.004 0.005 0.006
0.02 0.034 0.033 0 0.087 0.009 0.223 0.163 0.113 0.007 0.003 0.06 0.068 0.181 0.017 0.048 0.037 0.064 0.009 0.129 0.007 0.013 0.018 0.007 0.185 0.014 0.246 0.007 0.004 0.008 0.895 1 0.217 0.01 0.051 0.26 0.013 0.052 0.003 0.164 0.188 0.026 0.025 0.016 0.015 0.019 0.004 0.001 0.009 0.005 0.021 0.003 0.004 0.001 0.004 0.017 0.02 0.024 0.003 0.008 0.011 0.004 0.02 0.001 0.004 0.006 0.006
0.073 0.071 0.081 0.39 0.112 0.014 0.083 0.066 0.054 0.029 0.016 0.162 0.18 0.12 0.073 0.174 0.157 0.032 0.195 0.135 0.495 0.005 0.081 0.047 0.184 0.561 0.819 0.035 0.021 0.03 0.222 0.217 1 0.048 0.264 0.007 0.103 0.003 0.045 0 0.493 0.229 0.061 0.168 0.164 0.118 0.001 0.023 0.04 0.023 0.056 0.017 0.008 0.026 0.044 0.077 0.124 0.061 0.017 0.016 0.043 0.023 0.099 0.026 0 0.021 0.033
0.02 0.017 0.017 0.042 0.009 0.002 0.005 0.004 0.003 0.002 0.001 0.017 0.019 0.006 0.004 0.014 0.009 0.078 0.029 0.009 0.03 0.003 0.005 0.003 0.009 0.03 0.042 0.002 0.001 0.002 0.011 0.01 0.048 1 0.012 0.014 0.007 0.002 0.002 0.008 0.024 0.028 0.003 0.001 0.001 0.001 0.001 0.001 0.002 0.002 0.003 0.001 0.001 0.001 0.003 0.003 0.001 0.012 0.001 0.002 0.003 0.001 0.001 0.001 0 0.015 0.002
0.016 0.037 0.033 0.277 0.021 0.012 0.022 0.019 0.012 0.009 0.062 0.021 0.013 0.008 0.018 0.014 0.042 0.084 0.166 0.044 0.219 0.054 0.02 0.001 0.042 0.221 0.138 0.13 0.005 0.009 0.054 0.051 0.264 0.012 1 0.161 0.055 0.009 0.011 0.121 0.438 0.08 0.084 0.062 0.061 0.068 0.001 0.006 0.011 0.008 0.087 0.038 0.005 0.007 0.037 0.314 0.071 0.085 0.007 0.091 0.014 0.085 0.07 0.006 0.001 0.002 0.01
0.063 0.07 0.074 0.005 0.019 0.031 0.062 0.044 0.025 0.05 0.01 0.039 0.037 0.058 0.109 0.03 0.233 0.006 0.098 0.02 0.007 0.015 0.093 0.022 0.037 0.002 0.026 0.021 0.03 0.017 0.277 0.26 0.007 0.014 0.161 1 0.277 0.039 0.065 0.424 0 0.063 0.301 0.25 0.244 0.189 0.005 0.037 0.065 0.017 0.245 0.01 0.01 0.028 0.12 0.057 0.222 0.26 0.016 0.025 0.07 0.014 0.187 0.037 0.005 0.014 0.015
0 0 0 0.033 0.004 0.007 0 0 0 0.105 0.004 0.018 0.023 0.004 0.322 0.019 0.622 0.037 0.189 0.013 0.083 0.015 0.295 0.011 0.012 0.084 0.065 0.007 0.005 0.008 0.013 0.013 0.103 0.007 0.055 0.277 1 0.008 0.01 0.276 0.126 0.04 0.631 0.753 0.739 0.776 0.004 0.005 0.154 0.057 0.557 0.004 0.005 0.004 0.328 0.023 0.586 0.614 0.05 0.009 0.157 0.005 0.616 0.006 0.004 0.012 0.059
0.002 0.005 0.005 0.018 0.006 0.002 0.003 0.003 0.002 0.001 0.001 0.006 0 0.004 0.003 0.011 0.001 0.022 0.013 0.007 0.012 0.03 0.003 0.002 0.006 0.021 0.004 0.001 0.001 0.001 0.047 0.052 0.003 0.002 0.009 0.039 0.008 1 0.002 0.001 0.006 0.035 0.012 0.009 0.009 0.01 0.001 0.001 0.002 0.001 0.007 0.001 0.001 0.001 0.005 0.004 0.01 0.012 0.001 0.001 0.002 0.001 0.01 0.001 0.001 0 0.001
0.053 0.051 0.066 0.02 0.004 0.235 0.003 0.003 0.002 0 0.001 0.078 0.075 0.01 0.003 0.075 0.004 0.013 0.021 0.003 0.033 0.003 0.004 0.276 0.004 0.065 0.046 0.001 0.355 0 0.001 0.003 0.045 0.002 0.011 0.065 0.01 0.002 1 0 0.023 0.02 0.123 0.011 0.011 0.012 0.001 0.576 0.002 0.001 0.106 0.001 0.001 0.466 0.003 0.004 0.004 0.097 0.001 0.002 0 0.001 0.003 0.571 0.001 0.002 0.002
0.01 0.021 0.023 0.014 0.025 0.017 0.08 0.058 0.029 0.039 0.009 0.006 0.005 0.072 0.069 0.004 0.184 0.002 0.093 0.032 0.02 0.012 0.056 0.02 0.05 0.013 0.002 0.018 0.002 0.016 0.194 0.164 0 0.008 0.121 0.424 0.276 0.001 0 1 0 0.048 0.257 0.264 0.264 0.27 0.01 0.002 0.05 0.026 0.264 0.009 0 0.002 0.106 0.055 0.242 0.236 0.015 0.021 0.065 0.004 0.277 0.002 0.01 0.017 0.035
0.004 0 0.001 0.243 0.016 0.026 0.065 0.043 0.032 0.019 0.025 0.006 0.014 0.072 0.035 0.008 0.076 0.018 0.101 0.016 0.255 0.012 0.04 0.003 0.03 0.258 0.366 0.059 0.011 0.01 0.166 0.188 0.493 0.024 0.438 0 0.126 0.006 0.023 0 1 0.13 0.189 0.138 0.138 0.154 0.001 0.015 0.023 0.018 0.197 0.029 0.012 0.016 0.083 0.181 0.16 0.193 0.014 0.035 0.03 0.039 0.159 0.013 0.005 0.009 0.022
0.027 0.024 0.027 0.116 0.031 0.003 0.034 0.033 0.024 0.004 0.007 0.028 0.024 0.021 0.038 0.043 0.022 0.061 0.01 0.042 0.138 0 0.025 0.02 0.059 0.165 0.199 0.016 0.009 0.008 0.03 0.026 0.229 0.028 0.08 0.063 0.04 0.035 0.02 0.048 0.13 1 0.081 0.046 0.046 0.054 0.002 0.01 0.004 0.001 0.054 0.008 0.038 0.014 0.045 0.045 0.037 0.06 0.004 0.012 0 0.01 0.051 0.012 0 0.047 0.001
0.005 0.011 0.013 0.019 0.002 0.016 0.001 0 0 0.084 0.005 0.001 0.002 0 0.209 0.001 0.452 0.023 0.148 0.009 0.048 0.018 0.188 0.016 0.008 0.035 0.034 0.011 0.04 0.009 0.014 0.025 0.061 0.003 0.084 0.301 0.631 0.012 0.123 0.257 0.189 0.081 1 0.729 0.718 0.748 0.006 0.071 0.123 0.034 0.859 0.006 0.007 0.058 0.381 0.034 0.685 0.86 0.038 0.013 0.159 0.007 0.7 0.07 0.006 0.018 0.049
0.008 0.004 0.004 0.066 0.026 0.008 0.016 0.012 0.013 0.107 0.004 0.051 0.058 0.03 0.284 0.05 0.602 0.008 0.27 0.046 0.14 0.012 0.26 0.013 0.044 0.141 0.118 0.008 0.005 0.009 0.016 0.016 0.168 0.001 0.062 0.25 0.753 0.009 0.011 0.264 0.138 0.046 0.729 1 0.98 0.859 0.005 0.006 0.169 0.051 0.625 0.004 0.005 0.005 0.429 0.025 0.791 0.636 0.055 0.01 0.195 0.005 0.706 0.006 0.004 0.013 0.072
0.008 0.004 0.004 0.068 0.026 0.008 0.016 0.012 0.013 0.102 0.004 0.05 0.058 0.029 0.284 0.052 0.589 0.007 0.27 0.046 0.139 0.012 0.253 0.013 0.044 0.14 0.114 0.008 0.005 0.009 0.015 0.015 0.164 0.001 0.061 0.244 0.739 0.009 0.011 0.264 0.138 0.046 0.718 0.98 1 0.856 0.005 0.006 0.17 0.057 0.634 0.004 0.005 0.005 0.417 0.025 0.788 0.634 0.062 0.01 0.196 0.005 0.704 0.006 0.004 0.013 0.079
0.001 0 0 0.04 0.004 0.01 0 0.001 0.001 0.071 0.004 0.022 0.028 0.002 0.258 0.02 0.51 0.01 0.213 0.012 0.09 0.014 0.234 0.014 0.011 0.091 0.077 0.009 0.006 0.01 0.019 0.019 0.118 0.001 0.068 0.189 0.776 0.01 0.012 0.27 0.154 0.054 0.748 0.859 0.856 1 0.005 0.007 0.151 0.057 0.687 0.005 0.006 0.005 0.384 0.028 0.695 0.7 0.042 0.011 0.174 0.006 0.735 0.007 0.005 0.015 0.069
0.009 0.013 0.012 0.012 0.006 0.004 0.001 0.002 0.001 0.001 0.011 0.023 0.02 0.001 0.001 0.027 0.003 0.003 0.007 0.016 0.009 0.001 0.002 0.012 0 0.003 0.001 0.007 0.014 0.001 0.003 0.004 0.001 0.001 0.001 0.005 0.004 0.001 0.001 0.01 0.001 0.002 0.006 0.005 0.005 0.005 1 0.001 0.001 0.001 0.007 0 0 0.001 0.003 0.002 0.005 0.006 0 0.008 0.001 0 0.005 0 0.701 0.028 0.001
0.016 0.021 0.021 0.003 0.004 0.206 0.002 0.001 0.001 0 0 0.03 0.031 0.002 0.001 0.024 0.001 0.005 0.007 0.004 0.008 0.002 0.002 0.279 0.004 0.033 0.022 0.001 0.371 0 0.006 0.001 0.023 0.001 0.006 0.037 0.005 0.001 0.576 0.002 0.015 0.01 0.071 0.006 0.006 0.007 0.001 1 0.001 0.001 0.068 0 0.001 0.721 0.003 0.003 0.007 0.065 0.001 0.001 0.002 0.001 0.007 0.879 0 0.001 0.001
0.049 0.062 0.061 0.018 0.003 0.002 0.004 0.003 0.002 0.007 0.001 0.005 0.003 0.005 0.003 0.013 0.15 0.016 0.029 0.008 0.025 0.003 0.004 0.003 0.008 0.025 0.029 0.001 0.001 0.002 0.006 0.009 0.04 0.002 0.011 0.065 0.154 0.002 0.002 0.05 0.023 0.004 0.123 0.169 0.17 0.151 0.001 0.001 1 0 0.103 0.001 0.001 0.001 0 0.004 0.146 0.111 0 0.002 0.583 0.001 0.052 0.001 0.001 0.002 0
0.003 0.001 0.001 0.002 0.001 0 0 0 0.002 0.221 0.001 0.007 0.008 0.004 0.001 0.01 0.069 0.006 0.016 0.006 0.016 0.002 0 0.002 0.006 0.006 0.02 0.001 0.001 0.001 0.005 0.005 0.023 0.002 0.008 0.017 0.057 0.001 0.001 0.026 0.018 0.001 0.034 0.051 0.057 0.057 0.001 0.001 0 1 0.081 0.001 0.001 0.001 0.005 0.003 0.066 0.076 0.268 0.001 0.001 0.001 0.08 0.001 0.001 0.002 0.597
0.004 0.009 0.011 0.015 0.002 0.016 0 0 0 0.084 0.006 0 0.001 0 0.171 0.001 0.39 0.018 0.133 0.007 0.047 0.019 0.141 0.011 0.006 0.027 0.029 0.012 0.035 0.01 0.011 0.021 0.056 0.003 0.087 0.245 0.557 0.007 0.106 0.264 0.197 0.054 0.859 0.625 0.634 0.687 0.007 0.068 0.103 0.081 1 0.006 0.008 0.055 0.339 0.036 0.704 0.895 0.073 0.014 0.136 0.008 0.726 0.068 0.006 0.019 0.11
0.002 0.001 0.001 0.019 0.003 0.001 0.002 0.001 0.001 0.001 0.021 0.001 0.001 0.002 0.001 0 0.003 0.006 0.012 0.003 0.014 0.004 0.001 0.003 0.003 0.013 0.008 0.136 0 0.001 0.004 0.003 0.017 0.001 0.038 0.01 0.004 0.001 0.001 0.009 0.029 0.008 0.006 0.004 0.004 0.005 0 0 0.001 0.001 0.006 1 0 0 0.002 0.002 0.005 0.006 0 0.119 0.001 0 0.005 0 0 0.001 0.001
0 0 0 0.004 0.002 0.001 0.002 0.002 0.001 0.001 0 0.005 0.005 0.003 0.002 0.004 0.004 0 0.002 0.002 0.009 0.037 0.002 0.001 0.004 0.012 0.017 0.001 0 0 0.005 0.004 0.008 0.001 0.005 0.01 0.005 0.001 0.001 0 0.012 0.038 0.007 0.005 0.005 0.006 0 0.001 0.001 0.001 0.008 0 1 0.001 0.003 0.002 0.006 0.007 0.001 0.001 0.001 0 0.006 0.001 0 0.001 0.001
0.014 0.019 0.019 0.007 0.004 0.197 0.002 0.002 0.001 0 0 0.047 0.047 0.003 0.002 0.041 0.002 0.008 0.012 0 0.016 0.002 0.003 0.248 0 0.044 0.026 0.001 0.322 0 0.006 0.001 0.026 0.001 0.007 0.028 0.004 0.001 0.466 0.002 0.016 0.014 0.058 0.005 0.005 0.005 0.001 0.721 0.001 0.001 0.055 0 0.001 1 0 0.003 0.006 0.053 0.001 0.001 0 0.001 0.006 0.707 0.001 0.002 0.001
0.019 0.015 0.014 0.051 0.012 0.002 0.015 0.012 0.008 0.002 0.002 0.012 0.016 0.005 0.429 0.009 0.232 0.001 0.123 0.006 0.044 0.006 0.415 0.004 0.006 0.045 0.022 0.005 0 0.005 0 0.004 0.044 0.003 0.037 0.12 0.328 0.005 0.003 0.106 0.083 0.045 0.381 0.429 0.417 0.384 0.003 0.003 0 0.005 0.339 0.002 0.003 0 1 0.015 0.459 0.389 0.004 0.006 0.001 0.003 0.43 0.004 0.003 0.008 0
0.011 0.028 0.028 0.092 0.015 0.005 0.007 0.006 0.005 0.003 0.002 0.03 0.016 0.009 0.004 0.026 0.012 0.032 0.058 0.015 0.02 0.129 0.005 0.006 0.015 0.02 0.007 0.003 0.002 0.004 0.019 0.017 0.077 0.003 0.314 0.057 0.023 0.004 0.004 0.055 0.181 0.045 0.034 0.025 0.025 0.028 0.002 0.003 0.004 0.003 0.036 0.002 0.002 0.003 0.015 1 0.029 0.035 0.003 0.004 0.005 0.002 0.029 0.002 0.002 0.001 0.004
0 0 0 0.031 0.007 0.001 0.019 0.015 0.015 0.063 0.005 0.02 0.025 0.011 0.241 0.022 0.465 0.011 0.189 0.019 0.092 0.014 0.208 0.007 0.017 0.081 0.079 0.009 0.001 0.01 0.007 0.02 0.124 0.001 0.071 0.222 0.586 0.01 0.004 0.242 0.16 0.037 0.685 0.791 0.788 0.695 0.005 0.007 0.146 0.066 0.704 0.005 0.006 0.006 0.459 0.029 1 0.695 0.09 0.011 0.188 0.006 0.778 0.007 0.005 0.016 0.098
0.004 0.011 0.012 0.014 0.001 0.015 0 0 0 0.081 0.006 0 0.002 0 0.205 0.001 0.432 0.028 0.124 0.007 0.047 0.018 0.184 0.01 0.006 0.028 0.033 0.011 0.036 0.01 0.014 0.024 0.061 0.012 0.085 0.26 0.614 0.012 0.097 0.236 0.193 0.06 0.86 0.636 0.634 0.7 0.006 0.065 0.111 0.076 0.895 0.006 0.007 0.053 0.389 0.035 0.695 1 0.074 0.014 0.156 0.007 0.728 0.064 0.006 0.018 0.106
0 0 0 0.003 0 0 0.001 0.001 0.001 0.07 0 0.005 0.005 0.003 0.002 0.008 0.067 0.003 0.021 0.005 0.011 0.002 0 0.002 0.005 0.012 0.014 0.001 0.001 0.001 0.004 0.003 0.017 0.001 0.007 0.016 0.05 0.001 0.001 0.015 0.014 0.004 0.038 0.055 0.062 0.042 0 0.001 0 0.268 0.073 0 0.001 0.001 0.004 0.003 0.09 0.074 1 0.001 0.001 0.001 0.069 0.001 0 0.001 0.32
0.004 0.011 0.011 0.02 0.006 0.002 0.003 0.003 0.002 0.001 0 0.011 0.012 0.004 0.003 0.009 0.007 0.001 0.009 0.006 0.022 0 0.003 0.002 0.006 0.022 0.012 0.602 0.001 0.026 0.007 0.008 0.016 0.002 0.091 0.025 0.009 0.001 0.002 0.021 0.035 0.012 0.013 0.01 0.01 0.011 0.008 0.001 0.002 0.001 0.014 0.119 0.001 0.001 0.006 0.004 0.011 0.014 0.001 1 0.002 0.001 0.011 0.001 0.001 0.002 0.002
0.034 0.038 0.044 0.006 0.001 0 0.005 0.004 0.003 0.031 0.001 0.001 0.002 0.003 0.004 0.002 0.13 0.013 0.026 0.006 0.022 0.004 0.005 0.001 0.006 0.022 0.032 0.002 0.001 0.002 0.005 0.011 0.043 0.003 0.014 0.07 0.157 0.002 0 0.065 0.03 0 0.159 0.195 0.196 0.174 0.001 0.002 0.583 0.001 0.136 0.001 0.001 0 0.001 0.005 0.188 0.156 0.001 0.002 1 0.001 0.09 0.001 0.001 0.003 0.001
0.002 0.007 0.007 0.022 0.004 0.001 0.002 0.002 0.001 0.001 0 0.007 0.006 0.003 0 0.006 0.002 0.008 0.013 0.004 0.032 0.001 0.001 0.001 0.004 0.036 0.026 0.001 0 0.001 0.005 0.004 0.023 0.001 0.085 0.014 0.005 0.001 0.001 0.004 0.039 0.01 0.007 0.005 0.005 0.006 0 0.001 0.001 0.001 0.008 0 0 0.001 0.003 0.002 0.006 0.007 0.001 0.001 0.001 1 0.006 0.001 0 0.001 0.001
0.002 0 0 0.039 0.001 0.002 0.001 0 0.001 0.095 0.005 0.008 0.012 0 0.238 0.008 0.399 0.011 0.157 0.005 0.07 0.014 0.225 0.008 0.005 0.06 0.06 0.009 0.001 0.01 0.006 0.02 0.099 0.001 0.07 0.187 0.616 0.01 0.003 0.277 0.159 0.051 0.7 0.706 0.704 0.735 0.005 0.007 0.052 0.08 0.726 0.005 0.006 0.006 0.43 0.029 0.778 0.728 0.069 0.011 0.09 0.006 1 0.007 0.005 0.015 0.125
0.015 0.02 0.02 0.004 0.003 0.194 0.002 0.001 0.001 0 0 0.029 0.03 0.002 0.002 0.024 0.001 0.006 0.009 0.004 0.008 0.002 0.002 0.271 0.003 0.035 0.024 0.001 0.409 0 0.005 0.001 0.026 0.001 0.006 0.037 0.006 0.001 0.571 0.002 0.013 0.012 0.07 0.006 0.006 0.007 0 0.879 0.001 0.001 0.068 0 0.001 0.707 0.004 0.002 0.007 0.064 0.001 0.001 0.001 0.001 0.007 1 0 0.001 0.001
0.01 0.013 0.013 0.005 0.005 0.006 0.002 0.001 0.001 0.001 0.011 0.024 0.021 0.002 0.001 0.028 0.003 0 0.003 0.014 0.003 0.001 0.002 0.015 0 0 0 0.001 0.014 0.001 0.004 0.004 0 0 0.001 0.005 0.004 0.001 0.001 0.01 0.005 0 0.006 0.004 0.004 0.005 0.701 0 0.001 0.001 0.006 0 0 0.001 0.003 0.002 0.005 0.006 0 0.001 0.001 0 0.005 0 1 0.05 0.001
0.003 0.002 0.002 0.01 0.003 0.001 0.005 0.004 0.003 0.002 0.002 0.001 0 0.006 0.004 0.001 0.009 0.006 0 0.003 0.004 0.004 0.005 0.002 0.01 0.013 0.017 0.002 0 0.002 0.005 0.006 0.021 0.015 0.002 0.014 0.012 0 0.002 0.017 0.009 0.047 0.018 0.013 0.013 0.015 0.028 0.001 0.002 0.002 0.019 0.001 0.001 0.002 0.008 0.001 0.016 0.018 0.001 0.002 0.003 0.001 0.015 0.001 0.05 1 0.002
0.002 0.001 0.001 0.003 0.001 0 0 0 0.002 0.161 0.001 0.009 0.01 0.005 0 0.01 0.085 0.004 0.025 0.007 0.021 0.003 0 0.003 0.007 0.01 0.027 0.001 0.001 0.001 0.006 0.006 0.033 0.002 0.01 0.015 0.059 0.001 0.002 0.035 0.022 0.001 0.049 0.072 0.079 0.069 0.001 0.001 0 0.597 0.11 0.001 0.001 0.001 0 0.004 0.098 0.106 0.32 0.002 0.001 0.001 0.125 0.001 0.001 0.002 1
