1 0.831 0.854 0.486 0.372 0.1 0.288 0.237 0.124 0.023 0.049 0.497 0.49 0.241 0.034 0.533 0 0.146 0.107 0.302 0.294 0.008 0.038 0.136 0.245 0.256 0.151 0.001 0.033 0.019 0.064 0.045 0.143 0.027 0.003 0.081 0.001 0 0.055 0.06 0.021 0.084 0.019 0.001 0.001 0.001 0.004 0.015 0.064 0.01 0.014 0.001 0.008 0.026 0.017 0.012 0.001 0.01 0 0 0.046 0 0.002 0.018 0.019 0.015 0
0.831 1 0.95 0.449 0.398 0.117 0.34 0.279 0.146 0.02 0.057 0.573 0.554 0.255 0.028 0.584 0 0.142 0.095 0.327 0.274 0.021 0.032 0.162 0.27 0.237 0.127 0 0.04 0.016 0.061 0.053 0.108 0.023 0.02 0.092 0.003 0.006 0.043 0.059 0.007 0.069 0.021 0 0 0.003 0.006 0.02 0.076 0.008 0.016 0.002 0.008 0.033 0.024 0.028 0 0.017 0 0.001 0.055 0.011 0.002 0.023 0.024 0.011 0
0.854 0.95 1 0.468 0.432 0.115 0.333 0.273 0.143 0.02 0.056 0.587 0.567 0.282 0.029 0.615 0 0.14 0.094 0.356 0.298 0.022 0.033 0.159 0.293 0.257 0.14 0 0.039 0.019 0.072 0.051 0.12 0.023 0.019 0.1 0.003 0.006 0.065 0.067 0.007 0.076 0.028 0 0 0.002 0.006 0.019 0.074 0.008 0.021 0.002 0.007 0.032 0.015 0.028 0.002 0.018 0 0.002 0.054 0.011 0.005 0.023 0.023 0.012 0
0.486 0.449 0.468 1 0.227 0.043 0.166 0.136 0.071 0.041 0.028 0.281 0.292 0.146 0.059 0.303 0.014 0.304 0.313 0.218 0.582 0.004 0.057 0.061 0.174 0.537 0.332 0.027 0.015 0.039 0.021 0.012 0.394 0.046 0.203 0.003 0.01 0.017 0.026 0.004 0.223 0.197 0.001 0.028 0.026 0.014 0.001 0.005 0.036 0.018 0.002 0.016 0.017 0.009 0.036 0.067 0.014 0.003 0.004 0.019 0.015 0.018 0.01 0.007 0.009 0.022 0.004
0.372 0.398 0.432 0.227 1 0.011 0.573 0.519 0.26 0.01 0.005 0.492 0.469 0.557 0.015 0.499 0.035 0.081 0.145 0.691 0.264 0.011 0.016 0.012 0.578 0.224 0.165 0 0.001 0.01 0.192 0.144 0.14 0.012 0.026 0.033 0.005 0.006 0.001 0.078 0.046 0.05 0.004 0.032 0.03 0.005 0 0.002 0.002 0.003 0.005 0.001 0.005 0.002 0.007 0.014 0.017 0.005 0.004 0 0.001 0.006 0.001 0.002 0 0.006 0.004
0.1 0.117 0.115 0.043 0.011 1 0.007 0.006 0.003 0.002 0.001 0.127 0.119 0.009 0.003 0.131 0.009 0.012 0.027 0.013 0.062 0.003 0.004 0.533 0.012 0.062 0.017 0.001 0.283 0.002 0.013 0.012 0.023 0.003 0.01 0.039 0.005 0.001 0.304 0.02 0.027 0.012 0.039 0.006 0.005 0.007 0.024 0.189 0.002 0.001 0.023 0.001 0.001 0.263 0.004 0.003 0 0.017 0.001 0.001 0.006 0.001 0 0.21 0.062 0.002 0.001
0.288 0.34 0.333 0.166 0.573 0.007 1 0.821 0.43 0.007 0.004 0.351 0.329 0.731 0.01 0.368 0.022 0.054 0.095 0.529 0.204 0.007 0.011 0.012 0.483 0.174 0.131 0 0.004 0.006 0.279 0.281 0.112 0.008 0.021 0.063 0.002 0.004 0.008 0.156 0.121 0.062 0.01 0.029 0.028 0.003 0.006 0.005 0.006 0.001 0.009 0.001 0.004 0.005 0.017 0.009 0.033 0.008 0.002 0 0.006 0.004 0.005 0.005 0.004 0.01 0.002
0.237 0.279 0.273 0.136 0.519 0.006 0.821 1 0.523 0.006 0.003 0.286 0.268 0.658 0.008 0.3 0.017 0.044 0.077 0.424 0.166 0.006 0.009 0.01 0.38 0.135 0.101 0.001 0.003 0.005 0.193 0.191 0.086 0.006 0.016 0.039 0 0.003 0.006 0.118 0.082 0.055 0.005 0.023 0.022 0.001 0.005 0.004 0.005 0.001 0.004 0 0.003 0.004 0.014 0.007 0.026 0.004 0.001 0.001 0.005 0.003 0.001 0.004 0.004 0.008 0.001
0.124 0.146 0.143 0.071 0.26 0.003 0.43 0.523 1 0.003 0.002 0.157 0.148 0.375 0.004 0.165 0.011 0.023 0.044 0.216 0.092 0.003 0.005 0.005 0.217 0.097 0.075 0.005 0.002 0.003 0.121 0.114 0.066 0.003 0.005 0.025 0.001 0.002 0.003 0.067 0.061 0.031 0.002 0.015 0.014 0.001 0.002 0.002 0.002 0.002 0.003 0.001 0.002 0.002 0.007 0.004 0.016 0.003 0.002 0.005 0.003 0.002 0.002 0.002 0.002 0.004 0.002
0.023 0.02 0.02 0.041 0.01 0.002 0.007 0.006 0.003 1 0.001 0.015 0.008 0.008 0.003 0.014 0.15 0.017 0.03 0.011 0.031 0.002 0.003 0.004 0.01 0.018 0.025 0.001 0.006 0.002 0.012 0.011 0.029 0.002 0.01 0.057 0.082 0.001 0.001 0.008 0.025 0.002 0.071 0.083 0.08 0.062 0.002 0.004 0 0.446 0.075 0.001 0.001 0.004 0.003 0.003 0.057 0.058 0.149 0.001 0.002 0.001 0.047 0.005 0.001 0.003 0.245
0.049 0.057 0.056 0.028 0.005 0.001 0.004 0.003 0.002 0.001 1 0.062 0.058 0.004 0.002 0.065 0.005 0.009 0.017 0.006 0.036 0.001 0.002 0.291 0.006 0.038 0.03 0.02 0.001 0.001 0.006 0.006 0.026 0.001 0.114 0.02 0.006 0.001 0.001 0.012 0.01 0.012 0.005 0.003 0.003 0.004 0.015 0.001 0 0.001 0.005 0 0.001 0.001 0.003 0.002 0.003 0.005 0.001 0 0.001 0.001 0.004 0.001 0.022 0.006 0.001
0.497 0.573 0.587 0.281 0.492 0.127 0.351 0.286 0.157 0.015 0.062 1 0.916 0.345 0.025 0.778 0.068 0.09 0.199 0.446 0.385 0.016 0.029 0.178 0.363 0.348 0.281 0 0.045 0.017 0.147 0.115 0.261 0.021 0.01 0.051 0.031 0.008 0.075 0.024 0.04 0.085 0.002 0.069 0.067 0.033 0.01 0.024 0.01 0.012 0.002 0.002 0.007 0.048 0.016 0.025 0.035 0.006 0.013 0.001 0.002 0.01 0.012 0.027 0.032 0.003 0.014
0.49 0.554 0.567 0.292 0.469 0.119 0.329 0.268 0.148 0.008 0.058 0.916 1 0.322 0.027 0.734 0.06 0.098 0.199 0.428 0.369 0.012 0.031 0.166 0.351 0.351 0.282 0 0.065 0.019 0.144 0.113 0.267 0.022 0.01 0.054 0.032 0.008 0.091 0.022 0.041 0.087 0.001 0.07 0.068 0.035 0.009 0.037 0.004 0.013 0.003 0 0.006 0.067 0.018 0.026 0.037 0.004 0.014 0 0.001 0.01 0.013 0.042 0.03 0.004 0.015
0.241 0.255 0.282 0.146 0.557 0.009 0.731 0.658 0.375 0.008 0.004 0.345 0.322 1 0.011 0.439 0.031 0.062 0.117 0.587 0.246 0.008 0.013 0.014 0.541 0.172 0.127 0 0.005 0.001 0.266 0.202 0.108 0.009 0.016 0.07 0 0.005 0.001 0.162 0.088 0.058 0 0.019 0.018 0 0.007 0.006 0.007 0.005 0 0.001 0.005 0.006 0 0.01 0.007 0.001 0.006 0 0.007 0.004 0.001 0.005 0.005 0.012 0.006
0.034 0.028 0.029 0.059 0.015 0.003 0.01 0.008 0.004 0.003 0.002 0.025 0.027 0.011 1 0.025 0.363 0.024 0.095 0.016 0.045 0.003 0.883 0.006 0.016 0.033 0.04 0.002 0.002 0.003 0.017 0.011 0.044 0.003 0.008 0.068 0.232 0.002 0.003 0.043 0.022 0.021 0.148 0.213 0.207 0.191 0.003 0.002 0.003 0.002 0.112 0.001 0.002 0.002 0.455 0.005 0.188 0.162 0.002 0.002 0.003 0.001 0.168 0.002 0.002 0.005 0.002
0.533 0.584 0.615 0.303 0.499 0.131 0.368 0.3 0.165 0.014 0.065 0.778 0.734 0.439 0.025 1 0.057 0.12 0.223 0.558 0.481 0.019 0.022 0.181 0.469 0.384 0.24 0 0.043 0.001 0.1 0.073 0.216 0.014 0.009 0.046 0.013 0.011 0.074 0.031 0.023 0.094 0 0.039 0.038 0.014 0.011 0.022 0.011 0.012 0 0.002 0.009 0.046 0.001 0.024 0.019 0 0.014 0.001 0.003 0.01 0.003 0.028 0.034 0.005 0.014
0 0 0 0.014 0.035 0.009 0.022 0.017 0.011 0.15 0.005 0.068 0.06 0.031 0.363 0.057 1 0.064 0.255 0.045 0.115 0.009 0.356 0.015 0.043 0.092 0.118 0.004 0 0.008 0.046 0.038 0.135 0.01 0.031 0.191 0.6 0.001 0.002 0.133 0.074 0.024 0.443 0.607 0.594 0.518 0.007 0 0.145 0.048 0.388 0.003 0.005 0 0.208 0.013 0.489 0.458 0.112 0.004 0.1 0 0.381 0 0.005 0.01 0.16
0.146 0.142 0.14 0.304 0.081 0.012 0.054 0.044 0.023 0.017 0.009 0.09 0.098 0.062 0.024 0.12 0.064 1 0.442 0.091 0.21 0.018 0.02 0.031 0.063 0.197 0.053 0.009 0.01 0.057 0.008 0.01 0.073 0.11 0.067 0.035 0.066 0.042 0.019 0.025 0.03 0.151 0.058 0.028 0.024 0.033 0.007 0.006 0.014 0.005 0.047 0.005 0 0.012 0.01 0.018 0.032 0.058 0.006 0.004 0.016 0.009 0.036 0.011 0 0.03 0.007
0.107 0.095 0.094 0.313 0.145 0.027 0.095 0.077 0.044 0.03 0.017 0.199 0.199 0.117 0.095 0.223 0.255 0.442 1 0.172 0.41 0.035 0.1 0.059 0.134 0.363 0.191 0.017 0.008 0.024 0.004 0.002 0.238 0.054 0.123 0.033 0.13 0.028 0.023 0.024 0.114 0.038 0.087 0.198 0.202 0.152 0 0.006 0.031 0.011 0.082 0.01 0.003 0.011 0.066 0.039 0.141 0.081 0.032 0.011 0.015 0.009 0.093 0.009 0.004 0.001 0.051
0.302 0.327 0.356 0.218 0.691 0.013 0.529 0.424 0.216 0.011 0.006 0.446 0.428 0.587 0.016 0.558 0.045 0.091 0.172 1 0.348 0.012 0.019 0.014 0.856 0.259 0.192 0.006 0.002 0 0.267 0.215 0.163 0.013 0.052 0.055 0.006 0.007 0.001 0.125 0.058 0.073 0.006 0.035 0.033 0.007 0 0.003 0.01 0.008 0.005 0.002 0.005 0 0 0.015 0.02 0.007 0.009 0.006 0.01 0.006 0.002 0.002 0 0.011 0.009
0.294 0.274 0.298 0.582 0.264 0.062 0.204 0.166 0.092 0.031 0.036 0.385 0.369 0.246 0.045 0.481 0.115 0.21 0.41 0.348 1 0.034 0.046 0.1 0.305 0.781 0.542 0.027 0.023 0.007 0.046 0.031 0.467 0.033 0.155 0 0.059 0.012 0.038 0.001 0.226 0.183 0.024 0.107 0.102 0.065 0.001 0.009 0.022 0.021 0.025 0.013 0.017 0.025 0.019 0.011 0.072 0.032 0.024 0.02 0.014 0.024 0.038 0.012 0.009 0.013 0.026
0.008 0.021 0.022 0.004 0.011 0.003 0.007 0.006 0.003 0.002 0.001 0.016 0.012 0.008 0.003 0.019 0.009 0.018 0.035 0.012 0.034 1 0.004 0.004 0.012 0.032 0.041 0 0.001 0.002 0.01 0.009 0.006 0.003 0.048 0.027 0.008 0 0.003 0.008 0.012 0.002 0.012 0.007 0.006 0.008 0.002 0.002 0.002 0.002 0.011 0.002 0.082 0.002 0.003 0.149 0.008 0.01 0.002 0 0.001 0.001 0.008 0.002 0.001 0.003 0.002
0.038 0.032 0.033 0.057 0.016 0.004 0.011 0.009 0.005 0.003 0.002 0.029 0.031 0.013 0.883 0.022 0.356 0.02 0.1 0.019 0.046 0.004 1 0.006 0.018 0.039 0.047 0.002 0.002 0.003 0.019 0.013 0.053 0.004 0.009 0.067 0.242 0.002 0.004 0.042 0.026 0.018 0.153 0.222 0.209 0.198 0.003 0.003 0.003 0.002 0.098 0.001 0.002 0.002 0.479 0.005 0.176 0.168 0.003 0.002 0.003 0.001 0.177 0.002 0.002 0.005 0.003
0.136 0.162 0.159 0.061 0.012 0.533 0.012 0.01 0.005 0.004 0.291 0.178 0.166 0.014 0.006 0.181 0.015 0.031 0.059 0.014 0.1 0.004 0.006 1 0.021 0.115 0.06 0.002 0.241 0.004 0.021 0.017 0.064 0.004 0.01 0.014 0.012 0.002 0.31 0.034 0.008 0.034 0.03 0.01 0.01 0.013 0.035 0.249 0.001 0.003 0.019 0 0.002 0.245 0.008 0.006 0.002 0.015 0.003 0.001 0.002 0.002 0.002 0.265 0.078 0 0.003
0.245 0.27 0.293 0.174 0.578 0.012 0.483 0.38 0.217 0.01 0.006 0.363 0.351 0.541 0.016 0.469 0.043 0.063 0.134 0.856 0.305 0.012 0.018 0.021 1 0.286 0.229 0.006 0.007 0 0.34 0.281 0.197 0.013 0.052 0.068 0.006 0.007 0 0.138 0.079 0.077 0.009 0.034 0.032 0.007 0.003 0.008 0.01 0.008 0.007 0.002 0.007 0.004 0 0.015 0.02 0.009 0.009 0.006 0.01 0.006 0.002 0.008 0.001 0.017 0.009
0.256 0.237 0.257 0.537 0.224 0.062 0.174 0.135 0.097 0.018 0.038 0.348 0.351 0.172 0.033 0.384 0.092 0.197 0.363 0.259 0.781 0.032 0.039 0.115 0.286 1 0.71 0.029 0.044 0.028 0.07 0.055 0.625 0.034 0.179 0.003 0.081 0.019 0.081 0.001 0.281 0.22 0.021 0.136 0.13 0.085 0.001 0.04 0.021 0.019 0.022 0.014 0.019 0.051 0.039 0.013 0.092 0.029 0.023 0.021 0.011 0.04 0.053 0.047 0.003 0.017 0.023
0.151 0.127 0.14 0.332 0.165 0.017 0.131 0.101 0.075 0.025 0.03 0.281 0.282 0.127 0.04 0.24 0.118 0.053 0.191 0.192 0.542 0.041 0.047 0.06 0.229 0.71 1 0.022 0.018 0.036 0.297 0.273 0.841 0.044 0.128 0.033 0.115 0.014 0.063 0.01 0.425 0.218 0.046 0.178 0.168 0.121 0.002 0.03 0.028 0.023 0.044 0.01 0.024 0.027 0.047 0.006 0.129 0.056 0.026 0.015 0.026 0.031 0.083 0.037 0 0.022 0.028
0.001 0 0 0.027 0 0.001 0 0.001 0.005 0.001 0.02 0 0 0 0.002 0 0.004 0.009 0.017 0.006 0.027 0 0.002 0.002 0.006 0.029 0.022 1 0.001 0.001 0.006 0.005 0.025 0.001 0.109 0.019 0.005 0.001 0.001 0.011 0.036 0.012 0.005 0.003 0.003 0.003 0 0.001 0 0.001 0.005 0.205 0.001 0.001 0.003 0.002 0.003 0.004 0.001 0.573 0.001 0.001 0.003 0.001 0.001 0.002 0.001
0.033 0.04 0.039 0.015 0.001 0.283 0.004 0.003 0.002 0.006 0.001 0.045 0.065 0.005 0.002 0.043 0 0.01 0.008 0.002 0.023 0.001 0.002 0.241 0.007 0.044 0.018 0.001 1 0.001 0.007 0.007 0.03 0.002 0.006 0.035 0.007 0.001 0.261 0.004 0.016 0.014 0.03 0.007 0.007 0.008 0.052 0.238 0.001 0.001 0.022 0 0.001 0.24 0.002 0.002 0 0.022 0.001 0.001 0 0.001 0 0.245 0.073 0.001 0.001
0.019 0.016 0.019 0.039 0.01 0.002 0.006 0.005 0.003 0.002 0.001 0.017 0.019 0.001 0.003 0.001 0.008 0.057 0.024 0 0.007 0.002 0.003 0.004 0 0.028 0.036 0.001 0.001 1 0.011 0.01 0.042 0.002 0.009 0.007 0 0.001 0.002 0.007 0.023 0.006 0.001 0 0 0 0.002 0.001 0.002 0.001 0 0.001 0 0.001 0.004 0.003 0 0 0.002 0.001 0.002 0.001 0 0.001 0.001 0.003 0.002
0.064 0.061 0.072 0.021 0.192 0.013 0.279 0.193 0.121 0.012 0.006 0.147 0.144 0.266 0.017 0.1 0.046 0.008 0.004 0.267 0.046 0.01 0.019 0.021 0.34 0.07 0.297 0.006 0.007 0.011 1 0.905 0.264 0.013 0.054 0.287 0.053 0.065 0 0.216 0.296 0.049 0.055 0.055 0.051 0.056 0.01 0.009 0.01 0.006 0.046 0.002 0.007 0.008 0.008 0.016 0.035 0.056 0.007 0.006 0.011 0.007 0.036 0.008 0.007 0.013 0.008
0.045 0.053 0.051 0.012 0.144 0.012 0.281 0.191 0.114 0.011 0.006 0.115 0.113 0.202 0.011 0.073 0.038 0.01 0.002 0.215 0.031 0.009 0.013 0.017 0.281 0.055 0.273 0.005 0.007 0.01 0.905 1 0.253 0.013 0.051 0.274 0.05 0.07 0.01 0.195 0.325 0.045 0.075 0.052 0.048 0.059 0.009 0.005 0.009 0.006 0.064 0.002 0.007 0.005 0.025 0.015 0.056 0.066 0.007 0.006 0.011 0.006 0.057 0.005 0.007 0.013 0.007
0.143 0.108 0.12 0.394 0.14 0.023 0.112 0.086 0.066 0.029 0.026 0.261 0.267 0.108 0.044 0.216 0.135 0.073 0.238 0.163 0.467 0.006 0.053 0.064 0.197 0.625 0.841 0.025 0.03 0.042 0.264 0.253 1 0.05 0.215 0.022 0.139 0.013 0.055 0.003 0.523 0.261 0.066 0.208 0.196 0.148 0 0.026 0.032 0.026 0.062 0.015 0.016 0.023 0.061 0.062 0.156 0.075 0.03 0.018 0.028 0.027 0.105 0.032 0.001 0.027 0.032
0.027 0.023 0.023 0.046 0.012 0.003 0.008 0.006 0.003 0.002 0.001 0.021 0.022 0.009 0.003 0.014 0.01 0.11 0.054 0.013 0.033 0.003 0.004 0.004 0.013 0.034 0.044 0.001 0.002 0.002 0.013 0.013 0.05 1 0.006 0.022 0.007 0.002 0.003 0.008 0.025 0.044 0.003 0 0 0 0.002 0 0.002 0.002 0.002 0.001 0.001 0.002 0.002 0.001 0.001 0.011 0.002 0.001 0.002 0.001 0.001 0.002 0.002 0.032 0.002
0.003 0.02 0.019 0.203 0.026 0.01 0.021 0.016 0.005 0.01 0.114 0.01 0.01 0.016 0.008 0.009 0.031 0.067 0.123 0.052 0.155 0.048 0.009 0.01 0.052 0.179 0.128 0.109 0.006 0.009 0.054 0.051 0.215 0.006 1 0.168 0.048 0.006 0.011 0.095 0.312 0.083 0.07 0.047 0.045 0.053 0 0.003 0.005 0.007 0.065 0.055 0.006 0.007 0.025 0.287 0.052 0.064 0.008 0.091 0.009 0.12 0.053 0.007 0 0.001 0.008
0.081 0.092 0.1 0.003 0.033 0.039 0.063 0.039 0.025 0.057 0.02 0.051 0.054 0.07 0.068 0.046 0.191 0.035 0.033 0.055 0 0.027 0.067 0.014 0.068 0.003 0.033 0.019 0.035 0.007 0.287 0.274 0.022 0.022 0.168 1 0.202 0.025 0.065 0.384 0.012 0.121 0.245 0.198 0.185 0.147 0.008 0.031 0.043 0.032 0.199 0.008 0.018 0.032 0.085 0.048 0.201 0.212 0.024 0.019 0.054 0.021 0.147 0.038 0.003 0.03 0.039
0.001 0.003 0.003 0.01 0.005 0.005 0.002 0 0.001 0.082 0.006 0.031 0.032 0 0.232 0.013 0.6 0.066 0.13 0.006 0.059 0.008 0.242 0.012 0.006 0.081 0.115 0.005 0.007 0 0.053 0.05 0.139 0.007 0.048 0.202 1 0.007 0.012 0.211 0.123 0.051 0.639 0.758 0.719 0.816 0.009 0.008 0.125 0.049 0.554 0.003 0.006 0.002 0.269 0.016 0.622 0.638 0.104 0.005 0.128 0.006 0.639 0.007 0.007 0.016 0.146
0 0.006 0.006 0.017 0.006 0.001 0.004 0.003 0.002 0.001 0.001 0.008 0.008 0.005 0.002 0.011 0.001 0.042 0.028 0.007 0.012 0 0.002 0.002 0.007 0.019 0.014 0.001 0.001 0.001 0.065 0.07 0.013 0.002 0.006 0.025 0.007 1 0.002 0.001 0.007 0.035 0.01 0.007 0.007 0.008 0.001 0.001 0.001 0.001 0.007 0 0.001 0.001 0.003 0.002 0.008 0.009 0.001 0.001 0.001 0.001 0.008 0.001 0.001 0.001 0.001
0.055 0.043 0.065 0.026 0.001 0.304 0.008 0.006 0.003 0.001 0.001 0.075 0.091 0.001 0.003 0.074 0.002 0.019 0.023 0.001 0.038 0.003 0.004 0.31 0 0.081 0.063 0.001 0.261 0.002 0 0.01 0.055 0.003 0.011 0.065 0.012 0.002 1 0.002 0.029 0.026 0.151 0.012 0.012 0.009 0.002 0.548 0.002 0.002 0.118 0.001 0.002 0.435 0.005 0.004 0.005 0.082 0.002 0.001 0 0.001 0.004 0.584 0.002 0.004 0.002
0.06 0.059 0.067 0.004 0.078 0.02 0.156 0.118 0.067 0.008 0.012 0.024 0.022 0.162 0.043 0.031 0.133 0.025 0.024 0.125 0.001 0.008 0.042 0.034 0.138 0.001 0.01 0.011 0.004 0.007 0.216 0.195 0.003 0.008 0.095 0.384 0.211 0.001 0.002 1 0.024 0.12 0.183 0.202 0.203 0.227 0.025 0.003 0.031 0.005 0.185 0.006 0 0.002 0.104 0.046 0.182 0.158 0.009 0.016 0.023 0.001 0.2 0.006 0.019 0.039 0.032
0.021 0.007 0.007 0.223 0.046 0.027 0.121 0.082 0.061 0.025 0.01 0.04 0.041 0.088 0.022 0.023 0.074 0.03 0.114 0.058 0.226 0.012 0.026 0.008 0.079 0.281 0.425 0.036 0.016 0.023 0.296 0.325 0.523 0.025 0.312 0.012 0.123 0.007 0.029 0.024 1 0.177 0.19 0.128 0.124 0.149 0.007 0.019 0.021 0.017 0.177 0.025 0.016 0.018 0.064 0.131 0.142 0.174 0.019 0.034 0.024 0.047 0.145 0.017 0.005 0.007 0.02
0.084 0.069 0.076 0.197 0.05 0.012 0.062 0.055 0.031 0.002 0.012 0.085 0.087 0.058 0.021 0.094 0.024 0.151 0.038 0.073 0.183 0.002 0.018 0.034 0.077 0.22 0.218 0.012 0.014 0.006 0.049 0.045 0.261 0.044 0.083 0.121 0.051 0.035 0.026 0.12 0.177 1 0.092 0.048 0.044 0.058 0.003 0.01 0.001 0 0.078 0.007 0.036 0.016 0.043 0.033 0.047 0.067 0.004 0.011 0.002 0.013 0.068 0.015 0 0.06 0.012
0.019 0.021 0.028 0.001 0.004 0.039 0.01 0.005 0.002 0.071 0.005 0.002 0.001 0 0.148 0 0.443 0.058 0.087 0.006 0.024 0.012 0.153 0.03 0.009 0.021 0.046 0.005 0.03 0.001 0.055 0.075 0.066 0.003 0.07 0.245 0.639 0.01 0.151 0.183 0.19 0.092 1 0.677 0.645 0.733 0.014 0.079 0.113 0.027 0.856 0.005 0.01 0.079 0.321 0.025 0.697 0.837 0.066 0.008 0.126 0.009 0.7 0.088 0.01 0.024 0.096
0.001 0 0 0.028 0.032 0.006 0.029 0.023 0.015 0.083 0.003 0.069 0.07 0.019 0.213 0.039 0.607 0.028 0.198 0.035 0.107 0.007 0.222 0.01 0.034 0.136 0.178 0.003 0.007 0 0.055 0.052 0.208 0 0.047 0.198 0.758 0.007 0.012 0.202 0.128 0.048 0.677 1 0.94 0.848 0.009 0.008 0.167 0.046 0.594 0.003 0.007 0.002 0.359 0.017 0.824 0.626 0.101 0.006 0.154 0.006 0.674 0.007 0.007 0.016 0.143
0.001 0 0 0.026 0.03 0.005 0.028 0.022 0.014 0.08 0.003 0.067 0.068 0.018 0.207 0.038 0.594 0.024 0.202 0.033 0.102 0.006 0.209 0.01 0.032 0.13 0.168 0.003 0.007 0 0.051 0.048 0.196 0 0.045 0.185 0.719 0.007 0.012 0.203 0.124 0.044 0.645 0.94 1 0.817 0.009 0.008 0.173 0.054 0.6 0.003 0.007 0.002 0.34 0.016 0.792 0.6 0.112 0.005 0.16 0.006 0.643 0.007 0.007 0.016 0.157
0.001 0.003 0.002 0.014 0.005 0.007 0.003 0.001 0.001 0.062 0.004 0.033 0.035 0 0.191 0.014 0.518 0.033 0.152 0.007 0.065 0.008 0.198 0.013 0.007 0.085 0.121 0.003 0.008 0 0.056 0.059 0.148 0 0.053 0.147 0.816 0.008 0.009 0.227 0.149 0.058 0.733 0.848 0.817 1 0.011 0.009 0.144 0.043 0.66 0.004 0.008 0.003 0.335 0.02 0.734 0.693 0.084 0.007 0.131 0.007 0.751 0.008 0.008 0.019 0.13
0.004 0.006 0.006 0.001 0 0.024 0.006 0.005 0.002 0.002 0.015 0.01 0.009 0.007 0.003 0.011 0.007 0.007 0 0 0.001 0.002 0.003 0.035 0.003 0.001 0.002 0 0.052 0.002 0.01 0.009 0 0.002 0 0.008 0.009 0.001 0.002 0.025 0.007 0.003 0.014 0.009 0.009 0.011 1 0.001 0.002 0.001 0.013 0.001 0.001 0.001 0.005 0.003 0.01 0.012 0.001 0 0.002 0.001 0.01 0.001 0.564 0.128 0.001
0.015 0.02 0.019 0.005 0.002 0.189 0.005 0.004 0.002 0.004 0.001 0.024 0.037 0.006 0.002 0.022 0 0.006 0.006 0.003 0.009 0.002 0.003 0.249 0.008 0.04 0.03 0.001 0.238 0.001 0.009 0.005 0.026 0 0.003 0.031 0.008 0.001 0.548 0.003 0.019 0.01 0.079 0.008 0.008 0.009 0.001 1 0.001 0.001 0.085 0 0.001 0.673 0.004 0.002 0.009 0.069 0.001 0.001 0.001 0.001 0.009 0.896 0.001 0.002 0.001
0.064 0.076 0.074 0.036 0.002 0.002 0.006 0.005 0.002 0 0 0.01 0.004 0.007 0.003 0.011 0.145 0.014 0.031 0.01 0.022 0.002 0.003 0.001 0.01 0.021 0.028 0 0.001 0.002 0.01 0.009 0.032 0.002 0.005 0.043 0.125 0.001 0.002 0.031 0.021 0.001 0.113 0.167 0.173 0.144 0.002 0.001 1 0.001 0.095 0.001 0.001 0.001 0 0.003 0.149 0.119 0.001 0.001 0.334 0.001 0.062 0.001 0.001 0.003 0.001
0.01 0.008 0.008 0.018 0.003 0.001 0.001 0.001 0.002 0.446 0.001 0.012 0.013 0.005 0.002 0.012 0.048 0.005 0.011 0.008 0.021 0.002 0.002 0.003 0.008 0.019 0.023 0.001 0.001 0.001 0.006 0.006 0.026 0.002 0.007 0.032 0.049 0.001 0.002 0.005 0.017 0 0.027 0.046 0.054 0.043 0.001 0.001 0.001 1 0.038 0 0.001 0.001 0.004 0.002 0.039 0.022 0.135 0.001 0.001 0.001 0.027 0.001 0.001 0.002 0.294
0.014 0.016 0.021 0.002 0.005 0.023 0.009 0.004 0.003 0.075 0.005 0.002 0.003 0 0.112 0 0.388 0.047 0.082 0.005 0.025 0.011 0.098 0.019 0.007 0.022 0.044 0.005 0.022 0 0.046 0.064 0.062 0.002 0.065 0.199 0.554 0.007 0.118 0.185 0.177 0.078 0.856 0.594 0.6 0.66 0.013 0.085 0.095 0.038 1 0.005 0.009 0.085 0.258 0.023 0.671 0.828 0.109 0.008 0.108 0.008 0.663 0.095 0.01 0.022 0.115
0.001 0.002 0.002 0.016 0.001 0.001 0.001 0 0.001 0.001 0 0.002 0 0.001 0.001 0.002 0.003 0.005 0.01 0.002 0.013 0.002 0.001 0 0.002 0.014 0.01 0.205 0 0.001 0.002 0.002 0.015 0.001 0.055 0.008 0.003 0 0.001 0.006 0.025 0.007 0.005 0.003 0.003 0.004 0.001 0 0.001 0 0.005 1 0 0 0.002 0.001 0.004 0.004 0 0.315 0.001 0 0.004 0 0 0.001 0.001
0.008 0.008 0.007 0.017 0.005 0.001 0.004 0.003 0.002 0.001 0.001 0.007 0.006 0.005 0.002 0.009 0.005 0 0.003 0.005 0.017 0.082 0.002 0.002 0.007 0.019 0.024 0.001 0.001 0 0.007 0.007 0.016 0.001 0.006 0.018 0.006 0.001 0.002 0 0.016 0.036 0.01 0.007 0.007 0.008 0.001 0.001 0.001 0.001 0.009 0 1 0.001 0.003 0.002 0.007 0.009 0.001 0.001 0.001 0.001 0.008 0.001 0.001 0.002 0.001
0.026 0.033 0.032 0.009 0.002 0.263 0.005 0.004 0.002 0.004 0.001 0.048 0.067 0.006 0.002 0.046 0 0.012 0.011 0 0.025 0.002 0.002 0.245 0.004 0.051 0.027 0.001 0.24 0.001 0.008 0.005 0.023 0.002 0.007 0.032 0.002 0.001 0.435 0.002 0.018 0.016 0.079 0.002 0.002 0.003 0.001 0.673 0.001 0.001 0.085 0 0.001 1 0.001 0.002 0.003 0.069 0.001 0.001 0.003 0.001 0.003 0.71 0.001 0.002 0.001
0.017 0.024 0.015 0.036 0.007 0.004 0.017 0.014 0.007 0.003 0.003 0.016 0.018 0 0.455 0.001 0.208 0.01 0.066 0 0.019 0.003 0.479 0.008 0 0.039 0.047 0.003 0.002 0.004 0.008 0.025 0.061 0.002 0.025 0.085 0.269 0.003 0.005 0.104 0.064 0.043 0.321 0.359 0.34 0.335 0.005 0.004 0 0.004 0.258 0.002 0.003 0.001 1 0.008 0.385 0.321 0.004 0.003 0.001 0.003 0.348 0.004 0.003 0.008 0.004
0.012 0.028 0.028 0.067 0.014 0.003 0.009 0.007 0.004 0.003 0.002 0.025 0.026 0.01 0.005 0.024 0.013 0.018 0.039 0.015 0.011 0.149 0.005 0.006 0.015 0.013 0.006 0.002 0.002 0.003 0.016 0.015 0.062 0.001 0.287 0.048 0.016 0.002 0.004 0.046 0.131 0.033 0.025 0.017 0.016 0.02 0.003 0.002 0.003 0.002 0.023 0.001 0.002 0.002 0.008 1 0.019 0.023 0.003 0.002 0.003 0.002 0.019 0.002 0.002 0 0.003
0.001 0 0.002 0.014 0.017 0 0.033 0.026 0.016 0.057 0.003 0.035 0.037 0.007 0.188 0.019 0.489 0.032 0.141 0.02 0.072 0.008 0.176 0.002 0.02 0.092 0.129 0.003 0 0 0.035 0.056 0.156 0.001 0.052 0.201 0.622 0.008 0.005 0.182 0.142 0.047 0.697 0.824 0.792 0.734 0.01 0.009 0.149 0.039 0.671 0.004 0.007 0.003 0.385 0.019 1 0.646 0.136 0.006 0.161 0.007 0.765 0.008 0.008 0.018 0.124
0.01 0.017 0.018 0.003 0.005 0.017 0.008 0.004 0.003 0.058 0.005 0.006 0.004 0.001 0.162 0 0.458 0.058 0.081 0.007 0.032 0.01 0.168 0.015 0.009 0.029 0.056 0.004 0.022 0 0.056 0.066 0.075 0.011 0.064 0.212 0.638 0.009 0.082 0.158 0.174 0.067 0.837 0.626 0.6 0.693 0.012 0.069 0.119 0.022 0.828 0.004 0.009 0.069 0.321 0.023 0.646 1 0.111 0.008 0.137 0.008 0.661 0.077 0.009 0.019 0.088
0 0 0 0.004 0.004 0.001 0.002 0.001 0.002 0.149 0.001 0.013 0.014 0.006 0.002 0.014 0.112 0.006 0.032 0.009 0.024 0.002 0.003 0.003 0.009 0.023 0.026 0.001 0.001 0.002 0.007 0.007 0.03 0.002 0.008 0.024 0.104 0.001 0.002 0.009 0.019 0.004 0.066 0.101 0.112 0.084 0.001 0.001 0.001 0.135 0.109 0 0.001 0.001 0.004 0.003 0.136 0.111 1 0.001 0.002 0.001 0.098 0.001 0.001 0.002 0.55
0 0.001 0.002 0.019 0 0.001 0 0.001 0.005 0.001 0 0.001 0 0 0.002 0.001 0.004 0.004 0.011 0.006 0.02 0 0.002 0.001 0.006 0.021 0.015 0.573 0.001 0.001 0.006 0.006 0.018 0.001 0.091 0.019 0.005 0.001 0.001 0.016 0.034 0.011 0.008 0.006 0.005 0.007 0 0.001 0.001 0.001 0.008 0.315 0.001 0.001 0.003 0.002 0.006 0.008 0.001 1 0.001 0.001 0.006 0.001 0.001 0.002 0.001
0.046 0.055 0.054 0.015 0.001 0.006 0.006 0.005 0.003 0.002 0.001 0.002 0.001 0.007 0.003 0.003 0.1 0.016 0.015 0.01 0.014 0.001 0.003 0.002 0.01 0.011 0.026 0.001 0 0.002 0.011 0.011 0.028 0.002 0.009 0.054 0.128 0.001 0 0.023 0.024 0.002 0.126 0.154 0.16 0.131 0.002 0.001 0.334 0.001 0.108 0.001 0.001 0.003 0.001 0.003 0.161 0.137 0.002 0.001 1 0.001 0.12 0.001 0.001 0.003 0.001
0 0.011 0.011 0.018 0.006 0.001 0.004 0.003 0.002 0.001 0.001 0.01 0.01 0.004 0.001 0.01 0 0.009 0.009 0.006 0.024 0.001 0.001 0.002 0.006 0.04 0.031 0.001 0.001 0.001 0.007 0.006 0.027 0.001 0.12 0.021 0.006 0.001 0.001 0.001 0.047 0.013 0.009 0.006 0.006 0.007 0.001 0.001 0.001 0.001 0.008 0 0.001 0.001 0.003 0.002 0.007 0.008 0.001 0.001 0.001 1 0.007 0.001 0.001 0.002 0.001
0.002 0.002 0.005 0.01 0.001 0 0.005 0.001 0.002 0.047 0.004 0.012 0.013 0.001 0.168 0.003 0.381 0.036 0.093 0.002 0.038 0.008 0.177 0.002 0.002 0.053 0.083 0.003 0 0 0.036 0.057 0.105 0.001 0.053 0.147 0.639 0.008 0.004 0.2 0.145 0.068 0.7 0.674 0.643 0.751 0.01 0.009 0.062 0.027 0.663 0.004 0.008 0.003 0.348 0.019 0.765 0.661 0.098 0.006 0.12 0.007 1 0.008 0.008 0.018 0.106
0.018 0.023 0.023 0.007 0.002 0.21 0.005 0.004 0.002 0.005 0.001 0.027 0.042 0.005 0.002 0.028 0 0.011 0.009 0.002 0.012 0.002 0.002 0.265 0.008 0.047 0.037 0.001 0.245 0.001 0.008 0.005 0.032 0.002 0.007 0.038 0.007 0.001 0.584 0.006 0.017 0.015 0.088 0.007 0.007 0.008 0.001 0.896 0.001 0.001 0.095 0 0.001 0.71 0.004 0.002 0.008 0.077 0.001 0.001 0.001 0.001 0.008 1 0.001 0.002 0.001
0.019 0.024 0.023 0.009 0 0.062 0.004 0.004 0.002 0.001 0.022 0.032 0.03 0.005 0.002 0.034 0.005 0 0.004 0 0.009 0.001 0.002 0.078 0.001 0.003 0 0.001 0.073 0.001 0.007 0.007 0.001 0.002 0 0.003 0.007 0.001 0.002 0.019 0.005 0 0.01 0.007 0.007 0.008 0.564 0.001 0.001 0.001 0.01 0 0.001 0.001 0.003 0.002 0.008 0.009 0.001 0.001 0.001 0.001 0.008 0.001 1 0.026 0.001
0.015 0.011 0.012 0.022 0.006 0.002 0.01 0.008 0.004 0.003 0.006 0.003 0.004 0.012 0.005 0.005 0.01 0.03 0.001 0.011 0.013 0.003 0.005 0 0.017 0.017 0.022 0.002 0.001 0.003 0.013 0.013 0.027 0.032 0.001 0.03 0.016 0.001 0.004 0.039 0.007 0.06 0.024 0.016 0.016 0.019 0.128 0.002 0.003 0.002 0.022 0.001 0.002 0.002 0.008 0 0.018 0.019 0.002 0.002 0.003 0.002 0.018 0.002 0.026 1 0.003
0 0 0 0.004 0.004 0.001 0.002 0.001 0.002 0.245 0.001 0.014 0.015 0.006 0.002 0.014 0.16 0.007 0.051 0.009 0.026 0.002 0.003 0.003 0.009 0.023 0.028 0.001 0.001 0.002 0.008 0.007 0.032 0.002 0.008 0.039 0.146 0.001 0.002 0.032 0.02 0.012 0.096 0.143 0.157 0.13 0.001 0.001 0.001 0.294 0.115 0.001 0.001 0.001 0.004 0.003 0.124 0.088 0.55 0.001 0.001 0.001 0.106 0.001 0.001 0.003 1
