1 0.842 0.851 0.485 0.305 0.128 0.229 0.213 0.096 0.024 0.061 0.487 0.495 0.207 0.039 0.549 0.003 0.115 0.104 0.29 0.331 0.02 0.047 0.175 0.22 0.253 0.148 0.001 0.048 0.002 0.044 0.029 0.11 0.025 0.006 0.061 0.001 0.006 0.069 0.013 0.01 0.075 0.014 0.004 0.003 0 0.016 0.025 0.053 0.006 0.01 0.002 0.004 0.017 0.028 0.022 0 0.006 0.001 0.005 0.037 0 0.001 0.028 0.006 0.001 0
0.842 1 0.967 0.482 0.341 0.149 0.268 0.249 0.112 0.022 0.072 0.576 0.583 0.229 0.034 0.612 0.001 0.127 0.101 0.324 0.331 0.03 0.04 0.206 0.25 0.252 0.143 0.001 0.057 0.01 0.049 0.038 0.098 0.021 0.019 0.083 0 0.012 0.069 0.019 0.002 0.058 0.019 0.002 0.002 0 0.02 0.031 0.063 0.006 0.014 0.003 0.004 0.021 0.031 0.034 0 0.011 0.001 0.006 0.046 0.012 0.002 0.034 0.008 0 0
0.851 0.967 1 0.493 0.358 0.148 0.265 0.247 0.111 0.022 0.071 0.58 0.588 0.242 0.034 0.628 0.001 0.123 0.098 0.34 0.35 0.031 0.04 0.204 0.262 0.266 0.153 0.001 0.056 0.013 0.054 0.037 0.106 0.022 0.017 0.087 0 0.013 0.081 0.022 0.002 0.062 0.022 0.002 0.002 0 0.019 0.031 0.063 0.006 0.016 0.003 0.003 0.021 0.026 0.034 0.001 0.012 0.001 0.005 0.045 0.012 0.003 0.033 0.008 0 0
0.485 0.482 0.493 1 0.183 0.067 0.137 0.127 0.057 0.043 0.037 0.261 0.279 0.127 0.066 0.3 0.028 0.267 0.313 0.17 0.548 0.016 0.077 0.091 0.12 0.467 0.271 0.023 0.021 0.02 0.006 0.001 0.361 0.042 0.214 0 0.024 0.026 0.038 0.009 0.177 0.177 0.002 0.04 0.037 0.023 0.013 0.011 0.028 0.007 0.002 0.015 0.012 0.007 0.067 0.049 0.013 0.004 0.002 0.024 0.014 0.017 0.01 0.014 0.001 0.004 0.002
0.305 0.341 0.358 0.183 1 0.016 0.531 0.513 0.21 0.01 0.008 0.431 0.423 0.532 0.015 0.443 0.038 0.07 0.137 0.834 0.271 0.015 0.018 0.025 0.609 0.183 0.134 0.002 0.008 0.006 0.219 0.171 0.094 0.009 0.042 0.035 0.009 0.006 0.001 0.057 0.03 0.033 0.011 0.027 0.026 0.01 0.001 0.008 0.003 0.002 0.016 0.003 0.004 0.005 0.014 0.016 0.016 0.014 0.001 0.002 0.002 0.005 0.006 0.007 0 0.004 0.004
0.128 0.149 0.148 0.067 0.016 1 0.01 0.009 0.004 0.003 0.003 0.16 0.156 0.011 0.005 0.17 0.015 0.014 0.037 0.016 0.095 0.005 0.006 0.552 0.016 0.066 0.033 0.001 0.376 0.002 0.017 0.017 0.023 0.003 0.019 0.036 0.016 0.002 0.397 0.035 0.042 0.009 0.042 0.016 0.015 0.018 0.003 0.249 0.003 0.001 0.035 0.001 0.001 0.159 0.002 0.006 0 0.025 0.001 0.002 0.002 0.002 0.001 0.274 0.007 0.001 0.002
0.229 0.268 0.265 0.137 0.531 0.01 1 0.931 0.42 0.006 0.005 0.27 0.264 0.75 0.009 0.293 0.021 0.042 0.08 0.544 0.184 0.006 0.011 0.015 0.504 0.165 0.114 0.001 0.005 0.003 0.303 0.296 0.101 0.006 0.018 0.069 0.002 0.004 0.008 0.128 0.101 0.033 0.009 0.024 0.024 0.002 0.003 0.005 0.006 0 0.01 0.001 0.003 0.003 0.016 0.006 0.027 0.01 0 0.001 0.008 0.003 0.006 0.004 0.004 0.008 0.001
0.213 0.249 0.247 0.127 0.513 0.009 0.931 1 0.451 0.005 0.004 0.251 0.245 0.702 0.008 0.272 0.019 0.039 0.074 0.519 0.177 0.009 0.01 0.014 0.477 0.158 0.108 0.001 0.004 0.003 0.28 0.273 0.092 0.005 0.019 0.063 0.002 0.004 0.007 0.121 0.089 0.033 0.007 0.022 0.022 0.002 0.002 0.004 0.006 0 0.008 0.001 0.003 0.003 0.015 0.008 0.025 0.008 0 0.001 0.008 0.002 0.004 0.004 0.004 0.007 0.001
0.096 0.112 0.111 0.057 0.21 0.004 0.42 0.451 1 0.002 0.002 0.12 0.117 0.379 0.004 0.13 0.011 0.018 0.037 0.242 0.086 0.004 0.004 0.006 0.247 0.089 0.057 0 0.002 0.001 0.103 0.093 0.056 0.002 0.005 0.018 0 0.002 0.003 0.046 0.031 0.026 0 0.013 0.012 0.001 0.001 0.002 0.003 0.001 0 0.001 0.001 0.001 0.007 0.005 0.014 0.001 0.001 0 0.004 0.002 0 0.002 0.002 0.003 0.002
0.024 0.022 0.022 0.043 0.01 0.003 0.006 0.005 0.002 1 0.002 0.008 0.008 0.007 0.003 0.005 0.183 0.014 0.051 0.01 0.029 0.003 0.004 0.005 0.005 0.027 0.035 0.001 0.001 0.001 0.01 0.01 0.043 0.002 0.011 0.057 0.125 0.001 0.002 0.043 0.027 0.006 0.103 0.156 0.111 0.119 0.001 0.001 0.002 0.263 0.093 0.001 0.001 0.001 0.002 0.004 0.096 0.099 0.073 0.001 0.024 0.001 0.099 0.001 0.001 0.003 0.156
0.061 0.072 0.071 0.037 0.008 0.003 0.005 0.004 0.002 0.002 1 0.077 0.075 0.005 0.002 0.083 0.007 0.011 0.024 0.008 0.055 0.002 0.003 0.3 0.007 0.057 0.045 0.015 0.001 0.001 0.008 0.008 0.035 0.002 0.138 0.026 0.008 0.001 0.002 0.022 0.052 0.017 0.012 0.008 0.008 0.009 0.064 0.001 0.002 0.001 0.012 0.003 0.001 0.001 0.004 0.003 0.009 0.012 0.001 0 0.002 0.001 0.009 0.001 0.034 0.014 0.001
0.487 0.576 0.58 0.261 0.431 0.16 0.27 0.251 0.12 0.008 0.077 1 0.946 0.279 0.013 0.774 0.053 0.093 0.184 0.432 0.438 0.027 0.017 0.234 0.294 0.323 0.244 0.001 0.073 0.012 0.1 0.075 0.186 0.02 0.012 0.053 0.029 0.008 0.1 0.01 0.014 0.066 0 0.055 0.058 0.03 0.028 0.043 0.013 0.011 0 0.002 0.008 0.033 0.011 0.031 0.021 0.001 0.008 0.005 0.01 0.012 0.011 0.046 0.013 0 0.015
0.495 0.583 0.588 0.279 0.423 0.156 0.264 0.245 0.117 0.008 0.075 0.946 1 0.272 0.013 0.76 0.055 0.095 0.19 0.425 0.434 0.025 0.018 0.228 0.294 0.318 0.239 0.001 0.072 0.012 0.097 0.073 0.183 0.021 0.012 0.05 0.03 0.008 0.098 0.006 0.014 0.063 0 0.056 0.059 0.031 0.028 0.043 0.006 0.011 0 0.002 0.007 0.032 0.012 0.031 0.022 0.001 0.008 0.004 0.01 0.01 0.011 0.046 0.013 0 0.015
0.207 0.229 0.242 0.127 0.532 0.011 0.75 0.702 0.379 0.007 0.005 0.279 0.272 1 0.01 0.344 0.029 0.047 0.097 0.607 0.219 0.007 0.012 0.016 0.568 0.189 0.132 0.001 0.005 0.001 0.339 0.269 0.116 0.006 0.016 0.075 0.004 0.004 0 0.137 0.091 0.033 0.003 0.028 0.028 0.004 0.003 0.005 0.007 0.004 0.004 0.002 0.004 0.003 0.004 0.007 0.015 0.006 0.003 0.001 0.009 0.003 0.001 0.004 0.005 0.009 0.006
0.039 0.034 0.034 0.066 0.015 0.005 0.009 0.008 0.004 0.003 0.002 0.013 0.013 0.01 1 0.029 0.339 0.022 0.102 0.015 0.044 0.005 0.843 0.008 0.014 0.032 0.038 0.001 0.002 0.002 0.016 0.009 0.045 0.003 0.01 0.071 0.229 0.002 0.004 0.049 0.023 0.023 0.146 0.201 0.224 0.201 0.001 0.002 0.003 0.002 0.125 0.001 0.002 0.002 0.451 0.006 0.167 0.15 0.001 0.002 0.004 0.001 0.163 0.002 0.002 0.004 0.003
0.549 0.612 0.628 0.3 0.443 0.17 0.293 0.272 0.13 0.005 0.083 0.774 0.76 0.344 0.029 1 0.059 0.115 0.22 0.514 0.525 0.026 0.028 0.233 0.365 0.371 0.238 0 0.06 0.006 0.087 0.063 0.182 0.019 0.009 0.038 0.031 0.012 0.091 0.006 0.015 0.074 0 0.057 0.063 0.031 0.031 0.033 0.02 0.011 0.001 0.002 0.008 0.021 0.009 0.029 0.027 0.002 0.009 0.004 0.015 0.01 0.014 0.04 0.016 0 0.015
0.003 0.001 0.001 0.028 0.038 0.015 0.021 0.019 0.011 0.183 0.007 0.053 0.055 0.029 0.339 0.059 1 0.058 0.29 0.044 0.127 0.014 0.382 0.024 0.036 0.111 0.138 0.004 0.006 0.005 0.047 0.037 0.169 0.009 0.041 0.219 0.654 0.004 0.01 0.187 0.096 0.034 0.484 0.709 0.687 0.634 0.004 0.006 0.171 0.042 0.436 0.003 0.005 0.004 0.268 0.017 0.546 0.495 0.046 0.005 0.191 0 0.537 0.006 0.006 0.007 0.108
0.115 0.127 0.123 0.267 0.07 0.014 0.042 0.039 0.018 0.014 0.011 0.093 0.095 0.047 0.022 0.115 0.058 1 0.384 0.07 0.191 0.012 0.022 0.037 0.031 0.137 0.02 0.007 0.011 0.049 0.032 0.034 0.035 0.118 0.06 0.015 0.06 0.079 0.018 0.007 0.005 0.119 0.07 0.037 0.035 0.044 0.005 0.006 0.015 0.003 0.057 0.005 0.001 0.007 0.014 0.01 0.042 0.061 0.002 0.007 0.018 0.009 0.051 0.01 0.003 0.031 0.002
0.104 0.101 0.098 0.313 0.137 0.037 0.08 0.074 0.037 0.051 0.024 0.184 0.19 0.097 0.102 0.22 0.29 0.384 1 0.147 0.408 0.047 0.122 0.078 0.084 0.317 0.151 0.014 0.022 0.02 0 0 0.226 0.047 0.144 0.089 0.205 0.039 0.036 0.093 0.091 0.023 0.121 0.274 0.269 0.223 0.011 0.016 0.045 0.012 0.117 0.01 0.001 0.015 0.121 0.044 0.188 0.122 0.018 0.015 0.049 0.008 0.169 0.019 0 0.002 0.045
0.29 0.324 0.34 0.17 0.834 0.016 0.544 0.519 0.242 0.01 0.008 0.432 0.425 0.607 0.015 0.514 0.044 0.07 0.147 1 0.317 0.015 0.018 0.025 0.735 0.212 0.145 0.004 0.008 0.002 0.252 0.2 0.114 0.009 0.043 0.031 0.015 0.006 0.001 0.07 0.033 0.036 0.017 0.045 0.043 0.016 0.003 0.008 0.01 0.006 0.017 0.003 0.004 0.005 0.01 0.016 0.03 0.021 0.004 0.004 0.014 0.005 0.01 0.007 0 0.004 0.008
0.331 0.331 0.35 0.548 0.271 0.095 0.184 0.177 0.086 0.029 0.055 0.438 0.434 0.219 0.044 0.525 0.127 0.191 0.408 0.317 1 0.045 0.052 0.155 0.237 0.763 0.554 0.019 0.042 0.011 0.037 0.023 0.432 0.024 0.118 0 0.091 0.017 0.062 0.01 0.17 0.147 0.027 0.138 0.135 0.094 0.011 0.022 0.03 0.012 0.026 0.009 0.013 0.015 0.042 0 0.08 0.036 0.008 0.021 0.036 0.027 0.063 0.024 0.001 0 0.023
0.02 0.03 0.031 0.016 0.015 0.005 0.006 0.009 0.004 0.003 0.002 0.027 0.025 0.007 0.005 0.026 0.014 0.012 0.047 0.015 0.045 1 0.006 0.008 0.015 0.043 0.055 0.003 0.002 0 0.016 0.016 0.029 0.003 0.141 0.051 0.016 0.001 0.004 0.035 0.047 0.006 0.024 0.016 0.016 0.018 0.001 0.002 0.003 0.002 0.023 0.007 0.036 0.002 0.008 0.316 0.018 0.024 0.001 0.002 0.004 0.002 0.019 0.002 0.002 0.004 0.003
0.047 0.04 0.04 0.077 0.018 0.006 0.011 0.01 0.004 0.004 0.003 0.017 0.018 0.012 0.843 0.028 0.382 0.022 0.122 0.018 0.052 0.006 1 0.01 0.017 0.04 0.048 0.002 0.003 0.002 0.019 0.011 0.057 0.004 0.013 0.08 0.267 0.002 0.005 0.06 0.03 0.025 0.17 0.239 0.261 0.235 0.002 0.003 0.004 0.002 0.134 0.001 0.002 0.002 0.527 0.007 0.182 0.174 0.002 0.002 0.005 0.001 0.195 0.002 0.003 0.005 0.003
0.175 0.206 0.204 0.091 0.025 0.552 0.015 0.014 0.006 0.005 0.3 0.234 0.228 0.016 0.008 0.233 0.024 0.037 0.078 0.025 0.155 0.008 0.01 1 0.025 0.134 0.096 0.002 0.287 0.003 0.027 0.019 0.073 0.005 0.011 0.009 0.026 0.003 0.332 0.052 0.002 0.034 0.02 0.026 0.025 0.029 0.038 0.248 0.006 0.003 0.016 0 0.002 0.19 0.006 0.01 0.006 0.01 0.002 0.001 0.005 0.003 0.009 0.255 0.031 0.009 0.004
0.22 0.25 0.262 0.12 0.609 0.016 0.504 0.477 0.247 0.005 0.007 0.294 0.294 0.568 0.014 0.365 0.036 0.031 0.084 0.735 0.237 0.015 0.017 0.025 1 0.291 0.227 0.005 0.007 0.002 0.379 0.315 0.188 0.009 0.042 0.071 0.01 0.006 0 0.107 0.066 0.05 0.012 0.037 0.036 0.011 0.003 0.007 0.01 0.006 0.016 0.002 0.005 0.005 0.006 0.015 0.028 0.015 0.004 0.004 0.013 0.005 0.009 0.006 0.006 0.013 0.008
0.253 0.252 0.266 0.467 0.183 0.066 0.165 0.158 0.089 0.027 0.057 0.323 0.318 0.189 0.032 0.371 0.111 0.137 0.317 0.212 0.763 0.043 0.04 0.134 0.291 1 0.722 0.02 0.055 0.016 0.07 0.058 0.583 0.027 0.138 0.005 0.092 0.018 0.091 0.003 0.241 0.179 0.019 0.141 0.137 0.095 0.006 0.045 0.029 0.007 0.017 0.009 0.014 0.038 0.045 0 0.076 0.025 0.007 0.022 0.034 0.043 0.06 0.049 0 0.007 0.017
0.148 0.143 0.153 0.271 0.134 0.033 0.114 0.108 0.057 0.035 0.045 0.244 0.239 0.132 0.038 0.238 0.138 0.02 0.151 0.145 0.554 0.055 0.048 0.096 0.227 0.722 1 0.014 0.038 0.02 0.291 0.271 0.773 0.034 0.085 0.041 0.128 0.031 0.072 0.002 0.371 0.201 0.043 0.169 0.163 0.132 0.003 0.035 0.037 0.014 0.037 0.007 0.018 0.028 0.053 0.001 0.105 0.053 0.009 0.016 0.046 0.034 0.096 0.039 0.002 0.003 0.027
0.001 0.001 0.001 0.023 0.002 0.001 0.001 0.001 0 0.001 0.015 0.001 0.001 0.001 0.001 0 0.004 0.007 0.014 0.004 0.019 0.003 0.002 0.002 0.005 0.02 0.014 1 0.001 0.001 0.005 0.005 0.022 0.001 0.085 0.017 0.005 0.001 0.001 0.013 0.035 0.01 0.007 0.005 0.005 0.005 0.004 0.001 0.001 0.001 0.007 0.313 0.001 0.001 0.002 0.002 0.005 0.007 0 0.527 0.001 0.001 0.006 0.001 0.001 0.001 0.001
0.048 0.057 0.056 0.021 0.008 0.376 0.005 0.004 0.002 0.001 0.001 0.073 0.072 0.005 0.002 0.06 0.006 0.011 0.022 0.008 0.042 0.002 0.003 0.287 0.007 0.055 0.038 0.001 1 0.001 0.008 0.008 0.034 0.002 0.009 0.044 0.008 0.001 0.432 0.011 0.019 0.012 0.064 0.008 0.008 0.009 0.012 0.336 0.002 0.001 0.069 0.001 0 0.167 0 0.003 0.001 0.05 0.001 0.001 0.002 0.001 0.001 0.338 0.005 0 0.001
0.002 0.01 0.013 0.02 0.006 0.002 0.003 0.003 0.001 0.001 0.001 0.012 0.012 0.001 0.002 0.006 0.005 0.049 0.02 0.002 0.011 0 0.002 0.003 0.002 0.016 0.02 0.001 0.001 1 0.006 0.006 0.026 0.001 0.007 0.004 0.002 0.001 0.001 0.01 0.003 0 0.004 0.002 0.002 0.003 0 0.001 0.001 0.001 0.004 0 0.022 0.001 0 0.002 0.002 0.004 0.001 0 0.002 0.001 0.003 0.001 0.001 0.002 0.001
0.044 0.049 0.054 0.006 0.219 0.017 0.303 0.28 0.103 0.01 0.008 0.1 0.097 0.339 0.016 0.087 0.047 0.032 0 0.252 0.037 0.016 0.019 0.027 0.379 0.07 0.291 0.005 0.008 0.006 1 0.894 0.228 0.01 0.058 0.253 0.049 0.11 0.001 0.233 0.256 0.033 0.053 0.049 0.047 0.054 0.004 0.008 0.011 0.005 0.044 0.003 0.006 0.005 0.013 0.017 0.033 0.054 0.004 0.005 0.015 0.005 0.036 0.007 0.007 0.001 0.008
0.029 0.038 0.037 0.001 0.171 0.017 0.296 0.273 0.093 0.01 0.008 0.075 0.073 0.269 0.009 0.063 0.037 0.034 0 0.2 0.023 0.016 0.011 0.019 0.315 0.058 0.271 0.005 0.008 0.006 0.894 1 0.225 0.01 0.056 0.249 0.048 0.114 0.007 0.2 0.277 0.033 0.065 0.048 0.045 0.053 0.004 0.002 0.011 0.005 0.055 0.003 0.006 0.001 0.023 0.016 0.052 0.062 0.004 0.005 0.014 0.005 0.055 0.002 0.007 0.002 0.008
0.11 0.098 0.106 0.361 0.094 0.023 0.101 0.092 0.056 0.043 0.035 0.186 0.183 0.116 0.045 0.182 0.169 0.035 0.226 0.114 0.432 0.029 0.057 0.073 0.188 0.583 0.773 0.022 0.034 0.026 0.228 0.225 1 0.044 0.249 0.012 0.162 0.023 0.058 0.001 0.544 0.266 0.072 0.222 0.215 0.17 0.002 0.027 0.047 0.018 0.063 0.015 0.013 0.022 0.077 0.062 0.149 0.084 0.012 0.023 0.057 0.028 0.129 0.031 0.003 0.006 0.035
0.025 0.021 0.022 0.042 0.009 0.003 0.006 0.005 0.002 0.002 0.002 0.02 0.021 0.006 0.003 0.019 0.009 0.118 0.047 0.009 0.024 0.003 0.004 0.005 0.009 0.027 0.034 0.001 0.002 0.001 0.01 0.01 0.044 1 0.008 0.023 0.007 0.001 0.003 0.019 0.02 0.048 0.011 0.007 0.006 0.007 0.001 0 0.002 0.001 0.011 0.001 0.001 0.001 0.003 0 0.008 0.012 0.001 0.001 0.003 0.001 0.008 0.001 0.001 0.002 0.002
0.006 0.019 0.017 0.214 0.042 0.019 0.018 0.019 0.005 0.011 0.138 0.012 0.012 0.016 0.01 0.009 0.041 0.06 0.144 0.043 0.118 0.141 0.013 0.011 0.042 0.138 0.085 0.085 0.009 0.007 0.058 0.056 0.249 0.008 1 0.198 0.05 0.007 0.015 0.136 0.379 0.101 0.079 0.059 0.057 0.057 0.007 0.006 0.012 0.007 0.075 0.054 0.007 0.006 0.03 0.264 0.065 0.077 0.005 0.088 0.016 0.109 0.059 0.008 0 0 0.009
0.061 0.083 0.087 0 0.035 0.036 0.069 0.063 0.018 0.057 0.026 0.053 0.05 0.075 0.071 0.038 0.219 0.015 0.089 0.031 0 0.051 0.08 0.009 0.071 0.005 0.041 0.017 0.044 0.004 0.253 0.249 0.012 0.023 0.198 1 0.224 0.034 0.074 0.455 0 0.091 0.316 0.248 0.239 0.198 0.005 0.035 0.06 0.017 0.277 0.011 0.006 0.029 0.117 0.058 0.252 0.282 0.012 0.018 0.077 0.022 0.227 0.039 0.014 0.016 0.026
0.001 0 0 0.024 0.009 0.016 0.002 0.002 0 0.125 0.008 0.029 0.03 0.004 0.229 0.031 0.654 0.06 0.205 0.015 0.091 0.016 0.267 0.026 0.01 0.092 0.128 0.005 0.008 0.002 0.049 0.048 0.162 0.007 0.05 0.224 1 0.007 0.013 0.258 0.141 0.04 0.652 0.797 0.794 0.862 0.004 0.008 0.157 0.047 0.556 0.003 0.006 0.004 0.321 0.019 0.62 0.63 0.045 0.006 0.204 0.006 0.717 0.007 0.007 0.014 0.1
0.006 0.012 0.013 0.026 0.006 0.002 0.004 0.004 0.002 0.001 0.001 0.008 0.008 0.004 0.002 0.012 0.004 0.079 0.039 0.006 0.017 0.001 0.002 0.003 0.006 0.018 0.031 0.001 0.001 0.001 0.11 0.114 0.023 0.001 0.007 0.034 0.007 1 0.002 0.016 0.024 0.005 0.01 0.007 0.007 0.008 0.001 0.001 0.001 0.001 0.005 0 0.001 0.001 0.003 0.002 0.007 0.01 0.001 0.001 0.002 0.001 0.008 0.001 0.001 0.018 0.001
0.069 0.069 0.081 0.038 0.001 0.397 0.008 0.007 0.003 0.002 0.002 0.1 0.098 0 0.004 0.091 0.01 0.018 0.036 0.001 0.062 0.004 0.005 0.332 0 0.091 0.072 0.001 0.432 0.001 0.001 0.007 0.058 0.003 0.015 0.074 0.013 0.002 1 0.005 0.035 0.027 0.165 0.013 0.013 0.014 0.001 0.522 0.003 0.002 0.148 0.001 0.002 0.382 0.002 0.005 0.01 0.115 0.001 0.001 0.001 0.002 0.005 0.533 0.002 0.003 0.002
0.013 0.019 0.022 0.009 0.057 0.035 0.128 0.121 0.046 0.043 0.022 0.01 0.006 0.137 0.049 0.006 0.187 0.007 0.093 0.07 0.01 0.035 0.06 0.052 0.107 0.003 0.002 0.013 0.011 0.01 0.233 0.2 0.001 0.019 0.136 0.455 0.258 0.016 0.005 1 0.003 0.061 0.186 0.243 0.239 0.25 0.012 0.009 0.038 0.016 0.177 0.009 0.001 0.005 0.12 0.051 0.21 0.18 0.011 0.014 0.049 0.013 0.238 0.013 0.02 0.011 0.036
0.01 0.002 0.002 0.177 0.03 0.042 0.101 0.089 0.031 0.027 0.052 0.014 0.014 0.091 0.023 0.015 0.096 0.005 0.091 0.033 0.17 0.047 0.03 0.002 0.066 0.241 0.371 0.035 0.019 0.003 0.256 0.277 0.544 0.02 0.379 0 0.141 0.024 0.035 0.003 1 0.172 0.214 0.141 0.137 0.159 0 0.021 0.029 0.016 0.203 0.024 0.016 0.014 0.073 0.134 0.156 0.21 0.012 0.036 0.039 0.046 0.165 0.019 0.003 0.001 0.022
0.075 0.058 0.062 0.177 0.033 0.009 0.033 0.033 0.026 0.006 0.017 0.066 0.063 0.033 0.023 0.074 0.034 0.119 0.023 0.036 0.147 0.006 0.025 0.034 0.05 0.179 0.201 0.01 0.012 0 0.033 0.033 0.266 0.048 0.101 0.091 0.04 0.005 0.027 0.061 0.172 1 0.072 0.031 0.029 0.04 0.004 0.01 0 0 0.061 0.007 0.051 0.011 0.023 0.036 0.033 0.06 0.003 0.007 0.004 0.013 0.04 0.014 0.006 0.026 0.008
0.014 0.019 0.022 0.002 0.011 0.042 0.009 0.007 0 0.103 0.012 0 0 0.003 0.146 0 0.484 0.07 0.121 0.017 0.027 0.024 0.17 0.02 0.012 0.019 0.043 0.007 0.064 0.004 0.053 0.065 0.072 0.011 0.079 0.316 0.652 0.01 0.165 0.186 0.214 0.072 1 0.657 0.637 0.712 0.007 0.083 0.134 0.027 0.871 0.005 0.009 0.065 0.338 0.029 0.678 0.902 0.033 0.008 0.183 0.01 0.731 0.088 0.011 0.021 0.085
0.004 0.002 0.002 0.04 0.027 0.016 0.024 0.022 0.013 0.156 0.008 0.055 0.056 0.028 0.201 0.057 0.709 0.037 0.274 0.045 0.138 0.016 0.239 0.026 0.037 0.141 0.169 0.005 0.008 0.002 0.049 0.048 0.222 0.007 0.059 0.248 0.797 0.007 0.013 0.243 0.141 0.031 0.657 1 0.933 0.862 0.004 0.008 0.205 0.047 0.576 0.003 0.006 0.004 0.385 0.019 0.762 0.648 0.054 0.006 0.261 0.007 0.723 0.007 0.007 0.014 0.133
0.003 0.002 0.002 0.037 0.026 0.015 0.024 0.022 0.012 0.111 0.008 0.058 0.059 0.028 0.224 0.063 0.687 0.035 0.269 0.043 0.135 0.016 0.261 0.025 0.036 0.137 0.163 0.005 0.008 0.002 0.047 0.045 0.215 0.006 0.057 0.239 0.794 0.007 0.013 0.239 0.137 0.029 0.637 0.933 1 0.84 0.004 0.008 0.21 0.051 0.57 0.003 0.006 0.004 0.359 0.018 0.741 0.631 0.059 0.005 0.268 0.006 0.702 0.007 0.007 0.013 0.14
0 0 0 0.023 0.01 0.018 0.002 0.002 0.001 0.119 0.009 0.03 0.031 0.004 0.201 0.031 0.634 0.044 0.223 0.016 0.094 0.018 0.235 0.029 0.011 0.095 0.132 0.005 0.009 0.003 0.054 0.053 0.17 0.007 0.057 0.198 0.862 0.008 0.014 0.25 0.159 0.04 0.712 0.862 0.84 1 0.005 0.009 0.181 0.056 0.639 0.004 0.007 0.005 0.369 0.021 0.703 0.709 0.048 0.006 0.231 0.007 0.775 0.008 0.008 0.015 0.121
0.016 0.02 0.019 0.013 0.001 0.003 0.003 0.002 0.001 0.001 0.064 0.028 0.028 0.003 0.001 0.031 0.004 0.005 0.011 0.003 0.011 0.001 0.002 0.038 0.003 0.006 0.003 0.004 0.012 0 0.004 0.004 0.002 0.001 0.007 0.005 0.004 0.001 0.001 0.012 0 0.004 0.007 0.004 0.004 0.005 1 0.001 0.001 0.001 0.006 0 0.001 0 0.002 0.002 0.005 0.007 0 0.004 0.001 0.001 0.005 0.001 0.491 0.136 0
0.025 0.031 0.031 0.011 0.008 0.249 0.005 0.004 0.002 0.001 0.001 0.043 0.043 0.005 0.002 0.033 0.006 0.006 0.016 0.008 0.022 0.002 0.003 0.248 0.007 0.045 0.035 0.001 0.336 0.001 0.008 0.002 0.027 0 0.006 0.035 0.008 0.001 0.522 0.009 0.021 0.01 0.083 0.008 0.008 0.009 0.001 1 0.002 0.001 0.088 0.001 0.001 0.64 0.004 0.003 0.009 0.084 0.001 0.001 0.002 0.001 0.009 0.892 0.001 0.002 0.001
0.053 0.063 0.063 0.028 0.003 0.003 0.006 0.006 0.003 0.002 0.002 0.013 0.006 0.007 0.003 0.02 0.171 0.015 0.045 0.01 0.03 0.003 0.004 0.006 0.01 0.029 0.037 0.001 0.002 0.001 0.011 0.011 0.047 0.002 0.012 0.06 0.157 0.001 0.003 0.038 0.029 0 0.134 0.205 0.21 0.181 0.001 0.002 1 0 0.114 0.001 0.001 0.001 0.001 0.004 0.185 0.129 0 0.001 0.529 0.001 0.158 0.001 0.001 0.003 0.001
0.006 0.006 0.006 0.007 0.002 0.001 0 0 0.001 0.263 0.001 0.011 0.011 0.004 0.002 0.011 0.042 0.003 0.012 0.006 0.012 0.002 0.002 0.003 0.006 0.007 0.014 0.001 0.001 0.001 0.005 0.005 0.018 0.001 0.007 0.017 0.047 0.001 0.002 0.016 0.016 0 0.027 0.047 0.051 0.056 0.001 0.001 0 1 0.056 0 0.001 0.001 0.003 0.002 0.049 0.048 0.2 0.001 0.002 0.001 0.041 0.001 0.001 0.002 0.428
0.01 0.014 0.016 0.002 0.016 0.035 0.01 0.008 0 0.093 0.012 0 0 0.004 0.125 0.001 0.436 0.057 0.117 0.017 0.026 0.023 0.134 0.016 0.016 0.017 0.037 0.007 0.069 0.004 0.044 0.055 0.063 0.011 0.075 0.277 0.556 0.005 0.148 0.177 0.203 0.061 0.871 0.576 0.57 0.639 0.006 0.088 0.114 0.056 1 0.005 0.009 0.069 0.283 0.027 0.689 0.883 0.059 0.008 0.164 0.009 0.709 0.093 0.011 0.02 0.112
0.002 0.003 0.003 0.015 0.003 0.001 0.001 0.001 0.001 0.001 0.003 0.002 0.002 0.002 0.001 0.002 0.003 0.005 0.01 0.003 0.009 0.007 0.001 0 0.002 0.009 0.007 0.313 0.001 0 0.003 0.003 0.015 0.001 0.054 0.011 0.003 0 0.001 0.009 0.024 0.007 0.005 0.003 0.003 0.004 0 0.001 0.001 0 0.005 1 0 0 0.002 0.001 0.004 0.005 0 0.324 0.001 0 0.004 0 0 0.001 0.001
0.004 0.004 0.003 0.012 0.004 0.001 0.003 0.003 0.001 0.001 0.001 0.008 0.007 0.004 0.002 0.008 0.005 0.001 0.001 0.004 0.013 0.036 0.002 0.002 0.005 0.014 0.018 0.001 0 0.022 0.006 0.006 0.013 0.001 0.007 0.006 0.006 0.001 0.002 0.001 0.016 0.051 0.009 0.006 0.006 0.007 0.001 0.001 0.001 0.001 0.009 0 1 0.001 0.003 0.002 0.007 0.009 0.001 0.001 0.002 0.001 0.007 0.001 0.001 0.002 0.001
0.017 0.021 0.021 0.007 0.005 0.159 0.003 0.003 0.001 0.001 0.001 0.033 0.032 0.003 0.002 0.021 0.004 0.007 0.015 0.005 0.015 0.002 0.002 0.19 0.005 0.038 0.028 0.001 0.167 0.001 0.005 0.001 0.022 0.001 0.006 0.029 0.004 0.001 0.382 0.005 0.014 0.011 0.065 0.004 0.004 0.005 0 0.64 0.001 0.001 0.069 0 0.001 1 0.002 0.002 0.005 0.066 0 0.001 0.001 0.001 0.005 0.625 0.001 0.001 0.001
0.028 0.031 0.026 0.067 0.014 0.002 0.016 0.015 0.007 0.002 0.004 0.011 0.012 0.004 0.451 0.009 0.268 0.014 0.121 0.01 0.042 0.008 0.527 0.006 0.006 0.045 0.053 0.002 0 0 0.013 0.023 0.077 0.003 0.03 0.117 0.321 0.003 0.002 0.12 0.073 0.023 0.338 0.385 0.359 0.369 0.002 0.004 0.001 0.003 0.283 0.002 0.003 0.002 1 0.01 0.374 0.338 0.002 0.003 0.007 0.003 0.358 0.004 0.004 0.007 0
0.022 0.034 0.034 0.049 0.016 0.006 0.006 0.008 0.005 0.004 0.003 0.031 0.031 0.007 0.006 0.029 0.017 0.01 0.044 0.016 0 0.316 0.007 0.01 0.015 0 0.001 0.002 0.003 0.002 0.017 0.016 0.062 0 0.264 0.058 0.019 0.002 0.005 0.051 0.134 0.036 0.029 0.019 0.018 0.021 0.002 0.003 0.004 0.002 0.027 0.001 0.002 0.002 0.01 1 0.021 0.028 0.002 0.002 0.005 0.002 0.022 0.003 0.003 0.001 0.003
0 0 0.001 0.013 0.016 0 0.027 0.025 0.014 0.096 0.009 0.021 0.022 0.015 0.167 0.027 0.546 0.042 0.188 0.03 0.08 0.018 0.182 0.006 0.028 0.076 0.105 0.005 0.001 0.002 0.033 0.052 0.149 0.008 0.065 0.252 0.62 0.007 0.01 0.21 0.156 0.033 0.678 0.762 0.741 0.703 0.005 0.009 0.185 0.049 0.689 0.004 0.007 0.005 0.374 0.021 1 0.683 0.077 0.006 0.251 0.007 0.793 0.008 0.008 0.015 0.115
0.006 0.011 0.012 0.004 0.014 0.025 0.01 0.008 0.001 0.099 0.012 0.001 0.001 0.006 0.15 0.002 0.495 0.061 0.122 0.021 0.036 0.024 0.174 0.01 0.015 0.025 0.053 0.007 0.05 0.004 0.054 0.062 0.084 0.012 0.077 0.282 0.63 0.01 0.115 0.18 0.21 0.06 0.902 0.648 0.631 0.709 0.007 0.084 0.129 0.048 0.883 0.005 0.009 0.066 0.338 0.028 0.683 1 0.057 0.008 0.187 0.01 0.723 0.089 0.011 0.015 0.101
0.001 0.001 0.001 0.002 0.001 0.001 0 0 0.001 0.073 0.001 0.008 0.008 0.003 0.001 0.009 0.046 0.002 0.018 0.004 0.008 0.001 0.002 0.002 0.004 0.007 0.009 0 0.001 0.001 0.004 0.004 0.012 0.001 0.005 0.012 0.045 0.001 0.001 0.011 0.012 0.003 0.033 0.054 0.059 0.048 0 0.001 0 0.2 0.059 0 0.001 0 0.002 0.002 0.077 0.057 1 0 0.001 0.001 0.04 0.001 0.001 0.001 0.287
0.005 0.006 0.005 0.024 0.002 0.002 0.001 0.001 0 0.001 0 0.005 0.004 0.001 0.002 0.004 0.005 0.007 0.015 0.004 0.021 0.002 0.002 0.001 0.004 0.022 0.016 0.527 0.001 0 0.005 0.005 0.023 0.001 0.088 0.018 0.006 0.001 0.001 0.014 0.036 0.007 0.008 0.006 0.005 0.006 0.004 0.001 0.001 0.001 0.008 0.324 0.001 0.001 0.003 0.002 0.006 0.008 0 1 0.002 0.001 0.006 0.001 0.001 0.001 0.001
0.037 0.046 0.045 0.014 0.002 0.002 0.008 0.008 0.004 0.024 0.002 0.01 0.01 0.009 0.004 0.015 0.191 0.018 0.049 0.014 0.036 0.004 0.005 0.005 0.013 0.034 0.046 0.001 0.002 0.002 0.015 0.014 0.057 0.003 0.016 0.077 0.204 0.002 0.001 0.049 0.039 0.004 0.183 0.261 0.268 0.231 0.001 0.002 0.529 0.002 0.164 0.001 0.002 0.001 0.007 0.005 0.251 0.187 0.001 0.002 1 0.002 0.231 0.002 0.002 0.004 0.01
0 0.012 0.012 0.017 0.005 0.002 0.003 0.002 0.002 0.001 0.001 0.012 0.01 0.003 0.001 0.01 0 0.009 0.008 0.005 0.027 0.002 0.001 0.003 0.005 0.043 0.034 0.001 0.001 0.001 0.005 0.005 0.028 0.001 0.109 0.022 0.006 0.001 0.002 0.013 0.046 0.013 0.01 0.007 0.006 0.007 0.001 0.001 0.001 0.001 0.009 0 0.001 0.001 0.003 0.002 0.007 0.01 0.001 0.001 0.002 1 0.008 0.001 0.001 0.002 0.001
0.001 0.002 0.003 0.01 0.006 0.001 0.006 0.004 0 0.099 0.009 0.011 0.011 0.001 0.163 0.014 0.537 0.051 0.169 0.01 0.063 0.019 0.195 0.009 0.009 0.06 0.096 0.006 0.001 0.003 0.036 0.055 0.129 0.008 0.059 0.227 0.717 0.008 0.005 0.238 0.165 0.04 0.731 0.723 0.702 0.775 0.005 0.009 0.158 0.041 0.709 0.004 0.007 0.005 0.358 0.022 0.793 0.723 0.04 0.006 0.231 0.008 1 0.008 0.009 0.016 0.118
0.028 0.034 0.033 0.014 0.007 0.274 0.004 0.004 0.002 0.001 0.001 0.046 0.046 0.004 0.002 0.04 0.006 0.01 0.019 0.007 0.024 0.002 0.002 0.255 0.006 0.049 0.039 0.001 0.338 0.001 0.007 0.002 0.031 0.001 0.008 0.039 0.007 0.001 0.533 0.013 0.019 0.014 0.088 0.007 0.007 0.008 0.001 0.892 0.001 0.001 0.093 0 0.001 0.625 0.004 0.003 0.008 0.089 0.001 0.001 0.002 0.001 0.008 1 0.001 0.002 0.001
0.006 0.008 0.008 0.001 0 0.007 0.004 0.004 0.002 0.001 0.034 0.013 0.013 0.005 0.002 0.016 0.006 0.003 0 0 0.001 0.002 0.003 0.031 0.006 0 0.002 0.001 0.005 0.001 0.007 0.007 0.003 0.001 0 0.014 0.007 0.001 0.002 0.02 0.003 0.006 0.011 0.007 0.007 0.008 0.491 0.001 0.001 0.001 0.011 0 0.001 0.001 0.004 0.003 0.008 0.011 0.001 0.001 0.002 0.001 0.009 0.001 1 0.251 0.001
0.001 0 0 0.004 0.004 0.001 0.008 0.007 0.003 0.003 0.014 0 0 0.009 0.004 0 0.007 0.031 0.002 0.004 0 0.004 0.005 0.009 0.013 0.007 0.003 0.001 0 0.002 0.001 0.002 0.006 0.002 0 0.016 0.014 0.018 0.003 0.011 0.001 0.026 0.021 0.014 0.013 0.015 0.136 0.002 0.003 0.002 0.02 0.001 0.002 0.001 0.007 0.001 0.015 0.015 0.001 0.001 0.004 0.002 0.016 0.002 0.251 1 0.001
0 0 0 0.002 0.004 0.002 0.001 0.001 0.002 0.156 0.001 0.015 0.015 0.006 0.003 0.015 0.108 0.002 0.045 0.008 0.023 0.003 0.003 0.004 0.008 0.017 0.027 0.001 0.001 0.001 0.008 0.008 0.035 0.002 0.009 0.026 0.1 0.001 0.002 0.036 0.022 0.008 0.085 0.133 0.14 0.121 0 0.001 0.001 0.428 0.112 0.001 0.001 0.001 0 0.003 0.115 0.101 0.287 0.001 0.01 0.001 0.118 0.001 0.001 0.001 1
