1 0.833 0.848 0.478 0.349 0.121 0.211 0.175 0.098 0.024 0.048 0.517 0.492 0.211 0.045 0.536 0.003 0.113 0.099 0.327 0.28 0.006 0.046 0.151 0.266 0.21 0.12 0.001 0.039 0.002 0.038 0.017 0.107 0.013 0.008 0.058 0 0.014 0.082 0.018 0.004 0.055 0.018 0.007 0.004 0 0.011 0.007 0.055 0.01 0.01 0.002 0.001 0.013 0.014 0.003 0.003 0.005 0.001 0.001 0.053 0.004 0.001 0.006 0.006 0.002 0.004
0.833 1 0.937 0.454 0.354 0.157 0.243 0.201 0.113 0.021 0.055 0.562 0.56 0.218 0.039 0.59 0 0.107 0.084 0.332 0.276 0.024 0.04 0.191 0.287 0.208 0.119 0.003 0.046 0.005 0.041 0.025 0.091 0.011 0.026 0.073 0.001 0.019 0.075 0.026 0 0.046 0.023 0.004 0.002 0 0.014 0.01 0.065 0.008 0.014 0.006 0.003 0.016 0.015 0.022 0.004 0.011 0 0.006 0.059 0.007 0.002 0.009 0.009 0.001 0.002
0.848 0.937 1 0.467 0.389 0.151 0.234 0.194 0.109 0.022 0.053 0.575 0.572 0.235 0.041 0.618 0.001 0.099 0.081 0.365 0.309 0.025 0.042 0.184 0.3 0.224 0.13 0.003 0.044 0.007 0.047 0.022 0.1 0.012 0.021 0.073 0.001 0.02 0.093 0.027 0 0.048 0.026 0.005 0.002 0 0.013 0.009 0.062 0.008 0.016 0.007 0 0.015 0.011 0.024 0.005 0.01 0 0.006 0.06 0.007 0.003 0.008 0.008 0.001 0.003
0.478 0.454 0.467 1 0.21 0.066 0.117 0.097 0.054 0.043 0.027 0.286 0.277 0.13 0.08 0.302 0.032 0.236 0.294 0.18 0.588 0.002 0.082 0.078 0.149 0.497 0.303 0.034 0.018 0.017 0.005 0 0.36 0.027 0.206 0.001 0.022 0.041 0.04 0.004 0.178 0.147 0.004 0.057 0.047 0.032 0.005 0.001 0.027 0.009 0.006 0.03 0.004 0.002 0.048 0.056 0.011 0.009 0.005 0.029 0.018 0.008 0.015 0.001 0.001 0.004 0.007
0.349 0.354 0.389 0.21 1 0.015 0.439 0.383 0.195 0.01 0.005 0.456 0.45 0.527 0.018 0.482 0.034 0.055 0.119 0.794 0.261 0.011 0.019 0.021 0.657 0.209 0.157 0.004 0.007 0.002 0.18 0.108 0.132 0.004 0.031 0.019 0.009 0.01 0.005 0.04 0.023 0.031 0.006 0.044 0.041 0.014 0.002 0.005 0.008 0.004 0.007 0.006 0 0.005 0.006 0.008 0.01 0.007 0.003 0.003 0.003 0.003 0.004 0.005 0.004 0.009 0.006
0.121 0.157 0.151 0.066 0.015 1 0.008 0.006 0.004 0.003 0.002 0.159 0.158 0.01 0.006 0.163 0.016 0.015 0.039 0.015 0.092 0.004 0.006 0.625 0.016 0.047 0.024 0 0.332 0.002 0.017 0.014 0.016 0.003 0.013 0.028 0.012 0.003 0.292 0.024 0.033 0.009 0.033 0.012 0.011 0.014 0.018 0.113 0.003 0 0.019 0 0.002 0.149 0 0.005 0.001 0.014 0 0 0 0.001 0 0.104 0.019 0.001 0.001
0.211 0.243 0.234 0.117 0.439 0.008 1 0.828 0.464 0.005 0.003 0.226 0.225 0.648 0.01 0.25 0.014 0.032 0.056 0.439 0.135 0.006 0.01 0.011 0.41 0.127 0.087 0.001 0.004 0 0.207 0.209 0.082 0.004 0.016 0.05 0 0.005 0.003 0.095 0.077 0.036 0.002 0.022 0.021 0 0.003 0.003 0.005 0.001 0.003 0.003 0.002 0.003 0.016 0.002 0.023 0.002 0 0.001 0.001 0.002 0.002 0.003 0.004 0.007 0.002
0.175 0.201 0.194 0.097 0.383 0.006 0.828 1 0.561 0.004 0.002 0.182 0.181 0.564 0.008 0.202 0.01 0.026 0.044 0.352 0.108 0.005 0.008 0.009 0.328 0.1 0.067 0.001 0.003 0 0.141 0.137 0.065 0.003 0.012 0.032 0.002 0.004 0.002 0.068 0.05 0.038 0 0.018 0.016 0 0.003 0.002 0.004 0 0 0.003 0.002 0.002 0.014 0.001 0.018 0 0 0.001 0.001 0.001 0 0.002 0.003 0.006 0.001
0.098 0.113 0.109 0.054 0.195 0.004 0.464 0.561 1 0.002 0.001 0.12 0.119 0.364 0.004 0.133 0.011 0.015 0.033 0.223 0.074 0.003 0.005 0.005 0.213 0.073 0.047 0 0.002 0.001 0.072 0.06 0.05 0.002 0.004 0.01 0.002 0.002 0.003 0.041 0.026 0.025 0 0.013 0.012 0.002 0.001 0.001 0.002 0.002 0 0.001 0.001 0.001 0.008 0.004 0.016 0 0.002 0 0.003 0.001 0 0.001 0.002 0.003 0.003
0.024 0.021 0.022 0.043 0.01 0.003 0.005 0.004 0.002 1 0.001 0.006 0.005 0.007 0.004 0.005 0.194 0.014 0.063 0.01 0.032 0.001 0.004 0.005 0.009 0.031 0.04 0.001 0.001 0.001 0.011 0.009 0.041 0.002 0.009 0.055 0.099 0.002 0.002 0.049 0.022 0.017 0.103 0.16 0.08 0.115 0.001 0.001 0 0.186 0.099 0.001 0.001 0 0.006 0.002 0.11 0.103 0.082 0.001 0.001 0.001 0.106 0 0.002 0.003 0.142
0.048 0.055 0.053 0.027 0.005 0.002 0.003 0.002 0.001 0.001 1 0.059 0.058 0.003 0.002 0.064 0.005 0.007 0.016 0.005 0.035 0.001 0.002 0.24 0.005 0.034 0.027 0.005 0.001 0.001 0.006 0.005 0.023 0.001 0.105 0.019 0.006 0.001 0.002 0.014 0.035 0.011 0.01 0.006 0.006 0.007 0.094 0.001 0.001 0.001 0.01 0.001 0.001 0.001 0.004 0.002 0.008 0.009 0.001 0 0.001 0 0.008 0.001 0.073 0.035 0.001
0.517 0.562 0.575 0.286 0.456 0.159 0.226 0.182 0.12 0.006 0.059 1 0.94 0.297 0.016 0.767 0.05 0.083 0.173 0.439 0.391 0.013 0.016 0.216 0.346 0.293 0.21 0.004 0.058 0.007 0.077 0.044 0.187 0.01 0.01 0.036 0.029 0.007 0.1 0.007 0.006 0.055 0 0.054 0.063 0.024 0.018 0.016 0.016 0.011 0 0.008 0.002 0.028 0.001 0.01 0.007 0 0.009 0.007 0.009 0.006 0.003 0.015 0.012 0 0.016
0.492 0.56 0.572 0.277 0.45 0.158 0.225 0.181 0.119 0.005 0.058 0.94 1 0.295 0.016 0.767 0.05 0.082 0.17 0.443 0.394 0.015 0.017 0.214 0.352 0.295 0.214 0.005 0.06 0.007 0.081 0.047 0.181 0.01 0.013 0.037 0.03 0.006 0.101 0.007 0.005 0.049 0 0.056 0.064 0.025 0.018 0.017 0.016 0.011 0 0.008 0.001 0.029 0.001 0.018 0.008 0 0.009 0.007 0.01 0.004 0.004 0.016 0.012 0 0.016
0.211 0.218 0.235 0.13 0.527 0.01 0.648 0.564 0.364 0.007 0.003 0.297 0.295 1 0.012 0.358 0.031 0.041 0.091 0.562 0.198 0.007 0.012 0.014 0.527 0.183 0.131 0.002 0.005 0 0.298 0.185 0.122 0.004 0.012 0.062 0.002 0.006 0.009 0.114 0.074 0.034 0 0.033 0.03 0.003 0.004 0.004 0.006 0.005 0 0.004 0.003 0.003 0 0.004 0.009 0 0.005 0.002 0.006 0.002 0 0.003 0.005 0.009 0.007
0.045 0.039 0.041 0.08 0.018 0.006 0.01 0.008 0.004 0.004 0.002 0.016 0.016 0.012 1 0.033 0.393 0.026 0.133 0.019 0.06 0.005 0.976 0.009 0.02 0.052 0.067 0.003 0.003 0.002 0.021 0.017 0.075 0.003 0.013 0.096 0.305 0.003 0.006 0.087 0.037 0.036 0.194 0.301 0.325 0.272 0.002 0.002 0.004 0.002 0.17 0.002 0.002 0.002 0.512 0.005 0.19 0.203 0.001 0.002 0.005 0.001 0.222 0.002 0.003 0.006 0.003
0.536 0.59 0.618 0.302 0.482 0.163 0.25 0.202 0.133 0.005 0.064 0.767 0.767 0.358 0.033 1 0.066 0.105 0.216 0.551 0.498 0.02 0.033 0.225 0.448 0.366 0.247 0.004 0.054 0.004 0.081 0.045 0.209 0.011 0.012 0.029 0.027 0.018 0.101 0.007 0.009 0.069 0 0.067 0.077 0.031 0.021 0.012 0.016 0.015 0.001 0.007 0.002 0.023 0.003 0.018 0.013 0.002 0.012 0.006 0.009 0.006 0.007 0.011 0.015 0 0.019
0.003 0 0.001 0.032 0.034 0.016 0.014 0.01 0.011 0.194 0.005 0.05 0.05 0.031 0.393 0.066 1 0.061 0.329 0.047 0.15 0.012 0.39 0.022 0.048 0.129 0.168 0.007 0.001 0.005 0.053 0.045 0.191 0.008 0.043 0.253 0.662 0.008 0.003 0.209 0.106 0.038 0.508 0.725 0.66 0.617 0.006 0 0.161 0.037 0.463 0.006 0.005 0 0.28 0.014 0.511 0.494 0.042 0.006 0.135 0 0.469 0 0.008 0.011 0.056
0.113 0.107 0.099 0.236 0.055 0.015 0.032 0.026 0.015 0.014 0.007 0.083 0.082 0.041 0.026 0.105 0.061 1 0.362 0.062 0.165 0.016 0.023 0.029 0.035 0.148 0.014 0.009 0.01 0.055 0.045 0.059 0.024 0.091 0.056 0.007 0.048 0.127 0.02 0.012 0.004 0.132 0.063 0.03 0.026 0.035 0.001 0.004 0.012 0 0.048 0.008 0 0.006 0.025 0.014 0.041 0.055 0 0.007 0.01 0.004 0.042 0.005 0.009 0.035 0
0.099 0.084 0.081 0.294 0.119 0.039 0.056 0.044 0.033 0.063 0.016 0.173 0.17 0.091 0.133 0.216 0.329 0.362 1 0.14 0.401 0.035 0.136 0.066 0.104 0.351 0.16 0.021 0.012 0.021 0 0.003 0.205 0.021 0.124 0.129 0.232 0.058 0.025 0.09 0.085 0.013 0.142 0.304 0.283 0.237 0.001 0.004 0.052 0.021 0.144 0.018 0.005 0.005 0.092 0.035 0.175 0.132 0.028 0.017 0.045 0.003 0.154 0.004 0 0.001 0.031
0.327 0.332 0.365 0.18 0.794 0.015 0.439 0.352 0.223 0.01 0.005 0.439 0.443 0.562 0.019 0.551 0.047 0.062 0.14 1 0.307 0.011 0.019 0.021 0.831 0.246 0.177 0.007 0.007 0.001 0.22 0.142 0.16 0.008 0.042 0.021 0.013 0.01 0.002 0.056 0.023 0.046 0.009 0.052 0.048 0.014 0.001 0.005 0.009 0.008 0.01 0.006 0 0.004 0.004 0.008 0.017 0.01 0.007 0.006 0.009 0.003 0.007 0.005 0.003 0.01 0.011
0.28 0.276 0.309 0.588 0.261 0.092 0.135 0.108 0.074 0.032 0.035 0.391 0.394 0.198 0.06 0.498 0.15 0.165 0.401 0.307 1 0.036 0.062 0.122 0.261 0.779 0.562 0.032 0.027 0.009 0.025 0.01 0.482 0.017 0.168 0.007 0.1 0.03 0.049 0.017 0.202 0.165 0.038 0.162 0.15 0.105 0.008 0.004 0.029 0.024 0.052 0.033 0.007 0.01 0.035 0.014 0.078 0.053 0.02 0.032 0.023 0.011 0.064 0.003 0.003 0 0.035
0.006 0.024 0.025 0.002 0.011 0.004 0.006 0.005 0.003 0.001 0.001 0.013 0.015 0.007 0.005 0.02 0.012 0.016 0.035 0.011 0.036 1 0.005 0.005 0.012 0.037 0.047 0.001 0.002 0.001 0.013 0.011 0.004 0.002 0.048 0.035 0.014 0 0.003 0.016 0.011 0 0.012 0.006 0.005 0.007 0.002 0.001 0.002 0.002 0.012 0 0.13 0.001 0.002 0.101 0.009 0.011 0.002 0 0.003 0.001 0.009 0.001 0.002 0.003 0.003
0.046 0.04 0.042 0.082 0.019 0.006 0.01 0.008 0.005 0.004 0.002 0.016 0.017 0.012 0.976 0.033 0.39 0.023 0.136 0.019 0.062 0.005 1 0.009 0.02 0.054 0.069 0.003 0.003 0.002 0.021 0.018 0.077 0.003 0.013 0.094 0.303 0.003 0.006 0.086 0.038 0.034 0.192 0.299 0.322 0.27 0.003 0.002 0.004 0.002 0.165 0.003 0.002 0.002 0.51 0.005 0.185 0.201 0.001 0.003 0.005 0.001 0.221 0.002 0.003 0.006 0.003
0.151 0.191 0.184 0.078 0.021 0.625 0.011 0.009 0.005 0.005 0.24 0.216 0.214 0.014 0.009 0.225 0.022 0.029 0.066 0.021 0.122 0.005 0.009 1 0.022 0.093 0.059 0 0.265 0.002 0.024 0.018 0.045 0.004 0.004 0.01 0.02 0.005 0.264 0.036 0.005 0.025 0.019 0.02 0.018 0.023 0.078 0.149 0.004 0.004 0.008 0.001 0.002 0.146 0.002 0.007 0.001 0.005 0.003 0.002 0.001 0.002 0.002 0.141 0.068 0.016 0.004
0.266 0.287 0.3 0.149 0.657 0.016 0.41 0.328 0.213 0.009 0.005 0.346 0.352 0.527 0.02 0.448 0.048 0.035 0.104 0.831 0.261 0.012 0.02 0.022 1 0.297 0.228 0.007 0.008 0.001 0.307 0.218 0.208 0.008 0.044 0.04 0.014 0.01 0.002 0.084 0.045 0.062 0.011 0.053 0.049 0.016 0.006 0.006 0.01 0.009 0.013 0.006 0.005 0.004 0.005 0.009 0.02 0.012 0.007 0.006 0.01 0.003 0.008 0.005 0.008 0.014 0.012
0.21 0.208 0.224 0.497 0.209 0.047 0.127 0.1 0.073 0.031 0.034 0.293 0.295 0.183 0.052 0.366 0.129 0.148 0.351 0.246 0.779 0.037 0.054 0.093 0.297 1 0.716 0.032 0.05 0.012 0.051 0.031 0.624 0.026 0.176 0 0.104 0.032 0.085 0.004 0.264 0.22 0.027 0.168 0.156 0.11 0.004 0.029 0.03 0.012 0.032 0.033 0.015 0.033 0.038 0.013 0.072 0.033 0.02 0.032 0.023 0.022 0.058 0.03 0 0.009 0.022
0.12 0.119 0.13 0.303 0.157 0.024 0.087 0.067 0.047 0.04 0.027 0.21 0.214 0.131 0.067 0.247 0.168 0.014 0.16 0.177 0.562 0.047 0.069 0.059 0.228 0.716 1 0.024 0.038 0.016 0.267 0.235 0.853 0.032 0.118 0.018 0.151 0.038 0.066 0 0.389 0.173 0.058 0.209 0.193 0.157 0.002 0.022 0.037 0.031 0.064 0.025 0.019 0.017 0.047 0.007 0.118 0.076 0.026 0.024 0.039 0.017 0.109 0.023 0 0.002 0.044
0.001 0.003 0.003 0.034 0.004 0 0.001 0.001 0 0.001 0.005 0.004 0.005 0.002 0.003 0.004 0.007 0.009 0.021 0.007 0.032 0.001 0.003 0 0.007 0.032 0.024 1 0.001 0.001 0.007 0.007 0.031 0.001 0.123 0.025 0.008 0.001 0.002 0.019 0.051 0.015 0.013 0.008 0.007 0.009 0 0.001 0.001 0.001 0.013 0.563 0.001 0.001 0.005 0.002 0.01 0.012 0.001 0.841 0.002 0 0.01 0.001 0.001 0.002 0.002
0.039 0.046 0.044 0.018 0.007 0.332 0.004 0.003 0.002 0.001 0.001 0.058 0.06 0.005 0.003 0.054 0.001 0.01 0.012 0.007 0.027 0.002 0.003 0.265 0.008 0.05 0.038 0.001 1 0.001 0.008 0.007 0.034 0.001 0.008 0.043 0.009 0.002 0.295 0.011 0.018 0.017 0.04 0.009 0.008 0.01 0.047 0.178 0.001 0.001 0.038 0.001 0.001 0.179 0.003 0.002 0.004 0.035 0.001 0.001 0.002 0.001 0.004 0.193 0.036 0.002 0.002
0.002 0.005 0.007 0.017 0.002 0.002 0 0 0.001 0.001 0.001 0.007 0.007 0 0.002 0.004 0.005 0.055 0.021 0.001 0.009 0.001 0.002 0.002 0.001 0.012 0.016 0.001 0.001 1 0.003 0.002 0.019 0.001 0.006 0.01 0.004 0.001 0.002 0.011 0.004 0.009 0.007 0.004 0.003 0.004 0.001 0 0.001 0.001 0.007 0.001 0 0 0.002 0 0.005 0.006 0.001 0 0.001 0 0.005 0 0.001 0.002 0.001
0.038 0.041 0.047 0.005 0.18 0.017 0.207 0.141 0.072 0.011 0.006 0.077 0.081 0.298 0.021 0.081 0.053 0.045 0 0.22 0.025 0.013 0.021 0.024 0.307 0.051 0.267 0.007 0.008 0.003 1 0.865 0.231 0.009 0.054 0.26 0.053 0.158 0.001 0.186 0.225 0.014 0.041 0.05 0.046 0.055 0.007 0.006 0.01 0.009 0.032 0.007 0.005 0.005 0.004 0.009 0.028 0.043 0.007 0.007 0.01 0.004 0.028 0.005 0.008 0.001 0.012
0.017 0.025 0.022 0 0.108 0.014 0.209 0.137 0.06 0.009 0.005 0.044 0.047 0.185 0.017 0.045 0.045 0.059 0.003 0.142 0.01 0.011 0.018 0.018 0.218 0.031 0.235 0.007 0.007 0.002 0.865 1 0.207 0.008 0.048 0.23 0.046 0.187 0.012 0.145 0.256 0.008 0.07 0.044 0.04 0.05 0.006 0.003 0.009 0.008 0.056 0.006 0.004 0.003 0.023 0.008 0.057 0.066 0.007 0.006 0.01 0.003 0.058 0.003 0.007 0 0.011
0.107 0.091 0.1 0.36 0.132 0.016 0.082 0.065 0.05 0.041 0.023 0.187 0.181 0.122 0.075 0.209 0.191 0.024 0.205 0.16 0.482 0.004 0.077 0.045 0.208 0.624 0.853 0.031 0.034 0.019 0.231 0.207 1 0.037 0.226 0.006 0.17 0.034 0.056 0.004 0.484 0.209 0.076 0.243 0.225 0.178 0.001 0.019 0.043 0.036 0.082 0.027 0.011 0.014 0.06 0.055 0.148 0.095 0.03 0.026 0.046 0.015 0.13 0.02 0 0.004 0.051
0.013 0.011 0.012 0.027 0.004 0.003 0.004 0.003 0.002 0.002 0.001 0.01 0.01 0.004 0.003 0.011 0.008 0.091 0.021 0.008 0.017 0.002 0.003 0.004 0.008 0.026 0.032 0.001 0.001 0.001 0.009 0.008 0.037 1 0.008 0.024 0.008 0.002 0.003 0.014 0.018 0.042 0.008 0.004 0.003 0.004 0.001 0.001 0.002 0.001 0.008 0.001 0.001 0.001 0.004 0.001 0.006 0.012 0.001 0.001 0.002 0.001 0.006 0.001 0.001 0.015 0.002
0.008 0.026 0.021 0.206 0.031 0.013 0.016 0.012 0.004 0.009 0.105 0.01 0.013 0.012 0.013 0.012 0.043 0.056 0.124 0.042 0.168 0.048 0.013 0.004 0.044 0.176 0.118 0.123 0.008 0.006 0.054 0.048 0.226 0.008 1 0.182 0.052 0.011 0.016 0.124 0.396 0.092 0.084 0.059 0.055 0.059 0.004 0.006 0.01 0.009 0.086 0.086 0.005 0.006 0.035 0.234 0.075 0.08 0.008 0.12 0.012 0.065 0.066 0.005 0.001 0.001 0.012
0.058 0.073 0.073 0.001 0.019 0.028 0.05 0.032 0.01 0.055 0.019 0.036 0.037 0.062 0.096 0.029 0.253 0.007 0.129 0.021 0.007 0.035 0.094 0.01 0.04 0 0.018 0.025 0.043 0.01 0.26 0.23 0.006 0.024 0.182 1 0.233 0.054 0.085 0.48 0 0.082 0.34 0.264 0.242 0.2 0.004 0.025 0.054 0.022 0.298 0.022 0.016 0.027 0.138 0.037 0.265 0.271 0.028 0.023 0.056 0.012 0.23 0.026 0.008 0.02 0.022
0 0.001 0.001 0.022 0.009 0.012 0 0.002 0.002 0.099 0.006 0.029 0.03 0.002 0.305 0.027 0.662 0.048 0.232 0.013 0.1 0.014 0.303 0.02 0.014 0.104 0.151 0.008 0.009 0.004 0.053 0.046 0.17 0.008 0.052 0.233 1 0.012 0.011 0.277 0.137 0.042 0.632 0.765 0.758 0.829 0.007 0.007 0.151 0.085 0.576 0.007 0.006 0.002 0.24 0.018 0.54 0.595 0.084 0.007 0.153 0.004 0.609 0.006 0.009 0.017 0.088
0.014 0.019 0.02 0.041 0.01 0.003 0.005 0.004 0.002 0.002 0.001 0.007 0.006 0.006 0.003 0.018 0.008 0.127 0.058 0.01 0.03 0 0.003 0.005 0.01 0.032 0.038 0.001 0.002 0.001 0.158 0.187 0.034 0.002 0.011 0.054 0.012 1 0.003 0.006 0.026 0.034 0.019 0.012 0.011 0.013 0.001 0.001 0.002 0.002 0.007 0.001 0.001 0.001 0.007 0.003 0.015 0.018 0.002 0.001 0.002 0.001 0.015 0.001 0.002 0.019 0.002
0.082 0.075 0.093 0.04 0.005 0.292 0.003 0.002 0.003 0.002 0.002 0.1 0.101 0.009 0.006 0.101 0.003 0.02 0.025 0.002 0.049 0.003 0.006 0.264 0.002 0.085 0.066 0.002 0.295 0.002 0.001 0.012 0.056 0.003 0.016 0.085 0.011 0.003 1 0.001 0.036 0.033 0.169 0.017 0.016 0.018 0.002 0.331 0.003 0.003 0.123 0.002 0.001 0.259 0.022 0.005 0.031 0.097 0.002 0.002 0 0.001 0.023 0.322 0.002 0.004 0.004
0.018 0.026 0.027 0.004 0.04 0.024 0.095 0.068 0.041 0.049 0.014 0.007 0.007 0.114 0.087 0.007 0.209 0.012 0.09 0.056 0.017 0.016 0.086 0.036 0.084 0.004 0 0.019 0.011 0.011 0.186 0.145 0.004 0.014 0.124 0.48 0.277 0.006 0.001 1 0.001 0.067 0.249 0.301 0.275 0.298 0.017 0.007 0.062 0.041 0.24 0.017 0.009 0.002 0.132 0.042 0.252 0.233 0.031 0.017 0.044 0.007 0.281 0.006 0.021 0.016 0.048
0.004 0 0 0.178 0.023 0.033 0.077 0.05 0.026 0.022 0.035 0.006 0.005 0.074 0.037 0.009 0.106 0.004 0.085 0.023 0.202 0.011 0.038 0.005 0.045 0.264 0.389 0.051 0.018 0.004 0.225 0.256 0.484 0.018 0.396 0 0.137 0.026 0.036 0.001 1 0.114 0.213 0.137 0.128 0.154 0 0.014 0.023 0.02 0.219 0.052 0.011 0.013 0.081 0.131 0.173 0.204 0.017 0.051 0.027 0.028 0.172 0.012 0.002 0 0.028
0.055 0.046 0.048 0.147 0.031 0.009 0.036 0.038 0.025 0.017 0.011 0.055 0.049 0.034 0.036 0.069 0.038 0.132 0.013 0.046 0.165 0 0.034 0.025 0.062 0.22 0.173 0.015 0.017 0.009 0.014 0.008 0.209 0.042 0.092 0.082 0.042 0.034 0.033 0.067 0.114 1 0.093 0.041 0.035 0.05 0 0.009 0.001 0 0.063 0.014 0.04 0.011 0.048 0.027 0.044 0.07 0.001 0.013 0.001 0.007 0.056 0.011 0.003 0.029 0
0.018 0.023 0.026 0.004 0.006 0.033 0.002 0 0 0.103 0.01 0 0 0 0.194 0 0.508 0.063 0.142 0.009 0.038 0.012 0.192 0.019 0.011 0.027 0.058 0.013 0.04 0.007 0.041 0.07 0.076 0.008 0.084 0.34 0.632 0.019 0.169 0.249 0.213 0.093 1 0.642 0.597 0.687 0.011 0.053 0.106 0.051 0.862 0.011 0.009 0.054 0.346 0.028 0.672 0.83 0.06 0.011 0.129 0.006 0.711 0.053 0.014 0.026 0.069
0.007 0.004 0.005 0.057 0.044 0.012 0.022 0.018 0.013 0.16 0.006 0.054 0.056 0.033 0.301 0.067 0.725 0.03 0.304 0.052 0.162 0.006 0.299 0.02 0.053 0.168 0.209 0.008 0.009 0.004 0.05 0.044 0.243 0.004 0.059 0.264 0.765 0.012 0.017 0.301 0.137 0.041 0.642 1 0.923 0.857 0.007 0.007 0.166 0.085 0.587 0.007 0.006 0.002 0.34 0.018 0.697 0.589 0.097 0.007 0.162 0.004 0.647 0.006 0.009 0.017 0.116
0.004 0.002 0.002 0.047 0.041 0.011 0.021 0.016 0.012 0.08 0.006 0.063 0.064 0.03 0.325 0.077 0.66 0.026 0.283 0.048 0.15 0.005 0.322 0.018 0.049 0.156 0.193 0.007 0.008 0.003 0.046 0.04 0.225 0.003 0.055 0.242 0.758 0.011 0.016 0.275 0.128 0.035 0.597 0.923 1 0.796 0.007 0.006 0.178 0.093 0.548 0.007 0.005 0.001 0.277 0.017 0.644 0.544 0.106 0.007 0.175 0.004 0.595 0.006 0.008 0.016 0.127
0 0 0 0.032 0.014 0.014 0 0 0.002 0.115 0.007 0.024 0.025 0.003 0.272 0.031 0.617 0.035 0.237 0.014 0.105 0.007 0.27 0.023 0.016 0.11 0.157 0.009 0.01 0.004 0.055 0.05 0.178 0.004 0.059 0.2 0.829 0.013 0.018 0.298 0.154 0.05 0.687 0.857 0.796 1 0.008 0.007 0.148 0.08 0.637 0.008 0.006 0.002 0.309 0.02 0.602 0.642 0.068 0.008 0.144 0.004 0.668 0.007 0.01 0.019 0.103
0.011 0.014 0.013 0.005 0.002 0.018 0.003 0.003 0.001 0.001 0.094 0.018 0.018 0.004 0.002 0.021 0.006 0.001 0.001 0.001 0.008 0.002 0.003 0.078 0.006 0.004 0.002 0 0.047 0.001 0.007 0.006 0.001 0.001 0.004 0.004 0.007 0.001 0.002 0.017 0 0 0.011 0.007 0.007 0.008 1 0.001 0.001 0.001 0.012 0.001 0.001 0.001 0.004 0.002 0.009 0.011 0.001 0 0.001 0 0.009 0.001 0.658 0.067 0.001
0.007 0.01 0.009 0.001 0.005 0.113 0.003 0.002 0.001 0.001 0.001 0.016 0.017 0.004 0.002 0.012 0 0.004 0.004 0.005 0.004 0.001 0.002 0.149 0.006 0.029 0.022 0.001 0.178 0 0.006 0.003 0.019 0.001 0.006 0.025 0.007 0.001 0.331 0.007 0.014 0.009 0.053 0.007 0.006 0.007 0.001 1 0.001 0.001 0.054 0.001 0.001 0.71 0.004 0.002 0.008 0.046 0.001 0.001 0.001 0 0.008 0.871 0.001 0.002 0.001
0.055 0.065 0.062 0.027 0.008 0.003 0.005 0.004 0.002 0 0.001 0.016 0.016 0.006 0.004 0.016 0.161 0.012 0.052 0.009 0.029 0.002 0.004 0.004 0.01 0.03 0.037 0.001 0.001 0.001 0.01 0.009 0.043 0.002 0.01 0.054 0.151 0.002 0.003 0.062 0.023 0.001 0.106 0.166 0.178 0.148 0.001 0.001 1 0 0.102 0.001 0.001 0.001 0 0.003 0.131 0.079 0 0.001 0.449 0.001 0.066 0.001 0.002 0.003 0
0.01 0.008 0.008 0.009 0.004 0 0.001 0 0.002 0.186 0.001 0.011 0.011 0.005 0.002 0.015 0.037 0 0.021 0.008 0.024 0.002 0.002 0.004 0.009 0.012 0.031 0.001 0.001 0.001 0.009 0.008 0.036 0.001 0.009 0.022 0.085 0.002 0.003 0.041 0.02 0 0.051 0.085 0.093 0.08 0.001 0.001 0 1 0.088 0.001 0.001 0.001 0.006 0.003 0.099 0.089 0.317 0.001 0.001 0.001 0.09 0.001 0.001 0.002 0.609
0.01 0.014 0.016 0.006 0.007 0.019 0.003 0 0 0.099 0.01 0 0 0 0.17 0.001 0.463 0.048 0.144 0.01 0.052 0.012 0.165 0.008 0.013 0.032 0.064 0.013 0.038 0.007 0.032 0.056 0.082 0.008 0.086 0.298 0.576 0.007 0.123 0.24 0.219 0.063 0.862 0.587 0.548 0.637 0.012 0.054 0.102 0.088 1 0.011 0.009 0.054 0.335 0.029 0.716 0.881 0.08 0.012 0.123 0.006 0.757 0.054 0.015 0.027 0.124
0.002 0.006 0.007 0.03 0.006 0 0.003 0.003 0.001 0.001 0.001 0.008 0.008 0.004 0.002 0.007 0.006 0.008 0.018 0.006 0.033 0 0.003 0.001 0.006 0.033 0.025 0.563 0.001 0.001 0.007 0.006 0.027 0.001 0.086 0.022 0.007 0.001 0.002 0.017 0.052 0.014 0.011 0.007 0.007 0.008 0.001 0.001 0.001 0.001 0.011 1 0.001 0.001 0.004 0.002 0.009 0.011 0.001 0.632 0.001 0 0.009 0.001 0.001 0.002 0.001
0.001 0.003 0 0.004 0 0.002 0.002 0.002 0.001 0.001 0.001 0.002 0.001 0.003 0.002 0.002 0.005 0 0.005 0 0.007 0.13 0.002 0.002 0.005 0.015 0.019 0.001 0.001 0 0.005 0.004 0.011 0.001 0.005 0.016 0.006 0.001 0.001 0.009 0.011 0.04 0.009 0.006 0.005 0.006 0.001 0.001 0.001 0.001 0.009 0.001 1 0.001 0.003 0.001 0.007 0.008 0.001 0.001 0.001 0 0.007 0 0.001 0.001 0.001
0.013 0.016 0.015 0.002 0.005 0.149 0.003 0.002 0.001 0 0.001 0.028 0.029 0.003 0.002 0.023 0 0.006 0.005 0.004 0.01 0.001 0.002 0.146 0.004 0.033 0.017 0.001 0.179 0 0.005 0.003 0.014 0.001 0.006 0.027 0.002 0.001 0.259 0.002 0.013 0.011 0.054 0.002 0.001 0.002 0.001 0.71 0.001 0.001 0.054 0.001 0.001 1 0.002 0.002 0.003 0.046 0.001 0.001 0.001 0 0.003 0.674 0.001 0.002 0.001
0.014 0.015 0.011 0.048 0.006 0 0.016 0.014 0.008 0.006 0.004 0.001 0.001 0 0.512 0.003 0.28 0.025 0.092 0.004 0.035 0.002 0.51 0.002 0.005 0.038 0.047 0.005 0.003 0.002 0.004 0.023 0.06 0.004 0.035 0.138 0.24 0.007 0.022 0.132 0.081 0.048 0.346 0.34 0.277 0.309 0.004 0.004 0 0.006 0.335 0.004 0.003 0.002 1 0.011 0.394 0.371 0.005 0.004 0.002 0.002 0.405 0.004 0.005 0.01 0
0.003 0.022 0.024 0.056 0.008 0.005 0.002 0.001 0.004 0.002 0.002 0.01 0.018 0.004 0.005 0.018 0.014 0.014 0.035 0.008 0.014 0.101 0.005 0.007 0.009 0.013 0.007 0.002 0.002 0 0.009 0.008 0.055 0.001 0.234 0.037 0.018 0.003 0.005 0.042 0.131 0.027 0.028 0.018 0.017 0.02 0.002 0.002 0.003 0.003 0.029 0.002 0.001 0.002 0.011 1 0.023 0.027 0.002 0.002 0.004 0.001 0.021 0.002 0.002 0.001 0.004
0.003 0.004 0.005 0.011 0.01 0.001 0.023 0.018 0.016 0.11 0.008 0.007 0.008 0.009 0.19 0.013 0.511 0.041 0.175 0.017 0.078 0.009 0.185 0.001 0.02 0.072 0.118 0.01 0.004 0.005 0.028 0.057 0.148 0.006 0.075 0.265 0.54 0.015 0.031 0.252 0.173 0.044 0.672 0.697 0.644 0.602 0.009 0.008 0.131 0.099 0.716 0.009 0.007 0.003 0.394 0.023 1 0.686 0.101 0.009 0.158 0.005 0.777 0.008 0.012 0.021 0.144
0.005 0.011 0.01 0.009 0.007 0.014 0.002 0 0 0.103 0.009 0 0 0 0.203 0.002 0.494 0.055 0.132 0.01 0.053 0.011 0.201 0.005 0.012 0.033 0.076 0.012 0.035 0.006 0.043 0.066 0.095 0.012 0.08 0.271 0.595 0.018 0.097 0.233 0.204 0.07 0.83 0.589 0.544 0.642 0.011 0.046 0.079 0.089 0.881 0.011 0.008 0.046 0.371 0.027 0.686 1 0.085 0.011 0.135 0.006 0.73 0.045 0.014 0.021 0.128
0.001 0 0 0.005 0.003 0 0 0 0.002 0.082 0.001 0.009 0.009 0.005 0.001 0.012 0.042 0 0.028 0.007 0.02 0.002 0.001 0.003 0.007 0.02 0.026 0.001 0.001 0.001 0.007 0.007 0.03 0.001 0.008 0.028 0.084 0.002 0.002 0.031 0.017 0.001 0.06 0.097 0.106 0.068 0.001 0.001 0 0.317 0.08 0.001 0.001 0.001 0.005 0.002 0.101 0.085 1 0.001 0.002 0 0.079 0.001 0.001 0.002 0.402
0.001 0.006 0.006 0.029 0.003 0 0.001 0.001 0 0.001 0 0.007 0.007 0.002 0.002 0.006 0.006 0.007 0.017 0.006 0.032 0 0.003 0.002 0.006 0.032 0.024 0.841 0.001 0 0.007 0.006 0.026 0.001 0.12 0.023 0.007 0.001 0.002 0.017 0.051 0.013 0.011 0.007 0.007 0.008 0 0.001 0.001 0.001 0.012 0.632 0.001 0.001 0.004 0.002 0.009 0.011 0.001 1 0.001 0 0.009 0.001 0.001 0.002 0.001
0.053 0.059 0.06 0.018 0.003 0 0.001 0.001 0.003 0.001 0.001 0.009 0.01 0.006 0.005 0.009 0.135 0.01 0.045 0.009 0.023 0.003 0.005 0.001 0.01 0.023 0.039 0.002 0.002 0.001 0.01 0.01 0.046 0.002 0.012 0.056 0.153 0.002 0 0.044 0.027 0.001 0.129 0.162 0.175 0.144 0.001 0.001 0.449 0.001 0.123 0.001 0.001 0.001 0.002 0.004 0.158 0.135 0.002 0.001 1 0.001 0.096 0.001 0.002 0.003 0
0.004 0.007 0.007 0.008 0.003 0.001 0.002 0.001 0.001 0.001 0 0.006 0.004 0.002 0.001 0.006 0 0.004 0.003 0.003 0.011 0.001 0.001 0.002 0.003 0.022 0.017 0 0.001 0 0.004 0.003 0.015 0.001 0.065 0.012 0.004 0.001 0.001 0.007 0.028 0.007 0.006 0.004 0.004 0.004 0 0 0.001 0.001 0.006 0 0 0 0.002 0.001 0.005 0.006 0 0 0.001 1 0.005 0 0.001 0.001 0.001
0.001 0.002 0.003 0.015 0.004 0 0.002 0 0 0.106 0.008 0.003 0.004 0 0.222 0.007 0.469 0.042 0.154 0.007 0.064 0.009 0.221 0.002 0.008 0.058 0.109 0.01 0.004 0.005 0.028 0.058 0.13 0.006 0.066 0.23 0.609 0.015 0.023 0.281 0.172 0.056 0.711 0.647 0.595 0.668 0.009 0.008 0.066 0.09 0.757 0.009 0.007 0.003 0.405 0.021 0.777 0.73 0.079 0.009 0.096 0.005 1 0.008 0.012 0.021 0.14
0.006 0.009 0.008 0.001 0.005 0.104 0.003 0.002 0.001 0 0.001 0.015 0.016 0.003 0.002 0.011 0 0.005 0.004 0.005 0.003 0.001 0.002 0.141 0.005 0.03 0.023 0.001 0.193 0 0.005 0.003 0.02 0.001 0.005 0.026 0.006 0.001 0.322 0.006 0.012 0.011 0.053 0.006 0.006 0.007 0.001 0.871 0.001 0.001 0.054 0.001 0 0.674 0.004 0.002 0.008 0.045 0.001 0.001 0.001 0 0.008 1 0.001 0.001 0.001
0.006 0.009 0.008 0.001 0.004 0.019 0.004 0.003 0.002 0.002 0.073 0.012 0.012 0.005 0.003 0.015 0.008 0.009 0 0.003 0.003 0.002 0.003 0.068 0.008 0 0 0.001 0.036 0.001 0.008 0.007 0 0.001 0.001 0.008 0.009 0.002 0.002 0.021 0.002 0.003 0.014 0.009 0.008 0.01 0.658 0.001 0.002 0.001 0.015 0.001 0.001 0.001 0.005 0.002 0.012 0.014 0.001 0.001 0.002 0.001 0.012 0.001 1 0.088 0.002
0.002 0.001 0.001 0.004 0.009 0.001 0.007 0.006 0.003 0.003 0.035 0 0 0.009 0.006 0 0.011 0.035 0.001 0.01 0 0.003 0.006 0.016 0.014 0.009 0.002 0.002 0.002 0.002 0.001 0 0.004 0.015 0.001 0.02 0.017 0.019 0.004 0.016 0 0.029 0.026 0.017 0.016 0.019 0.067 0.002 0.003 0.002 0.027 0.002 0.001 0.002 0.01 0.001 0.021 0.021 0.002 0.002 0.003 0.001 0.021 0.001 0.088 1 0.003
0.004 0.002 0.003 0.007 0.006 0.001 0.002 0.001 0.003 0.142 0.001 0.016 0.016 0.007 0.003 0.019 0.056 0 0.031 0.011 0.035 0.003 0.003 0.004 0.012 0.022 0.044 0.002 0.002 0.001 0.012 0.011 0.051 0.002 0.012 0.022 0.088 0.002 0.004 0.048 0.028 0 0.069 0.116 0.127 0.103 0.001 0.001 0 0.609 0.124 0.001 0.001 0.001 0 0.004 0.144 0.128 0.402 0.001 0 0.001 0.14 0.001 0.002 0.003 1
