1 0.828 0.869 0.505 0.378 0.143 0.107 0.202 0.307 0.019 0.156 0.088 0.018 0.029 0.499 0.467 0.22 0.081 0.05 0.593 0.001 0.157 0.12 0.342 0.333 0.012 0.06 0.118 0.034 0.035 0.268 0.264 0.157 0.007 0.039 0.047 0.053 0.03 0.136 0.034 0.007 0.056 0.001 0.001 0.056 0.02 0.009 0.081 0.017 0.01 0.005 0.035 0.002 0.001 0.025 0.005 0.001 0.005 0.037 0.009 0.006 0.001 0.021 0.01 0.008 0.018 0.011 0.001 0.003 0.025 0 0.011 0.039 0 0.001 0.028 0 0
0.828 1 0.927 0.43 0.371 0.169 0.127 0.239 0.239 0.016 0.185 0.105 0.015 0.034 0.542 0.505 0.202 0.097 0.043 0.616 0 0.137 0.09 0.337 0.265 0.019 0.05 0.139 0.041 0.042 0.271 0.209 0.12 0.011 0.047 0.044 0.064 0.046 0.096 0.028 0.037 0.07 0 0.001 0.031 0.026 0.002 0.057 0.021 0.01 0.002 0.043 0 0 0.032 0.005 0.001 0.007 0.046 0.007 0.005 0 0.017 0.012 0.011 0.027 0.026 0 0.004 0.02 0 0.017 0.044 0.006 0 0.035 0.001 0
0.869 0.927 1 0.456 0.426 0.16 0.12 0.227 0.262 0.017 0.175 0.099 0.016 0.032 0.572 0.533 0.248 0.092 0.045 0.667 0 0.135 0.094 0.389 0.302 0.019 0.053 0.132 0.039 0.04 0.308 0.236 0.139 0.012 0.044 0.062 0.06 0.041 0.113 0.03 0.035 0.08 0 0.001 0.064 0.033 0.001 0.065 0.02 0.017 0.003 0.04 0.001 0 0.03 0.01 0.004 0.006 0.043 0.008 0.01 0.002 0.018 0.009 0.01 0.014 0.028 0.003 0.008 0.021 0 0.018 0.046 0.006 0.003 0.033 0.001 0
0.505 0.43 0.456 1 0.229 0.049 0.03 0.12 0.701 0.032 0.093 0.052 0.031 0.017 0.246 0.269 0.135 0.054 0.085 0.315 0.015 0.285 0.283 0.241 0.556 0.004 0.076 0.034 0.02 0.02 0.188 0.465 0.291 0.033 0.003 0.02 0.008 0.01 0.35 0.058 0.169 0.001 0.016 0.009 0.028 0 0.187 0.191 0.001 0.001 0.028 0.014 0.025 0.017 0.004 0.004 0.006 0 0.019 0.014 0.006 0.012 0.038 0.019 0.001 0.034 0.024 0.006 0.004 0.046 0.001 0.032 0.014 0.003 0.008 0.002 0.012 0.004
0.378 0.371 0.426 0.229 1 0.022 0.016 0.396 0.291 0.007 0.361 0.196 0.007 0.005 0.509 0.472 0.471 0.206 0.02 0.563 0.053 0.075 0.163 0.781 0.245 0.007 0.024 0.022 0.005 0.006 0.636 0.215 0.159 0.006 0.013 0.183 0.017 0.129 0.144 0.015 0.028 0.011 0.022 0.01 0.001 0.032 0.022 0.044 0 0.015 0.043 0.01 0.038 0.019 0.007 0.019 0.009 0.008 0.004 0.004 0.019 0.022 0.011 0.004 0.007 0.007 0.009 0.019 0.017 0.013 0.002 0.008 0.005 0.003 0.01 0.008 0 0.008
0.143 0.169 0.16 0.049 0.022 1 0.751 0.011 0.098 0.003 0.009 0.005 0.003 0.202 0.178 0.165 0.013 0.005 0.007 0.197 0.019 0.017 0.046 0.022 0.104 0.004 0.009 0.879 0.242 0.261 0.022 0.106 0.065 0.001 0.35 0.022 0.479 0.019 0.053 0.005 0.001 0.022 0.016 0.003 0.232 0.042 0.011 0.026 0.087 0.025 0.016 0.316 0.014 0.018 0.052 0.021 0 0.105 0.003 0 0.017 0 0.004 0.003 0.12 0.003 0.007 0 0.013 0.005 0 0.002 0.001 0.001 0 0.055 0.012 0.002
0.107 0.127 0.12 0.03 0.016 0.751 1 0.008 0.079 0.002 0.006 0.004 0.002 0.001 0.141 0.13 0.01 0.004 0.005 0.153 0.015 0.014 0.036 0.018 0.079 0.003 0.006 0.672 0.321 0.347 0.017 0.08 0.045 0.002 0.47 0.016 0.644 0.015 0.037 0.004 0.014 0.056 0.011 0.003 0.319 0.03 0.037 0.018 0.091 0.049 0.011 0.417 0.01 0.013 0.056 0.044 0.002 0.146 0.003 0 0.038 0.003 0.003 0.002 0.164 0.001 0.005 0.003 0.031 0.004 0 0.003 0 0.001 0.002 0.059 0.011 0.001
0.202 0.239 0.227 0.12 0.396 0.011 0.008 1 0.142 0.004 0.774 0.439 0.004 0.002 0.259 0.24 0.733 0.007 0.01 0.296 0.025 0.037 0.08 0.418 0.145 0.002 0.012 0.011 0.003 0.003 0.425 0.149 0.115 0.002 0.006 0.329 0.009 0.364 0.11 0.007 0.018 0.079 0.008 0.005 0.009 0.14 0.144 0.029 0.003 0.018 0.027 0.004 0.024 0.006 0.005 0.018 0.011 0.004 0.005 0.001 0.017 0.032 0.005 0.004 0.004 0.018 0.003 0.032 0.017 0.006 0 0.003 0.008 0.001 0.015 0.004 0.006 0.003
0.307 0.239 0.262 0.701 0.291 0.098 0.079 0.142 1 0.026 0.109 0.065 0.025 0.021 0.382 0.401 0.163 0.067 0.064 0.449 0.15 0.23 0.485 0.292 0.692 0.007 0.055 0.082 0.025 0.025 0.242 0.663 0.457 0.041 0.024 0.04 0.033 0.025 0.539 0.049 0.21 0.001 0.098 0.032 0.038 0.017 0.225 0.238 0.024 0.032 0.128 0.021 0.13 0.098 0.029 0.043 0.05 0.001 0.024 0.01 0.051 0.075 0.039 0.018 0.004 0.032 0.034 0.059 0.042 0.045 0.007 0.04 0.023 0.005 0.052 0.022 0 0.028
0.019 0.016 0.017 0.032 0.007 0.003 0.002 0.004 0.026 1 0.003 0.002 0.001 0.001 0.001 0.001 0.005 0.001 0.002 0.012 0.007 0.005 0.015 0.008 0.022 0.084 0.003 0.003 0.001 0.001 0.008 0.022 0.022 0.001 0.002 0.004 0.002 0.003 0.005 0.017 0.006 0.018 0.006 0 0.002 0.001 0.016 0.026 0.001 0.01 0.006 0.002 0.006 0.007 0.001 0.012 0.009 0.001 0.001 0.001 0.01 0.008 0.001 0.293 0.001 0.004 0.002 0.008 0.01 0.002 0.001 0.001 0.002 0 0.009 0.001 0.001 0.001
0.156 0.185 0.175 0.093 0.361 0.009 0.006 0.774 0.109 0.003 1 0.567 0.003 0.002 0.2 0.185 0.564 0.006 0.008 0.228 0.019 0.029 0.061 0.314 0.107 0.001 0.009 0.009 0.002 0.003 0.318 0.112 0.086 0.001 0.005 0.223 0.007 0.246 0.083 0.006 0.012 0.049 0.004 0.004 0.007 0.096 0.097 0.031 0.002 0.01 0.02 0.003 0.018 0.002 0.004 0.009 0.005 0.003 0.004 0.001 0.009 0.024 0.004 0.003 0.003 0.014 0.001 0.024 0.009 0.005 0 0.002 0.006 0.001 0.008 0.003 0.005 0.002
0.088 0.105 0.099 0.052 0.196 0.005 0.004 0.439 0.065 0.002 0.567 1 0.002 0.001 0.116 0.108 0.342 0.003 0.004 0.132 0.012 0.016 0.036 0.175 0.059 0 0.005 0.005 0.001 0.001 0.179 0.066 0.051 0 0.003 0.115 0.004 0.123 0.052 0.003 0.005 0.023 0.002 0.002 0.004 0.051 0.054 0.026 0.001 0.003 0.013 0.001 0.011 0 0.002 0.004 0.002 0.001 0.002 0.001 0.005 0.016 0.003 0.002 0.002 0.008 0.001 0.016 0.005 0.003 0.001 0 0.004 0.001 0.005 0.002 0.003 0.002
0.018 0.015 0.016 0.031 0.007 0.003 0.002 0.004 0.025 0.001 0.003 0.002 1 0.001 0.009 0.004 0.004 0.002 0.002 0.01 0.091 0.009 0.026 0.008 0.022 0.001 0.003 0.003 0.001 0.001 0.005 0.014 0.018 0.001 0.001 0.007 0 0.006 0.021 0.002 0.006 0.036 0.041 0.001 0 0.019 0.016 0 0.001 0.052 0.064 0.001 0.063 0.055 0.001 0.073 0.044 0.003 0.001 0.36 0.045 0.049 0.001 0.001 0.004 0.001 0.002 0.04 0.04 0.002 0.081 0.001 0.011 0 0.038 0.001 0.001 0.102
0.029 0.034 0.032 0.017 0.005 0.202 0.001 0.002 0.021 0.001 0.002 0.001 0.001 1 0.038 0.035 0.003 0.001 0.001 0.043 0.004 0.005 0.012 0.005 0.024 0.001 0.002 0.197 0 0 0.005 0.024 0.019 0.001 0.001 0.004 0.001 0.004 0.016 0.001 0.085 0.015 0.004 0.001 0.001 0.011 0.021 0.008 0.004 0.005 0.004 0 0.004 0.005 0.002 0.006 0.006 0.001 0.001 0 0.007 0.005 0.001 0.001 0.001 0.003 0.001 0.005 0.006 0.001 0 0 0.001 0 0.005 0.002 0.001 0.001
0.499 0.542 0.572 0.246 0.509 0.178 0.141 0.259 0.382 0.001 0.2 0.116 0.009 0.038 1 0.895 0.304 0.12 0.026 0.836 0.083 0.097 0.228 0.487 0.363 0.003 0.033 0.165 0.045 0.055 0.384 0.339 0.269 0.009 0.061 0.117 0.081 0.086 0.258 0.027 0.024 0.041 0.05 0.003 0.083 0.002 0.006 0.072 0.03 0.002 0.075 0.055 0.066 0.049 0.042 0.004 0.012 0.012 0.013 0.008 0.001 0.022 0.019 0 0.017 0.011 0.019 0.02 0.005 0.022 0.005 0.015 0.01 0.005 0.014 0.045 0.003 0.017
0.467 0.505 0.533 0.269 0.472 0.165 0.13 0.24 0.401 0.001 0.185 0.108 0.004 0.035 0.895 1 0.281 0.111 0.029 0.779 0.082 0.106 0.238 0.508 0.369 0.001 0.036 0.153 0.042 0.051 0.409 0.355 0.28 0.011 0.069 0.133 0.086 0.102 0.279 0.03 0.024 0.05 0.052 0.003 0.088 0.004 0.009 0.079 0.027 0.002 0.077 0.061 0.068 0.051 0.038 0.004 0.015 0.017 0.009 0.009 0.001 0.024 0.021 0 0.024 0.012 0.019 0.022 0.005 0.024 0.006 0.014 0.011 0.005 0.016 0.041 0.002 0.018
0.22 0.202 0.248 0.135 0.471 0.013 0.01 0.733 0.163 0.005 0.564 0.342 0.004 0.003 0.304 0.281 1 0.008 0.012 0.359 0.033 0.044 0.098 0.495 0.18 0.003 0.014 0.014 0.003 0.004 0.503 0.183 0.142 0.002 0.008 0.405 0.01 0.301 0.134 0.009 0.016 0.094 0.012 0.006 0.007 0.144 0.111 0.035 0.004 0.003 0.033 0.005 0.03 0.008 0.005 0.004 0.001 0.005 0.006 0.003 0.003 0.009 0.006 0.004 0.004 0 0.003 0.008 0.004 0.007 0.002 0.004 0.007 0.002 0.001 0.005 0.007 0.006
0.081 0.097 0.092 0.054 0.206 0.005 0.004 0.007 0.067 0.001 0.006 0.003 0.002 0.001 0.12 0.111 0.008 1 0.005 0.137 0.012 0.017 0.037 0.184 0.077 0.003 0.005 0.005 0.001 0.001 0.189 0.077 0.06 0.002 0.003 0.014 0.004 0.012 0.054 0.003 0.006 0.047 0.013 0.002 0.004 0.034 0.018 0.01 0.009 0.02 0.013 0.003 0.012 0.014 0.004 0.023 0.018 0.002 0.002 0.001 0.02 0.016 0.003 0.002 0.002 0.008 0.004 0.016 0.02 0.003 0.001 0.003 0.004 0.001 0.017 0.004 0.003 0.002
0.05 0.043 0.045 0.085 0.02 0.007 0.005 0.01 0.064 0.002 0.008 0.004 0.002 0.001 0.026 0.029 0.012 0.005 1 0.034 0.367 0.023 0.123 0.022 0.06 0.004 0.834 0.007 0.002 0.002 0.021 0.055 0.041 0.003 0.004 0.019 0.006 0.017 0.074 0.004 0.011 0.076 0.304 0.003 0.006 0.073 0.035 0.029 0.002 0.164 0.262 0.005 0.269 0.239 0.001 0.144 0.189 0.003 0.003 0 0.132 0.19 0.004 0.002 0.002 0.418 0.006 0.153 0.165 0.004 0 0.004 0.005 0.003 0.197 0.003 0.002 0.002
0.593 0.616 0.667 0.315 0.563 0.197 0.153 0.296 0.449 0.012 0.228 0.132 0.01 0.043 0.836 0.779 0.359 0.137 0.034 1 0.085 0.115 0.256 0.57 0.453 0.014 0.038 0.178 0.052 0.053 0.46 0.412 0.289 0.008 0.063 0.113 0.086 0.08 0.256 0.023 0.019 0.037 0.055 0.016 0.091 0.004 0.012 0.086 0.035 0.002 0.081 0.059 0.074 0.052 0.049 0.004 0.013 0.012 0.016 0.009 0.005 0.024 0.018 0.008 0.016 0.01 0.019 0.023 0.006 0.021 0.006 0.012 0.015 0.005 0.015 0.053 0.004 0.017
0.001 0 0 0.015 0.053 0.019 0.015 0.025 0.15 0.007 0.019 0.012 0.091 0.004 0.083 0.082 0.033 0.012 0.367 0.085 1 0.064 0.33 0.058 0.123 0.01 0.429 0.02 0.005 0.006 0.053 0.126 0.133 0.008 0 0.053 0.002 0.047 0.182 0.011 0.038 0.189 0.641 0.002 0.003 0.185 0.077 0.02 0.005 0.449 0.644 0.001 0.623 0.576 0.005 0.394 0.43 0 0.117 0.025 0.357 0.435 0.01 0.006 0.001 0.253 0.016 0.424 0.418 0.012 0.036 0.01 0.141 0 0.425 0.008 0.007 0.063
0.157 0.137 0.135 0.285 0.075 0.017 0.014 0.037 0.23 0.005 0.029 0.016 0.009 0.005 0.097 0.106 0.044 0.017 0.023 0.115 0.064 1 0.382 0.077 0.178 0.013 0.026 0.026 0.006 0.008 0.049 0.164 0.044 0.011 0.014 0.015 0.019 0.018 0.056 0.119 0.051 0.024 0.059 0.051 0.02 0.031 0.011 0.2 0.005 0.068 0.036 0.014 0.029 0.04 0.005 0.062 0.055 0.003 0.011 0.001 0.047 0.047 0.097 0.002 0.009 0.023 0.001 0.047 0.065 0.12 0.001 0.007 0.013 0.003 0.053 0.001 0.011 0.005
0.12 0.09 0.094 0.283 0.163 0.046 0.036 0.08 0.485 0.015 0.061 0.036 0.026 0.012 0.228 0.238 0.098 0.037 0.123 0.256 0.33 0.382 1 0.174 0.384 0.03 0.146 0.058 0.014 0.017 0.13 0.37 0.199 0.024 0.012 0.004 0.023 0.002 0.267 0.038 0.114 0.052 0.188 0.053 0.024 0.042 0.085 0.059 0.013 0.1 0.232 0.014 0.237 0.192 0.014 0.087 0.108 0.001 0.033 0.009 0.09 0.12 0.024 0.01 0.003 0.074 0.015 0.115 0.091 0.033 0.016 0.02 0.041 0.002 0.109 0.009 0 0.019
0.342 0.337 0.389 0.241 0.781 0.022 0.018 0.418 0.292 0.008 0.314 0.175 0.008 0.005 0.487 0.508 0.495 0.184 0.022 0.57 0.058 0.077 0.174 1 0.3 0.012 0.026 0.024 0.006 0.007 0.827 0.264 0.199 0.01 0.014 0.276 0.019 0.214 0.175 0.016 0.052 0.023 0.035 0.01 0 0.057 0.037 0.052 0 0.027 0.06 0.011 0.054 0.031 0.009 0.032 0.018 0.009 0.01 0.006 0.028 0.036 0.012 0.004 0.008 0.008 0.013 0.033 0.031 0.014 0.005 0.012 0.014 0.003 0.02 0.01 0 0.011
0.333 0.265 0.302 0.556 0.245 0.104 0.079 0.145 0.692 0.022 0.107 0.059 0.022 0.024 0.363 0.369 0.18 0.077 0.06 0.453 0.123 0.178 0.384 0.3 1 0.034 0.071 0.098 0.029 0.029 0.288 0.799 0.591 0.031 0.032 0.052 0.042 0.034 0.514 0.031 0.129 0 0.116 0.004 0.048 0.005 0.21 0.154 0.023 0.037 0.153 0.028 0.137 0.113 0.007 0.049 0.063 0.003 0.028 0.014 0.045 0.08 0.023 0.015 0.006 0.036 0.001 0.076 0.051 0.028 0.012 0.031 0.032 0.006 0.067 0.003 0.002 0.03
0.012 0.019 0.019 0.004 0.007 0.004 0.003 0.002 0.007 0.084 0.001 0 0.001 0.001 0.003 0.001 0.003 0.003 0.004 0.014 0.01 0.013 0.03 0.012 0.034 1 0.004 0.004 0.001 0.001 0.012 0.034 0.043 0.004 0.002 0.011 0.003 0.01 0.018 0.003 0.074 0.033 0.01 0 0.003 0.019 0.018 0.004 0.001 0.016 0.01 0.003 0.009 0.011 0.002 0.018 0.014 0.002 0.002 0.001 0.016 0.013 0.002 0.131 0.001 0.006 0.137 0.013 0.016 0.002 0.001 0.003 0.003 0.001 0.014 0.002 0.002 0.002
0.06 0.05 0.053 0.076 0.024 0.009 0.006 0.012 0.055 0.003 0.009 0.005 0.003 0.002 0.033 0.036 0.014 0.005 0.834 0.038 0.429 0.026 0.146 0.026 0.071 0.004 1 0.009 0.002 0.003 0.025 0.066 0.054 0.003 0.005 0.023 0.007 0.02 0.089 0.006 0.014 0.088 0.356 0.004 0.007 0.069 0.043 0.032 0.002 0.195 0.313 0.005 0.272 0.284 0.001 0.171 0.225 0.004 0.004 0.001 0.126 0.189 0.005 0.003 0.003 0.499 0.007 0.186 0.196 0.005 0 0.004 0.006 0.002 0.235 0.003 0.002 0.002
0.118 0.139 0.132 0.034 0.022 0.879 0.672 0.011 0.082 0.003 0.009 0.005 0.003 0.197 0.165 0.153 0.014 0.005 0.007 0.178 0.02 0.026 0.058 0.024 0.098 0.004 0.009 1 0.235 0.254 0.024 0.118 0.079 0.001 0.383 0.022 0.588 0.015 0.066 0.005 0.001 0.032 0.016 0.003 0.298 0.039 0.01 0.035 0.084 0.037 0.017 0.402 0.015 0.019 0.05 0.029 0 0.174 0.003 0.002 0.025 0 0.004 0.003 0.166 0.003 0.007 0 0.02 0.005 0.002 0.002 0.001 0.001 0 0.053 0.011 0.004
0.034 0.041 0.039 0.02 0.005 0.242 0.321 0.003 0.025 0.001 0.002 0.001 0.001 0 0.045 0.042 0.003 0.001 0.002 0.052 0.005 0.006 0.014 0.006 0.029 0.001 0.002 0.235 1 0.817 0.006 0.024 0.018 0.001 0.045 0.005 0.274 0.005 0.015 0.001 0.004 0.02 0.005 0.001 0.13 0.013 0.012 0.009 0.001 0.02 0.005 0.169 0.004 0.005 0.001 0.016 0.003 0.159 0.001 0 0.013 0.003 0.001 0.001 0.2 0.003 0.002 0.003 0.009 0.001 0 0.001 0 0 0.003 0.001 0.001 0.001
0.035 0.042 0.04 0.02 0.006 0.261 0.347 0.003 0.025 0.001 0.003 0.001 0.001 0 0.055 0.051 0.004 0.001 0.002 0.053 0.006 0.008 0.017 0.007 0.029 0.001 0.003 0.254 0.817 1 0.007 0.024 0.023 0.001 0.078 0.005 0.301 0.005 0.016 0.002 0.005 0.022 0.006 0.001 0.159 0.016 0.013 0.008 0.001 0.024 0.006 0.207 0.005 0.007 0 0.02 0 0.127 0.001 0.001 0.017 0 0.001 0.001 0.161 0 0.002 0 0.013 0.001 0.001 0.001 0 0 0 0.001 0.001 0.001
0.268 0.271 0.308 0.188 0.636 0.022 0.017 0.425 0.242 0.008 0.318 0.179 0.005 0.005 0.384 0.409 0.503 0.189 0.021 0.46 0.053 0.049 0.13 0.827 0.288 0.012 0.025 0.024 0.006 0.007 1 0.334 0.264 0.009 0.013 0.36 0.018 0.291 0.236 0.015 0.051 0.047 0.031 0.01 0 0.092 0.064 0.064 0 0.023 0.055 0.011 0.049 0.027 0.001 0.028 0.015 0.009 0.01 0.006 0.027 0.032 0.012 0.008 0.008 0.006 0.013 0.032 0.027 0.014 0.005 0.012 0.014 0.003 0.019 0.001 0.012 0.011
0.264 0.209 0.236 0.465 0.215 0.106 0.08 0.149 0.663 0.022 0.112 0.066 0.014 0.024 0.339 0.355 0.183 0.077 0.055 0.412 0.126 0.164 0.37 0.264 0.799 0.034 0.066 0.118 0.024 0.024 0.334 1 0.752 0.031 0.068 0.078 0.094 0.062 0.664 0.043 0.135 0.005 0.118 0.028 0.098 0.003 0.221 0.237 0.023 0.02 0.155 0.073 0.139 0.115 0.006 0.029 0.064 0.034 0.028 0.013 0.026 0.081 0.035 0.021 0.04 0.037 0.001 0.077 0.03 0.04 0.012 0.031 0.032 0.011 0.068 0.002 0.007 0.03
0.157 0.12 0.139 0.291 0.159 0.065 0.045 0.115 0.457 0.022 0.086 0.051 0.018 0.019 0.269 0.28 0.142 0.06 0.041 0.289 0.133 0.044 0.199 0.199 0.591 0.043 0.054 0.079 0.018 0.023 0.264 0.752 1 0.023 0.048 0.245 0.068 0.229 0.809 0.055 0.095 0.037 0.127 0.008 0.077 0 0.283 0.192 0.013 0.031 0.165 0.06 0.143 0.125 0.001 0.043 0.078 0.026 0.035 0.015 0.026 0.093 0.037 0.027 0.025 0.033 0 0.09 0.043 0.044 0.012 0.022 0.049 0.009 0.082 0 0.007 0.036
0.007 0.011 0.012 0.033 0.006 0.001 0.002 0.002 0.041 0.001 0.001 0 0.001 0.001 0.009 0.011 0.002 0.002 0.003 0.008 0.008 0.011 0.024 0.01 0.031 0.004 0.003 0.001 0.001 0.001 0.009 0.031 0.023 1 0.002 0.009 0.003 0.008 0.034 0.002 0.173 0.03 0.008 0.001 0.003 0.022 0.064 0.017 0.005 0.013 0.008 0.002 0.007 0.009 0.002 0.015 0.011 0.001 0.001 0.001 0.013 0.01 0.002 0.001 0.001 0.005 0.003 0.01 0.013 0.002 0.001 0.665 0.002 0 0.011 0.001 0.002 0.001
0.039 0.047 0.044 0.003 0.013 0.35 0.47 0.006 0.024 0.002 0.005 0.003 0.001 0.001 0.061 0.069 0.008 0.003 0.004 0.063 0 0.014 0.012 0.014 0.032 0.002 0.005 0.383 0.045 0.078 0.013 0.068 0.048 0.002 1 0.012 0.685 0.011 0.048 0.003 0.01 0.061 0.011 0.002 0.346 0.016 0.027 0.024 0.124 0.055 0.012 0.449 0.01 0.013 0.078 0.047 0.001 0.224 0.002 0.001 0.049 0.002 0.002 0.001 0.254 0 0.004 0.002 0.046 0.003 0.001 0.002 0.003 0.001 0.001 0.08 0.018 0.002
0.047 0.044 0.062 0.02 0.183 0.022 0.016 0.329 0.04 0.004 0.223 0.115 0.007 0.004 0.117 0.133 0.405 0.014 0.019 0.113 0.053 0.015 0.004 0.276 0.052 0.011 0.023 0.022 0.005 0.005 0.36 0.078 0.245 0.009 0.012 1 0.017 0.861 0.221 0.014 0.048 0.261 0.052 0.064 0.001 0.192 0.22 0.012 0.006 0.039 0.052 0.012 0.045 0.051 0.009 0.046 0.029 0.008 0.009 0.003 0.024 0.026 0.007 0.007 0.007 0.005 0.012 0.024 0.041 0.004 0.003 0.011 0.013 0.003 0.027 0.009 0.003 0.008
0.053 0.064 0.06 0.008 0.017 0.479 0.644 0.009 0.033 0.002 0.007 0.004 0 0.001 0.081 0.086 0.01 0.004 0.006 0.086 0.002 0.019 0.023 0.019 0.042 0.003 0.007 0.588 0.274 0.301 0.018 0.094 0.068 0.003 0.685 0.017 1 0.01 0.065 0.004 0.014 0.083 0.016 0.003 0.484 0.024 0.036 0.032 0.086 0.077 0.016 0.627 0.014 0.018 0.053 0.066 0 0.355 0.003 0.002 0.064 0 0.003 0.002 0.372 0.001 0.005 0 0.056 0.004 0.001 0.003 0.002 0.001 0 0.054 0.01 0.003
0.03 0.046 0.041 0.01 0.129 0.019 0.015 0.364 0.025 0.003 0.246 0.123 0.006 0.004 0.086 0.102 0.301 0.012 0.017 0.08 0.047 0.018 0.002 0.214 0.034 0.01 0.02 0.015 0.005 0.005 0.291 0.062 0.229 0.008 0.011 0.861 0.01 1 0.207 0.013 0.042 0.242 0.046 0.074 0.011 0.158 0.268 0.009 0.005 0.069 0.046 0.007 0.04 0.05 0.008 0.077 0.063 0.004 0.008 0.003 0.048 0.057 0.006 0.006 0.003 0.029 0.01 0.057 0.067 0.007 0.002 0.01 0.014 0.003 0.061 0.008 0.006 0.007
0.136 0.096 0.113 0.35 0.144 0.053 0.037 0.11 0.539 0.005 0.083 0.052 0.021 0.016 0.258 0.279 0.134 0.054 0.074 0.256 0.182 0.056 0.267 0.175 0.514 0.018 0.089 0.066 0.015 0.016 0.236 0.664 0.809 0.034 0.048 0.221 0.065 0.207 1 0.062 0.195 0.013 0.181 0.006 0.069 0.004 0.38 0.237 0.015 0.061 0.226 0.054 0.2 0.179 0.002 0.078 0.122 0.022 0.039 0.017 0.054 0.141 0.042 0.006 0.022 0.064 0.025 0.136 0.077 0.05 0.014 0.031 0.056 0.011 0.126 0 0.01 0.04
0.034 0.028 0.03 0.058 0.015 0.005 0.004 0.007 0.049 0.017 0.006 0.003 0.002 0.001 0.027 0.03 0.009 0.003 0.004 0.023 0.011 0.119 0.038 0.016 0.031 0.003 0.006 0.005 0.001 0.002 0.015 0.043 0.055 0.002 0.003 0.014 0.004 0.013 0.062 1 0.012 0.039 0.011 0.002 0.004 0.03 0.015 0.063 0.001 0.017 0.01 0.003 0.009 0.01 0.002 0.02 0.016 0.002 0.001 0.001 0.017 0.013 0.359 0.002 0.002 0.008 0.002 0.013 0.018 0.406 0.001 0.003 0.004 0.001 0.014 0.002 0.013 0.002
0.007 0.037 0.035 0.169 0.028 0.001 0.014 0.018 0.21 0.006 0.012 0.005 0.006 0.085 0.024 0.024 0.016 0.006 0.011 0.019 0.038 0.051 0.114 0.052 0.129 0.074 0.014 0.001 0.004 0.005 0.051 0.135 0.095 0.173 0.01 0.048 0.014 0.042 0.195 0.012 1 0.171 0.046 0.008 0.015 0.118 0.35 0.09 0 0.073 0.047 0.011 0.043 0.052 0 0.083 0.065 0.007 0.008 0.005 0.075 0.059 0.01 0.006 0.006 0.03 0.194 0.059 0.074 0.011 0.004 0.183 0.013 0.056 0.063 0.004 0.004 0.008
0.056 0.07 0.08 0.001 0.011 0.022 0.056 0.079 0.001 0.018 0.049 0.023 0.036 0.015 0.041 0.05 0.094 0.047 0.076 0.037 0.189 0.024 0.052 0.023 0 0.033 0.088 0.032 0.02 0.022 0.047 0.005 0.037 0.03 0.061 0.261 0.083 0.242 0.013 0.039 0.171 1 0.225 0.013 0.088 0.38 0 0.089 0.001 0.319 0.224 0.057 0.196 0.186 0.001 0.27 0.211 0.03 0.045 0.017 0.262 0.229 0.027 0.022 0.036 0.105 0.038 0.229 0.26 0.033 0.01 0.037 0.062 0.01 0.214 0.001 0.007 0.01
0.001 0 0 0.016 0.022 0.016 0.011 0.008 0.098 0.006 0.004 0.002 0.041 0.004 0.05 0.052 0.012 0.013 0.304 0.055 0.641 0.059 0.188 0.035 0.116 0.01 0.356 0.016 0.005 0.006 0.031 0.118 0.127 0.008 0.011 0.052 0.016 0.046 0.181 0.011 0.046 0.225 1 0.009 0.016 0.225 0.124 0.046 0.006 0.584 0.827 0.009 0.731 0.845 0.008 0.526 0.642 0.008 0.151 0.038 0.457 0.581 0.011 0.007 0.003 0.27 0.017 0.563 0.538 0.012 0.03 0.01 0.203 0.003 0.617 0.008 0.01 0.054
0.001 0.001 0.001 0.009 0.01 0.003 0.003 0.005 0.032 0 0.004 0.002 0.001 0.001 0.003 0.003 0.006 0.002 0.003 0.016 0.002 0.051 0.053 0.01 0.004 0 0.004 0.003 0.001 0.001 0.01 0.028 0.008 0.001 0.002 0.064 0.003 0.074 0.006 0.002 0.008 0.013 0.009 1 0.003 0.002 0.016 0.049 0.001 0.014 0.009 0.002 0.008 0.01 0.001 0.015 0.012 0.001 0.001 0.001 0.001 0.011 0 0.001 0.001 0.005 0.003 0.011 0.014 0 0.001 0.002 0.002 0 0.011 0.001 0 0.002
0.056 0.031 0.064 0.028 0.001 0.232 0.319 0.009 0.038 0.002 0.007 0.004 0 0.001 0.083 0.088 0.007 0.004 0.006 0.091 0.003 0.02 0.024 0 0.048 0.003 0.007 0.298 0.13 0.159 0 0.098 0.077 0.003 0.346 0.001 0.484 0.011 0.069 0.004 0.015 0.088 0.016 0.003 1 0.001 0.04 0.035 0.002 0.202 0.017 0.703 0.015 0.013 0.003 0.179 0.026 0.399 0.003 0.002 0.171 0.027 0.003 0.002 0.357 0.02 0.005 0.031 0.146 0.004 0.001 0.003 0 0.001 0.026 0.003 0.003 0.003
0.02 0.026 0.033 0 0.032 0.042 0.03 0.14 0.017 0.001 0.096 0.051 0.019 0.011 0.002 0.004 0.144 0.034 0.073 0.004 0.185 0.031 0.042 0.057 0.005 0.019 0.069 0.039 0.013 0.016 0.092 0.003 0 0.022 0.016 0.192 0.024 0.158 0.004 0.03 0.118 0.38 0.225 0.002 0.001 1 0.005 0.053 0.015 0.183 0.227 0.018 0.231 0.242 0.022 0.146 0.203 0.008 0.044 0.008 0.168 0.209 0.027 0.001 0.003 0.096 0.045 0.174 0.156 0.031 0.011 0.027 0.055 0.004 0.2 0.022 0.022 0.017
0.009 0.002 0.001 0.187 0.022 0.011 0.037 0.144 0.225 0.016 0.097 0.054 0.016 0.021 0.006 0.009 0.111 0.018 0.035 0.012 0.077 0.011 0.085 0.037 0.21 0.018 0.043 0.01 0.012 0.013 0.064 0.221 0.283 0.064 0.027 0.22 0.036 0.268 0.38 0.015 0.35 0 0.124 0.016 0.04 0.005 1 0.098 0.003 0.199 0.126 0.031 0.114 0.14 0.008 0.225 0.175 0.019 0.021 0.013 0.201 0.159 0.02 0.016 0.016 0.08 0.136 0.159 0.199 0.024 0.011 0.065 0.035 0.021 0.168 0.015 0.013 0.023
0.081 0.057 0.065 0.191 0.044 0.026 0.018 0.029 0.238 0.026 0.031 0.026 0 0.008 0.072 0.079 0.035 0.01 0.029 0.086 0.02 0.2 0.059 0.052 0.154 0.004 0.032 0.035 0.009 0.008 0.064 0.237 0.192 0.017 0.024 0.012 0.032 0.009 0.237 0.063 0.09 0.089 0.046 0.049 0.035 0.053 0.098 1 0.012 0.096 0.045 0.027 0.037 0.054 0.01 0.058 0.05 0.009 0 0.001 0.052 0.041 0.081 0.025 0.014 0.033 0.021 0.04 0.07 0.097 0.003 0.019 0.002 0.006 0.048 0.005 0.009 0
0.017 0.021 0.02 0.001 0 0.087 0.091 0.003 0.024 0.001 0.002 0.001 0.001 0.004 0.03 0.027 0.004 0.009 0.002 0.035 0.005 0.005 0.013 0 0.023 0.001 0.002 0.084 0.001 0.001 0 0.023 0.013 0.005 0.124 0.006 0.086 0.005 0.015 0.001 0 0.001 0.006 0.001 0.002 0.015 0.003 0.012 1 0.009 0.006 0.001 0.005 0.006 0.68 0.01 0.008 0.001 0.001 0.001 0.009 0.007 0.001 0.001 0.001 0.004 0.002 0.007 0.009 0.001 0.001 0.004 0.002 0 0.008 0.529 0.072 0.001
0.01 0.01 0.017 0.001 0.015 0.025 0.049 0.018 0.032 0.01 0.01 0.003 0.052 0.005 0.002 0.002 0.003 0.02 0.164 0.002 0.449 0.068 0.1 0.027 0.037 0.016 0.195 0.037 0.02 0.024 0.023 0.02 0.031 0.013 0.055 0.039 0.077 0.069 0.061 0.017 0.073 0.319 0.584 0.014 0.202 0.183 0.199 0.096 0.009 1 0.632 0.152 0.566 0.665 0.013 0.883 0.74 0.075 0.104 0.021 0.797 0.676 0.017 0.011 0.082 0.326 0.027 0.675 0.854 0.02 0.03 0.016 0.177 0.004 0.713 0.013 0.017 0.044
0.005 0.002 0.003 0.028 0.043 0.016 0.011 0.027 0.128 0.006 0.02 0.013 0.064 0.004 0.075 0.077 0.033 0.013 0.262 0.081 0.644 0.036 0.232 0.06 0.153 0.01 0.313 0.017 0.005 0.006 0.055 0.155 0.165 0.008 0.012 0.052 0.016 0.046 0.226 0.01 0.047 0.224 0.827 0.009 0.017 0.227 0.126 0.045 0.006 0.632 1 0.013 0.888 0.895 0.008 0.56 0.686 0.008 0.164 0.037 0.505 0.706 0.011 0.007 0.003 0.317 0.017 0.692 0.586 0.013 0.051 0.01 0.248 0.003 0.681 0.008 0.011 0.078
0.035 0.043 0.04 0.014 0.01 0.316 0.417 0.004 0.021 0.002 0.003 0.001 0.001 0 0.055 0.061 0.005 0.003 0.005 0.059 0.001 0.014 0.014 0.011 0.028 0.003 0.005 0.402 0.169 0.207 0.011 0.073 0.06 0.002 0.449 0.012 0.627 0.007 0.054 0.003 0.011 0.057 0.009 0.002 0.703 0.018 0.031 0.027 0.001 0.152 0.013 1 0.01 0.009 0.002 0.139 0.004 0.513 0.002 0 0.125 0.003 0.003 0.002 0.458 0 0.004 0.003 0.113 0.003 0 0.003 0.001 0.001 0.002 0.002 0.003 0.001
0.002 0 0.001 0.025 0.038 0.014 0.01 0.024 0.13 0.006 0.018 0.011 0.063 0.004 0.066 0.068 0.03 0.012 0.269 0.074 0.623 0.029 0.237 0.054 0.137 0.009 0.272 0.015 0.004 0.005 0.049 0.139 0.143 0.007 0.01 0.045 0.014 0.04 0.2 0.009 0.043 0.196 0.731 0.008 0.015 0.231 0.114 0.037 0.005 0.566 0.888 0.01 1 0.809 0.008 0.506 0.618 0.008 0.182 0.047 0.513 0.685 0.01 0.006 0.003 0.28 0.015 0.618 0.526 0.011 0.063 0.009 0.275 0.002 0.61 0.007 0.01 0.093
0.001 0 0 0.017 0.019 0.018 0.013 0.006 0.098 0.007 0.002 0 0.055 0.005 0.049 0.051 0.008 0.014 0.239 0.052 0.576 0.04 0.192 0.031 0.113 0.011 0.284 0.019 0.005 0.007 0.027 0.115 0.125 0.009 0.013 0.051 0.018 0.05 0.179 0.01 0.052 0.186 0.845 0.01 0.013 0.242 0.14 0.054 0.006 0.665 0.895 0.009 0.809 1 0.009 0.62 0.747 0.009 0.147 0.043 0.547 0.662 0.011 0.008 0.004 0.301 0.019 0.649 0.629 0.013 0.055 0.011 0.222 0.003 0.709 0.009 0.012 0.073
0.025 0.032 0.03 0.004 0.007 0.052 0.056 0.005 0.029 0.001 0.004 0.002 0.001 0.002 0.042 0.038 0.005 0.004 0.001 0.049 0.005 0.005 0.014 0.009 0.007 0.002 0.001 0.05 0.001 0 0.001 0.006 0.001 0.002 0.078 0.009 0.053 0.008 0.002 0.002 0 0.001 0.008 0.001 0.003 0.022 0.008 0.01 0.68 0.013 0.008 0.002 0.008 0.009 1 0.015 0.012 0.001 0.001 0.001 0.013 0.011 0.002 0.001 0.001 0.005 0.003 0.011 0.013 0.002 0.001 0.001 0.002 0 0.011 0.747 0.243 0.001
0.005 0.005 0.01 0.004 0.019 0.021 0.044 0.018 0.043 0.012 0.009 0.004 0.073 0.006 0.004 0.004 0.004 0.023 0.144 0.004 0.394 0.062 0.087 0.032 0.049 0.018 0.171 0.029 0.016 0.02 0.028 0.029 0.043 0.015 0.047 0.046 0.066 0.077 0.078 0.02 0.083 0.27 0.526 0.015 0.179 0.146 0.225 0.058 0.01 0.883 0.56 0.139 0.506 0.62 0.015 1 0.778 0.066 0.092 0.056 0.826 0.708 0.019 0.012 0.072 0.355 0.031 0.707 0.883 0.022 0.05 0.018 0.156 0.005 0.745 0.015 0.019 0.1
0.001 0.001 0.004 0.006 0.009 0 0.002 0.011 0.05 0.009 0.005 0.002 0.044 0.006 0.012 0.015 0.001 0.018 0.189 0.013 0.43 0.055 0.108 0.018 0.063 0.014 0.225 0 0.003 0 0.015 0.064 0.078 0.011 0.001 0.029 0 0.063 0.122 0.016 0.065 0.211 0.642 0.012 0.026 0.203 0.175 0.05 0.008 0.74 0.686 0.004 0.618 0.747 0.012 0.778 1 0.012 0.094 0.039 0.712 0.875 0.015 0.009 0.005 0.428 0.024 0.873 0.782 0.017 0.064 0.014 0.175 0.004 0.947 0.011 0.015 0.129
0.005 0.007 0.006 0 0.008 0.105 0.146 0.004 0.001 0.001 0.003 0.001 0.003 0.001 0.012 0.017 0.005 0.002 0.003 0.012 0 0.003 0.001 0.009 0.003 0.002 0.004 0.174 0.159 0.127 0.009 0.034 0.026 0.001 0.224 0.008 0.355 0.004 0.022 0.002 0.007 0.03 0.008 0.001 0.399 0.008 0.019 0.009 0.001 0.075 0.008 0.513 0.008 0.009 0.001 0.066 0.012 1 0.001 0.001 0.075 0.011 0.002 0.001 0.712 0.005 0.003 0.011 0.067 0.002 0.001 0.002 0.002 0 0.011 0.001 0.002 0.001
0.037 0.046 0.043 0.019 0.004 0.003 0.003 0.005 0.024 0.001 0.004 0.002 0.001 0.001 0.013 0.009 0.006 0.002 0.003 0.016 0.117 0.011 0.033 0.01 0.028 0.002 0.004 0.003 0.001 0.001 0.01 0.028 0.035 0.001 0.002 0.009 0.003 0.008 0.039 0.001 0.008 0.045 0.151 0.001 0.003 0.044 0.021 0 0.001 0.104 0.164 0.002 0.182 0.147 0.001 0.092 0.094 0.001 1 0 0.086 0.125 0.002 0.001 0.001 0.001 0.003 0.13 0.088 0.002 0 0.002 0.312 0 0.084 0.001 0.002 0.001
0.009 0.007 0.008 0.014 0.004 0 0 0.001 0.01 0.001 0.001 0.001 0.36 0 0.008 0.009 0.003 0.001 0 0.009 0.025 0.001 0.009 0.006 0.014 0.001 0.001 0.002 0 0.001 0.006 0.013 0.015 0.001 0.001 0.003 0.002 0.003 0.017 0.001 0.005 0.017 0.038 0.001 0.002 0.008 0.013 0.001 0.001 0.021 0.037 0 0.047 0.043 0.001 0.056 0.039 0.001 0 1 0.034 0.044 0.001 0.001 0.001 0.003 0.002 0.043 0.023 0.001 0.191 0.001 0.004 0 0.035 0.001 0.001 0.178
0.006 0.005 0.01 0.006 0.019 0.017 0.038 0.017 0.051 0.01 0.009 0.005 0.045 0.007 0.001 0.001 0.003 0.02 0.132 0.005 0.357 0.047 0.09 0.028 0.045 0.016 0.126 0.025 0.013 0.017 0.027 0.026 0.026 0.013 0.049 0.024 0.064 0.048 0.054 0.017 0.075 0.262 0.457 0.001 0.171 0.168 0.201 0.052 0.009 0.797 0.505 0.125 0.513 0.547 0.013 0.826 0.712 0.075 0.086 0.034 1 0.699 0.017 0.011 0.081 0.303 0.027 0.669 0.851 0.02 0.056 0.016 0.158 0.004 0.704 0.013 0.017 0.112
0.001 0 0.002 0.012 0.022 0 0.003 0.032 0.075 0.008 0.024 0.016 0.049 0.005 0.022 0.024 0.009 0.016 0.19 0.024 0.435 0.047 0.12 0.036 0.08 0.013 0.189 0 0.003 0 0.032 0.081 0.093 0.01 0.002 0.026 0 0.057 0.141 0.013 0.059 0.229 0.581 0.011 0.027 0.209 0.159 0.041 0.007 0.676 0.706 0.003 0.685 0.662 0.011 0.708 0.875 0.011 0.125 0.044 0.699 1 0.014 0.009 0.005 0.416 0.022 0.895 0.718 0.016 0.07 0.013 0.216 0.003 0.863 0.01 0.013 0.142
0.021 0.017 0.018 0.038 0.011 0.004 0.003 0.005 0.039 0.001 0.004 0.003 0.001 0.001 0.019 0.021 0.006 0.003 0.004 0.018 0.01 0.097 0.024 0.012 0.023 0.002 0.005 0.004 0.001 0.001 0.012 0.035 0.037 0.002 0.002 0.007 0.003 0.006 0.042 0.359 0.01 0.027 0.011 0 0.003 0.027 0.02 0.081 0.001 0.017 0.011 0.003 0.01 0.011 0.002 0.019 0.015 0.002 0.002 0.001 0.017 0.014 1 0.001 0.001 0.007 0.004 0.014 0.017 0.862 0.001 0.002 0.003 0.001 0.014 0.002 0.079 0.002
0.01 0.012 0.009 0.019 0.004 0.003 0.002 0.004 0.018 0.293 0.003 0.002 0.001 0.001 0 0 0.004 0.002 0.002 0.008 0.006 0.002 0.01 0.004 0.015 0.131 0.003 0.003 0.001 0.001 0.008 0.021 0.027 0.001 0.001 0.007 0.002 0.006 0.006 0.002 0.006 0.022 0.007 0.001 0.002 0.001 0.016 0.025 0.001 0.011 0.007 0.002 0.006 0.008 0.001 0.012 0.009 0.001 0.001 0.001 0.011 0.009 0.001 1 0.001 0.004 0.002 0.009 0.011 0.002 0.001 0.001 0.002 0 0.009 0.001 0.001 0.001
0.008 0.011 0.01 0.001 0.007 0.12 0.164 0.004 0.004 0.001 0.003 0.002 0.004 0.001 0.017 0.024 0.004 0.002 0.002 0.016 0.001 0.009 0.003 0.008 0.006 0.001 0.003 0.166 0.2 0.161 0.008 0.04 0.025 0.001 0.254 0.007 0.372 0.003 0.022 0.002 0.006 0.036 0.003 0.001 0.357 0.003 0.016 0.014 0.001 0.082 0.003 0.458 0.003 0.004 0.001 0.072 0.005 0.712 0.001 0.001 0.081 0.005 0.001 0.001 1 0.004 0.002 0.005 0.072 0.002 0.001 0.001 0 0 0.005 0.001 0.001 0.001
0.018 0.027 0.014 0.034 0.007 0.003 0.001 0.018 0.032 0.004 0.014 0.008 0.001 0.003 0.011 0.012 0 0.008 0.418 0.01 0.253 0.023 0.074 0.008 0.036 0.006 0.499 0.003 0.003 0 0.006 0.037 0.033 0.005 0 0.005 0.001 0.029 0.064 0.008 0.03 0.105 0.27 0.005 0.02 0.096 0.08 0.033 0.004 0.326 0.317 0 0.28 0.301 0.005 0.355 0.428 0.005 0.001 0.003 0.303 0.416 0.007 0.004 0.004 1 0.011 0.412 0.387 0.008 0.003 0.006 0.003 0.002 0.429 0.005 0.007 0.006
0.011 0.026 0.028 0.024 0.009 0.007 0.005 0.003 0.034 0.002 0.001 0.001 0.002 0.001 0.019 0.019 0.003 0.004 0.006 0.019 0.016 0.001 0.015 0.013 0.001 0.137 0.007 0.007 0.002 0.002 0.013 0.001 0 0.003 0.004 0.012 0.005 0.01 0.025 0.002 0.194 0.038 0.017 0.003 0.005 0.045 0.136 0.021 0.002 0.027 0.017 0.004 0.015 0.019 0.003 0.031 0.024 0.003 0.003 0.002 0.027 0.022 0.004 0.002 0.002 0.011 1 0.022 0.027 0.004 0.002 0.003 0.005 0.001 0.023 0.003 0.003 0.003
0.001 0 0.003 0.006 0.019 0 0.003 0.032 0.059 0.008 0.024 0.016 0.04 0.005 0.02 0.022 0.008 0.016 0.153 0.023 0.424 0.047 0.115 0.033 0.076 0.013 0.186 0 0.003 0 0.032 0.077 0.09 0.01 0.002 0.024 0 0.057 0.136 0.013 0.059 0.229 0.563 0.011 0.031 0.174 0.159 0.04 0.007 0.675 0.692 0.003 0.618 0.649 0.011 0.707 0.873 0.011 0.13 0.043 0.669 0.895 0.014 0.009 0.005 0.412 0.022 1 0.717 0.016 0.07 0.013 0.221 0.003 0.869 0.01 0.013 0.14
0.003 0.004 0.008 0.004 0.017 0.013 0.031 0.017 0.042 0.01 0.009 0.005 0.04 0.006 0.005 0.005 0.004 0.02 0.165 0.006 0.418 0.065 0.091 0.031 0.051 0.016 0.196 0.02 0.009 0.013 0.027 0.03 0.043 0.013 0.046 0.041 0.056 0.067 0.077 0.018 0.074 0.26 0.538 0.014 0.146 0.156 0.199 0.07 0.009 0.854 0.586 0.113 0.526 0.629 0.013 0.883 0.782 0.067 0.088 0.023 0.851 0.718 0.017 0.011 0.072 0.387 0.027 0.717 1 0.02 0.056 0.016 0.177 0.004 0.759 0.013 0.017 0.098
0.025 0.02 0.021 0.046 0.013 0.005 0.004 0.006 0.045 0.002 0.005 0.003 0.002 0.001 0.022 0.024 0.007 0.003 0.004 0.021 0.012 0.12 0.033 0.014 0.028 0.002 0.005 0.005 0.001 0.001 0.014 0.04 0.044 0.002 0.003 0.004 0.004 0.007 0.05 0.406 0.011 0.033 0.012 0 0.004 0.031 0.024 0.097 0.001 0.02 0.013 0.003 0.011 0.013 0.002 0.022 0.017 0.002 0.002 0.001 0.02 0.016 0.862 0.002 0.002 0.008 0.004 0.016 0.02 1 0.001 0.002 0.004 0.001 0.017 0.002 0.097 0.002
0 0 0 0.001 0.002 0 0 0 0.007 0.001 0 0.001 0.081 0 0.005 0.006 0.002 0.001 0 0.006 0.036 0.001 0.016 0.005 0.012 0.001 0 0.002 0 0.001 0.005 0.012 0.012 0.001 0.001 0.003 0.001 0.002 0.014 0.001 0.004 0.01 0.03 0.001 0.001 0.011 0.011 0.003 0.001 0.03 0.051 0 0.063 0.055 0.001 0.05 0.064 0.001 0 0.191 0.056 0.07 0.001 0.001 0.001 0.003 0.002 0.07 0.056 0.001 1 0.001 0.001 0 0.058 0.001 0.001 0.343
0.011 0.017 0.018 0.032 0.008 0.002 0.003 0.003 0.04 0.001 0.002 0 0.001 0 0.015 0.014 0.004 0.003 0.004 0.012 0.01 0.007 0.02 0.012 0.031 0.003 0.004 0.002 0.001 0.001 0.012 0.031 0.022 0.665 0.002 0.011 0.003 0.01 0.031 0.003 0.183 0.037 0.01 0.002 0.003 0.027 0.065 0.019 0.004 0.016 0.01 0.003 0.009 0.011 0.001 0.018 0.014 0.002 0.002 0.001 0.016 0.013 0.002 0.001 0.001 0.006 0.003 0.013 0.016 0.002 0.001 1 0.003 0.001 0.014 0.002 0.002 0.002
0.039 0.044 0.046 0.014 0.005 0.001 0 0.008 0.023 0.002 0.006 0.004 0.011 0.001 0.01 0.011 0.007 0.004 0.005 0.015 0.141 0.013 0.041 0.014 0.032 0.003 0.006 0.001 0 0 0.014 0.032 0.049 0.002 0.003 0.013 0.002 0.014 0.056 0.004 0.013 0.062 0.203 0.002 0 0.055 0.035 0.002 0.002 0.177 0.248 0.001 0.275 0.222 0.002 0.156 0.175 0.002 0.312 0.004 0.158 0.216 0.003 0.002 0 0.003 0.005 0.221 0.177 0.004 0.001 0.003 1 0.001 0.179 0.002 0.003 0.014
0 0.006 0.006 0.003 0.003 0.001 0.001 0.001 0.005 0 0.001 0.001 0 0 0.005 0.005 0.002 0.001 0.003 0.005 0 0.003 0.002 0.003 0.006 0.001 0.002 0.001 0 0 0.003 0.011 0.009 0 0.001 0.003 0.001 0.003 0.011 0.001 0.056 0.01 0.003 0 0.001 0.004 0.021 0.006 0 0.004 0.003 0.001 0.002 0.003 0 0.005 0.004 0 0 0 0.004 0.003 0.001 0 0 0.002 0.001 0.003 0.004 0.001 0 0.001 0.001 1 0.004 0 0.001 0
0.001 0 0.003 0.008 0.01 0 0.002 0.015 0.052 0.009 0.008 0.005 0.038 0.005 0.014 0.016 0.001 0.017 0.197 0.015 0.425 0.053 0.109 0.02 0.067 0.014 0.235 0 0.003 0 0.019 0.068 0.082 0.011 0.001 0.027 0 0.061 0.126 0.014 0.063 0.214 0.617 0.011 0.026 0.2 0.168 0.048 0.008 0.713 0.681 0.002 0.61 0.709 0.011 0.745 0.947 0.011 0.084 0.035 0.704 0.863 0.014 0.009 0.005 0.429 0.023 0.869 0.759 0.017 0.058 0.014 0.179 0.004 1 0.011 0.014 0.134
0.028 0.035 0.033 0.002 0.008 0.055 0.059 0.004 0.022 0.001 0.003 0.002 0.001 0.002 0.045 0.041 0.005 0.004 0.003 0.053 0.008 0.001 0.009 0.01 0.003 0.002 0.003 0.053 0.001 0.001 0.001 0.002 0 0.001 0.08 0.009 0.054 0.008 0 0.002 0.004 0.001 0.008 0.001 0.003 0.022 0.015 0.005 0.529 0.013 0.008 0.002 0.007 0.009 0.747 0.015 0.011 0.001 0.001 0.001 0.013 0.01 0.002 0.001 0.001 0.005 0.003 0.01 0.013 0.002 0.001 0.002 0.002 0 0.011 1 0.268 0.001
0 0.001 0.001 0.012 0 0.012 0.011 0.006 0 0.001 0.005 0.003 0.001 0.001 0.003 0.002 0.007 0.003 0.002 0.004 0.007 0.011 0 0 0.002 0.002 0.002 0.011 0.001 0.001 0.012 0.007 0.007 0.002 0.018 0.003 0.01 0.006 0.01 0.013 0.004 0.007 0.01 0 0.003 0.022 0.013 0.009 0.072 0.017 0.011 0.003 0.01 0.012 0.243 0.019 0.015 0.002 0.002 0.001 0.017 0.013 0.079 0.001 0.001 0.007 0.003 0.013 0.017 0.097 0.001 0.002 0.003 0.001 0.014 0.268 1 0.002
0 0 0 0.004 0.008 0.002 0.001 0.003 0.028 0.001 0.002 0.002 0.102 0.001 0.017 0.018 0.006 0.002 0.002 0.017 0.063 0.005 0.019 0.011 0.03 0.002 0.002 0.004 0.001 0.001 0.011 0.03 0.036 0.001 0.002 0.008 0.003 0.007 0.04 0.002 0.008 0.01 0.054 0.002 0.003 0.017 0.023 0 0.001 0.044 0.078 0.001 0.093 0.073 0.001 0.1 0.129 0.001 0.001 0.178 0.112 0.142 0.002 0.001 0.001 0.006 0.003 0.14 0.098 0.002 0.343 0.002 0.014 0 0.134 0.001 0.002 1
