1 0.84 0.879 0.421 0.35 0.16 0.095 0.204 0.217 0.009 0.184 0.095 0.017 0.056 0.473 0.446 0.191 0.057 0.028 0.495 0.002 0.107 0.047 0.315 0.233 0.012 0.032 0.127 0.038 0.038 0.244 0.183 0.106 0.001 0.017 0.04 0.04 0.026 0.078 0.015 0.022 0.088 0.007 0.002 0.047 0.039 0 0.058 0.006 0.044 0.003 0.025 0.002 0.009 0.002 0.037 0.03 0.004 0.059 0.005 0.038 0.013 0.017 0 0.01 0.008 0.013 0.021 0.021 0.018 0.001 0.006 0.066 0.004 0.019 0.002 0.016 0.001
0.84 1 0.929 0.4 0.334 0.189 0.112 0.241 0.191 0.008 0.217 0.112 0.015 0.066 0.501 0.467 0.197 0.068 0.024 0.502 0.007 0.095 0.036 0.303 0.214 0.027 0.027 0.153 0.045 0.045 0.269 0.192 0.112 0.002 0.022 0.042 0.051 0.037 0.078 0.012 0.035 0.1 0.011 0.008 0.038 0.045 0 0.057 0.008 0.045 0.004 0.032 0.003 0.013 0.004 0.039 0.029 0.006 0.071 0.003 0.038 0.011 0.014 0.008 0.013 0.008 0.031 0.018 0.026 0.015 0 0.009 0.061 0.008 0.019 0.003 0.013 0.002
0.879 0.929 1 0.422 0.393 0.174 0.106 0.229 0.21 0.008 0.206 0.106 0.015 0.058 0.537 0.5 0.216 0.064 0.025 0.547 0.005 0.096 0.04 0.357 0.243 0.029 0.028 0.14 0.042 0.043 0.28 0.193 0.111 0.002 0.02 0.049 0.047 0.032 0.076 0.013 0.038 0.099 0.008 0.009 0.055 0.046 0 0.052 0.007 0.049 0.003 0.03 0.002 0.01 0.003 0.042 0.033 0.005 0.067 0.004 0.042 0.014 0.015 0 0.012 0.008 0.033 0.022 0.029 0.016 0 0.01 0.076 0.008 0.023 0.003 0.014 0.001
0.421 0.4 0.422 1 0.195 0.062 0.031 0.105 0.7 0.017 0.095 0.049 0.033 0.029 0.224 0.211 0.11 0.036 0.054 0.233 0.008 0.253 0.23 0.165 0.515 0.006 0.061 0.043 0.02 0.019 0.119 0.457 0.282 0.024 0.002 0.002 0.011 0 0.354 0.028 0.216 0.001 0.011 0.019 0.017 0.003 0.179 0.174 0.002 0.001 0.02 0.006 0.022 0.01 0 0 0 0 0.027 0.004 0 0.004 0.038 0.004 0 0.033 0.043 0.001 0.001 0.039 0.006 0.021 0.017 0.015 0.002 0 0.036 0
0.35 0.334 0.393 0.195 1 0.02 0.012 0.431 0.247 0.004 0.406 0.188 0.007 0.007 0.481 0.452 0.492 0.147 0.011 0.523 0.033 0.065 0.12 0.795 0.275 0.013 0.013 0.021 0.005 0.005 0.631 0.192 0.151 0.004 0.008 0.171 0.012 0.124 0.122 0.006 0.043 0.016 0.009 0.004 0.001 0.04 0.011 0.03 0.001 0.005 0.034 0.009 0.035 0.008 0 0.008 0.003 0.009 0.007 0.004 0.009 0.023 0.007 0.001 0.008 0.005 0.014 0.014 0.008 0.008 0.005 0.005 0.003 0.004 0.004 0 0.009 0.008
0.16 0.189 0.174 0.062 0.02 1 0.569 0.01 0.085 0.001 0.009 0.005 0.003 0.338 0.179 0.167 0.013 0.004 0.005 0.169 0.016 0.005 0.022 0.022 0.073 0.005 0.005 0.764 0.228 0.232 0.023 0.089 0.048 0.002 0.12 0.02 0.274 0.018 0.035 0.002 0.011 0.004 0.011 0.003 0.137 0.037 0.001 0.019 0.041 0.009 0.01 0.176 0.011 0.014 0.022 0.013 0 0.053 0.004 0.001 0.01 0.001 0.002 0.003 0.084 0.001 0.008 0.001 0.004 0.002 0 0.001 0 0.002 0 0.021 0 0
0.095 0.112 0.106 0.031 0.012 0.569 1 0.006 0.059 0.001 0.005 0.003 0.002 0.002 0.118 0.11 0.007 0.002 0.003 0.101 0.009 0.002 0.012 0.013 0.04 0.003 0.003 0.391 0.401 0.407 0.013 0.046 0.017 0.001 0.16 0.011 0.498 0.01 0.01 0.001 0.014 0.037 0.004 0.001 0.206 0.015 0.031 0.006 0.04 0.032 0.003 0.258 0.004 0.005 0.022 0.046 0.006 0.099 0.002 0.005 0.048 0.009 0.002 0.001 0.161 0 0.004 0.009 0.028 0.002 0.004 0.002 0.001 0.001 0.005 0.022 0 0.002
0.204 0.241 0.229 0.105 0.431 0.01 0.006 1 0.123 0.002 0.901 0.463 0.004 0.004 0.24 0.224 0.665 0.004 0.006 0.264 0.015 0.033 0.058 0.43 0.141 0.007 0.006 0.011 0.002 0.002 0.41 0.125 0.095 0.001 0.004 0.264 0.006 0.283 0.084 0.003 0.024 0.062 0 0.003 0.006 0.137 0.077 0.041 0.001 0.001 0.017 0.004 0.017 0 0.002 0.002 0 0.004 0.004 0.001 0.003 0.024 0.003 0.003 0.004 0.01 0.005 0.024 0.003 0.003 0.001 0.002 0.007 0.002 0.001 0.002 0.006 0.003
0.217 0.191 0.21 0.7 0.247 0.085 0.059 0.123 1 0.014 0.111 0.059 0.028 0.035 0.322 0.306 0.131 0.044 0.021 0.327 0.118 0.213 0.401 0.214 0.673 0.009 0.026 0.062 0.024 0.023 0.164 0.608 0.395 0.029 0.002 0.01 0.02 0.005 0.491 0.023 0.265 0.02 0.079 0.02 0.016 0.021 0.252 0.204 0.006 0.043 0.127 0.005 0.131 0.089 0.002 0.038 0.041 0 0.034 0.002 0.031 0.07 0.03 0.006 0.004 0.02 0.053 0.057 0.035 0.032 0.013 0.026 0.024 0.018 0.043 0 0.025 0.015
0.009 0.008 0.008 0.017 0.004 0.001 0.001 0.002 0.014 1 0.002 0.001 0.001 0.001 0 0 0.002 0.001 0.001 0.007 0.003 0 0.003 0.004 0.012 0.127 0.001 0.002 0 0 0.004 0.013 0.007 0 0.001 0 0.001 0 0 0 0.005 0.004 0.004 0.011 0.001 0.006 0.01 0.002 0 0.005 0.003 0.001 0.003 0.004 0 0.006 0.005 0.001 0.001 0.001 0.005 0.004 0.001 0.325 0.001 0.001 0.001 0.004 0.005 0.001 0.001 0 0.001 0 0.004 0 0.001 0.001
0.184 0.217 0.206 0.095 0.406 0.009 0.005 0.901 0.111 0.002 1 0.513 0.003 0.003 0.215 0.2 0.592 0.004 0.005 0.236 0.013 0.03 0.052 0.384 0.126 0.006 0.006 0.01 0.002 0.002 0.366 0.111 0.084 0.001 0.004 0.22 0.006 0.234 0.075 0.003 0.021 0.05 0 0.003 0.006 0.119 0.061 0.04 0.001 0 0.015 0.003 0.015 0.001 0.002 0.001 0 0.004 0.004 0.001 0.002 0.021 0.002 0.003 0.004 0.009 0.004 0.021 0.002 0.002 0.001 0.001 0.006 0.002 0.001 0.002 0.005 0.002
0.095 0.112 0.106 0.049 0.188 0.005 0.003 0.463 0.059 0.001 0.513 1 0.002 0.002 0.118 0.11 0.377 0.002 0.003 0.129 0.009 0.015 0.03 0.205 0.07 0.003 0.003 0.005 0.001 0.001 0.201 0.066 0.049 0 0.002 0.078 0.003 0.078 0.046 0.001 0.009 0.011 0.004 0.001 0.003 0.062 0.019 0.025 0.001 0.002 0.011 0.001 0.011 0.006 0.001 0.001 0.003 0.002 0.002 0.002 0 0.014 0.002 0.001 0.002 0.005 0.004 0.014 0 0.002 0.002 0 0.003 0.001 0 0.001 0.003 0.003
0.017 0.015 0.015 0.033 0.007 0.003 0.002 0.004 0.028 0.001 0.003 0.002 1 0.001 0.012 0.004 0.004 0.001 0.002 0.008 0.139 0.009 0.04 0.008 0.023 0.002 0.002 0.003 0.001 0.001 0.005 0.013 0.017 0.001 0.006 0.007 0.003 0.006 0.021 0.001 0.009 0.043 0.071 0.001 0.002 0.018 0.018 0.006 0 0.071 0.086 0.004 0.079 0.057 0.001 0.083 0.055 0.005 0.001 0.161 0.063 0.063 0.001 0.001 0.006 0 0.003 0.052 0.062 0.001 0.106 0.001 0.003 0.001 0.049 0.001 0.002 0.074
0.056 0.066 0.058 0.029 0.007 0.338 0.002 0.004 0.035 0.001 0.003 0.002 0.001 1 0.07 0.065 0.004 0.001 0.002 0.077 0.006 0.009 0.018 0.008 0.042 0.002 0.002 0.322 0.001 0.001 0.008 0.04 0.033 0.018 0.001 0.007 0.002 0.006 0.028 0.001 0.113 0.022 0.007 0.001 0.002 0.019 0.038 0.015 0.006 0.01 0.006 0.002 0.007 0.008 0.003 0.012 0.009 0 0.001 0.001 0.01 0.008 0 0.001 0.001 0.003 0.003 0.008 0.01 0 0.001 0 0.002 0.001 0.009 0.003 0 0.002
0.473 0.501 0.537 0.224 0.481 0.179 0.118 0.24 0.322 0 0.215 0.118 0.012 0.07 1 0.91 0.279 0.088 0.02 0.721 0.073 0.059 0.156 0.452 0.359 0.012 0.023 0.185 0.047 0.049 0.347 0.31 0.236 0.001 0.039 0.084 0.088 0.061 0.208 0.012 0.019 0.023 0.034 0.008 0.082 0.007 0.006 0.056 0.009 0 0.069 0.051 0.073 0.036 0.004 0.001 0.009 0.025 0.017 0.006 0 0.03 0.007 0.002 0.047 0.006 0.025 0.021 0.001 0.008 0.008 0.008 0.007 0.007 0.011 0.004 0 0.014
0.446 0.467 0.5 0.211 0.452 0.167 0.11 0.224 0.306 0 0.2 0.11 0.004 0.065 0.91 1 0.26 0.082 0.022 0.698 0.067 0.06 0.15 0.427 0.336 0.008 0.025 0.172 0.044 0.046 0.349 0.289 0.225 0.002 0.053 0.084 0.102 0.062 0.205 0.013 0.02 0.024 0.038 0.004 0.094 0.008 0.006 0.048 0.008 0 0.074 0.063 0.078 0.041 0.004 0.001 0.012 0.036 0.016 0.007 0 0.034 0.008 0.002 0.062 0.008 0.027 0.025 0.001 0.008 0.009 0.006 0.007 0.008 0.013 0.003 0.001 0.015
0.191 0.197 0.216 0.11 0.492 0.013 0.007 0.665 0.131 0.002 0.592 0.377 0.004 0.004 0.279 0.26 1 0.005 0.007 0.338 0.025 0.039 0.078 0.49 0.182 0.008 0.008 0.013 0.003 0.003 0.47 0.155 0.123 0.002 0.005 0.322 0.008 0.241 0.108 0.004 0.019 0.074 0.001 0.002 0.005 0.142 0.068 0.038 0.001 0 0.023 0.005 0.023 0 0.002 0 0.001 0.005 0.006 0.005 0 0.009 0.004 0.004 0.005 0 0.007 0.007 0 0.004 0.006 0.002 0.001 0.002 0 0.003 0.007 0.008
0.057 0.068 0.064 0.036 0.147 0.004 0.002 0.004 0.044 0.001 0.004 0.002 0.001 0.001 0.088 0.082 0.005 1 0.002 0.094 0.006 0.011 0.021 0.155 0.05 0.002 0.002 0.004 0.001 0.001 0.152 0.047 0.039 0.001 0.001 0.009 0.002 0.008 0.032 0.001 0.011 0.026 0.007 0.001 0.002 0.022 0.015 0.004 0.001 0.012 0.007 0.002 0.007 0.009 0 0.013 0.011 0.001 0.001 0.002 0.012 0.009 0.002 0.001 0.001 0.003 0.003 0.002 0.011 0.002 0.002 0.001 0.002 0.001 0.01 0 0.002 0.002
0.028 0.024 0.025 0.054 0.011 0.005 0.003 0.006 0.021 0.001 0.005 0.003 0.002 0.002 0.02 0.022 0.007 0.002 1 0.02 0.282 0.015 0.087 0.012 0.038 0.003 0.877 0.005 0.001 0.001 0.013 0.039 0.046 0.001 0.002 0.011 0.003 0.01 0.057 0.001 0.014 0.063 0.215 0.001 0.003 0.045 0.025 0.017 0.001 0.129 0.157 0.002 0.211 0.177 0.001 0.115 0.144 0.002 0.002 0 0.095 0.162 0.002 0.001 0 0.47 0.004 0.137 0.135 0.002 0 0.002 0.003 0.001 0.156 0.001 0.003 0.001
0.495 0.502 0.547 0.233 0.523 0.169 0.101 0.264 0.327 0.007 0.236 0.129 0.008 0.077 0.721 0.698 0.338 0.094 0.02 1 0.062 0.095 0.192 0.591 0.473 0.024 0.019 0.14 0.052 0.053 0.495 0.351 0.242 0.001 0.008 0.082 0.046 0.058 0.194 0.007 0.017 0.019 0.022 0.008 0.043 0.005 0.007 0.064 0.01 0.001 0.05 0.018 0.052 0.022 0.005 0.002 0.005 0.003 0.017 0.014 0.003 0.024 0.009 0 0.012 0.002 0.028 0.018 0.004 0.009 0.016 0.008 0.004 0.007 0.008 0.005 0.008 0.022
0.002 0.007 0.005 0.008 0.033 0.016 0.009 0.015 0.118 0.003 0.013 0.009 0.139 0.006 0.073 0.067 0.025 0.006 0.282 0.062 1 0.048 0.298 0.044 0.127 0.01 0.317 0.017 0.004 0.004 0.041 0.121 0.147 0.005 0 0.039 0.002 0.035 0.179 0.005 0.049 0.224 0.617 0.002 0.002 0.171 0.092 0.017 0.002 0.474 0.66 0.001 0.702 0.576 0.003 0.422 0.472 0 0.211 0.018 0.411 0.534 0.008 0.005 0 0.19 0.013 0.486 0.456 0.008 0.08 0.005 0.182 0.003 0.439 0.003 0.006 0.115
0.107 0.095 0.096 0.253 0.065 0.005 0.002 0.033 0.213 0 0.03 0.015 0.009 0.009 0.059 0.06 0.039 0.011 0.015 0.095 0.048 1 0.412 0.072 0.199 0.017 0.016 0.019 0.006 0.006 0.042 0.154 0.026 0.008 0.004 0.04 0.016 0.047 0.046 0.065 0.057 0.001 0.037 0.05 0.01 0.002 0.009 0.133 0 0.04 0.019 0.005 0.017 0.023 0.002 0.031 0.025 0.001 0.013 0.001 0.033 0.018 0.067 0.001 0.011 0.006 0.011 0.018 0.03 0.071 0 0.005 0.011 0.005 0.02 0.007 0.073 0
0.047 0.036 0.04 0.23 0.12 0.022 0.012 0.058 0.401 0.003 0.052 0.03 0.04 0.018 0.156 0.15 0.078 0.021 0.087 0.192 0.298 0.412 1 0.141 0.398 0.034 0.099 0.044 0.012 0.013 0.1 0.334 0.162 0.015 0.003 0.001 0.018 0.004 0.225 0.03 0.129 0.134 0.203 0.028 0.014 0.093 0.085 0.029 0.002 0.137 0.268 0.006 0.293 0.216 0 0.131 0.166 0.001 0.061 0.017 0.123 0.212 0.011 0.001 0.006 0.062 0.03 0.189 0.124 0.012 0.053 0.012 0.055 0.009 0.163 0.001 0.009 0.062
0.315 0.303 0.357 0.165 0.795 0.022 0.013 0.43 0.214 0.004 0.384 0.205 0.008 0.008 0.452 0.427 0.49 0.155 0.012 0.591 0.044 0.072 0.141 1 0.323 0.014 0.014 0.023 0.005 0.005 0.817 0.225 0.173 0.006 0.009 0.193 0.014 0.146 0.146 0.006 0.062 0.016 0.012 0.007 0 0.042 0.01 0.046 0.001 0.008 0.044 0.01 0.044 0.012 0 0.013 0.005 0.009 0.01 0.01 0.013 0.031 0.008 0 0.005 0.002 0.016 0.021 0.012 0.008 0.011 0.007 0.006 0.004 0.006 0.001 0.01 0.014
0.233 0.214 0.243 0.515 0.275 0.073 0.04 0.141 0.673 0.012 0.126 0.07 0.023 0.042 0.359 0.336 0.182 0.05 0.038 0.473 0.127 0.199 0.398 0.323 1 0.043 0.043 0.08 0.028 0.029 0.266 0.769 0.585 0.027 0.004 0.02 0.026 0.011 0.484 0.013 0.156 0.011 0.081 0.012 0.022 0.015 0.184 0.185 0.007 0.036 0.128 0.009 0.131 0.081 0.002 0.044 0.056 0.001 0.032 0.021 0.04 0.091 0.019 0.004 0.007 0.02 0 0.077 0.047 0.02 0.025 0.025 0.022 0.022 0.06 0 0.016 0.041
0.012 0.027 0.029 0.006 0.013 0.005 0.003 0.007 0.009 0.127 0.006 0.003 0.002 0.002 0.012 0.008 0.008 0.002 0.003 0.024 0.01 0.017 0.034 0.014 0.043 1 0.003 0.006 0.001 0.001 0.014 0.046 0.056 0 0.002 0.013 0.003 0.011 0.013 0.002 0.071 0.032 0.013 0.001 0.004 0.031 0.022 0.01 0.001 0.019 0.012 0.003 0.012 0.014 0.001 0.022 0.017 0.002 0.003 0.002 0.019 0.015 0.003 0.066 0.002 0.005 0.237 0.016 0.019 0.003 0.003 0 0.004 0.001 0.016 0.001 0.003 0.003
0.032 0.027 0.028 0.061 0.013 0.005 0.003 0.006 0.026 0.001 0.006 0.003 0.002 0.002 0.023 0.025 0.008 0.002 0.877 0.019 0.317 0.016 0.099 0.014 0.043 0.003 1 0.006 0.001 0.001 0.014 0.045 0.052 0.002 0.002 0.013 0.003 0.011 0.065 0.002 0.016 0.071 0.243 0.002 0.003 0.053 0.029 0.019 0.001 0.148 0.187 0.003 0.238 0.201 0.001 0.131 0.164 0.002 0.003 0 0.102 0.183 0.003 0.001 0 0.54 0.005 0.148 0.154 0.003 0.001 0.002 0.004 0.001 0.178 0.001 0.003 0.001
0.127 0.153 0.14 0.043 0.021 0.764 0.391 0.011 0.062 0.002 0.01 0.005 0.003 0.322 0.185 0.172 0.013 0.004 0.005 0.14 0.017 0.019 0.044 0.023 0.08 0.006 0.006 1 0.218 0.221 0.024 0.119 0.082 0.002 0.28 0.021 0.469 0.019 0.064 0.003 0.01 0.018 0.012 0.003 0.279 0.016 0.001 0.041 0.039 0.03 0.011 0.353 0.011 0.015 0.021 0.026 0 0.185 0.004 0.002 0.022 0 0.002 0.003 0.225 0.001 0.008 0 0.012 0.002 0.003 0.001 0 0.002 0.001 0.02 0 0.004
0.038 0.045 0.042 0.02 0.005 0.228 0.401 0.002 0.024 0 0.002 0.001 0.001 0.001 0.047 0.044 0.003 0.001 0.001 0.052 0.004 0.006 0.012 0.005 0.028 0.001 0.001 0.218 1 0.949 0.005 0.024 0.019 0.001 0.017 0.005 0.352 0.004 0.016 0.001 0.006 0.026 0.005 0.001 0.076 0.013 0.012 0.008 0.028 0.007 0.004 0.095 0.004 0.005 0.016 0.005 0.005 0.102 0.001 0.001 0.006 0.004 0.001 0.001 0.108 0.002 0.002 0.004 0 0.001 0.001 0.001 0 0 0.004 0.018 0 0.001
0.038 0.045 0.043 0.019 0.005 0.232 0.407 0.002 0.023 0 0.002 0.001 0.001 0.001 0.049 0.046 0.003 0.001 0.001 0.053 0.004 0.006 0.013 0.005 0.029 0.001 0.001 0.221 0.949 1 0.005 0.024 0.021 0.001 0.024 0.004 0.358 0.004 0.017 0.001 0.006 0.027 0.005 0.001 0.083 0.013 0.012 0.009 0.027 0.008 0.004 0.104 0.005 0.005 0.015 0.006 0.004 0.096 0.001 0.001 0.007 0.003 0.001 0.001 0.102 0.001 0.002 0.003 0.001 0.001 0.001 0.001 0 0 0.003 0.017 0.001 0.001
0.244 0.269 0.28 0.119 0.631 0.023 0.013 0.41 0.164 0.004 0.366 0.201 0.005 0.008 0.347 0.349 0.47 0.152 0.013 0.495 0.041 0.042 0.1 0.817 0.266 0.014 0.014 0.024 0.005 0.005 1 0.273 0.216 0.006 0.009 0.26 0.014 0.2 0.18 0.007 0.063 0.032 0.011 0.007 0 0.063 0.021 0.058 0.001 0.008 0.041 0.01 0.042 0.011 0.002 0.012 0.005 0.009 0.01 0.01 0.013 0.029 0.011 0.007 0.006 0.001 0.016 0.022 0.011 0.011 0.011 0.007 0.007 0.004 0.007 0.003 0.013 0.015
0.183 0.192 0.193 0.457 0.192 0.089 0.046 0.125 0.608 0.013 0.111 0.066 0.013 0.04 0.31 0.289 0.155 0.047 0.039 0.351 0.121 0.154 0.334 0.225 0.769 0.046 0.045 0.119 0.024 0.024 0.273 1 0.727 0.025 0.047 0.039 0.071 0.026 0.602 0.021 0.144 0 0.094 0.017 0.077 0.002 0.204 0.233 0.007 0.02 0.143 0.054 0.146 0.093 0.001 0.019 0.048 0.025 0.034 0.009 0.02 0.08 0.03 0.023 0.041 0.026 0 0.067 0.025 0.031 0.027 0.023 0.024 0.021 0.051 0 0.026 0.026
0.106 0.112 0.111 0.282 0.151 0.048 0.017 0.095 0.395 0.007 0.084 0.049 0.017 0.033 0.236 0.225 0.123 0.039 0.046 0.242 0.147 0.026 0.162 0.173 0.585 0.056 0.052 0.082 0.019 0.021 0.216 0.727 1 0.02 0.038 0.223 0.058 0.203 0.824 0.025 0.101 0.014 0.134 0.013 0.063 0.001 0.324 0.246 0.005 0.044 0.184 0.05 0.181 0.127 0 0.051 0.092 0.019 0.042 0.024 0.05 0.129 0.036 0.028 0.021 0.031 0.001 0.112 0.058 0.037 0.029 0.018 0.043 0.017 0.094 0 0.029 0.048
0.001 0.002 0.002 0.024 0.004 0.002 0.001 0.001 0.029 0 0.001 0 0.001 0.018 0.001 0.002 0.002 0.001 0.001 0.001 0.005 0.008 0.015 0.006 0.027 0 0.002 0.002 0.001 0.001 0.006 0.025 0.02 1 0.001 0.006 0.001 0.005 0.023 0.001 0.094 0.019 0.006 0.001 0.002 0.016 0.044 0.013 0.004 0.009 0.005 0.001 0.005 0.006 0.002 0.01 0.008 0.001 0.001 0.001 0.009 0.007 0.001 0.001 0.001 0.002 0.002 0.007 0.008 0.001 0.001 0.452 0.002 0 0.007 0 0.001 0.002
0.017 0.022 0.02 0.002 0.008 0.12 0.16 0.004 0.002 0.001 0.004 0.002 0.006 0.001 0.039 0.053 0.005 0.001 0.002 0.008 0 0.004 0.003 0.009 0.004 0.002 0.002 0.28 0.017 0.024 0.009 0.047 0.038 0.001 1 0.008 0.527 0.007 0.033 0.001 0.01 0.052 0.008 0.001 0.446 0 0.022 0.018 0.058 0.073 0.008 0.547 0.008 0.009 0.034 0.064 0.001 0.287 0.002 0.001 0.051 0.002 0.002 0.001 0.284 0.001 0.003 0.002 0.044 0.002 0.002 0.001 0.002 0.001 0.002 0.031 0 0.002
0.04 0.042 0.049 0.002 0.171 0.02 0.011 0.264 0.01 0 0.22 0.078 0.007 0.007 0.084 0.084 0.322 0.009 0.011 0.082 0.039 0.04 0.001 0.193 0.02 0.013 0.013 0.021 0.005 0.004 0.26 0.039 0.223 0.006 0.008 1 0.012 0.891 0.182 0.006 0.06 0.271 0.043 0.069 0.001 0.209 0.202 0.03 0.002 0.033 0.039 0.007 0.036 0.041 0.004 0.036 0.026 0.008 0.009 0.005 0.028 0.023 0.009 0.006 0.008 0.003 0.014 0.02 0.028 0.007 0.006 0.007 0.005 0.004 0.02 0.004 0.007 0.009
0.04 0.051 0.047 0.011 0.012 0.274 0.498 0.006 0.02 0.001 0.006 0.003 0.003 0.002 0.088 0.102 0.008 0.002 0.003 0.046 0.002 0.016 0.018 0.014 0.026 0.003 0.003 0.469 0.352 0.358 0.014 0.071 0.058 0.001 0.527 0.012 1 0.011 0.049 0.001 0.015 0.077 0.012 0.002 0.531 0.001 0.032 0.026 0.037 0.08 0.011 0.654 0.012 0.014 0.02 0.07 0.001 0.457 0.003 0.002 0.077 0 0.002 0.002 0.43 0 0.005 0 0.052 0.002 0.003 0.001 0.002 0.001 0.002 0.018 0.001 0.003
0.026 0.037 0.032 0 0.124 0.018 0.01 0.283 0.005 0 0.234 0.078 0.006 0.006 0.061 0.062 0.241 0.008 0.01 0.058 0.035 0.047 0.004 0.146 0.011 0.011 0.011 0.019 0.004 0.004 0.2 0.026 0.203 0.005 0.007 0.891 0.011 1 0.172 0.005 0.054 0.251 0.038 0.079 0.012 0.186 0.241 0.027 0.002 0.058 0.035 0.006 0.031 0.037 0.003 0.061 0.049 0.007 0.008 0.004 0.051 0.043 0.007 0.006 0.007 0.014 0.012 0.043 0.051 0.008 0.005 0.006 0.012 0.003 0.042 0.004 0.008 0.008
0.078 0.078 0.076 0.354 0.122 0.035 0.01 0.084 0.491 0 0.075 0.046 0.021 0.028 0.208 0.205 0.108 0.032 0.057 0.194 0.179 0.046 0.225 0.146 0.484 0.013 0.065 0.064 0.016 0.017 0.18 0.602 0.824 0.023 0.033 0.182 0.049 0.172 1 0.03 0.216 0.002 0.161 0.01 0.053 0.001 0.439 0.319 0.004 0.065 0.222 0.042 0.219 0.156 0 0.078 0.123 0.014 0.05 0.032 0.074 0.168 0.043 0.013 0.016 0.042 0.037 0.149 0.083 0.044 0.038 0.02 0.053 0.015 0.123 0.001 0.036 0.061
0.015 0.012 0.013 0.028 0.006 0.002 0.001 0.003 0.023 0 0.003 0.001 0.001 0.001 0.012 0.013 0.004 0.001 0.001 0.007 0.005 0.065 0.03 0.006 0.013 0.002 0.002 0.003 0.001 0.001 0.007 0.021 0.025 0.001 0.001 0.006 0.001 0.005 0.03 1 0 0.002 0.001 0.001 0.002 0 0.014 0.021 0 0.003 0.001 0.001 0.001 0.001 0 0.003 0.003 0.027 0.001 0.001 0.002 0.001 0.352 0.001 0.001 0 0.001 0.001 0.003 0.351 0.001 0.001 0.002 0 0.001 0 0.078 0.002
0.022 0.035 0.038 0.216 0.043 0.011 0.014 0.024 0.265 0.005 0.021 0.009 0.009 0.113 0.019 0.02 0.019 0.011 0.014 0.017 0.049 0.057 0.129 0.062 0.156 0.071 0.016 0.01 0.006 0.006 0.063 0.144 0.101 0.094 0.01 0.06 0.015 0.054 0.216 0 1 0.197 0.056 0.005 0.017 0.118 0.386 0.093 0 0.088 0.056 0.014 0.057 0.064 0 0.099 0.079 0 0.012 0.011 0.087 0.075 0.001 0.008 0.01 0.025 0.194 0.075 0.085 0.001 0.012 0.092 0.018 0.06 0.071 0.002 0.007 0.016
0.088 0.1 0.099 0.001 0.016 0.004 0.037 0.062 0.02 0.004 0.05 0.011 0.043 0.022 0.023 0.024 0.074 0.026 0.063 0.019 0.224 0.001 0.134 0.016 0.011 0.032 0.071 0.018 0.026 0.027 0.032 0 0.014 0.019 0.052 0.271 0.077 0.251 0.002 0.002 0.197 1 0.214 0.026 0.085 0.449 0 0.077 0 0.317 0.244 0.058 0.242 0.183 0.001 0.269 0.209 0.027 0.063 0.009 0.259 0.256 0.017 0.017 0.044 0.087 0.035 0.239 0.242 0.017 0.026 0.021 0.074 0.012 0.206 0.001 0.018 0.032
0.007 0.011 0.008 0.011 0.009 0.011 0.004 0 0.079 0.004 0 0.004 0.071 0.007 0.034 0.038 0.001 0.007 0.215 0.022 0.617 0.037 0.203 0.012 0.081 0.013 0.243 0.012 0.005 0.005 0.011 0.094 0.134 0.006 0.008 0.043 0.012 0.038 0.161 0.001 0.056 0.214 1 0.006 0.013 0.271 0.123 0.04 0.002 0.633 0.758 0.009 0.765 0.84 0.004 0.567 0.691 0.008 0.144 0.043 0.526 0.611 0.01 0.006 0 0.196 0.018 0.556 0.537 0.01 0.112 0.006 0.156 0.004 0.63 0.004 0.012 0.142
0.002 0.008 0.009 0.019 0.004 0.003 0.001 0.003 0.02 0.011 0.003 0.001 0.001 0.001 0.008 0.004 0.002 0.001 0.001 0.008 0.002 0.05 0.028 0.007 0.012 0.001 0.002 0.003 0.001 0.001 0.007 0.017 0.013 0.001 0.001 0.069 0.002 0.079 0.01 0.001 0.005 0.026 0.006 1 0.002 0.005 0.009 0.04 0 0.009 0.006 0.001 0.006 0.007 0 0.01 0.008 0.001 0.001 0.001 0.008 0.007 0 0.001 0.001 0.002 0.002 0.007 0.009 0 0.001 0.001 0.002 0 0.007 0 0 0.002
0.047 0.038 0.055 0.017 0.001 0.137 0.206 0.006 0.016 0.001 0.006 0.003 0.002 0.002 0.082 0.094 0.005 0.002 0.003 0.043 0.002 0.01 0.014 0 0.022 0.004 0.003 0.279 0.076 0.083 0 0.077 0.063 0.002 0.446 0.001 0.531 0.012 0.053 0.002 0.017 0.085 0.013 0.002 1 0.004 0.036 0.029 0.001 0.18 0.012 0.732 0.012 0.013 0.001 0.161 0.016 0.423 0.003 0.002 0.146 0.017 0.003 0.002 0.398 0.015 0.005 0.021 0.11 0.003 0.003 0.002 0 0.001 0.015 0.001 0.003 0.004
0.039 0.045 0.046 0.003 0.04 0.037 0.015 0.137 0.021 0.006 0.119 0.062 0.018 0.019 0.007 0.008 0.142 0.022 0.045 0.005 0.171 0.002 0.093 0.042 0.015 0.031 0.053 0.016 0.013 0.013 0.063 0.002 0.001 0.016 0 0.209 0.001 0.186 0.001 0 0.118 0.449 0.271 0.005 0.004 1 0 0.063 0.006 0.26 0.229 0 0.229 0.257 0.01 0.234 0.257 0.004 0.042 0.011 0.252 0.226 0.008 0.013 0.003 0.069 0.052 0.205 0.238 0.009 0.019 0.018 0.07 0 0.234 0.011 0.027 0.056
0 0 0 0.179 0.011 0.001 0.031 0.077 0.252 0.01 0.061 0.019 0.018 0.038 0.006 0.006 0.068 0.015 0.025 0.007 0.092 0.009 0.085 0.01 0.184 0.022 0.029 0.001 0.012 0.012 0.021 0.204 0.324 0.044 0.022 0.202 0.032 0.241 0.439 0.014 0.386 0 0.123 0.009 0.036 0 1 0.166 0 0.197 0.12 0.029 0.122 0.146 0.003 0.221 0.178 0.021 0.026 0.023 0.195 0.159 0.021 0.017 0.021 0.053 0.145 0.159 0.189 0.021 0.026 0.041 0.038 0.028 0.161 0.006 0.017 0.035
0.058 0.057 0.052 0.174 0.03 0.019 0.006 0.041 0.204 0.002 0.04 0.025 0.006 0.015 0.056 0.048 0.038 0.004 0.017 0.064 0.017 0.133 0.029 0.046 0.185 0.01 0.019 0.041 0.008 0.009 0.058 0.233 0.246 0.013 0.018 0.03 0.026 0.027 0.319 0.021 0.093 0.077 0.04 0.04 0.029 0.063 0.166 1 0.005 0.072 0.025 0.023 0.027 0.039 0 0.046 0.035 0.005 0.006 0.003 0.046 0.025 0.061 0.019 0.018 0.027 0.026 0.026 0.046 0.064 0.003 0.013 0.002 0.008 0.038 0.001 0.06 0.002
0.006 0.008 0.007 0.002 0.001 0.041 0.04 0.001 0.006 0 0.001 0.001 0 0.006 0.009 0.008 0.001 0.001 0.001 0.01 0.002 0 0.002 0.001 0.007 0.001 0.001 0.039 0.028 0.027 0.001 0.007 0.005 0.004 0.058 0.002 0.037 0.002 0.004 0 0 0 0.002 0 0.001 0.006 0 0.005 1 0.004 0.002 0.001 0.002 0.003 0.635 0.004 0.003 0 0 0 0.004 0.003 0 0 0 0.001 0.001 0.003 0.003 0 0 0.003 0.001 0 0.003 0.449 0.011 0.001
0.044 0.045 0.049 0.001 0.005 0.009 0.032 0.001 0.043 0.005 0 0.002 0.071 0.01 0 0 0 0.012 0.129 0.001 0.474 0.04 0.137 0.008 0.036 0.019 0.148 0.03 0.007 0.008 0.008 0.02 0.044 0.009 0.073 0.033 0.08 0.058 0.065 0.003 0.088 0.317 0.633 0.009 0.18 0.26 0.197 0.072 0.004 1 0.607 0.133 0.605 0.684 0.006 0.892 0.755 0.068 0.134 0.022 0.835 0.664 0.015 0.01 0.097 0.227 0.028 0.632 0.797 0.015 0.07 0.01 0.195 0.006 0.688 0.006 0.018 0.09
0.003 0.004 0.003 0.02 0.034 0.01 0.003 0.017 0.127 0.003 0.015 0.011 0.086 0.006 0.069 0.074 0.023 0.007 0.157 0.05 0.66 0.019 0.268 0.044 0.128 0.012 0.187 0.011 0.004 0.004 0.041 0.143 0.184 0.005 0.008 0.039 0.011 0.035 0.222 0.001 0.056 0.244 0.758 0.006 0.012 0.229 0.12 0.025 0.002 0.607 1 0.01 0.922 0.801 0.003 0.542 0.656 0.008 0.221 0.046 0.532 0.743 0.009 0.006 0.001 0.195 0.017 0.689 0.538 0.009 0.125 0.006 0.265 0.003 0.618 0.003 0.011 0.161
0.025 0.032 0.03 0.006 0.009 0.176 0.258 0.004 0.005 0.001 0.003 0.001 0.004 0.002 0.051 0.063 0.005 0.002 0.002 0.018 0.001 0.005 0.006 0.01 0.009 0.003 0.003 0.353 0.095 0.104 0.01 0.054 0.05 0.001 0.547 0.007 0.654 0.006 0.042 0.001 0.014 0.058 0.009 0.001 0.732 0 0.029 0.023 0.001 0.133 0.01 1 0.007 0.007 0.001 0.13 0.003 0.522 0.002 0 0.112 0.003 0.002 0.001 0.491 0 0.004 0.003 0.08 0.002 0 0.001 0.002 0.001 0.001 0.001 0.002 0
0.002 0.003 0.002 0.022 0.035 0.011 0.004 0.017 0.131 0.003 0.015 0.011 0.079 0.007 0.073 0.078 0.023 0.007 0.211 0.052 0.702 0.017 0.293 0.044 0.131 0.012 0.238 0.011 0.004 0.005 0.042 0.146 0.181 0.005 0.008 0.036 0.012 0.031 0.219 0.001 0.057 0.242 0.765 0.006 0.012 0.229 0.122 0.027 0.002 0.605 0.922 0.007 1 0.818 0.003 0.553 0.67 0.008 0.216 0.055 0.547 0.761 0.009 0.006 0 0.231 0.018 0.704 0.551 0.01 0.136 0.006 0.259 0.003 0.633 0.004 0.011 0.172
0.009 0.013 0.01 0.01 0.008 0.014 0.005 0 0.089 0.004 0.001 0.006 0.057 0.008 0.036 0.041 0 0.009 0.177 0.022 0.576 0.023 0.216 0.012 0.081 0.014 0.201 0.015 0.005 0.005 0.011 0.093 0.127 0.006 0.009 0.041 0.014 0.037 0.156 0.001 0.064 0.183 0.84 0.007 0.013 0.257 0.146 0.039 0.003 0.684 0.801 0.007 0.818 1 0.004 0.654 0.769 0.009 0.181 0.053 0.606 0.669 0.009 0.007 0.001 0.201 0.021 0.62 0.615 0.01 0.112 0.007 0.216 0.004 0.688 0.004 0.013 0.141
0.002 0.004 0.003 0 0 0.022 0.022 0.002 0.002 0 0.002 0.001 0.001 0.003 0.004 0.004 0.002 0 0.001 0.005 0.003 0.002 0 0 0.002 0.001 0.001 0.021 0.016 0.015 0.002 0.001 0 0.002 0.034 0.004 0.02 0.003 0 0 0 0.001 0.004 0 0.001 0.01 0.003 0 0.635 0.006 0.003 0.001 0.003 0.004 1 0.006 0.005 0.001 0.001 0.001 0.006 0.004 0.001 0 0.001 0.001 0.001 0.004 0.005 0.001 0.001 0.001 0.001 0 0.005 0.492 0.055 0.001
0.037 0.039 0.042 0 0.008 0.013 0.046 0.002 0.038 0.006 0.001 0.001 0.083 0.012 0.001 0.001 0 0.013 0.115 0.002 0.422 0.031 0.131 0.013 0.044 0.022 0.131 0.026 0.005 0.006 0.012 0.019 0.051 0.01 0.064 0.036 0.07 0.061 0.078 0.003 0.099 0.269 0.567 0.01 0.161 0.234 0.221 0.046 0.004 0.892 0.542 0.13 0.553 0.654 0.006 1 0.805 0.06 0.12 0.105 0.88 0.719 0.017 0.011 0.086 0.204 0.032 0.686 0.843 0.017 0.12 0.011 0.174 0.006 0.728 0.007 0.02 0.159
0.03 0.029 0.033 0 0.003 0 0.006 0 0.041 0.005 0 0.003 0.055 0.009 0.009 0.012 0.001 0.011 0.144 0.005 0.472 0.025 0.166 0.005 0.056 0.017 0.164 0 0.005 0.004 0.005 0.048 0.092 0.008 0.001 0.026 0.001 0.049 0.123 0.003 0.079 0.209 0.691 0.008 0.016 0.257 0.178 0.035 0.003 0.755 0.656 0.003 0.67 0.769 0.005 0.805 1 0.012 0.139 0.108 0.747 0.875 0.013 0.009 0.002 0.245 0.026 0.837 0.746 0.014 0.149 0.009 0.206 0.005 0.89 0.005 0.016 0.197
0.004 0.006 0.005 0 0.009 0.053 0.099 0.004 0 0.001 0.004 0.002 0.005 0 0.025 0.036 0.005 0.001 0.002 0.003 0 0.001 0.001 0.009 0.001 0.002 0.002 0.185 0.102 0.096 0.009 0.025 0.019 0.001 0.287 0.008 0.457 0.007 0.014 0.027 0 0.027 0.008 0.001 0.423 0.004 0.021 0.005 0 0.068 0.008 0.522 0.008 0.009 0.001 0.06 0.012 1 0.002 0.002 0.069 0.01 0.013 0.001 0.634 0.003 0.003 0.01 0.049 0.012 0.002 0.001 0.002 0.001 0.01 0.001 0.002 0.002
0.059 0.071 0.067 0.027 0.007 0.004 0.002 0.004 0.034 0.001 0.004 0.002 0.001 0.001 0.017 0.016 0.006 0.001 0.002 0.017 0.211 0.013 0.061 0.01 0.032 0.003 0.003 0.004 0.001 0.001 0.01 0.034 0.042 0.001 0.002 0.009 0.003 0.008 0.05 0.001 0.012 0.063 0.144 0.001 0.003 0.042 0.026 0.006 0 0.134 0.221 0.002 0.216 0.181 0.001 0.12 0.139 0.002 1 0 0.129 0.16 0.002 0.001 0.002 0 0.004 0.166 0.107 0.002 0 0.001 0.344 0.001 0.097 0.001 0.002 0
0.005 0.003 0.004 0.004 0.004 0.001 0.005 0.001 0.002 0.001 0.001 0.002 0.161 0.001 0.006 0.007 0.005 0.002 0 0.014 0.018 0.001 0.017 0.01 0.021 0.002 0 0.002 0.001 0.001 0.01 0.009 0.024 0.001 0.001 0.005 0.002 0.004 0.032 0.001 0.011 0.009 0.043 0.001 0.002 0.011 0.023 0.003 0 0.022 0.046 0 0.055 0.053 0.001 0.105 0.108 0.002 0 1 0.097 0.121 0.002 0.001 0.001 0.004 0.003 0.119 0.087 0.002 0.36 0.001 0.001 0.001 0.101 0.001 0.002 0.404
0.038 0.038 0.042 0 0.009 0.01 0.048 0.003 0.031 0.005 0.002 0 0.063 0.01 0 0 0 0.012 0.095 0.003 0.411 0.033 0.123 0.013 0.04 0.019 0.102 0.022 0.006 0.007 0.013 0.02 0.05 0.009 0.051 0.028 0.077 0.051 0.074 0.002 0.087 0.259 0.526 0.008 0.146 0.252 0.195 0.046 0.004 0.835 0.532 0.112 0.547 0.606 0.006 0.88 0.747 0.069 0.129 0.097 1 0.693 0.015 0.009 0.098 0.172 0.028 0.683 0.865 0.015 0.135 0.01 0.191 0.005 0.714 0.006 0.018 0.179
0.013 0.011 0.014 0.004 0.023 0.001 0.009 0.024 0.07 0.004 0.021 0.014 0.063 0.008 0.03 0.034 0.009 0.009 0.162 0.024 0.534 0.018 0.212 0.031 0.091 0.015 0.183 0 0.004 0.003 0.029 0.08 0.129 0.007 0.002 0.023 0 0.043 0.168 0.001 0.075 0.256 0.611 0.007 0.017 0.226 0.159 0.025 0.003 0.664 0.743 0.003 0.761 0.669 0.004 0.719 0.875 0.01 0.16 0.121 0.693 1 0.012 0.008 0.001 0.272 0.023 0.931 0.683 0.012 0.167 0.008 0.235 0.004 0.821 0.005 0.014 0.221
0.017 0.014 0.015 0.038 0.007 0.002 0.002 0.003 0.03 0.001 0.002 0.002 0.001 0 0.007 0.008 0.004 0.002 0.002 0.009 0.008 0.067 0.011 0.008 0.019 0.003 0.003 0.002 0.001 0.001 0.011 0.03 0.036 0.001 0.002 0.009 0.002 0.007 0.043 0.352 0.001 0.017 0.01 0 0.003 0.008 0.021 0.061 0 0.015 0.009 0.002 0.009 0.009 0.001 0.017 0.013 0.013 0.002 0.002 0.015 0.012 1 0.001 0.002 0 0.004 0.012 0.014 0.969 0.002 0.001 0.003 0.001 0.012 0.001 0.268 0.003
0 0.008 0 0.004 0.001 0.003 0.001 0.003 0.006 0.325 0.003 0.001 0.001 0.001 0.002 0.002 0.004 0.001 0.001 0 0.005 0.001 0.001 0 0.004 0.066 0.001 0.003 0.001 0.001 0.007 0.023 0.028 0.001 0.001 0.006 0.002 0.006 0.013 0.001 0.008 0.017 0.006 0.001 0.002 0.013 0.017 0.019 0 0.01 0.006 0.001 0.006 0.007 0 0.011 0.009 0.001 0.001 0.001 0.009 0.008 0.001 1 0.001 0.003 0.002 0.008 0.009 0.001 0.001 0.001 0.002 0 0.008 0.001 0.002 0.002
0.01 0.013 0.012 0 0.008 0.084 0.161 0.004 0.004 0.001 0.004 0.002 0.006 0.001 0.047 0.062 0.005 0.001 0 0.012 0 0.011 0.006 0.005 0.007 0.002 0 0.225 0.108 0.102 0.006 0.041 0.021 0.001 0.284 0.008 0.43 0.007 0.016 0.001 0.01 0.044 0 0.001 0.398 0.003 0.021 0.018 0 0.097 0.001 0.491 0 0.001 0.001 0.086 0.002 0.634 0.002 0.001 0.098 0.001 0.002 0.001 1 0 0.003 0.001 0.074 0.002 0.002 0.001 0.001 0.001 0.001 0.001 0.002 0.002
0.008 0.008 0.008 0.033 0.005 0.001 0 0.01 0.02 0.001 0.009 0.005 0 0.003 0.006 0.008 0 0.003 0.47 0.002 0.19 0.006 0.062 0.002 0.02 0.005 0.54 0.001 0.002 0.001 0.001 0.026 0.031 0.002 0.001 0.003 0 0.014 0.042 0 0.025 0.087 0.196 0.002 0.015 0.069 0.053 0.027 0.001 0.227 0.195 0 0.231 0.201 0.001 0.204 0.245 0.003 0 0.004 0.172 0.272 0 0.003 0 1 0.008 0.236 0.236 0 0.004 0.003 0.003 0.001 0.243 0.002 0 0.004
0.013 0.031 0.033 0.043 0.014 0.008 0.004 0.005 0.053 0.001 0.004 0.004 0.003 0.003 0.025 0.027 0.007 0.003 0.004 0.028 0.013 0.011 0.03 0.016 0 0.237 0.005 0.008 0.002 0.002 0.016 0 0.001 0.002 0.003 0.014 0.005 0.012 0.037 0.001 0.194 0.035 0.018 0.002 0.005 0.052 0.145 0.026 0.001 0.028 0.017 0.004 0.018 0.021 0.001 0.032 0.026 0.003 0.004 0.003 0.028 0.023 0.004 0.002 0.003 0.008 1 0.023 0.027 0.004 0.004 0.003 0.006 0.001 0.023 0.002 0.002 0.005
0.021 0.018 0.022 0.001 0.014 0.001 0.009 0.024 0.057 0.004 0.021 0.014 0.052 0.008 0.021 0.025 0.007 0.002 0.137 0.018 0.486 0.018 0.189 0.021 0.077 0.016 0.148 0 0.004 0.003 0.022 0.067 0.112 0.007 0.002 0.02 0 0.043 0.149 0.001 0.075 0.239 0.556 0.007 0.021 0.205 0.159 0.026 0.003 0.632 0.689 0.003 0.704 0.62 0.004 0.686 0.837 0.01 0.166 0.119 0.683 0.931 0.012 0.008 0.001 0.236 0.023 1 0.65 0.012 0.167 0.008 0.242 0.004 0.79 0.005 0.014 0.218
0.021 0.026 0.029 0.001 0.008 0.004 0.028 0.003 0.035 0.005 0.002 0 0.062 0.01 0.001 0.001 0 0.011 0.135 0.004 0.456 0.03 0.124 0.012 0.047 0.019 0.154 0.012 0 0.001 0.011 0.025 0.058 0.008 0.044 0.028 0.052 0.051 0.083 0.003 0.085 0.242 0.537 0.009 0.11 0.238 0.189 0.046 0.003 0.797 0.538 0.08 0.551 0.615 0.005 0.843 0.746 0.049 0.107 0.087 0.865 0.683 0.014 0.009 0.074 0.236 0.027 0.65 1 0.015 0.14 0.01 0.203 0.005 0.693 0.006 0.013 0.17
0.018 0.015 0.016 0.039 0.008 0.002 0.002 0.003 0.032 0.001 0.002 0.002 0.001 0 0.008 0.008 0.004 0.002 0.002 0.009 0.008 0.071 0.012 0.008 0.02 0.003 0.003 0.002 0.001 0.001 0.011 0.031 0.037 0.001 0.002 0.007 0.002 0.008 0.044 0.351 0.001 0.017 0.01 0 0.003 0.009 0.021 0.064 0 0.015 0.009 0.002 0.01 0.01 0.001 0.017 0.014 0.012 0.002 0.002 0.015 0.012 0.969 0.001 0.002 0 0.004 0.012 0.015 1 0.002 0.001 0.003 0.001 0.013 0.001 0.282 0.003
0.001 0 0 0.006 0.005 0 0.004 0.001 0.013 0.001 0.001 0.002 0.106 0.001 0.008 0.009 0.006 0.002 0 0.016 0.08 0 0.053 0.011 0.025 0.003 0.001 0.003 0.001 0.001 0.011 0.027 0.029 0.001 0.002 0.006 0.003 0.005 0.038 0.001 0.012 0.026 0.112 0.001 0.003 0.019 0.026 0.003 0 0.07 0.125 0 0.136 0.112 0.001 0.12 0.149 0.002 0 0.36 0.135 0.167 0.002 0.001 0.002 0.004 0.004 0.167 0.14 0.002 1 0.001 0.003 0.001 0.144 0.001 0.002 0.515
0.006 0.009 0.01 0.021 0.005 0.001 0.002 0.002 0.026 0 0.001 0 0.001 0 0.008 0.006 0.002 0.001 0.002 0.008 0.005 0.005 0.012 0.007 0.025 0 0.002 0.001 0.001 0.001 0.007 0.023 0.018 0.452 0.001 0.007 0.001 0.006 0.02 0.001 0.092 0.021 0.006 0.001 0.002 0.018 0.041 0.013 0.003 0.01 0.006 0.001 0.006 0.007 0.001 0.011 0.009 0.001 0.001 0.001 0.01 0.008 0.001 0.001 0.001 0.003 0.003 0.008 0.01 0.001 0.001 1 0.002 0 0.008 0.001 0.002 0.002
0.066 0.061 0.076 0.017 0.003 0 0.001 0.007 0.024 0.001 0.006 0.003 0.003 0.002 0.007 0.007 0.001 0.002 0.003 0.004 0.182 0.011 0.055 0.006 0.022 0.004 0.004 0 0 0 0.007 0.024 0.043 0.002 0.002 0.005 0.002 0.012 0.053 0.002 0.018 0.074 0.156 0.002 0 0.07 0.038 0.002 0.001 0.195 0.265 0.002 0.259 0.216 0.001 0.174 0.206 0.002 0.344 0.001 0.191 0.235 0.003 0.002 0.001 0.003 0.006 0.242 0.203 0.003 0.003 0.002 1 0.001 0.192 0.001 0.003 0.013
0.004 0.008 0.008 0.015 0.004 0.002 0.001 0.002 0.018 0 0.002 0.001 0.001 0.001 0.007 0.008 0.002 0.001 0.001 0.007 0.003 0.005 0.009 0.004 0.022 0.001 0.001 0.002 0 0 0.004 0.021 0.017 0 0.001 0.004 0.001 0.003 0.015 0 0.06 0.012 0.004 0 0.001 0 0.028 0.008 0 0.006 0.003 0.001 0.003 0.004 0 0.006 0.005 0.001 0.001 0.001 0.005 0.004 0.001 0 0.001 0.001 0.001 0.004 0.005 0.001 0.001 0 0.001 1 0.005 0 0.001 0.001
0.019 0.019 0.023 0.002 0.004 0 0.005 0.001 0.043 0.004 0.001 0 0.049 0.009 0.011 0.013 0 0.01 0.156 0.008 0.439 0.02 0.163 0.006 0.06 0.016 0.178 0.001 0.004 0.003 0.007 0.051 0.094 0.007 0.002 0.02 0.002 0.042 0.123 0.001 0.071 0.206 0.63 0.007 0.015 0.234 0.161 0.038 0.003 0.688 0.618 0.001 0.633 0.688 0.005 0.728 0.89 0.01 0.097 0.101 0.714 0.821 0.012 0.008 0.001 0.243 0.023 0.79 0.693 0.013 0.144 0.008 0.192 0.005 1 0.005 0.015 0.213
0.002 0.003 0.003 0 0 0.021 0.022 0.002 0 0 0.002 0.001 0.001 0.003 0.004 0.003 0.003 0 0.001 0.005 0.003 0.007 0.001 0.001 0 0.001 0.001 0.02 0.018 0.017 0.003 0 0 0 0.031 0.004 0.018 0.004 0.001 0 0.002 0.001 0.004 0 0.001 0.011 0.006 0.001 0.449 0.006 0.003 0.001 0.004 0.004 0.492 0.007 0.005 0.001 0.001 0.001 0.006 0.005 0.001 0.001 0.001 0.002 0.002 0.005 0.006 0.001 0.001 0.001 0.001 0 0.005 1 0.025 0.001
0.016 0.013 0.014 0.036 0.009 0 0 0.006 0.025 0.001 0.005 0.003 0.002 0 0 0.001 0.007 0.002 0.003 0.008 0.006 0.073 0.009 0.01 0.016 0.003 0.003 0 0 0.001 0.013 0.026 0.029 0.001 0 0.007 0.001 0.008 0.036 0.078 0.007 0.018 0.012 0 0.003 0.027 0.017 0.06 0.011 0.018 0.011 0.002 0.011 0.013 0.055 0.02 0.016 0.002 0.002 0.002 0.018 0.014 0.268 0.002 0.002 0 0.002 0.014 0.013 0.282 0.002 0.002 0.003 0.001 0.015 0.025 1 0.003
0.001 0.002 0.001 0 0.008 0 0.002 0.003 0.015 0.001 0.002 0.003 0.074 0.002 0.014 0.015 0.008 0.002 0.001 0.022 0.115 0 0.062 0.014 0.041 0.003 0.001 0.004 0.001 0.001 0.015 0.026 0.048 0.002 0.002 0.009 0.003 0.008 0.061 0.002 0.016 0.032 0.142 0.002 0.004 0.056 0.035 0.002 0.001 0.09 0.161 0 0.172 0.141 0.001 0.159 0.197 0.002 0 0.404 0.179 0.221 0.003 0.002 0.002 0.004 0.005 0.218 0.17 0.003 0.515 0.002 0.013 0.001 0.213 0.001 0.003 1
