1 0.857 0.875 0.505 0.404 0.183 0.123 0.276 0.317 0.01 0.231 0.115 0.023 0.049 0.567 0.583 0.279 0.034 0.039 0.612 0.004 0.138 0.124 0.392 0.34 0.025 0.051 0.147 0.048 0.045 0.32 0.276 0.18 0.001 0.023 0.065 0.064 0.038 0.135 0.021 0.01 0.068 0 0.002 0.077 0.03 0.013 0.073 0.003 0.021 0.007 0.065 0.004 0 0.009 0.02 0.003 0.016 0.058 0.01 0.017 0 0.018 0.005 0.02 0.021 0.008 0 0.008 0.021 0.005 0.001 0.016 0.001 0.001 0.007 0 0.004
0.857 1 0.909 0.451 0.399 0.203 0.136 0.305 0.268 0.009 0.256 0.128 0.021 0.054 0.625 0.623 0.269 0.038 0.035 0.626 0.002 0.13 0.11 0.388 0.294 0.03 0.046 0.164 0.054 0.051 0.318 0.253 0.165 0 0.026 0.071 0.072 0.058 0.117 0.019 0.027 0.083 0.001 0.008 0.069 0.043 0.006 0.057 0.004 0.024 0.005 0.073 0.003 0 0.011 0.023 0.003 0.019 0.066 0.008 0.019 0 0.016 0.006 0.023 0.019 0.026 0 0.01 0.019 0.004 0.004 0.013 0.006 0.001 0.009 0 0.003
0.875 0.909 1 0.46 0.43 0.195 0.131 0.293 0.277 0.01 0.245 0.123 0.022 0.052 0.607 0.605 0.297 0.037 0.037 0.649 0.003 0.109 0.097 0.418 0.344 0.032 0.048 0.157 0.052 0.049 0.342 0.28 0.185 0.001 0.025 0.073 0.069 0.044 0.134 0.02 0.017 0.079 0.001 0.003 0.083 0.036 0.009 0.065 0.004 0.025 0.006 0.07 0.004 0 0.01 0.024 0.004 0.017 0.063 0.009 0.02 0 0.017 0.004 0.022 0.019 0.027 0 0.011 0.02 0.005 0.004 0.018 0.006 0.002 0.008 0 0.004
0.505 0.451 0.46 1 0.219 0.093 0.06 0.149 0.757 0.019 0.125 0.06 0.041 0.027 0.277 0.302 0.151 0.02 0.07 0.317 0.024 0.275 0.304 0.213 0.57 0 0.067 0.073 0.027 0.023 0.161 0.485 0.314 0.019 0.011 0.011 0.026 0.003 0.372 0.04 0.184 0 0.012 0.01 0.041 0.002 0.169 0.185 0 0 0.041 0.033 0.044 0.014 0.001 0 0.005 0.006 0.027 0.005 0.001 0.018 0.035 0.011 0.007 0.041 0.047 0.011 0.001 0.04 0.003 0.024 0.002 0.01 0.008 0.001 0.001 0.008
0.404 0.399 0.43 0.219 1 0.023 0.016 0.57 0.276 0.005 0.492 0.236 0.01 0.006 0.504 0.474 0.607 0.077 0.018 0.508 0.047 0.077 0.156 0.856 0.256 0.015 0.023 0.023 0.006 0.008 0.717 0.218 0.165 0 0.007 0.224 0.013 0.155 0.136 0.011 0.04 0.034 0.001 0.001 0 0.076 0.033 0.068 0.004 0.003 0.03 0.004 0.027 0.002 0.002 0.003 0.001 0.009 0.005 0.008 0.003 0.018 0.01 0.003 0.007 0.024 0.012 0.016 0.002 0.011 0.006 0.002 0.001 0.003 0 0.001 0 0.006
0.183 0.203 0.195 0.093 0.023 1 0.671 0.014 0.109 0.002 0.012 0.006 0.004 0.264 0.203 0.195 0.016 0.002 0.007 0.2 0.019 0.017 0.044 0.023 0.114 0.006 0.009 0.857 0.267 0.236 0.023 0.093 0.061 0 0.166 0.023 0.408 0.021 0.041 0.004 0.007 0.005 0.024 0.002 0.283 0.05 0.003 0.013 0.046 0.02 0.022 0.325 0.02 0.027 0.017 0.022 0.004 0.146 0.005 0 0.011 0.002 0.002 0.001 0.153 0.006 0.006 0.002 0.002 0.003 0 0 0 0.001 0.002 0.017 0.004 0
0.123 0.136 0.131 0.06 0.016 0.671 1 0.01 0.079 0.001 0.008 0.004 0.003 0.002 0.146 0.14 0.011 0.001 0.005 0.137 0.013 0.012 0.031 0.016 0.077 0.004 0.006 0.581 0.396 0.354 0.015 0.059 0.036 0.001 0.251 0.015 0.611 0.014 0.02 0.003 0.014 0.033 0.016 0.002 0.433 0.033 0.034 0.005 0.016 0.057 0.014 0.492 0.013 0.018 0.005 0.062 0 0.224 0.003 0.001 0.038 0 0.003 0.001 0.233 0.003 0.004 0 0.015 0.003 0.001 0.002 0 0.001 0 0.006 0.001 0.001
0.276 0.305 0.293 0.149 0.57 0.014 0.01 1 0.165 0.003 0.839 0.418 0.006 0.004 0.326 0.314 0.777 0.003 0.011 0.355 0.029 0.047 0.095 0.59 0.215 0.009 0.014 0.014 0.004 0.005 0.592 0.202 0.159 0 0.004 0.302 0.008 0.313 0.136 0.007 0.024 0.06 0 0.004 0.009 0.148 0.113 0.055 0.002 0.006 0.031 0.001 0.029 0 0.005 0.004 0.003 0.005 0.008 0.005 0.003 0.036 0.006 0.003 0.004 0.019 0.007 0.037 0.004 0.007 0.003 0 0.005 0.002 0.002 0.005 0.008 0.004
0.317 0.268 0.277 0.757 0.276 0.109 0.079 0.165 1 0.016 0.137 0.075 0.036 0.031 0.364 0.368 0.169 0.023 0.045 0.38 0.12 0.239 0.446 0.243 0.667 0.001 0.043 0.096 0.031 0.021 0.193 0.593 0.408 0.022 0.019 0.019 0.037 0.008 0.475 0.038 0.217 0.003 0.052 0.012 0.05 0.012 0.208 0.244 0.002 0.015 0.113 0.04 0.123 0.056 0.004 0.01 0.029 0.008 0.031 0.004 0.017 0.066 0.031 0.01 0.01 0.05 0.056 0.052 0.018 0.035 0.002 0.028 0.003 0.012 0.021 0.003 0 0.009
0.01 0.009 0.01 0.019 0.005 0.002 0.001 0.003 0.016 1 0.002 0.001 0.001 0.001 0.004 0.004 0.003 0 0.001 0.008 0.004 0.003 0.008 0.005 0.013 0.063 0.002 0.002 0.001 0.001 0.005 0.014 0.012 0 0.001 0.002 0.001 0.001 0 0.006 0.004 0.01 0.005 0.002 0.001 0.004 0.01 0.024 0 0.008 0.005 0.001 0.004 0.006 0.001 0.008 0.006 0.001 0.001 0.001 0.007 0.005 0.001 0.281 0.001 0.003 0 0.006 0.007 0.001 0.001 0.001 0.001 0 0.005 0.001 0.001 0.001
0.231 0.256 0.245 0.125 0.492 0.012 0.008 0.839 0.137 0.002 1 0.496 0.005 0.003 0.273 0.264 0.652 0.002 0.009 0.297 0.024 0.04 0.08 0.492 0.18 0.008 0.012 0.012 0.003 0.004 0.493 0.168 0.132 0 0.004 0.219 0.007 0.224 0.112 0.006 0.019 0.038 0.001 0.003 0.008 0.111 0.078 0.049 0.002 0.002 0.026 0 0.024 0.001 0.004 0.001 0.001 0.004 0.007 0.004 0.001 0.03 0.005 0.002 0.004 0.016 0.005 0.031 0.001 0.006 0.003 0 0.004 0.002 0.001 0.004 0.007 0.003
0.115 0.128 0.123 0.06 0.236 0.006 0.004 0.418 0.075 0.001 0.496 1 0.003 0.002 0.137 0.132 0.362 0.001 0.005 0.149 0.012 0.02 0.04 0.237 0.09 0.004 0.006 0.006 0.002 0.002 0.242 0.087 0.068 0.001 0.002 0.07 0.003 0.066 0.056 0.003 0.008 0.007 0.007 0.002 0.004 0.047 0.021 0.03 0.001 0.002 0.012 0.001 0.011 0.007 0.002 0.001 0 0.002 0.003 0.002 0.001 0.014 0.003 0.001 0.002 0.008 0.003 0.015 0 0.003 0.002 0 0.001 0.001 0 0.002 0.003 0.002
0.023 0.021 0.022 0.041 0.01 0.004 0.003 0.006 0.036 0.001 0.005 0.003 1 0.001 0.006 0.005 0.007 0.001 0.003 0.01 0.161 0.014 0.043 0.01 0.029 0.003 0.003 0.004 0.001 0.001 0.007 0.028 0.035 0.001 0 0.01 0.001 0.009 0.04 0.002 0.01 0.056 0.106 0.001 0.002 0.037 0.022 0.001 0.001 0.077 0.124 0.001 0.114 0.085 0.001 0.098 0.088 0 0.005 0.27 0.075 0.105 0.002 0.001 0 0 0.003 0.079 0.079 0.002 0.15 0.001 0.046 0.001 0.087 0.002 0.002 0.19
0.049 0.054 0.052 0.027 0.006 0.264 0.002 0.004 0.031 0.001 0.003 0.002 0.001 1 0.058 0.056 0.004 0 0.002 0.063 0.005 0.008 0.017 0.006 0.038 0.002 0.002 0.265 0.001 0.001 0.006 0.037 0.029 0.006 0.001 0.006 0.001 0.006 0.025 0.001 0.116 0.02 0.007 0.001 0.002 0.014 0.039 0.013 0.039 0.01 0.006 0.002 0.006 0.008 0.017 0.011 0.009 0.001 0.001 0.001 0.009 0.007 0 0 0.001 0.003 0.002 0.007 0.01 0 0.001 0.002 0.001 0 0.007 0.015 0.007 0.001
0.567 0.625 0.607 0.277 0.504 0.203 0.146 0.326 0.364 0.004 0.273 0.137 0.006 0.058 1 0.913 0.342 0.042 0.023 0.755 0.06 0.105 0.205 0.482 0.373 0.023 0.032 0.184 0.058 0.062 0.39 0.333 0.266 0 0.033 0.133 0.084 0.092 0.213 0.021 0.021 0.057 0.014 0.004 0.1 0.023 0.022 0.089 0.007 0.001 0.057 0.084 0.053 0.019 0.014 0.001 0.004 0.024 0.011 0.008 0.001 0.021 0.01 0.002 0.03 0.029 0.023 0.02 0 0.012 0.005 0.003 0 0.006 0.001 0.013 0.002 0.006
0.583 0.623 0.605 0.302 0.474 0.195 0.14 0.314 0.368 0.004 0.264 0.132 0.005 0.056 0.913 1 0.329 0.04 0.024 0.732 0.061 0.107 0.208 0.466 0.371 0.02 0.034 0.176 0.055 0.06 0.383 0.33 0.266 0 0.035 0.13 0.084 0.091 0.218 0.021 0.017 0.051 0.018 0.002 0.099 0.015 0.025 0.082 0.007 0 0.065 0.085 0.06 0.024 0.013 0.001 0.007 0.025 0.006 0.008 0 0.026 0.01 0.002 0.032 0.03 0.022 0.025 0.001 0.012 0.005 0.001 0 0.005 0.002 0.012 0.001 0.006
0.279 0.269 0.297 0.151 0.607 0.016 0.011 0.777 0.169 0.003 0.652 0.362 0.007 0.004 0.342 0.329 1 0.003 0.013 0.41 0.034 0.055 0.111 0.673 0.249 0.01 0.016 0.017 0.005 0.006 0.683 0.232 0.178 0 0.005 0.368 0.009 0.265 0.153 0.008 0.027 0.077 0 0 0.001 0.154 0.095 0.06 0.003 0.001 0.035 0.001 0.033 0.001 0.005 0 0 0.006 0.009 0.006 0 0.018 0.007 0.003 0.005 0.014 0.008 0.016 0 0.008 0.004 0.001 0.002 0.002 0 0.006 0.01 0.005
0.034 0.038 0.037 0.02 0.077 0.002 0.001 0.003 0.023 0 0.002 0.001 0.001 0 0.042 0.04 0.003 1 0.001 0.046 0.004 0.006 0.012 0.079 0.028 0.001 0.002 0.002 0 0.001 0.08 0.027 0.021 0 0.001 0.004 0.001 0.004 0.019 0.001 0.004 0.014 0.005 0 0.001 0.01 0.009 0.001 0 0.007 0.004 0.001 0.004 0.006 0.001 0.008 0.006 0.001 0.001 0.001 0.007 0.005 0.001 0 0.001 0.002 0.001 0.005 0.007 0.001 0.001 0.001 0.001 0 0.005 0.001 0.001 0.001
0.039 0.035 0.037 0.07 0.018 0.007 0.005 0.011 0.045 0.001 0.009 0.005 0.003 0.002 0.023 0.024 0.013 0.001 1 0.03 0.371 0.024 0.113 0.018 0.05 0.005 0.759 0.007 0.002 0.003 0.017 0.049 0.049 0.001 0.002 0.017 0.004 0.016 0.069 0.003 0.014 0.087 0.265 0.002 0.005 0.031 0.036 0.034 0.001 0.175 0.274 0.004 0.285 0.234 0.002 0.157 0.208 0.003 0.004 0.001 0.145 0.225 0.003 0.001 0.002 0.511 0.005 0.227 0.181 0.003 0.002 0.002 0.004 0 0.161 0.003 0.004 0.001
0.612 0.626 0.649 0.317 0.508 0.2 0.137 0.355 0.38 0.008 0.297 0.149 0.01 0.063 0.755 0.732 0.41 0.046 0.03 1 0.068 0.108 0.22 0.576 0.474 0.026 0.036 0.203 0.064 0.05 0.48 0.392 0.28 0 0.032 0.118 0.087 0.079 0.219 0.006 0.017 0.04 0.023 0.004 0.11 0.013 0.021 0.089 0.008 0 0.076 0.093 0.074 0.029 0.017 0 0.011 0.028 0.022 0.014 0 0.037 0.003 0.005 0.029 0.027 0.022 0.037 0.002 0.005 0.011 0.003 0.003 0.005 0.007 0.015 0.007 0.012
0.004 0.002 0.003 0.024 0.047 0.019 0.013 0.029 0.12 0.004 0.024 0.012 0.161 0.005 0.06 0.061 0.034 0.004 0.371 0.068 1 0.064 0.303 0.047 0.129 0.013 0.385 0.019 0.005 0.003 0.043 0.124 0.144 0.004 0.001 0.047 0.005 0.043 0.179 0.007 0.041 0.238 0.65 0.002 0.007 0.144 0.096 0.019 0.003 0.477 0.732 0.005 0.677 0.587 0.006 0.429 0.516 0.002 0.195 0.025 0.398 0.552 0.008 0.004 0.001 0.374 0.012 0.566 0.478 0.009 0.034 0.006 0.077 0.001 0.397 0.007 0.011 0.054
0.138 0.13 0.109 0.275 0.077 0.017 0.012 0.047 0.239 0.003 0.04 0.02 0.014 0.008 0.105 0.107 0.055 0.006 0.024 0.108 0.064 1 0.398 0.077 0.174 0.02 0.013 0.032 0.009 0.011 0.049 0.158 0.041 0.006 0.009 0.01 0.018 0.015 0.055 0.097 0.045 0.029 0.061 0.042 0.022 0.019 0.009 0.169 0.002 0.09 0.047 0.019 0.042 0.056 0.003 0.089 0.064 0.004 0.017 0.001 0.072 0.049 0.07 0.001 0.01 0.023 0.012 0.052 0.077 0.084 0 0.005 0.015 0.004 0.049 0.006 0.013 0
0.124 0.11 0.097 0.304 0.156 0.044 0.031 0.095 0.446 0.008 0.08 0.04 0.043 0.017 0.205 0.208 0.111 0.012 0.113 0.22 0.303 0.398 1 0.156 0.38 0.041 0.146 0.064 0.017 0.016 0.114 0.352 0.194 0.012 0.01 0.004 0.027 0.001 0.25 0.044 0.107 0.063 0.173 0.023 0.034 0.038 0.09 0.045 0 0.081 0.231 0.029 0.217 0.157 0 0.068 0.12 0.007 0.052 0.008 0.071 0.152 0.014 0.004 0.011 0.118 0.03 0.155 0.09 0.02 0.017 0.014 0.012 0.005 0.093 0 0 0.027
0.392 0.388 0.418 0.213 0.856 0.023 0.016 0.59 0.243 0.005 0.492 0.237 0.01 0.006 0.482 0.466 0.673 0.079 0.018 0.576 0.047 0.077 0.156 1 0.299 0.015 0.023 0.023 0.006 0.008 0.84 0.254 0.191 0.003 0.007 0.272 0.013 0.196 0.161 0.011 0.048 0.032 0.005 0.001 0 0.085 0.043 0.067 0.002 0.01 0.051 0.004 0.048 0.008 0.003 0.009 0.005 0.009 0.013 0.008 0.006 0.033 0.01 0.003 0.007 0.022 0.012 0.031 0.008 0.011 0.006 0.006 0.005 0.003 0.003 0.002 0 0.007
0.34 0.294 0.344 0.57 0.256 0.114 0.077 0.215 0.667 0.013 0.18 0.09 0.029 0.038 0.373 0.371 0.249 0.028 0.05 0.474 0.129 0.174 0.38 0.299 1 0.043 0.065 0.12 0.039 0.028 0.285 0.832 0.632 0.023 0.025 0.044 0.048 0.024 0.523 0.027 0.156 0.001 0.076 0.005 0.063 0.005 0.21 0.195 0.002 0.022 0.152 0.051 0.141 0.077 0.001 0.02 0.052 0.012 0.036 0.01 0.019 0.087 0.021 0.008 0.014 0.064 0.001 0.087 0.034 0.024 0.006 0.031 0.014 0.014 0.046 0.001 0.002 0.02
0.025 0.03 0.032 0 0.015 0.006 0.004 0.009 0.001 0.063 0.008 0.004 0.003 0.002 0.023 0.02 0.01 0.001 0.005 0.026 0.013 0.02 0.041 0.015 0.043 1 0.006 0.006 0.002 0.002 0.015 0.044 0.056 0 0.002 0.015 0.004 0.014 0.005 0.003 0.05 0.046 0.016 0 0.004 0.011 0.009 0.001 0.001 0.007 0.002 0.004 0.001 0.003 0.002 0.009 0.005 0.002 0.003 0.002 0.006 0.003 0.003 0.103 0.002 0 0.165 0.003 0.006 0.003 0.002 0.001 0.003 0.001 0.003 0.002 0.004 0.002
0.051 0.046 0.048 0.067 0.023 0.009 0.006 0.014 0.043 0.002 0.012 0.006 0.003 0.002 0.032 0.034 0.016 0.002 0.759 0.036 0.385 0.013 0.146 0.023 0.065 0.006 1 0.009 0.003 0.003 0.022 0.064 0.068 0.002 0.003 0.023 0.005 0.02 0.09 0.005 0.019 0.08 0.274 0.002 0.006 0.021 0.047 0.024 0.002 0.176 0.286 0.006 0.241 0.24 0.003 0.157 0.212 0.004 0.005 0.003 0.11 0.187 0.004 0.002 0.003 0.552 0.006 0.223 0.183 0.004 0.002 0.003 0.005 0 0.176 0.003 0.005 0.003
0.147 0.164 0.157 0.073 0.023 0.857 0.581 0.014 0.096 0.002 0.012 0.006 0.004 0.265 0.184 0.176 0.017 0.002 0.007 0.203 0.019 0.032 0.064 0.023 0.12 0.006 0.009 1 0.272 0.24 0.023 0.116 0.083 0 0.184 0.023 0.507 0.013 0.059 0.004 0.007 0.012 0.024 0.002 0.377 0.047 0.003 0.024 0.046 0.035 0.022 0.431 0.021 0.027 0.017 0.028 0.008 0.241 0.005 0.003 0.016 0.005 0.002 0.001 0.237 0.006 0.006 0.006 0.004 0.003 0.003 0 0 0.001 0.005 0.017 0.005 0.003
0.048 0.054 0.052 0.027 0.006 0.267 0.396 0.004 0.031 0.001 0.003 0.002 0.001 0.001 0.058 0.055 0.005 0 0.002 0.064 0.005 0.009 0.017 0.006 0.039 0.002 0.003 0.272 1 0.782 0.006 0.019 0.014 0 0.049 0.006 0.316 0.006 0.012 0.001 0.005 0.017 0.007 0.001 0.204 0.015 0.013 0.004 0.007 0.028 0.006 0.231 0.006 0.008 0.002 0.024 0.002 0.175 0.001 0.001 0.018 0.002 0.001 0 0.217 0.004 0.002 0.002 0.004 0.001 0.001 0.001 0.003 0 0.001 0.004 0.004 0.001
0.045 0.051 0.049 0.023 0.008 0.236 0.354 0.005 0.021 0.001 0.004 0.002 0.001 0.001 0.062 0.06 0.006 0.001 0.003 0.05 0.003 0.011 0.016 0.008 0.028 0.002 0.003 0.24 0.782 1 0.008 0.013 0.016 0.001 0.066 0.002 0.291 0.002 0.013 0.002 0.007 0.025 0.005 0.001 0.19 0.013 0.009 0.004 0.005 0.029 0.004 0.216 0.004 0.006 0.001 0.025 0 0.133 0 0.001 0.021 0 0.001 0.001 0.167 0.001 0.002 0 0.007 0.002 0.001 0.001 0.001 0 0.001 0.002 0.002 0.001
0.32 0.318 0.342 0.161 0.717 0.023 0.015 0.592 0.193 0.005 0.493 0.242 0.007 0.006 0.39 0.383 0.683 0.08 0.017 0.48 0.043 0.049 0.114 0.84 0.285 0.015 0.022 0.023 0.006 0.008 1 0.306 0.242 0.004 0.007 0.346 0.013 0.261 0.208 0.011 0.048 0.056 0.004 0.001 0 0.122 0.065 0.075 0.004 0.008 0.047 0.004 0.043 0.006 0.008 0.007 0.004 0.008 0.012 0.008 0.006 0.03 0.01 0.004 0.006 0.018 0.012 0.031 0.006 0.011 0.006 0.007 0.004 0.003 0.003 0.008 0.013 0.007
0.276 0.253 0.28 0.485 0.218 0.093 0.059 0.202 0.593 0.014 0.168 0.087 0.028 0.037 0.333 0.33 0.232 0.027 0.049 0.392 0.124 0.158 0.352 0.254 0.832 0.044 0.064 0.116 0.019 0.013 0.306 1 0.757 0.022 0.041 0.076 0.081 0.059 0.636 0.033 0.151 0.002 0.082 0.009 0.096 0 0.252 0.255 0.002 0.016 0.161 0.084 0.149 0.084 0.002 0.013 0.054 0.037 0.037 0.007 0.012 0.09 0.027 0.011 0.043 0.069 0.001 0.089 0.024 0.03 0.006 0.03 0.015 0.018 0.048 0.003 0.011 0.015
0.18 0.165 0.185 0.314 0.165 0.061 0.036 0.159 0.408 0.012 0.132 0.068 0.035 0.029 0.266 0.266 0.178 0.021 0.049 0.28 0.144 0.041 0.194 0.191 0.632 0.056 0.068 0.083 0.014 0.016 0.242 0.757 1 0.017 0.027 0.266 0.059 0.244 0.814 0.042 0.108 0.03 0.101 0.02 0.076 0.006 0.372 0.251 0 0.031 0.182 0.067 0.168 0.106 0.006 0.031 0.079 0.028 0.047 0.015 0.026 0.115 0.034 0.014 0.032 0.072 0 0.116 0.043 0.038 0.009 0.023 0.023 0.014 0.067 0.008 0.015 0.025
0.001 0 0.001 0.019 0 0 0.001 0 0.022 0 0 0.001 0.001 0.006 0 0 0 0 0.001 0 0.004 0.006 0.012 0.003 0.023 0 0.002 0 0 0.001 0.004 0.022 0.017 1 0.001 0.004 0.001 0.004 0.018 0.001 0.08 0.014 0.005 0 0.001 0.01 0.033 0.009 0 0.007 0.004 0.001 0.004 0.005 0.001 0.007 0.005 0.001 0.001 0 0.006 0.005 0.001 0 0.001 0.002 0.001 0.005 0.006 0.001 0 0.525 0.001 0 0.005 0.001 0.001 0.001
0.023 0.026 0.025 0.011 0.007 0.166 0.251 0.004 0.019 0.001 0.004 0.002 0 0.001 0.033 0.035 0.005 0.001 0.002 0.032 0.001 0.009 0.01 0.007 0.025 0.002 0.003 0.184 0.049 0.066 0.007 0.041 0.027 0.001 1 0.007 0.41 0.006 0.029 0.001 0.002 0.027 0.008 0.001 0.217 0.01 0.009 0.015 0.045 0.029 0.007 0.246 0.006 0.009 0.02 0.025 0 0.163 0.002 0.001 0.03 0 0.001 0 0.185 0 0.002 0 0.019 0.001 0.001 0.001 0.002 0 0 0.018 0 0.001
0.065 0.071 0.073 0.011 0.224 0.023 0.015 0.302 0.019 0.002 0.219 0.07 0.01 0.006 0.133 0.13 0.368 0.004 0.017 0.118 0.047 0.01 0.004 0.272 0.044 0.015 0.023 0.023 0.006 0.002 0.346 0.076 0.266 0.004 0.007 1 0.013 0.869 0.231 0.011 0.05 0.281 0.052 0.084 0 0.232 0.284 0.039 0.004 0.049 0.047 0.014 0.043 0.059 0.008 0.056 0.037 0.009 0.013 0.008 0.042 0.03 0.01 0.004 0.007 0.019 0.012 0.029 0.046 0.01 0.006 0.007 0.004 0.003 0.026 0.008 0.011 0.006
0.064 0.072 0.069 0.026 0.013 0.408 0.611 0.008 0.037 0.001 0.007 0.003 0.001 0.001 0.084 0.084 0.009 0.001 0.004 0.087 0.005 0.018 0.027 0.013 0.048 0.004 0.005 0.507 0.316 0.291 0.013 0.081 0.059 0.001 0.41 0.013 1 0.005 0.057 0.003 0.012 0.073 0.015 0.001 0.664 0.024 0.03 0.029 0.02 0.107 0.014 0.75 0.013 0.017 0.007 0.095 0.001 0.433 0.003 0.002 0.064 0 0.002 0 0.509 0.002 0.003 0 0.032 0.003 0.002 0.002 0 0.001 0 0.006 0.001 0.002
0.038 0.058 0.044 0.003 0.155 0.021 0.014 0.313 0.008 0.001 0.224 0.066 0.009 0.006 0.092 0.091 0.265 0.004 0.016 0.079 0.043 0.015 0.001 0.196 0.024 0.014 0.02 0.013 0.006 0.002 0.261 0.059 0.244 0.004 0.006 0.869 0.005 1 0.217 0.01 0.048 0.261 0.05 0.066 0.007 0.202 0.305 0.032 0.004 0.066 0.045 0.005 0.042 0.057 0.007 0.074 0.064 0.002 0.011 0.007 0.059 0.053 0.009 0.004 0.001 0.023 0.012 0.055 0.063 0.01 0.005 0.006 0.011 0.003 0.052 0.008 0.011 0.006
0.135 0.117 0.134 0.372 0.136 0.041 0.02 0.136 0.475 0 0.112 0.056 0.04 0.025 0.213 0.218 0.153 0.019 0.069 0.219 0.179 0.055 0.25 0.161 0.523 0.005 0.09 0.059 0.012 0.013 0.208 0.636 0.814 0.018 0.029 0.231 0.057 0.217 1 0.047 0.214 0.011 0.135 0.017 0.067 0 0.485 0.298 0 0.053 0.227 0.059 0.211 0.141 0.005 0.054 0.112 0.024 0.052 0.017 0.046 0.153 0.039 0.001 0.028 0.096 0.045 0.154 0.069 0.044 0.011 0.023 0.03 0.013 0.096 0.007 0.019 0.029
0.021 0.019 0.02 0.04 0.011 0.004 0.003 0.007 0.038 0.006 0.006 0.003 0.002 0.001 0.021 0.021 0.008 0.001 0.003 0.006 0.007 0.097 0.044 0.011 0.027 0.003 0.005 0.004 0.001 0.002 0.011 0.033 0.042 0.001 0.001 0.011 0.003 0.01 0.047 1 0.008 0.02 0.004 0.001 0.003 0.012 0.023 0.054 0.001 0.008 0.003 0.003 0.003 0.002 0.001 0.01 0.006 0 0.003 0.002 0.007 0.004 0.241 0.001 0.001 0 0.002 0.005 0.008 0.316 0.001 0.001 0.002 0.001 0.004 0.002 0.039 0.001
0.01 0.027 0.017 0.184 0.04 0.007 0.014 0.024 0.217 0.004 0.019 0.008 0.01 0.116 0.021 0.017 0.027 0.004 0.014 0.017 0.041 0.045 0.107 0.048 0.156 0.05 0.019 0.007 0.005 0.007 0.048 0.151 0.108 0.08 0.002 0.05 0.012 0.048 0.214 0.008 1 0.171 0.056 0.005 0.014 0.113 0.358 0.103 0.001 0.085 0.053 0.013 0.049 0.064 0 0.094 0.072 0.006 0.012 0.008 0.079 0.061 0.005 0.004 0.007 0.029 0.225 0.063 0.082 0.006 0.006 0.114 0.011 0.057 0.059 0.001 0 0.007
0.068 0.083 0.079 0 0.034 0.005 0.033 0.06 0.003 0.01 0.038 0.007 0.056 0.02 0.057 0.051 0.077 0.014 0.087 0.04 0.238 0.029 0.063 0.032 0.001 0.046 0.08 0.012 0.017 0.025 0.056 0.002 0.03 0.014 0.027 0.281 0.073 0.261 0.011 0.02 0.171 1 0.201 0.025 0.086 0.386 0.005 0.107 0.001 0.309 0.249 0.055 0.229 0.156 0.01 0.275 0.197 0.033 0.068 0.011 0.224 0.24 0.029 0.009 0.038 0.113 0.036 0.248 0.238 0.033 0.008 0.023 0.065 0.01 0.173 0.012 0.034 0.014
0 0.001 0.001 0.012 0.001 0.024 0.016 0 0.052 0.005 0.001 0.007 0.106 0.007 0.014 0.018 0 0.005 0.265 0.023 0.65 0.061 0.173 0.005 0.076 0.016 0.274 0.024 0.007 0.005 0.004 0.082 0.101 0.005 0.008 0.052 0.015 0.05 0.135 0.004 0.056 0.201 1 0.006 0.018 0.213 0.137 0.045 0.004 0.627 0.756 0.005 0.704 0.859 0.008 0.598 0.713 0.01 0.177 0.028 0.528 0.575 0.011 0.005 0.007 0.32 0.016 0.583 0.631 0.012 0.041 0.008 0.12 0.003 0.582 0.009 0.015 0.059
0.002 0.008 0.003 0.01 0.001 0.002 0.002 0.004 0.012 0.002 0.003 0.002 0.001 0.001 0.004 0.002 0 0 0.002 0.004 0.002 0.042 0.023 0.001 0.005 0 0.002 0.002 0.001 0.001 0.001 0.009 0.02 0 0.001 0.084 0.001 0.066 0.017 0.001 0.005 0.025 0.006 1 0.002 0.004 0.026 0.02 0 0.01 0.006 0.001 0.006 0.007 0.001 0.011 0.008 0.001 0.001 0.001 0.008 0.007 0.001 0 0.001 0.003 0.002 0.007 0.009 0.001 0.001 0.001 0.001 0 0.007 0.001 0 0.001
0.077 0.069 0.083 0.041 0 0.283 0.433 0.009 0.05 0.001 0.008 0.004 0.002 0.002 0.1 0.099 0.001 0.001 0.005 0.11 0.007 0.022 0.034 0 0.063 0.004 0.006 0.377 0.204 0.19 0 0.096 0.076 0.001 0.217 0 0.664 0.007 0.067 0.003 0.014 0.086 0.018 0.002 1 0.006 0.035 0.035 0.001 0.171 0.016 0.725 0.015 0.02 0.002 0.154 0.004 0.439 0.004 0.002 0.118 0.005 0.003 0.001 0.424 0 0.004 0.006 0.074 0.003 0.002 0.002 0.003 0.001 0.007 0.002 0.004 0.002
0.03 0.043 0.036 0.002 0.076 0.05 0.033 0.148 0.012 0.004 0.111 0.047 0.037 0.014 0.023 0.015 0.154 0.01 0.031 0.013 0.144 0.019 0.038 0.085 0.005 0.011 0.021 0.047 0.015 0.013 0.122 0 0.006 0.01 0.01 0.232 0.024 0.202 0 0.012 0.113 0.386 0.213 0.004 0.006 1 0.008 0.053 0.007 0.155 0.203 0.026 0.218 0.21 0.016 0.142 0.201 0.011 0.062 0.008 0.182 0.205 0.02 0.005 0.009 0.075 0.03 0.177 0.165 0.023 0.009 0.016 0.04 0.003 0.217 0.018 0.028 0.027
0.013 0.006 0.009 0.169 0.033 0.003 0.034 0.113 0.208 0.01 0.078 0.021 0.022 0.039 0.022 0.025 0.095 0.009 0.036 0.021 0.096 0.009 0.09 0.043 0.21 0.009 0.047 0.003 0.013 0.009 0.065 0.252 0.372 0.033 0.009 0.284 0.03 0.305 0.485 0.023 0.358 0.005 0.137 0.026 0.035 0.008 1 0.163 0.001 0.207 0.127 0.032 0.118 0.156 0.006 0.229 0.174 0.02 0.028 0.019 0.192 0.147 0.02 0.009 0.016 0.07 0.111 0.152 0.2 0.022 0.015 0.049 0.028 0.024 0.144 0.007 0.007 0.016
0.073 0.057 0.065 0.185 0.068 0.013 0.005 0.055 0.244 0.024 0.049 0.03 0.001 0.013 0.089 0.082 0.06 0.001 0.034 0.089 0.019 0.169 0.045 0.067 0.195 0.001 0.024 0.024 0.004 0.004 0.075 0.255 0.251 0.009 0.015 0.039 0.029 0.032 0.298 0.054 0.103 0.107 0.045 0.02 0.035 0.053 0.163 1 0.009 0.089 0.033 0.031 0.028 0.047 0.002 0.073 0.051 0.01 0.009 0.001 0.062 0.034 0.065 0.02 0.015 0.047 0.021 0.037 0.072 0.075 0.002 0.014 0.001 0.006 0.057 0.001 0.018 0
0.003 0.004 0.004 0 0.004 0.046 0.016 0.002 0.002 0 0.002 0.001 0.001 0.039 0.007 0.007 0.003 0 0.001 0.008 0.003 0.002 0 0.002 0.002 0.001 0.002 0.046 0.007 0.005 0.004 0.002 0 0 0.045 0.004 0.02 0.004 0 0.001 0.001 0.001 0.004 0 0.001 0.007 0.001 0.009 1 0.007 0.004 0.001 0.004 0.005 0.521 0.007 0.006 0.001 0.001 0.001 0.006 0.005 0.001 0 0.001 0.002 0.001 0.005 0.006 0.001 0 0 0.001 0 0.005 0.48 0.027 0.001
0.021 0.024 0.025 0 0.003 0.02 0.057 0.006 0.015 0.008 0.002 0.002 0.077 0.01 0.001 0 0.001 0.007 0.175 0 0.477 0.09 0.081 0.01 0.022 0.007 0.176 0.035 0.028 0.029 0.008 0.016 0.031 0.007 0.029 0.049 0.107 0.066 0.053 0.008 0.085 0.309 0.627 0.01 0.171 0.155 0.207 0.089 0.007 1 0.614 0.153 0.572 0.649 0.012 0.901 0.704 0.071 0.136 0.014 0.782 0.615 0.017 0.007 0.076 0.326 0.024 0.633 0.819 0.019 0.024 0.011 0.133 0.005 0.605 0.014 0.022 0.038
0.007 0.005 0.006 0.041 0.03 0.022 0.014 0.031 0.113 0.005 0.026 0.012 0.124 0.006 0.057 0.065 0.035 0.004 0.274 0.076 0.732 0.047 0.231 0.051 0.152 0.002 0.286 0.022 0.006 0.004 0.047 0.161 0.182 0.004 0.007 0.047 0.014 0.045 0.227 0.003 0.053 0.249 0.756 0.006 0.016 0.203 0.127 0.033 0.004 0.614 1 0.014 0.916 0.793 0.008 0.553 0.703 0.009 0.221 0.031 0.505 0.764 0.01 0.004 0.006 0.451 0.015 0.776 0.609 0.012 0.046 0.007 0.158 0.003 0.587 0.008 0.013 0.067
0.065 0.073 0.07 0.033 0.004 0.325 0.492 0.001 0.04 0.001 0 0.001 0.001 0.002 0.084 0.085 0.001 0.001 0.004 0.093 0.005 0.019 0.029 0.004 0.051 0.004 0.006 0.431 0.231 0.216 0.004 0.084 0.067 0.001 0.246 0.014 0.75 0.005 0.059 0.003 0.013 0.055 0.005 0.001 0.725 0.026 0.032 0.031 0.001 0.153 0.014 1 0.013 0.007 0.002 0.139 0 0.496 0.003 0.002 0.101 0 0.003 0.001 0.479 0.002 0.004 0 0.059 0.003 0.001 0.002 0 0.001 0 0.002 0.003 0.002
0.004 0.003 0.004 0.044 0.027 0.02 0.013 0.029 0.123 0.004 0.024 0.011 0.114 0.006 0.053 0.06 0.033 0.004 0.285 0.074 0.677 0.042 0.217 0.048 0.141 0.001 0.241 0.021 0.006 0.004 0.043 0.149 0.168 0.004 0.006 0.043 0.013 0.042 0.211 0.003 0.049 0.229 0.704 0.006 0.015 0.218 0.118 0.028 0.004 0.572 0.916 0.013 1 0.739 0.007 0.517 0.655 0.008 0.237 0.035 0.531 0.774 0.01 0.004 0.006 0.388 0.014 0.721 0.567 0.011 0.051 0.007 0.17 0.003 0.534 0.008 0.013 0.074
0 0 0 0.014 0.002 0.027 0.018 0 0.056 0.006 0.001 0.007 0.085 0.008 0.019 0.024 0.001 0.006 0.234 0.029 0.587 0.056 0.157 0.008 0.077 0.003 0.24 0.027 0.008 0.006 0.006 0.084 0.106 0.005 0.009 0.059 0.017 0.057 0.141 0.002 0.064 0.156 0.859 0.007 0.02 0.21 0.156 0.047 0.005 0.649 0.793 0.007 0.739 1 0.009 0.658 0.79 0.011 0.18 0.047 0.596 0.648 0.007 0.005 0.008 0.376 0.018 0.657 0.698 0.008 0.054 0.009 0.127 0.004 0.618 0.01 0.017 0.054
0.009 0.011 0.01 0.001 0.002 0.017 0.005 0.005 0.004 0.001 0.004 0.002 0.001 0.017 0.014 0.013 0.005 0.001 0.002 0.017 0.006 0.003 0 0.003 0.001 0.002 0.003 0.017 0.002 0.001 0.008 0.002 0.006 0.001 0.02 0.008 0.007 0.007 0.005 0.001 0 0.01 0.008 0.001 0.002 0.016 0.006 0.002 0.521 0.012 0.008 0.002 0.007 0.009 1 0.014 0.01 0.001 0.002 0.001 0.012 0.009 0.001 0.001 0.001 0.004 0.002 0.009 0.012 0.002 0.001 0.001 0.002 0 0.009 0.833 0.139 0.001
0.02 0.023 0.024 0 0.003 0.022 0.062 0.004 0.01 0.008 0.001 0.001 0.098 0.011 0.001 0.001 0 0.008 0.157 0 0.429 0.089 0.068 0.009 0.02 0.009 0.157 0.028 0.024 0.025 0.007 0.013 0.031 0.007 0.025 0.056 0.095 0.074 0.054 0.01 0.094 0.275 0.598 0.011 0.154 0.142 0.229 0.073 0.007 0.901 0.553 0.139 0.517 0.658 0.014 1 0.76 0.063 0.123 0.081 0.834 0.644 0.019 0.008 0.069 0.303 0.027 0.66 0.869 0.021 0.065 0.013 0.12 0.005 0.629 0.015 0.024 0.069
0.003 0.003 0.004 0.005 0.001 0.004 0 0.003 0.029 0.006 0.001 0 0.088 0.009 0.004 0.007 0 0.006 0.208 0.011 0.516 0.064 0.12 0.005 0.052 0.005 0.212 0.008 0.002 0 0.004 0.054 0.079 0.005 0 0.037 0.001 0.064 0.112 0.006 0.072 0.197 0.713 0.008 0.004 0.201 0.174 0.051 0.006 0.704 0.703 0 0.655 0.79 0.01 0.76 1 0.012 0.141 0.07 0.703 0.821 0.014 0.006 0.009 0.376 0.02 0.842 0.786 0.016 0.085 0.01 0.137 0.004 0.776 0.012 0.019 0.091
0.016 0.019 0.017 0.006 0.009 0.146 0.224 0.005 0.008 0.001 0.004 0.002 0 0.001 0.024 0.025 0.006 0.001 0.003 0.028 0.002 0.004 0.007 0.009 0.012 0.002 0.004 0.241 0.175 0.133 0.008 0.037 0.028 0.001 0.163 0.009 0.433 0.002 0.024 0 0.006 0.033 0.01 0.001 0.439 0.011 0.02 0.01 0.001 0.071 0.009 0.496 0.008 0.011 0.001 0.063 0.012 1 0.002 0.001 0.077 0.01 0 0.001 0.776 0.005 0.002 0.011 0.046 0 0.001 0.001 0.002 0 0.01 0.001 0.002 0.001
0.058 0.066 0.063 0.027 0.005 0.005 0.003 0.008 0.031 0.001 0.007 0.003 0.005 0.001 0.011 0.006 0.009 0.001 0.004 0.022 0.195 0.017 0.052 0.013 0.036 0.003 0.005 0.005 0.001 0 0.012 0.037 0.047 0.001 0.002 0.013 0.003 0.011 0.052 0.003 0.012 0.068 0.177 0.001 0.004 0.062 0.028 0.009 0.001 0.136 0.221 0.003 0.237 0.18 0.002 0.123 0.141 0.002 1 0.001 0.119 0.187 0.002 0.001 0.002 0.005 0.003 0.185 0.127 0.003 0.001 0.002 0.25 0.001 0.08 0.002 0.003 0.001
0.01 0.008 0.009 0.005 0.008 0 0.001 0.005 0.004 0.001 0.004 0.002 0.27 0.001 0.008 0.008 0.006 0.001 0.001 0.014 0.025 0.001 0.008 0.008 0.01 0.002 0.003 0.003 0.001 0.001 0.008 0.007 0.015 0 0.001 0.008 0.002 0.007 0.017 0.002 0.008 0.011 0.028 0.001 0.002 0.008 0.019 0.001 0.001 0.014 0.031 0.002 0.035 0.047 0.001 0.081 0.07 0.001 0.001 1 0.063 0.084 0.002 0.001 0.001 0.005 0.002 0.071 0.06 0.002 0.409 0.001 0 0 0.043 0.001 0.002 0.447
0.017 0.019 0.02 0.001 0.003 0.011 0.038 0.003 0.017 0.007 0.001 0.001 0.075 0.009 0.001 0 0 0.007 0.145 0 0.398 0.072 0.071 0.006 0.019 0.006 0.11 0.016 0.018 0.021 0.006 0.012 0.026 0.006 0.03 0.042 0.064 0.059 0.046 0.007 0.079 0.224 0.528 0.008 0.118 0.182 0.192 0.062 0.006 0.782 0.505 0.101 0.531 0.596 0.012 0.834 0.703 0.077 0.119 0.063 1 0.655 0.016 0.006 0.082 0.252 0.022 0.639 0.862 0.017 0.078 0.011 0.116 0.005 0.596 0.013 0.02 0.083
0 0 0 0.018 0.018 0.002 0 0.036 0.066 0.005 0.03 0.014 0.105 0.007 0.021 0.026 0.018 0.005 0.225 0.037 0.552 0.049 0.152 0.033 0.087 0.003 0.187 0.005 0.002 0 0.03 0.09 0.115 0.005 0 0.03 0 0.053 0.153 0.004 0.061 0.24 0.575 0.007 0.005 0.205 0.147 0.034 0.005 0.615 0.764 0 0.774 0.648 0.009 0.644 0.821 0.01 0.187 0.084 0.655 1 0.012 0.005 0.007 0.376 0.017 0.91 0.686 0.013 0.101 0.008 0.183 0.004 0.671 0.01 0.016 0.108
0.018 0.016 0.017 0.035 0.01 0.002 0.003 0.006 0.031 0.001 0.005 0.003 0.002 0 0.01 0.01 0.007 0.001 0.003 0.003 0.008 0.07 0.014 0.01 0.021 0.003 0.004 0.002 0.001 0.001 0.01 0.027 0.034 0.001 0.001 0.01 0.002 0.009 0.039 0.241 0.005 0.029 0.011 0.001 0.003 0.02 0.02 0.065 0.001 0.017 0.01 0.003 0.01 0.007 0.001 0.019 0.014 0 0.002 0.002 0.016 0.012 1 0.001 0.001 0.006 0.003 0.012 0.016 0.896 0.001 0.001 0.002 0.001 0.012 0.002 0.204 0.001
0.005 0.006 0.004 0.011 0.003 0.001 0.001 0.003 0.01 0.281 0.002 0.001 0.001 0 0.002 0.002 0.003 0 0.001 0.005 0.004 0.001 0.004 0.003 0.008 0.103 0.002 0.001 0 0.001 0.004 0.011 0.014 0 0 0.004 0 0.004 0.001 0.001 0.004 0.009 0.005 0 0.001 0.005 0.009 0.02 0 0.007 0.004 0.001 0.004 0.005 0.001 0.008 0.006 0.001 0.001 0.001 0.006 0.005 0.001 1 0.001 0.002 0.001 0.005 0.007 0.001 0.001 0.001 0.001 0 0.005 0.001 0.001 0.001
0.02 0.023 0.022 0.007 0.007 0.153 0.233 0.004 0.01 0.001 0.004 0.002 0 0.001 0.03 0.032 0.005 0.001 0.002 0.029 0.001 0.01 0.011 0.007 0.014 0.002 0.003 0.237 0.217 0.167 0.006 0.043 0.032 0.001 0.185 0.007 0.509 0.001 0.028 0.001 0.007 0.038 0.007 0.001 0.424 0.009 0.016 0.015 0.001 0.076 0.006 0.479 0.006 0.008 0.001 0.069 0.009 0.776 0.002 0.001 0.082 0.007 0.001 0.001 1 0.004 0.002 0.007 0.048 0.001 0.001 0.001 0.001 0 0.007 0.001 0.002 0.001
0.021 0.019 0.019 0.041 0.024 0.006 0.003 0.019 0.05 0.003 0.016 0.008 0 0.003 0.029 0.03 0.014 0.002 0.511 0.027 0.374 0.023 0.118 0.022 0.064 0 0.552 0.006 0.004 0.001 0.018 0.069 0.072 0.002 0 0.019 0.002 0.023 0.096 0 0.029 0.113 0.32 0.003 0 0.075 0.07 0.047 0.002 0.326 0.451 0.002 0.388 0.376 0.004 0.303 0.376 0.005 0.005 0.005 0.252 0.376 0.006 0.002 0.004 1 0.008 0.418 0.348 0.006 0.004 0.004 0.002 0.002 0.341 0.005 0.007 0.001
0.008 0.026 0.027 0.047 0.012 0.006 0.004 0.007 0.056 0 0.005 0.003 0.003 0.002 0.023 0.022 0.008 0.001 0.005 0.022 0.012 0.012 0.03 0.012 0.001 0.165 0.006 0.006 0.002 0.002 0.012 0.001 0 0.001 0.002 0.012 0.003 0.012 0.045 0.002 0.225 0.036 0.016 0.002 0.004 0.03 0.111 0.021 0.001 0.024 0.015 0.004 0.014 0.018 0.002 0.027 0.02 0.002 0.003 0.002 0.022 0.017 0.003 0.001 0.002 0.008 1 0.018 0.023 0.003 0.002 0.002 0.003 0.001 0.017 0.002 0.002 0.002
0 0 0 0.011 0.016 0.002 0 0.037 0.052 0.006 0.031 0.015 0.079 0.007 0.02 0.025 0.016 0.005 0.227 0.037 0.566 0.052 0.155 0.031 0.087 0.003 0.223 0.006 0.002 0 0.031 0.089 0.116 0.005 0 0.029 0 0.055 0.154 0.005 0.063 0.248 0.583 0.007 0.006 0.177 0.152 0.037 0.005 0.633 0.776 0 0.721 0.657 0.009 0.66 0.842 0.011 0.185 0.071 0.639 0.91 0.012 0.005 0.007 0.418 0.018 1 0.704 0.014 0.098 0.008 0.181 0.004 0.703 0.01 0.016 0.092
0.008 0.01 0.011 0.001 0.002 0.002 0.015 0.004 0.018 0.007 0.001 0 0.079 0.01 0 0.001 0 0.007 0.181 0.002 0.478 0.077 0.09 0.008 0.034 0.006 0.183 0.004 0.004 0.007 0.006 0.024 0.043 0.006 0.019 0.046 0.032 0.063 0.069 0.008 0.082 0.238 0.631 0.009 0.074 0.165 0.2 0.072 0.006 0.819 0.609 0.059 0.567 0.698 0.012 0.869 0.786 0.046 0.127 0.06 0.862 0.686 0.016 0.007 0.048 0.348 0.023 0.704 1 0.018 0.075 0.011 0.138 0.005 0.669 0.013 0.021 0.079
0.021 0.019 0.02 0.04 0.011 0.003 0.003 0.007 0.035 0.001 0.006 0.003 0.002 0 0.012 0.012 0.008 0.001 0.003 0.005 0.009 0.084 0.02 0.011 0.024 0.003 0.004 0.003 0.001 0.002 0.011 0.03 0.038 0.001 0.001 0.01 0.003 0.01 0.044 0.316 0.006 0.033 0.012 0.001 0.003 0.023 0.022 0.075 0.001 0.019 0.012 0.003 0.011 0.008 0.002 0.021 0.016 0 0.003 0.002 0.017 0.013 0.896 0.001 0.001 0.006 0.003 0.014 0.018 1 0.001 0.001 0.003 0.001 0.013 0.002 0.184 0.001
0.005 0.004 0.005 0.003 0.006 0 0.001 0.003 0.002 0.001 0.003 0.002 0.15 0.001 0.005 0.005 0.004 0.001 0.002 0.011 0.034 0 0.017 0.006 0.006 0.002 0.002 0.003 0.001 0.001 0.006 0.006 0.009 0 0.001 0.006 0.002 0.005 0.011 0.001 0.006 0.008 0.041 0.001 0.002 0.009 0.015 0.002 0 0.024 0.046 0.001 0.051 0.054 0.001 0.065 0.085 0.001 0.001 0.409 0.078 0.101 0.001 0.001 0.001 0.004 0.002 0.098 0.075 0.001 1 0.001 0.001 0 0.051 0.001 0.002 0.449
0.001 0.004 0.004 0.024 0.002 0 0.002 0 0.028 0.001 0 0 0.001 0.002 0.003 0.001 0.001 0.001 0.002 0.003 0.006 0.005 0.014 0.006 0.031 0.001 0.003 0 0.001 0.001 0.007 0.03 0.023 0.525 0.001 0.007 0.002 0.006 0.023 0.001 0.114 0.023 0.008 0.001 0.002 0.016 0.049 0.014 0 0.011 0.007 0.002 0.007 0.009 0.001 0.013 0.01 0.001 0.002 0.001 0.011 0.008 0.001 0.001 0.001 0.004 0.002 0.008 0.011 0.001 0.001 1 0.002 0 0.008 0.001 0.002 0.001
0.016 0.013 0.018 0.002 0.001 0 0 0.005 0.003 0.001 0.004 0.001 0.046 0.001 0 0 0.002 0.001 0.004 0.003 0.077 0.015 0.012 0.005 0.014 0.003 0.005 0 0.003 0.001 0.004 0.015 0.023 0.001 0.002 0.004 0 0.011 0.03 0.002 0.011 0.065 0.12 0.001 0.003 0.04 0.028 0.001 0.001 0.133 0.158 0 0.17 0.127 0.002 0.12 0.137 0.002 0.25 0 0.116 0.183 0.002 0.001 0.001 0.002 0.003 0.181 0.138 0.003 0.001 0.002 1 0.001 0.146 0.002 0.003 0
0.001 0.006 0.006 0.01 0.003 0.001 0.001 0.002 0.012 0 0.002 0.001 0.001 0 0.006 0.005 0.002 0 0 0.005 0.001 0.004 0.005 0.003 0.014 0.001 0 0.001 0 0 0.003 0.018 0.014 0 0 0.003 0.001 0.003 0.013 0.001 0.057 0.01 0.003 0 0.001 0.003 0.024 0.006 0 0.005 0.003 0.001 0.003 0.004 0 0.005 0.004 0 0.001 0 0.005 0.004 0.001 0 0 0.002 0.001 0.004 0.005 0.001 0 0 0.001 1 0.003 0 0.001 0
0.001 0.001 0.002 0.008 0 0.002 0 0.002 0.021 0.005 0.001 0 0.087 0.007 0.001 0.002 0 0.005 0.161 0.007 0.397 0.049 0.093 0.003 0.046 0.003 0.176 0.005 0.001 0.001 0.003 0.048 0.067 0.005 0 0.026 0 0.052 0.096 0.004 0.059 0.173 0.582 0.007 0.007 0.217 0.144 0.057 0.005 0.605 0.587 0 0.534 0.618 0.009 0.629 0.776 0.01 0.08 0.043 0.596 0.671 0.012 0.005 0.007 0.341 0.017 0.703 0.669 0.013 0.051 0.008 0.146 0.003 1 0.01 0.015 0.096
0.007 0.009 0.008 0.001 0.001 0.017 0.006 0.005 0.003 0.001 0.004 0.002 0.002 0.015 0.013 0.012 0.006 0.001 0.003 0.015 0.007 0.006 0 0.002 0.001 0.002 0.003 0.017 0.004 0.002 0.008 0.003 0.008 0.001 0.018 0.008 0.006 0.008 0.007 0.002 0.001 0.012 0.009 0.001 0.002 0.018 0.007 0.001 0.48 0.014 0.008 0.002 0.008 0.01 0.833 0.015 0.012 0.001 0.002 0.001 0.013 0.01 0.002 0.001 0.001 0.005 0.002 0.01 0.013 0.002 0.001 0.001 0.002 0 0.01 1 0.16 0.001
0 0 0 0.001 0 0.004 0.001 0.008 0 0.001 0.007 0.003 0.002 0.007 0.002 0.001 0.01 0.001 0.004 0.007 0.011 0.013 0 0 0.002 0.004 0.005 0.005 0.004 0.002 0.013 0.011 0.015 0.001 0 0.011 0.001 0.011 0.019 0.039 0 0.034 0.015 0 0.004 0.028 0.007 0.018 0.027 0.022 0.013 0.003 0.013 0.017 0.139 0.024 0.019 0.002 0.003 0.002 0.02 0.016 0.204 0.001 0.002 0.007 0.002 0.016 0.021 0.184 0.002 0.002 0.003 0.001 0.015 0.16 1 0.002
0.004 0.003 0.004 0.008 0.006 0 0.001 0.004 0.009 0.001 0.003 0.002 0.19 0.001 0.006 0.006 0.005 0.001 0.001 0.012 0.054 0 0.027 0.007 0.02 0.002 0.003 0.003 0.001 0.001 0.007 0.015 0.025 0.001 0.001 0.006 0.002 0.006 0.029 0.001 0.007 0.014 0.059 0.001 0.002 0.027 0.016 0 0.001 0.038 0.067 0.002 0.074 0.054 0.001 0.069 0.091 0.001 0.001 0.447 0.083 0.108 0.001 0.001 0.001 0.001 0.002 0.092 0.079 0.001 0.449 0.001 0 0 0.096 0.001 0.002 1
