1 0.793 0.798 0.431 0.358 0.159 0.121 0.245 0.291 0.013 0.212 0.107 0.025 0.032 0.519 0.487 0.237 0.018 0.034 0.545 0.001 0.155 0.101 0.319 0.303 0.012 0.037 0.142 0.049 0.058 0.261 0.25 0.13 0 0.053 0.034 0.068 0.023 0.105 0.025 0.014 0.086 0.004 0.012 0.073 0.038 0.002 0.102 0.009 0.043 0 0.058 0 0.004 0.007 0.032 0.016 0.02 0.036 0.009 0.04 0.005 0.01 0.01 0.02 0.002 0.013 0.007 0.02 0.012 0.003 0 0.023 0.007 0.012 0.002 0.011 0.005
0.793 1 0.912 0.42 0.373 0.2 0.151 0.298 0.269 0.01 0.257 0.134 0.02 0.04 0.592 0.548 0.242 0.023 0.027 0.597 0 0.136 0.091 0.328 0.296 0.029 0.029 0.181 0.061 0.072 0.282 0.251 0.136 0.001 0.069 0.038 0.089 0.039 0.097 0.02 0.037 0.1 0.005 0.012 0.059 0.041 0 0.075 0.012 0.039 0 0.076 0 0.005 0.011 0.03 0.011 0.028 0.049 0.005 0.035 0.002 0.006 0.014 0.028 0.002 0.038 0.003 0.035 0.008 0.002 0.003 0.024 0.009 0.007 0.004 0.007 0.003
0.798 0.912 1 0.443 0.423 0.191 0.144 0.285 0.29 0.011 0.246 0.128 0.021 0.038 0.627 0.581 0.277 0.022 0.028 0.641 0 0.125 0.087 0.377 0.343 0.031 0.031 0.172 0.058 0.069 0.312 0.284 0.159 0.001 0.065 0.05 0.084 0.035 0.115 0.021 0.031 0.107 0.003 0.013 0.09 0.048 0 0.077 0.011 0.049 0 0.072 0 0.003 0.01 0.038 0.017 0.026 0.046 0.006 0.045 0.005 0.007 0.008 0.026 0 0.04 0.007 0.037 0.008 0.002 0.003 0.03 0.01 0.012 0.003 0.008 0.003
0.431 0.42 0.443 1 0.226 0.076 0.05 0.148 0.776 0.021 0.129 0.065 0.042 0.018 0.297 0.292 0.154 0.015 0.056 0.305 0.013 0.292 0.296 0.215 0.583 0.004 0.053 0.06 0.03 0.035 0.188 0.525 0.322 0.036 0.022 0.01 0.028 0.005 0.394 0.041 0.179 0.002 0.011 0.032 0.039 0 0.174 0.21 0.006 0 0.023 0.029 0.025 0.01 0.004 0 0.002 0.007 0.017 0.012 0 0.009 0.023 0.02 0.005 0.01 0.032 0.006 0 0.025 0.005 0.034 0.004 0.005 0.004 0.001 0.024 0.013
0.358 0.373 0.423 0.226 1 0.026 0.019 0.578 0.269 0.005 0.517 0.254 0.01 0.005 0.478 0.438 0.608 0.049 0.014 0.496 0.026 0.076 0.124 0.808 0.262 0.015 0.014 0.027 0.007 0.008 0.679 0.205 0.149 0 0.011 0.189 0.017 0.146 0.119 0.01 0.033 0.029 0.001 0.01 0.001 0.063 0.026 0.051 0.004 0.003 0.019 0.007 0.019 0.002 0.002 0.005 0 0.009 0.008 0.001 0.003 0.013 0.007 0.002 0.007 0.007 0.017 0.011 0.003 0.008 0 0 0 0.005 0.001 0.004 0.007 0.001
0.159 0.2 0.191 0.076 0.026 1 0.728 0.016 0.111 0.002 0.014 0.007 0.004 0.197 0.208 0.192 0.017 0.002 0.005 0.22 0.017 0.021 0.048 0.024 0.116 0.006 0.006 0.815 0.287 0.343 0.024 0.117 0.058 0 0.271 0.025 0.401 0.023 0.043 0.004 0.001 0.017 0.014 0.004 0.252 0.032 0.009 0.022 0.082 0.032 0.011 0.275 0.011 0.015 0.062 0.026 0 0.121 0.005 0.004 0.023 0 0 0.003 0.099 0 0.009 0 0.02 0 0.003 0.003 0.001 0.002 0 0.047 0 0.004
0.121 0.151 0.144 0.05 0.019 0.728 1 0.012 0.085 0.002 0.01 0.005 0.003 0.002 0.163 0.151 0.012 0.001 0.004 0.172 0.013 0.016 0.036 0.018 0.085 0.004 0.005 0.613 0.394 0.471 0.017 0.085 0.035 0.003 0.378 0.018 0.561 0.016 0.025 0.003 0.018 0.052 0.008 0.003 0.357 0.018 0.045 0.013 0.077 0.067 0.007 0.388 0.007 0.009 0.059 0.058 0.002 0.174 0.004 0.003 0.052 0.004 0.004 0.002 0.142 0 0.007 0.004 0.045 0.004 0.002 0.003 0.003 0.001 0 0.047 0 0.003
0.245 0.298 0.285 0.148 0.578 0.016 0.012 1 0.162 0.003 0.868 0.438 0.006 0.003 0.286 0.264 0.759 0.003 0.008 0.306 0.012 0.047 0.069 0.495 0.166 0.009 0.008 0.016 0.004 0.005 0.472 0.147 0.109 0.001 0.007 0.255 0.01 0.266 0.092 0.006 0.019 0.066 0.001 0.006 0.01 0.127 0.091 0.046 0.003 0.002 0.012 0.002 0.012 0.001 0.004 0.002 0 0.006 0.007 0 0.001 0.018 0.003 0.005 0.004 0.013 0.009 0.019 0.001 0.004 0.001 0.001 0.006 0.003 0.001 0.005 0.007 0
0.291 0.269 0.29 0.776 0.269 0.111 0.085 0.162 1 0.018 0.14 0.075 0.036 0.022 0.394 0.38 0.169 0.018 0.041 0.39 0.107 0.256 0.448 0.246 0.705 0.007 0.038 0.096 0.034 0.04 0.212 0.648 0.412 0.041 0.035 0.016 0.043 0.009 0.502 0.035 0.212 0.001 0.056 0.036 0.048 0.006 0.208 0.24 0.015 0.01 0.094 0.036 0.1 0.057 0.011 0.014 0.027 0.01 0.036 0.009 0.011 0.054 0.021 0.018 0.015 0.026 0.041 0.045 0.01 0.023 0.005 0.04 0.005 0.007 0.036 0 0.013 0.016
0.013 0.01 0.011 0.021 0.005 0.002 0.002 0.003 0.018 1 0.003 0.001 0.001 0 0.005 0.004 0.003 0 0.001 0.009 0.003 0.004 0.009 0.005 0.015 0.043 0.001 0.002 0.001 0.001 0.005 0.015 0.016 0.001 0.001 0.003 0.001 0.003 0.009 0.023 0.005 0.012 0.004 0 0.001 0.004 0.012 0.02 0 0.007 0.004 0.001 0.004 0.005 0 0.007 0.006 0.001 0.001 0.001 0.007 0.005 0.001 0.156 0.001 0.002 0.002 0.005 0.006 0.001 0.001 0.001 0.001 0 0.005 0.001 0.001 0.001
0.212 0.257 0.246 0.129 0.517 0.014 0.01 0.868 0.14 0.003 1 0.503 0.005 0.003 0.243 0.224 0.659 0.002 0.007 0.26 0.009 0.04 0.058 0.414 0.141 0.008 0.007 0.014 0.003 0.004 0.39 0.122 0.089 0.002 0.006 0.189 0.009 0.195 0.076 0.005 0.014 0.046 0.002 0.005 0.009 0.097 0.066 0.045 0.003 0 0.009 0.001 0.009 0.002 0.003 0.001 0 0.005 0.006 0.001 0 0.014 0.003 0.004 0.003 0.011 0.008 0.014 0 0.003 0.002 0.002 0.005 0.002 0 0.005 0.006 0
0.107 0.134 0.128 0.065 0.254 0.007 0.005 0.438 0.075 0.001 0.503 1 0.003 0.002 0.145 0.134 0.409 0.001 0.004 0.154 0.011 0.02 0.039 0.209 0.085 0.004 0.003 0.007 0.002 0.002 0.21 0.087 0.066 0.01 0.003 0.083 0.005 0.079 0.059 0.003 0.002 0.012 0.003 0.002 0.005 0.035 0.037 0.03 0.001 0 0.011 0 0.011 0.002 0.002 0 0 0.003 0.003 0.003 0 0.014 0.003 0.002 0.002 0.006 0.006 0.015 0 0.003 0.002 0.009 0.003 0.001 0 0.002 0.003 0.003
0.025 0.02 0.021 0.042 0.01 0.004 0.003 0.006 0.036 0.001 0.005 0.003 1 0.001 0.01 0.008 0.007 0.001 0.002 0.01 0.132 0.012 0.029 0.009 0.031 0.002 0.002 0.004 0.001 0.001 0.008 0.024 0.031 0.001 0 0.01 0 0.009 0.037 0.002 0.01 0.053 0.077 0.002 0 0.028 0.024 0 0.001 0.06 0.098 0 0.078 0.06 0.001 0.108 0.069 0 0.022 0.375 0.058 0.075 0.002 0.001 0 0 0.004 0.063 0.063 0.002 0.093 0.002 0.01 0.001 0.07 0.001 0.002 0.147
0.032 0.04 0.038 0.018 0.005 0.197 0.002 0.003 0.022 0 0.003 0.002 0.001 1 0.043 0.04 0.003 0 0.001 0.046 0.004 0.004 0.01 0.005 0.025 0.001 0.001 0.182 0.001 0.001 0.005 0.027 0.025 0.005 0.001 0.003 0.002 0.002 0.022 0.001 0.083 0.013 0.005 0 0.002 0.013 0.034 0.011 0.008 0.008 0.004 0.002 0.004 0.005 0.005 0.009 0.007 0.001 0.001 0.001 0.008 0.006 0.011 0.001 0.001 0.003 0.002 0.006 0.007 0.01 0.001 0 0.001 0 0.006 0.003 0.002 0.001
0.519 0.592 0.627 0.297 0.478 0.208 0.163 0.286 0.394 0.005 0.243 0.145 0.01 0.043 1 0.883 0.346 0.035 0.019 0.81 0.057 0.101 0.197 0.476 0.437 0.023 0.021 0.206 0.064 0.077 0.388 0.391 0.274 0 0.09 0.09 0.112 0.069 0.224 0.018 0.022 0.061 0.019 0.012 0.119 0.016 0.007 0.079 0.017 0.004 0.048 0.098 0.049 0.02 0.014 0.002 0.002 0.042 0.014 0.018 0.005 0.015 0.006 0.004 0.05 0.005 0.03 0.013 0.002 0.007 0.014 0.002 0 0.008 0.005 0.006 0.003 0.019
0.487 0.548 0.581 0.292 0.438 0.192 0.151 0.264 0.38 0.004 0.224 0.134 0.008 0.04 0.883 1 0.32 0.032 0.02 0.777 0.061 0.098 0.197 0.462 0.428 0.019 0.023 0.19 0.059 0.072 0.402 0.368 0.27 0.001 0.087 0.101 0.106 0.079 0.224 0.02 0.023 0.06 0.024 0.005 0.113 0.017 0.009 0.063 0.015 0.002 0.056 0.093 0.056 0.026 0.013 0 0.005 0.041 0.012 0.019 0.002 0.02 0.007 0.004 0.049 0.007 0.034 0.018 0.001 0.008 0.015 0.001 0 0.006 0.008 0.005 0.004 0.02
0.237 0.242 0.277 0.154 0.608 0.017 0.012 0.759 0.169 0.003 0.659 0.409 0.007 0.003 0.346 0.32 1 0.003 0.009 0.378 0.028 0.05 0.096 0.574 0.211 0.01 0.009 0.018 0.005 0.006 0.55 0.186 0.141 0.001 0.008 0.311 0.012 0.243 0.122 0.007 0.015 0.067 0.001 0.006 0 0.123 0.088 0.043 0.003 0.001 0.025 0.003 0.024 0.001 0.004 0.001 0 0.007 0.008 0.007 0 0.014 0.004 0.005 0.005 0.001 0.01 0.011 0.001 0.004 0.005 0.001 0.002 0.003 0 0.006 0.008 0.007
0.018 0.023 0.022 0.015 0.049 0.002 0.001 0.003 0.018 0 0.002 0.001 0.001 0 0.035 0.032 0.003 1 0.001 0.037 0.003 0.005 0.009 0.069 0.021 0.001 0.001 0.002 0.001 0.001 0.07 0.022 0.018 0.001 0.001 0.003 0.001 0.003 0.015 0.001 0.004 0.012 0.004 0 0.001 0.009 0.005 0.003 0 0.006 0.003 0.001 0.003 0.004 0 0.006 0.005 0.001 0.001 0.001 0.005 0.004 0.001 0.001 0.001 0.002 0.001 0.002 0.005 0.001 0.001 0.001 0.001 0 0.004 0 0.001 0.001
0.034 0.027 0.028 0.056 0.014 0.005 0.004 0.008 0.041 0.001 0.007 0.004 0.002 0.001 0.019 0.02 0.009 0.001 1 0.024 0.323 0.017 0.093 0.013 0.042 0.003 0.879 0.006 0.002 0.002 0.013 0.03 0.034 0.002 0.002 0.013 0.003 0.01 0.043 0.002 0.007 0.057 0.211 0.002 0.004 0.039 0.024 0.019 0.001 0.133 0.173 0.003 0.197 0.193 0.001 0.119 0.159 0.002 0.003 0.001 0.09 0.174 0.002 0.002 0.002 0.394 0.005 0.162 0.143 0.003 0 0.002 0.002 0.004 0.167 0.002 0.003 0.001
0.545 0.597 0.641 0.305 0.496 0.22 0.172 0.306 0.39 0.009 0.26 0.154 0.01 0.046 0.81 0.777 0.378 0.037 0.024 1 0.064 0.099 0.203 0.518 0.472 0.025 0.024 0.177 0.068 0.081 0.452 0.382 0.239 0 0.053 0.08 0.078 0.059 0.195 0.005 0.019 0.039 0.021 0.017 0.083 0.008 0.007 0.069 0.018 0.001 0.053 0.064 0.059 0.023 0.016 0 0.003 0.016 0.02 0.018 0 0.017 0.001 0.006 0.018 0.003 0.029 0.015 0 0.001 0.014 0.002 0.001 0.008 0.006 0.007 0 0.018
0.001 0 0 0.013 0.026 0.017 0.013 0.012 0.107 0.003 0.009 0.011 0.132 0.004 0.057 0.061 0.028 0.003 0.323 0.064 1 0.047 0.278 0.04 0.117 0.01 0.33 0.018 0.004 0.005 0.038 0.1 0.123 0.006 0.002 0.04 0.005 0.034 0.149 0.007 0.033 0.186 0.605 0.002 0.005 0.17 0.079 0.016 0.003 0.432 0.651 0.004 0.624 0.561 0.004 0.388 0.475 0.001 0.247 0.072 0.361 0.526 0.007 0.005 0 0.262 0.015 0.506 0.438 0.008 0.105 0.006 0.082 0 0.487 0.006 0.005 0.128
0.155 0.136 0.125 0.292 0.076 0.021 0.016 0.047 0.256 0.004 0.04 0.02 0.012 0.004 0.101 0.098 0.05 0.005 0.017 0.099 0.047 1 0.423 0.072 0.184 0.018 0.014 0.034 0.009 0.011 0.064 0.173 0.029 0.011 0.014 0.03 0.021 0.033 0.042 0.079 0.05 0.014 0.052 0.099 0.02 0.015 0.007 0.143 0.002 0.07 0.032 0.014 0.028 0.038 0 0.069 0.052 0.005 0.015 0.007 0.056 0.041 0.057 0 0.009 0.015 0.008 0.042 0.057 0.066 0.005 0.01 0.01 0.004 0.046 0.012 0.054 0.003
0.101 0.091 0.087 0.296 0.124 0.048 0.036 0.069 0.448 0.009 0.058 0.039 0.029 0.01 0.197 0.197 0.096 0.009 0.093 0.203 0.278 0.423 1 0.139 0.376 0.035 0.102 0.066 0.018 0.022 0.127 0.343 0.154 0.022 0.02 0 0.033 0.001 0.201 0.026 0.104 0.066 0.178 0.061 0.032 0.058 0.072 0.033 0.006 0.087 0.237 0.024 0.236 0.182 0.003 0.073 0.125 0.008 0.067 0.016 0.077 0.164 0.01 0.002 0.011 0.074 0.027 0.154 0.072 0.012 0.032 0.02 0.015 0.002 0.138 0.002 0.011 0.048
0.319 0.328 0.377 0.215 0.808 0.024 0.018 0.495 0.246 0.005 0.414 0.209 0.009 0.005 0.476 0.462 0.574 0.069 0.013 0.518 0.04 0.072 0.139 1 0.295 0.014 0.015 0.026 0.007 0.009 0.845 0.229 0.167 0.009 0.011 0.241 0.017 0.192 0.14 0.009 0.054 0.03 0.007 0.009 0 0.07 0.029 0.049 0.002 0.01 0.038 0.007 0.038 0.007 0.001 0.011 0.003 0.01 0.011 0.01 0.007 0.028 0.007 0.002 0.005 0.004 0.016 0.024 0.01 0.007 0.008 0.009 0.004 0.004 0.005 0.003 0.007 0.01
0.303 0.296 0.343 0.583 0.262 0.116 0.085 0.166 0.705 0.015 0.141 0.085 0.031 0.025 0.437 0.428 0.211 0.021 0.042 0.472 0.117 0.184 0.376 0.295 1 0.045 0.048 0.113 0.04 0.047 0.288 0.801 0.563 0.045 0.042 0.031 0.052 0.02 0.462 0.03 0.118 0 0.075 0.022 0.057 0.003 0.168 0.17 0.015 0.015 0.122 0.044 0.121 0.073 0.008 0.018 0.038 0.014 0.036 0.023 0.013 0.066 0.016 0.015 0.019 0.027 0.001 0.062 0.016 0.018 0.017 0.044 0.008 0.009 0.049 0 0.012 0.032
0.012 0.029 0.031 0.004 0.015 0.006 0.004 0.009 0.007 0.043 0.008 0.004 0.002 0.001 0.023 0.019 0.01 0.001 0.003 0.025 0.01 0.018 0.035 0.014 0.045 1 0.004 0.007 0.002 0.002 0.014 0.043 0.054 0.001 0.003 0.014 0.004 0.013 0.007 0.002 0.075 0.038 0.012 0 0.004 0.023 0.018 0.004 0.001 0.018 0.01 0.004 0.01 0.013 0.001 0.021 0.015 0.002 0.003 0.002 0.018 0.013 0.003 0.088 0.002 0.006 0.232 0.013 0.017 0.003 0.002 0.001 0.002 0.001 0.014 0.002 0.003 0.002
0.037 0.029 0.031 0.053 0.014 0.006 0.005 0.008 0.038 0.001 0.007 0.003 0.002 0.001 0.021 0.023 0.009 0.001 0.879 0.024 0.33 0.014 0.102 0.015 0.048 0.004 1 0.007 0.002 0.002 0.014 0.036 0.04 0.002 0.003 0.014 0.004 0.011 0.051 0.002 0.009 0.057 0.223 0.003 0.004 0.033 0.026 0.017 0.001 0.135 0.183 0.004 0.184 0.199 0.002 0.12 0.162 0.003 0.003 0.001 0.079 0.16 0.002 0.002 0.002 0.41 0.005 0.165 0.145 0.003 0.001 0.002 0.002 0.005 0.171 0.002 0.003 0.001
0.142 0.181 0.172 0.06 0.027 0.815 0.613 0.016 0.096 0.002 0.014 0.007 0.004 0.182 0.206 0.19 0.018 0.002 0.006 0.177 0.018 0.034 0.066 0.026 0.113 0.007 0.007 1 0.273 0.325 0.026 0.136 0.081 0 0.374 0.027 0.587 0.022 0.063 0.004 0 0.03 0.015 0.005 0.379 0.02 0.014 0.031 0.076 0.057 0.013 0.413 0.013 0.017 0.057 0.047 0 0.254 0.005 0.005 0.045 0 0 0.003 0.207 0.001 0.01 0 0.04 0 0.004 0.003 0.001 0.002 0.001 0.042 0 0.005
0.049 0.061 0.058 0.03 0.007 0.287 0.394 0.004 0.034 0.001 0.003 0.002 0.001 0.001 0.064 0.059 0.005 0.001 0.002 0.068 0.004 0.009 0.018 0.007 0.04 0.002 0.002 0.273 1 0.826 0.007 0.027 0.02 0.001 0.096 0.007 0.326 0.007 0.017 0.001 0.007 0.023 0.006 0.001 0.143 0.014 0.018 0.01 0.046 0.021 0.006 0.156 0.006 0.007 0.036 0.017 0.005 0.164 0.001 0.001 0.016 0.004 0.001 0.001 0.217 0.003 0.003 0.004 0.013 0.002 0.001 0.001 0 0.001 0.004 0.037 0.001 0.001
0.058 0.072 0.069 0.035 0.008 0.343 0.471 0.005 0.04 0.001 0.004 0.002 0.001 0.001 0.077 0.072 0.006 0.001 0.002 0.081 0.005 0.011 0.022 0.009 0.047 0.002 0.002 0.325 0.826 1 0.009 0.035 0.027 0.001 0.179 0.008 0.404 0.007 0.022 0.001 0.009 0.031 0.008 0.002 0.214 0.017 0.021 0.013 0.037 0.034 0.007 0.232 0.007 0.009 0.028 0.029 0 0.133 0.002 0.001 0.028 0 0.002 0.001 0.177 0.001 0.003 0 0.025 0.002 0.001 0.001 0 0.001 0 0.029 0.001 0.002
0.261 0.282 0.312 0.188 0.679 0.024 0.017 0.472 0.212 0.005 0.39 0.21 0.008 0.005 0.388 0.402 0.55 0.07 0.013 0.452 0.038 0.064 0.127 0.845 0.288 0.014 0.014 0.026 0.007 0.009 1 0.274 0.204 0.009 0.011 0.292 0.017 0.238 0.174 0.009 0.053 0.047 0.006 0.01 0 0.087 0.045 0.058 0.004 0.01 0.039 0.006 0.039 0.007 0.005 0.011 0.003 0.01 0.01 0.009 0.007 0.028 0.011 0.007 0.005 0.005 0.016 0.025 0.01 0.012 0.007 0.009 0.004 0.004 0.005 0.007 0.011 0.01
0.25 0.251 0.284 0.525 0.205 0.117 0.085 0.147 0.648 0.015 0.122 0.087 0.024 0.027 0.391 0.368 0.186 0.022 0.03 0.382 0.1 0.173 0.343 0.229 0.801 0.043 0.036 0.136 0.027 0.035 0.274 1 0.699 0.047 0.066 0.04 0.098 0.03 0.588 0.029 0.137 0.003 0.072 0.031 0.096 0.001 0.194 0.217 0.016 0.006 0.122 0.08 0.121 0.072 0.008 0.008 0.036 0.042 0.034 0.02 0.005 0.064 0.02 0.022 0.044 0.028 0.001 0.06 0.007 0.023 0.016 0.046 0.008 0.019 0.047 0 0.013 0.029
0.13 0.136 0.159 0.322 0.149 0.058 0.035 0.109 0.412 0.016 0.089 0.066 0.031 0.025 0.274 0.27 0.141 0.018 0.034 0.239 0.123 0.029 0.154 0.167 0.563 0.054 0.04 0.081 0.02 0.027 0.204 0.699 1 0.037 0.043 0.246 0.066 0.231 0.813 0.037 0.093 0.037 0.104 0.028 0.073 0.004 0.322 0.21 0.006 0.023 0.157 0.067 0.148 0.1 0.002 0.026 0.062 0.032 0.044 0.023 0.016 0.093 0.021 0.028 0.021 0.033 0.003 0.088 0.022 0.024 0.016 0.036 0.021 0.015 0.074 0.003 0.011 0.033
0 0.001 0.001 0.036 0 0 0.003 0.001 0.041 0.001 0.002 0.01 0.001 0.005 0 0.001 0.001 0.001 0.002 0 0.006 0.011 0.022 0.009 0.045 0.001 0.002 0 0.001 0.001 0.009 0.047 0.037 1 0.002 0.009 0.003 0.008 0.034 0.001 0.152 0.028 0.008 0.002 0.003 0.02 0.061 0.017 0.007 0.012 0.007 0.002 0.007 0.008 0.005 0.014 0.01 0.002 0.002 0.001 0.012 0.009 0.002 0.001 0.001 0.004 0.003 0.009 0.011 0.002 0.001 0.626 0.001 0.001 0.01 0.001 0.002 0.002
0.053 0.069 0.065 0.022 0.011 0.271 0.378 0.007 0.035 0.001 0.006 0.003 0 0.001 0.09 0.087 0.008 0.001 0.002 0.053 0.002 0.014 0.02 0.011 0.042 0.003 0.003 0.374 0.096 0.179 0.011 0.066 0.043 0.002 1 0.012 0.609 0.011 0.045 0.002 0.012 0.064 0.01 0.002 0.379 0.006 0.029 0.023 0.125 0.068 0.009 0.411 0.009 0.011 0.098 0.059 0 0.285 0.002 0.002 0.059 0.001 0.002 0.001 0.189 0.002 0.004 0.001 0.055 0.002 0.002 0.002 0.002 0.001 0 0.062 0 0.002
0.034 0.038 0.05 0.01 0.189 0.025 0.018 0.255 0.016 0.003 0.189 0.083 0.01 0.003 0.09 0.101 0.311 0.003 0.013 0.08 0.04 0.03 0 0.241 0.031 0.014 0.014 0.027 0.007 0.008 0.292 0.04 0.246 0.009 0.012 1 0.017 0.891 0.21 0.01 0.056 0.27 0.044 0.13 0.001 0.216 0.229 0.02 0.005 0.044 0.039 0.011 0.034 0.043 0.006 0.046 0.029 0.01 0.012 0.006 0.032 0.025 0.007 0.007 0.008 0.006 0.014 0.022 0.044 0.003 0.004 0.009 0.005 0.004 0.025 0.008 0.001 0.006
0.068 0.089 0.084 0.028 0.017 0.401 0.561 0.01 0.043 0.001 0.009 0.005 0 0.002 0.112 0.106 0.012 0.001 0.003 0.078 0.005 0.021 0.033 0.017 0.052 0.004 0.004 0.587 0.326 0.404 0.017 0.098 0.066 0.003 0.609 0.017 1 0.014 0.067 0.003 0.018 0.083 0.015 0.003 0.576 0.008 0.044 0.029 0.08 0.103 0.014 0.624 0.014 0.017 0.061 0.091 0 0.424 0.004 0.003 0.093 0 0.003 0.002 0.305 0 0.006 0 0.084 0.004 0.002 0.003 0 0.001 0.001 0.037 0 0.003
0.023 0.039 0.035 0.005 0.146 0.023 0.016 0.266 0.009 0.003 0.195 0.079 0.009 0.002 0.069 0.079 0.243 0.003 0.01 0.059 0.034 0.033 0.001 0.192 0.02 0.013 0.011 0.022 0.007 0.007 0.238 0.03 0.231 0.008 0.011 0.891 0.014 1 0.202 0.009 0.053 0.254 0.04 0.143 0.013 0.19 0.256 0.018 0.004 0.063 0.035 0.008 0.03 0.039 0.005 0.065 0.049 0.007 0.011 0.005 0.049 0.041 0.006 0.006 0.005 0.019 0.013 0.042 0.053 0.006 0.003 0.008 0.009 0.004 0.045 0.008 0.003 0.005
0.105 0.097 0.115 0.394 0.119 0.043 0.025 0.092 0.502 0.009 0.076 0.059 0.037 0.022 0.224 0.224 0.122 0.015 0.043 0.195 0.149 0.042 0.201 0.14 0.462 0.007 0.051 0.063 0.017 0.022 0.174 0.588 0.813 0.034 0.045 0.21 0.067 0.202 1 0.043 0.209 0.017 0.133 0.023 0.065 0 0.437 0.272 0.009 0.04 0.194 0.06 0.184 0.13 0.003 0.045 0.086 0.026 0.053 0.028 0.03 0.122 0.026 0.021 0.017 0.048 0.036 0.117 0.038 0.03 0.019 0.032 0.027 0.012 0.1 0.002 0.015 0.039
0.025 0.02 0.021 0.041 0.01 0.004 0.003 0.006 0.035 0.023 0.005 0.003 0.002 0.001 0.018 0.02 0.007 0.001 0.002 0.005 0.007 0.079 0.026 0.009 0.03 0.002 0.002 0.004 0.001 0.001 0.009 0.029 0.037 0.001 0.002 0.01 0.003 0.009 0.043 1 0.006 0.024 0.005 0.002 0.003 0.012 0.015 0.04 0.001 0.008 0.003 0.003 0.003 0.004 0.001 0.009 0.007 0 0.002 0.002 0.008 0.005 0.306 0.001 0.001 0.001 0 0.005 0.008 0.299 0.001 0.001 0.002 0.001 0.005 0.001 0.022 0.002
0.014 0.037 0.031 0.179 0.033 0.001 0.018 0.019 0.212 0.005 0.014 0.002 0.01 0.083 0.022 0.023 0.015 0.004 0.007 0.019 0.033 0.05 0.104 0.054 0.118 0.075 0.009 0 0.007 0.009 0.053 0.137 0.093 0.152 0.012 0.056 0.018 0.053 0.209 0.006 1 0.181 0.049 0.01 0.017 0.114 0.374 0.093 0.001 0.077 0.046 0.016 0.045 0.053 0 0.086 0.065 0.007 0.012 0.01 0.076 0.058 0.001 0.007 0.008 0.027 0.211 0.059 0.072 0.002 0.008 0.149 0.009 0.063 0.06 0.003 0.003 0.01
0.086 0.1 0.107 0.002 0.029 0.017 0.052 0.066 0.001 0.012 0.046 0.012 0.053 0.013 0.061 0.06 0.067 0.012 0.057 0.039 0.186 0.014 0.066 0.03 0 0.038 0.057 0.03 0.023 0.031 0.047 0.003 0.037 0.028 0.064 0.27 0.083 0.254 0.017 0.024 0.181 1 0.181 0.043 0.094 0.425 0 0.076 0.002 0.3 0.217 0.06 0.206 0.153 0 0.286 0.202 0.04 0.065 0.032 0.25 0.246 0.028 0.012 0.036 0.107 0.05 0.246 0.23 0.03 0.024 0.028 0.048 0.012 0.206 0.002 0.016 0.026
0.004 0.005 0.003 0.011 0.001 0.014 0.008 0.001 0.056 0.004 0.002 0.003 0.077 0.005 0.019 0.024 0.001 0.004 0.211 0.021 0.605 0.052 0.178 0.007 0.075 0.012 0.223 0.015 0.006 0.008 0.006 0.072 0.104 0.008 0.01 0.044 0.015 0.04 0.133 0.005 0.049 0.181 1 0.009 0.015 0.245 0.125 0.041 0.004 0.613 0.756 0.005 0.731 0.873 0.005 0.569 0.732 0.009 0.199 0.071 0.538 0.61 0.01 0.006 0.001 0.247 0.019 0.584 0.552 0.011 0.095 0.008 0.109 0.003 0.721 0.008 0.01 0.112
0.012 0.012 0.013 0.032 0.01 0.004 0.003 0.006 0.036 0 0.005 0.002 0.002 0 0.012 0.005 0.006 0 0.002 0.017 0.002 0.099 0.061 0.009 0.022 0 0.003 0.005 0.001 0.002 0.01 0.031 0.028 0.002 0.002 0.13 0.003 0.143 0.023 0.002 0.01 0.043 0.009 1 0.003 0.009 0.028 0.019 0.001 0.014 0.008 0.003 0.008 0.01 0.001 0.015 0.012 0.002 0.002 0.002 0.008 0.01 0 0.001 0.001 0.005 0.004 0.01 0.013 0 0.001 0.002 0.002 0.001 0.011 0.001 0.002 0.002
0.073 0.059 0.09 0.039 0.001 0.252 0.357 0.01 0.048 0.001 0.009 0.005 0 0.002 0.119 0.113 0 0.001 0.004 0.083 0.005 0.02 0.032 0 0.057 0.004 0.004 0.379 0.143 0.214 0 0.096 0.073 0.003 0.379 0.001 0.576 0.013 0.065 0.003 0.017 0.094 0.015 0.003 1 0 0.042 0.033 0.001 0.211 0.013 0.746 0.013 0.016 0.002 0.192 0.015 0.49 0.003 0.003 0.183 0.017 0.003 0.002 0.316 0.015 0.006 0.021 0.143 0.004 0.002 0.003 0.001 0.001 0.01 0.002 0.003 0.003
0.038 0.041 0.048 0 0.063 0.032 0.018 0.127 0.006 0.004 0.097 0.035 0.028 0.013 0.016 0.017 0.123 0.009 0.039 0.008 0.17 0.015 0.058 0.07 0.003 0.023 0.033 0.02 0.014 0.017 0.087 0.001 0.004 0.02 0.006 0.216 0.008 0.19 0 0.012 0.114 0.425 0.245 0.009 0 1 0.004 0.061 0.011 0.188 0.218 0.007 0.238 0.225 0.013 0.162 0.22 0.002 0.067 0.02 0.192 0.219 0.016 0.01 0 0.073 0.048 0.196 0.153 0.018 0.035 0.02 0.032 0.004 0.228 0.019 0.017 0.042
0.002 0 0 0.174 0.026 0.009 0.045 0.091 0.208 0.012 0.066 0.037 0.024 0.034 0.007 0.009 0.088 0.005 0.024 0.007 0.079 0.007 0.072 0.029 0.168 0.018 0.026 0.014 0.018 0.021 0.045 0.194 0.322 0.061 0.029 0.229 0.044 0.256 0.437 0.015 0.374 0 0.125 0.028 0.042 0.004 1 0.148 0.001 0.199 0.114 0.039 0.113 0.139 0.002 0.221 0.168 0.025 0.029 0.024 0.195 0.144 0.01 0.018 0.019 0.067 0.146 0.146 0.186 0.013 0.019 0.059 0.023 0.027 0.156 0.014 0.007 0.025
0.102 0.075 0.077 0.21 0.051 0.022 0.013 0.046 0.24 0.02 0.045 0.03 0 0.011 0.079 0.063 0.043 0.003 0.019 0.069 0.016 0.143 0.033 0.049 0.17 0.004 0.017 0.031 0.01 0.013 0.058 0.217 0.21 0.017 0.023 0.02 0.029 0.018 0.272 0.04 0.093 0.076 0.041 0.019 0.033 0.061 0.148 1 0.009 0.082 0.029 0.031 0.029 0.044 0.004 0.061 0.052 0.011 0.001 0.001 0.071 0.041 0.048 0.04 0.015 0.026 0.033 0.04 0.067 0.055 0.014 0.014 0 0.007 0.047 0.004 0.037 0.012
0.009 0.012 0.011 0.006 0.004 0.082 0.077 0.003 0.015 0 0.003 0.001 0.001 0.008 0.017 0.015 0.003 0 0.001 0.018 0.003 0.002 0.006 0.002 0.015 0.001 0.001 0.076 0.046 0.037 0.004 0.016 0.006 0.007 0.125 0.005 0.08 0.004 0.009 0.001 0.001 0.002 0.004 0.001 0.001 0.011 0.001 0.009 1 0.006 0.004 0.001 0.004 0.005 0.807 0.007 0.005 0.001 0.001 0.001 0.006 0.005 0.001 0.001 0.001 0.002 0.002 0.005 0.006 0.001 0.001 0.007 0.001 0 0.005 0.4 0.02 0.001
0.043 0.039 0.049 0 0.003 0.032 0.067 0.002 0.01 0.007 0 0 0.06 0.008 0.004 0.002 0.001 0.006 0.133 0.001 0.432 0.07 0.087 0.01 0.015 0.018 0.135 0.057 0.021 0.034 0.01 0.006 0.023 0.012 0.068 0.044 0.103 0.063 0.04 0.008 0.077 0.3 0.613 0.014 0.211 0.188 0.199 0.082 0.006 1 0.571 0.182 0.549 0.632 0.008 0.902 0.741 0.099 0.147 0.04 0.862 0.656 0.016 0.01 0.086 0.295 0.029 0.646 0.82 0.017 0.064 0.012 0.118 0.006 0.707 0.012 0.015 0.092
0 0 0 0.023 0.019 0.011 0.007 0.012 0.094 0.004 0.009 0.011 0.098 0.004 0.048 0.056 0.025 0.003 0.173 0.053 0.651 0.032 0.237 0.038 0.122 0.01 0.183 0.013 0.006 0.007 0.039 0.122 0.157 0.007 0.009 0.039 0.014 0.035 0.194 0.003 0.046 0.217 0.756 0.008 0.013 0.218 0.114 0.029 0.004 0.571 1 0.012 0.881 0.786 0.005 0.515 0.662 0.008 0.257 0.081 0.481 0.742 0.009 0.006 0.001 0.28 0.017 0.717 0.487 0.009 0.118 0.007 0.159 0.003 0.687 0.007 0.009 0.168
0.058 0.076 0.072 0.029 0.007 0.275 0.388 0.002 0.036 0.001 0.001 0 0 0.002 0.098 0.093 0.003 0.001 0.003 0.064 0.004 0.014 0.024 0.007 0.044 0.004 0.004 0.413 0.156 0.232 0.006 0.08 0.067 0.002 0.411 0.011 0.624 0.008 0.06 0.003 0.016 0.06 0.005 0.003 0.746 0.007 0.039 0.031 0.001 0.182 0.012 1 0.008 0.004 0.002 0.178 0.008 0.529 0.003 0 0.168 0.005 0.003 0.002 0.342 0 0.006 0.004 0.156 0.003 0 0.002 0 0.001 0 0.002 0.003 0
0 0 0 0.025 0.019 0.011 0.007 0.012 0.1 0.004 0.009 0.011 0.078 0.004 0.049 0.056 0.024 0.003 0.197 0.059 0.624 0.028 0.236 0.038 0.121 0.01 0.184 0.013 0.006 0.007 0.039 0.121 0.148 0.007 0.009 0.034 0.014 0.03 0.184 0.003 0.045 0.206 0.731 0.008 0.013 0.238 0.113 0.029 0.004 0.549 0.881 0.008 1 0.779 0.005 0.511 0.657 0.008 0.259 0.097 0.53 0.761 0.009 0.006 0.001 0.258 0.016 0.711 0.483 0.009 0.139 0.007 0.161 0.003 0.681 0.007 0.009 0.19
0.004 0.005 0.003 0.01 0.002 0.015 0.009 0.001 0.057 0.005 0.002 0.002 0.06 0.005 0.02 0.026 0.001 0.004 0.193 0.023 0.561 0.038 0.182 0.007 0.073 0.013 0.199 0.017 0.007 0.009 0.007 0.072 0.1 0.008 0.011 0.043 0.017 0.039 0.13 0.004 0.053 0.153 0.873 0.01 0.016 0.225 0.139 0.044 0.005 0.632 0.786 0.004 0.779 1 0.006 0.627 0.796 0.01 0.211 0.094 0.596 0.673 0.01 0.007 0.001 0.274 0.02 0.65 0.607 0.011 0.109 0.009 0.129 0.004 0.762 0.008 0.011 0.153
0.007 0.011 0.01 0.004 0.002 0.062 0.059 0.004 0.011 0 0.003 0.002 0.001 0.005 0.014 0.013 0.004 0 0.001 0.016 0.004 0 0.003 0.001 0.008 0.001 0.002 0.057 0.036 0.028 0.005 0.008 0.002 0.005 0.098 0.006 0.061 0.005 0.003 0.001 0 0 0.005 0.001 0.002 0.013 0.002 0.004 0.807 0.008 0.005 0.002 0.005 0.006 1 0.009 0.007 0.001 0.001 0.001 0.008 0.006 0.001 0.001 0.001 0.003 0.002 0.006 0.008 0.001 0.001 0.005 0.001 0 0.006 0.5 0.038 0.001
0.032 0.03 0.038 0 0.005 0.026 0.058 0.002 0.014 0.007 0.001 0 0.108 0.009 0.002 0 0.001 0.006 0.119 0 0.388 0.069 0.073 0.011 0.018 0.021 0.12 0.047 0.017 0.029 0.011 0.008 0.026 0.014 0.059 0.046 0.091 0.065 0.045 0.009 0.086 0.286 0.569 0.015 0.192 0.162 0.221 0.061 0.007 0.902 0.515 0.178 0.511 0.627 0.009 1 0.759 0.089 0.132 0.109 0.86 0.653 0.017 0.011 0.077 0.292 0.032 0.655 0.832 0.018 0.087 0.014 0.106 0.007 0.707 0.013 0.017 0.115
0.016 0.011 0.017 0.002 0 0 0.002 0 0.027 0.006 0 0 0.069 0.007 0.002 0.005 0 0.005 0.159 0.003 0.475 0.052 0.125 0.003 0.038 0.015 0.162 0 0.005 0 0.003 0.036 0.062 0.01 0 0.029 0 0.049 0.086 0.007 0.065 0.202 0.732 0.012 0.015 0.22 0.168 0.052 0.005 0.741 0.662 0.008 0.657 0.796 0.007 0.759 1 0.012 0.165 0.081 0.718 0.843 0.013 0.008 0.002 0.376 0.024 0.847 0.699 0.014 0.115 0.01 0.13 0.005 0.919 0.01 0.013 0.152
0.02 0.028 0.026 0.007 0.009 0.121 0.174 0.006 0.01 0.001 0.005 0.003 0 0.001 0.042 0.041 0.007 0.001 0.002 0.016 0.001 0.005 0.008 0.01 0.014 0.002 0.003 0.254 0.164 0.133 0.01 0.042 0.032 0.002 0.285 0.01 0.424 0.007 0.026 0 0.007 0.04 0.009 0.002 0.49 0.002 0.025 0.011 0.001 0.099 0.008 0.529 0.008 0.01 0.001 0.089 0.012 1 0.002 0.002 0.101 0.01 0 0.001 0.541 0.005 0.004 0.01 0.098 0 0.001 0.002 0.002 0.001 0.011 0.001 0.002 0.002
0.036 0.049 0.046 0.017 0.008 0.005 0.004 0.007 0.036 0.001 0.006 0.003 0.022 0.001 0.014 0.012 0.008 0.001 0.003 0.02 0.247 0.015 0.067 0.011 0.036 0.003 0.003 0.005 0.001 0.002 0.01 0.034 0.044 0.002 0.002 0.012 0.004 0.011 0.053 0.002 0.012 0.065 0.199 0.002 0.003 0.067 0.029 0.001 0.001 0.147 0.257 0.003 0.259 0.211 0.001 0.132 0.165 0.002 1 0.007 0.138 0.198 0.002 0.001 0.002 0.027 0.004 0.2 0.135 0.002 0.011 0.002 0.199 0.001 0.167 0.002 0.002 0.006
0.009 0.005 0.006 0.012 0.001 0.004 0.003 0 0.009 0.001 0.001 0.003 0.375 0.001 0.018 0.019 0.007 0.001 0.001 0.018 0.072 0.007 0.016 0.01 0.023 0.002 0.001 0.005 0.001 0.001 0.009 0.02 0.023 0.001 0.002 0.006 0.003 0.005 0.028 0.002 0.01 0.032 0.071 0.002 0.003 0.02 0.024 0.001 0.001 0.04 0.081 0 0.097 0.094 0.001 0.109 0.081 0.002 0.007 1 0.068 0.097 0.002 0.001 0.001 0.005 0.004 0.079 0.064 0.002 0.363 0.002 0 0.001 0.068 0.001 0.002 0.447
0.04 0.035 0.045 0 0.003 0.023 0.052 0.001 0.011 0.007 0 0 0.058 0.008 0.005 0.002 0 0.005 0.09 0 0.361 0.056 0.077 0.007 0.013 0.018 0.079 0.045 0.016 0.028 0.007 0.005 0.016 0.012 0.059 0.032 0.093 0.049 0.03 0.008 0.076 0.25 0.538 0.008 0.183 0.192 0.195 0.071 0.006 0.862 0.481 0.168 0.53 0.596 0.008 0.86 0.718 0.101 0.138 0.068 1 0.636 0.015 0.01 0.088 0.243 0.029 0.616 0.819 0.016 0.099 0.012 0.108 0.006 0.669 0.011 0.015 0.131
0.005 0.002 0.005 0.009 0.013 0 0.004 0.018 0.054 0.005 0.014 0.014 0.075 0.006 0.015 0.02 0.014 0.004 0.174 0.017 0.526 0.041 0.164 0.028 0.066 0.013 0.16 0 0.004 0 0.028 0.064 0.093 0.009 0.001 0.025 0 0.041 0.122 0.005 0.058 0.246 0.61 0.01 0.017 0.219 0.144 0.041 0.005 0.656 0.742 0.005 0.761 0.673 0.006 0.653 0.843 0.01 0.198 0.097 0.636 1 0.011 0.007 0.001 0.383 0.021 0.923 0.579 0.012 0.134 0.009 0.158 0.004 0.817 0.008 0.011 0.177
0.01 0.006 0.007 0.023 0.007 0 0.004 0.003 0.021 0.001 0.003 0.003 0.002 0.011 0.006 0.007 0.004 0.001 0.002 0.001 0.007 0.057 0.01 0.007 0.016 0.003 0.002 0 0.001 0.002 0.011 0.02 0.021 0.002 0.002 0.007 0.003 0.006 0.026 0.306 0.001 0.028 0.01 0 0.003 0.016 0.01 0.048 0.001 0.016 0.009 0.003 0.009 0.01 0.001 0.017 0.013 0 0.002 0.002 0.015 0.011 1 0.001 0.002 0.005 0.004 0.011 0.015 0.931 0.002 0.002 0.002 0 0.012 0.002 0.108 0.002
0.01 0.014 0.008 0.02 0.002 0.003 0.002 0.005 0.018 0.156 0.004 0.002 0.001 0.001 0.004 0.004 0.005 0.001 0.002 0.006 0.005 0 0.002 0.002 0.015 0.088 0.002 0.003 0.001 0.001 0.007 0.022 0.028 0.001 0.001 0.007 0.002 0.006 0.021 0.001 0.007 0.012 0.006 0.001 0.002 0.01 0.018 0.04 0.001 0.01 0.006 0.002 0.006 0.007 0.001 0.011 0.008 0.001 0.001 0.001 0.01 0.007 0.001 1 0.001 0.003 0.003 0.007 0.009 0.002 0.001 0.001 0.001 0.001 0.008 0.001 0.001 0.001
0.02 0.028 0.026 0.005 0.007 0.099 0.142 0.004 0.015 0.001 0.003 0.002 0 0.001 0.05 0.049 0.005 0.001 0.002 0.018 0 0.009 0.011 0.005 0.019 0.002 0.002 0.207 0.217 0.177 0.005 0.044 0.021 0.001 0.189 0.008 0.305 0.005 0.017 0.001 0.008 0.036 0.001 0.001 0.316 0 0.019 0.015 0.001 0.086 0.001 0.342 0.001 0.001 0.001 0.077 0.002 0.541 0.002 0.001 0.088 0.001 0.002 0.001 1 0.001 0.003 0.001 0.083 0.002 0.001 0.001 0.005 0.001 0.002 0.001 0.001 0.001
0.002 0.002 0 0.01 0.007 0 0 0.013 0.026 0.002 0.011 0.006 0 0.003 0.005 0.007 0.001 0.002 0.394 0.003 0.262 0.015 0.074 0.004 0.027 0.006 0.41 0.001 0.003 0.001 0.005 0.028 0.033 0.004 0.002 0.006 0 0.019 0.048 0.001 0.027 0.107 0.247 0.005 0.015 0.073 0.067 0.026 0.002 0.295 0.28 0 0.258 0.274 0.003 0.292 0.376 0.005 0.027 0.005 0.243 0.383 0.005 0.003 0.001 1 0.01 0.409 0.313 0.006 0.004 0.004 0.002 0.002 0.392 0.004 0.005 0
0.013 0.038 0.04 0.032 0.017 0.009 0.007 0.009 0.041 0.002 0.008 0.006 0.004 0.002 0.03 0.034 0.01 0.001 0.005 0.029 0.015 0.008 0.027 0.016 0.001 0.232 0.005 0.01 0.003 0.003 0.016 0.001 0.003 0.003 0.004 0.014 0.006 0.013 0.036 0 0.211 0.05 0.019 0.004 0.006 0.048 0.146 0.033 0.002 0.029 0.017 0.006 0.016 0.02 0.002 0.032 0.024 0.004 0.004 0.004 0.029 0.021 0.004 0.003 0.003 0.01 1 0.021 0.027 0.004 0.003 0.003 0.003 0.002 0.023 0.003 0.004 0.004
0.007 0.003 0.007 0.006 0.011 0 0.004 0.019 0.045 0.005 0.014 0.015 0.063 0.006 0.013 0.018 0.011 0.002 0.162 0.015 0.506 0.042 0.154 0.024 0.062 0.013 0.165 0 0.004 0 0.025 0.06 0.088 0.009 0.001 0.022 0 0.042 0.117 0.005 0.059 0.246 0.584 0.01 0.021 0.196 0.146 0.04 0.005 0.646 0.717 0.004 0.711 0.65 0.006 0.655 0.847 0.01 0.2 0.079 0.616 0.923 0.011 0.007 0.001 0.409 0.021 1 0.582 0.012 0.132 0.009 0.16 0.004 0.821 0.009 0.011 0.153
0.02 0.035 0.037 0 0.003 0.02 0.045 0.001 0.01 0.006 0 0 0.063 0.007 0.002 0.001 0.001 0.005 0.143 0 0.438 0.057 0.072 0.01 0.016 0.017 0.145 0.04 0.013 0.025 0.01 0.007 0.022 0.011 0.055 0.044 0.084 0.053 0.038 0.008 0.072 0.23 0.552 0.013 0.143 0.153 0.186 0.067 0.006 0.82 0.487 0.156 0.483 0.607 0.008 0.832 0.699 0.098 0.135 0.064 0.819 0.579 0.015 0.009 0.083 0.313 0.027 0.582 1 0.015 0.104 0.012 0.126 0.006 0.639 0.011 0.011 0.126
0.012 0.008 0.008 0.025 0.008 0 0.004 0.004 0.023 0.001 0.003 0.003 0.002 0.01 0.007 0.008 0.004 0.001 0.003 0.001 0.008 0.066 0.012 0.007 0.018 0.003 0.003 0 0.002 0.002 0.012 0.023 0.024 0.002 0.002 0.003 0.004 0.006 0.03 0.299 0.002 0.03 0.011 0 0.004 0.018 0.013 0.055 0.001 0.017 0.009 0.003 0.009 0.011 0.001 0.018 0.014 0 0.002 0.002 0.016 0.012 0.931 0.002 0.002 0.006 0.004 0.012 0.015 1 0.002 0.002 0.002 0.001 0.013 0.002 0.139 0.002
0.003 0.002 0.002 0.005 0 0.003 0.002 0.001 0.005 0.001 0.002 0.002 0.093 0.001 0.014 0.015 0.005 0.001 0 0.014 0.105 0.005 0.032 0.008 0.017 0.002 0.001 0.004 0.001 0.001 0.007 0.016 0.016 0.001 0.002 0.004 0.002 0.003 0.019 0.001 0.008 0.024 0.095 0.001 0.002 0.035 0.019 0.014 0.001 0.064 0.118 0 0.139 0.109 0.001 0.087 0.115 0.001 0.011 0.363 0.099 0.134 0.002 0.001 0.001 0.004 0.003 0.132 0.104 0.002 1 0.001 0.001 0.001 0.097 0.001 0.001 0.511
0 0.003 0.003 0.034 0 0.003 0.003 0.001 0.04 0.001 0.002 0.009 0.002 0 0.002 0.001 0.001 0.001 0.002 0.002 0.006 0.01 0.02 0.009 0.044 0.001 0.002 0.003 0.001 0.001 0.009 0.046 0.036 0.626 0.002 0.009 0.003 0.008 0.032 0.001 0.149 0.028 0.008 0.002 0.003 0.02 0.059 0.014 0.007 0.012 0.007 0.002 0.007 0.009 0.005 0.014 0.01 0.002 0.002 0.002 0.012 0.009 0.002 0.001 0.001 0.004 0.003 0.009 0.012 0.002 0.001 1 0.001 0.001 0.01 0.001 0.002 0.002
0.023 0.024 0.03 0.004 0 0.001 0.003 0.006 0.005 0.001 0.005 0.003 0.01 0.001 0 0 0.002 0.001 0.002 0.001 0.082 0.01 0.015 0.004 0.008 0.002 0.002 0.001 0 0 0.004 0.008 0.021 0.001 0.002 0.005 0 0.009 0.027 0.002 0.009 0.048 0.109 0.002 0.001 0.032 0.023 0 0.001 0.118 0.159 0 0.161 0.129 0.001 0.106 0.13 0.002 0.199 0 0.108 0.158 0.002 0.001 0.005 0.002 0.003 0.16 0.126 0.002 0.001 0.001 1 0.001 0.134 0.001 0.002 0
0.007 0.009 0.01 0.005 0.005 0.002 0.001 0.003 0.007 0 0.002 0.001 0.001 0 0.008 0.006 0.003 0 0.004 0.008 0 0.004 0.002 0.004 0.009 0.001 0.005 0.002 0.001 0.001 0.004 0.019 0.015 0.001 0.001 0.004 0.001 0.004 0.012 0.001 0.063 0.012 0.003 0.001 0.001 0.004 0.027 0.007 0 0.006 0.003 0.001 0.003 0.004 0 0.007 0.005 0.001 0.001 0.001 0.006 0.004 0 0.001 0.001 0.002 0.002 0.004 0.006 0.001 0.001 0.001 0.001 1 0.005 0.001 0.001 0.001
0.012 0.007 0.012 0.004 0.001 0 0 0.001 0.036 0.005 0 0 0.07 0.006 0.005 0.008 0 0.004 0.167 0.006 0.487 0.046 0.138 0.005 0.049 0.014 0.171 0.001 0.004 0 0.005 0.047 0.074 0.01 0 0.025 0.001 0.045 0.1 0.005 0.06 0.206 0.721 0.011 0.01 0.228 0.156 0.047 0.005 0.707 0.687 0 0.681 0.762 0.006 0.707 0.919 0.011 0.167 0.068 0.669 0.817 0.012 0.008 0.002 0.392 0.023 0.821 0.639 0.013 0.097 0.01 0.134 0.005 1 0.009 0.012 0.159
0.002 0.004 0.003 0.001 0.004 0.047 0.047 0.005 0 0.001 0.005 0.002 0.001 0.003 0.006 0.005 0.006 0 0.002 0.007 0.006 0.012 0.002 0.003 0 0.002 0.002 0.042 0.037 0.029 0.007 0 0.003 0.001 0.062 0.008 0.037 0.008 0.002 0.001 0.003 0.002 0.008 0.001 0.002 0.019 0.014 0.004 0.4 0.012 0.007 0.002 0.007 0.008 0.5 0.013 0.01 0.001 0.002 0.001 0.011 0.008 0.002 0.001 0.001 0.004 0.003 0.009 0.011 0.002 0.001 0.001 0.001 0.001 0.009 1 0.118 0.002
0.011 0.007 0.008 0.024 0.007 0 0 0.007 0.013 0.001 0.006 0.003 0.002 0.002 0.003 0.004 0.008 0.001 0.003 0 0.005 0.054 0.011 0.007 0.012 0.003 0.003 0 0.001 0.001 0.011 0.013 0.011 0.002 0 0.001 0 0.003 0.015 0.022 0.003 0.016 0.01 0.002 0.003 0.017 0.007 0.037 0.02 0.015 0.009 0.003 0.009 0.011 0.038 0.017 0.013 0.002 0.002 0.002 0.015 0.011 0.108 0.001 0.001 0.005 0.004 0.011 0.011 0.139 0.001 0.002 0.002 0.001 0.012 0.118 1 0.002
0.005 0.003 0.003 0.013 0.001 0.004 0.003 0 0.016 0.001 0 0.003 0.147 0.001 0.019 0.02 0.007 0.001 0.001 0.018 0.128 0.003 0.048 0.01 0.032 0.002 0.001 0.005 0.001 0.002 0.01 0.029 0.033 0.002 0.002 0.006 0.003 0.005 0.039 0.002 0.01 0.026 0.112 0.002 0.003 0.042 0.025 0.012 0.001 0.092 0.168 0 0.19 0.153 0.001 0.115 0.152 0.002 0.006 0.447 0.131 0.177 0.002 0.001 0.001 0 0.004 0.153 0.126 0.002 0.511 0.002 0 0.001 0.159 0.002 0.002 1
