1 0.752 0.782 0.428 0.34 0.187 0.15 0.227 0.291 0.01 0.221 0.134 0.023 0.027 0.48 0.452 0.264 0.038 0.035 0.486 0.016 0.099 0.119 0.308 0.267 0.001 0.038 0.157 0.057 0.055 0.219 0.219 0.121 0.001 0.057 0.039 0.088 0.021 0.122 0.026 0.006 0.05 0.006 0.009 0.115 0.004 0.007 0.073 0.003 0.023 0.017 0.087 0.014 0.003 0.01 0.017 0.001 0.048 0.026 0.006 0.023 0.002 0.021 0.004 0.035 0.023 0 0.001 0.008 0.025 0.003 0.002 0.035 0 0 0.016 0.009 0.001
0.752 1 0.919 0.394 0.37 0.245 0.196 0.299 0.251 0.008 0.289 0.175 0.017 0.035 0.588 0.548 0.272 0.051 0.027 0.575 0.006 0.089 0.091 0.34 0.254 0.015 0.029 0.208 0.074 0.072 0.245 0.206 0.117 0.001 0.077 0.043 0.118 0.044 0.101 0.02 0.036 0.08 0.001 0.01 0.087 0.011 0 0.041 0.006 0.03 0.008 0.117 0.006 0 0.016 0.025 0.001 0.066 0.035 0.004 0.029 0.003 0.015 0.002 0.05 0.029 0.019 0.001 0.019 0.018 0.001 0.003 0.03 0.008 0 0.025 0.004 0
0.782 0.919 1 0.425 0.432 0.235 0.188 0.286 0.278 0.008 0.277 0.168 0.018 0.034 0.627 0.585 0.335 0.048 0.028 0.629 0.008 0.088 0.093 0.397 0.291 0.016 0.031 0.199 0.071 0.069 0.293 0.24 0.142 0.001 0.073 0.065 0.113 0.04 0.123 0.021 0.034 0.098 0.001 0.01 0.147 0.02 0 0.049 0.006 0.047 0.009 0.112 0.007 0 0.015 0.039 0.006 0.063 0.034 0.004 0.046 0 0.016 0.002 0.048 0.016 0.02 0 0.024 0.019 0.001 0.004 0.046 0.008 0.005 0.023 0.005 0
0.428 0.394 0.425 1 0.209 0.098 0.077 0.125 0.81 0.018 0.123 0.074 0.041 0.015 0.306 0.29 0.17 0.027 0.063 0.314 0.05 0.239 0.319 0.213 0.633 0.003 0.06 0.078 0.032 0.029 0.13 0.562 0.353 0.028 0.025 0.004 0.04 0.001 0.416 0.048 0.225 0 0.033 0.026 0.06 0.015 0.175 0.163 0.003 0 0.053 0.043 0.054 0.025 0.008 0 0.008 0.021 0.013 0.005 0 0.025 0.042 0.01 0.031 0.034 0.071 0.016 0.002 0.047 0.004 0.032 0.016 0.008 0.011 0.009 0.011 0.006
0.34 0.37 0.432 0.209 1 0.017 0.014 0.481 0.243 0.004 0.484 0.277 0.009 0.003 0.484 0.438 0.67 0.096 0.015 0.477 0.034 0.066 0.12 0.758 0.233 0.008 0.016 0.017 0.005 0.006 0.572 0.203 0.15 0 0.008 0.184 0.011 0.124 0.129 0.011 0.023 0.031 0.004 0.007 0.001 0.054 0.029 0.045 0.003 0 0.027 0.004 0.026 0.002 0.001 0.001 0 0.009 0.003 0.005 0 0.011 0.009 0.005 0.008 0.005 0.007 0.007 0.003 0.01 0.005 0.001 0 0.004 0 0 0.003 0.007
0.187 0.245 0.235 0.098 0.017 1 0.801 0.01 0.1 0.002 0.009 0.006 0.004 0.144 0.202 0.189 0.013 0.002 0.007 0.197 0.016 0.014 0.036 0.019 0.096 0.004 0.007 0.856 0.303 0.302 0.021 0.068 0.036 0 0.318 0.022 0.498 0.019 0.031 0.005 0.001 0.022 0.017 0.003 0.348 0.036 0.02 0.008 0.045 0.045 0.016 0.411 0.016 0.021 0.032 0.047 0.003 0.296 0.002 0 0.04 0.002 0.003 0.002 0.238 0.007 0.007 0.001 0.028 0.004 0 0.002 0.001 0.002 0.003 0.069 0 0
0.15 0.196 0.188 0.077 0.014 0.801 1 0.008 0.09 0.002 0.007 0.004 0.003 0.001 0.177 0.166 0.011 0.002 0.005 0.169 0.013 0.015 0.033 0.015 0.084 0.003 0.006 0.721 0.379 0.378 0.017 0.056 0.027 0.002 0.399 0.017 0.625 0.015 0.024 0.004 0.016 0.045 0.014 0.003 0.441 0.027 0.04 0.006 0.027 0.071 0.013 0.518 0.012 0.017 0.018 0.074 0.001 0.374 0.001 0 0.063 0 0.004 0.002 0.302 0.005 0.006 0 0.046 0.005 0 0.002 0 0.002 0.001 0.057 0.002 0
0.227 0.299 0.286 0.125 0.481 0.01 0.008 1 0.129 0.002 0.924 0.56 0.005 0.001 0.265 0.248 0.699 0.003 0.008 0.286 0.019 0.033 0.062 0.466 0.149 0.005 0.009 0.01 0.003 0.003 0.407 0.139 0.096 0 0.004 0.19 0.007 0.204 0.091 0.006 0.014 0.043 0 0.003 0.008 0.116 0.069 0.035 0.003 0 0.019 0.001 0.018 0.001 0.003 0 0 0.005 0.002 0.002 0 0.023 0.005 0.003 0.005 0.014 0.002 0.023 0.001 0.005 0.002 0 0.004 0.003 0 0.004 0.008 0.003
0.291 0.251 0.278 0.81 0.243 0.1 0.09 0.129 1 0.017 0.126 0.08 0.038 0.016 0.358 0.33 0.177 0.03 0.042 0.354 0.113 0.223 0.4 0.235 0.7 0.004 0.04 0.091 0.034 0.032 0.159 0.648 0.426 0.03 0.032 0.01 0.049 0.004 0.499 0.045 0.244 0.002 0.058 0.026 0.065 0.015 0.213 0.21 0.006 0.006 0.104 0.048 0.106 0.057 0.012 0.007 0.026 0.024 0.013 0.005 0.004 0.057 0.04 0.018 0.035 0.022 0.078 0.044 0.011 0.045 0.007 0.035 0.005 0.009 0.03 0.013 0.007 0.021
0.01 0.008 0.008 0.018 0.004 0.002 0.002 0.002 0.017 1 0.002 0.001 0.001 0 0.004 0.003 0.003 0 0.002 0.008 0.004 0.007 0.013 0.005 0.015 0.051 0.002 0.002 0.001 0.001 0.005 0.015 0.019 0.001 0.001 0.005 0.001 0.004 0.01 0 0.005 0.014 0.004 0 0.001 0 0.012 0.029 0 0.007 0.004 0.001 0.004 0.005 0.001 0.008 0.006 0.001 0 0.001 0.007 0.005 0.001 0.398 0.001 0.003 0.002 0.005 0.007 0.001 0.001 0.001 0.001 0 0.005 0.001 0.001 0.001
0.221 0.289 0.277 0.123 0.484 0.009 0.007 0.924 0.126 0.002 1 0.606 0.005 0.001 0.255 0.239 0.676 0.002 0.008 0.275 0.017 0.035 0.062 0.445 0.145 0.004 0.008 0.009 0.003 0.003 0.388 0.135 0.094 0 0.004 0.172 0.006 0.184 0.09 0.006 0.013 0.039 0 0.003 0.007 0.109 0.063 0.039 0.002 0 0.017 0 0.016 0.002 0.003 0 0 0.005 0.002 0.002 0 0.022 0.004 0.002 0.004 0.013 0.002 0.021 0 0.005 0.002 0 0.003 0.002 0 0.004 0.007 0.003
0.134 0.175 0.168 0.074 0.277 0.006 0.004 0.56 0.08 0.001 0.606 1 0.003 0.001 0.158 0.148 0.418 0.001 0.005 0.171 0.012 0.021 0.039 0.264 0.091 0.003 0.005 0.006 0.002 0.002 0.236 0.088 0.059 0.001 0.002 0.072 0.004 0.074 0.06 0.004 0.005 0.011 0.002 0.001 0.004 0.07 0.026 0.028 0.001 0.002 0.012 0 0.011 0.007 0.002 0.001 0.003 0.003 0.001 0.002 0.001 0.015 0.004 0.001 0.003 0.008 0.005 0.014 0.001 0.004 0.002 0.001 0.002 0.001 0 0.002 0.004 0.003
0.023 0.017 0.018 0.041 0.009 0.004 0.003 0.005 0.038 0.001 0.005 0.003 1 0.001 0.018 0.018 0.007 0.001 0.004 0.01 0.204 0.016 0.054 0.01 0.034 0.002 0.002 0.004 0.001 0.001 0.003 0.033 0.042 0.001 0.001 0.011 0.002 0.01 0.048 0.003 0.011 0.069 0.182 0.001 0.003 0.052 0.027 0.011 0.001 0.109 0.194 0.002 0.176 0.12 0.001 0.129 0.13 0.001 0 0.266 0.081 0.156 0.003 0.001 0.001 0.002 0.004 0.105 0.107 0.003 0.151 0.001 0 0.001 0.1 0.002 0.003 0.187
0.027 0.035 0.034 0.015 0.003 0.144 0.001 0.001 0.016 0 0.001 0.001 0.001 1 0.032 0.03 0.002 0 0.001 0.034 0.002 0.004 0.008 0.003 0.018 0.001 0.001 0.146 0 0 0.003 0.018 0.014 0.004 0 0.003 0.001 0.003 0.012 0.001 0.052 0.009 0.002 0 0.001 0.007 0.014 0.005 0.026 0.004 0.002 0.001 0.002 0.003 0.019 0.004 0.003 0.001 0 0 0.003 0.002 0 0 0.001 0.002 0.001 0.002 0.003 0 0 0 0 0 0.002 0.013 0.006 0
0.48 0.588 0.627 0.306 0.484 0.202 0.177 0.265 0.358 0.004 0.255 0.158 0.018 0.032 1 0.904 0.366 0.059 0.017 0.774 0.057 0.085 0.169 0.496 0.344 0.012 0.02 0.198 0.067 0.073 0.334 0.288 0.204 0.001 0.078 0.077 0.116 0.051 0.187 0.023 0.028 0.055 0.019 0.005 0.148 0.006 0.001 0.053 0.017 0.01 0.052 0.114 0.049 0.019 0.029 0.008 0.001 0.067 0.005 0.006 0.015 0.016 0.011 0.005 0.085 0.004 0.02 0.012 0.002 0.013 0.007 0.004 0 0.009 0.002 0.037 0.001 0.009
0.452 0.548 0.585 0.29 0.438 0.189 0.166 0.248 0.33 0.003 0.239 0.148 0.018 0.03 0.904 1 0.342 0.055 0.019 0.77 0.061 0.079 0.166 0.476 0.356 0.01 0.022 0.185 0.063 0.069 0.368 0.284 0.206 0.002 0.075 0.084 0.11 0.057 0.19 0.024 0.026 0.05 0.025 0.002 0.141 0.006 0.002 0.042 0.015 0.006 0.062 0.109 0.059 0.025 0.027 0.004 0.004 0.064 0.005 0.006 0.009 0.023 0.012 0.003 0.082 0.006 0.023 0.019 0 0.015 0.007 0.003 0.002 0.004 0.004 0.034 0.001 0.011
0.264 0.272 0.335 0.17 0.67 0.013 0.011 0.699 0.177 0.003 0.676 0.418 0.007 0.002 0.366 0.342 1 0.004 0.011 0.385 0.028 0.051 0.094 0.593 0.217 0.006 0.012 0.013 0.004 0.004 0.521 0.203 0.146 0 0.006 0.289 0.009 0.205 0.137 0.009 0.011 0.069 0.001 0.004 0.004 0.113 0.077 0.039 0.003 0.001 0.027 0.002 0.026 0 0.004 0 0.003 0.007 0.003 0.005 0.001 0.009 0.007 0.004 0.007 0.002 0.004 0.005 0 0.007 0.005 0 0 0.003 0.002 0.006 0.011 0.007
0.038 0.051 0.048 0.027 0.096 0.002 0.002 0.003 0.03 0 0.002 0.001 0.001 0 0.059 0.055 0.004 1 0.002 0.063 0.004 0.008 0.015 0.109 0.033 0.001 0.002 0.002 0.001 0.001 0.099 0.033 0.025 0.001 0.001 0.006 0.001 0.005 0.022 0.001 0.005 0.016 0.005 0.001 0.002 0.012 0.008 0.002 0 0.008 0.004 0.001 0.004 0.006 0 0.009 0.006 0.001 0 0.001 0.006 0.005 0.001 0.001 0.001 0.003 0.002 0.005 0.008 0.002 0.001 0.001 0.001 0.001 0.006 0 0.002 0.001
0.035 0.027 0.028 0.063 0.015 0.007 0.005 0.008 0.042 0.002 0.008 0.005 0.004 0.001 0.017 0.019 0.011 0.002 1 0.028 0.408 0.025 0.12 0.016 0.048 0.003 0.873 0.006 0.002 0.002 0.018 0.032 0.042 0.002 0.003 0.018 0.004 0.016 0.052 0.004 0.004 0.075 0.299 0.003 0.005 0.063 0.023 0.027 0.002 0.173 0.284 0.004 0.276 0.246 0.002 0.153 0.212 0.003 0 0.001 0.127 0.238 0.004 0.002 0.003 0.468 0.006 0.248 0.172 0.005 0.001 0.002 0.002 0.01 0.229 0.003 0.005 0.001
0.486 0.575 0.629 0.314 0.477 0.197 0.169 0.286 0.354 0.008 0.275 0.171 0.01 0.034 0.774 0.77 0.385 0.063 0.028 1 0.052 0.111 0.194 0.538 0.416 0.016 0.025 0.197 0.072 0.07 0.407 0.314 0.2 0.001 0.07 0.064 0.11 0.039 0.178 0.014 0.025 0.044 0.018 0.012 0.144 0.007 0.001 0.057 0.019 0.01 0.052 0.109 0.055 0.018 0.032 0.005 0.002 0.06 0.007 0.011 0.006 0.02 0.011 0.008 0.079 0.003 0.02 0.019 0.001 0.013 0.012 0.004 0.001 0.008 0.003 0.041 0.002 0.016
0.016 0.006 0.008 0.05 0.034 0.016 0.013 0.019 0.113 0.004 0.017 0.012 0.204 0.002 0.057 0.061 0.028 0.004 0.408 0.052 1 0.049 0.271 0.039 0.121 0.008 0.434 0.016 0.005 0.005 0.031 0.1 0.131 0.004 0.004 0.044 0.007 0.039 0.153 0.01 0.025 0.2 0.685 0.005 0.009 0.154 0.079 0.032 0.004 0.452 0.756 0.007 0.705 0.581 0.005 0.398 0.529 0.005 0.083 0.042 0.338 0.591 0.01 0.004 0.004 0.279 0.015 0.553 0.471 0.012 0.096 0.005 0.069 0.001 0.512 0.007 0.005 0.143
0.099 0.089 0.088 0.239 0.066 0.014 0.015 0.033 0.223 0.007 0.035 0.021 0.016 0.004 0.085 0.079 0.051 0.008 0.025 0.111 0.049 1 0.419 0.07 0.189 0.014 0.025 0.027 0.009 0.01 0.032 0.153 0.021 0.008 0.011 0.054 0.017 0.064 0.031 0.129 0.069 0.003 0.049 0.086 0.023 0.001 0.002 0.125 0 0.072 0.033 0.016 0.028 0.032 0 0.061 0.047 0.007 0.004 0.002 0.049 0.036 0.091 0 0.014 0.02 0.017 0.035 0.051 0.111 0.002 0.008 0.006 0.007 0.04 0 0.04 0.004
0.119 0.091 0.093 0.319 0.12 0.036 0.033 0.062 0.4 0.013 0.062 0.039 0.054 0.008 0.169 0.166 0.094 0.015 0.12 0.194 0.271 0.419 1 0.133 0.374 0.026 0.131 0.052 0.017 0.018 0.073 0.301 0.128 0.015 0.016 0.005 0.028 0.01 0.164 0.054 0.11 0.107 0.195 0.047 0.038 0.085 0.045 0.014 0.001 0.082 0.258 0.027 0.247 0.185 0.003 0.077 0.138 0.014 0.024 0.015 0.068 0.182 0.021 0.001 0.022 0.082 0.038 0.168 0.088 0.029 0.038 0.017 0.016 0.002 0.141 0.002 0.002 0.055
0.308 0.34 0.397 0.213 0.758 0.019 0.015 0.466 0.235 0.005 0.445 0.264 0.01 0.003 0.496 0.476 0.593 0.109 0.016 0.538 0.039 0.07 0.133 1 0.253 0.009 0.017 0.019 0.006 0.006 0.733 0.221 0.155 0.005 0.008 0.197 0.012 0.138 0.141 0.012 0.043 0.026 0.007 0.006 0.001 0.056 0.02 0.06 0 0.002 0.039 0.004 0.037 0.005 0.008 0.004 0 0.01 0.004 0.007 0.001 0.019 0.01 0.005 0 0.001 0.009 0.014 0.006 0.012 0.008 0.006 0.001 0.005 0 0.003 0.004 0.01
0.267 0.254 0.291 0.633 0.233 0.096 0.084 0.149 0.7 0.015 0.145 0.091 0.034 0.018 0.344 0.356 0.217 0.033 0.048 0.416 0.121 0.189 0.374 0.253 1 0.03 0.057 0.107 0.038 0.036 0.221 0.785 0.548 0.033 0.04 0.014 0.06 0.006 0.496 0.022 0.173 0.001 0.075 0.021 0.075 0.016 0.169 0.141 0.002 0.008 0.128 0.055 0.121 0.065 0 0.01 0.039 0.028 0.013 0.011 0.007 0.074 0.019 0.016 0.041 0.029 0.017 0.066 0.018 0.023 0.013 0.038 0.009 0.011 0.046 0.001 0.005 0.031
0.001 0.015 0.016 0.003 0.008 0.004 0.003 0.005 0.004 0.051 0.004 0.003 0.002 0.001 0.012 0.01 0.006 0.001 0.003 0.016 0.008 0.014 0.026 0.009 0.03 1 0.004 0.004 0.001 0.001 0.01 0.03 0.039 0 0.002 0.01 0.002 0.009 0.004 0.002 0.046 0.025 0.008 0 0.003 0.008 0.009 0.002 0.001 0.008 0.003 0.003 0.003 0.005 0.001 0.01 0.006 0.002 0.001 0.001 0.008 0.005 0.003 0.047 0.002 0.001 0.116 0.005 0.009 0.003 0.002 0.001 0.001 0.001 0.005 0.002 0.003 0.002
0.038 0.029 0.031 0.06 0.016 0.007 0.006 0.009 0.04 0.002 0.008 0.005 0.002 0.001 0.02 0.022 0.012 0.002 0.873 0.025 0.434 0.025 0.131 0.017 0.057 0.004 1 0.007 0.002 0.002 0.019 0.04 0.052 0.002 0.003 0.02 0.005 0.018 0.064 0.005 0.007 0.087 0.34 0.003 0.006 0.067 0.03 0.029 0.002 0.198 0.327 0.005 0.292 0.28 0.002 0.174 0.242 0.004 0.001 0.001 0.124 0.249 0.005 0.002 0.004 0.535 0.007 0.266 0.197 0.006 0.001 0.002 0.003 0.009 0.262 0.003 0.006 0.002
0.157 0.208 0.199 0.078 0.017 0.856 0.721 0.01 0.091 0.002 0.009 0.006 0.004 0.146 0.198 0.185 0.013 0.002 0.006 0.197 0.016 0.027 0.052 0.019 0.107 0.004 0.007 1 0.308 0.307 0.021 0.089 0.051 0 0.395 0.021 0.626 0.016 0.048 0.005 0.001 0.036 0.017 0.003 0.432 0.029 0.019 0.018 0.055 0.063 0.016 0.508 0.015 0.02 0.039 0.054 0.007 0.39 0.002 0.002 0.047 0.004 0.003 0.002 0.312 0.007 0.007 0.004 0.033 0.004 0.002 0.002 0.001 0.002 0.007 0.078 0 0.003
0.057 0.074 0.071 0.032 0.005 0.303 0.379 0.003 0.034 0.001 0.003 0.002 0.001 0 0.067 0.063 0.004 0.001 0.002 0.072 0.005 0.009 0.017 0.006 0.038 0.001 0.002 0.308 1 0.917 0.006 0.011 0.007 0.001 0.023 0.007 0.239 0.006 0.005 0.002 0.006 0.012 0.005 0.001 0.129 0.014 0.015 0.001 0.008 0.018 0.005 0.152 0.005 0.006 0.005 0.015 0.005 0.096 0 0.001 0.008 0.004 0.002 0.001 0.099 0.003 0.002 0.004 0.003 0.002 0.001 0.001 0 0.001 0.004 0.069 0.002 0.001
0.055 0.072 0.069 0.029 0.006 0.302 0.378 0.003 0.032 0.001 0.003 0.002 0.001 0 0.073 0.069 0.004 0.001 0.002 0.07 0.005 0.01 0.018 0.006 0.036 0.001 0.002 0.307 0.917 1 0.007 0.011 0.009 0.001 0.032 0.004 0.246 0.004 0.007 0.002 0.007 0.014 0.006 0.001 0.136 0.015 0.013 0.001 0.007 0.019 0.005 0.16 0.005 0.007 0.005 0.016 0.003 0.086 0.001 0.001 0.008 0.002 0.002 0.001 0.09 0.001 0.002 0.002 0.003 0.002 0.001 0.001 0 0.001 0.002 0.062 0.002 0.001
0.219 0.245 0.293 0.13 0.572 0.021 0.017 0.407 0.159 0.005 0.388 0.236 0.003 0.003 0.334 0.368 0.521 0.099 0.018 0.407 0.031 0.032 0.073 0.733 0.221 0.01 0.019 0.021 0.006 0.007 1 0.269 0.195 0.006 0.009 0.285 0.014 0.22 0.177 0.013 0.048 0.06 0.005 0.007 0 0.103 0.042 0.058 0.004 0.001 0.031 0.005 0.029 0.003 0.005 0.003 0 0.011 0.004 0.008 0.003 0.015 0.014 0.005 0.001 0 0.01 0.018 0.005 0.016 0.008 0.007 0.001 0.005 0.002 0.008 0.017 0.011
0.219 0.206 0.24 0.562 0.203 0.068 0.056 0.139 0.648 0.015 0.135 0.088 0.033 0.018 0.288 0.284 0.203 0.033 0.032 0.314 0.1 0.153 0.301 0.221 0.785 0.03 0.04 0.089 0.011 0.011 0.269 1 0.718 0.032 0.053 0.043 0.082 0.031 0.656 0.04 0.193 0.002 0.078 0.023 0.097 0.003 0.251 0.219 0.002 0.005 0.131 0.076 0.124 0.067 0 0.007 0.04 0.047 0.013 0.01 0.004 0.075 0.039 0.016 0.06 0.031 0.017 0.067 0.013 0.044 0.013 0.037 0.009 0.031 0.047 0.002 0.015 0.029
0.121 0.117 0.142 0.353 0.15 0.036 0.027 0.096 0.426 0.019 0.094 0.059 0.042 0.014 0.204 0.206 0.146 0.025 0.042 0.2 0.131 0.021 0.128 0.155 0.548 0.039 0.052 0.051 0.007 0.009 0.195 0.718 1 0.025 0.025 0.251 0.046 0.236 0.861 0.052 0.131 0.042 0.109 0.029 0.075 0.003 0.385 0.176 0.001 0.02 0.161 0.065 0.149 0.095 0.004 0.023 0.067 0.035 0.017 0.014 0.012 0.102 0.046 0.021 0.046 0.042 0.008 0.093 0.032 0.052 0.017 0.028 0.014 0.024 0.075 0.012 0.017 0.037
0.001 0.001 0.001 0.028 0 0 0.002 0 0.03 0.001 0 0.001 0.001 0.004 0.001 0.002 0 0.001 0.002 0.001 0.004 0.008 0.015 0.005 0.033 0 0.002 0 0.001 0.001 0.006 0.032 0.025 1 0.001 0.006 0.001 0.005 0.023 0.001 0.104 0.017 0.005 0.001 0.002 0.012 0.042 0.011 0 0.008 0.004 0.001 0.004 0.006 0 0.009 0.006 0.001 0 0.001 0.007 0.005 0.001 0.001 0.001 0.003 0.002 0.005 0.008 0.002 0.001 0.68 0.001 0.001 0.006 0.001 0.002 0.001
0.057 0.077 0.073 0.025 0.008 0.318 0.399 0.004 0.032 0.001 0.004 0.002 0.001 0 0.078 0.075 0.006 0.001 0.003 0.07 0.004 0.011 0.016 0.008 0.04 0.002 0.003 0.395 0.023 0.032 0.009 0.053 0.025 0.001 1 0.009 0.598 0.008 0.036 0.002 0.009 0.054 0.007 0.001 0.314 0.008 0.022 0.018 0.072 0.056 0.007 0.367 0.007 0.009 0.053 0.049 0.001 0.317 0.001 0.001 0.05 0 0.002 0.001 0.316 0.002 0.003 0 0.043 0.003 0.001 0.001 0.001 0.001 0.001 0.037 0.001 0.002
0.039 0.043 0.065 0.004 0.184 0.022 0.017 0.19 0.01 0.005 0.172 0.072 0.011 0.003 0.077 0.084 0.289 0.006 0.018 0.064 0.044 0.054 0.005 0.197 0.014 0.01 0.02 0.021 0.007 0.004 0.285 0.043 0.251 0.006 0.009 1 0.014 0.879 0.221 0.013 0.055 0.316 0.042 0.122 0 0.219 0.228 0.017 0.006 0.036 0.041 0.011 0.037 0.048 0.007 0.042 0.024 0.011 0.004 0.006 0.024 0.021 0.011 0.006 0.01 0.006 0.01 0.016 0.044 0.008 0.007 0.007 0.001 0.005 0.019 0.009 0.006 0.009
0.088 0.118 0.113 0.04 0.011 0.498 0.625 0.007 0.049 0.001 0.006 0.004 0.002 0.001 0.116 0.11 0.009 0.001 0.004 0.11 0.007 0.017 0.028 0.012 0.06 0.002 0.005 0.626 0.239 0.246 0.014 0.082 0.046 0.001 0.598 0.014 1 0.01 0.056 0.003 0.013 0.083 0.011 0.002 0.57 0.014 0.033 0.028 0.044 0.108 0.011 0.665 0.01 0.014 0.031 0.095 0.004 0.535 0.001 0.002 0.088 0.002 0.003 0.001 0.522 0.004 0.005 0.002 0.067 0.004 0.002 0.002 0 0.001 0.004 0.021 0.002 0.003
0.021 0.044 0.04 0.001 0.124 0.019 0.015 0.204 0.004 0.004 0.184 0.074 0.01 0.003 0.051 0.057 0.205 0.005 0.016 0.039 0.039 0.064 0.01 0.138 0.006 0.009 0.018 0.016 0.006 0.004 0.22 0.031 0.236 0.005 0.008 0.879 0.01 1 0.209 0.012 0.05 0.295 0.038 0.137 0.012 0.185 0.27 0.014 0.005 0.062 0.037 0.007 0.033 0.043 0.006 0.068 0.051 0.007 0.004 0.005 0.047 0.044 0.01 0.005 0.006 0.023 0.009 0.043 0.059 0.011 0.006 0.006 0.007 0.005 0.047 0.008 0.009 0.008
0.122 0.101 0.123 0.416 0.129 0.031 0.024 0.091 0.499 0.01 0.09 0.06 0.048 0.012 0.187 0.19 0.137 0.022 0.052 0.178 0.153 0.031 0.164 0.141 0.496 0.004 0.064 0.048 0.005 0.007 0.177 0.656 0.861 0.023 0.036 0.221 0.056 0.209 1 0.059 0.217 0.028 0.123 0.027 0.066 0 0.457 0.214 0 0.03 0.187 0.057 0.173 0.112 0.001 0.035 0.082 0.03 0.019 0.017 0.02 0.125 0.053 0.012 0.041 0.053 0.053 0.114 0.045 0.059 0.02 0.026 0.016 0.021 0.09 0.006 0.022 0.043
0.026 0.02 0.021 0.048 0.011 0.005 0.004 0.006 0.045 0 0.006 0.004 0.003 0.001 0.023 0.024 0.009 0.001 0.004 0.014 0.01 0.129 0.054 0.012 0.022 0.002 0.005 0.005 0.002 0.002 0.013 0.04 0.052 0.001 0.002 0.013 0.003 0.012 0.059 1 0.012 0.028 0.007 0.002 0.004 0.022 0.021 0.056 0.001 0.014 0.007 0.003 0.006 0.002 0.002 0.016 0.011 0.002 0.001 0.002 0.013 0.009 0.371 0.001 0.002 0.003 0 0.009 0.014 0.422 0.002 0.002 0.002 0.001 0.01 0.002 0.043 0.003
0.006 0.036 0.034 0.225 0.023 0.001 0.016 0.014 0.244 0.005 0.013 0.005 0.011 0.052 0.028 0.026 0.011 0.005 0.004 0.025 0.025 0.069 0.11 0.043 0.173 0.046 0.007 0.001 0.006 0.007 0.048 0.193 0.131 0.104 0.009 0.055 0.013 0.05 0.217 0.012 1 0.159 0.039 0.007 0.016 0.108 0.363 0.073 0 0.07 0.043 0.014 0.041 0.049 0.001 0.079 0.057 0.009 0.004 0.008 0.067 0.052 0.011 0.005 0.01 0.027 0.247 0.052 0.069 0.012 0.008 0.121 0.007 0.097 0.051 0.003 0 0.011
0.05 0.08 0.098 0 0.031 0.022 0.045 0.043 0.002 0.014 0.039 0.011 0.069 0.009 0.055 0.05 0.069 0.016 0.075 0.044 0.2 0.003 0.107 0.026 0.001 0.025 0.087 0.036 0.012 0.014 0.06 0.002 0.042 0.017 0.054 0.316 0.083 0.295 0.028 0.028 0.159 1 0.19 0.045 0.099 0.4 0.003 0.09 0 0.293 0.223 0.059 0.206 0.132 0.002 0.254 0.177 0.048 0.026 0.015 0.225 0.224 0.031 0.012 0.034 0.098 0.043 0.218 0.223 0.037 0.02 0.02 0.041 0.015 0.182 0.006 0.03 0.032
0.006 0.001 0.001 0.033 0.004 0.017 0.014 0 0.058 0.004 0 0.002 0.182 0.002 0.019 0.025 0.001 0.005 0.299 0.018 0.685 0.049 0.195 0.007 0.075 0.008 0.34 0.017 0.005 0.006 0.005 0.078 0.109 0.005 0.007 0.042 0.011 0.038 0.123 0.007 0.039 0.19 1 0.006 0.014 0.225 0.109 0.055 0.005 0.586 0.77 0.003 0.717 0.779 0.006 0.524 0.692 0.009 0.039 0.046 0.448 0.605 0.012 0.005 0.008 0.299 0.016 0.564 0.559 0.013 0.101 0.006 0.054 0.004 0.63 0.008 0.014 0.147
0.009 0.01 0.01 0.026 0.007 0.003 0.003 0.003 0.026 0 0.003 0.001 0.001 0 0.005 0.002 0.004 0.001 0.003 0.012 0.005 0.086 0.047 0.006 0.021 0 0.003 0.003 0.001 0.001 0.007 0.023 0.029 0.001 0.001 0.122 0.002 0.137 0.027 0.002 0.007 0.045 0.006 1 0.002 0.002 0.022 0.022 0.001 0.012 0.007 0.002 0.006 0.009 0.001 0.013 0.01 0.002 0.001 0.001 0.004 0.008 0 0.001 0.002 0.004 0.003 0.008 0.012 0 0.001 0.001 0.001 0.001 0.009 0.001 0 0.002
0.115 0.087 0.147 0.06 0.001 0.348 0.441 0.008 0.065 0.001 0.007 0.004 0.003 0.001 0.148 0.141 0.004 0.002 0.005 0.144 0.009 0.023 0.038 0.001 0.075 0.003 0.006 0.432 0.129 0.136 0 0.097 0.075 0.002 0.314 0 0.57 0.012 0.066 0.004 0.016 0.099 0.014 0.002 1 0 0.039 0.033 0.002 0.211 0.013 0.688 0.012 0.015 0.002 0.187 0.006 0.54 0.001 0.002 0.175 0.006 0.004 0.002 0.437 0.003 0.006 0.01 0.113 0.005 0.003 0.002 0.004 0.002 0.007 0.003 0.005 0.003
0.004 0.011 0.02 0.015 0.054 0.036 0.027 0.116 0.015 0 0.109 0.07 0.052 0.007 0.006 0.006 0.113 0.012 0.063 0.007 0.154 0.001 0.085 0.056 0.016 0.008 0.067 0.029 0.014 0.015 0.103 0.003 0.003 0.012 0.008 0.219 0.014 0.185 0 0.022 0.108 0.4 0.225 0.002 0 1 0.003 0.067 0.012 0.184 0.214 0.015 0.232 0.206 0.015 0.149 0.232 0.01 0.01 0.01 0.162 0.219 0.027 0 0.01 0.109 0.043 0.191 0.156 0.031 0.025 0.015 0.016 0.011 0.236 0.02 0.028 0.047
0.007 0 0 0.175 0.029 0.02 0.04 0.069 0.213 0.012 0.063 0.026 0.027 0.014 0.001 0.002 0.077 0.008 0.023 0.001 0.079 0.002 0.045 0.02 0.169 0.009 0.03 0.019 0.015 0.013 0.042 0.251 0.385 0.042 0.022 0.228 0.033 0.27 0.457 0.021 0.363 0.003 0.109 0.022 0.039 0.003 1 0.13 0.004 0.187 0.106 0.034 0.101 0.134 0.007 0.211 0.155 0.025 0.01 0.019 0.179 0.13 0.027 0.013 0.024 0.068 0.147 0.129 0.185 0.031 0.021 0.048 0.018 0.039 0.138 0.014 0.007 0.026
0.073 0.041 0.049 0.163 0.045 0.008 0.006 0.035 0.21 0.029 0.039 0.028 0.011 0.005 0.053 0.042 0.039 0.002 0.027 0.057 0.032 0.125 0.014 0.06 0.141 0.002 0.029 0.018 0.001 0.001 0.058 0.219 0.176 0.011 0.018 0.017 0.028 0.014 0.214 0.056 0.073 0.09 0.055 0.022 0.033 0.067 0.13 1 0.011 0.099 0.041 0.029 0.037 0.049 0.012 0.071 0.058 0.012 0.004 0 0.069 0.042 0.078 0.034 0.021 0.041 0.039 0.041 0.073 0.094 0.007 0.004 0 0.011 0.05 0 0.033 0.005
0.003 0.006 0.006 0.003 0.003 0.045 0.027 0.003 0.006 0 0.002 0.001 0.001 0.026 0.017 0.015 0.003 0 0.002 0.019 0.004 0 0.001 0 0.002 0.001 0.002 0.055 0.008 0.007 0.004 0.002 0.001 0 0.072 0.006 0.044 0.005 0 0.001 0 0 0.005 0.001 0.002 0.012 0.004 0.011 1 0.008 0.004 0.001 0.004 0.005 0.768 0.009 0.006 0.001 0 0.001 0.007 0.005 0.001 0.001 0.001 0.003 0.002 0.005 0.007 0.002 0.001 0 0.001 0.001 0.006 0.547 0.005 0.001
0.023 0.03 0.047 0 0 0.045 0.071 0 0.006 0.007 0 0.002 0.109 0.004 0.01 0.006 0.001 0.008 0.173 0.01 0.452 0.072 0.082 0.002 0.008 0.008 0.198 0.063 0.018 0.019 0.001 0.005 0.02 0.008 0.056 0.036 0.108 0.062 0.03 0.014 0.07 0.293 0.586 0.012 0.211 0.184 0.187 0.099 0.008 1 0.569 0.173 0.533 0.607 0.01 0.887 0.712 0.109 0.055 0.022 0.797 0.591 0.02 0.008 0.084 0.29 0.027 0.58 0.83 0.022 0.056 0.009 0.098 0.007 0.664 0.013 0.023 0.086
0.017 0.008 0.009 0.053 0.027 0.016 0.013 0.019 0.104 0.004 0.017 0.012 0.194 0.002 0.052 0.062 0.027 0.004 0.284 0.052 0.756 0.033 0.258 0.039 0.128 0.003 0.327 0.016 0.005 0.005 0.031 0.131 0.161 0.004 0.007 0.041 0.011 0.037 0.187 0.007 0.043 0.223 0.77 0.007 0.013 0.214 0.106 0.041 0.004 0.569 1 0.011 0.901 0.747 0.006 0.505 0.677 0.008 0.097 0.049 0.439 0.761 0.011 0.004 0.008 0.36 0.016 0.719 0.55 0.013 0.107 0.005 0.115 0.004 0.662 0.007 0.013 0.161
0.087 0.117 0.112 0.043 0.004 0.411 0.518 0.001 0.048 0.001 0 0 0.002 0.001 0.114 0.109 0.002 0.001 0.004 0.109 0.007 0.016 0.027 0.004 0.055 0.003 0.005 0.508 0.152 0.16 0.005 0.076 0.065 0.001 0.367 0.011 0.665 0.007 0.057 0.003 0.014 0.059 0.003 0.002 0.688 0.015 0.034 0.029 0.001 0.173 0.011 1 0.008 0.003 0.002 0.161 0 0.629 0.001 0.001 0.144 0 0.004 0.001 0.509 0.004 0.005 0 0.116 0.004 0.001 0.002 0 0.001 0.002 0.002 0.004 0.001
0.014 0.006 0.007 0.054 0.026 0.016 0.012 0.018 0.106 0.004 0.016 0.011 0.176 0.002 0.049 0.059 0.026 0.004 0.276 0.055 0.705 0.028 0.247 0.037 0.121 0.003 0.292 0.015 0.005 0.005 0.029 0.124 0.149 0.004 0.007 0.037 0.01 0.033 0.173 0.006 0.041 0.206 0.717 0.006 0.012 0.232 0.101 0.037 0.004 0.533 0.901 0.008 1 0.711 0.005 0.481 0.643 0.008 0.102 0.058 0.472 0.752 0.011 0.004 0.007 0.309 0.015 0.68 0.522 0.012 0.121 0.005 0.121 0.004 0.625 0.007 0.012 0.179
0.003 0 0 0.025 0.002 0.021 0.017 0.001 0.057 0.005 0.002 0.007 0.12 0.003 0.019 0.025 0 0.006 0.246 0.018 0.581 0.032 0.185 0.005 0.065 0.005 0.28 0.02 0.006 0.007 0.003 0.067 0.095 0.006 0.009 0.048 0.014 0.043 0.112 0.002 0.049 0.132 0.779 0.009 0.015 0.206 0.134 0.049 0.005 0.607 0.747 0.003 0.711 1 0.007 0.597 0.772 0.011 0.077 0.066 0.516 0.631 0.005 0.006 0.01 0.303 0.02 0.595 0.624 0.006 0.092 0.007 0.089 0.005 0.676 0.009 0.017 0.132
0.01 0.016 0.015 0.008 0.001 0.032 0.018 0.003 0.012 0.001 0.003 0.002 0.001 0.019 0.029 0.027 0.004 0 0.002 0.032 0.005 0 0.003 0.008 0 0.001 0.002 0.039 0.005 0.005 0.005 0 0.004 0 0.053 0.007 0.031 0.006 0.001 0.002 0.001 0.002 0.006 0.001 0.002 0.015 0.007 0.012 0.768 0.01 0.006 0.002 0.005 0.007 1 0.011 0.008 0.001 0.001 0.001 0.009 0.007 0.002 0.001 0.001 0.004 0.002 0.007 0.01 0.002 0.001 0 0.001 0.001 0.007 0.714 0.041 0.001
0.017 0.025 0.039 0 0.001 0.047 0.074 0 0.007 0.008 0 0.001 0.129 0.004 0.008 0.004 0 0.009 0.153 0.005 0.398 0.061 0.077 0.004 0.01 0.01 0.174 0.054 0.015 0.016 0.003 0.007 0.023 0.009 0.049 0.042 0.095 0.068 0.035 0.016 0.079 0.254 0.524 0.013 0.187 0.149 0.211 0.071 0.009 0.887 0.505 0.161 0.481 0.597 0.011 1 0.734 0.096 0.049 0.091 0.81 0.619 0.022 0.009 0.073 0.275 0.031 0.608 0.841 0.025 0.1 0.01 0.087 0.008 0.657 0.014 0.026 0.125
0.001 0.001 0.006 0.008 0 0.003 0.001 0 0.026 0.006 0 0.003 0.13 0.003 0.001 0.004 0.003 0.006 0.212 0.002 0.529 0.047 0.138 0 0.039 0.006 0.242 0.007 0.005 0.003 0 0.04 0.067 0.006 0.001 0.024 0.004 0.051 0.082 0.011 0.057 0.177 0.692 0.01 0.006 0.232 0.155 0.058 0.006 0.712 0.677 0 0.643 0.772 0.008 0.734 1 0.012 0.059 0.083 0.665 0.832 0.016 0.006 0.012 0.371 0.023 0.818 0.723 0.018 0.136 0.008 0.111 0.006 0.879 0.011 0.019 0.17
0.048 0.066 0.063 0.021 0.009 0.296 0.374 0.005 0.024 0.001 0.005 0.003 0.001 0.001 0.067 0.064 0.007 0.001 0.003 0.06 0.005 0.007 0.014 0.01 0.028 0.002 0.004 0.39 0.096 0.086 0.011 0.047 0.035 0.001 0.317 0.011 0.535 0.007 0.03 0.002 0.009 0.048 0.009 0.002 0.54 0.01 0.025 0.012 0.001 0.109 0.008 0.629 0.008 0.011 0.001 0.096 0.012 1 0.001 0.001 0.114 0.01 0.002 0.001 0.686 0.005 0.004 0.01 0.094 0.002 0.002 0.001 0.001 0.001 0.011 0.002 0.003 0.002
0.026 0.035 0.034 0.013 0.003 0.002 0.001 0.002 0.013 0 0.002 0.001 0 0 0.005 0.005 0.003 0 0 0.007 0.083 0.004 0.024 0.004 0.013 0.001 0.001 0.002 0 0.001 0.004 0.013 0.017 0 0.001 0.004 0.001 0.004 0.019 0.001 0.004 0.026 0.039 0.001 0.001 0.01 0.01 0.004 0 0.055 0.097 0.001 0.102 0.077 0.001 0.049 0.059 0.001 1 0 0.054 0.076 0.001 0 0.001 0.001 0.002 0.08 0.042 0.001 0 0.001 0.3 0 0.052 0.001 0.001 0
0.006 0.004 0.004 0.005 0.005 0 0 0.002 0.005 0.001 0.002 0.002 0.266 0 0.006 0.006 0.005 0.001 0.001 0.011 0.042 0.002 0.015 0.007 0.011 0.001 0.001 0.002 0.001 0.001 0.008 0.01 0.014 0.001 0.001 0.006 0.002 0.005 0.017 0.002 0.008 0.015 0.046 0.001 0.002 0.01 0.019 0 0.001 0.022 0.049 0.001 0.058 0.066 0.001 0.091 0.083 0.001 0 1 0.07 0.1 0.002 0.001 0.001 0.004 0.003 0.09 0.066 0.002 0.3 0.001 0.001 0.001 0.057 0.001 0.002 0.361
0.023 0.029 0.046 0 0 0.04 0.063 0 0.004 0.007 0 0.001 0.081 0.003 0.015 0.009 0.001 0.006 0.127 0.006 0.338 0.049 0.068 0.001 0.007 0.008 0.124 0.047 0.008 0.008 0.003 0.004 0.012 0.007 0.05 0.024 0.088 0.047 0.02 0.013 0.067 0.225 0.448 0.004 0.175 0.162 0.179 0.069 0.007 0.797 0.439 0.144 0.472 0.516 0.009 0.81 0.665 0.114 0.054 0.07 1 0.574 0.019 0.007 0.088 0.2 0.026 0.599 0.816 0.021 0.117 0.009 0.098 0.007 0.638 0.012 0.022 0.147
0.002 0.003 0 0.025 0.011 0.002 0 0.023 0.057 0.005 0.022 0.015 0.156 0.002 0.016 0.023 0.009 0.005 0.238 0.02 0.591 0.036 0.182 0.019 0.074 0.005 0.249 0.004 0.004 0.002 0.015 0.075 0.102 0.005 0 0.021 0.002 0.044 0.125 0.009 0.052 0.224 0.605 0.008 0.006 0.219 0.13 0.042 0.005 0.591 0.761 0 0.752 0.631 0.007 0.619 0.832 0.01 0.076 0.1 0.574 1 0.014 0.005 0.01 0.387 0.019 0.901 0.609 0.015 0.161 0.007 0.137 0.005 0.777 0.009 0.016 0.202
0.021 0.015 0.016 0.042 0.009 0.003 0.004 0.005 0.04 0.001 0.004 0.004 0.003 0 0.011 0.012 0.007 0.001 0.004 0.011 0.01 0.091 0.021 0.01 0.019 0.003 0.005 0.003 0.002 0.002 0.014 0.039 0.046 0.001 0.002 0.011 0.003 0.01 0.053 0.371 0.011 0.031 0.012 0 0.004 0.027 0.027 0.078 0.001 0.02 0.011 0.004 0.011 0.005 0.002 0.022 0.016 0.002 0.001 0.002 0.019 0.014 1 0.001 0.003 0.007 0.005 0.013 0.019 0.881 0.002 0.002 0.002 0.001 0.015 0.002 0.199 0.003
0.004 0.002 0.002 0.01 0.005 0.002 0.002 0.003 0.018 0.398 0.002 0.001 0.001 0 0.005 0.003 0.004 0.001 0.002 0.008 0.004 0 0.001 0.005 0.016 0.047 0.002 0.002 0.001 0.001 0.005 0.016 0.021 0.001 0.001 0.006 0.001 0.005 0.012 0.001 0.005 0.012 0.005 0.001 0.002 0 0.013 0.034 0.001 0.008 0.004 0.001 0.004 0.006 0.001 0.009 0.006 0.001 0 0.001 0.007 0.005 0.001 1 0.001 0.003 0.002 0.005 0.008 0.002 0.001 0.001 0.001 0.001 0.006 0.001 0.002 0.001
0.035 0.05 0.048 0.031 0.008 0.238 0.302 0.005 0.035 0.001 0.004 0.003 0.001 0.001 0.085 0.082 0.007 0.001 0.003 0.079 0.004 0.014 0.022 0 0.041 0.002 0.004 0.312 0.099 0.09 0.001 0.06 0.046 0.001 0.316 0.01 0.522 0.006 0.041 0.002 0.01 0.034 0.008 0.002 0.437 0.01 0.024 0.021 0.001 0.084 0.008 0.509 0.007 0.01 0.001 0.073 0.012 0.686 0.001 0.001 0.088 0.01 0.003 0.001 1 0.001 0.004 0.01 0.071 0.003 0.002 0.001 0.001 0.001 0.01 0.002 0.003 0.002
0.023 0.029 0.016 0.034 0.005 0.007 0.005 0.014 0.022 0.003 0.013 0.008 0.002 0.002 0.004 0.006 0.002 0.003 0.468 0.003 0.279 0.02 0.082 0.001 0.029 0.001 0.535 0.007 0.003 0.001 0 0.031 0.042 0.003 0.002 0.006 0.004 0.023 0.053 0.003 0.027 0.098 0.299 0.004 0.003 0.109 0.068 0.041 0.003 0.29 0.36 0.004 0.309 0.303 0.004 0.275 0.371 0.005 0.001 0.004 0.2 0.387 0.007 0.003 0.001 1 0.01 0.379 0.276 0.008 0.004 0.003 0.002 0.003 0.357 0.005 0.008 0.001
0 0.019 0.02 0.071 0.007 0.007 0.006 0.002 0.078 0.002 0.002 0.005 0.004 0.001 0.02 0.023 0.004 0.002 0.006 0.02 0.015 0.017 0.038 0.009 0.017 0.116 0.007 0.007 0.002 0.002 0.01 0.017 0.008 0.002 0.003 0.01 0.005 0.009 0.053 0 0.247 0.043 0.016 0.003 0.006 0.043 0.147 0.039 0.002 0.027 0.016 0.005 0.015 0.02 0.002 0.031 0.023 0.004 0.002 0.003 0.026 0.019 0.005 0.002 0.004 0.01 1 0.019 0.027 0.006 0.003 0.002 0.003 0.002 0.02 0.003 0.001 0.004
0.001 0.001 0 0.016 0.007 0.001 0 0.023 0.044 0.005 0.021 0.014 0.105 0.002 0.012 0.019 0.005 0.005 0.248 0.019 0.553 0.035 0.168 0.014 0.066 0.005 0.266 0.004 0.004 0.002 0.018 0.067 0.093 0.005 0 0.016 0.002 0.043 0.114 0.009 0.052 0.218 0.564 0.008 0.01 0.191 0.129 0.041 0.005 0.58 0.719 0 0.68 0.595 0.007 0.608 0.818 0.01 0.08 0.09 0.599 0.901 0.013 0.005 0.01 0.379 0.019 1 0.597 0.015 0.163 0.007 0.142 0.005 0.812 0.009 0.016 0.19
0.008 0.019 0.024 0.002 0.003 0.028 0.046 0.001 0.011 0.007 0 0.001 0.107 0.003 0.002 0 0 0.008 0.172 0.001 0.471 0.051 0.088 0.006 0.018 0.009 0.197 0.033 0.003 0.003 0.005 0.013 0.032 0.008 0.043 0.044 0.067 0.059 0.045 0.014 0.069 0.223 0.559 0.012 0.113 0.156 0.185 0.073 0.007 0.83 0.55 0.116 0.522 0.624 0.01 0.841 0.723 0.094 0.042 0.066 0.816 0.609 0.019 0.008 0.071 0.276 0.027 0.597 1 0.022 0.114 0.009 0.099 0.007 0.651 0.013 0.013 0.139
0.025 0.018 0.019 0.047 0.01 0.004 0.005 0.005 0.045 0.001 0.005 0.004 0.003 0 0.013 0.015 0.007 0.002 0.005 0.013 0.012 0.111 0.029 0.012 0.023 0.003 0.006 0.004 0.002 0.002 0.016 0.044 0.052 0.002 0.003 0.008 0.004 0.011 0.059 0.422 0.012 0.037 0.013 0 0.005 0.031 0.031 0.094 0.002 0.022 0.013 0.004 0.012 0.006 0.002 0.025 0.018 0.002 0.001 0.002 0.021 0.015 0.881 0.002 0.003 0.008 0.006 0.015 0.022 1 0.002 0.002 0.002 0.001 0.016 0.003 0.206 0.003
0.003 0.001 0.001 0.004 0.005 0 0 0.002 0.007 0.001 0.002 0.002 0.151 0 0.007 0.007 0.005 0.001 0.001 0.012 0.096 0.002 0.038 0.008 0.013 0.002 0.001 0.002 0.001 0.001 0.008 0.013 0.017 0.001 0.001 0.007 0.002 0.006 0.02 0.002 0.008 0.02 0.101 0.001 0.003 0.025 0.021 0.007 0.001 0.056 0.107 0.001 0.121 0.092 0.001 0.1 0.136 0.002 0 0.3 0.117 0.161 0.002 0.001 0.002 0.004 0.003 0.163 0.114 0.002 1 0.001 0.001 0.001 0.106 0.001 0.003 0.464
0.002 0.003 0.004 0.032 0.001 0.002 0.002 0 0.035 0.001 0 0.001 0.001 0 0.004 0.003 0 0.001 0.002 0.004 0.005 0.008 0.017 0.006 0.038 0.001 0.002 0.002 0.001 0.001 0.007 0.037 0.028 0.68 0.001 0.007 0.002 0.006 0.026 0.002 0.121 0.02 0.006 0.001 0.002 0.015 0.048 0.004 0 0.009 0.005 0.002 0.005 0.007 0 0.01 0.008 0.001 0.001 0.001 0.009 0.007 0.002 0.001 0.001 0.003 0.002 0.007 0.009 0.002 0.001 1 0.001 0.001 0.007 0.001 0.002 0.001
0.035 0.03 0.046 0.016 0 0.001 0 0.004 0.005 0.001 0.003 0.002 0 0 0 0.002 0 0.001 0.002 0.001 0.069 0.006 0.016 0.001 0.009 0.001 0.003 0.001 0 0 0.001 0.009 0.014 0.001 0.001 0.001 0 0.007 0.016 0.002 0.007 0.041 0.054 0.001 0.004 0.016 0.018 0 0.001 0.098 0.115 0 0.121 0.089 0.001 0.087 0.111 0.001 0.3 0.001 0.098 0.137 0.002 0.001 0.001 0.002 0.003 0.142 0.099 0.002 0.001 0.001 1 0.001 0.119 0.001 0.002 0.009
0 0.008 0.008 0.008 0.004 0.002 0.002 0.003 0.009 0 0.002 0.001 0.001 0 0.009 0.004 0.003 0.001 0.01 0.008 0.001 0.007 0.002 0.005 0.011 0.001 0.009 0.002 0.001 0.001 0.005 0.031 0.024 0.001 0.001 0.005 0.001 0.005 0.021 0.001 0.097 0.015 0.004 0.001 0.002 0.011 0.039 0.011 0.001 0.007 0.004 0.001 0.004 0.005 0.001 0.008 0.006 0.001 0 0.001 0.007 0.005 0.001 0.001 0.001 0.003 0.002 0.005 0.007 0.001 0.001 0.001 0.001 1 0.005 0.001 0.002 0.001
0 0 0.005 0.011 0 0.003 0.001 0 0.03 0.005 0 0 0.1 0.002 0.002 0.004 0.002 0.006 0.229 0.003 0.512 0.04 0.141 0 0.046 0.005 0.262 0.007 0.004 0.002 0.002 0.047 0.075 0.006 0.001 0.019 0.004 0.047 0.09 0.01 0.051 0.182 0.63 0.009 0.007 0.236 0.138 0.05 0.006 0.664 0.662 0.002 0.625 0.676 0.007 0.657 0.879 0.011 0.052 0.057 0.638 0.777 0.015 0.006 0.01 0.357 0.02 0.812 0.651 0.016 0.106 0.007 0.119 0.005 1 0.009 0.017 0.181
0.016 0.025 0.023 0.009 0 0.069 0.057 0.004 0.013 0.001 0.004 0.002 0.002 0.013 0.037 0.034 0.006 0 0.003 0.041 0.007 0 0.002 0.003 0.001 0.002 0.003 0.078 0.069 0.062 0.008 0.002 0.012 0.001 0.037 0.009 0.021 0.008 0.006 0.002 0.003 0.006 0.008 0.001 0.003 0.02 0.014 0 0.547 0.013 0.007 0.002 0.007 0.009 0.714 0.014 0.011 0.002 0.001 0.001 0.012 0.009 0.002 0.001 0.002 0.005 0.003 0.009 0.013 0.003 0.001 0.001 0.001 0.001 0.009 1 0.055 0.002
0.009 0.004 0.005 0.011 0.003 0 0.002 0.008 0.007 0.001 0.007 0.004 0.003 0.006 0.001 0.001 0.011 0.002 0.005 0.002 0.005 0.04 0.002 0.004 0.005 0.003 0.006 0 0.002 0.002 0.017 0.015 0.017 0.002 0.001 0.006 0.002 0.009 0.022 0.043 0 0.03 0.014 0 0.005 0.028 0.007 0.033 0.005 0.023 0.013 0.004 0.012 0.017 0.041 0.026 0.019 0.003 0.001 0.002 0.022 0.016 0.199 0.002 0.003 0.008 0.001 0.016 0.013 0.206 0.003 0.002 0.002 0.002 0.017 0.055 1 0.003
0.001 0 0 0.006 0.007 0 0 0.003 0.021 0.001 0.003 0.003 0.187 0 0.009 0.011 0.007 0.001 0.001 0.016 0.143 0.004 0.055 0.01 0.031 0.002 0.002 0.003 0.001 0.001 0.011 0.029 0.037 0.001 0.002 0.009 0.003 0.008 0.043 0.003 0.011 0.032 0.147 0.002 0.003 0.047 0.026 0.005 0.001 0.086 0.161 0.001 0.179 0.132 0.001 0.125 0.17 0.002 0 0.361 0.147 0.202 0.003 0.001 0.002 0.001 0.004 0.19 0.139 0.003 0.464 0.001 0.009 0.001 0.181 0.002 0.003 1
