1 0.859 0.882 0.457 0.383 0.182 0.126 0.224 0.293 0.01 0.191 0.085 0.019 0.049 0.53 0.522 0.23 0.048 0.03 0.598 0 0.155 0.12 0.354 0.278 0.005 0.033 0.153 0.056 0.055 0.278 0.196 0.102 0 0.055 0.047 0.063 0.024 0.095 0.031 0.018 0.086 0 0.004 0.063 0.032 0.003 0.07 0.017 0.02 0.002 0.033 0.001 0 0.015 0.01 0.008 0.003 0.059 0.005 0.01 0.003 0.005 0.004 0.012 0.009 0.01 0.008 0.008 0.008 0 0.006 0.053 0.006 0.006 0.023 0.005 0.001
0.859 1 0.956 0.444 0.388 0.217 0.151 0.258 0.272 0.009 0.22 0.098 0.016 0.057 0.567 0.557 0.223 0.057 0.026 0.624 0 0.146 0.102 0.358 0.266 0.013 0.029 0.184 0.065 0.064 0.285 0.185 0.094 0.002 0.069 0.045 0.075 0.033 0.083 0.027 0.033 0.098 0 0.006 0.049 0.034 0.001 0.058 0.021 0.019 0.001 0.044 0 0 0.019 0.01 0.007 0.005 0.068 0.004 0.009 0.002 0.003 0.004 0.015 0.014 0.019 0.004 0.007 0.006 0 0.011 0.052 0.013 0.006 0.028 0.003 0
0.882 0.956 1 0.463 0.429 0.21 0.146 0.25 0.29 0.009 0.213 0.095 0.017 0.055 0.599 0.589 0.258 0.055 0.027 0.66 0 0.148 0.106 0.397 0.287 0.014 0.03 0.177 0.063 0.061 0.316 0.2 0.103 0.002 0.066 0.057 0.072 0.03 0.092 0.028 0.034 0.107 0 0.006 0.076 0.041 0.001 0.06 0.02 0.027 0.001 0.042 0 0 0.018 0.016 0.012 0.005 0.066 0.004 0.014 0.005 0.003 0.003 0.014 0.008 0.02 0.008 0.012 0.006 0 0.011 0.06 0.014 0.011 0.027 0.003 0
0.457 0.444 0.463 1 0.221 0.089 0.059 0.121 0.786 0.019 0.103 0.046 0.035 0.027 0.269 0.272 0.136 0.034 0.054 0.315 0.014 0.323 0.328 0.2 0.622 0.001 0.053 0.069 0.03 0.028 0.152 0.543 0.312 0.032 0.02 0.004 0.02 0 0.351 0.059 0.213 0.001 0.014 0.022 0.029 0 0.188 0.151 0.007 0.001 0.028 0.014 0.026 0.021 0.005 0.005 0.004 0 0.031 0.01 0.005 0.01 0.02 0.011 0.004 0.036 0.02 0.004 0.005 0.029 0.004 0.027 0.023 0.012 0.004 0.004 0.018 0.004
0.383 0.388 0.429 0.221 1 0.02 0.014 0.495 0.267 0.004 0.448 0.196 0.008 0.005 0.457 0.464 0.575 0.122 0.012 0.506 0.027 0.079 0.13 0.843 0.233 0.006 0.014 0.022 0.006 0.007 0.684 0.187 0.126 0.003 0.009 0.206 0.012 0.129 0.114 0.012 0.037 0.05 0.003 0.01 0.005 0.084 0.028 0.055 0.002 0.001 0.02 0.009 0.018 0.005 0 0.003 0 0.006 0 0.001 0.004 0.008 0.002 0.004 0.004 0.002 0.01 0.003 0.002 0.003 0.001 0.007 0 0.006 0 0 0.009 0.002
0.182 0.217 0.21 0.089 0.02 1 0.698 0.011 0.123 0.002 0.009 0.004 0.004 0.264 0.231 0.217 0.013 0.003 0.006 0.248 0.015 0.032 0.058 0.02 0.116 0.003 0.006 0.881 0.301 0.305 0.02 0.085 0.047 0.001 0.321 0.024 0.384 0.02 0.046 0.006 0.005 0.01 0.016 0.004 0.155 0.043 0.008 0.02 0.099 0.01 0.017 0.236 0.016 0.021 0.078 0.006 0 0.049 0.003 0.001 0.004 0 0.003 0.003 0.077 0.003 0.003 0 0.001 0.004 0.001 0 0 0.003 0 0.107 0.007 0.001
0.126 0.151 0.146 0.059 0.014 0.698 1 0.008 0.086 0.001 0.007 0.003 0.002 0.002 0.162 0.152 0.009 0.002 0.004 0.171 0.011 0.021 0.039 0.014 0.079 0.002 0.004 0.607 0.431 0.438 0.014 0.048 0.022 0.002 0.464 0.017 0.557 0.014 0.022 0.004 0.015 0.04 0.011 0.003 0.234 0.028 0.034 0.009 0.085 0.029 0.012 0.345 0.011 0.014 0.067 0.023 0.003 0.075 0.002 0 0.018 0.004 0.005 0.002 0.114 0.001 0.002 0.004 0.008 0.005 0 0.003 0 0.002 0.002 0.098 0.004 0
0.224 0.258 0.25 0.121 0.495 0.011 0.008 1 0.14 0.002 0.852 0.379 0.004 0.003 0.258 0.241 0.645 0.004 0.007 0.283 0.012 0.042 0.065 0.49 0.133 0.003 0.007 0.012 0.003 0.004 0.412 0.109 0.073 0.001 0.005 0.225 0.007 0.224 0.068 0.006 0.023 0.069 0 0.005 0.006 0.143 0.086 0.034 0.003 0.006 0.015 0.005 0.014 0.002 0.004 0.008 0.005 0.003 0.004 0 0.007 0.021 0 0.003 0.002 0.013 0.005 0.022 0.007 0 0 0.003 0.005 0.003 0.005 0.004 0.008 0
0.293 0.272 0.29 0.786 0.267 0.123 0.086 0.14 1 0.016 0.118 0.056 0.029 0.032 0.355 0.361 0.159 0.041 0.042 0.405 0.103 0.285 0.472 0.243 0.749 0.002 0.041 0.099 0.037 0.035 0.181 0.682 0.434 0.038 0.036 0.01 0.037 0.003 0.485 0.048 0.263 0.001 0.057 0.035 0.038 0.005 0.226 0.19 0.018 0.02 0.102 0.019 0.101 0.081 0.014 0.031 0.032 0.001 0.01 0.007 0.035 0.051 0.024 0.019 0.006 0.028 0.027 0.034 0.034 0.032 0.009 0.035 0.009 0.016 0.03 0.013 0.008 0.009
0.01 0.009 0.009 0.019 0.004 0.002 0.001 0.002 0.016 1 0.002 0.001 0.001 0.001 0.006 0.006 0.003 0.001 0.001 0.007 0.003 0 0.003 0.004 0.015 0.039 0.001 0.002 0.001 0.001 0.004 0.014 0.005 0.001 0.001 0 0.001 0 0.004 0.003 0.004 0.003 0.003 0.016 0.001 0.001 0.01 0.03 0.001 0.006 0.004 0.001 0.003 0.004 0.001 0.007 0.005 0.001 0.001 0.001 0.006 0.005 0.001 0.195 0 0.002 0 0.005 0.006 0.002 0.001 0.001 0.001 0.001 0.005 0.001 0.001 0.001
0.191 0.22 0.213 0.103 0.448 0.009 0.007 0.852 0.118 0.002 1 0.446 0.004 0.002 0.217 0.203 0.584 0.003 0.006 0.238 0.01 0.035 0.054 0.41 0.112 0.003 0.006 0.01 0.003 0.003 0.334 0.086 0.057 0.001 0.004 0.167 0.006 0.16 0.052 0.005 0.019 0.049 0 0.004 0.005 0.114 0.061 0.031 0.003 0.003 0.012 0.004 0.011 0 0.003 0.004 0.002 0.003 0.003 0 0.004 0.017 0.001 0.003 0.002 0.011 0.005 0.018 0.004 0 0 0.002 0.004 0.003 0.002 0.003 0.007 0
0.085 0.098 0.095 0.046 0.196 0.004 0.003 0.379 0.056 0.001 0.446 1 0.002 0.001 0.105 0.098 0.32 0.001 0.003 0.112 0.007 0.015 0.027 0.183 0.054 0.001 0.003 0.005 0.001 0.001 0.182 0.058 0.041 0 0.002 0.081 0.003 0.058 0.039 0.002 0.006 0.021 0.001 0.002 0.003 0.039 0.034 0.02 0.001 0 0.008 0.002 0.007 0 0.001 0.001 0 0.001 0.001 0.001 0.001 0.011 0.002 0.001 0.001 0.005 0.002 0.011 0.001 0.002 0.001 0 0.002 0.001 0.001 0.001 0.003 0.001
0.019 0.016 0.017 0.035 0.008 0.004 0.002 0.004 0.029 0.001 0.004 0.002 1 0.001 0.009 0.006 0.005 0.001 0.002 0.005 0.143 0.014 0.028 0.008 0.028 0.001 0.002 0.004 0.001 0.001 0.002 0.016 0.024 0.001 0 0.006 0 0.005 0.026 0.002 0.009 0.05 0.077 0.002 0 0.012 0.017 0.003 0.001 0.061 0.089 0 0.065 0.074 0.001 0.095 0.056 0 0.001 0.225 0.049 0.062 0.002 0.001 0.001 0.001 0.002 0.038 0.054 0.003 0.027 0.002 0.005 0.001 0.04 0.001 0.002 0.06
0.049 0.057 0.055 0.027 0.005 0.264 0.002 0.003 0.032 0.001 0.002 0.001 0.001 1 0.061 0.057 0.003 0.001 0.001 0.068 0.004 0.01 0.017 0.005 0.033 0.001 0.002 0.242 0.001 0.001 0.005 0.036 0.027 0.015 0.001 0.006 0.001 0.005 0.025 0.002 0.103 0.017 0.004 0.001 0.002 0.013 0.016 0.013 0.014 0.007 0.005 0.001 0.004 0.006 0.011 0.009 0.007 0.001 0.001 0.001 0.007 0.006 0 0.001 0 0.003 0.001 0.007 0.008 0 0.001 0.003 0.001 0.001 0.007 0.011 0.003 0.001
0.53 0.567 0.599 0.269 0.457 0.231 0.162 0.258 0.355 0.006 0.217 0.105 0.009 0.061 1 0.928 0.316 0.077 0.02 0.805 0.055 0.083 0.166 0.475 0.355 0.01 0.023 0.21 0.07 0.079 0.382 0.291 0.234 0.002 0.085 0.127 0.092 0.085 0.221 0.025 0.02 0.072 0.034 0.01 0.096 0.021 0.017 0.078 0.024 0 0.066 0.056 0.066 0.042 0.022 0.002 0.006 0.01 0.013 0.008 0 0.015 0.008 0.008 0.025 0.005 0.014 0.011 0.004 0.012 0.008 0.008 0.007 0.01 0.005 0.033 0 0.009
0.522 0.557 0.589 0.272 0.464 0.217 0.152 0.241 0.361 0.006 0.203 0.098 0.006 0.057 0.928 1 0.296 0.072 0.022 0.769 0.054 0.087 0.171 0.448 0.326 0.01 0.025 0.197 0.065 0.074 0.372 0.267 0.214 0.002 0.09 0.121 0.094 0.082 0.202 0.027 0.024 0.077 0.027 0.008 0.098 0.019 0.014 0.071 0.022 0 0.057 0.06 0.056 0.036 0.02 0.001 0.004 0.014 0.003 0.009 0.001 0.012 0.009 0.008 0.032 0.007 0.018 0.008 0.002 0.013 0.008 0.009 0.002 0.011 0.004 0.03 0 0.01
0.23 0.223 0.258 0.136 0.575 0.013 0.009 0.645 0.159 0.003 0.584 0.32 0.005 0.003 0.316 0.296 1 0.004 0.008 0.36 0.022 0.05 0.088 0.573 0.173 0.004 0.009 0.014 0.004 0.004 0.495 0.145 0.1 0.001 0.006 0.28 0.008 0.165 0.093 0.007 0.019 0.08 0.002 0.006 0.014 0.143 0.064 0.035 0.004 0 0.023 0.006 0.021 0.003 0.005 0 0 0.004 0.004 0.004 0 0.005 0 0.004 0.002 0 0.006 0.003 0 0 0.004 0.004 0.002 0.004 0 0.004 0.009 0.004
0.048 0.057 0.055 0.034 0.122 0.003 0.002 0.004 0.041 0.001 0.003 0.001 0.001 0.001 0.077 0.072 0.004 1 0.002 0.086 0.005 0.012 0.021 0.152 0.041 0.001 0.002 0.003 0.001 0.001 0.154 0.046 0.034 0.001 0.001 0.008 0.002 0.007 0.031 0.002 0.008 0.02 0.004 0.001 0.002 0.015 0.011 0.013 0.002 0.008 0.004 0.001 0.004 0.005 0.002 0.009 0.007 0.001 0.001 0.001 0.008 0.006 0.002 0.001 0.001 0.002 0.002 0.002 0.008 0.003 0.001 0.002 0.001 0.001 0.007 0.002 0.002 0.001
0.03 0.026 0.027 0.054 0.012 0.006 0.004 0.007 0.042 0.001 0.006 0.003 0.002 0.001 0.02 0.022 0.008 0.002 1 0.022 0.365 0.022 0.088 0.012 0.045 0.002 0.894 0.006 0.002 0.002 0.012 0.024 0.035 0.002 0.002 0.015 0.003 0.013 0.04 0.004 0.004 0.06 0.264 0.003 0.004 0.028 0.017 0.027 0.002 0.147 0.235 0.003 0.249 0.202 0.002 0.128 0.159 0.002 0.002 0 0.124 0.171 0.004 0.002 0.001 0.355 0.003 0.154 0.144 0.005 0 0.003 0.003 0.008 0.167 0.002 0.004 0
0.598 0.624 0.66 0.315 0.506 0.248 0.171 0.283 0.405 0.007 0.238 0.112 0.005 0.068 0.805 0.769 0.36 0.086 0.022 1 0.047 0.13 0.216 0.544 0.435 0.011 0.024 0.214 0.077 0.076 0.447 0.329 0.207 0.001 0.077 0.091 0.087 0.053 0.193 0.023 0.016 0.06 0.021 0.017 0.092 0.021 0.011 0.084 0.028 0.001 0.046 0.049 0.049 0.026 0.026 0 0.001 0.005 0.012 0.01 0 0.007 0.006 0.008 0.015 0.001 0.016 0.004 0.001 0.01 0.009 0.008 0.004 0.011 0.002 0.037 0.001 0.011
0 0 0 0.014 0.027 0.015 0.011 0.012 0.103 0.003 0.01 0.007 0.143 0.004 0.055 0.054 0.022 0.005 0.365 0.047 1 0.05 0.215 0.03 0.096 0.005 0.379 0.017 0.005 0.005 0.022 0.077 0.11 0.005 0.003 0.034 0.005 0.031 0.122 0.01 0.026 0.153 0.528 0 0.004 0.095 0.049 0.021 0.004 0.381 0.582 0.003 0.55 0.506 0.005 0.329 0.387 0.001 0.13 0.024 0.324 0.406 0.011 0.005 0 0.185 0.008 0.37 0.389 0.012 0.034 0.008 0.132 0 0.363 0.005 0.004 0.046
0.155 0.146 0.148 0.323 0.079 0.032 0.021 0.042 0.285 0 0.035 0.015 0.014 0.01 0.083 0.087 0.05 0.012 0.022 0.13 0.05 1 0.494 0.08 0.223 0.011 0.02 0.04 0.011 0.012 0.056 0.24 0.05 0.012 0.016 0.031 0.022 0.041 0.061 0.119 0.08 0.01 0.033 0.066 0.024 0.003 0.021 0.103 0.002 0.047 0.017 0.015 0.013 0.019 0 0.052 0.038 0.002 0.012 0.003 0.034 0.031 0.047 0 0.007 0.007 0.006 0.033 0.038 0.07 0.004 0.004 0.011 0.01 0.037 0 0.034 0.005
0.12 0.102 0.106 0.328 0.13 0.058 0.039 0.065 0.472 0.003 0.054 0.027 0.028 0.017 0.166 0.171 0.088 0.021 0.088 0.216 0.215 0.494 1 0.139 0.393 0.02 0.098 0.069 0.019 0.022 0.098 0.387 0.171 0.02 0.021 0.002 0.032 0.006 0.198 0.061 0.127 0.045 0.136 0.058 0.036 0.036 0.07 0.024 0.006 0.066 0.195 0.021 0.193 0.154 0.004 0.047 0.077 0.003 0.026 0.004 0.063 0.094 0.017 0.001 0.007 0.057 0.016 0.078 0.059 0.028 0.006 0.013 0.027 0.005 0.07 0.003 0.006 0.009
0.354 0.358 0.397 0.2 0.843 0.02 0.014 0.49 0.243 0.004 0.41 0.183 0.008 0.005 0.475 0.448 0.573 0.152 0.012 0.544 0.03 0.08 0.139 1 0.268 0.006 0.014 0.022 0.006 0.007 0.821 0.213 0.147 0.006 0.009 0.248 0.012 0.157 0.135 0.014 0.05 0.052 0.009 0.01 0.007 0.104 0.033 0.059 0.001 0.004 0.034 0.009 0.032 0.011 0 0.006 0.002 0.006 0.007 0.006 0.004 0.014 0.002 0.004 0.004 0 0.01 0.008 0.005 0.004 0.005 0.011 0.005 0.006 0.002 0 0.009 0.006
0.278 0.266 0.287 0.622 0.233 0.116 0.079 0.133 0.749 0.015 0.112 0.054 0.028 0.033 0.355 0.326 0.173 0.041 0.045 0.435 0.096 0.223 0.393 0.268 1 0.023 0.05 0.1 0.037 0.035 0.224 0.737 0.486 0.035 0.037 0.013 0.037 0.004 0.449 0.02 0.192 0.003 0.084 0.017 0.043 0.002 0.201 0.134 0.017 0.031 0.135 0.02 0.128 0.093 0.013 0.04 0.051 0.001 0.025 0.019 0.041 0.071 0.006 0.019 0.006 0.029 0.001 0.055 0.053 0.012 0.02 0.032 0.02 0.016 0.049 0.011 0 0.023
0.005 0.013 0.014 0.001 0.006 0.003 0.002 0.003 0.002 0.039 0.003 0.001 0.001 0.001 0.01 0.01 0.004 0.001 0.002 0.011 0.005 0.011 0.02 0.006 0.023 1 0.002 0.003 0.001 0.001 0.006 0.021 0.028 0 0.001 0.008 0.002 0.005 0.001 0.002 0.026 0.014 0.005 0.001 0.002 0.002 0.006 0.001 0.001 0.003 0.001 0.001 0.001 0.002 0.001 0.004 0.003 0.001 0.001 0.001 0.003 0.002 0.002 0.03 0.001 0 0.152 0.003 0.003 0.002 0.001 0 0.001 0.001 0.003 0.001 0.001 0.001
0.033 0.029 0.03 0.053 0.014 0.006 0.004 0.007 0.041 0.001 0.006 0.003 0.002 0.002 0.023 0.025 0.009 0.002 0.894 0.024 0.379 0.02 0.098 0.014 0.05 0.002 1 0.007 0.002 0.002 0.014 0.029 0.041 0.002 0.003 0.017 0.004 0.014 0.046 0.004 0.005 0.062 0.281 0.003 0.004 0.026 0.02 0.025 0.002 0.156 0.251 0.003 0.242 0.215 0.002 0.135 0.168 0.002 0.002 0 0.118 0.165 0.004 0.002 0.001 0.378 0.003 0.163 0.152 0.005 0 0.003 0.003 0.007 0.177 0.002 0.004 0
0.153 0.184 0.177 0.069 0.022 0.881 0.607 0.012 0.099 0.002 0.01 0.005 0.004 0.242 0.21 0.197 0.014 0.003 0.006 0.214 0.017 0.04 0.069 0.022 0.1 0.003 0.007 1 0.276 0.28 0.022 0.102 0.06 0.001 0.35 0.026 0.516 0.019 0.058 0.007 0.003 0.017 0.017 0.005 0.24 0.039 0.01 0.028 0.09 0.022 0.019 0.36 0.018 0.022 0.07 0.014 0 0.146 0.003 0.003 0.012 0 0.004 0.003 0.136 0.004 0.003 0 0.005 0.005 0.003 0.001 0.001 0.003 0.001 0.097 0.005 0.003
0.056 0.065 0.063 0.03 0.006 0.301 0.431 0.003 0.037 0.001 0.003 0.001 0.001 0.001 0.07 0.065 0.004 0.001 0.002 0.077 0.005 0.011 0.019 0.006 0.037 0.001 0.002 0.276 1 0.882 0.006 0.007 0.003 0.001 0.026 0.007 0.197 0.006 0.002 0.002 0.006 0.006 0.005 0.001 0.068 0.015 0.015 0.001 0.004 0.006 0.005 0.103 0.005 0.006 0.003 0.004 0.002 0.094 0.001 0.001 0.005 0.002 0.002 0.001 0.144 0.003 0.001 0.002 0.001 0.002 0.001 0.001 0.002 0.001 0.002 0.015 0.006 0.001
0.055 0.064 0.061 0.028 0.007 0.305 0.438 0.004 0.035 0.001 0.003 0.001 0.001 0.001 0.079 0.074 0.004 0.001 0.002 0.076 0.005 0.012 0.022 0.007 0.035 0.001 0.002 0.28 0.882 1 0.007 0.007 0.006 0.001 0.044 0.005 0.217 0.004 0.005 0.002 0.007 0.01 0.006 0.001 0.085 0.017 0.013 0.002 0.003 0.008 0.006 0.127 0.006 0.007 0.002 0.006 0.001 0.082 0.001 0.001 0.007 0.001 0.002 0.001 0.126 0.001 0.002 0.001 0.002 0.003 0.001 0.002 0.001 0.001 0.001 0.013 0.004 0.001
0.278 0.285 0.316 0.152 0.684 0.02 0.014 0.412 0.181 0.004 0.334 0.182 0.002 0.005 0.382 0.372 0.495 0.154 0.012 0.447 0.022 0.056 0.098 0.821 0.224 0.006 0.014 0.022 0.006 0.007 1 0.246 0.177 0.006 0.008 0.296 0.012 0.197 0.164 0.013 0.05 0.075 0.006 0.009 0.007 0.111 0.047 0.063 0.002 0.002 0.028 0.009 0.026 0.007 0.003 0.004 0.001 0.006 0.007 0.006 0.004 0.01 0.014 0.006 0.004 0 0.01 0.008 0.003 0.016 0.005 0.011 0.005 0.006 0.002 0.002 0.014 0.006
0.196 0.185 0.2 0.543 0.187 0.085 0.048 0.109 0.682 0.014 0.086 0.058 0.016 0.036 0.291 0.267 0.145 0.046 0.024 0.329 0.077 0.24 0.387 0.213 0.737 0.021 0.029 0.102 0.007 0.007 0.246 1 0.701 0.039 0.059 0.03 0.084 0.015 0.659 0.045 0.244 0.002 0.076 0.032 0.089 0.001 0.264 0.224 0.02 0.012 0.125 0.058 0.118 0.083 0.011 0.017 0.04 0.021 0.022 0.015 0.017 0.058 0.041 0.02 0.026 0.025 0.001 0.043 0.025 0.049 0.018 0.037 0.017 0.04 0.038 0.005 0.017 0.017
0.102 0.094 0.103 0.312 0.126 0.047 0.022 0.073 0.434 0.005 0.057 0.041 0.024 0.027 0.234 0.214 0.1 0.034 0.035 0.207 0.11 0.05 0.171 0.147 0.486 0.028 0.041 0.06 0.003 0.006 0.177 0.701 1 0.028 0.031 0.247 0.049 0.223 0.911 0.061 0.167 0.051 0.087 0.02 0.065 0.013 0.401 0.212 0.006 0.025 0.14 0.045 0.128 0.098 0.002 0.035 0.06 0.014 0.03 0.023 0.027 0.078 0.048 0.027 0.019 0.026 0 0.062 0.044 0.059 0.021 0.024 0.026 0.032 0.056 0 0.021 0.025
0 0.002 0.002 0.032 0.003 0.001 0.002 0.001 0.038 0.001 0.001 0 0.001 0.015 0.002 0.002 0.001 0.001 0.002 0.001 0.005 0.012 0.02 0.006 0.035 0 0.002 0.001 0.001 0.001 0.006 0.039 0.028 1 0.001 0.008 0.002 0.007 0.03 0.002 0.124 0.021 0.005 0.001 0.002 0.016 0.054 0.016 0.008 0.009 0.006 0.001 0.005 0.007 0.006 0.01 0.008 0.001 0.001 0.001 0.009 0.008 0.002 0.001 0.001 0.004 0.002 0.002 0.009 0.002 0.001 0.51 0.001 0.001 0.008 0.001 0.002 0.001
0.055 0.069 0.066 0.02 0.009 0.321 0.464 0.005 0.036 0.001 0.004 0.002 0 0.001 0.085 0.09 0.006 0.001 0.002 0.077 0.003 0.016 0.021 0.009 0.037 0.001 0.003 0.35 0.026 0.044 0.008 0.059 0.031 0.001 1 0.01 0.543 0.009 0.04 0.003 0.01 0.058 0.007 0.002 0.244 0.008 0.02 0.019 0.147 0.039 0.008 0.354 0.007 0.009 0.12 0.029 0.005 0.089 0.001 0.001 0.021 0.006 0.003 0.001 0.138 0 0.001 0.005 0.015 0.003 0.001 0.002 0.002 0.001 0.005 0.125 0 0.001
0.047 0.045 0.057 0.004 0.206 0.024 0.017 0.225 0.01 0 0.167 0.081 0.006 0.006 0.127 0.121 0.28 0.008 0.015 0.091 0.034 0.031 0.002 0.248 0.013 0.008 0.017 0.026 0.007 0.005 0.296 0.03 0.247 0.008 0.01 1 0.015 0.823 0.228 0.016 0.062 0.322 0.025 0.107 0.004 0.249 0.194 0.022 0.007 0.016 0.028 0.009 0.024 0.027 0.009 0.021 0.012 0.007 0.008 0.005 0.01 0.012 0.011 0.007 0.005 0 0.012 0.01 0.016 0.006 0.005 0.013 0.007 0.006 0.01 0.008 0.003 0.006
0.063 0.075 0.072 0.02 0.012 0.384 0.557 0.007 0.037 0.001 0.006 0.003 0 0.001 0.092 0.094 0.008 0.002 0.003 0.087 0.005 0.022 0.032 0.012 0.037 0.002 0.004 0.516 0.197 0.217 0.012 0.084 0.049 0.002 0.543 0.015 1 0.01 0.057 0.004 0.013 0.08 0.01 0.003 0.4 0.013 0.031 0.031 0.1 0.067 0.011 0.578 0.01 0.013 0.08 0.052 0.001 0.311 0.002 0.002 0.06 0.001 0.004 0.002 0.307 0 0.003 0.001 0.04 0.005 0.001 0.003 0 0.002 0 0.083 0 0.002
0.024 0.033 0.03 0 0.129 0.02 0.014 0.224 0.003 0 0.16 0.058 0.005 0.005 0.085 0.082 0.165 0.007 0.013 0.053 0.031 0.041 0.006 0.157 0.004 0.005 0.014 0.019 0.006 0.004 0.197 0.015 0.223 0.007 0.009 0.823 0.01 1 0.209 0.012 0.051 0.287 0.019 0.128 0.01 0.199 0.236 0.017 0.006 0.039 0.023 0.005 0.019 0.027 0.007 0.045 0.037 0.003 0.007 0.004 0.03 0.032 0.008 0.006 0.001 0.01 0.009 0.034 0.039 0.01 0.004 0.011 0.01 0.005 0.034 0.007 0.007 0.005
0.095 0.083 0.092 0.351 0.114 0.046 0.022 0.068 0.485 0.004 0.052 0.039 0.026 0.025 0.221 0.202 0.093 0.031 0.04 0.193 0.122 0.061 0.198 0.135 0.449 0.001 0.046 0.058 0.002 0.005 0.164 0.659 0.911 0.03 0.04 0.228 0.057 0.209 1 0.066 0.225 0.043 0.097 0.018 0.062 0.007 0.453 0.244 0.011 0.031 0.154 0.044 0.141 0.11 0.004 0.043 0.069 0.013 0.032 0.025 0.034 0.089 0.053 0.026 0.017 0.031 0.018 0.072 0.053 0.064 0.023 0.024 0.029 0.029 0.065 0.001 0.023 0.028
0.031 0.027 0.028 0.059 0.012 0.006 0.004 0.006 0.048 0.003 0.005 0.002 0.002 0.002 0.025 0.027 0.007 0.002 0.004 0.023 0.01 0.119 0.061 0.014 0.02 0.002 0.004 0.007 0.002 0.002 0.013 0.045 0.061 0.002 0.003 0.016 0.004 0.012 0.066 1 0.008 0.025 0.004 0.003 0.004 0.013 0.024 0.045 0.002 0.008 0.003 0.003 0.003 0.001 0.002 0.01 0.01 0.002 0.002 0.002 0.008 0.006 0.377 0.002 0.001 0.002 0.001 0.007 0.011 0.427 0.002 0.003 0.003 0.002 0.007 0.002 0.072 0.002
0.018 0.033 0.034 0.213 0.037 0.005 0.015 0.023 0.263 0.004 0.019 0.006 0.009 0.103 0.02 0.024 0.019 0.008 0.004 0.016 0.026 0.08 0.127 0.05 0.192 0.026 0.005 0.003 0.006 0.007 0.05 0.244 0.167 0.124 0.01 0.062 0.013 0.051 0.225 0.008 1 0.168 0.041 0.011 0.015 0.082 0.328 0.066 0.001 0.071 0.046 0.011 0.043 0.053 0 0.082 0.066 0.001 0.008 0.007 0.071 0.062 0.006 0.007 0.004 0.03 0.109 0.055 0.073 0.008 0.006 0.137 0.011 0.115 0.063 0.001 0.002 0.007
0.086 0.098 0.107 0.001 0.05 0.01 0.04 0.069 0.001 0.003 0.049 0.021 0.05 0.017 0.072 0.077 0.08 0.02 0.06 0.06 0.153 0.01 0.045 0.052 0.003 0.014 0.062 0.017 0.006 0.01 0.075 0.002 0.051 0.021 0.058 0.322 0.08 0.287 0.043 0.025 0.168 1 0.188 0.039 0.092 0.331 0.004 0.095 0.001 0.287 0.198 0.06 0.179 0.154 0 0.249 0.202 0.021 0.046 0.026 0.218 0.218 0.03 0.016 0.026 0.102 0.025 0.202 0.221 0.038 0.009 0.035 0.056 0.02 0.193 0 0.022 0.011
0 0 0 0.014 0.003 0.016 0.011 0 0.057 0.003 0 0.001 0.077 0.004 0.034 0.027 0.002 0.004 0.264 0.021 0.528 0.033 0.136 0.009 0.084 0.005 0.281 0.017 0.005 0.006 0.006 0.076 0.087 0.005 0.007 0.025 0.01 0.019 0.097 0.004 0.041 0.188 1 0.008 0.011 0.159 0.095 0.059 0.005 0.569 0.755 0.007 0.702 0.777 0.006 0.504 0.6 0.005 0.099 0.05 0.446 0.531 0.011 0.005 0.003 0.27 0.009 0.479 0.532 0.013 0.054 0.009 0.106 0.005 0.572 0.006 0.012 0.067
0.004 0.006 0.006 0.022 0.01 0.004 0.003 0.005 0.035 0.016 0.004 0.002 0.002 0.001 0.01 0.008 0.006 0.001 0.003 0.017 0 0.066 0.058 0.01 0.017 0.001 0.003 0.005 0.001 0.001 0.009 0.032 0.02 0.001 0.002 0.107 0.003 0.128 0.018 0.003 0.011 0.039 0.008 1 0.003 0.013 0.025 0.04 0.001 0.013 0.009 0.002 0.008 0.01 0.002 0.015 0.013 0.001 0.001 0.001 0.006 0.012 0 0.001 0.001 0.006 0.002 0.012 0.014 0 0.001 0.002 0.002 0.001 0.012 0.001 0 0.001
0.063 0.049 0.076 0.029 0.005 0.155 0.234 0.006 0.038 0.001 0.005 0.003 0 0.002 0.096 0.098 0.014 0.002 0.004 0.092 0.004 0.024 0.036 0.007 0.043 0.002 0.004 0.24 0.068 0.085 0.007 0.089 0.065 0.002 0.244 0.004 0.4 0.01 0.062 0.004 0.015 0.092 0.011 0.003 1 0.001 0.035 0.034 0.002 0.214 0.012 0.675 0.011 0.007 0.002 0.18 0.056 0.298 0.002 0.002 0.167 0.051 0.004 0.002 0.282 0.03 0.003 0.06 0.131 0.005 0.002 0.003 0.002 0.002 0.054 0.002 0.004 0.002
0.032 0.034 0.041 0 0.084 0.043 0.028 0.143 0.005 0.001 0.114 0.039 0.012 0.013 0.021 0.019 0.143 0.015 0.028 0.021 0.095 0.003 0.036 0.104 0.002 0.002 0.026 0.039 0.015 0.017 0.111 0.001 0.013 0.016 0.008 0.249 0.013 0.199 0.007 0.013 0.082 0.331 0.159 0.013 0.001 1 0.02 0.071 0.015 0.152 0.152 0.007 0.142 0.164 0.018 0.118 0.148 0 0.01 0.007 0.141 0.134 0.011 0 0 0.097 0.026 0.113 0.135 0.016 0.009 0.027 0.016 0 0.134 0.017 0.031 0.022
0.003 0.001 0.001 0.188 0.028 0.008 0.034 0.086 0.226 0.01 0.061 0.034 0.017 0.016 0.017 0.014 0.064 0.011 0.017 0.011 0.049 0.021 0.07 0.033 0.201 0.006 0.02 0.01 0.015 0.013 0.047 0.264 0.401 0.054 0.02 0.194 0.031 0.236 0.453 0.024 0.328 0.004 0.095 0.025 0.035 0.02 1 0.11 0.001 0.165 0.104 0.025 0.099 0.123 0.003 0.189 0.154 0.015 0.018 0.015 0.164 0.142 0.026 0.016 0.01 0.068 0.088 0.135 0.169 0.033 0.015 0.057 0.026 0.053 0.147 0.008 0.011 0.017
0.07 0.058 0.06 0.151 0.055 0.02 0.009 0.034 0.19 0.03 0.031 0.02 0.003 0.013 0.078 0.071 0.035 0.013 0.027 0.084 0.021 0.103 0.024 0.059 0.134 0.001 0.025 0.028 0.001 0.002 0.063 0.224 0.212 0.016 0.019 0.022 0.031 0.017 0.244 0.045 0.066 0.095 0.059 0.04 0.034 0.071 0.11 1 0.015 0.098 0.049 0.024 0.044 0.056 0.006 0.061 0.053 0.005 0 0 0.055 0.046 0.052 0.046 0.01 0.04 0.018 0.049 0.057 0.071 0 0.002 0.002 0.016 0.051 0.002 0.05 0.001
0.017 0.021 0.02 0.007 0.002 0.099 0.085 0.003 0.018 0.001 0.003 0.001 0.001 0.014 0.024 0.022 0.004 0.002 0.002 0.028 0.004 0.002 0.006 0.001 0.017 0.001 0.002 0.09 0.004 0.003 0.002 0.02 0.006 0.008 0.147 0.007 0.1 0.006 0.011 0.002 0.001 0.001 0.005 0.001 0.002 0.015 0.001 0.015 1 0.008 0.005 0.001 0.005 0.006 0.833 0.009 0.008 0.001 0.001 0.001 0.008 0.007 0.002 0.001 0.001 0.003 0.001 0.007 0.008 0.002 0.001 0.003 0.001 0.001 0.007 0.661 0.013 0.001
0.02 0.019 0.027 0.001 0.001 0.01 0.029 0.006 0.02 0.006 0.003 0 0.061 0.007 0 0 0 0.008 0.147 0.001 0.381 0.047 0.066 0.004 0.031 0.003 0.156 0.022 0.006 0.008 0.002 0.012 0.025 0.009 0.039 0.016 0.067 0.039 0.031 0.008 0.071 0.287 0.569 0.013 0.214 0.152 0.165 0.098 0.008 1 0.632 0.144 0.588 0.655 0.01 0.86 0.773 0.059 0.108 0.024 0.793 0.711 0.02 0.008 0.061 0.361 0.015 0.682 0.824 0.023 0.033 0.015 0.156 0.009 0.731 0.01 0.02 0.041
0.002 0.001 0.001 0.028 0.02 0.017 0.012 0.015 0.102 0.004 0.012 0.008 0.089 0.005 0.066 0.057 0.023 0.004 0.235 0.046 0.582 0.017 0.195 0.034 0.135 0.001 0.251 0.019 0.005 0.006 0.028 0.125 0.14 0.006 0.008 0.028 0.011 0.023 0.154 0.003 0.046 0.198 0.755 0.009 0.012 0.152 0.104 0.049 0.005 0.632 1 0.008 0.926 0.852 0.006 0.553 0.655 0.005 0.171 0.045 0.512 0.704 0.013 0.005 0.003 0.345 0.009 0.65 0.588 0.015 0.058 0.009 0.188 0.006 0.618 0.006 0.013 0.071
0.033 0.044 0.042 0.014 0.009 0.236 0.345 0.005 0.019 0.001 0.004 0.002 0 0.001 0.056 0.06 0.006 0.001 0.003 0.049 0.003 0.015 0.021 0.009 0.02 0.001 0.003 0.36 0.103 0.127 0.009 0.058 0.045 0.001 0.354 0.009 0.578 0.005 0.044 0.003 0.011 0.06 0.007 0.002 0.675 0.007 0.025 0.024 0.001 0.144 0.008 1 0.006 0.008 0.001 0.124 0.014 0.426 0.001 0 0.105 0.016 0.003 0.001 0.4 0 0.002 0.015 0.075 0.004 0 0.002 0 0.001 0.012 0.001 0.003 0
0.001 0 0 0.026 0.018 0.016 0.011 0.014 0.101 0.003 0.011 0.007 0.065 0.004 0.066 0.056 0.021 0.004 0.249 0.049 0.55 0.013 0.193 0.032 0.128 0.001 0.242 0.018 0.005 0.006 0.026 0.118 0.128 0.005 0.007 0.024 0.01 0.019 0.141 0.003 0.043 0.179 0.702 0.008 0.011 0.142 0.099 0.044 0.005 0.588 0.926 0.006 1 0.806 0.006 0.522 0.618 0.005 0.18 0.054 0.501 0.686 0.012 0.005 0.003 0.309 0.009 0.612 0.554 0.014 0.071 0.009 0.199 0.005 0.58 0.006 0.012 0.085
0 0 0 0.021 0.005 0.021 0.014 0.002 0.081 0.004 0 0 0.074 0.006 0.042 0.036 0.003 0.005 0.202 0.026 0.506 0.019 0.154 0.011 0.093 0.002 0.215 0.022 0.006 0.007 0.007 0.083 0.098 0.007 0.009 0.027 0.013 0.027 0.11 0.001 0.053 0.154 0.777 0.01 0.007 0.164 0.123 0.056 0.006 0.655 0.852 0.008 0.806 1 0.007 0.621 0.69 0.006 0.145 0.041 0.542 0.633 0.008 0.006 0.004 0.321 0.011 0.583 0.613 0.011 0.055 0.011 0.159 0.006 0.652 0.007 0.015 0.066
0.015 0.019 0.018 0.005 0 0.078 0.067 0.004 0.014 0.001 0.003 0.001 0.001 0.011 0.022 0.02 0.005 0.002 0.002 0.026 0.005 0 0.004 0 0.013 0.001 0.002 0.07 0.003 0.002 0.003 0.011 0.002 0.006 0.12 0.009 0.08 0.007 0.004 0.002 0 0 0.006 0.002 0.002 0.018 0.003 0.006 0.833 0.01 0.006 0.001 0.006 0.007 1 0.011 0.009 0.001 0.001 0.001 0.01 0.008 0.002 0.001 0.001 0.004 0.002 0.009 0.01 0.003 0.001 0.002 0.002 0.001 0.009 0.753 0.032 0.001
0.01 0.01 0.016 0.005 0.003 0.006 0.023 0.008 0.031 0.007 0.004 0.001 0.095 0.009 0.002 0.001 0 0.009 0.128 0 0.329 0.052 0.047 0.006 0.04 0.004 0.135 0.014 0.004 0.006 0.004 0.017 0.035 0.01 0.029 0.021 0.052 0.045 0.043 0.01 0.082 0.249 0.504 0.015 0.18 0.118 0.189 0.061 0.009 0.86 0.553 0.124 0.522 0.621 0.011 1 0.815 0.05 0.094 0.081 0.831 0.749 0.023 0.01 0.054 0.359 0.017 0.719 0.859 0.027 0.077 0.017 0.136 0.01 0.777 0.011 0.023 0.09
0.008 0.007 0.012 0.004 0 0 0.003 0.005 0.032 0.005 0.002 0 0.056 0.007 0.006 0.004 0 0.007 0.159 0.001 0.387 0.038 0.077 0.002 0.051 0.003 0.168 0 0.002 0.001 0.001 0.04 0.06 0.008 0.005 0.012 0.001 0.037 0.069 0.01 0.066 0.202 0.6 0.013 0.056 0.148 0.154 0.053 0.008 0.773 0.655 0.014 0.618 0.69 0.009 0.815 1 0.007 0.107 0.044 0.749 0.895 0.019 0.008 0.005 0.431 0.014 0.861 0.819 0.022 0.095 0.014 0.159 0.008 0.928 0.009 0.019 0.11
0.003 0.005 0.005 0 0.006 0.049 0.075 0.003 0.001 0.001 0.003 0.001 0 0.001 0.01 0.014 0.004 0.001 0.002 0.005 0.001 0.002 0.003 0.006 0.001 0.001 0.002 0.146 0.094 0.082 0.006 0.021 0.014 0.001 0.089 0.007 0.311 0.003 0.013 0.002 0.001 0.021 0.005 0.001 0.298 0 0.015 0.005 0.001 0.059 0.005 0.426 0.005 0.006 0.001 0.05 0.007 1 0.001 0.001 0.059 0.007 0.002 0.001 0.667 0.003 0.001 0.007 0.041 0.001 0.001 0.001 0.001 0.001 0.007 0.001 0.002 0.001
0.059 0.068 0.066 0.031 0 0.003 0.002 0.004 0.01 0.001 0.003 0.001 0.001 0.001 0.013 0.003 0.004 0.001 0.002 0.012 0.13 0.012 0.026 0.007 0.025 0.001 0.002 0.003 0.001 0.001 0.007 0.022 0.03 0.001 0.001 0.008 0.002 0.007 0.032 0.002 0.008 0.046 0.099 0.001 0.002 0.01 0.018 0 0.001 0.108 0.171 0.001 0.18 0.145 0.001 0.094 0.107 0.001 1 0 0.069 0.119 0.002 0.001 0.001 0.001 0.002 0.121 0.1 0.003 0 0.002 0.488 0.001 0.096 0.001 0.002 0.001
0.005 0.004 0.004 0.01 0.001 0.001 0 0 0.007 0.001 0 0.001 0.225 0.001 0.008 0.009 0.004 0.001 0 0.01 0.024 0.003 0.004 0.006 0.019 0.001 0 0.003 0.001 0.001 0.006 0.015 0.023 0.001 0.001 0.005 0.002 0.004 0.025 0.002 0.007 0.026 0.05 0.001 0.002 0.007 0.015 0 0.001 0.024 0.045 0 0.054 0.041 0.001 0.081 0.044 0.001 0 1 0.041 0.049 0.002 0.001 0 0.003 0.001 0.037 0.034 0.002 0.25 0.001 0.001 0.001 0.039 0.001 0.002 0.377
0.01 0.009 0.014 0.005 0.004 0.004 0.018 0.007 0.035 0.006 0.004 0.001 0.049 0.007 0 0.001 0 0.008 0.124 0 0.324 0.034 0.063 0.004 0.041 0.003 0.118 0.012 0.005 0.007 0.004 0.017 0.027 0.009 0.021 0.01 0.06 0.03 0.034 0.008 0.071 0.218 0.446 0.006 0.167 0.141 0.164 0.055 0.008 0.793 0.512 0.105 0.501 0.542 0.01 0.831 0.749 0.059 0.069 0.041 1 0.709 0.02 0.007 0.062 0.341 0.015 0.686 0.855 0.023 0.089 0.015 0.116 0.009 0.744 0.01 0.02 0.103
0.003 0.002 0.005 0.01 0.008 0 0.004 0.021 0.051 0.005 0.017 0.011 0.062 0.006 0.015 0.012 0.005 0.006 0.171 0.007 0.406 0.031 0.094 0.014 0.071 0.002 0.165 0 0.002 0.001 0.01 0.058 0.078 0.008 0.006 0.012 0.001 0.032 0.089 0.006 0.062 0.218 0.531 0.012 0.051 0.134 0.142 0.046 0.007 0.711 0.704 0.016 0.686 0.633 0.008 0.749 0.895 0.007 0.119 0.049 0.709 1 0.017 0.007 0.004 0.428 0.013 0.9 0.748 0.02 0.103 0.013 0.175 0.008 0.859 0.008 0.017 0.12
0.005 0.003 0.003 0.02 0.002 0.003 0.005 0 0.024 0.001 0.001 0.002 0.002 0 0.008 0.009 0 0.002 0.004 0.006 0.011 0.047 0.017 0.002 0.006 0.002 0.004 0.004 0.002 0.002 0.014 0.041 0.048 0.002 0.003 0.011 0.004 0.008 0.053 0.377 0.006 0.03 0.011 0 0.004 0.011 0.026 0.052 0.002 0.02 0.013 0.003 0.012 0.008 0.002 0.023 0.019 0.002 0.002 0.002 0.02 0.017 1 0.002 0.001 0.008 0.003 0.018 0.02 0.853 0.002 0.003 0.003 0.002 0.018 0.002 0.136 0.002
0.004 0.004 0.003 0.011 0.004 0.003 0.002 0.003 0.019 0.195 0.003 0.001 0.001 0.001 0.008 0.008 0.004 0.001 0.002 0.008 0.005 0 0.001 0.004 0.019 0.03 0.002 0.003 0.001 0.001 0.006 0.02 0.027 0.001 0.001 0.007 0.002 0.006 0.026 0.002 0.007 0.016 0.005 0.001 0.002 0 0.016 0.046 0.001 0.008 0.005 0.001 0.005 0.006 0.001 0.01 0.008 0.001 0.001 0.001 0.007 0.007 0.002 1 0.001 0.003 0.001 0.007 0.009 0.002 0.001 0.001 0.001 0.001 0.007 0.001 0.002 0.001
0.012 0.015 0.014 0.004 0.004 0.077 0.114 0.002 0.006 0 0.002 0.001 0.001 0 0.025 0.032 0.002 0.001 0.001 0.015 0 0.007 0.007 0.004 0.006 0.001 0.001 0.136 0.144 0.126 0.004 0.026 0.019 0.001 0.138 0.005 0.307 0.001 0.017 0.001 0.004 0.026 0.003 0.001 0.282 0 0.01 0.01 0.001 0.061 0.003 0.4 0.003 0.004 0.001 0.054 0.005 0.667 0.001 0 0.062 0.004 0.001 0.001 1 0.002 0.001 0.004 0.04 0.001 0 0.001 0.001 0.001 0.004 0.001 0.001 0.001
0.009 0.014 0.008 0.036 0.002 0.003 0.001 0.013 0.028 0.002 0.011 0.005 0.001 0.003 0.005 0.007 0 0.002 0.355 0.001 0.185 0.007 0.057 0 0.029 0 0.378 0.004 0.003 0.001 0 0.025 0.026 0.004 0 0 0 0.01 0.031 0.002 0.03 0.102 0.27 0.006 0.03 0.097 0.068 0.04 0.003 0.361 0.345 0 0.309 0.321 0.004 0.359 0.431 0.003 0.001 0.003 0.341 0.428 0.008 0.003 0.002 1 0.006 0.419 0.4 0.01 0.003 0.006 0.004 0.004 0.406 0.004 0.008 0.002
0.01 0.019 0.02 0.02 0.01 0.003 0.002 0.005 0.027 0 0.005 0.002 0.002 0.001 0.014 0.018 0.006 0.002 0.003 0.016 0.008 0.006 0.016 0.01 0.001 0.152 0.003 0.003 0.001 0.002 0.01 0.001 0 0.002 0.001 0.012 0.003 0.009 0.018 0.001 0.109 0.025 0.009 0.002 0.003 0.026 0.088 0.018 0.001 0.015 0.009 0.002 0.009 0.011 0.002 0.017 0.014 0.001 0.002 0.001 0.015 0.013 0.003 0.001 0.001 0.006 1 0.013 0.015 0.004 0.001 0.003 0.002 0.001 0.013 0.002 0 0.002
0.008 0.004 0.008 0.004 0.003 0 0.004 0.022 0.034 0.005 0.018 0.011 0.038 0.007 0.011 0.008 0.003 0.002 0.154 0.004 0.37 0.033 0.078 0.008 0.055 0.003 0.163 0 0.002 0.001 0.008 0.043 0.062 0.002 0.005 0.01 0.001 0.034 0.072 0.007 0.055 0.202 0.479 0.012 0.06 0.113 0.135 0.049 0.007 0.682 0.65 0.015 0.612 0.583 0.009 0.719 0.861 0.007 0.121 0.037 0.686 0.9 0.018 0.007 0.004 0.419 0.013 1 0.718 0.021 0.1 0.007 0.176 0.008 0.846 0.008 0.018 0.101
0.008 0.007 0.012 0.005 0.002 0.001 0.008 0.007 0.034 0.006 0.004 0.001 0.054 0.008 0.004 0.002 0 0.008 0.144 0.001 0.389 0.038 0.059 0.005 0.053 0.003 0.152 0.005 0.001 0.002 0.003 0.025 0.044 0.009 0.015 0.016 0.04 0.039 0.053 0.011 0.073 0.221 0.532 0.014 0.131 0.135 0.169 0.057 0.008 0.824 0.588 0.075 0.554 0.613 0.01 0.859 0.819 0.041 0.1 0.034 0.855 0.748 0.02 0.009 0.04 0.4 0.015 0.718 1 0.024 0.086 0.015 0.152 0.009 0.778 0.01 0.012 0.093
0.008 0.006 0.006 0.029 0.003 0.004 0.005 0 0.032 0.002 0 0.002 0.003 0 0.012 0.013 0 0.003 0.005 0.01 0.012 0.07 0.028 0.004 0.012 0.002 0.005 0.005 0.002 0.003 0.016 0.049 0.059 0.002 0.003 0.006 0.005 0.01 0.064 0.427 0.008 0.038 0.013 0 0.005 0.016 0.033 0.071 0.002 0.023 0.015 0.004 0.014 0.011 0.003 0.027 0.022 0.001 0.003 0.002 0.023 0.02 0.853 0.002 0.001 0.01 0.004 0.021 0.024 1 0.002 0.004 0.004 0.002 0.021 0.003 0.164 0.002
0 0 0 0.004 0.001 0.001 0 0 0.009 0.001 0 0.001 0.027 0.001 0.008 0.008 0.004 0.001 0 0.009 0.034 0.004 0.006 0.005 0.02 0.001 0 0.003 0.001 0.001 0.005 0.018 0.021 0.001 0.001 0.005 0.001 0.004 0.023 0.002 0.006 0.009 0.054 0.001 0.002 0.009 0.015 0 0.001 0.033 0.058 0 0.071 0.055 0.001 0.077 0.095 0.001 0 0.25 0.089 0.103 0.002 0.001 0 0.003 0.001 0.1 0.086 0.002 1 0.001 0.001 0.001 0.088 0.001 0.002 0.419
0.006 0.011 0.011 0.027 0.007 0 0.003 0.003 0.035 0.001 0.002 0 0.002 0.003 0.008 0.009 0.004 0.002 0.003 0.008 0.008 0.004 0.013 0.011 0.032 0 0.003 0.001 0.001 0.002 0.011 0.037 0.024 0.51 0.002 0.013 0.003 0.011 0.024 0.003 0.137 0.035 0.009 0.002 0.003 0.027 0.057 0.002 0.003 0.015 0.009 0.002 0.009 0.011 0.002 0.017 0.014 0.001 0.002 0.001 0.015 0.013 0.003 0.001 0.001 0.006 0.003 0.007 0.015 0.004 0.001 1 0.002 0.002 0.013 0.002 0.003 0.002
0.053 0.052 0.06 0.023 0 0 0 0.005 0.009 0.001 0.004 0.002 0.005 0.001 0.007 0.002 0.002 0.001 0.003 0.004 0.132 0.011 0.027 0.005 0.02 0.001 0.003 0.001 0.002 0.001 0.005 0.017 0.026 0.001 0.002 0.007 0 0.01 0.029 0.003 0.011 0.056 0.106 0.002 0.002 0.016 0.026 0.002 0.001 0.156 0.188 0 0.199 0.159 0.002 0.136 0.159 0.001 0.488 0.001 0.116 0.175 0.003 0.001 0.001 0.004 0.002 0.176 0.152 0.004 0.001 0.002 1 0.001 0.157 0.001 0.003 0.001
0.006 0.013 0.014 0.012 0.006 0.003 0.002 0.003 0.016 0.001 0.003 0.001 0.001 0.001 0.01 0.011 0.004 0.001 0.008 0.011 0 0.01 0.005 0.006 0.016 0.001 0.007 0.003 0.001 0.001 0.006 0.04 0.032 0.001 0.001 0.006 0.002 0.005 0.029 0.002 0.115 0.02 0.005 0.001 0.002 0 0.053 0.016 0.001 0.009 0.006 0.001 0.005 0.006 0.001 0.01 0.008 0.001 0.001 0.001 0.009 0.008 0.002 0.001 0.001 0.004 0.001 0.008 0.009 0.002 0.001 0.002 0.001 1 0.008 0.001 0.002 0.001
0.006 0.006 0.011 0.004 0 0 0.002 0.005 0.03 0.005 0.002 0.001 0.04 0.007 0.005 0.004 0 0.007 0.167 0.002 0.363 0.037 0.07 0.002 0.049 0.003 0.177 0.001 0.002 0.001 0.002 0.038 0.056 0.008 0.005 0.01 0 0.034 0.065 0.007 0.063 0.193 0.572 0.012 0.054 0.134 0.147 0.051 0.007 0.731 0.618 0.012 0.58 0.652 0.009 0.777 0.928 0.007 0.096 0.039 0.744 0.859 0.018 0.007 0.004 0.406 0.013 0.846 0.778 0.021 0.088 0.013 0.157 0.008 1 0.009 0.018 0.104
0.023 0.028 0.027 0.004 0 0.107 0.098 0.004 0.013 0.001 0.003 0.001 0.001 0.011 0.033 0.03 0.004 0.002 0.002 0.037 0.005 0 0.003 0 0.011 0.001 0.002 0.097 0.015 0.013 0.002 0.005 0 0.001 0.125 0.008 0.083 0.007 0.001 0.002 0.001 0 0.006 0.001 0.002 0.017 0.008 0.002 0.661 0.01 0.006 0.001 0.006 0.007 0.753 0.011 0.009 0.001 0.001 0.001 0.01 0.008 0.002 0.001 0.001 0.004 0.002 0.008 0.01 0.003 0.001 0.002 0.001 0.001 0.009 1 0.034 0.001
0.005 0.003 0.003 0.018 0.009 0.007 0.004 0.008 0.008 0.001 0.007 0.003 0.002 0.003 0 0 0.009 0.002 0.004 0.001 0.004 0.034 0.006 0.009 0 0.001 0.004 0.005 0.006 0.004 0.014 0.017 0.021 0.002 0 0.003 0 0.007 0.023 0.072 0.002 0.022 0.012 0 0.004 0.031 0.011 0.05 0.013 0.02 0.013 0.003 0.012 0.015 0.032 0.023 0.019 0.002 0.002 0.002 0.02 0.017 0.136 0.002 0.001 0.008 0 0.018 0.012 0.164 0.002 0.003 0.003 0.002 0.018 0.034 1 0.002
0.001 0 0 0.004 0.002 0.001 0 0 0.009 0.001 0 0.001 0.06 0.001 0.009 0.01 0.004 0.001 0 0.011 0.046 0.005 0.009 0.006 0.023 0.001 0 0.003 0.001 0.001 0.006 0.017 0.025 0.001 0.001 0.006 0.002 0.005 0.028 0.002 0.007 0.011 0.067 0.001 0.002 0.022 0.017 0.001 0.001 0.041 0.071 0 0.085 0.066 0.001 0.09 0.11 0.001 0.001 0.377 0.103 0.12 0.002 0.001 0.001 0.002 0.002 0.101 0.093 0.002 0.419 0.002 0.001 0.001 0.104 0.001 0.002 1
