1 0.801 0.824 0.507 0.328 0.179 0.118 0.25 0.317 0.012 0.232 0.139 0.024 0.05 0.481 0.5 0.224 0.037 0.029 0.518 0.001 0.156 0.119 0.317 0.295 0 0.034 0.149 0.031 0.042 0.272 0.254 0.138 0 0.056 0.049 0.067 0.038 0.134 0.024 0.006 0.115 0 0.007 0.064 0.021 0.02 0.09 0.01 0.019 0 0.047 0.001 0 0.004 0.015 0.004 0.009 0.043 0.012 0.014 0.001 0.02 0.002 0.006 0.016 0.002 0.004 0.004 0.022 0.003 0.002 0.02 0.005 0.002 0.004 0.006 0.002
0.801 1 0.946 0.449 0.354 0.222 0.146 0.304 0.256 0.009 0.281 0.167 0.019 0.063 0.563 0.577 0.254 0.047 0.024 0.593 0 0.127 0.091 0.344 0.29 0.021 0.028 0.187 0.039 0.052 0.32 0.266 0.153 0 0.072 0.066 0.087 0.06 0.137 0.019 0.021 0.125 0 0.007 0.065 0.02 0.015 0.069 0.014 0.014 0.003 0.063 0.004 0.001 0.007 0.011 0.001 0.014 0.055 0.009 0.009 0 0.015 0.008 0.009 0.014 0.023 0 0.005 0.016 0 0.002 0.029 0.01 0 0.007 0.003 0
0.824 0.946 1 0.466 0.395 0.213 0.14 0.297 0.271 0.01 0.275 0.166 0.02 0.06 0.59 0.604 0.27 0.045 0.025 0.628 0 0.127 0.094 0.384 0.318 0.022 0.029 0.179 0.037 0.05 0.332 0.274 0.157 0 0.068 0.071 0.083 0.057 0.141 0.02 0.02 0.124 0.001 0.008 0.079 0.021 0.014 0.067 0.013 0.015 0.004 0.059 0.005 0.002 0.006 0.011 0.002 0.013 0.053 0.009 0.01 0 0.016 0.001 0.009 0.011 0.024 0.001 0.004 0.017 0.001 0.002 0.028 0.01 0 0.007 0.003 0.001
0.507 0.449 0.466 1 0.193 0.1 0.065 0.142 0.772 0.021 0.132 0.08 0.042 0.029 0.292 0.305 0.136 0.027 0.051 0.315 0.02 0.291 0.326 0.201 0.6 0.007 0.058 0.077 0.018 0.024 0.156 0.555 0.324 0.014 0.027 0.007 0.032 0.004 0.389 0.042 0.207 0.005 0.02 0.021 0.03 0.001 0.233 0.202 0.013 0.002 0.029 0.019 0.035 0.03 0.003 0.004 0.01 0.002 0.026 0.018 0.004 0.017 0.039 0.007 0.002 0.041 0.044 0.009 0.008 0.042 0 0.013 0.005 0.018 0.014 0.002 0.008 0
0.328 0.354 0.395 0.193 1 0.018 0.012 0.538 0.26 0.005 0.506 0.282 0.01 0.005 0.479 0.439 0.543 0.097 0.012 0.464 0.032 0.074 0.134 0.767 0.246 0.011 0.014 0.019 0.003 0.004 0.665 0.207 0.142 0.002 0.009 0.204 0.012 0.17 0.128 0.01 0.035 0.058 0.006 0.003 0.001 0.056 0.048 0.033 0.001 0.01 0.023 0.003 0.025 0.011 0 0.012 0.006 0.007 0.003 0.004 0.012 0.018 0.012 0 0.004 0.012 0.01 0.015 0.013 0.012 0.006 0.004 0 0.005 0.01 0.001 0.005 0.008
0.179 0.222 0.213 0.1 0.018 1 0.66 0.011 0.112 0.002 0.01 0.006 0.004 0.284 0.212 0.213 0.012 0.002 0.005 0.225 0.016 0.021 0.048 0.019 0.118 0.005 0.006 0.837 0.176 0.236 0.019 0.108 0.061 0.006 0.308 0.022 0.398 0.021 0.055 0.004 0.009 0.008 0.017 0.003 0.254 0.038 0.001 0.021 0.063 0.017 0.017 0.238 0.018 0.021 0.032 0.016 0 0.085 0.003 0.002 0.01 0 0.002 0.002 0.045 0 0.005 0 0.003 0.002 0.002 0.001 0.003 0.002 0 0.041 0.002 0.003
0.118 0.146 0.14 0.065 0.012 0.66 1 0.007 0.079 0.001 0.007 0.004 0.003 0.002 0.147 0.148 0.008 0.001 0.003 0.154 0.011 0.015 0.032 0.012 0.078 0.003 0.004 0.555 0.268 0.358 0.012 0.069 0.034 0.001 0.474 0.014 0.614 0.014 0.031 0.003 0.012 0.042 0.01 0.002 0.398 0.021 0.031 0.011 0.02 0.051 0.01 0.375 0.011 0.013 0.009 0.05 0.002 0.138 0.002 0.001 0.035 0.003 0.004 0.001 0.074 0.001 0.003 0.003 0.017 0.004 0.001 0.001 0.001 0.001 0.003 0.019 0.002 0.001
0.25 0.304 0.297 0.142 0.538 0.011 0.007 1 0.157 0.003 0.916 0.551 0.006 0.003 0.299 0.3 0.744 0.003 0.007 0.323 0.019 0.046 0.082 0.556 0.178 0.007 0.009 0.012 0.002 0.003 0.548 0.177 0.132 0.001 0.006 0.343 0.008 0.351 0.118 0.006 0.027 0.104 0.005 0.001 0.007 0.133 0.148 0.037 0.003 0.015 0.025 0.001 0.026 0.008 0.005 0.016 0.011 0.005 0.004 0.002 0.015 0.031 0.007 0.003 0.003 0.014 0.005 0.03 0.015 0.008 0.003 0.003 0.007 0.003 0.019 0.005 0.007 0.004
0.317 0.256 0.271 0.772 0.26 0.112 0.079 0.157 1 0.018 0.146 0.093 0.036 0.034 0.388 0.365 0.152 0.032 0.037 0.375 0.119 0.254 0.475 0.234 0.703 0.01 0.042 0.095 0.021 0.028 0.185 0.66 0.414 0.016 0.033 0.015 0.04 0.01 0.484 0.036 0.236 0 0.057 0.02 0.038 0.003 0.282 0.212 0.016 0.022 0.09 0.025 0.099 0.085 0.005 0.026 0.041 0.003 0.015 0.015 0.027 0.054 0.037 0.007 0.003 0.037 0.054 0.047 0.036 0.039 0.004 0.017 0.013 0.022 0.041 0.004 0.005 0.007
0.012 0.009 0.01 0.021 0.005 0.002 0.001 0.003 0.018 1 0.003 0.002 0.001 0.001 0.006 0.003 0.003 0.001 0.001 0.009 0.004 0.008 0.015 0.005 0.015 0.027 0.002 0.002 0 0.001 0.005 0.015 0.019 0 0.001 0.005 0.001 0.005 0.017 0 0.005 0.017 0.005 0 0.001 0.004 0.013 0.037 0.001 0.008 0.006 0.001 0.006 0.007 0.001 0.009 0.007 0.001 0.001 0.001 0.008 0.007 0.001 0.118 0.001 0.003 0.002 0.007 0.008 0.001 0.001 0.001 0.001 0.001 0.007 0.001 0.001 0.001
0.232 0.281 0.275 0.132 0.506 0.01 0.007 0.916 0.146 0.003 1 0.602 0.006 0.003 0.276 0.277 0.709 0.003 0.007 0.299 0.017 0.042 0.075 0.513 0.165 0.006 0.008 0.011 0.002 0.002 0.505 0.163 0.123 0.001 0.005 0.308 0.007 0.314 0.109 0.006 0.025 0.093 0.003 0.001 0.007 0.119 0.133 0.039 0.003 0.012 0.023 0 0.024 0.006 0.004 0.013 0.009 0.004 0.003 0.001 0.013 0.028 0.007 0.003 0.003 0.013 0.005 0.027 0.012 0.007 0.002 0.002 0.006 0.003 0.016 0.005 0.006 0.003
0.139 0.167 0.166 0.08 0.282 0.006 0.004 0.551 0.093 0.002 0.602 1 0.003 0.002 0.174 0.175 0.502 0.002 0.004 0.189 0.013 0.025 0.049 0.325 0.106 0.003 0.005 0.007 0.001 0.001 0.319 0.106 0.079 0 0.003 0.17 0.004 0.169 0.071 0.003 0.015 0.048 0.001 0 0.004 0.067 0.077 0.028 0.002 0.006 0.017 0 0.018 0.003 0.003 0.006 0.004 0.002 0.002 0.003 0.007 0.02 0.004 0.002 0.002 0.008 0.004 0.02 0.007 0.004 0.003 0.001 0.004 0.002 0.013 0.003 0.004 0.004
0.024 0.019 0.02 0.042 0.01 0.004 0.003 0.006 0.036 0.001 0.006 0.003 1 0.001 0.018 0.016 0.007 0.001 0.003 0.007 0.22 0.017 0.053 0.01 0.026 0.003 0.003 0.004 0.001 0.001 0.006 0.023 0.033 0.001 0.001 0.012 0.001 0.011 0.037 0.002 0.007 0.055 0.135 0.002 0.001 0.037 0.021 0.01 0.001 0.098 0.143 0.001 0.128 0.106 0.002 0.112 0.106 0 0 0.364 0.089 0.118 0.003 0.001 0 0.001 0.003 0.096 0.094 0.003 0.108 0.001 0.025 0 0.095 0.002 0.003 0.134
0.05 0.063 0.06 0.029 0.005 0.284 0.002 0.003 0.034 0.001 0.003 0.002 0.001 1 0.063 0.063 0.004 0.001 0.002 0.069 0.005 0.009 0.017 0.005 0.04 0.001 0.002 0.266 0 0.001 0.005 0.04 0.03 0.031 0.001 0.006 0.002 0.006 0.026 0.001 0.113 0.02 0.006 0.001 0.001 0.015 0.041 0.013 0.054 0.009 0.006 0.002 0.006 0.007 0.03 0.01 0.008 0.001 0.001 0.001 0.009 0.007 0 0.001 0.001 0.003 0.002 0.007 0.009 0 0.001 0.013 0.001 0.001 0.007 0.025 0.017 0.001
0.481 0.563 0.59 0.292 0.479 0.212 0.147 0.299 0.388 0.006 0.276 0.174 0.018 0.063 1 0.915 0.308 0.059 0.017 0.767 0.064 0.095 0.201 0.475 0.389 0.018 0.02 0.215 0.039 0.053 0.377 0.358 0.252 0 0.094 0.101 0.11 0.084 0.231 0.019 0.014 0.071 0.033 0.006 0.106 0.011 0.031 0.065 0.034 0 0.06 0.083 0.065 0.047 0.018 0.001 0.014 0.027 0.012 0.013 0.001 0.025 0.009 0.001 0.028 0.01 0.016 0.021 0.006 0.01 0.015 0.002 0.004 0.01 0.017 0.018 0 0.019
0.5 0.577 0.604 0.305 0.439 0.213 0.148 0.3 0.365 0.003 0.277 0.175 0.016 0.063 0.915 1 0.31 0.06 0.017 0.776 0.061 0.09 0.192 0.481 0.39 0.014 0.02 0.216 0.039 0.054 0.386 0.36 0.259 0 0.099 0.108 0.115 0.091 0.238 0.019 0.016 0.066 0.045 0.004 0.111 0.008 0.033 0.054 0.034 0.002 0.075 0.087 0.081 0.06 0.018 0.003 0.021 0.031 0.008 0.012 0.004 0.034 0.009 0 0.032 0.01 0.022 0.03 0.01 0.01 0.015 0.001 0.014 0.009 0.025 0.018 0 0.019
0.224 0.254 0.27 0.136 0.543 0.012 0.008 0.744 0.152 0.003 0.709 0.502 0.007 0.004 0.308 0.31 1 0.003 0.008 0.378 0.025 0.05 0.097 0.603 0.211 0.007 0.009 0.013 0.002 0.003 0.596 0.192 0.144 0.001 0.006 0.353 0.008 0.299 0.128 0.007 0.021 0.108 0.005 0.001 0 0.123 0.131 0.036 0.003 0.006 0.024 0.001 0.026 0.008 0.005 0.007 0.003 0.005 0.004 0.005 0.006 0.016 0.008 0.003 0.003 0.002 0.006 0.014 0.009 0.008 0.006 0.003 0.007 0.003 0.007 0.006 0.007 0.008
0.037 0.047 0.045 0.027 0.097 0.002 0.001 0.003 0.032 0.001 0.003 0.002 0.001 0.001 0.059 0.06 0.003 1 0.001 0.065 0.004 0.009 0.017 0.113 0.037 0.001 0.002 0.002 0 0.001 0.113 0.037 0.022 0 0.001 0.006 0.001 0.005 0.025 0.001 0.005 0.018 0.006 0.001 0.001 0.014 0.008 0.007 0.007 0.009 0.006 0.001 0.006 0.007 0.003 0.009 0.008 0.001 0.001 0.001 0.008 0.007 0.001 0.001 0.001 0.003 0.002 0.004 0.008 0.002 0.001 0.001 0.001 0.001 0.007 0.002 0.001 0.001
0.029 0.024 0.025 0.051 0.012 0.005 0.003 0.007 0.037 0.001 0.007 0.004 0.003 0.002 0.017 0.017 0.008 0.001 1 0.021 0.321 0.021 0.083 0.012 0.036 0.003 0.817 0.006 0.001 0.001 0.012 0.034 0.045 0.001 0.003 0.014 0.003 0.013 0.051 0.003 0.011 0.067 0.228 0.002 0.003 0.038 0.028 0.018 0.001 0.147 0.179 0.004 0.206 0.185 0.002 0.135 0.167 0.002 0.002 0.001 0.123 0.162 0.004 0.001 0.001 0.43 0.004 0.146 0.154 0.004 0.001 0.001 0.003 0 0.163 0.003 0.001 0.002
0.518 0.593 0.628 0.315 0.464 0.225 0.154 0.323 0.375 0.009 0.299 0.189 0.007 0.069 0.767 0.776 0.378 0.065 0.021 1 0.042 0.123 0.206 0.573 0.458 0.02 0.016 0.192 0.043 0.058 0.467 0.38 0.243 0 0.065 0.101 0.084 0.083 0.218 0.015 0.014 0.072 0.023 0.008 0.079 0.011 0.033 0.068 0.038 0 0.048 0.06 0.053 0.036 0.021 0.001 0.009 0.01 0.011 0.014 0.003 0.018 0.014 0.001 0.007 0.003 0.021 0.02 0.007 0.015 0.016 0.002 0.008 0.009 0.011 0.021 0.001 0.02
0.001 0 0 0.02 0.032 0.016 0.011 0.019 0.119 0.004 0.017 0.013 0.22 0.005 0.064 0.061 0.025 0.004 0.321 0.042 1 0.058 0.245 0.038 0.107 0.01 0.307 0.017 0.003 0.004 0.034 0.097 0.132 0.002 0.003 0.044 0.005 0.041 0.144 0.009 0.03 0.192 0.56 0.005 0.005 0.115 0.082 0.034 0.004 0.433 0.579 0.006 0.575 0.506 0.007 0.397 0.454 0.002 0.134 0.078 0.369 0.456 0.011 0.004 0 0.182 0.012 0.425 0.457 0.011 0.074 0.004 0.154 0.001 0.41 0.008 0.003 0.095
0.156 0.127 0.127 0.291 0.074 0.021 0.015 0.046 0.254 0.008 0.042 0.025 0.017 0.009 0.095 0.09 0.05 0.009 0.021 0.123 0.058 1 0.424 0.077 0.201 0.02 0.014 0.035 0.006 0.008 0.05 0.199 0.034 0.005 0.017 0.029 0.022 0.031 0.047 0.125 0.059 0.029 0.048 0.072 0.02 0.013 0.022 0.121 0.002 0.059 0.028 0.009 0.021 0.015 0.003 0.05 0.034 0.002 0.011 0.001 0.039 0.027 0.107 0.002 0.007 0.004 0.009 0.026 0.035 0.115 0.003 0.002 0.013 0.009 0.027 0.005 0.044 0.006
0.119 0.091 0.094 0.326 0.134 0.048 0.032 0.082 0.475 0.015 0.075 0.049 0.053 0.017 0.201 0.192 0.097 0.017 0.083 0.206 0.245 0.424 1 0.148 0.395 0.038 0.097 0.066 0.011 0.015 0.107 0.378 0.169 0.009 0.023 0 0.033 0 0.203 0.059 0.113 0.046 0.16 0.038 0.031 0.038 0.107 0.016 0.006 0.096 0.208 0.019 0.225 0.209 0 0.093 0.141 0.005 0.031 0.032 0.098 0.155 0.039 0.007 0.007 0.078 0.027 0.144 0.107 0.043 0.025 0.007 0.035 0.01 0.135 0 0.008 0.027
0.317 0.344 0.384 0.201 0.767 0.019 0.012 0.556 0.234 0.005 0.513 0.325 0.01 0.005 0.475 0.481 0.603 0.113 0.012 0.573 0.038 0.077 0.148 1 0.298 0.011 0.014 0.02 0.003 0.005 0.829 0.238 0.165 0.003 0.01 0.243 0.013 0.207 0.149 0.01 0.047 0.054 0.017 0.003 0.001 0.056 0.059 0.039 0.003 0.023 0.042 0.004 0.044 0.024 0.002 0.025 0.016 0.008 0.006 0.008 0.023 0.034 0.012 0 0.003 0.007 0.011 0.03 0.027 0.013 0.01 0.005 0.011 0.005 0.023 0.001 0.006 0.012
0.295 0.29 0.318 0.6 0.246 0.118 0.078 0.178 0.703 0.015 0.165 0.106 0.026 0.04 0.389 0.39 0.211 0.037 0.036 0.458 0.107 0.201 0.395 0.298 1 0.035 0.044 0.114 0.025 0.033 0.268 0.835 0.583 0.017 0.041 0.03 0.05 0.023 0.525 0.017 0.182 0 0.093 0.014 0.047 0.004 0.278 0.165 0.007 0.037 0.133 0.033 0.14 0.117 0.001 0.045 0.071 0.005 0.016 0.025 0.046 0.089 0.019 0.005 0.005 0.028 0.005 0.082 0.062 0.02 0.028 0.019 0.03 0.033 0.074 0.001 0 0.036
0 0.021 0.022 0.007 0.011 0.005 0.003 0.007 0.01 0.027 0.006 0.003 0.003 0.001 0.018 0.014 0.007 0.001 0.003 0.02 0.01 0.02 0.038 0.011 0.035 1 0.004 0.005 0.001 0.001 0.011 0.035 0.046 0 0.002 0.013 0.003 0.012 0 0.003 0.028 0.012 0 0.001 0.003 0.003 0.003 0.001 0.001 0.001 0 0.003 0 0 0.002 0.001 0 0.002 0.002 0.002 0.001 0 0.003 0.1 0.001 0.004 0.124 0 0 0.003 0.026 0 0.003 0.001 0 0.002 0.003 0.018
0.034 0.028 0.029 0.058 0.014 0.006 0.004 0.009 0.042 0.002 0.008 0.005 0.003 0.002 0.02 0.02 0.009 0.002 0.817 0.016 0.307 0.014 0.097 0.014 0.044 0.004 1 0.007 0.001 0.001 0.014 0.041 0.05 0.001 0.003 0.017 0.004 0.016 0.058 0.003 0.013 0.062 0.228 0.002 0.004 0.033 0.034 0.015 0.002 0.144 0.181 0.004 0.2 0.183 0.002 0.132 0.165 0.002 0.002 0.001 0.098 0.158 0.004 0.002 0.001 0.438 0.005 0.123 0.152 0.004 0.002 0.002 0.004 0 0.163 0.003 0.004 0.002
0.149 0.187 0.179 0.077 0.019 0.837 0.555 0.012 0.095 0.002 0.011 0.007 0.004 0.266 0.215 0.216 0.013 0.002 0.006 0.192 0.017 0.035 0.066 0.02 0.114 0.005 0.007 1 0.166 0.222 0.02 0.13 0.083 0.005 0.413 0.023 0.563 0.018 0.076 0.005 0.007 0.018 0.018 0.003 0.395 0.025 0.002 0.034 0.058 0.036 0.019 0.371 0.02 0.023 0.029 0.031 0.001 0.209 0.003 0.004 0.023 0.001 0.002 0.002 0.155 0 0.006 0.001 0.012 0.002 0.004 0.001 0.003 0.002 0.001 0.038 0.001 0.005
0.031 0.039 0.037 0.018 0.003 0.176 0.268 0.002 0.021 0 0.002 0.001 0.001 0 0.039 0.039 0.002 0 0.001 0.043 0.003 0.006 0.011 0.003 0.025 0.001 0.001 0.166 1 0.737 0.003 0.01 0.006 0 0.004 0.004 0.154 0.004 0.005 0.001 0.004 0.007 0.004 0.001 0.043 0.009 0.009 0.001 0.004 0.002 0.004 0.041 0.004 0.005 0.001 0.002 0.004 0.018 0 0.001 0 0.003 0.001 0 0.032 0.002 0.001 0.003 0.001 0.001 0.001 0 0 0 0.003 0.019 0 0.001
0.042 0.052 0.05 0.024 0.004 0.236 0.358 0.003 0.028 0.001 0.002 0.001 0.001 0.001 0.053 0.054 0.003 0.001 0.001 0.058 0.004 0.008 0.015 0.005 0.033 0.001 0.001 0.222 0.737 1 0.005 0.017 0.012 0 0.049 0.005 0.239 0.005 0.009 0.001 0.005 0.012 0.005 0.001 0.102 0.012 0.011 0.003 0.002 0.009 0.005 0.096 0.005 0.006 0.001 0.008 0 0.012 0.001 0.001 0.003 0 0.001 0.001 0.023 0.003 0.001 0 0.001 0.001 0.001 0.001 0 0.001 0 0.013 0 0.001
0.272 0.32 0.332 0.156 0.665 0.019 0.012 0.548 0.185 0.005 0.505 0.319 0.006 0.005 0.377 0.386 0.596 0.113 0.012 0.467 0.034 0.05 0.107 0.829 0.268 0.011 0.014 0.02 0.003 0.005 1 0.27 0.214 0.003 0.01 0.318 0.013 0.278 0.195 0.01 0.047 0.073 0.014 0.003 0.001 0.077 0.075 0.054 0.001 0.02 0.037 0.004 0.04 0.021 0.003 0.023 0.014 0.008 0.006 0.008 0.023 0.031 0.013 0.005 0.003 0.005 0.011 0.03 0.024 0.013 0.01 0.005 0.011 0.005 0.023 0.004 0.012 0.012
0.254 0.266 0.274 0.555 0.207 0.108 0.069 0.177 0.66 0.015 0.163 0.106 0.023 0.04 0.358 0.36 0.192 0.037 0.034 0.38 0.097 0.199 0.378 0.238 0.835 0.035 0.041 0.13 0.01 0.017 0.27 1 0.696 0.017 0.07 0.044 0.093 0.039 0.632 0.031 0.186 0.004 0.103 0.016 0.09 0 0.311 0.211 0.007 0.027 0.145 0.069 0.153 0.128 0 0.031 0.074 0.03 0.016 0.019 0.032 0.093 0.032 0.016 0.033 0.035 0.005 0.086 0.045 0.033 0.028 0.019 0.03 0.037 0.077 0 0.007 0.03
0.138 0.153 0.157 0.324 0.142 0.061 0.034 0.132 0.414 0.019 0.123 0.079 0.033 0.03 0.252 0.259 0.144 0.022 0.045 0.243 0.132 0.034 0.169 0.165 0.583 0.046 0.05 0.083 0.006 0.012 0.214 0.696 1 0.013 0.041 0.275 0.059 0.27 0.877 0.041 0.126 0.037 0.115 0.036 0.067 0.005 0.422 0.203 0.001 0.043 0.159 0.071 0.148 0.13 0.002 0.043 0.084 0.021 0.022 0.016 0.039 0.1 0.033 0.021 0.023 0.03 0.001 0.092 0.056 0.035 0.021 0.013 0.042 0.028 0.084 0.005 0.006 0.03
0 0 0 0.014 0.002 0.006 0.001 0.001 0.016 0 0.001 0 0.001 0.031 0 0 0.001 0 0.001 0 0.002 0.005 0.009 0.003 0.017 0 0.001 0.005 0 0 0.003 0.017 0.013 1 0.001 0.003 0.001 0.003 0.014 0.001 0.058 0.01 0.003 0 0.001 0.008 0.024 0.007 0 0.005 0.003 0.001 0.003 0.004 0 0.005 0.004 0 0 0 0.005 0.004 0.001 0 0 0.002 0.001 0.004 0.004 0.001 0.001 0.484 0.001 0 0.004 0.001 0.001 0.001
0.056 0.072 0.068 0.027 0.009 0.308 0.474 0.006 0.033 0.001 0.005 0.003 0.001 0.001 0.094 0.099 0.006 0.001 0.003 0.065 0.003 0.017 0.023 0.01 0.041 0.002 0.003 0.413 0.004 0.049 0.01 0.07 0.041 0.001 1 0.011 0.686 0.01 0.045 0.002 0.01 0.057 0.008 0.002 0.512 0.003 0.025 0.022 0.029 0.081 0.007 0.484 0.008 0.009 0.014 0.074 0.004 0.284 0.001 0.002 0.072 0.004 0.003 0.001 0.221 0.002 0.003 0.005 0.05 0.003 0.002 0.001 0.002 0.001 0.004 0.011 0.002 0.002
0.049 0.066 0.071 0.007 0.204 0.022 0.014 0.343 0.015 0.005 0.308 0.17 0.012 0.006 0.101 0.108 0.353 0.006 0.014 0.101 0.044 0.029 0 0.243 0.03 0.013 0.017 0.023 0.004 0.005 0.318 0.044 0.275 0.003 0.011 1 0.014 0.896 0.245 0.012 0.055 0.249 0.033 0.111 0.002 0.191 0.227 0.028 0.005 0.042 0.035 0.004 0.026 0.032 0.009 0.036 0.024 0.009 0.007 0.001 0.027 0.02 0.008 0.006 0.005 0.004 0.013 0.018 0.034 0.005 0.002 0.006 0.013 0.006 0.019 0.011 0.002 0.004
0.067 0.087 0.083 0.032 0.012 0.398 0.614 0.008 0.04 0.001 0.007 0.004 0.001 0.002 0.11 0.115 0.008 0.001 0.003 0.084 0.005 0.022 0.033 0.013 0.05 0.003 0.004 0.563 0.154 0.239 0.013 0.093 0.059 0.001 0.686 0.014 1 0.01 0.061 0.003 0.013 0.075 0.011 0.002 0.626 0.008 0.032 0.029 0.02 0.093 0.011 0.591 0.012 0.014 0.009 0.084 0 0.381 0.002 0.002 0.075 0 0.004 0.001 0.317 0.001 0.004 0 0.048 0.004 0.002 0.001 0.002 0.001 0 0.006 0.003 0.003
0.038 0.06 0.057 0.004 0.17 0.021 0.014 0.351 0.01 0.005 0.314 0.169 0.011 0.006 0.084 0.091 0.299 0.005 0.013 0.083 0.041 0.031 0 0.207 0.023 0.012 0.016 0.018 0.004 0.005 0.278 0.039 0.27 0.003 0.01 0.896 0.01 1 0.241 0.011 0.051 0.243 0.031 0.141 0.01 0.174 0.246 0.024 0.005 0.052 0.032 0.002 0.023 0.029 0.008 0.045 0.035 0.005 0.007 0.001 0.034 0.03 0.007 0.006 0.002 0.009 0.013 0.029 0.036 0.007 0.001 0.006 0.012 0.005 0.03 0.01 0.004 0.003
0.134 0.137 0.141 0.389 0.128 0.055 0.031 0.118 0.484 0.017 0.109 0.071 0.037 0.026 0.231 0.238 0.128 0.025 0.051 0.218 0.144 0.047 0.203 0.149 0.525 0 0.058 0.076 0.005 0.009 0.195 0.632 0.877 0.014 0.045 0.245 0.061 0.241 1 0.046 0.21 0.023 0.135 0.032 0.06 0.001 0.507 0.246 0.003 0.059 0.183 0.063 0.171 0.153 0.001 0.06 0.104 0.018 0.025 0.019 0.054 0.121 0.038 0.019 0.02 0.038 0.04 0.112 0.073 0.041 0.024 0.013 0.048 0.025 0.103 0.004 0.008 0.035
0.024 0.019 0.02 0.042 0.01 0.004 0.003 0.006 0.036 0 0.006 0.003 0.002 0.001 0.019 0.019 0.007 0.001 0.003 0.015 0.009 0.125 0.059 0.01 0.017 0.003 0.003 0.005 0.001 0.001 0.01 0.031 0.041 0.001 0.002 0.012 0.003 0.011 0.046 1 0.002 0.025 0.004 0.002 0.003 0.007 0.011 0.042 0.001 0.009 0.004 0.003 0.005 0 0.002 0.01 0.007 0.008 0.001 0.002 0.008 0.006 0.371 0.001 0.001 0.001 0.003 0.006 0.008 0.363 0.002 0.001 0.003 0.001 0.006 0.002 0.017 0.003
0.006 0.021 0.02 0.207 0.035 0.009 0.012 0.027 0.236 0.005 0.025 0.015 0.007 0.113 0.014 0.016 0.021 0.005 0.011 0.014 0.03 0.059 0.113 0.047 0.182 0.028 0.013 0.007 0.004 0.005 0.047 0.186 0.126 0.058 0.01 0.055 0.013 0.051 0.21 0.002 1 0.173 0.052 0.008 0.013 0.071 0.366 0.083 0.001 0.079 0.053 0.014 0.056 0.063 0 0.086 0.07 0 0.004 0.009 0.077 0.064 0.001 0.006 0.005 0.026 0.205 0.063 0.076 0.002 0.01 0.072 0.012 0.106 0.064 0.001 0 0.013
0.115 0.125 0.124 0.005 0.058 0.008 0.042 0.104 0 0.017 0.093 0.048 0.055 0.02 0.071 0.066 0.108 0.018 0.067 0.072 0.192 0.029 0.046 0.054 0 0.012 0.062 0.018 0.007 0.012 0.073 0.004 0.037 0.01 0.057 0.249 0.075 0.243 0.023 0.025 0.173 1 0.246 0.043 0.075 0.409 0.002 0.114 0.002 0.335 0.248 0.038 0.234 0.182 0.01 0.303 0.233 0.024 0.034 0.019 0.274 0.252 0.035 0.011 0.025 0.097 0.045 0.242 0.254 0.037 0.033 0.019 0.058 0.018 0.229 0.015 0.027 0.034
0 0 0.001 0.02 0.006 0.017 0.01 0.005 0.057 0.005 0.003 0.001 0.135 0.006 0.033 0.045 0.005 0.006 0.228 0.023 0.56 0.048 0.16 0.017 0.093 0 0.228 0.018 0.004 0.005 0.014 0.103 0.115 0.003 0.008 0.033 0.011 0.031 0.135 0.004 0.052 0.246 1 0.008 0.014 0.215 0.127 0.065 0.005 0.648 0.788 0.005 0.775 0.796 0.008 0.599 0.718 0.008 0.061 0.064 0.559 0.665 0.014 0.006 0.004 0.262 0.016 0.597 0.603 0.015 0.125 0.006 0.135 0.006 0.66 0.01 0.013 0.138
0.007 0.007 0.008 0.021 0.003 0.003 0.002 0.001 0.02 0 0.001 0 0.002 0.001 0.006 0.004 0.001 0.001 0.002 0.008 0.005 0.072 0.038 0.003 0.014 0.001 0.002 0.003 0.001 0.001 0.003 0.016 0.036 0 0.002 0.111 0.002 0.141 0.032 0.002 0.008 0.043 0.008 1 0.002 0.004 0.037 0.026 0.001 0.013 0.009 0.002 0.009 0.01 0.001 0.014 0.011 0.001 0.001 0.001 0.009 0.01 0.001 0.001 0.001 0.004 0.003 0.01 0.012 0.001 0.002 0.001 0.002 0.001 0.01 0.002 0.003 0.002
0.064 0.065 0.079 0.03 0.001 0.254 0.398 0.007 0.038 0.001 0.007 0.004 0.001 0.001 0.106 0.111 0 0.001 0.003 0.079 0.005 0.02 0.031 0.001 0.047 0.003 0.004 0.395 0.043 0.102 0.001 0.09 0.067 0.001 0.512 0.002 0.626 0.01 0.06 0.003 0.013 0.075 0.014 0.002 1 0.001 0.031 0.03 0.001 0.162 0.014 0.705 0.015 0.016 0.002 0.149 0.008 0.432 0.002 0.002 0.124 0.009 0.003 0.001 0.331 0.007 0.004 0.011 0.072 0.004 0.003 0.001 0.002 0.001 0.01 0.003 0.003 0.003
0.021 0.02 0.021 0.001 0.056 0.038 0.021 0.133 0.003 0.004 0.119 0.067 0.037 0.015 0.011 0.008 0.123 0.014 0.038 0.011 0.115 0.013 0.038 0.056 0.004 0.003 0.033 0.025 0.009 0.012 0.077 0 0.005 0.008 0.003 0.191 0.008 0.174 0.001 0.007 0.071 0.409 0.215 0.004 0.001 1 0.009 0.073 0.013 0.173 0.215 0.011 0.209 0.182 0.021 0.152 0.181 0 0.014 0.01 0.155 0.202 0.019 0.005 0.001 0.083 0.041 0.163 0.154 0.021 0.025 0.014 0.029 0.003 0.193 0.025 0.018 0.052
0.02 0.015 0.014 0.233 0.048 0.001 0.031 0.148 0.282 0.013 0.133 0.077 0.021 0.041 0.031 0.033 0.131 0.008 0.028 0.033 0.082 0.022 0.107 0.059 0.278 0.003 0.034 0.002 0.009 0.011 0.075 0.311 0.422 0.024 0.025 0.227 0.032 0.246 0.507 0.011 0.366 0.002 0.127 0.037 0.031 0.009 1 0.148 0.001 0.193 0.129 0.033 0.136 0.154 0.005 0.21 0.17 0.019 0.013 0.021 0.188 0.155 0.018 0.013 0.012 0.064 0.129 0.153 0.184 0.019 0.025 0.026 0.029 0.044 0.155 0.008 0.001 0.031
0.09 0.069 0.067 0.202 0.033 0.021 0.011 0.037 0.212 0.037 0.039 0.028 0.01 0.013 0.065 0.054 0.036 0.007 0.018 0.068 0.034 0.121 0.016 0.039 0.165 0.001 0.015 0.034 0.001 0.003 0.054 0.211 0.203 0.007 0.022 0.028 0.029 0.024 0.246 0.042 0.083 0.114 0.065 0.026 0.03 0.073 0.148 1 0.011 0.112 0.061 0.031 0.065 0.057 0 0.095 0.078 0.005 0 0.001 0.097 0.066 0.099 0.039 0.011 0.03 0.032 0.065 0.084 0.104 0.018 0.011 0.006 0.012 0.069 0.003 0.041 0.014
0.01 0.014 0.013 0.013 0.001 0.063 0.02 0.003 0.016 0.001 0.003 0.002 0.001 0.054 0.034 0.034 0.003 0.007 0.001 0.038 0.004 0.002 0.006 0.003 0.007 0.001 0.002 0.058 0.004 0.002 0.001 0.007 0.001 0 0.029 0.005 0.02 0.005 0.003 0.001 0.001 0.002 0.005 0.001 0.001 0.013 0.001 0.011 1 0.008 0.005 0.001 0.006 0.006 0.615 0.009 0.007 0.001 0.001 0.001 0.008 0.006 0.001 0.001 0 0.003 0.002 0.006 0.008 0.001 0.001 0 0.001 0.001 0.006 0.51 0.022 0.001
0.019 0.014 0.015 0.002 0.01 0.017 0.051 0.015 0.022 0.008 0.012 0.006 0.098 0.009 0 0.002 0.006 0.009 0.147 0 0.433 0.059 0.096 0.023 0.037 0.001 0.144 0.036 0.002 0.009 0.02 0.027 0.043 0.005 0.081 0.042 0.093 0.052 0.059 0.009 0.079 0.335 0.648 0.013 0.162 0.173 0.193 0.112 0.008 1 0.672 0.131 0.651 0.658 0.013 0.92 0.775 0.062 0.076 0.037 0.851 0.704 0.022 0.009 0.055 0.308 0.025 0.681 0.82 0.023 0.083 0.009 0.149 0.009 0.701 0.016 0.02 0.09
0 0.003 0.004 0.029 0.023 0.017 0.01 0.025 0.09 0.006 0.023 0.017 0.143 0.006 0.06 0.075 0.024 0.006 0.179 0.048 0.579 0.028 0.208 0.042 0.133 0 0.181 0.019 0.004 0.005 0.037 0.145 0.159 0.003 0.007 0.035 0.011 0.032 0.183 0.004 0.053 0.248 0.788 0.009 0.014 0.215 0.129 0.061 0.005 0.672 1 0.015 0.924 0.822 0.009 0.619 0.743 0.009 0.114 0.061 0.591 0.763 0.015 0.006 0.004 0.303 0.017 0.729 0.635 0.015 0.129 0.006 0.214 0.006 0.707 0.01 0.013 0.142
0.047 0.063 0.059 0.019 0.003 0.238 0.375 0.001 0.025 0.001 0 0 0.001 0.002 0.083 0.087 0.001 0.001 0.004 0.06 0.006 0.009 0.019 0.004 0.033 0.003 0.004 0.371 0.041 0.096 0.004 0.069 0.071 0.001 0.484 0.004 0.591 0.002 0.063 0.003 0.014 0.038 0.005 0.002 0.705 0.011 0.033 0.031 0.001 0.131 0.015 1 0.005 0.001 0.002 0.157 0.012 0.408 0.002 0.005 0.133 0.005 0.004 0.002 0.313 0 0.004 0.006 0.097 0.004 0.003 0.001 0.002 0.001 0.005 0.003 0.003 0.002
0.001 0.004 0.005 0.035 0.025 0.018 0.011 0.026 0.099 0.006 0.024 0.018 0.128 0.006 0.065 0.081 0.026 0.006 0.206 0.053 0.575 0.021 0.225 0.044 0.14 0 0.2 0.02 0.004 0.005 0.04 0.153 0.148 0.003 0.008 0.026 0.012 0.023 0.171 0.005 0.056 0.234 0.775 0.009 0.015 0.209 0.136 0.065 0.006 0.651 0.924 0.005 1 0.861 0.009 0.648 0.779 0.009 0.109 0.096 0.632 0.807 0.015 0.006 0.004 0.311 0.018 0.768 0.668 0.016 0.171 0.006 0.204 0.006 0.745 0.011 0.014 0.18
0 0.001 0.002 0.03 0.011 0.021 0.013 0.008 0.085 0.007 0.006 0.003 0.106 0.007 0.047 0.06 0.008 0.007 0.185 0.036 0.506 0.015 0.209 0.024 0.117 0 0.183 0.023 0.005 0.006 0.021 0.128 0.13 0.004 0.009 0.032 0.014 0.029 0.153 0 0.063 0.182 0.796 0.01 0.016 0.182 0.154 0.057 0.006 0.658 0.822 0.001 0.861 1 0.01 0.662 0.79 0.01 0.096 0.083 0.623 0.708 0.002 0.007 0.005 0.287 0.02 0.678 0.669 0.002 0.136 0.007 0.179 0.007 0.705 0.012 0.016 0.157
0.004 0.007 0.006 0.003 0 0.032 0.009 0.005 0.005 0.001 0.004 0.003 0.002 0.03 0.018 0.018 0.005 0.003 0.002 0.021 0.007 0.003 0 0.002 0.001 0.002 0.002 0.029 0.001 0.001 0.003 0 0.002 0 0.014 0.009 0.009 0.008 0.001 0.002 0 0.01 0.008 0.001 0.002 0.021 0.005 0 0.615 0.013 0.009 0.002 0.009 0.01 1 0.014 0.011 0.001 0.001 0.001 0.013 0.01 0.002 0.001 0.001 0.004 0.003 0.01 0.012 0.002 0.002 0.001 0.002 0.001 0.011 0.82 0.032 0.002
0.015 0.011 0.011 0.004 0.012 0.016 0.05 0.016 0.026 0.009 0.013 0.006 0.112 0.01 0.001 0.003 0.007 0.009 0.135 0.001 0.397 0.05 0.093 0.025 0.045 0.001 0.132 0.031 0.002 0.008 0.023 0.031 0.043 0.005 0.074 0.036 0.084 0.045 0.06 0.01 0.086 0.303 0.599 0.014 0.149 0.152 0.21 0.095 0.009 0.92 0.619 0.157 0.648 0.662 0.014 1 0.811 0.057 0.07 0.099 0.883 0.74 0.023 0.01 0.05 0.303 0.027 0.719 0.853 0.025 0.118 0.01 0.137 0.009 0.741 0.017 0.021 0.148
0.004 0.001 0.002 0.01 0.006 0 0.002 0.011 0.041 0.007 0.009 0.004 0.106 0.008 0.014 0.021 0.003 0.008 0.167 0.009 0.454 0.034 0.141 0.016 0.071 0 0.165 0.001 0.004 0 0.014 0.074 0.084 0.004 0.004 0.024 0 0.035 0.104 0.007 0.07 0.233 0.718 0.011 0.008 0.181 0.17 0.078 0.007 0.775 0.743 0.012 0.779 0.79 0.011 0.811 1 0.011 0.072 0.094 0.769 0.892 0.019 0.008 0.006 0.357 0.022 0.867 0.752 0.02 0.146 0.008 0.154 0.008 0.911 0.014 0.017 0.183
0.009 0.014 0.013 0.002 0.007 0.085 0.138 0.005 0.003 0.001 0.004 0.002 0 0.001 0.027 0.031 0.005 0.001 0.002 0.01 0.002 0.002 0.005 0.008 0.005 0.002 0.002 0.209 0.018 0.012 0.008 0.03 0.021 0 0.284 0.009 0.381 0.005 0.018 0.008 0 0.024 0.008 0.001 0.432 0 0.019 0.005 0.001 0.062 0.009 0.408 0.009 0.01 0.001 0.057 0.011 1 0.001 0.001 0.064 0.01 0.005 0.001 0.538 0.004 0.003 0.01 0.056 0.005 0.002 0.001 0.002 0.001 0.01 0.002 0.002 0.002
0.043 0.055 0.053 0.026 0.003 0.003 0.002 0.004 0.015 0.001 0.003 0.002 0 0.001 0.012 0.008 0.004 0.001 0.002 0.011 0.134 0.011 0.031 0.006 0.016 0.002 0.002 0.003 0 0.001 0.006 0.016 0.022 0 0.001 0.007 0.002 0.007 0.025 0.001 0.004 0.034 0.061 0.001 0.002 0.014 0.013 0 0.001 0.076 0.114 0.002 0.109 0.096 0.001 0.07 0.072 0.001 1 0.001 0.068 0.065 0.002 0.001 0.001 0 0 0.097 0.072 0.002 0 0.001 0.299 0.001 0.046 0.001 0.002 0
0.012 0.009 0.009 0.018 0.004 0.002 0.001 0.002 0.015 0.001 0.001 0.003 0.364 0.001 0.013 0.012 0.005 0.001 0.001 0.014 0.078 0.001 0.032 0.008 0.025 0.002 0.001 0.004 0.001 0.001 0.008 0.019 0.016 0 0.002 0.001 0.002 0.001 0.019 0.002 0.009 0.019 0.064 0.001 0.002 0.01 0.021 0.001 0.001 0.037 0.061 0.005 0.096 0.083 0.001 0.099 0.094 0.001 0.001 1 0.085 0.104 0.002 0.001 0.001 0.005 0.003 0.095 0.078 0.002 0.215 0.001 0 0.001 0.094 0.002 0.002 0.332
0.014 0.009 0.01 0.004 0.012 0.01 0.035 0.015 0.027 0.008 0.013 0.007 0.089 0.009 0.001 0.004 0.006 0.008 0.123 0.003 0.369 0.039 0.098 0.023 0.046 0.001 0.098 0.023 0 0.003 0.023 0.032 0.039 0.005 0.072 0.027 0.075 0.034 0.054 0.008 0.077 0.274 0.559 0.009 0.124 0.155 0.188 0.097 0.008 0.851 0.591 0.133 0.632 0.623 0.013 0.883 0.769 0.064 0.068 0.085 1 0.71 0.021 0.009 0.056 0.262 0.024 0.728 0.845 0.022 0.132 0.009 0.142 0.008 0.721 0.015 0.019 0.166
0.001 0 0 0.017 0.018 0 0.003 0.031 0.054 0.007 0.028 0.02 0.118 0.007 0.025 0.034 0.016 0.007 0.162 0.018 0.456 0.027 0.155 0.034 0.089 0 0.158 0.001 0.003 0 0.031 0.093 0.1 0.004 0.004 0.02 0 0.03 0.121 0.006 0.064 0.252 0.665 0.01 0.009 0.202 0.155 0.066 0.006 0.704 0.763 0.005 0.807 0.708 0.01 0.74 0.892 0.01 0.065 0.104 0.71 1 0.017 0.007 0.005 0.376 0.02 0.891 0.686 0.018 0.16 0.007 0.152 0.007 0.905 0.012 0.016 0.2
0.02 0.015 0.016 0.039 0.012 0.002 0.004 0.007 0.037 0.001 0.007 0.004 0.003 0 0.009 0.009 0.008 0.001 0.004 0.014 0.011 0.107 0.039 0.012 0.019 0.003 0.004 0.002 0.001 0.001 0.013 0.032 0.033 0.001 0.003 0.008 0.004 0.007 0.038 0.371 0.001 0.035 0.014 0.001 0.003 0.019 0.018 0.099 0.001 0.022 0.015 0.004 0.015 0.002 0.002 0.023 0.019 0.005 0.002 0.002 0.021 0.017 1 0.001 0.001 0.007 0.004 0.017 0.021 0.951 0.003 0.001 0.003 0.001 0.017 0.003 0.113 0.003
0.002 0.008 0.001 0.007 0 0.002 0.001 0.003 0.007 0.118 0.003 0.002 0.001 0.001 0.001 0 0.003 0.001 0.001 0.001 0.004 0.002 0.007 0 0.005 0.1 0.002 0.002 0 0.001 0.005 0.016 0.021 0 0.001 0.006 0.001 0.006 0.019 0.001 0.006 0.011 0.006 0.001 0.001 0.005 0.013 0.039 0.001 0.009 0.006 0.002 0.006 0.007 0.001 0.01 0.008 0.001 0.001 0.001 0.009 0.007 0.001 1 0.001 0.003 0.002 0.007 0.008 0.002 0.001 0.001 0.001 0.001 0.007 0.001 0.001 0.001
0.006 0.009 0.009 0.002 0.004 0.045 0.074 0.003 0.003 0.001 0.003 0.002 0 0.001 0.028 0.032 0.003 0.001 0.001 0.007 0 0.007 0.007 0.003 0.005 0.001 0.001 0.155 0.032 0.023 0.003 0.033 0.023 0 0.221 0.005 0.317 0.002 0.02 0.001 0.005 0.025 0.004 0.001 0.331 0.001 0.012 0.011 0 0.055 0.004 0.313 0.004 0.005 0.001 0.05 0.006 0.538 0.001 0.001 0.056 0.005 0.001 0.001 1 0.001 0.002 0.005 0.046 0.001 0.001 0.001 0 0.001 0.005 0.001 0.001 0.001
0.016 0.014 0.011 0.041 0.012 0 0.001 0.014 0.037 0.003 0.013 0.008 0.001 0.003 0.01 0.01 0.002 0.003 0.43 0.003 0.182 0.004 0.078 0.007 0.028 0.004 0.438 0 0.002 0.003 0.005 0.035 0.03 0.002 0.002 0.004 0.001 0.009 0.038 0.001 0.026 0.097 0.262 0.004 0.007 0.083 0.064 0.03 0.003 0.308 0.303 0 0.311 0.287 0.004 0.303 0.357 0.004 0 0.005 0.262 0.376 0.007 0.003 0.001 1 0.008 0.324 0.32 0.008 0.006 0.003 0.003 0.003 0.352 0.005 0.007 0.003
0.002 0.023 0.024 0.044 0.01 0.005 0.003 0.005 0.054 0.002 0.005 0.004 0.003 0.002 0.016 0.022 0.006 0.002 0.004 0.021 0.012 0.009 0.027 0.011 0.005 0.124 0.005 0.006 0.001 0.001 0.011 0.005 0.001 0.001 0.003 0.013 0.004 0.013 0.04 0.003 0.205 0.045 0.016 0.003 0.004 0.041 0.129 0.032 0.002 0.025 0.017 0.004 0.018 0.02 0.003 0.027 0.022 0.003 0 0.003 0.024 0.02 0.004 0.002 0.002 0.008 1 0.02 0.024 0.004 0.003 0.002 0.004 0.002 0.02 0.003 0.003 0.004
0.004 0 0.001 0.009 0.015 0 0.003 0.03 0.047 0.007 0.027 0.02 0.096 0.007 0.021 0.03 0.014 0.004 0.146 0.02 0.425 0.026 0.144 0.03 0.082 0 0.123 0.001 0.003 0 0.03 0.086 0.092 0.004 0.005 0.018 0 0.029 0.112 0.006 0.063 0.242 0.597 0.01 0.011 0.163 0.153 0.065 0.006 0.681 0.729 0.006 0.768 0.678 0.01 0.719 0.867 0.01 0.097 0.095 0.728 0.891 0.017 0.007 0.005 0.324 0.02 1 0.664 0.018 0.163 0.007 0.189 0.007 0.856 0.012 0.016 0.191
0.004 0.005 0.004 0.008 0.013 0.003 0.017 0.015 0.036 0.008 0.012 0.007 0.094 0.009 0.006 0.01 0.009 0.008 0.154 0.007 0.457 0.035 0.107 0.027 0.062 0 0.152 0.012 0.001 0.001 0.024 0.045 0.056 0.004 0.05 0.034 0.048 0.036 0.073 0.008 0.076 0.254 0.603 0.012 0.072 0.154 0.184 0.084 0.008 0.82 0.635 0.097 0.668 0.669 0.012 0.853 0.752 0.056 0.072 0.078 0.845 0.686 0.021 0.008 0.046 0.32 0.024 0.664 1 0.022 0.135 0.008 0.156 0.008 0.687 0.015 0.012 0.159
0.022 0.016 0.017 0.042 0.012 0.002 0.004 0.008 0.039 0.001 0.007 0.004 0.003 0 0.01 0.01 0.008 0.002 0.004 0.015 0.011 0.115 0.043 0.013 0.02 0.003 0.004 0.002 0.001 0.001 0.013 0.033 0.035 0.001 0.003 0.005 0.004 0.007 0.041 0.363 0.002 0.037 0.015 0.001 0.004 0.021 0.019 0.104 0.001 0.023 0.015 0.004 0.016 0.002 0.002 0.025 0.02 0.005 0.002 0.002 0.022 0.018 0.951 0.002 0.001 0.008 0.004 0.018 0.022 1 0.003 0.002 0.003 0.002 0.018 0.003 0.135 0.004
0.003 0 0.001 0 0.006 0.002 0.001 0.003 0.004 0.001 0.002 0.003 0.108 0.001 0.015 0.015 0.006 0.001 0.001 0.016 0.074 0.003 0.025 0.01 0.028 0.026 0.002 0.004 0.001 0.001 0.01 0.028 0.021 0.001 0.002 0.002 0.002 0.001 0.024 0.002 0.01 0.033 0.125 0.002 0.003 0.025 0.025 0.018 0.001 0.083 0.129 0.003 0.171 0.136 0.002 0.118 0.146 0.002 0 0.215 0.132 0.16 0.003 0.001 0.001 0.006 0.003 0.163 0.135 0.003 1 0.001 0.002 0.001 0.148 0.002 0.003 0.576
0.002 0.002 0.002 0.013 0.004 0.001 0.001 0.003 0.017 0.001 0.002 0.001 0.001 0.013 0.002 0.001 0.003 0.001 0.001 0.002 0.004 0.002 0.007 0.005 0.019 0 0.002 0.001 0 0.001 0.005 0.019 0.013 0.484 0.001 0.006 0.001 0.006 0.013 0.001 0.072 0.019 0.006 0.001 0.001 0.014 0.026 0.011 0 0.009 0.006 0.001 0.006 0.007 0.001 0.01 0.008 0.001 0.001 0.001 0.009 0.007 0.001 0.001 0.001 0.003 0.002 0.007 0.008 0.002 0.001 1 0.001 0.001 0.007 0.001 0.001 0.001
0.02 0.029 0.028 0.005 0 0.003 0.001 0.007 0.013 0.001 0.006 0.004 0.025 0.001 0.004 0.014 0.007 0.001 0.003 0.008 0.154 0.013 0.035 0.011 0.03 0.003 0.004 0.003 0 0 0.011 0.03 0.042 0.001 0.002 0.013 0.002 0.012 0.048 0.003 0.012 0.058 0.135 0.002 0.002 0.029 0.029 0.006 0.001 0.149 0.214 0.002 0.204 0.179 0.002 0.137 0.154 0.002 0.299 0 0.142 0.152 0.003 0.001 0 0.003 0.004 0.189 0.156 0.003 0.002 0.001 1 0.001 0.129 0.002 0.003 0
0.005 0.01 0.01 0.018 0.005 0.002 0.001 0.003 0.022 0.001 0.003 0.002 0 0.001 0.01 0.009 0.003 0.001 0 0.009 0.001 0.009 0.01 0.005 0.033 0.001 0 0.002 0 0.001 0.005 0.037 0.028 0 0.001 0.006 0.001 0.005 0.025 0.001 0.106 0.018 0.006 0.001 0.001 0.003 0.044 0.012 0.001 0.009 0.006 0.001 0.006 0.007 0.001 0.009 0.008 0.001 0.001 0.001 0.008 0.007 0.001 0.001 0.001 0.003 0.002 0.007 0.008 0.002 0.001 0.001 0.001 1 0.007 0.001 0.001 0.001
0.002 0 0 0.014 0.01 0 0.003 0.019 0.041 0.007 0.016 0.013 0.095 0.007 0.017 0.025 0.007 0.007 0.163 0.011 0.41 0.027 0.135 0.023 0.074 0 0.163 0.001 0.003 0 0.023 0.077 0.084 0.004 0.004 0.019 0 0.03 0.103 0.006 0.064 0.229 0.66 0.01 0.01 0.193 0.155 0.069 0.006 0.701 0.707 0.005 0.745 0.705 0.011 0.741 0.911 0.01 0.046 0.094 0.721 0.905 0.017 0.007 0.005 0.352 0.02 0.856 0.687 0.018 0.148 0.007 0.129 0.007 1 0.012 0.016 0.188
0.004 0.007 0.007 0.002 0.001 0.041 0.019 0.005 0.004 0.001 0.005 0.003 0.002 0.025 0.018 0.018 0.006 0.002 0.003 0.021 0.008 0.005 0 0.001 0.001 0.002 0.003 0.038 0.019 0.013 0.004 0 0.005 0.001 0.011 0.011 0.006 0.01 0.004 0.002 0.001 0.015 0.01 0.002 0.003 0.025 0.008 0.003 0.51 0.016 0.01 0.003 0.011 0.012 0.82 0.017 0.014 0.002 0.001 0.002 0.015 0.012 0.003 0.001 0.001 0.005 0.003 0.012 0.015 0.003 0.002 0.001 0.002 0.001 0.012 1 0.04 0.003
0.006 0.003 0.003 0.008 0.005 0.002 0.002 0.007 0.005 0.001 0.006 0.004 0.003 0.017 0 0 0.007 0.001 0.001 0.001 0.003 0.044 0.008 0.006 0 0.003 0.004 0.001 0 0 0.012 0.007 0.006 0.001 0.002 0.002 0.003 0.004 0.008 0.017 0 0.027 0.013 0.003 0.003 0.018 0.001 0.041 0.022 0.02 0.013 0.003 0.014 0.016 0.032 0.021 0.017 0.002 0.002 0.002 0.019 0.016 0.113 0.001 0.001 0.007 0.003 0.016 0.012 0.135 0.003 0.001 0.003 0.001 0.016 0.04 1 0.003
0.002 0 0.001 0 0.008 0.003 0.001 0.004 0.007 0.001 0.003 0.004 0.134 0.001 0.019 0.019 0.008 0.001 0.002 0.02 0.095 0.006 0.027 0.012 0.036 0.018 0.002 0.005 0.001 0.001 0.012 0.03 0.03 0.001 0.002 0.004 0.003 0.003 0.035 0.003 0.013 0.034 0.138 0.002 0.003 0.052 0.031 0.014 0.001 0.09 0.142 0.002 0.18 0.157 0.002 0.148 0.183 0.002 0 0.332 0.166 0.2 0.003 0.001 0.001 0.003 0.004 0.191 0.159 0.004 0.576 0.001 0 0.001 0.188 0.003 0.003 1
