1 0.861 0.88 0.463 0.388 0.155 0.105 0.258 0.305 0.013 0.223 0.12 0.021 0.041 0.576 0.592 0.257 0.036 0.032 0.598 0.005 0.146 0.122 0.387 0.32 0.012 0.035 0.125 0.033 0.032 0.296 0.241 0.111 0 0.036 0.044 0.042 0.03 0.101 0.026 0.016 0.058 0 0.017 0.042 0.02 0.004 0.068 0.013 0.008 0.004 0.026 0.004 0 0.018 0.006 0.001 0.007 0.049 0.006 0.004 0.002 0.011 0.007 0.012 0.013 0.013 0 0.001 0.013 0.004 0 0.021 0.003 0 0.014 0.005 0.006
0.861 1 0.96 0.447 0.41 0.18 0.121 0.298 0.286 0.011 0.258 0.139 0.018 0.048 0.635 0.629 0.279 0.042 0.027 0.649 0.002 0.137 0.112 0.41 0.304 0.021 0.031 0.146 0.038 0.037 0.332 0.238 0.109 0 0.042 0.053 0.051 0.043 0.096 0.023 0.035 0.076 0.001 0.018 0.038 0.027 0.001 0.055 0.016 0.01 0.002 0.032 0.003 0 0.022 0.007 0.001 0.01 0.058 0.005 0.005 0.002 0.008 0.013 0.015 0.013 0.03 0 0.004 0.009 0.003 0 0.024 0.007 0 0.018 0.003 0.004
0.88 0.96 1 0.461 0.439 0.175 0.118 0.29 0.298 0.012 0.251 0.135 0.018 0.046 0.657 0.65 0.29 0.041 0.028 0.676 0.002 0.137 0.114 0.439 0.325 0.021 0.032 0.142 0.037 0.036 0.339 0.243 0.112 0.001 0.041 0.057 0.049 0.04 0.098 0.023 0.034 0.076 0.001 0.018 0.049 0.028 0.001 0.054 0.015 0.012 0.003 0.031 0.003 0 0.021 0.008 0.001 0.01 0.056 0.005 0.006 0.002 0.009 0.005 0.015 0.01 0.031 0 0.003 0.01 0.003 0.001 0.025 0.007 0 0.017 0.003 0.005
0.463 0.447 0.461 1 0.22 0.061 0.034 0.147 0.743 0.023 0.128 0.068 0.036 0.024 0.311 0.353 0.154 0.029 0.055 0.326 0.028 0.295 0.321 0.259 0.615 0.005 0.058 0.043 0.019 0.018 0.21 0.529 0.312 0.025 0.016 0.01 0.017 0.005 0.384 0.046 0.194 0 0.023 0.038 0.019 0.005 0.183 0.171 0.007 0.01 0.051 0.01 0.045 0.028 0.009 0.009 0.016 0.001 0.026 0.006 0.009 0.036 0.028 0.016 0.005 0.028 0.036 0.023 0.013 0.031 0.007 0.019 0.003 0.01 0.021 0.004 0.012 0.01
0.388 0.41 0.439 0.22 1 0.024 0.015 0.42 0.284 0.006 0.409 0.2 0.01 0.006 0.53 0.483 0.449 0.08 0.015 0.492 0.037 0.09 0.148 0.762 0.255 0.011 0.017 0.023 0.005 0.006 0.571 0.176 0.128 0.005 0.007 0.154 0.011 0.117 0.1 0.013 0.049 0.04 0.001 0.01 0 0.047 0.016 0.053 0 0.005 0.02 0.009 0.017 0.003 0.004 0.004 0.001 0.008 0.001 0.003 0.005 0.016 0.006 0.002 0.006 0.013 0.016 0.007 0.004 0.007 0.002 0.007 0.002 0.004 0 0.001 0.004 0.004
0.155 0.18 0.175 0.061 0.024 1 0.65 0.013 0.08 0.002 0.011 0.006 0.003 0.256 0.166 0.156 0.014 0.002 0.003 0.171 0.012 0.015 0.03 0.025 0.083 0.004 0.004 0.807 0.208 0.209 0.023 0.065 0.018 0.007 0.227 0.024 0.303 0.022 0.016 0.004 0.006 0.003 0.004 0.004 0.177 0.017 0.007 0.012 0.045 0.018 0.005 0.208 0.009 0.012 0.029 0.011 0.003 0.092 0.004 0.001 0.005 0.002 0.003 0.003 0.108 0.003 0.006 0.002 0.002 0.003 0.002 0.008 0 0.001 0.003 0.039 0.001 0.002
0.105 0.121 0.118 0.034 0.015 0.65 1 0.009 0.066 0.001 0.007 0.004 0.002 0.001 0.129 0.121 0.009 0.002 0.003 0.132 0.009 0.013 0.026 0.016 0.062 0.003 0.004 0.568 0.32 0.323 0.015 0.043 0.005 0.001 0.352 0.015 0.473 0.014 0.005 0.003 0.011 0.026 0.002 0.003 0.284 0.005 0.032 0.006 0.045 0.047 0.002 0.329 0.006 0.007 0.03 0.031 0 0.149 0.002 0.001 0.019 0 0.003 0.002 0.172 0.002 0.003 0 0.01 0.004 0.001 0.001 0 0.001 0 0.045 0 0.001
0.258 0.298 0.29 0.147 0.42 0.013 0.009 1 0.149 0.003 0.85 0.463 0.005 0.003 0.306 0.288 0.829 0.004 0.008 0.317 0.019 0.047 0.077 0.495 0.18 0.006 0.009 0.013 0.003 0.003 0.476 0.167 0.108 0.002 0.004 0.259 0.006 0.251 0.109 0.007 0.029 0.065 0.001 0.006 0.007 0.106 0.088 0.04 0.003 0.009 0.026 0.004 0.023 0.002 0.003 0.007 0.003 0.004 0.006 0.001 0.004 0.027 0.001 0.004 0.004 0.015 0.007 0.028 0.005 0.002 0 0.003 0.007 0.002 0.003 0.005 0.007 0.001
0.305 0.286 0.298 0.743 0.284 0.08 0.066 0.149 1 0.021 0.128 0.075 0.033 0.026 0.428 0.434 0.156 0.031 0.04 0.403 0.117 0.275 0.457 0.288 0.726 0.006 0.042 0.074 0.021 0.019 0.232 0.628 0.364 0.027 0.021 0.015 0.023 0.009 0.442 0.042 0.209 0.002 0.044 0.037 0.022 0.006 0.208 0.218 0.011 0.026 0.091 0.012 0.095 0.065 0.013 0.029 0.041 0.002 0.017 0.007 0.031 0.073 0.034 0.015 0.014 0.038 0.041 0.057 0.035 0.036 0.008 0.029 0.002 0.011 0.041 0.007 0.008 0.014
0.013 0.011 0.012 0.023 0.006 0.002 0.001 0.003 0.021 1 0.003 0.002 0.001 0.001 0.007 0.005 0.004 0.001 0.001 0.01 0.004 0.008 0.014 0.007 0.017 0.046 0.002 0.002 0 0 0.006 0.016 0.02 0.001 0.001 0.006 0.001 0.005 0.015 0.003 0.005 0.017 0.005 0.001 0.001 0.002 0.014 0.031 0 0.007 0.005 0.001 0.005 0.006 0.001 0.008 0.006 0.001 0.001 0.001 0.006 0.005 0.001 0.439 0.001 0.003 0.002 0.006 0.007 0.001 0.001 0.001 0.001 0 0.006 0.001 0.001 0.001
0.223 0.258 0.251 0.128 0.409 0.011 0.007 0.85 0.128 0.003 1 0.545 0.005 0.003 0.264 0.248 0.713 0.003 0.007 0.273 0.016 0.042 0.067 0.423 0.157 0.005 0.008 0.011 0.002 0.003 0.406 0.143 0.089 0.002 0.003 0.198 0.005 0.188 0.093 0.006 0.025 0.047 0 0.005 0.006 0.08 0.064 0.04 0.002 0.005 0.021 0.004 0.019 0 0.003 0.003 0.001 0.004 0.005 0 0.002 0.024 0.001 0.004 0.003 0.013 0.006 0.024 0.003 0.001 0 0.002 0.006 0.002 0.001 0.004 0.006 0.001
0.12 0.139 0.135 0.068 0.2 0.006 0.004 0.463 0.075 0.002 0.545 1 0.003 0.002 0.154 0.145 0.435 0.002 0.004 0.154 0.011 0.021 0.038 0.235 0.087 0.003 0.004 0.006 0.001 0.001 0.247 0.094 0.053 0 0.002 0.115 0.003 0.099 0.064 0.003 0.013 0.023 0 0.003 0.003 0.034 0.038 0.017 0.001 0.002 0.015 0.001 0.013 0.001 0.001 0.003 0.001 0.002 0.003 0.002 0.002 0.016 0.002 0.002 0.002 0.007 0.005 0.016 0.003 0.002 0.002 0.001 0.003 0.001 0.002 0.002 0.002 0.002
0.021 0.018 0.018 0.036 0.01 0.003 0.002 0.005 0.033 0.001 0.005 0.003 1 0.001 0.01 0.009 0.006 0.001 0.002 0.007 0.193 0.013 0.047 0.01 0.027 0.002 0.002 0.003 0.001 0.001 0.004 0.022 0.028 0.001 0 0.01 0 0.009 0.034 0.002 0.008 0.046 0.111 0.002 0 0.026 0.021 0.007 0.001 0.093 0.128 0 0.118 0.098 0.001 0.107 0.101 0 0.001 0.137 0.086 0.116 0.001 0.001 0 0 0.002 0.092 0.092 0.001 0.073 0.001 0.008 0.001 0.081 0.001 0.002 0.084
0.041 0.048 0.046 0.024 0.006 0.256 0.001 0.003 0.026 0.001 0.003 0.002 0.001 1 0.051 0.048 0.004 0.001 0.001 0.052 0.004 0.008 0.013 0.006 0.031 0.001 0.001 0.266 0 0 0.006 0.033 0.026 0.049 0.001 0.006 0.001 0.006 0.023 0.001 0.105 0.017 0.005 0.001 0.001 0.013 0.022 0.012 0.005 0.007 0.005 0.001 0.004 0.005 0.003 0.007 0.006 0.001 0.001 0.001 0.006 0.005 0 0.001 0.001 0.002 0.002 0.005 0.006 0 0.001 0.013 0.001 0 0.006 0.002 0 0.001
0.576 0.635 0.657 0.311 0.53 0.166 0.129 0.306 0.428 0.007 0.264 0.154 0.01 0.051 1 0.872 0.334 0.061 0.022 0.855 0.059 0.128 0.217 0.567 0.438 0.016 0.025 0.156 0.041 0.046 0.42 0.325 0.183 0 0.046 0.079 0.055 0.059 0.169 0.021 0.027 0.04 0.013 0.016 0.055 0.016 0.007 0.07 0.021 0 0.043 0.035 0.047 0.024 0.028 0.001 0.009 0.011 0.013 0.009 0.001 0.031 0.01 0.004 0.033 0.013 0.027 0.021 0.004 0.011 0.007 0.001 0 0.006 0.008 0.023 0.001 0.012
0.592 0.629 0.65 0.353 0.483 0.156 0.121 0.288 0.434 0.005 0.248 0.145 0.009 0.048 0.872 1 0.314 0.058 0.024 0.81 0.06 0.133 0.224 0.564 0.447 0.011 0.027 0.146 0.038 0.044 0.426 0.336 0.193 0.001 0.048 0.085 0.056 0.064 0.182 0.023 0.022 0.036 0.019 0.015 0.056 0.009 0.011 0.068 0.02 0.002 0.053 0.036 0.057 0.031 0.026 0.003 0.014 0.013 0.003 0.01 0.005 0.04 0.011 0.002 0.036 0.015 0.026 0.028 0.007 0.012 0.008 0 0.001 0.005 0.013 0.021 0.001 0.012
0.257 0.279 0.29 0.154 0.449 0.014 0.009 0.829 0.156 0.004 0.713 0.435 0.006 0.004 0.334 0.314 1 0.004 0.009 0.355 0.024 0.053 0.09 0.528 0.204 0.007 0.01 0.013 0.003 0.003 0.511 0.19 0.125 0.002 0.004 0.286 0.007 0.22 0.125 0.007 0.026 0.07 0.002 0.007 0.001 0.111 0.078 0.041 0.003 0.003 0.031 0.005 0.028 0.003 0.003 0.002 0 0.005 0.006 0.003 0.001 0.021 0.002 0.005 0.004 0.004 0.008 0.015 0.002 0.002 0.002 0.003 0.006 0.002 0 0.005 0.008 0.004
0.036 0.042 0.041 0.029 0.08 0.002 0.002 0.004 0.031 0.001 0.003 0.002 0.001 0.001 0.061 0.058 0.004 1 0.002 0.063 0.004 0.009 0.016 0.1 0.038 0.001 0.002 0.002 0.001 0.001 0.106 0.04 0.032 0.001 0.001 0.007 0.001 0.007 0.027 0.001 0.006 0.019 0.006 0 0.001 0.015 0.008 0.011 0.032 0.009 0.006 0.001 0.006 0.007 0.022 0.009 0.007 0.001 0.001 0.001 0.008 0.006 0.002 0.001 0.001 0.003 0.002 0.001 0.008 0.002 0.001 0.001 0.001 0 0.007 0.015 0.001 0.001
0.032 0.027 0.028 0.055 0.015 0.003 0.003 0.008 0.04 0.001 0.007 0.004 0.002 0.001 0.022 0.024 0.009 0.002 1 0.025 0.363 0.019 0.097 0.016 0.042 0.002 0.893 0.005 0.001 0.001 0.015 0.036 0.043 0.001 0.002 0.015 0.002 0.014 0.053 0.003 0.01 0.069 0.257 0.002 0.003 0.024 0.03 0.022 0.001 0.171 0.239 0.002 0.243 0.223 0.001 0.161 0.202 0.002 0.002 0 0.115 0.205 0.003 0.002 0.001 0.468 0.005 0.178 0.182 0.004 0 0.002 0.003 0 0.203 0.002 0.003 0
0.598 0.649 0.676 0.326 0.492 0.171 0.132 0.317 0.403 0.01 0.273 0.154 0.007 0.052 0.855 0.81 0.355 0.063 0.025 1 0.053 0.122 0.202 0.601 0.471 0.019 0.024 0.156 0.042 0.041 0.454 0.345 0.186 0 0.042 0.078 0.052 0.057 0.169 0.01 0.026 0.031 0.019 0.018 0.053 0.012 0.007 0.066 0.022 0.002 0.054 0.033 0.061 0.031 0.029 0.004 0.014 0.01 0.018 0.01 0.003 0.04 0.005 0.005 0.03 0.009 0.027 0.03 0.008 0.006 0.008 0.001 0.006 0.006 0.014 0.024 0 0.012
0.005 0.002 0.002 0.028 0.037 0.012 0.009 0.019 0.117 0.004 0.016 0.011 0.193 0.004 0.059 0.06 0.024 0.004 0.363 0.053 1 0.041 0.242 0.044 0.113 0.007 0.375 0.014 0.003 0.003 0.034 0.098 0.122 0.004 0.001 0.041 0.003 0.038 0.142 0.008 0.029 0.174 0.577 0.005 0.004 0.093 0.082 0.023 0.003 0.437 0.613 0.003 0.606 0.536 0.003 0.412 0.487 0.001 0.155 0.03 0.365 0.517 0.009 0.005 0.001 0.291 0.012 0.469 0.482 0.01 0.06 0.003 0.08 0 0.428 0.005 0.001 0.065
0.146 0.137 0.137 0.295 0.09 0.015 0.013 0.047 0.275 0.008 0.042 0.021 0.013 0.008 0.128 0.133 0.053 0.009 0.019 0.122 0.041 1 0.453 0.094 0.215 0.015 0.016 0.029 0.007 0.007 0.067 0.189 0.03 0.008 0.008 0.023 0.014 0.027 0.043 0.109 0.059 0.009 0.059 0.115 0.01 0.007 0.013 0.179 0.001 0.046 0.026 0.005 0.02 0.028 0.001 0.043 0.038 0.001 0.014 0 0.032 0.023 0.074 0.002 0.008 0.012 0.014 0.024 0.036 0.082 0.001 0.009 0.011 0.005 0.028 0 0.044 0
0.122 0.112 0.114 0.321 0.148 0.03 0.026 0.077 0.457 0.014 0.067 0.038 0.047 0.013 0.217 0.224 0.09 0.016 0.097 0.202 0.242 0.453 1 0.162 0.385 0.025 0.109 0.05 0.011 0.012 0.117 0.335 0.133 0.014 0.01 0 0.02 0.001 0.171 0.03 0.103 0.067 0.125 0.068 0.016 0.035 0.075 0.043 0.004 0.097 0.196 0.009 0.21 0.162 0.004 0.094 0.125 0.002 0.033 0.012 0.092 0.167 0.011 0.007 0.009 0.088 0.03 0.145 0.092 0.014 0.023 0.014 0.013 0.005 0.121 0.001 0.006 0.032
0.387 0.41 0.439 0.259 0.762 0.025 0.016 0.495 0.288 0.007 0.423 0.235 0.01 0.006 0.567 0.564 0.528 0.1 0.016 0.601 0.044 0.094 0.162 1 0.342 0.012 0.018 0.024 0.005 0.006 0.773 0.249 0.167 0.007 0.008 0.198 0.012 0.157 0.154 0.013 0.06 0.028 0.017 0.011 0 0.045 0.027 0.049 0.001 0.025 0.056 0.01 0.052 0.021 0.006 0.023 0.013 0.008 0.011 0.006 0.016 0.047 0.007 0.002 0.001 0.007 0.017 0.032 0.022 0.008 0.004 0.009 0.011 0.004 0.013 0.002 0.004 0.008
0.32 0.304 0.325 0.615 0.255 0.083 0.062 0.18 0.726 0.017 0.157 0.087 0.027 0.031 0.438 0.447 0.204 0.038 0.042 0.471 0.113 0.215 0.385 0.342 1 0.032 0.047 0.092 0.025 0.024 0.299 0.772 0.506 0.032 0.027 0.031 0.03 0.021 0.451 0.031 0.139 0.001 0.07 0.028 0.029 0.004 0.186 0.163 0.011 0.039 0.127 0.017 0.129 0.09 0.005 0.044 0.065 0.004 0.029 0.012 0.038 0.106 0.023 0.008 0.018 0.035 0.002 0.088 0.054 0.025 0.012 0.035 0.022 0.014 0.066 0.002 0.009 0.02
0.012 0.021 0.021 0.005 0.011 0.004 0.003 0.006 0.006 0.046 0.005 0.003 0.002 0.001 0.016 0.011 0.007 0.001 0.002 0.019 0.007 0.015 0.025 0.012 0.032 1 0.003 0.004 0.001 0.001 0.011 0.03 0.037 0 0.001 0.011 0.002 0.011 0.007 0.002 0.066 0.03 0.009 0.001 0.002 0.016 0.015 0.004 0.001 0.01 0.006 0.002 0.006 0.007 0.001 0.011 0.008 0.001 0.002 0.001 0.009 0.007 0.003 0.058 0.001 0.002 0.169 0.007 0.009 0.003 0.001 0.001 0.002 0.001 0.008 0.001 0.002 0.001
0.035 0.031 0.032 0.058 0.017 0.004 0.004 0.009 0.042 0.002 0.008 0.004 0.002 0.001 0.025 0.027 0.01 0.002 0.893 0.024 0.375 0.016 0.109 0.018 0.047 0.003 1 0.006 0.001 0.001 0.017 0.04 0.049 0.002 0.001 0.017 0.003 0.016 0.06 0.003 0.011 0.069 0.266 0.003 0.003 0.024 0.034 0.02 0.001 0.176 0.248 0.003 0.242 0.23 0.002 0.165 0.207 0.002 0.003 0 0.108 0.204 0.004 0.002 0.002 0.489 0.005 0.175 0.187 0.004 0 0.002 0.003 0 0.21 0.002 0.003 0
0.125 0.146 0.142 0.043 0.023 0.807 0.568 0.013 0.074 0.002 0.011 0.006 0.003 0.266 0.156 0.146 0.013 0.002 0.005 0.156 0.014 0.029 0.05 0.024 0.092 0.004 0.006 1 0.216 0.217 0.023 0.085 0.034 0.008 0.261 0.023 0.456 0.016 0.031 0.004 0.007 0.01 0.005 0.004 0.275 0.015 0.006 0.026 0.049 0.033 0.006 0.321 0.01 0.013 0.032 0.02 0.004 0.185 0.004 0.002 0.013 0.002 0.003 0.003 0.161 0.004 0.007 0.003 0.007 0.003 0.002 0.009 0 0.001 0.004 0.042 0.001 0.002
0.033 0.038 0.037 0.019 0.005 0.208 0.32 0.003 0.021 0 0.002 0.001 0.001 0 0.041 0.038 0.003 0.001 0.001 0.042 0.003 0.007 0.011 0.005 0.025 0.001 0.001 0.216 1 0.894 0.005 0.002 0.001 0 0.009 0.005 0.127 0.005 0 0.001 0.004 0.002 0.003 0.001 0.058 0.011 0.011 0 0.015 0.004 0.004 0.068 0.003 0.004 0.01 0.003 0.004 0.036 0.001 0 0.001 0.003 0.001 0.001 0.044 0.002 0.002 0.003 0 0.001 0 0.001 0 0 0.004 0.039 0.004 0.001
0.032 0.037 0.036 0.018 0.006 0.209 0.323 0.003 0.019 0 0.003 0.001 0.001 0 0.046 0.044 0.003 0.001 0.001 0.041 0.003 0.007 0.012 0.006 0.024 0.001 0.001 0.217 0.894 1 0.005 0.002 0.002 0.001 0.015 0.003 0.138 0.003 0.001 0.001 0.005 0.003 0.004 0.001 0.068 0.012 0.009 0 0.013 0.004 0.004 0.079 0.004 0.005 0.009 0.003 0.003 0.036 0.001 0 0.001 0.003 0.001 0.001 0.043 0.001 0.002 0.003 0 0.001 0 0.001 0 0 0.003 0.035 0.003 0.001
0.296 0.332 0.339 0.21 0.571 0.023 0.015 0.476 0.232 0.006 0.406 0.247 0.004 0.006 0.42 0.426 0.511 0.106 0.015 0.454 0.034 0.067 0.117 0.773 0.299 0.011 0.017 0.023 0.005 0.005 1 0.346 0.248 0.005 0.007 0.278 0.011 0.236 0.234 0.012 0.055 0.067 0.011 0.01 0 0.081 0.06 0.072 0 0.017 0.046 0.009 0.042 0.015 0 0.016 0.008 0.008 0.011 0.006 0.014 0.039 0.015 0.008 0 0.003 0.016 0.029 0.016 0.016 0.005 0.008 0.011 0.004 0.011 0.001 0.013 0.007
0.241 0.238 0.243 0.529 0.176 0.065 0.043 0.167 0.628 0.016 0.143 0.094 0.022 0.033 0.325 0.336 0.19 0.04 0.036 0.345 0.098 0.189 0.335 0.249 0.772 0.03 0.04 0.085 0.002 0.002 0.346 1 0.67 0.034 0.037 0.057 0.062 0.049 0.61 0.033 0.158 0.004 0.064 0.028 0.057 0 0.255 0.226 0.012 0.023 0.119 0.04 0.122 0.084 0.004 0.026 0.056 0.02 0.027 0.008 0.021 0.095 0.036 0.021 0.035 0.033 0.002 0.078 0.034 0.039 0.011 0.038 0.021 0.02 0.057 0 0.018 0.015
0.111 0.109 0.112 0.312 0.128 0.018 0.005 0.108 0.364 0.02 0.089 0.053 0.028 0.026 0.183 0.193 0.125 0.032 0.043 0.186 0.122 0.03 0.133 0.167 0.506 0.037 0.049 0.034 0.001 0.002 0.248 0.67 1 0.027 0.017 0.291 0.036 0.282 0.837 0.04 0.115 0.047 0.105 0.045 0.045 0.008 0.414 0.197 0.002 0.054 0.172 0.038 0.153 0.113 0 0.05 0.086 0.015 0.034 0.009 0.04 0.129 0.042 0.026 0.017 0.041 0 0.109 0.059 0.045 0.009 0.018 0.037 0.016 0.086 0.002 0.021 0.017
0 0 0.001 0.025 0.005 0.007 0.001 0.002 0.027 0.001 0.002 0 0.001 0.049 0 0.001 0.002 0.001 0.001 0 0.004 0.008 0.014 0.007 0.032 0 0.002 0.008 0 0.001 0.005 0.034 0.027 1 0.001 0.007 0.001 0.006 0.025 0.001 0.116 0.019 0.005 0.001 0.001 0.015 0.043 0.014 0 0.008 0.005 0.001 0.005 0.006 0 0.008 0.007 0.001 0.001 0.001 0.007 0.006 0.002 0.001 0.001 0.003 0.002 0.006 0.007 0.002 0.001 0.296 0.001 0 0.006 0.001 0.001 0.001
0.036 0.042 0.041 0.016 0.007 0.227 0.352 0.004 0.021 0.001 0.003 0.002 0 0.001 0.046 0.048 0.004 0.001 0.002 0.042 0.001 0.008 0.01 0.008 0.027 0.001 0.001 0.261 0.009 0.015 0.007 0.037 0.017 0.001 1 0.007 0.541 0.007 0.025 0.001 0.006 0.034 0.006 0.001 0.261 0.001 0.016 0.013 0.111 0.032 0.006 0.301 0.005 0.006 0.079 0.029 0 0.191 0.001 0.001 0.03 0 0.002 0.001 0.139 0 0.002 0 0.022 0.002 0.001 0.001 0.001 0 0 0.058 0 0.001
0.044 0.053 0.057 0.01 0.154 0.024 0.015 0.259 0.015 0.006 0.198 0.115 0.01 0.006 0.079 0.085 0.286 0.007 0.015 0.078 0.041 0.023 0 0.198 0.031 0.011 0.017 0.023 0.005 0.003 0.278 0.057 0.291 0.007 0.007 1 0.011 0.894 0.246 0.012 0.058 0.319 0.051 0.149 0 0.222 0.268 0.025 0.005 0.053 0.052 0.007 0.044 0.052 0.006 0.052 0.038 0.008 0.011 0.002 0.039 0.039 0.012 0.008 0.006 0.011 0.017 0.032 0.049 0.008 0.002 0.008 0.011 0.004 0.035 0.008 0.006 0.003
0.042 0.051 0.049 0.017 0.011 0.303 0.473 0.006 0.023 0.001 0.005 0.003 0 0.001 0.055 0.056 0.007 0.001 0.002 0.052 0.003 0.014 0.02 0.012 0.03 0.002 0.003 0.456 0.127 0.138 0.011 0.062 0.036 0.001 0.541 0.011 1 0.006 0.042 0.002 0.008 0.056 0.009 0.002 0.559 0.006 0.024 0.022 0.067 0.076 0.009 0.642 0.008 0.01 0.046 0.071 0.001 0.418 0.002 0.001 0.054 0.001 0.003 0.001 0.286 0.001 0.003 0.001 0.036 0.003 0.001 0.001 0.001 0.001 0.002 0.033 0.001 0.001
0.03 0.043 0.04 0.005 0.117 0.022 0.014 0.251 0.009 0.005 0.188 0.099 0.009 0.006 0.059 0.064 0.22 0.007 0.014 0.057 0.038 0.027 0.001 0.157 0.021 0.011 0.016 0.016 0.005 0.003 0.236 0.049 0.282 0.006 0.007 0.894 0.006 1 0.242 0.012 0.054 0.31 0.047 0.161 0.007 0.2 0.289 0.023 0.004 0.066 0.048 0.003 0.04 0.049 0.006 0.064 0.055 0.003 0.01 0.002 0.051 0.048 0.012 0.007 0.002 0.023 0.015 0.049 0.056 0.013 0.002 0.008 0.012 0.003 0.052 0.008 0.009 0.003
0.101 0.096 0.098 0.384 0.1 0.016 0.005 0.109 0.442 0.015 0.093 0.064 0.034 0.023 0.169 0.182 0.125 0.027 0.053 0.169 0.142 0.043 0.171 0.154 0.451 0.007 0.06 0.031 0 0.001 0.234 0.61 0.837 0.025 0.025 0.246 0.042 0.242 1 0.049 0.201 0.029 0.131 0.039 0.047 0.001 0.487 0.232 0.007 0.071 0.206 0.041 0.183 0.141 0.001 0.067 0.104 0.012 0.041 0.011 0.053 0.15 0.051 0.022 0.014 0.054 0.033 0.129 0.076 0.055 0.011 0.018 0.044 0.014 0.104 0 0.026 0.02
0.026 0.023 0.023 0.046 0.013 0.004 0.003 0.007 0.042 0.003 0.006 0.003 0.002 0.001 0.021 0.023 0.007 0.001 0.003 0.01 0.008 0.109 0.03 0.013 0.031 0.002 0.003 0.004 0.001 0.001 0.012 0.033 0.04 0.001 0.001 0.012 0.002 0.012 0.049 1 0.004 0.027 0.008 0.002 0.002 0.008 0.023 0.044 0.001 0.005 0.002 0.002 0.002 0.002 0.001 0.006 0.011 0.003 0.002 0.001 0.004 0.003 0.399 0.001 0.001 0.004 0.001 0.003 0.012 0.392 0.001 0.002 0.002 0.001 0.003 0.002 0.022 0.001
0.016 0.035 0.034 0.194 0.049 0.006 0.011 0.029 0.209 0.005 0.025 0.013 0.008 0.105 0.027 0.022 0.026 0.006 0.01 0.026 0.029 0.059 0.103 0.06 0.139 0.066 0.011 0.007 0.004 0.005 0.055 0.158 0.115 0.116 0.006 0.058 0.008 0.054 0.201 0.004 1 0.161 0.044 0.01 0.01 0.112 0.321 0.084 0 0.067 0.046 0.009 0.044 0.051 0.001 0.071 0.056 0.001 0.009 0.005 0.059 0.05 0.004 0.006 0.005 0.023 0.21 0.052 0.062 0.005 0.005 0.107 0.01 0.064 0.054 0.003 0.002 0.006
0.058 0.076 0.076 0 0.04 0.003 0.026 0.065 0.002 0.017 0.047 0.023 0.046 0.017 0.04 0.036 0.07 0.019 0.069 0.031 0.174 0.009 0.067 0.028 0.001 0.03 0.069 0.01 0.002 0.003 0.067 0.004 0.047 0.019 0.034 0.319 0.056 0.31 0.029 0.027 0.161 1 0.195 0.056 0.064 0.385 0.012 0.092 0 0.254 0.206 0.044 0.181 0.144 0.001 0.223 0.178 0.019 0.055 0.01 0.179 0.199 0.035 0.018 0.018 0.079 0.042 0.191 0.194 0.037 0.014 0.014 0.055 0.01 0.161 0.004 0.024 0.012
0 0.001 0.001 0.023 0.001 0.004 0.002 0.001 0.044 0.005 0 0 0.111 0.005 0.013 0.019 0.002 0.006 0.257 0.019 0.577 0.059 0.125 0.017 0.07 0.009 0.266 0.005 0.003 0.004 0.011 0.064 0.105 0.005 0.006 0.051 0.009 0.047 0.131 0.008 0.044 0.195 1 0.009 0.01 0.162 0.122 0.049 0.004 0.643 0.752 0.007 0.675 0.802 0.005 0.6 0.729 0.006 0.162 0.034 0.51 0.623 0.012 0.006 0 0.254 0.016 0.558 0.612 0.013 0.049 0.001 0.161 0.003 0.673 0.007 0.01 0.049
0.017 0.018 0.018 0.038 0.01 0.004 0.003 0.006 0.037 0.001 0.005 0.003 0.002 0.001 0.016 0.015 0.007 0 0.002 0.018 0.005 0.115 0.068 0.011 0.028 0.001 0.003 0.004 0.001 0.001 0.01 0.028 0.045 0.001 0.001 0.149 0.002 0.161 0.039 0.002 0.01 0.056 0.009 1 0.002 0.01 0.019 0.029 0.001 0.013 0.009 0.002 0.009 0.01 0.001 0.014 0.011 0.001 0.002 0.001 0.01 0.01 0.001 0.001 0.001 0.005 0.003 0.01 0.013 0.001 0.001 0.001 0.002 0.001 0.011 0.001 0 0.001
0.042 0.038 0.049 0.019 0 0.177 0.284 0.007 0.022 0.001 0.006 0.003 0 0.001 0.055 0.056 0.001 0.001 0.003 0.053 0.004 0.01 0.016 0 0.029 0.002 0.003 0.275 0.058 0.068 0 0.057 0.045 0.001 0.261 0 0.559 0.007 0.047 0.002 0.01 0.064 0.01 0.002 1 0 0.028 0.025 0.001 0.154 0.01 0.754 0.009 0.01 0.001 0.146 0.009 0.402 0.002 0.001 0.117 0.004 0.003 0.001 0.26 0.006 0.004 0.011 0.076 0.003 0.001 0.001 0.001 0.001 0.009 0.002 0.002 0.001
0.02 0.027 0.028 0.005 0.047 0.017 0.005 0.106 0.006 0.002 0.08 0.034 0.026 0.013 0.016 0.009 0.111 0.015 0.024 0.012 0.093 0.007 0.035 0.045 0.004 0.016 0.024 0.015 0.011 0.012 0.081 0 0.008 0.015 0.001 0.222 0.006 0.2 0.001 0.008 0.112 0.385 0.162 0.01 0 1 0.011 0.066 0.01 0.148 0.164 0.005 0.15 0.162 0.014 0.132 0.153 0 0.03 0.005 0.16 0.151 0.015 0 0.001 0.057 0.047 0.126 0.126 0.016 0.01 0.01 0.027 0.006 0.154 0.019 0.024 0.018
0.004 0.001 0.001 0.183 0.016 0.007 0.032 0.088 0.208 0.014 0.064 0.038 0.021 0.022 0.007 0.011 0.078 0.008 0.03 0.007 0.082 0.013 0.075 0.027 0.186 0.015 0.034 0.006 0.011 0.009 0.06 0.255 0.414 0.043 0.016 0.268 0.024 0.289 0.487 0.023 0.321 0.012 0.122 0.019 0.028 0.011 1 0.168 0.004 0.183 0.125 0.025 0.118 0.141 0.007 0.193 0.155 0.017 0.024 0.013 0.163 0.136 0.029 0.018 0.015 0.063 0.135 0.14 0.171 0.031 0.014 0.035 0.028 0.024 0.147 0.013 0.013 0.016
0.068 0.055 0.054 0.171 0.053 0.012 0.006 0.04 0.218 0.031 0.04 0.017 0.007 0.012 0.07 0.068 0.041 0.011 0.022 0.066 0.023 0.179 0.043 0.049 0.163 0.004 0.02 0.026 0 0 0.072 0.226 0.197 0.014 0.013 0.025 0.022 0.023 0.232 0.044 0.084 0.092 0.049 0.029 0.025 0.066 0.168 1 0.01 0.089 0.047 0.021 0.042 0.057 0.007 0.076 0.061 0.003 0 0 0.071 0.048 0.068 0.043 0.012 0.033 0.033 0.05 0.066 0.073 0.005 0.006 0.005 0.008 0.063 0 0.038 0.005
0.013 0.016 0.015 0.007 0 0.045 0.045 0.003 0.011 0 0.002 0.001 0.001 0.005 0.021 0.02 0.003 0.032 0.001 0.022 0.003 0.001 0.004 0.001 0.011 0.001 0.001 0.049 0.015 0.013 0 0.012 0.002 0 0.111 0.005 0.067 0.004 0.007 0.001 0 0 0.004 0.001 0.001 0.01 0.004 0.01 1 0.006 0.004 0.001 0.004 0.004 0.732 0.006 0.005 0.001 0.001 0 0.005 0.004 0.001 0.001 0 0.002 0.001 0.004 0.005 0.001 0 0 0.001 0 0.004 0.517 0.005 0
0.008 0.01 0.012 0.01 0.005 0.018 0.047 0.009 0.026 0.007 0.005 0.002 0.093 0.007 0 0.002 0.003 0.009 0.171 0.002 0.437 0.046 0.097 0.025 0.039 0.01 0.176 0.033 0.004 0.004 0.017 0.023 0.054 0.008 0.032 0.053 0.076 0.066 0.071 0.005 0.067 0.254 0.643 0.013 0.154 0.148 0.183 0.089 0.006 1 0.685 0.119 0.625 0.701 0.007 0.911 0.756 0.056 0.132 0.02 0.79 0.681 0.018 0.009 0.051 0.301 0.025 0.667 0.798 0.019 0.041 0.003 0.155 0.004 0.727 0.01 0.016 0.055
0.004 0.002 0.003 0.051 0.02 0.005 0.002 0.026 0.091 0.005 0.021 0.015 0.128 0.005 0.043 0.053 0.031 0.006 0.239 0.054 0.613 0.026 0.196 0.056 0.127 0.006 0.248 0.006 0.004 0.004 0.046 0.119 0.172 0.005 0.006 0.052 0.009 0.048 0.206 0.002 0.046 0.206 0.752 0.009 0.01 0.164 0.125 0.047 0.004 0.685 1 0.009 0.898 0.823 0.005 0.615 0.711 0.006 0.193 0.033 0.537 0.812 0.013 0.006 0.001 0.333 0.017 0.754 0.603 0.013 0.064 0.001 0.213 0.003 0.69 0.007 0.011 0.084
0.026 0.032 0.031 0.01 0.009 0.208 0.329 0.004 0.012 0.001 0.004 0.001 0 0.001 0.035 0.036 0.005 0.001 0.002 0.033 0.003 0.005 0.009 0.01 0.017 0.002 0.003 0.321 0.068 0.079 0.009 0.04 0.038 0.001 0.301 0.007 0.642 0.003 0.041 0.002 0.009 0.044 0.007 0.002 0.754 0.005 0.025 0.021 0.001 0.119 0.009 1 0.004 0.004 0.001 0.128 0.002 0.462 0.002 0.001 0.097 0.002 0.002 0.001 0.299 0 0.003 0.002 0.072 0.003 0.001 0.001 0.001 0.001 0.001 0.001 0.002 0.001
0.004 0.003 0.003 0.045 0.017 0.009 0.006 0.023 0.095 0.005 0.019 0.013 0.118 0.004 0.047 0.057 0.028 0.006 0.243 0.061 0.606 0.02 0.21 0.052 0.129 0.006 0.242 0.01 0.003 0.004 0.042 0.122 0.153 0.005 0.005 0.044 0.008 0.04 0.183 0.002 0.044 0.181 0.675 0.009 0.009 0.15 0.118 0.042 0.004 0.625 0.898 0.004 1 0.808 0.004 0.608 0.698 0.005 0.204 0.05 0.553 0.808 0.012 0.006 0 0.317 0.016 0.738 0.593 0.012 0.087 0.006 0.225 0.003 0.676 0.006 0.01 0.109
0 0 0 0.028 0.003 0.012 0.007 0.002 0.065 0.006 0 0.001 0.098 0.005 0.024 0.031 0.003 0.007 0.223 0.031 0.536 0.028 0.162 0.021 0.09 0.007 0.23 0.013 0.004 0.005 0.015 0.084 0.113 0.006 0.006 0.052 0.01 0.049 0.141 0.002 0.051 0.144 0.802 0.01 0.01 0.162 0.141 0.057 0.004 0.701 0.823 0.004 0.808 1 0.005 0.722 0.83 0.007 0.172 0.051 0.637 0.746 0.013 0.007 0.001 0.307 0.019 0.692 0.703 0.013 0.065 0.008 0.189 0.003 0.782 0.008 0.012 0.091
0.018 0.022 0.021 0.009 0.004 0.029 0.03 0.003 0.013 0.001 0.003 0.001 0.001 0.003 0.028 0.026 0.003 0.022 0.001 0.029 0.003 0.001 0.004 0.006 0.005 0.001 0.002 0.032 0.01 0.009 0 0.004 0 0 0.079 0.006 0.046 0.006 0.001 0.001 0.001 0.001 0.005 0.001 0.001 0.014 0.007 0.007 0.732 0.007 0.005 0.001 0.004 0.005 1 0.007 0.006 0.001 0.001 0 0.006 0.005 0.001 0.001 0.001 0.003 0.002 0.005 0.007 0.002 0.001 0 0.001 0 0.006 0.633 0.05 0
0.006 0.007 0.008 0.009 0.004 0.011 0.031 0.007 0.029 0.008 0.003 0.003 0.107 0.007 0.001 0.003 0.002 0.009 0.161 0.004 0.412 0.043 0.094 0.023 0.044 0.011 0.165 0.02 0.003 0.003 0.016 0.026 0.05 0.008 0.029 0.052 0.071 0.064 0.067 0.006 0.071 0.223 0.6 0.014 0.146 0.132 0.193 0.076 0.006 0.911 0.615 0.128 0.608 0.722 0.007 1 0.804 0.052 0.125 0.067 0.836 0.707 0.019 0.01 0.047 0.291 0.026 0.691 0.842 0.02 0.071 0.011 0.146 0.005 0.763 0.01 0.017 0.083
0.001 0.001 0.001 0.016 0.001 0.003 0 0.003 0.041 0.006 0.001 0.001 0.101 0.006 0.009 0.014 0 0.007 0.202 0.014 0.487 0.038 0.125 0.013 0.065 0.008 0.207 0.004 0.004 0.003 0.008 0.056 0.086 0.007 0 0.038 0.001 0.055 0.104 0.011 0.056 0.178 0.729 0.011 0.009 0.153 0.155 0.061 0.005 0.756 0.711 0.002 0.698 0.83 0.006 0.804 1 0.008 0.143 0.056 0.719 0.821 0.016 0.008 0.001 0.351 0.021 0.804 0.787 0.016 0.089 0.008 0.169 0.004 0.899 0.008 0.013 0.103
0.007 0.01 0.01 0.001 0.008 0.092 0.149 0.004 0.002 0.001 0.004 0.002 0 0.001 0.011 0.013 0.005 0.001 0.002 0.01 0.001 0.001 0.002 0.008 0.004 0.001 0.002 0.185 0.036 0.036 0.008 0.02 0.015 0.001 0.191 0.008 0.418 0.003 0.012 0.003 0.001 0.019 0.006 0.001 0.402 0 0.017 0.003 0.001 0.056 0.006 0.462 0.005 0.007 0.001 0.052 0.008 1 0.001 0.001 0.063 0.007 0.002 0.001 0.435 0.003 0.002 0.007 0.049 0.002 0.001 0.001 0.001 0 0.007 0.001 0.001 0.001
0.049 0.058 0.056 0.026 0.001 0.004 0.002 0.006 0.017 0.001 0.005 0.003 0.001 0.001 0.013 0.003 0.006 0.001 0.002 0.018 0.155 0.014 0.033 0.011 0.029 0.002 0.003 0.004 0.001 0.001 0.011 0.027 0.034 0.001 0.001 0.011 0.002 0.01 0.041 0.002 0.009 0.055 0.162 0.002 0.002 0.03 0.024 0 0.001 0.132 0.193 0.002 0.204 0.172 0.001 0.125 0.143 0.001 1 0 0.101 0.159 0.002 0.001 0.001 0.015 0.003 0.173 0.126 0.002 0 0.001 0.331 0.001 0.109 0.001 0.002 0.001
0.006 0.005 0.005 0.006 0.003 0.001 0.001 0.001 0.007 0.001 0 0.002 0.137 0.001 0.009 0.01 0.003 0.001 0 0.01 0.03 0 0.012 0.006 0.012 0.001 0 0.002 0 0 0.006 0.008 0.009 0.001 0.001 0.002 0.001 0.002 0.011 0.001 0.005 0.01 0.034 0.001 0.001 0.005 0.013 0 0 0.02 0.033 0.001 0.05 0.051 0 0.067 0.056 0.001 0 1 0.054 0.065 0.001 0.001 0.001 0.002 0.002 0.063 0.044 0.001 0.293 0.001 0.001 0 0.043 0.001 0.001 0.387
0.004 0.005 0.006 0.009 0.005 0.005 0.019 0.004 0.031 0.006 0.002 0.002 0.086 0.006 0.001 0.005 0.001 0.008 0.115 0.003 0.365 0.032 0.092 0.016 0.038 0.009 0.108 0.013 0.001 0.001 0.014 0.021 0.04 0.007 0.03 0.039 0.054 0.051 0.053 0.004 0.059 0.179 0.51 0.01 0.117 0.16 0.163 0.071 0.005 0.79 0.537 0.097 0.553 0.637 0.006 0.836 0.719 0.063 0.101 0.054 1 0.632 0.016 0.008 0.057 0.227 0.022 0.644 0.791 0.017 0.085 0.009 0.125 0.004 0.708 0.009 0.014 0.099
0.002 0.002 0.002 0.036 0.016 0.002 0 0.027 0.073 0.005 0.024 0.016 0.116 0.005 0.031 0.04 0.021 0.006 0.205 0.04 0.517 0.023 0.167 0.047 0.106 0.007 0.204 0.002 0.003 0.003 0.039 0.095 0.129 0.006 0 0.039 0.001 0.048 0.15 0.003 0.05 0.199 0.623 0.01 0.004 0.151 0.136 0.048 0.004 0.681 0.812 0.002 0.808 0.746 0.005 0.707 0.821 0.007 0.159 0.065 0.632 1 0.014 0.007 0.001 0.342 0.018 0.874 0.655 0.014 0.1 0.007 0.189 0.003 0.801 0.007 0.012 0.117
0.011 0.008 0.009 0.028 0.006 0.003 0.003 0.001 0.034 0.001 0.001 0.002 0.001 0 0.01 0.011 0.002 0.002 0.003 0.005 0.009 0.074 0.011 0.007 0.023 0.003 0.004 0.003 0.001 0.001 0.015 0.036 0.042 0.002 0.002 0.012 0.003 0.012 0.051 0.399 0.004 0.035 0.012 0.001 0.003 0.015 0.029 0.068 0.001 0.018 0.013 0.002 0.012 0.013 0.001 0.019 0.016 0.002 0.002 0.001 0.016 0.014 1 0.002 0.001 0.006 0.005 0.014 0.017 0.946 0.001 0.002 0.003 0.001 0.015 0.002 0.058 0.002
0.007 0.013 0.005 0.016 0.002 0.003 0.002 0.004 0.015 0.439 0.004 0.002 0.001 0.001 0.004 0.002 0.005 0.001 0.002 0.005 0.005 0.002 0.007 0.002 0.008 0.058 0.002 0.003 0.001 0.001 0.008 0.021 0.026 0.001 0.001 0.008 0.001 0.007 0.022 0.001 0.006 0.018 0.006 0.001 0.001 0 0.018 0.043 0.001 0.009 0.006 0.001 0.006 0.007 0.001 0.01 0.008 0.001 0.001 0.001 0.008 0.007 0.002 1 0.001 0.003 0.002 0.007 0.009 0.002 0.001 0.001 0.001 0 0.008 0.001 0.002 0.001
0.012 0.015 0.015 0.005 0.006 0.108 0.172 0.004 0.014 0.001 0.003 0.002 0 0.001 0.033 0.036 0.004 0.001 0.001 0.03 0.001 0.008 0.009 0.001 0.018 0.001 0.002 0.161 0.044 0.043 0 0.035 0.017 0.001 0.139 0.006 0.286 0.002 0.014 0.001 0.005 0.018 0 0.001 0.26 0.001 0.015 0.012 0 0.051 0.001 0.299 0 0.001 0.001 0.047 0.001 0.435 0.001 0.001 0.057 0.001 0.001 0.001 1 0.001 0.002 0.001 0.043 0.002 0.001 0.001 0.003 0 0.001 0.001 0.001 0.001
0.013 0.013 0.01 0.028 0.013 0.003 0.002 0.015 0.038 0.003 0.013 0.007 0 0.002 0.013 0.015 0.004 0.003 0.468 0.009 0.291 0.012 0.088 0.007 0.035 0.002 0.489 0.004 0.002 0.001 0.003 0.033 0.041 0.003 0 0.011 0.001 0.023 0.054 0.004 0.023 0.079 0.254 0.005 0.006 0.057 0.063 0.033 0.002 0.301 0.333 0 0.317 0.307 0.003 0.291 0.351 0.003 0.015 0.002 0.227 0.342 0.006 0.003 0.001 1 0.008 0.32 0.31 0.006 0.002 0.003 0.002 0.001 0.333 0.003 0.005 0
0.013 0.03 0.031 0.036 0.016 0.006 0.003 0.007 0.041 0.002 0.006 0.005 0.002 0.002 0.027 0.026 0.008 0.002 0.005 0.027 0.012 0.014 0.03 0.017 0.002 0.169 0.005 0.007 0.002 0.002 0.016 0.002 0 0.002 0.002 0.017 0.003 0.015 0.033 0.001 0.21 0.042 0.016 0.003 0.004 0.047 0.135 0.033 0.001 0.025 0.017 0.003 0.016 0.019 0.002 0.026 0.021 0.002 0.003 0.002 0.022 0.018 0.005 0.002 0.002 0.008 1 0.019 0.023 0.005 0.002 0.003 0.004 0.001 0.02 0.003 0.001 0.002
0 0 0 0.023 0.007 0.002 0 0.028 0.057 0.006 0.024 0.016 0.092 0.005 0.021 0.028 0.015 0.001 0.178 0.03 0.469 0.024 0.145 0.032 0.088 0.007 0.175 0.003 0.003 0.003 0.029 0.078 0.109 0.006 0 0.032 0.001 0.049 0.129 0.003 0.052 0.191 0.558 0.01 0.011 0.126 0.14 0.05 0.004 0.667 0.754 0.002 0.738 0.692 0.005 0.691 0.804 0.007 0.173 0.063 0.644 0.874 0.014 0.007 0.001 0.32 0.019 1 0.64 0.015 0.098 0.008 0.202 0.003 0.794 0.007 0.012 0.114
0.001 0.004 0.003 0.013 0.004 0.002 0.01 0.005 0.035 0.007 0.003 0.003 0.092 0.006 0.004 0.007 0.002 0.008 0.182 0.008 0.482 0.036 0.092 0.022 0.054 0.009 0.187 0.007 0 0 0.016 0.034 0.059 0.007 0.022 0.049 0.036 0.056 0.076 0.012 0.062 0.194 0.612 0.013 0.076 0.126 0.171 0.066 0.005 0.798 0.603 0.072 0.593 0.703 0.007 0.842 0.787 0.049 0.126 0.044 0.791 0.655 0.017 0.009 0.043 0.31 0.023 0.64 1 0.018 0.08 0.009 0.165 0.004 0.715 0.009 0.006 0.086
0.013 0.009 0.01 0.031 0.007 0.003 0.004 0.002 0.036 0.001 0.001 0.002 0.001 0 0.011 0.012 0.002 0.002 0.004 0.006 0.01 0.082 0.014 0.008 0.025 0.003 0.004 0.003 0.001 0.001 0.016 0.039 0.045 0.002 0.002 0.008 0.003 0.013 0.055 0.392 0.005 0.037 0.013 0.001 0.003 0.016 0.031 0.073 0.001 0.019 0.013 0.003 0.012 0.013 0.002 0.02 0.016 0.002 0.002 0.001 0.017 0.014 0.946 0.002 0.002 0.006 0.005 0.015 0.018 1 0.001 0.002 0.003 0.001 0.015 0.002 0.077 0.002
0.004 0.003 0.003 0.007 0.002 0.002 0.001 0 0.008 0.001 0 0.002 0.073 0.001 0.007 0.008 0.002 0.001 0 0.008 0.06 0.001 0.023 0.004 0.012 0.001 0 0.002 0 0 0.005 0.011 0.009 0.001 0.001 0.002 0.001 0.002 0.011 0.001 0.005 0.014 0.049 0.001 0.001 0.01 0.014 0.005 0 0.041 0.064 0.001 0.087 0.065 0.001 0.071 0.089 0.001 0 0.293 0.085 0.1 0.001 0.001 0.001 0.002 0.002 0.098 0.08 0.001 1 0.001 0.001 0 0.073 0.001 0.001 0.435
0 0 0.001 0.019 0.007 0.008 0.001 0.003 0.029 0.001 0.002 0.001 0.001 0.013 0.001 0 0.003 0.001 0.002 0.001 0.003 0.009 0.014 0.009 0.035 0.001 0.002 0.009 0.001 0.001 0.008 0.038 0.018 0.296 0.001 0.008 0.001 0.008 0.018 0.002 0.107 0.014 0.001 0.001 0.001 0.01 0.035 0.006 0 0.003 0.001 0.001 0.006 0.008 0 0.011 0.008 0.001 0.001 0.001 0.009 0.007 0.002 0.001 0.001 0.003 0.003 0.008 0.009 0.002 0.001 1 0.002 0 0.008 0.001 0.002 0.001
0.021 0.024 0.025 0.003 0.002 0 0 0.007 0.002 0.001 0.006 0.003 0.008 0.001 0 0.001 0.006 0.001 0.003 0.006 0.08 0.011 0.013 0.011 0.022 0.002 0.003 0 0 0 0.011 0.021 0.037 0.001 0.001 0.011 0.001 0.012 0.044 0.002 0.01 0.055 0.161 0.002 0.001 0.027 0.028 0.005 0.001 0.155 0.213 0.001 0.225 0.189 0.001 0.146 0.169 0.001 0.331 0.001 0.125 0.189 0.003 0.001 0.003 0.002 0.004 0.202 0.165 0.003 0.001 0.002 1 0.001 0.157 0.002 0.002 0
0.003 0.007 0.007 0.01 0.004 0.001 0.001 0.002 0.011 0 0.002 0.001 0.001 0 0.006 0.005 0.002 0 0 0.006 0 0.005 0.005 0.004 0.014 0.001 0 0.001 0 0 0.004 0.02 0.016 0 0 0.004 0.001 0.003 0.014 0.001 0.064 0.01 0.003 0.001 0.001 0.006 0.024 0.008 0 0.004 0.003 0.001 0.003 0.003 0 0.005 0.004 0 0.001 0 0.004 0.003 0.001 0 0 0.001 0.001 0.003 0.004 0.001 0 0 0.001 1 0.003 0 0.001 0
0 0 0 0.021 0 0.003 0 0.003 0.041 0.006 0.001 0.002 0.081 0.006 0.008 0.013 0 0.007 0.203 0.014 0.428 0.028 0.121 0.013 0.066 0.008 0.21 0.004 0.004 0.003 0.011 0.057 0.086 0.006 0 0.035 0.002 0.052 0.104 0.003 0.054 0.161 0.673 0.011 0.009 0.154 0.147 0.063 0.004 0.727 0.69 0.001 0.676 0.782 0.006 0.763 0.899 0.007 0.109 0.043 0.708 0.801 0.015 0.008 0.001 0.333 0.02 0.794 0.715 0.015 0.073 0.008 0.157 0.003 1 0.008 0.013 0.1
0.014 0.018 0.017 0.004 0.001 0.039 0.045 0.005 0.007 0.001 0.004 0.002 0.001 0.002 0.023 0.021 0.005 0.015 0.002 0.024 0.005 0 0.001 0.002 0.002 0.001 0.002 0.042 0.039 0.035 0.001 0 0.002 0.001 0.058 0.008 0.033 0.008 0 0.002 0.003 0.004 0.007 0.001 0.002 0.019 0.013 0 0.517 0.01 0.007 0.001 0.006 0.008 0.633 0.01 0.008 0.001 0.001 0.001 0.009 0.007 0.002 0.001 0.001 0.003 0.003 0.007 0.009 0.002 0.001 0.001 0.002 0 0.008 1 0.111 0.001
0.005 0.003 0.003 0.012 0.004 0.001 0 0.007 0.008 0.001 0.006 0.002 0.002 0 0.001 0.001 0.008 0.001 0.003 0 0.001 0.044 0.006 0.004 0.009 0.002 0.003 0.001 0.004 0.003 0.013 0.018 0.021 0.001 0 0.006 0.001 0.009 0.026 0.022 0.002 0.024 0.01 0 0.002 0.024 0.013 0.038 0.005 0.016 0.011 0.002 0.01 0.012 0.05 0.017 0.013 0.001 0.002 0.001 0.014 0.012 0.058 0.002 0.001 0.005 0.001 0.012 0.006 0.077 0.001 0.002 0.002 0.001 0.013 0.111 1 0.001
0.006 0.004 0.005 0.01 0.004 0.002 0.001 0.001 0.014 0.001 0.001 0.002 0.084 0.001 0.012 0.012 0.004 0.001 0 0.012 0.065 0 0.032 0.008 0.02 0.001 0 0.002 0.001 0.001 0.007 0.015 0.017 0.001 0.001 0.003 0.001 0.003 0.02 0.001 0.006 0.012 0.049 0.001 0.001 0.018 0.016 0.005 0 0.055 0.084 0.001 0.109 0.091 0 0.083 0.103 0.001 0.001 0.387 0.099 0.117 0.002 0.001 0.001 0 0.002 0.114 0.086 0.002 0.435 0.001 0 0 0.1 0.001 0.001 1
