1 0.817 0.845 0.424 0.341 0.197 0.125 0.222 0.283 0.011 0.177 0.092 0.029 0.058 0.547 0.483 0.185 0.057 0.023 0.472 0.002 0.155 0.109 0.287 0.285 0.003 0.031 0.172 0.049 0.05 0.228 0.207 0.127 0.002 0.045 0.035 0.049 0.023 0.124 0.041 0.01 0.067 0.007 0.001 0.033 0.017 0.003 0.071 0.008 0.018 0.001 0.026 0 0.004 0.006 0.014 0.01 0.001 0.035 0.004 0.021 0.001 0.034 0 0.003 0.022 0.015 0.004 0.004 0.035 0 0.001 0.032 0.001 0.007 0.004 0.024 0
0.817 1 0.94 0.444 0.348 0.24 0.153 0.268 0.287 0.009 0.214 0.111 0.024 0.07 0.606 0.543 0.219 0.07 0.019 0.526 0 0.155 0.119 0.295 0.311 0.017 0.025 0.213 0.061 0.062 0.28 0.262 0.155 0.003 0.057 0.038 0.065 0.026 0.137 0.035 0.017 0.072 0.006 0.012 0.041 0.017 0.001 0.079 0.011 0.021 0.002 0.036 0 0.004 0.009 0.017 0.01 0.003 0.049 0.003 0.022 0.001 0.027 0.008 0.005 0.017 0.028 0.003 0.014 0.028 0.001 0 0.044 0.007 0.006 0.007 0.019 0
0.845 0.94 1 0.474 0.401 0.232 0.147 0.259 0.313 0.009 0.207 0.107 0.025 0.068 0.652 0.585 0.218 0.068 0.02 0.568 0 0.159 0.125 0.342 0.341 0.018 0.026 0.204 0.058 0.06 0.275 0.252 0.146 0.002 0.054 0.037 0.062 0.023 0.128 0.036 0.018 0.066 0.005 0.012 0.043 0.015 0 0.063 0.01 0.019 0.002 0.033 0.001 0.003 0.008 0.015 0.009 0.003 0.047 0.003 0.021 0.001 0.028 0 0.004 0.017 0.029 0.003 0.012 0.029 0.001 0.001 0.044 0.007 0.006 0.007 0.02 0
0.424 0.444 0.474 1 0.207 0.096 0.056 0.132 0.771 0.018 0.105 0.055 0.049 0.037 0.333 0.295 0.115 0.044 0.039 0.259 0.018 0.324 0.345 0.19 0.624 0.004 0.044 0.078 0.03 0.03 0.141 0.516 0.343 0.024 0.025 0.002 0.022 0 0.406 0.07 0.217 0.001 0.01 0.025 0.014 0.015 0.175 0.181 0.01 0.006 0.047 0.01 0.038 0.017 0.007 0.009 0.01 0 0.022 0.009 0.005 0.026 0.059 0.001 0.001 0.046 0.061 0.016 0.009 0.061 0.001 0.017 0.008 0.02 0.014 0.004 0.018 0.005
0.341 0.348 0.401 0.207 1 0.024 0.016 0.497 0.263 0.004 0.391 0.185 0.012 0.008 0.473 0.429 0.47 0.147 0.01 0.425 0.029 0.082 0.136 0.802 0.265 0.008 0.013 0.026 0.006 0.006 0.595 0.172 0.128 0.001 0.009 0.135 0.015 0.093 0.11 0.017 0.034 0.008 0.001 0.008 0.001 0.027 0.012 0.031 0.006 0.003 0.03 0.009 0.028 0.001 0.004 0.005 0.002 0.005 0.005 0.001 0.002 0.025 0.013 0.005 0.004 0.011 0.013 0.019 0.001 0.014 0 0.002 0.005 0.004 0.001 0.005 0.013 0.001
0.197 0.24 0.232 0.096 0.024 1 0.64 0.013 0.13 0.002 0.01 0.005 0.006 0.298 0.244 0.22 0.014 0.004 0.005 0.218 0.018 0.035 0.067 0.026 0.138 0.004 0.006 0.888 0.252 0.255 0.024 0.113 0.056 0.017 0.242 0.022 0.311 0.017 0.055 0.008 0.012 0.01 0.012 0.004 0.129 0.036 0.001 0.038 0.077 0.004 0.013 0.166 0.009 0.014 0.064 0.005 0 0.028 0.004 0 0.003 0 0.008 0.003 0.031 0.009 0.007 0 0 0.008 0 0.002 0.001 0.001 0 0.061 0.001 0.001
0.125 0.153 0.147 0.056 0.016 0.64 1 0.009 0.085 0.001 0.007 0.004 0.004 0.002 0.156 0.141 0.009 0.003 0.003 0.138 0.012 0.022 0.043 0.017 0.089 0.003 0.004 0.57 0.385 0.389 0.016 0.065 0.022 0.002 0.38 0.015 0.49 0.01 0.024 0.005 0.015 0.051 0.005 0.002 0.212 0.017 0.034 0.021 0.081 0.023 0.006 0.267 0.003 0.006 0.067 0.026 0.003 0.05 0.003 0 0.02 0.005 0.005 0.002 0.055 0.005 0.004 0.005 0.006 0.006 0 0.002 0.004 0.001 0.002 0.068 0.003 0
0.222 0.268 0.259 0.132 0.497 0.013 0.009 1 0.139 0.002 0.798 0.413 0.006 0.004 0.25 0.225 0.686 0.005 0.005 0.228 0.013 0.044 0.069 0.441 0.146 0.005 0.007 0.014 0.003 0.003 0.441 0.141 0.11 0 0.004 0.235 0.008 0.221 0.098 0.009 0.019 0.049 0.003 0.004 0.007 0.105 0.074 0.044 0.003 0 0.015 0.004 0.014 0.002 0.004 0 0 0.002 0.004 0 0 0.019 0.006 0.003 0.001 0.014 0.006 0.018 0.001 0.006 0.002 0 0.005 0.002 0.001 0.004 0.009 0
0.283 0.287 0.313 0.771 0.263 0.13 0.085 0.139 1 0.016 0.11 0.061 0.044 0.041 0.439 0.392 0.123 0.049 0.021 0.349 0.102 0.292 0.484 0.24 0.764 0.006 0.026 0.11 0.033 0.034 0.157 0.613 0.405 0.026 0.03 0.004 0.027 0.001 0.477 0.063 0.244 0.011 0.047 0.027 0.017 0.031 0.201 0.225 0.013 0.031 0.116 0.012 0.104 0.059 0.009 0.036 0.04 0 0.023 0.006 0.029 0.074 0.056 0.001 0.001 0.045 0.068 0.06 0.032 0.057 0.003 0.02 0.011 0.022 0.035 0.006 0.014 0.012
0.011 0.009 0.009 0.018 0.004 0.002 0.001 0.002 0.016 1 0.002 0.001 0.001 0.001 0.008 0.006 0.003 0.001 0.001 0.01 0.003 0.007 0.013 0.004 0.013 0.038 0.001 0.002 0.001 0.001 0.004 0.013 0.016 0 0.001 0.003 0.001 0.003 0.014 0.001 0.005 0.012 0.004 0.001 0.001 0.002 0.009 0.032 0.001 0.007 0.005 0.001 0.004 0.006 0.001 0.008 0.006 0.001 0.001 0.001 0.007 0.005 0.002 0.138 0.001 0.002 0.001 0.005 0.007 0.002 0.001 0.001 0.001 0 0.006 0.001 0.001 0.001
0.177 0.214 0.207 0.105 0.391 0.01 0.007 0.798 0.11 0.002 1 0.518 0.005 0.003 0.196 0.176 0.61 0.004 0.004 0.178 0.009 0.035 0.053 0.341 0.113 0.004 0.005 0.011 0.003 0.002 0.337 0.108 0.083 0 0.005 0.144 0.006 0.131 0.075 0.007 0.013 0.025 0.008 0.003 0.005 0.07 0.04 0.042 0.003 0.002 0.01 0.003 0.009 0.007 0.003 0.001 0.002 0.001 0.003 0 0.004 0.013 0.004 0.003 0.001 0.011 0.004 0.012 0.005 0.004 0.003 0 0.004 0.002 0.004 0.003 0.007 0.001
0.092 0.111 0.107 0.055 0.185 0.005 0.004 0.413 0.061 0.001 0.518 1 0.003 0.002 0.114 0.102 0.383 0.002 0.002 0.104 0.008 0.018 0.034 0.184 0.067 0.002 0.003 0.006 0.001 0.001 0.192 0.069 0.054 0.002 0.003 0.076 0.003 0.07 0.05 0.004 0.006 0.011 0.002 0.002 0.003 0.021 0.022 0.024 0.001 0.002 0.007 0.001 0.007 0.005 0.002 0.001 0.001 0 0.002 0.002 0.003 0.009 0.004 0.001 0 0.006 0.003 0.008 0.004 0.004 0 0 0.002 0.001 0.002 0.002 0.004 0
0.029 0.024 0.025 0.049 0.012 0.006 0.004 0.006 0.044 0.001 0.005 0.003 1 0.002 0.015 0.004 0.007 0.002 0.002 0.008 0.248 0.019 0.058 0.013 0.039 0.002 0.003 0.006 0.001 0.002 0.009 0.018 0.025 0.001 0.009 0.011 0.005 0.011 0.028 0.003 0.013 0.074 0.079 0.002 0.007 0.049 0.028 0.006 0.001 0.113 0.119 0.009 0.071 0.083 0.002 0.134 0.084 0.015 0 0.291 0.107 0.099 0.004 0.001 0.018 0.003 0.004 0.077 0.114 0.004 0.109 0.001 0.005 0.001 0.069 0.002 0.004 0.135
0.058 0.07 0.068 0.037 0.008 0.298 0.002 0.004 0.041 0.001 0.003 0.002 0.002 1 0.072 0.065 0.004 0.001 0.001 0.066 0.006 0.012 0.023 0.008 0.046 0.001 0.002 0.267 0.001 0.001 0.007 0.046 0.037 0.073 0.002 0.007 0.002 0.006 0.033 0.003 0.139 0.023 0.007 0.001 0.002 0.019 0.041 0.017 0.004 0.012 0.007 0.002 0.007 0.009 0.003 0.013 0.01 0.001 0.001 0.001 0.011 0.009 0.002 0.001 0.001 0.004 0.002 0.008 0.011 0.002 0.001 0.018 0.001 0 0.01 0.002 0 0.002
0.547 0.606 0.652 0.333 0.473 0.244 0.156 0.25 0.439 0.008 0.196 0.114 0.015 0.072 1 0.879 0.254 0.091 0.016 0.753 0.061 0.125 0.23 0.475 0.464 0.016 0.022 0.219 0.062 0.064 0.327 0.332 0.226 0.003 0.06 0.054 0.068 0.037 0.206 0.034 0.009 0.019 0.017 0.014 0.047 0 0.007 0.079 0.023 0.001 0.061 0.037 0.057 0.017 0.019 0.002 0.006 0.004 0.011 0.007 0 0.026 0.018 0 0.01 0.018 0.022 0.02 0.002 0.019 0.004 0 0.002 0.007 0.004 0.016 0.01 0.008
0.483 0.543 0.585 0.295 0.429 0.22 0.141 0.225 0.392 0.006 0.176 0.102 0.004 0.065 0.879 1 0.228 0.082 0.018 0.701 0.049 0.122 0.208 0.433 0.417 0.011 0.024 0.196 0.056 0.058 0.321 0.308 0.225 0.002 0.088 0.058 0.092 0.041 0.207 0.037 0.014 0.024 0.022 0.004 0.071 0.002 0.006 0.06 0.02 0 0.069 0.061 0.064 0.023 0.016 0.001 0.009 0.017 0.01 0.008 0 0.033 0.021 0.001 0.03 0.022 0.027 0.025 0.001 0.022 0.005 0.001 0.003 0.005 0.007 0.013 0.012 0.009
0.185 0.219 0.218 0.115 0.47 0.014 0.009 0.686 0.123 0.003 0.61 0.383 0.007 0.004 0.254 0.228 1 0.005 0.006 0.272 0.022 0.048 0.088 0.484 0.176 0.005 0.007 0.015 0.004 0.003 0.485 0.163 0.128 0 0.005 0.262 0.009 0.19 0.116 0.01 0.014 0.05 0.001 0.005 0 0.102 0.067 0.04 0.004 0.001 0.021 0.004 0.019 0.002 0.004 0 0.001 0.002 0.005 0.004 0.002 0.013 0.007 0.004 0.002 0.001 0.007 0.009 0.003 0.007 0.001 0 0.005 0.002 0.003 0.005 0.009 0.002
0.057 0.07 0.068 0.044 0.147 0.004 0.003 0.005 0.049 0.001 0.004 0.002 0.002 0.001 0.091 0.082 0.005 1 0.002 0.084 0.007 0.015 0.027 0.168 0.05 0.002 0.002 0.005 0.001 0.001 0.175 0.056 0.044 0.001 0.002 0.009 0.003 0.008 0.04 0.003 0.009 0.028 0.009 0.001 0.002 0.024 0.012 0.007 0.001 0.014 0.009 0.002 0.009 0.011 0.001 0.016 0.012 0.002 0.001 0.001 0.014 0.011 0.003 0 0.001 0.005 0.003 0.008 0.013 0.003 0.001 0.001 0.002 0.001 0.012 0.001 0.003 0.002
0.023 0.019 0.02 0.039 0.01 0.005 0.003 0.005 0.021 0.001 0.004 0.002 0.002 0.001 0.016 0.018 0.006 0.002 1 0.021 0.253 0.016 0.064 0.01 0.032 0.002 0.761 0.005 0.001 0.001 0.01 0.031 0.036 0.001 0.002 0.009 0.003 0.009 0.043 0.003 0.01 0.06 0.201 0.002 0.002 0.041 0.022 0.017 0.001 0.119 0.179 0.002 0.171 0.153 0.001 0.109 0.138 0.002 0.002 0.001 0.084 0.157 0.003 0.001 0.001 0.346 0.003 0.137 0.13 0.003 0.001 0.001 0.002 0.001 0.143 0.002 0.003 0.001
0.472 0.526 0.568 0.259 0.425 0.218 0.138 0.228 0.349 0.01 0.178 0.104 0.008 0.066 0.753 0.701 0.272 0.084 0.021 1 0.043 0.123 0.201 0.486 0.447 0.018 0.011 0.186 0.057 0.058 0.368 0.291 0.174 0.002 0.044 0.044 0.052 0.029 0.154 0.007 0.016 0.018 0.007 0.017 0.034 0.001 0.002 0.067 0.02 0 0.043 0.026 0.049 0.009 0.016 0.001 0.002 0.001 0.017 0.01 0.001 0.017 0.005 0 0.004 0.005 0.03 0.02 0.001 0.005 0.006 0.001 0.004 0.008 0.001 0.013 0.001 0.011
0.002 0 0 0.018 0.029 0.018 0.012 0.013 0.102 0.003 0.009 0.008 0.248 0.006 0.061 0.049 0.022 0.007 0.253 0.043 1 0.06 0.249 0.041 0.12 0.006 0.331 0.02 0.005 0.005 0.034 0.093 0.118 0.004 0 0.036 0 0.036 0.135 0.013 0.04 0.22 0.554 0.003 0 0.173 0.083 0.021 0.002 0.443 0.596 0 0.52 0.476 0.003 0.406 0.431 0.002 0.16 0.076 0.347 0.5 0.013 0.005 0.003 0.223 0.012 0.409 0.449 0.013 0.085 0.005 0.123 0.003 0.364 0.003 0.01 0.096
0.155 0.155 0.159 0.324 0.082 0.035 0.022 0.044 0.292 0.007 0.035 0.018 0.019 0.012 0.125 0.122 0.048 0.015 0.016 0.123 0.06 1 0.409 0.087 0.262 0.014 0.021 0.042 0.01 0.01 0.052 0.213 0.056 0.008 0.019 0.027 0.025 0.027 0.072 0.188 0.062 0.015 0.059 0.074 0.02 0.006 0.011 0.152 0.001 0.053 0.02 0.018 0.017 0.03 0 0.05 0.037 0.003 0.013 0.007 0.039 0.028 0.149 0.004 0.012 0.003 0.018 0.021 0.04 0.154 0.007 0.003 0.015 0.006 0.028 0.001 0.069 0.002
0.109 0.119 0.125 0.345 0.136 0.067 0.043 0.069 0.484 0.013 0.053 0.034 0.058 0.023 0.23 0.208 0.088 0.027 0.064 0.201 0.249 0.409 1 0.16 0.477 0.025 0.084 0.078 0.018 0.019 0.107 0.379 0.191 0.015 0.012 0.001 0.021 0.001 0.233 0.074 0.127 0.083 0.146 0.045 0.015 0.085 0.08 0.029 0.003 0.11 0.244 0.012 0.22 0.163 0.001 0.102 0.131 0 0.036 0.016 0.094 0.178 0.043 0.01 0.003 0.094 0.037 0.154 0.097 0.045 0.02 0.009 0.021 0.012 0.12 0 0.019 0.037
0.287 0.295 0.342 0.19 0.802 0.026 0.017 0.441 0.24 0.004 0.341 0.184 0.013 0.008 0.475 0.433 0.484 0.168 0.01 0.486 0.041 0.087 0.16 1 0.298 0.009 0.013 0.028 0.007 0.006 0.739 0.193 0.144 0.005 0.01 0.168 0.016 0.122 0.126 0.018 0.051 0.009 0.004 0.008 0.001 0.032 0.015 0.042 0.001 0.008 0.043 0.009 0.04 0.004 0.001 0.011 0.005 0.009 0.009 0.006 0.007 0.037 0.015 0.004 0.003 0.006 0.014 0.029 0.006 0.015 0.003 0.004 0.01 0.004 0.003 0.001 0.015 0.005
0.285 0.311 0.341 0.624 0.265 0.138 0.089 0.146 0.764 0.013 0.113 0.067 0.039 0.046 0.464 0.417 0.176 0.05 0.032 0.447 0.12 0.262 0.477 0.298 1 0.028 0.042 0.124 0.037 0.038 0.238 0.747 0.523 0.024 0.035 0.014 0.032 0.007 0.471 0.052 0.165 0.006 0.058 0.019 0.02 0.02 0.18 0.182 0.005 0.034 0.131 0.015 0.116 0.064 0.002 0.039 0.047 0 0.024 0.014 0.03 0.084 0.046 0.001 0.002 0.047 0.011 0.071 0.038 0.048 0.01 0.018 0.012 0.024 0.042 0.001 0.01 0.02
0.003 0.017 0.018 0.004 0.008 0.004 0.003 0.005 0.006 0.038 0.004 0.002 0.002 0.001 0.016 0.011 0.005 0.002 0.002 0.018 0.006 0.014 0.025 0.009 0.028 1 0.002 0.004 0.001 0.001 0.009 0.027 0.034 0 0.002 0.008 0.003 0.008 0.005 0.003 0.049 0.023 0.008 0 0.002 0.011 0.015 0.003 0.001 0.006 0.002 0.002 0.002 0.004 0.001 0.007 0.005 0.001 0.001 0.001 0.006 0.003 0.002 0.029 0.001 0 0.163 0.003 0.005 0.002 0.001 0 0.002 0.001 0.004 0.001 0.002 0.002
0.031 0.025 0.026 0.044 0.013 0.006 0.004 0.007 0.026 0.001 0.005 0.003 0.003 0.002 0.022 0.024 0.007 0.002 0.761 0.011 0.331 0.021 0.084 0.013 0.042 0.002 1 0.007 0.002 0.002 0.013 0.041 0.048 0.001 0.003 0.012 0.004 0.012 0.056 0.004 0.013 0.072 0.249 0.002 0.003 0.054 0.029 0.024 0 0.146 0.223 0.003 0.211 0.189 0 0.134 0.17 0.002 0.002 0.001 0.071 0.188 0.004 0.002 0.002 0.433 0.004 0.124 0.161 0.004 0.001 0.002 0.002 0.001 0.177 0 0.004 0.002
0.172 0.213 0.204 0.078 0.026 0.888 0.57 0.014 0.11 0.002 0.011 0.006 0.006 0.267 0.219 0.196 0.015 0.005 0.005 0.186 0.02 0.042 0.078 0.028 0.124 0.004 0.007 1 0.234 0.236 0.027 0.13 0.068 0.015 0.254 0.025 0.424 0.007 0.067 0.009 0.009 0.018 0.013 0.004 0.219 0.036 0.003 0.046 0.07 0.012 0.015 0.271 0.011 0.017 0.057 0.012 0.001 0.095 0.004 0.001 0.01 0 0.009 0.003 0.105 0.01 0.008 0 0.002 0.009 0.001 0.001 0.001 0.001 0.001 0.056 0.002 0.002
0.049 0.061 0.058 0.03 0.006 0.252 0.385 0.003 0.033 0.001 0.003 0.001 0.001 0.001 0.062 0.056 0.004 0.001 0.001 0.057 0.005 0.01 0.018 0.007 0.037 0.001 0.002 0.234 1 0.968 0.006 0.014 0.009 0.001 0.042 0.006 0.186 0.002 0.008 0.002 0.006 0.01 0.006 0.001 0.022 0.015 0.013 0.008 0.019 0 0.006 0.041 0.003 0.004 0.016 0 0.003 0.006 0.001 0.001 0 0.002 0.002 0.001 0.007 0.003 0.002 0.002 0 0.002 0.001 0.001 0 0 0.003 0.022 0.001 0
0.05 0.062 0.06 0.03 0.006 0.255 0.389 0.003 0.034 0.001 0.002 0.001 0.002 0.001 0.064 0.058 0.003 0.001 0.001 0.058 0.005 0.01 0.019 0.006 0.038 0.001 0.002 0.236 0.968 1 0.006 0.014 0.01 0.001 0.047 0.005 0.192 0.002 0.009 0.002 0.007 0.011 0.006 0.001 0.025 0.015 0.013 0.009 0.018 0 0.006 0.046 0.003 0.004 0.015 0 0.002 0.006 0.001 0.001 0 0.002 0.002 0.001 0.007 0.002 0.002 0.001 0 0.002 0.001 0.001 0 0.001 0.002 0.021 0.001 0
0.228 0.28 0.275 0.141 0.595 0.024 0.016 0.441 0.157 0.004 0.337 0.192 0.009 0.007 0.327 0.321 0.485 0.175 0.01 0.368 0.034 0.052 0.107 0.739 0.238 0.009 0.013 0.027 0.006 0.006 1 0.273 0.214 0.005 0.01 0.256 0.015 0.198 0.192 0.018 0.049 0.033 0.003 0.008 0.001 0.065 0.041 0.059 0.006 0.006 0.038 0.009 0.035 0.002 0.007 0.008 0.004 0.009 0.008 0.008 0.006 0.032 0.018 0.005 0.003 0.004 0.014 0.027 0.004 0.018 0.003 0.004 0.008 0.004 0.003 0.008 0.016 0.006
0.207 0.262 0.252 0.516 0.172 0.113 0.065 0.141 0.613 0.013 0.108 0.069 0.018 0.046 0.332 0.308 0.163 0.056 0.031 0.291 0.093 0.213 0.379 0.193 0.747 0.027 0.041 0.13 0.014 0.014 0.273 1 0.733 0.024 0.071 0.04 0.093 0.04 0.671 0.056 0.171 0.002 0.061 0.024 0.077 0.004 0.237 0.261 0.005 0.015 0.136 0.07 0.121 0.067 0.002 0.018 0.049 0.029 0.024 0.015 0.012 0.087 0.055 0.018 0.047 0.05 0.012 0.072 0.017 0.056 0.009 0.019 0.012 0.025 0.044 0 0.015 0.021
0.127 0.155 0.146 0.343 0.128 0.056 0.022 0.11 0.405 0.016 0.083 0.054 0.025 0.037 0.226 0.225 0.128 0.044 0.036 0.174 0.118 0.056 0.191 0.144 0.523 0.034 0.048 0.068 0.009 0.01 0.214 0.733 1 0.019 0.041 0.232 0.058 0.232 0.878 0.069 0.125 0.03 0.098 0.028 0.062 0.001 0.4 0.216 0 0.041 0.188 0.056 0.17 0.109 0 0.047 0.088 0.021 0.03 0.02 0.035 0.133 0.062 0.023 0.019 0.062 0.006 0.114 0.043 0.064 0.013 0.014 0.032 0.02 0.081 0.002 0.007 0.028
0.002 0.003 0.002 0.024 0.001 0.017 0.002 0 0.026 0 0 0.002 0.001 0.073 0.003 0.002 0 0.001 0.001 0.002 0.004 0.008 0.015 0.005 0.024 0 0.001 0.015 0.001 0.001 0.005 0.024 0.019 1 0.001 0.005 0.001 0.005 0.022 0.002 0.092 0.015 0.005 0.001 0.001 0.013 0.042 0.011 0 0.008 0.005 0.001 0.005 0.006 0 0.008 0.007 0.001 0.001 0.001 0.004 0.006 0.002 0.001 0.001 0.003 0.001 0.006 0.004 0.002 0.001 0.429 0.001 0 0.006 0.001 0.002 0.001
0.045 0.057 0.054 0.025 0.009 0.242 0.38 0.004 0.03 0.001 0.005 0.003 0.009 0.002 0.06 0.088 0.005 0.002 0.002 0.044 0 0.019 0.012 0.01 0.035 0.002 0.003 0.254 0.042 0.047 0.01 0.071 0.041 0.001 1 0.009 0.582 0.005 0.051 0.004 0.008 0.056 0.011 0.002 0.346 0.003 0.018 0.025 0.117 0.037 0.012 0.427 0.007 0.01 0.099 0.038 0 0.191 0.002 0 0.04 0.001 0.004 0.001 0.151 0.003 0.001 0.001 0.015 0.004 0 0.001 0.002 0.001 0.001 0.085 0.001 0
0.035 0.038 0.037 0.002 0.135 0.022 0.015 0.235 0.004 0.003 0.144 0.076 0.011 0.007 0.054 0.058 0.262 0.009 0.009 0.044 0.036 0.027 0.001 0.168 0.014 0.008 0.012 0.025 0.006 0.005 0.256 0.04 0.232 0.005 0.009 1 0.014 0.869 0.207 0.016 0.047 0.282 0.042 0.13 0 0.221 0.283 0.017 0.006 0.046 0.041 0.011 0.038 0.04 0.007 0.051 0.036 0.008 0.008 0.007 0.042 0.034 0.012 0.006 0.007 0.008 0.013 0.027 0.042 0.011 0.003 0.003 0.008 0.004 0.034 0.007 0.001 0.005
0.049 0.065 0.062 0.022 0.015 0.311 0.49 0.008 0.027 0.001 0.006 0.003 0.005 0.002 0.068 0.092 0.009 0.003 0.003 0.052 0 0.025 0.021 0.016 0.032 0.003 0.004 0.424 0.186 0.192 0.015 0.093 0.058 0.001 0.582 0.014 1 0.002 0.067 0.005 0.016 0.094 0.014 0.002 0.507 0.009 0.035 0.033 0.087 0.057 0.015 0.562 0.015 0.019 0.072 0.051 0.001 0.299 0.002 0.002 0.048 0 0.005 0.002 0.262 0.005 0.005 0 0.023 0.005 0.002 0.002 0.001 0.001 0.001 0.062 0.004 0.003
0.023 0.026 0.023 0 0.093 0.017 0.01 0.221 0.001 0.003 0.131 0.07 0.011 0.006 0.037 0.041 0.19 0.008 0.009 0.029 0.036 0.027 0.001 0.122 0.007 0.008 0.012 0.007 0.002 0.002 0.198 0.04 0.232 0.005 0.005 0.869 0.002 1 0.209 0.016 0.049 0.281 0.042 0.133 0.001 0.187 0.281 0.018 0.006 0.048 0.04 0 0.033 0.045 0.007 0.049 0.051 0 0.008 0.003 0.04 0.044 0.012 0.006 0 0.023 0.012 0.041 0.038 0.012 0.001 0.006 0.009 0.004 0.048 0.007 0.001 0.003
0.124 0.137 0.128 0.406 0.11 0.055 0.024 0.098 0.477 0.014 0.075 0.05 0.028 0.033 0.206 0.207 0.116 0.04 0.043 0.154 0.135 0.072 0.233 0.126 0.471 0.005 0.056 0.067 0.008 0.009 0.192 0.671 0.878 0.022 0.051 0.207 0.067 0.209 1 0.077 0.201 0.019 0.117 0.025 0.056 0 0.48 0.253 0.002 0.057 0.216 0.051 0.196 0.131 0 0.064 0.109 0.018 0.036 0.023 0.049 0.159 0.068 0.021 0.017 0.074 0.056 0.137 0.059 0.07 0.015 0.016 0.038 0.018 0.101 0 0.009 0.031
0.041 0.035 0.036 0.07 0.017 0.008 0.005 0.009 0.063 0.001 0.007 0.004 0.003 0.003 0.034 0.037 0.01 0.003 0.003 0.007 0.013 0.188 0.074 0.018 0.052 0.003 0.004 0.009 0.002 0.002 0.018 0.056 0.069 0.002 0.004 0.016 0.005 0.016 0.077 1 0.004 0.03 0.008 0.003 0.004 0.01 0.033 0.079 0.002 0.011 0.004 0.004 0.003 0.005 0.002 0.007 0.008 0.001 0.003 0.003 0.005 0.006 0.46 0.002 0.003 0.002 0.002 0.005 0.009 0.465 0.002 0.002 0.003 0.001 0.003 0.003 0.058 0.003
0.01 0.017 0.018 0.217 0.034 0.012 0.015 0.019 0.244 0.005 0.013 0.006 0.013 0.139 0.009 0.014 0.014 0.009 0.01 0.016 0.04 0.062 0.127 0.051 0.165 0.049 0.013 0.009 0.006 0.007 0.049 0.171 0.125 0.092 0.008 0.047 0.016 0.049 0.201 0.004 1 0.167 0.049 0.008 0.013 0.1 0.354 0.078 0.001 0.083 0.054 0.012 0.051 0.065 0.001 0.08 0.062 0 0.008 0.008 0.066 0.064 0.009 0.007 0.005 0.028 0.25 0.061 0.061 0.01 0.007 0.083 0.01 0.077 0.058 0.003 0 0.011
0.067 0.072 0.066 0.001 0.008 0.01 0.051 0.049 0.011 0.012 0.025 0.011 0.074 0.023 0.019 0.024 0.05 0.028 0.06 0.018 0.22 0.015 0.083 0.009 0.006 0.023 0.072 0.018 0.01 0.011 0.033 0.002 0.03 0.015 0.056 0.282 0.094 0.281 0.019 0.03 0.167 1 0.186 0.043 0.079 0.417 0.004 0.08 0.001 0.244 0.2 0.058 0.177 0.138 0 0.225 0.17 0.024 0.051 0.03 0.183 0.219 0.036 0.019 0.031 0.063 0.045 0.189 0.171 0.037 0.023 0.019 0.06 0.013 0.144 0 0.015 0.021
0.007 0.006 0.005 0.01 0.001 0.012 0.005 0.003 0.047 0.004 0.008 0.002 0.079 0.007 0.017 0.022 0.001 0.009 0.201 0.007 0.554 0.059 0.146 0.004 0.058 0.008 0.249 0.013 0.006 0.006 0.003 0.061 0.098 0.005 0.011 0.042 0.014 0.042 0.117 0.008 0.049 0.186 1 0.007 0.012 0.213 0.11 0.041 0.006 0.585 0.658 0.008 0.606 0.742 0.007 0.542 0.649 0.008 0.145 0.075 0.478 0.55 0.016 0.006 0 0.211 0.014 0.458 0.511 0.017 0.04 0.006 0.164 0.004 0.589 0.008 0.015 0.054
0.001 0.012 0.012 0.025 0.008 0.004 0.002 0.004 0.027 0.001 0.003 0.002 0.002 0.001 0.014 0.004 0.005 0.001 0.002 0.017 0.003 0.074 0.045 0.008 0.019 0 0.002 0.004 0.001 0.001 0.008 0.024 0.028 0.001 0.002 0.13 0.002 0.133 0.025 0.003 0.008 0.043 0.007 1 0.002 0.019 0.03 0.03 0.001 0.013 0.008 0.002 0.008 0.01 0.001 0.014 0.011 0.001 0.001 0.001 0.011 0.01 0 0.001 0.001 0.004 0.002 0.009 0.012 0 0.001 0.001 0.002 0.001 0.01 0.001 0.018 0.002
0.033 0.041 0.043 0.014 0.001 0.129 0.212 0.007 0.017 0.001 0.005 0.003 0.007 0.002 0.047 0.071 0 0.002 0.002 0.034 0 0.02 0.015 0.001 0.02 0.002 0.003 0.219 0.022 0.025 0.001 0.077 0.062 0.001 0.346 0 0.507 0.001 0.056 0.004 0.013 0.079 0.012 0.002 1 0 0.029 0.027 0.002 0.157 0.013 0.795 0.012 0.007 0.002 0.144 0.008 0.425 0.002 0.002 0.131 0.008 0.004 0.002 0.314 0.002 0.004 0.013 0.08 0.004 0.002 0.002 0 0.001 0.007 0.002 0.004 0.003
0.017 0.017 0.015 0.015 0.027 0.036 0.017 0.105 0.031 0.002 0.07 0.021 0.049 0.019 0 0.002 0.102 0.024 0.041 0.001 0.173 0.006 0.085 0.032 0.02 0.011 0.054 0.036 0.015 0.015 0.065 0.004 0.001 0.013 0.003 0.221 0.009 0.187 0 0.01 0.1 0.417 0.213 0.019 0 1 0.007 0.05 0.016 0.204 0.228 0.003 0.216 0.231 0.019 0.187 0.203 0 0.044 0.012 0.196 0.197 0.029 0.006 0.002 0.093 0.041 0.163 0.179 0.03 0.017 0.016 0.032 0.002 0.195 0.021 0.02 0.027
0.003 0.001 0 0.175 0.012 0.001 0.034 0.074 0.201 0.009 0.04 0.022 0.028 0.041 0.007 0.006 0.067 0.012 0.022 0.002 0.083 0.011 0.08 0.015 0.18 0.015 0.029 0.003 0.013 0.013 0.041 0.237 0.4 0.042 0.018 0.283 0.035 0.281 0.48 0.033 0.354 0.004 0.11 0.03 0.029 0.007 1 0.13 0.006 0.186 0.119 0.027 0.113 0.144 0.008 0.203 0.16 0.015 0.019 0.017 0.174 0.141 0.034 0.014 0.013 0.062 0.132 0.134 0.164 0.035 0.016 0.035 0.022 0.035 0.153 0.011 0 0.023
0.071 0.079 0.063 0.181 0.031 0.038 0.021 0.044 0.225 0.032 0.042 0.024 0.006 0.017 0.079 0.06 0.04 0.007 0.017 0.067 0.021 0.152 0.029 0.042 0.182 0.003 0.024 0.046 0.008 0.009 0.059 0.261 0.216 0.011 0.025 0.017 0.033 0.018 0.253 0.079 0.078 0.08 0.041 0.03 0.027 0.05 0.13 1 0.013 0.093 0.043 0.025 0.039 0.06 0.006 0.07 0.055 0.005 0.004 0 0.07 0.048 0.117 0.044 0.016 0.046 0.033 0.04 0.068 0.12 0.007 0.011 0.001 0.009 0.066 0.001 0.042 0.011
0.008 0.011 0.01 0.01 0.006 0.077 0.081 0.003 0.013 0.001 0.003 0.001 0.001 0.004 0.023 0.02 0.004 0.001 0.001 0.02 0.002 0.001 0.003 0.001 0.005 0.001 0 0.07 0.019 0.018 0.006 0.005 0 0 0.117 0.006 0.087 0.006 0.002 0.002 0.001 0.001 0.006 0.001 0.002 0.016 0.006 0.013 1 0.01 0.006 0.001 0.006 0.008 0.865 0.011 0.008 0.001 0.001 0.001 0.009 0.007 0.002 0.001 0.001 0.003 0.002 0.007 0.009 0.002 0.001 0 0.001 0 0.008 0.727 0.001 0.001
0.018 0.021 0.019 0.006 0.003 0.004 0.023 0 0.031 0.007 0.002 0.002 0.113 0.012 0.001 0 0.001 0.014 0.119 0 0.443 0.053 0.11 0.008 0.034 0.006 0.146 0.012 0 0 0.006 0.015 0.041 0.008 0.037 0.046 0.057 0.048 0.057 0.011 0.083 0.244 0.585 0.013 0.157 0.204 0.186 0.093 0.01 1 0.637 0.129 0.587 0.727 0.011 0.916 0.757 0.058 0.1 0.04 0.842 0.686 0.027 0.01 0.068 0.3 0.024 0.623 0.789 0.028 0.052 0.01 0.12 0.007 0.725 0.013 0.025 0.091
0.001 0.002 0.002 0.047 0.03 0.013 0.006 0.015 0.116 0.005 0.01 0.007 0.119 0.007 0.061 0.069 0.021 0.009 0.179 0.043 0.596 0.02 0.244 0.043 0.131 0.002 0.223 0.015 0.006 0.006 0.038 0.136 0.188 0.005 0.012 0.041 0.015 0.04 0.216 0.004 0.054 0.2 0.658 0.008 0.013 0.228 0.119 0.043 0.006 0.637 1 0.012 0.916 0.806 0.007 0.588 0.7 0.008 0.156 0.068 0.529 0.839 0.018 0.006 0 0.376 0.016 0.733 0.539 0.018 0.086 0.006 0.174 0.004 0.656 0.008 0.016 0.147
0.026 0.036 0.033 0.01 0.009 0.166 0.267 0.004 0.012 0.001 0.003 0.001 0.009 0.002 0.037 0.061 0.004 0.002 0.002 0.026 0 0.018 0.012 0.009 0.015 0.002 0.003 0.271 0.041 0.046 0.009 0.07 0.056 0.001 0.427 0.011 0.562 0 0.051 0.004 0.012 0.058 0.008 0.002 0.795 0.003 0.027 0.025 0.001 0.129 0.012 1 0.007 0.007 0.002 0.131 0.003 0.47 0.002 0 0.117 0.003 0.004 0.001 0.348 0.003 0.003 0.004 0.071 0.004 0 0.001 0.001 0.001 0.001 0.002 0.004 0
0 0 0.001 0.038 0.028 0.009 0.003 0.014 0.104 0.004 0.009 0.007 0.071 0.007 0.057 0.064 0.019 0.009 0.171 0.049 0.52 0.017 0.22 0.04 0.116 0.002 0.211 0.011 0.003 0.003 0.035 0.121 0.17 0.005 0.007 0.038 0.015 0.033 0.196 0.003 0.051 0.177 0.606 0.008 0.012 0.216 0.113 0.039 0.006 0.587 0.916 0.007 1 0.761 0.007 0.556 0.66 0.008 0.165 0.087 0.52 0.801 0.017 0.006 0 0.3 0.015 0.687 0.503 0.017 0.108 0.006 0.184 0.004 0.616 0.008 0.015 0.174
0.004 0.004 0.003 0.017 0.001 0.014 0.006 0.002 0.059 0.006 0.007 0.005 0.083 0.009 0.017 0.023 0.002 0.011 0.153 0.009 0.476 0.03 0.163 0.004 0.064 0.004 0.189 0.017 0.004 0.004 0.002 0.067 0.109 0.006 0.01 0.04 0.019 0.045 0.131 0.005 0.065 0.138 0.742 0.01 0.007 0.231 0.144 0.06 0.008 0.727 0.806 0.007 0.761 1 0.009 0.705 0.81 0.01 0.129 0.073 0.643 0.734 0.019 0.008 0.001 0.345 0.019 0.643 0.659 0.02 0.076 0.008 0.143 0.005 0.771 0.01 0.02 0.135
0.006 0.009 0.008 0.007 0.004 0.064 0.067 0.004 0.009 0.001 0.003 0.002 0.002 0.003 0.019 0.016 0.004 0.001 0.001 0.016 0.003 0 0.001 0.001 0.002 0.001 0 0.057 0.016 0.015 0.007 0.002 0 0 0.099 0.007 0.072 0.007 0 0.002 0.001 0 0.007 0.001 0.002 0.019 0.008 0.006 0.865 0.011 0.007 0.002 0.007 0.009 1 0.012 0.01 0.001 0.001 0.001 0.011 0.009 0.002 0.001 0.001 0.004 0.002 0.008 0.01 0.002 0.001 0 0.001 0.001 0.009 0.713 0.009 0.001
0.014 0.017 0.015 0.009 0.005 0.005 0.026 0 0.036 0.008 0.001 0.001 0.134 0.013 0.002 0.001 0 0.016 0.109 0.001 0.406 0.05 0.102 0.011 0.039 0.007 0.134 0.012 0 0 0.008 0.018 0.047 0.008 0.038 0.051 0.051 0.049 0.064 0.007 0.08 0.225 0.542 0.014 0.144 0.187 0.203 0.07 0.011 0.916 0.588 0.131 0.556 0.705 0.012 1 0.789 0.052 0.092 0.084 0.869 0.693 0.03 0.011 0.061 0.29 0.027 0.632 0.814 0.031 0.079 0.011 0.11 0.007 0.751 0.014 0.028 0.115
0.01 0.01 0.009 0.01 0.002 0 0.003 0 0.04 0.006 0.002 0.001 0.084 0.01 0.006 0.009 0.001 0.012 0.138 0.002 0.431 0.037 0.131 0.005 0.047 0.005 0.17 0.001 0.003 0.002 0.004 0.049 0.088 0.007 0 0.036 0.001 0.051 0.109 0.008 0.062 0.17 0.649 0.011 0.008 0.203 0.16 0.055 0.008 0.757 0.7 0.003 0.66 0.81 0.01 0.789 1 0.011 0.105 0.071 0.731 0.831 0.024 0.009 0.001 0.357 0.021 0.758 0.699 0.024 0.1 0.008 0.128 0.006 0.892 0.011 0.022 0.145
0.001 0.003 0.003 0 0.005 0.028 0.05 0.002 0 0.001 0.001 0 0.015 0.001 0.004 0.017 0.002 0.002 0.002 0.001 0.002 0.003 0 0.009 0 0.001 0.002 0.095 0.006 0.006 0.009 0.029 0.021 0.001 0.191 0.008 0.299 0 0.018 0.001 0 0.024 0.008 0.001 0.425 0 0.015 0.005 0.001 0.058 0.008 0.47 0.008 0.01 0.001 0.052 0.011 1 0.001 0.001 0.069 0.01 0.001 0.001 0.542 0.005 0.003 0.009 0.073 0.001 0.001 0.001 0.001 0.001 0.011 0.001 0.003 0.002
0.035 0.049 0.047 0.022 0.005 0.004 0.003 0.004 0.023 0.001 0.003 0.002 0 0.001 0.011 0.01 0.005 0.001 0.002 0.017 0.16 0.013 0.036 0.009 0.024 0.001 0.002 0.004 0.001 0.001 0.008 0.024 0.03 0.001 0.002 0.008 0.002 0.008 0.036 0.003 0.008 0.051 0.145 0.001 0.002 0.044 0.019 0.004 0.001 0.1 0.156 0.002 0.165 0.129 0.001 0.092 0.105 0.001 1 0 0.094 0.131 0.003 0.001 0.001 0.003 0.002 0.139 0.082 0.003 0 0.001 0.375 0.001 0.059 0.001 0.003 0
0.004 0.003 0.003 0.009 0.001 0 0 0 0.006 0.001 0 0.002 0.291 0.001 0.007 0.008 0.004 0.001 0.001 0.01 0.076 0.007 0.016 0.006 0.014 0.001 0.001 0.001 0.001 0.001 0.008 0.015 0.02 0.001 0 0.007 0.002 0.003 0.023 0.003 0.008 0.03 0.075 0.001 0.002 0.012 0.017 0 0.001 0.04 0.068 0 0.087 0.073 0.001 0.084 0.071 0.001 0 1 0.062 0.082 0.003 0.001 0.001 0.004 0.002 0.061 0.057 0.003 0.213 0.001 0.001 0.001 0.056 0.001 0.002 0.311
0.021 0.022 0.021 0.005 0.002 0.003 0.02 0 0.029 0.007 0.004 0.003 0.107 0.011 0 0 0.002 0.014 0.084 0.001 0.347 0.039 0.094 0.007 0.03 0.006 0.071 0.01 0 0 0.006 0.012 0.035 0.004 0.04 0.042 0.048 0.04 0.049 0.005 0.066 0.183 0.478 0.011 0.131 0.196 0.174 0.07 0.009 0.842 0.529 0.117 0.52 0.643 0.011 0.869 0.731 0.069 0.094 0.062 1 0.637 0.027 0.01 0.08 0.223 0.024 0.634 0.788 0.027 0.088 0.009 0.115 0.006 0.706 0.012 0.025 0.129
0.001 0.001 0.001 0.026 0.025 0 0.005 0.019 0.074 0.005 0.013 0.009 0.099 0.009 0.026 0.033 0.013 0.011 0.157 0.017 0.5 0.028 0.178 0.037 0.084 0.003 0.188 0 0.002 0.002 0.032 0.087 0.133 0.006 0.001 0.034 0 0.044 0.159 0.006 0.064 0.219 0.55 0.01 0.008 0.197 0.141 0.048 0.007 0.686 0.839 0.003 0.801 0.734 0.009 0.693 0.831 0.01 0.131 0.082 0.637 1 0.021 0.008 0.001 0.396 0.018 0.886 0.568 0.021 0.113 0.007 0.157 0.005 0.772 0.01 0.019 0.166
0.034 0.027 0.028 0.059 0.013 0.008 0.005 0.006 0.056 0.002 0.004 0.004 0.004 0.002 0.018 0.021 0.007 0.003 0.003 0.005 0.013 0.149 0.043 0.015 0.046 0.002 0.004 0.009 0.002 0.002 0.018 0.055 0.062 0.002 0.004 0.012 0.005 0.012 0.068 0.46 0.009 0.036 0.016 0 0.004 0.029 0.034 0.117 0.002 0.027 0.018 0.004 0.017 0.019 0.002 0.03 0.024 0.001 0.003 0.003 0.027 0.021 1 0.002 0.003 0.009 0.005 0.02 0.025 0.977 0.002 0.002 0.003 0.001 0.022 0.003 0.196 0.003
0 0.008 0 0.001 0.005 0.003 0.002 0.003 0.001 0.138 0.003 0.001 0.001 0.001 0 0.001 0.004 0 0.001 0 0.005 0.004 0.01 0.004 0.001 0.029 0.002 0.003 0.001 0.001 0.005 0.018 0.023 0.001 0.001 0.006 0.002 0.006 0.021 0.002 0.007 0.019 0.006 0.001 0.002 0.006 0.014 0.044 0.001 0.01 0.006 0.001 0.006 0.008 0.001 0.011 0.009 0.001 0.001 0.001 0.01 0.008 0.002 1 0.001 0.003 0.002 0.007 0.009 0.002 0.001 0.001 0.001 0.001 0.008 0.001 0.002 0.001
0.003 0.005 0.004 0.001 0.004 0.031 0.055 0.001 0.001 0.001 0.001 0 0.018 0.001 0.01 0.03 0.002 0.001 0.001 0.004 0.003 0.012 0.003 0.003 0.002 0.001 0.002 0.105 0.007 0.007 0.003 0.047 0.019 0.001 0.151 0.007 0.262 0 0.017 0.003 0.005 0.031 0 0.001 0.314 0.002 0.013 0.016 0.001 0.068 0 0.348 0 0.001 0.001 0.061 0.001 0.542 0.001 0.001 0.08 0.001 0.003 0.001 1 0.001 0.002 0.001 0.085 0.003 0.001 0.001 0.01 0.001 0.001 0.001 0.002 0.002
0.022 0.017 0.017 0.046 0.011 0.009 0.005 0.014 0.045 0.002 0.011 0.006 0.003 0.004 0.018 0.022 0.001 0.005 0.346 0.005 0.223 0.003 0.094 0.006 0.047 0 0.433 0.01 0.003 0.002 0.004 0.05 0.062 0.003 0.003 0.008 0.005 0.023 0.074 0.002 0.028 0.063 0.211 0.004 0.002 0.093 0.062 0.046 0.003 0.3 0.376 0.003 0.3 0.345 0.004 0.29 0.357 0.005 0.003 0.004 0.223 0.396 0.009 0.003 0.001 1 0.008 0.338 0.341 0.009 0.004 0.003 0.003 0.002 0.356 0.004 0.009 0.003
0.015 0.028 0.029 0.061 0.013 0.007 0.004 0.006 0.068 0.001 0.004 0.003 0.004 0.002 0.022 0.027 0.007 0.003 0.003 0.03 0.012 0.018 0.037 0.014 0.011 0.163 0.004 0.008 0.002 0.002 0.014 0.012 0.006 0.001 0.001 0.013 0.005 0.012 0.056 0.002 0.25 0.045 0.014 0.002 0.004 0.041 0.132 0.033 0.002 0.024 0.016 0.003 0.015 0.019 0.002 0.027 0.021 0.003 0.002 0.002 0.024 0.018 0.005 0.002 0.002 0.008 1 0.018 0.022 0.005 0.002 0.002 0.003 0.001 0.02 0.002 0.009 0.003
0.004 0.003 0.003 0.016 0.019 0 0.005 0.018 0.06 0.005 0.012 0.008 0.077 0.008 0.02 0.025 0.009 0.008 0.137 0.02 0.409 0.021 0.154 0.029 0.071 0.003 0.124 0 0.002 0.001 0.027 0.072 0.114 0.006 0.001 0.027 0 0.041 0.137 0.005 0.061 0.189 0.458 0.009 0.013 0.163 0.134 0.04 0.007 0.623 0.733 0.004 0.687 0.643 0.008 0.632 0.758 0.009 0.139 0.061 0.634 0.886 0.02 0.007 0.001 0.338 0.018 1 0.506 0.02 0.119 0.007 0.167 0.005 0.711 0.009 0.018 0.142
0.004 0.014 0.012 0.009 0.001 0 0.006 0.001 0.032 0.007 0.005 0.004 0.114 0.011 0.002 0.001 0.003 0.013 0.13 0.001 0.449 0.04 0.097 0.006 0.038 0.005 0.161 0.002 0 0 0.004 0.017 0.043 0.004 0.015 0.042 0.023 0.038 0.059 0.009 0.061 0.171 0.511 0.012 0.08 0.179 0.164 0.068 0.009 0.789 0.539 0.071 0.503 0.659 0.01 0.814 0.699 0.073 0.082 0.057 0.788 0.568 0.025 0.009 0.085 0.341 0.022 0.506 1 0.026 0.094 0.009 0.132 0.006 0.632 0.012 0.021 0.126
0.035 0.028 0.029 0.061 0.014 0.008 0.006 0.006 0.057 0.002 0.004 0.004 0.004 0.002 0.019 0.022 0.007 0.003 0.003 0.005 0.013 0.154 0.045 0.015 0.048 0.002 0.004 0.009 0.002 0.002 0.018 0.056 0.064 0.002 0.004 0.011 0.005 0.012 0.07 0.465 0.01 0.037 0.017 0 0.004 0.03 0.035 0.12 0.002 0.028 0.018 0.004 0.017 0.02 0.002 0.031 0.024 0.001 0.003 0.003 0.027 0.021 0.977 0.002 0.003 0.009 0.005 0.02 0.026 1 0.002 0.002 0.003 0.001 0.023 0.003 0.201 0.004
0 0.001 0.001 0.001 0 0 0 0.002 0.003 0.001 0.003 0 0.109 0.001 0.004 0.005 0.001 0.001 0.001 0.006 0.085 0.007 0.02 0.003 0.01 0.001 0.001 0.001 0.001 0.001 0.003 0.009 0.013 0.001 0 0.003 0.002 0.001 0.015 0.002 0.007 0.023 0.04 0.001 0.002 0.017 0.016 0.007 0.001 0.052 0.086 0 0.108 0.076 0.001 0.079 0.1 0.001 0 0.213 0.088 0.113 0.002 0.001 0.001 0.004 0.002 0.119 0.094 0.002 1 0.001 0.001 0.001 0.081 0.001 0.002 0.395
0.001 0 0.001 0.017 0.002 0.002 0.002 0 0.02 0.001 0 0 0.001 0.018 0 0.001 0 0.001 0.001 0.001 0.005 0.003 0.009 0.004 0.018 0 0.002 0.001 0.001 0.001 0.004 0.019 0.014 0.429 0.001 0.003 0.002 0.006 0.016 0.002 0.083 0.019 0.006 0.001 0.002 0.016 0.035 0.011 0 0.01 0.006 0.001 0.006 0.008 0 0.011 0.008 0.001 0.001 0.001 0.009 0.007 0.002 0.001 0.001 0.003 0.002 0.007 0.009 0.002 0.001 1 0.001 0 0.008 0.001 0.002 0.001
0.032 0.044 0.044 0.008 0.005 0.001 0.004 0.005 0.011 0.001 0.004 0.002 0.005 0.001 0.002 0.003 0.005 0.002 0.002 0.004 0.123 0.015 0.021 0.01 0.012 0.002 0.002 0.001 0 0 0.008 0.012 0.032 0.001 0.002 0.008 0.001 0.009 0.038 0.003 0.01 0.06 0.164 0.002 0 0.032 0.022 0.001 0.001 0.12 0.174 0.001 0.184 0.143 0.001 0.11 0.128 0.001 0.375 0.001 0.115 0.157 0.003 0.001 0.01 0.003 0.003 0.167 0.132 0.003 0.001 0.001 1 0.001 0.087 0.002 0.003 0
0.001 0.007 0.007 0.02 0.004 0.001 0.001 0.002 0.022 0 0.002 0.001 0.001 0 0.007 0.005 0.002 0.001 0.001 0.008 0.003 0.006 0.012 0.004 0.024 0.001 0.001 0.001 0 0.001 0.004 0.025 0.02 0 0.001 0.004 0.001 0.004 0.018 0.001 0.077 0.013 0.004 0.001 0.001 0.002 0.035 0.009 0 0.007 0.004 0.001 0.004 0.005 0.001 0.007 0.006 0.001 0.001 0.001 0.006 0.005 0.001 0.001 0.001 0.002 0.001 0.005 0.006 0.001 0.001 0 0.001 1 0.005 0.001 0.001 0.001
0.007 0.006 0.006 0.014 0.001 0 0.002 0.001 0.035 0.006 0.004 0.002 0.069 0.01 0.004 0.007 0.003 0.012 0.143 0.001 0.364 0.028 0.12 0.003 0.042 0.004 0.177 0.001 0.003 0.002 0.003 0.044 0.081 0.006 0.001 0.034 0.001 0.048 0.101 0.003 0.058 0.144 0.589 0.01 0.007 0.195 0.153 0.066 0.008 0.725 0.656 0.001 0.616 0.771 0.009 0.751 0.892 0.011 0.059 0.056 0.706 0.772 0.022 0.008 0.001 0.356 0.02 0.711 0.632 0.023 0.081 0.008 0.087 0.005 1 0.01 0.021 0.136
0.004 0.007 0.007 0.004 0.005 0.061 0.068 0.004 0.006 0.001 0.003 0.002 0.002 0.002 0.016 0.013 0.005 0.001 0.002 0.013 0.003 0.001 0 0.001 0.001 0.001 0 0.056 0.022 0.021 0.008 0 0.002 0.001 0.085 0.007 0.062 0.007 0 0.003 0.003 0 0.008 0.001 0.002 0.021 0.011 0.001 0.727 0.013 0.008 0.002 0.008 0.01 0.713 0.014 0.011 0.001 0.001 0.001 0.012 0.01 0.003 0.001 0.001 0.004 0.002 0.009 0.012 0.003 0.001 0.001 0.002 0.001 0.01 1 0.018 0.002
0.024 0.019 0.02 0.018 0.013 0.001 0.003 0.009 0.014 0.001 0.007 0.004 0.004 0 0.01 0.012 0.009 0.003 0.003 0.001 0.01 0.069 0.019 0.015 0.01 0.002 0.004 0.002 0.001 0.001 0.016 0.015 0.007 0.002 0.001 0.001 0.004 0.001 0.009 0.058 0 0.015 0.015 0.018 0.004 0.02 0 0.042 0.001 0.025 0.016 0.004 0.015 0.02 0.009 0.028 0.022 0.003 0.003 0.002 0.025 0.019 0.196 0.002 0.002 0.009 0.009 0.018 0.021 0.201 0.002 0.002 0.003 0.001 0.021 0.018 1 0.003
0 0 0 0.005 0.001 0.001 0 0 0.012 0.001 0.001 0 0.135 0.002 0.008 0.009 0.002 0.002 0.001 0.011 0.096 0.002 0.037 0.005 0.02 0.002 0.002 0.002 0 0 0.006 0.021 0.028 0.001 0 0.005 0.003 0.003 0.031 0.003 0.011 0.021 0.054 0.002 0.003 0.027 0.023 0.011 0.001 0.091 0.147 0 0.174 0.135 0.001 0.115 0.145 0.002 0 0.311 0.129 0.166 0.003 0.001 0.002 0.003 0.003 0.142 0.126 0.004 0.395 0.001 0 0.001 0.136 0.002 0.003 1
