1 0.866 0.896 0.413 0.36 0.214 0.14 0.221 0.269 0.009 0.195 0.101 0.024 0.052 0.59 0.558 0.204 0.035 0.033 0.552 0.012 0.103 0.111 0.327 0.276 0.013 0.039 0.173 0.027 0.023 0.248 0.25 0.123 0 0.058 0.04 0.079 0.024 0.101 0.023 0.018 0.063 0.006 0.004 0.099 0.021 0.001 0.038 0.008 0.013 0.015 0.058 0.009 0.009 0.007 0.007 0.001 0.015 0.039 0.013 0.012 0 0.003 0.006 0.017 0.008 0.018 0.001 0.004 0.004 0.005 0.002 0.029 0.005 0.001 0.008 0.003 0.006
0.866 1 0.962 0.402 0.366 0.246 0.161 0.253 0.253 0.008 0.224 0.116 0.021 0.059 0.639 0.601 0.195 0.04 0.028 0.586 0.007 0.089 0.094 0.334 0.272 0.022 0.034 0.2 0.031 0.027 0.255 0.246 0.124 0 0.068 0.039 0.092 0.035 0.094 0.02 0.031 0.074 0.004 0.003 0.078 0.023 0 0.024 0.01 0.011 0.013 0.07 0.008 0.007 0.01 0.006 0 0.02 0.045 0.01 0.01 0.001 0.002 0.005 0.022 0.009 0.033 0 0.004 0.002 0.003 0.004 0.022 0.009 0 0.01 0.002 0.005
0.896 0.962 1 0.419 0.403 0.238 0.156 0.246 0.268 0.008 0.217 0.113 0.022 0.058 0.665 0.626 0.23 0.039 0.029 0.617 0.008 0.093 0.099 0.369 0.29 0.023 0.035 0.194 0.03 0.026 0.284 0.263 0.135 0 0.065 0.052 0.089 0.032 0.103 0.02 0.033 0.083 0.004 0.004 0.111 0.03 0 0.028 0.009 0.017 0.014 0.067 0.009 0.008 0.009 0.01 0.002 0.019 0.044 0.011 0.016 0 0.002 0.005 0.021 0.006 0.034 0.001 0.008 0.003 0.004 0.004 0.034 0.01 0.002 0.01 0.002 0.005
0.413 0.402 0.419 1 0.185 0.086 0.05 0.111 0.778 0.017 0.098 0.051 0.048 0.026 0.277 0.283 0.103 0.027 0.065 0.243 0.051 0.253 0.337 0.173 0.576 0.015 0.066 0.068 0.013 0.01 0.127 0.553 0.319 0.021 0.02 0.003 0.029 0 0.409 0.045 0.232 0.002 0.057 0.012 0.046 0.007 0.198 0.141 0.001 0.01 0.083 0.023 0.073 0.058 0 0.011 0.02 0.004 0.018 0.012 0.006 0.034 0.017 0.014 0.003 0.036 0.051 0.018 0.011 0.019 0.006 0.023 0.003 0.021 0.022 0 0.01 0.018
0.36 0.366 0.403 0.185 1 0.024 0.016 0.468 0.222 0.004 0.423 0.204 0.01 0.006 0.465 0.421 0.498 0.09 0.014 0.454 0.037 0.07 0.133 0.782 0.231 0.011 0.016 0.022 0.003 0.004 0.633 0.186 0.134 0.001 0.01 0.189 0.012 0.136 0.109 0.01 0.039 0.038 0.012 0.004 0 0.058 0.022 0.03 0 0.009 0.03 0.013 0.025 0.015 0.002 0.015 0.006 0.009 0.002 0.009 0.013 0.019 0.007 0.004 0.007 0.012 0.015 0.011 0.014 0.008 0.005 0.001 0.001 0.004 0.003 0.002 0.001 0.009
0.214 0.246 0.238 0.086 0.024 1 0.656 0.013 0.095 0.002 0.011 0.006 0.005 0.241 0.211 0.194 0.015 0.003 0.007 0.191 0.019 0.005 0.023 0.026 0.074 0.005 0.008 0.722 0.126 0.117 0.027 0.094 0.036 0.004 0.204 0.027 0.302 0.025 0.027 0.005 0.002 0.007 0.015 0.002 0.218 0.034 0.01 0.009 0.027 0.025 0.015 0.253 0.013 0.019 0.015 0.025 0.001 0.068 0.003 0 0.028 0.002 0 0.002 0.057 0.001 0.008 0.003 0.016 0 0 0.002 0 0.002 0.001 0.016 0 0
0.14 0.161 0.156 0.05 0.016 0.656 1 0.008 0.079 0.001 0.007 0.004 0.003 0.002 0.166 0.153 0.01 0.002 0.005 0.144 0.013 0.004 0.017 0.017 0.051 0.004 0.005 0.49 0.193 0.18 0.018 0.072 0.021 0.002 0.319 0.018 0.472 0.016 0.016 0.003 0.018 0.044 0.008 0.002 0.345 0.017 0.041 0.006 0.026 0.068 0.008 0.394 0.006 0.01 0.015 0.071 0.013 0.11 0.002 0 0.072 0.015 0.004 0.001 0.09 0.006 0.006 0.017 0.051 0.004 0 0.002 0.001 0.002 0.011 0.017 0 0
0.221 0.253 0.246 0.111 0.468 0.013 0.008 1 0.115 0.002 0.883 0.459 0.005 0.003 0.26 0.24 0.724 0.003 0.007 0.265 0.019 0.038 0.069 0.464 0.147 0.006 0.009 0.012 0.002 0.002 0.418 0.125 0.088 0 0.005 0.266 0.006 0.286 0.079 0.005 0.019 0.064 0.003 0.002 0.009 0.124 0.102 0.036 0.003 0.012 0.024 0.007 0.02 0.004 0.004 0.015 0.009 0.005 0.003 0.004 0.015 0.031 0.003 0.002 0.004 0.016 0.008 0.029 0.017 0.003 0.001 0 0.005 0.002 0.009 0.004 0.005 0.004
0.269 0.253 0.268 0.778 0.222 0.095 0.079 0.115 1 0.015 0.1 0.057 0.043 0.029 0.359 0.347 0.11 0.03 0.038 0.301 0.123 0.254 0.453 0.191 0.668 0.018 0.04 0.099 0.015 0.012 0.141 0.654 0.388 0.023 0.03 0.005 0.04 0.001 0.494 0.04 0.262 0.004 0.083 0.018 0.053 0.011 0.224 0.212 0.003 0.019 0.119 0.028 0.11 0.084 0.002 0.019 0.031 0.005 0.018 0.01 0.014 0.052 0.022 0.017 0.01 0.026 0.058 0.033 0.02 0.024 0.007 0.026 0.003 0.024 0.028 0.002 0.005 0.021
0.009 0.008 0.008 0.017 0.004 0.002 0.001 0.002 0.015 1 0.002 0.001 0.001 0 0.006 0 0.002 0 0.001 0.007 0.003 0.002 0.005 0.004 0.012 0.08 0.001 0.001 0 0 0.004 0.012 0.01 0 0.001 0.001 0.001 0.001 0.005 0.001 0.004 0.007 0.004 0.006 0.001 0.002 0.01 0.032 0 0.005 0.004 0.001 0.003 0.004 0.001 0.006 0.005 0 0 0.001 0.005 0.005 0.001 0.353 0 0.002 0.001 0.004 0.006 0.001 0.001 0 0.001 0 0.004 0.001 0.001 0.001
0.195 0.224 0.217 0.098 0.423 0.011 0.007 0.883 0.1 0.002 1 0.52 0.005 0.003 0.23 0.211 0.652 0.003 0.006 0.234 0.017 0.033 0.061 0.407 0.13 0.005 0.008 0.01 0.001 0.002 0.365 0.108 0.076 0 0.004 0.217 0.005 0.234 0.068 0.004 0.016 0.05 0.002 0.002 0.008 0.101 0.082 0.039 0.002 0.008 0.021 0.006 0.018 0.002 0.003 0.011 0.006 0.004 0.003 0.004 0.011 0.027 0.002 0.002 0.003 0.014 0.007 0.026 0.013 0.002 0.001 0 0.004 0.002 0.006 0.003 0.004 0.004
0.101 0.116 0.113 0.051 0.204 0.006 0.004 0.459 0.057 0.001 0.52 1 0.002 0.001 0.12 0.11 0.365 0.001 0.003 0.122 0.009 0.017 0.032 0.204 0.068 0.003 0.004 0.005 0.001 0.001 0.191 0.068 0.046 0 0.002 0.101 0.003 0.106 0.044 0.002 0.005 0.021 0 0.001 0.004 0.049 0.041 0.023 0.001 0.001 0.011 0.003 0.01 0 0.002 0.002 0.001 0.002 0.001 0.002 0.004 0.015 0.003 0.001 0.002 0.007 0.004 0.014 0.005 0.003 0.002 0.001 0.002 0.001 0.002 0.002 0.002 0.002
0.024 0.021 0.022 0.048 0.01 0.005 0.003 0.005 0.043 0.001 0.005 0.002 1 0.001 0.02 0.013 0.007 0.001 0.003 0.002 0.213 0.015 0.055 0.011 0.036 0.002 0.004 0.005 0.001 0.001 0.001 0.024 0.033 0.001 0.001 0.011 0 0.01 0.04 0.002 0.012 0.06 0.125 0.001 0 0.043 0.028 0.004 0.001 0.103 0.14 0 0.084 0.109 0.002 0.115 0.093 0.001 0 0.128 0.066 0.101 0.002 0.001 0.003 0.019 0.003 0.049 0.096 0.002 0.043 0.001 0.006 0.001 0.06 0.002 0.002 0.09
0.052 0.059 0.058 0.026 0.006 0.241 0.002 0.003 0.029 0 0.003 0.001 0.001 1 0.061 0.056 0.003 0.001 0.002 0.062 0.005 0.009 0.016 0.006 0.035 0.001 0.002 0.256 0 0 0.006 0.035 0.027 0.035 0.001 0.006 0.002 0.006 0.023 0.001 0.104 0.02 0.006 0.001 0.001 0.013 0.025 0.012 0.003 0.008 0.006 0.001 0.005 0.007 0.002 0.01 0.008 0.001 0.001 0.001 0.008 0.007 0.016 0 0 0.004 0.002 0.007 0.009 0.014 0.001 0 0.001 0.001 0.007 0.002 0.001 0.001
0.59 0.639 0.665 0.277 0.465 0.211 0.166 0.26 0.359 0.006 0.23 0.12 0.02 0.061 1 0.872 0.267 0.054 0.023 0.736 0.07 0.073 0.17 0.439 0.367 0.02 0.029 0.211 0.032 0.036 0.336 0.345 0.243 0 0.073 0.093 0.099 0.067 0.203 0.019 0.021 0.066 0.035 0.005 0.123 0.019 0.008 0.058 0.012 0.001 0.062 0.076 0.053 0.041 0.012 0 0.004 0.023 0.011 0.01 0.001 0.013 0.004 0.006 0.029 0.007 0.027 0.007 0 0.004 0.005 0.004 0 0.009 0.002 0.013 0 0.009
0.558 0.601 0.626 0.283 0.421 0.194 0.153 0.24 0.347 0 0.211 0.11 0.013 0.056 0.872 1 0.244 0.057 0.026 0.693 0.065 0.082 0.175 0.427 0.366 0.009 0.031 0.195 0.03 0.034 0.335 0.357 0.251 0 0.087 0.088 0.111 0.063 0.212 0.021 0.017 0.057 0.046 0.005 0.133 0.014 0.009 0.052 0.01 0 0.076 0.085 0.066 0.053 0.01 0 0.009 0.032 0.008 0.011 0 0.021 0.005 0 0.042 0.009 0.032 0.013 0.001 0.006 0.006 0.003 0.001 0 0.006 0.011 0.001 0.011
0.204 0.195 0.23 0.103 0.498 0.015 0.01 0.724 0.11 0.002 0.652 0.365 0.007 0.003 0.267 0.244 1 0.004 0.009 0.333 0.024 0.047 0.088 0.548 0.186 0.007 0.011 0.014 0.002 0.002 0.497 0.159 0.114 0 0.006 0.335 0.007 0.248 0.1 0.006 0.018 0.083 0.006 0.003 0.003 0.147 0.086 0.039 0.003 0.002 0.028 0.009 0.024 0.007 0.005 0.004 0.001 0.006 0.004 0.006 0.003 0.012 0.004 0.003 0.005 0.004 0.01 0.008 0.004 0.004 0.002 0 0 0.003 0 0.005 0.006 0.006
0.035 0.04 0.039 0.027 0.09 0.003 0.002 0.003 0.03 0 0.003 0.001 0.001 0.001 0.054 0.057 0.004 1 0.002 0.064 0.005 0.009 0.017 0.116 0.033 0.001 0.002 0.003 0 0 0.109 0.035 0.027 0.001 0.001 0.007 0.002 0.006 0.023 0.001 0.007 0.021 0.006 0.001 0.002 0.015 0.012 0.003 0.025 0.009 0.006 0.002 0.005 0.003 0.011 0.006 0.008 0.001 0.001 0.001 0.009 0.007 0.001 0.001 0.001 0.004 0.002 0.003 0.009 0.001 0.001 0.001 0.001 0.001 0.007 0.011 0.001 0.001
0.033 0.028 0.029 0.065 0.014 0.007 0.005 0.007 0.038 0.001 0.006 0.003 0.003 0.002 0.023 0.026 0.009 0.002 1 0.027 0.365 0.021 0.103 0.015 0.049 0.003 0.827 0.007 0.001 0.001 0.016 0.048 0.051 0.001 0.003 0.015 0.004 0.014 0.073 0.003 0.016 0.079 0.294 0.001 0.005 0.029 0.038 0.026 0.002 0.179 0.285 0.004 0.252 0.246 0 0.152 0.204 0.002 0.002 0 0.14 0.21 0.003 0.001 0.002 0.422 0.005 0.217 0.174 0.003 0 0.002 0.003 0.001 0.148 0.002 0.003 0
0.552 0.586 0.617 0.243 0.454 0.191 0.144 0.265 0.301 0.007 0.234 0.122 0.002 0.062 0.736 0.693 0.333 0.064 0.027 1 0.032 0.115 0.169 0.529 0.4 0.021 0.017 0.172 0.033 0.028 0.424 0.365 0.212 0 0.041 0.085 0.066 0.059 0.173 0.018 0.023 0.071 0.016 0.008 0.089 0.026 0.006 0.07 0.012 0.003 0.034 0.048 0.044 0.019 0.012 0 0 0.006 0.011 0.018 0 0.005 0.005 0.008 0.008 0 0.031 0.005 0 0.006 0.013 0.004 0.001 0.009 0 0.013 0.001 0.018
0.012 0.007 0.008 0.051 0.037 0.019 0.013 0.019 0.123 0.003 0.017 0.009 0.213 0.005 0.07 0.065 0.024 0.005 0.365 0.032 1 0.049 0.264 0.04 0.123 0.009 0.437 0.018 0.003 0.003 0.025 0.115 0.139 0.004 0.001 0.042 0.003 0.038 0.18 0.008 0.043 0.193 0.647 0 0.005 0.131 0.094 0.017 0.004 0.443 0.676 0.003 0.555 0.561 0.002 0.376 0.454 0.001 0.124 0.014 0.297 0.466 0.009 0.003 0 0.361 0.013 0.381 0.449 0.009 0.016 0.004 0.075 0.004 0.337 0.006 0.002 0.036
0.103 0.089 0.093 0.253 0.07 0.005 0.004 0.038 0.254 0.002 0.033 0.017 0.015 0.009 0.073 0.082 0.047 0.009 0.021 0.115 0.049 1 0.427 0.078 0.236 0.016 0.025 0.034 0.005 0.005 0.059 0.214 0.048 0.007 0.015 0.026 0.02 0.032 0.071 0.094 0.081 0.023 0.053 0.04 0.025 0.015 0.022 0.156 0.001 0.07 0.032 0.01 0.02 0.035 0.002 0.057 0.049 0.002 0.009 0 0.041 0.035 0.033 0 0.008 0.032 0.019 0.032 0.053 0.038 0 0.007 0.011 0.007 0.029 0.005 0.017 0
0.111 0.094 0.099 0.337 0.133 0.023 0.017 0.069 0.453 0.005 0.061 0.032 0.055 0.016 0.17 0.175 0.088 0.017 0.103 0.169 0.264 0.427 1 0.144 0.436 0.03 0.124 0.063 0.009 0.01 0.1 0.399 0.189 0.013 0.015 0 0.024 0.001 0.261 0.03 0.151 0.054 0.176 0.03 0.033 0.038 0.109 0.039 0 0.083 0.228 0.015 0.208 0.175 0 0.075 0.111 0.002 0.032 0.01 0.065 0.135 0.002 0.001 0.006 0.092 0.039 0.108 0.082 0.003 0.013 0.014 0.013 0.013 0.095 0 0 0.023
0.327 0.334 0.369 0.173 0.782 0.026 0.017 0.464 0.191 0.004 0.407 0.204 0.011 0.006 0.439 0.427 0.548 0.116 0.015 0.529 0.04 0.078 0.144 1 0.286 0.012 0.018 0.024 0.003 0.004 0.821 0.232 0.166 0.005 0.01 0.244 0.013 0.187 0.142 0.01 0.053 0.043 0.02 0.004 0 0.076 0.03 0.038 0 0.017 0.046 0.015 0.041 0.021 0.002 0.022 0.012 0.01 0.006 0.01 0.019 0.032 0.008 0.004 0.005 0.011 0.017 0.022 0.023 0.009 0.005 0.004 0.003 0.005 0.009 0.002 0.001 0.01
0.276 0.272 0.29 0.576 0.231 0.074 0.051 0.147 0.668 0.012 0.13 0.068 0.036 0.035 0.367 0.366 0.186 0.033 0.049 0.4 0.123 0.236 0.436 0.286 1 0.038 0.058 0.121 0.019 0.015 0.245 0.854 0.606 0.026 0.037 0.027 0.051 0.016 0.513 0.029 0.14 0 0.102 0.008 0.067 0.002 0.194 0.178 0.004 0.021 0.142 0.037 0.125 0.089 0.001 0.023 0.047 0.009 0.02 0.017 0.017 0.067 0.014 0.014 0.014 0.031 0 0.051 0.031 0.016 0.01 0.029 0.01 0.028 0.047 0 0.005 0.033
0.013 0.022 0.023 0.015 0.011 0.005 0.004 0.006 0.018 0.08 0.005 0.003 0.002 0.001 0.02 0.009 0.007 0.001 0.003 0.021 0.009 0.016 0.03 0.012 0.038 1 0.004 0.005 0.001 0.001 0.012 0.038 0.05 0 0.002 0.012 0.003 0.011 0.017 0.002 0.103 0.037 0.01 0 0.004 0.022 0.035 0.003 0.001 0.016 0.01 0.003 0.009 0.012 0.002 0.019 0.014 0.002 0.001 0.002 0.016 0.013 0.003 0.069 0.002 0.006 0.335 0.013 0.017 0.003 0.002 0.001 0.002 0.001 0.012 0.002 0.002 0.002
0.039 0.034 0.035 0.066 0.016 0.008 0.005 0.009 0.04 0.001 0.008 0.004 0.004 0.002 0.029 0.031 0.011 0.002 0.827 0.017 0.437 0.025 0.124 0.018 0.058 0.004 1 0.008 0.001 0.001 0.019 0.058 0.063 0.002 0.003 0.019 0.005 0.017 0.088 0.003 0.019 0.095 0.356 0.002 0.006 0.037 0.045 0.032 0.002 0.216 0.347 0.005 0.287 0.298 0 0.185 0.247 0.003 0.002 0 0.118 0.231 0.004 0.001 0.002 0.516 0.006 0.21 0.211 0.004 0.001 0.002 0.003 0.002 0.196 0.003 0.003 0.001
0.173 0.2 0.194 0.068 0.022 0.722 0.49 0.012 0.099 0.001 0.01 0.005 0.005 0.256 0.211 0.195 0.014 0.003 0.007 0.172 0.018 0.034 0.063 0.024 0.121 0.005 0.008 1 0.141 0.131 0.026 0.129 0.08 0.009 0.34 0.026 0.484 0.02 0.067 0.005 0.005 0.027 0.013 0.002 0.37 0.016 0.006 0.041 0.029 0.061 0.013 0.425 0.011 0.017 0.016 0.047 0 0.186 0.003 0.005 0.049 0.001 0 0.002 0.173 0.001 0.008 0.001 0.034 0 0.004 0.002 0 0.002 0 0.018 0 0.005
0.027 0.031 0.03 0.013 0.003 0.126 0.193 0.002 0.015 0 0.001 0.001 0.001 0 0.032 0.03 0.002 0 0.001 0.033 0.003 0.005 0.009 0.003 0.019 0.001 0.001 0.141 1 0.888 0.004 0.015 0.011 0 0.026 0.004 0.206 0.003 0.009 0.001 0.004 0.014 0.003 0 0.083 0.008 0.009 0.005 0.014 0.014 0.003 0.095 0.003 0.004 0.009 0.011 0.003 0.072 0 0.001 0.006 0.003 0.001 0 0.097 0.002 0.001 0.003 0 0.001 0.001 0 0 0 0.002 0.013 0 0.001
0.023 0.027 0.026 0.01 0.004 0.117 0.18 0.002 0.012 0 0.002 0.001 0.001 0 0.036 0.034 0.002 0 0.001 0.028 0.003 0.005 0.01 0.004 0.015 0.001 0.001 0.131 0.888 1 0.004 0.012 0.013 0 0.028 0.001 0.193 0.001 0.01 0.001 0.004 0.017 0.003 0 0.079 0.009 0.006 0.006 0.012 0.012 0.003 0.091 0.003 0.004 0.008 0.01 0.003 0.063 0 0.001 0.005 0.003 0.001 0 0.085 0.001 0.001 0.002 0 0.001 0.001 0 0 0 0.002 0.011 0 0.001
0.248 0.255 0.284 0.127 0.633 0.027 0.018 0.418 0.141 0.004 0.365 0.191 0.001 0.006 0.336 0.335 0.497 0.109 0.016 0.424 0.025 0.059 0.1 0.821 0.245 0.012 0.019 0.026 0.004 0.004 1 0.23 0.188 0.005 0.011 0.298 0.014 0.238 0.161 0.011 0.056 0.059 0.011 0.005 0 0.095 0.032 0.05 0 0.011 0.032 0.016 0.026 0.013 0.001 0.015 0.007 0.011 0.007 0.01 0.022 0.022 0.013 0.005 0.006 0.004 0.018 0.025 0.016 0.013 0.006 0.004 0.003 0.005 0.011 0.001 0.01 0.01
0.25 0.246 0.263 0.553 0.186 0.094 0.072 0.125 0.654 0.012 0.108 0.068 0.024 0.035 0.345 0.357 0.159 0.035 0.048 0.365 0.115 0.214 0.399 0.232 0.854 0.038 0.058 0.129 0.015 0.012 0.23 1 0.676 0.026 0.057 0.032 0.079 0.022 0.579 0.034 0.143 0.001 0.105 0.016 0.098 0.001 0.199 0.195 0.004 0.014 0.146 0.063 0.128 0.092 0 0.014 0.046 0.027 0.02 0.014 0.01 0.066 0.021 0.015 0.037 0.033 0 0.05 0.02 0.023 0.01 0.029 0.01 0.028 0.046 0 0.012 0.028
0.123 0.124 0.135 0.319 0.134 0.036 0.021 0.088 0.388 0.01 0.076 0.046 0.033 0.027 0.243 0.251 0.114 0.027 0.051 0.212 0.139 0.048 0.189 0.166 0.606 0.05 0.063 0.08 0.011 0.013 0.188 0.676 1 0.02 0.04 0.242 0.056 0.226 0.823 0.044 0.092 0.03 0.15 0.01 0.076 0.004 0.337 0.227 0.001 0.04 0.192 0.063 0.149 0.122 0.001 0.037 0.076 0.019 0.026 0.013 0.025 0.095 0.022 0.019 0.016 0.043 0.002 0.075 0.044 0.024 0.007 0.022 0.026 0.022 0.072 0.002 0.009 0.027
0 0 0 0.021 0.001 0.004 0.002 0 0.023 0 0 0 0.001 0.035 0 0 0 0.001 0.001 0 0.004 0.007 0.013 0.005 0.026 0 0.002 0.009 0 0 0.005 0.026 0.02 1 0.001 0.005 0.001 0.005 0.018 0.001 0.083 0.016 0.004 0 0.001 0.01 0.034 0.009 0 0.007 0.004 0.001 0.004 0.005 0 0.008 0.006 0 0.001 0.001 0.006 0.006 0.001 0 0 0.003 0.002 0.006 0.007 0.001 0.001 0.445 0.001 0 0.005 0.001 0.001 0.001
0.058 0.068 0.065 0.02 0.01 0.204 0.319 0.005 0.03 0.001 0.004 0.002 0.001 0.001 0.073 0.087 0.006 0.001 0.003 0.041 0.001 0.015 0.015 0.01 0.037 0.002 0.003 0.34 0.026 0.028 0.011 0.057 0.04 0.001 1 0.011 0.686 0.01 0.038 0.002 0.011 0.057 0.009 0.001 0.358 0.001 0.024 0.019 0.048 0.068 0.009 0.407 0.008 0.011 0.031 0.057 0.006 0.156 0.001 0.002 0.066 0.007 0.002 0.001 0.201 0.02 0.003 0.008 0.055 0.002 0.002 0.001 0.002 0.001 0.01 0.031 0 0.002
0.04 0.039 0.052 0.003 0.189 0.027 0.018 0.266 0.005 0.001 0.217 0.101 0.011 0.006 0.093 0.088 0.335 0.007 0.015 0.085 0.042 0.026 0 0.244 0.027 0.012 0.019 0.026 0.004 0.001 0.298 0.032 0.242 0.005 0.011 1 0.014 0.897 0.206 0.011 0.063 0.249 0.05 0.055 0 0.216 0.226 0.039 0.006 0.045 0.05 0.007 0.033 0.046 0.008 0.046 0.027 0.01 0.007 0.003 0.028 0.027 0.006 0.005 0.008 0.014 0.018 0.021 0.036 0.005 0.001 0.006 0.003 0.005 0.018 0.008 0.002 0.003
0.079 0.092 0.089 0.029 0.012 0.302 0.472 0.006 0.04 0.001 0.005 0.003 0 0.002 0.099 0.111 0.007 0.002 0.004 0.066 0.003 0.02 0.024 0.013 0.051 0.003 0.005 0.484 0.206 0.193 0.014 0.079 0.056 0.001 0.686 0.014 1 0.009 0.052 0.003 0.015 0.078 0.013 0.001 0.523 0.002 0.032 0.027 0.033 0.102 0.013 0.594 0.011 0.015 0.02 0.085 0.004 0.242 0.002 0.003 0.087 0.005 0.003 0.001 0.315 0.01 0.005 0.006 0.064 0.003 0.003 0.002 0.002 0.001 0.002 0.02 0 0.003
0.024 0.035 0.032 0 0.136 0.025 0.016 0.286 0.001 0.001 0.234 0.106 0.01 0.006 0.067 0.063 0.248 0.006 0.014 0.059 0.038 0.032 0.001 0.187 0.016 0.011 0.017 0.02 0.003 0.001 0.238 0.022 0.226 0.005 0.01 0.897 0.009 1 0.193 0.01 0.057 0.228 0.046 0.061 0.014 0.183 0.262 0.034 0.005 0.072 0.046 0.004 0.029 0.042 0.008 0.071 0.053 0.006 0.006 0.002 0.052 0.049 0.005 0.004 0.004 0.029 0.016 0.046 0.06 0.006 0 0.006 0.009 0.005 0.042 0.008 0.003 0.002
0.101 0.094 0.103 0.409 0.109 0.027 0.016 0.079 0.494 0.005 0.068 0.044 0.04 0.023 0.203 0.212 0.1 0.023 0.073 0.173 0.18 0.071 0.261 0.142 0.513 0.017 0.088 0.067 0.009 0.01 0.161 0.579 0.823 0.018 0.038 0.206 0.052 0.193 1 0.052 0.215 0.009 0.189 0.009 0.064 0 0.464 0.276 0.001 0.065 0.242 0.054 0.193 0.16 0.002 0.063 0.108 0.015 0.031 0.018 0.045 0.135 0.028 0.013 0.013 0.065 0.047 0.11 0.07 0.03 0.01 0.02 0.032 0.019 0.101 0.002 0.013 0.033
0.023 0.02 0.02 0.045 0.01 0.005 0.003 0.005 0.04 0.001 0.004 0.002 0.002 0.001 0.019 0.021 0.006 0.001 0.003 0.018 0.008 0.094 0.03 0.01 0.029 0.002 0.003 0.005 0.001 0.001 0.011 0.034 0.044 0.001 0.002 0.011 0.003 0.01 0.052 1 0.011 0.025 0.006 0.001 0.003 0.01 0.019 0.037 0.001 0.004 0.001 0.001 0.001 0.002 0.001 0.006 0.011 0 0.001 0.002 0.004 0.004 0.2 0.001 0 0.005 0 0.003 0.011 0.217 0.002 0.001 0.002 0.001 0.003 0.001 0.015 0.002
0.018 0.031 0.033 0.232 0.039 0.002 0.018 0.019 0.262 0.004 0.016 0.005 0.012 0.104 0.021 0.017 0.018 0.007 0.016 0.023 0.043 0.081 0.151 0.053 0.14 0.103 0.019 0.005 0.004 0.004 0.056 0.143 0.092 0.083 0.011 0.063 0.015 0.057 0.215 0.011 1 0.197 0.049 0.005 0.018 0.119 0.384 0.092 0.001 0.082 0.053 0.016 0.047 0.059 0.003 0.096 0.071 0.01 0.007 0.012 0.077 0.071 0.002 0.005 0.007 0.035 0.249 0.067 0.083 0.003 0.01 0.095 0.01 0.086 0.059 0.004 0.001 0.011
0.063 0.074 0.083 0.002 0.038 0.007 0.044 0.064 0.004 0.007 0.05 0.021 0.06 0.02 0.066 0.057 0.083 0.021 0.079 0.071 0.193 0.023 0.054 0.043 0 0.037 0.095 0.027 0.014 0.017 0.059 0.001 0.03 0.016 0.057 0.249 0.078 0.228 0.009 0.025 0.197 1 0.212 0.016 0.096 0.425 0 0.088 0.001 0.325 0.224 0.063 0.175 0.149 0.003 0.258 0.209 0.029 0.034 0.009 0.227 0.22 0.026 0.012 0.035 0.139 0.058 0.197 0.26 0.028 0.007 0.02 0.048 0.017 0.174 0.006 0.013 0.011
0.006 0.004 0.004 0.057 0.012 0.015 0.008 0.003 0.083 0.004 0.002 0 0.125 0.006 0.035 0.046 0.006 0.006 0.294 0.016 0.647 0.053 0.176 0.02 0.102 0.01 0.356 0.013 0.003 0.003 0.011 0.105 0.15 0.004 0.009 0.05 0.013 0.046 0.189 0.006 0.049 0.212 1 0.004 0.016 0.205 0.126 0.033 0.005 0.605 0.844 0.012 0.686 0.817 0.003 0.52 0.657 0.007 0.11 0.048 0.41 0.583 0.011 0.004 0 0.324 0.016 0.495 0.537 0.011 0.044 0.005 0.125 0.005 0.526 0.007 0.009 0.071
0.004 0.003 0.004 0.012 0.004 0.002 0.002 0.002 0.018 0.006 0.002 0.001 0.001 0.001 0.005 0.005 0.003 0.001 0.001 0.008 0 0.04 0.03 0.004 0.008 0 0.002 0.002 0 0 0.005 0.016 0.01 0 0.001 0.055 0.001 0.061 0.009 0.001 0.005 0.016 0.004 1 0.002 0.003 0.011 0.026 0.001 0.007 0.004 0.001 0.004 0.005 0.001 0.008 0.006 0.001 0.001 0.001 0.004 0.006 0.004 0 0.001 0.003 0.001 0.006 0.007 0.003 0.001 0.001 0.001 0 0.005 0.001 0.009 0.001
0.099 0.078 0.111 0.046 0 0.218 0.345 0.009 0.053 0.001 0.008 0.004 0 0.001 0.123 0.133 0.003 0.002 0.005 0.089 0.005 0.025 0.033 0 0.067 0.004 0.006 0.37 0.083 0.079 0 0.098 0.076 0.001 0.358 0 0.523 0.014 0.064 0.003 0.018 0.096 0.016 0.002 1 0.001 0.046 0.033 0.002 0.22 0.016 0.72 0.014 0.018 0.003 0.188 0.027 0.374 0.002 0.003 0.194 0.024 0.004 0.001 0.279 0.026 0.006 0.033 0.158 0.004 0.003 0.002 0.001 0.002 0.025 0.003 0.003 0.003
0.021 0.023 0.03 0.007 0.058 0.034 0.017 0.124 0.011 0.002 0.101 0.049 0.043 0.013 0.019 0.014 0.147 0.015 0.029 0.026 0.131 0.015 0.038 0.076 0.002 0.022 0.037 0.016 0.008 0.009 0.095 0.001 0.004 0.01 0.001 0.216 0.002 0.183 0 0.01 0.119 0.425 0.205 0.003 0.001 1 0.006 0.062 0.013 0.194 0.2 0.003 0.186 0.183 0.012 0.146 0.171 0 0.03 0.01 0.157 0.166 0.023 0.003 0.004 0.06 0.042 0.127 0.153 0.024 0.009 0.014 0.046 0.004 0.172 0.019 0.018 0.019
0.001 0 0 0.198 0.022 0.01 0.041 0.102 0.224 0.01 0.082 0.041 0.028 0.025 0.008 0.009 0.086 0.012 0.038 0.006 0.094 0.022 0.109 0.03 0.194 0.035 0.045 0.006 0.009 0.006 0.032 0.199 0.337 0.034 0.024 0.226 0.032 0.262 0.464 0.019 0.384 0 0.126 0.011 0.046 0.006 1 0.162 0.008 0.207 0.126 0.04 0.112 0.149 0.013 0.241 0.18 0.025 0.016 0.028 0.195 0.169 0.009 0.011 0.019 0.082 0.128 0.16 0.211 0.01 0.02 0.04 0.025 0.036 0.149 0.015 0.005 0.026
0.038 0.024 0.028 0.141 0.03 0.009 0.006 0.036 0.212 0.032 0.039 0.023 0.004 0.012 0.058 0.052 0.039 0.003 0.026 0.07 0.017 0.156 0.039 0.038 0.178 0.003 0.032 0.041 0.005 0.006 0.05 0.195 0.227 0.009 0.019 0.039 0.027 0.034 0.276 0.037 0.092 0.088 0.033 0.026 0.033 0.062 0.162 1 0.011 0.076 0.03 0.029 0.023 0.043 0.003 0.057 0.042 0.005 0.007 0 0.046 0.036 0.053 0.039 0.014 0.04 0.034 0.032 0.052 0.058 0.003 0.007 0 0.01 0.035 0 0.024 0
0.008 0.01 0.009 0.001 0 0.027 0.026 0.003 0.003 0 0.002 0.001 0.001 0.003 0.012 0.01 0.003 0.025 0.002 0.012 0.004 0.001 0 0 0.004 0.001 0.002 0.029 0.014 0.012 0 0.004 0.001 0 0.048 0.006 0.033 0.005 0.001 0.001 0.001 0.001 0.005 0.001 0.002 0.013 0.008 0.011 1 0.008 0.005 0.002 0.005 0.006 0.669 0.01 0.007 0.001 0.001 0.001 0.008 0.007 0.001 0 0.001 0.003 0.002 0.006 0.008 0.001 0.001 0 0.001 0.001 0.006 0.629 0.009 0.001
0.013 0.011 0.017 0.01 0.009 0.025 0.068 0.012 0.019 0.005 0.008 0.001 0.103 0.008 0.001 0 0.002 0.009 0.179 0.003 0.443 0.07 0.083 0.017 0.021 0.016 0.216 0.061 0.014 0.012 0.011 0.014 0.04 0.007 0.068 0.045 0.102 0.072 0.065 0.004 0.082 0.325 0.605 0.007 0.22 0.194 0.207 0.076 0.008 1 0.607 0.158 0.502 0.58 0.007 0.855 0.691 0.079 0.077 0.022 0.745 0.641 0.017 0.007 0.085 0.366 0.026 0.588 0.806 0.018 0.026 0.009 0.12 0.008 0.598 0.012 0.014 0.044
0.015 0.013 0.014 0.083 0.03 0.015 0.008 0.024 0.119 0.004 0.021 0.011 0.14 0.006 0.062 0.076 0.028 0.006 0.285 0.034 0.676 0.032 0.228 0.046 0.142 0.01 0.347 0.013 0.003 0.003 0.032 0.146 0.192 0.004 0.009 0.05 0.013 0.046 0.242 0.001 0.053 0.224 0.844 0.004 0.016 0.2 0.126 0.03 0.005 0.607 1 0.012 0.823 0.817 0.003 0.519 0.633 0.007 0.127 0.048 0.435 0.691 0.011 0.004 0 0.352 0.016 0.599 0.534 0.011 0.054 0.005 0.151 0.005 0.548 0.007 0.009 0.083
0.058 0.07 0.067 0.023 0.013 0.253 0.394 0.007 0.028 0.001 0.006 0.003 0 0.001 0.076 0.085 0.009 0.002 0.004 0.048 0.003 0.01 0.015 0.015 0.037 0.003 0.005 0.425 0.095 0.091 0.016 0.063 0.063 0.001 0.407 0.007 0.594 0.004 0.054 0.001 0.016 0.063 0.012 0.001 0.72 0.003 0.04 0.029 0.002 0.158 0.012 1 0.003 0.006 0.002 0.167 0.011 0.448 0.002 0.002 0.167 0.013 0.003 0.001 0.34 0.007 0.005 0.015 0.134 0.004 0.002 0.002 0.002 0.001 0.009 0.002 0.003 0.002
0.009 0.008 0.009 0.073 0.025 0.013 0.006 0.02 0.11 0.003 0.018 0.01 0.084 0.005 0.053 0.066 0.024 0.005 0.252 0.044 0.555 0.02 0.208 0.041 0.125 0.009 0.287 0.011 0.003 0.003 0.026 0.128 0.149 0.004 0.008 0.033 0.011 0.029 0.193 0.001 0.047 0.175 0.686 0.004 0.014 0.186 0.112 0.023 0.005 0.502 0.823 0.003 1 0.742 0.002 0.467 0.572 0.008 0.141 0.09 0.448 0.655 0.01 0.004 0.001 0.245 0.014 0.532 0.475 0.01 0.1 0.005 0.169 0.004 0.479 0.006 0.008 0.139
0.009 0.007 0.008 0.058 0.015 0.019 0.01 0.004 0.084 0.004 0.002 0 0.109 0.007 0.041 0.053 0.007 0.003 0.246 0.019 0.561 0.035 0.175 0.021 0.089 0.012 0.298 0.017 0.004 0.004 0.013 0.092 0.122 0.005 0.011 0.046 0.015 0.042 0.16 0.002 0.059 0.149 0.817 0.005 0.018 0.183 0.149 0.043 0.006 0.58 0.817 0.006 0.742 1 0.004 0.619 0.71 0.011 0.106 0.101 0.481 0.663 0.012 0.005 0.002 0.296 0.019 0.58 0.573 0.013 0.107 0.006 0.125 0.005 0.567 0.009 0.01 0.101
0.007 0.01 0.009 0 0.002 0.015 0.015 0.004 0.002 0.001 0.003 0.002 0.002 0.002 0.012 0.01 0.005 0.011 0 0.012 0.002 0.002 0 0.002 0.001 0.002 0 0.016 0.009 0.008 0.001 0 0.001 0 0.031 0.008 0.02 0.008 0.002 0.001 0.003 0.003 0.003 0.001 0.003 0.012 0.013 0.003 0.669 0.007 0.003 0.002 0.002 0.004 1 0.008 0.005 0.001 0.001 0.002 0.006 0.005 0.002 0.001 0.001 0.001 0.003 0.004 0.007 0.002 0.001 0 0.001 0.001 0.004 0.81 0.047 0.002
0.007 0.006 0.01 0.011 0.015 0.025 0.071 0.015 0.019 0.006 0.011 0.002 0.115 0.01 0 0 0.004 0.006 0.152 0 0.376 0.057 0.075 0.022 0.023 0.019 0.185 0.047 0.011 0.01 0.015 0.014 0.037 0.008 0.057 0.046 0.085 0.071 0.063 0.006 0.096 0.258 0.52 0.008 0.188 0.146 0.241 0.057 0.01 0.855 0.519 0.167 0.467 0.619 0.008 1 0.747 0.066 0.066 0.115 0.795 0.7 0.02 0.008 0.072 0.332 0.031 0.65 0.85 0.021 0.093 0.01 0.103 0.009 0.619 0.014 0.017 0.106
0.001 0 0.002 0.02 0.006 0.001 0.013 0.009 0.031 0.005 0.006 0.001 0.093 0.008 0.004 0.009 0.001 0.008 0.204 0 0.454 0.049 0.111 0.012 0.047 0.014 0.247 0 0.003 0.003 0.007 0.046 0.076 0.006 0.006 0.027 0.004 0.053 0.108 0.011 0.071 0.209 0.657 0.006 0.027 0.171 0.18 0.042 0.007 0.691 0.633 0.011 0.572 0.71 0.005 0.747 1 0.013 0.075 0.118 0.655 0.879 0.015 0.006 0.003 0.43 0.023 0.816 0.773 0.016 0.126 0.008 0.123 0.007 0.776 0.01 0.012 0.142
0.015 0.02 0.019 0.004 0.009 0.068 0.11 0.005 0.005 0 0.004 0.002 0.001 0.001 0.023 0.032 0.006 0.001 0.002 0.006 0.001 0.002 0.002 0.01 0.009 0.002 0.003 0.186 0.072 0.063 0.011 0.027 0.019 0 0.156 0.01 0.242 0.006 0.015 0 0.01 0.029 0.007 0.001 0.374 0 0.025 0.005 0.001 0.079 0.007 0.448 0.008 0.011 0.001 0.066 0.013 1 0.001 0.002 0.08 0.012 0.002 0.001 0.546 0.006 0.003 0.011 0.062 0.002 0.002 0.001 0.002 0.001 0.01 0.001 0.002 0.002
0.039 0.045 0.044 0.018 0.002 0.003 0.002 0.003 0.018 0 0.003 0.001 0 0.001 0.011 0.008 0.004 0.001 0.002 0.011 0.124 0.009 0.032 0.006 0.02 0.001 0.002 0.003 0 0 0.007 0.02 0.026 0.001 0.001 0.007 0.002 0.006 0.031 0.001 0.007 0.034 0.11 0.001 0.002 0.03 0.016 0.007 0.001 0.077 0.127 0.002 0.141 0.106 0.001 0.066 0.075 0.001 1 0 0.069 0.092 0.001 0.001 0.001 0 0.002 0.099 0.074 0.001 0 0.001 0.286 0.001 0.051 0.001 0.001 0
0.013 0.01 0.011 0.012 0.009 0 0 0.004 0.01 0.001 0.004 0.002 0.128 0.001 0.01 0.011 0.006 0.001 0 0.018 0.014 0 0.01 0.01 0.017 0.002 0 0.005 0.001 0.001 0.01 0.014 0.013 0.001 0.002 0.003 0.003 0.002 0.018 0.002 0.012 0.009 0.048 0.001 0.003 0.01 0.028 0 0.001 0.022 0.048 0.002 0.09 0.101 0.002 0.115 0.118 0.002 0 1 0.105 0.127 0.002 0.001 0.001 0.005 0.004 0.111 0.096 0.002 0.471 0.001 0.001 0.001 0.089 0.002 0.002 0.47
0.012 0.01 0.016 0.006 0.013 0.028 0.072 0.015 0.014 0.005 0.011 0.004 0.066 0.008 0.001 0 0.003 0.009 0.14 0 0.297 0.041 0.065 0.019 0.017 0.016 0.118 0.049 0.006 0.005 0.022 0.01 0.025 0.006 0.066 0.028 0.087 0.052 0.045 0.004 0.077 0.227 0.41 0.004 0.194 0.157 0.195 0.046 0.008 0.745 0.435 0.167 0.448 0.481 0.006 0.795 0.655 0.08 0.069 0.105 1 0.655 0.016 0.006 0.084 0.239 0.025 0.69 0.811 0.017 0.116 0.008 0.113 0.007 0.597 0.011 0.013 0.131
0 0.001 0 0.034 0.019 0.002 0.015 0.031 0.052 0.005 0.027 0.015 0.101 0.007 0.013 0.021 0.012 0.007 0.21 0.005 0.466 0.035 0.135 0.032 0.067 0.013 0.231 0.001 0.003 0.003 0.022 0.066 0.095 0.006 0.007 0.027 0.005 0.049 0.135 0.004 0.071 0.22 0.583 0.006 0.024 0.166 0.169 0.036 0.007 0.641 0.691 0.013 0.655 0.663 0.005 0.7 0.879 0.012 0.092 0.127 0.655 1 0.014 0.005 0.002 0.421 0.022 0.866 0.718 0.015 0.135 0.007 0.144 0.006 0.731 0.01 0.012 0.152
0.003 0.002 0.002 0.017 0.007 0 0.004 0.003 0.022 0.001 0.002 0.003 0.002 0.016 0.004 0.005 0.004 0.001 0.003 0.005 0.009 0.033 0.002 0.008 0.014 0.003 0.004 0 0.001 0.001 0.013 0.021 0.022 0.001 0.002 0.006 0.003 0.005 0.028 0.2 0.002 0.026 0.011 0.004 0.004 0.023 0.009 0.053 0.001 0.017 0.011 0.003 0.01 0.012 0.002 0.02 0.015 0.002 0.001 0.002 0.016 0.014 1 0.001 0.002 0.007 0.004 0.014 0.018 0.95 0.002 0.001 0.002 0.001 0.013 0.002 0.111 0.002
0.006 0.005 0.005 0.014 0.004 0.002 0.001 0.002 0.017 0.353 0.002 0.001 0.001 0 0.006 0 0.003 0.001 0.001 0.008 0.003 0 0.001 0.004 0.014 0.069 0.001 0.002 0 0 0.005 0.015 0.019 0 0.001 0.005 0.001 0.004 0.013 0.001 0.005 0.012 0.004 0 0.001 0.003 0.011 0.039 0 0.007 0.004 0.001 0.004 0.005 0.001 0.008 0.006 0.001 0.001 0.001 0.006 0.005 0.001 1 0.001 0.003 0.001 0.005 0.007 0.001 0.001 0 0.001 0 0.005 0.001 0.001 0.001
0.017 0.022 0.021 0.003 0.007 0.057 0.09 0.004 0.01 0 0.003 0.002 0.003 0 0.029 0.042 0.005 0.001 0.002 0.008 0 0.008 0.006 0.005 0.014 0.002 0.002 0.173 0.097 0.085 0.006 0.037 0.016 0 0.201 0.008 0.315 0.004 0.013 0 0.007 0.035 0 0.001 0.279 0.004 0.019 0.014 0.001 0.085 0 0.34 0.001 0.002 0.001 0.072 0.003 0.546 0.001 0.001 0.084 0.002 0.002 0.001 1 0.002 0.002 0.002 0.064 0.002 0.001 0.001 0.004 0.001 0.002 0.001 0.001 0.001
0.008 0.009 0.006 0.036 0.012 0.001 0.006 0.016 0.026 0.002 0.014 0.007 0.019 0.004 0.007 0.009 0.004 0.004 0.422 0 0.361 0.032 0.092 0.011 0.031 0.006 0.516 0.001 0.002 0.001 0.004 0.033 0.043 0.003 0.02 0.014 0.01 0.029 0.065 0.005 0.035 0.139 0.324 0.003 0.026 0.06 0.082 0.04 0.003 0.366 0.352 0.007 0.245 0.296 0.001 0.332 0.43 0.006 0 0.005 0.239 0.421 0.007 0.003 0.002 1 0.011 0.364 0.38 0.007 0.006 0.003 0.003 0.003 0.339 0.005 0.006 0.001
0.018 0.033 0.034 0.051 0.015 0.008 0.006 0.008 0.058 0.001 0.007 0.004 0.003 0.002 0.027 0.032 0.01 0.002 0.005 0.031 0.013 0.019 0.039 0.017 0 0.335 0.006 0.008 0.001 0.001 0.018 0 0.002 0.002 0.003 0.018 0.005 0.016 0.047 0 0.249 0.058 0.016 0.001 0.006 0.042 0.128 0.034 0.002 0.026 0.016 0.005 0.014 0.019 0.003 0.031 0.023 0.003 0.002 0.004 0.025 0.022 0.004 0.001 0.002 0.011 1 0.021 0.027 0.004 0.003 0.002 0.003 0.002 0.019 0.003 0.002 0.003
0.001 0 0.001 0.018 0.011 0.003 0.017 0.029 0.033 0.004 0.026 0.014 0.049 0.007 0.007 0.013 0.008 0.003 0.217 0.005 0.381 0.032 0.108 0.022 0.051 0.013 0.21 0.001 0.003 0.002 0.025 0.05 0.075 0.006 0.008 0.021 0.006 0.046 0.11 0.003 0.067 0.197 0.495 0.006 0.033 0.127 0.16 0.032 0.006 0.588 0.599 0.015 0.532 0.58 0.004 0.65 0.816 0.011 0.099 0.111 0.69 0.866 0.014 0.005 0.002 0.364 0.021 1 0.663 0.014 0.142 0.007 0.154 0.006 0.728 0.009 0.011 0.138
0.004 0.004 0.008 0.011 0.014 0.016 0.051 0.017 0.02 0.006 0.013 0.005 0.096 0.009 0 0.001 0.004 0.009 0.174 0 0.449 0.053 0.082 0.023 0.031 0.017 0.211 0.034 0 0 0.016 0.02 0.044 0.007 0.055 0.036 0.064 0.06 0.07 0.011 0.083 0.26 0.537 0.007 0.158 0.153 0.211 0.052 0.008 0.806 0.534 0.134 0.475 0.573 0.007 0.85 0.773 0.062 0.074 0.096 0.811 0.718 0.018 0.007 0.064 0.38 0.027 0.663 1 0.019 0.107 0.009 0.117 0.008 0.628 0.012 0.008 0.117
0.004 0.002 0.003 0.019 0.008 0 0.004 0.003 0.024 0.001 0.002 0.003 0.002 0.014 0.004 0.006 0.004 0.001 0.003 0.006 0.009 0.038 0.003 0.009 0.016 0.003 0.004 0 0.001 0.001 0.013 0.023 0.024 0.001 0.002 0.005 0.003 0.006 0.03 0.217 0.003 0.028 0.011 0.003 0.004 0.024 0.01 0.058 0.001 0.018 0.011 0.004 0.01 0.013 0.002 0.021 0.016 0.002 0.001 0.002 0.017 0.015 0.95 0.001 0.002 0.007 0.004 0.014 0.019 1 0.002 0.001 0.002 0.001 0.013 0.002 0.122 0.002
0.005 0.003 0.004 0.006 0.005 0 0 0.001 0.007 0.001 0.001 0.002 0.043 0.001 0.005 0.006 0.002 0.001 0 0.013 0.016 0 0.013 0.005 0.01 0.002 0.001 0.004 0.001 0.001 0.006 0.01 0.007 0.001 0.002 0.001 0.003 0 0.01 0.002 0.01 0.007 0.044 0.001 0.003 0.009 0.02 0.003 0.001 0.026 0.054 0.002 0.1 0.107 0.001 0.093 0.126 0.002 0 0.471 0.116 0.135 0.002 0.001 0.001 0.006 0.003 0.142 0.107 0.002 1 0.001 0.002 0.001 0.094 0.001 0.002 0.555
0.002 0.004 0.004 0.023 0.001 0.002 0.002 0 0.026 0 0 0.001 0.001 0 0.004 0.003 0 0.001 0.002 0.004 0.004 0.007 0.014 0.004 0.029 0.001 0.002 0.002 0 0 0.004 0.029 0.022 0.445 0.001 0.006 0.002 0.006 0.02 0.001 0.095 0.02 0.005 0.001 0.002 0.014 0.04 0.007 0 0.009 0.005 0.002 0.005 0.006 0 0.01 0.008 0.001 0.001 0.001 0.008 0.007 0.001 0 0.001 0.003 0.002 0.007 0.009 0.001 0.001 1 0.001 0.001 0.006 0.001 0.001 0.001
0.029 0.022 0.034 0.003 0.001 0 0.001 0.005 0.003 0.001 0.004 0.002 0.006 0.001 0 0.001 0 0.001 0.003 0.001 0.075 0.011 0.013 0.003 0.01 0.002 0.003 0 0 0 0.003 0.01 0.026 0.001 0.002 0.003 0.002 0.009 0.032 0.002 0.01 0.048 0.125 0.001 0.001 0.046 0.025 0 0.001 0.12 0.151 0.002 0.169 0.125 0.001 0.103 0.123 0.002 0.286 0.001 0.113 0.144 0.002 0.001 0.004 0.003 0.003 0.154 0.117 0.002 0.002 0.001 1 0.001 0.138 0.001 0.002 0
0.005 0.009 0.01 0.021 0.004 0.002 0.002 0.002 0.024 0 0.002 0.001 0.001 0.001 0.009 0 0.003 0.001 0.001 0.009 0.004 0.007 0.013 0.005 0.028 0.001 0.002 0.002 0 0 0.005 0.028 0.022 0 0.001 0.005 0.001 0.005 0.019 0.001 0.086 0.017 0.005 0 0.002 0.004 0.036 0.01 0.001 0.008 0.005 0.001 0.004 0.005 0.001 0.009 0.007 0.001 0.001 0.001 0.007 0.006 0.001 0 0.001 0.003 0.002 0.006 0.008 0.001 0.001 0.001 0.001 1 0.005 0.001 0.001 0.001
0.001 0 0.002 0.022 0.003 0.001 0.011 0.009 0.028 0.004 0.006 0.002 0.06 0.007 0.002 0.006 0 0.007 0.148 0 0.337 0.029 0.095 0.009 0.047 0.012 0.196 0 0.002 0.002 0.011 0.046 0.072 0.005 0.01 0.018 0.002 0.042 0.101 0.003 0.059 0.174 0.526 0.005 0.025 0.172 0.149 0.035 0.006 0.598 0.548 0.009 0.479 0.567 0.004 0.619 0.776 0.01 0.051 0.089 0.597 0.731 0.013 0.005 0.002 0.339 0.019 0.728 0.628 0.013 0.094 0.006 0.138 0.005 1 0.008 0.01 0.159
0.008 0.01 0.01 0 0.002 0.016 0.017 0.004 0.002 0.001 0.003 0.002 0.002 0.002 0.013 0.011 0.005 0.011 0.002 0.013 0.006 0.005 0 0.002 0 0.002 0.003 0.018 0.013 0.011 0.001 0 0.002 0.001 0.031 0.008 0.02 0.008 0.002 0.001 0.004 0.006 0.007 0.001 0.003 0.019 0.015 0 0.629 0.012 0.007 0.002 0.006 0.009 0.81 0.014 0.01 0.001 0.001 0.002 0.011 0.01 0.002 0.001 0.001 0.005 0.003 0.009 0.012 0.002 0.001 0.001 0.001 0.001 0.008 1 0.081 0.002
0.003 0.002 0.002 0.01 0.001 0 0 0.005 0.005 0.001 0.004 0.002 0.002 0.001 0 0.001 0.006 0.001 0.003 0.001 0.002 0.017 0 0.001 0.005 0.002 0.003 0 0 0 0.01 0.012 0.009 0.001 0 0.002 0 0.003 0.013 0.015 0.001 0.013 0.009 0.009 0.003 0.018 0.005 0.024 0.009 0.014 0.009 0.003 0.008 0.01 0.047 0.017 0.012 0.002 0.001 0.002 0.013 0.012 0.111 0.001 0.001 0.006 0.002 0.011 0.008 0.122 0.002 0.001 0.002 0.001 0.01 0.081 1 0.002
0.006 0.005 0.005 0.018 0.009 0 0 0.004 0.021 0.001 0.004 0.002 0.09 0.001 0.009 0.011 0.006 0.001 0 0.018 0.036 0 0.023 0.01 0.033 0.002 0.001 0.005 0.001 0.001 0.01 0.028 0.027 0.001 0.002 0.003 0.003 0.002 0.033 0.002 0.011 0.011 0.071 0.001 0.003 0.019 0.026 0 0.001 0.044 0.083 0.002 0.139 0.101 0.002 0.106 0.142 0.002 0 0.47 0.131 0.152 0.002 0.001 0.001 0.001 0.003 0.138 0.117 0.002 0.555 0.001 0 0.001 0.159 0.002 0.002 1
