1 0.885 0.883 0.393 0.316 0.196 0.143 0.222 0.258 0.016 0.182 0.083 0.015 0.042 0.533 0.527 0.187 0.043 0.025 0.567 0 0.141 0.105 0.334 0.266 0.002 0.03 0.179 0.063 0.065 0.279 0.199 0.101 0.003 0.06 0.039 0.105 0.027 0.1 0.024 0.029 0.117 0 0 0.099 0.017 0 0.065 0.024 0.034 0.002 0.068 0.002 0 0.028 0.025 0.004 0.028 0.05 0.013 0.021 0.001 0.007 0.008 0.025 0.006 0.012 0.003 0.018 0.011 0.006 0.003 0.032 0.006 0.001 0.024 0 0.003
0.885 1 0.957 0.405 0.336 0.22 0.161 0.249 0.262 0.014 0.204 0.093 0.013 0.047 0.589 0.571 0.201 0.05 0.023 0.61 0 0.134 0.092 0.353 0.284 0.023 0.026 0.202 0.071 0.074 0.304 0.218 0.114 0.003 0.068 0.043 0.12 0.035 0.105 0.021 0.039 0.124 0.001 0.005 0.098 0.023 0 0.066 0.028 0.038 0.001 0.078 0.001 0 0.033 0.03 0.005 0.033 0.057 0.012 0.025 0.001 0.006 0.009 0.03 0.006 0.024 0.003 0.022 0.009 0.004 0.007 0.03 0.009 0.002 0.03 0 0.002
0.883 0.957 1 0.43 0.363 0.222 0.162 0.25 0.282 0.014 0.205 0.094 0.013 0.047 0.616 0.598 0.217 0.05 0.023 0.643 0 0.135 0.092 0.382 0.306 0.023 0.026 0.203 0.072 0.074 0.322 0.232 0.124 0.003 0.068 0.05 0.12 0.035 0.115 0.023 0.038 0.133 0.001 0.005 0.113 0.027 0 0.065 0.029 0.044 0.001 0.078 0.001 0 0.033 0.035 0.008 0.033 0.057 0.012 0.029 0.003 0.006 0.006 0.03 0.005 0.024 0.005 0.026 0.009 0.004 0.007 0.037 0.008 0.004 0.03 0 0.002
0.393 0.405 0.43 1 0.23 0.077 0.052 0.119 0.771 0.029 0.097 0.045 0.027 0.022 0.327 0.342 0.154 0.025 0.047 0.341 0.01 0.303 0.298 0.203 0.675 0.002 0.047 0.067 0.034 0.033 0.164 0.576 0.339 0.021 0.012 0.002 0.033 0.001 0.391 0.048 0.215 0.002 0.01 0.017 0.049 0.006 0.16 0.165 0.002 0 0.026 0.03 0.028 0.014 0.004 0 0.004 0.011 0.025 0.014 0 0.009 0.019 0.019 0.012 0.023 0.034 0.004 0 0.027 0.008 0.015 0.011 0.011 0.007 0.002 0.003 0.008
0.316 0.336 0.363 0.23 1 0.026 0.019 0.421 0.277 0.007 0.366 0.155 0.007 0.005 0.513 0.492 0.579 0.104 0.012 0.522 0.032 0.082 0.137 0.733 0.255 0.012 0.014 0.026 0.008 0.01 0.603 0.199 0.135 0.003 0.01 0.159 0.018 0.122 0.12 0.012 0.013 0.027 0.008 0.01 0.001 0.039 0.036 0.017 0.003 0.006 0.025 0.004 0.025 0.011 0.001 0.007 0.003 0.008 0.003 0.005 0.012 0.013 0.005 0.005 0.007 0.014 0.011 0.01 0.01 0.007 0.005 0.003 0 0.005 0.004 0.001 0.001 0.005
0.196 0.22 0.222 0.077 0.026 1 0.735 0.012 0.114 0.003 0.01 0.005 0.003 0.213 0.219 0.208 0.017 0.004 0.005 0.225 0.014 0.028 0.051 0.025 0.119 0.005 0.006 0.934 0.324 0.351 0.024 0.109 0.066 0 0.326 0.028 0.574 0.026 0.063 0.005 0.001 0.033 0.014 0.004 0.263 0.046 0.015 0.043 0.129 0.038 0.015 0.308 0.014 0.017 0.084 0.033 0.001 0.184 0.004 0.002 0.029 0 0 0.003 0.163 0 0.006 0 0.025 0 0.002 0.002 0 0.002 0.001 0.075 0.006 0.002
0.143 0.161 0.162 0.052 0.019 0.735 1 0.009 0.089 0.002 0.007 0.003 0.002 0.002 0.165 0.157 0.013 0.003 0.004 0.168 0.011 0.022 0.039 0.018 0.091 0.004 0.004 0.694 0.433 0.471 0.018 0.081 0.046 0.002 0.439 0.021 0.772 0.019 0.045 0.004 0.017 0.078 0.01 0.003 0.361 0.031 0.047 0.033 0.11 0.07 0.01 0.419 0.01 0.012 0.072 0.064 0 0.251 0.003 0.001 0.056 0.001 0.004 0.003 0.221 0 0.005 0.001 0.049 0.004 0.001 0.002 0 0.001 0 0.067 0.002 0.001
0.222 0.249 0.25 0.119 0.421 0.012 0.009 1 0.131 0.003 0.819 0.375 0.003 0.003 0.252 0.24 0.608 0.005 0.006 0.263 0.015 0.039 0.065 0.456 0.125 0.006 0.007 0.012 0.004 0.005 0.441 0.117 0.074 0 0.005 0.243 0.008 0.267 0.075 0.006 0.018 0.07 0 0.005 0.008 0.134 0.092 0.021 0.004 0.008 0.018 0.004 0.017 0.001 0.006 0.008 0.004 0.004 0.004 0.003 0.008 0.022 0.002 0.004 0.003 0.011 0.004 0.022 0.009 0.002 0.003 0 0.004 0.002 0.006 0.003 0.007 0.003
0.258 0.262 0.282 0.771 0.277 0.114 0.089 0.131 1 0.026 0.107 0.05 0.024 0.025 0.432 0.439 0.17 0.029 0.035 0.437 0.103 0.269 0.444 0.238 0.786 0.001 0.035 0.106 0.038 0.038 0.2 0.723 0.461 0.024 0.033 0.009 0.06 0.004 0.525 0.043 0.244 0 0.06 0.031 0.057 0.023 0.19 0.208 0.015 0.009 0.099 0.036 0.104 0.069 0.017 0.012 0.033 0.013 0.021 0.012 0.016 0.051 0.017 0.024 0.016 0.028 0.04 0.042 0.016 0.024 0.013 0.017 0.009 0.013 0.035 0.012 0 0.018
0.016 0.014 0.014 0.029 0.007 0.003 0.002 0.003 0.026 1 0.003 0.001 0.001 0.001 0.012 0.009 0.005 0.001 0.001 0.013 0.004 0.005 0.011 0.007 0.023 0.101 0.002 0.003 0.001 0.001 0.007 0.023 0.024 0 0.001 0.004 0.002 0.003 0.018 0.023 0.005 0.016 0.005 0 0.002 0 0.015 0.039 0.001 0.008 0.005 0.002 0.005 0.005 0.001 0.009 0.007 0.001 0.001 0.001 0.008 0.006 0.001 0.267 0.001 0.003 0.002 0.006 0.008 0.002 0.001 0 0.001 0.001 0.006 0.002 0.002 0.001
0.182 0.204 0.205 0.097 0.366 0.01 0.007 0.819 0.107 0.003 1 0.458 0.003 0.002 0.206 0.196 0.52 0.004 0.005 0.215 0.012 0.032 0.053 0.366 0.11 0.005 0.005 0.01 0.003 0.004 0.35 0.091 0.055 0 0.004 0.173 0.007 0.191 0.057 0.005 0.013 0.047 0 0.004 0.007 0.099 0.064 0.019 0.003 0.004 0.014 0.003 0.014 0 0.005 0.004 0.001 0.003 0.003 0.002 0.004 0.018 0.001 0.003 0.003 0.009 0.003 0.018 0.005 0.001 0.002 0 0.004 0.002 0.003 0.002 0.005 0.002
0.083 0.093 0.094 0.045 0.155 0.005 0.003 0.375 0.05 0.001 0.458 1 0.001 0.001 0.095 0.091 0.264 0.002 0.002 0.1 0.006 0.015 0.025 0.152 0.048 0.002 0.002 0.005 0.001 0.002 0.156 0.049 0.027 0 0.002 0.063 0.003 0.068 0.032 0.002 0.003 0.014 0.002 0.002 0.003 0.037 0.024 0.019 0.001 0 0.007 0 0.007 0.001 0.002 0 0 0.002 0.001 0.001 0 0.009 0.002 0.001 0.001 0.004 0.003 0.009 0.001 0.003 0.001 0 0.002 0.001 0 0 0.002 0.001
0.015 0.013 0.013 0.027 0.007 0.003 0.002 0.003 0.024 0.001 0.003 0.001 1 0.001 0.01 0.009 0.005 0.001 0.001 0.007 0.145 0.009 0.031 0.007 0.022 0.001 0.002 0.003 0.001 0.001 0.001 0.018 0.025 0.001 0 0.008 0 0.007 0.028 0.001 0.007 0.036 0.107 0.001 0.001 0.027 0.017 0.004 0.001 0.067 0.111 0.001 0.094 0.059 0.001 0.089 0.077 0 0 0.264 0.05 0.089 0.001 0.001 0 0.002 0.002 0.054 0.057 0.002 0.057 0.001 0.001 0.001 0.062 0.002 0.002 0.153
0.042 0.047 0.047 0.022 0.005 0.213 0.002 0.003 0.025 0.001 0.002 0.001 0.001 1 0.048 0.046 0.004 0.001 0.001 0.05 0.003 0.007 0.012 0.005 0.028 0.001 0.001 0.211 0.001 0.001 0.005 0.028 0.021 0.007 0.001 0.006 0.002 0.006 0.019 0.001 0.09 0.016 0.003 0.001 0.002 0.013 0.023 0.012 0.017 0.006 0.004 0.001 0.004 0.004 0.011 0.007 0.005 0.001 0.001 0.001 0.006 0.004 0.013 0.001 0.001 0.002 0.001 0.004 0.006 0.01 0.001 0 0.001 0 0.004 0.008 0.008 0.001
0.533 0.589 0.616 0.327 0.513 0.219 0.165 0.252 0.432 0.012 0.206 0.095 0.01 0.048 1 0.917 0.336 0.061 0.015 0.866 0.052 0.124 0.21 0.443 0.424 0.021 0.019 0.216 0.073 0.09 0.35 0.358 0.248 0.003 0.077 0.069 0.131 0.052 0.237 0.022 0.007 0.071 0.024 0.019 0.124 0.004 0.011 0.066 0.036 0.003 0.052 0.087 0.052 0.031 0.043 0.001 0.006 0.04 0.013 0.01 0.001 0.015 0.004 0.01 0.044 0.008 0.017 0.012 0 0.007 0.01 0.007 0.003 0.004 0.006 0.039 0.001 0.011
0.527 0.571 0.598 0.342 0.492 0.208 0.157 0.24 0.439 0.009 0.196 0.091 0.009 0.046 0.917 1 0.32 0.058 0.016 0.828 0.053 0.129 0.217 0.449 0.424 0.014 0.02 0.206 0.07 0.086 0.36 0.36 0.249 0.003 0.079 0.074 0.13 0.057 0.244 0.023 0.006 0.071 0.025 0.019 0.121 0.003 0.014 0.068 0.034 0.002 0.054 0.085 0.054 0.032 0.04 0.001 0.007 0.04 0.008 0.011 0 0.017 0.004 0.008 0.044 0.009 0.02 0.014 0 0.007 0.011 0.004 0.003 0.004 0.007 0.036 0.001 0.011
0.187 0.201 0.217 0.154 0.579 0.017 0.013 0.608 0.17 0.005 0.52 0.264 0.005 0.004 0.336 0.32 1 0.006 0.008 0.377 0.022 0.055 0.093 0.468 0.186 0.008 0.009 0.018 0.006 0.007 0.456 0.168 0.11 0.001 0.007 0.248 0.012 0.191 0.108 0.008 0.001 0.064 0.001 0.007 0.001 0.105 0.094 0.011 0.006 0.001 0.018 0.006 0.018 0.002 0.008 0.001 0 0.006 0.005 0.003 0.001 0.006 0.002 0.006 0.005 0.004 0.007 0.004 0.001 0.003 0.003 0.001 0.003 0.003 0 0.006 0.009 0.003
0.043 0.05 0.05 0.025 0.104 0.004 0.003 0.005 0.029 0.001 0.004 0.002 0.001 0.001 0.061 0.058 0.006 1 0.002 0.064 0.005 0.005 0.011 0.126 0.033 0.002 0.002 0.004 0.001 0.002 0.129 0.033 0.023 0.001 0.002 0.008 0.003 0.007 0.021 0.002 0.009 0.006 0 0.002 0.001 0.009 0.015 0.002 0.002 0 0.001 0.001 0 0.001 0.001 0 0.002 0.001 0.001 0.006 0.003 0.001 0.002 0.001 0.001 0.003 0.002 0.001 0.003 0.002 0.006 0.001 0.001 0.001 0.001 0 0.002 0.006
0.025 0.023 0.023 0.047 0.012 0.005 0.004 0.006 0.035 0.001 0.005 0.002 0.001 0.001 0.015 0.016 0.008 0.002 1 0.021 0.351 0.016 0.085 0.011 0.038 0.002 0.845 0.005 0.002 0.002 0.011 0.03 0.035 0.001 0.002 0.013 0.003 0.012 0.047 0.002 0.007 0.053 0.267 0.002 0.003 0.025 0.023 0.023 0.002 0.154 0.253 0.003 0.253 0.229 0.002 0.138 0.184 0.002 0.002 0.001 0.13 0.156 0.002 0.002 0.001 0.454 0.003 0.146 0.155 0.003 0.001 0.001 0.002 0.002 0.198 0.002 0.002 0.001
0.567 0.61 0.643 0.341 0.522 0.225 0.168 0.263 0.437 0.013 0.215 0.1 0.007 0.05 0.866 0.828 0.377 0.064 0.021 1 0.052 0.136 0.224 0.503 0.475 0.021 0.023 0.215 0.076 0.079 0.406 0.381 0.238 0.002 0.072 0.059 0.127 0.043 0.226 0.019 0.007 0.063 0.022 0.019 0.12 0.003 0.008 0.065 0.038 0.004 0.047 0.083 0.05 0.026 0.046 0.002 0.004 0.035 0.015 0.011 0.001 0.013 0.003 0.011 0.038 0.004 0.022 0.011 0 0.006 0.011 0.006 0.005 0.008 0.005 0.041 0.001 0.011
0 0 0 0.01 0.032 0.014 0.011 0.015 0.103 0.004 0.012 0.006 0.145 0.003 0.052 0.053 0.022 0.005 0.351 0.052 1 0.044 0.24 0.032 0.087 0.007 0.39 0.014 0.004 0.006 0.024 0.09 0.117 0.003 0.002 0.037 0.005 0.034 0.138 0.007 0.027 0.139 0.651 0 0.005 0.123 0.059 0.019 0.005 0.413 0.67 0.004 0.627 0.541 0.006 0.371 0.457 0.001 0.184 0.025 0.352 0.455 0.007 0.005 0.001 0.309 0.008 0.424 0.399 0.008 0.029 0.003 0.102 0 0.417 0.007 0.006 0.076
0.141 0.134 0.135 0.303 0.082 0.028 0.022 0.039 0.269 0.005 0.032 0.015 0.009 0.007 0.124 0.129 0.055 0.005 0.016 0.136 0.044 1 0.514 0.078 0.245 0.016 0.016 0.035 0.011 0.014 0.056 0.224 0.041 0.008 0.014 0.035 0.024 0.036 0.054 0.095 0.072 0.007 0.04 0.04 0.023 0.001 0.005 0.105 0.001 0.053 0.021 0.012 0.015 0.02 0 0.049 0.034 0.005 0.011 0 0.039 0.024 0.038 0 0.01 0.018 0.007 0.024 0.044 0.062 0 0.004 0.006 0.006 0.027 0 0.005 0
0.105 0.092 0.092 0.298 0.137 0.051 0.039 0.065 0.444 0.011 0.053 0.025 0.031 0.012 0.21 0.217 0.093 0.011 0.085 0.224 0.24 0.514 1 0.132 0.395 0.027 0.098 0.059 0.019 0.023 0.096 0.382 0.16 0.014 0.017 0.002 0.033 0.003 0.198 0.028 0.123 0.041 0.147 0.037 0.032 0.051 0.049 0.032 0.004 0.061 0.195 0.018 0.196 0.152 0.003 0.053 0.097 0.008 0.04 0.013 0.058 0.112 0.004 0.001 0.011 0.074 0.018 0.103 0.063 0.013 0.014 0.009 0.023 0.005 0.095 0.001 0 0.036
0.334 0.353 0.382 0.203 0.733 0.025 0.018 0.456 0.238 0.007 0.366 0.152 0.007 0.005 0.443 0.449 0.468 0.126 0.011 0.503 0.032 0.078 0.132 1 0.266 0.011 0.013 0.025 0.008 0.01 0.828 0.197 0.126 0.006 0.01 0.213 0.017 0.17 0.12 0.011 0.049 0.045 0.008 0.01 0.001 0.068 0.026 0.042 0.001 0.005 0.031 0.004 0.031 0.011 0.002 0.007 0.003 0.008 0.008 0.007 0.008 0.017 0.006 0.005 0.004 0.007 0.01 0.013 0.01 0.008 0.008 0.006 0.005 0.004 0.003 0.001 0 0.008
0.266 0.284 0.306 0.675 0.255 0.119 0.091 0.125 0.786 0.023 0.11 0.048 0.022 0.028 0.424 0.424 0.186 0.033 0.038 0.475 0.087 0.245 0.395 0.266 1 0.039 0.045 0.117 0.042 0.042 0.226 0.782 0.523 0.022 0.037 0.009 0.067 0.005 0.487 0.039 0.182 0 0.069 0.004 0.063 0.012 0.179 0.159 0.013 0.01 0.111 0.041 0.11 0.076 0.013 0.014 0.039 0.015 0.027 0.014 0.014 0.056 0.015 0.022 0.018 0.027 0.007 0.05 0.019 0.021 0.014 0.016 0.016 0.015 0.042 0.007 0 0.021
0.002 0.023 0.023 0.002 0.012 0.005 0.004 0.006 0.001 0.101 0.005 0.002 0.001 0.001 0.021 0.014 0.008 0.002 0.002 0.021 0.007 0.016 0.027 0.011 0.039 1 0.003 0.005 0.002 0.002 0.011 0.038 0.051 0.001 0.002 0.013 0.003 0.012 0.001 0.002 0.016 0.016 0.008 0.011 0.003 0.003 0 0 0.002 0.007 0.003 0.003 0.002 0.003 0.002 0.008 0.005 0.002 0.002 0.002 0.006 0.004 0.002 0.075 0.001 0 0.063 0.004 0.007 0.003 0.002 0.001 0.002 0.001 0.004 0.003 0.003 0.002
0.03 0.026 0.026 0.047 0.014 0.006 0.004 0.007 0.035 0.002 0.005 0.002 0.002 0.001 0.019 0.02 0.009 0.002 0.845 0.023 0.39 0.016 0.098 0.013 0.045 0.003 1 0.006 0.002 0.002 0.013 0.036 0.043 0.001 0.002 0.015 0.004 0.014 0.056 0.003 0.009 0.06 0.305 0.002 0.004 0.029 0.028 0.025 0.002 0.176 0.292 0.003 0.268 0.262 0.003 0.16 0.213 0.002 0.002 0 0.135 0.171 0.003 0.002 0.002 0.522 0.003 0.171 0.179 0.003 0.001 0.001 0.002 0.001 0.231 0.003 0.003 0.001
0.179 0.202 0.203 0.067 0.026 0.934 0.694 0.012 0.106 0.003 0.01 0.005 0.003 0.211 0.216 0.206 0.018 0.004 0.005 0.215 0.014 0.035 0.059 0.025 0.117 0.005 0.006 1 0.323 0.35 0.024 0.118 0.075 0 0.355 0.029 0.638 0.022 0.073 0.005 0.001 0.04 0.015 0.004 0.309 0.042 0.015 0.051 0.128 0.048 0.015 0.361 0.015 0.017 0.083 0.04 0.001 0.238 0.004 0.003 0.036 0 0 0.004 0.216 0 0.006 0 0.031 0 0.003 0.002 0 0.002 0.002 0.074 0.006 0.003
0.063 0.071 0.072 0.034 0.008 0.324 0.433 0.004 0.038 0.001 0.003 0.001 0.001 0.001 0.073 0.07 0.006 0.001 0.002 0.076 0.004 0.011 0.019 0.008 0.042 0.002 0.002 0.323 1 0.811 0.008 0.029 0.02 0.001 0.076 0.009 0.377 0.008 0.018 0.002 0.008 0.031 0.005 0.001 0.191 0.017 0.021 0.015 0.004 0.037 0.005 0.221 0.005 0.006 0.002 0.033 0.003 0.246 0.001 0.001 0.03 0.002 0.002 0.001 0.288 0.003 0.002 0.002 0.025 0.002 0.001 0.001 0.001 0.001 0.002 0.003 0.002 0.001
0.065 0.074 0.074 0.033 0.01 0.351 0.471 0.005 0.038 0.001 0.004 0.002 0.001 0.001 0.09 0.086 0.007 0.002 0.002 0.079 0.006 0.014 0.023 0.01 0.042 0.002 0.002 0.35 0.811 1 0.01 0.03 0.028 0.001 0.139 0.006 0.422 0.005 0.025 0.002 0.01 0.041 0.007 0.002 0.242 0.021 0.019 0.019 0.003 0.048 0.007 0.28 0.007 0.008 0.001 0.042 0 0.196 0.001 0.001 0.04 0 0.002 0.001 0.231 0.001 0.003 0 0.035 0.002 0.001 0.001 0 0.001 0 0.002 0.002 0.001
0.279 0.304 0.322 0.164 0.603 0.024 0.018 0.441 0.2 0.007 0.35 0.156 0.001 0.005 0.35 0.36 0.456 0.129 0.011 0.406 0.024 0.056 0.096 0.828 0.226 0.011 0.013 0.024 0.008 0.01 1 0.246 0.17 0.006 0.01 0.275 0.017 0.227 0.163 0.011 0.048 0.076 0.004 0.01 0.002 0.098 0.045 0.058 0.002 0.003 0.024 0.004 0.024 0.007 0.005 0.004 0.001 0.008 0.008 0.007 0.008 0.012 0.011 0.008 0.004 0.003 0.01 0.012 0.006 0.013 0.008 0.006 0.005 0.004 0.003 0.007 0.013 0.008
0.199 0.218 0.232 0.576 0.199 0.109 0.081 0.117 0.723 0.023 0.091 0.049 0.018 0.028 0.358 0.36 0.168 0.033 0.03 0.381 0.09 0.224 0.382 0.197 0.782 0.038 0.036 0.118 0.029 0.03 0.246 1 0.697 0.022 0.054 0.033 0.092 0.027 0.656 0.038 0.203 0.008 0.074 0.027 0.087 0.007 0.224 0.219 0.014 0.007 0.118 0.061 0.117 0.081 0.002 0.009 0.041 0.033 0.026 0.013 0.01 0.058 0.02 0.026 0.038 0.032 0.008 0.052 0.014 0.027 0.014 0.016 0.016 0.023 0.044 0 0.003 0.019
0.101 0.114 0.124 0.339 0.135 0.066 0.046 0.074 0.461 0.024 0.055 0.027 0.025 0.021 0.248 0.249 0.11 0.023 0.035 0.238 0.117 0.041 0.16 0.126 0.523 0.051 0.043 0.075 0.02 0.028 0.17 0.697 1 0.016 0.032 0.238 0.06 0.235 0.888 0.051 0.13 0.062 0.114 0.001 0.064 0.001 0.387 0.223 0.004 0.028 0.155 0.056 0.139 0.113 0 0.03 0.071 0.023 0.036 0.011 0.027 0.081 0.029 0.035 0.025 0.043 0.003 0.074 0.035 0.038 0.012 0.011 0.026 0.017 0.072 0.001 0.003 0.018
0.003 0.003 0.003 0.021 0.003 0 0.002 0 0.024 0 0 0 0.001 0.007 0.003 0.003 0.001 0.001 0.001 0.002 0.003 0.008 0.014 0.006 0.022 0.001 0.001 0 0.001 0.001 0.006 0.022 0.016 1 0.001 0.007 0.002 0.006 0.022 0.001 0.104 0.018 0.004 0.001 0.002 0.014 0.04 0.014 0 0.007 0.004 0.001 0.004 0.005 0.001 0.007 0.006 0.001 0.001 0.001 0.006 0.005 0.001 0.001 0.001 0.002 0.001 0.005 0.007 0.001 0.001 0.577 0.001 0 0.005 0.001 0.001 0.001
0.06 0.068 0.068 0.012 0.01 0.326 0.439 0.005 0.033 0.001 0.004 0.002 0 0.001 0.077 0.079 0.007 0.002 0.002 0.072 0.002 0.014 0.017 0.01 0.037 0.002 0.002 0.355 0.076 0.139 0.01 0.054 0.032 0.001 1 0.012 0.573 0.011 0.036 0.002 0.01 0.055 0.007 0.002 0.17 0.017 0.027 0.022 0.217 0.029 0.007 0.198 0.007 0.008 0.151 0.025 0 0.122 0.001 0.001 0.03 0.001 0.002 0.001 0.132 0.005 0.003 0.001 0.028 0.002 0.001 0.001 0.002 0.001 0.001 0.126 0.008 0.001
0.039 0.043 0.05 0.002 0.159 0.028 0.021 0.243 0.009 0.004 0.173 0.063 0.008 0.006 0.069 0.074 0.248 0.008 0.013 0.059 0.037 0.035 0.002 0.213 0.009 0.013 0.015 0.029 0.009 0.006 0.275 0.033 0.238 0.007 0.012 1 0.02 0.893 0.216 0.013 0.066 0.306 0.043 0.031 0 0.258 0.258 0.026 0.009 0.039 0.044 0.009 0.034 0.04 0.013 0.038 0.023 0.009 0.009 0.002 0.029 0.021 0.012 0.009 0.008 0.016 0.013 0.017 0.032 0.006 0.003 0.007 0.007 0.005 0.017 0.015 0.002 0.002
0.105 0.12 0.12 0.033 0.018 0.574 0.772 0.008 0.06 0.002 0.007 0.003 0 0.002 0.131 0.13 0.012 0.003 0.003 0.127 0.005 0.024 0.033 0.017 0.067 0.003 0.004 0.638 0.377 0.422 0.017 0.092 0.06 0.002 0.573 0.02 1 0.014 0.062 0.003 0.017 0.095 0.011 0.003 0.421 0.025 0.046 0.038 0.121 0.084 0.012 0.487 0.011 0.013 0.08 0.073 0 0.313 0.002 0.002 0.067 0 0.003 0.002 0.35 0.001 0.004 0 0.059 0.004 0.002 0.002 0 0.001 0 0.067 0.002 0.002
0.027 0.035 0.035 0.001 0.122 0.026 0.019 0.267 0.004 0.003 0.191 0.068 0.007 0.006 0.052 0.057 0.191 0.007 0.012 0.043 0.034 0.036 0.003 0.17 0.005 0.012 0.014 0.022 0.008 0.005 0.227 0.027 0.235 0.006 0.011 0.893 0.014 1 0.214 0.012 0.06 0.297 0.039 0.035 0.013 0.235 0.303 0.025 0.008 0.062 0.04 0.005 0.031 0.036 0.012 0.06 0.047 0.005 0.008 0.002 0.049 0.04 0.011 0.008 0.004 0.022 0.012 0.04 0.052 0.013 0.002 0.006 0.01 0.005 0.04 0.014 0.006 0.002
0.1 0.105 0.115 0.391 0.12 0.063 0.045 0.075 0.525 0.018 0.057 0.032 0.028 0.019 0.237 0.244 0.108 0.021 0.047 0.226 0.138 0.054 0.198 0.12 0.487 0.001 0.056 0.073 0.018 0.025 0.163 0.656 0.888 0.022 0.036 0.216 0.062 0.214 1 0.056 0.202 0.044 0.126 0.001 0.058 0 0.442 0.257 0.007 0.037 0.181 0.051 0.164 0.122 0 0.036 0.079 0.021 0.039 0.011 0.033 0.098 0.032 0.033 0.023 0.056 0.028 0.09 0.041 0.043 0.011 0.015 0.03 0.016 0.083 0.001 0.005 0.022
0.024 0.021 0.023 0.048 0.012 0.005 0.004 0.006 0.043 0.023 0.005 0.002 0.001 0.001 0.022 0.023 0.008 0.002 0.002 0.019 0.007 0.095 0.028 0.011 0.039 0.002 0.003 0.005 0.002 0.002 0.011 0.038 0.051 0.001 0.002 0.013 0.003 0.012 0.056 1 0.01 0.035 0.007 0.002 0.003 0.022 0.018 0.054 0.002 0.01 0.005 0.003 0.005 0.004 0.002 0.012 0.011 0.001 0.002 0.002 0.01 0.007 0.22 0.001 0.001 0.004 0.001 0.007 0.013 0.278 0.002 0.001 0.002 0.001 0.007 0.003 0.001 0.002
0.029 0.039 0.038 0.215 0.013 0.001 0.017 0.018 0.244 0.005 0.013 0.003 0.007 0.09 0.007 0.006 0.001 0.009 0.007 0.007 0.027 0.072 0.123 0.049 0.182 0.016 0.009 0.001 0.008 0.01 0.048 0.203 0.13 0.104 0.01 0.066 0.017 0.06 0.202 0.01 1 0.17 0.028 0.006 0.016 0.113 0.285 0.061 0.001 0.054 0.036 0.014 0.036 0.034 0.003 0.061 0.044 0.007 0.008 0.005 0.051 0.045 0.001 0.008 0.007 0.022 0.167 0.044 0.054 0.002 0.006 0.084 0.009 0.076 0.038 0.005 0 0.006
0.117 0.124 0.133 0.002 0.027 0.033 0.078 0.07 0 0.016 0.047 0.014 0.036 0.016 0.071 0.071 0.064 0.006 0.053 0.063 0.139 0.007 0.041 0.045 0 0.016 0.06 0.04 0.031 0.041 0.076 0.008 0.062 0.018 0.055 0.306 0.095 0.297 0.044 0.035 0.17 1 0.15 0.019 0.091 0.329 0.008 0.085 0.002 0.242 0.155 0.058 0.14 0.102 0 0.21 0.139 0.035 0.045 0.011 0.177 0.151 0.034 0.007 0.034 0.081 0.035 0.149 0.192 0.041 0.006 0.018 0.039 0.014 0.136 0.002 0.014 0.021
0 0.001 0.001 0.01 0.008 0.014 0.01 0 0.06 0.005 0 0.002 0.107 0.003 0.024 0.025 0.001 0 0.267 0.022 0.651 0.04 0.147 0.008 0.069 0.008 0.305 0.015 0.005 0.007 0.004 0.074 0.114 0.004 0.007 0.043 0.011 0.039 0.126 0.007 0.028 0.15 1 0.007 0.011 0.167 0.1 0.032 0.005 0.569 0.791 0.006 0.742 0.805 0.007 0.528 0.674 0.005 0.181 0.063 0.474 0.56 0.008 0.005 0.003 0.303 0.009 0.517 0.539 0.009 0.074 0.004 0.128 0.003 0.613 0.009 0.009 0.137
0 0.005 0.005 0.017 0.01 0.004 0.003 0.005 0.031 0 0.004 0.002 0.001 0.001 0.019 0.019 0.007 0.002 0.002 0.019 0 0.04 0.037 0.01 0.004 0.011 0.002 0.004 0.001 0.002 0.01 0.027 0.001 0.001 0.002 0.031 0.003 0.035 0.001 0.002 0.006 0.019 0.007 1 0.003 0.007 0.013 0.056 0.001 0.011 0.007 0.002 0.007 0.008 0.002 0.013 0.01 0.001 0.001 0.001 0.01 0.008 0.001 0.001 0.001 0.004 0.003 0.008 0.011 0.002 0.001 0.001 0.002 0.001 0.008 0.002 0.001 0.001
0.099 0.098 0.113 0.049 0.001 0.263 0.361 0.008 0.057 0.002 0.007 0.003 0.001 0.002 0.124 0.121 0.001 0.001 0.003 0.12 0.005 0.023 0.032 0.001 0.063 0.003 0.004 0.309 0.191 0.242 0.002 0.087 0.064 0.002 0.17 0 0.421 0.013 0.058 0.003 0.016 0.091 0.011 0.003 1 0.002 0.043 0.037 0.002 0.252 0.011 0.721 0.011 0.012 0.003 0.227 0.02 0.426 0.002 0.002 0.186 0.02 0.003 0.002 0.372 0.006 0.004 0.027 0.169 0.004 0.002 0.002 0.001 0.001 0.019 0.003 0.004 0.002
0.017 0.023 0.027 0.006 0.039 0.046 0.031 0.134 0.023 0 0.099 0.037 0.027 0.013 0.004 0.003 0.105 0.009 0.025 0.003 0.123 0.001 0.051 0.068 0.012 0.003 0.029 0.042 0.017 0.021 0.098 0.007 0.001 0.014 0.017 0.258 0.025 0.235 0 0.022 0.113 0.329 0.167 0.007 0.002 1 0.024 0.036 0.019 0.118 0.169 0.019 0.165 0.157 0.027 0.098 0.157 0.009 0.036 0.01 0.116 0.162 0.017 0 0.007 0.056 0.034 0.127 0.107 0.024 0.012 0.014 0.028 0.007 0.149 0.031 0.018 0.036
0 0 0 0.16 0.036 0.015 0.047 0.092 0.19 0.015 0.064 0.024 0.017 0.023 0.011 0.014 0.094 0.015 0.023 0.008 0.059 0.005 0.049 0.026 0.179 0 0.028 0.015 0.021 0.019 0.045 0.224 0.387 0.04 0.027 0.258 0.046 0.303 0.442 0.018 0.285 0.008 0.1 0.013 0.043 0.024 1 0.102 0.009 0.171 0.101 0.038 0.1 0.116 0.017 0.19 0.143 0.022 0.021 0.02 0.163 0.126 0.016 0.021 0.019 0.057 0.094 0.125 0.17 0.022 0.021 0.03 0.024 0.029 0.126 0.022 0.003 0.021
0.065 0.066 0.065 0.165 0.017 0.043 0.033 0.021 0.208 0.039 0.019 0.019 0.004 0.012 0.066 0.068 0.011 0.002 0.023 0.065 0.019 0.105 0.032 0.042 0.159 0 0.025 0.051 0.015 0.019 0.058 0.219 0.223 0.014 0.022 0.026 0.038 0.025 0.257 0.054 0.061 0.085 0.032 0.056 0.037 0.036 0.102 1 0.018 0.079 0.03 0.032 0.03 0.038 0.002 0.067 0.047 0.011 0 0 0.062 0.035 0.045 0.052 0.016 0.033 0.028 0.035 0.066 0.061 0.001 0.009 0.002 0.01 0.046 0 0.014 0.004
0.024 0.028 0.029 0.002 0.003 0.129 0.11 0.004 0.015 0.001 0.003 0.001 0.001 0.017 0.036 0.034 0.006 0.002 0.002 0.038 0.005 0.001 0.004 0.001 0.013 0.002 0.002 0.128 0.004 0.003 0.002 0.014 0.004 0 0.217 0.009 0.121 0.008 0.007 0.002 0.001 0.002 0.005 0.001 0.002 0.019 0.009 0.018 1 0.009 0.005 0.002 0.005 0.006 0.72 0.01 0.008 0.001 0.001 0.001 0.009 0.007 0.002 0.001 0.001 0.003 0.002 0.007 0.009 0.002 0.001 0 0.001 0.001 0.007 0.603 0.044 0.001
0.034 0.038 0.044 0 0.006 0.038 0.07 0.008 0.009 0.008 0.004 0 0.067 0.006 0.003 0.002 0.001 0 0.154 0.004 0.413 0.053 0.061 0.005 0.01 0.007 0.176 0.048 0.037 0.048 0.003 0.007 0.028 0.007 0.029 0.039 0.084 0.062 0.037 0.01 0.054 0.242 0.569 0.011 0.252 0.118 0.171 0.079 0.009 1 0.59 0.189 0.553 0.578 0.013 0.902 0.692 0.104 0.125 0.032 0.801 0.608 0.013 0.009 0.097 0.319 0.016 0.603 0.837 0.015 0.039 0.007 0.142 0.005 0.63 0.014 0.015 0.08
0.002 0.001 0.001 0.026 0.025 0.015 0.01 0.018 0.099 0.005 0.014 0.007 0.111 0.004 0.052 0.054 0.018 0.001 0.253 0.047 0.67 0.021 0.195 0.031 0.111 0.003 0.292 0.015 0.005 0.007 0.024 0.118 0.155 0.004 0.007 0.044 0.012 0.04 0.181 0.005 0.036 0.155 0.791 0.007 0.011 0.169 0.101 0.03 0.005 0.59 1 0.009 0.927 0.812 0.008 0.532 0.671 0.006 0.211 0.063 0.501 0.698 0.008 0.005 0.003 0.38 0.01 0.664 0.557 0.009 0.075 0.004 0.187 0.003 0.64 0.009 0.009 0.14
0.068 0.078 0.078 0.03 0.004 0.308 0.419 0.004 0.036 0.002 0.003 0 0.001 0.001 0.087 0.085 0.006 0.001 0.003 0.083 0.004 0.012 0.018 0.004 0.041 0.003 0.003 0.361 0.221 0.28 0.004 0.061 0.056 0.001 0.198 0.009 0.487 0.005 0.051 0.003 0.014 0.058 0.006 0.002 0.721 0.019 0.038 0.032 0.002 0.189 0.009 1 0.003 0.002 0.003 0.198 0.007 0.489 0.002 0.001 0.154 0.006 0.003 0.002 0.426 0.002 0.004 0.006 0.141 0.003 0.001 0.001 0 0.001 0.003 0.003 0.003 0.001
0.002 0.001 0.001 0.028 0.025 0.014 0.01 0.017 0.104 0.005 0.014 0.007 0.094 0.004 0.052 0.054 0.018 0 0.253 0.05 0.627 0.015 0.196 0.031 0.11 0.002 0.268 0.015 0.005 0.007 0.024 0.117 0.139 0.004 0.007 0.034 0.011 0.031 0.164 0.005 0.036 0.14 0.742 0.007 0.011 0.165 0.1 0.03 0.005 0.553 0.927 0.003 1 0.808 0.007 0.53 0.668 0.005 0.213 0.094 0.525 0.718 0.008 0.005 0.003 0.339 0.009 0.66 0.554 0.009 0.108 0.004 0.189 0.003 0.636 0.009 0.009 0.185
0 0 0 0.014 0.011 0.017 0.012 0.001 0.069 0.005 0 0.001 0.059 0.004 0.031 0.032 0.002 0.001 0.229 0.026 0.541 0.02 0.152 0.011 0.076 0.003 0.262 0.017 0.006 0.008 0.007 0.081 0.113 0.005 0.008 0.04 0.013 0.036 0.122 0.004 0.034 0.102 0.805 0.008 0.012 0.157 0.116 0.038 0.006 0.578 0.812 0.002 0.808 1 0.009 0.602 0.758 0.006 0.184 0.114 0.555 0.647 0.006 0.006 0.004 0.34 0.011 0.616 0.609 0.008 0.088 0.004 0.163 0.003 0.65 0.01 0.01 0.159
0.028 0.033 0.033 0.004 0.001 0.084 0.072 0.006 0.017 0.001 0.005 0.002 0.001 0.011 0.043 0.04 0.008 0.001 0.002 0.046 0.006 0 0.003 0.002 0.013 0.002 0.003 0.083 0.002 0.001 0.005 0.002 0 0.001 0.151 0.013 0.08 0.012 0 0.002 0.003 0 0.007 0.002 0.003 0.027 0.017 0.002 0.72 0.013 0.008 0.003 0.007 0.009 1 0.014 0.011 0.002 0.002 0.001 0.012 0.009 0.002 0.002 0.001 0.004 0.003 0.009 0.013 0.003 0.002 0.001 0.002 0.001 0.009 0.819 0.129 0.002
0.025 0.03 0.035 0 0.007 0.033 0.064 0.008 0.012 0.009 0.004 0 0.089 0.007 0.001 0.001 0.001 0 0.138 0.002 0.371 0.049 0.053 0.007 0.014 0.008 0.16 0.04 0.033 0.042 0.004 0.009 0.03 0.007 0.025 0.038 0.073 0.06 0.036 0.012 0.061 0.21 0.528 0.013 0.227 0.098 0.19 0.067 0.01 0.902 0.532 0.198 0.53 0.602 0.014 1 0.756 0.093 0.113 0.105 0.858 0.662 0.014 0.01 0.087 0.29 0.018 0.657 0.891 0.017 0.11 0.007 0.128 0.006 0.663 0.016 0.017 0.109
0.004 0.005 0.008 0.004 0.003 0.001 0 0.004 0.033 0.007 0.001 0 0.077 0.005 0.006 0.007 0 0.002 0.184 0.004 0.457 0.034 0.097 0.003 0.039 0.005 0.213 0.001 0.003 0 0.001 0.041 0.071 0.006 0 0.023 0 0.047 0.079 0.011 0.044 0.139 0.674 0.01 0.02 0.157 0.143 0.047 0.008 0.692 0.671 0.007 0.668 0.758 0.011 0.756 1 0.008 0.131 0.102 0.723 0.843 0.011 0.008 0.005 0.366 0.014 0.836 0.782 0.013 0.145 0.005 0.151 0.004 0.861 0.012 0.013 0.144
0.028 0.033 0.033 0.011 0.008 0.184 0.251 0.004 0.013 0.001 0.003 0.002 0 0.001 0.04 0.04 0.006 0.001 0.002 0.035 0.001 0.005 0.008 0.008 0.015 0.002 0.002 0.238 0.246 0.196 0.008 0.033 0.023 0.001 0.122 0.009 0.313 0.005 0.021 0.001 0.007 0.035 0.005 0.001 0.426 0.009 0.022 0.011 0.001 0.104 0.006 0.489 0.005 0.006 0.002 0.093 0.008 1 0.001 0.001 0.109 0.007 0.001 0.001 0.737 0.003 0.002 0.007 0.099 0.001 0.001 0.001 0.001 0.001 0.007 0.001 0.002 0.001
0.05 0.057 0.057 0.025 0.003 0.004 0.003 0.004 0.021 0.001 0.003 0.001 0 0.001 0.013 0.008 0.005 0.001 0.002 0.015 0.184 0.011 0.04 0.008 0.027 0.002 0.002 0.004 0.001 0.001 0.008 0.026 0.036 0.001 0.001 0.009 0.002 0.008 0.039 0.002 0.008 0.045 0.181 0.001 0.002 0.036 0.021 0 0.001 0.125 0.211 0.002 0.213 0.184 0.002 0.113 0.131 0.001 1 0.001 0.109 0.158 0.002 0.001 0.001 0.006 0.002 0.171 0.118 0.002 0.001 0.001 0.418 0.001 0.092 0.002 0.002 0.001
0.013 0.012 0.012 0.014 0.005 0.002 0.001 0.003 0.012 0.001 0.002 0.001 0.264 0.001 0.01 0.011 0.003 0.006 0.001 0.011 0.025 0 0.013 0.007 0.014 0.002 0 0.003 0.001 0.001 0.007 0.013 0.011 0.001 0.001 0.002 0.002 0.002 0.011 0.002 0.005 0.011 0.063 0.001 0.002 0.01 0.02 0 0.001 0.032 0.063 0.001 0.094 0.114 0.001 0.105 0.102 0.001 0.001 1 0.089 0.117 0.002 0.001 0.001 0.003 0.002 0.105 0.073 0.002 0.318 0.001 0.001 0.001 0.082 0.002 0.002 0.546
0.021 0.025 0.029 0 0.012 0.029 0.056 0.008 0.016 0.008 0.004 0 0.05 0.006 0.001 0 0.001 0.003 0.13 0.001 0.352 0.039 0.058 0.008 0.014 0.006 0.135 0.036 0.03 0.04 0.008 0.01 0.027 0.006 0.03 0.029 0.067 0.049 0.033 0.01 0.051 0.177 0.474 0.01 0.186 0.116 0.163 0.062 0.009 0.801 0.501 0.154 0.525 0.555 0.012 0.858 0.723 0.109 0.109 0.089 1 0.662 0.012 0.009 0.102 0.253 0.015 0.674 0.906 0.015 0.128 0.006 0.126 0.005 0.674 0.014 0.014 0.127
0.001 0.001 0.003 0.009 0.013 0 0.001 0.022 0.051 0.006 0.018 0.009 0.089 0.004 0.015 0.017 0.006 0.001 0.156 0.013 0.455 0.024 0.112 0.017 0.056 0.004 0.171 0 0.002 0 0.012 0.058 0.081 0.005 0.001 0.021 0 0.04 0.098 0.007 0.045 0.151 0.56 0.008 0.02 0.162 0.126 0.035 0.007 0.608 0.698 0.006 0.718 0.647 0.009 0.662 0.843 0.007 0.158 0.117 0.662 1 0.009 0.007 0.004 0.333 0.012 0.856 0.692 0.011 0.166 0.005 0.181 0.004 0.769 0.011 0.011 0.164
0.007 0.006 0.006 0.019 0.005 0 0.004 0.002 0.017 0.001 0.001 0.002 0.001 0.013 0.004 0.004 0.002 0.002 0.002 0.003 0.007 0.038 0.004 0.006 0.015 0.002 0.003 0 0.002 0.002 0.011 0.02 0.029 0.001 0.002 0.012 0.003 0.011 0.032 0.22 0.001 0.034 0.008 0.001 0.003 0.017 0.016 0.045 0.002 0.013 0.008 0.003 0.008 0.006 0.002 0.014 0.011 0.001 0.002 0.002 0.012 0.009 1 0.002 0.001 0.004 0.003 0.009 0.013 0.816 0.002 0.001 0.002 0.001 0.009 0.003 0.018 0.002
0.008 0.009 0.006 0.019 0.005 0.003 0.003 0.004 0.024 0.267 0.003 0.001 0.001 0.001 0.01 0.008 0.006 0.001 0.002 0.011 0.005 0 0.001 0.005 0.022 0.075 0.002 0.004 0.001 0.001 0.008 0.026 0.035 0.001 0.001 0.009 0.002 0.008 0.033 0.001 0.008 0.007 0.005 0.001 0.002 0 0.021 0.052 0.001 0.009 0.005 0.002 0.005 0.006 0.002 0.01 0.008 0.001 0.001 0.001 0.009 0.007 0.002 1 0.001 0.003 0.002 0.007 0.009 0.002 0.001 0.001 0.001 0.001 0.007 0.002 0.002 0.001
0.025 0.03 0.03 0.012 0.007 0.163 0.221 0.003 0.016 0.001 0.003 0.001 0 0.001 0.044 0.044 0.005 0.001 0.001 0.038 0.001 0.01 0.011 0.004 0.018 0.001 0.002 0.216 0.288 0.231 0.004 0.038 0.025 0.001 0.132 0.008 0.35 0.004 0.023 0.001 0.007 0.034 0.003 0.001 0.372 0.007 0.019 0.016 0.001 0.097 0.003 0.426 0.003 0.004 0.001 0.087 0.005 0.737 0.001 0.001 0.102 0.004 0.001 0.001 1 0.001 0.002 0.004 0.092 0.002 0.001 0.001 0 0.001 0.004 0.001 0.002 0.001
0.006 0.006 0.005 0.023 0.014 0 0 0.011 0.028 0.003 0.009 0.004 0.002 0.002 0.008 0.009 0.004 0.003 0.454 0.004 0.309 0.018 0.074 0.007 0.027 0 0.522 0 0.003 0.001 0.003 0.032 0.043 0.002 0.005 0.016 0.001 0.022 0.056 0.004 0.022 0.081 0.303 0.004 0.006 0.056 0.057 0.033 0.003 0.319 0.38 0.002 0.339 0.34 0.004 0.29 0.366 0.003 0.006 0.003 0.253 0.333 0.004 0.003 0.001 1 0.005 0.327 0.321 0.005 0.003 0.002 0.001 0.002 0.357 0.005 0.005 0.002
0.012 0.024 0.024 0.034 0.011 0.006 0.005 0.004 0.04 0.002 0.003 0.003 0.002 0.001 0.017 0.02 0.007 0.002 0.003 0.022 0.008 0.007 0.018 0.01 0.007 0.063 0.003 0.006 0.002 0.003 0.01 0.008 0.003 0.001 0.003 0.013 0.004 0.012 0.028 0.001 0.167 0.035 0.009 0.003 0.004 0.034 0.094 0.028 0.002 0.016 0.01 0.004 0.009 0.011 0.003 0.018 0.014 0.002 0.002 0.002 0.015 0.012 0.003 0.002 0.002 0.005 1 0.012 0.016 0.003 0.002 0.001 0.002 0.001 0.012 0.003 0.002 0.002
0.003 0.003 0.005 0.004 0.01 0 0.001 0.022 0.042 0.006 0.018 0.009 0.054 0.004 0.012 0.014 0.004 0.001 0.146 0.011 0.424 0.024 0.103 0.013 0.05 0.004 0.171 0 0.002 0 0.012 0.052 0.074 0.005 0.001 0.017 0 0.04 0.09 0.007 0.044 0.149 0.517 0.008 0.027 0.127 0.125 0.035 0.007 0.603 0.664 0.006 0.66 0.616 0.009 0.657 0.836 0.007 0.171 0.105 0.674 0.856 0.009 0.007 0.004 0.327 0.012 1 0.687 0.011 0.167 0.005 0.194 0.004 0.784 0.011 0.011 0.151
0.018 0.022 0.026 0 0.01 0.025 0.049 0.009 0.016 0.008 0.005 0.001 0.057 0.006 0 0 0.001 0.003 0.155 0 0.399 0.044 0.063 0.01 0.019 0.007 0.179 0.031 0.025 0.035 0.006 0.014 0.035 0.007 0.028 0.032 0.059 0.052 0.041 0.013 0.054 0.192 0.539 0.011 0.169 0.107 0.17 0.066 0.009 0.837 0.557 0.141 0.554 0.609 0.013 0.891 0.782 0.099 0.118 0.073 0.906 0.692 0.013 0.009 0.092 0.321 0.016 0.687 1 0.015 0.122 0.007 0.143 0.005 0.694 0.014 0.014 0.108
0.011 0.009 0.009 0.027 0.007 0 0.004 0.002 0.024 0.002 0.001 0.003 0.002 0.01 0.007 0.007 0.003 0.002 0.003 0.006 0.008 0.062 0.013 0.008 0.021 0.003 0.003 0 0.002 0.002 0.013 0.027 0.038 0.001 0.002 0.006 0.004 0.013 0.043 0.278 0.002 0.041 0.009 0.002 0.004 0.024 0.022 0.061 0.002 0.015 0.009 0.003 0.009 0.008 0.003 0.017 0.013 0.001 0.002 0.002 0.015 0.011 0.816 0.002 0.002 0.005 0.003 0.011 0.015 1 0.002 0.001 0.002 0.001 0.011 0.003 0.039 0.002
0.006 0.004 0.004 0.008 0.005 0.002 0.001 0.003 0.013 0.001 0.002 0.001 0.057 0.001 0.01 0.011 0.003 0.006 0.001 0.011 0.029 0 0.014 0.008 0.014 0.002 0.001 0.003 0.001 0.001 0.008 0.014 0.012 0.001 0.001 0.003 0.002 0.002 0.011 0.002 0.006 0.006 0.074 0.001 0.002 0.012 0.021 0.001 0.001 0.039 0.075 0.001 0.108 0.088 0.002 0.11 0.145 0.001 0.001 0.318 0.128 0.166 0.002 0.001 0.001 0.003 0.002 0.167 0.122 0.002 1 0.001 0.001 0.001 0.124 0.002 0.002 0.416
0.003 0.007 0.007 0.015 0.003 0.002 0.002 0 0.017 0 0 0 0.001 0 0.007 0.004 0.001 0.001 0.001 0.006 0.003 0.004 0.009 0.006 0.016 0.001 0.001 0.002 0.001 0.001 0.006 0.016 0.011 0.577 0.001 0.007 0.002 0.006 0.015 0.001 0.084 0.018 0.004 0.001 0.002 0.014 0.03 0.009 0 0.007 0.004 0.001 0.004 0.004 0.001 0.007 0.005 0.001 0.001 0.001 0.006 0.005 0.001 0.001 0.001 0.002 0.001 0.005 0.007 0.001 0.001 1 0.001 0 0.005 0.001 0.001 0.001
0.032 0.03 0.037 0.011 0 0 0 0.004 0.009 0.001 0.004 0.002 0.001 0.001 0.003 0.003 0.003 0.001 0.002 0.005 0.102 0.006 0.023 0.005 0.016 0.002 0.002 0 0.001 0 0.005 0.016 0.026 0.001 0.002 0.007 0 0.01 0.03 0.002 0.009 0.039 0.128 0.002 0.001 0.028 0.024 0.002 0.001 0.142 0.187 0 0.189 0.163 0.002 0.128 0.151 0.001 0.418 0.001 0.126 0.181 0.002 0.001 0 0.001 0.002 0.194 0.143 0.002 0.001 0.001 1 0.001 0.122 0.002 0.002 0
0.006 0.009 0.008 0.011 0.005 0.002 0.001 0.002 0.013 0.001 0.002 0.001 0.001 0 0.004 0.004 0.003 0.001 0.002 0.008 0 0.006 0.005 0.004 0.015 0.001 0.001 0.002 0.001 0.001 0.004 0.023 0.017 0 0.001 0.005 0.001 0.005 0.016 0.001 0.076 0.014 0.003 0.001 0.001 0.007 0.029 0.01 0.001 0.005 0.003 0.001 0.003 0.003 0.001 0.006 0.004 0.001 0.001 0.001 0.005 0.004 0.001 0.001 0.001 0.002 0.001 0.004 0.005 0.001 0.001 0 0.001 1 0.004 0.001 0.001 0.001
0.001 0.002 0.004 0.007 0.004 0.001 0 0.006 0.035 0.006 0.003 0 0.062 0.004 0.006 0.007 0 0.001 0.198 0.005 0.417 0.027 0.095 0.003 0.042 0.004 0.231 0.002 0.002 0 0.003 0.044 0.072 0.005 0.001 0.017 0 0.04 0.083 0.007 0.038 0.136 0.613 0.008 0.019 0.149 0.126 0.046 0.007 0.63 0.64 0.003 0.636 0.65 0.009 0.663 0.861 0.007 0.092 0.082 0.674 0.769 0.009 0.007 0.004 0.357 0.012 0.784 0.694 0.011 0.124 0.005 0.122 0.004 1 0.011 0.011 0.163
0.024 0.03 0.03 0.002 0.001 0.075 0.067 0.003 0.012 0.002 0.002 0 0.002 0.008 0.039 0.036 0.006 0 0.002 0.041 0.007 0 0.001 0.001 0.007 0.003 0.003 0.074 0.003 0.002 0.007 0 0.001 0.001 0.126 0.015 0.067 0.014 0.001 0.003 0.005 0.002 0.009 0.002 0.003 0.031 0.022 0 0.603 0.014 0.009 0.003 0.009 0.01 0.819 0.016 0.012 0.001 0.002 0.002 0.014 0.011 0.003 0.002 0.001 0.005 0.003 0.011 0.014 0.003 0.002 0.001 0.002 0.001 0.011 1 0.171 0.002
0 0 0 0.003 0.001 0.006 0.002 0.007 0 0.002 0.005 0.002 0.002 0.008 0.001 0.001 0.009 0.002 0.002 0.001 0.006 0.005 0 0 0 0.003 0.003 0.006 0.002 0.002 0.013 0.003 0.003 0.001 0.008 0.002 0.002 0.006 0.005 0.001 0 0.014 0.009 0.001 0.004 0.018 0.003 0.014 0.044 0.015 0.009 0.003 0.009 0.01 0.129 0.017 0.013 0.002 0.002 0.002 0.014 0.011 0.018 0.002 0.002 0.005 0.002 0.011 0.014 0.039 0.002 0.001 0.002 0.001 0.011 0.171 1 0.002
0.003 0.002 0.002 0.008 0.005 0.002 0.001 0.003 0.018 0.001 0.002 0.001 0.153 0.001 0.011 0.011 0.003 0.006 0.001 0.011 0.076 0 0.036 0.008 0.021 0.002 0.001 0.003 0.001 0.001 0.008 0.019 0.018 0.001 0.001 0.002 0.002 0.002 0.022 0.002 0.006 0.021 0.137 0.001 0.002 0.036 0.021 0.004 0.001 0.08 0.14 0.001 0.185 0.159 0.002 0.109 0.144 0.001 0.001 0.546 0.127 0.164 0.002 0.001 0.001 0.002 0.002 0.151 0.108 0.002 0.416 0.001 0 0.001 0.163 0.002 0.002 1
