1 0.825 0.836 0.48 0.339 0.169 0.102 0.265 0.265 0.009 0.231 0.113 0.025 0.058 0.451 0.435 0.224 0.032 0.03 0.477 0 0.142 0.09 0.276 0.265 0.005 0.032 0.124 0.058 0.056 0.218 0.186 0.097 0.001 0.022 0.038 0.033 0.029 0.088 0.022 0.002 0.05 0.002 0.003 0.033 0.023 0.015 0.054 0.001 0.01 0.001 0.018 0.001 0.001 0.001 0.008 0.005 0 0.062 0.006 0.006 0 0.015 0.003 0.002 0.021 0.001 0.001 0.002 0.016 0.002 0 0.038 0.003 0 0.006 0.002 0.003
0.825 1 0.965 0.427 0.376 0.203 0.123 0.319 0.212 0.007 0.277 0.136 0.021 0.07 0.534 0.515 0.261 0.038 0.025 0.553 0.003 0.119 0.064 0.313 0.238 0.022 0.027 0.153 0.07 0.068 0.264 0.168 0.087 0 0.028 0.053 0.044 0.045 0.066 0.018 0.023 0.078 0.006 0.004 0.035 0.041 0.003 0.038 0.002 0.018 0 0.025 0 0.003 0.002 0.015 0.01 0 0.075 0.004 0.011 0.001 0.011 0.005 0.004 0.018 0.032 0.003 0.008 0.012 0.001 0 0.046 0.007 0 0.008 0 0.001
0.836 0.965 1 0.432 0.398 0.197 0.12 0.31 0.218 0.008 0.27 0.133 0.021 0.068 0.543 0.523 0.266 0.037 0.025 0.568 0.002 0.115 0.064 0.331 0.254 0.022 0.028 0.148 0.068 0.066 0.266 0.173 0.09 0 0.027 0.055 0.042 0.042 0.068 0.019 0.022 0.076 0.005 0.005 0.041 0.04 0.003 0.038 0.002 0.018 0 0.024 0 0.003 0.002 0.015 0.011 0 0.073 0.004 0.012 0.001 0.011 0.002 0.004 0.016 0.033 0.003 0.008 0.012 0.001 0 0.046 0.008 0.001 0.008 0.001 0.001
0.48 0.427 0.432 1 0.189 0.083 0.048 0.139 0.737 0.017 0.122 0.06 0.047 0.031 0.245 0.229 0.12 0.019 0.056 0.25 0.013 0.287 0.294 0.151 0.551 0.006 0.056 0.052 0.031 0.029 0.116 0.459 0.261 0.033 0.007 0.004 0.009 0.002 0.327 0.041 0.226 0.002 0.012 0.017 0.01 0.004 0.221 0.172 0.006 0.008 0.036 0.004 0.033 0.02 0.003 0.01 0.01 0.002 0.03 0.012 0.012 0.026 0.037 0.01 0 0.05 0.085 0.018 0.014 0.04 0.01 0.031 0.012 0.008 0.025 0.003 0.008 0.01
0.339 0.376 0.398 0.189 1 0.016 0.01 0.612 0.238 0.003 0.571 0.26 0.009 0.006 0.454 0.438 0.585 0.088 0.011 0.465 0.025 0.062 0.11 0.73 0.233 0.01 0.012 0.019 0.006 0.006 0.599 0.185 0.132 0.001 0.005 0.194 0.007 0.158 0.109 0.008 0.031 0.029 0.004 0.006 0 0.047 0.032 0.045 0.004 0.007 0.03 0.003 0.028 0.006 0.001 0.006 0.002 0.006 0.007 0 0.007 0.02 0.006 0.001 0.005 0.009 0.01 0.017 0.005 0.006 0 0.001 0.006 0.004 0.003 0.001 0.006 0.002
0.169 0.203 0.197 0.083 0.016 1 0.607 0.012 0.105 0.002 0.01 0.005 0.004 0.344 0.218 0.211 0.013 0.002 0.005 0.22 0.017 0.022 0.05 0.019 0.108 0.004 0.005 0.833 0.346 0.345 0.019 0.069 0.04 0.015 0.168 0.021 0.267 0.019 0.033 0.004 0.011 0.001 0.018 0.003 0.154 0.037 0.001 0.015 0.035 0.003 0.018 0.146 0.017 0.021 0.023 0.002 0.002 0.032 0.003 0.002 0 0.001 0.004 0.003 0.053 0.006 0.009 0.001 0.001 0.004 0.002 0.009 0.002 0.002 0.003 0.05 0.014 0.004
0.102 0.123 0.12 0.048 0.01 0.607 1 0.007 0.066 0.001 0.006 0.003 0.003 0.002 0.136 0.131 0.008 0.001 0.003 0.136 0.01 0.013 0.03 0.011 0.065 0.003 0.003 0.505 0.57 0.57 0.012 0.029 0.013 0.002 0.281 0.013 0.453 0.012 0.01 0.002 0.015 0.024 0.01 0.002 0.243 0.018 0.032 0.004 0.014 0.022 0.01 0.255 0.01 0.012 0.009 0.019 0 0.062 0.002 0.001 0.009 0.001 0.003 0.002 0.095 0.002 0.006 0.001 0.002 0.004 0.001 0.002 0 0.001 0 0.032 0.009 0.002
0.265 0.319 0.31 0.139 0.612 0.012 0.007 1 0.173 0.002 0.848 0.417 0.007 0.004 0.323 0.314 0.754 0.003 0.008 0.334 0.016 0.045 0.076 0.545 0.168 0.007 0.009 0.014 0.004 0.005 0.495 0.15 0.101 0 0.003 0.266 0.007 0.281 0.09 0.006 0.021 0.066 0 0.004 0.007 0.101 0.087 0.045 0.003 0.006 0.02 0.001 0.019 0 0.004 0.004 0.001 0.005 0.005 0 0.005 0.026 0.003 0.004 0.003 0.016 0.005 0.024 0.004 0.003 0 0 0.007 0.003 0.003 0.004 0.008 0
0.265 0.212 0.218 0.737 0.238 0.105 0.066 0.173 1 0.014 0.146 0.073 0.038 0.038 0.333 0.313 0.152 0.024 0.028 0.33 0.108 0.243 0.445 0.195 0.681 0.01 0.028 0.073 0.038 0.036 0.158 0.602 0.381 0.041 0.012 0.014 0.016 0.009 0.471 0.033 0.281 0.015 0.071 0.025 0.016 0.023 0.291 0.238 0.01 0.052 0.131 0.008 0.127 0.09 0.006 0.052 0.056 0.001 0.031 0.008 0.061 0.092 0.037 0.016 0.002 0.038 0.106 0.083 0.063 0.039 0.014 0.038 0.029 0.01 0.052 0.007 0.004 0.02
0.009 0.007 0.008 0.017 0.003 0.002 0.001 0.002 0.014 1 0.002 0.001 0.001 0.001 0.003 0.003 0.003 0 0.001 0.007 0.003 0.003 0.008 0.004 0.013 0.111 0.001 0.002 0.001 0.001 0.004 0.012 0.012 0.001 0 0.002 0.001 0.001 0.003 0 0.005 0.009 0.004 0.001 0.001 0.002 0.011 0.01 0 0.006 0.004 0.001 0.004 0.005 0 0.006 0.005 0.001 0.001 0.001 0.006 0.005 0.001 0.312 0 0.002 0.002 0.005 0.006 0.001 0.001 0.001 0.001 0 0.005 0 0.001 0.001
0.231 0.277 0.27 0.122 0.571 0.01 0.006 0.848 0.146 0.002 1 0.492 0.006 0.004 0.269 0.262 0.649 0.002 0.007 0.278 0.012 0.038 0.063 0.45 0.14 0.006 0.007 0.011 0.004 0.004 0.404 0.12 0.079 0 0.003 0.193 0.006 0.203 0.072 0.005 0.021 0.05 0.001 0.004 0.006 0.08 0.061 0.045 0.003 0.003 0.016 0 0.015 0 0.003 0.001 0 0.004 0.005 0 0.002 0.021 0.002 0.004 0.003 0.013 0.007 0.019 0.001 0.002 0 0 0.006 0.002 0.001 0.003 0.007 0
0.113 0.136 0.133 0.06 0.26 0.005 0.003 0.417 0.073 0.001 0.492 1 0.003 0.002 0.149 0.145 0.378 0.001 0.003 0.155 0.011 0.019 0.039 0.233 0.08 0.003 0.004 0.006 0.002 0.002 0.227 0.084 0.055 0.001 0.001 0.095 0.003 0.097 0.055 0.002 0.006 0.019 0.001 0.002 0.003 0.026 0.034 0.029 0.001 0 0.013 0 0.013 0.001 0.002 0 0 0.002 0.002 0.002 0.001 0.016 0.004 0.002 0.001 0.007 0.006 0.013 0 0.004 0.002 0.001 0.003 0.001 0.001 0.001 0.003 0.003
0.025 0.021 0.021 0.047 0.009 0.004 0.003 0.007 0.038 0.001 0.006 0.003 1 0.001 0.008 0.003 0.007 0.001 0.003 0.007 0.24 0.016 0.067 0.011 0.035 0.002 0.003 0.004 0.001 0.002 0.008 0.022 0.031 0.002 0.006 0.012 0.001 0.011 0.037 0.002 0.013 0.066 0.124 0.002 0.001 0.03 0.029 0.014 0.001 0.136 0.161 0.001 0.101 0.127 0.001 0.13 0.119 0.003 0.001 0.192 0.123 0.133 0.003 0.001 0.006 0.004 0.005 0.111 0.131 0.003 0.134 0.002 0.006 0.001 0.123 0.001 0.003 0.143
0.058 0.07 0.068 0.031 0.006 0.344 0.002 0.004 0.038 0.001 0.004 0.002 0.001 1 0.077 0.075 0.005 0.001 0.002 0.079 0.006 0.01 0.02 0.007 0.041 0.002 0.002 0.306 0.001 0.001 0.007 0.043 0.033 0.065 0.001 0.007 0.002 0.007 0.028 0.001 0.107 0.022 0.007 0.001 0 0.018 0.033 0.015 0.022 0.01 0.007 0.001 0.007 0.008 0.015 0.011 0.009 0.001 0.001 0.001 0.01 0.008 0 0.001 0.001 0.003 0.003 0.008 0.01 0 0.001 0.041 0.001 0.001 0.008 0.017 0.005 0.002
0.451 0.534 0.543 0.245 0.454 0.218 0.136 0.323 0.333 0.003 0.269 0.149 0.008 0.077 1 0.934 0.334 0.049 0.018 0.771 0.056 0.08 0.174 0.464 0.359 0.016 0.02 0.179 0.077 0.084 0.35 0.275 0.213 0.001 0.039 0.11 0.056 0.092 0.187 0.016 0.01 0.033 0.03 0.009 0.055 0.008 0.024 0.072 0.011 0.004 0.063 0.034 0.072 0.03 0.01 0.004 0.009 0.002 0.015 0.012 0.006 0.03 0.013 0.003 0.013 0.009 0.021 0.027 0.009 0.014 0.014 0 0.012 0.007 0.01 0.023 0 0.019
0.435 0.515 0.523 0.229 0.438 0.211 0.131 0.314 0.313 0.003 0.262 0.145 0.003 0.075 0.934 1 0.324 0.047 0.019 0.758 0.048 0.08 0.163 0.45 0.34 0.014 0.021 0.173 0.075 0.081 0.348 0.269 0.212 0.001 0.06 0.11 0.072 0.092 0.186 0.017 0.013 0.035 0.032 0.007 0.071 0.01 0.021 0.066 0.011 0.003 0.067 0.047 0.076 0.032 0.009 0.003 0.011 0.008 0.015 0.013 0.005 0.033 0.013 0.003 0.027 0.009 0.028 0.03 0.008 0.014 0.014 0 0.013 0.005 0.012 0.022 0 0.019
0.224 0.261 0.266 0.12 0.585 0.013 0.008 0.754 0.152 0.003 0.649 0.378 0.007 0.005 0.334 0.324 1 0.003 0.009 0.4 0.029 0.047 0.098 0.613 0.206 0.008 0.01 0.015 0.005 0.005 0.56 0.156 0.104 0.001 0.004 0.27 0.008 0.223 0.093 0.004 0.016 0.067 0 0.005 0 0.107 0.067 0.04 0.003 0.001 0.02 0.001 0.018 0 0.004 0 0 0.003 0.006 0.005 0 0.011 0.002 0.005 0.004 0 0.007 0.009 0 0.003 0.006 0.001 0.006 0.003 0 0.004 0.008 0.008
0.032 0.038 0.037 0.019 0.088 0.002 0.001 0.003 0.024 0 0.002 0.001 0.001 0.001 0.049 0.047 0.003 1 0.001 0.05 0.004 0.006 0.013 0.086 0.026 0.001 0.001 0.002 0.001 0.001 0.083 0.027 0.021 0.001 0 0.005 0 0.004 0.018 0.001 0.005 0.014 0.004 0.001 0.001 0.011 0.009 0.003 0 0.006 0.004 0.001 0.004 0.005 0 0.007 0.006 0.001 0.001 0.001 0.006 0.005 0.001 0.001 0 0.002 0.002 0.004 0.006 0.001 0.001 0.001 0.001 0 0.005 0 0.001 0.001
0.03 0.025 0.025 0.056 0.011 0.005 0.003 0.008 0.028 0.001 0.007 0.003 0.003 0.002 0.018 0.019 0.009 0.001 1 0.019 0.29 0.019 0.082 0.013 0.038 0.003 0.885 0.004 0.002 0.002 0.013 0.026 0.036 0.002 0.001 0.014 0.003 0.013 0.044 0.002 0.007 0.06 0.208 0.002 0.003 0.04 0.022 0.029 0.001 0.139 0.204 0.003 0.216 0.178 0.002 0.125 0.153 0.002 0.002 0 0.119 0.17 0.002 0.002 0.001 0.399 0.006 0.146 0.142 0.002 0.001 0.002 0.002 0.006 0.145 0.001 0.003 0.001
0.477 0.553 0.568 0.25 0.465 0.22 0.136 0.334 0.33 0.007 0.278 0.155 0.007 0.079 0.771 0.758 0.4 0.05 0.019 1 0.056 0.112 0.215 0.579 0.442 0.019 0.023 0.182 0.08 0.078 0.459 0.301 0.191 0.001 0.032 0.082 0.052 0.065 0.161 0.011 0.011 0.026 0.015 0.012 0.05 0.007 0.014 0.07 0.012 0.001 0.05 0.03 0.055 0.02 0.01 0.002 0.005 0.001 0.015 0.013 0.004 0.022 0.008 0.005 0.009 0.004 0.027 0.02 0.006 0.009 0.015 0 0.01 0.007 0.006 0.023 0 0.019
0 0.003 0.002 0.013 0.025 0.017 0.01 0.016 0.108 0.003 0.012 0.011 0.24 0.006 0.056 0.048 0.029 0.004 0.29 0.056 1 0.062 0.285 0.042 0.123 0.01 0.298 0.018 0.006 0.006 0.04 0.104 0.142 0.006 0 0.046 0.002 0.043 0.169 0.008 0.043 0.223 0.617 0 0.002 0.164 0.091 0.02 0.004 0.506 0.693 0.002 0.628 0.585 0.005 0.454 0.497 0 0.179 0.068 0.447 0.536 0.012 0.006 0 0.203 0.02 0.516 0.492 0.013 0.088 0.006 0.164 0 0.381 0.005 0.01 0.098
0.142 0.119 0.115 0.287 0.062 0.022 0.013 0.045 0.243 0.003 0.038 0.019 0.016 0.01 0.08 0.08 0.047 0.006 0.019 0.112 0.062 1 0.412 0.072 0.195 0.016 0.015 0.032 0.01 0.011 0.045 0.173 0.024 0.01 0.008 0.043 0.017 0.047 0.039 0.119 0.066 0.004 0.057 0.058 0.017 0 0.013 0.152 0 0.056 0.029 0.01 0.021 0.029 0.001 0.057 0.048 0.001 0.013 0.002 0.049 0.034 0.085 0.006 0.001 0.013 0.022 0.033 0.054 0.092 0.003 0.009 0.009 0.006 0.03 0 0.025 0.006
0.09 0.064 0.064 0.294 0.11 0.05 0.03 0.076 0.445 0.008 0.063 0.039 0.067 0.02 0.174 0.163 0.098 0.013 0.082 0.215 0.285 0.412 1 0.146 0.41 0.034 0.094 0.064 0.02 0.022 0.109 0.355 0.163 0.021 0.006 0.001 0.022 0.002 0.218 0.051 0.14 0.11 0.172 0.041 0.022 0.105 0.098 0.043 0.003 0.13 0.26 0.014 0.252 0.21 0.001 0.109 0.137 0.001 0.048 0.025 0.116 0.178 0.021 0 0 0.07 0.054 0.17 0.118 0.024 0.032 0.019 0.049 0.004 0.119 0.001 0.002 0.03
0.276 0.313 0.331 0.151 0.73 0.019 0.011 0.545 0.195 0.004 0.45 0.233 0.011 0.007 0.464 0.45 0.613 0.086 0.013 0.579 0.042 0.072 0.146 1 0.281 0.011 0.014 0.021 0.007 0.007 0.8 0.201 0.134 0.007 0.005 0.205 0.009 0.17 0.116 0.009 0.048 0.029 0.004 0.007 0 0.054 0.024 0.051 0 0.009 0.033 0.004 0.031 0.006 0 0.008 0.003 0.007 0.009 0.008 0.008 0.024 0.007 0.002 0.002 0.002 0.012 0.021 0.006 0.008 0.009 0.007 0.009 0.004 0.004 0.001 0.007 0.011
0.265 0.238 0.254 0.551 0.233 0.108 0.065 0.168 0.681 0.013 0.14 0.08 0.035 0.041 0.359 0.34 0.206 0.026 0.038 0.442 0.123 0.195 0.41 0.281 1 0.037 0.046 0.086 0.041 0.039 0.251 0.729 0.505 0.038 0.014 0.02 0.019 0.014 0.426 0.013 0.172 0.011 0.076 0.011 0.018 0.016 0.225 0.169 0.003 0.052 0.137 0.01 0.13 0.092 0.002 0.056 0.062 0 0.029 0.024 0.063 0.098 0.015 0.014 0.003 0.033 0.018 0.092 0.069 0.017 0.027 0.035 0.028 0.012 0.059 0.002 0 0.037
0.005 0.022 0.022 0.006 0.01 0.004 0.003 0.007 0.01 0.111 0.006 0.003 0.002 0.002 0.016 0.014 0.008 0.001 0.003 0.019 0.01 0.016 0.034 0.011 0.037 1 0.003 0.005 0.002 0.002 0.011 0.035 0.046 0 0.001 0.012 0.003 0.011 0.012 0.002 0.061 0.032 0.012 0 0.003 0.019 0.019 0.009 0.001 0.016 0.011 0.002 0.011 0.013 0.001 0.018 0.015 0.001 0.002 0.002 0.017 0.014 0.003 0.065 0.001 0.005 0.162 0.013 0.016 0.003 0.002 0 0.002 0.001 0.013 0.001 0.003 0.003
0.032 0.027 0.028 0.056 0.012 0.005 0.003 0.009 0.028 0.001 0.007 0.004 0.003 0.002 0.02 0.021 0.01 0.001 0.885 0.023 0.298 0.015 0.094 0.014 0.046 0.003 1 0.006 0.002 0.002 0.014 0.032 0.044 0.002 0.002 0.015 0.003 0.014 0.053 0.003 0.01 0.061 0.216 0.002 0.003 0.039 0.028 0.024 0.001 0.144 0.213 0.003 0.213 0.184 0.002 0.129 0.158 0.002 0.002 0 0.113 0.166 0.004 0.002 0.002 0.418 0.007 0.15 0.147 0.004 0.001 0.002 0.002 0.005 0.152 0.002 0.003 0.001
0.124 0.153 0.148 0.052 0.019 0.833 0.505 0.014 0.073 0.002 0.011 0.006 0.004 0.306 0.179 0.173 0.015 0.002 0.004 0.182 0.018 0.032 0.064 0.021 0.086 0.005 0.006 1 0.308 0.306 0.022 0.087 0.057 0.013 0.173 0.023 0.421 0.02 0.048 0.004 0.008 0.006 0.019 0.003 0.283 0.039 0.002 0.024 0.03 0.014 0.02 0.275 0.019 0.023 0.019 0.011 0.004 0.136 0.004 0.003 0.005 0.003 0.003 0.003 0.067 0.007 0.01 0.003 0.002 0.003 0.003 0.007 0.002 0.002 0.005 0.043 0.011 0.005
0.058 0.07 0.068 0.031 0.006 0.346 0.57 0.004 0.038 0.001 0.004 0.002 0.001 0.001 0.077 0.075 0.005 0.001 0.002 0.08 0.006 0.01 0.02 0.007 0.041 0.002 0.002 0.308 1 0.92 0.007 0.006 0.003 0.001 0.034 0.007 0.212 0.007 0.002 0.001 0.008 0.005 0.007 0.001 0.04 0.018 0.018 0 0.012 0 0.007 0.042 0.007 0.008 0.008 0 0.008 0.045 0.001 0.001 0 0.007 0.002 0.001 0.062 0.003 0.003 0.007 0 0.002 0.001 0.001 0 0.001 0.006 0.036 0.016 0.002
0.056 0.068 0.066 0.029 0.006 0.345 0.57 0.005 0.036 0.001 0.004 0.002 0.002 0.001 0.084 0.081 0.005 0.001 0.002 0.078 0.006 0.011 0.022 0.007 0.039 0.002 0.002 0.306 0.92 1 0.007 0.006 0.004 0.001 0.049 0.005 0.222 0.005 0.003 0.001 0.009 0.007 0.007 0.001 0.049 0.02 0.016 0 0.01 0.001 0.007 0.051 0.007 0.009 0.007 0 0.006 0.04 0.001 0.001 0 0.005 0.002 0.001 0.056 0.001 0.003 0.005 0 0.002 0.001 0.001 0.001 0.001 0.004 0.033 0.014 0.002
0.218 0.264 0.266 0.116 0.599 0.019 0.012 0.495 0.158 0.004 0.404 0.227 0.008 0.007 0.35 0.348 0.56 0.083 0.013 0.459 0.04 0.045 0.109 0.8 0.251 0.011 0.014 0.022 0.007 0.007 1 0.262 0.186 0.007 0.006 0.289 0.009 0.249 0.163 0.01 0.05 0.057 0.003 0.007 0 0.081 0.047 0.062 0.004 0.009 0.032 0.004 0.03 0.006 0.006 0.008 0.003 0.007 0.009 0.008 0.009 0.024 0.015 0.007 0.002 0.001 0.013 0.023 0.006 0.015 0.009 0.007 0.009 0.004 0.004 0.005 0.012 0.012
0.186 0.168 0.173 0.459 0.185 0.069 0.029 0.15 0.602 0.012 0.12 0.084 0.022 0.043 0.275 0.269 0.156 0.027 0.026 0.301 0.104 0.173 0.355 0.201 0.729 0.035 0.032 0.087 0.006 0.006 0.262 1 0.715 0.04 0.036 0.04 0.076 0.032 0.623 0.029 0.198 0 0.089 0.021 0.075 0.01 0.28 0.247 0.004 0.032 0.155 0.058 0.148 0.105 0 0.032 0.067 0.023 0.027 0.018 0.038 0.105 0.038 0.021 0.018 0.047 0.021 0.1 0.042 0.04 0.026 0.037 0.026 0.028 0.066 0 0.015 0.03
0.097 0.087 0.09 0.261 0.132 0.04 0.013 0.101 0.381 0.012 0.079 0.055 0.031 0.033 0.213 0.212 0.104 0.021 0.036 0.191 0.142 0.024 0.163 0.134 0.505 0.046 0.044 0.057 0.003 0.004 0.186 0.715 1 0.029 0.025 0.255 0.055 0.246 0.851 0.039 0.127 0.021 0.128 0.016 0.057 0.001 0.419 0.212 0.001 0.065 0.196 0.053 0.174 0.141 0 0.064 0.105 0.015 0.036 0.021 0.068 0.141 0.046 0.028 0.01 0.058 0.012 0.135 0.076 0.048 0.024 0.027 0.039 0.021 0.099 0.002 0.017 0.037
0.001 0 0 0.033 0.001 0.015 0.002 0 0.041 0.001 0 0.001 0.002 0.065 0.001 0.001 0.001 0.001 0.002 0.001 0.006 0.01 0.021 0.007 0.038 0 0.002 0.013 0.001 0.001 0.007 0.04 0.029 1 0.001 0.008 0.002 0.007 0.03 0.001 0.115 0.023 0.007 0.001 0 0.019 0.053 0.016 0.015 0.011 0.007 0.002 0.007 0.008 0.01 0.012 0.01 0.001 0.001 0.001 0.011 0.009 0.002 0.001 0.001 0.004 0.003 0.009 0.01 0.002 0.001 0.794 0.002 0.001 0.008 0.001 0.002 0.002
0.022 0.028 0.027 0.007 0.005 0.168 0.281 0.003 0.012 0 0.003 0.001 0.006 0.001 0.039 0.06 0.004 0 0.001 0.032 0 0.008 0.006 0.005 0.014 0.001 0.002 0.173 0.034 0.049 0.006 0.036 0.025 0.001 1 0.006 0.388 0.006 0.023 0.001 0.007 0.034 0.006 0.001 0.304 0.002 0.015 0.013 0.037 0.041 0.006 0.317 0.005 0.007 0.027 0.036 0.002 0.143 0.001 0.001 0.027 0.003 0.002 0.001 0.192 0 0.003 0.003 0.011 0.002 0.001 0.001 0.001 0 0.003 0.03 0 0.001
0.038 0.053 0.055 0.004 0.194 0.021 0.013 0.266 0.014 0.002 0.193 0.095 0.012 0.007 0.11 0.11 0.27 0.005 0.014 0.082 0.046 0.043 0.001 0.205 0.02 0.012 0.015 0.023 0.007 0.005 0.289 0.04 0.255 0.008 0.006 1 0.013 0.926 0.218 0.01 0.06 0.286 0.046 0.082 0 0.225 0.235 0.015 0.005 0.048 0.047 0.006 0.037 0.047 0.007 0.048 0.036 0.008 0.009 0.003 0.041 0.03 0.012 0.007 0.006 0.009 0.011 0.028 0.04 0.009 0.004 0.008 0.01 0.005 0.027 0.006 0.005 0.006
0.033 0.044 0.042 0.009 0.007 0.267 0.453 0.007 0.016 0.001 0.006 0.003 0.001 0.002 0.056 0.072 0.008 0 0.003 0.052 0.002 0.017 0.022 0.009 0.019 0.003 0.003 0.421 0.212 0.222 0.009 0.076 0.055 0.002 0.388 0.013 1 0.01 0.049 0.002 0.014 0.066 0.012 0.002 0.551 0.009 0.032 0.026 0.014 0.07 0.012 0.575 0.011 0.014 0.009 0.062 0 0.378 0.002 0.002 0.053 0 0.003 0.002 0.216 0.002 0.006 0 0.034 0.004 0.002 0.002 0.001 0.001 0.001 0.011 0.001 0.003
0.029 0.045 0.042 0.002 0.158 0.019 0.012 0.281 0.009 0.001 0.203 0.097 0.011 0.007 0.092 0.092 0.223 0.004 0.013 0.065 0.043 0.047 0.002 0.17 0.014 0.011 0.014 0.02 0.007 0.005 0.249 0.032 0.246 0.007 0.006 0.926 0.01 1 0.211 0.009 0.056 0.274 0.043 0.089 0.01 0.208 0.26 0.013 0.005 0.064 0.043 0.004 0.034 0.043 0.006 0.064 0.052 0.006 0.009 0.003 0.056 0.046 0.011 0.007 0.004 0.018 0.01 0.043 0.055 0.011 0.003 0.007 0.011 0.004 0.042 0.006 0.007 0.006
0.088 0.066 0.068 0.327 0.109 0.033 0.01 0.09 0.471 0.003 0.072 0.055 0.037 0.028 0.187 0.186 0.093 0.018 0.044 0.161 0.169 0.039 0.218 0.116 0.426 0.012 0.053 0.048 0.002 0.003 0.163 0.623 0.851 0.03 0.023 0.218 0.049 0.211 1 0.045 0.234 0.007 0.148 0.013 0.049 0.001 0.52 0.257 0.001 0.085 0.23 0.047 0.206 0.164 0 0.085 0.128 0.013 0.042 0.026 0.088 0.173 0.054 0.017 0.008 0.072 0.083 0.166 0.096 0.057 0.029 0.028 0.045 0.018 0.119 0.002 0.022 0.044
0.022 0.018 0.019 0.041 0.008 0.004 0.002 0.006 0.033 0 0.005 0.002 0.002 0.001 0.016 0.017 0.004 0.001 0.002 0.011 0.008 0.119 0.051 0.009 0.013 0.002 0.003 0.004 0.001 0.001 0.01 0.029 0.039 0.001 0.001 0.01 0.002 0.009 0.045 1 0.002 0.023 0.009 0.001 0.002 0.005 0.019 0.038 0.001 0.006 0.003 0.002 0.003 0.002 0.001 0.008 0.012 0.012 0.002 0.002 0.007 0.005 0.378 0.001 0.001 0.004 0.001 0.005 0.013 0.376 0.002 0.001 0.002 0.001 0.004 0.001 0.038 0.002
0.002 0.023 0.022 0.226 0.031 0.011 0.015 0.021 0.281 0.005 0.021 0.006 0.013 0.107 0.01 0.013 0.016 0.005 0.007 0.011 0.043 0.066 0.14 0.048 0.172 0.061 0.01 0.008 0.008 0.009 0.05 0.198 0.127 0.115 0.007 0.06 0.014 0.056 0.234 0.002 1 0.201 0.057 0.009 0.011 0.128 0.366 0.108 0.003 0.086 0.064 0.011 0.061 0.067 0.001 0.092 0.078 0 0.011 0.01 0.086 0.076 0.004 0.008 0.004 0.031 0.304 0.076 0.084 0.004 0.011 0.109 0.013 0.069 0.065 0 0.002 0.014
0.05 0.078 0.076 0.002 0.029 0.001 0.024 0.066 0.015 0.009 0.05 0.019 0.066 0.022 0.033 0.035 0.067 0.014 0.06 0.026 0.223 0.004 0.11 0.029 0.011 0.032 0.061 0.006 0.005 0.007 0.057 0 0.021 0.023 0.034 0.286 0.066 0.274 0.007 0.023 0.201 1 0.217 0.026 0.065 0.458 0.001 0.062 0.003 0.304 0.25 0.036 0.223 0.181 0.007 0.254 0.204 0.019 0.054 0.027 0.241 0.242 0.035 0.006 0.009 0.09 0.058 0.238 0.238 0.036 0.03 0.023 0.053 0.014 0.165 0.005 0.023 0.027
0.002 0.006 0.005 0.012 0.004 0.018 0.01 0 0.071 0.004 0.001 0.001 0.124 0.007 0.03 0.032 0 0.004 0.208 0.015 0.617 0.057 0.172 0.004 0.076 0.012 0.216 0.019 0.007 0.007 0.003 0.089 0.128 0.007 0.006 0.046 0.012 0.043 0.148 0.009 0.057 0.217 1 0.007 0.012 0.219 0.138 0.031 0.005 0.645 0.769 0.004 0.742 0.845 0.006 0.617 0.722 0.007 0.141 0.095 0.592 0.623 0.015 0.007 0.004 0.237 0.02 0.578 0.625 0.015 0.114 0.007 0.138 0.004 0.578 0.006 0.013 0.118
0.003 0.004 0.005 0.017 0.006 0.003 0.002 0.004 0.025 0.001 0.004 0.002 0.002 0.001 0.009 0.007 0.005 0.001 0.002 0.012 0 0.058 0.041 0.007 0.011 0 0.002 0.003 0.001 0.001 0.007 0.021 0.016 0.001 0.001 0.082 0.002 0.089 0.013 0.001 0.009 0.026 0.007 1 0.002 0.014 0.031 0.043 0.001 0.01 0.007 0.002 0.007 0.008 0.001 0.011 0.009 0.001 0.001 0.001 0.008 0.009 0 0.001 0.001 0.004 0.003 0.009 0.01 0 0.001 0.001 0.001 0.001 0.008 0.001 0.001 0.002
0.033 0.035 0.041 0.01 0 0.154 0.243 0.007 0.016 0.001 0.006 0.003 0.001 0 0.055 0.071 0 0.001 0.003 0.05 0.002 0.017 0.022 0 0.018 0.003 0.003 0.283 0.04 0.049 0 0.075 0.057 0 0.304 0 0.551 0.01 0.049 0.002 0.011 0.065 0.012 0.002 1 0 0.027 0.026 0.001 0.145 0.012 0.668 0.011 0.014 0.001 0.131 0.009 0.389 0.002 0.002 0.103 0.011 0.003 0.002 0.219 0.001 0.005 0.011 0.076 0.003 0.002 0.002 0.001 0.001 0.007 0.001 0.003 0.003
0.023 0.041 0.04 0.004 0.047 0.037 0.018 0.101 0.023 0.002 0.08 0.026 0.03 0.018 0.008 0.01 0.107 0.011 0.04 0.007 0.164 0 0.105 0.054 0.016 0.019 0.039 0.039 0.018 0.02 0.081 0.01 0.001 0.019 0.002 0.225 0.009 0.208 0.001 0.005 0.128 0.458 0.219 0.014 0 1 0.002 0.029 0.013 0.191 0.226 0.006 0.203 0.221 0.017 0.179 0.201 0 0.049 0.026 0.189 0.209 0.016 0.009 0 0.085 0.059 0.188 0.178 0.017 0.016 0.019 0.048 0.006 0.188 0.015 0.021 0.027
0.015 0.003 0.003 0.221 0.032 0.001 0.032 0.087 0.291 0.011 0.061 0.034 0.029 0.033 0.024 0.021 0.067 0.009 0.022 0.014 0.091 0.013 0.098 0.024 0.225 0.019 0.028 0.002 0.018 0.016 0.047 0.28 0.419 0.053 0.015 0.235 0.032 0.26 0.52 0.019 0.366 0.001 0.138 0.031 0.027 0.002 1 0.149 0 0.202 0.139 0.027 0.133 0.161 0.001 0.219 0.185 0.017 0.024 0.022 0.205 0.167 0.028 0.018 0.012 0.069 0.165 0.162 0.199 0.03 0.024 0.049 0.029 0.031 0.156 0.005 0.009 0.031
0.054 0.038 0.038 0.172 0.045 0.015 0.004 0.045 0.238 0.01 0.045 0.029 0.014 0.015 0.072 0.066 0.04 0.003 0.029 0.07 0.02 0.152 0.043 0.051 0.169 0.009 0.024 0.024 0 0 0.062 0.247 0.212 0.016 0.013 0.015 0.026 0.013 0.257 0.038 0.108 0.062 0.031 0.043 0.026 0.029 0.149 1 0.011 0.067 0.03 0.025 0.027 0.04 0.001 0.053 0.035 0.004 0.01 0.002 0.046 0.026 0.08 0.031 0.003 0.027 0.049 0.026 0.046 0.085 0.008 0.015 0.001 0.01 0.047 0 0.057 0.004
0.001 0.002 0.002 0.006 0.004 0.035 0.014 0.003 0.01 0 0.003 0.001 0.001 0.022 0.011 0.011 0.003 0 0.001 0.012 0.004 0 0.003 0 0.003 0.001 0.001 0.03 0.012 0.01 0.004 0.004 0.001 0.015 0.037 0.005 0.014 0.005 0.001 0.001 0.003 0.003 0.005 0.001 0.001 0.013 0 0.011 1 0.007 0.005 0.001 0.005 0.006 0.757 0.008 0.007 0.001 0.001 0.001 0.007 0.006 0.001 0.001 0.001 0.002 0.002 0.006 0.007 0.001 0.001 0.016 0.001 0 0.006 0.562 0.014 0.001
0.01 0.018 0.018 0.008 0.007 0.003 0.022 0.006 0.052 0.006 0.003 0 0.136 0.01 0.004 0.003 0.001 0.006 0.139 0.001 0.506 0.056 0.13 0.009 0.052 0.016 0.144 0.014 0 0.001 0.009 0.032 0.065 0.011 0.041 0.048 0.07 0.064 0.085 0.006 0.086 0.304 0.645 0.01 0.145 0.191 0.202 0.067 0.007 1 0.69 0.119 0.632 0.708 0.009 0.901 0.744 0.052 0.119 0.062 0.84 0.698 0.022 0.01 0.029 0.276 0.031 0.682 0.807 0.022 0.076 0.01 0.141 0.006 0.612 0.008 0.018 0.077
0.001 0 0 0.036 0.03 0.018 0.01 0.02 0.131 0.004 0.016 0.013 0.161 0.007 0.063 0.067 0.02 0.004 0.204 0.05 0.693 0.029 0.26 0.033 0.137 0.011 0.213 0.02 0.007 0.007 0.032 0.155 0.196 0.007 0.006 0.047 0.012 0.043 0.23 0.003 0.064 0.25 0.769 0.007 0.012 0.226 0.139 0.03 0.005 0.69 1 0.011 0.918 0.851 0.006 0.621 0.699 0.008 0.172 0.094 0.618 0.789 0.015 0.007 0.004 0.328 0.02 0.768 0.623 0.015 0.114 0.007 0.193 0.004 0.613 0.006 0.013 0.119
0.018 0.025 0.024 0.004 0.003 0.146 0.255 0.001 0.008 0.001 0 0 0.001 0.001 0.034 0.047 0.001 0.001 0.003 0.03 0.002 0.01 0.014 0.004 0.01 0.002 0.003 0.275 0.042 0.051 0.004 0.058 0.053 0.002 0.317 0.006 0.575 0.004 0.047 0.002 0.011 0.036 0.004 0.002 0.668 0.006 0.027 0.025 0.001 0.119 0.011 1 0.005 0.002 0.001 0.134 0.006 0.444 0.002 0.001 0.106 0.003 0.003 0.001 0.261 0.002 0.005 0.003 0.071 0.003 0.001 0.002 0.001 0.001 0.001 0.001 0.003 0
0.001 0 0 0.033 0.028 0.017 0.01 0.019 0.127 0.004 0.015 0.013 0.101 0.007 0.072 0.076 0.018 0.004 0.216 0.055 0.628 0.021 0.252 0.031 0.13 0.011 0.213 0.019 0.007 0.007 0.03 0.148 0.174 0.007 0.005 0.037 0.011 0.034 0.206 0.003 0.061 0.223 0.742 0.007 0.011 0.203 0.133 0.027 0.005 0.632 0.918 0.005 1 0.812 0.006 0.593 0.665 0.007 0.18 0.125 0.599 0.765 0.014 0.007 0.004 0.264 0.019 0.73 0.592 0.015 0.147 0.007 0.202 0.004 0.576 0.006 0.012 0.149
0.001 0.003 0.003 0.02 0.006 0.021 0.012 0 0.09 0.005 0 0.001 0.127 0.008 0.03 0.032 0 0.005 0.178 0.02 0.585 0.029 0.21 0.006 0.092 0.013 0.184 0.023 0.008 0.009 0.006 0.105 0.141 0.008 0.007 0.047 0.014 0.043 0.164 0.002 0.067 0.181 0.845 0.008 0.014 0.221 0.161 0.04 0.006 0.708 0.851 0.002 0.812 1 0.007 0.704 0.793 0.009 0.149 0.105 0.68 0.694 0.014 0.008 0.005 0.282 0.024 0.675 0.69 0.014 0.112 0.008 0.167 0.005 0.657 0.007 0.015 0.121
0.001 0.002 0.002 0.003 0.001 0.023 0.009 0.004 0.006 0 0.003 0.002 0.001 0.015 0.01 0.009 0.004 0 0.002 0.01 0.005 0.001 0.001 0 0.002 0.001 0.002 0.019 0.008 0.007 0.006 0 0 0.01 0.027 0.007 0.009 0.006 0 0.001 0.001 0.007 0.006 0.001 0.001 0.017 0.001 0.001 0.757 0.009 0.006 0.001 0.006 0.007 1 0.01 0.009 0.001 0.001 0.001 0.01 0.008 0.002 0.001 0.001 0.003 0.003 0.008 0.009 0.002 0.001 0.01 0.001 0.001 0.007 0.56 0.072 0.001
0.008 0.015 0.015 0.01 0.006 0.002 0.019 0.004 0.052 0.006 0.001 0 0.13 0.011 0.004 0.003 0 0.007 0.125 0.002 0.454 0.057 0.109 0.008 0.056 0.018 0.129 0.011 0 0 0.008 0.032 0.064 0.012 0.036 0.048 0.062 0.064 0.085 0.008 0.092 0.254 0.617 0.011 0.131 0.179 0.219 0.053 0.008 0.901 0.621 0.134 0.593 0.704 0.01 1 0.826 0.052 0.107 0.096 0.927 0.746 0.024 0.011 0.031 0.294 0.034 0.731 0.886 0.025 0.106 0.012 0.127 0.007 0.697 0.009 0.02 0.139
0.005 0.01 0.011 0.01 0.002 0.002 0 0.001 0.056 0.005 0 0 0.119 0.009 0.009 0.011 0 0.006 0.153 0.005 0.497 0.048 0.137 0.003 0.062 0.015 0.158 0.004 0.008 0.006 0.003 0.067 0.105 0.01 0.002 0.036 0 0.052 0.128 0.012 0.078 0.204 0.722 0.009 0.009 0.201 0.185 0.035 0.007 0.744 0.699 0.006 0.665 0.793 0.009 0.826 1 0.01 0.111 0.108 0.789 0.848 0.02 0.009 0.006 0.337 0.028 0.83 0.791 0.021 0.128 0.01 0.135 0.006 0.81 0.008 0.017 0.169
0 0 0 0.002 0.006 0.032 0.062 0.005 0.001 0.001 0.004 0.002 0.003 0.001 0.002 0.008 0.003 0.001 0.002 0.001 0 0.001 0.001 0.007 0 0.001 0.002 0.136 0.045 0.04 0.007 0.023 0.015 0.001 0.143 0.008 0.378 0.006 0.013 0.012 0 0.019 0.007 0.001 0.389 0 0.017 0.004 0.001 0.052 0.008 0.444 0.007 0.009 0.001 0.052 0.01 1 0.001 0.001 0.056 0.009 0.006 0.001 0.399 0.004 0.003 0.009 0.047 0.005 0.001 0.001 0.002 0.001 0.008 0.001 0.002 0.002
0.062 0.075 0.073 0.03 0.007 0.003 0.002 0.005 0.031 0.001 0.005 0.002 0.001 0.001 0.015 0.015 0.006 0.001 0.002 0.015 0.179 0.013 0.048 0.009 0.029 0.002 0.002 0.004 0.001 0.001 0.009 0.027 0.036 0.001 0.001 0.009 0.002 0.009 0.042 0.002 0.011 0.054 0.141 0.001 0.002 0.049 0.024 0.01 0.001 0.119 0.172 0.002 0.18 0.149 0.001 0.107 0.111 0.001 1 0.001 0.113 0.119 0.003 0.001 0.001 0.001 0.004 0.144 0.105 0.003 0.001 0.001 0.347 0.001 0.024 0.001 0.002 0.001
0.006 0.004 0.004 0.012 0 0.002 0.001 0 0.008 0.001 0 0.002 0.192 0.001 0.012 0.013 0.005 0.001 0 0.013 0.068 0.002 0.025 0.008 0.024 0.002 0 0.003 0.001 0.001 0.008 0.018 0.021 0.001 0.001 0.003 0.002 0.003 0.026 0.002 0.01 0.027 0.095 0.001 0.002 0.026 0.022 0.002 0.001 0.062 0.094 0.001 0.125 0.105 0.001 0.096 0.108 0.001 0.001 1 0.095 0.119 0.002 0.001 0.001 0.004 0.004 0.103 0.093 0.002 0.364 0.001 0.001 0.001 0.112 0.001 0.002 0.443
0.006 0.011 0.012 0.012 0.007 0 0.009 0.005 0.061 0.006 0.002 0.001 0.123 0.01 0.006 0.005 0 0.006 0.119 0.004 0.447 0.049 0.116 0.008 0.063 0.017 0.113 0.005 0 0 0.009 0.038 0.068 0.011 0.027 0.041 0.053 0.056 0.088 0.007 0.086 0.241 0.592 0.008 0.103 0.189 0.205 0.046 0.007 0.84 0.618 0.106 0.599 0.68 0.01 0.927 0.789 0.056 0.113 0.095 1 0.738 0.022 0.01 0.033 0.275 0.032 0.724 0.896 0.023 0.113 0.011 0.135 0.007 0.686 0.009 0.019 0.149
0 0.001 0.001 0.026 0.02 0.001 0.001 0.026 0.092 0.005 0.021 0.016 0.133 0.008 0.03 0.033 0.011 0.005 0.17 0.022 0.536 0.034 0.178 0.024 0.098 0.014 0.166 0.003 0.007 0.005 0.024 0.105 0.141 0.009 0.003 0.03 0 0.046 0.173 0.005 0.076 0.242 0.623 0.009 0.011 0.209 0.167 0.026 0.006 0.698 0.789 0.003 0.765 0.694 0.008 0.746 0.848 0.009 0.119 0.119 0.738 1 0.018 0.008 0.005 0.381 0.025 0.933 0.698 0.019 0.142 0.009 0.146 0.005 0.773 0.007 0.015 0.187
0.015 0.011 0.011 0.037 0.006 0.004 0.003 0.003 0.037 0.001 0.002 0.004 0.003 0 0.013 0.013 0.002 0.001 0.002 0.008 0.012 0.085 0.021 0.007 0.015 0.003 0.004 0.003 0.002 0.002 0.015 0.038 0.046 0.002 0.002 0.012 0.003 0.011 0.054 0.378 0.004 0.035 0.015 0 0.003 0.016 0.028 0.08 0.001 0.022 0.015 0.003 0.014 0.014 0.002 0.024 0.02 0.006 0.003 0.002 0.022 0.018 1 0.002 0.002 0.007 0.007 0.018 0.021 0.964 0.003 0.002 0.003 0.001 0.017 0.002 0.128 0.003
0.003 0.005 0.002 0.01 0.001 0.003 0.002 0.004 0.016 0.312 0.004 0.002 0.001 0.001 0.003 0.003 0.005 0.001 0.002 0.005 0.006 0.006 0 0.002 0.014 0.065 0.002 0.003 0.001 0.001 0.007 0.021 0.028 0.001 0.001 0.007 0.002 0.007 0.017 0.001 0.008 0.006 0.007 0.001 0.002 0.009 0.018 0.031 0.001 0.01 0.007 0.001 0.007 0.008 0.001 0.011 0.009 0.001 0.001 0.001 0.01 0.008 0.002 1 0.001 0.003 0.003 0.008 0.01 0.002 0.001 0.001 0.001 0.001 0.008 0.001 0.002 0.002
0.002 0.004 0.004 0 0.005 0.053 0.095 0.003 0.002 0 0.003 0.001 0.006 0.001 0.013 0.027 0.004 0 0.001 0.009 0 0.001 0 0.002 0.003 0.001 0.002 0.067 0.062 0.056 0.002 0.018 0.01 0.001 0.192 0.006 0.216 0.004 0.008 0.001 0.004 0.009 0.004 0.001 0.219 0 0.012 0.003 0.001 0.029 0.004 0.261 0.004 0.005 0.001 0.031 0.006 0.399 0.001 0.001 0.033 0.005 0.002 0.001 1 0 0.003 0.005 0.025 0.002 0.001 0.001 0 0 0.005 0.001 0.001 0.001
0.021 0.018 0.016 0.05 0.009 0.006 0.002 0.016 0.038 0.002 0.013 0.007 0.004 0.003 0.009 0.009 0 0.002 0.399 0.004 0.203 0.013 0.07 0.002 0.033 0.005 0.418 0.007 0.003 0.001 0.001 0.047 0.058 0.004 0 0.009 0.002 0.018 0.072 0.004 0.031 0.09 0.237 0.004 0.001 0.085 0.069 0.027 0.002 0.276 0.328 0.002 0.264 0.282 0.003 0.294 0.337 0.004 0.001 0.004 0.275 0.381 0.007 0.003 0 1 0.008 0.354 0.331 0.008 0.004 0.004 0.002 0.002 0.344 0.003 0.006 0
0.001 0.032 0.033 0.085 0.01 0.009 0.006 0.005 0.106 0.002 0.007 0.006 0.005 0.003 0.021 0.028 0.007 0.002 0.006 0.027 0.02 0.022 0.054 0.012 0.018 0.162 0.007 0.01 0.003 0.003 0.013 0.021 0.012 0.003 0.003 0.011 0.006 0.01 0.083 0.001 0.304 0.058 0.02 0.003 0.005 0.059 0.165 0.049 0.002 0.031 0.02 0.005 0.019 0.024 0.003 0.034 0.028 0.003 0.004 0.004 0.032 0.025 0.007 0.003 0.003 0.008 1 0.025 0.03 0.007 0.004 0.003 0.005 0.002 0.023 0.003 0.001 0.005
0.001 0.003 0.003 0.018 0.017 0.001 0.001 0.024 0.083 0.005 0.019 0.013 0.111 0.008 0.027 0.03 0.009 0.004 0.146 0.02 0.516 0.033 0.17 0.021 0.092 0.013 0.15 0.003 0.007 0.005 0.023 0.1 0.135 0.009 0.003 0.028 0 0.043 0.166 0.005 0.076 0.238 0.578 0.009 0.011 0.188 0.162 0.026 0.006 0.682 0.768 0.003 0.73 0.675 0.008 0.731 0.83 0.009 0.144 0.103 0.724 0.933 0.018 0.008 0.005 0.354 0.025 1 0.682 0.018 0.143 0.009 0.172 0.005 0.738 0.007 0.015 0.17
0.002 0.008 0.008 0.014 0.005 0.001 0.002 0.004 0.063 0.006 0.001 0 0.131 0.01 0.009 0.008 0 0.006 0.142 0.006 0.492 0.054 0.118 0.006 0.069 0.016 0.147 0.002 0 0 0.006 0.042 0.076 0.01 0.011 0.04 0.034 0.055 0.096 0.013 0.084 0.238 0.625 0.01 0.076 0.178 0.199 0.046 0.007 0.807 0.623 0.071 0.592 0.69 0.009 0.886 0.791 0.047 0.105 0.093 0.896 0.698 0.021 0.01 0.025 0.331 0.03 0.682 1 0.022 0.119 0.01 0.143 0.006 0.645 0.008 0.017 0.15
0.016 0.012 0.012 0.04 0.006 0.004 0.004 0.003 0.039 0.001 0.002 0.004 0.003 0 0.014 0.014 0.003 0.001 0.002 0.009 0.013 0.092 0.024 0.008 0.017 0.003 0.004 0.003 0.002 0.002 0.015 0.04 0.048 0.002 0.002 0.009 0.004 0.011 0.057 0.376 0.004 0.036 0.015 0 0.003 0.017 0.03 0.085 0.001 0.022 0.015 0.003 0.015 0.014 0.002 0.025 0.021 0.005 0.003 0.002 0.023 0.019 0.964 0.002 0.002 0.008 0.007 0.018 0.022 1 0.003 0.002 0.003 0.001 0.017 0.002 0.144 0.003
0.002 0.001 0.001 0.01 0 0.002 0.001 0 0.014 0.001 0 0.002 0.134 0.001 0.014 0.014 0.006 0.001 0.001 0.015 0.088 0.003 0.032 0.009 0.027 0.002 0.001 0.003 0.001 0.001 0.009 0.026 0.024 0.001 0.001 0.004 0.002 0.003 0.029 0.002 0.011 0.03 0.114 0.001 0.002 0.016 0.024 0.008 0.001 0.076 0.114 0.001 0.147 0.112 0.001 0.106 0.128 0.001 0.001 0.364 0.113 0.142 0.003 0.001 0.001 0.004 0.004 0.143 0.119 0.003 1 0.001 0.002 0.001 0.135 0.001 0.002 0.515
0 0 0 0.031 0.001 0.009 0.002 0 0.038 0.001 0 0.001 0.002 0.041 0 0 0.001 0.001 0.002 0 0.006 0.009 0.019 0.007 0.035 0 0.002 0.007 0.001 0.001 0.007 0.037 0.027 0.794 0.001 0.008 0.002 0.007 0.028 0.001 0.109 0.023 0.007 0.001 0.002 0.019 0.049 0.015 0.016 0.01 0.007 0.002 0.007 0.008 0.01 0.012 0.01 0.001 0.001 0.001 0.011 0.009 0.002 0.001 0.001 0.004 0.003 0.009 0.01 0.002 0.001 1 0.001 0.001 0.008 0.001 0.002 0.002
0.038 0.046 0.046 0.012 0.006 0.002 0 0.007 0.029 0.001 0.006 0.003 0.006 0.001 0.012 0.013 0.006 0.001 0.002 0.01 0.164 0.009 0.049 0.009 0.028 0.002 0.002 0.002 0 0.001 0.009 0.026 0.039 0.002 0.001 0.01 0.001 0.011 0.045 0.002 0.013 0.053 0.138 0.001 0.001 0.048 0.029 0.001 0.001 0.141 0.193 0.001 0.202 0.167 0.001 0.127 0.135 0.002 0.347 0.001 0.135 0.146 0.003 0.001 0 0.002 0.005 0.172 0.143 0.003 0.002 0.001 1 0.001 0.066 0.001 0.003 0
0.003 0.007 0.008 0.008 0.004 0.002 0.001 0.003 0.01 0 0.002 0.001 0.001 0.001 0.007 0.005 0.003 0 0.006 0.007 0 0.006 0.004 0.004 0.012 0.001 0.005 0.002 0.001 0.001 0.004 0.028 0.021 0.001 0 0.005 0.001 0.004 0.018 0.001 0.069 0.014 0.004 0.001 0.001 0.006 0.031 0.01 0 0.006 0.004 0.001 0.004 0.005 0.001 0.007 0.006 0.001 0.001 0.001 0.007 0.005 0.001 0.001 0 0.002 0.002 0.005 0.006 0.001 0.001 0.001 0.001 1 0.005 0 0.001 0.001
0 0 0.001 0.025 0.003 0.003 0 0.003 0.052 0.005 0.001 0.001 0.123 0.008 0.01 0.012 0 0.005 0.145 0.006 0.381 0.03 0.119 0.004 0.059 0.013 0.152 0.005 0.006 0.004 0.004 0.066 0.099 0.008 0.003 0.027 0.001 0.042 0.119 0.004 0.065 0.165 0.578 0.008 0.007 0.188 0.156 0.047 0.006 0.612 0.613 0.001 0.576 0.657 0.007 0.697 0.81 0.008 0.024 0.112 0.686 0.773 0.017 0.008 0.005 0.344 0.023 0.738 0.645 0.017 0.135 0.008 0.066 0.005 1 0.007 0.014 0.186
0.006 0.008 0.008 0.003 0.001 0.05 0.032 0.004 0.007 0 0.003 0.001 0.001 0.017 0.023 0.022 0.004 0 0.001 0.023 0.005 0 0.001 0.001 0.002 0.001 0.002 0.043 0.036 0.033 0.005 0 0.002 0.001 0.03 0.006 0.011 0.006 0.002 0.001 0 0.005 0.006 0.001 0.001 0.015 0.005 0 0.562 0.008 0.006 0.001 0.006 0.007 0.56 0.009 0.008 0.001 0.001 0.001 0.009 0.007 0.002 0.001 0.001 0.003 0.003 0.007 0.008 0.002 0.001 0.001 0.001 0 0.007 1 0.05 0.001
0.002 0 0.001 0.008 0.006 0.014 0.009 0.008 0.004 0.001 0.007 0.003 0.003 0.005 0 0 0.008 0.001 0.003 0 0.01 0.025 0.002 0.007 0 0.003 0.003 0.011 0.016 0.014 0.012 0.015 0.017 0.002 0 0.005 0.001 0.007 0.022 0.038 0.002 0.023 0.013 0.001 0.003 0.021 0.009 0.057 0.014 0.018 0.013 0.003 0.012 0.015 0.072 0.02 0.017 0.002 0.002 0.002 0.019 0.015 0.128 0.002 0.001 0.006 0.001 0.015 0.017 0.144 0.002 0.002 0.003 0.001 0.014 0.05 1 0.003
0.003 0.001 0.001 0.01 0.002 0.004 0.002 0 0.02 0.001 0 0.003 0.143 0.002 0.019 0.019 0.008 0.001 0.001 0.019 0.098 0.006 0.03 0.011 0.037 0.003 0.001 0.005 0.002 0.002 0.012 0.03 0.037 0.002 0.001 0.006 0.003 0.006 0.044 0.002 0.014 0.027 0.118 0.002 0.003 0.027 0.031 0.004 0.001 0.077 0.119 0 0.149 0.121 0.001 0.139 0.169 0.002 0.001 0.443 0.149 0.187 0.003 0.002 0.001 0 0.005 0.17 0.15 0.003 0.515 0.002 0 0.001 0.186 0.001 0.003 1
