1 0.806 0.83 0.443 0.302 0.2 0.134 0.239 0.232 0.007 0.19 0.1 0.021 0.049 0.491 0.464 0.235 0.02 0.036 0.536 0.001 0.149 0.092 0.295 0.275 0.006 0.04 0.171 0.056 0.045 0.256 0.229 0.134 0.003 0.062 0.055 0.082 0.037 0.12 0.022 0.011 0.11 0.001 0.008 0.085 0.015 0.005 0.091 0.018 0.029 0.003 0.059 0.003 0 0.009 0.023 0.005 0.037 0.061 0.01 0.027 0.002 0.014 0.003 0.022 0.016 0.006 0.001 0.018 0.014 0.001 0.002 0.037 0.002 0 0.016 0.02 0.001
0.806 1 0.939 0.399 0.326 0.238 0.159 0.284 0.189 0.006 0.226 0.119 0.018 0.058 0.593 0.541 0.257 0.024 0.031 0.607 0 0.128 0.075 0.32 0.255 0.026 0.034 0.205 0.067 0.054 0.289 0.217 0.128 0.003 0.076 0.066 0.1 0.054 0.096 0.018 0.041 0.133 0.001 0.014 0.084 0.021 0 0.067 0.022 0.035 0.002 0.074 0.001 0.001 0.012 0.029 0.006 0.047 0.075 0.008 0.033 0.002 0.011 0.006 0.028 0.016 0.033 0.001 0.032 0.011 0 0.008 0.047 0.007 0 0.02 0.016 0
0.83 0.939 1 0.426 0.362 0.237 0.158 0.283 0.208 0.006 0.225 0.118 0.018 0.058 0.603 0.551 0.281 0.024 0.031 0.646 0 0.123 0.072 0.355 0.283 0.026 0.034 0.204 0.067 0.054 0.312 0.236 0.142 0.003 0.075 0.077 0.099 0.054 0.109 0.018 0.039 0.144 0.001 0.014 0.104 0.026 0 0.073 0.022 0.042 0.002 0.073 0.001 0.001 0.012 0.035 0.009 0.046 0.074 0.008 0.04 0.001 0.01 0.002 0.028 0.01 0.033 0.002 0.035 0.01 0 0.008 0.047 0.007 0.001 0.02 0.015 0
0.443 0.399 0.426 1 0.168 0.102 0.067 0.124 0.726 0.014 0.099 0.052 0.04 0.024 0.245 0.235 0.134 0.016 0.07 0.285 0.025 0.307 0.308 0.153 0.603 0.012 0.074 0.083 0.029 0.02 0.128 0.535 0.328 0.012 0.027 0.005 0.034 0.001 0.421 0.042 0.232 0 0.039 0.034 0.037 0.013 0.19 0.216 0.01 0.003 0.05 0.024 0.048 0.031 0.003 0.006 0.015 0.013 0.026 0.02 0.003 0.047 0.035 0.008 0.01 0.05 0.054 0.024 0.004 0.035 0.006 0.019 0.011 0.011 0.027 0.004 0.037 0.006
0.302 0.326 0.362 0.168 1 0.022 0.013 0.563 0.189 0.003 0.504 0.257 0.008 0.006 0.451 0.416 0.646 0.061 0.013 0.483 0.036 0.062 0.116 0.818 0.242 0.011 0.015 0.021 0.006 0.007 0.702 0.194 0.142 0.003 0.009 0.257 0.014 0.193 0.119 0.008 0.041 0.042 0.004 0.007 0.001 0.065 0.035 0.043 0.004 0.005 0.037 0.008 0.037 0.007 0.002 0.006 0.001 0.008 0.008 0.004 0.005 0.017 0.01 0 0.004 0.002 0.01 0.014 0.005 0.011 0.003 0.005 0.007 0.003 0 0.002 0.007 0.004
0.2 0.238 0.237 0.102 0.022 1 0.658 0.014 0.113 0.001 0.011 0.006 0.004 0.253 0.238 0.217 0.017 0.002 0.007 0.253 0.02 0.023 0.05 0.023 0.124 0.006 0.008 0.874 0.281 0.251 0.024 0.106 0.071 0 0.318 0.027 0.443 0.025 0.058 0.004 0.003 0.013 0.021 0.004 0.25 0.039 0.008 0.024 0.108 0.017 0.024 0.312 0.024 0.028 0.065 0.016 0.01 0.217 0.005 0.001 0.015 0.006 0 0.002 0.12 0.009 0.01 0.008 0.011 0 0.001 0.001 0.004 0.002 0.011 0.096 0.002 0.001
0.134 0.159 0.158 0.067 0.013 0.658 1 0.009 0.083 0.001 0.007 0.003 0.003 0.002 0.172 0.157 0.01 0.001 0.005 0.181 0.014 0.018 0.037 0.014 0.089 0.004 0.005 0.601 0.421 0.38 0.015 0.072 0.047 0.001 0.481 0.017 0.671 0.015 0.038 0.003 0.02 0.061 0.013 0.003 0.39 0.02 0.045 0.016 0.153 0.053 0.015 0.478 0.015 0.018 0.097 0.052 0.003 0.334 0.003 0 0.047 0.001 0.004 0.001 0.186 0.005 0.007 0.002 0.04 0.004 0 0.002 0.002 0.001 0.004 0.141 0.001 0
0.239 0.284 0.283 0.124 0.563 0.014 0.009 1 0.115 0.002 0.793 0.418 0.005 0.004 0.305 0.279 0.738 0.002 0.009 0.331 0.024 0.041 0.076 0.604 0.168 0.007 0.01 0.015 0.004 0.005 0.579 0.157 0.113 0.002 0.006 0.301 0.009 0.327 0.101 0.005 0.033 0.069 0 0.004 0.01 0.11 0.092 0.038 0.002 0.008 0.028 0.005 0.028 0.002 0.003 0.009 0.004 0.006 0.007 0.003 0.007 0.03 0.007 0.002 0.004 0.016 0.005 0.033 0.007 0.007 0.002 0.003 0.008 0.002 0.002 0.003 0.007 0.003
0.232 0.189 0.208 0.726 0.189 0.113 0.083 0.115 1 0.011 0.086 0.062 0.034 0.029 0.297 0.284 0.129 0.019 0.034 0.333 0.128 0.252 0.442 0.173 0.712 0.018 0.037 0.104 0.035 0.025 0.146 0.64 0.427 0.015 0.036 0.01 0.046 0.004 0.543 0.035 0.281 0.008 0.075 0.031 0.047 0.015 0.243 0.24 0.015 0.034 0.156 0.031 0.154 0.111 0.005 0.04 0.072 0.018 0.04 0.016 0.035 0.096 0.028 0.007 0.013 0.033 0.069 0.098 0.038 0.028 0.017 0.023 0.04 0.012 0.055 0.007 0.028 0.016
0.007 0.006 0.006 0.014 0.003 0.001 0.001 0.002 0.011 1 0.001 0.001 0 0 0.004 0.001 0.002 0 0.001 0.005 0.002 0.003 0.006 0.002 0.009 0.077 0.001 0.001 0 0 0.003 0.009 0.01 0 0.001 0.002 0.001 0.001 0.007 0.001 0.003 0.008 0.003 0 0.001 0.002 0.008 0.01 0 0.005 0.003 0.001 0.003 0.004 0 0.005 0.004 0.001 0.001 0 0.005 0.003 0.001 0.411 0 0.002 0.001 0.003 0.002 0.001 0 0 0.001 0 0.003 0 0 0
0.19 0.226 0.225 0.099 0.504 0.011 0.007 0.793 0.086 0.001 1 0.526 0.004 0.003 0.242 0.222 0.59 0.002 0.007 0.263 0.019 0.033 0.061 0.476 0.133 0.006 0.008 0.011 0.003 0.004 0.457 0.122 0.087 0.001 0.005 0.213 0.007 0.23 0.078 0.004 0.025 0.045 0 0.003 0.008 0.073 0.062 0.038 0.002 0.003 0.022 0.004 0.022 0 0.002 0.003 0.001 0.005 0.006 0.002 0.002 0.023 0.005 0.001 0.003 0.013 0.003 0.026 0.002 0.005 0.001 0.002 0.006 0.002 0 0.003 0.006 0.002
0.1 0.119 0.118 0.052 0.257 0.006 0.003 0.418 0.062 0.001 0.526 1 0.002 0.002 0.128 0.117 0.349 0.001 0.004 0.139 0.01 0.017 0.032 0.257 0.072 0.003 0.004 0.006 0.002 0.002 0.247 0.071 0.049 0.001 0.003 0.075 0.004 0.079 0.046 0.002 0.012 0.011 0.006 0.002 0.004 0.056 0.017 0.024 0.001 0.001 0.013 0.001 0.013 0.005 0.002 0 0.001 0.003 0.003 0.001 0.001 0.014 0.003 0.001 0.002 0.007 0.005 0.015 0.001 0.003 0.001 0.001 0.003 0.001 0.004 0.002 0.003 0.001
0.021 0.018 0.018 0.04 0.008 0.004 0.003 0.005 0.034 0 0.004 0.002 1 0.001 0.015 0.01 0.006 0.001 0.003 0.01 0.194 0.012 0.059 0.008 0.028 0.002 0.003 0.004 0.001 0.001 0.004 0.02 0.028 0 0.001 0.009 0 0.009 0.033 0.002 0.011 0.047 0.123 0.001 0 0.035 0.025 0.007 0.001 0.09 0.125 0 0.111 0.091 0.001 0.092 0.094 0.001 0 0.441 0.077 0.109 0.002 0.001 0.003 0 0.004 0.072 0.077 0.002 0.187 0.001 0.015 0.001 0.076 0.001 0.002 0.179
0.049 0.058 0.058 0.024 0.006 0.253 0.002 0.004 0.029 0 0.003 0.002 0.001 1 0.063 0.058 0.005 0.001 0.002 0.069 0.006 0.006 0.014 0.006 0.035 0.002 0.002 0.245 0.001 0.001 0.007 0.034 0.025 0.002 0.001 0.008 0.002 0.007 0.021 0.001 0.096 0.024 0.006 0.001 0.002 0.012 0.028 0.013 0 0.009 0.004 0.002 0.004 0.005 0 0.009 0.006 0.001 0.002 0.001 0.008 0.005 0.01 0 0.001 0.001 0.003 0.005 0.008 0.01 0.001 0 0.002 0.001 0.005 0 0.001 0.001
0.491 0.593 0.603 0.245 0.451 0.238 0.172 0.305 0.297 0.004 0.242 0.128 0.015 0.063 1 0.907 0.341 0.04 0.018 0.822 0.066 0.092 0.182 0.454 0.389 0.022 0.021 0.236 0.072 0.084 0.378 0.326 0.242 0.002 0.091 0.112 0.117 0.083 0.203 0.017 0.027 0.062 0.026 0.012 0.122 0.009 0.009 0.062 0.025 0 0.078 0.088 0.079 0.04 0.015 0 0.014 0.058 0.021 0.008 0 0.033 0.003 0.001 0.042 0.009 0.03 0.032 0 0.003 0.007 0.007 0.019 0.007 0.008 0.024 0.001 0.008
0.464 0.541 0.551 0.235 0.416 0.217 0.157 0.279 0.284 0.001 0.222 0.117 0.01 0.058 0.907 1 0.312 0.036 0.02 0.759 0.064 0.087 0.172 0.417 0.365 0.017 0.024 0.215 0.066 0.077 0.353 0.312 0.248 0.003 0.1 0.116 0.122 0.088 0.212 0.018 0.023 0.062 0.03 0.003 0.126 0.01 0.012 0.052 0.023 0 0.085 0.094 0.085 0.046 0.013 0 0.018 0.065 0.019 0.009 0 0.038 0.004 0 0.053 0.011 0.03 0.038 0 0.005 0.008 0.002 0.02 0.006 0.012 0.021 0.002 0.009
0.235 0.257 0.281 0.134 0.646 0.017 0.01 0.738 0.129 0.002 0.59 0.349 0.006 0.005 0.341 0.312 1 0.003 0.01 0.399 0.029 0.049 0.092 0.659 0.201 0.009 0.012 0.016 0.005 0.006 0.631 0.187 0.136 0.002 0.007 0.348 0.011 0.264 0.12 0.006 0.021 0.069 0.002 0.005 0.003 0.102 0.073 0.038 0.003 0.001 0.034 0.006 0.034 0.003 0.004 0.001 0 0.006 0.009 0.004 0 0.013 0.008 0.002 0.003 0 0.007 0.011 0.001 0.008 0.003 0.004 0.009 0.003 0.001 0.004 0.009 0.004
0.02 0.024 0.024 0.016 0.061 0.002 0.001 0.002 0.019 0 0.002 0.001 0.001 0.001 0.04 0.036 0.003 1 0.001 0.043 0.003 0.005 0.01 0.08 0.023 0.001 0.001 0.002 0.001 0.001 0.077 0.022 0.017 0 0.001 0.004 0.001 0.004 0.014 0.001 0.005 0.014 0.003 0.001 0.001 0.009 0.005 0.002 0 0.007 0.004 0.001 0.004 0.005 0 0.007 0.004 0.001 0.001 0 0.006 0.004 0.001 0 0 0.002 0.002 0.003 0.006 0.001 0 0 0.001 0 0.004 0 0.001 0
0.036 0.031 0.031 0.07 0.013 0.007 0.005 0.009 0.034 0.001 0.007 0.004 0.003 0.002 0.018 0.02 0.01 0.001 1 0.026 0.356 0.021 0.113 0.014 0.05 0.004 0.899 0.008 0.002 0.002 0.015 0.046 0.055 0.001 0.003 0.016 0.005 0.015 0.071 0.003 0.015 0.076 0.304 0.002 0.005 0.06 0.038 0.022 0.001 0.159 0.252 0.004 0.266 0.228 0.002 0.149 0.205 0.003 0.004 0.001 0.136 0.243 0.004 0.001 0.002 0.494 0.006 0.221 0.165 0.004 0.001 0.002 0.004 0 0.197 0.002 0.004 0.001
0.536 0.607 0.646 0.285 0.483 0.253 0.181 0.331 0.333 0.005 0.263 0.139 0.01 0.069 0.822 0.759 0.399 0.043 0.026 1 0.063 0.114 0.206 0.536 0.475 0.022 0.026 0.238 0.079 0.065 0.46 0.39 0.271 0.002 0.082 0.118 0.112 0.087 0.229 0.011 0.017 0.058 0.024 0.014 0.118 0.009 0.014 0.081 0.028 0 0.076 0.082 0.079 0.037 0.017 0 0.012 0.051 0.02 0.009 0 0.032 0.005 0.002 0.032 0.009 0.027 0.033 0 0.006 0.008 0.006 0.017 0.007 0.008 0.027 0.009 0.009
0.001 0 0 0.025 0.036 0.02 0.014 0.024 0.128 0.002 0.019 0.01 0.194 0.006 0.066 0.064 0.029 0.003 0.356 0.063 1 0.047 0.288 0.04 0.136 0.01 0.349 0.021 0.006 0.007 0.034 0.124 0.159 0.002 0.003 0.045 0.007 0.042 0.195 0.007 0.046 0.197 0.518 0.005 0.008 0.107 0.11 0.016 0.004 0.419 0.664 0.006 0.661 0.559 0.005 0.394 0.508 0.004 0.208 0.082 0.375 0.467 0.01 0.003 0.001 0.232 0.017 0.519 0.446 0.01 0.078 0.004 0.191 0 0.345 0.006 0.003 0.079
0.149 0.128 0.123 0.307 0.062 0.023 0.018 0.041 0.252 0.003 0.033 0.017 0.012 0.006 0.092 0.087 0.049 0.005 0.021 0.114 0.047 1 0.347 0.067 0.227 0.018 0.014 0.036 0.01 0.011 0.046 0.198 0.047 0.004 0.015 0.022 0.022 0.03 0.068 0.125 0.081 0.014 0.043 0.082 0.02 0 0.011 0.176 0.002 0.047 0.019 0.015 0.014 0.021 0.001 0.037 0.031 0.009 0.017 0.003 0.039 0.016 0.064 0.002 0.006 0.003 0.012 0.02 0.036 0.066 0.003 0.005 0.012 0.005 0.018 0 0.076 0.002
0.092 0.075 0.072 0.308 0.116 0.05 0.037 0.076 0.442 0.006 0.061 0.032 0.059 0.014 0.182 0.172 0.092 0.01 0.113 0.206 0.288 0.347 1 0.125 0.429 0.033 0.125 0.067 0.018 0.021 0.092 0.377 0.195 0.008 0.019 0 0.032 0.001 0.258 0.066 0.15 0.095 0.181 0.043 0.032 0.093 0.093 0.031 0.006 0.134 0.314 0.023 0.33 0.251 0 0.139 0.202 0.014 0.058 0.032 0.127 0.222 0.005 0.006 0.006 0.124 0.033 0.235 0.12 0.006 0.029 0.011 0.06 0.005 0.152 0.001 0.003 0.034
0.295 0.32 0.355 0.153 0.818 0.023 0.014 0.604 0.173 0.002 0.476 0.257 0.008 0.006 0.454 0.417 0.659 0.08 0.014 0.536 0.04 0.067 0.125 1 0.281 0.012 0.016 0.024 0.007 0.008 0.868 0.229 0.164 0.003 0.01 0.301 0.015 0.234 0.143 0.008 0.046 0.038 0.007 0.008 0 0.071 0.041 0.05 0.003 0.009 0.049 0.01 0.048 0.011 0.002 0.011 0.003 0.01 0.011 0.005 0.007 0.026 0.011 0 0.004 0.002 0.012 0.022 0.01 0.011 0.005 0.005 0.013 0.004 0.001 0.002 0.008 0.005
0.275 0.255 0.283 0.603 0.242 0.124 0.089 0.168 0.712 0.009 0.133 0.072 0.028 0.035 0.389 0.365 0.201 0.023 0.05 0.475 0.136 0.227 0.429 0.281 1 0.043 0.055 0.124 0.041 0.031 0.237 0.861 0.63 0.017 0.044 0.03 0.056 0.018 0.538 0.029 0.171 0.003 0.087 0.024 0.056 0.013 0.195 0.204 0.017 0.034 0.171 0.037 0.168 0.111 0.007 0.038 0.079 0.021 0.039 0.018 0.033 0.108 0.022 0.006 0.015 0.041 0.002 0.11 0.041 0.022 0.018 0.026 0.04 0.015 0.062 0.009 0.022 0.017
0.006 0.026 0.026 0.012 0.011 0.006 0.004 0.007 0.018 0.077 0.006 0.003 0.002 0.002 0.022 0.017 0.009 0.001 0.004 0.022 0.01 0.018 0.033 0.012 0.043 1 0.004 0.006 0.002 0.002 0.013 0.043 0.057 0 0.003 0.014 0.004 0.013 0.007 0.002 0.076 0.036 0.012 0 0.004 0.024 0.022 0.002 0.001 0.022 0.013 0.003 0.013 0.015 0.002 0.023 0.017 0.003 0.003 0.001 0.021 0.014 0.003 0.073 0.002 0.007 0.205 0.015 0.021 0.003 0.001 0.001 0.004 0.001 0.014 0.002 0.003 0.001
0.04 0.034 0.034 0.074 0.015 0.008 0.005 0.01 0.037 0.001 0.008 0.004 0.003 0.002 0.021 0.024 0.012 0.001 0.899 0.026 0.349 0.014 0.125 0.016 0.055 0.004 1 0.008 0.002 0.003 0.016 0.051 0.062 0.001 0.003 0.018 0.005 0.017 0.08 0.003 0.017 0.069 0.298 0.003 0.006 0.054 0.043 0.016 0.001 0.152 0.247 0.005 0.257 0.222 0.002 0.143 0.199 0.004 0.004 0.001 0.124 0.235 0.004 0.001 0.002 0.489 0.007 0.206 0.158 0.004 0.001 0.002 0.005 0 0.188 0.002 0.004 0.001
0.171 0.205 0.204 0.083 0.021 0.874 0.601 0.015 0.104 0.001 0.011 0.006 0.004 0.245 0.236 0.215 0.016 0.002 0.008 0.238 0.021 0.036 0.067 0.024 0.124 0.006 0.008 1 0.272 0.243 0.025 0.127 0.091 0 0.357 0.028 0.555 0.025 0.076 0.005 0.003 0.022 0.022 0.004 0.334 0.033 0.009 0.036 0.105 0.03 0.025 0.415 0.024 0.029 0.063 0.026 0.012 0.318 0.005 0.003 0.025 0.008 0 0.002 0.158 0.01 0.011 0.01 0.02 0 0.003 0.001 0.004 0.002 0.014 0.093 0.002 0.003
0.056 0.067 0.067 0.029 0.006 0.281 0.421 0.004 0.035 0 0.003 0.002 0.001 0.001 0.072 0.066 0.005 0.001 0.002 0.079 0.006 0.01 0.018 0.007 0.041 0.002 0.002 0.272 1 0.856 0.007 0.022 0.015 0 0.132 0.008 0.32 0.007 0.012 0.001 0.009 0.021 0.005 0.001 0.059 0.014 0.019 0.004 0.225 0.004 0.006 0.074 0.006 0.007 0.148 0.003 0.006 0.06 0.001 0.001 0.002 0.004 0.002 0 0.109 0.004 0.003 0.005 0.001 0.002 0.001 0.001 0 0.001 0.004 0.232 0 0.001
0.045 0.054 0.054 0.02 0.007 0.251 0.38 0.005 0.025 0 0.004 0.002 0.001 0.001 0.084 0.077 0.006 0.001 0.002 0.065 0.007 0.011 0.021 0.008 0.031 0.002 0.003 0.243 0.856 1 0.008 0.016 0.02 0 0.128 0.002 0.291 0.001 0.016 0.001 0.01 0.027 0.006 0.001 0.057 0.017 0.011 0.006 0.191 0.003 0.007 0.072 0.007 0.008 0.125 0.002 0.005 0.049 0.001 0.001 0.001 0.004 0.002 0.001 0.092 0.003 0.003 0.004 0.001 0.002 0.001 0.001 0 0.001 0.004 0.197 0 0.001
0.256 0.289 0.312 0.128 0.702 0.024 0.015 0.579 0.146 0.003 0.457 0.247 0.004 0.007 0.378 0.353 0.631 0.077 0.015 0.46 0.034 0.046 0.092 0.868 0.237 0.013 0.016 0.025 0.007 0.008 1 0.253 0.188 0.003 0.01 0.355 0.015 0.285 0.165 0.009 0.048 0.055 0.006 0.008 0 0.096 0.054 0.059 0.004 0.008 0.044 0.011 0.044 0.009 0.006 0.01 0.003 0.011 0.012 0.005 0.009 0.023 0.012 0.003 0.005 0.001 0.012 0.024 0.009 0.012 0.005 0.005 0.013 0.004 0.001 0.006 0.012 0.005
0.229 0.217 0.236 0.535 0.194 0.106 0.072 0.157 0.64 0.009 0.122 0.071 0.02 0.034 0.326 0.312 0.187 0.022 0.046 0.39 0.124 0.198 0.377 0.229 0.861 0.043 0.051 0.127 0.022 0.016 0.253 1 0.738 0.016 0.061 0.045 0.09 0.031 0.638 0.031 0.173 0 0.09 0.027 0.089 0.005 0.225 0.245 0.016 0.024 0.175 0.068 0.172 0.115 0.004 0.027 0.082 0.05 0.04 0.017 0.023 0.11 0.023 0.011 0.029 0.043 0.002 0.112 0.029 0.024 0.018 0.026 0.041 0.022 0.064 0.001 0.031 0.017
0.134 0.128 0.142 0.328 0.142 0.071 0.047 0.113 0.427 0.01 0.087 0.049 0.028 0.025 0.242 0.248 0.136 0.017 0.055 0.271 0.159 0.047 0.195 0.164 0.63 0.057 0.062 0.091 0.015 0.02 0.188 0.738 1 0.012 0.043 0.244 0.066 0.223 0.84 0.04 0.112 0.024 0.123 0.023 0.067 0.002 0.366 0.193 0.01 0.054 0.217 0.053 0.211 0.157 0.001 0.059 0.122 0.036 0.053 0.021 0.048 0.145 0.02 0.014 0.021 0.056 0 0.15 0.059 0.021 0.021 0.019 0.055 0.016 0.097 0 0.026 0.021
0.003 0.003 0.003 0.012 0.003 0 0.001 0.002 0.015 0 0.001 0.001 0 0.002 0.002 0.003 0.002 0 0.001 0.002 0.002 0.004 0.008 0.003 0.017 0 0.001 0 0 0 0.003 0.016 0.012 1 0.001 0.003 0.001 0.003 0.011 0.001 0.047 0.01 0.003 0 0.001 0.007 0.02 0.006 0.007 0.005 0.003 0.001 0.003 0.004 0.004 0.005 0.004 0.001 0.001 0 0.005 0.003 0.001 0 0 0.002 0.001 0.003 0.005 0.001 0 0.519 0.001 0 0.003 0 0.001 0
0.062 0.076 0.075 0.027 0.009 0.318 0.481 0.006 0.036 0.001 0.005 0.003 0.001 0.001 0.091 0.1 0.007 0.001 0.003 0.082 0.003 0.015 0.019 0.01 0.044 0.003 0.003 0.357 0.132 0.128 0.01 0.061 0.043 0.001 1 0.011 0.649 0.01 0.039 0.002 0.013 0.058 0.008 0.002 0.243 0.004 0.03 0.021 0.245 0.034 0.009 0.298 0.009 0.011 0.16 0.031 0.003 0.254 0.001 0.001 0.033 0.001 0.002 0.001 0.164 0.002 0.004 0.002 0.027 0.002 0.001 0.001 0.002 0.001 0.002 0.152 0.002 0.001
0.055 0.066 0.077 0.005 0.257 0.027 0.017 0.301 0.01 0.002 0.213 0.075 0.009 0.008 0.112 0.116 0.348 0.004 0.016 0.118 0.045 0.022 0 0.301 0.03 0.014 0.018 0.028 0.008 0.002 0.355 0.045 0.244 0.003 0.011 1 0.017 0.91 0.21 0.01 0.059 0.266 0.047 0.112 0 0.2 0.245 0.014 0.005 0.052 0.054 0.014 0.051 0.056 0.006 0.055 0.033 0.012 0.014 0.004 0.046 0.029 0.004 0.003 0.007 0.004 0.015 0.027 0.052 0.004 0.005 0.006 0.015 0.004 0.025 0.007 0.004 0.004
0.082 0.1 0.099 0.034 0.014 0.443 0.671 0.009 0.046 0.001 0.007 0.004 0 0.002 0.117 0.122 0.011 0.001 0.005 0.112 0.007 0.022 0.032 0.015 0.056 0.004 0.005 0.555 0.32 0.291 0.015 0.09 0.066 0.001 0.649 0.017 1 0.015 0.059 0.003 0.019 0.086 0.013 0.002 0.494 0.008 0.044 0.031 0.163 0.078 0.014 0.602 0.014 0.017 0.103 0.072 0.004 0.463 0.002 0.002 0.07 0.002 0.004 0.001 0.337 0.005 0.007 0.002 0.061 0.004 0.002 0.002 0.001 0.001 0.006 0.098 0.003 0.002
0.037 0.054 0.054 0.001 0.193 0.025 0.015 0.327 0.004 0.001 0.23 0.079 0.009 0.007 0.083 0.088 0.264 0.004 0.015 0.087 0.042 0.03 0.001 0.234 0.018 0.013 0.017 0.025 0.007 0.001 0.285 0.031 0.223 0.003 0.01 0.91 0.015 1 0.191 0.009 0.053 0.24 0.043 0.123 0.016 0.168 0.286 0.009 0.004 0.083 0.049 0.012 0.047 0.056 0.006 0.086 0.062 0.01 0.012 0.004 0.075 0.05 0.003 0.003 0.006 0.025 0.013 0.055 0.078 0.003 0.004 0.005 0.014 0.004 0.053 0.006 0.003 0.004
0.12 0.096 0.109 0.421 0.119 0.058 0.038 0.101 0.543 0.007 0.078 0.046 0.033 0.021 0.203 0.212 0.12 0.014 0.071 0.229 0.195 0.068 0.258 0.143 0.538 0.007 0.08 0.076 0.012 0.016 0.165 0.638 0.84 0.011 0.039 0.21 0.059 0.191 1 0.047 0.233 0.007 0.151 0.019 0.057 0 0.487 0.243 0.01 0.08 0.263 0.045 0.255 0.193 0.001 0.086 0.156 0.031 0.061 0.025 0.073 0.183 0.025 0.011 0.018 0.075 0.047 0.19 0.086 0.026 0.025 0.016 0.065 0.014 0.124 0 0.032 0.025
0.022 0.018 0.018 0.042 0.008 0.004 0.003 0.005 0.035 0.001 0.004 0.002 0.002 0.001 0.017 0.018 0.006 0.001 0.003 0.011 0.007 0.125 0.066 0.008 0.029 0.002 0.003 0.005 0.001 0.001 0.009 0.031 0.04 0.001 0.002 0.01 0.003 0.009 0.047 1 0.009 0.016 0.002 0.001 0.003 0.006 0.012 0.027 0.001 0.004 0.001 0.002 0.001 0.001 0.001 0.005 0.005 0.001 0.002 0.001 0.004 0.001 0.132 0.001 0.001 0 0.001 0.001 0.007 0.141 0.001 0.001 0.002 0.001 0.001 0.001 0.004 0.001
0.011 0.041 0.039 0.232 0.041 0.003 0.02 0.033 0.281 0.003 0.025 0.012 0.011 0.096 0.027 0.023 0.021 0.005 0.015 0.017 0.046 0.081 0.15 0.046 0.171 0.076 0.017 0.003 0.009 0.01 0.048 0.173 0.112 0.047 0.013 0.059 0.019 0.053 0.233 0.009 1 0.222 0.053 0.01 0.021 0.13 0.373 0.098 0.001 0.104 0.064 0.017 0.063 0.071 0.003 0.11 0.08 0.011 0.015 0.007 0.1 0.068 0.003 0.004 0.008 0.035 0.223 0.074 0.1 0.003 0.006 0.076 0.017 0.06 0.068 0.007 0.008 0.006
0.11 0.133 0.144 0 0.042 0.013 0.061 0.069 0.008 0.008 0.045 0.011 0.047 0.024 0.062 0.062 0.069 0.014 0.076 0.058 0.197 0.014 0.095 0.038 0.003 0.036 0.069 0.022 0.021 0.027 0.055 0 0.024 0.01 0.058 0.266 0.086 0.24 0.007 0.016 0.222 1 0.172 0.041 0.093 0.369 0 0.076 0.009 0.287 0.203 0.067 0.196 0.15 0.001 0.258 0.196 0.055 0.068 0.022 0.254 0.203 0.023 0.011 0.032 0.096 0.054 0.225 0.242 0.024 0.02 0.019 0.064 0.013 0.138 0.001 0.023 0.018
0.001 0.001 0.001 0.039 0.004 0.021 0.013 0 0.075 0.003 0 0.006 0.123 0.006 0.026 0.03 0.002 0.003 0.304 0.024 0.518 0.043 0.181 0.007 0.087 0.012 0.298 0.022 0.005 0.006 0.006 0.09 0.123 0.003 0.008 0.047 0.013 0.043 0.151 0.002 0.053 0.172 1 0.007 0.015 0.245 0.134 0.034 0.004 0.523 0.638 0.01 0.623 0.725 0.006 0.496 0.649 0.01 0.071 0.086 0.47 0.624 0.011 0.003 0.006 0.287 0.019 0.516 0.486 0.011 0.085 0.005 0.07 0.003 0.64 0.006 0.012 0.08
0.008 0.014 0.014 0.034 0.007 0.004 0.003 0.004 0.031 0 0.003 0.002 0.001 0.001 0.012 0.003 0.005 0.001 0.002 0.014 0.005 0.082 0.043 0.008 0.024 0 0.003 0.004 0.001 0.001 0.008 0.027 0.023 0 0.002 0.112 0.002 0.123 0.019 0.001 0.01 0.041 0.007 1 0.003 0.015 0.033 0.063 0.001 0.014 0.008 0.002 0.008 0.01 0.001 0.015 0.011 0.002 0.002 0.001 0.011 0.009 0.005 0.001 0.001 0.005 0.003 0.01 0.014 0.004 0.001 0.001 0.002 0.001 0.009 0.001 0.006 0.001
0.085 0.084 0.104 0.037 0.001 0.25 0.39 0.01 0.047 0.001 0.008 0.004 0 0.002 0.122 0.126 0.003 0.001 0.005 0.118 0.008 0.02 0.032 0 0.056 0.004 0.006 0.334 0.059 0.057 0 0.089 0.067 0.001 0.243 0 0.494 0.016 0.057 0.003 0.021 0.093 0.015 0.003 1 0 0.048 0.034 0.001 0.19 0.017 0.763 0.017 0.016 0.002 0.179 0.003 0.613 0.004 0.002 0.174 0.003 0.004 0.001 0.362 0.009 0.007 0.005 0.148 0.004 0.002 0.002 0.003 0.001 0.002 0.002 0.004 0.002
0.015 0.021 0.026 0.013 0.065 0.039 0.02 0.11 0.015 0.002 0.073 0.056 0.035 0.012 0.009 0.01 0.102 0.009 0.06 0.009 0.107 0 0.093 0.071 0.013 0.024 0.054 0.033 0.014 0.017 0.096 0.005 0.002 0.007 0.004 0.2 0.008 0.168 0 0.006 0.13 0.369 0.245 0.015 0 1 0 0.038 0.01 0.185 0.185 0.007 0.18 0.214 0.015 0.166 0.23 0.005 0.012 0.014 0.174 0.245 0.025 0.002 0 0.138 0.05 0.193 0.158 0.026 0.014 0.013 0.014 0.003 0.277 0.015 0.027 0.032
0.005 0 0 0.19 0.035 0.008 0.045 0.092 0.243 0.008 0.062 0.017 0.025 0.028 0.009 0.012 0.073 0.005 0.038 0.014 0.11 0.011 0.093 0.041 0.195 0.022 0.043 0.009 0.019 0.011 0.054 0.225 0.366 0.02 0.03 0.245 0.044 0.286 0.487 0.012 0.373 0 0.134 0.033 0.048 0 1 0.116 0.007 0.253 0.151 0.04 0.149 0.177 0.011 0.269 0.197 0.031 0.036 0.016 0.245 0.16 0.009 0.009 0.018 0.081 0.146 0.174 0.244 0.009 0.016 0.031 0.04 0.026 0.168 0.017 0.014 0.016
0.091 0.067 0.073 0.216 0.043 0.024 0.016 0.038 0.24 0.01 0.038 0.024 0.007 0.013 0.062 0.052 0.038 0.002 0.022 0.081 0.016 0.176 0.031 0.05 0.204 0.002 0.016 0.036 0.004 0.006 0.059 0.245 0.193 0.006 0.021 0.014 0.031 0.009 0.243 0.027 0.098 0.076 0.034 0.063 0.034 0.038 0.116 1 0.009 0.086 0.032 0.027 0.031 0.043 0 0.069 0.049 0.018 0 0 0.079 0.031 0.074 0.013 0.013 0.028 0.035 0.038 0.061 0.076 0.004 0.004 0.001 0.008 0.039 0.001 0.097 0.005
0.018 0.022 0.022 0.01 0.004 0.108 0.153 0.002 0.015 0 0.002 0.001 0.001 0 0.025 0.023 0.003 0 0.001 0.028 0.004 0.002 0.006 0.003 0.017 0.001 0.001 0.105 0.225 0.191 0.004 0.016 0.01 0.007 0.245 0.005 0.163 0.004 0.01 0.001 0.001 0.009 0.004 0.001 0.001 0.01 0.007 0.009 1 0.007 0.004 0.001 0.004 0.005 0.678 0.008 0.006 0.001 0.001 0 0.007 0.005 0.001 0 0.001 0.002 0.002 0.005 0.007 0.001 0 0.003 0.001 0 0.005 0.542 0 0
0.029 0.035 0.042 0.003 0.005 0.017 0.053 0.008 0.034 0.005 0.003 0.001 0.09 0.009 0 0 0.001 0.007 0.159 0 0.419 0.047 0.134 0.009 0.034 0.022 0.152 0.03 0.004 0.003 0.008 0.024 0.054 0.005 0.034 0.052 0.078 0.083 0.08 0.004 0.104 0.287 0.523 0.014 0.19 0.185 0.253 0.086 0.007 1 0.597 0.151 0.583 0.662 0.011 0.937 0.738 0.115 0.141 0.043 0.913 0.602 0.021 0.006 0.068 0.313 0.037 0.653 0.879 0.021 0.045 0.009 0.159 0.006 0.62 0.012 0.022 0.047
0.003 0.002 0.002 0.05 0.037 0.024 0.015 0.028 0.156 0.003 0.022 0.013 0.125 0.004 0.078 0.085 0.034 0.004 0.252 0.076 0.664 0.019 0.314 0.049 0.171 0.013 0.247 0.025 0.006 0.007 0.044 0.175 0.217 0.003 0.009 0.054 0.014 0.049 0.263 0.001 0.064 0.203 0.638 0.008 0.017 0.185 0.151 0.032 0.004 0.597 1 0.014 0.934 0.825 0.007 0.562 0.738 0.011 0.236 0.075 0.54 0.745 0.012 0.003 0.007 0.329 0.022 0.79 0.541 0.012 0.079 0.006 0.254 0.004 0.591 0.007 0.013 0.081
0.059 0.074 0.073 0.024 0.008 0.312 0.478 0.005 0.031 0.001 0.004 0.001 0 0.002 0.088 0.094 0.006 0.001 0.004 0.082 0.006 0.015 0.023 0.01 0.037 0.003 0.005 0.415 0.074 0.072 0.011 0.068 0.053 0.001 0.298 0.014 0.602 0.012 0.045 0.002 0.017 0.067 0.01 0.002 0.763 0.007 0.04 0.027 0.001 0.151 0.014 1 0.013 0.012 0.002 0.146 0.001 0.741 0.003 0 0.138 0 0.003 0.001 0.437 0.004 0.006 0.001 0.125 0.003 0 0.001 0.002 0.001 0.003 0.002 0.003 0
0.003 0.001 0.001 0.048 0.037 0.024 0.015 0.028 0.154 0.003 0.022 0.013 0.111 0.004 0.079 0.085 0.034 0.004 0.266 0.079 0.661 0.014 0.33 0.048 0.168 0.013 0.257 0.024 0.006 0.007 0.044 0.172 0.211 0.003 0.009 0.051 0.014 0.047 0.255 0.001 0.063 0.196 0.623 0.008 0.017 0.18 0.149 0.031 0.004 0.583 0.934 0.013 1 0.813 0.007 0.554 0.727 0.011 0.238 0.082 0.538 0.736 0.012 0.003 0.007 0.344 0.022 0.779 0.533 0.012 0.086 0.006 0.256 0.004 0.58 0.007 0.013 0.088
0 0.001 0.001 0.031 0.007 0.028 0.018 0.002 0.111 0.004 0 0.005 0.091 0.005 0.04 0.046 0.003 0.005 0.228 0.037 0.559 0.021 0.251 0.011 0.111 0.015 0.222 0.029 0.007 0.008 0.009 0.115 0.157 0.004 0.011 0.056 0.017 0.056 0.193 0.001 0.071 0.15 0.725 0.01 0.016 0.214 0.177 0.043 0.005 0.662 0.825 0.012 0.813 1 0.008 0.652 0.818 0.013 0.202 0.07 0.618 0.661 0.013 0.004 0.008 0.32 0.026 0.699 0.618 0.013 0.052 0.007 0.216 0.004 0.688 0.008 0.015 0.074
0.009 0.012 0.012 0.003 0.002 0.065 0.097 0.003 0.005 0 0.002 0.002 0.001 0 0.015 0.013 0.004 0 0.002 0.017 0.005 0.001 0 0.002 0.007 0.002 0.002 0.063 0.148 0.125 0.006 0.004 0.001 0.004 0.16 0.006 0.103 0.006 0.001 0.001 0.003 0.001 0.006 0.001 0.002 0.015 0.011 0 0.678 0.011 0.007 0.002 0.007 0.008 1 0.012 0.009 0.001 0.002 0.001 0.011 0.007 0.001 0 0.001 0.004 0.003 0.008 0.011 0.001 0.001 0.001 0.002 0 0.007 0.609 0.018 0.001
0.023 0.029 0.035 0.006 0.006 0.016 0.052 0.009 0.04 0.005 0.003 0 0.092 0.009 0 0 0.001 0.007 0.149 0 0.394 0.037 0.139 0.011 0.038 0.023 0.143 0.026 0.003 0.002 0.01 0.027 0.059 0.005 0.031 0.055 0.072 0.086 0.086 0.005 0.11 0.258 0.496 0.015 0.179 0.166 0.269 0.069 0.008 0.937 0.562 0.146 0.554 0.652 0.012 1 0.728 0.108 0.133 0.058 0.895 0.595 0.022 0.006 0.064 0.297 0.039 0.643 0.861 0.022 0.06 0.01 0.149 0.007 0.615 0.012 0.023 0.058
0.005 0.006 0.009 0.015 0.001 0.01 0.003 0.004 0.072 0.004 0.001 0.001 0.094 0.006 0.014 0.018 0 0.004 0.205 0.012 0.508 0.031 0.202 0.003 0.079 0.017 0.199 0.012 0.006 0.005 0.003 0.082 0.122 0.004 0.003 0.033 0.004 0.062 0.156 0.005 0.08 0.196 0.649 0.011 0.003 0.23 0.197 0.049 0.006 0.738 0.738 0.001 0.727 0.818 0.009 0.728 1 0.015 0.173 0.072 0.712 0.782 0.016 0.004 0.009 0.397 0.029 0.849 0.702 0.016 0.082 0.007 0.195 0.005 0.802 0.009 0.017 0.079
0.037 0.047 0.046 0.013 0.008 0.217 0.334 0.006 0.018 0.001 0.005 0.003 0.001 0.001 0.058 0.065 0.006 0.001 0.003 0.051 0.004 0.009 0.014 0.01 0.021 0.003 0.004 0.318 0.06 0.049 0.011 0.05 0.036 0.001 0.254 0.012 0.463 0.01 0.031 0.001 0.011 0.055 0.01 0.002 0.613 0.005 0.031 0.018 0.001 0.115 0.011 0.741 0.011 0.013 0.001 0.108 0.015 1 0.003 0.001 0.119 0.012 0.001 0.001 0.56 0.006 0.005 0.013 0.115 0.001 0.001 0.001 0.003 0.001 0.013 0.001 0.003 0.001
0.061 0.075 0.074 0.026 0.008 0.005 0.003 0.007 0.04 0.001 0.006 0.003 0 0.002 0.021 0.019 0.009 0.001 0.004 0.02 0.208 0.017 0.058 0.011 0.039 0.003 0.004 0.005 0.001 0.001 0.012 0.04 0.053 0.001 0.001 0.014 0.002 0.012 0.061 0.002 0.015 0.068 0.071 0.002 0.004 0.012 0.036 0 0.001 0.141 0.236 0.003 0.238 0.202 0.002 0.133 0.173 0.003 1 0 0.136 0.087 0.003 0.001 0.002 0 0.005 0.205 0.145 0.003 0 0.001 0.643 0.001 0.058 0.002 0.003 0
0.01 0.008 0.008 0.02 0.004 0.001 0 0.003 0.016 0 0.002 0.001 0.441 0.001 0.008 0.009 0.004 0 0.001 0.009 0.082 0.003 0.032 0.005 0.018 0.001 0.001 0.003 0.001 0.001 0.005 0.017 0.021 0 0.001 0.004 0.002 0.004 0.025 0.001 0.007 0.022 0.086 0.001 0.002 0.014 0.016 0 0 0.043 0.075 0 0.082 0.07 0.001 0.058 0.072 0.001 0 1 0.057 0.088 0.001 0 0.001 0.003 0.002 0.061 0.041 0.001 0.286 0.001 0.003 0 0.074 0.001 0.001 0.382
0.027 0.033 0.04 0.003 0.005 0.015 0.047 0.007 0.035 0.005 0.002 0.001 0.077 0.008 0 0 0 0.006 0.136 0 0.375 0.039 0.127 0.007 0.033 0.021 0.124 0.025 0.002 0.001 0.009 0.023 0.048 0.005 0.033 0.046 0.07 0.075 0.073 0.004 0.1 0.254 0.47 0.011 0.174 0.174 0.245 0.079 0.007 0.913 0.54 0.138 0.538 0.618 0.011 0.895 0.712 0.119 0.136 0.057 1 0.571 0.02 0.005 0.07 0.269 0.036 0.651 0.863 0.02 0.066 0.009 0.154 0.006 0.612 0.011 0.021 0.064
0.002 0.002 0.001 0.047 0.017 0.006 0.001 0.03 0.096 0.003 0.023 0.014 0.109 0.005 0.033 0.038 0.013 0.004 0.243 0.032 0.467 0.016 0.222 0.026 0.108 0.014 0.235 0.008 0.004 0.004 0.023 0.11 0.145 0.003 0.001 0.029 0.002 0.05 0.183 0.001 0.068 0.203 0.624 0.009 0.003 0.245 0.16 0.031 0.005 0.602 0.745 0 0.736 0.661 0.007 0.595 0.782 0.012 0.087 0.088 0.571 1 0.013 0.004 0.007 0.452 0.023 0.84 0.543 0.013 0.1 0.006 0.11 0.004 0.773 0.007 0.014 0.097
0.014 0.011 0.01 0.035 0.01 0 0.004 0.007 0.028 0.001 0.005 0.003 0.002 0.01 0.003 0.004 0.008 0.001 0.004 0.005 0.01 0.064 0.005 0.011 0.022 0.003 0.004 0 0.002 0.002 0.012 0.023 0.02 0.001 0.002 0.004 0.004 0.003 0.025 0.132 0.003 0.023 0.011 0.005 0.004 0.025 0.009 0.074 0.001 0.021 0.012 0.003 0.012 0.013 0.001 0.022 0.016 0.001 0.003 0.001 0.02 0.013 1 0.001 0.001 0.007 0.005 0.014 0.02 0.987 0.001 0.001 0.003 0.001 0.014 0.002 0.291 0.001
0.003 0.006 0.002 0.008 0 0.002 0.001 0.002 0.007 0.411 0.001 0.001 0.001 0 0.001 0 0.002 0 0.001 0.002 0.003 0.002 0.006 0 0.006 0.073 0.001 0.002 0 0.001 0.003 0.011 0.014 0 0.001 0.003 0.001 0.003 0.011 0.001 0.004 0.011 0.003 0.001 0.001 0.002 0.009 0.013 0 0.006 0.003 0.001 0.003 0.004 0 0.006 0.004 0.001 0.001 0 0.005 0.004 0.001 1 0 0.002 0.001 0.004 0.005 0.001 0 0 0.001 0 0.004 0 0.001 0
0.022 0.028 0.028 0.01 0.004 0.12 0.186 0.004 0.013 0 0.003 0.002 0.003 0.001 0.042 0.053 0.003 0 0.002 0.032 0.001 0.006 0.006 0.004 0.015 0.002 0.002 0.158 0.109 0.092 0.005 0.029 0.021 0 0.164 0.007 0.337 0.006 0.018 0.001 0.008 0.032 0.006 0.001 0.362 0 0.018 0.013 0.001 0.068 0.007 0.437 0.007 0.008 0.001 0.064 0.009 0.56 0.002 0.001 0.07 0.007 0.001 0 1 0.002 0.003 0.008 0.066 0.002 0.001 0.001 0.002 0 0.007 0.001 0.002 0.001
0.016 0.016 0.01 0.05 0.002 0.009 0.005 0.016 0.033 0.002 0.013 0.007 0 0.001 0.009 0.011 0 0.002 0.494 0.009 0.232 0.003 0.124 0.002 0.041 0.007 0.489 0.01 0.004 0.003 0.001 0.043 0.056 0.002 0.002 0.004 0.005 0.025 0.075 0 0.035 0.096 0.287 0.005 0.009 0.138 0.081 0.028 0.002 0.313 0.329 0.004 0.344 0.32 0.004 0.297 0.397 0.006 0 0.003 0.269 0.452 0.007 0.002 0.002 1 0.012 0.413 0.313 0.007 0.003 0.003 0.006 0.002 0.388 0.004 0.007 0.001
0.006 0.033 0.033 0.054 0.01 0.01 0.007 0.005 0.069 0.001 0.003 0.005 0.004 0.003 0.03 0.03 0.007 0.002 0.006 0.027 0.017 0.012 0.033 0.012 0.002 0.205 0.007 0.011 0.003 0.003 0.012 0.002 0 0.001 0.004 0.015 0.007 0.013 0.047 0.001 0.223 0.054 0.019 0.003 0.007 0.05 0.146 0.035 0.002 0.037 0.022 0.006 0.022 0.026 0.003 0.039 0.029 0.005 0.005 0.002 0.036 0.023 0.005 0.001 0.003 0.012 1 0.025 0.036 0.005 0.002 0 0.006 0.002 0.025 0.003 0.005 0.002
0.001 0.001 0.002 0.024 0.014 0.008 0.002 0.033 0.098 0.003 0.026 0.015 0.072 0.005 0.032 0.038 0.011 0.003 0.221 0.033 0.519 0.02 0.235 0.022 0.11 0.015 0.206 0.01 0.005 0.004 0.024 0.112 0.15 0.003 0.002 0.027 0.002 0.055 0.19 0.001 0.074 0.225 0.516 0.01 0.005 0.193 0.174 0.038 0.005 0.653 0.79 0.001 0.779 0.699 0.008 0.643 0.849 0.013 0.205 0.061 0.651 0.84 0.014 0.004 0.008 0.413 0.025 1 0.594 0.014 0.092 0.006 0.23 0.005 0.705 0.008 0.015 0.069
0.018 0.032 0.035 0.004 0.005 0.011 0.04 0.007 0.038 0.002 0.002 0.001 0.077 0.008 0 0 0.001 0.006 0.165 0 0.446 0.036 0.12 0.01 0.041 0.021 0.158 0.02 0.001 0.001 0.009 0.029 0.059 0.005 0.027 0.052 0.061 0.078 0.086 0.007 0.1 0.242 0.486 0.014 0.148 0.158 0.244 0.061 0.007 0.879 0.541 0.125 0.533 0.618 0.011 0.861 0.702 0.115 0.145 0.041 0.863 0.543 0.02 0.005 0.066 0.313 0.036 0.594 1 0.02 0.066 0.009 0.164 0.006 0.565 0.011 0.009 0.047
0.014 0.011 0.01 0.035 0.011 0 0.004 0.007 0.028 0.001 0.005 0.003 0.002 0.01 0.003 0.005 0.008 0.001 0.004 0.006 0.01 0.066 0.006 0.011 0.022 0.003 0.004 0 0.002 0.002 0.012 0.024 0.021 0.001 0.002 0.004 0.004 0.003 0.026 0.141 0.003 0.024 0.011 0.004 0.004 0.026 0.009 0.076 0.001 0.021 0.012 0.003 0.012 0.013 0.001 0.022 0.016 0.001 0.003 0.001 0.02 0.013 0.987 0.001 0.002 0.007 0.005 0.014 0.02 1 0.001 0.001 0.003 0.001 0.014 0.002 0.286 0.001
0.001 0 0 0.006 0.003 0.001 0 0.002 0.017 0 0.001 0.001 0.187 0.001 0.007 0.008 0.003 0 0.001 0.008 0.078 0.003 0.029 0.005 0.018 0.001 0.001 0.003 0.001 0.001 0.005 0.018 0.021 0 0.001 0.005 0.002 0.004 0.025 0.001 0.006 0.02 0.085 0.001 0.002 0.014 0.016 0.004 0 0.045 0.079 0 0.086 0.052 0.001 0.06 0.082 0.001 0 0.286 0.066 0.1 0.001 0 0.001 0.003 0.002 0.092 0.066 0.001 1 0.001 0.002 0 0.085 0.001 0.001 0.435
0.002 0.008 0.008 0.019 0.005 0.001 0.002 0.003 0.023 0 0.002 0.001 0.001 0 0.007 0.002 0.004 0 0.002 0.006 0.004 0.005 0.011 0.005 0.026 0.001 0.002 0.001 0.001 0.001 0.005 0.026 0.019 0.519 0.001 0.006 0.002 0.005 0.016 0.001 0.076 0.019 0.005 0.001 0.002 0.013 0.031 0.004 0.003 0.009 0.006 0.001 0.006 0.007 0.001 0.01 0.007 0.001 0.001 0.001 0.009 0.006 0.001 0 0.001 0.003 0 0.006 0.009 0.001 0.001 1 0.001 0 0.006 0.001 0.001 0.001
0.037 0.047 0.047 0.011 0.007 0.004 0.002 0.008 0.04 0.001 0.006 0.003 0.015 0.002 0.019 0.02 0.009 0.001 0.004 0.017 0.191 0.012 0.06 0.013 0.04 0.004 0.005 0.004 0 0 0.013 0.041 0.055 0.001 0.002 0.015 0.001 0.014 0.065 0.002 0.017 0.064 0.07 0.002 0.003 0.014 0.04 0.001 0.001 0.159 0.254 0.002 0.256 0.216 0.002 0.149 0.195 0.003 0.643 0.003 0.154 0.11 0.003 0.001 0.002 0.006 0.006 0.23 0.164 0.003 0.002 0.001 1 0.001 0.084 0.002 0.003 0.001
0.002 0.007 0.007 0.011 0.003 0.002 0.001 0.002 0.012 0 0.002 0.001 0.001 0.001 0.007 0.006 0.003 0 0 0.007 0 0.005 0.005 0.004 0.015 0.001 0 0.002 0.001 0.001 0.004 0.022 0.016 0 0.001 0.004 0.001 0.004 0.014 0.001 0.06 0.013 0.003 0.001 0.001 0.003 0.026 0.008 0 0.006 0.004 0.001 0.004 0.004 0 0.007 0.005 0.001 0.001 0 0.006 0.004 0.001 0 0 0.002 0.002 0.005 0.006 0.001 0 0 0.001 1 0.004 0 0.001 0
0 0 0.001 0.027 0 0.011 0.004 0.002 0.055 0.003 0 0.004 0.076 0.005 0.008 0.012 0.001 0.004 0.197 0.008 0.345 0.018 0.152 0.001 0.062 0.014 0.188 0.014 0.004 0.004 0.001 0.064 0.097 0.003 0.002 0.025 0.006 0.053 0.124 0.001 0.068 0.138 0.64 0.009 0.002 0.277 0.168 0.039 0.005 0.62 0.591 0.003 0.58 0.688 0.007 0.615 0.802 0.013 0.058 0.074 0.612 0.773 0.014 0.004 0.007 0.388 0.025 0.705 0.565 0.014 0.085 0.006 0.084 0.004 1 0.008 0.015 0.082
0.016 0.02 0.02 0.004 0.002 0.096 0.141 0.003 0.007 0 0.003 0.002 0.001 0 0.024 0.021 0.004 0 0.002 0.027 0.006 0 0.001 0.002 0.009 0.002 0.002 0.093 0.232 0.197 0.006 0.001 0 0 0.152 0.007 0.098 0.006 0 0.001 0.007 0.001 0.006 0.001 0.002 0.015 0.017 0.001 0.542 0.012 0.007 0.002 0.007 0.008 0.609 0.012 0.009 0.001 0.002 0.001 0.011 0.007 0.002 0 0.001 0.004 0.003 0.008 0.011 0.002 0.001 0.001 0.002 0 0.008 1 0.013 0.001
0.02 0.016 0.015 0.037 0.007 0.002 0.001 0.007 0.028 0 0.006 0.003 0.002 0.001 0.001 0.002 0.009 0.001 0.004 0.009 0.003 0.076 0.003 0.008 0.022 0.003 0.004 0.002 0 0 0.012 0.031 0.026 0.001 0.002 0.004 0.003 0.003 0.032 0.004 0.008 0.023 0.012 0.006 0.004 0.027 0.014 0.097 0 0.022 0.013 0.003 0.013 0.015 0.018 0.023 0.017 0.003 0.003 0.001 0.021 0.014 0.291 0.001 0.002 0.007 0.005 0.015 0.009 0.286 0.001 0.001 0.003 0.001 0.015 0.013 1 0.001
0.001 0 0 0.006 0.004 0.001 0 0.003 0.016 0 0.002 0.001 0.179 0.001 0.008 0.009 0.004 0 0.001 0.009 0.079 0.002 0.034 0.005 0.017 0.001 0.001 0.003 0.001 0.001 0.005 0.017 0.021 0 0.001 0.004 0.002 0.004 0.025 0.001 0.006 0.018 0.08 0.001 0.002 0.032 0.016 0.005 0 0.047 0.081 0 0.088 0.074 0.001 0.058 0.079 0.001 0 0.382 0.064 0.097 0.001 0 0.001 0.001 0.002 0.069 0.047 0.001 0.435 0.001 0.001 0 0.082 0.001 0.001 1
