1 0.805 0.804 0.457 0.314 0.2 0.124 0.21 0.302 0.009 0.185 0.104 0.025 0.064 0.497 0.479 0.167 0.05 0.047 0.511 0.016 0.119 0.134 0.259 0.283 0.002 0.052 0.194 0.068 0.069 0.23 0.221 0.126 0.001 0.039 0.02 0.055 0.014 0.119 0.03 0.002 0.022 0.003 0.006 0.04 0.006 0.009 0.059 0.026 0.002 0.013 0.024 0.01 0.002 0.022 0.002 0 0.012 0.03 0.002 0.005 0.006 0.008 0.008 0.006 0.031 0.011 0.001 0.001 0.009 0 0.001 0.021 0.002 0.001 0.028 0.001 0
0.805 1 0.964 0.482 0.367 0.249 0.154 0.261 0.31 0.007 0.23 0.129 0.02 0.08 0.612 0.586 0.196 0.063 0.038 0.59 0.007 0.135 0.132 0.308 0.306 0.02 0.041 0.242 0.084 0.086 0.284 0.242 0.142 0.003 0.052 0.028 0.072 0.024 0.124 0.024 0.01 0.038 0 0.015 0.041 0.011 0.001 0.048 0.035 0.005 0.011 0.032 0.008 0 0.031 0.005 0 0.017 0.04 0.001 0.009 0.005 0.004 0.009 0.01 0.035 0.023 0.001 0.004 0.005 0 0.003 0.028 0.008 0 0.037 0 0
0.804 0.964 1 0.486 0.386 0.243 0.151 0.255 0.315 0.008 0.224 0.126 0.021 0.078 0.623 0.596 0.206 0.061 0.039 0.602 0.007 0.13 0.129 0.324 0.324 0.02 0.043 0.236 0.082 0.084 0.29 0.253 0.15 0.003 0.05 0.031 0.07 0.022 0.131 0.025 0.009 0.038 0 0.015 0.051 0.012 0.001 0.047 0.034 0.005 0.012 0.031 0.009 0.001 0.03 0.006 0.001 0.016 0.039 0.001 0.01 0.004 0.005 0.006 0.01 0.031 0.024 0.001 0.004 0.006 0 0.004 0.028 0.008 0 0.036 0 0
0.457 0.482 0.486 1 0.199 0.12 0.073 0.129 0.794 0.015 0.114 0.064 0.041 0.04 0.321 0.313 0.107 0.038 0.077 0.315 0.052 0.29 0.381 0.179 0.65 0 0.084 0.115 0.042 0.042 0.154 0.584 0.357 0.033 0.019 0 0.028 0 0.412 0.049 0.234 0.007 0.031 0.032 0.02 0.012 0.167 0.142 0.02 0.013 0.067 0.01 0.06 0.038 0.015 0.014 0.021 0.004 0.015 0.003 0.007 0.046 0.02 0.015 0.009 0.064 0.037 0.031 0.015 0.023 0.001 0.034 0.007 0.016 0.022 0.014 0.003 0
0.314 0.367 0.386 0.199 1 0.024 0.015 0.521 0.254 0.003 0.471 0.256 0.009 0.008 0.44 0.41 0.478 0.139 0.018 0.452 0.038 0.074 0.14 0.788 0.231 0.009 0.019 0.024 0.008 0.008 0.672 0.203 0.145 0.004 0.009 0.143 0.012 0.109 0.128 0.011 0.039 0.012 0.003 0.008 0.001 0.032 0.009 0.042 0.003 0.002 0.032 0.002 0.03 0.004 0.002 0.004 0.001 0.006 0.006 0.002 0.002 0.021 0.012 0.002 0.007 0.008 0.01 0.013 0.004 0.012 0.002 0.004 0.004 0.004 0.001 0.003 0.012 0.003
0.2 0.249 0.243 0.12 0.024 1 0.622 0.013 0.137 0.002 0.012 0.007 0.005 0.322 0.243 0.233 0.014 0.004 0.009 0.224 0.024 0.025 0.061 0.026 0.126 0.005 0.01 0.873 0.34 0.348 0.025 0.072 0.042 0 0.182 0.023 0.265 0.022 0.037 0.006 0.024 0 0.027 0.005 0.074 0.048 0 0.006 0.141 0.002 0.026 0.085 0.025 0.031 0.125 0 0.013 0.056 0.004 0.001 0 0.009 0.002 0.003 0.041 0.014 0.006 0.009 0.001 0.002 0.001 0 0.003 0.001 0.011 0.149 0.019 0.001
0.124 0.154 0.151 0.073 0.015 0.622 1 0.008 0.086 0.001 0.007 0.004 0.003 0.003 0.153 0.147 0.009 0.002 0.006 0.131 0.015 0.012 0.033 0.016 0.072 0.003 0.006 0.515 0.542 0.54 0.016 0.025 0.011 0.002 0.302 0.014 0.435 0.013 0.01 0.004 0.009 0.016 0.016 0.003 0.131 0.026 0.026 0 0.123 0.001 0.016 0.147 0.015 0.019 0.109 0.005 0.003 0.097 0.002 0.004 0.004 0.002 0.005 0.002 0.074 0.007 0.004 0.001 0.003 0.005 0.004 0.002 0.001 0.001 0.002 0.141 0.011 0.003
0.21 0.261 0.255 0.129 0.521 0.013 0.008 1 0.14 0.002 0.882 0.494 0.005 0.004 0.241 0.232 0.684 0.003 0.01 0.257 0.019 0.042 0.075 0.457 0.122 0.005 0.011 0.013 0.004 0.005 0.444 0.132 0.09 0.001 0.005 0.226 0.007 0.256 0.086 0.006 0.021 0.048 0.001 0.005 0.005 0.098 0.063 0.034 0.004 0 0.017 0 0.016 0.001 0.005 0 0 0.004 0.004 0 0 0.022 0.006 0.003 0.004 0.013 0.005 0.021 0 0.006 0 0.001 0.006 0.002 0 0.005 0.008 0
0.302 0.31 0.315 0.794 0.254 0.137 0.086 0.14 1 0.013 0.123 0.072 0.036 0.045 0.407 0.388 0.118 0.043 0.061 0.388 0.155 0.247 0.506 0.223 0.754 0.001 0.067 0.131 0.047 0.048 0.187 0.68 0.441 0.038 0.024 0.003 0.035 0.001 0.506 0.043 0.261 0.025 0.086 0.032 0.024 0.03 0.203 0.162 0.024 0.05 0.155 0.013 0.146 0.101 0.02 0.05 0.068 0.005 0.025 0.002 0.038 0.107 0.019 0.015 0.012 0.05 0.043 0.091 0.052 0.021 0.006 0.039 0.024 0.019 0.059 0.019 0.002 0.004
0.009 0.007 0.008 0.015 0.003 0.002 0.001 0.002 0.013 1 0.002 0.001 0.001 0.001 0.003 0.002 0.002 0.001 0.001 0.007 0.003 0.004 0.01 0.004 0.012 0.102 0.001 0.002 0.001 0.001 0.004 0.011 0.013 0 0.001 0.002 0.001 0.002 0.005 0.001 0.004 0.009 0.004 0 0.001 0 0.008 0.013 0.001 0.006 0.004 0.001 0.004 0.005 0.001 0.006 0.005 0 0.001 0.001 0.006 0.005 0.001 0.455 0.001 0.002 0.001 0.005 0.006 0.001 0.001 0.001 0.001 0 0.005 0.001 0.001 0.001
0.185 0.23 0.224 0.114 0.471 0.012 0.007 0.882 0.123 0.002 1 0.56 0.005 0.004 0.211 0.202 0.646 0.003 0.009 0.225 0.016 0.037 0.066 0.397 0.104 0.005 0.01 0.012 0.004 0.004 0.384 0.113 0.076 0.001 0.005 0.173 0.006 0.197 0.073 0.006 0.018 0.034 0.001 0.004 0.005 0.077 0.051 0.032 0.004 0 0.019 0 0.018 0.002 0.004 0 0 0.003 0.004 0 0 0.023 0.005 0.003 0.003 0.016 0.004 0.022 0 0.005 0 0.001 0.005 0.002 0 0.004 0.007 0
0.104 0.129 0.126 0.064 0.256 0.007 0.004 0.494 0.072 0.001 0.56 1 0.003 0.002 0.128 0.123 0.454 0.001 0.005 0.135 0.012 0.021 0.042 0.226 0.054 0.003 0.005 0.007 0.002 0.002 0.225 0.078 0.052 0 0.003 0.09 0.003 0.106 0.053 0.003 0.008 0.014 0.001 0.002 0.003 0.03 0.028 0.021 0.002 0.001 0.014 0.001 0.013 0.003 0.002 0 0.001 0.002 0.002 0.002 0.001 0.016 0.004 0.001 0.002 0.009 0.003 0.016 0 0.004 0.002 0 0.003 0.001 0 0.002 0.004 0.002
0.025 0.02 0.021 0.041 0.009 0.005 0.003 0.005 0.036 0.001 0.005 0.003 1 0.002 0.004 0.004 0.006 0.002 0.004 0.015 0.185 0.016 0.053 0.01 0.032 0.002 0.004 0.005 0.002 0.002 0.006 0.03 0.04 0.001 0.001 0.009 0.002 0.009 0.044 0.002 0.011 0.065 0.123 0.002 0.001 0.049 0.023 0 0.002 0.108 0.161 0.001 0.135 0.093 0.002 0.113 0.118 0.001 0.013 0.161 0.098 0.137 0.003 0.001 0.001 0 0.002 0.115 0.1 0.003 0.09 0.001 0.055 0.001 0.106 0.002 0.003 0.077
0.064 0.08 0.078 0.04 0.008 0.322 0.003 0.004 0.045 0.001 0.004 0.002 0.002 1 0.079 0.076 0.005 0.001 0.003 0.084 0.008 0.013 0.026 0.008 0.05 0.002 0.003 0.32 0.001 0.001 0.008 0.052 0.039 0.008 0.002 0.008 0.002 0.007 0.036 0.002 0.148 0.025 0.009 0.001 0.002 0.02 0.054 0.015 0.021 0.013 0.009 0.001 0.008 0.01 0.018 0.014 0.012 0.001 0.001 0.001 0.013 0.01 0.029 0.001 0.001 0.005 0.002 0.01 0.014 0.027 0.001 0.006 0.002 0.001 0.011 0.016 0.008 0.001
0.497 0.612 0.623 0.321 0.44 0.243 0.153 0.241 0.407 0.003 0.211 0.128 0.004 0.079 1 0.942 0.229 0.076 0.026 0.751 0.061 0.108 0.208 0.431 0.391 0.014 0.03 0.235 0.084 0.087 0.353 0.3 0.224 0.003 0.052 0.056 0.072 0.044 0.208 0.024 0.009 0.018 0.024 0.007 0.053 0.001 0.004 0.048 0.04 0.002 0.06 0.033 0.063 0.024 0.035 0.002 0.009 0.017 0.005 0.004 0 0.032 0.006 0.004 0.03 0.009 0.023 0.024 0.003 0.007 0.004 0.003 0.004 0.008 0.007 0.042 0 0.005
0.479 0.586 0.596 0.313 0.41 0.233 0.147 0.232 0.388 0.002 0.202 0.123 0.004 0.076 0.942 1 0.219 0.073 0.028 0.721 0.064 0.094 0.194 0.413 0.382 0.013 0.031 0.226 0.08 0.083 0.341 0.292 0.241 0.003 0.051 0.068 0.07 0.056 0.226 0.025 0.008 0.019 0.029 0 0.051 0.002 0.008 0.038 0.038 0.004 0.068 0.032 0.072 0.03 0.033 0.004 0.013 0.017 0.005 0.004 0 0.039 0.007 0.003 0.029 0.011 0.023 0.029 0.005 0.008 0.005 0.002 0.008 0.005 0.01 0.04 0 0.005
0.167 0.196 0.206 0.107 0.478 0.014 0.009 0.684 0.118 0.002 0.646 0.454 0.006 0.005 0.229 0.219 1 0.003 0.011 0.299 0.027 0.045 0.092 0.494 0.147 0.006 0.012 0.014 0.005 0.005 0.481 0.123 0.082 0.001 0.006 0.202 0.007 0.157 0.077 0.007 0.017 0.05 0.004 0.005 0.006 0.099 0.033 0.03 0.005 0.007 0.01 0 0.009 0.003 0.005 0.006 0.01 0.004 0.004 0.004 0.009 0.003 0.006 0.003 0.004 0.001 0.006 0.002 0.005 0.007 0.004 0.002 0.005 0.003 0.01 0.005 0.008 0.005
0.05 0.063 0.061 0.038 0.139 0.004 0.002 0.003 0.043 0.001 0.003 0.001 0.002 0.001 0.076 0.073 0.003 1 0.003 0.081 0.007 0.012 0.025 0.15 0.047 0.002 0.003 0.004 0.001 0.001 0.149 0.05 0.038 0.001 0.002 0.004 0.002 0.004 0.034 0.002 0.008 0.019 0.008 0.001 0.002 0.016 0.009 0.007 0.002 0.013 0.008 0.001 0.008 0.01 0.001 0.014 0.011 0.001 0.001 0.001 0.012 0.01 0.002 0.001 0.001 0.005 0.002 0.003 0.013 0.002 0.001 0.001 0.002 0.001 0.01 0.001 0.002 0.001
0.047 0.038 0.039 0.077 0.018 0.009 0.006 0.01 0.061 0.001 0.009 0.005 0.004 0.003 0.026 0.028 0.011 0.003 1 0.036 0.391 0.03 0.117 0.019 0.06 0.004 0.904 0.009 0.003 0.003 0.019 0.052 0.064 0.003 0.004 0.017 0.005 0.016 0.078 0.004 0.017 0.115 0.32 0.003 0.004 0.071 0.038 0.024 0.003 0.217 0.295 0.003 0.257 0.276 0.003 0.2 0.241 0.002 0.003 0.003 0.126 0.271 0.005 0.002 0.003 0.529 0.005 0.256 0.209 0.006 0.003 0.003 0.004 0 0.253 0.004 0.006 0.003
0.511 0.59 0.602 0.315 0.452 0.224 0.131 0.257 0.388 0.007 0.225 0.135 0.015 0.084 0.751 0.721 0.299 0.081 0.036 1 0.072 0.127 0.249 0.532 0.463 0.019 0.027 0.22 0.089 0.091 0.447 0.321 0.204 0.002 0.036 0.039 0.056 0.029 0.184 0.022 0.006 0.009 0.016 0.017 0.037 0.002 0.004 0.072 0.043 0 0.041 0.019 0.037 0.013 0.038 0.002 0.006 0.006 0.015 0.013 0.002 0.026 0.005 0.007 0.016 0 0.021 0.025 0.003 0.006 0.014 0.003 0.013 0.008 0.009 0.045 0 0.015
0.016 0.007 0.007 0.052 0.038 0.024 0.015 0.019 0.155 0.003 0.016 0.012 0.185 0.008 0.061 0.064 0.027 0.007 0.391 0.072 1 0.066 0.28 0.049 0.15 0.009 0.417 0.022 0.008 0.009 0.043 0.111 0.148 0.007 0 0.044 0 0.041 0.172 0.011 0.045 0.274 0.629 0.006 0 0.185 0.098 0.018 0.008 0.528 0.685 0 0.626 0.551 0.008 0.487 0.523 0.001 0.149 0.025 0.383 0.577 0.014 0.005 0 0.259 0.012 0.52 0.527 0.015 0.049 0.007 0.168 0.002 0.487 0.009 0.007 0.043
0.119 0.135 0.13 0.29 0.074 0.025 0.012 0.042 0.247 0.004 0.037 0.021 0.016 0.013 0.108 0.094 0.045 0.012 0.03 0.127 0.066 1 0.38 0.08 0.235 0.015 0.03 0.04 0.013 0.014 0.055 0.196 0.034 0.011 0.015 0.058 0.02 0.06 0.045 0.071 0.07 0.016 0.075 0.079 0.016 0.01 0.004 0.139 0.003 0.08 0.043 0.008 0.033 0.043 0.001 0.062 0.052 0.006 0.011 0 0.044 0.038 0.027 0 0.012 0.021 0.011 0.036 0.054 0.034 0 0.011 0.014 0.007 0.056 0.001 0.005 0
0.134 0.132 0.129 0.381 0.14 0.061 0.033 0.075 0.506 0.01 0.066 0.042 0.053 0.026 0.208 0.194 0.092 0.025 0.117 0.249 0.28 0.38 1 0.163 0.487 0.031 0.128 0.078 0.027 0.028 0.123 0.382 0.179 0.022 0.01 0.005 0.018 0.006 0.22 0.02 0.145 0.11 0.158 0.039 0.012 0.078 0.072 0.025 0.011 0.117 0.233 0.005 0.226 0.175 0.008 0.123 0.149 0.002 0.045 0.017 0.103 0.196 0.002 0.001 0.005 0.079 0.028 0.173 0.122 0.003 0.03 0.022 0.047 0.01 0.129 0.007 0.003 0.026
0.259 0.308 0.324 0.179 0.788 0.026 0.016 0.457 0.223 0.004 0.397 0.226 0.01 0.008 0.431 0.413 0.494 0.15 0.019 0.532 0.049 0.08 0.163 1 0.28 0.01 0.021 0.026 0.009 0.009 0.855 0.215 0.146 0.007 0.01 0.133 0.013 0.107 0.134 0.012 0.052 0.011 0.002 0.009 0 0.034 0.005 0.053 0.002 0.002 0.03 0.003 0.027 0.003 0.001 0.003 0.001 0.007 0.008 0.007 0.001 0.02 0.013 0.003 0 0 0.011 0.013 0.003 0.014 0.008 0.007 0.01 0.005 0 0.002 0.013 0.008
0.283 0.306 0.324 0.65 0.231 0.126 0.072 0.122 0.754 0.012 0.104 0.054 0.032 0.05 0.391 0.382 0.147 0.047 0.06 0.463 0.15 0.235 0.487 0.28 1 0.032 0.067 0.145 0.052 0.053 0.234 0.745 0.516 0.035 0.028 0.003 0.04 0.001 0.468 0.032 0.203 0.019 0.072 0.025 0.028 0.028 0.158 0.149 0.024 0.037 0.136 0.015 0.128 0.083 0.019 0.049 0.07 0.007 0.025 0.022 0.039 0.114 0.01 0.014 0.014 0.031 0.003 0.097 0.053 0.012 0.023 0.036 0.029 0.021 0.062 0.018 0 0.026
0.002 0.02 0.02 0 0.009 0.005 0.003 0.005 0.001 0.102 0.005 0.003 0.002 0.002 0.014 0.013 0.006 0.002 0.004 0.019 0.009 0.015 0.031 0.01 0.032 1 0.004 0.005 0.002 0.002 0.01 0.03 0.04 0 0.002 0.009 0.002 0.008 0.001 0.002 0.024 0.018 0.011 0.003 0.002 0.014 0.004 0.001 0.002 0.009 0.005 0.002 0.004 0.006 0.002 0.01 0.008 0.001 0.001 0.001 0.008 0.006 0.002 0.077 0.001 0.002 0.132 0.006 0.009 0.002 0.001 0 0.002 0.001 0.006 0.002 0.003 0.002
0.052 0.041 0.043 0.084 0.019 0.01 0.006 0.011 0.067 0.001 0.01 0.005 0.004 0.003 0.03 0.031 0.012 0.003 0.904 0.027 0.417 0.03 0.128 0.021 0.067 0.004 1 0.01 0.004 0.004 0.021 0.059 0.073 0.003 0.004 0.019 0.005 0.018 0.087 0.005 0.019 0.122 0.346 0.004 0.004 0.08 0.043 0.025 0.003 0.234 0.321 0.004 0.285 0.298 0.004 0.216 0.26 0.003 0.003 0.003 0.116 0.293 0.006 0.002 0.003 0.572 0.005 0.237 0.225 0.006 0.003 0.003 0.004 0 0.275 0.004 0.006 0.003
0.194 0.242 0.236 0.115 0.024 0.873 0.515 0.013 0.131 0.002 0.012 0.007 0.005 0.32 0.235 0.226 0.014 0.004 0.009 0.22 0.022 0.04 0.078 0.026 0.145 0.005 0.01 1 0.338 0.346 0.026 0.094 0.059 0 0.25 0.024 0.353 0.019 0.054 0.006 0.025 0.002 0.027 0.005 0.13 0.036 0 0.014 0.141 0 0.026 0.147 0.025 0.031 0.124 0 0.022 0.118 0.004 0.003 0 0.018 0.002 0.003 0.092 0.014 0.006 0.018 0.001 0.002 0.004 0 0.003 0.001 0.021 0.148 0.019 0.004
0.068 0.084 0.082 0.042 0.008 0.34 0.542 0.004 0.047 0.001 0.004 0.002 0.002 0.001 0.084 0.08 0.005 0.001 0.003 0.089 0.008 0.013 0.027 0.009 0.052 0.002 0.004 0.338 1 0.963 0.009 0.006 0.003 0.001 0.127 0.008 0.236 0.007 0.002 0.002 0.009 0.007 0.009 0.002 0.022 0.021 0.02 0.001 0.112 0.001 0.009 0.025 0.009 0.011 0.1 0.001 0.01 0.022 0.001 0.001 0.001 0.008 0.002 0.001 0.019 0.006 0.002 0.008 0.002 0.003 0.001 0.001 0 0.001 0.009 0.145 0.029 0.001
0.069 0.086 0.084 0.042 0.008 0.348 0.54 0.005 0.048 0.001 0.004 0.002 0.002 0.001 0.087 0.083 0.005 0.001 0.003 0.091 0.009 0.014 0.028 0.009 0.053 0.002 0.004 0.346 0.963 1 0.009 0.007 0.003 0 0.134 0.008 0.24 0.007 0.002 0.002 0.008 0.007 0.01 0.002 0.026 0.022 0.018 0 0.107 0.001 0.01 0.029 0.009 0.011 0.096 0.001 0.009 0.021 0.001 0.001 0.001 0.007 0.003 0.001 0.018 0.005 0.002 0.007 0.001 0.003 0.001 0 0 0.001 0.008 0.139 0.028 0.001
0.23 0.284 0.29 0.154 0.672 0.025 0.016 0.444 0.187 0.004 0.384 0.225 0.006 0.008 0.353 0.341 0.481 0.149 0.019 0.447 0.043 0.055 0.123 0.855 0.234 0.01 0.021 0.026 0.009 0.009 1 0.259 0.183 0.007 0.01 0.182 0.013 0.152 0.169 0.012 0.052 0.025 0.001 0.009 0 0.056 0.013 0.064 0.003 0.001 0.025 0.003 0.023 0.001 0.004 0.002 0 0.007 0.007 0.007 0.001 0.017 0.015 0.006 0 0 0.011 0.013 0.002 0.016 0.008 0.007 0.009 0.005 0 0.004 0.015 0.008
0.221 0.242 0.253 0.584 0.203 0.072 0.025 0.132 0.68 0.011 0.113 0.078 0.03 0.052 0.3 0.292 0.123 0.05 0.052 0.321 0.111 0.196 0.382 0.215 0.745 0.03 0.059 0.094 0.006 0.007 0.259 1 0.714 0.037 0.062 0.018 0.081 0.015 0.658 0.037 0.228 0.003 0.086 0.028 0.066 0.014 0.231 0.209 0.025 0.03 0.156 0.047 0.148 0.097 0.019 0.036 0.075 0.035 0.022 0.013 0.027 0.121 0.017 0.017 0.049 0.044 0.004 0.104 0.04 0.02 0.022 0.038 0.027 0.029 0.068 0.011 0.013 0.016
0.126 0.142 0.15 0.357 0.145 0.042 0.011 0.09 0.441 0.013 0.076 0.052 0.04 0.039 0.224 0.241 0.082 0.038 0.064 0.204 0.148 0.034 0.179 0.146 0.516 0.04 0.073 0.059 0.003 0.003 0.183 0.714 1 0.027 0.041 0.212 0.055 0.204 0.888 0.049 0.156 0.008 0.12 0.026 0.05 0 0.358 0.179 0.013 0.06 0.193 0.045 0.171 0.128 0.009 0.07 0.115 0.026 0.03 0.018 0.045 0.159 0.024 0.023 0.035 0.056 0.001 0.139 0.071 0.027 0.02 0.028 0.038 0.022 0.103 0.004 0.016 0.022
0.001 0.003 0.003 0.033 0.004 0 0.002 0.001 0.038 0 0.001 0 0.001 0.008 0.003 0.003 0.001 0.001 0.003 0.002 0.007 0.011 0.022 0.007 0.035 0 0.003 0 0.001 0 0.007 0.037 0.027 1 0.001 0.006 0.002 0.006 0.03 0.002 0.124 0.021 0.007 0.001 0.001 0.017 0.059 0.013 0.001 0.011 0.007 0.001 0.007 0.009 0 0.012 0.01 0.001 0.001 0.001 0.011 0.009 0.002 0.001 0.001 0.005 0.002 0.008 0.011 0.002 0.001 0.711 0.001 0.001 0.009 0.001 0.002 0.001
0.039 0.052 0.05 0.019 0.009 0.182 0.302 0.005 0.024 0.001 0.005 0.003 0.001 0.002 0.052 0.051 0.006 0.002 0.004 0.036 0 0.015 0.01 0.01 0.028 0.002 0.004 0.25 0.127 0.134 0.01 0.062 0.041 0.001 1 0.008 0.725 0.009 0.042 0.002 0.01 0.061 0.011 0.002 0.283 0.007 0.022 0.018 0.203 0.019 0.011 0.314 0.01 0.013 0.183 0.017 0.007 0.314 0.002 0.001 0.016 0.005 0.003 0.001 0.246 0.004 0.002 0.005 0.014 0.002 0.002 0.001 0.002 0.001 0.005 0.17 0.001 0.001
0.02 0.028 0.031 0 0.143 0.023 0.014 0.226 0.003 0.002 0.173 0.09 0.009 0.008 0.056 0.068 0.202 0.004 0.017 0.039 0.044 0.058 0.005 0.133 0.003 0.009 0.019 0.024 0.008 0.008 0.182 0.018 0.212 0.006 0.008 1 0.012 0.894 0.19 0.011 0.05 0.237 0.038 0.14 0.001 0.191 0.19 0.007 0.007 0.035 0.037 0.003 0.028 0.038 0.008 0.034 0.025 0.006 0.006 0.002 0.018 0.02 0.011 0.005 0.007 0.004 0.01 0.017 0.032 0.006 0.002 0.007 0.008 0.004 0.02 0.009 0.003 0.002
0.055 0.072 0.07 0.028 0.012 0.265 0.435 0.007 0.035 0.001 0.006 0.003 0.002 0.002 0.072 0.07 0.007 0.002 0.005 0.056 0 0.02 0.018 0.013 0.04 0.002 0.005 0.353 0.236 0.24 0.013 0.081 0.055 0.002 0.725 0.012 1 0.008 0.055 0.003 0.013 0.08 0.014 0.002 0.428 0.01 0.028 0.024 0.158 0.033 0.014 0.474 0.013 0.016 0.142 0.029 0.009 0.471 0.002 0.002 0.032 0.007 0.004 0.001 0.382 0.006 0.003 0.007 0.027 0.004 0.002 0.002 0.001 0.001 0.009 0.131 0.003 0.002
0.014 0.024 0.022 0 0.109 0.022 0.013 0.256 0.001 0.002 0.197 0.106 0.009 0.007 0.044 0.056 0.157 0.004 0.016 0.029 0.041 0.06 0.006 0.107 0.001 0.008 0.018 0.019 0.007 0.007 0.152 0.015 0.204 0.006 0.009 0.894 0.008 1 0.19 0.01 0.043 0.225 0.031 0.153 0.006 0.177 0.218 0.007 0.007 0.049 0.033 0.001 0.025 0.032 0.008 0.047 0.039 0.004 0.006 0.001 0.029 0.034 0.01 0.005 0.004 0.017 0.009 0.033 0.041 0.011 0.002 0.006 0.008 0.004 0.034 0.008 0.007 0.002
0.119 0.124 0.131 0.412 0.128 0.037 0.01 0.086 0.506 0.005 0.073 0.053 0.044 0.036 0.208 0.226 0.077 0.034 0.078 0.184 0.172 0.045 0.22 0.134 0.468 0.001 0.087 0.054 0.002 0.002 0.169 0.658 0.888 0.03 0.042 0.19 0.055 0.19 1 0.054 0.232 0.002 0.138 0.022 0.045 0.003 0.421 0.204 0.015 0.076 0.222 0.041 0.198 0.147 0.01 0.087 0.135 0.023 0.033 0.02 0.059 0.186 0.027 0.014 0.032 0.07 0.033 0.165 0.088 0.03 0.022 0.03 0.042 0.021 0.121 0.004 0.02 0.025
0.03 0.024 0.025 0.049 0.011 0.006 0.004 0.006 0.043 0.001 0.006 0.003 0.002 0.002 0.024 0.025 0.007 0.002 0.004 0.022 0.011 0.071 0.02 0.012 0.032 0.002 0.005 0.006 0.002 0.002 0.012 0.037 0.049 0.002 0.002 0.011 0.003 0.01 0.054 1 0.011 0.032 0.013 0.002 0.002 0.024 0.019 0.025 0.002 0.017 0.011 0.002 0.01 0.007 0.002 0.018 0.017 0 0.002 0.002 0.016 0.013 0.44 0.001 0.002 0.008 0 0.012 0.02 0.422 0.002 0.002 0.003 0.001 0.013 0.002 0.062 0.002
0.002 0.01 0.009 0.234 0.039 0.024 0.009 0.021 0.261 0.004 0.018 0.008 0.011 0.148 0.009 0.008 0.017 0.008 0.017 0.006 0.045 0.07 0.145 0.052 0.203 0.024 0.019 0.025 0.009 0.008 0.052 0.228 0.156 0.124 0.01 0.05 0.013 0.043 0.232 0.011 1 0.167 0.055 0.01 0.011 0.11 0.403 0.083 0 0.077 0.059 0.01 0.056 0.065 0 0.091 0.075 0.005 0.008 0.008 0.08 0.069 0 0.006 0.008 0.037 0.161 0.068 0.087 0.001 0.008 0.127 0.012 0.085 0.067 0.001 0 0.009
0.022 0.038 0.038 0.007 0.012 0 0.016 0.048 0.025 0.009 0.034 0.014 0.065 0.025 0.018 0.019 0.05 0.019 0.115 0.009 0.274 0.016 0.11 0.011 0.019 0.018 0.122 0.002 0.007 0.007 0.025 0.003 0.008 0.021 0.061 0.237 0.08 0.225 0.002 0.032 0.167 1 0.244 0.053 0.067 0.464 0 0.048 0.002 0.302 0.274 0.034 0.244 0.188 0.001 0.27 0.216 0.036 0.05 0.008 0.233 0.265 0.037 0.013 0.024 0.125 0.034 0.243 0.255 0.04 0.013 0.022 0.067 0.014 0.212 0 0.032 0.011
0.003 0 0 0.031 0.003 0.027 0.016 0.001 0.086 0.004 0.001 0.001 0.123 0.009 0.024 0.029 0.004 0.008 0.32 0.016 0.629 0.075 0.158 0.002 0.072 0.011 0.346 0.027 0.009 0.01 0.001 0.086 0.12 0.007 0.011 0.038 0.014 0.031 0.138 0.013 0.055 0.244 1 0.01 0.011 0.255 0.127 0.035 0.009 0.672 0.737 0.004 0.697 0.802 0.01 0.627 0.738 0.007 0.107 0.032 0.516 0.643 0.016 0.006 0.007 0.288 0.014 0.562 0.627 0.017 0.053 0.007 0.145 0.005 0.71 0.01 0.016 0.045
0.006 0.015 0.015 0.032 0.008 0.005 0.003 0.005 0.032 0 0.004 0.002 0.002 0.001 0.007 0 0.005 0.001 0.003 0.017 0.006 0.079 0.039 0.009 0.025 0.003 0.004 0.005 0.002 0.002 0.009 0.028 0.026 0.001 0.002 0.14 0.002 0.153 0.022 0.002 0.01 0.053 0.01 1 0.002 0.007 0.02 0.035 0.001 0.015 0.01 0.002 0.009 0.012 0.002 0.016 0.013 0.001 0.001 0.001 0.004 0.011 0.001 0.001 0.001 0.006 0.002 0.011 0.015 0.001 0.001 0.001 0.002 0.001 0.012 0.002 0 0.001
0.04 0.041 0.051 0.02 0.001 0.074 0.131 0.005 0.024 0.001 0.005 0.003 0.001 0.002 0.053 0.051 0.006 0.002 0.004 0.037 0 0.016 0.012 0 0.028 0.002 0.004 0.13 0.022 0.026 0 0.066 0.05 0.001 0.283 0.001 0.428 0.006 0.045 0.002 0.011 0.067 0.011 0.002 1 0.001 0.024 0.019 0.002 0.125 0.011 0.647 0.01 0.012 0.002 0.116 0.002 0.584 0.002 0.001 0.112 0.002 0.003 0.001 0.474 0.005 0.003 0.004 0.09 0.003 0.002 0.001 0 0.001 0.003 0.002 0.003 0.001
0.006 0.011 0.012 0.012 0.032 0.048 0.026 0.098 0.03 0 0.077 0.03 0.049 0.02 0.001 0.002 0.099 0.016 0.071 0.002 0.185 0.01 0.078 0.034 0.028 0.014 0.08 0.036 0.021 0.022 0.056 0.014 0 0.017 0.007 0.191 0.01 0.177 0.003 0.024 0.11 0.464 0.255 0.007 0.001 1 0.002 0.036 0.02 0.261 0.285 0.004 0.298 0.26 0.022 0.241 0.279 0.001 0.043 0.014 0.243 0.29 0.031 0.003 0.002 0.143 0.031 0.249 0.241 0.033 0.014 0.017 0.056 0.002 0.27 0.023 0.029 0.019
0.009 0.001 0.001 0.167 0.009 0 0.026 0.063 0.203 0.008 0.051 0.028 0.023 0.054 0.004 0.008 0.033 0.009 0.038 0.004 0.098 0.004 0.072 0.005 0.158 0.004 0.043 0 0.02 0.018 0.013 0.231 0.358 0.059 0.022 0.19 0.028 0.218 0.421 0.019 0.403 0 0.127 0.02 0.024 0.002 1 0.106 0.002 0.179 0.125 0.021 0.119 0.148 0.003 0.204 0.17 0.016 0.018 0.016 0.181 0.147 0.008 0.013 0.017 0.078 0.108 0.144 0.19 0.01 0.017 0.06 0.025 0.04 0.152 0.007 0.004 0.018
0.059 0.048 0.047 0.142 0.042 0.006 0 0.034 0.162 0.013 0.032 0.021 0 0.015 0.048 0.038 0.03 0.007 0.024 0.072 0.018 0.139 0.025 0.053 0.149 0.001 0.025 0.014 0.001 0 0.064 0.209 0.179 0.013 0.018 0.007 0.024 0.007 0.204 0.025 0.083 0.048 0.035 0.035 0.019 0.036 0.106 1 0.015 0.071 0.032 0.017 0.029 0.04 0.008 0.047 0.038 0.008 0.003 0.006 0.042 0.026 0.024 0.032 0.014 0.046 0.022 0.025 0.046 0.03 0.001 0.008 0.003 0.009 0.035 0.003 0.029 0
0.026 0.035 0.034 0.02 0.003 0.141 0.123 0.004 0.024 0.001 0.004 0.002 0.002 0.021 0.04 0.038 0.005 0.002 0.003 0.043 0.008 0.003 0.011 0.002 0.024 0.002 0.003 0.141 0.112 0.107 0.003 0.025 0.013 0.001 0.203 0.007 0.158 0.007 0.015 0.002 0 0.002 0.009 0.001 0.002 0.02 0.002 0.015 1 0.013 0.009 0.001 0.008 0.01 0.908 0.014 0.012 0.001 0.001 0.001 0.012 0.01 0.002 0.001 0.001 0.005 0.002 0.01 0.013 0.002 0.001 0.001 0.002 0.001 0.01 0.761 0.009 0.001
0.002 0.005 0.005 0.013 0.002 0.002 0.001 0 0.05 0.006 0 0.001 0.108 0.013 0.002 0.004 0.007 0.013 0.217 0 0.528 0.08 0.117 0.002 0.037 0.009 0.234 0 0.001 0.001 0.001 0.03 0.06 0.011 0.019 0.035 0.033 0.049 0.076 0.017 0.077 0.302 0.672 0.015 0.125 0.261 0.179 0.071 0.013 1 0.666 0.094 0.608 0.722 0.014 0.903 0.774 0.07 0.094 0.018 0.786 0.664 0.024 0.009 0.053 0.359 0.019 0.624 0.864 0.025 0.035 0.011 0.132 0.008 0.688 0.015 0.024 0.032
0.013 0.011 0.012 0.067 0.032 0.026 0.016 0.017 0.155 0.004 0.019 0.014 0.161 0.009 0.06 0.068 0.01 0.008 0.295 0.041 0.685 0.043 0.233 0.03 0.136 0.005 0.321 0.026 0.009 0.01 0.025 0.156 0.193 0.007 0.011 0.037 0.014 0.033 0.222 0.011 0.059 0.274 0.737 0.01 0.011 0.285 0.125 0.032 0.009 0.666 1 0.01 0.88 0.786 0.009 0.615 0.727 0.007 0.141 0.033 0.505 0.817 0.016 0.006 0.007 0.406 0.014 0.752 0.61 0.017 0.058 0.008 0.185 0.005 0.645 0.01 0.016 0.053
0.024 0.032 0.031 0.01 0.002 0.085 0.147 0 0.013 0.001 0 0.001 0.001 0.001 0.033 0.032 0 0.001 0.003 0.019 0 0.008 0.005 0.003 0.015 0.002 0.004 0.147 0.025 0.029 0.003 0.047 0.045 0.001 0.314 0.003 0.474 0.001 0.041 0.002 0.01 0.034 0.004 0.002 0.647 0.004 0.021 0.017 0.001 0.094 0.01 1 0.004 0.001 0.002 0.105 0 0.643 0.001 0.002 0.1 0 0.003 0.001 0.523 0.004 0.002 0 0.089 0.003 0.002 0.001 0 0.001 0.001 0.002 0.003 0.002
0.01 0.008 0.009 0.06 0.03 0.025 0.015 0.016 0.146 0.004 0.018 0.013 0.135 0.008 0.063 0.072 0.009 0.008 0.257 0.037 0.626 0.033 0.226 0.027 0.128 0.004 0.285 0.025 0.009 0.009 0.023 0.148 0.171 0.007 0.01 0.028 0.013 0.025 0.198 0.01 0.056 0.244 0.697 0.009 0.01 0.298 0.119 0.029 0.008 0.608 0.88 0.004 1 0.746 0.009 0.585 0.691 0.007 0.148 0.053 0.543 0.776 0.015 0.006 0.007 0.346 0.013 0.711 0.579 0.016 0.083 0.007 0.195 0.005 0.607 0.01 0.015 0.076
0.002 0 0.001 0.038 0.004 0.031 0.019 0.001 0.101 0.005 0.002 0.003 0.093 0.01 0.024 0.03 0.003 0.01 0.276 0.013 0.551 0.043 0.175 0.003 0.083 0.006 0.298 0.031 0.011 0.011 0.001 0.097 0.128 0.009 0.013 0.038 0.016 0.032 0.147 0.007 0.065 0.188 0.802 0.012 0.012 0.26 0.148 0.04 0.01 0.722 0.786 0.001 0.746 1 0.011 0.704 0.819 0.009 0.119 0.042 0.595 0.691 0.012 0.007 0.009 0.365 0.016 0.634 0.696 0.013 0.035 0.009 0.156 0.006 0.719 0.012 0.019 0.059
0.022 0.031 0.03 0.015 0.002 0.125 0.109 0.005 0.02 0.001 0.004 0.002 0.002 0.018 0.035 0.033 0.005 0.001 0.003 0.038 0.008 0.001 0.008 0.001 0.019 0.002 0.004 0.124 0.1 0.096 0.004 0.019 0.009 0 0.183 0.008 0.142 0.008 0.01 0.002 0 0.001 0.01 0.002 0.002 0.022 0.003 0.008 0.908 0.014 0.009 0.002 0.009 0.011 1 0.015 0.013 0.001 0.001 0.001 0.014 0.011 0.003 0.001 0.001 0.006 0.002 0.011 0.015 0.003 0.001 0 0.002 0.001 0.011 0.836 0.012 0.001
0.002 0.005 0.006 0.014 0.004 0 0.005 0 0.05 0.006 0 0 0.113 0.014 0.002 0.004 0.006 0.014 0.2 0.002 0.487 0.062 0.123 0.003 0.049 0.01 0.216 0 0.001 0.001 0.002 0.036 0.07 0.012 0.017 0.034 0.029 0.047 0.087 0.018 0.091 0.27 0.627 0.016 0.116 0.241 0.204 0.047 0.014 0.903 0.615 0.105 0.585 0.704 0.015 1 0.833 0.065 0.086 0.081 0.842 0.722 0.026 0.01 0.048 0.336 0.022 0.681 0.918 0.027 0.086 0.012 0.122 0.008 0.747 0.016 0.026 0.09
0 0 0.001 0.021 0.001 0.013 0.003 0 0.068 0.005 0 0.001 0.118 0.012 0.009 0.013 0.01 0.011 0.241 0.006 0.523 0.052 0.149 0.001 0.07 0.008 0.26 0.022 0.01 0.009 0 0.075 0.115 0.01 0.007 0.025 0.009 0.039 0.135 0.017 0.075 0.216 0.738 0.013 0.002 0.279 0.17 0.038 0.012 0.774 0.727 0 0.691 0.819 0.013 0.833 1 0.01 0.101 0.082 0.72 0.854 0.021 0.008 0.01 0.403 0.018 0.807 0.811 0.023 0.103 0.01 0.144 0.007 0.878 0.014 0.022 0.106
0.012 0.017 0.016 0.004 0.006 0.056 0.097 0.004 0.005 0 0.003 0.002 0.001 0.001 0.017 0.017 0.004 0.001 0.002 0.006 0.001 0.006 0.002 0.007 0.007 0.001 0.003 0.118 0.022 0.021 0.007 0.035 0.026 0.001 0.314 0.006 0.471 0.004 0.023 0 0.005 0.036 0.007 0.001 0.584 0.001 0.016 0.008 0.001 0.07 0.007 0.643 0.007 0.009 0.001 0.065 0.01 1 0.001 0.001 0.073 0.009 0 0.001 0.717 0.005 0.002 0.008 0.066 0.001 0.001 0.001 0.001 0.001 0.009 0.001 0.002 0.001
0.03 0.04 0.039 0.015 0.006 0.004 0.002 0.004 0.025 0.001 0.004 0.002 0.013 0.001 0.005 0.005 0.004 0.001 0.003 0.015 0.149 0.011 0.045 0.008 0.025 0.001 0.003 0.004 0.001 0.001 0.007 0.022 0.03 0.001 0.002 0.006 0.002 0.006 0.033 0.002 0.008 0.05 0.107 0.001 0.002 0.043 0.018 0.003 0.001 0.094 0.141 0.001 0.148 0.119 0.001 0.086 0.101 0.001 1 0 0.095 0.098 0.002 0.001 0.001 0.002 0.002 0.122 0.087 0.002 0 0.001 0.535 0.001 0.066 0.001 0.002 0
0.002 0.001 0.001 0.003 0.002 0.001 0.004 0 0.002 0.001 0 0.002 0.161 0.001 0.004 0.004 0.004 0.001 0.003 0.013 0.025 0 0.017 0.007 0.022 0.001 0.003 0.003 0.001 0.001 0.007 0.013 0.018 0.001 0.001 0.002 0.002 0.001 0.02 0.002 0.008 0.008 0.032 0.001 0.001 0.014 0.016 0.006 0.001 0.018 0.033 0.002 0.053 0.042 0.001 0.081 0.082 0.001 0 1 0.077 0.096 0.002 0.001 0.001 0.005 0.002 0.09 0.067 0.002 0.235 0.001 0.013 0.001 0.079 0.001 0.002 0.479
0.005 0.009 0.01 0.007 0.002 0 0.004 0 0.038 0.006 0 0.001 0.098 0.013 0 0 0.009 0.012 0.126 0.002 0.383 0.044 0.103 0.001 0.039 0.008 0.116 0 0.001 0.001 0.001 0.027 0.045 0.011 0.016 0.018 0.032 0.029 0.059 0.016 0.08 0.233 0.516 0.004 0.112 0.243 0.181 0.042 0.012 0.786 0.505 0.1 0.543 0.595 0.014 0.842 0.72 0.073 0.095 0.077 1 0.605 0.023 0.009 0.055 0.227 0.019 0.622 0.828 0.024 0.097 0.011 0.135 0.007 0.65 0.015 0.023 0.102
0.006 0.005 0.004 0.046 0.021 0.009 0.002 0.022 0.107 0.005 0.023 0.016 0.137 0.01 0.032 0.039 0.003 0.01 0.271 0.026 0.577 0.038 0.196 0.02 0.114 0.006 0.293 0.018 0.008 0.007 0.017 0.121 0.159 0.009 0.005 0.02 0.007 0.034 0.186 0.013 0.069 0.265 0.643 0.011 0.002 0.29 0.147 0.026 0.01 0.664 0.817 0 0.776 0.691 0.011 0.722 0.854 0.009 0.098 0.096 0.605 1 0.019 0.007 0.009 0.452 0.016 0.898 0.692 0.02 0.119 0.009 0.147 0.006 0.793 0.012 0.019 0.123
0.008 0.004 0.005 0.02 0.012 0.002 0.005 0.006 0.019 0.001 0.005 0.004 0.003 0.029 0.006 0.007 0.006 0.002 0.005 0.005 0.014 0.027 0.002 0.013 0.01 0.002 0.006 0.002 0.002 0.003 0.015 0.017 0.024 0.002 0.003 0.011 0.004 0.01 0.027 0.44 0 0.037 0.016 0.001 0.003 0.031 0.008 0.024 0.002 0.024 0.016 0.003 0.015 0.012 0.003 0.026 0.021 0 0.002 0.002 0.023 0.019 1 0.002 0.002 0.01 0.004 0.018 0.025 0.943 0.002 0.002 0.003 0.001 0.019 0.003 0.101 0.002
0.008 0.009 0.006 0.015 0.002 0.003 0.002 0.003 0.015 0.455 0.003 0.001 0.001 0.001 0.004 0.003 0.003 0.001 0.002 0.007 0.005 0 0.001 0.003 0.014 0.077 0.002 0.003 0.001 0.001 0.006 0.017 0.023 0.001 0.001 0.005 0.001 0.005 0.014 0.001 0.006 0.013 0.006 0.001 0.001 0.003 0.013 0.032 0.001 0.009 0.006 0.001 0.006 0.007 0.001 0.01 0.008 0.001 0.001 0.001 0.009 0.007 0.002 1 0.001 0.004 0.001 0.007 0.01 0.002 0.001 0.001 0.001 0.001 0.007 0.001 0.002 0.001
0.006 0.01 0.01 0.009 0.007 0.041 0.074 0.004 0.012 0.001 0.003 0.002 0.001 0.001 0.03 0.029 0.004 0.001 0.003 0.016 0 0.012 0.005 0 0.014 0.001 0.003 0.092 0.019 0.018 0 0.049 0.035 0.001 0.246 0.007 0.382 0.004 0.032 0.002 0.008 0.024 0.007 0.001 0.474 0.002 0.017 0.014 0.001 0.053 0.007 0.523 0.007 0.009 0.001 0.048 0.01 0.717 0.001 0.001 0.055 0.009 0.002 0.001 1 0.001 0.002 0.008 0.049 0.002 0.001 0.001 0.001 0.001 0.009 0.001 0.002 0.001
0.031 0.035 0.031 0.064 0.008 0.014 0.007 0.013 0.05 0.002 0.016 0.009 0 0.005 0.009 0.011 0.001 0.005 0.529 0 0.259 0.021 0.079 0 0.031 0.002 0.572 0.014 0.006 0.005 0 0.044 0.056 0.005 0.004 0.004 0.006 0.017 0.07 0.008 0.037 0.125 0.288 0.006 0.005 0.143 0.078 0.046 0.005 0.359 0.406 0.004 0.346 0.365 0.006 0.336 0.403 0.005 0.002 0.005 0.227 0.452 0.01 0.004 0.001 1 0.008 0.387 0.339 0.01 0.005 0.005 0.006 0.003 0.362 0.006 0.01 0.003
0.011 0.023 0.024 0.037 0.01 0.006 0.004 0.005 0.043 0.001 0.004 0.003 0.002 0.002 0.023 0.023 0.006 0.002 0.005 0.021 0.012 0.011 0.028 0.011 0.003 0.132 0.005 0.006 0.002 0.002 0.011 0.004 0.001 0.002 0.002 0.01 0.003 0.009 0.033 0 0.161 0.034 0.014 0.002 0.003 0.031 0.108 0.022 0.002 0.019 0.014 0.002 0.013 0.016 0.002 0.022 0.018 0.002 0.002 0.002 0.019 0.016 0.004 0.001 0.002 0.008 1 0.016 0.021 0.004 0.002 0.002 0.003 0.001 0.016 0.002 0 0.002
0.001 0.001 0.001 0.031 0.013 0.009 0.001 0.021 0.091 0.005 0.022 0.016 0.115 0.01 0.024 0.029 0.002 0.003 0.256 0.025 0.52 0.036 0.173 0.013 0.097 0.006 0.237 0.018 0.008 0.007 0.013 0.104 0.139 0.008 0.005 0.017 0.007 0.033 0.165 0.012 0.068 0.243 0.562 0.011 0.004 0.249 0.144 0.025 0.01 0.624 0.752 0 0.711 0.634 0.011 0.681 0.807 0.008 0.122 0.09 0.622 0.898 0.018 0.007 0.008 0.387 0.016 1 0.651 0.019 0.122 0.009 0.173 0.006 0.742 0.012 0.018 0.117
0.001 0.004 0.004 0.015 0.004 0.001 0.003 0 0.052 0.006 0 0 0.1 0.014 0.003 0.005 0.005 0.013 0.209 0.003 0.527 0.054 0.122 0.003 0.053 0.009 0.225 0.001 0.002 0.001 0.002 0.04 0.071 0.011 0.014 0.032 0.027 0.041 0.088 0.02 0.087 0.255 0.627 0.015 0.09 0.241 0.19 0.046 0.013 0.864 0.61 0.089 0.579 0.696 0.015 0.918 0.811 0.066 0.087 0.067 0.828 0.692 0.025 0.01 0.049 0.339 0.021 0.651 1 0.026 0.089 0.012 0.127 0.008 0.718 0.016 0.017 0.09
0.009 0.005 0.006 0.023 0.012 0.002 0.005 0.006 0.021 0.001 0.005 0.004 0.003 0.027 0.007 0.008 0.007 0.002 0.006 0.006 0.015 0.034 0.003 0.014 0.012 0.002 0.006 0.002 0.003 0.003 0.016 0.02 0.027 0.002 0.002 0.006 0.004 0.011 0.03 0.422 0.001 0.04 0.017 0.001 0.003 0.033 0.01 0.03 0.002 0.025 0.017 0.003 0.016 0.013 0.003 0.027 0.023 0.001 0.002 0.002 0.024 0.02 0.943 0.002 0.002 0.01 0.004 0.019 0.026 1 0.002 0.002 0.003 0.001 0.02 0.003 0.128 0.002
0 0 0 0.001 0.002 0.001 0.004 0 0.006 0.001 0 0.002 0.09 0.001 0.004 0.005 0.004 0.001 0.003 0.014 0.049 0 0.03 0.008 0.023 0.001 0.003 0.004 0.001 0.001 0.008 0.022 0.02 0.001 0.002 0.002 0.002 0.002 0.022 0.002 0.008 0.013 0.053 0.001 0.002 0.014 0.017 0.001 0.001 0.035 0.058 0.002 0.083 0.035 0.001 0.086 0.103 0.001 0 0.235 0.097 0.119 0.002 0.001 0.001 0.005 0.002 0.122 0.089 0.002 1 0.001 0.002 0.001 0.101 0.001 0.002 0.557
0.001 0.003 0.004 0.034 0.004 0 0.002 0.001 0.039 0.001 0.001 0 0.001 0.006 0.003 0.002 0.002 0.001 0.003 0.003 0.007 0.011 0.022 0.007 0.036 0 0.003 0 0.001 0 0.007 0.038 0.028 0.711 0.001 0.007 0.002 0.006 0.03 0.002 0.127 0.022 0.007 0.001 0.001 0.017 0.06 0.008 0.001 0.011 0.008 0.001 0.007 0.009 0 0.012 0.01 0.001 0.001 0.001 0.011 0.009 0.002 0.001 0.001 0.005 0.002 0.009 0.012 0.002 0.001 1 0.002 0.001 0.009 0.001 0.002 0.001
0.021 0.028 0.028 0.007 0.004 0.003 0.001 0.006 0.024 0.001 0.005 0.003 0.055 0.002 0.004 0.008 0.005 0.002 0.004 0.013 0.168 0.014 0.047 0.01 0.029 0.002 0.004 0.003 0 0 0.009 0.027 0.038 0.001 0.002 0.008 0.001 0.008 0.042 0.003 0.012 0.067 0.145 0.002 0 0.056 0.025 0.003 0.002 0.132 0.185 0 0.195 0.156 0.002 0.122 0.144 0.001 0.535 0.013 0.135 0.147 0.003 0.001 0.001 0.006 0.003 0.173 0.127 0.003 0.002 0.002 1 0.001 0.115 0.002 0.003 0.002
0.002 0.008 0.008 0.016 0.004 0.001 0.001 0.002 0.019 0 0.002 0.001 0.001 0.001 0.008 0.005 0.003 0.001 0 0.008 0.002 0.007 0.01 0.005 0.021 0.001 0 0.001 0.001 0.001 0.005 0.029 0.022 0.001 0.001 0.004 0.001 0.004 0.021 0.001 0.085 0.014 0.005 0.001 0.001 0.002 0.04 0.009 0.001 0.008 0.005 0.001 0.005 0.006 0.001 0.008 0.007 0.001 0.001 0.001 0.007 0.006 0.001 0.001 0.001 0.003 0.001 0.006 0.008 0.001 0.001 0.001 0.001 1 0.006 0.001 0.001 0.001
0.001 0 0 0.022 0.001 0.011 0.002 0 0.059 0.005 0 0 0.106 0.011 0.007 0.01 0.01 0.01 0.253 0.009 0.487 0.056 0.129 0 0.062 0.006 0.275 0.021 0.009 0.008 0 0.068 0.103 0.009 0.005 0.02 0.009 0.034 0.121 0.013 0.067 0.212 0.71 0.012 0.003 0.27 0.152 0.035 0.01 0.688 0.645 0.001 0.607 0.719 0.011 0.747 0.878 0.009 0.066 0.079 0.65 0.793 0.019 0.007 0.009 0.362 0.016 0.742 0.718 0.02 0.101 0.009 0.115 0.006 1 0.012 0.019 0.109
0.028 0.037 0.036 0.014 0.003 0.149 0.141 0.005 0.019 0.001 0.004 0.002 0.002 0.016 0.042 0.04 0.005 0.001 0.004 0.045 0.009 0.001 0.007 0.002 0.018 0.002 0.004 0.148 0.145 0.139 0.004 0.011 0.004 0.001 0.17 0.009 0.131 0.008 0.004 0.002 0.001 0 0.01 0.002 0.002 0.023 0.007 0.003 0.761 0.015 0.01 0.002 0.01 0.012 0.836 0.016 0.014 0.001 0.001 0.001 0.015 0.012 0.003 0.001 0.001 0.006 0.002 0.012 0.016 0.003 0.001 0.001 0.002 0.001 0.012 1 0.014 0.001
0.001 0 0 0.003 0.012 0.019 0.011 0.008 0.002 0.001 0.007 0.004 0.003 0.008 0 0 0.008 0.002 0.006 0 0.007 0.005 0.003 0.013 0 0.003 0.006 0.019 0.029 0.028 0.015 0.013 0.016 0.002 0.001 0.003 0.003 0.007 0.02 0.062 0 0.032 0.016 0 0.003 0.029 0.004 0.029 0.009 0.024 0.016 0.003 0.015 0.019 0.012 0.026 0.022 0.002 0.002 0.002 0.023 0.019 0.101 0.002 0.002 0.01 0 0.018 0.017 0.128 0.002 0.002 0.003 0.001 0.019 0.014 1 0.002
0 0 0 0 0.003 0.001 0.003 0 0.004 0.001 0 0.002 0.077 0.001 0.005 0.005 0.005 0.001 0.003 0.015 0.043 0 0.026 0.008 0.026 0.002 0.003 0.004 0.001 0.001 0.008 0.016 0.022 0.001 0.001 0.002 0.002 0.002 0.025 0.002 0.009 0.011 0.045 0.001 0.001 0.019 0.018 0 0.001 0.032 0.053 0.002 0.076 0.059 0.001 0.09 0.106 0.001 0 0.479 0.102 0.123 0.002 0.001 0.001 0.003 0.002 0.117 0.09 0.002 0.557 0.001 0.002 0.001 0.109 0.001 0.002 1
