1 0.803 0.809 0.39 0.356 0.153 0.121 0.257 0.231 0.015 0.225 0.114 0.028 0.024 0.448 0.401 0.236 0.038 0.039 0.477 0.005 0.115 0.105 0.307 0.205 0 0.045 0.139 0.043 0.037 0.272 0.178 0.112 0.006 0.056 0.088 0.084 0.07 0.116 0.02 0.025 0.106 0.001 0.003 0.066 0.034 0.011 0.08 0 0.01 0.004 0.039 0.002 0.001 0.002 0.005 0 0.028 0.035 0.013 0.009 0.002 0.005 0.009 0.038 0.017 0.005 0 0.005 0.005 0.005 0.004 0.02 0.01 0 0.004 0.008 0.005
0.803 1 0.974 0.383 0.424 0.187 0.148 0.315 0.212 0.012 0.277 0.139 0.023 0.03 0.568 0.501 0.288 0.046 0.031 0.581 0.001 0.104 0.078 0.373 0.225 0.023 0.037 0.171 0.053 0.047 0.341 0.2 0.134 0.007 0.07 0.122 0.104 0.101 0.11 0.016 0.067 0.159 0 0.01 0.078 0.065 0.002 0.058 0.002 0.023 0.001 0.051 0 0 0.004 0.015 0.002 0.036 0.048 0.01 0.022 0 0.002 0.01 0.049 0.012 0.033 0.001 0.015 0.003 0.003 0.009 0.028 0.015 0.001 0.007 0.005 0.003
0.809 0.974 1 0.391 0.437 0.187 0.148 0.314 0.218 0.012 0.275 0.139 0.023 0.03 0.569 0.502 0.292 0.046 0.032 0.593 0.001 0.1 0.076 0.384 0.236 0.023 0.037 0.17 0.052 0.046 0.344 0.206 0.138 0.007 0.069 0.123 0.103 0.1 0.113 0.016 0.064 0.16 0 0.01 0.082 0.066 0.003 0.059 0.002 0.024 0.001 0.051 0 0 0.004 0.016 0.002 0.036 0.047 0.01 0.022 0 0.002 0.007 0.048 0.012 0.033 0.001 0.016 0.003 0.003 0.009 0.029 0.015 0.002 0.007 0.005 0.003
0.39 0.383 0.391 1 0.198 0.057 0.041 0.135 0.753 0.028 0.119 0.06 0.052 0.013 0.204 0.206 0.132 0.022 0.073 0.224 0.031 0.257 0.297 0.177 0.559 0.001 0.062 0.05 0.023 0.018 0.148 0.53 0.392 0.023 0.026 0.025 0.04 0.018 0.467 0.038 0.215 0.002 0.029 0.023 0.032 0.002 0.26 0.215 0.002 0.006 0.044 0.016 0.05 0.03 0.004 0.01 0.021 0.011 0.012 0.014 0.008 0.042 0.018 0.017 0.008 0.028 0.053 0.023 0.008 0.018 0.011 0.025 0 0.016 0.024 0 0.01 0.012
0.356 0.424 0.437 0.198 1 0.017 0.014 0.598 0.233 0.006 0.543 0.259 0.011 0.003 0.485 0.439 0.616 0.098 0.015 0.527 0.039 0.057 0.119 0.806 0.26 0.011 0.018 0.016 0.005 0.006 0.725 0.226 0.187 0.003 0.008 0.3 0.011 0.242 0.164 0.007 0.041 0.048 0.012 0.005 0.001 0.066 0.06 0.037 0.005 0.019 0.041 0.009 0.038 0.015 0.002 0.024 0.022 0.006 0.01 0.005 0.02 0.035 0.009 0.003 0.007 0.016 0.014 0.029 0.021 0.01 0.005 0.004 0.01 0.007 0.014 0.002 0.006 0.006
0.153 0.187 0.187 0.057 0.017 1 0.792 0.011 0.088 0.002 0.01 0.005 0.004 0.16 0.186 0.166 0.012 0.002 0.006 0.186 0.017 0.012 0.035 0.019 0.071 0.005 0.007 0.838 0.28 0.267 0.019 0.065 0.04 0.001 0.323 0.011 0.507 0.01 0.033 0.003 0.001 0.032 0.007 0.002 0.289 0.008 0.011 0.02 0.044 0.026 0.007 0.276 0.006 0.01 0.044 0.025 0 0.182 0.004 0.001 0.025 0 0 0.002 0.241 0.001 0.007 0 0.021 0 0.001 0.001 0 0.003 0 0.059 0.001 0
0.121 0.148 0.148 0.041 0.014 0.792 1 0.009 0.077 0.002 0.008 0.004 0.003 0.001 0.158 0.141 0.01 0.001 0.005 0.159 0.013 0.011 0.031 0.015 0.06 0.004 0.005 0.685 0.354 0.338 0.015 0.054 0.032 0.002 0.411 0.008 0.643 0.007 0.026 0.002 0.017 0.063 0.004 0.002 0.369 0.003 0.029 0.018 0.022 0.046 0.004 0.353 0.004 0.006 0.022 0.043 0 0.233 0.004 0 0.042 0.001 0.003 0.002 0.308 0 0.006 0.001 0.037 0.003 0 0.002 0.001 0.002 0 0.033 0.001 0
0.257 0.315 0.314 0.135 0.598 0.011 0.009 1 0.151 0.004 0.877 0.442 0.007 0.002 0.323 0.288 0.79 0.003 0.01 0.352 0.024 0.038 0.078 0.564 0.174 0.007 0.011 0.01 0.003 0.004 0.553 0.17 0.136 0.002 0.005 0.419 0.007 0.384 0.126 0.005 0.03 0.109 0.003 0.003 0.006 0.157 0.134 0.039 0.005 0.011 0.028 0.005 0.026 0.005 0.005 0.013 0.014 0.004 0.008 0.003 0.01 0.033 0.007 0.004 0.005 0.015 0.009 0.034 0.011 0.007 0.002 0.003 0.009 0.005 0.007 0.004 0.007 0.003
0.231 0.212 0.218 0.753 0.233 0.088 0.077 0.151 1 0.023 0.131 0.072 0.044 0.016 0.285 0.29 0.149 0.027 0.053 0.306 0.134 0.215 0.433 0.212 0.721 0.002 0.043 0.088 0.027 0.022 0.182 0.693 0.51 0.028 0.034 0.039 0.051 0.028 0.604 0.032 0.263 0.001 0.075 0.02 0.04 0.008 0.335 0.243 0.005 0.04 0.127 0.022 0.14 0.093 0.007 0.044 0.074 0.015 0.042 0.01 0.043 0.102 0.03 0.016 0.029 0.03 0.067 0.08 0.039 0.031 0.015 0.03 0.03 0.021 0.068 0.002 0.006 0.016
0.015 0.012 0.012 0.028 0.006 0.002 0.002 0.004 0.023 1 0.003 0.002 0.001 0 0.011 0.005 0.004 0.001 0.002 0.01 0.006 0.006 0.015 0.006 0.021 0.107 0.002 0.002 0.001 0.001 0.007 0.021 0.023 0.001 0.001 0.005 0.001 0.004 0.021 0 0.007 0.019 0.006 0 0.001 0 0.017 0.049 0.001 0.009 0.007 0.001 0.006 0.008 0.001 0.011 0.009 0.001 0.002 0.001 0.009 0.008 0.001 0.488 0.001 0.003 0.002 0.008 0.01 0.001 0.001 0.001 0.002 0.001 0.008 0.001 0.001 0.001
0.225 0.277 0.275 0.119 0.543 0.01 0.008 0.877 0.131 0.003 1 0.504 0.006 0.002 0.282 0.251 0.681 0.003 0.009 0.307 0.021 0.033 0.067 0.491 0.152 0.007 0.01 0.009 0.003 0.003 0.481 0.148 0.118 0.002 0.004 0.348 0.006 0.31 0.11 0.005 0.026 0.088 0.001 0.003 0.005 0.13 0.109 0.04 0.004 0.007 0.024 0.005 0.022 0.003 0.004 0.009 0.01 0.004 0.007 0.002 0.006 0.028 0.006 0.003 0.004 0.013 0.007 0.03 0.007 0.006 0.002 0.002 0.008 0.004 0.004 0.004 0.006 0.002
0.114 0.139 0.139 0.06 0.259 0.005 0.004 0.442 0.072 0.002 0.504 1 0.003 0.001 0.148 0.132 0.4 0.001 0.004 0.162 0.013 0.017 0.037 0.255 0.081 0.003 0.005 0.005 0.001 0.002 0.249 0.08 0.061 0 0.002 0.151 0.003 0.108 0.059 0.002 0.011 0.033 0 0.001 0.003 0.057 0.044 0.028 0.002 0.001 0.014 0.002 0.013 0 0.002 0.002 0.005 0.002 0.003 0.003 0.001 0.016 0.003 0.002 0.002 0.006 0.005 0.017 0.001 0.003 0.002 0.001 0.004 0.002 0 0.002 0.003 0.003
0.028 0.023 0.023 0.052 0.011 0.004 0.003 0.007 0.044 0.001 0.006 0.003 1 0.001 0.002 0.001 0.008 0.001 0.004 0.006 0.209 0.014 0.067 0.012 0.038 0.003 0.004 0.004 0.001 0.001 0.011 0.029 0.036 0.001 0 0.011 0 0.011 0.041 0.002 0.011 0.062 0.105 0.001 0 0.045 0.028 0.001 0.002 0.113 0.143 0 0.124 0.108 0.002 0.121 0.108 0 0.023 0.208 0.108 0.122 0.002 0.001 0 0 0.003 0.091 0.103 0.003 0.036 0.001 0.096 0.002 0.107 0.001 0.002 0.091
0.024 0.03 0.03 0.013 0.003 0.16 0.001 0.002 0.016 0 0.002 0.001 0.001 1 0.032 0.029 0.002 0 0.001 0.031 0.003 0.004 0.008 0.003 0.015 0.001 0.001 0.156 0 0 0.003 0.015 0.012 0 0 0.003 0.001 0.003 0.011 0 0.045 0.01 0.003 0 0.001 0.008 0.018 0.005 0.033 0.004 0.003 0.001 0.003 0.004 0.033 0.004 0.003 0 0.001 0.001 0.003 0.002 0.009 0 0 0 0.001 0.002 0.003 0.009 0.001 0 0.001 0 0.003 0.035 0.021 0
0.448 0.568 0.569 0.204 0.485 0.186 0.158 0.323 0.285 0.011 0.282 0.148 0.002 0.032 1 0.885 0.339 0.055 0.012 0.733 0.037 0.069 0.129 0.474 0.315 0.022 0.017 0.182 0.056 0.065 0.41 0.276 0.226 0.006 0.075 0.169 0.111 0.137 0.196 0.015 0.05 0.101 0.017 0.002 0.088 0.035 0.011 0.038 0.004 0 0.038 0.056 0.037 0.019 0.007 0 0.012 0.039 0.005 0.013 0.001 0.019 0.012 0.008 0.066 0.007 0.03 0.016 0 0.012 0.012 0.007 0.001 0.014 0.008 0.012 0 0.012
0.401 0.501 0.502 0.206 0.439 0.166 0.141 0.288 0.29 0.005 0.251 0.132 0.001 0.029 0.885 1 0.302 0.049 0.015 0.677 0.04 0.078 0.144 0.445 0.314 0.007 0.02 0.163 0.05 0.058 0.408 0.269 0.22 0.007 0.079 0.161 0.112 0.132 0.203 0.017 0.037 0.089 0.021 0.001 0.091 0.03 0.016 0.038 0.003 0 0.044 0.058 0.042 0.024 0.005 0.001 0.016 0.044 0.006 0.015 0 0.024 0.014 0.003 0.071 0.01 0.024 0.021 0.001 0.014 0.014 0.004 0.001 0.008 0.011 0.009 0 0.014
0.236 0.288 0.292 0.132 0.616 0.012 0.01 0.79 0.149 0.004 0.681 0.4 0.008 0.002 0.339 0.302 1 0.003 0.011 0.404 0.031 0.042 0.092 0.603 0.202 0.008 0.013 0.012 0.003 0.004 0.59 0.193 0.155 0.002 0.006 0.45 0.008 0.367 0.143 0.004 0.025 0.111 0.005 0.004 0 0.146 0.135 0.036 0.005 0.008 0.033 0.006 0.031 0.006 0.005 0.01 0.01 0.005 0.009 0.006 0.007 0.026 0.007 0.004 0.005 0.009 0.01 0.027 0.008 0.008 0.006 0.003 0.009 0.005 0.005 0.005 0.007 0.007
0.038 0.046 0.046 0.022 0.098 0.002 0.001 0.003 0.027 0.001 0.003 0.001 0.001 0 0.055 0.049 0.003 1 0.002 0.06 0.005 0.006 0.014 0.097 0.03 0.001 0.002 0.002 0.001 0.001 0.095 0.03 0.025 0.001 0.001 0.005 0.001 0.005 0.022 0.001 0.006 0.017 0.005 0.001 0.001 0.013 0.011 0.001 0 0.008 0.005 0.001 0.005 0.006 0 0.009 0.007 0.001 0.001 0.001 0.008 0.006 0.001 0.001 0.001 0.002 0.002 0.001 0.008 0.001 0.001 0.001 0.002 0.001 0.007 0 0.001 0.001
0.039 0.031 0.032 0.073 0.015 0.006 0.005 0.01 0.053 0.002 0.009 0.004 0.004 0.001 0.012 0.015 0.011 0.002 1 0.027 0.348 0.02 0.118 0.017 0.054 0.004 0.844 0.005 0.002 0.002 0.017 0.038 0.041 0.002 0.003 0.016 0.004 0.015 0.054 0.003 0.008 0.066 0.238 0.002 0.003 0.053 0.028 0.014 0.002 0.162 0.217 0.003 0.219 0.192 0.002 0.139 0.177 0.002 0.004 0.001 0.088 0.191 0.003 0.002 0.002 0.441 0.006 0.17 0.15 0.004 0.001 0.002 0.005 0.003 0.168 0.002 0.004 0.001
0.477 0.581 0.593 0.224 0.527 0.186 0.159 0.352 0.306 0.01 0.307 0.162 0.006 0.031 0.733 0.677 0.404 0.06 0.027 1 0.054 0.094 0.184 0.582 0.408 0.02 0.027 0.177 0.061 0.055 0.538 0.339 0.253 0.006 0.063 0.171 0.102 0.138 0.223 0.008 0.045 0.089 0.016 0.009 0.08 0.037 0.018 0.071 0.005 0 0.045 0.049 0.045 0.023 0.009 0.002 0.017 0.031 0.021 0.016 0.001 0.027 0.008 0.007 0.056 0.008 0.028 0.026 0.002 0.008 0.015 0.007 0.004 0.013 0.013 0.014 0.002 0.017
0.005 0.001 0.001 0.031 0.039 0.017 0.013 0.024 0.134 0.006 0.021 0.013 0.209 0.003 0.037 0.04 0.031 0.005 0.348 0.054 1 0.056 0.338 0.048 0.154 0.01 0.386 0.016 0.005 0.006 0.048 0.125 0.144 0.005 0.003 0.046 0.006 0.039 0.172 0.008 0.038 0.228 0.594 0.005 0.004 0.154 0.103 0.011 0.007 0.53 0.705 0.005 0.63 0.588 0.007 0.457 0.553 0.002 0.207 0.051 0.366 0.514 0.01 0.004 0.003 0.279 0.015 0.523 0.482 0.01 0.037 0.006 0.186 0 0.504 0.006 0.008 0.062
0.115 0.104 0.1 0.257 0.057 0.012 0.011 0.038 0.215 0.006 0.033 0.017 0.014 0.004 0.069 0.078 0.042 0.006 0.02 0.094 0.056 1 0.375 0.064 0.188 0.015 0.019 0.021 0.006 0.007 0.05 0.179 0.059 0.006 0.01 0.007 0.015 0.009 0.074 0.098 0.065 0.029 0.046 0.052 0.012 0.031 0.03 0.144 0.002 0.053 0.032 0.002 0.017 0.028 0.002 0.045 0.036 0.002 0.016 0 0.028 0.024 0.061 0.002 0.01 0.015 0.014 0.026 0.046 0.065 0.001 0.006 0.017 0.01 0.031 0.007 0.046 0.001
0.105 0.078 0.076 0.297 0.119 0.035 0.031 0.078 0.433 0.015 0.067 0.037 0.067 0.008 0.129 0.144 0.092 0.014 0.118 0.184 0.338 0.375 1 0.14 0.428 0.032 0.139 0.046 0.014 0.016 0.121 0.379 0.231 0.014 0.016 0.007 0.025 0.004 0.283 0.034 0.127 0.062 0.191 0.019 0.02 0.032 0.146 0.043 0.001 0.153 0.273 0.007 0.276 0.225 0.001 0.136 0.191 0.005 0.063 0.029 0.122 0.199 0.01 0.007 0.014 0.104 0.037 0.199 0.138 0.011 0.031 0.015 0.052 0.008 0.18 0 0.007 0.05
0.307 0.373 0.384 0.177 0.806 0.019 0.015 0.564 0.212 0.006 0.491 0.255 0.012 0.003 0.474 0.445 0.603 0.097 0.017 0.582 0.048 0.064 0.14 1 0.302 0.013 0.019 0.018 0.005 0.006 0.893 0.261 0.21 0.005 0.009 0.333 0.012 0.276 0.19 0.006 0.056 0.048 0.016 0.005 0.001 0.075 0.057 0.046 0.003 0.025 0.051 0.01 0.049 0.02 0.001 0.031 0.027 0.007 0.013 0.01 0.024 0.046 0.011 0.004 0.003 0.012 0.016 0.039 0.027 0.01 0.01 0.006 0.014 0.008 0.018 0.001 0.007 0.01
0.205 0.225 0.236 0.559 0.26 0.071 0.06 0.174 0.721 0.021 0.152 0.081 0.038 0.015 0.315 0.314 0.202 0.03 0.054 0.408 0.154 0.188 0.428 0.302 1 0.042 0.063 0.099 0.031 0.026 0.284 0.865 0.673 0.028 0.039 0.054 0.058 0.04 0.595 0.024 0.17 0 0.09 0.017 0.046 0.005 0.274 0.197 0.004 0.047 0.148 0.026 0.138 0.1 0.007 0.055 0.099 0.018 0.041 0.023 0.046 0.114 0.025 0.014 0.034 0.044 0.006 0.109 0.055 0.025 0.022 0.031 0.029 0.024 0.094 0.001 0.004 0.033
0 0.023 0.023 0.001 0.011 0.005 0.004 0.007 0.002 0.107 0.007 0.003 0.003 0.001 0.022 0.007 0.008 0.001 0.004 0.02 0.01 0.015 0.032 0.013 0.042 1 0.005 0.004 0.001 0.001 0.013 0.042 0.05 0 0.002 0.012 0.003 0.011 0.001 0.002 0.038 0.027 0.012 0.006 0.002 0.012 0.006 0 0.002 0.015 0.01 0.003 0.009 0.013 0.002 0.018 0.014 0.002 0.003 0.002 0.015 0.012 0.003 0.128 0.002 0.003 0.141 0.012 0.016 0.003 0.002 0 0.004 0.002 0.013 0.002 0.003 0.002
0.045 0.037 0.037 0.062 0.018 0.007 0.005 0.011 0.043 0.002 0.01 0.005 0.004 0.001 0.017 0.02 0.013 0.002 0.844 0.027 0.386 0.019 0.139 0.019 0.063 0.005 1 0.006 0.002 0.002 0.02 0.047 0.051 0.002 0.003 0.019 0.005 0.017 0.066 0.003 0.011 0.075 0.274 0.002 0.004 0.043 0.035 0.016 0.003 0.186 0.252 0.004 0.201 0.22 0.003 0.159 0.203 0.003 0.005 0 0.071 0.172 0.004 0.002 0.003 0.522 0.007 0.185 0.172 0.004 0.001 0.002 0.006 0.002 0.195 0.003 0.004 0
0.139 0.171 0.17 0.05 0.016 0.838 0.685 0.01 0.088 0.002 0.009 0.005 0.004 0.156 0.182 0.163 0.012 0.002 0.005 0.177 0.016 0.021 0.046 0.018 0.099 0.004 0.006 1 0.302 0.288 0.018 0.089 0.052 0.001 0.423 0.017 0.636 0.014 0.043 0.003 0 0.04 0.006 0.002 0.381 0.006 0.013 0.03 0.049 0.041 0.006 0.364 0.006 0.009 0.049 0.032 0 0.263 0.004 0.003 0.032 0 0 0.002 0.332 0.001 0.006 0 0.028 0 0.003 0.001 0.001 0.003 0.001 0.065 0.001 0.003
0.043 0.053 0.052 0.023 0.005 0.28 0.354 0.003 0.027 0.001 0.003 0.001 0.001 0 0.056 0.05 0.003 0.001 0.002 0.061 0.005 0.006 0.014 0.005 0.031 0.001 0.002 0.302 1 0.859 0.005 0.02 0.016 0.001 0.056 0.005 0.341 0.005 0.014 0.001 0.006 0.021 0.005 0.001 0.058 0.013 0.014 0.006 0.027 0.001 0.005 0.055 0.005 0.007 0.027 0.001 0.006 0.051 0.001 0.001 0 0.005 0.001 0.001 0.045 0.003 0.002 0.005 0 0.001 0.001 0.001 0.001 0.001 0.006 0.046 0 0.001
0.037 0.047 0.046 0.018 0.006 0.267 0.338 0.004 0.022 0.001 0.003 0.002 0.001 0 0.065 0.058 0.004 0.001 0.002 0.055 0.006 0.007 0.016 0.006 0.026 0.001 0.002 0.288 0.859 1 0.006 0.017 0.02 0.001 0.067 0.002 0.33 0.001 0.018 0.001 0.007 0.025 0.006 0.001 0.067 0.016 0.009 0.008 0.022 0.002 0.006 0.064 0.006 0.008 0.022 0.001 0.004 0.042 0.002 0.001 0.001 0.003 0.001 0.001 0.037 0.001 0.002 0.004 0 0.001 0.001 0.001 0.001 0.001 0.004 0.039 0 0.001
0.272 0.341 0.344 0.148 0.725 0.019 0.015 0.553 0.182 0.007 0.481 0.249 0.011 0.003 0.41 0.408 0.59 0.095 0.017 0.538 0.048 0.05 0.121 0.893 0.284 0.013 0.02 0.018 0.005 0.006 1 0.28 0.23 0.005 0.009 0.372 0.013 0.313 0.209 0.007 0.057 0.058 0.016 0.006 0.002 0.088 0.068 0.05 0.006 0.026 0.052 0.01 0.049 0.02 0.006 0.032 0.028 0.007 0.014 0.01 0.025 0.047 0.011 0.007 0.003 0.012 0.017 0.041 0.027 0.011 0.01 0.007 0.015 0.008 0.02 0.006 0.012 0.01
0.178 0.2 0.206 0.53 0.226 0.065 0.054 0.17 0.693 0.021 0.148 0.08 0.029 0.015 0.276 0.269 0.193 0.03 0.038 0.339 0.125 0.179 0.379 0.261 0.865 0.042 0.047 0.089 0.02 0.017 0.28 1 0.761 0.028 0.049 0.068 0.07 0.054 0.68 0.025 0.192 0 0.096 0.018 0.058 0.002 0.321 0.237 0.004 0.046 0.154 0.034 0.145 0.105 0.004 0.048 0.096 0.027 0.042 0.016 0.038 0.111 0.027 0.018 0.045 0.049 0.007 0.106 0.048 0.027 0.022 0.031 0.03 0.045 0.091 0 0.008 0.024
0.112 0.134 0.138 0.392 0.187 0.04 0.032 0.136 0.51 0.023 0.118 0.061 0.036 0.012 0.226 0.22 0.155 0.025 0.041 0.253 0.144 0.059 0.231 0.21 0.673 0.05 0.051 0.052 0.016 0.02 0.23 0.761 1 0.023 0.041 0.239 0.059 0.219 0.87 0.03 0.148 0.01 0.141 0.01 0.048 0 0.425 0.233 0.002 0.08 0.201 0.051 0.164 0.131 0.002 0.076 0.132 0.022 0.05 0.012 0.054 0.141 0.028 0.021 0.018 0.054 0.003 0.136 0.075 0.028 0.011 0.026 0.057 0.038 0.125 0 0.008 0.02
0.006 0.007 0.007 0.023 0.003 0.001 0.002 0.002 0.028 0.001 0.002 0 0.001 0 0.006 0.007 0.002 0.001 0.002 0.006 0.005 0.006 0.014 0.005 0.028 0 0.002 0.001 0.001 0.001 0.005 0.028 0.023 1 0.001 0.005 0.001 0.005 0.022 0.001 0.088 0.017 0.005 0.001 0.001 0.014 0.038 0.011 0.044 0.008 0.006 0.001 0.005 0.007 0.044 0.009 0.007 0.001 0.001 0.001 0.008 0.006 0.001 0 0.001 0.003 0.002 0.007 0.008 0.001 0.001 0.62 0.002 0.001 0.007 0.001 0.001 0.001
0.056 0.07 0.069 0.026 0.008 0.323 0.411 0.005 0.034 0.001 0.004 0.002 0 0 0.075 0.079 0.006 0.001 0.003 0.063 0.003 0.01 0.016 0.009 0.039 0.002 0.003 0.423 0.056 0.067 0.009 0.049 0.041 0.001 1 0.008 0.651 0.008 0.035 0.001 0.01 0.048 0.008 0.001 0.475 0 0.022 0.017 0.047 0.051 0.009 0.455 0.008 0.011 0.047 0.043 0 0.362 0.002 0.002 0.045 0 0.002 0.001 0.304 0 0.003 0 0.041 0.002 0.002 0.001 0.003 0.001 0 0.05 0.001 0.002
0.088 0.122 0.123 0.025 0.3 0.011 0.008 0.419 0.039 0.005 0.348 0.151 0.011 0.003 0.169 0.161 0.45 0.005 0.016 0.171 0.046 0.007 0.007 0.333 0.054 0.012 0.019 0.017 0.005 0.002 0.372 0.068 0.239 0.005 0.008 1 0.012 0.901 0.212 0.006 0.057 0.243 0.05 0.062 0.001 0.182 0.243 0.029 0.007 0.057 0.051 0.001 0.033 0.039 0.007 0.051 0.036 0.007 0.013 0 0.033 0.031 0.007 0.006 0.008 0.017 0.015 0.032 0.046 0.006 0 0.006 0.014 0.008 0.035 0.007 0.005 0
0.084 0.104 0.103 0.04 0.011 0.507 0.643 0.007 0.051 0.001 0.006 0.003 0 0.001 0.111 0.112 0.008 0.001 0.004 0.102 0.006 0.015 0.025 0.012 0.058 0.003 0.005 0.636 0.341 0.33 0.013 0.07 0.059 0.001 0.651 0.012 1 0.01 0.051 0.002 0.014 0.07 0.012 0.001 0.564 0.003 0.032 0.025 0.029 0.056 0.013 0.54 0.012 0.015 0.029 0.046 0.002 0.43 0.003 0.002 0.049 0.001 0.003 0.001 0.366 0 0.005 0.001 0.043 0.003 0.002 0.002 0.003 0.002 0.003 0.031 0.002 0.002
0.07 0.101 0.1 0.018 0.242 0.01 0.007 0.384 0.028 0.004 0.31 0.108 0.011 0.003 0.137 0.132 0.367 0.005 0.015 0.138 0.039 0.009 0.004 0.276 0.04 0.011 0.017 0.014 0.005 0.001 0.313 0.054 0.219 0.005 0.008 0.901 0.01 1 0.197 0.005 0.053 0.226 0.043 0.068 0.008 0.16 0.241 0.024 0.007 0.062 0.045 0 0.027 0.038 0.007 0.055 0.042 0.005 0.01 0 0.036 0.036 0.006 0.006 0.006 0.019 0.014 0.038 0.05 0.007 0 0.006 0.014 0.007 0.041 0.007 0.006 0
0.116 0.11 0.113 0.467 0.164 0.033 0.026 0.126 0.604 0.021 0.11 0.059 0.041 0.011 0.196 0.203 0.143 0.022 0.054 0.223 0.172 0.074 0.283 0.19 0.595 0.001 0.066 0.043 0.014 0.018 0.209 0.68 0.87 0.022 0.035 0.212 0.051 0.197 1 0.034 0.252 0.002 0.162 0.009 0.043 0.002 0.524 0.272 0.001 0.102 0.236 0.045 0.195 0.156 0.001 0.099 0.157 0.019 0.057 0.015 0.072 0.172 0.032 0.02 0.015 0.069 0.056 0.167 0.097 0.032 0.013 0.025 0.065 0.034 0.15 0.001 0.011 0.023
0.02 0.016 0.016 0.038 0.007 0.003 0.002 0.005 0.032 0 0.005 0.002 0.002 0 0.015 0.017 0.004 0.001 0.003 0.008 0.008 0.098 0.034 0.006 0.024 0.002 0.003 0.003 0.001 0.001 0.007 0.025 0.03 0.001 0.001 0.006 0.002 0.005 0.034 1 0.008 0.013 0.006 0.001 0.001 0.006 0.016 0.022 0.001 0.003 0.001 0.002 0.001 0.002 0.001 0.005 0.008 0 0.002 0.002 0.004 0.002 0.351 0.001 0.001 0.002 0.001 0.002 0.01 0.349 0.002 0.001 0.003 0.001 0.003 0.001 0.055 0.002
0.025 0.067 0.064 0.215 0.041 0.001 0.017 0.03 0.263 0.007 0.026 0.011 0.011 0.045 0.05 0.037 0.025 0.006 0.008 0.045 0.038 0.065 0.127 0.056 0.17 0.038 0.011 0 0.006 0.007 0.057 0.192 0.148 0.088 0.01 0.057 0.014 0.053 0.252 0.008 1 0.19 0.055 0.006 0.011 0.135 0.407 0.103 0.003 0.08 0.06 0.011 0.057 0.068 0.003 0.093 0.074 0.006 0.014 0.011 0.081 0.07 0.005 0.005 0.009 0.027 0.246 0.073 0.086 0.005 0.011 0.101 0.018 0.133 0.072 0.001 0 0.011
0.106 0.159 0.16 0.002 0.048 0.032 0.063 0.109 0.001 0.019 0.088 0.033 0.062 0.01 0.101 0.089 0.111 0.017 0.066 0.089 0.228 0.029 0.062 0.048 0 0.027 0.075 0.04 0.021 0.025 0.058 0 0.01 0.017 0.048 0.243 0.07 0.226 0.002 0.013 0.19 1 0.223 0.031 0.059 0.419 0 0.062 0.004 0.315 0.269 0.033 0.222 0.197 0.004 0.255 0.219 0.027 0.077 0.011 0.218 0.219 0.018 0.014 0.036 0.102 0.048 0.214 0.251 0.02 0.006 0.021 0.089 0.026 0.194 0.003 0.016 0.013
0.001 0 0 0.029 0.012 0.007 0.004 0.003 0.075 0.006 0.001 0 0.105 0.003 0.017 0.021 0.005 0.005 0.238 0.016 0.594 0.046 0.191 0.016 0.09 0.012 0.274 0.006 0.005 0.006 0.016 0.096 0.141 0.005 0.008 0.05 0.012 0.043 0.162 0.006 0.055 0.223 1 0.005 0.01 0.247 0.137 0.032 0.008 0.666 0.757 0.01 0.656 0.781 0.008 0.591 0.688 0.007 0.136 0.047 0.487 0.595 0.011 0.006 0 0.29 0.019 0.558 0.613 0.012 0.041 0.006 0.168 0.008 0.72 0.006 0.01 0.067
0.003 0.01 0.01 0.023 0.005 0.002 0.002 0.003 0.02 0 0.003 0.001 0.001 0 0.002 0.001 0.004 0.001 0.002 0.009 0.005 0.052 0.019 0.005 0.017 0.006 0.002 0.002 0.001 0.001 0.006 0.018 0.01 0.001 0.001 0.062 0.001 0.068 0.009 0.001 0.006 0.031 0.005 1 0.001 0.001 0.005 0.035 0.001 0.008 0.006 0.001 0.005 0.007 0.001 0.009 0.007 0.001 0.001 0.001 0.001 0.007 0.001 0.001 0.001 0.003 0.002 0.007 0.008 0.001 0.001 0.001 0.002 0.001 0.007 0.001 0.001 0.001
0.066 0.078 0.082 0.032 0.001 0.289 0.369 0.006 0.04 0.001 0.005 0.003 0 0.001 0.088 0.091 0 0.001 0.003 0.08 0.004 0.012 0.02 0.001 0.046 0.002 0.004 0.381 0.058 0.067 0.002 0.058 0.048 0.001 0.475 0.001 0.564 0.008 0.043 0.001 0.011 0.059 0.01 0.001 1 0.001 0.026 0.021 0.001 0.131 0.01 0.734 0.01 0.007 0.001 0.114 0.002 0.557 0.003 0.002 0.111 0.003 0.002 0.001 0.449 0.003 0.004 0.003 0.1 0.002 0.002 0.001 0.001 0.002 0.001 0.001 0.002 0.002
0.034 0.065 0.066 0.002 0.066 0.008 0.003 0.157 0.008 0 0.13 0.057 0.045 0.008 0.035 0.03 0.146 0.013 0.053 0.037 0.154 0.031 0.032 0.075 0.005 0.012 0.043 0.006 0.013 0.016 0.088 0.002 0 0.014 0 0.182 0.003 0.16 0.002 0.006 0.135 0.419 0.247 0.001 0.001 1 0 0.034 0.02 0.224 0.215 0.001 0.21 0.22 0.02 0.185 0.191 0 0.05 0.015 0.2 0.205 0.025 0 0.003 0.069 0.049 0.156 0.19 0.027 0.001 0.017 0.062 0.015 0.22 0.017 0.025 0.013
0.011 0.002 0.003 0.26 0.06 0.011 0.029 0.134 0.335 0.017 0.109 0.044 0.028 0.018 0.011 0.016 0.135 0.011 0.028 0.018 0.103 0.03 0.146 0.057 0.274 0.006 0.035 0.013 0.014 0.009 0.068 0.321 0.425 0.038 0.022 0.243 0.032 0.241 0.524 0.016 0.407 0 0.137 0.005 0.026 0 1 0.171 0 0.2 0.144 0.026 0.136 0.171 0 0.231 0.185 0.019 0.035 0.026 0.202 0.166 0.015 0.017 0.021 0.066 0.142 0.172 0.215 0.016 0.025 0.044 0.042 0.057 0.18 0.008 0.002 0.027
0.08 0.058 0.059 0.215 0.037 0.02 0.018 0.039 0.243 0.049 0.04 0.028 0.001 0.005 0.038 0.038 0.036 0.001 0.014 0.071 0.011 0.144 0.043 0.046 0.197 0 0.016 0.03 0.006 0.008 0.05 0.237 0.233 0.011 0.017 0.029 0.025 0.024 0.272 0.022 0.103 0.062 0.032 0.035 0.021 0.034 0.171 1 0.011 0.05 0.021 0.022 0.018 0.034 0.011 0.035 0.022 0.007 0 0 0.034 0.015 0.055 0.049 0.017 0.018 0.033 0.017 0.037 0.057 0.004 0.012 0 0.017 0.021 0.002 0.032 0.007
0 0.002 0.002 0.002 0.005 0.044 0.022 0.005 0.005 0.001 0.004 0.002 0.002 0.033 0.004 0.003 0.005 0 0.002 0.005 0.007 0.002 0.001 0.003 0.004 0.002 0.003 0.049 0.027 0.022 0.006 0.004 0.002 0.044 0.047 0.007 0.029 0.007 0.001 0.001 0.003 0.004 0.008 0.001 0.001 0.02 0 0.011 1 0.011 0.008 0.002 0.008 0.01 0.886 0.008 0.006 0.001 0.002 0.001 0.007 0.005 0.002 0.001 0.001 0.004 0.003 0.005 0.008 0.002 0 0.034 0.002 0.001 0.006 0.584 0.006 0.001
0.01 0.023 0.024 0.006 0.019 0.026 0.046 0.011 0.04 0.009 0.007 0.001 0.113 0.004 0 0 0.008 0.008 0.162 0 0.53 0.053 0.153 0.025 0.047 0.015 0.186 0.041 0.001 0.002 0.026 0.046 0.08 0.008 0.051 0.057 0.056 0.062 0.102 0.003 0.08 0.315 0.666 0.008 0.131 0.224 0.2 0.05 0.011 1 0.717 0.089 0.621 0.729 0.011 0.867 0.715 0.068 0.177 0.027 0.76 0.643 0.016 0.009 0.085 0.295 0.028 0.638 0.85 0.017 0.028 0.009 0.208 0.012 0.717 0.011 0.016 0.052
0.004 0.001 0.001 0.044 0.041 0.007 0.004 0.028 0.127 0.007 0.024 0.014 0.143 0.003 0.038 0.044 0.033 0.005 0.217 0.045 0.705 0.032 0.273 0.051 0.148 0.01 0.252 0.006 0.005 0.006 0.052 0.154 0.201 0.006 0.009 0.051 0.013 0.045 0.236 0.001 0.06 0.269 0.757 0.006 0.01 0.215 0.144 0.021 0.008 0.717 1 0.011 0.854 0.823 0.008 0.622 0.744 0.007 0.246 0.045 0.521 0.743 0.012 0.007 0 0.324 0.02 0.741 0.62 0.012 0.046 0.007 0.28 0.008 0.712 0.008 0.012 0.078
0.039 0.051 0.051 0.016 0.009 0.276 0.353 0.005 0.022 0.001 0.005 0.002 0 0.001 0.056 0.058 0.006 0.001 0.003 0.049 0.005 0.002 0.007 0.01 0.026 0.003 0.004 0.364 0.055 0.064 0.01 0.034 0.051 0.001 0.455 0.001 0.54 0 0.045 0.002 0.011 0.033 0.01 0.001 0.734 0.001 0.026 0.022 0.002 0.089 0.011 1 0.001 0.002 0.002 0.116 0.003 0.534 0.003 0.011 0.113 0.004 0.002 0.001 0.43 0 0.004 0.004 0.103 0.002 0.012 0.001 0.002 0.001 0.002 0.001 0.002 0.01
0.002 0 0 0.05 0.038 0.006 0.004 0.026 0.14 0.006 0.022 0.013 0.124 0.003 0.037 0.042 0.031 0.005 0.219 0.045 0.63 0.017 0.276 0.049 0.138 0.009 0.201 0.006 0.005 0.006 0.049 0.145 0.164 0.005 0.008 0.033 0.012 0.027 0.195 0.001 0.057 0.222 0.656 0.005 0.01 0.21 0.136 0.018 0.008 0.621 0.854 0.001 1 0.778 0.008 0.589 0.703 0.007 0.26 0.088 0.56 0.762 0.011 0.006 0 0.247 0.019 0.698 0.585 0.011 0.091 0.006 0.296 0.008 0.671 0.007 0.011 0.134
0.001 0 0 0.03 0.015 0.01 0.006 0.005 0.093 0.008 0.003 0 0.108 0.004 0.019 0.024 0.006 0.006 0.192 0.023 0.588 0.028 0.225 0.02 0.1 0.013 0.22 0.009 0.007 0.008 0.02 0.105 0.131 0.007 0.011 0.039 0.015 0.038 0.156 0.002 0.068 0.197 0.781 0.007 0.007 0.22 0.171 0.034 0.01 0.729 0.823 0.002 0.778 1 0.01 0.739 0.816 0.009 0.206 0.085 0.625 0.716 0.013 0.008 0.001 0.301 0.024 0.712 0.722 0.013 0.078 0.008 0.234 0.01 0.803 0.009 0.014 0.104
0.002 0.004 0.004 0.004 0.002 0.044 0.022 0.005 0.007 0.001 0.004 0.002 0.002 0.033 0.007 0.005 0.005 0 0.002 0.009 0.007 0.002 0.001 0.001 0.007 0.002 0.003 0.049 0.027 0.022 0.006 0.004 0.002 0.044 0.047 0.007 0.029 0.007 0.001 0.001 0.003 0.004 0.008 0.001 0.001 0.02 0 0.011 0.886 0.011 0.008 0.002 0.008 0.01 1 0.013 0.01 0.001 0.002 0.001 0.011 0.009 0.002 0.001 0.001 0.004 0.003 0.01 0.012 0.002 0.001 0.034 0.002 0.001 0.01 0.681 0.016 0.001
0.005 0.015 0.016 0.01 0.024 0.025 0.043 0.013 0.044 0.011 0.009 0.002 0.121 0.004 0 0.001 0.01 0.009 0.139 0.002 0.457 0.045 0.136 0.031 0.055 0.018 0.159 0.032 0.001 0.001 0.032 0.048 0.076 0.009 0.043 0.051 0.046 0.055 0.099 0.005 0.093 0.255 0.591 0.009 0.114 0.185 0.231 0.035 0.008 0.867 0.622 0.116 0.589 0.739 0.013 1 0.801 0.058 0.153 0.112 0.84 0.72 0.019 0.011 0.074 0.266 0.033 0.714 0.926 0.019 0.107 0.011 0.18 0.013 0.781 0.012 0.019 0.115
0 0.002 0.002 0.021 0.022 0 0 0.014 0.074 0.009 0.01 0.005 0.108 0.003 0.012 0.016 0.01 0.007 0.177 0.017 0.553 0.036 0.191 0.027 0.099 0.014 0.203 0 0.006 0.004 0.028 0.096 0.132 0.007 0 0.036 0.002 0.042 0.157 0.008 0.074 0.219 0.688 0.007 0.002 0.191 0.185 0.022 0.006 0.715 0.744 0.003 0.703 0.816 0.01 0.801 1 0.01 0.19 0.11 0.702 0.867 0.015 0.009 0.001 0.332 0.026 0.862 0.826 0.016 0.133 0.009 0.225 0.011 0.892 0.01 0.015 0.144
0.028 0.036 0.036 0.011 0.006 0.182 0.233 0.004 0.015 0.001 0.004 0.002 0 0 0.039 0.044 0.005 0.001 0.002 0.031 0.002 0.002 0.005 0.007 0.018 0.002 0.003 0.263 0.051 0.042 0.007 0.027 0.022 0.001 0.362 0.007 0.43 0.005 0.019 0 0.006 0.027 0.007 0.001 0.557 0 0.019 0.007 0.001 0.068 0.007 0.534 0.007 0.009 0.001 0.058 0.01 1 0.002 0.001 0.067 0.009 0 0.001 0.64 0.003 0.003 0.009 0.06 0 0.001 0.001 0.002 0.001 0.009 0.001 0.002 0.001
0.035 0.048 0.047 0.012 0.01 0.004 0.004 0.008 0.042 0.002 0.007 0.003 0.023 0.001 0.005 0.006 0.009 0.001 0.004 0.021 0.207 0.016 0.063 0.013 0.041 0.003 0.005 0.004 0.001 0.002 0.014 0.042 0.05 0.001 0.002 0.013 0.003 0.01 0.057 0.002 0.014 0.077 0.136 0.001 0.003 0.05 0.035 0 0.002 0.177 0.246 0.003 0.26 0.206 0.002 0.153 0.19 0.002 1 0 0.166 0.175 0.003 0.002 0.002 0.001 0.005 0.205 0.154 0.003 0 0.002 0.489 0.002 0.155 0.002 0.003 0
0.013 0.01 0.01 0.014 0.005 0.001 0 0.003 0.01 0.001 0.002 0.003 0.208 0.001 0.013 0.015 0.006 0.001 0.001 0.016 0.051 0 0.029 0.01 0.023 0.002 0 0.003 0.001 0.001 0.01 0.016 0.012 0.001 0.002 0 0.002 0 0.015 0.002 0.011 0.011 0.047 0.001 0.002 0.015 0.026 0 0.001 0.027 0.045 0.011 0.088 0.085 0.001 0.112 0.11 0.001 0 1 0.1 0.122 0.002 0.001 0.001 0.005 0.004 0.094 0.092 0.002 0.239 0.001 0.008 0.001 0.092 0.001 0.002 0.409
0.009 0.022 0.022 0.008 0.02 0.025 0.042 0.01 0.043 0.009 0.006 0.001 0.108 0.003 0.001 0 0.007 0.008 0.088 0.001 0.366 0.028 0.122 0.024 0.046 0.015 0.071 0.032 0 0.001 0.025 0.038 0.054 0.008 0.045 0.033 0.049 0.036 0.072 0.004 0.081 0.218 0.487 0.001 0.111 0.2 0.202 0.034 0.007 0.76 0.521 0.113 0.56 0.625 0.011 0.84 0.702 0.067 0.166 0.1 1 0.671 0.016 0.009 0.084 0.16 0.029 0.633 0.847 0.017 0.122 0.01 0.197 0.012 0.685 0.011 0.016 0.131
0.002 0 0 0.042 0.035 0 0.001 0.033 0.102 0.008 0.028 0.016 0.122 0.002 0.019 0.024 0.026 0.006 0.191 0.027 0.514 0.024 0.199 0.046 0.114 0.012 0.172 0 0.005 0.003 0.047 0.111 0.141 0.006 0 0.031 0.001 0.036 0.172 0.002 0.07 0.219 0.595 0.007 0.003 0.205 0.166 0.015 0.005 0.643 0.743 0.004 0.762 0.716 0.009 0.72 0.867 0.009 0.175 0.122 0.671 1 0.013 0.008 0 0.307 0.024 0.871 0.713 0.014 0.148 0.008 0.212 0.01 0.837 0.009 0.014 0.158
0.005 0.002 0.002 0.018 0.009 0 0.003 0.007 0.03 0.001 0.006 0.003 0.002 0.009 0.012 0.014 0.007 0.001 0.003 0.008 0.01 0.061 0.01 0.011 0.025 0.003 0.004 0 0.001 0.001 0.011 0.027 0.028 0.001 0.002 0.007 0.003 0.006 0.032 0.351 0.005 0.018 0.011 0.001 0.002 0.025 0.015 0.055 0.002 0.016 0.012 0.002 0.011 0.013 0.002 0.019 0.015 0 0.003 0.002 0.016 0.013 1 0.001 0.002 0.005 0.004 0.014 0.017 0.955 0.002 0.001 0.003 0.002 0.015 0.002 0.101 0.002
0.009 0.01 0.007 0.017 0.003 0.002 0.002 0.004 0.016 0.488 0.003 0.002 0.001 0 0.008 0.003 0.004 0.001 0.002 0.007 0.004 0.002 0.007 0.004 0.014 0.128 0.002 0.002 0.001 0.001 0.007 0.018 0.021 0 0.001 0.006 0.001 0.006 0.02 0.001 0.005 0.014 0.006 0.001 0.001 0 0.017 0.049 0.001 0.009 0.007 0.001 0.006 0.008 0.001 0.011 0.009 0.001 0.002 0.001 0.009 0.008 0.001 1 0.001 0.003 0.002 0.008 0.01 0.001 0.001 0.001 0.002 0.001 0.008 0.001 0.001 0.001
0.038 0.049 0.048 0.008 0.007 0.241 0.308 0.005 0.029 0.001 0.004 0.002 0 0 0.066 0.071 0.005 0.001 0.002 0.056 0.003 0.01 0.014 0.003 0.034 0.002 0.003 0.332 0.045 0.037 0.003 0.045 0.018 0.001 0.304 0.008 0.366 0.006 0.015 0.001 0.009 0.036 0 0.001 0.449 0.003 0.021 0.017 0.001 0.085 0 0.43 0 0.001 0.001 0.074 0.001 0.64 0.002 0.001 0.084 0 0.002 0.001 1 0 0.003 0.001 0.077 0.001 0.001 0.001 0.006 0.001 0.001 0.001 0.002 0.002
0.017 0.012 0.012 0.028 0.016 0.001 0 0.015 0.03 0.003 0.013 0.006 0 0 0.007 0.01 0.009 0.002 0.441 0.008 0.279 0.015 0.104 0.012 0.044 0.003 0.522 0.001 0.003 0.001 0.012 0.049 0.054 0.003 0 0.017 0 0.019 0.069 0.002 0.027 0.102 0.29 0.003 0.003 0.069 0.066 0.018 0.004 0.295 0.324 0 0.247 0.301 0.004 0.266 0.332 0.003 0.001 0.005 0.16 0.307 0.005 0.003 0 1 0.009 0.308 0.286 0.004 0.004 0.003 0.007 0.004 0.313 0.003 0.005 0.001
0.005 0.033 0.033 0.053 0.014 0.007 0.006 0.009 0.067 0.002 0.007 0.005 0.003 0.001 0.03 0.024 0.01 0.002 0.006 0.028 0.015 0.014 0.037 0.016 0.006 0.141 0.007 0.006 0.002 0.002 0.017 0.007 0.003 0.002 0.003 0.015 0.005 0.014 0.056 0.001 0.246 0.048 0.019 0.002 0.004 0.049 0.142 0.033 0.003 0.028 0.02 0.004 0.019 0.024 0.003 0.033 0.026 0.003 0.005 0.004 0.029 0.024 0.004 0.002 0.003 0.009 1 0.024 0.031 0.004 0.003 0.002 0.006 0.003 0.026 0.003 0.001 0.004
0 0.001 0.001 0.023 0.029 0 0.001 0.034 0.08 0.008 0.03 0.017 0.091 0.002 0.016 0.021 0.027 0.001 0.17 0.026 0.523 0.026 0.199 0.039 0.109 0.012 0.185 0 0.005 0.004 0.041 0.106 0.136 0.007 0 0.032 0.001 0.038 0.167 0.002 0.073 0.214 0.558 0.007 0.003 0.156 0.172 0.017 0.005 0.638 0.741 0.004 0.698 0.712 0.01 0.714 0.862 0.009 0.205 0.094 0.633 0.871 0.014 0.008 0.001 0.308 0.024 1 0.708 0.015 0.143 0.008 0.242 0.01 0.796 0.009 0.014 0.126
0.005 0.015 0.016 0.008 0.021 0.021 0.037 0.011 0.039 0.01 0.007 0.001 0.103 0.003 0 0.001 0.008 0.008 0.15 0.002 0.482 0.046 0.138 0.027 0.055 0.016 0.172 0.028 0 0 0.027 0.048 0.075 0.008 0.041 0.046 0.043 0.05 0.097 0.01 0.086 0.251 0.613 0.008 0.1 0.19 0.215 0.037 0.008 0.85 0.62 0.103 0.585 0.722 0.012 0.926 0.826 0.06 0.154 0.092 0.847 0.713 0.017 0.01 0.077 0.286 0.031 0.708 1 0.018 0.115 0.01 0.194 0.012 0.776 0.011 0.016 0.121
0.005 0.003 0.003 0.018 0.01 0 0.003 0.007 0.031 0.001 0.006 0.003 0.003 0.009 0.012 0.014 0.008 0.001 0.004 0.008 0.01 0.065 0.011 0.01 0.025 0.003 0.004 0 0.001 0.001 0.011 0.027 0.028 0.001 0.002 0.006 0.003 0.007 0.032 0.349 0.005 0.02 0.012 0.001 0.002 0.027 0.016 0.057 0.002 0.017 0.012 0.002 0.011 0.013 0.002 0.019 0.016 0 0.003 0.002 0.017 0.014 0.955 0.001 0.001 0.004 0.004 0.015 0.018 1 0.002 0.001 0.004 0.002 0.015 0.002 0.11 0.002
0.005 0.003 0.003 0.011 0.005 0.001 0 0.002 0.015 0.001 0.002 0.002 0.036 0.001 0.012 0.014 0.006 0.001 0.001 0.015 0.037 0.001 0.031 0.01 0.022 0.002 0.001 0.003 0.001 0.001 0.01 0.022 0.011 0.001 0.002 0 0.002 0 0.013 0.002 0.011 0.006 0.041 0.001 0.002 0.001 0.025 0.004 0 0.028 0.046 0.012 0.091 0.078 0.001 0.107 0.133 0.001 0 0.239 0.122 0.148 0.002 0.001 0.001 0.004 0.003 0.143 0.115 0.002 1 0.001 0.003 0.001 0.113 0.001 0.002 0.514
0.004 0.009 0.009 0.025 0.004 0.001 0.002 0.003 0.03 0.001 0.002 0.001 0.001 0 0.007 0.004 0.003 0.001 0.002 0.007 0.006 0.006 0.015 0.006 0.031 0 0.002 0.001 0.001 0.001 0.007 0.031 0.026 0.62 0.001 0.006 0.002 0.006 0.025 0.001 0.101 0.021 0.006 0.001 0.001 0.017 0.044 0.012 0.034 0.009 0.007 0.001 0.006 0.008 0.034 0.011 0.009 0.001 0.002 0.001 0.01 0.008 0.001 0.001 0.001 0.003 0.002 0.008 0.01 0.001 0.001 1 0.002 0.001 0.009 0.001 0.001 0.001
0.02 0.028 0.029 0 0.01 0 0.001 0.009 0.03 0.002 0.008 0.004 0.096 0.001 0.001 0.001 0.009 0.002 0.005 0.004 0.186 0.017 0.052 0.014 0.029 0.004 0.006 0.001 0.001 0.001 0.015 0.03 0.057 0.002 0.003 0.014 0.003 0.014 0.065 0.003 0.018 0.089 0.168 0.002 0.001 0.062 0.042 0 0.002 0.208 0.28 0.002 0.296 0.234 0.002 0.18 0.225 0.002 0.489 0.008 0.197 0.212 0.003 0.002 0.006 0.007 0.006 0.242 0.194 0.004 0.003 0.002 1 0.002 0.19 0.002 0.003 0.003
0.01 0.015 0.015 0.016 0.007 0.003 0.002 0.005 0.021 0.001 0.004 0.002 0.002 0 0.014 0.008 0.005 0.001 0.003 0.013 0 0.01 0.008 0.008 0.024 0.002 0.002 0.003 0.001 0.001 0.008 0.045 0.038 0.001 0.001 0.008 0.002 0.007 0.034 0.001 0.133 0.026 0.008 0.001 0.002 0.015 0.057 0.017 0.001 0.012 0.008 0.001 0.008 0.01 0.001 0.013 0.011 0.001 0.002 0.001 0.012 0.01 0.002 0.001 0.001 0.004 0.003 0.01 0.012 0.002 0.001 0.001 0.002 1 0.01 0.001 0.002 0.002
0 0.001 0.002 0.024 0.014 0 0 0.007 0.068 0.008 0.004 0 0.107 0.003 0.008 0.011 0.005 0.007 0.168 0.013 0.504 0.031 0.18 0.018 0.094 0.013 0.195 0.001 0.006 0.004 0.02 0.091 0.125 0.007 0 0.035 0.003 0.041 0.15 0.003 0.072 0.194 0.72 0.007 0.001 0.22 0.18 0.021 0.006 0.717 0.712 0.002 0.671 0.803 0.01 0.781 0.892 0.009 0.155 0.092 0.685 0.837 0.015 0.008 0.001 0.313 0.026 0.796 0.776 0.015 0.113 0.009 0.19 0.01 1 0.01 0.015 0.146
0.004 0.007 0.007 0 0.002 0.059 0.033 0.004 0.002 0.001 0.004 0.002 0.001 0.035 0.012 0.009 0.005 0 0.002 0.014 0.006 0.007 0 0.001 0.001 0.002 0.003 0.065 0.046 0.039 0.006 0 0 0.001 0.05 0.007 0.031 0.007 0.001 0.001 0.001 0.003 0.006 0.001 0.001 0.017 0.008 0.002 0.584 0.011 0.008 0.001 0.007 0.009 0.681 0.012 0.01 0.001 0.002 0.001 0.011 0.009 0.002 0.001 0.001 0.003 0.003 0.009 0.011 0.002 0.001 0.001 0.002 0.001 0.01 1 0.046 0.001
0.008 0.005 0.005 0.01 0.006 0.001 0.001 0.007 0.006 0.001 0.006 0.003 0.002 0.021 0 0 0.007 0.001 0.004 0.002 0.008 0.046 0.007 0.007 0.004 0.003 0.004 0.001 0 0 0.012 0.008 0.008 0.001 0.001 0.005 0.002 0.006 0.011 0.055 0 0.016 0.01 0.001 0.002 0.025 0.002 0.032 0.006 0.016 0.012 0.002 0.011 0.014 0.016 0.019 0.015 0.002 0.003 0.002 0.016 0.014 0.101 0.001 0.002 0.005 0.001 0.014 0.016 0.11 0.002 0.001 0.003 0.002 0.015 0.046 1 0.002
0.005 0.003 0.003 0.012 0.006 0 0 0.003 0.016 0.001 0.002 0.003 0.091 0 0.012 0.014 0.007 0.001 0.001 0.017 0.062 0.001 0.05 0.01 0.033 0.002 0 0.003 0.001 0.001 0.01 0.024 0.02 0.001 0.002 0 0.002 0 0.023 0.002 0.011 0.013 0.067 0.001 0.002 0.013 0.027 0.007 0.001 0.052 0.078 0.01 0.134 0.104 0.001 0.115 0.144 0.001 0 0.409 0.131 0.158 0.002 0.001 0.002 0.001 0.004 0.126 0.121 0.002 0.514 0.001 0.003 0.002 0.146 0.001 0.002 1
