1 0.835 0.862 0.425 0.341 0.218 0.155 0.193 0.263 0.006 0.163 0.069 0.018 0.045 0.521 0.518 0.18 0.043 0.039 0.533 0.002 0.139 0.122 0.291 0.242 0.001 0.044 0.177 0.068 0.069 0.166 0.181 0.09 0.004 0.047 0.012 0.104 0.007 0.085 0.027 0.013 0.055 0 0.009 0.085 0.009 0 0.043 0.011 0.026 0.003 0.065 0.002 0 0.008 0.024 0.006 0.021 0.068 0.012 0.015 0 0.012 0.001 0.026 0.008 0.002 0.004 0.011 0.015 0.009 0.006 0.037 0.002 0.002 0.006 0.009 0.004
0.835 1 0.939 0.398 0.343 0.257 0.184 0.228 0.231 0.005 0.193 0.082 0.015 0.053 0.576 0.575 0.175 0.051 0.033 0.575 0 0.119 0.102 0.293 0.236 0.018 0.038 0.212 0.081 0.082 0.178 0.182 0.095 0.003 0.057 0.013 0.126 0.014 0.075 0.023 0.032 0.063 0 0.013 0.073 0.011 0.001 0.035 0.014 0.027 0.002 0.08 0.001 0 0.011 0.025 0.005 0.027 0.081 0.01 0.015 0 0.01 0.004 0.033 0.01 0.023 0.002 0.017 0.012 0.008 0.006 0.043 0.005 0.001 0.008 0.007 0.002
0.862 0.939 1 0.409 0.385 0.245 0.175 0.217 0.243 0.006 0.184 0.078 0.016 0.051 0.595 0.592 0.204 0.048 0.035 0.606 0.001 0.115 0.103 0.331 0.264 0.019 0.039 0.202 0.077 0.078 0.196 0.198 0.105 0.004 0.053 0.019 0.119 0.012 0.084 0.024 0.029 0.065 0 0.014 0.098 0.013 0.001 0.038 0.013 0.032 0.003 0.075 0.002 0 0.01 0.029 0.008 0.025 0.077 0.011 0.018 0.001 0.01 0.001 0.031 0.006 0.024 0.004 0.018 0.013 0.008 0.006 0.044 0.006 0.003 0.007 0.008 0.003
0.425 0.398 0.409 1 0.183 0.104 0.073 0.101 0.792 0.013 0.086 0.039 0.036 0.023 0.267 0.266 0.102 0.028 0.078 0.272 0.035 0.304 0.394 0.188 0.642 0.002 0.085 0.078 0.042 0.042 0.101 0.557 0.323 0.021 0.012 0 0.044 0 0.39 0.055 0.222 0.002 0.028 0.037 0.047 0.013 0.173 0.152 0.001 0.002 0.05 0.034 0.047 0.026 0 0.002 0.01 0.008 0.03 0.014 0.005 0.023 0.032 0.005 0.016 0.032 0.044 0.014 0.003 0.038 0.015 0.015 0.01 0.014 0.018 0 0.021 0.011
0.341 0.343 0.385 0.183 1 0.018 0.013 0.486 0.221 0.003 0.43 0.188 0.006 0.004 0.433 0.437 0.51 0.115 0.015 0.436 0.033 0.066 0.133 0.788 0.2 0.008 0.017 0.019 0.007 0.007 0.532 0.144 0.091 0.003 0.006 0.114 0.013 0.086 0.082 0.011 0.031 0.007 0.002 0.009 0 0.038 0.009 0.025 0 0.003 0.022 0.006 0.021 0.002 0 0.003 0 0.007 0 0.006 0.009 0.016 0.003 0 0.007 0.009 0.01 0.009 0.005 0.004 0.004 0.004 0 0.002 0.001 0 0.007 0.008
0.218 0.257 0.245 0.104 0.018 1 0.734 0.009 0.121 0.002 0.008 0.004 0.004 0.192 0.266 0.248 0.01 0.003 0.009 0.266 0.021 0.025 0.061 0.019 0.124 0.005 0.01 0.845 0.356 0.363 0.022 0.116 0.073 0 0.209 0.023 0.531 0.021 0.055 0.006 0 0.021 0.022 0.005 0.298 0.04 0.011 0.021 0.037 0.025 0.023 0.33 0.022 0.026 0.025 0.024 0.002 0.156 0.003 0.002 0.02 0.001 0.004 0.002 0.172 0.002 0.007 0 0.015 0.004 0.001 0.001 0.002 0.001 0.004 0.023 0 0.002
0.155 0.184 0.175 0.073 0.013 0.734 1 0.007 0.102 0.001 0.006 0.003 0.003 0.002 0.218 0.203 0.008 0.002 0.007 0.215 0.015 0.024 0.053 0.014 0.102 0.004 0.008 0.669 0.485 0.495 0.016 0.093 0.058 0.001 0.289 0.017 0.73 0.016 0.042 0.005 0.018 0.062 0.015 0.004 0.416 0.025 0.041 0.018 0.024 0.055 0.016 0.458 0.015 0.019 0.016 0.055 0 0.219 0.002 0.001 0.048 0 0.004 0.001 0.24 0 0.005 0.001 0.039 0.005 0 0.002 0.001 0.001 0 0.014 0.001 0.001
0.193 0.228 0.217 0.101 0.486 0.009 0.007 1 0.113 0.001 0.852 0.382 0.004 0.002 0.251 0.235 0.756 0.002 0.008 0.262 0.017 0.034 0.069 0.489 0.129 0.004 0.009 0.01 0.003 0.004 0.384 0.11 0.075 0.002 0.003 0.175 0.007 0.188 0.069 0.006 0.02 0.027 0 0.005 0.006 0.103 0.054 0.029 0.001 0.002 0.022 0.001 0.021 0 0.002 0.002 0 0.004 0.004 0.003 0.004 0.025 0 0.001 0.003 0.011 0.005 0.024 0.004 0 0.002 0.002 0.005 0.001 0.002 0.002 0.005 0.004
0.263 0.231 0.243 0.792 0.221 0.121 0.102 0.113 1 0.011 0.096 0.046 0.031 0.027 0.346 0.337 0.115 0.032 0.061 0.341 0.141 0.272 0.551 0.219 0.766 0.004 0.067 0.108 0.049 0.049 0.128 0.693 0.438 0.025 0.024 0.002 0.064 0 0.515 0.047 0.264 0.013 0.082 0.039 0.054 0.031 0.22 0.194 0.007 0.023 0.132 0.039 0.129 0.084 0.004 0.023 0.044 0.011 0.013 0.011 0.033 0.076 0.026 0.006 0.021 0.038 0.054 0.062 0.026 0.031 0.012 0.018 0.01 0.017 0.055 0.001 0.011 0.023
0.006 0.005 0.006 0.013 0.003 0.002 0.001 0.001 0.011 1 0.001 0 0.001 0 0.005 0.004 0.001 0 0.001 0.005 0.003 0.005 0.01 0.003 0.01 0.063 0.001 0.002 0.001 0.001 0.003 0.01 0.013 0 0.001 0.002 0.001 0.002 0.005 0.007 0.003 0.01 0.003 0 0.001 0 0.008 0.026 0 0.005 0.003 0.001 0.003 0.004 0 0.006 0.005 0.001 0.001 0.001 0.005 0.004 0.001 0.347 0.001 0.002 0.001 0.004 0.005 0.001 0 0 0.001 0 0.004 0 0.001 0.001
0.163 0.193 0.184 0.086 0.43 0.008 0.006 0.852 0.096 0.001 1 0.449 0.003 0.002 0.214 0.2 0.733 0.002 0.007 0.223 0.015 0.029 0.059 0.416 0.11 0.004 0.008 0.008 0.003 0.003 0.322 0.09 0.061 0.001 0.002 0.125 0.006 0.134 0.056 0.005 0.017 0.016 0 0.004 0.005 0.081 0.035 0.026 0.001 0.001 0.018 0.001 0.018 0.001 0.001 0 0 0.003 0.003 0.002 0.001 0.021 0 0.001 0.003 0.01 0.004 0.02 0.001 0 0.002 0.002 0.004 0.001 0.001 0.002 0.004 0.003
0.069 0.082 0.078 0.039 0.188 0.004 0.003 0.382 0.046 0 0.449 1 0.001 0.001 0.097 0.091 0.346 0.001 0.003 0.101 0.007 0.013 0.027 0.188 0.05 0.002 0.003 0.004 0.001 0.001 0.163 0.051 0.036 0.001 0.001 0.031 0.003 0.032 0.034 0.002 0.007 0.002 0.003 0.002 0.002 0.034 0.006 0.015 0.001 0.005 0.009 0 0.008 0.01 0.001 0.004 0.007 0.001 0.001 0.001 0.001 0.01 0.002 0.001 0.001 0.004 0.002 0.009 0.001 0.002 0.001 0.001 0.002 0 0.001 0.001 0.002 0.002
0.018 0.015 0.016 0.036 0.006 0.004 0.003 0.004 0.031 0.001 0.003 0.001 1 0.001 0.008 0.009 0.004 0.001 0.004 0.001 0.179 0.016 0.043 0.007 0.028 0.002 0.004 0.004 0.002 0.001 0.004 0.027 0.039 0.001 0.001 0.009 0.003 0.008 0.042 0.003 0.009 0.051 0.124 0.002 0.003 0.029 0.022 0.009 0.001 0.089 0.144 0.003 0.088 0.092 0.001 0.096 0.107 0.002 0 0.087 0.078 0.117 0.002 0.001 0.002 0.005 0.003 0.091 0.084 0.002 0.1 0.001 0.005 0.001 0.095 0.001 0.002 0.068
0.045 0.053 0.051 0.023 0.004 0.192 0.002 0.002 0.027 0 0.002 0.001 0.001 1 0.057 0.053 0.002 0 0.002 0.059 0.004 0.008 0.016 0.004 0.029 0.001 0.002 0.186 0.001 0.001 0.004 0.03 0.021 0.004 0.001 0.004 0.002 0.004 0.02 0.001 0.088 0.016 0.005 0.001 0.001 0.012 0.031 0.009 0.015 0.008 0.005 0.001 0.005 0.006 0.011 0.009 0.007 0.001 0.001 0.001 0.008 0.006 0 0 0.001 0.003 0.001 0.006 0.008 0 0.001 0.001 0.001 0 0.006 0.009 0.002 0.001
0.521 0.576 0.595 0.267 0.433 0.266 0.218 0.251 0.346 0.005 0.214 0.097 0.008 0.057 1 0.904 0.263 0.069 0.019 0.791 0.049 0.11 0.212 0.423 0.363 0.017 0.023 0.285 0.105 0.112 0.261 0.319 0.223 0.003 0.095 0.039 0.189 0.028 0.189 0.022 0.02 0.038 0.028 0.014 0.156 0.006 0.001 0.064 0.016 0.005 0.056 0.136 0.06 0.025 0.013 0.004 0.003 0.064 0.013 0.01 0.004 0.019 0.008 0.001 0.09 0.003 0.018 0.011 0.001 0.011 0.008 0.005 0.008 0.005 0.007 0.009 0.006 0.014
0.518 0.575 0.592 0.266 0.437 0.248 0.203 0.235 0.337 0.004 0.2 0.091 0.009 0.053 0.904 1 0.245 0.065 0.021 0.783 0.054 0.114 0.221 0.418 0.361 0.016 0.025 0.266 0.098 0.104 0.29 0.292 0.204 0.003 0.089 0.043 0.176 0.032 0.171 0.023 0.026 0.042 0.024 0.012 0.145 0.005 0 0.054 0.014 0.005 0.05 0.126 0.054 0.022 0.011 0.004 0.002 0.059 0.003 0.011 0.001 0.016 0.009 0.001 0.084 0.004 0.023 0.01 0.002 0.012 0.008 0.005 0.003 0.005 0.006 0.008 0.007 0.014
0.18 0.175 0.204 0.102 0.51 0.01 0.008 0.756 0.115 0.001 0.733 0.346 0.004 0.002 0.263 0.245 1 0.002 0.009 0.292 0.02 0.038 0.078 0.503 0.145 0.005 0.01 0.011 0.004 0.004 0.397 0.118 0.08 0.002 0.003 0.178 0.008 0.131 0.074 0.006 0.015 0.029 0 0.005 0.001 0.1 0.037 0.026 0.001 0 0.021 0.002 0.02 0 0.002 0 0.002 0.004 0.004 0.004 0 0.01 0 0.002 0.004 0.001 0.006 0.007 0 0.001 0.003 0.002 0.003 0.001 0 0.002 0.006 0.005
0.043 0.051 0.048 0.028 0.115 0.003 0.002 0.002 0.032 0 0.002 0.001 0.001 0 0.069 0.065 0.002 1 0.002 0.072 0.005 0.009 0.019 0.135 0.036 0.001 0.002 0.003 0.001 0.001 0.117 0.037 0.026 0 0.001 0.005 0.002 0.005 0.024 0.002 0.006 0.02 0.006 0.001 0.002 0.014 0.008 0.001 0.01 0.01 0.006 0.002 0.006 0.007 0.007 0.01 0.008 0.001 0.001 0.001 0.009 0.007 0.001 0 0.001 0.003 0.002 0.003 0.009 0.001 0.001 0.001 0.001 0 0.007 0.005 0.001 0.001
0.039 0.033 0.035 0.078 0.015 0.009 0.007 0.008 0.061 0.001 0.007 0.003 0.004 0.002 0.019 0.021 0.009 0.002 1 0.03 0.438 0.034 0.112 0.016 0.06 0.004 0.879 0.01 0.003 0.004 0.008 0.058 0.064 0.002 0.003 0.019 0.007 0.018 0.088 0.005 0.019 0.108 0.358 0.005 0.006 0.096 0.046 0.035 0.002 0.22 0.343 0.006 0.356 0.304 0.002 0.204 0.262 0.004 0.004 0.038 0.198 0.284 0.005 0.001 0.003 0.419 0.006 0.214 0.228 0.005 0.016 0.002 0.005 0.001 0.277 0.002 0.005 0.026
0.533 0.575 0.606 0.272 0.436 0.266 0.215 0.262 0.341 0.005 0.223 0.101 0.001 0.059 0.791 0.783 0.292 0.072 0.03 1 0.046 0.121 0.221 0.465 0.423 0.016 0.034 0.249 0.11 0.111 0.328 0.311 0.194 0.003 0.058 0.032 0.152 0.022 0.163 0.017 0.02 0.027 0.021 0.017 0.121 0.003 0 0.054 0.017 0.003 0.053 0.102 0.062 0.022 0.013 0.002 0.003 0.036 0.013 0.013 0.001 0.019 0.005 0.001 0.055 0.003 0.02 0.011 0 0.007 0.011 0.005 0.006 0.005 0.006 0.01 0.004 0.017
0.002 0 0.001 0.035 0.033 0.021 0.015 0.017 0.141 0.003 0.015 0.007 0.179 0.004 0.049 0.054 0.02 0.005 0.438 0.046 1 0.069 0.244 0.037 0.129 0.01 0.399 0.022 0.008 0.008 0.024 0.13 0.164 0.004 0.005 0.044 0.013 0.04 0.194 0.012 0.045 0.223 0.664 0.005 0.01 0.177 0.097 0.026 0.003 0.466 0.72 0.009 0.658 0.586 0.005 0.434 0.522 0.005 0.11 0.061 0.425 0.575 0.011 0.003 0.005 0.303 0.013 0.496 0.473 0.012 0.065 0.004 0.08 0.002 0.507 0.005 0.007 0.105
0.139 0.119 0.115 0.304 0.066 0.025 0.024 0.034 0.272 0.005 0.029 0.013 0.016 0.008 0.11 0.114 0.038 0.009 0.034 0.121 0.069 1 0.436 0.069 0.233 0.018 0.018 0.041 0.014 0.015 0.035 0.187 0.028 0.007 0.014 0.061 0.029 0.07 0.041 0.121 0.066 0.016 0.082 0.099 0.027 0.01 0.004 0.13 0 0.106 0.056 0.019 0.047 0.059 0.001 0.104 0.081 0.006 0.016 0.005 0.081 0.065 0.043 0.002 0.012 0.032 0.011 0.059 0.09 0.059 0.003 0.003 0.008 0.005 0.066 0.005 0.032 0.008
0.122 0.102 0.103 0.394 0.133 0.061 0.053 0.069 0.551 0.01 0.059 0.027 0.043 0.016 0.212 0.221 0.078 0.019 0.112 0.221 0.244 0.436 1 0.14 0.483 0.037 0.127 0.084 0.029 0.031 0.077 0.424 0.198 0.015 0.025 0.005 0.056 0.009 0.252 0.042 0.15 0.077 0.152 0.053 0.049 0.067 0.081 0.029 0.002 0.063 0.21 0.037 0.201 0.152 0 0.056 0.102 0.015 0.019 0.015 0.071 0.139 0.006 0.006 0.022 0.071 0.031 0.119 0.057 0.012 0.02 0.009 0.019 0.01 0.113 0 0.003 0.027
0.291 0.293 0.331 0.188 0.788 0.019 0.014 0.489 0.219 0.003 0.416 0.188 0.007 0.004 0.423 0.418 0.503 0.135 0.016 0.465 0.037 0.069 0.14 1 0.256 0.009 0.018 0.02 0.007 0.007 0.699 0.187 0.124 0.003 0.006 0.16 0.014 0.126 0.113 0.011 0.041 0.008 0.01 0.009 0 0.055 0.018 0.033 0 0.01 0.041 0.006 0.039 0.009 0 0.01 0.004 0.008 0.008 0.007 0.011 0.028 0.003 0 0.003 0.005 0.01 0.02 0.013 0.004 0.006 0.004 0.006 0.003 0.006 0 0.008 0.009
0.242 0.236 0.264 0.642 0.2 0.124 0.102 0.129 0.766 0.01 0.11 0.05 0.028 0.029 0.363 0.361 0.145 0.036 0.06 0.423 0.129 0.233 0.483 0.256 1 0.033 0.069 0.12 0.055 0.055 0.182 0.806 0.542 0.022 0.027 0.005 0.072 0.002 0.476 0.032 0.179 0.011 0.097 0.028 0.061 0.021 0.179 0.144 0.007 0.027 0.15 0.045 0.144 0.093 0.002 0.027 0.055 0.013 0.027 0.014 0.029 0.089 0.015 0.005 0.025 0.035 0.003 0.077 0.034 0.02 0.015 0.015 0.026 0.019 0.068 0 0.008 0.026
0.001 0.018 0.019 0.002 0.008 0.005 0.004 0.004 0.004 0.063 0.004 0.002 0.002 0.001 0.017 0.016 0.005 0.001 0.004 0.016 0.01 0.018 0.037 0.009 0.033 1 0.005 0.005 0.002 0.002 0.01 0.032 0.045 0 0.002 0.01 0.004 0.01 0.003 0.003 0.045 0.029 0.012 0 0.003 0.008 0.01 0 0.001 0.014 0.007 0.003 0.007 0.009 0.001 0.015 0.011 0.002 0.002 0.002 0.013 0.01 0.003 0.103 0.002 0.003 0.166 0.009 0.011 0.003 0.002 0 0.003 0.001 0.01 0.001 0.001 0.002
0.044 0.038 0.039 0.085 0.017 0.01 0.008 0.009 0.067 0.001 0.008 0.003 0.004 0.002 0.023 0.025 0.01 0.002 0.879 0.034 0.399 0.018 0.127 0.018 0.069 0.005 1 0.011 0.004 0.004 0.01 0.066 0.075 0.002 0.004 0.022 0.008 0.02 0.1 0.006 0.022 0.087 0.324 0.005 0.007 0.076 0.052 0.02 0.002 0.193 0.31 0.007 0.314 0.273 0.002 0.179 0.233 0.004 0.004 0.032 0.168 0.247 0.005 0.002 0.004 0.389 0.006 0.191 0.201 0.006 0.013 0.002 0.005 0.001 0.247 0.003 0.006 0.021
0.177 0.212 0.202 0.078 0.019 0.845 0.669 0.01 0.108 0.002 0.008 0.004 0.004 0.186 0.285 0.266 0.011 0.003 0.01 0.249 0.022 0.041 0.084 0.02 0.12 0.005 0.011 1 0.348 0.354 0.023 0.146 0.098 0 0.312 0.024 0.684 0.022 0.077 0.007 0 0.037 0.023 0.006 0.42 0.027 0.012 0.036 0.036 0.044 0.023 0.463 0.022 0.027 0.024 0.039 0.003 0.279 0.003 0.004 0.035 0.002 0.004 0.002 0.263 0.002 0.007 0.001 0.029 0.005 0.004 0.001 0.002 0.002 0.006 0.02 0 0.005
0.068 0.081 0.077 0.042 0.007 0.356 0.485 0.003 0.049 0.001 0.003 0.001 0.002 0.001 0.105 0.098 0.004 0.001 0.003 0.11 0.008 0.014 0.029 0.007 0.055 0.002 0.004 0.348 1 0.939 0.008 0.042 0.029 0.001 0.04 0.008 0.415 0.008 0.026 0.002 0.009 0.037 0.008 0.002 0.162 0.02 0.02 0.016 0.005 0.019 0.008 0.178 0.008 0.009 0.003 0.016 0.01 0.228 0.001 0.001 0.015 0.009 0.002 0.001 0.253 0.005 0.002 0.008 0.012 0.002 0.001 0.001 0 0.001 0.009 0.003 0.002 0.002
0.069 0.082 0.078 0.042 0.007 0.363 0.495 0.004 0.049 0.001 0.003 0.001 0.001 0.001 0.112 0.104 0.004 0.001 0.004 0.111 0.008 0.015 0.031 0.007 0.055 0.002 0.004 0.354 0.939 1 0.008 0.043 0.031 0.001 0.055 0.007 0.426 0.006 0.028 0.002 0.009 0.04 0.008 0.002 0.175 0.021 0.019 0.017 0.005 0.02 0.008 0.193 0.008 0.01 0.003 0.018 0.007 0.213 0.001 0.002 0.017 0.006 0.002 0.001 0.236 0.002 0.003 0.005 0.013 0.002 0.001 0.001 0 0.001 0.006 0.003 0.002 0.002
0.166 0.178 0.196 0.101 0.532 0.022 0.016 0.384 0.128 0.003 0.322 0.163 0.004 0.004 0.261 0.29 0.397 0.117 0.008 0.328 0.024 0.035 0.077 0.699 0.182 0.01 0.01 0.023 0.008 0.008 1 0.209 0.154 0.004 0.007 0.247 0.016 0.203 0.141 0.013 0.047 0.026 0.006 0.011 0 0.085 0.03 0.049 0 0.006 0.03 0.008 0.028 0.004 0.001 0.007 0.001 0.009 0.009 0.008 0.009 0.019 0.011 0.003 0.003 0 0.012 0.024 0.008 0.013 0.006 0.005 0.008 0.003 0.004 0.001 0.012 0.01
0.181 0.182 0.198 0.557 0.144 0.116 0.093 0.11 0.693 0.01 0.09 0.051 0.027 0.03 0.319 0.292 0.118 0.037 0.058 0.311 0.13 0.187 0.424 0.187 0.806 0.032 0.066 0.146 0.042 0.043 0.209 1 0.697 0.022 0.054 0.021 0.114 0.014 0.622 0.041 0.186 0 0.1 0.034 0.101 0.009 0.228 0.205 0.008 0.016 0.154 0.081 0.148 0.095 0.002 0.016 0.055 0.04 0.028 0.012 0.018 0.09 0.032 0.011 0.049 0.036 0.003 0.078 0.022 0.037 0.014 0.015 0.027 0.021 0.069 0 0.013 0.024
0.09 0.095 0.105 0.323 0.091 0.073 0.058 0.075 0.438 0.013 0.061 0.036 0.039 0.021 0.223 0.204 0.08 0.026 0.064 0.194 0.164 0.028 0.198 0.124 0.542 0.045 0.075 0.098 0.029 0.031 0.154 0.697 1 0.015 0.038 0.224 0.08 0.213 0.843 0.058 0.117 0.017 0.138 0.035 0.071 0 0.355 0.193 0.004 0.045 0.2 0.065 0.181 0.13 0 0.043 0.089 0.026 0.04 0.015 0.041 0.128 0.046 0.015 0.031 0.048 0 0.111 0.049 0.053 0.015 0.009 0.043 0.015 0.103 0 0.006 0.029
0.004 0.003 0.004 0.021 0.003 0 0.001 0.002 0.025 0 0.001 0.001 0.001 0.004 0.003 0.003 0.002 0 0.002 0.003 0.004 0.007 0.015 0.003 0.022 0 0.002 0 0.001 0.001 0.004 0.022 0.015 1 0.001 0.004 0.001 0.004 0.019 0.001 0.083 0.015 0.005 0.001 0.001 0.011 0.036 0.009 0.001 0.007 0.005 0.001 0.005 0.005 0.001 0.008 0.006 0.001 0.001 0.001 0.007 0.006 0.001 0 0.001 0.003 0.001 0.005 0.007 0.001 0.001 0.365 0.001 0 0.006 0 0.001 0.001
0.047 0.057 0.053 0.012 0.006 0.209 0.289 0.003 0.024 0.001 0.002 0.001 0.001 0.001 0.095 0.089 0.003 0.001 0.003 0.058 0.005 0.014 0.025 0.006 0.027 0.002 0.004 0.312 0.04 0.055 0.007 0.054 0.038 0.001 1 0.008 0.457 0.007 0.035 0.002 0.008 0.045 0.009 0.002 0.324 0.003 0.019 0.016 0.059 0.05 0.009 0.354 0.009 0.01 0.043 0.046 0.001 0.175 0.002 0.001 0.049 0.002 0.002 0.001 0.182 0.003 0.002 0.003 0.043 0.002 0.001 0.001 0.002 0.001 0.002 0.036 0 0.002
0.012 0.013 0.019 0 0.114 0.023 0.017 0.175 0.002 0.002 0.125 0.031 0.009 0.004 0.039 0.043 0.178 0.005 0.019 0.032 0.044 0.061 0.005 0.16 0.005 0.01 0.022 0.024 0.008 0.007 0.247 0.021 0.224 0.004 0.008 1 0.017 0.916 0.208 0.014 0.05 0.221 0.051 0.179 0 0.178 0.223 0.02 0.003 0.054 0.052 0.009 0.043 0.049 0.005 0.052 0.036 0.009 0.009 0.003 0.042 0.032 0.012 0.004 0.009 0.011 0.011 0.027 0.048 0.009 0.002 0.005 0.008 0.003 0.031 0.005 0.001 0.005
0.104 0.126 0.119 0.044 0.013 0.531 0.73 0.007 0.064 0.001 0.006 0.003 0.003 0.002 0.189 0.176 0.008 0.002 0.007 0.152 0.013 0.029 0.056 0.014 0.072 0.004 0.008 0.684 0.415 0.426 0.016 0.114 0.08 0.001 0.457 0.017 1 0.015 0.075 0.005 0.017 0.095 0.018 0.004 0.606 0.014 0.041 0.034 0.024 0.089 0.019 0.664 0.018 0.022 0.016 0.082 0 0.412 0.003 0.003 0.075 0 0.004 0.001 0.381 0 0.005 0 0.064 0.005 0.002 0.002 0.003 0.001 0.002 0.013 0.001 0.004
0.007 0.014 0.012 0 0.086 0.021 0.016 0.188 0 0.002 0.134 0.032 0.008 0.004 0.028 0.032 0.131 0.005 0.018 0.022 0.04 0.07 0.009 0.126 0.002 0.01 0.02 0.022 0.008 0.006 0.203 0.014 0.213 0.004 0.007 0.916 0.015 1 0.198 0.012 0.046 0.208 0.047 0.195 0.014 0.16 0.256 0.017 0.003 0.077 0.048 0.008 0.039 0.048 0.004 0.074 0.057 0.009 0.009 0.003 0.063 0.049 0.011 0.003 0.008 0.025 0.01 0.048 0.066 0.012 0.002 0.004 0.011 0.003 0.052 0.005 0.001 0.005
0.085 0.075 0.084 0.39 0.082 0.055 0.042 0.069 0.515 0.005 0.056 0.034 0.042 0.02 0.189 0.171 0.074 0.024 0.088 0.163 0.194 0.041 0.252 0.113 0.476 0.003 0.1 0.077 0.026 0.028 0.141 0.622 0.843 0.019 0.035 0.208 0.075 0.198 1 0.063 0.209 0.007 0.17 0.032 0.07 0.002 0.459 0.231 0.003 0.063 0.24 0.064 0.219 0.163 0 0.061 0.116 0.026 0.043 0.018 0.058 0.159 0.05 0.007 0.031 0.066 0.041 0.14 0.068 0.057 0.017 0.012 0.047 0.014 0.131 0 0.012 0.033
0.027 0.023 0.024 0.055 0.011 0.006 0.005 0.006 0.047 0.007 0.005 0.002 0.003 0.001 0.022 0.023 0.006 0.002 0.005 0.017 0.012 0.121 0.042 0.011 0.032 0.003 0.006 0.007 0.002 0.002 0.013 0.041 0.058 0.001 0.002 0.014 0.005 0.012 0.063 1 0.007 0.037 0.011 0.003 0.004 0.015 0.021 0.065 0.001 0.013 0.006 0.004 0.006 0.006 0.001 0.015 0.016 0 0.003 0.002 0.013 0.009 0.347 0.001 0.001 0.007 0 0.008 0.019 0.413 0.002 0.001 0.001 0.001 0.009 0.002 0.039 0.003
0.013 0.032 0.029 0.222 0.031 0 0.018 0.02 0.264 0.003 0.017 0.007 0.009 0.088 0.02 0.026 0.015 0.006 0.019 0.02 0.045 0.066 0.15 0.041 0.179 0.045 0.022 0 0.009 0.009 0.047 0.186 0.117 0.083 0.008 0.05 0.017 0.046 0.209 0.007 1 0.184 0.055 0.012 0.016 0.112 0.375 0.068 0 0.09 0.057 0.015 0.055 0.065 0 0.097 0.075 0.003 0.01 0.009 0.088 0.07 0.004 0.004 0.009 0.031 0.204 0.065 0.086 0.005 0.007 0.069 0.012 0.061 0.07 0.001 0.001 0.011
0.055 0.063 0.065 0.002 0.007 0.021 0.062 0.027 0.013 0.01 0.016 0.002 0.051 0.016 0.038 0.042 0.029 0.02 0.108 0.027 0.223 0.016 0.077 0.008 0.011 0.029 0.087 0.037 0.037 0.04 0.026 0 0.017 0.015 0.045 0.221 0.095 0.208 0.007 0.037 0.184 1 0.223 0.051 0.089 0.383 0 0.099 0 0.326 0.243 0.06 0.221 0.171 0.002 0.295 0.22 0.035 0.053 0.024 0.269 0.262 0.032 0.01 0.034 0.109 0.048 0.231 0.271 0.038 0.018 0.017 0.045 0.011 0.212 0.004 0.016 0.031
0 0 0 0.028 0.002 0.022 0.015 0 0.082 0.003 0 0.003 0.124 0.005 0.028 0.024 0 0.006 0.358 0.021 0.664 0.082 0.152 0.01 0.097 0.012 0.324 0.023 0.008 0.008 0.006 0.1 0.138 0.005 0.009 0.051 0.018 0.047 0.17 0.011 0.055 0.223 1 0.012 0.017 0.233 0.129 0.053 0.004 0.599 0.802 0.01 0.768 0.806 0.005 0.572 0.704 0.01 0.129 0.087 0.493 0.645 0.013 0.004 0.005 0.255 0.015 0.546 0.538 0.015 0.08 0.005 0.122 0.003 0.66 0.006 0.015 0.13
0.009 0.013 0.014 0.037 0.009 0.005 0.004 0.005 0.039 0 0.004 0.002 0.002 0.001 0.014 0.012 0.005 0.001 0.005 0.017 0.005 0.099 0.053 0.009 0.028 0 0.005 0.006 0.002 0.002 0.011 0.034 0.035 0.001 0.002 0.179 0.004 0.195 0.032 0.003 0.012 0.051 0.012 1 0.004 0.009 0.034 0.016 0.001 0.02 0.013 0.003 0.012 0.015 0.001 0.022 0.017 0.002 0.002 0.002 0.016 0.016 0.003 0.001 0.002 0.007 0.003 0.015 0.019 0.003 0.002 0.001 0.003 0.001 0.016 0.001 0.005 0.003
0.085 0.073 0.098 0.047 0 0.298 0.416 0.006 0.054 0.001 0.005 0.002 0.003 0.001 0.156 0.145 0.001 0.002 0.006 0.121 0.01 0.027 0.049 0 0.061 0.003 0.007 0.42 0.162 0.175 0 0.101 0.071 0.001 0.324 0 0.606 0.014 0.07 0.004 0.016 0.089 0.017 0.004 1 0.001 0.038 0.032 0.001 0.181 0.018 0.769 0.017 0.016 0.002 0.169 0.009 0.47 0.003 0.003 0.158 0.009 0.004 0.001 0.425 0.009 0.005 0.013 0.131 0.004 0.002 0.002 0.001 0.001 0.005 0.002 0.004 0.003
0.009 0.011 0.013 0.013 0.038 0.04 0.025 0.103 0.031 0 0.081 0.034 0.029 0.012 0.006 0.005 0.1 0.014 0.096 0.003 0.177 0.01 0.067 0.055 0.021 0.008 0.076 0.027 0.02 0.021 0.085 0.009 0 0.011 0.003 0.178 0.014 0.16 0.002 0.015 0.112 0.383 0.233 0.009 0.001 1 0.002 0.077 0.01 0.192 0.227 0.009 0.21 0.227 0.013 0.175 0.217 0.002 0.026 0.026 0.182 0.211 0.013 0 0.002 0.097 0.037 0.169 0.154 0.017 0.011 0.013 0.02 0.003 0.207 0.015 0.011 0.033
0 0.001 0.001 0.173 0.009 0.011 0.041 0.054 0.22 0.008 0.035 0.006 0.022 0.031 0.001 0 0.037 0.008 0.046 0 0.097 0.004 0.081 0.018 0.179 0.01 0.052 0.012 0.02 0.019 0.03 0.228 0.355 0.036 0.019 0.223 0.041 0.256 0.459 0.021 0.375 0 0.129 0.034 0.038 0.002 1 0.131 0.001 0.21 0.132 0.035 0.127 0.152 0.003 0.225 0.176 0.023 0.023 0.021 0.204 0.158 0.025 0.009 0.021 0.073 0.119 0.151 0.201 0.029 0.017 0.027 0.029 0.026 0.162 0.007 0.003 0.026
0.043 0.035 0.038 0.152 0.025 0.021 0.018 0.029 0.194 0.026 0.026 0.015 0.009 0.009 0.064 0.054 0.026 0.001 0.035 0.054 0.026 0.13 0.029 0.033 0.144 0 0.02 0.036 0.016 0.017 0.049 0.205 0.193 0.009 0.016 0.02 0.034 0.017 0.231 0.065 0.068 0.099 0.053 0.016 0.032 0.077 0.131 1 0.008 0.099 0.046 0.029 0.043 0.057 0.002 0.089 0.063 0.008 0 0.005 0.075 0.053 0.066 0.03 0.017 0.036 0.027 0.047 0.077 0.082 0.009 0.001 0 0.006 0.059 0 0.033 0.008
0.011 0.014 0.013 0.001 0 0.037 0.024 0.001 0.007 0 0.001 0.001 0.001 0.015 0.016 0.014 0.001 0.01 0.002 0.017 0.003 0 0.002 0 0.007 0.001 0.002 0.036 0.005 0.005 0 0.008 0.004 0.001 0.059 0.003 0.024 0.003 0.003 0.001 0 0 0.004 0.001 0.001 0.01 0.001 0.008 1 0.007 0.004 0.001 0.004 0.005 0.769 0.007 0.006 0.001 0.001 0.001 0.007 0.005 0.001 0 0.001 0.002 0.001 0.005 0.007 0.001 0.001 0.001 0.001 0 0.005 0.597 0.019 0.001
0.026 0.027 0.032 0.002 0.003 0.025 0.055 0.002 0.023 0.005 0.001 0.005 0.089 0.008 0.005 0.005 0 0.01 0.22 0.003 0.466 0.106 0.063 0.01 0.027 0.014 0.193 0.044 0.019 0.02 0.006 0.016 0.045 0.007 0.05 0.054 0.089 0.077 0.063 0.013 0.09 0.326 0.599 0.02 0.181 0.192 0.21 0.099 0.007 1 0.629 0.149 0.585 0.647 0.009 0.932 0.737 0.079 0.107 0.049 0.834 0.678 0.021 0.006 0.083 0.304 0.025 0.62 0.826 0.024 0.046 0.009 0.113 0.005 0.691 0.01 0.024 0.075
0.003 0.002 0.003 0.05 0.022 0.023 0.016 0.022 0.132 0.003 0.018 0.009 0.144 0.005 0.056 0.05 0.021 0.006 0.343 0.053 0.72 0.056 0.21 0.041 0.15 0.007 0.31 0.023 0.008 0.008 0.03 0.154 0.2 0.005 0.009 0.052 0.019 0.048 0.24 0.006 0.057 0.243 0.802 0.013 0.018 0.227 0.132 0.046 0.004 0.629 1 0.016 0.926 0.822 0.006 0.586 0.7 0.011 0.171 0.084 0.538 0.795 0.013 0.004 0.006 0.328 0.016 0.698 0.562 0.015 0.078 0.005 0.164 0.003 0.717 0.006 0.015 0.127
0.065 0.08 0.075 0.034 0.006 0.33 0.458 0.001 0.039 0.001 0.001 0 0.003 0.001 0.136 0.126 0.002 0.002 0.006 0.102 0.009 0.019 0.037 0.006 0.045 0.003 0.007 0.463 0.178 0.193 0.008 0.081 0.065 0.001 0.354 0.009 0.664 0.008 0.064 0.004 0.015 0.06 0.01 0.003 0.769 0.009 0.035 0.029 0.001 0.149 0.016 1 0.01 0.008 0.001 0.155 0.004 0.514 0.003 0 0.142 0.002 0.003 0.001 0.464 0 0.004 0.003 0.126 0.004 0 0.001 0.003 0.001 0 0.002 0.004 0
0.002 0.001 0.002 0.047 0.021 0.022 0.015 0.021 0.129 0.003 0.018 0.008 0.088 0.005 0.06 0.054 0.02 0.006 0.356 0.062 0.658 0.047 0.201 0.039 0.144 0.007 0.314 0.022 0.008 0.008 0.028 0.148 0.181 0.005 0.009 0.043 0.018 0.039 0.219 0.006 0.055 0.221 0.768 0.012 0.017 0.21 0.127 0.043 0.004 0.585 0.926 0.01 1 0.789 0.005 0.564 0.672 0.01 0.177 0.107 0.527 0.774 0.013 0.004 0.005 0.275 0.015 0.667 0.539 0.014 0.102 0.005 0.171 0.003 0.687 0.006 0.015 0.153
0 0 0 0.026 0.002 0.026 0.019 0 0.084 0.004 0.001 0.01 0.092 0.006 0.025 0.022 0 0.007 0.304 0.022 0.586 0.059 0.152 0.009 0.093 0.009 0.273 0.027 0.009 0.01 0.004 0.095 0.13 0.005 0.01 0.049 0.022 0.048 0.163 0.006 0.065 0.171 0.806 0.015 0.016 0.227 0.152 0.057 0.005 0.647 0.822 0.008 0.789 1 0.006 0.662 0.781 0.012 0.145 0.104 0.577 0.701 0.012 0.005 0.007 0.298 0.018 0.616 0.603 0.014 0.068 0.006 0.138 0.004 0.738 0.007 0.017 0.127
0.008 0.011 0.01 0 0 0.025 0.016 0.002 0.004 0 0.001 0.001 0.001 0.011 0.013 0.011 0.002 0.007 0.002 0.013 0.005 0.001 0 0 0.002 0.001 0.002 0.024 0.003 0.003 0.001 0.002 0 0.001 0.043 0.005 0.016 0.004 0 0.001 0 0.002 0.005 0.001 0.002 0.013 0.003 0.002 0.769 0.009 0.006 0.001 0.005 0.006 1 0.01 0.007 0.001 0.001 0.001 0.009 0.007 0.001 0 0.001 0.003 0.001 0.006 0.009 0.001 0.001 0 0.001 0 0.007 0.744 0.03 0.001
0.024 0.025 0.029 0.002 0.003 0.024 0.055 0.002 0.023 0.006 0 0.004 0.096 0.009 0.004 0.004 0 0.01 0.204 0.002 0.434 0.104 0.056 0.01 0.027 0.015 0.179 0.039 0.016 0.018 0.007 0.016 0.043 0.008 0.046 0.052 0.082 0.074 0.061 0.015 0.097 0.295 0.572 0.022 0.169 0.175 0.225 0.089 0.007 0.932 0.586 0.155 0.564 0.662 0.01 1 0.782 0.073 0.1 0.092 0.874 0.711 0.022 0.007 0.077 0.308 0.027 0.655 0.867 0.025 0.077 0.009 0.105 0.006 0.722 0.011 0.026 0.115
0.006 0.005 0.008 0.01 0 0.002 0 0 0.044 0.005 0 0.007 0.107 0.007 0.003 0.002 0.002 0.008 0.262 0.003 0.522 0.081 0.102 0.004 0.055 0.011 0.233 0.003 0.01 0.007 0.001 0.055 0.089 0.006 0.001 0.036 0 0.057 0.116 0.016 0.075 0.22 0.704 0.017 0.009 0.217 0.176 0.063 0.006 0.737 0.7 0.004 0.672 0.781 0.007 0.782 1 0.014 0.108 0.101 0.708 0.858 0.017 0.005 0.008 0.374 0.021 0.788 0.733 0.02 0.098 0.007 0.118 0.005 0.892 0.009 0.02 0.147
0.021 0.027 0.025 0.008 0.007 0.156 0.219 0.004 0.011 0.001 0.003 0.001 0.002 0.001 0.064 0.059 0.004 0.001 0.004 0.036 0.005 0.006 0.015 0.008 0.013 0.002 0.004 0.279 0.228 0.213 0.009 0.04 0.026 0.001 0.175 0.009 0.412 0.009 0.026 0 0.003 0.035 0.01 0.002 0.47 0.002 0.023 0.008 0.001 0.079 0.011 0.514 0.01 0.012 0.001 0.073 0.014 1 0.002 0.002 0.081 0.013 0.001 0.001 0.715 0.006 0.003 0.012 0.074 0 0.001 0.001 0.002 0.001 0.013 0.001 0.003 0.002
0.068 0.081 0.077 0.03 0 0.003 0.002 0.004 0.013 0.001 0.003 0.001 0 0.001 0.013 0.003 0.004 0.001 0.004 0.013 0.11 0.016 0.019 0.008 0.027 0.002 0.004 0.003 0.001 0.001 0.009 0.028 0.04 0.001 0.002 0.009 0.003 0.009 0.043 0.003 0.01 0.053 0.129 0.002 0.003 0.026 0.023 0 0.001 0.107 0.171 0.003 0.177 0.145 0.001 0.1 0.108 0.002 1 0 0.071 0.131 0.002 0.001 0.002 0.003 0.003 0.149 0.094 0.003 0 0.001 0.33 0.001 0.094 0.001 0.003 0
0.012 0.01 0.011 0.014 0.006 0.002 0.001 0.003 0.011 0.001 0.002 0.001 0.087 0.001 0.01 0.011 0.004 0.001 0.038 0.013 0.061 0.005 0.015 0.007 0.014 0.002 0.032 0.004 0.001 0.002 0.008 0.012 0.015 0.001 0.001 0.003 0.003 0.003 0.018 0.002 0.009 0.024 0.087 0.002 0.003 0.026 0.021 0.005 0.001 0.049 0.084 0 0.107 0.104 0.001 0.092 0.101 0.002 0 1 0.087 0.111 0.002 0.001 0.002 0.005 0.002 0.085 0.079 0.002 0.382 0.001 0 0.001 0.089 0.001 0.002 0.534
0.015 0.015 0.018 0.005 0.009 0.02 0.048 0.004 0.033 0.005 0.001 0.001 0.078 0.008 0.004 0.001 0 0.009 0.198 0.001 0.425 0.081 0.071 0.011 0.029 0.013 0.168 0.035 0.015 0.017 0.009 0.018 0.041 0.007 0.049 0.042 0.075 0.063 0.058 0.013 0.088 0.269 0.493 0.016 0.158 0.182 0.204 0.075 0.007 0.834 0.538 0.142 0.527 0.577 0.009 0.874 0.708 0.081 0.071 0.087 1 0.675 0.02 0.006 0.085 0.288 0.024 0.625 0.837 0.023 0.084 0.008 0.079 0.005 0.695 0.01 0.023 0.127
0 0 0.001 0.023 0.016 0.001 0 0.025 0.076 0.004 0.021 0.01 0.117 0.006 0.019 0.016 0.01 0.007 0.284 0.019 0.575 0.065 0.139 0.028 0.089 0.01 0.247 0.002 0.009 0.006 0.019 0.09 0.128 0.006 0.002 0.032 0 0.049 0.159 0.009 0.07 0.262 0.645 0.016 0.009 0.211 0.158 0.053 0.005 0.678 0.795 0.002 0.774 0.701 0.007 0.711 0.858 0.013 0.131 0.111 0.675 1 0.016 0.005 0.007 0.408 0.019 0.877 0.668 0.018 0.107 0.007 0.141 0.004 0.836 0.008 0.019 0.16
0.012 0.01 0.01 0.032 0.003 0.004 0.004 0 0.026 0.001 0 0.002 0.002 0 0.008 0.009 0 0.001 0.005 0.005 0.011 0.043 0.006 0.003 0.015 0.003 0.005 0.004 0.002 0.002 0.011 0.032 0.046 0.001 0.002 0.012 0.004 0.011 0.05 0.347 0.004 0.032 0.013 0.003 0.004 0.013 0.025 0.066 0.001 0.021 0.013 0.003 0.013 0.012 0.001 0.022 0.017 0.001 0.002 0.002 0.02 0.016 1 0.001 0.002 0.007 0.003 0.015 0.02 0.876 0.002 0.001 0.003 0.001 0.016 0.001 0.152 0.003
0.001 0.004 0.001 0.005 0 0.002 0.001 0.001 0.006 0.347 0.001 0.001 0.001 0 0.001 0.001 0.002 0 0.001 0.001 0.003 0.002 0.006 0 0.005 0.103 0.002 0.002 0.001 0.001 0.003 0.011 0.015 0 0.001 0.004 0.001 0.003 0.007 0.001 0.004 0.01 0.004 0.001 0.001 0 0.009 0.03 0 0.006 0.004 0.001 0.004 0.005 0 0.007 0.005 0.001 0.001 0.001 0.006 0.005 0.001 1 0.001 0.002 0.001 0.005 0.006 0.001 0.001 0 0.001 0 0.005 0 0.001 0.001
0.026 0.033 0.031 0.016 0.007 0.172 0.24 0.003 0.021 0.001 0.003 0.001 0.002 0.001 0.09 0.084 0.004 0.001 0.003 0.055 0.005 0.012 0.022 0.003 0.025 0.002 0.004 0.263 0.253 0.236 0.003 0.049 0.031 0.001 0.182 0.009 0.381 0.008 0.031 0.001 0.009 0.034 0.005 0.002 0.425 0.002 0.021 0.017 0.001 0.083 0.006 0.464 0.005 0.007 0.001 0.077 0.008 0.715 0.002 0.002 0.085 0.007 0.002 0.001 1 0.001 0.002 0.007 0.077 0.002 0.001 0.001 0 0.001 0.008 0.001 0.002 0.002
0.008 0.01 0.006 0.032 0.009 0.002 0 0.011 0.038 0.002 0.01 0.004 0.005 0.003 0.003 0.004 0.001 0.003 0.419 0.003 0.303 0.032 0.071 0.005 0.035 0.003 0.389 0.002 0.005 0.002 0 0.036 0.048 0.003 0.003 0.011 0 0.025 0.066 0.007 0.031 0.109 0.255 0.007 0.009 0.097 0.073 0.036 0.002 0.304 0.328 0 0.275 0.298 0.003 0.308 0.374 0.006 0.003 0.005 0.288 0.408 0.007 0.002 0.001 1 0.009 0.346 0.332 0.008 0.004 0.003 0.003 0.002 0.379 0.004 0.008 0.001
0.002 0.023 0.024 0.044 0.01 0.007 0.005 0.005 0.054 0.001 0.004 0.002 0.003 0.001 0.018 0.023 0.006 0.002 0.006 0.02 0.013 0.011 0.031 0.01 0.003 0.166 0.006 0.007 0.002 0.003 0.012 0.003 0 0.001 0.002 0.011 0.005 0.01 0.041 0 0.204 0.048 0.015 0.003 0.005 0.037 0.119 0.027 0.001 0.025 0.016 0.004 0.015 0.018 0.001 0.027 0.021 0.003 0.003 0.002 0.024 0.019 0.003 0.001 0.002 0.009 1 0.018 0.024 0.004 0.002 0.001 0.003 0.001 0.019 0.002 0 0.003
0.004 0.002 0.004 0.014 0.009 0 0.001 0.024 0.062 0.004 0.02 0.009 0.091 0.006 0.011 0.01 0.007 0.003 0.214 0.011 0.496 0.059 0.119 0.02 0.077 0.009 0.191 0.001 0.008 0.005 0.024 0.078 0.111 0.005 0.003 0.027 0 0.048 0.14 0.008 0.065 0.231 0.546 0.015 0.013 0.169 0.151 0.047 0.005 0.62 0.698 0.003 0.667 0.616 0.006 0.655 0.788 0.012 0.149 0.085 0.625 0.877 0.015 0.005 0.007 0.346 0.018 1 0.609 0.017 0.114 0.006 0.159 0.004 0.773 0.007 0.017 0.134
0.011 0.017 0.018 0.003 0.005 0.015 0.039 0.004 0.026 0.005 0.001 0.001 0.084 0.008 0.001 0.002 0 0.009 0.228 0 0.473 0.09 0.057 0.013 0.034 0.011 0.201 0.029 0.012 0.013 0.008 0.022 0.049 0.007 0.043 0.048 0.064 0.066 0.068 0.019 0.086 0.271 0.538 0.019 0.131 0.154 0.201 0.077 0.007 0.826 0.562 0.126 0.539 0.603 0.009 0.867 0.733 0.074 0.094 0.079 0.837 0.668 0.02 0.006 0.077 0.332 0.024 0.609 1 0.023 0.086 0.008 0.118 0.005 0.679 0.01 0.015 0.118
0.015 0.012 0.013 0.038 0.004 0.004 0.005 0 0.031 0.001 0 0.002 0.002 0 0.011 0.012 0.001 0.001 0.005 0.007 0.012 0.059 0.012 0.004 0.02 0.003 0.006 0.005 0.002 0.002 0.013 0.037 0.053 0.001 0.002 0.009 0.005 0.012 0.057 0.413 0.005 0.038 0.015 0.003 0.004 0.017 0.029 0.082 0.001 0.024 0.015 0.004 0.014 0.014 0.001 0.025 0.02 0 0.003 0.002 0.023 0.018 0.876 0.001 0.002 0.008 0.004 0.017 0.023 1 0.002 0.001 0 0.001 0.018 0.002 0.151 0.003
0.009 0.008 0.008 0.015 0.004 0.001 0 0.002 0.012 0 0.002 0.001 0.1 0.001 0.008 0.008 0.003 0.001 0.016 0.011 0.065 0.003 0.02 0.006 0.015 0.002 0.013 0.004 0.001 0.001 0.006 0.014 0.015 0.001 0.001 0.002 0.002 0.002 0.017 0.002 0.007 0.018 0.08 0.002 0.002 0.011 0.017 0.009 0.001 0.046 0.078 0 0.102 0.068 0.001 0.077 0.098 0.001 0 0.382 0.084 0.107 0.002 0.001 0.001 0.004 0.002 0.114 0.086 0.002 1 0.001 0.002 0 0.084 0.001 0.002 0.379
0.006 0.006 0.006 0.015 0.004 0.001 0.002 0.002 0.018 0 0.002 0.001 0.001 0.001 0.005 0.005 0.002 0.001 0.002 0.005 0.004 0.003 0.009 0.004 0.015 0 0.002 0.001 0.001 0.001 0.005 0.015 0.009 0.365 0.001 0.005 0.002 0.004 0.012 0.001 0.069 0.017 0.005 0.001 0.002 0.013 0.027 0.001 0.001 0.009 0.005 0.001 0.005 0.006 0 0.009 0.007 0.001 0.001 0.001 0.008 0.007 0.001 0 0.001 0.003 0.001 0.006 0.008 0.001 0.001 1 0.001 0 0.007 0.001 0.001 0.001
0.037 0.043 0.044 0.01 0 0.002 0.001 0.005 0.01 0.001 0.004 0.002 0.005 0.001 0.008 0.003 0.003 0.001 0.005 0.006 0.08 0.008 0.019 0.006 0.026 0.003 0.005 0.002 0 0 0.008 0.027 0.043 0.001 0.002 0.008 0.003 0.011 0.047 0.001 0.012 0.045 0.122 0.003 0.001 0.02 0.029 0 0.001 0.113 0.164 0.003 0.171 0.138 0.001 0.105 0.118 0.002 0.33 0 0.079 0.141 0.003 0.001 0 0.003 0.003 0.159 0.118 0 0.002 0.001 1 0.001 0.111 0.001 0.003 0.008
0.002 0.005 0.006 0.014 0.002 0.001 0.001 0.001 0.017 0 0.001 0 0.001 0 0.005 0.005 0.001 0 0.001 0.005 0.002 0.005 0.01 0.003 0.019 0.001 0.001 0.002 0.001 0.001 0.003 0.021 0.015 0 0.001 0.003 0.001 0.003 0.014 0.001 0.061 0.011 0.003 0.001 0.001 0.003 0.026 0.006 0 0.005 0.003 0.001 0.003 0.004 0 0.006 0.005 0.001 0.001 0.001 0.005 0.004 0.001 0 0.001 0.002 0.001 0.004 0.005 0.001 0 0 0.001 1 0.004 0 0.001 0.001
0.002 0.001 0.003 0.018 0.001 0.004 0 0.002 0.055 0.004 0.001 0.001 0.095 0.006 0.007 0.006 0 0.007 0.277 0.006 0.507 0.066 0.113 0.006 0.068 0.01 0.247 0.006 0.009 0.006 0.004 0.069 0.103 0.006 0.002 0.031 0.002 0.052 0.131 0.009 0.07 0.212 0.66 0.016 0.005 0.207 0.162 0.059 0.005 0.691 0.717 0 0.687 0.738 0.007 0.722 0.892 0.013 0.094 0.089 0.695 0.836 0.016 0.005 0.008 0.379 0.019 0.773 0.679 0.018 0.084 0.007 0.111 0.004 1 0.008 0.019 0.153
0.006 0.008 0.007 0 0 0.023 0.014 0.002 0.001 0 0.002 0.001 0.001 0.009 0.009 0.008 0.002 0.005 0.002 0.01 0.005 0.005 0 0 0 0.001 0.003 0.02 0.003 0.003 0.001 0 0 0 0.036 0.005 0.013 0.005 0 0.002 0.001 0.004 0.006 0.001 0.002 0.015 0.007 0 0.597 0.01 0.006 0.002 0.006 0.007 0.744 0.011 0.009 0.001 0.001 0.001 0.01 0.008 0.001 0 0.001 0.004 0.002 0.007 0.01 0.002 0.001 0.001 0.001 0 0.008 1 0.048 0.001
0.009 0.007 0.008 0.021 0.007 0 0.001 0.005 0.011 0.001 0.004 0.002 0.002 0.002 0.006 0.007 0.006 0.001 0.005 0.004 0.007 0.032 0.003 0.008 0.008 0.001 0.006 0 0.002 0.002 0.012 0.013 0.006 0.001 0 0.001 0.001 0.001 0.012 0.039 0.001 0.016 0.015 0.005 0.004 0.011 0.003 0.033 0.019 0.024 0.015 0.004 0.015 0.017 0.03 0.026 0.02 0.003 0.003 0.002 0.023 0.019 0.152 0.001 0.002 0.008 0 0.017 0.015 0.151 0.002 0.001 0.003 0.001 0.019 0.048 1 0.003
0.004 0.002 0.003 0.011 0.008 0.002 0.001 0.004 0.023 0.001 0.003 0.002 0.068 0.001 0.014 0.014 0.005 0.001 0.026 0.017 0.105 0.008 0.027 0.009 0.026 0.002 0.021 0.005 0.002 0.002 0.01 0.024 0.029 0.001 0.002 0.005 0.004 0.005 0.033 0.003 0.011 0.031 0.13 0.003 0.003 0.033 0.026 0.008 0.001 0.075 0.127 0 0.153 0.127 0.001 0.115 0.147 0.002 0 0.534 0.127 0.16 0.003 0.001 0.002 0.001 0.003 0.134 0.118 0.003 0.379 0.001 0.008 0.001 0.153 0.001 0.003 1
