1 0.816 0.843 0.471 0.325 0.191 0.115 0.228 0.271 0.011 0.189 0.077 0.024 0.061 0.511 0.486 0.24 0.039 0.027 0.564 0 0.132 0.092 0.295 0.309 0.012 0.031 0.16 0.05 0.047 0.258 0.242 0.119 0.001 0.035 0.029 0.047 0.019 0.094 0.024 0.003 0.067 0.001 0.013 0.064 0.017 0.011 0.056 0.002 0.022 0.002 0.041 0 0 0.009 0.016 0.009 0.019 0.047 0.012 0.018 0 0.005 0.01 0.013 0.009 0.005 0.001 0.016 0.011 0.002 0.002 0.03 0.002 0.001 0.015 0.002 0.004
0.816 1 0.938 0.46 0.336 0.229 0.138 0.273 0.248 0.009 0.226 0.092 0.02 0.073 0.587 0.55 0.24 0.047 0.023 0.595 0.001 0.145 0.092 0.307 0.295 0.02 0.026 0.192 0.06 0.056 0.269 0.228 0.115 0.001 0.04 0.031 0.058 0.03 0.084 0.02 0.013 0.085 0.003 0.016 0.053 0.019 0.003 0.036 0.003 0.021 0.001 0.051 0 0.001 0.012 0.015 0.006 0.026 0.058 0.01 0.017 0 0.005 0.009 0.018 0.016 0.023 0 0.021 0.01 0.001 0.003 0.029 0.003 0.001 0.02 0.001 0.002
0.843 0.938 1 0.48 0.376 0.224 0.137 0.263 0.266 0.009 0.217 0.089 0.021 0.07 0.605 0.567 0.277 0.045 0.024 0.633 0.001 0.141 0.092 0.344 0.328 0.02 0.027 0.187 0.062 0.058 0.302 0.256 0.129 0.001 0.041 0.039 0.057 0.027 0.096 0.021 0.012 0.092 0.002 0.017 0.075 0.022 0.003 0.041 0.004 0.026 0.002 0.048 0 0 0.013 0.021 0.01 0.024 0.056 0.011 0.022 0 0.006 0.008 0.017 0.011 0.024 0.001 0.022 0.011 0.001 0.004 0.037 0.004 0.003 0.021 0.001 0.003
0.471 0.46 0.48 1 0.196 0.105 0.067 0.133 0.749 0.018 0.11 0.045 0.041 0.036 0.312 0.319 0.149 0.024 0.047 0.34 0.01 0.304 0.3 0.207 0.634 0.002 0.048 0.079 0.031 0.028 0.187 0.551 0.304 0.028 0.018 0.002 0.021 0.001 0.346 0.042 0.223 0.001 0.011 0.033 0.029 0.006 0.173 0.146 0.005 0.002 0.04 0.016 0.032 0.023 0.01 0.004 0.005 0.005 0.025 0.018 0.003 0.023 0.015 0.019 0.007 0.025 0.055 0.018 0.002 0.027 0.007 0.023 0.009 0.013 0.013 0.012 0.008 0.012
0.325 0.336 0.376 0.196 1 0.022 0.014 0.582 0.229 0.004 0.503 0.199 0.009 0.006 0.451 0.416 0.664 0.108 0.01 0.476 0.03 0.068 0.122 0.83 0.257 0.008 0.011 0.025 0.006 0.006 0.717 0.214 0.14 0.001 0.007 0.193 0.013 0.147 0.125 0.009 0.027 0.036 0.005 0.007 0 0.05 0.04 0.027 0.002 0.009 0.037 0.01 0.033 0.008 0.005 0.008 0.001 0.01 0.006 0.004 0.007 0.015 0.006 0.004 0.009 0.003 0.008 0.015 0.007 0.009 0.005 0.002 0.001 0.001 0.001 0.002 0 0.007
0.191 0.229 0.224 0.105 0.022 1 0.623 0.014 0.139 0.002 0.011 0.005 0.005 0.303 0.249 0.233 0.016 0.002 0.005 0.271 0.018 0.031 0.063 0.021 0.149 0.005 0.006 0.816 0.276 0.265 0.02 0.104 0.055 0 0.144 0.027 0.256 0.024 0.037 0.005 0.016 0.001 0.017 0.004 0.167 0.047 0.001 0.018 0.03 0.01 0.02 0.206 0.018 0.024 0.015 0.007 0.008 0.115 0.005 0.003 0.004 0.007 0.001 0.003 0.085 0.004 0.007 0.007 0.004 0.003 0.003 0 0.001 0.001 0.007 0.045 0 0.005
0.115 0.138 0.137 0.067 0.014 0.623 1 0.009 0.093 0.001 0.007 0.003 0.003 0.002 0.154 0.144 0.01 0.002 0.004 0.167 0.012 0.02 0.041 0.014 0.098 0.003 0.004 0.502 0.417 0.402 0.013 0.055 0.024 0.002 0.226 0.017 0.401 0.015 0.012 0.003 0.01 0.022 0.01 0.002 0.27 0.027 0.029 0.005 0.008 0.038 0.012 0.326 0.011 0.014 0.004 0.032 0.002 0.185 0.003 0.002 0.023 0.001 0.003 0.002 0.14 0.001 0.002 0.001 0.022 0.004 0.002 0.002 0 0.001 0.001 0.033 0 0.003
0.228 0.273 0.263 0.133 0.582 0.014 0.009 1 0.132 0.002 0.827 0.337 0.005 0.003 0.281 0.264 0.79 0.003 0.006 0.306 0.017 0.042 0.074 0.546 0.175 0.005 0.007 0.016 0.004 0.004 0.549 0.172 0.12 0 0.005 0.266 0.008 0.3 0.113 0.005 0.017 0.072 0.001 0.004 0.01 0.103 0.127 0.043 0.002 0.013 0.027 0.005 0.024 0.003 0.003 0.012 0.003 0.006 0.005 0.002 0.01 0.031 0.003 0.003 0.006 0.014 0.004 0.032 0.007 0.005 0.002 0.001 0.006 0 0.004 0.004 0.007 0.004
0.271 0.248 0.266 0.749 0.229 0.139 0.093 0.132 1 0.015 0.104 0.056 0.033 0.044 0.396 0.396 0.152 0.03 0.034 0.412 0.113 0.244 0.448 0.232 0.774 0.005 0.034 0.112 0.039 0.035 0.206 0.676 0.407 0.035 0.024 0.006 0.031 0.002 0.463 0.034 0.277 0.007 0.073 0.026 0.041 0.018 0.225 0.175 0.007 0.033 0.143 0.025 0.133 0.099 0.013 0.037 0.053 0.01 0.028 0.014 0.037 0.091 0.019 0.018 0.017 0.019 0.068 0.088 0.031 0.029 0.021 0.03 0.011 0.016 0.049 0.017 0.004 0.028
0.011 0.009 0.009 0.018 0.004 0.002 0.001 0.002 0.015 1 0.002 0.001 0.001 0.001 0.006 0.002 0.003 0 0.001 0.007 0.003 0.001 0.005 0.004 0.013 0.134 0.001 0.002 0.001 0.001 0.004 0.013 0.008 0.001 0.001 0.001 0.001 0.001 0 0.001 0.003 0.007 0.004 0.005 0.001 0.002 0.009 0.026 0 0.007 0.004 0.001 0.004 0.005 0 0.008 0.005 0.001 0.001 0.001 0.007 0.005 0.001 0.377 0.001 0.002 0.001 0.005 0.006 0.001 0.001 0.001 0.001 0 0.005 0.001 0.001 0.001
0.189 0.226 0.217 0.11 0.503 0.011 0.007 0.827 0.104 0.002 1 0.408 0.005 0.002 0.23 0.216 0.659 0.002 0.005 0.251 0.013 0.035 0.06 0.444 0.143 0.004 0.006 0.013 0.003 0.003 0.441 0.139 0.097 0 0.004 0.193 0.007 0.217 0.092 0.004 0.012 0.048 0 0.004 0.008 0.072 0.091 0.046 0.002 0.007 0.022 0.004 0.02 0.001 0.002 0.006 0.001 0.005 0.004 0.001 0.005 0.025 0.002 0.003 0.005 0.012 0.002 0.026 0.003 0.004 0.002 0 0.005 0 0.001 0.003 0.006 0.003
0.077 0.092 0.089 0.045 0.199 0.005 0.003 0.337 0.056 0.001 0.408 1 0.002 0.001 0.099 0.093 0.293 0.001 0.002 0.108 0.007 0.014 0.027 0.178 0.063 0.002 0.002 0.005 0.001 0.001 0.189 0.065 0.045 0.001 0.002 0.087 0.003 0.098 0.041 0.002 0.005 0.022 0 0.001 0.003 0.029 0.043 0.022 0.001 0.002 0.01 0.001 0.009 0.001 0.001 0.003 0.001 0.002 0.002 0.001 0.003 0.011 0.002 0.001 0.002 0.005 0.003 0.011 0.002 0.003 0.001 0 0.002 0.001 0.002 0.001 0.002 0.002
0.024 0.02 0.021 0.041 0.009 0.005 0.003 0.005 0.033 0.001 0.005 0.002 1 0.001 0.013 0.008 0.006 0.001 0.002 0.008 0.18 0.015 0.041 0.009 0.029 0.002 0.002 0.005 0.001 0.001 0.007 0.019 0.029 0.001 0.002 0.011 0 0.01 0.03 0.002 0.01 0.058 0.116 0.002 0 0.038 0.024 0.002 0.001 0.076 0.103 0 0.083 0.086 0.001 0.103 0.082 0.001 0.006 0.28 0.072 0.088 0.002 0.001 0.001 0 0.003 0.08 0.078 0.003 0.099 0.001 0.008 0.001 0.071 0.001 0.002 0.131
0.061 0.073 0.07 0.036 0.006 0.303 0.002 0.003 0.044 0.001 0.002 0.001 0.001 1 0.079 0.074 0.004 0.001 0.002 0.086 0.006 0.011 0.022 0.006 0.049 0.002 0.002 0.259 0.001 0.001 0.006 0.051 0.037 0.006 0.001 0.008 0.002 0.007 0.033 0.002 0.14 0.023 0.007 0.001 0.003 0.018 0.039 0.017 0.025 0.013 0.008 0.002 0.007 0.009 0.014 0.014 0.01 0.002 0.001 0.001 0.013 0.009 0 0.001 0.002 0.004 0.002 0.009 0.011 0 0.001 0.004 0.001 0 0.009 0.009 0.003 0.002
0.511 0.587 0.605 0.312 0.451 0.249 0.154 0.281 0.396 0.006 0.23 0.099 0.013 0.079 1 0.916 0.333 0.053 0.015 0.827 0.06 0.105 0.207 0.466 0.445 0.016 0.018 0.226 0.069 0.072 0.384 0.36 0.247 0.001 0.059 0.078 0.077 0.06 0.202 0.019 0.008 0.044 0.027 0.005 0.097 0.004 0.014 0.052 0.013 0 0.073 0.066 0.065 0.038 0.026 0 0.011 0.037 0.013 0.011 0 0.032 0.01 0.007 0.05 0.003 0.021 0.032 0 0.016 0.013 0.003 0.002 0.006 0.01 0.037 0 0.018
0.486 0.55 0.567 0.319 0.416 0.233 0.144 0.264 0.396 0.002 0.216 0.093 0.008 0.074 0.916 1 0.312 0.05 0.016 0.779 0.055 0.114 0.212 0.449 0.434 0.009 0.019 0.211 0.065 0.068 0.375 0.364 0.247 0.001 0.072 0.073 0.086 0.056 0.205 0.02 0.006 0.039 0.032 0.005 0.105 0.003 0.015 0.049 0.012 0 0.082 0.074 0.074 0.045 0.024 0.001 0.015 0.045 0.011 0.012 0 0.039 0.011 0.003 0.06 0.004 0.021 0.039 0.001 0.017 0.014 0.001 0.004 0.002 0.014 0.034 0 0.02
0.24 0.24 0.277 0.149 0.664 0.016 0.01 0.79 0.152 0.003 0.659 0.293 0.006 0.004 0.333 0.312 1 0.003 0.007 0.369 0.025 0.049 0.092 0.624 0.213 0.006 0.008 0.018 0.004 0.005 0.63 0.207 0.14 0 0.005 0.307 0.01 0.238 0.126 0.006 0.017 0.082 0.002 0.005 0.002 0.112 0.094 0.041 0.002 0.002 0.031 0.006 0.029 0.003 0.003 0.001 0 0.007 0.006 0.003 0.001 0.009 0.004 0.004 0.007 0 0.005 0.009 0.002 0.006 0.004 0.001 0.002 0.002 0 0.004 0.008 0.006
0.039 0.047 0.045 0.024 0.108 0.002 0.002 0.003 0.03 0 0.002 0.001 0.001 0.001 0.053 0.05 0.003 1 0.001 0.058 0.004 0.008 0.015 0.108 0.034 0.001 0.001 0.003 0.001 0.001 0.114 0.035 0.025 0.001 0.001 0.006 0.001 0.005 0.022 0.001 0.005 0.017 0.005 0.001 0.002 0.013 0.011 0 0 0.008 0.005 0.001 0.005 0.006 0 0.009 0.006 0.001 0.001 0.001 0.008 0.006 0.001 0.001 0.001 0.003 0.002 0.005 0.007 0.001 0.001 0.001 0.001 0 0.006 0 0.001 0.001
0.027 0.023 0.024 0.047 0.01 0.005 0.004 0.006 0.034 0.001 0.005 0.002 0.002 0.002 0.015 0.016 0.007 0.001 1 0.019 0.288 0.017 0.077 0.01 0.033 0.002 0.852 0.006 0.001 0.002 0.01 0.031 0.034 0.001 0.002 0.013 0.003 0.011 0.049 0.002 0.01 0.059 0.222 0.002 0.004 0.032 0.026 0.022 0.001 0.12 0.189 0.003 0.173 0.169 0.001 0.108 0.159 0.001 0.002 0 0.088 0.168 0.002 0.001 0.002 0.379 0.003 0.157 0.133 0.003 0 0.002 0.002 0 0.138 0.001 0.003 0
0.564 0.595 0.633 0.34 0.476 0.271 0.167 0.306 0.412 0.007 0.251 0.108 0.008 0.086 0.827 0.779 0.369 0.058 0.019 1 0.054 0.114 0.211 0.521 0.486 0.017 0.021 0.202 0.076 0.071 0.437 0.376 0.224 0 0.03 0.065 0.052 0.047 0.179 0.018 0.006 0.029 0.024 0.014 0.073 0.003 0.016 0.062 0.015 0 0.059 0.043 0.062 0.027 0.029 0 0.006 0.018 0.016 0.01 0.001 0.023 0.01 0.009 0.027 0 0.02 0.023 0.001 0.015 0.012 0.002 0.006 0.005 0.008 0.041 0 0.017
0 0.001 0.001 0.01 0.03 0.018 0.012 0.017 0.113 0.003 0.013 0.007 0.18 0.006 0.06 0.055 0.025 0.004 0.288 0.054 1 0.057 0.268 0.036 0.115 0.008 0.324 0.021 0.005 0.005 0.032 0.098 0.128 0.005 0.001 0.045 0.005 0.04 0.148 0.008 0.033 0.211 0.682 0.006 0.006 0.15 0.085 0.02 0.002 0.423 0.645 0.005 0.608 0.561 0.004 0.381 0.528 0.002 0.221 0.036 0.371 0.52 0.008 0.005 0.002 0.167 0.011 0.533 0.442 0.01 0.112 0.005 0.127 0 0.402 0.005 0.009 0.116
0.132 0.145 0.141 0.304 0.068 0.031 0.02 0.042 0.244 0.001 0.035 0.014 0.015 0.011 0.105 0.114 0.049 0.008 0.017 0.114 0.057 1 0.45 0.071 0.205 0.015 0.018 0.04 0.01 0.01 0.061 0.196 0.022 0.009 0.011 0.059 0.02 0.047 0.033 0.102 0.067 0.01 0.061 0.101 0.024 0 0.002 0.078 0 0.036 0.008 0.015 0.006 0.011 0 0.032 0.037 0.011 0.014 0.004 0.027 0.015 0.022 0.004 0.014 0.004 0.014 0.016 0.05 0.051 0.005 0.005 0.011 0.005 0.019 0.001 0.022 0.004
0.092 0.092 0.092 0.3 0.122 0.063 0.041 0.074 0.448 0.005 0.06 0.027 0.041 0.022 0.207 0.212 0.092 0.015 0.077 0.211 0.268 0.45 1 0.135 0.403 0.028 0.088 0.078 0.019 0.02 0.117 0.369 0.141 0.017 0.012 0.005 0.03 0.003 0.18 0.046 0.125 0.076 0.166 0.053 0.037 0.099 0.058 0.013 0.002 0.109 0.28 0.024 0.275 0.226 0.004 0.099 0.146 0.014 0.056 0.007 0.104 0.195 0.004 0.011 0.018 0.065 0.031 0.198 0.089 0.014 0.033 0.012 0.029 0.004 0.133 0.005 0.004 0.038
0.295 0.307 0.344 0.207 0.83 0.021 0.014 0.546 0.232 0.004 0.444 0.178 0.009 0.006 0.466 0.449 0.624 0.108 0.01 0.521 0.036 0.071 0.135 1 0.283 0.009 0.012 0.026 0.006 0.007 0.848 0.236 0.154 0.004 0.008 0.212 0.014 0.165 0.135 0.009 0.043 0.035 0.009 0.007 0 0.053 0.034 0.036 0 0.014 0.047 0.01 0.042 0.012 0.012 0.013 0.003 0.01 0.009 0.005 0.011 0.022 0.007 0.004 0.001 0 0.009 0.022 0.011 0.01 0.006 0.007 0.004 0.003 0.003 0.006 0.001 0.009
0.309 0.295 0.328 0.634 0.257 0.149 0.098 0.175 0.774 0.013 0.143 0.063 0.029 0.049 0.445 0.434 0.213 0.034 0.033 0.486 0.115 0.205 0.403 0.283 1 0.03 0.038 0.129 0.044 0.04 0.278 0.829 0.548 0.033 0.028 0.019 0.037 0.012 0.46 0.023 0.187 0.001 0.076 0.023 0.049 0.013 0.197 0.15 0.002 0.029 0.146 0.03 0.133 0.097 0.003 0.033 0.054 0.013 0.028 0.017 0.032 0.09 0.012 0.016 0.02 0.017 0.006 0.09 0.03 0.02 0.02 0.028 0.016 0.013 0.051 0.007 0.003 0.03
0.012 0.02 0.02 0.002 0.008 0.005 0.003 0.005 0.005 0.134 0.004 0.002 0.002 0.002 0.016 0.009 0.006 0.001 0.002 0.017 0.008 0.015 0.028 0.009 0.03 1 0.003 0.006 0.001 0.001 0.008 0.029 0.04 0 0.002 0.011 0.003 0.01 0.012 0.002 0.049 0.032 0.009 0.001 0.003 0.021 0.012 0 0.001 0.017 0.011 0.003 0.01 0.012 0.001 0.019 0.013 0.002 0.002 0.001 0.017 0.012 0.002 0.174 0.002 0.005 0.181 0.012 0.015 0.003 0.002 0 0.002 0.001 0.012 0.001 0.002 0.002
0.031 0.026 0.027 0.048 0.011 0.006 0.004 0.007 0.034 0.001 0.006 0.002 0.002 0.002 0.018 0.019 0.008 0.001 0.852 0.021 0.324 0.018 0.088 0.012 0.038 0.003 1 0.007 0.002 0.002 0.011 0.035 0.039 0.002 0.002 0.015 0.004 0.013 0.056 0.002 0.012 0.07 0.26 0.002 0.004 0.038 0.029 0.027 0.001 0.14 0.223 0.004 0.194 0.198 0.001 0.127 0.186 0.003 0.002 0 0.097 0.184 0.003 0.001 0.003 0.449 0.004 0.182 0.156 0.003 0 0.001 0.002 0 0.167 0.002 0.003 0
0.16 0.192 0.187 0.079 0.025 0.816 0.502 0.016 0.112 0.002 0.013 0.005 0.005 0.259 0.226 0.211 0.018 0.003 0.006 0.202 0.021 0.04 0.078 0.026 0.129 0.006 0.007 1 0.239 0.229 0.025 0.13 0.078 0 0.237 0.033 0.462 0.014 0.055 0.006 0.01 0.009 0.021 0.004 0.328 0.038 0.005 0.028 0.025 0.033 0.024 0.398 0.022 0.028 0.012 0.026 0.011 0.295 0.005 0.004 0.022 0.009 0.002 0.003 0.227 0.005 0.009 0.01 0.023 0.004 0.004 0 0.001 0.002 0.01 0.037 0 0.006
0.05 0.06 0.062 0.031 0.006 0.276 0.417 0.004 0.039 0.001 0.003 0.001 0.001 0.001 0.069 0.065 0.004 0.001 0.001 0.076 0.005 0.01 0.019 0.006 0.044 0.001 0.002 0.239 1 0.956 0.006 0.005 0.002 0.001 0.015 0.008 0.154 0.007 0.001 0.001 0.005 0.003 0.006 0.001 0.051 0.018 0.014 0 0.01 0.003 0.007 0.063 0.006 0.008 0.005 0.002 0.008 0.036 0.001 0.001 0 0.007 0.001 0.001 0.038 0.003 0.002 0.007 0 0.002 0.001 0.001 0.001 0 0.007 0.072 0 0.001
0.047 0.056 0.058 0.028 0.006 0.265 0.402 0.004 0.035 0.001 0.003 0.001 0.001 0.001 0.072 0.068 0.005 0.001 0.002 0.071 0.005 0.01 0.02 0.007 0.04 0.001 0.002 0.229 0.956 1 0.006 0.005 0.003 0.001 0.015 0.005 0.149 0.005 0.002 0.001 0.005 0.004 0.006 0.001 0.05 0.019 0.012 0.001 0.01 0.002 0.007 0.061 0.007 0.008 0.005 0.002 0.008 0.033 0.001 0.001 0 0.007 0.001 0.001 0.036 0.003 0.002 0.007 0 0.002 0.001 0.001 0.001 0 0.007 0.068 0 0.001
0.258 0.269 0.302 0.187 0.717 0.02 0.013 0.549 0.206 0.004 0.441 0.189 0.007 0.006 0.384 0.375 0.63 0.114 0.01 0.437 0.032 0.061 0.117 0.848 0.278 0.008 0.011 0.025 0.006 0.006 1 0.288 0.199 0.005 0.007 0.269 0.013 0.216 0.178 0.009 0.044 0.059 0.007 0.007 0 0.077 0.052 0.044 0.002 0.011 0.042 0.009 0.038 0.009 0.003 0.01 0.001 0.01 0.009 0.005 0.009 0.019 0.009 0.005 0.001 0 0.008 0.02 0.009 0.012 0.006 0.006 0.004 0.003 0.002 0.004 0.011 0.009
0.242 0.228 0.256 0.551 0.214 0.104 0.055 0.172 0.676 0.013 0.139 0.065 0.019 0.051 0.36 0.364 0.207 0.035 0.031 0.376 0.098 0.196 0.369 0.236 0.829 0.029 0.035 0.13 0.005 0.005 0.288 1 0.675 0.034 0.056 0.023 0.099 0.025 0.577 0.029 0.196 0.002 0.075 0.023 0.113 0.006 0.215 0.199 0.002 0.011 0.145 0.088 0.132 0.096 0 0.012 0.051 0.063 0.027 0.014 0.011 0.086 0.019 0.017 0.071 0.017 0.007 0.086 0.01 0.028 0.02 0.029 0.015 0.016 0.048 0.002 0.018 0.027
0.119 0.115 0.129 0.304 0.14 0.055 0.024 0.12 0.407 0.008 0.097 0.045 0.029 0.037 0.247 0.247 0.14 0.025 0.034 0.224 0.128 0.022 0.141 0.154 0.548 0.04 0.039 0.078 0.002 0.003 0.199 0.675 1 0.024 0.036 0.232 0.067 0.255 0.835 0.041 0.127 0.054 0.11 0.037 0.081 0.004 0.384 0.163 0 0.037 0.191 0.066 0.171 0.14 0.002 0.044 0.089 0.044 0.038 0.021 0.03 0.129 0.019 0.024 0.043 0.023 0.002 0.13 0.034 0.031 0.025 0.019 0.03 0.011 0.083 0.006 0.02 0.036
0.001 0.001 0.001 0.028 0.001 0 0.002 0 0.035 0.001 0 0.001 0.001 0.006 0.001 0.001 0 0.001 0.001 0 0.005 0.009 0.017 0.004 0.033 0 0.002 0 0.001 0.001 0.005 0.034 0.024 1 0.001 0.007 0.002 0.006 0.026 0.001 0.117 0.02 0.006 0.001 0.002 0.016 0.049 0.014 0 0.01 0.006 0.002 0.006 0.007 0 0.011 0.008 0.001 0.001 0.001 0.01 0.007 0.001 0.001 0.001 0.003 0.002 0.007 0.009 0.002 0.001 0.659 0.001 0 0.007 0.001 0.001 0.001
0.035 0.04 0.041 0.018 0.007 0.144 0.226 0.005 0.024 0.001 0.004 0.002 0.002 0.001 0.059 0.072 0.005 0.001 0.002 0.03 0.001 0.011 0.012 0.008 0.028 0.002 0.002 0.237 0.015 0.015 0.007 0.056 0.036 0.001 1 0.01 0.512 0.009 0.036 0.002 0.008 0.049 0.008 0.001 0.38 0 0.02 0.019 0.02 0.072 0.009 0.451 0.008 0.01 0.011 0.064 0 0.313 0.002 0.001 0.063 0 0.002 0.001 0.221 0 0.003 0 0.06 0.002 0.001 0.001 0.002 0.001 0 0.007 0.002 0.002
0.029 0.031 0.039 0.002 0.193 0.027 0.017 0.266 0.006 0.001 0.193 0.087 0.011 0.008 0.078 0.073 0.307 0.006 0.013 0.065 0.045 0.059 0.005 0.212 0.019 0.011 0.015 0.033 0.008 0.005 0.269 0.023 0.232 0.007 0.01 1 0.017 0.82 0.206 0.012 0.059 0.278 0.049 0.13 0 0.184 0.23 0.006 0.004 0.053 0.055 0.015 0.049 0.055 0.006 0.059 0.031 0.013 0.011 0.005 0.039 0.029 0.005 0.007 0.012 0.005 0.011 0.029 0.05 0 0.006 0.008 0.005 0.004 0.027 0.008 0.001 0.008
0.047 0.058 0.057 0.021 0.013 0.256 0.401 0.008 0.031 0.001 0.007 0.003 0 0.002 0.077 0.086 0.01 0.001 0.003 0.052 0.005 0.02 0.03 0.014 0.037 0.003 0.004 0.462 0.154 0.149 0.013 0.099 0.067 0.002 0.512 0.017 1 0.003 0.064 0.003 0.013 0.084 0.013 0.002 0.657 0.007 0.033 0.033 0.009 0.123 0.015 0.78 0.014 0.018 0.004 0.11 0.004 0.628 0.003 0.002 0.103 0.003 0.003 0.002 0.485 0 0.005 0.003 0.101 0.004 0.002 0.002 0.002 0.001 0.003 0.002 0.003 0.003
0.019 0.03 0.027 0.001 0.147 0.024 0.015 0.3 0.002 0.001 0.217 0.098 0.01 0.007 0.06 0.056 0.238 0.005 0.011 0.047 0.04 0.047 0.003 0.165 0.012 0.01 0.013 0.014 0.007 0.005 0.216 0.025 0.255 0.006 0.009 0.82 0.003 1 0.227 0.01 0.054 0.298 0.044 0.146 0.005 0.165 0.279 0.01 0.003 0.063 0.049 0.002 0.043 0.055 0.005 0.069 0.058 0.001 0.01 0.004 0.048 0.055 0.004 0.006 0.001 0.022 0.01 0.056 0.053 0.007 0.006 0.007 0.01 0.003 0.053 0.007 0.006 0.007
0.094 0.084 0.096 0.346 0.125 0.037 0.012 0.113 0.463 0 0.092 0.041 0.03 0.033 0.202 0.205 0.126 0.022 0.049 0.179 0.148 0.033 0.18 0.135 0.46 0.012 0.056 0.055 0.001 0.002 0.178 0.577 0.835 0.026 0.036 0.206 0.064 0.227 1 0.046 0.218 0.033 0.134 0.033 0.075 0 0.472 0.193 0 0.053 0.225 0.058 0.202 0.168 0.001 0.063 0.11 0.039 0.043 0.02 0.045 0.155 0.023 0.006 0.038 0.036 0.052 0.157 0.049 0.036 0.029 0.021 0.032 0.014 0.103 0.006 0.024 0.037
0.024 0.02 0.021 0.042 0.009 0.005 0.003 0.005 0.034 0.001 0.004 0.002 0.002 0.002 0.019 0.02 0.006 0.001 0.002 0.018 0.008 0.102 0.046 0.009 0.023 0.002 0.002 0.006 0.001 0.001 0.009 0.029 0.041 0.001 0.002 0.012 0.003 0.01 0.046 1 0.009 0.027 0.007 0.002 0.003 0.002 0.02 0.009 0.001 0 0.002 0.003 0.003 0.004 0.001 0 0.011 0.001 0.002 0.001 0 0.001 0.188 0.001 0.002 0.003 0.001 0.001 0.013 0.177 0.002 0.001 0.002 0.001 0.001 0.001 0.023 0.002
0.003 0.013 0.012 0.223 0.027 0.016 0.01 0.017 0.277 0.003 0.012 0.005 0.01 0.14 0.008 0.006 0.017 0.005 0.01 0.006 0.033 0.067 0.125 0.043 0.187 0.049 0.012 0.01 0.005 0.005 0.044 0.196 0.127 0.117 0.008 0.059 0.013 0.054 0.218 0.009 1 0.171 0.045 0.008 0.018 0.12 0.351 0.095 0.001 0.085 0.053 0.015 0.048 0.06 0 0.094 0.063 0.01 0.009 0.007 0.083 0.061 0.003 0.006 0.011 0.026 0.236 0.062 0.076 0.005 0.008 0.109 0.01 0.06 0.059 0.001 0.002 0.01
0.067 0.085 0.092 0.001 0.036 0.001 0.022 0.072 0.007 0.007 0.048 0.022 0.058 0.023 0.044 0.039 0.082 0.017 0.059 0.029 0.211 0.01 0.076 0.035 0.001 0.032 0.07 0.009 0.003 0.004 0.059 0.002 0.054 0.02 0.049 0.278 0.084 0.298 0.033 0.027 0.171 1 0.197 0.046 0.103 0.397 0.004 0.069 0.002 0.267 0.167 0.071 0.145 0.127 0.006 0.242 0.185 0.055 0.057 0.022 0.234 0.189 0.02 0.019 0.039 0.056 0.042 0.194 0.247 0.03 0.032 0.023 0.051 0.01 0.141 0.011 0.025 0.027
0.001 0.003 0.002 0.011 0.005 0.017 0.01 0.001 0.073 0.004 0 0 0.116 0.007 0.027 0.032 0.002 0.005 0.222 0.024 0.682 0.061 0.166 0.009 0.076 0.009 0.26 0.021 0.006 0.006 0.007 0.075 0.11 0.006 0.008 0.049 0.013 0.044 0.134 0.007 0.045 0.197 1 0.007 0.016 0.226 0.113 0.032 0.003 0.522 0.693 0.01 0.617 0.762 0.005 0.491 0.718 0.01 0.158 0.048 0.476 0.589 0.009 0.005 0.005 0.16 0.014 0.572 0.549 0.012 0.13 0.006 0.113 0.003 0.596 0.006 0.011 0.127
0.013 0.016 0.017 0.033 0.007 0.004 0.002 0.004 0.026 0.005 0.004 0.001 0.002 0.001 0.005 0.005 0.005 0.001 0.002 0.014 0.006 0.101 0.053 0.007 0.023 0.001 0.002 0.004 0.001 0.001 0.007 0.023 0.037 0.001 0.001 0.13 0.002 0.146 0.033 0.002 0.008 0.046 0.007 1 0.003 0.005 0.028 0.059 0.001 0.013 0.008 0.002 0.007 0.009 0.001 0.015 0.01 0.002 0.001 0.001 0.003 0.009 0.002 0.001 0.002 0.004 0.002 0.009 0.012 0.001 0.001 0.001 0.002 0 0.009 0.001 0.001 0.002
0.064 0.053 0.075 0.029 0 0.167 0.27 0.01 0.041 0.001 0.008 0.003 0 0.003 0.097 0.105 0.002 0.002 0.004 0.073 0.006 0.024 0.037 0 0.049 0.003 0.004 0.328 0.051 0.05 0 0.113 0.081 0.002 0.38 0 0.657 0.005 0.075 0.003 0.018 0.103 0.016 0.003 1 0 0.042 0.039 0.001 0.202 0.018 0.746 0.016 0.014 0.002 0.183 0.005 0.575 0.003 0.002 0.167 0.005 0.003 0.002 0.411 0.011 0.005 0.005 0.145 0.005 0.003 0.002 0 0.001 0.005 0.002 0.004 0.003
0.017 0.019 0.022 0.006 0.05 0.047 0.027 0.103 0.018 0.002 0.072 0.029 0.038 0.018 0.004 0.003 0.112 0.013 0.032 0.003 0.15 0 0.099 0.053 0.013 0.021 0.038 0.038 0.018 0.019 0.077 0.006 0.004 0.016 0 0.184 0.007 0.165 0 0.002 0.12 0.397 0.226 0.005 0 1 0.003 0.068 0.009 0.207 0.231 0.005 0.223 0.248 0.013 0.176 0.23 0.002 0.045 0.015 0.215 0.238 0.022 0.006 0.001 0.055 0.039 0.223 0.174 0.03 0.046 0.018 0.027 0.001 0.24 0.018 0.025 0.046
0.011 0.003 0.003 0.173 0.04 0.001 0.029 0.127 0.225 0.009 0.091 0.043 0.024 0.039 0.014 0.015 0.094 0.011 0.026 0.016 0.085 0.002 0.058 0.034 0.197 0.012 0.029 0.005 0.014 0.012 0.052 0.215 0.384 0.049 0.02 0.23 0.033 0.279 0.472 0.02 0.351 0.004 0.113 0.028 0.042 0.003 1 0.13 0 0.208 0.127 0.036 0.117 0.148 0.003 0.23 0.156 0.027 0.023 0.016 0.204 0.147 0.008 0.014 0.026 0.061 0.126 0.15 0.186 0.014 0.018 0.043 0.024 0.025 0.144 0.006 0.008 0.023
0.056 0.036 0.041 0.146 0.027 0.018 0.005 0.043 0.175 0.026 0.046 0.022 0.002 0.017 0.052 0.049 0.041 0 0.022 0.062 0.02 0.078 0.013 0.036 0.15 0 0.027 0.028 0 0.001 0.044 0.199 0.163 0.014 0.019 0.006 0.033 0.01 0.193 0.009 0.095 0.069 0.032 0.059 0.039 0.068 0.13 1 0.007 0.096 0.039 0.033 0.032 0.046 0.001 0.065 0.049 0.018 0.003 0 0.071 0.044 0.034 0.042 0.024 0.036 0.035 0.045 0.076 0.057 0.015 0.011 0 0.007 0.062 0.001 0.043 0.012
0.002 0.003 0.004 0.005 0.002 0.03 0.008 0.002 0.007 0 0.002 0.001 0.001 0.025 0.013 0.012 0.002 0 0.001 0.015 0.002 0 0.002 0 0.002 0.001 0.001 0.025 0.01 0.01 0.002 0.002 0 0 0.02 0.004 0.009 0.003 0 0.001 0.001 0.002 0.003 0.001 0.001 0.009 0 0.007 1 0.005 0.003 0.001 0.003 0.004 0.642 0.006 0.004 0.001 0.001 0 0.005 0.004 0.001 0 0.001 0.002 0.001 0.004 0.005 0.001 0 0 0.001 0 0.004 0.454 0.014 0.001
0.022 0.021 0.026 0.002 0.009 0.01 0.038 0.013 0.033 0.007 0.007 0.002 0.076 0.013 0 0 0.002 0.008 0.12 0 0.423 0.036 0.109 0.014 0.029 0.017 0.14 0.033 0.003 0.002 0.011 0.011 0.037 0.01 0.072 0.053 0.123 0.063 0.053 0 0.085 0.267 0.522 0.013 0.202 0.207 0.208 0.096 0.005 1 0.614 0.165 0.557 0.644 0.009 0.892 0.681 0.113 0.113 0.027 0.867 0.663 0.017 0.01 0.085 0.233 0.026 0.673 0.823 0.022 0.078 0.011 0.115 0.005 0.629 0.011 0.02 0.085
0.002 0.001 0.002 0.04 0.037 0.02 0.012 0.027 0.143 0.004 0.022 0.01 0.103 0.008 0.073 0.082 0.031 0.005 0.189 0.059 0.645 0.008 0.28 0.047 0.146 0.011 0.223 0.024 0.007 0.007 0.042 0.145 0.191 0.006 0.009 0.055 0.015 0.049 0.225 0.002 0.053 0.167 0.693 0.008 0.018 0.231 0.127 0.039 0.003 0.614 1 0.012 0.896 0.847 0.005 0.545 0.685 0.012 0.183 0.05 0.541 0.802 0.011 0.006 0.007 0.237 0.016 0.813 0.524 0.014 0.128 0.007 0.151 0.003 0.634 0.007 0.012 0.144
0.041 0.051 0.048 0.016 0.01 0.206 0.326 0.005 0.025 0.001 0.004 0.001 0 0.002 0.066 0.074 0.006 0.001 0.003 0.043 0.005 0.015 0.024 0.01 0.03 0.003 0.004 0.398 0.063 0.061 0.009 0.088 0.066 0.002 0.451 0.015 0.78 0.002 0.058 0.003 0.015 0.071 0.01 0.002 0.746 0.005 0.036 0.033 0.001 0.165 0.012 1 0.009 0.009 0.001 0.155 0 0.681 0.003 0 0.136 0 0.003 0.002 0.489 0 0.004 0 0.135 0.004 0 0.002 0.002 0.001 0 0.002 0.003 0
0 0 0 0.032 0.033 0.018 0.011 0.024 0.133 0.004 0.02 0.009 0.083 0.007 0.065 0.074 0.029 0.005 0.173 0.062 0.608 0.006 0.275 0.042 0.133 0.01 0.194 0.022 0.006 0.007 0.038 0.132 0.171 0.006 0.008 0.049 0.014 0.043 0.202 0.003 0.048 0.145 0.617 0.007 0.016 0.223 0.117 0.032 0.003 0.557 0.896 0.009 1 0.79 0.005 0.509 0.632 0.011 0.2 0.062 0.544 0.76 0.01 0.006 0.006 0.194 0.015 0.756 0.481 0.013 0.15 0.006 0.166 0.003 0.577 0.006 0.011 0.166
0 0.001 0 0.023 0.008 0.024 0.014 0.003 0.099 0.005 0.001 0.001 0.086 0.009 0.038 0.045 0.003 0.006 0.169 0.027 0.561 0.011 0.226 0.012 0.097 0.012 0.198 0.028 0.008 0.008 0.009 0.096 0.14 0.007 0.01 0.055 0.018 0.055 0.168 0.004 0.06 0.127 0.762 0.009 0.014 0.248 0.148 0.046 0.004 0.644 0.847 0.009 0.79 1 0.006 0.617 0.781 0.013 0.159 0.05 0.609 0.731 0.006 0.007 0.008 0.226 0.019 0.74 0.598 0.009 0.12 0.008 0.13 0.004 0.713 0.008 0.014 0.13
0.009 0.012 0.013 0.01 0.005 0.015 0.004 0.003 0.013 0 0.002 0.001 0.001 0.014 0.026 0.024 0.003 0 0.001 0.029 0.004 0 0.004 0.012 0.003 0.001 0.001 0.012 0.005 0.005 0.003 0 0.002 0 0.011 0.006 0.004 0.005 0.001 0.001 0 0.006 0.005 0.001 0.002 0.013 0.003 0.001 0.642 0.009 0.005 0.001 0.005 0.006 1 0.009 0.006 0.001 0.001 0.001 0.008 0.006 0.001 0.001 0.001 0.003 0.002 0.006 0.008 0.001 0.001 0 0.001 0 0.006 0.663 0.106 0.001
0.016 0.015 0.021 0.004 0.008 0.007 0.032 0.012 0.037 0.008 0.006 0.003 0.103 0.014 0 0.001 0.001 0.009 0.108 0 0.381 0.032 0.099 0.013 0.033 0.019 0.127 0.026 0.002 0.002 0.01 0.012 0.044 0.011 0.064 0.059 0.11 0.069 0.063 0 0.094 0.242 0.491 0.015 0.183 0.176 0.23 0.065 0.006 0.892 0.545 0.155 0.509 0.617 0.009 1 0.677 0.101 0.102 0.068 0.847 0.64 0.019 0.011 0.076 0.227 0.029 0.649 0.808 0.025 0.08 0.013 0.104 0.006 0.626 0.012 0.022 0.105
0.009 0.006 0.01 0.005 0.001 0.008 0.002 0.003 0.053 0.005 0.001 0.001 0.082 0.01 0.011 0.015 0 0.006 0.159 0.006 0.528 0.037 0.146 0.003 0.054 0.013 0.186 0.011 0.008 0.008 0.001 0.051 0.089 0.008 0 0.031 0.004 0.058 0.11 0.011 0.063 0.185 0.718 0.01 0.005 0.23 0.156 0.049 0.004 0.681 0.685 0 0.632 0.781 0.006 0.677 1 0.014 0.147 0.054 0.668 0.82 0.013 0.008 0.009 0.336 0.02 0.834 0.715 0.017 0.119 0.008 0.15 0.004 0.803 0.008 0.015 0.155
0.019 0.026 0.024 0.005 0.01 0.115 0.185 0.006 0.01 0.001 0.005 0.002 0.001 0.002 0.037 0.045 0.007 0.001 0.001 0.018 0.002 0.011 0.014 0.01 0.013 0.002 0.003 0.295 0.036 0.033 0.01 0.063 0.044 0.001 0.313 0.013 0.628 0.001 0.039 0.001 0.01 0.055 0.01 0.002 0.575 0.002 0.027 0.018 0.001 0.113 0.012 0.681 0.011 0.013 0.001 0.101 0.014 1 0.002 0.001 0.115 0.013 0.001 0.001 0.645 0.006 0.003 0.014 0.122 0.002 0.002 0.002 0.002 0.001 0.013 0.001 0.003 0.002
0.047 0.058 0.056 0.025 0.006 0.005 0.003 0.005 0.028 0.001 0.004 0.002 0.006 0.001 0.013 0.011 0.006 0.001 0.002 0.016 0.221 0.014 0.056 0.009 0.028 0.002 0.002 0.005 0.001 0.001 0.009 0.027 0.038 0.001 0.002 0.011 0.003 0.01 0.043 0.002 0.009 0.057 0.158 0.001 0.003 0.045 0.023 0.003 0.001 0.113 0.183 0.003 0.2 0.159 0.001 0.102 0.147 0.002 1 0.003 0.107 0.132 0.002 0.001 0.002 0 0.003 0.156 0.108 0.003 0.002 0.001 0.24 0.001 0.066 0.001 0.002 0.001
0.012 0.01 0.011 0.018 0.004 0.003 0.002 0.002 0.014 0.001 0.001 0.001 0.28 0.001 0.011 0.012 0.003 0.001 0 0.01 0.036 0.004 0.007 0.005 0.017 0.001 0 0.004 0.001 0.001 0.005 0.014 0.021 0.001 0.001 0.005 0.002 0.004 0.02 0.001 0.007 0.022 0.048 0.001 0.002 0.015 0.016 0 0 0.027 0.05 0 0.062 0.05 0.001 0.068 0.054 0.001 0.003 1 0.039 0.057 0.001 0.001 0.001 0.003 0.002 0.056 0.037 0.002 0.209 0.001 0.001 0 0.042 0.001 0.002 0.281
0.018 0.017 0.022 0.003 0.007 0.004 0.023 0.01 0.037 0.007 0.005 0.003 0.072 0.013 0 0 0.001 0.008 0.088 0.001 0.371 0.027 0.104 0.011 0.032 0.017 0.097 0.022 0 0 0.009 0.011 0.03 0.01 0.063 0.039 0.103 0.048 0.045 0 0.083 0.234 0.476 0.003 0.167 0.215 0.204 0.071 0.005 0.867 0.541 0.136 0.544 0.609 0.008 0.847 0.668 0.115 0.107 0.039 1 0.644 0.017 0.01 0.087 0.205 0.026 0.651 0.831 0.022 0.09 0.011 0.109 0.005 0.624 0.011 0.02 0.118
0 0 0 0.023 0.015 0.007 0.001 0.031 0.091 0.005 0.025 0.011 0.088 0.009 0.032 0.039 0.009 0.006 0.168 0.023 0.52 0.015 0.195 0.022 0.09 0.012 0.184 0.009 0.007 0.007 0.019 0.086 0.129 0.007 0 0.029 0.003 0.055 0.155 0.001 0.061 0.189 0.589 0.009 0.005 0.238 0.147 0.044 0.004 0.663 0.802 0 0.76 0.731 0.006 0.64 0.82 0.013 0.132 0.057 0.644 1 0.012 0.007 0.008 0.342 0.019 0.958 0.578 0.016 0.126 0.008 0.135 0.004 0.794 0.008 0.014 0.164
0.005 0.005 0.006 0.015 0.006 0.001 0.003 0.003 0.019 0.001 0.002 0.002 0.002 0 0.01 0.011 0.004 0.001 0.002 0.01 0.008 0.022 0.004 0.007 0.012 0.002 0.003 0.002 0.001 0.001 0.009 0.019 0.019 0.001 0.002 0.005 0.003 0.004 0.023 0.188 0.003 0.02 0.009 0.002 0.003 0.022 0.008 0.034 0.001 0.017 0.011 0.003 0.01 0.006 0.001 0.019 0.013 0.001 0.002 0.001 0.017 0.012 1 0.001 0.002 0.005 0.003 0.012 0.015 0.766 0.002 0.001 0.002 0.001 0.012 0.001 0.116 0.002
0.01 0.009 0.008 0.019 0.004 0.003 0.002 0.003 0.018 0.377 0.003 0.001 0.001 0.001 0.007 0.003 0.004 0.001 0.001 0.009 0.005 0.004 0.011 0.004 0.016 0.174 0.001 0.003 0.001 0.001 0.005 0.017 0.024 0.001 0.001 0.007 0.002 0.006 0.006 0.001 0.006 0.019 0.005 0.001 0.002 0.006 0.014 0.042 0 0.01 0.006 0.002 0.006 0.007 0.001 0.011 0.008 0.001 0.001 0.001 0.01 0.007 0.001 1 0.001 0.003 0.002 0.007 0.009 0.002 0.001 0.001 0.001 0 0.007 0.001 0.001 0.001
0.013 0.018 0.017 0.007 0.009 0.085 0.14 0.006 0.017 0.001 0.005 0.002 0.001 0.002 0.05 0.06 0.007 0.001 0.002 0.027 0.002 0.014 0.018 0.001 0.02 0.002 0.003 0.227 0.038 0.036 0.001 0.071 0.043 0.001 0.221 0.012 0.485 0.001 0.038 0.002 0.011 0.039 0.005 0.002 0.411 0.001 0.026 0.024 0.001 0.085 0.007 0.489 0.006 0.008 0.001 0.076 0.009 0.645 0.002 0.001 0.087 0.008 0.002 0.001 1 0 0.003 0.008 0.092 0.003 0.002 0.001 0 0.001 0.008 0.001 0.002 0.002
0.009 0.016 0.011 0.025 0.003 0.004 0.001 0.014 0.019 0.002 0.012 0.005 0 0.004 0.003 0.004 0 0.003 0.379 0 0.167 0.004 0.065 0 0.017 0.005 0.449 0.005 0.003 0.003 0 0.017 0.023 0.003 0 0.005 0 0.022 0.036 0.003 0.026 0.056 0.16 0.004 0.011 0.055 0.061 0.036 0.002 0.233 0.237 0 0.194 0.226 0.003 0.227 0.336 0.006 0 0.003 0.205 0.342 0.005 0.003 0 1 0.008 0.335 0.256 0.007 0.004 0.003 0.004 0.002 0.291 0.003 0.006 0
0.005 0.023 0.024 0.055 0.008 0.007 0.002 0.004 0.068 0.001 0.002 0.003 0.003 0.002 0.021 0.021 0.005 0.002 0.003 0.02 0.011 0.014 0.031 0.009 0.006 0.181 0.004 0.009 0.002 0.002 0.008 0.007 0.002 0.002 0.003 0.011 0.005 0.01 0.052 0.001 0.236 0.042 0.014 0.002 0.005 0.039 0.126 0.035 0.001 0.026 0.016 0.004 0.015 0.019 0.002 0.029 0.02 0.003 0.003 0.002 0.026 0.019 0.003 0.002 0.003 0.008 1 0.019 0.024 0.004 0.002 0.002 0.003 0.001 0.018 0.002 0.002 0.003
0.001 0 0.001 0.018 0.015 0.007 0.001 0.032 0.088 0.005 0.026 0.011 0.08 0.009 0.032 0.039 0.009 0.005 0.157 0.023 0.533 0.016 0.198 0.022 0.09 0.012 0.182 0.01 0.007 0.007 0.02 0.086 0.13 0.007 0 0.029 0.003 0.056 0.157 0.001 0.062 0.194 0.572 0.009 0.005 0.223 0.15 0.045 0.004 0.673 0.813 0 0.756 0.74 0.006 0.649 0.834 0.014 0.156 0.056 0.651 0.958 0.012 0.007 0.008 0.335 0.019 1 0.589 0.016 0.123 0.008 0.159 0.004 0.785 0.008 0.014 0.161
0.016 0.021 0.022 0.002 0.007 0.004 0.022 0.007 0.031 0.006 0.003 0.002 0.078 0.011 0 0.001 0.002 0.007 0.133 0.001 0.442 0.05 0.089 0.011 0.03 0.015 0.156 0.023 0 0 0.009 0.01 0.034 0.009 0.06 0.05 0.101 0.053 0.049 0.013 0.076 0.247 0.549 0.012 0.145 0.174 0.186 0.076 0.005 0.823 0.524 0.135 0.481 0.598 0.008 0.808 0.715 0.122 0.108 0.037 0.831 0.578 0.015 0.009 0.092 0.256 0.024 0.589 1 0.02 0.099 0.01 0.128 0.005 0.563 0.01 0.018 0.12
0.011 0.01 0.011 0.027 0.009 0.003 0.004 0.005 0.029 0.001 0.004 0.003 0.003 0 0.016 0.017 0.006 0.001 0.003 0.015 0.01 0.051 0.014 0.01 0.02 0.003 0.003 0.004 0.002 0.002 0.012 0.028 0.031 0.002 0.002 0 0.004 0.007 0.036 0.177 0.005 0.03 0.012 0.001 0.005 0.03 0.014 0.057 0.001 0.022 0.014 0.004 0.013 0.009 0.001 0.025 0.017 0.002 0.003 0.002 0.022 0.016 0.766 0.002 0.003 0.007 0.004 0.016 0.02 1 0.002 0.002 0.002 0.001 0.016 0.002 0.243 0.003
0.002 0.001 0.001 0.007 0.005 0.003 0.002 0.002 0.021 0.001 0.002 0.001 0.099 0.001 0.013 0.014 0.004 0.001 0 0.012 0.112 0.005 0.033 0.006 0.02 0.002 0 0.004 0.001 0.001 0.006 0.02 0.025 0.001 0.001 0.006 0.002 0.006 0.029 0.002 0.008 0.032 0.13 0.001 0.003 0.046 0.018 0.015 0 0.078 0.128 0 0.15 0.12 0.001 0.08 0.119 0.002 0.002 0.209 0.09 0.126 0.002 0.001 0.002 0.004 0.002 0.123 0.099 0.002 1 0.001 0.001 0 0.105 0.001 0.002 0.691
0.002 0.003 0.004 0.023 0.002 0 0.002 0.001 0.03 0.001 0 0 0.001 0.004 0.003 0.001 0.001 0.001 0.002 0.002 0.005 0.005 0.012 0.007 0.028 0 0.001 0 0.001 0.001 0.006 0.029 0.019 0.659 0.001 0.008 0.002 0.007 0.021 0.001 0.109 0.023 0.006 0.001 0.002 0.018 0.043 0.011 0 0.011 0.007 0.002 0.006 0.008 0 0.013 0.008 0.002 0.001 0.001 0.011 0.008 0.001 0.001 0.001 0.003 0.002 0.008 0.01 0.002 0.001 1 0.001 0 0.008 0.001 0.002 0.001
0.03 0.029 0.037 0.009 0.001 0.001 0 0.006 0.011 0.001 0.005 0.002 0.008 0.001 0.002 0.004 0.002 0.001 0.002 0.006 0.127 0.011 0.029 0.004 0.016 0.002 0.002 0.001 0.001 0.001 0.004 0.015 0.03 0.001 0.002 0.005 0.002 0.01 0.032 0.002 0.01 0.051 0.113 0.002 0 0.027 0.024 0 0.001 0.115 0.151 0.002 0.166 0.13 0.001 0.104 0.15 0.002 0.24 0.001 0.109 0.135 0.002 0.001 0 0.004 0.003 0.159 0.128 0.002 0.001 0.001 1 0.001 0.12 0.001 0.002 0
0.002 0.003 0.004 0.013 0.001 0.001 0.001 0 0.016 0 0 0.001 0.001 0 0.006 0.002 0.002 0 0 0.005 0 0.005 0.004 0.003 0.013 0.001 0 0.002 0 0 0.003 0.016 0.011 0 0.001 0.004 0.001 0.003 0.014 0.001 0.06 0.01 0.003 0 0.001 0.001 0.025 0.007 0 0.005 0.003 0.001 0.003 0.004 0 0.006 0.004 0.001 0.001 0 0.005 0.004 0.001 0 0.001 0.002 0.001 0.004 0.005 0.001 0 0 0.001 1 0.004 0 0.001 0.001
0.001 0.001 0.003 0.013 0.001 0.007 0.001 0.004 0.049 0.005 0.001 0.002 0.071 0.009 0.01 0.014 0 0.006 0.138 0.008 0.402 0.019 0.133 0.003 0.051 0.012 0.167 0.01 0.007 0.007 0.002 0.048 0.083 0.007 0 0.027 0.003 0.053 0.103 0.001 0.059 0.141 0.596 0.009 0.005 0.24 0.144 0.062 0.004 0.629 0.634 0 0.577 0.713 0.006 0.626 0.803 0.013 0.066 0.042 0.624 0.794 0.012 0.007 0.008 0.291 0.018 0.785 0.563 0.016 0.105 0.008 0.12 0.004 1 0.008 0.014 0.149
0.015 0.02 0.021 0.012 0.002 0.045 0.033 0.004 0.017 0.001 0.003 0.001 0.001 0.009 0.037 0.034 0.004 0 0.001 0.041 0.005 0.001 0.005 0.006 0.007 0.001 0.002 0.037 0.072 0.068 0.004 0.002 0.006 0.001 0.007 0.008 0.002 0.007 0.006 0.001 0.001 0.011 0.006 0.001 0.002 0.018 0.006 0.001 0.454 0.011 0.007 0.002 0.006 0.008 0.663 0.012 0.008 0.001 0.001 0.001 0.011 0.008 0.001 0.001 0.001 0.003 0.002 0.008 0.01 0.002 0.001 0.001 0.001 0 0.008 1 0.086 0.001
0.002 0.001 0.001 0.008 0 0 0 0.007 0.004 0.001 0.006 0.002 0.002 0.003 0 0 0.008 0.001 0.003 0 0.009 0.022 0.004 0.001 0.003 0.002 0.003 0 0 0 0.011 0.018 0.02 0.001 0.002 0.001 0.003 0.006 0.024 0.023 0.002 0.025 0.011 0.001 0.004 0.025 0.008 0.043 0.014 0.02 0.012 0.003 0.011 0.014 0.106 0.022 0.015 0.003 0.002 0.002 0.02 0.014 0.116 0.001 0.002 0.006 0.002 0.014 0.018 0.243 0.002 0.002 0.002 0.001 0.014 0.086 1 0.002
0.004 0.002 0.003 0.012 0.007 0.005 0.003 0.004 0.028 0.001 0.003 0.002 0.131 0.002 0.018 0.02 0.006 0.001 0 0.017 0.116 0.004 0.038 0.009 0.03 0.002 0 0.006 0.001 0.001 0.009 0.027 0.036 0.001 0.002 0.008 0.003 0.007 0.037 0.002 0.01 0.027 0.127 0.002 0.003 0.046 0.023 0.012 0.001 0.085 0.144 0 0.166 0.13 0.001 0.105 0.155 0.002 0.001 0.281 0.118 0.164 0.002 0.001 0.002 0 0.003 0.161 0.12 0.003 0.691 0.001 0 0.001 0.149 0.001 0.002 1
