1 0.844 0.88 0.452 0.384 0.163 0.125 0.235 0.312 0.017 0.177 0.087 0.024 0.033 0.493 0.469 0.237 0.055 0.036 0.577 0.007 0.121 0.118 0.375 0.313 0.012 0.042 0.149 0.04 0.021 0.317 0.282 0.163 0 0.054 0.067 0.083 0.046 0.139 0.025 0.023 0.104 0 0.003 0.093 0.027 0.007 0.093 0.013 0.021 0.006 0.068 0.003 0.001 0.014 0.019 0.002 0.021 0.054 0.013 0.024 0.001 0.025 0.014 0.031 0.01 0.014 0.002 0.014 0.026 0.005 0.003 0.048 0.002 0.001 0.009 0.002 0.005
0.844 1 0.949 0.411 0.398 0.186 0.143 0.268 0.271 0.015 0.202 0.099 0.021 0.038 0.565 0.54 0.237 0.063 0.031 0.618 0.003 0.11 0.099 0.39 0.289 0.027 0.037 0.172 0.045 0.025 0.334 0.261 0.149 0 0.06 0.07 0.094 0.062 0.115 0.022 0.052 0.118 0 0.009 0.078 0.035 0.002 0.073 0.014 0.023 0.003 0.08 0.001 0 0.015 0.021 0.002 0.027 0.062 0.011 0.026 0 0.022 0.012 0.037 0.012 0.028 0.001 0.018 0.023 0.004 0.003 0.046 0.017 0.001 0.01 0.002 0.004
0.88 0.949 1 0.435 0.435 0.183 0.141 0.264 0.292 0.015 0.199 0.098 0.021 0.037 0.572 0.546 0.269 0.062 0.032 0.655 0.004 0.108 0.099 0.426 0.315 0.028 0.038 0.169 0.045 0.025 0.364 0.284 0.165 0 0.059 0.084 0.092 0.06 0.13 0.022 0.051 0.131 0 0.009 0.107 0.042 0.002 0.084 0.013 0.031 0.003 0.079 0.001 0 0.015 0.029 0.005 0.026 0.061 0.011 0.035 0.002 0.022 0.012 0.036 0.007 0.028 0.004 0.023 0.024 0.004 0.003 0.056 0.017 0.004 0.01 0.002 0.004
0.452 0.411 0.435 1 0.221 0.058 0.04 0.128 0.774 0.032 0.096 0.047 0.043 0.018 0.22 0.236 0.138 0.042 0.066 0.297 0.031 0.25 0.293 0.22 0.607 0 0.06 0.05 0.022 0.008 0.183 0.559 0.356 0.014 0.014 0.011 0.028 0.005 0.41 0.045 0.192 0.001 0.022 0.021 0.045 0.003 0.197 0.199 0.002 0.001 0.041 0.031 0.04 0.023 0.002 0.001 0.009 0.006 0.028 0.018 0 0.017 0.048 0.028 0.007 0.025 0.054 0.008 0.001 0.051 0.007 0.016 0.012 0.031 0.012 0 0.016 0.017
0.384 0.398 0.435 0.221 1 0.02 0.016 0.438 0.249 0.008 0.397 0.194 0.01 0.004 0.437 0.397 0.519 0.131 0.016 0.515 0.041 0.07 0.136 0.788 0.25 0.014 0.019 0.023 0.005 0.007 0.697 0.23 0.17 0.002 0.01 0.219 0.014 0.165 0.147 0.011 0.039 0.046 0.01 0.006 0 0.051 0.044 0.042 0.002 0.009 0.029 0.009 0.025 0.006 0 0.01 0.004 0.011 0.003 0.008 0.009 0.014 0.011 0.008 0.008 0.006 0.012 0.011 0.009 0.012 0.006 0.004 0 0.008 0.004 0 0.005 0.004
0.163 0.186 0.183 0.058 0.02 1 0.766 0.011 0.099 0.003 0.008 0.004 0.004 0.201 0.167 0.156 0.014 0.003 0.006 0.193 0.015 0.012 0.032 0.022 0.083 0.005 0.007 0.746 0.243 0.175 0.023 0.08 0.035 0.004 0.192 0.024 0.358 0.022 0.026 0.004 0 0.013 0.009 0.002 0.224 0.037 0.013 0.014 0.083 0.033 0.009 0.272 0.008 0.012 0.058 0.035 0.001 0.096 0.003 0 0.036 0.001 0.005 0.003 0.097 0.007 0.006 0.002 0.015 0.005 0 0 0 0.003 0 0.052 0.004 0.001
0.125 0.143 0.141 0.04 0.016 0.766 1 0.008 0.077 0.002 0.006 0.003 0.003 0.001 0.129 0.12 0.011 0.003 0.004 0.147 0.012 0.007 0.022 0.017 0.06 0.004 0.005 0.559 0.315 0.231 0.018 0.06 0.021 0.001 0.256 0.019 0.473 0.018 0.014 0.003 0.015 0.036 0.006 0.002 0.301 0.026 0.042 0.008 0.058 0.059 0.006 0.361 0.005 0.008 0.041 0.063 0.004 0.131 0.002 0 0.063 0.005 0.004 0.003 0.131 0.005 0.005 0.006 0.032 0.004 0 0.001 0.001 0.002 0.003 0.039 0.001 0
0.235 0.268 0.264 0.128 0.438 0.011 0.008 1 0.123 0.004 0.753 0.369 0.006 0.002 0.242 0.225 0.626 0.005 0.008 0.305 0.022 0.037 0.072 0.488 0.16 0.008 0.01 0.012 0.003 0.003 0.453 0.149 0.114 0.001 0.006 0.303 0.007 0.308 0.1 0.006 0.026 0.086 0.003 0.003 0.008 0.113 0.117 0.035 0.002 0.011 0.021 0.004 0.018 0.003 0.003 0.011 0.007 0.006 0.004 0.004 0.009 0.025 0.005 0.005 0.005 0.01 0.005 0.024 0.009 0.006 0.003 0.002 0.006 0.005 0.008 0.003 0.006 0.001
0.312 0.271 0.292 0.774 0.249 0.099 0.077 0.123 1 0.028 0.088 0.053 0.038 0.02 0.296 0.295 0.136 0.047 0.051 0.356 0.124 0.221 0.42 0.227 0.703 0 0.046 0.088 0.024 0.01 0.197 0.674 0.438 0.016 0.029 0.015 0.046 0.008 0.503 0.04 0.218 0 0.069 0.023 0.052 0.012 0.226 0.2 0.013 0.014 0.1 0.037 0.102 0.066 0.013 0.013 0.032 0.008 0.02 0.016 0.013 0.054 0.044 0.031 0.018 0.03 0.062 0.038 0.015 0.047 0.01 0.019 0.007 0.035 0.037 0.003 0.006 0.021
0.017 0.015 0.015 0.032 0.008 0.003 0.002 0.004 0.028 1 0.003 0.001 0.001 0.001 0.005 0.001 0.005 0.001 0.002 0.013 0.006 0.006 0.014 0.008 0.025 0.127 0.003 0.003 0.001 0.001 0.009 0.026 0.027 0 0.001 0.005 0.002 0.005 0.012 0 0.007 0.022 0.007 0.001 0.002 0.002 0.021 0.022 0.001 0.011 0.007 0.002 0.006 0.008 0.001 0.011 0.009 0.002 0.001 0.001 0.01 0.008 0.001 0.449 0.001 0.004 0.002 0.008 0.01 0.002 0.001 0.001 0.002 0.001 0.008 0.001 0.002 0.002
0.177 0.202 0.199 0.096 0.397 0.008 0.006 0.753 0.088 0.003 1 0.49 0.004 0.002 0.182 0.17 0.502 0.004 0.006 0.23 0.016 0.028 0.054 0.366 0.121 0.006 0.008 0.009 0.002 0.003 0.338 0.111 0.084 0 0.004 0.203 0.006 0.202 0.074 0.004 0.019 0.054 0.002 0.002 0.006 0.072 0.081 0.029 0.002 0.007 0.019 0.002 0.017 0.001 0.002 0.006 0.004 0.005 0.003 0.003 0.005 0.022 0.004 0.004 0.003 0.01 0.003 0.021 0.005 0.004 0.002 0.001 0.005 0.003 0.005 0.003 0.005 0
0.087 0.099 0.098 0.047 0.194 0.004 0.003 0.369 0.053 0.001 0.49 1 0.002 0.001 0.09 0.083 0.261 0.002 0.003 0.113 0.008 0.014 0.026 0.177 0.059 0.003 0.004 0.004 0.001 0.001 0.167 0.058 0.044 0 0.002 0.097 0.003 0.088 0.039 0.002 0.009 0.025 0.001 0.001 0.003 0.035 0.039 0.02 0.001 0.002 0.009 0 0.008 0 0.001 0.002 0.002 0.002 0.001 0.002 0.002 0.011 0.003 0.002 0.002 0.005 0.003 0.01 0.002 0.003 0.001 0 0.002 0.002 0.003 0.001 0.002 0.002
0.024 0.021 0.021 0.043 0.01 0.004 0.003 0.006 0.038 0.001 0.004 0.002 1 0.001 0.02 0.008 0.007 0.002 0.003 0.008 0.224 0.013 0.065 0.011 0.033 0.003 0.004 0.004 0.001 0.001 0.012 0.018 0.026 0.001 0.006 0.013 0.003 0.012 0.031 0.002 0.01 0.052 0.096 0.001 0.002 0.046 0.028 0.01 0.001 0.12 0.139 0.004 0.129 0.113 0.001 0.127 0.104 0.006 0 0.333 0.129 0.113 0.003 0.001 0.009 0.001 0.003 0.086 0.067 0.003 0.119 0.001 0.002 0.002 0.108 0.001 0.002 0.339
0.033 0.038 0.037 0.018 0.004 0.201 0.001 0.002 0.02 0.001 0.002 0.001 0.001 1 0.034 0.032 0.003 0.001 0.001 0.041 0.003 0.005 0.01 0.004 0.021 0.001 0.001 0.167 0 0 0.005 0.019 0.016 0.034 0.001 0.004 0.001 0.004 0.014 0.001 0.07 0.013 0.003 0 0.001 0.01 0.022 0.008 0.023 0.006 0.003 0.001 0.003 0.004 0.016 0.006 0.005 0.001 0.001 0.001 0.005 0.004 0.001 0 0.001 0.002 0.001 0.004 0.005 0.001 0 0.01 0.001 0.001 0.004 0.012 0.005 0.001
0.493 0.565 0.572 0.22 0.437 0.167 0.129 0.242 0.296 0.005 0.182 0.09 0.02 0.034 1 0.874 0.273 0.079 0.014 0.682 0.061 0.066 0.15 0.436 0.305 0.017 0.019 0.158 0.041 0.055 0.364 0.283 0.248 0 0.056 0.14 0.086 0.111 0.22 0.024 0.049 0.094 0.026 0.009 0.1 0.018 0.017 0.072 0.013 0.001 0.046 0.074 0.04 0.024 0.015 0.001 0.004 0.024 0.015 0.012 0.003 0.011 0.017 0.007 0.038 0.006 0.03 0.008 0 0.019 0.008 0.004 0.002 0.019 0.005 0.009 0 0.01
0.469 0.54 0.546 0.236 0.397 0.156 0.12 0.225 0.295 0.001 0.17 0.083 0.008 0.032 0.874 1 0.253 0.073 0.016 0.632 0.052 0.073 0.149 0.413 0.306 0.01 0.022 0.147 0.038 0.051 0.349 0.306 0.266 0 0.078 0.133 0.107 0.107 0.238 0.026 0.04 0.088 0.035 0.01 0.12 0.014 0.02 0.071 0.012 0.001 0.057 0.094 0.051 0.032 0.013 0 0.009 0.039 0.01 0.014 0.002 0.017 0.019 0.002 0.06 0.008 0.032 0.014 0 0.021 0.009 0.004 0.005 0.006 0.01 0.008 0 0.011
0.237 0.237 0.269 0.138 0.519 0.014 0.011 0.626 0.136 0.005 0.502 0.261 0.007 0.003 0.273 0.253 1 0.006 0.011 0.39 0.028 0.047 0.092 0.576 0.205 0.01 0.013 0.015 0.003 0.004 0.536 0.189 0.144 0.001 0.007 0.374 0.01 0.283 0.127 0.007 0.023 0.106 0.007 0.004 0.002 0.122 0.117 0.038 0.003 0.003 0.026 0.005 0.023 0.003 0.003 0.003 0.001 0.008 0.005 0.005 0.002 0.008 0.007 0.006 0.006 0 0.007 0.007 0.003 0.008 0.004 0.002 0.003 0.006 0.001 0.004 0.008 0.002
0.055 0.063 0.062 0.042 0.131 0.003 0.003 0.005 0.047 0.001 0.004 0.002 0.002 0.001 0.079 0.073 0.006 1 0.003 0.099 0.007 0.012 0.023 0.16 0.052 0.002 0.003 0.004 0.001 0.001 0.151 0.051 0.039 0.001 0.002 0.012 0.002 0.009 0.034 0.002 0.009 0.031 0.008 0.001 0.003 0.024 0.012 0.003 0 0.013 0.008 0.002 0.007 0.009 0 0.014 0.011 0.002 0.001 0.001 0.012 0.01 0.002 0.002 0.001 0.004 0.003 0.009 0.012 0.002 0.001 0.001 0.002 0.001 0.01 0 0.002 0.002
0.036 0.031 0.032 0.066 0.016 0.006 0.004 0.008 0.051 0.002 0.006 0.003 0.003 0.001 0.014 0.016 0.011 0.003 1 0.027 0.384 0.02 0.117 0.017 0.052 0.004 0.838 0.006 0.001 0.002 0.018 0.051 0.064 0.001 0.003 0.019 0.004 0.018 0.076 0.003 0.013 0.077 0.326 0.002 0.005 0.035 0.04 0.028 0.001 0.203 0.322 0.004 0.273 0.279 0.001 0.189 0.25 0.003 0.002 0 0.128 0.264 0.004 0.003 0.002 0.569 0.005 0.206 0.218 0.004 0 0.001 0.003 0.001 0.245 0.002 0.003 0.001
0.577 0.618 0.655 0.297 0.515 0.193 0.147 0.305 0.356 0.013 0.23 0.113 0.008 0.041 0.682 0.632 0.39 0.099 0.027 1 0.055 0.099 0.187 0.604 0.434 0.025 0.029 0.14 0.052 0.03 0.518 0.402 0.263 0 0.027 0.127 0.06 0.095 0.22 0.014 0.032 0.071 0.025 0.011 0.074 0.012 0.022 0.071 0.018 0 0.047 0.047 0.045 0.022 0.02 0 0.004 0.007 0.013 0.015 0 0.011 0.015 0.015 0.012 0.006 0.024 0.01 0.001 0.017 0.011 0.003 0.002 0.015 0.005 0.014 0 0.011
0.007 0.003 0.004 0.031 0.041 0.015 0.012 0.022 0.124 0.006 0.016 0.008 0.224 0.003 0.061 0.052 0.028 0.007 0.384 0.055 1 0.048 0.295 0.044 0.13 0.011 0.387 0.017 0.004 0.005 0.046 0.115 0.152 0.002 0 0.05 0.002 0.046 0.177 0.008 0.038 0.193 0.688 0.002 0.003 0.138 0.103 0.047 0.003 0.507 0.746 0.002 0.645 0.634 0.004 0.473 0.543 0.001 0.147 0.07 0.392 0.56 0.01 0.007 0 0.334 0.013 0.508 0.478 0.01 0.045 0.004 0.12 0.005 0.542 0.005 0.006 0.111
0.121 0.11 0.108 0.25 0.07 0.012 0.007 0.037 0.221 0.006 0.028 0.014 0.013 0.005 0.066 0.073 0.047 0.012 0.02 0.099 0.048 1 0.435 0.074 0.195 0.018 0.012 0.02 0.006 0.008 0.049 0.178 0.037 0.004 0.013 0.021 0.019 0.026 0.051 0.134 0.048 0.014 0.049 0.057 0.021 0.009 0.007 0.157 0.002 0.07 0.037 0.015 0.03 0.042 0.001 0.066 0.048 0 0.009 0.003 0.052 0.04 0.069 0.002 0.011 0.018 0.01 0.038 0.055 0.082 0.001 0.003 0.014 0.011 0.044 0.003 0.028 0.004
0.118 0.099 0.099 0.293 0.136 0.032 0.022 0.072 0.42 0.014 0.054 0.026 0.065 0.01 0.15 0.149 0.092 0.023 0.117 0.187 0.295 0.435 1 0.145 0.397 0.035 0.139 0.044 0.012 0.016 0.116 0.357 0.185 0.008 0.012 0.001 0.022 0 0.232 0.06 0.104 0.061 0.19 0.032 0.025 0.045 0.086 0.021 0.006 0.098 0.236 0.016 0.21 0.183 0.004 0.092 0.137 0.001 0.041 0.024 0.08 0.156 0.017 0.009 0.008 0.103 0.027 0.14 0.096 0.023 0.017 0.008 0.025 0.019 0.144 0 0.003 0.039
0.375 0.39 0.426 0.22 0.788 0.022 0.017 0.488 0.227 0.008 0.366 0.177 0.011 0.004 0.436 0.413 0.576 0.16 0.017 0.604 0.044 0.074 0.145 1 0.305 0.015 0.02 0.024 0.005 0.007 0.879 0.278 0.21 0.003 0.011 0.278 0.015 0.22 0.183 0.012 0.056 0.05 0.02 0.007 0 0.062 0.058 0.053 0.002 0.018 0.044 0.01 0.039 0.014 0 0.02 0.01 0.012 0.008 0.009 0.015 0.024 0.012 0.009 0.007 0.003 0.013 0.021 0.018 0.013 0.007 0.005 0.007 0.009 0.01 0 0.005 0.005
0.313 0.289 0.315 0.607 0.25 0.083 0.06 0.16 0.703 0.025 0.121 0.059 0.033 0.021 0.305 0.306 0.205 0.052 0.052 0.434 0.13 0.195 0.397 0.305 1 0.047 0.062 0.1 0.027 0.012 0.288 0.854 0.618 0.017 0.034 0.039 0.053 0.027 0.531 0.022 0.136 0 0.095 0.016 0.06 0.004 0.215 0.164 0.014 0.021 0.131 0.043 0.118 0.082 0.005 0.021 0.052 0.01 0.025 0.02 0.015 0.068 0.026 0.028 0.021 0.038 0.005 0.061 0.028 0.028 0.014 0.021 0.018 0.045 0.058 0.001 0.003 0.025
0.012 0.027 0.028 0 0.014 0.005 0.004 0.008 0 0.127 0.006 0.003 0.003 0.001 0.017 0.01 0.01 0.002 0.004 0.025 0.011 0.018 0.035 0.015 0.047 1 0.005 0.006 0.001 0.002 0.016 0.048 0.063 0.001 0.003 0.017 0.004 0.016 0 0.003 0.032 0.041 0.012 0.001 0.004 0.02 0.002 0.002 0.001 0.017 0.01 0.004 0.009 0.012 0.001 0.018 0.013 0.003 0.002 0.002 0.016 0.012 0.003 0.159 0.002 0.005 0.128 0.012 0.016 0.003 0.002 0.001 0.003 0.002 0.013 0.002 0.002 0.003
0.042 0.037 0.038 0.06 0.019 0.007 0.005 0.01 0.046 0.003 0.008 0.004 0.004 0.001 0.019 0.022 0.013 0.003 0.838 0.029 0.387 0.012 0.139 0.02 0.062 0.005 1 0.008 0.002 0.002 0.021 0.061 0.078 0.001 0.004 0.023 0.005 0.021 0.091 0.004 0.016 0.071 0.329 0.002 0.006 0.023 0.048 0.02 0.001 0.201 0.326 0.005 0.236 0.281 0.002 0.187 0.25 0.004 0.003 0 0.098 0.224 0.005 0.003 0.003 0.585 0.006 0.201 0.218 0.005 0 0.002 0.004 0.002 0.247 0.002 0.004 0.001
0.149 0.172 0.169 0.05 0.023 0.746 0.559 0.012 0.088 0.003 0.009 0.004 0.004 0.167 0.158 0.147 0.015 0.004 0.006 0.14 0.017 0.02 0.044 0.024 0.1 0.006 0.008 1 0.219 0.157 0.025 0.09 0.063 0.003 0.341 0.019 0.53 0.015 0.05 0.004 0 0.034 0.011 0.003 0.363 0.014 0.011 0.031 0.074 0.062 0.011 0.437 0.01 0.014 0.052 0.055 0 0.226 0.003 0.004 0.058 0 0.005 0.004 0.248 0.008 0.007 0 0.032 0.006 0.003 0 0 0.004 0 0.046 0.003 0.005
0.04 0.045 0.045 0.022 0.005 0.243 0.315 0.003 0.024 0.001 0.002 0.001 0.001 0 0.041 0.038 0.003 0.001 0.001 0.052 0.004 0.006 0.012 0.005 0.027 0.001 0.002 0.219 1 0.753 0.006 0.014 0.009 0 0.029 0.006 0.228 0.006 0.008 0.001 0.005 0.013 0.004 0.001 0.114 0.014 0.013 0.005 0.004 0.018 0.004 0.136 0.004 0.005 0.003 0.016 0.003 0.1 0.001 0.001 0.013 0.003 0.001 0.001 0.136 0.002 0.002 0.002 0.013 0.001 0.001 0 0 0.001 0.003 0.007 0 0.001
0.021 0.025 0.025 0.008 0.007 0.175 0.231 0.003 0.01 0.001 0.003 0.001 0.001 0 0.055 0.051 0.004 0.001 0.002 0.03 0.005 0.008 0.016 0.007 0.012 0.002 0.002 0.157 0.753 1 0.007 0.004 0.015 0 0.019 0 0.165 0 0.013 0.001 0.006 0.02 0.006 0.001 0.081 0.018 0.002 0.008 0.003 0.009 0.006 0.098 0.005 0.007 0.002 0.008 0.005 0.072 0.001 0.001 0.006 0.004 0.002 0.001 0.099 0.003 0.002 0.004 0.006 0.002 0.001 0.001 0 0.001 0.004 0.005 0 0.001
0.317 0.334 0.364 0.183 0.697 0.023 0.018 0.453 0.197 0.009 0.338 0.167 0.012 0.005 0.364 0.349 0.536 0.151 0.018 0.518 0.046 0.049 0.116 0.879 0.288 0.016 0.021 0.025 0.006 0.007 1 0.32 0.25 0.004 0.012 0.353 0.016 0.291 0.22 0.012 0.059 0.071 0.022 0.007 0 0.085 0.083 0.061 0.002 0.021 0.046 0.011 0.042 0.016 0.004 0.023 0.012 0.013 0.009 0.009 0.017 0.027 0.015 0.011 0.007 0.004 0.014 0.024 0.021 0.016 0.007 0.006 0.008 0.01 0.012 0.005 0.013 0.005
0.282 0.261 0.284 0.559 0.23 0.08 0.06 0.149 0.674 0.026 0.111 0.058 0.018 0.019 0.283 0.306 0.189 0.051 0.051 0.402 0.115 0.178 0.357 0.278 0.854 0.048 0.061 0.09 0.014 0.004 0.32 1 0.711 0.017 0.056 0.058 0.081 0.045 0.617 0.037 0.133 0.005 0.101 0.021 0.088 0 0.243 0.2 0.013 0.016 0.138 0.069 0.125 0.088 0.005 0.015 0.056 0.027 0.026 0.02 0.01 0.073 0.043 0.03 0.046 0.041 0.004 0.066 0.021 0.046 0.015 0.02 0.019 0.047 0.063 0 0.011 0.026
0.163 0.149 0.165 0.356 0.17 0.035 0.021 0.114 0.438 0.027 0.084 0.044 0.026 0.016 0.248 0.266 0.144 0.039 0.064 0.263 0.152 0.037 0.185 0.21 0.618 0.063 0.078 0.063 0.009 0.015 0.25 0.711 1 0.013 0.04 0.272 0.059 0.255 0.863 0.048 0.09 0.048 0.143 0.012 0.068 0.007 0.413 0.194 0.007 0.041 0.186 0.057 0.164 0.127 0.001 0.039 0.091 0.018 0.034 0.024 0.026 0.11 0.051 0.04 0.022 0.051 0.001 0.1 0.046 0.054 0.016 0.015 0.039 0.036 0.098 0.001 0.014 0.032
0 0 0 0.014 0.002 0.004 0.001 0.001 0.016 0 0 0 0.001 0.034 0 0 0.001 0.001 0.001 0 0.002 0.004 0.008 0.003 0.017 0.001 0.001 0.003 0 0 0.004 0.017 0.013 1 0.001 0.004 0.001 0.004 0.012 0.001 0.06 0.011 0.003 0 0.001 0.009 0.022 0.006 0.014 0.004 0.003 0.001 0.003 0.003 0.01 0.005 0.004 0.001 0 0.001 0.004 0.003 0.001 0.001 0 0.001 0.001 0.003 0.004 0.001 0 0.47 0.001 0.001 0.003 0 0.001 0.001
0.054 0.06 0.059 0.014 0.01 0.192 0.256 0.006 0.029 0.001 0.004 0.002 0.006 0.001 0.056 0.078 0.007 0.002 0.003 0.027 0 0.013 0.012 0.011 0.034 0.003 0.004 0.341 0.029 0.019 0.012 0.056 0.04 0.001 1 0.013 0.683 0.012 0.038 0.002 0.01 0.053 0.009 0.001 0.386 0 0.028 0.02 0.102 0.073 0.009 0.459 0.008 0.01 0.074 0.068 0.001 0.243 0.001 0.002 0.078 0.001 0.003 0.002 0.263 0.002 0.003 0.002 0.036 0.003 0.001 0.001 0.002 0.002 0.001 0.055 0.003 0.002
0.067 0.07 0.084 0.011 0.219 0.024 0.019 0.303 0.015 0.005 0.203 0.097 0.013 0.004 0.14 0.133 0.374 0.012 0.019 0.127 0.05 0.021 0.001 0.278 0.039 0.017 0.023 0.019 0.006 0 0.353 0.058 0.272 0.004 0.013 1 0.017 0.899 0.24 0.013 0.065 0.323 0.046 0.06 0 0.225 0.307 0.035 0.005 0.045 0.046 0.014 0.038 0.039 0.006 0.047 0.029 0.014 0.009 0.007 0.034 0.025 0.013 0.011 0.01 0.004 0.016 0.022 0.042 0.012 0.005 0.006 0.009 0.011 0.027 0.008 0.009 0.004
0.083 0.094 0.092 0.028 0.014 0.358 0.473 0.007 0.046 0.002 0.006 0.003 0.003 0.001 0.086 0.107 0.01 0.002 0.004 0.06 0.002 0.019 0.022 0.015 0.053 0.004 0.005 0.53 0.228 0.165 0.016 0.081 0.059 0.001 0.683 0.017 1 0.014 0.055 0.003 0.015 0.076 0.013 0.002 0.575 0.003 0.04 0.028 0.068 0.11 0.013 0.683 0.012 0.015 0.048 0.102 0 0.369 0.002 0.002 0.105 0 0.004 0.003 0.423 0.004 0.005 0 0.061 0.004 0.002 0.001 0.001 0.002 0 0.035 0.001 0.003
0.046 0.062 0.06 0.005 0.165 0.022 0.018 0.308 0.008 0.005 0.202 0.088 0.012 0.004 0.111 0.107 0.283 0.009 0.018 0.095 0.046 0.026 0 0.22 0.027 0.016 0.021 0.015 0.006 0 0.291 0.045 0.255 0.004 0.012 0.899 0.014 1 0.225 0.012 0.06 0.301 0.042 0.065 0.016 0.197 0.335 0.03 0.004 0.069 0.042 0.01 0.034 0.047 0.006 0.072 0.054 0.01 0.009 0.007 0.057 0.049 0.011 0.01 0.007 0.019 0.014 0.046 0.06 0.012 0.005 0.006 0.014 0.01 0.051 0.007 0.009 0.004
0.139 0.115 0.13 0.41 0.147 0.026 0.014 0.1 0.503 0.012 0.074 0.039 0.031 0.014 0.22 0.238 0.127 0.034 0.076 0.22 0.177 0.051 0.232 0.183 0.531 0 0.091 0.05 0.008 0.013 0.22 0.617 0.863 0.012 0.038 0.24 0.055 0.225 1 0.054 0.168 0.027 0.169 0.01 0.06 0.001 0.498 0.235 0.008 0.058 0.216 0.051 0.19 0.153 0.002 0.057 0.114 0.014 0.038 0.028 0.04 0.134 0.059 0.022 0.019 0.063 0.044 0.122 0.063 0.062 0.019 0.013 0.045 0.032 0.122 0.001 0.018 0.037
0.025 0.022 0.022 0.045 0.011 0.004 0.003 0.006 0.04 0 0.004 0.002 0.002 0.001 0.024 0.026 0.007 0.002 0.003 0.014 0.008 0.134 0.06 0.012 0.022 0.003 0.004 0.004 0.001 0.001 0.012 0.037 0.048 0.001 0.002 0.013 0.003 0.012 0.054 1 0.001 0.034 0.009 0.001 0.003 0.011 0.022 0.067 0.001 0.011 0.006 0.003 0.005 0.006 0.001 0.012 0.011 0.007 0.002 0.002 0.01 0.008 0.381 0.002 0.002 0.004 0 0.007 0.013 0.413 0.001 0.001 0.002 0.002 0.008 0.001 0.038 0.002
0.023 0.052 0.051 0.192 0.039 0 0.015 0.026 0.218 0.007 0.019 0.009 0.01 0.07 0.049 0.04 0.023 0.009 0.013 0.032 0.038 0.048 0.104 0.056 0.136 0.032 0.016 0 0.005 0.006 0.059 0.133 0.09 0.06 0.01 0.065 0.015 0.06 0.168 0.001 1 0.19 0.046 0.006 0.016 0.097 0.31 0.053 0.001 0.073 0.045 0.013 0.042 0.053 0 0.078 0.059 0.001 0.007 0.008 0.068 0.055 0.002 0.008 0.008 0.025 0.246 0.052 0.068 0.002 0.006 0.079 0.012 0.165 0.057 0.001 0.002 0.011
0.104 0.118 0.131 0.001 0.046 0.013 0.036 0.086 0 0.022 0.054 0.025 0.052 0.013 0.094 0.088 0.106 0.031 0.077 0.071 0.193 0.014 0.061 0.05 0 0.041 0.071 0.034 0.013 0.02 0.071 0.005 0.048 0.011 0.053 0.323 0.076 0.301 0.027 0.034 0.19 1 0.19 0.026 0.084 0.404 0.011 0.143 0.001 0.297 0.212 0.058 0.186 0.168 0 0.268 0.202 0.025 0.039 0.021 0.236 0.224 0.038 0.028 0.039 0.104 0.044 0.212 0.234 0.041 0.012 0.018 0.059 0.031 0.204 0.002 0.018 0.033
0 0 0 0.022 0.01 0.009 0.006 0.003 0.069 0.007 0.002 0.001 0.096 0.003 0.026 0.035 0.007 0.008 0.326 0.025 0.688 0.049 0.19 0.02 0.095 0.012 0.329 0.011 0.004 0.006 0.022 0.101 0.143 0.003 0.009 0.046 0.013 0.042 0.169 0.009 0.046 0.19 1 0.005 0.014 0.165 0.127 0.062 0.003 0.606 0.851 0.008 0.76 0.845 0.004 0.577 0.714 0.01 0.154 0.098 0.471 0.649 0.011 0.008 0.001 0.337 0.014 0.595 0.566 0.012 0.041 0.004 0.202 0.008 0.707 0.005 0.01 0.099
0.003 0.009 0.009 0.021 0.006 0.002 0.002 0.003 0.023 0.001 0.002 0.001 0.001 0 0.009 0.01 0.004 0.001 0.002 0.011 0.002 0.057 0.032 0.007 0.016 0.001 0.002 0.003 0.001 0.001 0.007 0.021 0.012 0 0.001 0.06 0.002 0.065 0.01 0.001 0.006 0.026 0.005 1 0.002 0.002 0.011 0.043 0 0.009 0.005 0.002 0.005 0.006 0.001 0.009 0.007 0.001 0.001 0.001 0.005 0.006 0 0.001 0.001 0.003 0.002 0.006 0.008 0 0.001 0.001 0.001 0.001 0.007 0.001 0 0.001
0.093 0.078 0.107 0.045 0 0.224 0.301 0.008 0.052 0.002 0.006 0.003 0.002 0.001 0.1 0.12 0.002 0.003 0.005 0.074 0.003 0.021 0.025 0 0.06 0.004 0.006 0.363 0.114 0.081 0 0.088 0.068 0.001 0.386 0 0.575 0.016 0.06 0.003 0.016 0.084 0.014 0.002 1 0.001 0.039 0.031 0.001 0.218 0.014 0.757 0.013 0.006 0.001 0.203 0.015 0.439 0.002 0.003 0.211 0.017 0.004 0.003 0.386 0.004 0.005 0.02 0.135 0.004 0.002 0.002 0 0.003 0.013 0.002 0.003 0.003
0.027 0.035 0.042 0.003 0.051 0.037 0.026 0.113 0.012 0.002 0.072 0.035 0.046 0.01 0.018 0.014 0.122 0.024 0.035 0.012 0.138 0.009 0.045 0.062 0.004 0.02 0.023 0.014 0.014 0.018 0.085 0 0.007 0.009 0 0.225 0.003 0.197 0.001 0.011 0.097 0.404 0.165 0.002 0.001 1 0.012 0.07 0.011 0.153 0.165 0.002 0.188 0.175 0.014 0.135 0.151 0.001 0.035 0.022 0.173 0.157 0.018 0.005 0.003 0.057 0.047 0.124 0.136 0.02 0.011 0.014 0.057 0.004 0.163 0.018 0.032 0.039
0.007 0.002 0.002 0.197 0.044 0.013 0.042 0.117 0.226 0.021 0.081 0.039 0.028 0.022 0.017 0.02 0.117 0.012 0.04 0.022 0.103 0.007 0.086 0.058 0.215 0.002 0.048 0.011 0.013 0.002 0.083 0.243 0.413 0.022 0.028 0.307 0.04 0.335 0.498 0.022 0.31 0.011 0.127 0.011 0.039 0.012 1 0.129 0.001 0.196 0.127 0.038 0.116 0.148 0.002 0.211 0.159 0.03 0.02 0.023 0.183 0.147 0.031 0.025 0.023 0.069 0.113 0.14 0.182 0.033 0.018 0.027 0.027 0.059 0.152 0.009 0.012 0.02
0.093 0.073 0.084 0.199 0.042 0.014 0.008 0.035 0.2 0.022 0.029 0.02 0.01 0.008 0.072 0.071 0.038 0.003 0.028 0.071 0.047 0.157 0.021 0.053 0.164 0.002 0.02 0.031 0.005 0.008 0.061 0.2 0.194 0.006 0.02 0.035 0.028 0.03 0.235 0.067 0.053 0.143 0.062 0.043 0.031 0.07 0.129 1 0.007 0.111 0.062 0.026 0.055 0.073 0.004 0.1 0.074 0.003 0.003 0.003 0.087 0.067 0.105 0.032 0.016 0.037 0.024 0.063 0.085 0.112 0.004 0.001 0.01 0.016 0.071 0 0.036 0.01
0.013 0.014 0.013 0.002 0.002 0.083 0.058 0.002 0.013 0.001 0.002 0.001 0.001 0.023 0.013 0.012 0.003 0 0.001 0.018 0.003 0.002 0.006 0.002 0.014 0.001 0.001 0.074 0.004 0.003 0.002 0.013 0.007 0.014 0.102 0.005 0.068 0.004 0.008 0.001 0.001 0.001 0.003 0 0.001 0.011 0.001 0.007 1 0.005 0.003 0.001 0.003 0.004 0.756 0.006 0.004 0.001 0.001 0.001 0.005 0.004 0.001 0.001 0.001 0.002 0.001 0.004 0.005 0.001 0 0.008 0.001 0.001 0.004 0.456 0.06 0.001
0.021 0.023 0.031 0.001 0.009 0.033 0.059 0.011 0.014 0.011 0.007 0.002 0.12 0.006 0.001 0.001 0.003 0.013 0.203 0 0.507 0.07 0.098 0.018 0.021 0.017 0.201 0.062 0.018 0.009 0.021 0.016 0.041 0.004 0.073 0.045 0.11 0.069 0.058 0.011 0.073 0.297 0.606 0.009 0.218 0.153 0.196 0.111 0.005 1 0.623 0.174 0.558 0.656 0.007 0.933 0.725 0.084 0.101 0.056 0.828 0.679 0.018 0.013 0.105 0.32 0.023 0.646 0.825 0.019 0.043 0.007 0.16 0.012 0.718 0.009 0.016 0.086
0.006 0.003 0.003 0.041 0.029 0.009 0.006 0.021 0.1 0.007 0.019 0.009 0.139 0.003 0.046 0.057 0.026 0.008 0.322 0.047 0.746 0.037 0.236 0.044 0.131 0.01 0.326 0.011 0.004 0.006 0.046 0.138 0.186 0.003 0.009 0.046 0.013 0.042 0.216 0.006 0.045 0.212 0.851 0.005 0.014 0.165 0.127 0.062 0.003 0.623 1 0.012 0.892 0.85 0.004 0.581 0.722 0.01 0.162 0.098 0.483 0.763 0.011 0.008 0.001 0.38 0.014 0.71 0.569 0.012 0.074 0.004 0.214 0.008 0.735 0.005 0.01 0.146
0.068 0.08 0.079 0.031 0.009 0.272 0.361 0.004 0.037 0.002 0.002 0 0.004 0.001 0.074 0.094 0.005 0.002 0.004 0.047 0.002 0.015 0.016 0.01 0.043 0.004 0.005 0.437 0.136 0.098 0.011 0.069 0.057 0.001 0.459 0.014 0.683 0.01 0.051 0.003 0.013 0.058 0.008 0.002 0.757 0.002 0.038 0.026 0.001 0.174 0.012 1 0.008 0.007 0.001 0.172 0.003 0.521 0.002 0 0.175 0.002 0.003 0.002 0.458 0.004 0.004 0.002 0.115 0.004 0 0.001 0.001 0.002 0.001 0.002 0.003 0.001
0.003 0.001 0.001 0.04 0.025 0.008 0.005 0.018 0.102 0.006 0.017 0.008 0.129 0.003 0.04 0.051 0.023 0.007 0.273 0.045 0.645 0.03 0.21 0.039 0.118 0.009 0.236 0.01 0.004 0.005 0.042 0.125 0.164 0.003 0.008 0.038 0.012 0.034 0.19 0.005 0.042 0.186 0.76 0.005 0.013 0.188 0.116 0.055 0.003 0.558 0.892 0.008 1 0.776 0.004 0.531 0.657 0.009 0.176 0.119 0.529 0.745 0.01 0.007 0.001 0.276 0.013 0.638 0.513 0.011 0.093 0.004 0.235 0.007 0.667 0.005 0.009 0.173
0.001 0 0 0.023 0.006 0.012 0.008 0.003 0.066 0.008 0.001 0 0.113 0.004 0.024 0.032 0.003 0.009 0.279 0.022 0.634 0.042 0.183 0.014 0.082 0.012 0.281 0.014 0.005 0.007 0.016 0.088 0.127 0.003 0.01 0.039 0.015 0.047 0.153 0.006 0.053 0.168 0.845 0.006 0.006 0.175 0.148 0.073 0.004 0.656 0.85 0.007 0.776 1 0.005 0.672 0.804 0.011 0.138 0.111 0.556 0.732 0.012 0.009 0.002 0.375 0.017 0.685 0.643 0.012 0.087 0.005 0.183 0.009 0.779 0.006 0.011 0.133
0.014 0.015 0.015 0.002 0 0.058 0.041 0.003 0.013 0.001 0.002 0.001 0.001 0.016 0.015 0.013 0.003 0 0.001 0.02 0.004 0.001 0.004 0 0.005 0.001 0.002 0.052 0.003 0.002 0.004 0.005 0.001 0.01 0.074 0.006 0.048 0.006 0.002 0.001 0 0 0.004 0.001 0.001 0.014 0.002 0.004 0.756 0.007 0.004 0.001 0.004 0.005 1 0.007 0.006 0.001 0.001 0.001 0.006 0.005 0.001 0.001 0.001 0.002 0.002 0.005 0.006 0.001 0.001 0.005 0.001 0.001 0.005 0.553 0.125 0.001
0.019 0.021 0.029 0.001 0.01 0.035 0.063 0.011 0.013 0.011 0.006 0.002 0.127 0.006 0.001 0 0.003 0.014 0.189 0 0.473 0.066 0.092 0.02 0.021 0.018 0.187 0.055 0.016 0.008 0.023 0.015 0.039 0.005 0.068 0.047 0.102 0.072 0.057 0.012 0.078 0.268 0.577 0.009 0.203 0.135 0.211 0.1 0.006 0.933 0.581 0.172 0.531 0.672 0.007 1 0.758 0.078 0.094 0.105 0.856 0.702 0.019 0.014 0.098 0.308 0.025 0.671 0.853 0.021 0.081 0.007 0.149 0.013 0.73 0.009 0.017 0.111
0.002 0.002 0.005 0.009 0.004 0.001 0.004 0.007 0.032 0.009 0.004 0.002 0.104 0.005 0.004 0.009 0.001 0.011 0.25 0.004 0.543 0.048 0.137 0.01 0.052 0.013 0.25 0 0.003 0.005 0.012 0.056 0.091 0.004 0.001 0.029 0 0.054 0.114 0.011 0.059 0.202 0.714 0.007 0.015 0.151 0.159 0.074 0.004 0.725 0.722 0.003 0.657 0.804 0.006 0.758 1 0.013 0.098 0.12 0.662 0.881 0.015 0.01 0.002 0.379 0.019 0.839 0.669 0.016 0.106 0.006 0.171 0.01 0.931 0.007 0.013 0.149
0.021 0.027 0.026 0.006 0.011 0.096 0.131 0.006 0.008 0.002 0.005 0.002 0.006 0.001 0.024 0.039 0.008 0.002 0.003 0.007 0.001 0 0.001 0.012 0.01 0.003 0.004 0.226 0.1 0.072 0.013 0.027 0.018 0.001 0.243 0.014 0.369 0.01 0.014 0.007 0.001 0.025 0.01 0.001 0.439 0.001 0.03 0.003 0.001 0.084 0.01 0.521 0.009 0.011 0.001 0.078 0.013 1 0.002 0.002 0.091 0.012 0.005 0.002 0.566 0.005 0.003 0.011 0.092 0.004 0.001 0.001 0.002 0.002 0.012 0.001 0.002 0.002
0.054 0.062 0.061 0.028 0.003 0.003 0.002 0.004 0.02 0.001 0.003 0.001 0 0.001 0.015 0.01 0.005 0.001 0.002 0.013 0.147 0.009 0.041 0.008 0.025 0.002 0.003 0.003 0.001 0.001 0.009 0.026 0.034 0 0.001 0.009 0.002 0.009 0.038 0.002 0.007 0.039 0.154 0.001 0.002 0.035 0.02 0.003 0.001 0.101 0.162 0.002 0.176 0.138 0.001 0.094 0.098 0.002 1 0.001 0.088 0.13 0.002 0.001 0.001 0.005 0.002 0.14 0.108 0.002 0 0.001 0.453 0.001 0.096 0.001 0.002 0.001
0.013 0.011 0.011 0.018 0.008 0 0 0.004 0.016 0.001 0.003 0.002 0.333 0.001 0.012 0.014 0.005 0.001 0 0.015 0.07 0.003 0.024 0.009 0.02 0.002 0 0.004 0.001 0.001 0.009 0.02 0.024 0.001 0.002 0.007 0.002 0.007 0.028 0.002 0.008 0.021 0.098 0.001 0.003 0.022 0.023 0.003 0.001 0.056 0.098 0 0.119 0.111 0.001 0.105 0.12 0.002 0.001 1 0.104 0.13 0.002 0.001 0.001 0.004 0.003 0.097 0.046 0.002 0.293 0.001 0 0.001 0.104 0.001 0.002 0.528
0.024 0.026 0.035 0 0.009 0.036 0.063 0.009 0.013 0.01 0.005 0.002 0.129 0.005 0.003 0.002 0.002 0.012 0.128 0 0.392 0.052 0.08 0.015 0.015 0.016 0.098 0.058 0.013 0.006 0.017 0.01 0.026 0.004 0.078 0.034 0.105 0.057 0.04 0.01 0.068 0.236 0.471 0.005 0.211 0.173 0.183 0.087 0.005 0.828 0.483 0.175 0.529 0.556 0.006 0.856 0.662 0.091 0.088 0.104 1 0.654 0.017 0.012 0.113 0.213 0.022 0.589 0.779 0.018 0.093 0.006 0.151 0.011 0.641 0.008 0.015 0.129
0.001 0 0.002 0.017 0.014 0.001 0.005 0.025 0.054 0.008 0.022 0.011 0.113 0.004 0.011 0.017 0.008 0.01 0.264 0.011 0.56 0.04 0.156 0.024 0.068 0.012 0.224 0 0.003 0.004 0.027 0.073 0.11 0.003 0.001 0.025 0 0.049 0.134 0.008 0.055 0.224 0.649 0.006 0.017 0.157 0.147 0.067 0.004 0.679 0.763 0.002 0.745 0.732 0.005 0.702 0.881 0.012 0.13 0.13 0.654 1 0.014 0.01 0.002 0.382 0.017 0.885 0.608 0.014 0.115 0.005 0.209 0.009 0.861 0.007 0.012 0.161
0.025 0.022 0.022 0.048 0.011 0.005 0.004 0.005 0.044 0.001 0.004 0.003 0.003 0.001 0.017 0.019 0.007 0.002 0.004 0.015 0.01 0.069 0.017 0.012 0.026 0.003 0.005 0.005 0.001 0.002 0.015 0.043 0.051 0.001 0.003 0.013 0.004 0.011 0.059 0.381 0.002 0.038 0.011 0 0.004 0.018 0.031 0.105 0.001 0.018 0.011 0.003 0.01 0.012 0.001 0.019 0.015 0.005 0.002 0.002 0.017 0.014 1 0.002 0.002 0.006 0.004 0.013 0.017 0.925 0.002 0.001 0.003 0.002 0.014 0.002 0.199 0.003
0.014 0.012 0.012 0.028 0.008 0.003 0.003 0.005 0.031 0.449 0.004 0.002 0.001 0 0.007 0.002 0.006 0.002 0.003 0.015 0.007 0.002 0.009 0.009 0.028 0.159 0.003 0.004 0.001 0.001 0.011 0.03 0.04 0.001 0.002 0.011 0.003 0.01 0.022 0.002 0.008 0.028 0.008 0.001 0.003 0.005 0.025 0.032 0.001 0.013 0.008 0.002 0.007 0.009 0.001 0.014 0.01 0.002 0.001 0.001 0.012 0.01 0.002 1 0.001 0.004 0.003 0.009 0.012 0.002 0.001 0.001 0.002 0.001 0.01 0.001 0.002 0.002
0.031 0.037 0.036 0.007 0.008 0.097 0.131 0.005 0.018 0.001 0.003 0.002 0.009 0.001 0.038 0.06 0.006 0.001 0.002 0.012 0 0.011 0.008 0.007 0.021 0.002 0.003 0.248 0.136 0.099 0.007 0.046 0.022 0 0.263 0.01 0.423 0.007 0.019 0.002 0.008 0.039 0.001 0.001 0.386 0.003 0.023 0.016 0.001 0.105 0.001 0.458 0.001 0.002 0.001 0.098 0.002 0.566 0.001 0.001 0.113 0.002 0.002 0.001 1 0.002 0.003 0.002 0.113 0.002 0.001 0.001 0.002 0.001 0.002 0.001 0.002 0.002
0.01 0.012 0.007 0.025 0.006 0.007 0.005 0.01 0.03 0.004 0.01 0.005 0.001 0.002 0.006 0.008 0 0.004 0.569 0.006 0.334 0.018 0.103 0.003 0.038 0.005 0.585 0.008 0.002 0.003 0.004 0.041 0.051 0.001 0.002 0.004 0.004 0.019 0.063 0.004 0.025 0.104 0.337 0.003 0.004 0.057 0.069 0.037 0.002 0.32 0.38 0.004 0.276 0.375 0.002 0.308 0.379 0.005 0.005 0.004 0.213 0.382 0.006 0.004 0.002 1 0.008 0.365 0.338 0.006 0.003 0.002 0.001 0.004 0.376 0.003 0.005 0.001
0.014 0.028 0.028 0.054 0.012 0.006 0.005 0.005 0.062 0.002 0.003 0.003 0.003 0.001 0.03 0.032 0.007 0.003 0.005 0.024 0.013 0.01 0.027 0.013 0.005 0.128 0.006 0.007 0.002 0.002 0.014 0.004 0.001 0.001 0.003 0.016 0.005 0.014 0.044 0 0.246 0.044 0.014 0.002 0.005 0.047 0.113 0.024 0.001 0.023 0.014 0.004 0.013 0.017 0.002 0.025 0.019 0.003 0.002 0.003 0.022 0.017 0.004 0.003 0.003 0.008 1 0.017 0.021 0.004 0.002 0.002 0.004 0.003 0.018 0.002 0 0.003
0.002 0.001 0.004 0.008 0.011 0.002 0.006 0.024 0.038 0.008 0.021 0.01 0.086 0.004 0.008 0.014 0.007 0.009 0.206 0.01 0.508 0.038 0.14 0.021 0.061 0.012 0.201 0 0.002 0.004 0.024 0.066 0.1 0.003 0.002 0.022 0 0.046 0.122 0.007 0.052 0.212 0.595 0.006 0.02 0.124 0.14 0.063 0.004 0.646 0.71 0.002 0.638 0.685 0.005 0.671 0.839 0.011 0.14 0.097 0.589 0.885 0.013 0.009 0.002 0.365 0.017 1 0.574 0.014 0.12 0.005 0.223 0.009 0.814 0.006 0.011 0.13
0.014 0.018 0.023 0.001 0.009 0.015 0.032 0.009 0.015 0.01 0.005 0.002 0.067 0.005 0 0 0.003 0.012 0.218 0.001 0.478 0.055 0.096 0.018 0.028 0.016 0.218 0.032 0.013 0.006 0.021 0.021 0.046 0.004 0.036 0.042 0.061 0.06 0.063 0.013 0.068 0.234 0.566 0.008 0.135 0.136 0.182 0.085 0.005 0.825 0.569 0.115 0.513 0.643 0.006 0.853 0.669 0.092 0.108 0.046 0.779 0.608 0.017 0.012 0.113 0.338 0.021 0.574 1 0.018 0.093 0.006 0.173 0.011 0.638 0.008 0.011 0.068
0.026 0.023 0.024 0.051 0.012 0.005 0.004 0.006 0.047 0.002 0.004 0.003 0.003 0.001 0.019 0.021 0.008 0.002 0.004 0.017 0.01 0.082 0.023 0.013 0.028 0.003 0.005 0.006 0.001 0.002 0.016 0.046 0.054 0.001 0.003 0.012 0.004 0.012 0.062 0.413 0.002 0.041 0.012 0 0.004 0.02 0.033 0.112 0.001 0.019 0.012 0.004 0.011 0.012 0.001 0.021 0.016 0.004 0.002 0.002 0.018 0.014 0.925 0.002 0.002 0.006 0.004 0.014 0.018 1 0.002 0.001 0.003 0.002 0.015 0.002 0.201 0.003
0.005 0.004 0.004 0.007 0.006 0 0 0.003 0.01 0.001 0.002 0.001 0.119 0 0.008 0.009 0.004 0.001 0 0.011 0.045 0.001 0.017 0.007 0.014 0.002 0 0.003 0.001 0.001 0.007 0.015 0.016 0 0.001 0.005 0.002 0.005 0.019 0.001 0.006 0.012 0.041 0.001 0.002 0.011 0.018 0.004 0 0.043 0.074 0 0.093 0.087 0.001 0.081 0.106 0.001 0 0.293 0.093 0.115 0.002 0.001 0.001 0.003 0.002 0.12 0.093 0.002 1 0.001 0.001 0.001 0.088 0.001 0.001 0.442
0.003 0.003 0.003 0.016 0.004 0 0.001 0.002 0.019 0.001 0.001 0 0.001 0.01 0.004 0.004 0.002 0.001 0.001 0.003 0.004 0.003 0.008 0.005 0.021 0.001 0.002 0 0 0.001 0.006 0.02 0.015 0.47 0.001 0.006 0.001 0.006 0.013 0.001 0.079 0.018 0.004 0.001 0.002 0.014 0.027 0.001 0.008 0.007 0.004 0.001 0.004 0.005 0.005 0.007 0.006 0.001 0.001 0.001 0.006 0.005 0.001 0.001 0.001 0.002 0.002 0.005 0.006 0.001 0.001 1 0.001 0.001 0.005 0.001 0.001 0.001
0.048 0.046 0.056 0.012 0 0 0.001 0.006 0.007 0.002 0.005 0.002 0.002 0.001 0.002 0.005 0.003 0.002 0.003 0.002 0.12 0.014 0.025 0.007 0.018 0.003 0.004 0 0 0 0.008 0.019 0.039 0.001 0.002 0.009 0.001 0.014 0.045 0.002 0.012 0.059 0.202 0.001 0 0.057 0.027 0.01 0.001 0.16 0.214 0.001 0.235 0.183 0.001 0.149 0.171 0.002 0.453 0 0.151 0.209 0.003 0.002 0.002 0.001 0.004 0.223 0.173 0.003 0.001 0.001 1 0.002 0.171 0.001 0.003 0.001
0.002 0.017 0.017 0.031 0.008 0.003 0.002 0.005 0.035 0.001 0.003 0.002 0.002 0.001 0.019 0.006 0.006 0.001 0.001 0.015 0.005 0.011 0.019 0.009 0.045 0.002 0.002 0.004 0.001 0.001 0.01 0.047 0.036 0.001 0.002 0.011 0.002 0.01 0.032 0.002 0.165 0.031 0.008 0.001 0.003 0.004 0.059 0.016 0.001 0.012 0.008 0.002 0.007 0.009 0.001 0.013 0.01 0.002 0.001 0.001 0.011 0.009 0.002 0.001 0.001 0.004 0.003 0.009 0.011 0.002 0.001 0.001 0.002 1 0.009 0.001 0.002 0.002
0.001 0.001 0.004 0.012 0.004 0 0.003 0.008 0.037 0.008 0.005 0.003 0.108 0.004 0.005 0.01 0.001 0.01 0.245 0.005 0.542 0.044 0.144 0.01 0.058 0.013 0.247 0 0.003 0.004 0.012 0.063 0.098 0.003 0.001 0.027 0 0.051 0.122 0.008 0.057 0.204 0.707 0.007 0.013 0.163 0.152 0.071 0.004 0.718 0.735 0.001 0.667 0.779 0.005 0.73 0.931 0.012 0.096 0.104 0.641 0.861 0.014 0.01 0.002 0.376 0.018 0.814 0.638 0.015 0.088 0.005 0.171 0.009 1 0.007 0.012 0.154
0.009 0.01 0.01 0 0 0.052 0.039 0.003 0.003 0.001 0.003 0.001 0.001 0.012 0.009 0.008 0.004 0 0.002 0.014 0.005 0.003 0 0 0.001 0.002 0.002 0.046 0.007 0.005 0.005 0 0.001 0 0.055 0.008 0.035 0.007 0.001 0.001 0.001 0.002 0.005 0.001 0.002 0.018 0.009 0 0.456 0.009 0.005 0.002 0.005 0.006 0.553 0.009 0.007 0.001 0.001 0.001 0.008 0.007 0.002 0.001 0.001 0.003 0.002 0.006 0.008 0.002 0.001 0.001 0.001 0.001 0.007 1 0.132 0.001
0.002 0.002 0.002 0.016 0.005 0.004 0.001 0.006 0.006 0.002 0.005 0.002 0.002 0.005 0 0 0.008 0.002 0.003 0 0.006 0.028 0.003 0.005 0.003 0.002 0.004 0.003 0 0 0.013 0.011 0.014 0.001 0.003 0.009 0.001 0.009 0.018 0.038 0.002 0.018 0.01 0 0.003 0.032 0.012 0.036 0.06 0.016 0.01 0.003 0.009 0.011 0.125 0.017 0.013 0.002 0.002 0.002 0.015 0.012 0.199 0.002 0.002 0.005 0 0.011 0.011 0.201 0.001 0.001 0.003 0.002 0.012 0.132 1 0.002
0.005 0.004 0.004 0.017 0.004 0.001 0 0.001 0.021 0.002 0 0.002 0.339 0.001 0.01 0.011 0.002 0.002 0.001 0.011 0.111 0.004 0.039 0.005 0.025 0.003 0.001 0.005 0.001 0.001 0.005 0.026 0.032 0.001 0.002 0.004 0.003 0.004 0.037 0.002 0.011 0.033 0.099 0.001 0.003 0.039 0.02 0.01 0.001 0.086 0.146 0.001 0.173 0.133 0.001 0.111 0.149 0.002 0.001 0.528 0.129 0.161 0.003 0.002 0.002 0.001 0.003 0.13 0.068 0.003 0.442 0.001 0.001 0.002 0.154 0.001 0.002 1
