1 0.827 0.838 0.454 0.358 0.176 0.144 0.242 0.295 0.016 0.187 0.098 0.034 0.029 0.485 0.445 0.278 0.027 0.039 0.539 0.01 0.108 0.118 0.301 0.312 0.01 0.042 0.17 0.056 0.052 0.235 0.234 0.143 0 0.025 0.055 0.068 0.034 0.128 0.017 0.01 0.068 0.001 0.011 0.091 0.012 0.01 0.077 0.015 0.02 0.013 0.077 0.008 0.004 0.01 0.009 0.002 0.016 0.029 0.021 0.009 0.001 0.019 0.007 0.006 0.024 0.004 0 0.005 0.02 0.009 0 0.025 0.006 0.001 0.011 0.013 0.011
0.827 1 0.942 0.459 0.38 0.212 0.174 0.292 0.287 0.013 0.226 0.118 0.028 0.035 0.556 0.483 0.289 0.036 0.033 0.595 0.004 0.122 0.111 0.325 0.316 0.023 0.035 0.207 0.068 0.063 0.263 0.241 0.154 0.002 0.033 0.063 0.086 0.053 0.13 0.014 0.029 0.098 0 0.015 0.084 0.022 0.002 0.059 0.018 0.027 0.007 0.098 0.004 0 0.014 0.019 0.005 0.022 0.037 0.017 0.018 0 0.015 0.007 0.01 0.023 0.008 0.001 0.013 0.015 0.006 0.011 0.026 0.007 0 0.016 0.009 0.007
0.838 0.942 1 0.492 0.428 0.209 0.171 0.287 0.314 0.014 0.222 0.116 0.029 0.034 0.597 0.52 0.331 0.035 0.033 0.641 0.005 0.122 0.113 0.367 0.347 0.023 0.035 0.204 0.067 0.062 0.293 0.264 0.171 0.002 0.033 0.08 0.085 0.051 0.145 0.014 0.029 0.111 0 0.015 0.113 0.029 0.001 0.059 0.018 0.036 0.008 0.096 0.004 0.001 0.014 0.022 0.007 0.022 0.036 0.017 0.021 0 0.015 0.005 0.01 0.021 0.008 0.002 0.015 0.015 0.007 0.011 0.032 0.007 0 0.016 0.009 0.008
0.454 0.459 0.492 1 0.208 0.1 0.081 0.143 0.796 0.027 0.111 0.058 0.058 0.017 0.316 0.325 0.166 0.048 0.067 0.363 0.044 0.258 0.331 0.248 0.653 0 0.068 0.095 0.033 0.03 0.192 0.547 0.364 0.018 0.01 0.016 0.032 0.007 0.423 0.028 0.156 0.001 0.021 0.031 0.046 0.004 0.156 0.168 0.008 0.001 0.056 0.039 0.045 0.024 0.008 0.002 0.005 0.005 0.012 0.011 0.001 0.017 0.034 0.013 0.005 0.041 0.044 0.009 0.003 0.035 0.005 0.024 0.01 0.007 0.02 0.003 0.019 0.016
0.358 0.38 0.428 0.208 1 0.02 0.016 0.516 0.263 0.007 0.435 0.215 0.014 0.001 0.452 0.381 0.611 0.09 0.016 0.479 0.044 0.062 0.133 0.782 0.267 0.011 0.017 0.019 0.006 0.007 0.627 0.204 0.163 0.003 0.009 0.226 0.014 0.159 0.141 0.007 0.034 0.025 0.007 0.008 0 0.03 0.032 0.059 0 0.009 0.04 0.006 0.035 0.01 0.003 0.015 0.007 0.007 0.008 0.01 0.01 0.031 0.009 0.003 0.007 0.012 0.001 0.025 0.01 0.009 0.009 0.005 0.001 0.003 0.004 0.001 0.004 0.01
0.176 0.212 0.209 0.1 0.02 1 0.818 0.012 0.119 0.003 0.009 0.005 0.006 0.133 0.196 0.174 0.013 0.004 0.007 0.214 0.02 0.023 0.054 0.023 0.122 0.005 0.007 0.873 0.319 0.304 0.024 0.088 0.049 0 0.148 0.021 0.393 0.019 0.045 0.003 0 0.023 0.02 0.003 0.31 0.02 0.011 0.014 0.048 0.045 0.02 0.379 0.018 0.025 0.021 0.039 0.001 0.108 0.004 0.002 0.02 0.002 0.002 0.001 0.062 0.006 0.005 0.002 0.012 0.002 0.002 0.002 0 0.001 0.002 0.043 0.001 0.002
0.144 0.174 0.171 0.081 0.016 0.818 1 0.01 0.099 0.002 0.008 0.004 0.005 0.001 0.163 0.145 0.011 0.003 0.005 0.176 0.016 0.019 0.044 0.019 0.101 0.004 0.006 0.72 0.391 0.372 0.02 0.068 0.035 0.001 0.185 0.018 0.487 0.016 0.032 0.002 0.013 0.046 0.016 0.003 0.389 0.012 0.037 0.009 0.025 0.071 0.016 0.471 0.014 0.02 0.01 0.064 0.004 0.137 0.003 0.001 0.037 0.007 0.004 0.001 0.08 0.005 0.004 0.007 0.025 0.004 0.001 0.002 0 0.001 0 0.032 0.004 0.001
0.242 0.292 0.287 0.143 0.516 0.012 0.01 1 0.153 0.004 0.774 0.405 0.008 0 0.271 0.24 0.801 0.005 0.01 0.31 0.026 0.04 0.083 0.5 0.183 0.007 0.01 0.011 0.004 0.004 0.457 0.158 0.117 0.001 0.005 0.281 0.008 0.312 0.111 0.004 0.016 0.055 0 0.005 0.011 0.072 0.116 0.044 0.002 0.011 0.029 0.001 0.026 0.001 0.003 0.011 0.007 0.004 0.005 0.005 0.007 0.041 0.004 0.002 0.004 0.016 0 0.04 0.007 0.004 0.005 0.003 0.005 0.002 0.005 0.005 0.008 0.006
0.295 0.287 0.314 0.796 0.263 0.119 0.099 0.153 1 0.024 0.116 0.067 0.05 0.02 0.406 0.402 0.18 0.055 0.054 0.437 0.155 0.221 0.473 0.293 0.773 0.001 0.055 0.115 0.039 0.035 0.222 0.646 0.447 0.021 0.013 0.024 0.04 0.012 0.519 0.025 0.182 0.002 0.082 0.028 0.057 0.018 0.192 0.207 0.01 0.02 0.15 0.048 0.136 0.085 0.01 0.021 0.035 0.007 0.031 0.008 0.02 0.062 0.03 0.012 0.009 0.038 0.052 0.051 0.025 0.031 0.01 0.028 0.006 0.009 0.05 0.005 0.014 0.023
0.016 0.013 0.014 0.027 0.007 0.003 0.002 0.004 0.024 1 0.003 0.002 0.002 0 0.012 0.01 0.005 0.001 0.002 0.012 0.006 0.009 0.02 0.008 0.019 0.09 0.002 0.003 0.001 0.001 0.008 0.022 0.027 0.001 0.001 0.007 0.002 0.006 0.024 0.007 0.005 0.025 0.007 0.001 0.003 0.001 0.015 0.063 0 0.013 0.007 0.002 0.007 0.009 0.001 0.015 0.011 0.001 0.001 0.002 0.013 0.01 0.002 0.355 0.001 0.004 0.002 0.01 0.013 0.002 0.002 0.001 0.001 0 0.009 0.001 0.002 0.002
0.187 0.226 0.222 0.111 0.435 0.009 0.008 0.774 0.116 0.003 1 0.523 0.006 0 0.209 0.185 0.634 0.004 0.007 0.24 0.02 0.031 0.064 0.383 0.141 0.005 0.008 0.008 0.003 0.003 0.348 0.118 0.086 0.001 0.004 0.174 0.006 0.194 0.082 0.003 0.012 0.029 0 0.004 0.008 0.039 0.067 0.036 0.001 0.004 0.022 0 0.02 0 0.002 0.003 0.002 0.002 0.004 0.004 0.002 0.031 0.003 0.002 0.002 0.012 0.001 0.03 0.002 0.003 0.004 0.002 0.004 0.001 0.001 0.003 0.006 0.004
0.098 0.118 0.116 0.058 0.215 0.005 0.004 0.405 0.067 0.002 0.523 1 0.003 0.001 0.111 0.099 0.348 0.002 0.004 0.127 0.011 0.016 0.034 0.197 0.075 0.003 0.004 0.003 0.002 0.001 0.185 0.073 0.051 0 0.002 0.072 0.002 0.08 0.052 0.002 0.004 0.01 0.003 0.002 0.003 0.02 0.026 0.023 0.001 0 0.013 0.001 0.011 0.003 0.001 0 0 0.001 0.002 0.003 0 0.017 0.003 0.001 0.001 0.006 0.003 0.017 0 0.002 0.003 0.001 0.002 0.001 0 0.002 0.003 0.003
0.034 0.028 0.029 0.058 0.014 0.006 0.005 0.008 0.05 0.002 0.006 0.003 1 0.001 0.013 0.002 0.01 0.003 0.005 0.016 0.258 0.02 0.078 0.016 0.045 0.003 0.005 0.006 0.002 0.002 0.014 0.019 0.027 0.001 0.019 0.015 0.006 0.014 0.032 0.002 0.011 0.078 0.098 0.002 0.003 0.057 0.031 0.013 0.001 0.122 0.145 0.005 0.101 0.097 0.002 0.127 0.086 0.019 0.013 0.288 0.114 0.099 0.003 0.002 0.019 0.001 0.003 0.09 0.119 0.003 0.104 0.002 0.005 0.001 0.073 0.002 0.004 0.203
0.029 0.035 0.034 0.017 0.001 0.133 0.001 0 0.02 0 0 0.001 0.001 1 0.033 0.029 0 0.001 0.001 0.038 0.003 0.005 0.01 0.001 0.022 0.001 0.001 0.125 0 0 0.001 0.021 0.017 0.011 0.001 0.001 0.001 0.001 0.015 0 0.075 0.008 0.004 0.001 0.002 0.006 0.032 0.007 0.029 0.007 0.004 0.001 0.003 0.005 0.015 0.008 0.006 0.001 0.001 0.001 0.007 0.005 0.001 0 0.001 0.002 0.001 0.005 0.007 0.001 0.001 0 0.001 0 0.005 0.009 0.004 0.001
0.485 0.556 0.597 0.316 0.452 0.196 0.163 0.271 0.406 0.012 0.209 0.111 0.013 0.033 1 0.858 0.318 0.091 0.008 0.772 0.046 0.103 0.179 0.491 0.429 0.022 0.009 0.197 0.064 0.067 0.38 0.324 0.232 0.003 0.032 0.084 0.082 0.056 0.206 0.015 0.031 0.058 0.019 0.013 0.109 0.007 0.007 0.095 0.018 0.006 0.044 0.093 0.05 0.02 0.02 0.002 0.001 0.021 0.017 0.019 0.002 0.01 0.007 0.004 0.024 0 0.009 0.006 0 0.008 0.019 0.011 0.001 0.007 0.002 0.015 0.002 0.02
0.445 0.483 0.52 0.325 0.381 0.174 0.145 0.24 0.402 0.01 0.185 0.099 0.002 0.029 0.858 1 0.283 0.081 0.011 0.696 0.035 0.118 0.177 0.456 0.425 0.017 0.012 0.174 0.057 0.06 0.362 0.356 0.255 0.003 0.067 0.076 0.115 0.051 0.231 0.017 0.019 0.051 0.032 0.014 0.139 0.006 0.01 0.092 0.015 0.005 0.062 0.125 0.068 0.034 0.017 0.001 0.006 0.052 0.019 0.022 0.001 0.02 0.009 0.003 0.056 0.001 0.009 0.015 0 0.01 0.021 0.002 0.006 0.002 0.008 0.012 0.003 0.023
0.278 0.289 0.331 0.166 0.611 0.013 0.011 0.801 0.18 0.005 0.634 0.348 0.01 0 0.318 0.283 1 0.006 0.011 0.365 0.032 0.047 0.099 0.586 0.215 0.008 0.012 0.013 0.004 0.005 0.538 0.188 0.141 0.002 0.006 0.361 0.009 0.26 0.133 0.005 0.019 0.075 0.002 0.005 0.003 0.086 0.086 0.052 0.002 0.001 0.036 0.002 0.032 0.003 0.004 0.003 0.001 0.004 0.006 0.008 0.001 0.022 0.005 0.003 0.004 0.006 0 0.018 0.002 0.005 0.007 0.004 0.002 0.002 0 0.005 0.009 0.008
0.027 0.036 0.035 0.048 0.09 0.004 0.003 0.005 0.055 0.001 0.004 0.002 0.003 0.001 0.091 0.081 0.006 1 0.003 0.105 0.009 0.013 0.028 0.173 0.06 0.002 0.003 0.004 0.001 0.001 0.158 0.058 0.046 0.001 0.002 0.009 0.003 0.008 0.04 0.001 0.007 0.033 0.01 0.002 0.004 0.027 0 0.009 0.013 0.018 0.01 0.004 0.009 0.013 0.022 0.021 0.016 0.002 0.002 0.002 0.019 0.014 0.002 0.001 0.002 0.005 0.002 0.012 0.018 0.002 0.002 0.001 0.002 0.001 0.013 0.004 0.002 0.002
0.039 0.033 0.033 0.067 0.016 0.007 0.005 0.01 0.054 0.002 0.007 0.004 0.005 0.001 0.008 0.011 0.011 0.003 1 0.03 0.352 0.023 0.113 0.018 0.051 0.004 0.951 0.007 0.002 0.002 0.02 0.047 0.054 0.001 0.003 0.017 0.005 0.016 0.057 0.002 0.009 0.083 0.268 0.003 0.002 0.077 0.031 0.031 0.001 0.162 0.258 0.006 0.291 0.215 0.002 0.139 0.188 0.003 0.003 0 0.136 0.202 0.004 0.002 0.003 0.464 0.004 0.151 0.16 0.004 0 0.002 0.003 0 0.228 0.003 0.005 0
0.539 0.595 0.641 0.363 0.479 0.214 0.176 0.31 0.437 0.012 0.24 0.127 0.016 0.038 0.772 0.696 0.365 0.105 0.03 1 0.071 0.115 0.232 0.579 0.52 0.021 0.029 0.194 0.073 0.068 0.47 0.388 0.265 0.002 0.021 0.089 0.073 0.057 0.24 0.009 0.025 0.035 0.029 0.015 0.109 0.002 0.012 0.095 0.021 0.001 0.072 0.089 0.069 0.037 0.024 0 0.006 0.014 0.016 0.021 0.001 0.022 0.012 0.005 0.017 0.008 0.007 0.018 0.002 0.012 0.02 0.01 0.002 0.006 0.011 0.019 0.006 0.022
0.01 0.004 0.005 0.044 0.044 0.02 0.016 0.026 0.155 0.006 0.02 0.011 0.258 0.003 0.046 0.035 0.032 0.009 0.352 0.071 1 0.064 0.317 0.053 0.145 0.011 0.355 0.021 0.006 0.007 0.053 0.104 0.128 0.003 0.003 0.049 0 0.045 0.143 0.007 0.03 0.242 0.601 0.007 0 0.21 0.094 0.03 0.003 0.467 0.677 0 0.66 0.528 0.005 0.401 0.45 0.003 0.169 0.074 0.412 0.479 0.011 0.005 0.003 0.231 0.011 0.429 0.46 0.011 0.068 0.006 0.083 0 0.409 0.007 0.011 0.113
0.108 0.122 0.122 0.258 0.062 0.023 0.019 0.04 0.221 0.009 0.031 0.016 0.02 0.005 0.103 0.118 0.047 0.013 0.023 0.115 0.064 1 0.378 0.077 0.197 0.016 0.021 0.031 0.009 0.01 0.038 0.161 0.031 0.005 0.013 0.032 0.023 0.039 0.043 0.069 0.039 0.022 0.054 0.093 0.031 0.02 0 0.118 0.001 0.076 0.028 0.025 0.023 0.039 0 0.079 0.064 0.01 0.013 0.008 0.076 0.047 0.048 0.004 0.013 0.01 0.01 0.044 0.079 0.052 0.007 0.004 0.013 0.002 0.043 0.004 0.046 0.002
0.118 0.111 0.113 0.331 0.133 0.054 0.044 0.083 0.473 0.02 0.064 0.034 0.078 0.01 0.179 0.177 0.099 0.028 0.113 0.232 0.317 0.378 1 0.163 0.43 0.034 0.119 0.066 0.02 0.021 0.11 0.328 0.161 0.011 0.003 0 0.018 0.001 0.196 0.027 0.087 0.08 0.174 0.043 0.024 0.068 0.049 0.014 0.004 0.099 0.261 0.021 0.268 0.171 0.002 0.074 0.105 0.002 0.052 0.02 0.08 0.137 0.003 0.011 0.003 0.092 0.027 0.12 0.09 0.004 0.018 0.012 0.017 0.003 0.113 0 0.003 0.053
0.301 0.325 0.367 0.248 0.782 0.023 0.019 0.5 0.293 0.008 0.383 0.197 0.016 0.001 0.491 0.456 0.586 0.173 0.018 0.579 0.053 0.077 0.163 1 0.345 0.013 0.019 0.025 0.007 0.008 0.821 0.274 0.206 0.004 0.01 0.221 0.019 0.159 0.187 0.008 0.036 0.012 0.014 0.009 0 0.021 0.05 0.07 0 0.02 0.058 0.009 0.053 0.019 0.006 0.029 0.016 0.01 0.01 0.013 0.021 0.049 0.01 0.003 0.001 0.006 0.002 0.041 0.022 0.01 0.012 0.007 0.006 0.004 0.011 0 0.006 0.013
0.312 0.316 0.347 0.653 0.267 0.122 0.101 0.183 0.773 0.019 0.141 0.075 0.045 0.022 0.429 0.425 0.215 0.06 0.051 0.52 0.145 0.197 0.43 0.345 1 0.034 0.054 0.129 0.043 0.039 0.283 0.785 0.573 0.022 0.016 0.033 0.047 0.018 0.513 0.016 0.104 0.001 0.087 0.024 0.067 0.017 0.148 0.186 0.011 0.018 0.158 0.056 0.142 0.075 0.007 0.018 0.04 0.009 0.028 0.015 0.022 0.07 0.022 0.009 0.011 0.036 0.002 0.059 0.028 0.022 0.014 0.03 0.01 0.014 0.058 0.004 0.012 0.035
0.01 0.023 0.023 0 0.011 0.005 0.004 0.007 0.001 0.09 0.005 0.003 0.003 0.001 0.022 0.017 0.008 0.002 0.004 0.021 0.011 0.016 0.034 0.013 0.034 1 0.004 0.005 0.002 0.002 0.013 0.037 0.046 0 0.002 0.012 0.004 0.011 0 0.002 0.049 0.033 0.012 0 0.005 0.006 0.006 0.001 0.001 0.018 0.009 0.004 0.007 0.011 0.001 0.021 0.015 0.002 0.002 0.003 0.018 0.013 0.002 0.16 0.002 0.003 0.165 0.012 0.018 0.003 0.003 0.001 0.002 0.001 0.011 0.002 0.003 0.003
0.042 0.035 0.035 0.068 0.017 0.007 0.006 0.01 0.055 0.002 0.008 0.004 0.005 0.001 0.009 0.012 0.012 0.003 0.951 0.029 0.355 0.021 0.119 0.019 0.054 0.004 1 0.008 0.002 0.002 0.021 0.05 0.058 0.001 0.003 0.018 0.006 0.017 0.061 0.002 0.009 0.082 0.27 0.003 0.003 0.074 0.033 0.029 0.001 0.162 0.261 0.006 0.287 0.216 0.002 0.138 0.188 0.003 0.003 0 0.126 0.198 0.004 0.002 0.003 0.472 0.004 0.147 0.159 0.004 0 0.002 0.003 0 0.228 0.003 0.005 0
0.17 0.207 0.204 0.095 0.019 0.873 0.72 0.011 0.115 0.003 0.008 0.003 0.006 0.125 0.197 0.174 0.013 0.004 0.007 0.194 0.021 0.031 0.066 0.025 0.129 0.005 0.008 1 0.299 0.284 0.027 0.106 0.064 0 0.205 0.023 0.51 0.015 0.056 0.003 0 0.034 0.019 0.004 0.388 0.016 0.014 0.022 0.044 0.064 0.019 0.468 0.017 0.025 0.019 0.05 0 0.192 0.004 0.005 0.03 0.001 0.002 0.001 0.129 0.006 0.005 0.001 0.02 0.003 0.005 0.002 0 0.001 0.003 0.04 0.001 0.005
0.056 0.068 0.067 0.033 0.006 0.319 0.391 0.004 0.039 0.001 0.003 0.002 0.002 0 0.064 0.057 0.004 0.001 0.002 0.073 0.006 0.009 0.02 0.007 0.043 0.002 0.002 0.299 1 0.952 0.008 0.015 0.01 0 0.041 0.007 0.222 0.006 0.008 0.001 0.005 0.012 0.007 0.001 0.139 0.019 0.014 0.002 0.001 0.023 0.007 0.168 0.006 0.009 0 0.019 0.004 0.099 0.001 0.002 0.006 0.003 0.002 0.001 0.098 0.004 0.002 0.003 0.004 0.002 0.001 0.001 0.003 0 0.003 0.027 0.001 0.002
0.052 0.063 0.062 0.03 0.007 0.304 0.372 0.004 0.035 0.001 0.003 0.001 0.002 0 0.067 0.06 0.005 0.001 0.002 0.068 0.007 0.01 0.021 0.008 0.039 0.002 0.002 0.284 0.952 1 0.008 0.013 0.012 0.001 0.039 0.004 0.212 0.004 0.01 0.001 0.005 0.013 0.007 0.001 0.131 0.02 0.011 0.002 0.001 0.021 0.007 0.16 0.007 0.009 0 0.016 0.005 0.094 0.001 0.002 0.005 0.004 0.002 0.001 0.092 0.004 0.002 0.003 0.003 0.002 0.002 0.001 0.003 0 0.003 0.026 0.001 0.002
0.235 0.263 0.293 0.192 0.627 0.024 0.02 0.457 0.222 0.008 0.348 0.185 0.014 0.001 0.38 0.362 0.538 0.158 0.02 0.47 0.053 0.038 0.11 0.821 0.283 0.013 0.021 0.027 0.008 0.008 1 0.32 0.256 0.004 0.011 0.311 0.02 0.243 0.234 0.008 0.039 0.027 0.015 0.009 0.001 0.039 0.079 0.082 0 0.022 0.059 0.01 0.053 0.02 0 0.032 0.018 0.011 0.011 0.014 0.025 0.051 0.014 0.006 0.001 0.006 0.002 0.046 0.024 0.014 0.013 0.008 0.007 0.004 0.013 0.003 0.016 0.014
0.234 0.241 0.264 0.547 0.204 0.088 0.068 0.158 0.646 0.022 0.118 0.073 0.019 0.021 0.324 0.356 0.188 0.058 0.047 0.388 0.104 0.161 0.328 0.274 0.785 0.037 0.05 0.106 0.015 0.013 0.32 1 0.738 0.022 0.059 0.06 0.105 0.046 0.667 0.023 0.106 0.005 0.091 0.026 0.123 0.002 0.191 0.248 0.011 0.007 0.164 0.113 0.148 0.08 0.002 0.006 0.041 0.054 0.029 0.011 0.008 0.07 0.031 0.014 0.059 0.038 0.002 0.059 0.012 0.032 0.015 0.029 0.011 0.021 0.057 0.001 0.024 0.03
0.143 0.154 0.171 0.364 0.163 0.049 0.035 0.117 0.447 0.027 0.086 0.051 0.027 0.017 0.232 0.255 0.141 0.046 0.054 0.265 0.128 0.031 0.161 0.206 0.573 0.046 0.058 0.064 0.01 0.012 0.256 0.738 1 0.017 0.033 0.254 0.069 0.235 0.85 0.028 0.072 0.032 0.126 0.029 0.098 0 0.326 0.247 0.001 0.025 0.2 0.091 0.18 0.116 0 0.027 0.076 0.043 0.035 0.022 0.027 0.107 0.038 0.02 0.043 0.049 0 0.093 0.036 0.039 0.021 0.023 0.017 0.016 0.094 0.008 0.021 0.045
0 0.002 0.002 0.018 0.003 0 0.001 0.001 0.021 0.001 0.001 0 0.001 0.011 0.003 0.003 0.002 0.001 0.001 0.002 0.003 0.005 0.011 0.004 0.022 0 0.001 0 0 0.001 0.004 0.022 0.017 1 0.001 0.004 0.001 0.003 0.017 0.001 0.1 0.014 0.004 0.001 0.002 0.011 0.034 0.007 0 0.007 0.004 0.001 0.004 0.005 0 0.008 0.006 0.001 0.001 0.001 0.007 0.005 0.001 0 0.001 0.002 0.001 0.005 0.007 0.001 0.001 0.309 0.001 0 0.005 0.001 0.001 0.001
0.025 0.033 0.033 0.01 0.009 0.148 0.185 0.005 0.013 0.001 0.004 0.002 0.019 0.001 0.032 0.067 0.006 0.002 0.003 0.021 0.003 0.013 0.003 0.01 0.016 0.002 0.003 0.205 0.041 0.039 0.011 0.059 0.033 0.001 1 0.01 0.447 0.009 0.039 0.001 0.007 0.051 0.008 0.002 0.29 0 0.02 0.019 0.05 0.062 0.008 0.35 0.007 0.01 0.024 0.052 0 0.34 0.002 0.002 0.041 0 0.002 0.001 0.304 0 0.002 0 0.029 0.002 0.002 0.001 0.002 0.001 0 0.015 0.002 0.002
0.055 0.063 0.08 0.016 0.226 0.021 0.018 0.281 0.024 0.007 0.174 0.072 0.015 0.001 0.084 0.076 0.361 0.009 0.017 0.089 0.049 0.032 0 0.221 0.033 0.012 0.018 0.023 0.007 0.004 0.311 0.06 0.254 0.004 0.01 1 0.017 0.874 0.227 0.007 0.038 0.235 0.055 0.127 0 0.123 0.296 0.036 0.003 0.052 0.056 0.019 0.05 0.067 0.005 0.075 0.049 0.01 0.009 0.012 0.059 0.045 0.011 0.005 0.01 0.014 0.001 0.039 0.064 0.008 0.011 0.007 0.005 0.003 0.035 0.008 0.004 0.012
0.068 0.086 0.085 0.032 0.014 0.393 0.487 0.008 0.04 0.002 0.006 0.002 0.006 0.001 0.082 0.115 0.009 0.003 0.005 0.073 0 0.023 0.018 0.019 0.047 0.004 0.006 0.51 0.222 0.212 0.02 0.105 0.069 0.001 0.447 0.017 1 0.01 0.072 0.002 0.012 0.091 0.016 0.003 0.597 0 0.036 0.033 0.025 0.129 0.016 0.711 0.014 0.02 0.01 0.109 0 0.424 0.003 0.004 0.092 0.001 0.004 0.002 0.391 0.003 0.004 0.001 0.073 0.004 0.004 0.002 0 0.001 0.004 0.005 0.004 0.004
0.034 0.053 0.051 0.007 0.159 0.019 0.016 0.312 0.012 0.006 0.194 0.08 0.014 0.001 0.056 0.051 0.26 0.008 0.016 0.057 0.045 0.039 0.001 0.159 0.018 0.011 0.017 0.015 0.006 0.004 0.243 0.046 0.235 0.003 0.009 0.874 0.01 1 0.211 0.007 0.034 0.216 0.05 0.14 0.015 0.094 0.344 0.031 0.003 0.083 0.05 0.012 0.045 0.061 0.005 0.097 0.078 0.004 0.008 0.01 0.08 0.069 0.01 0.004 0.004 0.026 0.001 0.067 0.084 0.01 0.01 0.006 0.009 0.003 0.063 0.007 0.005 0.011
0.128 0.13 0.145 0.423 0.141 0.045 0.032 0.111 0.519 0.024 0.082 0.052 0.032 0.015 0.206 0.231 0.133 0.04 0.057 0.24 0.143 0.043 0.196 0.187 0.513 0 0.061 0.056 0.008 0.01 0.234 0.667 0.85 0.017 0.039 0.227 0.072 0.211 1 0.032 0.153 0.019 0.15 0.026 0.098 0.001 0.403 0.294 0.007 0.035 0.239 0.082 0.215 0.142 0 0.039 0.092 0.038 0.04 0.025 0.038 0.129 0.043 0.017 0.039 0.066 0.04 0.114 0.049 0.045 0.024 0.021 0.021 0.015 0.11 0.003 0.027 0.05
0.017 0.014 0.014 0.028 0.007 0.003 0.002 0.004 0.025 0.007 0.003 0.002 0.002 0 0.015 0.017 0.005 0.001 0.002 0.009 0.007 0.069 0.027 0.008 0.016 0.002 0.002 0.003 0.001 0.001 0.008 0.023 0.028 0.001 0.001 0.007 0.002 0.007 0.032 1 0.004 0.017 0.003 0.001 0.003 0.006 0.015 0.034 0 0.003 0 0.003 0 0 0.001 0.004 0.006 0 0.001 0.002 0.003 0.001 0.205 0.001 0.001 0 0.001 0.001 0.008 0.212 0.002 0.001 0.001 0 0.001 0.001 0.004 0.002
0.01 0.029 0.029 0.156 0.034 0 0.013 0.016 0.182 0.005 0.012 0.004 0.011 0.075 0.031 0.019 0.019 0.007 0.009 0.025 0.03 0.039 0.087 0.036 0.104 0.049 0.009 0 0.005 0.005 0.039 0.106 0.072 0.1 0.007 0.038 0.012 0.034 0.153 0.004 1 0.136 0.035 0.006 0.016 0.091 0.322 0.068 0.001 0.066 0.04 0.014 0.036 0.043 0 0.076 0.055 0.005 0.007 0.008 0.065 0.055 0.004 0.004 0.007 0.021 0.216 0.053 0.066 0.004 0.008 0.145 0.007 0.089 0.044 0.001 0.001 0.008
0.068 0.098 0.111 0.001 0.025 0.023 0.046 0.055 0.002 0.025 0.029 0.01 0.078 0.008 0.058 0.051 0.075 0.033 0.083 0.035 0.242 0.022 0.08 0.012 0.001 0.033 0.082 0.034 0.012 0.013 0.027 0.005 0.032 0.014 0.051 0.235 0.091 0.216 0.019 0.017 0.136 1 0.192 0.042 0.119 0.415 0.004 0.122 0 0.346 0.225 0.074 0.198 0.136 0.005 0.262 0.2 0.047 0.049 0.022 0.239 0.233 0.04 0.019 0.029 0.075 0.022 0.22 0.248 0.041 0.011 0.024 0.046 0.012 0.17 0.011 0.037 0.026
0.001 0 0 0.021 0.007 0.02 0.016 0 0.082 0.007 0 0.003 0.098 0.004 0.019 0.032 0.002 0.01 0.268 0.029 0.601 0.054 0.174 0.014 0.087 0.012 0.27 0.019 0.007 0.007 0.015 0.091 0.126 0.004 0.008 0.055 0.016 0.05 0.15 0.003 0.035 0.192 1 0.009 0.023 0.241 0.114 0.032 0.003 0.525 0.749 0.008 0.722 0.78 0.006 0.475 0.617 0.01 0.147 0.085 0.472 0.522 0.012 0.006 0.008 0.207 0.013 0.459 0.535 0.013 0.073 0.007 0.1 0.004 0.565 0.008 0.015 0.119
0.011 0.015 0.015 0.031 0.008 0.003 0.003 0.005 0.028 0.001 0.004 0.002 0.002 0.001 0.013 0.014 0.005 0.002 0.003 0.015 0.007 0.093 0.043 0.009 0.024 0 0.003 0.004 0.001 0.001 0.009 0.026 0.029 0.001 0.002 0.127 0.003 0.14 0.026 0.001 0.006 0.042 0.009 1 0.004 0.001 0.048 0.005 0.001 0.016 0.009 0.003 0.008 0.011 0.001 0.018 0.014 0.002 0.001 0.002 0.013 0.012 0.001 0.001 0.002 0.005 0.002 0.012 0.016 0.001 0.002 0.001 0.002 0.001 0.011 0.001 0.001 0.002
0.091 0.084 0.113 0.046 0 0.31 0.389 0.011 0.057 0.003 0.008 0.003 0.003 0.002 0.109 0.139 0.003 0.004 0.002 0.109 0 0.031 0.024 0 0.067 0.005 0.003 0.388 0.139 0.131 0.001 0.123 0.098 0.002 0.29 0 0.597 0.015 0.098 0.003 0.016 0.119 0.023 0.004 1 0.005 0.047 0.043 0.001 0.225 0.024 0.704 0.021 0.026 0.002 0.173 0.015 0.405 0.004 0.005 0.136 0.017 0.005 0.002 0.297 0 0.005 0.022 0.111 0.005 0.005 0.003 0.001 0.001 0.004 0.003 0.006 0.005
0.012 0.022 0.029 0.004 0.03 0.02 0.012 0.072 0.018 0.001 0.039 0.02 0.057 0.006 0.007 0.006 0.086 0.027 0.077 0.002 0.21 0.02 0.068 0.021 0.017 0.006 0.074 0.016 0.019 0.02 0.039 0.002 0 0.011 0 0.123 0 0.094 0.001 0.006 0.091 0.415 0.241 0.001 0.005 1 0 0.049 0.009 0.238 0.242 0.001 0.214 0.218 0.016 0.183 0.23 0 0.05 0.023 0.219 0.231 0.028 0 0 0.084 0.035 0.202 0.221 0.029 0.013 0.019 0.026 0.003 0.212 0.023 0.024 0.04
0.01 0.002 0.001 0.156 0.032 0.011 0.037 0.116 0.192 0.015 0.067 0.026 0.031 0.032 0.007 0.01 0.086 0 0.031 0.012 0.094 0 0.049 0.05 0.148 0.006 0.033 0.014 0.014 0.011 0.079 0.191 0.326 0.034 0.02 0.296 0.036 0.344 0.403 0.015 0.322 0.004 0.114 0.048 0.047 0 1 0.139 0.001 0.207 0.115 0.039 0.104 0.14 0.002 0.239 0.177 0.02 0.019 0.025 0.208 0.159 0.019 0.011 0.02 0.06 0.111 0.154 0.209 0.02 0.024 0.047 0.02 0.031 0.143 0.01 0.007 0.024
0.077 0.059 0.059 0.168 0.059 0.014 0.009 0.044 0.207 0.063 0.036 0.023 0.013 0.007 0.095 0.092 0.052 0.009 0.031 0.095 0.03 0.118 0.014 0.07 0.186 0.001 0.029 0.022 0.002 0.002 0.082 0.248 0.247 0.007 0.019 0.036 0.033 0.031 0.294 0.034 0.068 0.122 0.032 0.005 0.043 0.049 0.139 1 0.006 0.095 0.031 0.036 0.024 0.045 0 0.065 0.046 0.016 0.007 0.002 0.069 0.035 0.093 0.046 0.019 0.031 0.023 0.033 0.064 0.097 0.002 0.011 0 0.007 0.044 0.009 0.069 0.006
0.015 0.018 0.018 0.008 0 0.048 0.025 0.002 0.01 0 0.001 0.001 0.001 0.029 0.018 0.015 0.002 0.013 0.001 0.021 0.003 0.001 0.004 0 0.011 0.001 0.001 0.044 0.001 0.001 0 0.011 0.001 0 0.05 0.003 0.025 0.003 0.007 0 0.001 0 0.003 0.001 0.001 0.009 0.001 0.006 1 0.006 0.003 0.001 0.003 0.004 0.566 0.007 0.005 0.001 0.001 0.001 0.006 0.005 0.001 0 0.001 0.002 0.001 0.005 0.006 0.001 0.001 0 0.001 0 0.004 0.386 0.005 0.001
0.02 0.027 0.036 0.001 0.009 0.045 0.071 0.011 0.02 0.013 0.004 0 0.122 0.007 0.006 0.005 0.001 0.018 0.162 0.001 0.467 0.076 0.099 0.02 0.018 0.018 0.162 0.064 0.023 0.021 0.022 0.007 0.025 0.007 0.062 0.052 0.129 0.083 0.035 0.003 0.066 0.346 0.525 0.016 0.225 0.238 0.207 0.095 0.006 1 0.553 0.189 0.499 0.546 0.011 0.832 0.657 0.091 0.093 0.039 0.784 0.601 0.022 0.01 0.064 0.231 0.023 0.575 0.788 0.023 0.034 0.012 0.09 0.006 0.556 0.015 0.026 0.084
0.013 0.007 0.008 0.056 0.04 0.02 0.016 0.029 0.15 0.007 0.022 0.013 0.145 0.004 0.044 0.062 0.036 0.01 0.258 0.072 0.677 0.028 0.261 0.058 0.158 0.009 0.261 0.019 0.007 0.007 0.059 0.164 0.2 0.004 0.008 0.056 0.016 0.05 0.239 0 0.04 0.225 0.749 0.009 0.024 0.242 0.115 0.031 0.003 0.553 1 0.02 0.894 0.786 0.006 0.479 0.621 0.01 0.167 0.084 0.48 0.691 0.012 0.006 0.008 0.334 0.013 0.63 0.521 0.013 0.076 0.007 0.117 0.004 0.594 0.008 0.015 0.159
0.077 0.098 0.096 0.039 0.006 0.379 0.471 0.001 0.048 0.002 0 0.001 0.005 0.001 0.093 0.125 0.002 0.004 0.006 0.089 0 0.025 0.021 0.009 0.056 0.004 0.006 0.468 0.168 0.16 0.01 0.113 0.091 0.001 0.35 0.019 0.711 0.012 0.082 0.003 0.014 0.074 0.008 0.003 0.704 0.001 0.039 0.036 0.001 0.189 0.02 1 0.017 0.011 0.002 0.163 0.006 0.486 0.003 0.004 0.122 0.002 0.004 0.002 0.358 0.005 0.004 0.003 0.1 0.004 0.004 0.002 0 0.001 0.002 0.003 0.005 0.004
0.008 0.004 0.004 0.045 0.035 0.018 0.014 0.026 0.136 0.007 0.02 0.011 0.101 0.003 0.05 0.068 0.032 0.009 0.291 0.069 0.66 0.023 0.268 0.053 0.142 0.007 0.287 0.017 0.006 0.007 0.053 0.148 0.18 0.004 0.007 0.05 0.014 0.045 0.215 0 0.036 0.198 0.722 0.008 0.021 0.214 0.104 0.024 0.003 0.499 0.894 0.017 1 0.71 0.005 0.434 0.56 0.009 0.184 0.096 0.436 0.628 0.011 0.005 0.007 0.295 0.012 0.562 0.47 0.012 0.087 0.006 0.13 0.003 0.523 0.008 0.013 0.178
0.004 0 0.001 0.024 0.01 0.025 0.02 0.001 0.085 0.009 0 0.003 0.097 0.005 0.02 0.034 0.003 0.013 0.215 0.037 0.528 0.039 0.171 0.019 0.075 0.011 0.216 0.025 0.009 0.009 0.02 0.08 0.116 0.005 0.01 0.067 0.02 0.061 0.142 0 0.043 0.136 0.78 0.011 0.026 0.218 0.14 0.045 0.004 0.546 0.786 0.011 0.71 1 0.007 0.579 0.693 0.012 0.136 0.112 0.555 0.595 0.012 0.007 0.01 0.28 0.016 0.544 0.596 0.012 0.086 0.009 0.093 0.004 0.593 0.01 0.018 0.129
0.01 0.014 0.014 0.008 0.003 0.021 0.01 0.003 0.01 0.001 0.002 0.001 0.002 0.015 0.02 0.017 0.004 0.022 0.002 0.024 0.005 0 0.002 0.006 0.007 0.001 0.002 0.019 0 0 0 0.002 0 0 0.024 0.005 0.01 0.005 0 0.001 0 0.005 0.006 0.001 0.002 0.016 0.002 0 0.566 0.011 0.006 0.002 0.005 0.007 1 0.013 0.009 0.001 0.001 0.001 0.011 0.008 0.001 0.001 0.001 0.003 0.001 0.008 0.011 0.001 0.001 0 0.001 0 0.007 0.449 0.053 0.001
0.009 0.019 0.022 0.002 0.015 0.039 0.064 0.011 0.021 0.015 0.003 0 0.127 0.008 0.002 0.001 0.003 0.021 0.139 0 0.401 0.079 0.074 0.029 0.018 0.021 0.138 0.05 0.019 0.016 0.032 0.006 0.027 0.008 0.052 0.075 0.109 0.097 0.039 0.004 0.076 0.262 0.475 0.018 0.173 0.183 0.239 0.065 0.007 0.832 0.479 0.163 0.434 0.579 0.013 1 0.742 0.078 0.08 0.102 0.86 0.662 0.026 0.012 0.054 0.211 0.027 0.634 0.864 0.027 0.099 0.015 0.083 0.007 0.599 0.018 0.031 0.103
0.002 0.005 0.007 0.005 0.007 0.001 0.004 0.007 0.035 0.011 0.002 0 0.086 0.006 0.001 0.006 0.001 0.016 0.188 0.006 0.45 0.064 0.105 0.016 0.04 0.015 0.188 0 0.004 0.005 0.018 0.041 0.076 0.006 0 0.049 0 0.078 0.092 0.006 0.055 0.2 0.617 0.014 0.015 0.23 0.177 0.046 0.005 0.657 0.621 0.006 0.56 0.693 0.009 0.742 1 0.016 0.108 0.109 0.736 0.866 0.019 0.009 0.013 0.289 0.02 0.829 0.771 0.02 0.134 0.011 0.112 0.006 0.757 0.013 0.023 0.138
0.016 0.022 0.022 0.005 0.007 0.108 0.137 0.004 0.007 0.001 0.002 0.001 0.019 0.001 0.021 0.052 0.004 0.002 0.003 0.014 0.003 0.01 0.002 0.01 0.009 0.002 0.003 0.192 0.099 0.094 0.011 0.054 0.043 0.001 0.34 0.01 0.424 0.004 0.038 0 0.005 0.047 0.01 0.002 0.405 0 0.02 0.016 0.001 0.091 0.01 0.486 0.009 0.012 0.001 0.078 0.016 1 0.002 0.002 0.09 0.014 0.001 0.001 0.698 0.005 0.002 0.013 0.084 0.001 0.002 0.001 0.002 0.001 0.013 0.001 0.003 0.002
0.029 0.037 0.036 0.012 0.008 0.004 0.003 0.005 0.031 0.001 0.004 0.002 0.013 0.001 0.017 0.019 0.006 0.002 0.003 0.016 0.169 0.013 0.052 0.01 0.028 0.002 0.003 0.004 0.001 0.001 0.011 0.029 0.035 0.001 0.002 0.009 0.003 0.008 0.04 0.001 0.007 0.049 0.147 0.001 0.004 0.05 0.019 0.007 0.001 0.093 0.167 0.003 0.184 0.136 0.001 0.08 0.108 0.002 1 0.017 0.091 0.107 0.002 0.001 0.002 0 0.002 0.125 0.088 0.002 0.018 0.001 0.197 0.001 0.054 0.001 0.002 0.017
0.021 0.017 0.017 0.011 0.01 0.002 0.001 0.005 0.008 0.002 0.004 0.003 0.288 0.001 0.019 0.022 0.008 0.002 0 0.021 0.074 0.008 0.02 0.013 0.015 0.003 0 0.005 0.002 0.002 0.014 0.011 0.022 0.001 0.002 0.012 0.004 0.01 0.025 0.002 0.008 0.022 0.085 0.002 0.005 0.023 0.025 0.002 0.001 0.039 0.084 0.004 0.096 0.112 0.001 0.102 0.109 0.002 0.017 1 0.092 0.123 0.003 0.001 0.002 0.006 0.003 0.12 0.091 0.003 0.378 0.001 0 0.001 0.051 0.002 0.003 0.497
0.009 0.018 0.021 0.001 0.01 0.02 0.037 0.007 0.02 0.013 0.002 0 0.114 0.007 0.002 0.001 0.001 0.019 0.136 0.001 0.412 0.076 0.08 0.021 0.022 0.018 0.126 0.03 0.006 0.005 0.025 0.008 0.027 0.007 0.041 0.059 0.092 0.08 0.038 0.003 0.065 0.239 0.472 0.013 0.136 0.219 0.208 0.069 0.006 0.784 0.48 0.122 0.436 0.555 0.011 0.86 0.736 0.09 0.091 0.092 1 0.657 0.022 0.01 0.063 0.188 0.023 0.637 0.912 0.023 0.114 0.013 0.095 0.006 0.591 0.015 0.027 0.118
0.001 0 0 0.017 0.031 0.002 0.007 0.041 0.062 0.01 0.031 0.017 0.099 0.005 0.01 0.02 0.022 0.014 0.202 0.022 0.479 0.047 0.137 0.049 0.07 0.013 0.198 0.001 0.003 0.004 0.051 0.07 0.107 0.005 0 0.045 0.001 0.069 0.129 0.001 0.055 0.233 0.522 0.012 0.017 0.231 0.159 0.035 0.005 0.601 0.691 0.002 0.628 0.595 0.008 0.662 0.866 0.014 0.107 0.123 0.657 1 0.017 0.008 0.012 0.298 0.018 0.907 0.664 0.018 0.15 0.01 0.112 0.005 0.712 0.012 0.02 0.155
0.019 0.015 0.015 0.034 0.009 0.002 0.004 0.004 0.03 0.002 0.003 0.003 0.003 0.001 0.007 0.009 0.005 0.002 0.004 0.012 0.011 0.048 0.003 0.01 0.022 0.002 0.004 0.002 0.002 0.002 0.014 0.031 0.038 0.001 0.002 0.011 0.004 0.01 0.043 0.205 0.004 0.04 0.012 0.001 0.005 0.028 0.019 0.093 0.001 0.022 0.012 0.004 0.011 0.012 0.001 0.026 0.019 0.001 0.002 0.003 0.022 0.017 1 0.001 0.002 0.006 0.003 0.016 0.022 0.963 0.003 0.001 0.002 0.001 0.015 0.002 0.206 0.003
0.007 0.007 0.005 0.013 0.003 0.001 0.001 0.002 0.012 0.355 0.002 0.001 0.002 0 0.004 0.003 0.003 0.001 0.002 0.005 0.005 0.004 0.011 0.003 0.009 0.16 0.002 0.001 0.001 0.001 0.006 0.014 0.02 0 0.001 0.005 0.002 0.004 0.017 0.001 0.004 0.019 0.006 0.001 0.002 0 0.011 0.046 0 0.01 0.006 0.002 0.005 0.007 0.001 0.012 0.009 0.001 0.001 0.001 0.01 0.008 0.001 1 0.001 0.003 0.001 0.008 0.01 0.001 0.001 0.001 0.001 0 0.007 0.001 0.001 0.001
0.006 0.01 0.01 0.005 0.007 0.062 0.08 0.004 0.009 0.001 0.002 0.001 0.019 0.001 0.024 0.056 0.004 0.002 0.003 0.017 0.003 0.013 0.003 0.001 0.011 0.002 0.003 0.129 0.098 0.092 0.001 0.059 0.043 0.001 0.304 0.01 0.391 0.004 0.039 0.001 0.007 0.029 0.008 0.002 0.297 0 0.02 0.019 0.001 0.064 0.008 0.358 0.007 0.01 0.001 0.054 0.013 0.698 0.002 0.002 0.063 0.012 0.002 0.001 1 0 0.002 0.011 0.058 0.002 0.002 0.001 0 0.001 0.011 0.001 0.003 0.002
0.024 0.023 0.021 0.041 0.012 0.006 0.005 0.016 0.038 0.004 0.012 0.006 0.001 0.002 0 0.001 0.006 0.005 0.464 0.008 0.231 0.01 0.092 0.006 0.036 0.003 0.472 0.006 0.004 0.004 0.006 0.038 0.049 0.002 0 0.014 0.003 0.026 0.066 0 0.021 0.075 0.207 0.005 0 0.084 0.06 0.031 0.002 0.231 0.334 0.005 0.295 0.28 0.003 0.211 0.289 0.005 0 0.006 0.188 0.298 0.006 0.003 0 1 0.007 0.247 0.239 0.007 0.006 0.004 0.005 0.002 0.328 0.004 0.008 0
0.004 0.008 0.008 0.044 0.001 0.005 0.004 0 0.052 0.002 0.001 0.003 0.003 0.001 0.009 0.009 0 0.002 0.004 0.007 0.011 0.01 0.027 0.002 0.002 0.165 0.004 0.005 0.002 0.002 0.002 0.002 0 0.001 0.002 0.001 0.004 0.001 0.04 0.001 0.216 0.022 0.013 0.002 0.005 0.035 0.111 0.023 0.001 0.023 0.013 0.004 0.012 0.016 0.001 0.027 0.02 0.002 0.002 0.003 0.023 0.018 0.003 0.001 0.002 0.007 1 0.017 0.023 0.003 0.003 0.002 0.002 0.001 0.016 0.002 0 0.002
0 0.001 0.002 0.009 0.025 0.002 0.007 0.04 0.051 0.01 0.03 0.017 0.09 0.005 0.006 0.015 0.018 0.012 0.151 0.018 0.429 0.044 0.12 0.041 0.059 0.012 0.147 0.001 0.003 0.003 0.046 0.059 0.093 0.005 0 0.039 0.001 0.067 0.114 0.001 0.053 0.22 0.459 0.012 0.022 0.202 0.154 0.033 0.005 0.575 0.63 0.003 0.562 0.544 0.008 0.634 0.829 0.013 0.125 0.12 0.637 0.907 0.016 0.008 0.011 0.247 0.017 1 0.633 0.017 0.155 0.009 0.13 0.005 0.667 0.011 0.02 0.152
0.005 0.013 0.015 0.003 0.01 0.012 0.025 0.007 0.025 0.013 0.002 0 0.119 0.007 0 0 0.002 0.018 0.16 0.002 0.46 0.079 0.09 0.022 0.028 0.018 0.159 0.02 0.004 0.003 0.024 0.012 0.036 0.007 0.029 0.064 0.073 0.084 0.049 0.008 0.066 0.248 0.535 0.016 0.111 0.221 0.209 0.064 0.006 0.788 0.521 0.1 0.47 0.596 0.011 0.864 0.771 0.084 0.088 0.091 0.912 0.664 0.022 0.01 0.058 0.239 0.023 0.633 1 0.023 0.114 0.013 0.095 0.006 0.593 0.015 0.025 0.116
0.02 0.015 0.015 0.035 0.009 0.002 0.004 0.004 0.031 0.002 0.003 0.002 0.003 0.001 0.008 0.01 0.005 0.002 0.004 0.012 0.011 0.052 0.004 0.01 0.022 0.003 0.004 0.003 0.002 0.002 0.014 0.032 0.039 0.001 0.002 0.008 0.004 0.01 0.045 0.212 0.004 0.041 0.013 0.001 0.005 0.029 0.02 0.097 0.001 0.023 0.013 0.004 0.012 0.012 0.001 0.027 0.02 0.001 0.002 0.003 0.023 0.018 0.963 0.001 0.002 0.007 0.003 0.017 0.023 1 0.003 0.002 0.002 0.001 0.016 0.002 0.215 0.003
0.009 0.006 0.007 0.005 0.009 0.002 0.001 0.005 0.01 0.002 0.004 0.003 0.104 0.001 0.019 0.021 0.007 0.002 0 0.02 0.068 0.007 0.018 0.012 0.014 0.003 0 0.005 0.001 0.002 0.013 0.015 0.021 0.001 0.002 0.011 0.004 0.01 0.024 0.002 0.008 0.011 0.073 0.002 0.005 0.013 0.024 0.002 0.001 0.034 0.076 0.004 0.087 0.086 0.001 0.099 0.134 0.002 0.018 0.378 0.114 0.15 0.003 0.001 0.002 0.006 0.003 0.155 0.114 0.003 1 0.001 0.002 0.001 0.068 0.002 0.003 0.372
0 0.011 0.011 0.024 0.005 0.002 0.002 0.003 0.028 0.001 0.002 0.001 0.002 0 0.011 0.002 0.004 0.001 0.002 0.01 0.006 0.004 0.012 0.007 0.03 0.001 0.002 0.002 0.001 0.001 0.008 0.029 0.023 0.309 0.001 0.007 0.002 0.006 0.021 0.001 0.145 0.024 0.007 0.001 0.003 0.019 0.047 0.011 0 0.012 0.007 0.002 0.006 0.009 0 0.015 0.011 0.001 0.001 0.001 0.013 0.01 0.001 0.001 0.001 0.004 0.002 0.009 0.013 0.002 0.001 1 0.001 0 0.009 0.001 0.002 0.002
0.025 0.026 0.032 0.01 0.001 0 0 0.005 0.006 0.001 0.004 0.002 0.005 0.001 0.001 0.006 0.002 0.002 0.003 0.002 0.083 0.013 0.017 0.006 0.01 0.002 0.003 0 0.003 0.003 0.007 0.011 0.017 0.001 0.002 0.005 0 0.009 0.021 0.001 0.007 0.046 0.1 0.002 0.001 0.026 0.02 0 0.001 0.09 0.117 0 0.13 0.093 0.001 0.083 0.112 0.002 0.197 0 0.095 0.112 0.002 0.001 0 0.005 0.002 0.13 0.095 0.002 0.002 0.001 1 0.001 0.107 0.001 0.002 0.002
0.006 0.007 0.007 0.007 0.003 0.001 0.001 0.002 0.009 0 0.001 0.001 0.001 0 0.007 0.002 0.002 0.001 0 0.006 0 0.002 0.003 0.004 0.014 0.001 0 0.001 0 0 0.004 0.021 0.016 0 0.001 0.003 0.001 0.003 0.015 0 0.089 0.012 0.004 0.001 0.001 0.003 0.031 0.007 0 0.006 0.004 0.001 0.003 0.004 0 0.007 0.006 0.001 0.001 0.001 0.006 0.005 0.001 0 0.001 0.002 0.001 0.005 0.006 0.001 0.001 0 0.001 1 0.004 0.001 0.001 0.001
0.001 0 0 0.02 0.004 0.002 0 0.005 0.05 0.009 0.001 0 0.073 0.005 0.002 0.008 0 0.013 0.228 0.011 0.409 0.043 0.113 0.011 0.058 0.011 0.228 0.003 0.003 0.003 0.013 0.057 0.094 0.005 0 0.035 0.004 0.063 0.11 0.001 0.044 0.17 0.565 0.011 0.004 0.212 0.143 0.044 0.004 0.556 0.594 0.002 0.523 0.593 0.007 0.599 0.757 0.013 0.054 0.051 0.591 0.712 0.015 0.007 0.011 0.328 0.016 0.667 0.593 0.016 0.068 0.009 0.107 0.004 1 0.011 0.018 0.121
0.011 0.016 0.016 0.003 0.001 0.043 0.032 0.005 0.005 0.001 0.003 0.002 0.002 0.009 0.015 0.012 0.005 0.004 0.003 0.019 0.007 0.004 0 0 0.004 0.002 0.003 0.04 0.027 0.026 0.003 0.001 0.008 0.001 0.015 0.008 0.005 0.007 0.003 0.001 0.001 0.011 0.008 0.001 0.003 0.023 0.01 0.009 0.386 0.015 0.008 0.003 0.008 0.01 0.449 0.018 0.013 0.001 0.001 0.002 0.015 0.012 0.002 0.001 0.001 0.004 0.002 0.011 0.015 0.002 0.002 0.001 0.001 0.001 0.011 1 0.098 0.002
0.013 0.009 0.009 0.019 0.004 0.001 0.004 0.008 0.014 0.002 0.006 0.003 0.004 0.004 0.002 0.003 0.009 0.002 0.005 0.006 0.011 0.046 0.003 0.006 0.012 0.003 0.005 0.001 0.001 0.001 0.016 0.024 0.021 0.001 0.002 0.004 0.004 0.005 0.027 0.004 0.001 0.037 0.015 0.001 0.006 0.024 0.007 0.069 0.005 0.026 0.015 0.005 0.013 0.018 0.053 0.031 0.023 0.003 0.002 0.003 0.027 0.02 0.206 0.001 0.003 0.008 0 0.02 0.025 0.215 0.003 0.002 0.002 0.001 0.018 0.098 1 0.003
0.011 0.007 0.008 0.016 0.01 0.002 0.001 0.006 0.023 0.002 0.004 0.003 0.203 0.001 0.02 0.023 0.008 0.002 0 0.022 0.113 0.002 0.053 0.013 0.035 0.003 0 0.005 0.002 0.002 0.014 0.03 0.045 0.001 0.002 0.012 0.004 0.011 0.05 0.002 0.008 0.026 0.119 0.002 0.005 0.04 0.024 0.006 0.001 0.084 0.159 0.004 0.178 0.129 0.001 0.103 0.138 0.002 0.017 0.497 0.118 0.155 0.003 0.001 0.002 0 0.002 0.152 0.116 0.003 0.372 0.002 0.002 0.001 0.121 0.002 0.003 1
