1 0.849 0.852 0.472 0.319 0.215 0.141 0.195 0.263 0.013 0.188 0.106 0.019 0.062 0.44 0.42 0.149 0.029 0.024 0.453 0.002 0.136 0.082 0.206 0.208 0.004 0.026 0.167 0.067 0.07 0.154 0.138 0.069 0.002 0.023 0.013 0.057 0.006 0.062 0.023 0.005 0.052 0.003 0.003 0.056 0.016 0.001 0.066 0.014 0.023 0 0.037 0.001 0.001 0.014 0.018 0.004 0.006 0.07 0.006 0.008 0 0.009 0.004 0.004 0.011 0.002 0.003 0.009 0.011 0 0 0.052 0.004 0.002 0.016 0.003 0.003
0.849 1 0.942 0.44 0.336 0.25 0.163 0.226 0.227 0.011 0.218 0.123 0.017 0.072 0.5 0.476 0.155 0.034 0.021 0.501 0.005 0.124 0.067 0.219 0.204 0.019 0.022 0.197 0.078 0.082 0.168 0.134 0.063 0.002 0.029 0.013 0.07 0.009 0.044 0.02 0.021 0.064 0.005 0.005 0.05 0.02 0 0.051 0.018 0.029 0 0.046 0 0.003 0.017 0.023 0.005 0.008 0.083 0.004 0.01 0 0.006 0.004 0.006 0.01 0.024 0.003 0.016 0.008 0 0.001 0.055 0.005 0.002 0.02 0.002 0.002
0.852 0.942 1 0.456 0.366 0.245 0.16 0.222 0.24 0.012 0.214 0.12 0.017 0.07 0.515 0.49 0.174 0.033 0.021 0.526 0.005 0.117 0.064 0.242 0.229 0.02 0.022 0.193 0.077 0.08 0.184 0.152 0.075 0.002 0.028 0.017 0.068 0.008 0.053 0.021 0.018 0.069 0.005 0.005 0.067 0.023 0 0.054 0.017 0.034 0 0.044 0 0.002 0.017 0.027 0.008 0.008 0.081 0.004 0.014 0.001 0.007 0.003 0.006 0.008 0.024 0.005 0.018 0.008 0 0.001 0.062 0.005 0.004 0.02 0.002 0.002
0.472 0.44 0.456 1 0.182 0.112 0.071 0.107 0.745 0.024 0.103 0.058 0.035 0.034 0.219 0.229 0.078 0.02 0.044 0.23 0.005 0.277 0.266 0.109 0.51 0.001 0.044 0.077 0.037 0.038 0.073 0.436 0.242 0.026 0.007 0 0.02 0.003 0.284 0.043 0.237 0.001 0.008 0.017 0.022 0.005 0.177 0.152 0.007 0.001 0.026 0.012 0.028 0.016 0.005 0.002 0.007 0 0.033 0.009 0.006 0.017 0.025 0.01 0 0.036 0.042 0.008 0.003 0.029 0.003 0.034 0.02 0.019 0.01 0.006 0.012 0.009
0.319 0.336 0.366 0.182 1 0.017 0.011 0.507 0.228 0.005 0.494 0.272 0.007 0.005 0.381 0.366 0.478 0.082 0.009 0.37 0.018 0.062 0.098 0.65 0.164 0.008 0.01 0.019 0.005 0.006 0.507 0.119 0.078 0.002 0.006 0.122 0.011 0.086 0.063 0.009 0.028 0.025 0 0.008 0 0.05 0.011 0.045 0.002 0 0.009 0.006 0.009 0 0 0 0 0.005 0 0 0.002 0.006 0.003 0.002 0.004 0.008 0.009 0.003 0 0.004 0 0.004 0.001 0.001 0.001 0 0.004 0
0.215 0.25 0.245 0.112 0.017 1 0.653 0.009 0.134 0.003 0.009 0.005 0.004 0.287 0.264 0.235 0.013 0.002 0.005 0.274 0.017 0.026 0.058 0.019 0.125 0.005 0.005 0.825 0.314 0.329 0.018 0.1 0.059 0.025 0.133 0.021 0.32 0.021 0.045 0.005 0.006 0.006 0.021 0.005 0.185 0.046 0.003 0.014 0.08 0.006 0.023 0.202 0.023 0.027 0.056 0.005 0.005 0.051 0.005 0.003 0 0.004 0.004 0.002 0.039 0.004 0.007 0.003 0 0.005 0.002 0.005 0.003 0.002 0.006 0.071 0.002 0.003
0.141 0.163 0.16 0.071 0.011 0.653 1 0.006 0.093 0.002 0.006 0.003 0.003 0.002 0.182 0.162 0.008 0.001 0.003 0.187 0.011 0.018 0.04 0.012 0.086 0.003 0.004 0.556 0.48 0.504 0.012 0.058 0.03 0.001 0.211 0.014 0.503 0.013 0.021 0.003 0.016 0.037 0.014 0.003 0.298 0.028 0.035 0.005 0.086 0.028 0.015 0.322 0.015 0.018 0.062 0.026 0 0.086 0.003 0.001 0.006 0 0.004 0.001 0.066 0.001 0.004 0 0.005 0.004 0.001 0.002 0.001 0.001 0.001 0.085 0.003 0.002
0.195 0.226 0.222 0.107 0.507 0.009 0.006 1 0.114 0.002 0.964 0.542 0.004 0.003 0.215 0.191 0.615 0.002 0.005 0.218 0.006 0.033 0.046 0.394 0.105 0.004 0.005 0.01 0.003 0.003 0.365 0.093 0.062 0.001 0.003 0.151 0.006 0.157 0.056 0.005 0.014 0.037 0.001 0.004 0.005 0.106 0.046 0.044 0.001 0 0.01 0.002 0.01 0.001 0.002 0 0 0.003 0.005 0.001 0 0.013 0 0.002 0.002 0.011 0.004 0.013 0 0.001 0.002 0.002 0.006 0 0 0.002 0.004 0
0.263 0.227 0.24 0.745 0.228 0.134 0.093 0.114 1 0.02 0.11 0.07 0.029 0.041 0.294 0.295 0.088 0.024 0.027 0.291 0.089 0.228 0.403 0.133 0.603 0.004 0.027 0.104 0.045 0.047 0.097 0.56 0.347 0.032 0.012 0 0.032 0 0.403 0.035 0.292 0.01 0.048 0.03 0.031 0.023 0.217 0.184 0.013 0.019 0.091 0.018 0.095 0.064 0.01 0.021 0.034 0.002 0.016 0.006 0.035 0.058 0.027 0.012 0.001 0.037 0.054 0.047 0.028 0.031 0.005 0.041 0.01 0.023 0.028 0.01 0.006 0.01
0.013 0.011 0.012 0.024 0.005 0.003 0.002 0.002 0.02 1 0.002 0.001 0.001 0.001 0.003 0.001 0.003 0 0.001 0.01 0.005 0 0.002 0.005 0.02 0.066 0.002 0.003 0.001 0.001 0.005 0.018 0.004 0.001 0.001 0.002 0.002 0.003 0.001 0.003 0.007 0.002 0.006 0.038 0.002 0.007 0.015 0.027 0 0.01 0.007 0.002 0.007 0.008 0.001 0.011 0.008 0.001 0.001 0.001 0.01 0.008 0.002 0.231 0.001 0.003 0.002 0.008 0.01 0.002 0.001 0.001 0.002 0.001 0.008 0.001 0.001 0.001
0.188 0.218 0.214 0.103 0.494 0.009 0.006 0.964 0.11 0.002 1 0.562 0.004 0.003 0.206 0.183 0.603 0.002 0.004 0.208 0.006 0.032 0.044 0.377 0.101 0.004 0.005 0.01 0.003 0.003 0.348 0.088 0.059 0.001 0.003 0.139 0.006 0.144 0.053 0.004 0.014 0.033 0.001 0.004 0.005 0.101 0.042 0.043 0.001 0 0.01 0.002 0.01 0.001 0.002 0 0 0.003 0.004 0.001 0 0.012 0 0.002 0.002 0.011 0.003 0.012 0 0 0.002 0.002 0.006 0 0 0.002 0.004 0
0.106 0.123 0.12 0.058 0.272 0.005 0.003 0.542 0.07 0.001 0.562 1 0.002 0.001 0.136 0.122 0.395 0.001 0.003 0.144 0.008 0.018 0.033 0.251 0.069 0.002 0.003 0.006 0.002 0.002 0.26 0.076 0.053 0 0.002 0.089 0.003 0.093 0.051 0.002 0.008 0.016 0.001 0.002 0.003 0.066 0.027 0.025 0.001 0 0.011 0 0.011 0.002 0.001 0 0 0.001 0.003 0.002 0 0.013 0.003 0.001 0.001 0.006 0.003 0.013 0 0.003 0.001 0 0.003 0.001 0 0.001 0.002 0.002
0.019 0.017 0.017 0.035 0.007 0.004 0.003 0.004 0.029 0.001 0.004 0.002 1 0.001 0.006 0.003 0.005 0.001 0.002 0.004 0.228 0.015 0.055 0.008 0.029 0.002 0.002 0.005 0.001 0.001 0.001 0.017 0.025 0.001 0.003 0.009 0 0.008 0.029 0.002 0.01 0.06 0.125 0.002 0 0.06 0.022 0.005 0.001 0.106 0.135 0 0.11 0.107 0.001 0.107 0.105 0.004 0 0.219 0.088 0.116 0.002 0.001 0.005 0.001 0.003 0.087 0.098 0.003 0.029 0.001 0.012 0.001 0.076 0.001 0.002 0.122
0.062 0.072 0.07 0.034 0.005 0.287 0.002 0.003 0.041 0.001 0.003 0.001 0.001 1 0.08 0.071 0.004 0 0.001 0.084 0.005 0.01 0.02 0.005 0.04 0.001 0.001 0.253 0.001 0.001 0.005 0.044 0.033 0.11 0.001 0.006 0.002 0.006 0.029 0.001 0.105 0.019 0.006 0.001 0.002 0.015 0.036 0.014 0.004 0.01 0.006 0.002 0.006 0.008 0.003 0.01 0.008 0.001 0.001 0.001 0.009 0.007 0 0.001 0.001 0.003 0.002 0.007 0.009 0 0.001 0.04 0.002 0.001 0.007 0.002 0 0.001
0.44 0.5 0.515 0.219 0.381 0.264 0.182 0.215 0.294 0.003 0.206 0.136 0.006 0.08 1 0.864 0.221 0.048 0.008 0.694 0.038 0.086 0.159 0.334 0.295 0.009 0.009 0.272 0.087 0.093 0.25 0.254 0.178 0.003 0.072 0.041 0.12 0.025 0.156 0.018 0.012 0.031 0.021 0.01 0.108 0.004 0.001 0.053 0.024 0.001 0.049 0.079 0.055 0.024 0.024 0 0.007 0.029 0.013 0.012 0 0.023 0.004 0 0.027 0.007 0.021 0.017 0.001 0.005 0.008 0 0.005 0.004 0.005 0.027 0 0.014
0.42 0.476 0.49 0.229 0.366 0.235 0.162 0.191 0.295 0.001 0.183 0.122 0.003 0.071 0.864 1 0.194 0.042 0.01 0.614 0.037 0.088 0.158 0.311 0.273 0.005 0.011 0.242 0.078 0.083 0.235 0.249 0.185 0.002 0.084 0.046 0.125 0.03 0.161 0.02 0.01 0.037 0.02 0.004 0.113 0.004 0.003 0.049 0.021 0.001 0.048 0.085 0.053 0.025 0.021 0 0.008 0.039 0.003 0.014 0 0.023 0.006 0 0.038 0.01 0.023 0.018 0 0.007 0.009 0 0.002 0 0.006 0.023 0 0.016
0.149 0.155 0.174 0.078 0.478 0.013 0.008 0.615 0.088 0.003 0.603 0.395 0.005 0.004 0.221 0.194 1 0.002 0.006 0.353 0.021 0.045 0.085 0.592 0.176 0.006 0.007 0.014 0.004 0.004 0.567 0.153 0.108 0.001 0.004 0.278 0.008 0.218 0.097 0.006 0.016 0.066 0.001 0.006 0.001 0.139 0.072 0.052 0.002 0 0.022 0.004 0.023 0.001 0.002 0.001 0 0.004 0.006 0.005 0 0.015 0.001 0.003 0.003 0.001 0.006 0.01 0.001 0.002 0.004 0.003 0.004 0 0 0.003 0.006 0.005
0.029 0.034 0.033 0.02 0.082 0.002 0.001 0.002 0.024 0 0.002 0.001 0.001 0 0.048 0.042 0.002 1 0.001 0.05 0.003 0.006 0.01 0.091 0.024 0.001 0.001 0.002 0.001 0.001 0.095 0.027 0.02 0 0.001 0.004 0.001 0.004 0.018 0.001 0.004 0.012 0.004 0.001 0.001 0.009 0.006 0.005 0 0.006 0.004 0.001 0.004 0.003 0 0.007 0.005 0 0.001 0.001 0.006 0.005 0.001 0 0 0.002 0.001 0.004 0.006 0.001 0.001 0.001 0.001 0 0.005 0 0.001 0.001
0.024 0.021 0.021 0.044 0.009 0.005 0.003 0.005 0.027 0.001 0.004 0.003 0.002 0.001 0.008 0.01 0.006 0.001 1 0.018 0.302 0.018 0.075 0.01 0.036 0.002 0.918 0.006 0.002 0.002 0.009 0.029 0.037 0.001 0.002 0.011 0.003 0.01 0.045 0.003 0.01 0.069 0.223 0.002 0.003 0.062 0.024 0.025 0.001 0.133 0.17 0.003 0.195 0.173 0.001 0.124 0.163 0.001 0.003 0 0.124 0.176 0.003 0.001 0.001 0.362 0.003 0.132 0.141 0.003 0 0.002 0.003 0 0.167 0.001 0.002 0
0.453 0.501 0.526 0.23 0.37 0.274 0.187 0.218 0.291 0.01 0.208 0.144 0.004 0.084 0.694 0.614 0.353 0.05 0.018 1 0.043 0.115 0.201 0.526 0.428 0.017 0.017 0.225 0.092 0.096 0.422 0.325 0.209 0.004 0.029 0.074 0.078 0.053 0.173 0.015 0.011 0.038 0.02 0.016 0.075 0.008 0.011 0.07 0.026 0 0.054 0.05 0.056 0.026 0.026 0 0.009 0.007 0.017 0.005 0.003 0.026 0.008 0.005 0.006 0.01 0.02 0.021 0.004 0.01 0.009 0 0.012 0.007 0.007 0.029 0 0.006
0.002 0.005 0.005 0.005 0.018 0.017 0.011 0.006 0.089 0.005 0.006 0.008 0.228 0.005 0.038 0.037 0.021 0.003 0.302 0.043 1 0.06 0.248 0.032 0.097 0.008 0.316 0.019 0.005 0.006 0.022 0.094 0.125 0.004 0.001 0.035 0.005 0.034 0.145 0.009 0.038 0.206 0.578 0 0.004 0.226 0.066 0.023 0.003 0.404 0.56 0.003 0.546 0.494 0.003 0.375 0.432 0 0.165 0.081 0.374 0.469 0.01 0.004 0 0.192 0.011 0.428 0.415 0.011 0.045 0.006 0.153 0.001 0.351 0.004 0.007 0.075
0.136 0.124 0.117 0.277 0.062 0.026 0.018 0.033 0.228 0 0.032 0.018 0.015 0.01 0.086 0.088 0.045 0.006 0.018 0.115 0.06 1 0.455 0.068 0.176 0.017 0.018 0.039 0.011 0.012 0.048 0.195 0.032 0.008 0.012 0.041 0.021 0.046 0.04 0.106 0.063 0.008 0.048 0.078 0.02 0.016 0.013 0.106 0.001 0.039 0.012 0.011 0.009 0.016 0 0.035 0.019 0.01 0.018 0.002 0.02 0.013 0.056 0.001 0.009 0 0.007 0.012 0.029 0.068 0 0.008 0.019 0.007 0.014 0 0.041 0
0.082 0.067 0.064 0.266 0.098 0.058 0.04 0.046 0.403 0.002 0.044 0.033 0.055 0.02 0.159 0.158 0.085 0.01 0.075 0.201 0.248 0.455 1 0.127 0.351 0.033 0.081 0.076 0.021 0.023 0.087 0.371 0.164 0.015 0.014 0.003 0.033 0.004 0.196 0.038 0.129 0.078 0.149 0.063 0.03 0.067 0.079 0.026 0.005 0.097 0.227 0.019 0.235 0.182 0.002 0.092 0.144 0.01 0.03 0.029 0.119 0.179 0.008 0.004 0.008 0.108 0.023 0.162 0.11 0.012 0.028 0.018 0.025 0.01 0.126 0.002 0.008 0.042
0.206 0.219 0.242 0.109 0.65 0.019 0.012 0.394 0.133 0.005 0.377 0.251 0.008 0.005 0.334 0.311 0.592 0.091 0.01 0.526 0.032 0.068 0.127 1 0.256 0.009 0.011 0.021 0.006 0.006 0.822 0.19 0.131 0.004 0.006 0.217 0.012 0.171 0.114 0.009 0.043 0.029 0.008 0.009 0 0.075 0.029 0.049 0.001 0.009 0.036 0.007 0.036 0.009 0 0.011 0.007 0.005 0.01 0.007 0.007 0.029 0.004 0.002 0.004 0.006 0.01 0.022 0.01 0.005 0.005 0.007 0.008 0.004 0.004 0 0.004 0.008
0.208 0.204 0.229 0.51 0.164 0.125 0.086 0.105 0.603 0.02 0.101 0.069 0.029 0.04 0.295 0.273 0.176 0.024 0.036 0.428 0.097 0.176 0.351 0.256 1 0.034 0.04 0.102 0.044 0.046 0.204 0.73 0.496 0.025 0.012 0.012 0.031 0.005 0.419 0.007 0.182 0.01 0.092 0.013 0.031 0.012 0.219 0.119 0.009 0.047 0.151 0.018 0.152 0.101 0.005 0.047 0.079 0.001 0.036 0.024 0.06 0.112 0.004 0.013 0.001 0.044 0.002 0.1 0.068 0.006 0.018 0.035 0.033 0.023 0.071 0.006 0 0.031
0.004 0.019 0.02 0.001 0.008 0.005 0.003 0.004 0.004 0.066 0.004 0.002 0.002 0.001 0.009 0.005 0.006 0.001 0.002 0.017 0.008 0.017 0.033 0.009 0.034 1 0.003 0.005 0.002 0.002 0.009 0.031 0.042 0 0.002 0.01 0.003 0.01 0.003 0.002 0.037 0.031 0.01 0.002 0.003 0.019 0.008 0.001 0 0.016 0.01 0.003 0.01 0.012 0.001 0.017 0.013 0.001 0.002 0.002 0.015 0.012 0.003 0.148 0.001 0.005 0.157 0.012 0.015 0.003 0.001 0 0.003 0.001 0.012 0.001 0.002 0.002
0.026 0.022 0.022 0.044 0.01 0.005 0.004 0.005 0.027 0.002 0.005 0.003 0.002 0.001 0.009 0.011 0.007 0.001 0.918 0.017 0.316 0.018 0.081 0.011 0.04 0.003 1 0.006 0.002 0.002 0.01 0.032 0.04 0.001 0.002 0.012 0.004 0.011 0.05 0.003 0.011 0.072 0.235 0.003 0.003 0.062 0.027 0.024 0.001 0.14 0.182 0.003 0.198 0.182 0.001 0.13 0.172 0.001 0.003 0 0.122 0.177 0.003 0.001 0.001 0.386 0.004 0.138 0.149 0.004 0 0.002 0.004 0 0.177 0.001 0.003 0
0.167 0.197 0.193 0.077 0.019 0.825 0.556 0.01 0.104 0.003 0.01 0.006 0.005 0.253 0.272 0.242 0.014 0.002 0.006 0.225 0.019 0.039 0.076 0.021 0.102 0.005 0.006 1 0.28 0.294 0.021 0.13 0.083 0.021 0.243 0.024 0.508 0.014 0.066 0.006 0.003 0.015 0.024 0.005 0.32 0.035 0.006 0.025 0.07 0.019 0.026 0.346 0.026 0.031 0.049 0.016 0.008 0.191 0.006 0.004 0.005 0.006 0.005 0.003 0.162 0.005 0.008 0.006 0.004 0.005 0.003 0.004 0.004 0.002 0.01 0.063 0.002 0.005
0.067 0.078 0.077 0.037 0.005 0.314 0.48 0.003 0.045 0.001 0.003 0.002 0.001 0.001 0.087 0.078 0.004 0.001 0.002 0.092 0.005 0.011 0.021 0.006 0.044 0.002 0.002 0.28 1 0.935 0.006 0.015 0.009 0.001 0.022 0.007 0.245 0.006 0.007 0.002 0.008 0.013 0.007 0.001 0.084 0.017 0.017 0.001 0.037 0.005 0.007 0.091 0.007 0.009 0.027 0.004 0.006 0.02 0.002 0.001 0 0.005 0.002 0.001 0.025 0.004 0.002 0.005 0 0.002 0.001 0.001 0 0.001 0.005 0.06 0.008 0.001
0.07 0.082 0.08 0.038 0.006 0.329 0.504 0.003 0.047 0.001 0.003 0.002 0.001 0.001 0.093 0.083 0.004 0.001 0.002 0.096 0.006 0.012 0.023 0.006 0.046 0.002 0.002 0.294 0.935 1 0.006 0.016 0.011 0.001 0.039 0.006 0.269 0.006 0.008 0.002 0.008 0.016 0.007 0.002 0.102 0.018 0.017 0.002 0.034 0.006 0.008 0.11 0.008 0.009 0.024 0.005 0.003 0.019 0.002 0.001 0 0.002 0.002 0.001 0.022 0.001 0.002 0.002 0 0.002 0.001 0.001 0 0.001 0.003 0.055 0.007 0.002
0.154 0.168 0.184 0.073 0.507 0.018 0.012 0.365 0.097 0.005 0.348 0.26 0.001 0.005 0.25 0.235 0.567 0.095 0.009 0.422 0.022 0.048 0.087 0.822 0.204 0.009 0.01 0.021 0.006 0.006 1 0.229 0.17 0.004 0.006 0.273 0.012 0.221 0.151 0.009 0.041 0.053 0.003 0.008 0 0.098 0.043 0.069 0.002 0.004 0.025 0.007 0.026 0.004 0.003 0.005 0.003 0.005 0.009 0.007 0.006 0.02 0.011 0.004 0.004 0.002 0.009 0.02 0.005 0.012 0.005 0.006 0.007 0.004 0.003 0.004 0.009 0.007
0.138 0.134 0.152 0.436 0.119 0.1 0.058 0.093 0.56 0.018 0.088 0.076 0.017 0.044 0.254 0.249 0.153 0.027 0.029 0.325 0.094 0.195 0.371 0.19 0.73 0.031 0.032 0.13 0.015 0.016 0.229 1 0.706 0.028 0.053 0.025 0.099 0.021 0.617 0.033 0.21 0 0.089 0.027 0.092 0.004 0.258 0.215 0.01 0.02 0.146 0.07 0.148 0.095 0.004 0.018 0.067 0.043 0.033 0.015 0.025 0.099 0.035 0.014 0.039 0.044 0.003 0.088 0.031 0.039 0.016 0.039 0.029 0.031 0.06 0.001 0.019 0.021
0.069 0.063 0.075 0.242 0.078 0.059 0.03 0.062 0.347 0.004 0.059 0.053 0.025 0.033 0.178 0.185 0.108 0.02 0.037 0.209 0.125 0.032 0.164 0.131 0.496 0.042 0.04 0.083 0.009 0.011 0.17 0.706 1 0.02 0.029 0.239 0.063 0.23 0.844 0.043 0.141 0.027 0.119 0.025 0.069 0.001 0.385 0.184 0.001 0.045 0.181 0.065 0.17 0.123 0 0.041 0.099 0.032 0.044 0.02 0.044 0.13 0.042 0.019 0.029 0.055 0 0.117 0.057 0.047 0.013 0.028 0.041 0.023 0.089 0.001 0.024 0.027
0.002 0.002 0.002 0.026 0.002 0.025 0.001 0.001 0.032 0.001 0.001 0 0.001 0.11 0.003 0.002 0.001 0 0.001 0.004 0.004 0.008 0.015 0.004 0.025 0 0.001 0.021 0.001 0.001 0.004 0.028 0.02 1 0.001 0.005 0.001 0.005 0.023 0.001 0.094 0.015 0.005 0.001 0.001 0.012 0.042 0.011 0 0.008 0.005 0.001 0.005 0.006 0 0.009 0.007 0.001 0.001 0.001 0.008 0.006 0.001 0.001 0.001 0.003 0.002 0.006 0.008 0.001 0.001 0.517 0.001 0 0.006 0.001 0.001 0.001
0.023 0.029 0.028 0.007 0.006 0.133 0.211 0.003 0.012 0.001 0.003 0.002 0.003 0.001 0.072 0.084 0.004 0.001 0.002 0.029 0.001 0.012 0.014 0.006 0.012 0.002 0.002 0.243 0.022 0.039 0.006 0.053 0.029 0.001 1 0.007 0.474 0.007 0.035 0.002 0.008 0.041 0.007 0.002 0.235 0.001 0.018 0.017 0.172 0.028 0.008 0.253 0.008 0.009 0.127 0.025 0 0.203 0.002 0.001 0.024 0 0.002 0.001 0.208 0 0.002 0 0.02 0.002 0.001 0.001 0.002 0.001 0 0.103 0 0.002
0.013 0.013 0.017 0 0.122 0.021 0.014 0.151 0 0.002 0.139 0.089 0.009 0.006 0.041 0.046 0.278 0.004 0.011 0.074 0.035 0.041 0.003 0.217 0.012 0.01 0.012 0.024 0.007 0.006 0.273 0.025 0.239 0.005 0.007 1 0.014 0.9 0.21 0.011 0.051 0.269 0.038 0.129 0 0.169 0.206 0.019 0.003 0.044 0.041 0.005 0.033 0.04 0.004 0.041 0.026 0.006 0.011 0.002 0.027 0.028 0.009 0.005 0.005 0.008 0.011 0.021 0.037 0.008 0.001 0.007 0.009 0.004 0.022 0.005 0.005 0.003
0.057 0.07 0.068 0.02 0.011 0.32 0.503 0.006 0.032 0.002 0.006 0.003 0 0.002 0.12 0.125 0.008 0.001 0.003 0.078 0.005 0.021 0.033 0.012 0.031 0.003 0.004 0.508 0.245 0.269 0.012 0.099 0.063 0.001 0.474 0.014 1 0.005 0.066 0.003 0.015 0.085 0.014 0.003 0.566 0.007 0.035 0.032 0.088 0.075 0.015 0.609 0.015 0.018 0.063 0.068 0.002 0.384 0.003 0.003 0.04 0.001 0.004 0.001 0.38 0.001 0.004 0.001 0.036 0.004 0.002 0.002 0.001 0.001 0.003 0.05 0.002 0.003
0.006 0.009 0.008 0.003 0.086 0.021 0.013 0.157 0 0.003 0.144 0.093 0.008 0.006 0.025 0.03 0.218 0.004 0.01 0.053 0.034 0.046 0.004 0.171 0.005 0.01 0.011 0.014 0.006 0.006 0.221 0.021 0.23 0.005 0.007 0.9 0.005 1 0.21 0.01 0.049 0.265 0.037 0.146 0.004 0.141 0.219 0.017 0.003 0.054 0.04 0.001 0.033 0.041 0.004 0.051 0.044 0 0.01 0.002 0.032 0.039 0.009 0.005 0 0.019 0.011 0.039 0.042 0.01 0.001 0.007 0.013 0.004 0.039 0.005 0.007 0.003
0.062 0.044 0.053 0.284 0.063 0.045 0.021 0.056 0.403 0.001 0.053 0.051 0.029 0.029 0.156 0.161 0.097 0.018 0.045 0.173 0.145 0.04 0.196 0.114 0.419 0.003 0.05 0.066 0.007 0.008 0.151 0.617 0.844 0.023 0.035 0.21 0.066 0.21 1 0.049 0.237 0.016 0.14 0.024 0.061 0.001 0.476 0.233 0.006 0.063 0.212 0.057 0.2 0.147 0.001 0.058 0.121 0.028 0.049 0.023 0.058 0.158 0.048 0.01 0.025 0.068 0.043 0.144 0.076 0.053 0.016 0.029 0.048 0.021 0.109 0 0.028 0.033
0.023 0.02 0.021 0.043 0.009 0.005 0.003 0.005 0.035 0.003 0.004 0.002 0.002 0.001 0.018 0.02 0.006 0.001 0.003 0.015 0.009 0.106 0.038 0.009 0.007 0.002 0.003 0.006 0.002 0.002 0.009 0.033 0.043 0.001 0.002 0.011 0.003 0.01 0.049 1 0.007 0.019 0.003 0.002 0.003 0.013 0.02 0.041 0.001 0.006 0.002 0.003 0.002 0.003 0.001 0.007 0.006 0.001 0.003 0.002 0.005 0.003 0.333 0.001 0.001 0 0 0.003 0.008 0.394 0.002 0.002 0.003 0.001 0.003 0.001 0.093 0.002
0.005 0.021 0.018 0.237 0.028 0.006 0.016 0.014 0.292 0.007 0.014 0.008 0.01 0.105 0.012 0.01 0.016 0.004 0.01 0.011 0.038 0.063 0.129 0.043 0.182 0.037 0.011 0.003 0.008 0.008 0.041 0.21 0.141 0.094 0.008 0.051 0.015 0.049 0.237 0.007 1 0.164 0.048 0.009 0.014 0.104 0.416 0.083 0 0.082 0.055 0.013 0.055 0.062 0.001 0.087 0.066 0.007 0.012 0.009 0.076 0.063 0.012 0.005 0.006 0.029 0.215 0.063 0.077 0.013 0.007 0.127 0.015 0.083 0.06 0.002 0.005 0.011
0.052 0.064 0.069 0.001 0.025 0.006 0.037 0.037 0.01 0.002 0.033 0.016 0.06 0.019 0.031 0.037 0.066 0.012 0.069 0.038 0.206 0.008 0.078 0.029 0.01 0.031 0.072 0.015 0.013 0.016 0.053 0 0.027 0.015 0.041 0.269 0.085 0.265 0.016 0.019 0.164 1 0.241 0.037 0.087 0.423 0 0.09 0.003 0.302 0.219 0.059 0.207 0.164 0.001 0.269 0.206 0.041 0.074 0.029 0.238 0.229 0.032 0.01 0.036 0.082 0.032 0.224 0.248 0.036 0.016 0.024 0.087 0.014 0.173 0 0.023 0.019
0.003 0.005 0.005 0.008 0 0.021 0.014 0.001 0.048 0.006 0.001 0.001 0.125 0.006 0.021 0.02 0.001 0.004 0.223 0.02 0.578 0.048 0.149 0.008 0.092 0.01 0.235 0.024 0.007 0.007 0.003 0.089 0.119 0.005 0.007 0.038 0.014 0.037 0.14 0.003 0.048 0.241 1 0.01 0.013 0.288 0.117 0.037 0.003 0.598 0.725 0.008 0.721 0.773 0.004 0.557 0.653 0.006 0.193 0.104 0.505 0.648 0.013 0.005 0.005 0.223 0.015 0.569 0.587 0.014 0.071 0.007 0.203 0.004 0.619 0.005 0.01 0.094
0.003 0.005 0.005 0.017 0.008 0.005 0.003 0.004 0.03 0.038 0.004 0.002 0.002 0.001 0.01 0.004 0.006 0.001 0.002 0.016 0 0.078 0.063 0.009 0.013 0.002 0.003 0.005 0.001 0.002 0.008 0.027 0.025 0.001 0.002 0.129 0.003 0.146 0.024 0.002 0.009 0.037 0.01 1 0.003 0.003 0.021 0.053 0.001 0.017 0.011 0.003 0.011 0.013 0.001 0.018 0.014 0.001 0.002 0.002 0.006 0.012 0.001 0.001 0.001 0.006 0.003 0.012 0.016 0.001 0.001 0.002 0.003 0.001 0.012 0.001 0 0.002
0.056 0.05 0.067 0.022 0 0.185 0.298 0.005 0.031 0.002 0.005 0.003 0 0.002 0.108 0.113 0.001 0.001 0.003 0.075 0.004 0.02 0.03 0 0.031 0.003 0.003 0.32 0.084 0.102 0 0.092 0.069 0.001 0.235 0 0.566 0.004 0.061 0.003 0.014 0.087 0.013 0.003 1 0 0.032 0.03 0.001 0.166 0.014 0.768 0.014 0.015 0.001 0.155 0.005 0.473 0.003 0.002 0.099 0.002 0.004 0.001 0.408 0.003 0.004 0.007 0.083 0.004 0.002 0.002 0 0.001 0.003 0.001 0.003 0.003
0.016 0.02 0.023 0.005 0.05 0.046 0.028 0.106 0.023 0.007 0.101 0.066 0.06 0.015 0.004 0.004 0.139 0.009 0.062 0.008 0.226 0.016 0.067 0.075 0.012 0.019 0.062 0.035 0.017 0.018 0.098 0.004 0.001 0.012 0.001 0.169 0.007 0.141 0.001 0.013 0.104 0.423 0.288 0.003 0 1 0.003 0.057 0.008 0.223 0.223 0.004 0.22 0.241 0.011 0.205 0.233 0 0.041 0.042 0.235 0.229 0.021 0.004 0 0.09 0.037 0.201 0.223 0.024 0.019 0.019 0.051 0 0.233 0.013 0.025 0.033
0.001 0 0 0.177 0.011 0.003 0.035 0.046 0.217 0.015 0.042 0.027 0.022 0.036 0.001 0.003 0.072 0.006 0.024 0.011 0.066 0.013 0.079 0.029 0.219 0.008 0.027 0.006 0.017 0.017 0.043 0.258 0.385 0.042 0.018 0.206 0.035 0.219 0.476 0.02 0.416 0 0.117 0.021 0.032 0.003 1 0.123 0.003 0.194 0.125 0.03 0.126 0.148 0.006 0.206 0.157 0.016 0.027 0.021 0.179 0.145 0.025 0.012 0.014 0.065 0.125 0.143 0.182 0.028 0.016 0.055 0.035 0.037 0.144 0.008 0.014 0.025
0.066 0.051 0.054 0.152 0.045 0.014 0.005 0.044 0.184 0.027 0.043 0.025 0.005 0.014 0.053 0.049 0.052 0.005 0.025 0.07 0.023 0.106 0.026 0.049 0.119 0.001 0.024 0.025 0.001 0.002 0.069 0.215 0.184 0.011 0.017 0.019 0.032 0.017 0.233 0.041 0.083 0.09 0.037 0.053 0.03 0.057 0.123 1 0.007 0.094 0.043 0.028 0.044 0.058 0.001 0.086 0.057 0.014 0.002 0 0.063 0.047 0.071 0.016 0.013 0.034 0.026 0.046 0.074 0.081 0.005 0.002 0.004 0.01 0.057 0 0.062 0.007
0.014 0.018 0.017 0.007 0.002 0.08 0.086 0.001 0.013 0 0.001 0.001 0.001 0.004 0.024 0.021 0.002 0 0.001 0.026 0.003 0.001 0.005 0.001 0.009 0 0.001 0.07 0.037 0.034 0.002 0.01 0.001 0 0.172 0.003 0.088 0.003 0.006 0.001 0 0.003 0.003 0.001 0.001 0.008 0.003 0.007 1 0.005 0.003 0.001 0.003 0.004 0.72 0.006 0.004 0 0.001 0.001 0.005 0.004 0.001 0 0 0.002 0 0.004 0.005 0.001 0 0 0.001 0 0.004 0.585 0.005 0.001
0.023 0.029 0.034 0.001 0 0.006 0.028 0 0.019 0.01 0 0 0.106 0.01 0.001 0.001 0 0.006 0.133 0 0.404 0.039 0.097 0.009 0.047 0.016 0.14 0.019 0.005 0.006 0.004 0.02 0.045 0.008 0.028 0.044 0.075 0.054 0.063 0.006 0.082 0.302 0.598 0.017 0.166 0.223 0.194 0.094 0.005 1 0.645 0.132 0.623 0.688 0.007 0.93 0.737 0.079 0.141 0.058 0.811 0.673 0.021 0.008 0.068 0.326 0.024 0.664 0.86 0.023 0.039 0.012 0.179 0.007 0.679 0.008 0.017 0.081
0 0 0 0.026 0.009 0.023 0.015 0.01 0.091 0.007 0.01 0.011 0.135 0.006 0.049 0.048 0.022 0.004 0.17 0.054 0.56 0.012 0.227 0.036 0.151 0.01 0.182 0.026 0.007 0.008 0.025 0.146 0.181 0.005 0.008 0.041 0.015 0.04 0.212 0.002 0.055 0.219 0.725 0.011 0.014 0.223 0.125 0.043 0.003 0.645 1 0.013 0.922 0.832 0.005 0.6 0.735 0.007 0.219 0.096 0.562 0.809 0.014 0.005 0.005 0.358 0.016 0.763 0.635 0.015 0.065 0.008 0.239 0.005 0.665 0.005 0.011 0.132
0.037 0.046 0.044 0.012 0.006 0.202 0.322 0.002 0.018 0.002 0.002 0 0 0.002 0.079 0.085 0.004 0.001 0.003 0.05 0.003 0.011 0.019 0.007 0.018 0.003 0.003 0.346 0.091 0.11 0.007 0.07 0.065 0.001 0.253 0.005 0.609 0.001 0.057 0.003 0.013 0.059 0.008 0.003 0.768 0.004 0.03 0.028 0.001 0.132 0.013 1 0.006 0.005 0.001 0.144 0.002 0.506 0.003 0.001 0.088 0.001 0.003 0.001 0.438 0 0.004 0.001 0.082 0.004 0.002 0.002 0.001 0.001 0 0.001 0.003 0
0.001 0 0 0.028 0.009 0.023 0.015 0.01 0.095 0.007 0.01 0.011 0.11 0.006 0.055 0.053 0.023 0.004 0.195 0.056 0.546 0.009 0.235 0.036 0.152 0.01 0.198 0.026 0.007 0.008 0.026 0.148 0.17 0.005 0.008 0.033 0.015 0.033 0.2 0.002 0.055 0.207 0.721 0.011 0.014 0.22 0.126 0.044 0.003 0.623 0.922 0.006 1 0.839 0.005 0.605 0.742 0.007 0.217 0.122 0.584 0.827 0.014 0.005 0.006 0.347 0.016 0.771 0.641 0.015 0.091 0.008 0.237 0.005 0.672 0.006 0.011 0.16
0.001 0.003 0.002 0.016 0 0.027 0.018 0.001 0.064 0.008 0.001 0.002 0.107 0.008 0.024 0.025 0.001 0.003 0.173 0.026 0.494 0.016 0.182 0.009 0.101 0.012 0.182 0.031 0.009 0.009 0.004 0.095 0.123 0.006 0.009 0.04 0.018 0.041 0.147 0.003 0.062 0.164 0.773 0.013 0.015 0.241 0.148 0.058 0.004 0.688 0.832 0.005 0.839 1 0.005 0.707 0.797 0.008 0.184 0.107 0.638 0.743 0.016 0.006 0.007 0.333 0.019 0.702 0.711 0.017 0.076 0.01 0.199 0.006 0.74 0.007 0.013 0.134
0.014 0.017 0.017 0.005 0 0.056 0.062 0.002 0.01 0.001 0.002 0.001 0.001 0.003 0.024 0.021 0.002 0 0.001 0.026 0.003 0 0.002 0 0.005 0.001 0.001 0.049 0.027 0.024 0.003 0.004 0 0 0.127 0.004 0.063 0.004 0.001 0.001 0.001 0.001 0.004 0.001 0.001 0.011 0.006 0.001 0.72 0.007 0.005 0.001 0.005 0.005 1 0.008 0.006 0.001 0.001 0.001 0.007 0.005 0.001 0 0 0.002 0.001 0.005 0.007 0.001 0.001 0 0.001 0 0.005 0.661 0.04 0.001
0.018 0.023 0.027 0.002 0 0.005 0.026 0 0.021 0.011 0 0 0.107 0.01 0 0 0.001 0.007 0.124 0 0.375 0.035 0.092 0.011 0.047 0.017 0.13 0.016 0.004 0.005 0.005 0.018 0.041 0.009 0.025 0.041 0.068 0.051 0.058 0.007 0.087 0.269 0.557 0.018 0.155 0.205 0.206 0.086 0.006 0.93 0.6 0.144 0.605 0.707 0.008 1 0.758 0.073 0.131 0.102 0.827 0.693 0.023 0.009 0.064 0.309 0.026 0.685 0.875 0.025 0.063 0.013 0.166 0.008 0.697 0.009 0.019 0.119
0.004 0.005 0.008 0.007 0 0.005 0 0 0.034 0.008 0 0 0.105 0.008 0.007 0.008 0 0.005 0.163 0.009 0.432 0.019 0.144 0.007 0.079 0.013 0.172 0.008 0.006 0.003 0.003 0.067 0.099 0.007 0 0.026 0.002 0.044 0.121 0.006 0.066 0.206 0.653 0.014 0.005 0.233 0.157 0.057 0.004 0.737 0.735 0.002 0.742 0.797 0.006 0.758 1 0.008 0.137 0.125 0.71 0.856 0.017 0.007 0.007 0.368 0.02 0.845 0.773 0.019 0.085 0.01 0.182 0.006 0.865 0.007 0.014 0.158
0.006 0.008 0.008 0 0.005 0.051 0.086 0.003 0.002 0.001 0.003 0.001 0.004 0.001 0.029 0.039 0.004 0 0.001 0.007 0 0.01 0.01 0.005 0.001 0.001 0.001 0.191 0.02 0.019 0.005 0.043 0.032 0.001 0.203 0.006 0.384 0 0.028 0.001 0.007 0.041 0.006 0.001 0.473 0 0.016 0.014 0 0.079 0.007 0.506 0.007 0.008 0.001 0.073 0.008 1 0.001 0.001 0.085 0.008 0.002 0.001 0.846 0.003 0.002 0.007 0.082 0.002 0.001 0.001 0.002 0.001 0.008 0.001 0.001 0.001
0.07 0.083 0.081 0.033 0 0.005 0.003 0.005 0.016 0.001 0.004 0.003 0 0.001 0.013 0.003 0.006 0.001 0.003 0.017 0.165 0.018 0.03 0.01 0.036 0.002 0.003 0.006 0.002 0.002 0.009 0.033 0.044 0.001 0.002 0.011 0.003 0.01 0.049 0.003 0.012 0.074 0.193 0.002 0.003 0.041 0.027 0.002 0.001 0.141 0.219 0.003 0.217 0.184 0.001 0.131 0.137 0.001 1 0.001 0.101 0.155 0.003 0.001 0.001 0.003 0.003 0.191 0.149 0.003 0 0.002 0.584 0.001 0.091 0.001 0.002 0.001
0.006 0.004 0.004 0.009 0 0.003 0.001 0.001 0.006 0.001 0.001 0.002 0.219 0.001 0.012 0.014 0.005 0.001 0 0.005 0.081 0.002 0.029 0.007 0.024 0.002 0 0.004 0.001 0.001 0.007 0.015 0.02 0.001 0.001 0.002 0.003 0.002 0.023 0.002 0.009 0.029 0.104 0.002 0.002 0.042 0.021 0 0.001 0.058 0.096 0.001 0.122 0.107 0.001 0.102 0.125 0.001 0.001 1 0.109 0.136 0.002 0.001 0.001 0.005 0.003 0.136 0.093 0.003 0.359 0.001 0.002 0.001 0.116 0.001 0.002 0.585
0.008 0.01 0.014 0.006 0.002 0 0.006 0 0.035 0.01 0 0 0.088 0.009 0 0 0 0.006 0.124 0.003 0.374 0.02 0.119 0.007 0.06 0.015 0.122 0.005 0 0 0.006 0.025 0.044 0.008 0.024 0.027 0.04 0.032 0.058 0.005 0.076 0.238 0.505 0.006 0.099 0.235 0.179 0.063 0.005 0.811 0.562 0.088 0.584 0.638 0.007 0.827 0.71 0.085 0.101 0.109 1 0.657 0.02 0.007 0.074 0.295 0.023 0.688 0.867 0.022 0.074 0.012 0.139 0.007 0.687 0.008 0.016 0.138
0 0 0.001 0.017 0.006 0.004 0 0.013 0.058 0.008 0.012 0.013 0.116 0.007 0.023 0.023 0.015 0.005 0.176 0.026 0.469 0.013 0.179 0.029 0.112 0.012 0.177 0.006 0.005 0.002 0.02 0.099 0.13 0.006 0 0.028 0.001 0.039 0.158 0.003 0.063 0.229 0.648 0.012 0.002 0.229 0.145 0.047 0.004 0.673 0.809 0.001 0.827 0.743 0.005 0.693 0.856 0.008 0.155 0.136 0.657 1 0.016 0.006 0.006 0.402 0.018 0.895 0.7 0.017 0.093 0.009 0.204 0.005 0.801 0.006 0.013 0.172
0.009 0.006 0.007 0.025 0.003 0.004 0.004 0 0.027 0.002 0 0.003 0.002 0 0.004 0.006 0.001 0.001 0.003 0.008 0.01 0.056 0.008 0.004 0.004 0.003 0.003 0.005 0.002 0.002 0.011 0.035 0.042 0.001 0.002 0.009 0.004 0.009 0.048 0.333 0.012 0.032 0.013 0.001 0.004 0.021 0.025 0.071 0.001 0.021 0.014 0.003 0.014 0.016 0.001 0.023 0.017 0.002 0.003 0.002 0.02 0.016 1 0.001 0.001 0.007 0.004 0.016 0.02 0.915 0.002 0.002 0.004 0.001 0.016 0.001 0.257 0.003
0.004 0.004 0.003 0.01 0.002 0.002 0.001 0.002 0.012 0.231 0.002 0.001 0.001 0.001 0 0 0.003 0 0.001 0.005 0.004 0.001 0.004 0.002 0.013 0.148 0.001 0.003 0.001 0.001 0.004 0.014 0.019 0.001 0.001 0.005 0.001 0.005 0.01 0.001 0.005 0.01 0.005 0.001 0.001 0.004 0.012 0.016 0 0.008 0.005 0.001 0.005 0.006 0 0.009 0.007 0.001 0.001 0.001 0.007 0.006 0.001 1 0.001 0.003 0.002 0.006 0.008 0.001 0.001 0.001 0.001 0 0.006 0.001 0.001 0.001
0.004 0.006 0.006 0 0.004 0.039 0.066 0.002 0.001 0.001 0.002 0.001 0.005 0.001 0.027 0.038 0.003 0 0.001 0.006 0 0.009 0.008 0.004 0.001 0.001 0.001 0.162 0.025 0.022 0.004 0.039 0.029 0.001 0.208 0.005 0.38 0 0.025 0.001 0.006 0.036 0.005 0.001 0.408 0 0.014 0.013 0 0.068 0.005 0.438 0.006 0.007 0 0.064 0.007 0.846 0.001 0.001 0.074 0.006 0.001 0.001 1 0.003 0.002 0.006 0.071 0.002 0.001 0.001 0.001 0.001 0.006 0.001 0.001 0.001
0.011 0.01 0.008 0.036 0.008 0.004 0.001 0.011 0.037 0.003 0.011 0.006 0.001 0.003 0.007 0.01 0.001 0.002 0.362 0.01 0.192 0 0.108 0.006 0.044 0.005 0.386 0.005 0.004 0.001 0.002 0.044 0.055 0.003 0 0.008 0.001 0.019 0.068 0 0.029 0.082 0.223 0.006 0.003 0.09 0.065 0.034 0.002 0.326 0.358 0 0.347 0.333 0.002 0.309 0.368 0.003 0.003 0.005 0.295 0.402 0.007 0.003 0.003 1 0.008 0.355 0.338 0.008 0.004 0.004 0.001 0.002 0.354 0.003 0.006 0.001
0.002 0.024 0.024 0.042 0.009 0.007 0.004 0.004 0.054 0.002 0.003 0.003 0.003 0.002 0.021 0.023 0.006 0.001 0.003 0.02 0.011 0.007 0.023 0.01 0.002 0.157 0.004 0.008 0.002 0.002 0.009 0.003 0 0.002 0.002 0.011 0.004 0.011 0.043 0 0.215 0.032 0.015 0.003 0.004 0.037 0.125 0.026 0 0.024 0.016 0.004 0.016 0.019 0.001 0.026 0.02 0.002 0.003 0.003 0.023 0.018 0.004 0.002 0.002 0.008 1 0.018 0.023 0.004 0.002 0.002 0.004 0.001 0.018 0.002 0.001 0.003
0.003 0.003 0.005 0.008 0.003 0.003 0 0.013 0.047 0.008 0.012 0.013 0.087 0.007 0.017 0.018 0.01 0.004 0.132 0.021 0.428 0.012 0.162 0.022 0.1 0.012 0.138 0.006 0.005 0.002 0.02 0.088 0.117 0.006 0 0.021 0.001 0.039 0.144 0.003 0.063 0.224 0.569 0.012 0.007 0.201 0.143 0.046 0.004 0.664 0.763 0.001 0.771 0.702 0.005 0.685 0.845 0.007 0.191 0.136 0.688 0.895 0.016 0.006 0.006 0.355 0.018 1 0.691 0.017 0.094 0.009 0.242 0.005 0.789 0.006 0.013 0.172
0.009 0.016 0.018 0.003 0 0 0.005 0 0.028 0.01 0 0 0.098 0.009 0.001 0 0.001 0.006 0.141 0.004 0.415 0.029 0.11 0.01 0.068 0.015 0.149 0.004 0 0 0.005 0.031 0.057 0.008 0.02 0.037 0.036 0.042 0.076 0.008 0.077 0.248 0.587 0.016 0.083 0.223 0.182 0.074 0.005 0.86 0.635 0.082 0.641 0.711 0.007 0.875 0.773 0.082 0.149 0.093 0.867 0.7 0.02 0.008 0.071 0.338 0.023 0.691 1 0.022 0.073 0.012 0.19 0.007 0.705 0.008 0.016 0.121
0.011 0.008 0.008 0.029 0.004 0.005 0.004 0.001 0.031 0.002 0 0.003 0.003 0 0.005 0.007 0.002 0.001 0.003 0.01 0.011 0.068 0.012 0.005 0.006 0.003 0.004 0.005 0.002 0.002 0.012 0.039 0.047 0.001 0.002 0.008 0.004 0.01 0.053 0.394 0.013 0.036 0.014 0.001 0.004 0.024 0.028 0.081 0.001 0.023 0.015 0.004 0.015 0.017 0.001 0.025 0.019 0.002 0.003 0.003 0.022 0.017 0.915 0.001 0.002 0.008 0.004 0.017 0.022 1 0.002 0.002 0.004 0.001 0.017 0.002 0.252 0.003
0 0 0 0.003 0 0.002 0.001 0.002 0.005 0.001 0.002 0.001 0.029 0.001 0.008 0.009 0.004 0.001 0 0.009 0.045 0 0.028 0.005 0.018 0.001 0 0.003 0.001 0.001 0.005 0.016 0.013 0.001 0.001 0.001 0.002 0.001 0.016 0.002 0.007 0.016 0.071 0.001 0.002 0.019 0.016 0.005 0 0.039 0.065 0.002 0.091 0.076 0.001 0.063 0.085 0.001 0 0.359 0.074 0.093 0.002 0.001 0.001 0.004 0.002 0.094 0.073 0.002 1 0.001 0.002 0.001 0.075 0.001 0.001 0.478
0 0.001 0.001 0.034 0.004 0.005 0.002 0.002 0.041 0.001 0.002 0 0.001 0.04 0 0 0.003 0.001 0.002 0 0.006 0.008 0.018 0.007 0.035 0 0.002 0.004 0.001 0.001 0.006 0.039 0.028 0.517 0.001 0.007 0.002 0.007 0.029 0.002 0.127 0.024 0.007 0.002 0.002 0.019 0.055 0.002 0 0.012 0.008 0.002 0.008 0.01 0 0.013 0.01 0.001 0.002 0.001 0.012 0.009 0.002 0.001 0.001 0.004 0.002 0.009 0.012 0.002 0.001 1 0.002 0.001 0.009 0.001 0.002 0.002
0.052 0.055 0.062 0.02 0.001 0.003 0.001 0.006 0.01 0.002 0.006 0.003 0.012 0.002 0.005 0.002 0.004 0.001 0.003 0.012 0.153 0.019 0.025 0.008 0.033 0.003 0.004 0.004 0 0 0.007 0.029 0.041 0.001 0.002 0.009 0.001 0.013 0.048 0.003 0.015 0.087 0.203 0.003 0 0.051 0.035 0.004 0.001 0.179 0.239 0.001 0.237 0.199 0.001 0.166 0.182 0.002 0.584 0.002 0.139 0.204 0.004 0.001 0.001 0.001 0.004 0.242 0.19 0.004 0.002 0.002 1 0.001 0.139 0.002 0.003 0.002
0.004 0.005 0.005 0.019 0.001 0.002 0.001 0 0.023 0.001 0 0.001 0.001 0.001 0.004 0 0 0 0 0.007 0.001 0.007 0.01 0.004 0.023 0.001 0 0.002 0.001 0.001 0.004 0.031 0.023 0 0.001 0.004 0.001 0.004 0.021 0.001 0.083 0.014 0.004 0.001 0.001 0 0.037 0.01 0 0.007 0.005 0.001 0.005 0.006 0 0.008 0.006 0.001 0.001 0.001 0.007 0.005 0.001 0 0.001 0.002 0.001 0.005 0.007 0.001 0.001 0.001 0.001 1 0.005 0 0.001 0.001
0.002 0.002 0.004 0.01 0.001 0.006 0.001 0 0.028 0.008 0 0 0.076 0.007 0.005 0.006 0 0.005 0.167 0.007 0.351 0.014 0.126 0.004 0.071 0.012 0.177 0.01 0.005 0.003 0.003 0.06 0.089 0.006 0 0.022 0.003 0.039 0.109 0.003 0.06 0.173 0.619 0.012 0.003 0.233 0.144 0.057 0.004 0.679 0.665 0 0.672 0.74 0.005 0.697 0.865 0.008 0.091 0.116 0.687 0.801 0.016 0.006 0.006 0.354 0.018 0.789 0.705 0.017 0.075 0.009 0.139 0.005 1 0.006 0.013 0.157
0.016 0.02 0.02 0.006 0 0.071 0.085 0.002 0.01 0.001 0.002 0.001 0.001 0.002 0.027 0.023 0.003 0 0.001 0.029 0.004 0 0.002 0 0.006 0.001 0.001 0.063 0.06 0.055 0.004 0.001 0.001 0.001 0.103 0.005 0.05 0.005 0 0.001 0.002 0 0.005 0.001 0.001 0.013 0.008 0 0.585 0.008 0.005 0.001 0.006 0.007 0.661 0.009 0.007 0.001 0.001 0.001 0.008 0.006 0.001 0.001 0.001 0.003 0.002 0.006 0.008 0.002 0.001 0.001 0.002 0 0.006 1 0.028 0.001
0.003 0.002 0.002 0.012 0.004 0.002 0.003 0.004 0.006 0.001 0.004 0.002 0.002 0 0 0 0.006 0.001 0.002 0 0.007 0.041 0.008 0.004 0 0.002 0.003 0.002 0.008 0.007 0.009 0.019 0.024 0.001 0 0.005 0.002 0.007 0.028 0.093 0.005 0.023 0.01 0 0.003 0.025 0.014 0.062 0.005 0.017 0.011 0.003 0.011 0.013 0.04 0.019 0.014 0.001 0.002 0.002 0.016 0.013 0.257 0.001 0.001 0.006 0.001 0.013 0.016 0.252 0.001 0.002 0.003 0.001 0.013 0.028 1 0.002
0.003 0.002 0.002 0.009 0 0.003 0.002 0 0.01 0.001 0 0.002 0.122 0.001 0.014 0.016 0.005 0.001 0 0.006 0.075 0 0.042 0.008 0.031 0.002 0 0.005 0.001 0.002 0.007 0.021 0.027 0.001 0.002 0.003 0.003 0.003 0.033 0.002 0.011 0.019 0.094 0.002 0.003 0.033 0.025 0.007 0.001 0.081 0.132 0 0.16 0.134 0.001 0.119 0.158 0.001 0.001 0.585 0.138 0.172 0.003 0.001 0.001 0.001 0.003 0.172 0.121 0.003 0.478 0.002 0.002 0.001 0.157 0.001 0.002 1
