1 0.814 0.824 0.423 0.328 0.195 0.115 0.222 0.279 0.009 0.206 0.125 0.022 0.07 0.528 0.532 0.222 0.058 0.023 0.53 0.002 0.12 0.105 0.311 0.29 0.009 0.026 0.173 0.048 0.05 0.246 0.242 0.112 0.001 0.029 0.021 0.071 0.011 0.098 0.012 0.001 0.031 0.001 0.009 0.072 0.025 0.008 0.047 0.008 0.005 0.008 0.045 0.006 0.001 0.02 0.008 0.001 0.018 0.025 0.006 0.01 0 0.002 0.009 0.015 0.018 0.009 0 0.003 0.002 0.003 0.001 0.017 0 0 0.02 0.001 0.002
0.814 1 0.942 0.364 0.352 0.24 0.142 0.272 0.22 0.007 0.252 0.154 0.018 0.086 0.609 0.588 0.223 0.072 0.019 0.601 0 0.104 0.078 0.338 0.277 0.034 0.021 0.213 0.06 0.062 0.267 0.227 0.113 0 0.036 0.024 0.088 0.023 0.066 0.009 0.018 0.047 0 0.008 0.048 0.036 0.001 0.029 0.012 0.006 0.004 0.056 0.002 0 0.028 0.01 0.001 0.024 0.033 0.004 0.012 0 0.001 0.007 0.02 0.021 0.038 0 0.006 0.001 0.001 0.001 0.015 0.005 0 0.027 0.002 0.001
0.824 0.942 1 0.389 0.399 0.235 0.139 0.267 0.241 0.007 0.247 0.151 0.018 0.084 0.651 0.629 0.269 0.07 0.019 0.644 0 0.104 0.08 0.381 0.306 0.034 0.021 0.208 0.059 0.061 0.306 0.253 0.131 0 0.035 0.036 0.087 0.022 0.079 0.01 0.018 0.058 0 0.008 0.088 0.046 0 0.031 0.012 0.012 0.004 0.055 0.003 0 0.027 0.017 0.005 0.023 0.032 0.004 0.019 0 0.001 0.007 0.02 0.014 0.039 0.003 0.009 0.001 0.002 0.001 0.024 0.006 0.002 0.027 0.002 0.001
0.423 0.364 0.389 1 0.159 0.085 0.046 0.109 0.808 0.018 0.101 0.061 0.045 0.034 0.255 0.262 0.112 0.029 0.048 0.247 0.026 0.283 0.319 0.163 0.55 0.016 0.04 0.073 0.023 0.024 0.116 0.496 0.242 0.032 0.009 0.001 0.028 0.003 0.367 0.019 0.298 0.008 0.024 0.031 0.034 0.007 0.199 0.162 0.003 0.01 0.049 0.019 0.052 0.028 0.008 0.007 0.014 0.007 0.007 0.012 0.006 0.03 0.01 0.019 0.01 0.033 0.076 0.016 0.01 0.011 0.01 0.028 0.002 0.012 0.019 0.006 0 0.011
0.328 0.352 0.399 0.159 1 0.015 0.009 0.444 0.217 0.004 0.421 0.225 0.009 0.006 0.49 0.453 0.489 0.148 0.009 0.484 0.029 0.06 0.11 0.789 0.232 0.016 0.012 0.013 0.004 0.004 0.595 0.19 0.122 0 0.003 0.12 0.006 0.082 0.085 0.005 0.037 0.019 0.003 0.009 0.002 0.057 0.006 0.032 0.001 0.006 0.027 0.005 0.025 0.005 0.005 0.003 0.003 0.003 0.006 0.006 0.002 0.015 0.006 0.004 0.003 0.007 0.018 0.006 0.005 0.006 0.006 0 0 0.003 0.001 0.003 0 0.006
0.195 0.24 0.235 0.085 0.015 1 0.591 0.008 0.107 0.002 0.008 0.005 0.004 0.36 0.242 0.235 0.01 0.002 0.005 0.224 0.015 0.016 0.037 0.016 0.107 0.008 0.003 0.871 0.255 0.265 0.016 0.09 0.045 0.004 0.138 0.02 0.361 0.019 0.028 0.002 0.012 0.002 0.012 0.004 0.189 0.016 0.001 0.01 0.063 0.008 0.012 0.239 0.011 0.014 0.043 0.012 0 0.099 0.003 0.001 0.007 0 0.001 0.002 0.093 0.004 0.009 0 0.003 0.001 0 0 0.001 0.001 0.003 0.051 0.011 0
0.115 0.142 0.139 0.046 0.009 0.591 1 0.005 0.064 0.001 0.005 0.003 0.003 0.002 0.144 0.14 0.006 0.001 0.003 0.124 0.009 0.006 0.017 0.01 0.051 0.005 0.002 0.454 0.433 0.449 0.009 0.037 0.012 0.002 0.236 0.012 0.615 0.011 0.006 0.001 0.015 0.026 0.005 0.003 0.331 0.004 0.034 0.001 0.025 0.034 0.006 0.41 0.005 0.007 0.017 0.045 0.004 0.172 0.002 0.003 0.033 0.006 0.002 0.001 0.162 0.001 0.006 0.004 0.02 0.002 0.002 0.002 0 0.001 0 0.026 0.001 0.002
0.222 0.272 0.267 0.109 0.444 0.008 0.005 1 0.121 0.002 0.927 0.566 0.005 0.003 0.274 0.266 0.786 0.003 0.005 0.284 0.016 0.034 0.061 0.457 0.164 0.009 0.007 0.007 0.002 0.002 0.447 0.16 0.108 0.001 0.001 0.207 0.004 0.207 0.083 0.003 0.018 0.064 0 0.005 0.004 0.145 0.066 0.031 0.003 0.007 0.019 0.003 0.018 0 0.003 0.002 0.002 0.002 0.003 0.003 0.001 0.022 0.003 0.002 0.002 0.01 0.01 0.023 0.002 0.004 0.003 0 0.004 0.001 0.001 0.004 0.005 0.003
0.279 0.22 0.241 0.808 0.217 0.107 0.064 0.121 1 0.016 0.112 0.069 0.039 0.038 0.344 0.338 0.126 0.032 0.041 0.321 0.116 0.251 0.448 0.208 0.643 0.021 0.033 0.094 0.026 0.027 0.137 0.585 0.309 0.036 0.015 0 0.038 0 0.458 0.017 0.336 0.023 0.068 0.041 0.038 0.02 0.231 0.203 0.006 0.042 0.119 0.022 0.126 0.081 0.013 0.033 0.049 0.009 0.026 0.009 0.035 0.076 0.014 0.019 0.016 0.032 0.088 0.056 0.041 0.016 0.014 0.032 0.014 0.014 0.05 0.011 0.002 0.017
0.009 0.007 0.007 0.018 0.004 0.002 0.001 0.002 0.016 1 0.002 0.001 0.004 0.001 0.007 0.004 0.002 0.001 0.001 0.007 0 0.004 0.003 0.004 0.012 0.048 0.001 0.002 0 0 0.004 0.012 0.013 0.001 0 0.002 0.001 0.002 0.004 0.001 0.006 0.003 0 0 0.001 0.004 0.014 0.014 0.001 0.001 0 0.001 0 0 0.001 0.001 0.001 0 0.001 0.001 0.001 0 0.001 0.326 0 0.002 0.002 0 0.001 0.001 0.005 0.001 0.001 0 0 0.001 0.001 0.005
0.206 0.252 0.247 0.101 0.421 0.008 0.005 0.927 0.112 0.002 1 0.61 0.004 0.003 0.254 0.246 0.735 0.002 0.005 0.263 0.015 0.032 0.057 0.42 0.152 0.008 0.006 0.007 0.002 0.002 0.41 0.147 0.099 0.001 0.001 0.181 0.003 0.18 0.077 0.002 0.016 0.054 0 0.005 0.003 0.131 0.057 0.034 0.002 0.005 0.017 0.003 0.016 0 0.003 0.001 0.001 0.001 0.003 0.003 0.001 0.02 0.003 0.002 0.002 0.009 0.009 0.021 0.001 0.003 0.003 0 0.004 0.001 0 0.003 0.005 0.003
0.125 0.154 0.151 0.061 0.225 0.005 0.003 0.566 0.069 0.001 0.61 1 0.003 0.002 0.157 0.152 0.489 0.001 0.003 0.163 0.009 0.019 0.035 0.244 0.094 0.005 0.004 0.004 0.001 0.001 0.239 0.094 0.062 0.003 0.001 0.12 0.002 0.114 0.049 0.001 0.007 0.037 0 0.003 0.002 0.071 0.044 0.023 0.001 0.002 0.011 0.001 0.01 0.001 0.002 0.002 0.004 0.001 0.002 0.002 0.002 0.013 0.002 0.001 0.001 0.006 0.006 0.013 0.003 0.003 0.002 0.002 0.002 0.001 0.002 0.002 0.003 0.002
0.022 0.018 0.018 0.045 0.009 0.004 0.003 0.005 0.039 0.004 0.004 0.003 1 0.001 0.009 0.008 0.006 0.001 0.002 0.003 0.272 0.017 0.071 0.009 0.029 0.005 0.003 0.004 0.001 0.001 0.007 0.027 0.039 0.002 0 0.012 0.001 0.011 0.051 0.001 0.015 0.078 0.213 0.003 0.001 0.025 0.034 0.007 0.001 0.17 0.223 0.001 0.178 0.167 0.002 0.162 0.172 0 0.008 0.239 0.163 0.193 0.002 0.001 0 0.001 0.005 0.166 0.164 0.002 0.244 0.002 0.016 0.001 0.163 0.002 0.003 0.159
0.07 0.086 0.084 0.034 0.006 0.36 0.002 0.003 0.038 0.001 0.003 0.002 0.001 1 0.087 0.088 0.004 0.001 0.002 0.09 0.004 0.011 0.019 0.006 0.052 0.003 0.002 0.383 0.001 0.001 0.006 0.055 0.038 0.023 0 0.008 0 0.007 0.029 0.001 0.101 0.018 0.006 0.002 0 0.013 0.032 0.014 0.038 0.007 0.006 0 0.006 0.007 0.027 0.008 0.008 0 0.001 0.001 0.007 0.007 0.011 0.001 0 0.003 0.004 0.008 0.007 0.011 0.001 0.003 0.001 0 0.007 0.023 0.014 0.001
0.528 0.609 0.651 0.255 0.49 0.242 0.144 0.274 0.344 0.007 0.254 0.157 0.009 0.087 1 0.924 0.296 0.073 0.003 0.79 0.03 0.093 0.146 0.49 0.364 0.032 0.005 0.219 0.061 0.07 0.348 0.305 0.182 0 0.039 0.048 0.092 0.031 0.12 0.009 0.013 0.034 0.006 0.016 0.093 0.028 0.001 0.051 0.023 0 0.029 0.059 0.026 0.01 0.041 0.002 0 0.026 0.004 0.004 0.003 0.005 0.003 0.008 0.042 0.002 0.032 0.002 0 0.004 0.005 0.001 0 0.005 0.001 0.04 0.004 0.005
0.532 0.588 0.629 0.262 0.453 0.235 0.14 0.266 0.338 0.004 0.246 0.152 0.008 0.088 0.924 1 0.287 0.071 0.004 0.771 0.031 0.092 0.145 0.478 0.36 0.026 0.006 0.212 0.059 0.067 0.343 0.302 0.183 0 0.041 0.048 0.093 0.032 0.126 0.01 0.011 0.029 0.01 0.013 0.094 0.024 0.002 0.045 0.022 0 0.036 0.061 0.033 0.015 0.039 0.001 0.002 0.028 0.005 0.005 0.001 0.008 0.004 0.005 0.044 0.002 0.033 0.004 0 0.004 0.006 0 0.002 0.005 0.002 0.038 0.004 0.006
0.222 0.223 0.269 0.112 0.489 0.01 0.006 0.786 0.126 0.002 0.735 0.489 0.006 0.004 0.296 0.287 1 0.003 0.006 0.332 0.019 0.039 0.072 0.515 0.188 0.011 0.008 0.009 0.003 0.003 0.505 0.175 0.117 0 0.002 0.236 0.004 0.17 0.089 0.003 0.019 0.077 0 0.006 0.008 0.149 0.048 0.032 0.003 0 0.018 0.003 0.017 0 0.004 0 0 0.002 0.004 0.004 0.001 0.006 0.003 0.003 0.002 0.001 0.011 0.007 0 0.004 0.005 0 0 0.002 0.002 0.004 0.005 0.005
0.058 0.072 0.07 0.029 0.148 0.002 0.001 0.003 0.032 0.001 0.002 0.001 0.001 0.001 0.073 0.071 0.003 1 0.001 0.076 0.004 0.009 0.016 0.135 0.044 0.002 0.002 0.002 0.001 0.001 0.136 0.045 0.032 0.001 0 0.006 0.001 0.006 0.024 0.001 0.008 0.016 0.005 0.001 0.001 0.013 0.018 0 0.002 0.007 0.005 0.001 0.005 0.006 0.001 0.008 0.007 0 0.001 0.001 0.007 0.006 0.001 0.001 0 0.003 0.003 0.001 0.007 0.001 0.001 0.001 0.001 0 0.006 0.001 0.001 0.001
0.023 0.019 0.019 0.048 0.009 0.005 0.003 0.005 0.041 0.001 0.005 0.003 0.002 0.002 0.003 0.004 0.006 0.001 1 0.018 0.311 0.019 0.083 0.01 0.031 0.005 0.778 0.004 0.001 0.001 0.01 0.026 0.034 0.001 0.001 0.013 0.002 0.012 0.052 0.001 0.013 0.08 0.254 0.003 0.002 0.029 0.032 0.016 0.001 0.185 0.232 0.002 0.236 0.218 0.002 0.164 0.192 0.001 0.002 0.002 0.141 0.21 0.002 0.001 0.001 0.496 0.006 0.203 0.182 0.003 0.002 0.002 0.002 0 0.196 0.002 0.003 0.002
0.53 0.601 0.644 0.247 0.484 0.224 0.124 0.284 0.321 0.007 0.263 0.163 0.003 0.09 0.79 0.771 0.332 0.076 0.018 1 0.03 0.106 0.159 0.553 0.402 0.032 0.011 0.219 0.063 0.066 0.404 0.325 0.185 0.001 0.033 0.047 0.088 0.03 0.123 0.007 0.014 0.031 0.007 0.018 0.089 0.029 0.001 0.063 0.024 0 0.028 0.055 0.034 0.009 0.043 0.001 0.001 0.021 0.011 0.011 0 0.007 0.003 0.008 0.037 0 0.036 0.006 0 0.003 0.012 0.001 0.002 0.005 0.002 0.042 0.004 0.012
0.002 0 0 0.026 0.029 0.015 0.009 0.016 0.116 0 0.015 0.009 0.272 0.004 0.03 0.031 0.019 0.004 0.311 0.03 1 0.055 0.265 0.033 0.085 0.011 0.334 0.014 0.004 0.004 0.03 0.091 0.121 0.004 0.001 0.037 0.005 0.034 0.156 0.005 0.039 0.227 0.664 0 0.005 0.096 0.082 0.015 0.004 0.525 0.689 0.004 0.606 0.586 0.006 0.466 0.53 0.002 0.134 0.052 0.402 0.531 0.007 0.004 0.002 0.271 0.013 0.52 0.514 0.007 0.084 0.006 0.096 0 0.498 0.007 0.008 0.058
0.12 0.104 0.104 0.283 0.06 0.016 0.006 0.034 0.251 0.004 0.032 0.019 0.017 0.011 0.093 0.092 0.039 0.009 0.019 0.106 0.055 1 0.451 0.066 0.197 0.033 0.016 0.028 0.008 0.009 0.028 0.156 0.006 0.011 0.005 0.086 0.013 0.096 0.023 0.047 0.095 0 0.059 0.109 0.013 0.001 0.004 0.103 0 0.053 0.032 0.005 0.024 0.034 0 0.042 0.039 0.003 0.011 0.001 0.036 0.029 0.028 0.004 0.006 0.014 0.026 0.032 0.042 0.032 0.001 0.006 0.009 0.005 0.03 0 0.004 0
0.105 0.078 0.08 0.319 0.11 0.037 0.017 0.061 0.448 0.003 0.057 0.035 0.071 0.019 0.146 0.145 0.072 0.016 0.083 0.159 0.265 0.451 1 0.122 0.345 0.052 0.099 0.051 0.015 0.016 0.069 0.303 0.089 0.018 0.008 0.017 0.021 0.023 0.157 0.017 0.164 0.133 0.152 0.077 0.022 0.046 0.061 0.023 0.001 0.115 0.21 0.011 0.195 0.165 0.003 0.109 0.137 0.005 0.03 0.022 0.095 0.154 0 0.011 0.01 0.082 0.048 0.144 0.122 0 0.035 0.014 0.02 0.006 0.14 0.002 0.005 0.037
0.311 0.338 0.381 0.163 0.789 0.016 0.01 0.457 0.208 0.004 0.42 0.244 0.009 0.006 0.49 0.478 0.515 0.135 0.01 0.553 0.033 0.066 0.122 1 0.265 0.018 0.013 0.015 0.004 0.005 0.751 0.213 0.135 0.006 0.003 0.149 0.007 0.109 0.096 0.005 0.054 0.024 0.006 0.01 0.002 0.068 0.005 0.038 0 0.01 0.034 0.006 0.032 0.008 0.01 0.006 0.005 0.003 0.006 0.007 0.004 0.02 0.007 0.004 0 0.002 0.02 0.01 0.008 0.007 0.008 0.007 0.003 0.003 0.002 0.007 0 0.008
0.29 0.277 0.306 0.55 0.232 0.107 0.051 0.164 0.643 0.012 0.152 0.094 0.029 0.052 0.364 0.36 0.188 0.044 0.031 0.402 0.085 0.197 0.345 0.265 1 0.055 0.039 0.129 0.036 0.037 0.233 0.838 0.536 0.042 0.021 0.008 0.053 0.003 0.403 0.013 0.158 0.004 0.058 0.018 0.053 0.001 0.167 0.145 0.005 0.028 0.106 0.032 0.1 0.065 0.001 0.025 0.044 0.013 0.02 0.015 0.021 0.062 0.009 0.014 0.023 0.027 0 0.05 0.035 0.01 0.018 0.04 0.013 0.019 0.048 0.001 0 0.023
0.009 0.034 0.034 0.016 0.016 0.008 0.005 0.009 0.021 0.048 0.008 0.005 0.005 0.003 0.032 0.026 0.011 0.002 0.005 0.032 0.011 0.033 0.052 0.018 0.055 1 0.006 0.007 0.001 0.002 0.018 0.054 0.077 0.001 0.001 0.023 0.003 0.021 0.023 0.002 0.12 0.055 0.019 0.003 0.003 0.033 0.03 0.003 0.002 0.018 0.012 0.003 0.011 0.014 0.003 0.021 0.017 0.001 0.003 0.004 0.017 0.014 0.004 0.162 0.002 0.004 0.32 0.015 0.018 0.004 0.004 0.001 0.004 0.001 0.014 0.004 0.005 0.004
0.026 0.021 0.021 0.04 0.012 0.003 0.002 0.007 0.033 0.001 0.006 0.004 0.003 0.002 0.005 0.006 0.008 0.002 0.778 0.011 0.334 0.016 0.099 0.013 0.039 0.006 1 0.005 0.002 0.002 0.013 0.034 0.045 0.001 0.001 0.016 0.002 0.015 0.067 0.002 0.017 0.087 0.288 0.003 0.002 0.027 0.042 0.015 0.002 0.208 0.266 0.002 0.224 0.247 0.002 0.185 0.216 0.001 0.002 0.002 0.099 0.196 0.003 0.002 0.001 0.568 0.007 0.184 0.205 0.003 0.003 0.002 0.003 0 0.226 0.003 0.004 0.003
0.173 0.213 0.208 0.073 0.013 0.871 0.454 0.007 0.094 0.002 0.007 0.004 0.004 0.383 0.219 0.212 0.009 0.002 0.004 0.219 0.014 0.028 0.051 0.015 0.129 0.007 0.005 1 0.276 0.286 0.015 0.107 0.064 0.006 0.175 0.019 0.441 0.016 0.044 0.002 0.016 0.004 0.013 0.004 0.243 0.014 0 0.02 0.069 0.012 0.013 0.304 0.012 0.015 0.048 0.009 0.002 0.149 0.003 0.003 0.006 0.001 0.001 0.002 0.135 0.006 0.009 0.001 0.001 0.001 0.003 0 0.001 0.001 0.009 0.056 0.013 0.003
0.048 0.06 0.059 0.023 0.004 0.255 0.433 0.002 0.026 0 0.002 0.001 0.001 0.001 0.061 0.059 0.003 0.001 0.001 0.063 0.004 0.008 0.015 0.004 0.036 0.001 0.002 0.276 1 0.9 0.004 0.013 0.007 0.001 0.08 0.006 0.323 0.005 0.004 0.001 0.007 0.011 0.005 0.001 0.12 0.011 0.016 0.001 0.02 0.008 0.005 0.149 0.005 0.005 0.014 0.006 0.006 0.139 0.001 0.001 0.002 0.005 0.001 0.001 0.12 0.002 0.003 0.006 0 0.001 0.001 0.001 0.001 0 0.005 0.029 0.002 0.001
0.05 0.062 0.061 0.024 0.004 0.265 0.449 0.002 0.027 0 0.002 0.001 0.001 0.001 0.07 0.067 0.003 0.001 0.001 0.066 0.004 0.009 0.016 0.005 0.037 0.002 0.002 0.286 0.9 1 0.005 0.014 0.009 0.001 0.101 0.004 0.343 0.004 0.006 0.001 0.007 0.015 0.005 0.001 0.134 0.012 0.014 0.002 0.019 0.009 0.005 0.167 0.005 0.006 0.013 0.008 0.004 0.135 0.001 0.001 0.002 0.004 0.001 0.001 0.117 0.001 0.003 0.004 0 0.001 0.001 0.001 0.001 0 0.004 0.028 0.002 0.001
0.246 0.267 0.306 0.116 0.595 0.016 0.009 0.447 0.137 0.004 0.41 0.239 0.007 0.006 0.348 0.343 0.505 0.136 0.01 0.404 0.03 0.028 0.069 0.751 0.233 0.018 0.013 0.015 0.004 0.005 1 0.268 0.207 0.006 0.003 0.245 0.007 0.196 0.158 0.005 0.054 0.047 0.005 0.01 0.002 0.103 0.016 0.042 0.002 0.008 0.031 0.005 0.029 0.007 0.003 0.005 0.004 0.003 0.006 0.007 0.004 0.018 0.008 0.005 0 0.001 0.02 0.01 0.007 0.008 0.008 0.007 0.003 0.003 0.002 0.004 0.009 0.008
0.242 0.227 0.253 0.496 0.19 0.09 0.037 0.16 0.585 0.012 0.147 0.094 0.027 0.055 0.305 0.302 0.175 0.045 0.026 0.325 0.091 0.156 0.303 0.213 0.838 0.054 0.034 0.107 0.013 0.014 0.268 1 0.649 0.043 0.026 0.024 0.064 0.016 0.503 0.015 0.17 0 0.061 0.03 0.064 0 0.208 0.179 0.005 0.026 0.11 0.041 0.103 0.067 0.001 0.022 0.044 0.021 0.019 0.014 0.019 0.063 0.011 0.014 0.032 0.031 0 0.051 0.032 0.012 0.018 0.041 0.013 0.026 0.049 0 0.001 0.021
0.112 0.113 0.131 0.242 0.122 0.045 0.012 0.108 0.309 0.013 0.099 0.062 0.039 0.038 0.182 0.183 0.117 0.032 0.034 0.185 0.121 0.006 0.089 0.135 0.536 0.077 0.045 0.064 0.007 0.009 0.207 0.649 1 0.029 0.015 0.283 0.041 0.269 0.742 0.022 0.084 0.04 0.098 0.04 0.045 0.018 0.352 0.133 0.001 0.059 0.154 0.037 0.135 0.102 0 0.052 0.079 0.014 0.027 0.016 0.043 0.097 0.018 0.019 0.018 0.043 0.007 0.083 0.065 0.02 0.02 0.026 0.024 0.018 0.081 0.001 0.003 0.025
0.001 0 0 0.032 0 0.004 0.002 0.001 0.036 0.001 0.001 0.003 0.002 0.023 0 0 0 0.001 0.001 0.001 0.004 0.011 0.018 0.006 0.042 0.001 0.001 0.006 0.001 0.001 0.006 0.043 0.029 1 0 0.007 0.001 0.007 0.027 0.001 0.098 0.017 0.005 0.002 0.001 0.015 0.042 0.014 0 0.007 0.005 0.001 0.005 0.006 0 0.008 0.007 0 0.001 0.001 0.007 0.006 0.001 0.001 0.001 0.002 0.003 0.006 0.007 0.001 0.001 0.606 0.001 0 0.006 0.001 0.002 0.001
0.029 0.036 0.035 0.009 0.003 0.138 0.236 0.001 0.015 0 0.001 0.001 0 0 0.039 0.041 0.002 0 0.001 0.033 0.001 0.005 0.008 0.003 0.021 0.001 0.001 0.175 0.08 0.101 0.003 0.026 0.015 0 1 0.004 0.384 0.003 0.014 0 0.004 0.025 0.003 0.001 0.123 0.002 0.01 0.007 0.105 0.011 0.003 0.152 0.003 0.003 0.078 0.009 0 0.121 0.001 0.001 0.009 0 0.001 0 0.083 0 0.002 0 0.007 0.001 0.001 0.001 0.001 0 0 0.068 0.001 0.001
0.021 0.024 0.036 0.001 0.12 0.02 0.012 0.207 0 0.002 0.181 0.12 0.012 0.008 0.048 0.048 0.236 0.006 0.013 0.047 0.037 0.086 0.017 0.149 0.008 0.023 0.016 0.019 0.006 0.004 0.245 0.024 0.283 0.007 0.004 1 0.009 0.908 0.215 0.006 0.071 0.321 0.045 0.161 0 0.238 0.199 0.006 0.006 0.039 0.046 0.003 0.037 0.044 0.008 0.041 0.032 0.004 0.008 0.004 0.031 0.027 0.009 0.006 0.004 0.011 0.025 0.029 0.041 0.005 0.005 0.008 0.004 0.004 0.026 0.009 0.005 0.005
0.071 0.088 0.087 0.028 0.006 0.361 0.615 0.004 0.038 0.001 0.003 0.002 0.001 0 0.092 0.093 0.004 0.001 0.002 0.088 0.005 0.013 0.021 0.007 0.053 0.003 0.002 0.441 0.323 0.343 0.007 0.064 0.041 0.001 0.384 0.009 1 0.006 0.034 0.001 0.01 0.059 0.007 0.002 0.547 0.001 0.025 0.016 0.038 0.063 0.007 0.671 0.007 0.008 0.027 0.055 0.001 0.36 0.001 0.001 0.045 0.001 0.002 0.001 0.28 0.002 0.004 0.001 0.024 0.002 0.001 0.001 0.001 0.001 0.003 0.023 0 0.001
0.011 0.023 0.022 0.003 0.082 0.019 0.011 0.207 0 0.002 0.18 0.114 0.011 0.007 0.031 0.032 0.17 0.006 0.012 0.03 0.034 0.096 0.023 0.109 0.003 0.021 0.015 0.016 0.005 0.004 0.196 0.016 0.269 0.007 0.003 0.908 0.006 1 0.208 0.006 0.066 0.306 0.042 0.174 0.006 0.217 0.225 0.005 0.006 0.056 0.042 0.001 0.034 0.043 0.008 0.056 0.049 0.002 0.007 0.004 0.046 0.043 0.009 0.005 0.002 0.02 0.023 0.046 0.05 0.01 0.005 0.008 0.009 0.003 0.043 0.009 0.009 0.005
0.098 0.066 0.079 0.367 0.085 0.028 0.006 0.083 0.458 0.004 0.077 0.049 0.051 0.029 0.12 0.126 0.089 0.024 0.052 0.123 0.156 0.023 0.157 0.096 0.403 0.023 0.067 0.044 0.004 0.006 0.158 0.503 0.742 0.027 0.014 0.215 0.034 0.208 1 0.028 0.271 0.008 0.142 0.029 0.034 0.002 0.537 0.187 0 0.101 0.211 0.028 0.189 0.151 0.001 0.095 0.125 0.01 0.036 0.024 0.079 0.147 0.025 0.009 0.013 0.068 0.07 0.131 0.108 0.027 0.029 0.023 0.034 0.014 0.125 0.003 0.007 0.035
0.012 0.009 0.01 0.019 0.005 0.002 0.001 0.003 0.017 0.001 0.002 0.001 0.001 0.001 0.009 0.01 0.003 0.001 0.001 0.007 0.005 0.047 0.017 0.005 0.013 0.002 0.002 0.002 0.001 0.001 0.005 0.015 0.022 0.001 0 0.006 0.001 0.006 0.028 1 0.007 0.016 0.005 0.001 0.001 0.009 0.008 0.02 0.001 0.005 0.003 0.001 0.003 0.003 0.001 0.006 0.007 0 0.001 0.001 0.005 0.004 0.182 0.001 0 0.003 0 0.004 0.007 0.173 0.001 0.001 0.001 0 0.004 0.001 0.008 0.001
0.001 0.018 0.018 0.298 0.037 0.012 0.015 0.018 0.336 0.006 0.016 0.007 0.015 0.101 0.013 0.011 0.019 0.008 0.013 0.014 0.039 0.095 0.164 0.054 0.158 0.12 0.017 0.016 0.007 0.007 0.054 0.17 0.084 0.098 0.004 0.071 0.01 0.066 0.271 0.007 1 0.182 0.056 0.015 0.01 0.137 0.395 0.121 0 0.078 0.06 0.009 0.056 0.066 0 0.088 0.075 0.003 0.01 0.011 0.076 0.069 0.002 0.007 0.005 0.03 0.29 0.072 0.079 0.003 0.012 0.103 0.013 0.051 0.066 0.001 0.001 0.012
0.031 0.047 0.058 0.008 0.019 0.002 0.026 0.064 0.023 0.003 0.054 0.037 0.078 0.018 0.034 0.029 0.077 0.016 0.08 0.031 0.227 0 0.133 0.024 0.004 0.055 0.087 0.004 0.011 0.015 0.047 0 0.04 0.017 0.025 0.321 0.059 0.306 0.008 0.016 0.182 1 0.237 0.061 0.06 0.434 0.003 0.041 0.002 0.299 0.244 0.038 0.215 0.186 0.005 0.25 0.223 0.019 0.055 0.023 0.217 0.242 0.025 0.014 0.015 0.087 0.064 0.224 0.234 0.027 0.031 0.022 0.059 0.009 0.186 0.007 0.024 0.019
0.001 0 0 0.024 0.003 0.012 0.005 0 0.068 0 0 0 0.213 0.006 0.006 0.01 0 0.005 0.254 0.007 0.664 0.059 0.152 0.006 0.058 0.019 0.288 0.013 0.005 0.005 0.005 0.061 0.098 0.005 0.003 0.045 0.007 0.042 0.142 0.005 0.056 0.237 1 0.01 0.007 0.165 0.135 0.031 0.005 0.664 0.766 0.006 0.688 0.824 0.007 0.649 0.717 0.003 0.131 0.084 0.566 0.621 0.009 0.005 0.001 0.264 0.022 0.57 0.69 0.009 0.115 0.007 0.125 0.003 0.705 0.008 0.01 0.086
0.009 0.008 0.008 0.031 0.009 0.004 0.003 0.005 0.041 0 0.005 0.003 0.003 0.002 0.016 0.013 0.006 0.001 0.003 0.018 0 0.109 0.077 0.01 0.018 0.003 0.003 0.004 0.001 0.001 0.01 0.03 0.04 0.002 0.001 0.161 0.002 0.174 0.029 0.001 0.015 0.061 0.01 1 0.002 0.016 0.047 0.045 0.001 0.014 0.01 0.002 0.01 0.012 0.002 0.016 0.014 0.001 0.002 0.002 0.012 0.012 0.002 0.001 0.001 0.005 0.006 0.013 0.014 0.002 0.002 0.002 0.002 0.001 0.012 0.002 0.001 0.002
0.072 0.048 0.088 0.034 0.002 0.189 0.331 0.004 0.038 0.001 0.003 0.002 0.001 0 0.093 0.094 0.008 0.001 0.002 0.089 0.005 0.013 0.022 0.002 0.053 0.003 0.002 0.243 0.12 0.134 0.002 0.064 0.045 0.001 0.123 0 0.547 0.006 0.034 0.001 0.01 0.06 0.007 0.002 1 0.004 0.025 0.017 0.001 0.135 0.007 0.694 0.007 0.007 0.001 0.12 0.02 0.356 0.001 0.001 0.104 0.023 0.002 0.001 0.277 0.003 0.004 0.023 0.053 0.002 0.002 0.001 0.002 0.001 0.004 0.001 0.002 0.002
0.025 0.036 0.046 0.007 0.057 0.016 0.004 0.145 0.02 0.004 0.131 0.071 0.025 0.013 0.028 0.024 0.149 0.013 0.029 0.029 0.096 0.001 0.046 0.068 0.001 0.033 0.027 0.014 0.011 0.012 0.103 0 0.018 0.015 0.002 0.238 0.001 0.217 0.002 0.009 0.137 0.434 0.165 0.016 0.004 1 0.004 0.019 0.012 0.161 0.139 0 0.14 0.157 0.016 0.151 0.173 0.002 0.05 0.01 0.154 0.166 0.019 0.005 0.002 0.058 0.053 0.126 0.159 0.02 0.009 0.017 0.04 0.006 0.155 0.018 0.022 0.017
0.008 0.001 0 0.199 0.006 0.001 0.034 0.066 0.231 0.014 0.057 0.044 0.034 0.032 0.001 0.002 0.048 0.018 0.032 0.001 0.082 0.004 0.061 0.005 0.167 0.03 0.042 0 0.016 0.014 0.016 0.208 0.352 0.042 0.01 0.199 0.025 0.225 0.537 0.008 0.395 0.003 0.135 0.047 0.025 0.004 1 0.137 0.002 0.186 0.138 0.021 0.13 0.158 0.006 0.209 0.179 0.011 0.023 0.026 0.181 0.16 0.014 0.016 0.012 0.07 0.159 0.167 0.187 0.015 0.028 0.043 0.029 0.022 0.158 0.009 0.003 0.028
0.047 0.029 0.031 0.162 0.032 0.01 0.001 0.031 0.203 0.014 0.034 0.023 0.007 0.014 0.051 0.045 0.032 0 0.016 0.063 0.015 0.103 0.023 0.038 0.145 0.003 0.015 0.02 0.001 0.002 0.042 0.179 0.133 0.014 0.007 0.006 0.016 0.005 0.187 0.02 0.121 0.041 0.031 0.045 0.017 0.019 0.137 1 0.012 0.054 0.03 0.014 0.026 0.039 0.014 0.044 0.039 0.004 0.001 0.001 0.044 0.03 0.048 0.033 0.008 0.033 0.048 0.033 0.044 0.052 0.005 0.015 0 0.007 0.034 0.006 0.009 0.004
0.008 0.012 0.012 0.003 0.001 0.063 0.025 0.003 0.006 0.001 0.002 0.001 0.001 0.038 0.023 0.022 0.003 0.002 0.001 0.024 0.004 0 0.001 0 0.005 0.002 0.002 0.069 0.02 0.019 0.002 0.005 0.001 0 0.105 0.006 0.038 0.006 0 0.001 0 0.002 0.005 0.001 0.001 0.012 0.002 0.012 1 0.007 0.005 0.001 0.005 0.006 0.761 0.008 0.007 0 0.001 0.001 0.007 0.006 0.001 0.001 0 0.003 0.003 0.006 0.007 0.001 0.001 0 0.001 0 0.006 0.65 0.032 0.001
0.005 0.006 0.012 0.01 0.006 0.008 0.034 0.007 0.042 0.001 0.005 0.002 0.17 0.007 0 0 0 0.007 0.185 0 0.525 0.053 0.115 0.01 0.028 0.018 0.208 0.012 0.008 0.009 0.008 0.026 0.059 0.007 0.011 0.039 0.063 0.056 0.101 0.005 0.078 0.299 0.664 0.014 0.135 0.161 0.186 0.054 0.007 1 0.742 0.091 0.676 0.728 0.009 0.893 0.792 0.046 0.123 0.059 0.792 0.754 0.012 0.006 0.039 0.335 0.03 0.724 0.833 0.013 0.084 0.01 0.156 0.004 0.704 0.01 0.014 0.089
0.008 0.004 0.004 0.049 0.027 0.012 0.006 0.019 0.119 0 0.017 0.011 0.223 0.006 0.029 0.036 0.018 0.005 0.232 0.028 0.689 0.032 0.21 0.034 0.106 0.012 0.266 0.013 0.005 0.005 0.031 0.11 0.154 0.005 0.003 0.046 0.007 0.042 0.211 0.003 0.06 0.244 0.766 0.01 0.007 0.139 0.138 0.03 0.005 0.742 1 0.006 0.892 0.842 0.007 0.663 0.75 0.003 0.166 0.084 0.594 0.777 0.009 0.005 0.001 0.367 0.022 0.744 0.71 0.01 0.118 0.007 0.176 0.003 0.702 0.008 0.011 0.124
0.045 0.056 0.055 0.019 0.005 0.239 0.41 0.003 0.022 0.001 0.003 0.001 0.001 0 0.059 0.061 0.003 0.001 0.002 0.055 0.004 0.005 0.011 0.006 0.032 0.003 0.002 0.304 0.149 0.167 0.005 0.041 0.037 0.001 0.152 0.003 0.671 0.001 0.028 0.001 0.009 0.038 0.006 0.002 0.694 0 0.021 0.014 0.001 0.091 0.006 1 0.002 0.002 0.001 0.098 0.007 0.435 0.001 0.001 0.08 0.009 0.001 0.001 0.34 0.001 0.003 0.008 0.048 0.001 0.001 0.001 0.001 0 0 0.001 0.002 0.001
0.006 0.002 0.003 0.052 0.025 0.011 0.005 0.018 0.126 0 0.016 0.01 0.178 0.006 0.026 0.033 0.017 0.005 0.236 0.034 0.606 0.024 0.195 0.032 0.1 0.011 0.224 0.012 0.005 0.005 0.029 0.103 0.135 0.005 0.003 0.037 0.007 0.034 0.189 0.003 0.056 0.215 0.688 0.01 0.007 0.14 0.13 0.026 0.005 0.676 0.892 0.002 1 0.791 0.006 0.625 0.705 0.003 0.176 0.11 0.62 0.78 0.009 0.005 0.001 0.281 0.021 0.697 0.668 0.009 0.148 0.007 0.187 0.003 0.653 0.007 0.01 0.155
0.001 0 0 0.028 0.005 0.014 0.007 0 0.081 0 0 0.001 0.167 0.007 0.01 0.015 0 0.006 0.218 0.009 0.586 0.034 0.165 0.008 0.065 0.014 0.247 0.015 0.005 0.006 0.007 0.067 0.102 0.006 0.003 0.044 0.008 0.043 0.151 0.003 0.066 0.186 0.824 0.012 0.007 0.157 0.158 0.039 0.006 0.728 0.842 0.002 0.791 1 0.008 0.752 0.82 0.004 0.146 0.105 0.674 0.712 0.009 0.006 0.002 0.341 0.025 0.68 0.788 0.01 0.113 0.008 0.153 0.004 0.771 0.009 0.012 0.126
0.02 0.028 0.027 0.008 0.005 0.043 0.017 0.003 0.013 0.001 0.003 0.002 0.002 0.027 0.041 0.039 0.004 0.001 0.002 0.043 0.006 0 0.003 0.01 0.001 0.003 0.002 0.048 0.014 0.013 0.003 0.001 0 0 0.078 0.008 0.027 0.008 0.001 0.001 0 0.005 0.007 0.002 0.001 0.016 0.006 0.014 0.761 0.009 0.007 0.001 0.006 0.008 1 0.01 0.009 0.001 0.001 0.001 0.009 0.008 0.002 0.001 0.001 0.003 0.004 0.008 0.009 0.002 0.001 0 0.001 0.001 0.008 0.862 0.115 0.001
0.008 0.01 0.017 0.007 0.003 0.012 0.045 0.002 0.033 0.001 0.001 0.002 0.162 0.008 0.002 0.001 0 0.008 0.164 0.001 0.466 0.042 0.109 0.006 0.025 0.021 0.185 0.009 0.006 0.008 0.005 0.022 0.052 0.008 0.009 0.041 0.055 0.056 0.095 0.006 0.088 0.25 0.649 0.016 0.12 0.151 0.209 0.044 0.008 0.893 0.663 0.098 0.625 0.752 0.01 1 0.859 0.041 0.11 0.123 0.858 0.766 0.014 0.007 0.035 0.305 0.033 0.734 0.897 0.014 0.136 0.011 0.139 0.005 0.757 0.012 0.016 0.136
0.001 0.001 0.005 0.014 0.003 0 0.004 0.002 0.049 0.001 0.001 0.004 0.172 0.008 0 0.002 0 0.007 0.192 0.001 0.53 0.039 0.137 0.005 0.044 0.017 0.216 0.002 0.006 0.004 0.004 0.044 0.079 0.007 0 0.032 0.001 0.049 0.125 0.007 0.075 0.223 0.717 0.014 0.02 0.173 0.179 0.039 0.007 0.792 0.75 0.007 0.705 0.82 0.009 0.859 1 0.004 0.118 0.131 0.789 0.87 0.012 0.006 0.002 0.345 0.029 0.835 0.88 0.012 0.159 0.009 0.151 0.004 0.844 0.01 0.014 0.158
0.018 0.024 0.023 0.007 0.003 0.099 0.172 0.002 0.009 0 0.001 0.001 0 0 0.026 0.028 0.002 0 0.001 0.021 0.002 0.003 0.005 0.003 0.013 0.001 0.001 0.149 0.139 0.135 0.003 0.021 0.014 0 0.121 0.004 0.36 0.002 0.01 0 0.003 0.019 0.003 0.001 0.356 0.002 0.011 0.004 0 0.046 0.003 0.435 0.003 0.004 0.001 0.041 0.004 1 0.001 0.001 0.047 0.004 0 0 0.652 0.002 0.002 0.004 0.02 0 0.001 0.001 0.001 0 0.004 0.001 0.001 0.001
0.025 0.033 0.032 0.007 0.006 0.003 0.002 0.003 0.026 0.001 0.003 0.002 0.008 0.001 0.004 0.005 0.004 0.001 0.002 0.011 0.134 0.011 0.03 0.006 0.02 0.003 0.002 0.003 0.001 0.001 0.006 0.019 0.027 0.001 0.001 0.008 0.001 0.007 0.036 0.001 0.01 0.055 0.131 0.002 0.001 0.05 0.023 0.001 0.001 0.123 0.166 0.001 0.176 0.146 0.001 0.11 0.118 0.001 1 0 0.127 0.12 0.002 0.001 0.001 0 0.004 0.137 0.118 0.002 0 0.001 0.348 0.001 0.088 0.001 0.002 0
0.006 0.004 0.004 0.012 0.006 0.001 0.003 0.003 0.009 0.001 0.003 0.002 0.239 0.001 0.004 0.005 0.004 0.001 0.002 0.011 0.052 0.001 0.022 0.007 0.015 0.004 0.002 0.003 0.001 0.001 0.007 0.014 0.016 0.001 0.001 0.004 0.001 0.004 0.024 0.001 0.011 0.023 0.084 0.002 0.001 0.01 0.026 0.001 0.001 0.059 0.084 0.001 0.11 0.105 0.001 0.123 0.131 0.001 0 1 0.13 0.148 0.002 0.001 0.001 0.004 0.004 0.133 0.121 0.002 0.52 0.001 0 0.001 0.089 0.001 0.002 0.416
0.01 0.012 0.019 0.006 0.002 0.007 0.033 0.001 0.035 0.001 0.001 0.002 0.163 0.007 0.003 0.001 0.001 0.007 0.141 0 0.402 0.036 0.095 0.004 0.021 0.017 0.099 0.006 0.002 0.002 0.004 0.019 0.043 0.007 0.009 0.031 0.045 0.046 0.079 0.005 0.076 0.217 0.566 0.012 0.104 0.154 0.181 0.044 0.007 0.792 0.594 0.08 0.62 0.674 0.009 0.858 0.789 0.047 0.127 0.13 1 0.748 0.012 0.006 0.04 0.212 0.029 0.733 0.851 0.012 0.157 0.009 0.16 0.004 0.702 0.01 0.014 0.156
0 0 0 0.03 0.015 0 0.006 0.022 0.076 0 0.02 0.013 0.193 0.007 0.005 0.008 0.006 0.006 0.21 0.007 0.531 0.029 0.154 0.02 0.062 0.014 0.196 0.001 0.005 0.004 0.018 0.063 0.097 0.006 0 0.027 0.001 0.043 0.147 0.004 0.069 0.242 0.621 0.012 0.023 0.166 0.16 0.03 0.006 0.754 0.777 0.009 0.78 0.712 0.008 0.766 0.87 0.004 0.12 0.148 0.748 1 0.01 0.006 0.002 0.344 0.026 0.87 0.784 0.011 0.178 0.008 0.157 0.004 0.76 0.009 0.012 0.177
0.002 0.001 0.001 0.01 0.006 0.001 0.002 0.003 0.014 0.001 0.003 0.002 0.002 0.011 0.003 0.004 0.003 0.001 0.002 0.003 0.007 0.028 0 0.007 0.009 0.004 0.003 0.001 0.001 0.001 0.008 0.011 0.018 0.001 0.001 0.009 0.002 0.009 0.025 0.182 0.002 0.025 0.009 0.002 0.002 0.019 0.014 0.048 0.001 0.012 0.009 0.001 0.009 0.009 0.002 0.014 0.012 0 0.002 0.002 0.012 0.01 1 0.001 0.001 0.005 0.005 0.011 0.012 0.954 0.002 0.002 0.002 0.001 0.01 0.002 0.075 0.002
0.009 0.007 0.007 0.019 0.004 0.002 0.001 0.002 0.019 0.326 0.002 0.001 0.001 0.001 0.008 0.005 0.003 0.001 0.001 0.008 0.004 0.004 0.011 0.004 0.014 0.162 0.002 0.002 0.001 0.001 0.005 0.014 0.019 0.001 0 0.006 0.001 0.005 0.009 0.001 0.007 0.014 0.005 0.001 0.001 0.005 0.016 0.033 0.001 0.006 0.005 0.001 0.005 0.006 0.001 0.007 0.006 0 0.001 0.001 0.006 0.006 0.001 1 0 0.002 0.003 0.006 0.007 0.001 0.001 0.001 0.001 0 0.006 0.001 0.001 0.001
0.015 0.02 0.02 0.01 0.003 0.093 0.162 0.002 0.016 0 0.002 0.001 0 0 0.042 0.044 0.002 0 0.001 0.037 0.002 0.006 0.01 0 0.023 0.002 0.001 0.135 0.12 0.117 0 0.032 0.018 0.001 0.083 0.004 0.28 0.002 0.013 0 0.005 0.015 0.001 0.001 0.277 0.002 0.012 0.008 0 0.039 0.001 0.34 0.001 0.002 0.001 0.035 0.002 0.652 0.001 0.001 0.04 0.002 0.001 0 1 0.002 0.002 0.002 0.017 0.001 0.001 0.001 0 0 0.002 0.001 0.001 0.001
0.018 0.021 0.014 0.033 0.007 0.004 0.001 0.01 0.032 0.002 0.009 0.006 0.001 0.003 0.002 0.002 0.001 0.003 0.496 0 0.271 0.014 0.082 0.002 0.027 0.004 0.568 0.006 0.002 0.001 0.001 0.031 0.043 0.002 0 0.011 0.002 0.02 0.068 0.003 0.03 0.087 0.264 0.005 0.003 0.058 0.07 0.033 0.003 0.335 0.367 0.001 0.281 0.341 0.003 0.305 0.345 0.002 0 0.004 0.212 0.344 0.005 0.002 0.002 1 0.011 0.318 0.313 0.005 0.004 0.004 0.002 0.002 0.35 0.004 0.005 0
0.009 0.038 0.039 0.076 0.018 0.009 0.006 0.01 0.088 0.002 0.009 0.006 0.005 0.004 0.032 0.033 0.011 0.003 0.006 0.036 0.013 0.026 0.048 0.02 0 0.32 0.007 0.009 0.003 0.003 0.02 0 0.007 0.003 0.002 0.025 0.004 0.023 0.07 0 0.29 0.064 0.022 0.006 0.004 0.053 0.159 0.048 0.003 0.03 0.022 0.003 0.021 0.025 0.004 0.033 0.029 0.002 0.004 0.004 0.029 0.026 0.005 0.003 0.002 0.011 1 0.027 0.029 0.005 0.005 0.004 0.005 0.002 0.025 0.004 0 0.005
0 0 0.003 0.016 0.006 0 0.004 0.023 0.056 0 0.021 0.013 0.166 0.008 0.002 0.004 0.007 0.001 0.203 0.006 0.52 0.032 0.144 0.01 0.05 0.015 0.184 0.001 0.006 0.004 0.01 0.051 0.083 0.006 0 0.029 0.001 0.046 0.131 0.004 0.072 0.224 0.57 0.013 0.023 0.126 0.167 0.033 0.006 0.724 0.744 0.008 0.697 0.68 0.008 0.734 0.835 0.004 0.137 0.133 0.733 0.87 0.011 0.006 0.002 0.318 0.027 1 0.753 0.011 0.17 0.009 0.173 0.004 0.716 0.009 0.013 0.161
0.003 0.006 0.009 0.01 0.005 0.003 0.02 0.002 0.041 0.001 0.001 0.003 0.164 0.007 0 0 0 0.007 0.182 0 0.514 0.042 0.122 0.008 0.035 0.018 0.205 0.001 0 0 0.007 0.032 0.065 0.007 0.007 0.041 0.024 0.05 0.108 0.007 0.079 0.234 0.69 0.014 0.053 0.159 0.187 0.044 0.007 0.833 0.71 0.048 0.668 0.788 0.009 0.897 0.88 0.02 0.118 0.121 0.851 0.784 0.012 0.007 0.017 0.313 0.029 0.753 1 0.013 0.151 0.01 0.154 0.004 0.775 0.011 0.014 0.147
0.002 0.001 0.001 0.011 0.006 0.001 0.002 0.004 0.016 0.001 0.003 0.003 0.002 0.011 0.004 0.004 0.004 0.001 0.003 0.003 0.007 0.032 0 0.007 0.01 0.004 0.003 0.001 0.001 0.001 0.008 0.012 0.02 0.001 0.001 0.005 0.002 0.01 0.027 0.173 0.003 0.027 0.009 0.002 0.002 0.02 0.015 0.052 0.001 0.013 0.01 0.001 0.009 0.01 0.002 0.014 0.012 0 0.002 0.002 0.012 0.011 0.954 0.001 0.001 0.005 0.005 0.011 0.013 1 0.002 0.002 0.002 0.001 0.011 0.002 0.096 0.002
0.003 0.001 0.002 0.01 0.006 0 0.002 0.003 0.014 0.005 0.003 0.002 0.244 0.001 0.005 0.006 0.005 0.001 0.002 0.012 0.084 0.001 0.035 0.008 0.018 0.004 0.003 0.003 0.001 0.001 0.008 0.018 0.02 0.001 0.001 0.005 0.001 0.005 0.029 0.001 0.012 0.031 0.115 0.002 0.002 0.009 0.028 0.005 0.001 0.084 0.118 0.001 0.148 0.113 0.001 0.136 0.159 0.001 0 0.52 0.157 0.178 0.002 0.001 0.001 0.004 0.005 0.17 0.151 0.002 1 0.001 0.002 0.001 0.115 0.002 0.002 0.508
0.001 0.001 0.001 0.028 0 0 0.002 0 0.032 0.001 0 0.002 0.002 0.003 0.001 0 0 0.001 0.002 0.001 0.006 0.006 0.014 0.007 0.04 0.001 0.002 0 0.001 0.001 0.007 0.041 0.026 0.606 0.001 0.008 0.001 0.008 0.023 0.001 0.103 0.022 0.007 0.002 0.001 0.017 0.043 0.015 0 0.01 0.007 0.001 0.007 0.008 0 0.011 0.009 0.001 0.001 0.001 0.009 0.008 0.002 0.001 0.001 0.004 0.004 0.009 0.01 0.002 0.001 1 0.001 0.001 0.008 0.001 0.002 0.001
0.017 0.015 0.024 0.002 0 0.001 0 0.004 0.014 0.001 0.004 0.002 0.016 0.001 0 0.002 0 0.001 0.002 0.002 0.096 0.009 0.02 0.003 0.013 0.004 0.003 0.001 0.001 0.001 0.003 0.013 0.024 0.001 0.001 0.004 0.001 0.009 0.034 0.001 0.013 0.059 0.125 0.002 0.002 0.04 0.029 0 0.001 0.156 0.176 0.001 0.187 0.153 0.001 0.139 0.151 0.001 0.348 0 0.16 0.157 0.002 0.001 0 0.002 0.005 0.173 0.154 0.002 0.002 0.001 1 0.001 0.143 0.002 0.002 0.001
0 0.005 0.006 0.012 0.003 0.001 0.001 0.001 0.014 0 0.001 0.001 0.001 0 0.005 0.005 0.002 0 0 0.005 0 0.005 0.006 0.003 0.019 0.001 0 0.001 0 0 0.003 0.026 0.018 0 0 0.004 0.001 0.003 0.014 0 0.051 0.009 0.003 0.001 0.001 0.006 0.022 0.007 0 0.004 0.003 0 0.003 0.004 0.001 0.005 0.004 0 0.001 0.001 0.004 0.004 0.001 0 0 0.002 0.002 0.004 0.004 0.001 0.001 0.001 0.001 1 0.004 0.001 0.001 0.001
0 0 0.002 0.019 0.001 0.003 0 0.001 0.05 0 0 0.002 0.163 0.007 0.001 0.002 0.002 0.006 0.196 0.002 0.498 0.03 0.14 0.002 0.048 0.014 0.226 0.009 0.005 0.004 0.002 0.049 0.081 0.006 0 0.026 0.003 0.043 0.125 0.004 0.066 0.186 0.705 0.012 0.004 0.155 0.158 0.034 0.006 0.704 0.702 0 0.653 0.771 0.008 0.757 0.844 0.004 0.088 0.089 0.702 0.76 0.01 0.006 0.002 0.35 0.025 0.716 0.775 0.011 0.115 0.008 0.143 0.004 1 0.009 0.012 0.133
0.02 0.027 0.027 0.006 0.003 0.051 0.026 0.004 0.011 0.001 0.003 0.002 0.002 0.023 0.04 0.038 0.004 0.001 0.002 0.042 0.007 0 0.002 0.007 0.001 0.004 0.003 0.056 0.029 0.028 0.004 0 0.001 0.001 0.068 0.009 0.023 0.009 0.003 0.001 0.001 0.007 0.008 0.002 0.001 0.018 0.009 0.006 0.65 0.01 0.008 0.001 0.007 0.009 0.862 0.012 0.01 0.001 0.001 0.001 0.01 0.009 0.002 0.001 0.001 0.004 0.004 0.009 0.011 0.002 0.002 0.001 0.002 0.001 0.009 1 0.142 0.002
0.001 0.002 0.002 0 0 0.011 0.001 0.005 0.002 0.001 0.005 0.003 0.003 0.014 0.004 0.004 0.005 0.001 0.003 0.004 0.008 0.004 0.005 0 0 0.005 0.004 0.013 0.002 0.002 0.009 0.001 0.003 0.002 0.001 0.005 0 0.009 0.007 0.008 0.001 0.024 0.01 0.001 0.002 0.022 0.003 0.009 0.032 0.014 0.011 0.002 0.01 0.012 0.115 0.016 0.014 0.001 0.002 0.002 0.014 0.012 0.075 0.001 0.001 0.005 0 0.013 0.014 0.096 0.002 0.002 0.002 0.001 0.012 0.142 1 0.002
0.002 0.001 0.001 0.011 0.006 0 0.002 0.003 0.017 0.005 0.003 0.002 0.159 0.001 0.005 0.006 0.005 0.001 0.002 0.012 0.058 0 0.037 0.008 0.023 0.004 0.003 0.003 0.001 0.001 0.008 0.021 0.025 0.001 0.001 0.005 0.001 0.005 0.035 0.001 0.012 0.019 0.086 0.002 0.002 0.017 0.028 0.004 0.001 0.089 0.124 0.001 0.155 0.126 0.001 0.136 0.158 0.001 0 0.416 0.156 0.177 0.002 0.001 0.001 0 0.005 0.161 0.147 0.002 0.508 0.001 0.001 0.001 0.133 0.002 0.002 1
