1 0.799 0.799 0.368 0.37 0.208 0.126 0.231 0.259 0.009 0.221 0.096 0.021 0.071 0.562 0.512 0.25 0.05 0.035 0.588 0.019 0.106 0.128 0.324 0.291 0.01 0.04 0.201 0.044 0.045 0.244 0.227 0.159 0.005 0.045 0.042 0.072 0.019 0.133 0.018 0.003 0.047 0.003 0.003 0.113 0.017 0.002 0.077 0.007 0.015 0.019 0.067 0.015 0.005 0.006 0.009 0 0.038 0.03 0.013 0.012 0.001 0.005 0.006 0.033 0.025 0.003 0 0.003 0.006 0.005 0.003 0.015 0.003 0 0.011 0.003 0.006
0.799 1 0.944 0.355 0.42 0.259 0.157 0.287 0.241 0.008 0.276 0.12 0.017 0.089 0.676 0.595 0.28 0.064 0.028 0.693 0.01 0.097 0.111 0.372 0.295 0.023 0.032 0.252 0.055 0.057 0.289 0.231 0.156 0.006 0.058 0.046 0.093 0.027 0.116 0.015 0.02 0.065 0.001 0.01 0.114 0.023 0 0.062 0.007 0.022 0.014 0.088 0.011 0.002 0.007 0.014 0.001 0.05 0.039 0.01 0.017 0 0.003 0.006 0.043 0.026 0.021 0 0.012 0.004 0.003 0.009 0.02 0.007 0 0.017 0.001 0.004
0.799 0.944 1 0.367 0.451 0.252 0.152 0.28 0.252 0.008 0.268 0.117 0.017 0.087 0.697 0.614 0.306 0.062 0.029 0.718 0.011 0.092 0.108 0.4 0.319 0.023 0.032 0.245 0.053 0.055 0.309 0.249 0.17 0.007 0.056 0.055 0.09 0.025 0.129 0.015 0.017 0.07 0.001 0.01 0.14 0.027 0 0.064 0.007 0.027 0.015 0.085 0.012 0.003 0.006 0.018 0.002 0.048 0.038 0.01 0.021 0 0.004 0.004 0.042 0.018 0.021 0 0.012 0.004 0.003 0.01 0.021 0.007 0.001 0.016 0.001 0.004
0.368 0.355 0.367 1 0.189 0.09 0.052 0.11 0.836 0.02 0.105 0.046 0.044 0.034 0.258 0.279 0.133 0.033 0.074 0.278 0.058 0.266 0.37 0.179 0.631 0.011 0.06 0.085 0.021 0.022 0.151 0.555 0.378 0.031 0.017 0.008 0.028 0.002 0.479 0.039 0.272 0.001 0.04 0.024 0.048 0.006 0.253 0.215 0.006 0.007 0.075 0.024 0.08 0.047 0.003 0.01 0.019 0.013 0.011 0.012 0.009 0.036 0.022 0.015 0.008 0.052 0.062 0.027 0.01 0.024 0.006 0.035 0.001 0.01 0.026 0.001 0.007 0.012
0.37 0.42 0.451 0.189 1 0.016 0.01 0.532 0.2 0.004 0.523 0.227 0.009 0.006 0.493 0.419 0.66 0.126 0.015 0.512 0.033 0.055 0.11 0.805 0.225 0.012 0.018 0.015 0.003 0.004 0.649 0.169 0.128 0.005 0.006 0.17 0.01 0.096 0.102 0.008 0.033 0.021 0.003 0.005 0.009 0.048 0.007 0.034 0.001 0 0.033 0.002 0.03 0.005 0 0.001 0 0.006 0.004 0.004 0 0.006 0.002 0.002 0.004 0.01 0.009 0.005 0.001 0.003 0.003 0.007 0.001 0.004 0 0 0.004 0.005
0.208 0.259 0.252 0.09 0.016 1 0.605 0.009 0.1 0.002 0.009 0.004 0.004 0.344 0.239 0.217 0.011 0.003 0.007 0.256 0.017 0.023 0.049 0.017 0.118 0.006 0.007 0.874 0.212 0.222 0.018 0.102 0.068 0.001 0.18 0.018 0.32 0.015 0.053 0.004 0.009 0.011 0.015 0.003 0.198 0.018 0.002 0.024 0.035 0.016 0.015 0.241 0.014 0.019 0.022 0.012 0.003 0.156 0.002 0.003 0.008 0.002 0 0.002 0.118 0.006 0.007 0.002 0.004 0.001 0.002 0.001 0 0.002 0.005 0.04 0.003 0.003
0.126 0.157 0.152 0.052 0.01 0.605 1 0.005 0.063 0.001 0.005 0.002 0.003 0.002 0.149 0.136 0.007 0.002 0.004 0.16 0.01 0.014 0.031 0.011 0.073 0.004 0.005 0.541 0.35 0.368 0.011 0.059 0.036 0.002 0.307 0.011 0.541 0.009 0.027 0.002 0.015 0.059 0.008 0.002 0.348 0.005 0.03 0.013 0.008 0.058 0.008 0.416 0.007 0.01 0.004 0.05 0 0.258 0.001 0.002 0.037 0 0.003 0.001 0.203 0.002 0.004 0 0.026 0.003 0.001 0.001 0 0.001 0 0.012 0.001 0.002
0.231 0.287 0.28 0.11 0.532 0.009 0.005 1 0.106 0.002 0.96 0.416 0.005 0.003 0.269 0.23 0.724 0.003 0.008 0.289 0.017 0.03 0.059 0.492 0.137 0.006 0.01 0.01 0.002 0.002 0.416 0.093 0.07 0.002 0.003 0.196 0.005 0.229 0.057 0.004 0.025 0.04 0 0.003 0.007 0.081 0.051 0.034 0.003 0.003 0.02 0 0.019 0 0.004 0.004 0.002 0.003 0.003 0.002 0.003 0.025 0 0.002 0.003 0.014 0.004 0.026 0.003 0 0.001 0.003 0.003 0.002 0.004 0.003 0.005 0.002
0.259 0.241 0.252 0.836 0.2 0.1 0.063 0.106 1 0.019 0.101 0.048 0.042 0.036 0.286 0.299 0.131 0.035 0.035 0.296 0.094 0.258 0.424 0.182 0.67 0.013 0.027 0.098 0.022 0.023 0.153 0.592 0.403 0.033 0.019 0.009 0.03 0.002 0.511 0.037 0.29 0.003 0.052 0.024 0.051 0.007 0.266 0.248 0.007 0.013 0.1 0.026 0.106 0.064 0.004 0.016 0.028 0.014 0.021 0.011 0.017 0.05 0.021 0.016 0.013 0.03 0.066 0.04 0.016 0.023 0.01 0.037 0.012 0.011 0.033 0.002 0.006 0.018
0.009 0.008 0.008 0.02 0.004 0.002 0.001 0.002 0.019 1 0.002 0.001 0.001 0.001 0.005 0.002 0.003 0.001 0.002 0.007 0.004 0.007 0.014 0.004 0.015 0.146 0.002 0.002 0 0 0.004 0.015 0.019 0.001 0.001 0.004 0.001 0.003 0.011 0.001 0.006 0.013 0.005 0.001 0.001 0.002 0.012 0.019 0.001 0.007 0.005 0.001 0.005 0.006 0.001 0.008 0.007 0 0.001 0.001 0.007 0.006 0.001 0.559 0 0.003 0.002 0.006 0.007 0.001 0.001 0.001 0.001 0 0.006 0.001 0.001 0.001
0.221 0.276 0.268 0.105 0.523 0.009 0.005 0.96 0.101 0.002 1 0.433 0.005 0.003 0.258 0.22 0.714 0.003 0.008 0.277 0.016 0.029 0.056 0.472 0.132 0.006 0.009 0.009 0.002 0.002 0.397 0.088 0.066 0.002 0.003 0.18 0.005 0.211 0.053 0.004 0.024 0.035 0 0.003 0.007 0.075 0.046 0.035 0.003 0.002 0.019 0 0.018 0 0.004 0.003 0.002 0.003 0.002 0.002 0.002 0.024 0 0.002 0.003 0.013 0.003 0.025 0.002 0 0.001 0.003 0.003 0.002 0.003 0.003 0.005 0.002
0.096 0.12 0.117 0.046 0.227 0.004 0.002 0.416 0.048 0.001 0.433 1 0.002 0.001 0.115 0.104 0.333 0.001 0.003 0.123 0.008 0.013 0.026 0.204 0.059 0.003 0.004 0.004 0.001 0.001 0.194 0.059 0.047 0 0.001 0.089 0.002 0.103 0.039 0.002 0.01 0.018 0.002 0.001 0.003 0.031 0.025 0.018 0.001 0 0.009 0.003 0.009 0.001 0.002 0 0 0.001 0.001 0.001 0 0.011 0.002 0.001 0.001 0.006 0.003 0.012 0 0.002 0.001 0.001 0.001 0.001 0.002 0.001 0.003 0.001
0.021 0.017 0.017 0.044 0.009 0.004 0.003 0.005 0.042 0.001 0.005 0.002 1 0.001 0.004 0.003 0.006 0.001 0.004 0.009 0.132 0.015 0.03 0.009 0.029 0.003 0.005 0.005 0.001 0.001 0.008 0.024 0.025 0 0 0.005 0 0.004 0.031 0.002 0.01 0.067 0.061 0.001 0.001 0.026 0.016 0 0 0.051 0.081 0 0.065 0.061 0 0.095 0.055 0 0.01 0.361 0.049 0.064 0.003 0.001 0 0 0.004 0.055 0.052 0.003 0.058 0 0.029 0.001 0.055 0.002 0.003 0.163
0.071 0.089 0.087 0.034 0.006 0.344 0.002 0.003 0.036 0.001 0.003 0.001 0.001 1 0.085 0.077 0.004 0.001 0.003 0.091 0.006 0.009 0.019 0.005 0.043 0.002 0.002 0.31 0.001 0.001 0.006 0.042 0.033 0 0.001 0.006 0.002 0.005 0.027 0.001 0.103 0.019 0.007 0.001 0.002 0.015 0.024 0.013 0.034 0.011 0.006 0.002 0.006 0.008 0.024 0.012 0.009 0 0.001 0.001 0.01 0.008 0.001 0.001 0.001 0.004 0.002 0.008 0.01 0.001 0.001 0 0.001 0.001 0.008 0.032 0.015 0.001
0.562 0.676 0.697 0.258 0.493 0.239 0.149 0.269 0.286 0.005 0.258 0.115 0.004 0.085 1 0.869 0.338 0.083 0.01 0.789 0.029 0.088 0.14 0.431 0.344 0.021 0.013 0.24 0.052 0.056 0.331 0.271 0.202 0.007 0.055 0.063 0.088 0.031 0.159 0.016 0.015 0.055 0.007 0.005 0.136 0.02 0 0.059 0.007 0.013 0.031 0.082 0.032 0.011 0.006 0.007 0 0.046 0.002 0.012 0.012 0.003 0.002 0.003 0.041 0.007 0.021 0.002 0.004 0.003 0.009 0.01 0 0.007 0 0.016 0 0.011
0.512 0.595 0.614 0.279 0.419 0.217 0.136 0.23 0.299 0.002 0.22 0.104 0.003 0.077 0.869 1 0.292 0.075 0.012 0.701 0.031 0.097 0.151 0.425 0.371 0.017 0.016 0.217 0.047 0.051 0.331 0.301 0.228 0.008 0.058 0.073 0.088 0.041 0.181 0.017 0.008 0.052 0.015 0.004 0.133 0.018 0.005 0.062 0.005 0.006 0.041 0.082 0.042 0.02 0.005 0.002 0.002 0.049 0.002 0.013 0.005 0.006 0.003 0.001 0.045 0.009 0.024 0.006 0.001 0.004 0.01 0.005 0.001 0 0.002 0.014 0 0.013
0.25 0.28 0.306 0.133 0.66 0.011 0.007 0.724 0.131 0.003 0.714 0.333 0.006 0.004 0.338 0.292 1 0.004 0.01 0.369 0.023 0.038 0.077 0.568 0.177 0.008 0.012 0.012 0.002 0.003 0.489 0.128 0.098 0.003 0.004 0.263 0.007 0.153 0.08 0.005 0.021 0.054 0 0.004 0.02 0.102 0.03 0.032 0.004 0.002 0.026 0.001 0.024 0.001 0.005 0.001 0.003 0.004 0.003 0.004 0.002 0.001 0.001 0.002 0.004 0.004 0.005 0.002 0.001 0.001 0.003 0.004 0.003 0.003 0.002 0.004 0.007 0.004
0.05 0.064 0.062 0.033 0.126 0.003 0.002 0.003 0.035 0.001 0.003 0.001 0.001 0.001 0.083 0.075 0.004 1 0.002 0.089 0.006 0.009 0.019 0.143 0.043 0.002 0.003 0.001 0.001 0.001 0.136 0.043 0.034 0.001 0.001 0.006 0.002 0.005 0.029 0.001 0.006 0.019 0.006 0.001 0.002 0.015 0.006 0.002 0.004 0.011 0.007 0.002 0.006 0.008 0.002 0.011 0.009 0.001 0.001 0 0.01 0.008 0.002 0.001 0.001 0.004 0.002 0.004 0.01 0.002 0.001 0.001 0.001 0.001 0.008 0.003 0.002 0.001
0.035 0.028 0.029 0.074 0.015 0.007 0.004 0.008 0.035 0.002 0.008 0.003 0.004 0.003 0.01 0.012 0.01 0.002 1 0.028 0.425 0.025 0.127 0.016 0.057 0.006 0.842 0.008 0.002 0.002 0.017 0.047 0.06 0.003 0.003 0.016 0.004 0.014 0.074 0.004 0.016 0.113 0.35 0.002 0.006 0.104 0.036 0.029 0.002 0.205 0.328 0.005 0.346 0.28 0.003 0.183 0.238 0.003 0.002 0.001 0.18 0.262 0.004 0.002 0.002 0.507 0.006 0.252 0.208 0.005 0.001 0.004 0.003 0.001 0.251 0.003 0.003 0.001
0.588 0.693 0.718 0.278 0.512 0.256 0.16 0.289 0.296 0.007 0.277 0.123 0.009 0.091 0.789 0.701 0.369 0.089 0.028 1 0.051 0.085 0.169 0.513 0.399 0.023 0.028 0.228 0.057 0.059 0.404 0.314 0.234 0.006 0.039 0.069 0.072 0.035 0.185 0.006 0.012 0.03 0.02 0.01 0.122 0.008 0.002 0.063 0.008 0.002 0.059 0.069 0.056 0.027 0.008 0 0.003 0.032 0.009 0.011 0 0.012 0 0.005 0.026 0.016 0.021 0.012 0 0.001 0.009 0.009 0.005 0.007 0.005 0.018 0 0.011
0.019 0.01 0.011 0.058 0.033 0.017 0.01 0.017 0.094 0.004 0.016 0.008 0.132 0.006 0.029 0.031 0.023 0.006 0.425 0.051 1 0.054 0.28 0.037 0.131 0.013 0.491 0.018 0.004 0.004 0.036 0.103 0.125 0.006 0 0.032 0.002 0.027 0.154 0.008 0.045 0.259 0.637 0.004 0.004 0.189 0.085 0.026 0.006 0.452 0.677 0.002 0.627 0.564 0.008 0.403 0.483 0 0.126 0.029 0.372 0.488 0.006 0.004 0 0.338 0.015 0.507 0.467 0.006 0.059 0.009 0.091 0 0.484 0.006 0.006 0.105
0.106 0.097 0.092 0.266 0.055 0.023 0.014 0.03 0.258 0.007 0.029 0.013 0.015 0.009 0.088 0.097 0.038 0.009 0.025 0.085 0.054 1 0.422 0.059 0.183 0.021 0.028 0.027 0.006 0.006 0.04 0.175 0.041 0.01 0.008 0.027 0.013 0.037 0.062 0.126 0.078 0.021 0.045 0.085 0.021 0.018 0.021 0.15 0 0.051 0.02 0.017 0.016 0.024 0.003 0.056 0.039 0.01 0.008 0.009 0.041 0.029 0.053 0.002 0.009 0.007 0.013 0.032 0.045 0.061 0.006 0.009 0.006 0.005 0.034 0.007 0.041 0.007
0.128 0.111 0.108 0.37 0.11 0.049 0.031 0.059 0.424 0.014 0.056 0.026 0.03 0.019 0.14 0.151 0.077 0.019 0.127 0.169 0.28 0.422 1 0.12 0.392 0.043 0.148 0.056 0.012 0.013 0.094 0.345 0.176 0.021 0.006 0 0.016 0.003 0.239 0.056 0.153 0.084 0.196 0.044 0.028 0.056 0.107 0.029 0.003 0.113 0.274 0.021 0.259 0.21 0 0.09 0.144 0.008 0.037 0.002 0.095 0.163 0.013 0.008 0.006 0.138 0.034 0.166 0.109 0.016 0.014 0.021 0.027 0.004 0.153 0 0.008 0.03
0.324 0.372 0.4 0.179 0.805 0.017 0.011 0.492 0.182 0.004 0.472 0.204 0.009 0.005 0.431 0.425 0.568 0.143 0.016 0.513 0.037 0.059 0.12 1 0.255 0.013 0.019 0.019 0.004 0.004 0.818 0.195 0.148 0.007 0.007 0.202 0.01 0.126 0.12 0.008 0.054 0.024 0.006 0.006 0.007 0.054 0.008 0.045 0.001 0.002 0.042 0.003 0.039 0.009 0 0.004 0.001 0.007 0.005 0.006 0.002 0.011 0.003 0.002 0.004 0.011 0.01 0.009 0.004 0.003 0.005 0.009 0.005 0.004 0.001 0 0.004 0.006
0.291 0.295 0.319 0.631 0.225 0.118 0.073 0.137 0.67 0.015 0.132 0.059 0.029 0.043 0.344 0.371 0.177 0.043 0.057 0.399 0.131 0.183 0.392 0.255 1 0.048 0.065 0.126 0.027 0.028 0.243 0.842 0.644 0.034 0.028 0.024 0.043 0.01 0.523 0.024 0.175 0.002 0.08 0.02 0.065 0.006 0.204 0.186 0.017 0.022 0.146 0.036 0.135 0.088 0.005 0.025 0.05 0.019 0.018 0.014 0.021 0.069 0.013 0.013 0.015 0.061 0 0.069 0.03 0.015 0.009 0.041 0.015 0.014 0.06 0.001 0.004 0.023
0.01 0.023 0.023 0.011 0.012 0.006 0.004 0.006 0.013 0.146 0.006 0.003 0.003 0.002 0.021 0.017 0.008 0.002 0.006 0.023 0.013 0.021 0.043 0.013 0.048 1 0.007 0.007 0.001 0.001 0.014 0.048 0.06 0 0.002 0.014 0.003 0.012 0.01 0.003 0.071 0.041 0.015 0.001 0.005 0.015 0.026 0.004 0.002 0.013 0.006 0.004 0.005 0.008 0.003 0.016 0.01 0.002 0.002 0.002 0.012 0.008 0.003 0.149 0.002 0.002 0.26 0.009 0.012 0.002 0.002 0 0.001 0.001 0.009 0.002 0.004 0.002
0.04 0.032 0.032 0.06 0.018 0.007 0.005 0.01 0.027 0.002 0.009 0.004 0.005 0.002 0.013 0.016 0.012 0.003 0.842 0.028 0.491 0.028 0.148 0.019 0.065 0.007 1 0.008 0.002 0.002 0.02 0.055 0.071 0.003 0.003 0.019 0.005 0.017 0.087 0.004 0.019 0.132 0.409 0.002 0.007 0.094 0.042 0.034 0.003 0.239 0.383 0.006 0.347 0.327 0.004 0.213 0.278 0.003 0.003 0.002 0.162 0.259 0.005 0.002 0.003 0.597 0.008 0.287 0.243 0.005 0.001 0.004 0.003 0.001 0.295 0.003 0.004 0.001
0.201 0.252 0.245 0.085 0.015 0.874 0.541 0.01 0.098 0.002 0.009 0.004 0.005 0.31 0.24 0.217 0.012 0.001 0.008 0.228 0.018 0.027 0.056 0.019 0.126 0.007 0.008 1 0.199 0.209 0.02 0.118 0.084 0.001 0.255 0.019 0.435 0.013 0.067 0.004 0.008 0.019 0.016 0.003 0.264 0.014 0.003 0.032 0.039 0.025 0.017 0.321 0.016 0.021 0.024 0.02 0.004 0.249 0.003 0.003 0.015 0.003 0.001 0.002 0.195 0.007 0.008 0.003 0.01 0.001 0.003 0.001 0 0.002 0.006 0.042 0.003 0.003
0.044 0.055 0.053 0.021 0.003 0.212 0.35 0.002 0.022 0 0.002 0.001 0.001 0.001 0.052 0.047 0.002 0.001 0.002 0.057 0.004 0.006 0.012 0.004 0.027 0.001 0.002 0.199 1 0.925 0.004 0.012 0.008 0.001 0.043 0.004 0.228 0.003 0.006 0.001 0.005 0.014 0.004 0.001 0.032 0.01 0.011 0.003 0.019 0.001 0.004 0.04 0.004 0.005 0.012 0.001 0.005 0.028 0 0.001 0 0.004 0.001 0 0.034 0.003 0.002 0.004 0 0.001 0.001 0 0 0 0.004 0.031 0 0.001
0.045 0.057 0.055 0.022 0.004 0.222 0.368 0.002 0.023 0 0.002 0.001 0.001 0.001 0.056 0.051 0.003 0.001 0.002 0.059 0.004 0.006 0.013 0.004 0.028 0.001 0.002 0.209 0.925 1 0.004 0.013 0.01 0.001 0.061 0.003 0.247 0.003 0.008 0.001 0.006 0.016 0.004 0.001 0.042 0.01 0.01 0.003 0.017 0.002 0.005 0.051 0.004 0.005 0.011 0.002 0.003 0.026 0.001 0.001 0 0.002 0.001 0 0.031 0.001 0.002 0.002 0 0.001 0.001 0 0 0 0.002 0.028 0 0.001
0.244 0.289 0.309 0.151 0.649 0.018 0.011 0.416 0.153 0.004 0.397 0.194 0.008 0.006 0.331 0.331 0.489 0.136 0.017 0.404 0.036 0.04 0.094 0.818 0.243 0.014 0.02 0.02 0.004 0.004 1 0.233 0.195 0.007 0.007 0.297 0.011 0.209 0.161 0.009 0.058 0.044 0.006 0.006 0.006 0.073 0.021 0.052 0.001 0.003 0.042 0.003 0.038 0.01 0.003 0.005 0.001 0.007 0.005 0.006 0.003 0.012 0.01 0.005 0.006 0.011 0.011 0.011 0.004 0.011 0.005 0.009 0.006 0.004 0.002 0.002 0.012 0.007
0.227 0.231 0.249 0.555 0.169 0.102 0.059 0.093 0.592 0.015 0.088 0.059 0.024 0.042 0.271 0.301 0.128 0.043 0.047 0.314 0.103 0.175 0.345 0.195 0.842 0.048 0.055 0.118 0.012 0.013 0.233 1 0.76 0.034 0.049 0.037 0.075 0.022 0.628 0.03 0.188 0 0.082 0.021 0.097 0.003 0.243 0.207 0.017 0.014 0.148 0.063 0.138 0.09 0.005 0.014 0.047 0.048 0.018 0.009 0.011 0.065 0.026 0.016 0.039 0.063 0 0.065 0.018 0.028 0.009 0.041 0.015 0.027 0.056 0 0.008 0.016
0.159 0.156 0.17 0.378 0.128 0.068 0.036 0.07 0.403 0.019 0.066 0.047 0.025 0.033 0.202 0.228 0.098 0.034 0.06 0.234 0.125 0.041 0.176 0.148 0.644 0.06 0.071 0.084 0.008 0.01 0.195 0.76 1 0.026 0.038 0.219 0.058 0.197 0.827 0.038 0.135 0.02 0.095 0.028 0.077 0.001 0.339 0.194 0.011 0.026 0.167 0.05 0.152 0.108 0.002 0.03 0.068 0.038 0.023 0.018 0.021 0.087 0.027 0.02 0.024 0.063 0.001 0.087 0.034 0.03 0.012 0.032 0.026 0.021 0.078 0 0.005 0.027
0.005 0.006 0.007 0.031 0.005 0.001 0.002 0.002 0.033 0.001 0.002 0 0 0 0.007 0.008 0.003 0.001 0.003 0.006 0.006 0.01 0.021 0.007 0.034 0 0.003 0.001 0.001 0.001 0.007 0.034 0.026 1 0.001 0.007 0.002 0.006 0.032 0.001 0.119 0.022 0.007 0.001 0.002 0.017 0.062 0.015 0.06 0.012 0.008 0.002 0.007 0.009 0.04 0.014 0.01 0.001 0.001 0.001 0.012 0.009 0.002 0.001 0.001 0.005 0.003 0.009 0.012 0.002 0.001 0.721 0.001 0.001 0.01 0.001 0.002 0.001
0.045 0.058 0.056 0.017 0.006 0.18 0.307 0.003 0.019 0.001 0.003 0.001 0 0.001 0.055 0.058 0.004 0.001 0.003 0.039 0 0.008 0.006 0.007 0.028 0.002 0.003 0.255 0.043 0.061 0.007 0.049 0.038 0.001 1 0.007 0.544 0.006 0.033 0.001 0.01 0.054 0.007 0.001 0.33 0 0.019 0.015 0.026 0.056 0.008 0.392 0.007 0.009 0.017 0.049 0 0.327 0.001 0.001 0.043 0 0.002 0.001 0.313 0 0.003 0 0.035 0.002 0.001 0.002 0.001 0.001 0 0.023 0 0.001
0.042 0.046 0.055 0.008 0.17 0.018 0.011 0.196 0.009 0.004 0.18 0.089 0.005 0.006 0.063 0.073 0.263 0.006 0.016 0.069 0.032 0.027 0 0.202 0.024 0.014 0.019 0.019 0.004 0.003 0.297 0.037 0.219 0.007 0.007 1 0.01 0.851 0.183 0.009 0.056 0.264 0.026 0.132 0.006 0.211 0.153 0.02 0.006 0.014 0.028 0.011 0.024 0.03 0.008 0.017 0.007 0.007 0.005 0.006 0.008 0.005 0.005 0.005 0.006 0.004 0.011 0.005 0.016 0.004 0.004 0.008 0.005 0.004 0.006 0.007 0.001 0.006
0.072 0.093 0.09 0.028 0.01 0.32 0.541 0.005 0.03 0.001 0.005 0.002 0 0.002 0.088 0.088 0.007 0.002 0.004 0.072 0.002 0.013 0.016 0.01 0.043 0.003 0.005 0.435 0.228 0.247 0.011 0.075 0.058 0.002 0.544 0.01 1 0.006 0.05 0.002 0.015 0.083 0.011 0.002 0.469 0.001 0.029 0.023 0.014 0.078 0.012 0.558 0.011 0.014 0.008 0.068 0.002 0.497 0.001 0.002 0.067 0.001 0.003 0.001 0.477 0.002 0.004 0.001 0.051 0.003 0.001 0.001 0.001 0.001 0.004 0.012 0.001 0.002
0.019 0.027 0.025 0.002 0.096 0.015 0.009 0.229 0.002 0.003 0.211 0.103 0.004 0.005 0.031 0.041 0.153 0.005 0.014 0.035 0.027 0.037 0.003 0.126 0.01 0.012 0.017 0.013 0.003 0.003 0.209 0.022 0.197 0.006 0.006 0.851 0.006 1 0.165 0.007 0.049 0.233 0.021 0.152 0.009 0.167 0.199 0.015 0.005 0.04 0.023 0.006 0.02 0.028 0.007 0.043 0.034 0.003 0.004 0.005 0.03 0.029 0.004 0.004 0.002 0.01 0.009 0.03 0.036 0.005 0.004 0.007 0.006 0.004 0.031 0.006 0.002 0.005
0.133 0.116 0.129 0.479 0.102 0.053 0.027 0.057 0.511 0.011 0.053 0.039 0.031 0.027 0.159 0.181 0.08 0.029 0.074 0.185 0.154 0.062 0.239 0.12 0.523 0.01 0.087 0.067 0.006 0.008 0.161 0.628 0.827 0.032 0.033 0.183 0.05 0.165 1 0.045 0.27 0.005 0.123 0.023 0.065 0.001 0.477 0.242 0.009 0.047 0.203 0.041 0.185 0.14 0.001 0.052 0.096 0.031 0.027 0.023 0.039 0.117 0.035 0.012 0.02 0.081 0.053 0.117 0.056 0.037 0.015 0.036 0.029 0.018 0.106 0 0.009 0.032
0.018 0.015 0.015 0.039 0.008 0.004 0.002 0.004 0.037 0.001 0.004 0.002 0.002 0.001 0.016 0.017 0.005 0.001 0.004 0.006 0.008 0.126 0.056 0.008 0.024 0.003 0.004 0.004 0.001 0.001 0.009 0.03 0.038 0.001 0.001 0.009 0.002 0.007 0.045 1 0.012 0.023 0.009 0.001 0.003 0.017 0.013 0.051 0.001 0.012 0.007 0.003 0.006 0.004 0.002 0.014 0.012 0.001 0.001 0.002 0.012 0.009 0.313 0.001 0.001 0.005 0 0.009 0.014 0.333 0.001 0.002 0.001 0.001 0.009 0.001 0.019 0.001
0.003 0.02 0.017 0.272 0.033 0.009 0.015 0.025 0.29 0.006 0.024 0.01 0.01 0.103 0.015 0.008 0.021 0.006 0.016 0.012 0.045 0.078 0.153 0.054 0.175 0.071 0.019 0.008 0.005 0.006 0.058 0.188 0.135 0.119 0.01 0.056 0.015 0.049 0.27 0.012 1 0.181 0.06 0.008 0.02 0.131 0.472 0.101 0.013 0.102 0.063 0.017 0.059 0.075 0.005 0.114 0.085 0.009 0.007 0.01 0.097 0.076 0.008 0.007 0.009 0.039 0.206 0.079 0.097 0.009 0.007 0.135 0.008 0.068 0.08 0 0 0.009
0.047 0.065 0.07 0.001 0.021 0.011 0.059 0.04 0.003 0.013 0.035 0.018 0.067 0.019 0.055 0.052 0.054 0.019 0.113 0.03 0.259 0.021 0.084 0.024 0.002 0.041 0.132 0.019 0.014 0.016 0.044 0 0.02 0.022 0.054 0.264 0.083 0.233 0.005 0.023 0.181 1 0.237 0.046 0.108 0.468 0.001 0.072 0.004 0.35 0.249 0.05 0.225 0.185 0.01 0.343 0.249 0.051 0.041 0.029 0.29 0.274 0.023 0.013 0.043 0.139 0.041 0.277 0.287 0.025 0.018 0.026 0.042 0.013 0.251 0.006 0.015 0.034
0.003 0.001 0.001 0.04 0.003 0.015 0.008 0 0.052 0.005 0 0.002 0.061 0.007 0.007 0.015 0 0.006 0.35 0.02 0.637 0.045 0.196 0.006 0.08 0.015 0.409 0.016 0.004 0.004 0.006 0.082 0.095 0.007 0.007 0.026 0.011 0.021 0.123 0.009 0.06 0.237 1 0.005 0.015 0.257 0.116 0.045 0.006 0.589 0.736 0.003 0.697 0.796 0.009 0.531 0.66 0.007 0.089 0.035 0.493 0.544 0.011 0.005 0.003 0.344 0.017 0.552 0.565 0.012 0.061 0.01 0.092 0.004 0.649 0.007 0.011 0.104
0.003 0.01 0.01 0.024 0.005 0.003 0.002 0.003 0.024 0.001 0.003 0.001 0.001 0.001 0.005 0.004 0.004 0.001 0.002 0.01 0.004 0.085 0.044 0.006 0.02 0.001 0.002 0.003 0.001 0.001 0.006 0.021 0.028 0.001 0.001 0.132 0.002 0.152 0.023 0.001 0.008 0.046 0.005 1 0.002 0.005 0.03 0.018 0.001 0.009 0.005 0.002 0.006 0.007 0.001 0.01 0.008 0.001 0.001 0.001 0.004 0.008 0 0.001 0.001 0.003 0.002 0.007 0.009 0 0.001 0.001 0.001 0.001 0.007 0.001 0.007 0.001
0.113 0.114 0.14 0.048 0.009 0.198 0.348 0.007 0.051 0.001 0.007 0.003 0.001 0.002 0.136 0.133 0.02 0.002 0.006 0.122 0.004 0.021 0.028 0.007 0.065 0.005 0.007 0.264 0.032 0.042 0.006 0.097 0.077 0.002 0.33 0.006 0.469 0.009 0.065 0.003 0.02 0.108 0.015 0.002 1 0.008 0.038 0.03 0.002 0.193 0.015 0.586 0.014 0.014 0.003 0.173 0.018 0.485 0.002 0.002 0.159 0.023 0.004 0.002 0.365 0.001 0.005 0.021 0.116 0.004 0.002 0.002 0.001 0.001 0.015 0.002 0.004 0.002
0.017 0.023 0.027 0.006 0.048 0.018 0.005 0.081 0.007 0.002 0.075 0.031 0.026 0.015 0.02 0.018 0.102 0.015 0.104 0.008 0.189 0.018 0.056 0.054 0.006 0.015 0.094 0.014 0.01 0.01 0.073 0.003 0.001 0.017 0 0.211 0.001 0.167 0.001 0.017 0.131 0.468 0.257 0.005 0.008 1 0 0.055 0.015 0.263 0.254 0.002 0.26 0.245 0.02 0.232 0.272 0 0.034 0.011 0.267 0.292 0.015 0.003 0.001 0.135 0.039 0.261 0.247 0.016 0.016 0.021 0.036 0.004 0.289 0.017 0.018 0.049
0.002 0 0 0.253 0.007 0.002 0.03 0.051 0.266 0.012 0.046 0.025 0.016 0.024 0 0.005 0.03 0.006 0.036 0.002 0.085 0.021 0.107 0.008 0.204 0.026 0.042 0.003 0.011 0.01 0.021 0.243 0.339 0.062 0.019 0.153 0.029 0.199 0.477 0.013 0.472 0.001 0.116 0.03 0.038 0 1 0.133 0.003 0.196 0.122 0.032 0.113 0.145 0 0.215 0.164 0.018 0.014 0.02 0.187 0.147 0.014 0.013 0.017 0.076 0.144 0.152 0.187 0.016 0.014 0.07 0.017 0.035 0.153 0.004 0.001 0.018
0.077 0.062 0.064 0.215 0.034 0.024 0.013 0.034 0.248 0.019 0.035 0.018 0 0.013 0.059 0.062 0.032 0.002 0.029 0.063 0.026 0.15 0.029 0.045 0.186 0.004 0.034 0.032 0.003 0.003 0.052 0.207 0.194 0.015 0.015 0.02 0.023 0.015 0.242 0.051 0.101 0.072 0.045 0.018 0.03 0.055 0.133 1 0.013 0.093 0.043 0.016 0.038 0.052 0.003 0.067 0.06 0.014 0.004 0.002 0.073 0.049 0.061 0.022 0.013 0.048 0.032 0.053 0.074 0.069 0.006 0.015 0.001 0.008 0.056 0 0.028 0.007
0.007 0.007 0.007 0.006 0.001 0.035 0.008 0.003 0.007 0.001 0.003 0.001 0 0.034 0.007 0.005 0.004 0.004 0.002 0.008 0.006 0 0.003 0.001 0.017 0.002 0.003 0.039 0.019 0.017 0.001 0.017 0.011 0.06 0.026 0.006 0.014 0.005 0.009 0.001 0.013 0.004 0.006 0.001 0.002 0.015 0.003 0.013 1 0.011 0.007 0.002 0.006 0.008 0.727 0.012 0.009 0 0.001 0.001 0.01 0.008 0.002 0.001 0.001 0.004 0.002 0.008 0.01 0.002 0.001 0.042 0.001 0.001 0.008 0.448 0.021 0.001
0.015 0.022 0.027 0.007 0 0.016 0.058 0.003 0.013 0.007 0.002 0 0.051 0.011 0.013 0.006 0.002 0.011 0.205 0.002 0.452 0.051 0.113 0.002 0.022 0.013 0.239 0.025 0.001 0.002 0.003 0.014 0.026 0.012 0.056 0.014 0.078 0.04 0.047 0.012 0.102 0.35 0.589 0.009 0.193 0.263 0.196 0.093 0.011 1 0.62 0.133 0.574 0.659 0.015 0.896 0.759 0.093 0.072 0.015 0.849 0.675 0.019 0.008 0.078 0.384 0.028 0.683 0.86 0.02 0.038 0.015 0.089 0.007 0.734 0.012 0.019 0.068
0.019 0.014 0.015 0.075 0.033 0.015 0.008 0.02 0.1 0.005 0.019 0.009 0.081 0.006 0.031 0.041 0.026 0.007 0.328 0.059 0.677 0.02 0.274 0.042 0.146 0.006 0.383 0.017 0.004 0.005 0.042 0.148 0.167 0.008 0.008 0.028 0.012 0.023 0.203 0.007 0.063 0.249 0.736 0.005 0.015 0.254 0.122 0.043 0.007 0.62 1 0.013 0.918 0.834 0.009 0.556 0.713 0.008 0.117 0.033 0.528 0.743 0.012 0.005 0.003 0.499 0.018 0.759 0.593 0.012 0.066 0.01 0.134 0.004 0.724 0.007 0.011 0.113
0.067 0.088 0.085 0.024 0.002 0.241 0.416 0 0.026 0.001 0 0.003 0 0.002 0.082 0.082 0.001 0.002 0.005 0.069 0.002 0.017 0.021 0.003 0.036 0.004 0.006 0.321 0.04 0.051 0.003 0.063 0.05 0.002 0.392 0.011 0.558 0.006 0.041 0.003 0.017 0.05 0.003 0.002 0.586 0.002 0.032 0.016 0.002 0.133 0.013 1 0.011 0.005 0.002 0.121 0.001 0.574 0.002 0.001 0.104 0 0.003 0.001 0.433 0.002 0.005 0 0.085 0.003 0.001 0.002 0.001 0.001 0.001 0.002 0.004 0.001
0.015 0.011 0.012 0.08 0.03 0.014 0.007 0.019 0.106 0.005 0.018 0.009 0.065 0.006 0.032 0.042 0.024 0.006 0.346 0.056 0.627 0.016 0.259 0.039 0.135 0.005 0.347 0.016 0.004 0.004 0.038 0.138 0.152 0.007 0.007 0.024 0.011 0.02 0.185 0.006 0.059 0.225 0.697 0.006 0.014 0.26 0.113 0.038 0.006 0.574 0.918 0.011 1 0.776 0.009 0.517 0.662 0.007 0.125 0.039 0.54 0.744 0.011 0.005 0.003 0.434 0.016 0.704 0.55 0.012 0.075 0.009 0.144 0.004 0.67 0.007 0.01 0.126
0.005 0.002 0.003 0.047 0.005 0.019 0.01 0 0.064 0.006 0 0.001 0.061 0.008 0.011 0.02 0.001 0.008 0.28 0.027 0.564 0.024 0.21 0.009 0.088 0.008 0.327 0.021 0.005 0.005 0.01 0.09 0.108 0.009 0.009 0.03 0.014 0.028 0.14 0.004 0.075 0.185 0.796 0.007 0.014 0.245 0.145 0.052 0.008 0.659 0.834 0.005 0.776 1 0.011 0.638 0.774 0.009 0.098 0.043 0.597 0.664 0.008 0.006 0.004 0.44 0.021 0.678 0.663 0.009 0.077 0.012 0.112 0.005 0.729 0.009 0.014 0.098
0.006 0.007 0.006 0.003 0 0.022 0.004 0.004 0.004 0.001 0.004 0.002 0 0.024 0.006 0.005 0.005 0.002 0.003 0.008 0.008 0.003 0 0 0.005 0.003 0.004 0.024 0.012 0.011 0.003 0.005 0.002 0.04 0.017 0.008 0.008 0.007 0.001 0.002 0.005 0.01 0.009 0.001 0.003 0.02 0 0.003 0.727 0.015 0.009 0.002 0.009 0.011 1 0.017 0.012 0.001 0.001 0.001 0.014 0.011 0.002 0.001 0 0.006 0.003 0.011 0.014 0.002 0.001 0.027 0.001 0.001 0.012 0.631 0.061 0.001
0.009 0.014 0.018 0.01 0.001 0.012 0.05 0.004 0.016 0.008 0.003 0 0.095 0.012 0.007 0.002 0.001 0.011 0.183 0 0.403 0.056 0.09 0.004 0.025 0.016 0.213 0.02 0.001 0.002 0.005 0.014 0.03 0.014 0.049 0.017 0.068 0.043 0.052 0.014 0.114 0.343 0.531 0.01 0.173 0.232 0.215 0.067 0.012 0.896 0.556 0.121 0.517 0.638 0.017 1 0.75 0.083 0.065 0.09 0.831 0.67 0.021 0.009 0.07 0.348 0.032 0.676 0.842 0.022 0.065 0.016 0.08 0.008 0.7 0.013 0.022 0.081
0 0.001 0.002 0.019 0 0.003 0 0.002 0.028 0.007 0.002 0 0.055 0.009 0 0.002 0.003 0.009 0.238 0.003 0.483 0.039 0.144 0.001 0.05 0.01 0.278 0.004 0.005 0.003 0.001 0.047 0.068 0.01 0 0.007 0.002 0.034 0.096 0.012 0.085 0.249 0.66 0.008 0.018 0.272 0.164 0.06 0.009 0.759 0.713 0.001 0.662 0.774 0.012 0.75 1 0.01 0.079 0.048 0.72 0.874 0.016 0.007 0.005 0.455 0.024 0.885 0.754 0.017 0.087 0.012 0.099 0.006 0.893 0.01 0.018 0.108
0.038 0.05 0.048 0.013 0.006 0.156 0.258 0.003 0.014 0 0.003 0.001 0 0 0.046 0.049 0.004 0.001 0.003 0.032 0 0.01 0.008 0.007 0.019 0.002 0.003 0.249 0.028 0.026 0.007 0.048 0.038 0.001 0.327 0.007 0.497 0.003 0.031 0.001 0.009 0.051 0.007 0.001 0.485 0 0.018 0.014 0 0.093 0.008 0.574 0.007 0.009 0.001 0.083 0.01 1 0.001 0.001 0.097 0.009 0.001 0.001 0.724 0.005 0.003 0.01 0.085 0.002 0.001 0.002 0.001 0.001 0.01 0.001 0.001 0.001
0.03 0.039 0.038 0.011 0.004 0.002 0.001 0.003 0.021 0.001 0.002 0.001 0.01 0.001 0.002 0.002 0.003 0.001 0.002 0.009 0.126 0.008 0.037 0.005 0.018 0.002 0.003 0.003 0 0.001 0.005 0.018 0.023 0.001 0.001 0.005 0.001 0.004 0.027 0.001 0.007 0.041 0.089 0.001 0.002 0.034 0.014 0.004 0.001 0.072 0.117 0.002 0.125 0.098 0.001 0.065 0.079 0.001 1 0 0.074 0.088 0.001 0.001 0.001 0 0.002 0.093 0.068 0.001 0 0.001 0.436 0.001 0.066 0.001 0.002 0
0.013 0.01 0.01 0.012 0.004 0.003 0.002 0.002 0.011 0.001 0.002 0.001 0.361 0.001 0.012 0.013 0.004 0 0.001 0.011 0.029 0.009 0.002 0.006 0.014 0.002 0.002 0.003 0.001 0.001 0.006 0.009 0.018 0.001 0.001 0.006 0.002 0.005 0.023 0.002 0.01 0.029 0.035 0.001 0.002 0.011 0.02 0.002 0.001 0.015 0.033 0.001 0.039 0.043 0.001 0.09 0.048 0.001 0 1 0.04 0.055 0.002 0.001 0.001 0.005 0.003 0.052 0.039 0.002 0.151 0.002 0.001 0.001 0.034 0.001 0.002 0.31
0.012 0.017 0.021 0.009 0 0.008 0.037 0.003 0.017 0.007 0.002 0 0.049 0.01 0.012 0.005 0.002 0.01 0.18 0 0.372 0.041 0.095 0.002 0.021 0.012 0.162 0.015 0 0 0.003 0.011 0.021 0.012 0.043 0.008 0.067 0.03 0.039 0.012 0.097 0.29 0.493 0.004 0.159 0.267 0.187 0.073 0.01 0.849 0.528 0.104 0.54 0.597 0.014 0.831 0.72 0.097 0.074 0.04 1 0.687 0.018 0.008 0.082 0.305 0.027 0.665 0.86 0.019 0.076 0.014 0.092 0.007 0.68 0.011 0.021 0.094
0.001 0 0 0.036 0.006 0.002 0 0.025 0.05 0.006 0.024 0.011 0.064 0.008 0.003 0.006 0.001 0.008 0.262 0.012 0.488 0.029 0.163 0.011 0.069 0.008 0.259 0.003 0.004 0.002 0.012 0.065 0.087 0.009 0 0.005 0.001 0.029 0.117 0.009 0.076 0.274 0.544 0.008 0.023 0.292 0.147 0.049 0.008 0.675 0.743 0 0.744 0.664 0.011 0.67 0.874 0.009 0.088 0.055 0.687 1 0.014 0.006 0.004 0.458 0.021 0.933 0.664 0.015 0.098 0.011 0.111 0.005 0.844 0.009 0.016 0.121
0.005 0.003 0.004 0.022 0.002 0 0.003 0 0.021 0.001 0 0.002 0.003 0.001 0.002 0.003 0.001 0.002 0.004 0 0.006 0.053 0.013 0.003 0.013 0.003 0.005 0.001 0.001 0.001 0.01 0.026 0.027 0.002 0.002 0.005 0.003 0.004 0.035 0.313 0.008 0.023 0.011 0 0.004 0.015 0.014 0.061 0.002 0.019 0.012 0.003 0.011 0.008 0.002 0.021 0.016 0.001 0.001 0.002 0.018 0.014 1 0.001 0.002 0.007 0.004 0.015 0.018 0.936 0.001 0.002 0.002 0.001 0.015 0.002 0.088 0.002
0.006 0.006 0.004 0.015 0.002 0.002 0.001 0.002 0.016 0.559 0.002 0.001 0.001 0.001 0.003 0.001 0.002 0.001 0.002 0.005 0.004 0.002 0.008 0.002 0.013 0.149 0.002 0.002 0 0 0.005 0.016 0.02 0.001 0.001 0.005 0.001 0.004 0.012 0.001 0.007 0.013 0.005 0.001 0.002 0.003 0.013 0.022 0.001 0.008 0.005 0.001 0.005 0.006 0.001 0.009 0.007 0.001 0.001 0.001 0.008 0.006 0.001 1 0.001 0.003 0.002 0.006 0.008 0.001 0.001 0.001 0.001 0 0.006 0.001 0.001 0.001
0.033 0.043 0.042 0.008 0.004 0.118 0.203 0.003 0.013 0 0.003 0.001 0 0.001 0.041 0.045 0.004 0.001 0.002 0.026 0 0.009 0.006 0.004 0.015 0.002 0.003 0.195 0.034 0.031 0.006 0.039 0.024 0.001 0.313 0.006 0.477 0.002 0.02 0.001 0.009 0.043 0.003 0.001 0.365 0.001 0.017 0.013 0.001 0.078 0.003 0.433 0.003 0.004 0 0.07 0.005 0.724 0.001 0.001 0.082 0.004 0.002 0.001 1 0.004 0.002 0.005 0.071 0.002 0.001 0.001 0.001 0.001 0.005 0 0.001 0.001
0.025 0.026 0.018 0.052 0.01 0.006 0.002 0.014 0.03 0.003 0.013 0.006 0 0.004 0.007 0.009 0.004 0.004 0.507 0.016 0.338 0.007 0.138 0.011 0.061 0.002 0.597 0.007 0.003 0.001 0.011 0.063 0.063 0.005 0 0.004 0.002 0.01 0.081 0.005 0.039 0.139 0.344 0.003 0.001 0.135 0.076 0.048 0.004 0.384 0.499 0.002 0.434 0.44 0.006 0.348 0.455 0.005 0 0.005 0.305 0.458 0.007 0.003 0.004 1 0.011 0.475 0.379 0.008 0.004 0.006 0.003 0.003 0.466 0.005 0.008 0.003
0.003 0.021 0.021 0.062 0.009 0.007 0.004 0.004 0.066 0.002 0.003 0.003 0.004 0.002 0.021 0.024 0.005 0.002 0.006 0.021 0.015 0.013 0.034 0.01 0 0.26 0.008 0.008 0.002 0.002 0.011 0 0.001 0.003 0.003 0.011 0.004 0.009 0.053 0 0.206 0.041 0.017 0.002 0.005 0.039 0.144 0.032 0.002 0.028 0.018 0.005 0.016 0.021 0.003 0.032 0.024 0.003 0.002 0.003 0.027 0.021 0.004 0.002 0.002 0.011 1 0.022 0.027 0.004 0.002 0.004 0.002 0.002 0.022 0.003 0.003 0.003
0 0 0 0.027 0.005 0.002 0 0.026 0.04 0.006 0.025 0.012 0.055 0.008 0.002 0.006 0.002 0.004 0.252 0.012 0.507 0.032 0.166 0.009 0.069 0.009 0.287 0.003 0.004 0.002 0.011 0.065 0.087 0.009 0 0.005 0.001 0.03 0.117 0.009 0.079 0.277 0.552 0.007 0.021 0.261 0.152 0.053 0.008 0.683 0.759 0 0.704 0.678 0.011 0.676 0.885 0.01 0.093 0.052 0.665 0.933 0.015 0.006 0.005 0.475 0.022 1 0.672 0.016 0.094 0.011 0.115 0.006 0.855 0.009 0.017 0.115
0.003 0.012 0.012 0.01 0.001 0.004 0.026 0.003 0.016 0.007 0.002 0 0.052 0.01 0.004 0.001 0.001 0.01 0.208 0 0.467 0.045 0.109 0.004 0.03 0.012 0.243 0.01 0 0 0.004 0.018 0.034 0.012 0.035 0.016 0.051 0.036 0.056 0.014 0.097 0.287 0.565 0.009 0.116 0.247 0.187 0.074 0.01 0.86 0.593 0.085 0.55 0.663 0.014 0.842 0.754 0.085 0.068 0.039 0.86 0.664 0.018 0.008 0.071 0.379 0.027 0.672 1 0.019 0.077 0.014 0.094 0.007 0.697 0.011 0.017 0.092
0.006 0.004 0.004 0.024 0.003 0.001 0.003 0 0.023 0.001 0 0.002 0.003 0.001 0.003 0.004 0.001 0.002 0.005 0.001 0.006 0.061 0.016 0.003 0.015 0.002 0.005 0.001 0.001 0.001 0.011 0.028 0.03 0.002 0.002 0.004 0.003 0.005 0.037 0.333 0.009 0.025 0.012 0 0.004 0.016 0.016 0.069 0.002 0.02 0.012 0.003 0.012 0.009 0.002 0.022 0.017 0.002 0.001 0.002 0.019 0.015 0.936 0.001 0.002 0.008 0.004 0.016 0.019 1 0.001 0.003 0.002 0.001 0.016 0.002 0.094 0.002
0.005 0.003 0.003 0.006 0.003 0.002 0.001 0.001 0.01 0.001 0.001 0.001 0.058 0.001 0.009 0.01 0.003 0.001 0.001 0.009 0.059 0.006 0.014 0.005 0.009 0.002 0.001 0.003 0.001 0.001 0.005 0.009 0.012 0.001 0.001 0.004 0.001 0.004 0.015 0.001 0.007 0.018 0.061 0.001 0.002 0.016 0.014 0.006 0.001 0.038 0.066 0.001 0.075 0.077 0.001 0.065 0.087 0.001 0 0.151 0.076 0.098 0.001 0.001 0.001 0.004 0.002 0.094 0.077 0.001 1 0.001 0.001 0.001 0.065 0.001 0.002 0.447
0.003 0.009 0.01 0.035 0.007 0.001 0.001 0.003 0.037 0.001 0.003 0.001 0 0 0.01 0.005 0.004 0.001 0.004 0.009 0.009 0.009 0.021 0.009 0.041 0 0.004 0.001 0 0 0.009 0.041 0.032 0.721 0.002 0.008 0.001 0.007 0.036 0.002 0.135 0.026 0.01 0.001 0.002 0.021 0.07 0.015 0.042 0.015 0.01 0.002 0.009 0.012 0.027 0.016 0.012 0.002 0.001 0.002 0.014 0.011 0.002 0.001 0.001 0.006 0.004 0.011 0.014 0.003 0.001 1 0.001 0.001 0.011 0.002 0.002 0.001
0.015 0.02 0.021 0.001 0.001 0 0 0.003 0.012 0.001 0.003 0.001 0.029 0.001 0 0.001 0.003 0.001 0.003 0.005 0.091 0.006 0.027 0.005 0.015 0.001 0.003 0 0 0 0.006 0.015 0.026 0.001 0.001 0.005 0.001 0.006 0.029 0.001 0.008 0.042 0.092 0.001 0.001 0.036 0.017 0.001 0.001 0.089 0.134 0.001 0.144 0.112 0.001 0.08 0.099 0.001 0.436 0.001 0.092 0.111 0.002 0.001 0.001 0.003 0.002 0.115 0.094 0.002 0.001 0.001 1 0.001 0.095 0.001 0.002 0
0.003 0.007 0.007 0.01 0.004 0.002 0.001 0.002 0.011 0 0.002 0.001 0.001 0.001 0.007 0 0.003 0.001 0.001 0.007 0 0.005 0.004 0.004 0.014 0.001 0.001 0.002 0 0 0.004 0.027 0.021 0.001 0.001 0.004 0.001 0.004 0.018 0.001 0.068 0.013 0.004 0.001 0.001 0.004 0.035 0.008 0.001 0.007 0.004 0.001 0.004 0.005 0.001 0.008 0.006 0.001 0.001 0.001 0.007 0.005 0.001 0 0.001 0.003 0.002 0.006 0.007 0.001 0.001 0.001 0.001 1 0.006 0.001 0.001 0.001
0 0 0.001 0.026 0 0.005 0 0.004 0.033 0.006 0.003 0.002 0.055 0.008 0 0.002 0.002 0.008 0.251 0.005 0.484 0.034 0.153 0.001 0.06 0.009 0.295 0.006 0.004 0.002 0.002 0.056 0.078 0.01 0 0.006 0.004 0.031 0.106 0.009 0.08 0.251 0.649 0.007 0.015 0.289 0.153 0.056 0.008 0.734 0.724 0.001 0.67 0.729 0.012 0.7 0.893 0.01 0.066 0.034 0.68 0.844 0.015 0.006 0.005 0.466 0.022 0.855 0.697 0.016 0.065 0.011 0.095 0.006 1 0.009 0.017 0.114
0.011 0.017 0.016 0.001 0 0.04 0.012 0.003 0.002 0.001 0.003 0.001 0.002 0.032 0.016 0.014 0.004 0.003 0.003 0.018 0.006 0.007 0 0 0.001 0.002 0.003 0.042 0.031 0.028 0.002 0 0 0.001 0.023 0.007 0.012 0.006 0 0.001 0 0.006 0.007 0.001 0.002 0.017 0.004 0 0.448 0.012 0.007 0.002 0.007 0.009 0.631 0.013 0.01 0.001 0.001 0.001 0.011 0.009 0.002 0.001 0 0.005 0.003 0.009 0.011 0.002 0.001 0.002 0.001 0.001 0.009 1 0.075 0.001
0.003 0.001 0.001 0.007 0.004 0.003 0.001 0.005 0.006 0.001 0.005 0.003 0.003 0.015 0 0 0.007 0.002 0.003 0 0.006 0.041 0.008 0.004 0.004 0.004 0.004 0.003 0 0 0.012 0.008 0.005 0.002 0 0.001 0.001 0.002 0.009 0.019 0 0.015 0.011 0.007 0.004 0.018 0.001 0.028 0.021 0.019 0.011 0.004 0.01 0.014 0.061 0.022 0.018 0.001 0.002 0.002 0.021 0.016 0.088 0.001 0.001 0.008 0.003 0.017 0.017 0.094 0.002 0.002 0.002 0.001 0.017 0.075 1 0.002
0.006 0.004 0.004 0.012 0.005 0.003 0.002 0.002 0.018 0.001 0.002 0.001 0.163 0.001 0.011 0.013 0.004 0.001 0.001 0.011 0.105 0.007 0.03 0.006 0.023 0.002 0.001 0.003 0.001 0.001 0.007 0.016 0.027 0.001 0.001 0.006 0.002 0.005 0.032 0.001 0.009 0.034 0.104 0.001 0.002 0.049 0.018 0.007 0.001 0.068 0.113 0.001 0.126 0.098 0.001 0.081 0.108 0.001 0 0.31 0.094 0.121 0.002 0.001 0.001 0.003 0.003 0.115 0.092 0.002 0.447 0.001 0 0.001 0.114 0.001 0.002 1
