1 0.89 0.901 0.441 0.398 0.206 0.157 0.273 0.316 0.016 0.243 0.107 0.022 0.04 0.606 0.57 0.258 0.037 0.028 0.618 0.006 0.156 0.151 0.373 0.351 0.01 0.031 0.199 0.049 0.059 0.301 0.278 0.158 0.004 0.089 0.031 0.12 0.02 0.143 0.021 0.013 0.064 0 0.007 0.11 0.01 0.001 0.078 0.015 0.024 0.011 0.089 0.01 0.001 0.01 0.02 0 0.04 0.038 0.011 0.02 0.002 0.005 0.007 0.035 0.014 0.011 0.001 0.014 0.006 0.009 0.004 0.016 0.001 0 0.009 0.007 0.013
0.89 1 0.98 0.435 0.424 0.231 0.176 0.306 0.306 0.014 0.273 0.12 0.02 0.045 0.666 0.624 0.272 0.043 0.025 0.675 0.003 0.139 0.127 0.398 0.355 0.024 0.028 0.223 0.055 0.066 0.326 0.279 0.163 0.003 0.101 0.035 0.135 0.027 0.138 0.018 0.025 0.083 0 0.007 0.109 0.016 0 0.063 0.017 0.031 0.007 0.101 0.006 0 0.012 0.027 0.001 0.047 0.044 0.009 0.025 0.002 0.003 0.007 0.04 0.011 0.021 0 0.019 0.004 0.008 0.005 0.013 0.007 0 0.011 0.005 0.011
0.901 0.98 1 0.443 0.442 0.228 0.174 0.302 0.313 0.014 0.269 0.119 0.02 0.044 0.678 0.635 0.286 0.042 0.025 0.689 0.004 0.139 0.128 0.415 0.365 0.024 0.028 0.22 0.054 0.065 0.338 0.286 0.168 0.003 0.099 0.039 0.133 0.026 0.142 0.019 0.025 0.086 0 0.007 0.123 0.018 0 0.064 0.017 0.034 0.008 0.099 0.007 0 0.012 0.029 0.002 0.046 0.043 0.009 0.028 0.001 0.003 0.006 0.04 0.011 0.021 0 0.021 0.004 0.008 0.005 0.019 0.007 0.001 0.011 0.005 0.011
0.441 0.435 0.443 1 0.215 0.093 0.068 0.14 0.829 0.031 0.124 0.055 0.043 0.02 0.321 0.32 0.145 0.042 0.055 0.333 0.038 0.315 0.378 0.22 0.698 0.001 0.056 0.088 0.025 0.03 0.167 0.619 0.369 0.043 0.035 0 0.05 0 0.45 0.04 0.231 0.002 0.021 0.019 0.052 0.018 0.192 0.202 0.003 0.001 0.057 0.04 0.054 0.033 0.001 0.001 0.015 0.014 0.017 0.01 0.001 0.032 0.019 0.018 0.013 0.041 0.057 0.021 0.002 0.021 0.015 0.042 0.002 0.017 0.021 0 0.017 0.02
0.398 0.424 0.442 0.215 1 0.02 0.015 0.51 0.247 0.007 0.493 0.194 0.01 0.004 0.474 0.445 0.538 0.097 0.013 0.479 0.029 0.076 0.127 0.789 0.264 0.012 0.014 0.02 0.005 0.006 0.634 0.195 0.135 0.001 0.011 0.129 0.014 0.094 0.113 0.009 0.024 0.011 0.003 0.006 0.001 0.039 0.017 0.039 0.001 0.008 0.03 0.01 0.029 0.005 0 0.007 0.003 0.009 0.004 0.003 0.006 0.021 0.002 0.005 0.005 0.013 0.009 0.016 0.007 0.002 0.003 0.001 0.002 0.003 0.002 0 0.003 0.005
0.206 0.231 0.228 0.093 0.02 1 0.763 0.012 0.112 0.003 0.011 0.005 0.005 0.195 0.222 0.207 0.013 0.004 0.006 0.233 0.016 0.031 0.057 0.02 0.126 0.006 0.006 0.936 0.239 0.286 0.02 0.113 0.075 0.001 0.421 0.02 0.577 0.019 0.063 0.004 0 0.038 0.017 0.003 0.376 0.049 0.01 0.039 0.069 0.046 0.016 0.423 0.015 0.021 0.032 0.04 0.003 0.225 0.003 0.003 0.032 0.001 0 0.003 0.163 0 0.006 0.001 0.026 0 0.003 0.003 0.001 0.002 0.003 0.032 0 0.004
0.157 0.176 0.174 0.068 0.015 0.763 1 0.009 0.089 0.002 0.008 0.004 0.003 0.001 0.174 0.163 0.01 0.003 0.004 0.182 0.012 0.025 0.045 0.015 0.099 0.004 0.005 0.724 0.313 0.374 0.015 0.086 0.055 0.003 0.554 0.015 0.76 0.014 0.046 0.003 0.017 0.08 0.012 0.002 0.499 0.036 0.039 0.031 0.08 0.081 0.012 0.559 0.011 0.015 0.039 0.073 0 0.3 0.002 0.002 0.059 0 0.004 0.002 0.216 0 0.005 0 0.051 0.004 0.002 0.003 0.001 0.001 0 0.04 0 0.003
0.273 0.306 0.302 0.14 0.51 0.012 0.009 1 0.149 0.004 0.89 0.393 0.006 0.002 0.288 0.269 0.816 0.005 0.008 0.29 0.016 0.046 0.075 0.497 0.164 0.007 0.008 0.012 0.003 0.004 0.441 0.135 0.083 0 0.007 0.21 0.009 0.21 0.081 0.006 0.012 0.04 0.001 0.004 0.008 0.124 0.072 0.037 0.002 0.002 0.019 0.006 0.018 0 0.004 0.001 0 0.006 0.004 0.001 0.001 0.024 0 0.004 0.003 0.012 0.006 0.023 0.001 0 0.001 0 0.005 0.002 0 0.005 0.007 0.002
0.316 0.306 0.313 0.829 0.247 0.112 0.089 0.149 1 0.028 0.133 0.06 0.039 0.023 0.386 0.382 0.156 0.046 0.043 0.394 0.117 0.284 0.485 0.25 0.788 0.002 0.044 0.11 0.028 0.033 0.197 0.723 0.453 0.047 0.047 0.002 0.064 0 0.547 0.036 0.256 0.008 0.065 0.024 0.059 0.035 0.227 0.254 0.008 0.016 0.127 0.046 0.125 0.082 0.003 0.014 0.047 0.017 0.021 0.008 0.015 0.081 0.016 0.022 0.018 0.039 0.063 0.065 0.018 0.018 0.014 0.046 0.017 0.019 0.044 0.002 0.01 0.019
0.016 0.014 0.014 0.031 0.007 0.003 0.002 0.004 0.028 1 0.004 0.002 0.002 0.001 0.005 0.002 0.005 0.001 0.002 0.014 0.006 0.007 0.015 0.007 0.024 0.042 0.002 0.003 0.001 0.001 0.007 0.024 0.024 0.001 0.002 0.003 0.002 0.003 0.016 0.002 0.008 0.017 0.007 0.002 0.002 0.009 0.019 0.037 0.001 0.011 0.006 0.002 0.006 0.008 0.001 0.012 0.009 0.002 0.001 0.001 0.011 0.008 0.002 0.189 0.001 0.003 0.001 0.008 0.011 0.002 0.001 0.001 0.001 0.001 0.009 0.001 0.002 0.001
0.243 0.273 0.269 0.124 0.493 0.011 0.008 0.89 0.133 0.004 1 0.441 0.005 0.002 0.255 0.239 0.735 0.004 0.007 0.256 0.014 0.041 0.066 0.434 0.145 0.007 0.008 0.011 0.003 0.003 0.379 0.116 0.07 0 0.006 0.162 0.008 0.158 0.069 0.005 0.009 0.027 0.003 0.003 0.007 0.102 0.054 0.043 0.002 0.001 0.017 0.005 0.016 0.001 0.004 0 0 0.005 0.003 0.001 0 0.021 0 0.003 0.003 0.011 0.005 0.02 0 0 0.001 0 0.005 0.001 0 0.004 0.006 0.001
0.107 0.12 0.119 0.055 0.194 0.005 0.004 0.393 0.06 0.002 0.441 1 0.002 0.001 0.119 0.111 0.37 0.002 0.003 0.125 0.008 0.018 0.032 0.197 0.07 0.003 0.003 0.005 0.001 0.001 0.197 0.07 0.039 0.001 0.003 0.05 0.003 0.04 0.045 0.002 0.001 0.004 0.01 0.001 0.003 0.029 0.016 0.025 0.001 0.004 0.009 0.002 0.009 0.009 0.002 0.003 0.003 0.002 0.001 0.002 0.002 0.012 0.002 0.001 0.001 0.005 0.002 0.011 0.002 0.002 0.002 0.001 0.002 0 0.004 0.002 0.002 0.002
0.022 0.02 0.02 0.043 0.01 0.005 0.003 0.006 0.039 0.002 0.005 0.002 1 0.001 0.016 0.016 0.006 0.002 0.003 0.005 0.263 0.018 0.065 0.01 0.033 0.003 0.003 0.004 0.001 0.001 0.01 0.03 0.041 0.002 0.001 0.011 0.001 0.01 0.048 0.002 0.012 0.067 0.138 0.001 0.001 0.052 0.027 0.014 0.001 0.132 0.214 0.001 0.169 0.165 0.002 0.135 0.151 0 0.001 0.095 0.135 0.173 0.003 0.001 0 0 0.003 0.172 0.126 0.003 0.094 0.002 0.061 0.001 0.157 0.002 0.003 0.129
0.04 0.045 0.044 0.02 0.004 0.195 0.001 0.002 0.023 0.001 0.002 0.001 0.001 1 0.045 0.042 0.003 0.001 0.001 0.047 0.003 0.007 0.012 0.004 0.026 0.001 0.001 0.192 0 0.001 0.004 0.027 0.02 0.001 0.001 0.004 0.001 0.004 0.017 0.001 0.077 0.013 0.004 0 0.001 0.01 0.026 0.009 0.001 0.006 0.004 0.001 0.003 0.005 0 0.007 0.005 0.001 0.001 0.001 0.006 0.004 0.007 0.001 0 0.002 0.001 0.004 0.006 0.007 0.001 0 0.001 0 0.005 0 0 0.001
0.606 0.666 0.678 0.321 0.474 0.222 0.174 0.288 0.386 0.005 0.255 0.119 0.016 0.045 1 0.925 0.318 0.091 0.016 0.825 0.054 0.113 0.202 0.508 0.439 0.014 0.018 0.221 0.055 0.065 0.4 0.351 0.247 0.003 0.1 0.057 0.134 0.041 0.232 0.018 0.019 0.045 0.018 0.01 0.124 0.003 0.006 0.093 0.021 0.003 0.059 0.101 0.059 0.025 0.015 0.002 0.008 0.048 0.011 0.014 0.002 0.029 0.001 0.003 0.041 0.009 0.02 0.022 0 0.002 0.014 0.005 0.006 0.007 0.006 0.013 0.002 0.017
0.57 0.624 0.635 0.32 0.445 0.207 0.163 0.269 0.382 0.002 0.239 0.111 0.016 0.042 0.925 1 0.297 0.085 0.017 0.792 0.056 0.122 0.214 0.476 0.413 0.002 0.02 0.207 0.051 0.061 0.392 0.32 0.22 0.004 0.098 0.051 0.13 0.036 0.226 0.019 0.014 0.036 0.021 0.01 0.121 0.001 0.007 0.085 0.019 0.002 0.064 0.098 0.063 0.029 0.013 0.001 0.011 0.047 0.01 0.015 0.001 0.033 0.001 0.001 0.042 0.011 0.011 0.026 0 0.002 0.015 0.005 0.007 0.007 0.008 0.012 0.002 0.019
0.258 0.272 0.286 0.145 0.538 0.013 0.01 0.816 0.156 0.005 0.735 0.37 0.006 0.003 0.318 0.297 1 0.005 0.008 0.324 0.022 0.049 0.087 0.508 0.185 0.008 0.009 0.013 0.003 0.004 0.453 0.153 0.097 0 0.007 0.22 0.009 0.163 0.093 0.006 0.007 0.037 0 0.004 0 0.116 0.061 0.031 0.003 0 0.024 0.006 0.023 0 0.004 0 0 0.006 0.004 0.005 0 0.013 0 0.004 0.003 0.006 0.006 0.011 0 0 0.004 0 0.001 0.002 0.001 0.005 0.007 0.006
0.037 0.043 0.042 0.042 0.097 0.004 0.003 0.005 0.046 0.001 0.004 0.002 0.002 0.001 0.091 0.085 0.005 1 0.002 0.096 0.006 0.014 0.025 0.171 0.053 0.002 0.003 0.004 0.001 0.001 0.174 0.055 0.04 0.001 0.002 0.008 0.003 0.008 0.035 0.002 0.006 0.027 0.008 0.001 0.002 0.022 0.002 0.011 0.002 0.012 0.007 0.002 0.007 0.009 0.001 0.013 0.01 0.002 0.001 0.001 0.012 0.009 0.002 0.001 0.001 0.004 0.001 0.005 0.013 0.002 0.001 0.002 0.002 0.001 0.01 0 0.002 0.002
0.028 0.025 0.025 0.055 0.013 0.006 0.004 0.008 0.043 0.002 0.007 0.003 0.003 0.001 0.016 0.017 0.008 0.002 1 0.024 0.365 0.022 0.093 0.013 0.043 0.004 0.913 0.006 0.001 0.001 0.013 0.039 0.049 0.002 0.003 0.013 0.004 0.012 0.062 0.002 0.012 0.078 0.282 0.002 0.004 0.054 0.031 0.027 0.001 0.175 0.249 0.004 0.276 0.229 0.002 0.159 0.21 0.003 0.002 0 0.13 0.225 0.002 0.002 0.002 0.542 0.004 0.174 0.169 0.002 0 0.002 0.003 0 0.22 0.002 0.002 0
0.618 0.675 0.689 0.333 0.479 0.233 0.182 0.29 0.394 0.014 0.256 0.125 0.005 0.047 0.825 0.792 0.324 0.096 0.024 1 0.038 0.143 0.211 0.543 0.473 0.023 0.018 0.22 0.057 0.068 0.45 0.363 0.23 0.005 0.094 0.046 0.13 0.031 0.201 0.017 0.02 0.046 0.008 0.011 0.119 0.004 0.003 0.092 0.022 0.007 0.043 0.095 0.05 0.015 0.016 0.005 0.003 0.042 0.012 0.014 0.003 0.018 0.003 0.01 0.034 0.005 0.02 0.017 0.003 0.004 0.013 0.008 0.003 0.007 0.002 0.015 0.004 0.017
0.006 0.003 0.004 0.038 0.029 0.016 0.012 0.016 0.117 0.006 0.014 0.008 0.263 0.003 0.054 0.056 0.022 0.006 0.365 0.038 1 0.056 0.247 0.036 0.11 0.01 0.392 0.015 0.004 0.004 0.036 0.1 0.133 0.006 0.002 0.037 0.005 0.034 0.161 0.006 0.038 0.205 0.619 0.001 0.004 0.162 0.082 0.024 0.003 0.464 0.697 0.003 0.669 0.578 0.005 0.425 0.516 0.002 0.141 0.026 0.383 0.576 0.008 0.005 0 0.289 0.011 0.504 0.453 0.008 0.039 0.007 0.141 0.001 0.477 0.006 0.005 0.047
0.156 0.139 0.139 0.315 0.076 0.031 0.025 0.046 0.284 0.007 0.041 0.018 0.018 0.007 0.113 0.122 0.049 0.014 0.022 0.143 0.056 1 0.459 0.079 0.253 0.02 0.023 0.035 0.008 0.01 0.047 0.21 0.033 0.014 0.019 0.06 0.025 0.07 0.05 0.089 0.069 0 0.04 0.062 0.023 0.001 0.008 0.178 0 0.054 0.018 0.017 0.014 0.02 0.003 0.059 0.036 0.004 0.011 0.001 0.047 0.027 0.057 0.001 0.009 0.013 0.02 0.024 0.05 0.064 0.001 0.013 0.012 0.007 0.032 0.005 0.055 0.001
0.151 0.127 0.128 0.378 0.127 0.057 0.045 0.075 0.485 0.015 0.066 0.032 0.065 0.012 0.202 0.214 0.087 0.025 0.093 0.211 0.247 0.459 1 0.14 0.441 0.038 0.102 0.062 0.015 0.018 0.1 0.376 0.154 0.025 0.023 0.01 0.034 0.015 0.207 0.041 0.13 0.117 0.16 0.043 0.031 0.114 0.067 0.05 0.002 0.089 0.244 0.024 0.245 0.189 0 0.073 0.131 0.006 0.032 0.021 0.073 0.172 0.014 0.006 0.007 0.088 0.038 0.149 0.082 0.018 0.032 0.024 0.031 0.01 0.124 0 0.014 0.038
0.373 0.398 0.415 0.22 0.789 0.02 0.015 0.497 0.25 0.007 0.434 0.197 0.01 0.004 0.508 0.476 0.508 0.171 0.013 0.543 0.036 0.079 0.14 1 0.295 0.013 0.014 0.021 0.005 0.006 0.817 0.221 0.142 0.008 0.011 0.148 0.015 0.112 0.131 0.01 0.039 0.011 0.003 0.006 0.001 0.048 0.021 0.046 0 0.009 0.04 0.011 0.039 0.006 0.001 0.009 0.004 0.01 0.006 0.008 0.007 0.03 0.002 0.005 0.005 0.013 0.009 0.023 0.009 0.002 0.007 0.008 0.004 0.004 0.002 0 0.003 0.009
0.351 0.355 0.365 0.698 0.264 0.126 0.099 0.164 0.788 0.024 0.145 0.07 0.033 0.026 0.439 0.413 0.185 0.053 0.043 0.473 0.11 0.253 0.441 0.295 1 0.041 0.047 0.13 0.032 0.038 0.243 0.829 0.57 0.04 0.057 0.005 0.076 0.002 0.501 0.031 0.159 0.003 0.066 0.014 0.07 0.027 0.171 0.207 0.008 0.013 0.13 0.055 0.125 0.076 0.002 0.012 0.051 0.022 0.021 0.018 0.013 0.085 0.012 0.019 0.022 0.038 0.005 0.073 0.018 0.014 0.017 0.039 0.017 0.023 0.049 0.002 0.008 0.03
0.01 0.024 0.024 0.001 0.012 0.006 0.004 0.007 0.002 0.042 0.007 0.003 0.003 0.001 0.014 0.002 0.008 0.002 0.004 0.023 0.01 0.02 0.038 0.013 0.041 1 0.004 0.006 0.001 0.002 0.012 0.038 0.052 0.001 0.003 0.011 0.004 0.01 0.002 0.003 0.043 0.038 0.012 0.001 0.004 0.01 0.009 0.006 0.001 0.017 0.009 0.003 0.009 0.012 0.002 0.018 0.014 0.003 0.002 0.002 0.016 0.012 0.002 0.077 0.002 0.004 0.144 0.011 0.017 0.002 0.002 0.001 0.002 0.001 0.013 0.002 0.002 0.002
0.031 0.028 0.028 0.056 0.014 0.006 0.005 0.008 0.044 0.002 0.008 0.003 0.003 0.001 0.018 0.02 0.009 0.003 0.913 0.018 0.392 0.023 0.102 0.014 0.047 0.004 1 0.006 0.002 0.002 0.014 0.043 0.054 0.003 0.003 0.015 0.005 0.014 0.068 0.002 0.014 0.084 0.305 0.002 0.004 0.057 0.034 0.029 0.001 0.189 0.273 0.004 0.288 0.248 0.002 0.171 0.227 0.003 0.002 0 0.113 0.233 0.002 0.002 0.002 0.59 0.004 0.164 0.182 0.003 0 0.003 0.003 0 0.237 0.002 0.003 0
0.199 0.223 0.22 0.088 0.02 0.936 0.724 0.012 0.11 0.003 0.011 0.005 0.004 0.192 0.221 0.207 0.013 0.004 0.006 0.22 0.015 0.035 0.062 0.021 0.13 0.006 0.006 1 0.235 0.281 0.021 0.12 0.083 0.001 0.457 0.022 0.636 0.02 0.07 0.004 0 0.044 0.017 0.003 0.427 0.045 0.012 0.044 0.068 0.056 0.016 0.48 0.015 0.021 0.031 0.049 0.003 0.274 0.003 0.003 0.04 0.002 0 0.003 0.2 0 0.006 0.001 0.034 0 0.003 0.003 0.001 0.002 0.003 0.032 0 0.004
0.049 0.055 0.054 0.025 0.005 0.239 0.313 0.003 0.028 0.001 0.003 0.001 0.001 0 0.055 0.051 0.003 0.001 0.001 0.057 0.004 0.008 0.015 0.005 0.032 0.001 0.002 0.235 1 0.822 0.005 0.017 0.011 0.001 0.052 0.005 0.225 0.005 0.009 0.001 0.006 0.017 0.005 0.001 0.041 0.013 0.013 0.008 0.067 0.002 0.004 0.047 0.004 0.006 0.035 0.002 0.005 0.052 0.001 0.001 0.002 0.004 0.001 0.001 0.096 0.002 0.001 0.004 0.002 0.001 0.001 0.001 0 0 0.005 0.041 0 0.001
0.059 0.066 0.065 0.03 0.006 0.286 0.374 0.004 0.033 0.001 0.003 0.001 0.001 0.001 0.065 0.061 0.004 0.001 0.001 0.068 0.004 0.01 0.018 0.006 0.038 0.002 0.002 0.281 0.822 1 0.006 0.023 0.015 0.001 0.109 0.006 0.288 0.006 0.013 0.001 0.007 0.023 0.005 0.001 0.086 0.015 0.015 0.01 0.054 0.009 0.005 0.097 0.005 0.006 0.027 0.007 0 0.04 0.001 0.001 0.009 0 0.001 0.001 0.077 0.002 0.002 0 0.008 0.002 0.001 0.001 0 0.001 0 0.032 0 0.001
0.301 0.326 0.338 0.167 0.634 0.02 0.015 0.441 0.197 0.007 0.379 0.197 0.01 0.004 0.4 0.392 0.453 0.174 0.013 0.45 0.036 0.047 0.1 0.817 0.243 0.012 0.014 0.021 0.005 0.006 1 0.274 0.191 0.008 0.011 0.211 0.015 0.169 0.178 0.01 0.039 0.024 0.003 0.006 0.001 0.06 0.039 0.052 0.001 0.008 0.039 0.011 0.038 0.006 0.003 0.008 0.004 0.01 0.006 0.007 0.006 0.029 0.011 0.006 0.005 0.012 0.009 0.023 0.008 0.012 0.007 0.008 0.004 0.004 0.002 0.004 0.012 0.009
0.278 0.279 0.286 0.619 0.195 0.113 0.086 0.135 0.723 0.024 0.116 0.07 0.03 0.027 0.351 0.32 0.153 0.055 0.039 0.363 0.1 0.21 0.376 0.221 0.829 0.038 0.043 0.12 0.017 0.023 0.274 1 0.69 0.041 0.073 0.018 0.098 0.011 0.614 0.031 0.167 0 0.065 0.02 0.092 0.017 0.214 0.24 0.008 0.008 0.13 0.076 0.125 0.075 0 0.006 0.044 0.037 0.02 0.01 0.006 0.076 0.026 0.021 0.037 0.038 0.005 0.064 0.01 0.028 0.016 0.04 0.017 0.028 0.042 0 0.018 0.021
0.158 0.163 0.168 0.369 0.135 0.075 0.055 0.083 0.453 0.024 0.07 0.039 0.041 0.02 0.247 0.22 0.097 0.04 0.049 0.23 0.133 0.033 0.154 0.142 0.57 0.052 0.054 0.083 0.011 0.015 0.191 0.69 1 0.029 0.054 0.229 0.073 0.216 0.857 0.042 0.099 0.04 0.109 0.022 0.068 0.001 0.385 0.21 0.004 0.034 0.172 0.06 0.16 0.122 0 0.033 0.091 0.025 0.028 0.021 0.03 0.12 0.037 0.028 0.024 0.051 0.001 0.105 0.04 0.04 0.019 0.028 0.028 0.021 0.087 0.001 0.016 0.035
0.004 0.003 0.003 0.043 0.001 0.001 0.003 0 0.047 0.001 0 0.001 0.002 0.001 0.003 0.004 0 0.001 0.002 0.005 0.006 0.014 0.025 0.008 0.04 0.001 0.003 0.001 0.001 0.001 0.008 0.041 0.029 1 0.002 0.009 0.003 0.008 0.036 0.002 0.16 0.027 0.008 0.001 0.002 0.022 0.069 0.02 0.001 0.013 0.007 0.002 0.007 0.009 0.001 0.014 0.01 0.002 0.001 0.001 0.012 0.009 0.002 0.001 0.001 0.004 0.003 0.009 0.013 0.002 0.001 0.651 0.002 0 0.01 0.001 0.002 0.002
0.089 0.101 0.099 0.035 0.011 0.421 0.554 0.007 0.047 0.002 0.006 0.003 0.001 0.001 0.1 0.098 0.007 0.002 0.003 0.094 0.002 0.019 0.023 0.011 0.057 0.003 0.003 0.457 0.052 0.109 0.011 0.073 0.054 0.002 1 0.011 0.717 0.01 0.047 0.002 0.012 0.072 0.01 0.001 0.458 0.021 0.028 0.026 0.117 0.078 0.01 0.511 0.009 0.013 0.062 0.07 0 0.334 0.002 0.002 0.076 0 0.003 0.002 0.264 0.001 0.003 0 0.066 0.003 0.002 0.002 0.002 0.001 0 0.055 0 0.002
0.031 0.035 0.039 0 0.129 0.02 0.015 0.21 0.002 0.003 0.162 0.05 0.011 0.004 0.057 0.051 0.22 0.008 0.013 0.046 0.037 0.06 0.01 0.148 0.005 0.011 0.015 0.022 0.005 0.006 0.211 0.018 0.229 0.009 0.011 1 0.015 0.921 0.199 0.01 0.052 0.288 0.043 0.105 0.001 0.268 0.255 0.01 0.004 0.047 0.04 0.01 0.036 0.049 0.007 0.049 0.033 0.01 0.007 0.005 0.04 0.028 0.012 0.007 0.006 0.013 0.011 0.025 0.046 0.01 0.005 0.008 0.004 0.004 0.03 0.008 0.002 0.007
0.12 0.135 0.133 0.05 0.014 0.577 0.76 0.009 0.064 0.002 0.008 0.003 0.001 0.001 0.134 0.13 0.009 0.003 0.004 0.13 0.005 0.025 0.034 0.015 0.076 0.004 0.005 0.636 0.225 0.288 0.015 0.098 0.073 0.003 0.717 0.015 1 0.014 0.063 0.003 0.017 0.097 0.014 0.002 0.591 0.03 0.038 0.035 0.085 0.099 0.013 0.66 0.013 0.017 0.043 0.09 0.001 0.395 0.002 0.002 0.078 0 0.004 0.002 0.347 0 0.004 0 0.068 0.004 0.002 0.003 0.002 0.001 0.001 0.038 0.001 0.003
0.02 0.027 0.026 0 0.094 0.019 0.014 0.21 0 0.003 0.158 0.04 0.01 0.004 0.041 0.036 0.163 0.008 0.012 0.031 0.034 0.07 0.015 0.112 0.002 0.01 0.014 0.02 0.005 0.006 0.169 0.011 0.216 0.008 0.01 0.921 0.014 1 0.188 0.009 0.05 0.272 0.04 0.115 0.013 0.248 0.276 0.007 0.004 0.064 0.037 0.009 0.033 0.045 0.007 0.066 0.049 0.009 0.006 0.005 0.056 0.043 0.011 0.006 0.005 0.019 0.012 0.041 0.062 0.011 0.004 0.008 0.008 0.004 0.046 0.007 0.003 0.006
0.143 0.138 0.142 0.45 0.113 0.063 0.046 0.081 0.547 0.016 0.069 0.045 0.048 0.017 0.232 0.226 0.093 0.035 0.062 0.201 0.161 0.05 0.207 0.131 0.501 0.002 0.068 0.07 0.009 0.013 0.178 0.614 0.857 0.036 0.047 0.199 0.063 0.188 1 0.048 0.197 0.019 0.124 0.018 0.059 0 0.477 0.26 0.003 0.046 0.203 0.052 0.19 0.139 0.001 0.045 0.107 0.021 0.032 0.025 0.041 0.149 0.043 0.018 0.02 0.065 0.046 0.131 0.053 0.047 0.023 0.035 0.033 0.018 0.102 0.002 0.02 0.041
0.021 0.018 0.019 0.04 0.009 0.004 0.003 0.006 0.036 0.002 0.005 0.002 0.002 0.001 0.018 0.019 0.006 0.002 0.002 0.017 0.006 0.089 0.041 0.01 0.031 0.003 0.002 0.004 0.001 0.001 0.01 0.031 0.042 0.002 0.002 0.01 0.003 0.009 0.048 1 0.001 0.012 0.006 0.001 0.003 0.007 0.024 0.068 0.001 0.01 0.005 0.003 0.005 0 0.001 0.012 0.009 0.008 0.001 0.002 0.01 0.007 0.418 0.001 0.001 0.002 0.003 0.006 0.011 0.45 0.001 0.002 0.002 0.001 0.008 0.002 0.058 0.002
0.013 0.025 0.025 0.231 0.024 0 0.017 0.012 0.256 0.008 0.009 0.001 0.012 0.077 0.019 0.014 0.007 0.006 0.012 0.02 0.038 0.069 0.13 0.039 0.159 0.043 0.014 0 0.006 0.007 0.039 0.167 0.099 0.16 0.012 0.052 0.017 0.05 0.197 0.001 1 0.171 0.039 0.007 0.016 0.1 0.364 0.085 0.003 0.068 0.046 0.014 0.044 0.049 0.006 0.074 0.054 0.001 0.007 0.008 0.065 0.056 0 0.007 0.006 0.024 0.224 0.054 0.069 0 0.008 0.158 0.01 0.08 0.051 0.007 0.003 0.01
0.064 0.083 0.086 0.002 0.011 0.038 0.08 0.04 0.008 0.017 0.027 0.004 0.067 0.013 0.045 0.036 0.037 0.027 0.078 0.046 0.205 0 0.117 0.011 0.003 0.038 0.084 0.044 0.017 0.023 0.024 0 0.04 0.027 0.072 0.288 0.097 0.272 0.019 0.012 0.171 1 0.175 0.031 0.091 0.397 0.002 0.051 0.002 0.285 0.213 0.072 0.197 0.136 0.001 0.251 0.176 0.037 0.041 0.023 0.223 0.222 0.02 0.016 0.036 0.087 0.039 0.201 0.236 0.022 0.027 0.027 0.052 0.014 0.166 0.001 0.008 0.023
0 0 0 0.021 0.003 0.017 0.012 0.001 0.065 0.007 0.003 0.01 0.138 0.004 0.018 0.021 0 0.008 0.282 0.008 0.619 0.04 0.16 0.003 0.066 0.012 0.305 0.017 0.005 0.005 0.003 0.065 0.109 0.008 0.01 0.043 0.014 0.04 0.124 0.006 0.039 0.175 1 0.006 0.013 0.228 0.112 0.026 0.004 0.597 0.713 0.01 0.677 0.821 0.007 0.572 0.706 0.009 0.132 0.089 0.516 0.586 0.011 0.006 0.003 0.249 0.014 0.518 0.579 0.011 0.068 0.008 0.144 0.004 0.68 0.007 0.011 0.072
0.007 0.007 0.007 0.019 0.006 0.003 0.002 0.004 0.024 0.002 0.003 0.001 0.001 0 0.01 0.01 0.004 0.001 0.002 0.011 0.001 0.062 0.043 0.006 0.014 0.001 0.002 0.003 0.001 0.001 0.006 0.02 0.022 0.001 0.001 0.105 0.002 0.115 0.018 0.001 0.007 0.031 0.006 1 0.002 0.018 0.022 0.02 0.001 0.009 0.005 0.002 0.005 0.007 0.001 0.01 0.007 0.001 0.001 0.001 0.007 0.007 0.002 0.001 0.001 0.003 0.002 0.006 0.009 0.002 0.001 0.001 0.001 0.001 0.007 0.001 0.007 0.001
0.11 0.109 0.123 0.052 0.001 0.376 0.499 0.008 0.059 0.002 0.007 0.003 0.001 0.001 0.124 0.121 0 0.002 0.004 0.119 0.004 0.023 0.031 0.001 0.07 0.004 0.004 0.427 0.041 0.086 0.001 0.092 0.068 0.002 0.458 0.001 0.591 0.013 0.059 0.003 0.016 0.091 0.013 0.002 1 0.009 0.036 0.033 0.001 0.199 0.012 0.828 0.012 0.015 0.002 0.184 0.004 0.507 0.002 0.002 0.162 0.006 0.003 0.002 0.37 0.003 0.004 0.008 0.145 0.004 0.002 0.003 0 0.001 0.005 0.002 0.004 0.003
0.01 0.016 0.018 0.018 0.039 0.049 0.036 0.124 0.035 0.009 0.102 0.029 0.052 0.01 0.003 0.001 0.116 0.022 0.054 0.004 0.162 0.001 0.114 0.048 0.027 0.01 0.057 0.045 0.013 0.015 0.06 0.017 0.001 0.022 0.021 0.268 0.03 0.248 0 0.007 0.1 0.397 0.228 0.018 0.009 1 0.009 0.031 0.011 0.149 0.204 0.024 0.206 0.218 0.019 0.143 0.213 0.006 0.041 0.029 0.158 0.198 0.005 0.007 0.006 0.064 0.038 0.162 0.149 0.006 0.029 0.022 0.048 0.007 0.21 0.02 0.016 0.043
0.001 0 0 0.192 0.017 0.01 0.039 0.072 0.227 0.019 0.054 0.016 0.027 0.026 0.006 0.007 0.061 0.002 0.031 0.003 0.082 0.008 0.067 0.021 0.171 0.009 0.034 0.012 0.013 0.015 0.039 0.214 0.385 0.069 0.028 0.255 0.038 0.276 0.477 0.024 0.364 0.002 0.112 0.022 0.036 0.009 1 0.126 0.008 0.18 0.106 0.032 0.102 0.136 0.016 0.195 0.148 0.025 0.016 0.019 0.174 0.13 0.019 0.017 0.014 0.055 0.118 0.123 0.183 0.021 0.019 0.069 0.023 0.035 0.14 0.018 0.007 0.023
0.078 0.063 0.064 0.202 0.039 0.039 0.031 0.037 0.254 0.037 0.043 0.025 0.014 0.009 0.093 0.085 0.031 0.011 0.027 0.092 0.024 0.178 0.05 0.046 0.207 0.006 0.029 0.044 0.008 0.01 0.052 0.24 0.21 0.02 0.026 0.01 0.035 0.007 0.26 0.068 0.085 0.051 0.026 0.02 0.033 0.031 0.126 1 0.01 0.07 0.021 0.029 0.019 0.029 0 0.061 0.035 0.008 0.003 0.003 0.052 0.025 0.05 0.037 0.013 0.036 0.029 0.021 0.056 0.055 0 0.016 0.002 0.01 0.043 0.001 0.041 0
0.015 0.017 0.017 0.003 0.001 0.069 0.08 0.002 0.008 0.001 0.002 0.001 0.001 0.001 0.021 0.019 0.003 0.002 0.001 0.022 0.003 0 0.002 0 0.008 0.001 0.001 0.068 0.067 0.054 0.001 0.008 0.004 0.001 0.117 0.004 0.085 0.004 0.003 0.001 0.003 0.002 0.004 0.001 0.001 0.011 0.008 0.01 1 0.006 0.004 0.001 0.004 0.005 0.581 0.007 0.005 0.001 0.001 0.001 0.006 0.005 0.001 0.001 0.001 0.002 0.001 0.004 0.006 0.001 0.001 0.001 0.001 0 0.005 0.528 0.003 0.001
0.024 0.031 0.034 0.001 0.008 0.046 0.081 0.002 0.016 0.011 0.001 0.004 0.132 0.006 0.003 0.002 0 0.012 0.175 0.007 0.464 0.054 0.089 0.009 0.013 0.017 0.189 0.056 0.002 0.009 0.008 0.008 0.034 0.013 0.078 0.047 0.099 0.064 0.046 0.01 0.068 0.285 0.597 0.009 0.199 0.149 0.18 0.07 0.006 1 0.589 0.168 0.555 0.631 0.011 0.92 0.702 0.093 0.091 0.051 0.836 0.629 0.017 0.01 0.08 0.284 0.022 0.581 0.877 0.018 0.068 0.013 0.127 0.006 0.684 0.012 0.018 0.083
0.011 0.007 0.008 0.057 0.03 0.016 0.012 0.019 0.127 0.006 0.017 0.009 0.214 0.004 0.059 0.064 0.024 0.007 0.249 0.043 0.697 0.018 0.244 0.04 0.13 0.009 0.273 0.016 0.004 0.005 0.039 0.13 0.172 0.007 0.01 0.04 0.013 0.037 0.203 0.005 0.046 0.213 0.713 0.005 0.012 0.204 0.106 0.021 0.004 0.589 1 0.011 0.886 0.775 0.006 0.54 0.694 0.009 0.155 0.095 0.495 0.778 0.01 0.006 0.003 0.324 0.013 0.702 0.557 0.011 0.122 0.008 0.18 0.004 0.658 0.007 0.011 0.148
0.089 0.101 0.099 0.04 0.01 0.423 0.559 0.006 0.046 0.002 0.005 0.002 0.001 0.001 0.101 0.098 0.006 0.002 0.004 0.095 0.003 0.017 0.024 0.011 0.055 0.003 0.004 0.48 0.047 0.097 0.011 0.076 0.06 0.002 0.511 0.01 0.66 0.009 0.052 0.003 0.014 0.072 0.01 0.002 0.828 0.024 0.032 0.029 0.001 0.168 0.011 1 0.008 0.01 0.002 0.164 0 0.566 0.002 0 0.14 0.001 0.003 0.002 0.412 0 0.004 0.001 0.127 0.003 0 0.002 0.001 0.001 0 0.002 0.003 0.001
0.01 0.006 0.007 0.054 0.029 0.015 0.011 0.018 0.125 0.006 0.016 0.009 0.169 0.003 0.059 0.063 0.023 0.007 0.276 0.05 0.669 0.014 0.245 0.039 0.125 0.009 0.288 0.015 0.004 0.005 0.038 0.125 0.16 0.007 0.009 0.036 0.013 0.033 0.19 0.005 0.044 0.197 0.677 0.005 0.012 0.206 0.102 0.019 0.004 0.555 0.886 0.008 1 0.745 0.006 0.52 0.667 0.008 0.161 0.111 0.507 0.76 0.01 0.005 0.003 0.292 0.012 0.671 0.535 0.01 0.14 0.007 0.187 0.004 0.63 0.007 0.01 0.167
0.001 0 0 0.033 0.005 0.021 0.015 0 0.082 0.008 0.001 0.009 0.165 0.005 0.025 0.029 0 0.009 0.229 0.015 0.578 0.02 0.189 0.006 0.076 0.012 0.248 0.021 0.006 0.006 0.006 0.075 0.122 0.009 0.013 0.049 0.017 0.045 0.139 0 0.049 0.136 0.821 0.007 0.015 0.218 0.136 0.029 0.005 0.631 0.775 0.01 0.745 1 0.008 0.648 0.789 0.011 0.12 0.099 0.587 0.669 0.003 0.007 0.004 0.285 0.017 0.607 0.643 0.003 0.124 0.01 0.139 0.005 0.744 0.009 0.014 0.123
0.01 0.012 0.012 0.001 0 0.032 0.039 0.004 0.003 0.001 0.004 0.002 0.002 0 0.015 0.013 0.004 0.001 0.002 0.016 0.005 0.003 0 0.001 0.002 0.002 0.002 0.031 0.035 0.027 0.003 0 0 0.001 0.062 0.007 0.043 0.007 0.001 0.001 0.006 0.001 0.007 0.001 0.002 0.019 0.016 0 0.581 0.011 0.006 0.002 0.006 0.008 1 0.012 0.009 0.001 0.001 0.001 0.01 0.008 0.002 0.001 0.001 0.003 0.002 0.007 0.011 0.002 0.001 0.001 0.001 0.001 0.008 0.758 0.045 0.001
0.02 0.027 0.029 0.001 0.007 0.04 0.073 0.001 0.014 0.012 0 0.003 0.135 0.007 0.002 0.001 0 0.013 0.159 0.005 0.425 0.059 0.073 0.009 0.012 0.018 0.171 0.049 0.002 0.007 0.008 0.006 0.033 0.014 0.07 0.049 0.09 0.066 0.045 0.012 0.074 0.251 0.572 0.01 0.184 0.143 0.195 0.061 0.007 0.92 0.54 0.164 0.52 0.648 0.012 1 0.76 0.085 0.085 0.099 0.888 0.666 0.019 0.01 0.074 0.28 0.024 0.619 0.926 0.019 0.095 0.014 0.118 0.007 0.722 0.013 0.02 0.12
0 0.001 0.002 0.015 0.003 0.003 0 0 0.047 0.009 0 0.003 0.151 0.005 0.008 0.011 0 0.01 0.21 0.003 0.516 0.036 0.131 0.004 0.051 0.014 0.227 0.003 0.005 0 0.004 0.044 0.091 0.01 0 0.033 0.001 0.049 0.107 0.009 0.054 0.176 0.706 0.007 0.004 0.213 0.148 0.035 0.005 0.702 0.694 0 0.667 0.789 0.009 0.76 1 0.012 0.1 0.114 0.71 0.858 0.014 0.008 0.005 0.355 0.018 0.798 0.759 0.015 0.125 0.011 0.143 0.005 0.912 0.01 0.015 0.157
0.04 0.047 0.046 0.014 0.009 0.225 0.3 0.006 0.017 0.002 0.005 0.002 0 0.001 0.048 0.047 0.006 0.002 0.003 0.042 0.002 0.004 0.006 0.01 0.022 0.003 0.003 0.274 0.052 0.04 0.01 0.037 0.025 0.002 0.334 0.01 0.395 0.009 0.021 0.008 0.001 0.037 0.009 0.001 0.507 0.006 0.025 0.008 0.001 0.093 0.009 0.566 0.008 0.011 0.001 0.085 0.012 1 0.001 0.002 0.096 0.01 0.006 0.001 0.532 0.004 0.003 0.01 0.09 0.005 0.001 0.002 0.002 0.001 0.011 0.002 0.003 0.002
0.038 0.044 0.043 0.017 0.004 0.003 0.002 0.004 0.021 0.001 0.003 0.001 0.001 0.001 0.011 0.01 0.004 0.001 0.002 0.012 0.141 0.011 0.032 0.006 0.021 0.002 0.002 0.003 0.001 0.001 0.006 0.02 0.028 0.001 0.002 0.007 0.002 0.006 0.032 0.001 0.007 0.041 0.132 0.001 0.002 0.041 0.016 0.003 0.001 0.091 0.155 0.002 0.161 0.12 0.001 0.085 0.1 0.001 1 0.002 0.088 0.125 0.002 0.001 0.001 0 0.002 0.134 0.082 0.002 0.002 0.001 0.258 0.001 0.054 0.001 0.002 0.001
0.011 0.009 0.009 0.01 0.003 0.003 0.002 0.001 0.008 0.001 0.001 0.002 0.095 0.001 0.014 0.015 0.005 0.001 0 0.014 0.026 0.001 0.021 0.008 0.018 0.002 0 0.003 0.001 0.001 0.007 0.01 0.021 0.001 0.002 0.005 0.002 0.005 0.025 0.002 0.008 0.023 0.089 0.001 0.002 0.029 0.019 0.003 0.001 0.051 0.095 0 0.111 0.099 0.001 0.099 0.114 0.002 0.002 1 0.096 0.131 0.002 0.001 0.001 0.003 0.002 0.128 0.088 0.002 0.448 0.001 0 0.001 0.098 0.001 0.002 0.511
0.02 0.025 0.028 0.001 0.006 0.032 0.059 0.001 0.015 0.011 0 0.002 0.135 0.006 0.002 0.001 0 0.012 0.13 0.003 0.383 0.047 0.073 0.007 0.013 0.016 0.113 0.04 0.002 0.009 0.006 0.006 0.03 0.012 0.076 0.04 0.078 0.056 0.041 0.01 0.065 0.223 0.516 0.007 0.162 0.158 0.174 0.052 0.006 0.836 0.495 0.14 0.507 0.587 0.01 0.888 0.71 0.096 0.088 0.096 1 0.633 0.017 0.009 0.082 0.223 0.021 0.605 0.912 0.017 0.106 0.013 0.124 0.006 0.684 0.011 0.018 0.133
0.002 0.002 0.001 0.032 0.021 0.001 0 0.024 0.081 0.008 0.021 0.012 0.173 0.004 0.029 0.033 0.013 0.009 0.225 0.018 0.576 0.027 0.172 0.03 0.085 0.012 0.233 0.002 0.004 0 0.029 0.076 0.12 0.009 0 0.028 0 0.043 0.149 0.007 0.056 0.222 0.586 0.007 0.006 0.198 0.13 0.025 0.005 0.629 0.778 0.001 0.76 0.669 0.008 0.666 0.858 0.01 0.125 0.131 0.633 1 0.012 0.007 0.004 0.387 0.016 0.893 0.671 0.013 0.143 0.009 0.175 0.005 0.799 0.008 0.013 0.179
0.005 0.003 0.003 0.019 0.002 0 0.004 0 0.016 0.002 0 0.002 0.003 0.007 0.001 0.001 0 0.002 0.002 0.003 0.008 0.057 0.014 0.002 0.012 0.002 0.002 0 0.001 0.001 0.011 0.026 0.037 0.002 0.003 0.012 0.004 0.011 0.043 0.418 0 0.02 0.011 0.002 0.003 0.005 0.019 0.05 0.001 0.017 0.01 0.003 0.01 0.003 0.002 0.019 0.014 0.006 0.002 0.002 0.017 0.012 1 0.002 0.001 0.005 0.004 0.012 0.017 0.941 0.002 0.002 0.002 0.001 0.013 0.002 0.124 0.002
0.007 0.007 0.006 0.018 0.005 0.003 0.002 0.004 0.022 0.189 0.003 0.001 0.001 0.001 0.003 0.001 0.004 0.001 0.002 0.01 0.005 0.001 0.006 0.005 0.019 0.077 0.002 0.003 0.001 0.001 0.006 0.021 0.028 0.001 0.002 0.007 0.002 0.006 0.018 0.001 0.007 0.016 0.006 0.001 0.002 0.007 0.017 0.037 0.001 0.01 0.006 0.002 0.005 0.007 0.001 0.01 0.008 0.001 0.001 0.001 0.009 0.007 0.002 1 0.001 0.003 0.002 0.007 0.01 0.002 0.001 0.001 0.001 0.001 0.008 0.001 0.002 0.001
0.035 0.04 0.04 0.013 0.005 0.163 0.216 0.003 0.018 0.001 0.003 0.001 0 0 0.041 0.042 0.003 0.001 0.002 0.034 0 0.009 0.007 0.005 0.022 0.002 0.002 0.2 0.096 0.077 0.005 0.037 0.024 0.001 0.264 0.006 0.347 0.005 0.02 0.001 0.006 0.036 0.003 0.001 0.37 0.006 0.014 0.013 0.001 0.08 0.003 0.412 0.003 0.004 0.001 0.074 0.005 0.532 0.001 0.001 0.082 0.004 0.001 0.001 1 0.002 0.002 0.004 0.077 0.001 0.001 0.001 0 0.001 0.004 0.001 0.001 0.001
0.014 0.011 0.011 0.041 0.013 0 0 0.012 0.039 0.003 0.011 0.005 0 0.002 0.009 0.011 0.006 0.004 0.542 0.005 0.289 0.013 0.088 0.013 0.038 0.004 0.59 0 0.002 0.002 0.012 0.038 0.051 0.004 0.001 0.013 0 0.019 0.065 0.002 0.024 0.087 0.249 0.003 0.003 0.064 0.055 0.036 0.002 0.284 0.324 0 0.292 0.285 0.003 0.28 0.355 0.004 0 0.003 0.223 0.387 0.005 0.003 0.002 1 0.007 0.317 0.295 0.006 0.003 0.004 0.002 0.002 0.371 0.004 0.005 0
0.011 0.021 0.021 0.057 0.009 0.006 0.005 0.006 0.063 0.001 0.005 0.002 0.003 0.001 0.02 0.011 0.006 0.001 0.004 0.02 0.011 0.02 0.038 0.009 0.005 0.144 0.004 0.006 0.001 0.002 0.009 0.005 0.001 0.003 0.003 0.011 0.004 0.012 0.046 0.003 0.224 0.039 0.014 0.002 0.004 0.038 0.118 0.029 0.001 0.022 0.013 0.004 0.012 0.017 0.002 0.024 0.018 0.003 0.002 0.002 0.021 0.016 0.004 0.002 0.002 0.007 1 0.015 0.022 0.004 0.002 0.003 0.003 0.001 0.017 0.002 0 0.003
0.001 0 0 0.021 0.016 0.001 0 0.023 0.065 0.008 0.02 0.011 0.172 0.004 0.022 0.026 0.011 0.005 0.174 0.017 0.504 0.024 0.149 0.023 0.073 0.011 0.164 0.001 0.004 0 0.023 0.064 0.105 0.009 0 0.025 0 0.041 0.131 0.006 0.054 0.201 0.518 0.006 0.008 0.162 0.123 0.021 0.004 0.581 0.702 0.001 0.671 0.607 0.007 0.619 0.798 0.01 0.134 0.128 0.605 0.893 0.012 0.007 0.004 0.317 0.015 1 0.623 0.012 0.15 0.009 0.186 0.004 0.737 0.008 0.012 0.178
0.014 0.019 0.021 0.002 0.007 0.026 0.051 0.001 0.018 0.011 0 0.002 0.126 0.006 0 0 0 0.013 0.169 0.003 0.453 0.05 0.082 0.009 0.018 0.017 0.182 0.034 0.002 0.008 0.008 0.01 0.04 0.013 0.066 0.046 0.068 0.062 0.053 0.011 0.069 0.236 0.579 0.009 0.145 0.149 0.183 0.056 0.006 0.877 0.557 0.127 0.535 0.643 0.011 0.926 0.759 0.09 0.082 0.088 0.912 0.671 0.017 0.01 0.077 0.295 0.022 0.623 1 0.018 0.101 0.013 0.125 0.006 0.731 0.012 0.014 0.123
0.006 0.004 0.004 0.021 0.002 0 0.004 0 0.018 0.002 0 0.002 0.003 0.007 0.002 0.002 0 0.002 0.002 0.004 0.008 0.064 0.018 0.002 0.014 0.002 0.003 0 0.001 0.002 0.012 0.028 0.04 0.002 0.003 0.01 0.004 0.011 0.047 0.45 0 0.022 0.011 0.002 0.004 0.006 0.021 0.055 0.001 0.018 0.011 0.003 0.01 0.003 0.002 0.019 0.015 0.005 0.002 0.002 0.017 0.013 0.941 0.002 0.001 0.006 0.004 0.012 0.018 1 0.002 0.002 0.002 0.001 0.014 0.002 0.128 0.002
0.009 0.008 0.008 0.015 0.003 0.003 0.002 0.001 0.014 0.001 0.001 0.002 0.094 0.001 0.014 0.015 0.004 0.001 0 0.013 0.039 0.001 0.032 0.007 0.017 0.002 0 0.003 0.001 0.001 0.007 0.016 0.019 0.001 0.002 0.005 0.002 0.004 0.023 0.001 0.008 0.027 0.068 0.001 0.002 0.029 0.019 0 0.001 0.068 0.122 0 0.14 0.124 0.001 0.095 0.125 0.001 0.002 0.448 0.106 0.143 0.002 0.001 0.001 0.003 0.002 0.15 0.101 0.002 1 0.001 0.001 0.001 0.108 0.001 0.002 0.568
0.004 0.005 0.005 0.042 0.001 0.003 0.003 0 0.046 0.001 0 0.001 0.002 0 0.005 0.005 0 0.002 0.002 0.008 0.007 0.013 0.024 0.008 0.039 0.001 0.003 0.003 0.001 0.001 0.008 0.04 0.028 0.651 0.002 0.008 0.003 0.008 0.035 0.002 0.158 0.027 0.008 0.001 0.003 0.022 0.069 0.016 0.001 0.013 0.008 0.002 0.007 0.01 0.001 0.014 0.011 0.002 0.001 0.001 0.013 0.009 0.002 0.001 0.001 0.004 0.003 0.009 0.013 0.002 0.001 1 0.002 0 0.01 0.001 0.002 0.002
0.016 0.013 0.019 0.002 0.002 0.001 0.001 0.005 0.017 0.001 0.005 0.002 0.061 0.001 0.006 0.007 0.001 0.002 0.003 0.003 0.141 0.012 0.031 0.004 0.017 0.002 0.003 0.001 0 0 0.004 0.017 0.028 0.002 0.002 0.004 0.002 0.008 0.033 0.002 0.01 0.052 0.144 0.001 0 0.048 0.023 0.002 0.001 0.127 0.18 0.001 0.187 0.139 0.001 0.118 0.143 0.002 0.258 0 0.124 0.175 0.002 0.001 0 0.002 0.003 0.186 0.125 0.002 0.001 0.002 1 0.001 0.148 0.001 0.002 0.002
0.001 0.007 0.007 0.017 0.003 0.002 0.001 0.002 0.019 0.001 0.001 0 0.001 0 0.007 0.007 0.002 0.001 0 0.007 0.001 0.007 0.01 0.004 0.023 0.001 0 0.002 0 0.001 0.004 0.028 0.021 0 0.001 0.004 0.001 0.004 0.018 0.001 0.08 0.014 0.004 0.001 0.001 0.007 0.035 0.01 0 0.006 0.004 0.001 0.004 0.005 0.001 0.007 0.005 0.001 0.001 0.001 0.006 0.005 0.001 0.001 0.001 0.002 0.001 0.004 0.006 0.001 0.001 0 0.001 1 0.005 0.001 0.001 0.001
0 0 0.001 0.021 0.002 0.003 0 0 0.044 0.009 0 0.004 0.157 0.005 0.006 0.008 0.001 0.01 0.22 0.002 0.477 0.032 0.124 0.002 0.049 0.013 0.237 0.003 0.005 0 0.002 0.042 0.087 0.01 0 0.03 0.001 0.046 0.102 0.008 0.051 0.166 0.68 0.007 0.005 0.21 0.14 0.043 0.005 0.684 0.658 0 0.63 0.744 0.008 0.722 0.912 0.011 0.054 0.098 0.684 0.799 0.013 0.008 0.004 0.371 0.017 0.737 0.731 0.014 0.108 0.01 0.148 0.005 1 0.009 0.014 0.163
0.009 0.011 0.011 0 0 0.032 0.04 0.005 0.002 0.001 0.004 0.002 0.002 0 0.013 0.012 0.005 0 0.002 0.015 0.006 0.005 0 0 0.002 0.002 0.002 0.032 0.041 0.032 0.004 0 0.001 0.001 0.055 0.008 0.038 0.007 0.002 0.002 0.007 0.001 0.007 0.001 0.002 0.02 0.018 0.001 0.528 0.012 0.007 0.002 0.007 0.009 0.758 0.013 0.01 0.002 0.001 0.001 0.011 0.008 0.002 0.001 0.001 0.004 0.002 0.008 0.012 0.002 0.001 0.001 0.001 0.001 0.009 1 0.023 0.002
0.007 0.005 0.005 0.017 0.003 0 0 0.007 0.01 0.002 0.006 0.002 0.003 0 0.002 0.002 0.007 0.002 0.002 0.004 0.005 0.055 0.014 0.003 0.008 0.002 0.003 0 0 0 0.012 0.018 0.016 0.002 0 0.002 0.001 0.003 0.02 0.058 0.003 0.008 0.011 0.007 0.004 0.016 0.007 0.041 0.003 0.018 0.011 0.003 0.01 0.014 0.045 0.02 0.015 0.003 0.002 0.002 0.018 0.013 0.124 0.002 0.001 0.005 0 0.012 0.014 0.128 0.002 0.002 0.002 0.001 0.014 0.023 1 0.002
0.013 0.011 0.011 0.02 0.005 0.004 0.003 0.002 0.019 0.001 0.001 0.002 0.129 0.001 0.017 0.019 0.006 0.002 0 0.017 0.047 0.001 0.038 0.009 0.03 0.002 0 0.004 0.001 0.001 0.009 0.021 0.035 0.002 0.002 0.007 0.003 0.006 0.041 0.002 0.01 0.023 0.072 0.001 0.003 0.043 0.023 0 0.001 0.083 0.148 0.001 0.167 0.123 0.001 0.12 0.157 0.002 0.001 0.511 0.133 0.179 0.002 0.001 0.001 0 0.003 0.178 0.123 0.002 0.568 0.002 0.002 0.001 0.163 0.002 0.002 1
