1 0.818 0.821 0.427 0.332 0.163 0.123 0.224 0.229 0.012 0.198 0.104 0.027 0.03 0.415 0.42 0.222 0.031 0.027 0.44 0 0.117 0.081 0.283 0.19 0.004 0.027 0.121 0.037 0.044 0.243 0.155 0.061 0.004 0.032 0.03 0.053 0.019 0.063 0.02 0.011 0.075 0.013 0.001 0.048 0.012 0.001 0.053 0.011 0.034 0 0.035 0 0.008 0.009 0.029 0.02 0.006 0.085 0.016 0.022 0.004 0.009 0.006 0.006 0.009 0.001 0.008 0.019 0.012 0.014 0.006 0.061 0.003 0.018 0.016 0.003 0.01
0.818 1 0.941 0.403 0.361 0.197 0.149 0.271 0.198 0.01 0.24 0.126 0.023 0.037 0.486 0.495 0.245 0.039 0.022 0.496 0.001 0.1 0.059 0.309 0.184 0.03 0.022 0.149 0.045 0.053 0.278 0.155 0.062 0.003 0.042 0.037 0.068 0.032 0.05 0.017 0.04 0.095 0.024 0.01 0.046 0.021 0.001 0.045 0.016 0.046 0.002 0.046 0.002 0.016 0.014 0.042 0.028 0.009 0.105 0.013 0.031 0.006 0.006 0.008 0.009 0.011 0.018 0.012 0.032 0.009 0.011 0.006 0.079 0.007 0.027 0.023 0.002 0.007
0.821 0.941 1 0.404 0.386 0.19 0.144 0.259 0.202 0.01 0.229 0.12 0.024 0.035 0.495 0.503 0.259 0.037 0.023 0.513 0 0.09 0.055 0.333 0.21 0.031 0.023 0.143 0.044 0.052 0.288 0.172 0.072 0.004 0.04 0.042 0.065 0.028 0.059 0.017 0.031 0.093 0.021 0.011 0.058 0.022 0 0.048 0.015 0.048 0.001 0.043 0.001 0.013 0.013 0.043 0.029 0.008 0.1 0.014 0.033 0.008 0.007 0.005 0.008 0.007 0.02 0.013 0.032 0.009 0.012 0.006 0.075 0.007 0.028 0.021 0.002 0.008
0.427 0.403 0.404 1 0.19 0.072 0.051 0.118 0.727 0.022 0.104 0.054 0.052 0.016 0.211 0.232 0.133 0.023 0.051 0.222 0.022 0.261 0.286 0.162 0.498 0 0.051 0.046 0.019 0.023 0.138 0.449 0.248 0.023 0.008 0.004 0.016 0.003 0.316 0.038 0.189 0 0.002 0.018 0.02 0.005 0.174 0.164 0.009 0 0.022 0.013 0.021 0.007 0.006 0.001 0.001 0.001 0.039 0.025 0.001 0.01 0.024 0.016 0 0.029 0.06 0.005 0.002 0.029 0.02 0.019 0.017 0.018 0.002 0.005 0.011 0.023
0.332 0.361 0.386 0.19 1 0.016 0.012 0.466 0.236 0.004 0.409 0.175 0.01 0.003 0.403 0.439 0.553 0.089 0.01 0.42 0.038 0.061 0.124 0.694 0.204 0.014 0.009 0.016 0.004 0.005 0.584 0.152 0.11 0.003 0.008 0.155 0.012 0.119 0.082 0.008 0.03 0.017 0 0.005 0.001 0.023 0.019 0.026 0 0.004 0.017 0.01 0.017 0 0 0.003 0 0.007 0 0.007 0.009 0.015 0.007 0.002 0.005 0.008 0.004 0.012 0.002 0.008 0.007 0.004 0 0.003 0 0 0.007 0.008
0.163 0.197 0.19 0.072 0.016 1 0.757 0.01 0.093 0.002 0.008 0.005 0.004 0.184 0.212 0.189 0.011 0.002 0.004 0.214 0.016 0.009 0.03 0.016 0.089 0.006 0.005 0.791 0.239 0.276 0.014 0.089 0.036 0 0.257 0.017 0.406 0.016 0.035 0.003 0 0.016 0.017 0.002 0.265 0.036 0.008 0.012 0.075 0.019 0.016 0.289 0.016 0.021 0.063 0.016 0 0.087 0.005 0.001 0.013 0 0.003 0.002 0.077 0 0.007 0 0.007 0.004 0.001 0 0.001 0.002 0 0.095 0.008 0.002
0.123 0.149 0.144 0.051 0.012 0.757 1 0.007 0.079 0.001 0.006 0.004 0.003 0.001 0.175 0.157 0.009 0.001 0.003 0.175 0.012 0.008 0.024 0.012 0.07 0.004 0.004 0.615 0.316 0.365 0.013 0.07 0.023 0.001 0.344 0.013 0.543 0.012 0.025 0.002 0.014 0.042 0.012 0.002 0.358 0.025 0.031 0.008 0.032 0.041 0.012 0.389 0.011 0.015 0.027 0.036 0.001 0.121 0.004 0.001 0.031 0.003 0.003 0.002 0.106 0.001 0.005 0.003 0.02 0.003 0.001 0.002 0 0.001 0.001 0.053 0 0.001
0.224 0.271 0.259 0.118 0.466 0.01 0.007 1 0.136 0.003 0.884 0.468 0.006 0.002 0.315 0.283 0.786 0.002 0.006 0.33 0.022 0.036 0.073 0.576 0.173 0.008 0.005 0.01 0.003 0.003 0.55 0.149 0.094 0.002 0.005 0.222 0.007 0.231 0.097 0.004 0.014 0.032 0.002 0.003 0.007 0.082 0.063 0.039 0.004 0.003 0.028 0.005 0.028 0.001 0.004 0.001 0 0.004 0.007 0.004 0 0.034 0.003 0.003 0.003 0.012 0 0.032 0.001 0.004 0.004 0.002 0.01 0.002 0 0.004 0.005 0.005
0.229 0.198 0.202 0.727 0.236 0.093 0.079 0.136 1 0.018 0.12 0.065 0.043 0.019 0.29 0.315 0.155 0.028 0.034 0.3 0.145 0.214 0.448 0.202 0.641 0.004 0.034 0.072 0.023 0.028 0.178 0.591 0.358 0.028 0.016 0.012 0.028 0.01 0.465 0.031 0.247 0.008 0.048 0.015 0.027 0.023 0.251 0.193 0.018 0.027 0.112 0.019 0.112 0.063 0.013 0.028 0.034 0.002 0.018 0.02 0.032 0.068 0.031 0.016 0.003 0.02 0.086 0.059 0.028 0.036 0.018 0.023 0.021 0.02 0.033 0.012 0.004 0.028
0.012 0.01 0.01 0.022 0.004 0.002 0.001 0.003 0.018 1 0.002 0.001 0.001 0 0 0 0.003 0.001 0.001 0.008 0.004 0.005 0.011 0.004 0.015 0.101 0.001 0.002 0 0.001 0.005 0.015 0.015 0.001 0.001 0.002 0.001 0.002 0.003 0.001 0.005 0.013 0.006 0.001 0.001 0.001 0.011 0.014 0.001 0.009 0.006 0.001 0.005 0.007 0.001 0.01 0.008 0.001 0.001 0.001 0.009 0.007 0.001 0.507 0.001 0.002 0.002 0.006 0.009 0.001 0.001 0.001 0.002 0 0.007 0.001 0.001 0.001
0.198 0.24 0.229 0.104 0.409 0.008 0.006 0.884 0.12 0.002 1 0.53 0.005 0.002 0.279 0.25 0.727 0.001 0.005 0.292 0.02 0.032 0.064 0.508 0.153 0.007 0.004 0.009 0.002 0.002 0.484 0.129 0.079 0.001 0.004 0.169 0.006 0.176 0.083 0.004 0.011 0.021 0.005 0.002 0.006 0.063 0.045 0.037 0.003 0.001 0.025 0.004 0.024 0.002 0.004 0 0 0.004 0.007 0.004 0 0.03 0.003 0.003 0.003 0.01 0 0.028 0 0.003 0.004 0.002 0.009 0.002 0 0.003 0.005 0.004
0.104 0.126 0.12 0.054 0.175 0.005 0.004 0.468 0.065 0.001 0.53 1 0.003 0.001 0.147 0.132 0.393 0 0.003 0.154 0.011 0.015 0.033 0.266 0.08 0.004 0.003 0.005 0.001 0.001 0.269 0.085 0.045 0 0.002 0.099 0.003 0.102 0.057 0.002 0.002 0.013 0.005 0.001 0.003 0.044 0.027 0.026 0.002 0.001 0.014 0.002 0.013 0.003 0.002 0 0 0.002 0.004 0.002 0 0.016 0.002 0.002 0.002 0.006 0.005 0.016 0 0.003 0.002 0.001 0.005 0.001 0.001 0.002 0.003 0.002
0.027 0.023 0.024 0.052 0.01 0.004 0.003 0.006 0.043 0.001 0.005 0.003 1 0.001 0.011 0.007 0.007 0.001 0.003 0.004 0.179 0.017 0.046 0.01 0.035 0.004 0.003 0.004 0.001 0.001 0.007 0.021 0.028 0.001 0.001 0.011 0 0.01 0.035 0.002 0.012 0.062 0.086 0.001 0 0.041 0.027 0.001 0.001 0.074 0.099 0 0.085 0.078 0.002 0.108 0.066 0.001 0.001 0.46 0.073 0.076 0.001 0.002 0.002 0.001 0.004 0.055 0.068 0.001 0.101 0.001 0.009 0.001 0.06 0.002 0.002 0.234
0.03 0.037 0.035 0.016 0.003 0.184 0.001 0.002 0.019 0 0.002 0.001 0.001 1 0.043 0.038 0.002 0 0.001 0.045 0.003 0.005 0.01 0.003 0.023 0.001 0.001 0.184 0 0 0.001 0.024 0.019 0.012 0.001 0.003 0.001 0.003 0.016 0.001 0.064 0.011 0.004 0 0.001 0.009 0.026 0.007 0.063 0.006 0.004 0.001 0.004 0.005 0.055 0.007 0.005 0.001 0.001 0.001 0.006 0.005 0 0 0 0.002 0.001 0.004 0.006 0 0.001 0.003 0.001 0 0.005 0.053 0.041 0.001
0.415 0.486 0.495 0.211 0.403 0.212 0.175 0.315 0.29 0 0.279 0.147 0.011 0.043 1 0.88 0.362 0.062 0.013 0.784 0.055 0.074 0.159 0.504 0.359 0.014 0.013 0.21 0.054 0.065 0.414 0.322 0.202 0.002 0.078 0.083 0.11 0.063 0.203 0.014 0.017 0.032 0.012 0.008 0.101 0.004 0.007 0.049 0.031 0 0.062 0.08 0.062 0.019 0.027 0 0.003 0.027 0.016 0.011 0.001 0.026 0.013 0 0.03 0.004 0.011 0.021 0 0.015 0.011 0.005 0.013 0.006 0.002 0.04 0 0.013
0.42 0.495 0.503 0.232 0.439 0.189 0.157 0.283 0.315 0 0.25 0.132 0.007 0.038 0.88 1 0.325 0.055 0.015 0.702 0.053 0.084 0.17 0.465 0.313 0.014 0.015 0.188 0.048 0.058 0.383 0.294 0.179 0.003 0.089 0.074 0.117 0.056 0.179 0.016 0.02 0.042 0.005 0.008 0.108 0.002 0.005 0.053 0.027 0.003 0.043 0.088 0.043 0.011 0.023 0.003 0.001 0.036 0.001 0.013 0 0.016 0.014 0 0.041 0.006 0.015 0.012 0.002 0.017 0.012 0.005 0.001 0.002 0 0.034 0 0.015
0.222 0.245 0.259 0.133 0.553 0.011 0.009 0.786 0.155 0.003 0.727 0.393 0.007 0.002 0.362 0.325 1 0.002 0.007 0.393 0.027 0.043 0.087 0.616 0.207 0.01 0.006 0.011 0.003 0.003 0.589 0.178 0.115 0.002 0.006 0.259 0.008 0.205 0.11 0.005 0.008 0.037 0.001 0.003 0 0.076 0.065 0.035 0.004 0.001 0.028 0.006 0.027 0 0.005 0 0 0.005 0.009 0.005 0 0.021 0.004 0.004 0.004 0.002 0.001 0.018 0 0.005 0.005 0.002 0.011 0.002 0.001 0.004 0.006 0.006
0.031 0.039 0.037 0.023 0.089 0.002 0.001 0.002 0.028 0.001 0.001 0 0.001 0 0.062 0.055 0.002 1 0.001 0.065 0.004 0.007 0.014 0.114 0.034 0.002 0.001 0.002 0 0.001 0.111 0.034 0.027 0.001 0.001 0.003 0.001 0.003 0.023 0.001 0.005 0.015 0.006 0.001 0.001 0.011 0.005 0.002 0.019 0.009 0.005 0.001 0.005 0.007 0.016 0.01 0.008 0.001 0.001 0.001 0.008 0.007 0.001 0.001 0.001 0.002 0.002 0.006 0.009 0.001 0.001 0.001 0.002 0 0.007 0.016 0.001 0.001
0.027 0.022 0.023 0.051 0.01 0.004 0.003 0.006 0.034 0.001 0.005 0.003 0.003 0.001 0.013 0.015 0.007 0.001 1 0.018 0.268 0.016 0.082 0.01 0.034 0.004 0.895 0.004 0.001 0.001 0.011 0.034 0.028 0.001 0.002 0.01 0.003 0.01 0.051 0.002 0.012 0.071 0.203 0.001 0.003 0.047 0.026 0.025 0.002 0.137 0.189 0.003 0.196 0.175 0.002 0.119 0.152 0.002 0.003 0.001 0.114 0.162 0.002 0.002 0.001 0.5 0.004 0.146 0.132 0.003 0.001 0.001 0.004 0.001 0.157 0.002 0.002 0.001
0.44 0.496 0.513 0.222 0.42 0.214 0.175 0.33 0.3 0.008 0.292 0.154 0.004 0.045 0.784 0.702 0.393 0.065 0.018 1 0.039 0.079 0.145 0.55 0.389 0.025 0.011 0.18 0.056 0.066 0.458 0.319 0.177 0.002 0.051 0.071 0.083 0.053 0.161 0.005 0.017 0.03 0.005 0.009 0.075 0.004 0.005 0.049 0.033 0.001 0.042 0.056 0.047 0.009 0.029 0.001 0 0.011 0.021 0.013 0.001 0.014 0.004 0.005 0.011 0.001 0.013 0.015 0 0.006 0.013 0.004 0.01 0.006 0 0.042 0 0.015
0 0.001 0 0.022 0.038 0.016 0.012 0.022 0.145 0.004 0.02 0.011 0.179 0.003 0.055 0.053 0.027 0.004 0.268 0.039 1 0.047 0.277 0.038 0.127 0.014 0.274 0.016 0.004 0.005 0.035 0.102 0.115 0.004 0 0.038 0.002 0.037 0.159 0.008 0.046 0.227 0.572 0.005 0.002 0.185 0.096 0.026 0.006 0.448 0.624 0.002 0.606 0.527 0.007 0.389 0.436 0 0.173 0.056 0.399 0.49 0.006 0.006 0 0.167 0.016 0.447 0.427 0.008 0.069 0.005 0.16 0.003 0.416 0.007 0.001 0.148
0.117 0.1 0.09 0.261 0.061 0.009 0.008 0.036 0.214 0.005 0.032 0.015 0.017 0.005 0.074 0.084 0.043 0.007 0.016 0.079 0.047 1 0.428 0.062 0.147 0.022 0.015 0.026 0.005 0.007 0.044 0.145 0.023 0.007 0.013 0.039 0.019 0.038 0.039 0.101 0.052 0.017 0.063 0.029 0.019 0.008 0.005 0.09 0.001 0.052 0.021 0.014 0.018 0.03 0 0.057 0.039 0.005 0.02 0.007 0.044 0.027 0.034 0.001 0.009 0.004 0.021 0.025 0.04 0.049 0.006 0.004 0.009 0.005 0.04 0 0.022 0.007
0.081 0.059 0.055 0.286 0.124 0.03 0.024 0.073 0.448 0.011 0.064 0.033 0.046 0.01 0.159 0.17 0.087 0.014 0.082 0.145 0.277 0.428 1 0.125 0.341 0.045 0.086 0.054 0.011 0.015 0.098 0.307 0.135 0.014 0.012 0.001 0.022 0.001 0.203 0.045 0.122 0.077 0.142 0.011 0.022 0.075 0.077 0.009 0.006 0.11 0.244 0.017 0.243 0.178 0.003 0.083 0.124 0.003 0.039 0.013 0.102 0.168 0.009 0.005 0.004 0.07 0.046 0.153 0.086 0.015 0.018 0.011 0.051 0.01 0.114 0.002 0 0.051
0.283 0.309 0.333 0.162 0.694 0.016 0.012 0.576 0.202 0.004 0.508 0.266 0.01 0.003 0.504 0.465 0.616 0.114 0.01 0.55 0.038 0.062 0.125 1 0.283 0.014 0.009 0.016 0.004 0.005 0.832 0.215 0.142 0.004 0.008 0.194 0.012 0.155 0.129 0.008 0.031 0.011 0.001 0.005 0.001 0.036 0.024 0.037 0.001 0.01 0.042 0.01 0.041 0.003 0.001 0.007 0.003 0.007 0.012 0.007 0.004 0.037 0.007 0.002 0.005 0.006 0.004 0.032 0.006 0.008 0.007 0.005 0.016 0.003 0.002 0.001 0.007 0.009
0.19 0.184 0.21 0.498 0.204 0.089 0.07 0.173 0.641 0.015 0.153 0.08 0.035 0.023 0.359 0.313 0.207 0.034 0.034 0.389 0.127 0.147 0.341 0.283 1 0.047 0.035 0.091 0.031 0.035 0.257 0.79 0.545 0.024 0.023 0.021 0.037 0.018 0.46 0.018 0.149 0.005 0.058 0.016 0.037 0.015 0.195 0.145 0.015 0.03 0.135 0.026 0.133 0.071 0.012 0.03 0.043 0.004 0.042 0.021 0.023 0.084 0.018 0.013 0.005 0.018 0.004 0.077 0.033 0.022 0.016 0.021 0.043 0.025 0.04 0.01 0 0.029
0.004 0.03 0.031 0 0.014 0.006 0.004 0.008 0.004 0.101 0.007 0.004 0.004 0.001 0.014 0.014 0.01 0.002 0.004 0.025 0.014 0.022 0.045 0.014 0.047 1 0.004 0.006 0.002 0.002 0.014 0.046 0.058 0 0.003 0.014 0.004 0.013 0.008 0.003 0.064 0.032 0.018 0.012 0.004 0.022 0.017 0.002 0.002 0.025 0.016 0.004 0.016 0.019 0.002 0.029 0.023 0.003 0.005 0.003 0.025 0.019 0.003 0.073 0.002 0.006 0.203 0.018 0.026 0.003 0.003 0 0.006 0.001 0.021 0.003 0.003 0.003
0.027 0.022 0.023 0.051 0.009 0.005 0.004 0.005 0.034 0.001 0.004 0.003 0.003 0.001 0.013 0.015 0.006 0.001 0.895 0.011 0.274 0.015 0.086 0.009 0.035 0.004 1 0.005 0.001 0.001 0.01 0.035 0.03 0.001 0.002 0.009 0.004 0.009 0.053 0.002 0.014 0.074 0.207 0.002 0.004 0.05 0.027 0.022 0.002 0.138 0.194 0.003 0.196 0.177 0.002 0.12 0.154 0.002 0.004 0.001 0.095 0.161 0.002 0.002 0.002 0.516 0.005 0.128 0.133 0.003 0.001 0.001 0.005 0.001 0.159 0.002 0.003 0.002
0.121 0.149 0.143 0.046 0.016 0.791 0.615 0.01 0.072 0.002 0.009 0.005 0.004 0.184 0.21 0.188 0.011 0.002 0.004 0.18 0.016 0.026 0.054 0.016 0.091 0.006 0.005 1 0.239 0.276 0.014 0.105 0.061 0 0.368 0.017 0.585 0.013 0.06 0.003 0 0.034 0.017 0.002 0.413 0.022 0.008 0.029 0.075 0.042 0.016 0.449 0.016 0.021 0.063 0.033 0 0.21 0.005 0.003 0.03 0 0.003 0.002 0.178 0 0.007 0 0.02 0.004 0.003 0 0.001 0.002 0 0.095 0.007 0.004
0.037 0.045 0.044 0.019 0.004 0.239 0.316 0.003 0.023 0 0.002 0.001 0.001 0 0.054 0.048 0.003 0 0.001 0.056 0.004 0.005 0.011 0.004 0.031 0.002 0.001 0.239 1 0.853 0.004 0.011 0.008 0.001 0.009 0.004 0.193 0.004 0.006 0 0.005 0.009 0.006 0.001 0.098 0.012 0.011 0.002 0.002 0.008 0.005 0.107 0.005 0.007 0.002 0.006 0.003 0.084 0.001 0.001 0.005 0.002 0 0.001 0.11 0.002 0.002 0.002 0.004 0 0.001 0.001 0 0 0.003 0.024 0 0.001
0.044 0.053 0.052 0.023 0.005 0.276 0.365 0.003 0.028 0.001 0.002 0.001 0.001 0 0.065 0.058 0.003 0.001 0.001 0.066 0.005 0.007 0.015 0.005 0.035 0.002 0.001 0.276 0.853 1 0.005 0.016 0.012 0.001 0.028 0.004 0.236 0.004 0.009 0.001 0.006 0.014 0.006 0.001 0.133 0.013 0.011 0.003 0.002 0.013 0.006 0.144 0.006 0.007 0.002 0.01 0.001 0.078 0.002 0.001 0.009 0 0.001 0.001 0.102 0 0.002 0 0.007 0.001 0.001 0.001 0 0 0.001 0.022 0 0.001
0.243 0.278 0.288 0.138 0.584 0.014 0.013 0.55 0.178 0.005 0.484 0.269 0.007 0.001 0.414 0.383 0.589 0.111 0.011 0.458 0.035 0.044 0.098 0.832 0.257 0.014 0.01 0.014 0.004 0.005 1 0.269 0.191 0.005 0.008 0.26 0.012 0.215 0.174 0.008 0.029 0.022 0.001 0.005 0.001 0.053 0.044 0.052 0 0.011 0.042 0.01 0.042 0.003 0 0.008 0.003 0.007 0.013 0.008 0.005 0.036 0.008 0.006 0.005 0.006 0.004 0.034 0.006 0.01 0.007 0.005 0.017 0.003 0.002 0 0.006 0.009
0.155 0.155 0.172 0.449 0.152 0.089 0.07 0.149 0.591 0.015 0.129 0.085 0.021 0.024 0.322 0.294 0.178 0.034 0.034 0.319 0.102 0.145 0.307 0.215 0.79 0.046 0.035 0.105 0.011 0.016 0.269 1 0.684 0.025 0.065 0.031 0.093 0.031 0.588 0.025 0.154 0 0.059 0.017 0.093 0.004 0.222 0.196 0.016 0.014 0.136 0.077 0.134 0.072 0.01 0.013 0.042 0.041 0.042 0.018 0.008 0.082 0.027 0.019 0.043 0.019 0.004 0.075 0.015 0.031 0.016 0.021 0.043 0.025 0.039 0.003 0.003 0.026
0.061 0.062 0.072 0.248 0.11 0.036 0.023 0.094 0.358 0.015 0.079 0.045 0.028 0.019 0.202 0.179 0.115 0.027 0.028 0.177 0.115 0.023 0.135 0.142 0.545 0.058 0.03 0.061 0.008 0.012 0.191 0.684 1 0.019 0.036 0.24 0.058 0.232 0.771 0.032 0.099 0.023 0.093 0.011 0.074 0 0.377 0.21 0.005 0.037 0.16 0.066 0.154 0.107 0.002 0.037 0.075 0.031 0.053 0.022 0.023 0.104 0.031 0.024 0.027 0.019 0.002 0.096 0.038 0.036 0.018 0.017 0.062 0.021 0.071 0 0.004 0.031
0.004 0.003 0.004 0.023 0.003 0 0.001 0.002 0.028 0.001 0.001 0 0.001 0.012 0.002 0.003 0.002 0.001 0.001 0.002 0.004 0.007 0.014 0.004 0.024 0 0.001 0 0.001 0.001 0.005 0.025 0.019 1 0.001 0.005 0.001 0.004 0.023 0.001 0.096 0.017 0.006 0.001 0.001 0.013 0.045 0.011 0.008 0.009 0.006 0.001 0.006 0.007 0.006 0.01 0.008 0.001 0.001 0.001 0.009 0.007 0.001 0.001 0.001 0.002 0.002 0.006 0.009 0.001 0.001 0.665 0.002 0 0.007 0.001 0.001 0.001
0.032 0.042 0.04 0.008 0.008 0.257 0.344 0.005 0.016 0.001 0.004 0.002 0.001 0.001 0.078 0.089 0.006 0.001 0.002 0.051 0 0.013 0.012 0.008 0.023 0.003 0.002 0.368 0.009 0.028 0.008 0.065 0.036 0.001 1 0.008 0.66 0.008 0.043 0.002 0.01 0.057 0.011 0.001 0.405 0.002 0.021 0.02 0.055 0.052 0.01 0.438 0.01 0.013 0.047 0.044 0.002 0.199 0.003 0.002 0.049 0.003 0.002 0.001 0.209 0.005 0.003 0.004 0.034 0.002 0.002 0.001 0.004 0.001 0.002 0.044 0 0.002
0.03 0.037 0.042 0.004 0.155 0.017 0.013 0.222 0.012 0.002 0.169 0.099 0.011 0.003 0.083 0.074 0.259 0.003 0.01 0.071 0.038 0.039 0.001 0.194 0.021 0.014 0.009 0.017 0.004 0.004 0.26 0.031 0.24 0.005 0.008 1 0.012 0.885 0.196 0.008 0.039 0.227 0.045 0.07 0.001 0.11 0.254 0.031 0.005 0.051 0.042 0.008 0.039 0.049 0.005 0.057 0.041 0.007 0.013 0.005 0.04 0.033 0.007 0.006 0.006 0.006 0.002 0.031 0.051 0.007 0.005 0.004 0.017 0.002 0.038 0.007 0.005 0.006
0.053 0.068 0.065 0.016 0.012 0.406 0.543 0.007 0.028 0.001 0.006 0.003 0 0.001 0.11 0.117 0.008 0.001 0.003 0.083 0.002 0.019 0.022 0.012 0.037 0.004 0.004 0.585 0.193 0.236 0.012 0.093 0.058 0.001 0.66 0.012 1 0.009 0.063 0.002 0.014 0.083 0.016 0.002 0.623 0.009 0.031 0.029 0.034 0.083 0.015 0.674 0.015 0.018 0.029 0.07 0 0.363 0.004 0.002 0.068 0.001 0.003 0.002 0.358 0.001 0.005 0.001 0.051 0.003 0.002 0.002 0.002 0.001 0 0.027 0 0.003
0.019 0.032 0.028 0.003 0.119 0.016 0.012 0.231 0.01 0.002 0.176 0.102 0.01 0.003 0.063 0.056 0.205 0.003 0.01 0.053 0.037 0.038 0.001 0.155 0.018 0.013 0.009 0.013 0.004 0.004 0.215 0.031 0.232 0.004 0.008 0.885 0.009 1 0.196 0.007 0.045 0.233 0.046 0.074 0.009 0.106 0.28 0.029 0.004 0.067 0.044 0.006 0.04 0.051 0.005 0.073 0.059 0.005 0.012 0.005 0.054 0.049 0.006 0.006 0.003 0.017 0.003 0.048 0.066 0.007 0.004 0.003 0.016 0.003 0.056 0.007 0.005 0.006
0.063 0.05 0.059 0.316 0.082 0.035 0.025 0.097 0.465 0.003 0.083 0.057 0.035 0.016 0.203 0.179 0.11 0.023 0.051 0.161 0.159 0.039 0.203 0.129 0.46 0.008 0.053 0.06 0.006 0.009 0.174 0.588 0.771 0.023 0.043 0.196 0.063 0.196 1 0.038 0.24 0.004 0.132 0.008 0.062 0.004 0.503 0.265 0.01 0.067 0.234 0.056 0.226 0.151 0.005 0.071 0.117 0.026 0.062 0.027 0.05 0.171 0.037 0.009 0.022 0.05 0.082 0.159 0.072 0.043 0.026 0.021 0.074 0.017 0.112 0 0.007 0.037
0.02 0.017 0.017 0.038 0.008 0.003 0.002 0.004 0.031 0.001 0.004 0.002 0.002 0.001 0.014 0.016 0.005 0.001 0.002 0.005 0.008 0.101 0.045 0.008 0.018 0.003 0.002 0.003 0 0.001 0.008 0.025 0.032 0.001 0.002 0.008 0.002 0.007 0.038 1 0.008 0.016 0.002 0.001 0.002 0.01 0.018 0.047 0.001 0.005 0.002 0.002 0.002 0.003 0.001 0.007 0.005 0.001 0.003 0.001 0.005 0.003 0.274 0.001 0.001 0 0.003 0.002 0.006 0.388 0.001 0.001 0.003 0.001 0.004 0.001 0.029 0.002
0.011 0.04 0.031 0.189 0.03 0 0.014 0.014 0.247 0.005 0.011 0.002 0.012 0.064 0.017 0.02 0.008 0.005 0.012 0.017 0.046 0.052 0.122 0.031 0.149 0.064 0.014 0 0.005 0.006 0.029 0.154 0.099 0.096 0.01 0.039 0.014 0.045 0.24 0.008 1 0.174 0.045 0.007 0.014 0.096 0.409 0.093 0.003 0.074 0.058 0.013 0.057 0.055 0.001 0.086 0.065 0.008 0.015 0.009 0.072 0.07 0.009 0.007 0.007 0.024 0.273 0.067 0.076 0.011 0.009 0.088 0.02 0.073 0.061 0 0 0.01
0.075 0.095 0.093 0 0.017 0.016 0.042 0.032 0.008 0.013 0.021 0.013 0.062 0.011 0.032 0.042 0.037 0.015 0.071 0.03 0.227 0.017 0.077 0.011 0.005 0.032 0.074 0.034 0.009 0.014 0.022 0 0.023 0.017 0.057 0.227 0.083 0.233 0.004 0.016 0.174 1 0.208 0.035 0.082 0.306 0 0.107 0.002 0.301 0.238 0.065 0.229 0.163 0.004 0.266 0.188 0.035 0.087 0.032 0.218 0.242 0.028 0.019 0.037 0.09 0.037 0.229 0.218 0.033 0.014 0.019 0.08 0.013 0.185 0.004 0.022 0.039
0.013 0.024 0.021 0.002 0 0.017 0.012 0.002 0.048 0.006 0.005 0.005 0.086 0.004 0.012 0.005 0.001 0.006 0.203 0.005 0.572 0.063 0.142 0.001 0.058 0.018 0.207 0.017 0.006 0.006 0.001 0.059 0.093 0.006 0.011 0.045 0.016 0.046 0.132 0.002 0.045 0.208 1 0.007 0.016 0.276 0.13 0.064 0.008 0.61 0.706 0.013 0.688 0.855 0.009 0.582 0.706 0.009 0.217 0.049 0.512 0.573 0.011 0.008 0.004 0.188 0.021 0.512 0.575 0.012 0.056 0.007 0.207 0.004 0.71 0.009 0.012 0.119
0.001 0.01 0.011 0.018 0.005 0.002 0.002 0.003 0.015 0.001 0.002 0.001 0.001 0 0.008 0.008 0.003 0.001 0.001 0.009 0.005 0.029 0.011 0.005 0.016 0.012 0.002 0.002 0.001 0.001 0.005 0.017 0.011 0.001 0.001 0.07 0.002 0.074 0.008 0.001 0.007 0.035 0.007 1 0.002 0.001 0.002 0.039 0.001 0.011 0.007 0.002 0.007 0.008 0.001 0.012 0.01 0.001 0.002 0.001 0.004 0.008 0 0.001 0.001 0.003 0.002 0.008 0.011 0 0.001 0.001 0.002 0.001 0.009 0.001 0 0.001
0.048 0.046 0.058 0.02 0.001 0.265 0.358 0.007 0.027 0.001 0.006 0.003 0 0.001 0.101 0.108 0 0.001 0.003 0.075 0.002 0.019 0.022 0.001 0.037 0.004 0.004 0.413 0.098 0.133 0.001 0.093 0.074 0.001 0.405 0.001 0.623 0.009 0.062 0.002 0.014 0.082 0.016 0.002 1 0.001 0.031 0.029 0.002 0.158 0.015 0.846 0.015 0.018 0.002 0.138 0.006 0.491 0.004 0.002 0.131 0.008 0.003 0.002 0.4 0.011 0.005 0.011 0.104 0.003 0.002 0.002 0.001 0.001 0.007 0.002 0.003 0.003
0.012 0.021 0.022 0.005 0.023 0.036 0.025 0.082 0.023 0.001 0.063 0.044 0.041 0.009 0.004 0.002 0.076 0.011 0.047 0.004 0.185 0.008 0.075 0.036 0.015 0.022 0.05 0.022 0.012 0.013 0.053 0.004 0 0.013 0.002 0.11 0.009 0.106 0.004 0.01 0.096 0.306 0.276 0.001 0.001 1 0 0.089 0.017 0.225 0.233 0.004 0.235 0.283 0.02 0.201 0.234 0 0.045 0.017 0.245 0.197 0.021 0.003 0.001 0.072 0.046 0.164 0.204 0.024 0.019 0.014 0.049 0.001 0.233 0.02 0.021 0.055
0.001 0.001 0 0.174 0.019 0.008 0.031 0.063 0.251 0.011 0.045 0.027 0.027 0.026 0.007 0.005 0.065 0.005 0.026 0.005 0.096 0.005 0.077 0.024 0.195 0.017 0.027 0.008 0.011 0.011 0.044 0.222 0.377 0.045 0.021 0.254 0.031 0.28 0.503 0.018 0.409 0 0.13 0.002 0.031 0 1 0.16 0 0.194 0.124 0.028 0.123 0.151 0 0.222 0.174 0.018 0.032 0.019 0.191 0.149 0.018 0.015 0.014 0.052 0.164 0.143 0.201 0.022 0.019 0.043 0.043 0.035 0.166 0.005 0.001 0.022
0.053 0.045 0.048 0.164 0.026 0.012 0.008 0.039 0.193 0.014 0.037 0.026 0.001 0.007 0.049 0.053 0.035 0.002 0.025 0.049 0.026 0.09 0.009 0.037 0.145 0.002 0.022 0.029 0.002 0.003 0.052 0.196 0.21 0.011 0.02 0.031 0.029 0.029 0.265 0.047 0.093 0.107 0.064 0.039 0.029 0.089 0.16 1 0.015 0.112 0.056 0.025 0.055 0.077 0.007 0.081 0.071 0.009 0.002 0 0.076 0.055 0.075 0.026 0.013 0.044 0.038 0.049 0.092 0.088 0.002 0.011 0.009 0.009 0.07 0.001 0.028 0.014
0.011 0.016 0.015 0.009 0 0.075 0.032 0.004 0.018 0.001 0.003 0.002 0.001 0.063 0.031 0.027 0.004 0.019 0.002 0.033 0.006 0.001 0.006 0.001 0.015 0.002 0.002 0.075 0.002 0.002 0 0.016 0.005 0.008 0.055 0.005 0.034 0.004 0.01 0.001 0.003 0.002 0.008 0.001 0.002 0.017 0 0.015 1 0.012 0.008 0.002 0.008 0.009 0.868 0.014 0.011 0.001 0.002 0.001 0.012 0.009 0.001 0.001 0.001 0.003 0.002 0.009 0.011 0.001 0.001 0.015 0.003 0.001 0.01 0.62 0.031 0.001
0.034 0.046 0.048 0 0.004 0.019 0.041 0.003 0.027 0.009 0.001 0.001 0.074 0.006 0 0.003 0.001 0.009 0.137 0.001 0.448 0.052 0.11 0.01 0.03 0.025 0.138 0.042 0.008 0.013 0.011 0.014 0.037 0.009 0.052 0.051 0.083 0.067 0.067 0.005 0.074 0.301 0.61 0.011 0.158 0.225 0.194 0.112 0.012 1 0.641 0.134 0.624 0.686 0.013 0.872 0.733 0.073 0.168 0.028 0.793 0.664 0.016 0.011 0.072 0.261 0.032 0.636 0.819 0.018 0.037 0.01 0.221 0.007 0.707 0.014 0.018 0.088
0 0.002 0.001 0.022 0.017 0.016 0.012 0.028 0.112 0.006 0.025 0.014 0.099 0.004 0.062 0.043 0.028 0.005 0.189 0.042 0.624 0.021 0.244 0.042 0.135 0.016 0.194 0.016 0.005 0.006 0.042 0.136 0.16 0.006 0.01 0.042 0.015 0.044 0.234 0.002 0.058 0.238 0.706 0.007 0.015 0.233 0.124 0.056 0.008 0.641 1 0.014 0.947 0.82 0.009 0.559 0.688 0.009 0.262 0.052 0.494 0.779 0.01 0.007 0.003 0.262 0.02 0.73 0.555 0.012 0.065 0.006 0.323 0.004 0.653 0.009 0.011 0.14
0.035 0.046 0.043 0.013 0.01 0.289 0.389 0.005 0.019 0.001 0.004 0.002 0 0.001 0.08 0.088 0.006 0.001 0.003 0.056 0.002 0.014 0.017 0.01 0.026 0.004 0.003 0.449 0.107 0.144 0.01 0.077 0.066 0.001 0.438 0.008 0.674 0.006 0.056 0.002 0.013 0.065 0.013 0.002 0.846 0.004 0.028 0.025 0.002 0.134 0.014 1 0.011 0.012 0.002 0.125 0.002 0.53 0.004 0 0.117 0.003 0.002 0.001 0.432 0.002 0.005 0.004 0.092 0.003 0 0.001 0.001 0.001 0.002 0.002 0.003 0
0 0.002 0.001 0.021 0.017 0.016 0.011 0.028 0.112 0.005 0.024 0.013 0.085 0.004 0.062 0.043 0.027 0.005 0.196 0.047 0.606 0.018 0.243 0.041 0.133 0.016 0.196 0.016 0.005 0.006 0.042 0.134 0.154 0.006 0.01 0.039 0.015 0.04 0.226 0.002 0.057 0.229 0.688 0.007 0.015 0.235 0.123 0.055 0.008 0.624 0.947 0.011 1 0.812 0.009 0.553 0.682 0.009 0.264 0.061 0.507 0.776 0.01 0.007 0.003 0.245 0.02 0.722 0.549 0.012 0.074 0.006 0.326 0.004 0.646 0.009 0.011 0.154
0.008 0.016 0.013 0.007 0 0.021 0.015 0.001 0.063 0.007 0.002 0.003 0.078 0.005 0.019 0.011 0 0.007 0.175 0.009 0.527 0.03 0.178 0.003 0.071 0.019 0.177 0.021 0.007 0.007 0.003 0.072 0.107 0.007 0.013 0.049 0.018 0.051 0.151 0.003 0.055 0.163 0.855 0.008 0.018 0.283 0.151 0.077 0.009 0.686 0.82 0.012 0.812 1 0.01 0.68 0.814 0.011 0.215 0.054 0.608 0.669 0.012 0.009 0.005 0.227 0.025 0.628 0.666 0.014 0.067 0.008 0.264 0.005 0.769 0.011 0.014 0.124
0.009 0.014 0.013 0.006 0 0.063 0.027 0.004 0.013 0.001 0.004 0.002 0.002 0.055 0.027 0.023 0.005 0.016 0.002 0.029 0.007 0 0.003 0.001 0.012 0.002 0.002 0.063 0.002 0.002 0 0.01 0.002 0.006 0.047 0.005 0.029 0.005 0.005 0.001 0.001 0.004 0.009 0.001 0.002 0.02 0 0.007 0.868 0.013 0.009 0.002 0.009 0.01 1 0.015 0.012 0.001 0.002 0.001 0.013 0.01 0.001 0.001 0.001 0.004 0.003 0.01 0.013 0.002 0.001 0.013 0.003 0.001 0.012 0.692 0.046 0.002
0.029 0.042 0.043 0.001 0.003 0.016 0.036 0.001 0.028 0.01 0 0 0.108 0.007 0 0.003 0 0.01 0.119 0.001 0.389 0.057 0.083 0.007 0.03 0.029 0.12 0.033 0.006 0.01 0.008 0.013 0.037 0.01 0.044 0.057 0.07 0.073 0.071 0.007 0.086 0.266 0.582 0.012 0.138 0.201 0.222 0.081 0.014 0.872 0.559 0.125 0.553 0.68 0.015 1 0.783 0.063 0.146 0.086 0.836 0.668 0.018 0.013 0.063 0.232 0.036 0.643 0.859 0.021 0.084 0.011 0.193 0.008 0.748 0.016 0.02 0.099
0.02 0.028 0.029 0.001 0 0 0.001 0 0.034 0.008 0 0 0.066 0.005 0.003 0.001 0 0.008 0.152 0 0.436 0.039 0.124 0.003 0.043 0.023 0.154 0 0.003 0.001 0.003 0.042 0.075 0.008 0.002 0.041 0 0.059 0.117 0.005 0.065 0.188 0.706 0.01 0.006 0.234 0.174 0.071 0.011 0.733 0.688 0.002 0.682 0.814 0.012 0.783 1 0.012 0.169 0.055 0.723 0.828 0.014 0.01 0.006 0.278 0.028 0.796 0.757 0.017 0.108 0.009 0.228 0.006 0.934 0.013 0.016 0.127
0.006 0.009 0.008 0.001 0.007 0.087 0.121 0.004 0.002 0.001 0.004 0.002 0.001 0.001 0.027 0.036 0.005 0.001 0.002 0.011 0 0.005 0.003 0.007 0.004 0.003 0.002 0.21 0.084 0.078 0.007 0.041 0.031 0.001 0.199 0.007 0.363 0.005 0.026 0.001 0.008 0.035 0.009 0.001 0.491 0 0.018 0.009 0.001 0.073 0.009 0.53 0.009 0.011 0.001 0.063 0.012 1 0.002 0.001 0.074 0.011 0.001 0.001 0.68 0.004 0.003 0.01 0.069 0.001 0.001 0.001 0.003 0.001 0.012 0.001 0.002 0.002
0.085 0.105 0.1 0.039 0 0.005 0.004 0.007 0.018 0.001 0.007 0.004 0.001 0.001 0.016 0.001 0.009 0.001 0.003 0.021 0.173 0.02 0.039 0.012 0.042 0.005 0.004 0.005 0.001 0.002 0.013 0.042 0.053 0.001 0.003 0.013 0.004 0.012 0.062 0.003 0.015 0.087 0.217 0.002 0.004 0.045 0.032 0.002 0.002 0.168 0.262 0.004 0.264 0.215 0.002 0.146 0.169 0.002 1 0.001 0.094 0.194 0.003 0.002 0.002 0.001 0.005 0.227 0.125 0.003 0.001 0.002 0.52 0.001 0.148 0.002 0.003 0.001
0.016 0.013 0.014 0.025 0.007 0.001 0.001 0.004 0.02 0.001 0.004 0.002 0.46 0.001 0.011 0.013 0.005 0.001 0.001 0.013 0.056 0.007 0.013 0.007 0.021 0.003 0.001 0.003 0.001 0.001 0.008 0.018 0.022 0.001 0.002 0.005 0.002 0.005 0.027 0.001 0.009 0.032 0.049 0.001 0.002 0.017 0.019 0 0.001 0.028 0.052 0 0.061 0.054 0.001 0.086 0.055 0.001 0.001 1 0.049 0.066 0.002 0.001 0.001 0.004 0.003 0.041 0.046 0.002 0.217 0.001 0.001 0.001 0.046 0.001 0.002 0.409
0.022 0.031 0.033 0.001 0.009 0.013 0.031 0 0.032 0.009 0 0 0.073 0.006 0.001 0 0 0.008 0.114 0.001 0.399 0.044 0.102 0.004 0.023 0.025 0.095 0.03 0.005 0.009 0.005 0.008 0.023 0.009 0.049 0.04 0.068 0.054 0.05 0.005 0.072 0.218 0.512 0.004 0.131 0.245 0.191 0.076 0.012 0.793 0.494 0.117 0.507 0.608 0.013 0.836 0.723 0.074 0.094 0.049 1 0.611 0.016 0.011 0.073 0.217 0.031 0.605 0.827 0.018 0.098 0.01 0.144 0.007 0.696 0.014 0.017 0.115
0.004 0.006 0.008 0.01 0.015 0 0.003 0.034 0.068 0.007 0.03 0.016 0.076 0.005 0.026 0.016 0.021 0.007 0.162 0.014 0.49 0.027 0.168 0.037 0.084 0.019 0.161 0 0.002 0 0.036 0.082 0.104 0.007 0.003 0.033 0.001 0.049 0.171 0.003 0.07 0.242 0.573 0.008 0.008 0.197 0.149 0.055 0.009 0.664 0.779 0.003 0.776 0.669 0.01 0.668 0.828 0.011 0.194 0.066 0.611 1 0.012 0.009 0.004 0.317 0.024 0.895 0.641 0.014 0.125 0.007 0.262 0.005 0.806 0.011 0.014 0.148
0.009 0.006 0.007 0.024 0.007 0.003 0.003 0.003 0.031 0.001 0.003 0.002 0.001 0 0.013 0.014 0.004 0.001 0.002 0.004 0.006 0.034 0.009 0.007 0.018 0.003 0.002 0.003 0 0.001 0.008 0.027 0.031 0.001 0.002 0.007 0.003 0.006 0.037 0.274 0.009 0.028 0.011 0 0.003 0.021 0.018 0.075 0.001 0.016 0.01 0.002 0.01 0.012 0.001 0.018 0.014 0.001 0.003 0.002 0.016 0.012 1 0.001 0.001 0.004 0.003 0.012 0.017 0.867 0.002 0.001 0.004 0.001 0.014 0.002 0.131 0.002
0.006 0.008 0.005 0.016 0.002 0.002 0.002 0.003 0.016 0.507 0.003 0.002 0.002 0 0 0 0.004 0.001 0.002 0.005 0.006 0.001 0.005 0.002 0.013 0.073 0.002 0.002 0.001 0.001 0.006 0.019 0.024 0.001 0.001 0.006 0.002 0.006 0.009 0.001 0.007 0.019 0.008 0.001 0.002 0.003 0.015 0.026 0.001 0.011 0.007 0.001 0.007 0.009 0.001 0.013 0.01 0.001 0.002 0.001 0.011 0.009 0.001 1 0.001 0.003 0.002 0.008 0.012 0.001 0.001 0.001 0.002 0.001 0.01 0.001 0.001 0.001
0.006 0.009 0.008 0 0.005 0.077 0.106 0.003 0.003 0.001 0.003 0.002 0.002 0 0.03 0.041 0.004 0.001 0.001 0.011 0 0.009 0.004 0.005 0.005 0.002 0.002 0.178 0.11 0.102 0.005 0.043 0.027 0.001 0.209 0.006 0.358 0.003 0.022 0.001 0.007 0.037 0.004 0.001 0.4 0.001 0.014 0.013 0.001 0.072 0.003 0.432 0.003 0.005 0.001 0.063 0.006 0.68 0.002 0.001 0.073 0.004 0.001 0.001 1 0.002 0.002 0.004 0.067 0.001 0.001 0.001 0 0.001 0.005 0.001 0.001 0.001
0.009 0.011 0.007 0.029 0.008 0 0.001 0.012 0.02 0.002 0.01 0.006 0.001 0.002 0.004 0.006 0.002 0.002 0.5 0.001 0.167 0.004 0.07 0.006 0.018 0.006 0.516 0 0.002 0 0.006 0.019 0.019 0.002 0.005 0.006 0.001 0.017 0.05 0 0.024 0.09 0.188 0.003 0.011 0.072 0.052 0.044 0.003 0.261 0.262 0.002 0.245 0.227 0.004 0.232 0.278 0.004 0.001 0.004 0.217 0.317 0.004 0.003 0.002 1 0.008 0.285 0.255 0.005 0.004 0.003 0.004 0.002 0.267 0.004 0.005 0.002
0.001 0.018 0.02 0.06 0.004 0.007 0.005 0 0.086 0.002 0 0.005 0.004 0.001 0.011 0.015 0.001 0.002 0.004 0.013 0.016 0.021 0.046 0.004 0.004 0.203 0.005 0.007 0.002 0.002 0.004 0.004 0.002 0.002 0.003 0.002 0.005 0.003 0.082 0.003 0.273 0.037 0.021 0.002 0.005 0.046 0.164 0.038 0.002 0.032 0.02 0.005 0.02 0.025 0.003 0.036 0.028 0.003 0.005 0.003 0.031 0.024 0.003 0.002 0.002 0.008 1 0.023 0.033 0.004 0.003 0.002 0.007 0.002 0.027 0.003 0 0.004
0.008 0.012 0.013 0.005 0.012 0 0.003 0.032 0.059 0.006 0.028 0.016 0.055 0.004 0.021 0.012 0.018 0.006 0.146 0.015 0.447 0.025 0.153 0.032 0.077 0.018 0.128 0 0.002 0 0.034 0.075 0.096 0.006 0.004 0.031 0.001 0.048 0.159 0.002 0.067 0.229 0.512 0.008 0.011 0.164 0.143 0.049 0.009 0.636 0.73 0.004 0.722 0.628 0.01 0.643 0.796 0.01 0.227 0.041 0.605 0.895 0.012 0.008 0.004 0.285 0.023 1 0.614 0.014 0.131 0.007 0.299 0.005 0.75 0.01 0.013 0.113
0.019 0.032 0.032 0.002 0.002 0.007 0.02 0.001 0.028 0.009 0 0 0.068 0.006 0 0.002 0 0.009 0.132 0 0.427 0.04 0.086 0.006 0.033 0.026 0.133 0.02 0.004 0.007 0.006 0.015 0.038 0.009 0.034 0.051 0.051 0.066 0.072 0.006 0.076 0.218 0.575 0.011 0.104 0.204 0.201 0.092 0.011 0.819 0.555 0.092 0.549 0.666 0.013 0.859 0.757 0.069 0.125 0.046 0.827 0.641 0.017 0.012 0.067 0.255 0.033 0.614 1 0.019 0.093 0.01 0.213 0.008 0.726 0.014 0.007 0.109
0.012 0.009 0.009 0.029 0.008 0.004 0.003 0.004 0.036 0.001 0.003 0.003 0.001 0 0.015 0.017 0.005 0.001 0.003 0.006 0.008 0.049 0.015 0.008 0.022 0.003 0.003 0.004 0 0.001 0.01 0.031 0.036 0.001 0.002 0.007 0.003 0.007 0.043 0.388 0.011 0.033 0.012 0 0.003 0.024 0.022 0.088 0.001 0.018 0.012 0.003 0.012 0.014 0.002 0.021 0.017 0.001 0.003 0.002 0.018 0.014 0.867 0.001 0.001 0.005 0.004 0.014 0.019 1 0.002 0.001 0.004 0.001 0.016 0.002 0.117 0.002
0.014 0.011 0.012 0.02 0.007 0.001 0.001 0.004 0.018 0.001 0.004 0.002 0.101 0.001 0.011 0.012 0.005 0.001 0.001 0.013 0.069 0.006 0.018 0.007 0.016 0.003 0.001 0.003 0.001 0.001 0.007 0.016 0.018 0.001 0.002 0.005 0.002 0.004 0.026 0.001 0.009 0.014 0.056 0.001 0.002 0.019 0.019 0.002 0.001 0.037 0.065 0 0.074 0.067 0.001 0.084 0.108 0.001 0.001 0.217 0.098 0.125 0.002 0.001 0.001 0.004 0.003 0.131 0.093 0.002 1 0.001 0.003 0.001 0.095 0.001 0.002 0.501
0.006 0.006 0.006 0.019 0.004 0 0.002 0.002 0.023 0.001 0.002 0.001 0.001 0.003 0.005 0.005 0.002 0.001 0.001 0.004 0.005 0.004 0.011 0.005 0.021 0 0.001 0 0.001 0.001 0.005 0.021 0.017 0.665 0.001 0.004 0.002 0.003 0.021 0.001 0.088 0.019 0.007 0.001 0.002 0.014 0.043 0.011 0.015 0.01 0.006 0.001 0.006 0.008 0.013 0.011 0.009 0.001 0.002 0.001 0.01 0.007 0.001 0.001 0.001 0.003 0.002 0.007 0.01 0.001 0.001 1 0.002 0 0.008 0.001 0.001 0.001
0.061 0.079 0.075 0.017 0 0.001 0 0.01 0.021 0.002 0.009 0.005 0.009 0.001 0.013 0.001 0.011 0.002 0.004 0.01 0.16 0.009 0.051 0.016 0.043 0.006 0.005 0.001 0 0 0.017 0.043 0.062 0.002 0.004 0.017 0.002 0.016 0.074 0.003 0.02 0.08 0.207 0.002 0.001 0.049 0.043 0.009 0.003 0.221 0.323 0.001 0.326 0.264 0.003 0.193 0.228 0.003 0.52 0.001 0.144 0.262 0.004 0.002 0 0.004 0.007 0.299 0.213 0.004 0.003 0.002 1 0.002 0.211 0.003 0.004 0
0.003 0.007 0.007 0.018 0.003 0.002 0.001 0.002 0.02 0 0.002 0.001 0.001 0 0.006 0.002 0.002 0 0.001 0.006 0.003 0.005 0.01 0.003 0.025 0.001 0.001 0.002 0 0 0.003 0.025 0.021 0 0.001 0.002 0.001 0.003 0.017 0.001 0.073 0.013 0.004 0.001 0.001 0.001 0.035 0.009 0.001 0.007 0.004 0.001 0.004 0.005 0.001 0.008 0.006 0.001 0.001 0.001 0.007 0.005 0.001 0.001 0.001 0.002 0.002 0.005 0.008 0.001 0.001 0 0.002 1 0.006 0.001 0.001 0.001
0.018 0.027 0.028 0.002 0 0 0.001 0 0.033 0.007 0 0.001 0.06 0.005 0.002 0 0.001 0.007 0.157 0 0.416 0.04 0.114 0.002 0.04 0.021 0.159 0 0.003 0.001 0.002 0.039 0.071 0.007 0.002 0.038 0 0.056 0.112 0.004 0.061 0.185 0.71 0.009 0.007 0.233 0.166 0.07 0.01 0.707 0.653 0.002 0.646 0.769 0.012 0.748 0.934 0.012 0.148 0.046 0.696 0.806 0.014 0.01 0.005 0.267 0.027 0.75 0.726 0.016 0.095 0.008 0.211 0.006 1 0.012 0.015 0.126
0.016 0.023 0.021 0.005 0 0.095 0.053 0.004 0.012 0.001 0.003 0.002 0.002 0.053 0.04 0.034 0.004 0.016 0.002 0.042 0.007 0 0.002 0.001 0.01 0.003 0.002 0.095 0.024 0.022 0 0.003 0 0.001 0.044 0.007 0.027 0.007 0 0.001 0 0.004 0.009 0.001 0.002 0.02 0.005 0.001 0.62 0.014 0.009 0.002 0.009 0.011 0.692 0.016 0.013 0.001 0.002 0.001 0.014 0.011 0.002 0.001 0.001 0.004 0.003 0.01 0.014 0.002 0.001 0.001 0.003 0.001 0.012 1 0.044 0.002
0.003 0.002 0.002 0.011 0.007 0.008 0 0.005 0.004 0.001 0.005 0.003 0.002 0.041 0 0 0.006 0.001 0.002 0 0.001 0.022 0 0.007 0 0.003 0.003 0.007 0 0 0.006 0.003 0.004 0.001 0 0.005 0 0.005 0.007 0.029 0 0.022 0.012 0 0.003 0.021 0.001 0.028 0.031 0.018 0.011 0.003 0.011 0.014 0.046 0.02 0.016 0.002 0.003 0.002 0.017 0.014 0.131 0.001 0.001 0.005 0 0.013 0.007 0.117 0.002 0.001 0.004 0.001 0.015 0.044 1 0.002
0.01 0.007 0.008 0.023 0.008 0.002 0.001 0.005 0.028 0.001 0.004 0.002 0.234 0.001 0.013 0.015 0.006 0.001 0.001 0.015 0.148 0.007 0.051 0.009 0.029 0.003 0.002 0.004 0.001 0.001 0.009 0.026 0.031 0.001 0.002 0.006 0.003 0.006 0.037 0.002 0.01 0.039 0.119 0.001 0.003 0.055 0.022 0.014 0.001 0.088 0.14 0 0.154 0.124 0.002 0.099 0.127 0.002 0.001 0.409 0.115 0.148 0.002 0.001 0.001 0.002 0.004 0.113 0.109 0.002 0.501 0.001 0 0.001 0.126 0.002 0.002 1
