1 0.832 0.84 0.404 0.312 0.216 0.13 0.189 0.285 0.016 0.151 0.088 0.024 0.075 0.538 0.52 0.184 0.056 0.036 0.573 0.002 0.118 0.104 0.313 0.307 0.014 0.037 0.2 0.063 0.066 0.273 0.259 0.176 0.003 0.034 0.054 0.083 0.028 0.147 0.017 0.009 0.086 0 0 0.087 0.01 0.003 0.087 0.026 0.029 0.004 0.064 0.003 0 0.024 0.02 0.006 0.021 0.033 0.007 0.027 0.001 0.018 0.012 0.029 0.006 0.031 0.003 0.014 0.02 0.001 0.005 0.029 0.007 0.003 0.024 0.003 0.003
0.832 1 0.969 0.423 0.35 0.259 0.155 0.226 0.293 0.014 0.181 0.106 0.02 0.09 0.632 0.571 0.203 0.067 0.03 0.661 0 0.13 0.1 0.351 0.318 0.034 0.031 0.241 0.075 0.079 0.311 0.272 0.157 0.001 0.043 0.04 0.103 0.022 0.127 0.015 0.018 0.086 0.002 0.02 0.088 0.012 0 0.099 0.031 0.039 0.001 0.079 0.001 0.002 0.03 0.03 0.01 0.027 0.038 0.005 0.037 0.002 0.015 0.011 0.037 0.007 0.038 0.005 0.025 0.016 0 0 0.034 0.01 0.006 0.029 0.001 0.001
0.84 0.969 1 0.431 0.371 0.254 0.152 0.221 0.301 0.014 0.177 0.104 0.02 0.088 0.646 0.583 0.22 0.066 0.03 0.679 0 0.128 0.1 0.371 0.334 0.035 0.031 0.236 0.074 0.077 0.327 0.284 0.165 0.001 0.042 0.046 0.101 0.021 0.134 0.015 0.018 0.09 0.002 0.02 0.104 0.013 0 0.102 0.03 0.044 0.002 0.078 0.001 0.001 0.029 0.034 0.013 0.026 0.037 0.005 0.042 0.003 0.015 0.009 0.036 0.004 0.039 0.007 0.025 0.016 0 0 0.034 0.01 0.009 0.028 0.002 0.002
0.404 0.423 0.431 1 0.204 0.093 0.046 0.106 0.793 0.029 0.085 0.05 0.042 0.042 0.289 0.277 0.132 0.034 0.064 0.314 0.021 0.286 0.32 0.175 0.594 0.002 0.056 0.083 0.035 0.037 0.148 0.534 0.324 0.017 0.008 0.002 0.031 0 0.431 0.031 0.258 0.001 0.015 0.043 0.042 0.019 0.192 0.226 0.005 0 0.037 0.03 0.037 0.017 0.004 0.001 0.003 0.007 0.015 0.011 0 0.013 0.034 0.024 0.007 0.022 0.084 0.005 0.001 0.037 0.005 0.04 0.005 0.012 0.007 0.004 0.012 0.008
0.312 0.35 0.371 0.204 1 0.024 0.014 0.387 0.239 0.006 0.368 0.209 0.009 0.008 0.421 0.383 0.512 0.146 0.014 0.444 0.02 0.066 0.104 0.762 0.228 0.016 0.014 0.023 0.007 0.007 0.657 0.182 0.132 0.004 0.008 0.145 0.014 0.078 0.101 0.007 0.028 0.015 0 0.01 0.001 0.03 0.006 0.036 0.005 0 0.018 0.006 0.017 0 0.001 0.001 0 0.008 0.003 0 0 0.005 0.008 0.005 0.007 0 0.017 0.002 0 0.008 0 0.003 0.003 0.004 0.001 0.001 0.004 0
0.216 0.259 0.254 0.093 0.024 1 0.599 0.011 0.132 0.004 0.009 0.005 0.005 0.348 0.273 0.243 0.015 0.004 0.008 0.276 0.02 0.03 0.064 0.023 0.154 0.009 0.008 0.932 0.289 0.303 0.023 0.142 0.079 0.021 0.194 0.024 0.363 0.02 0.068 0.004 0.016 0.013 0.014 0.005 0.176 0.04 0 0.039 0.136 0.017 0.015 0.237 0.014 0.019 0.097 0.014 0.001 0.093 0.004 0.003 0.011 0 0.004 0.003 0.112 0.003 0.01 0 0.004 0.004 0.002 0.007 0 0.002 0.004 0.096 0.002 0.003
0.13 0.155 0.152 0.046 0.014 0.599 1 0.007 0.08 0.002 0.005 0.003 0.003 0.003 0.164 0.147 0.009 0.002 0.005 0.162 0.012 0.017 0.036 0.014 0.089 0.005 0.005 0.544 0.483 0.507 0.014 0.079 0.034 0.002 0.333 0.014 0.621 0.012 0.031 0.002 0.019 0.073 0.006 0.003 0.317 0.016 0.041 0.02 0.128 0.063 0.006 0.411 0.006 0.009 0.093 0.059 0.001 0.167 0.002 0.001 0.047 0.003 0.003 0.002 0.198 0 0.006 0.003 0.028 0.003 0 0.003 0.001 0.001 0 0.093 0 0.001
0.189 0.226 0.221 0.106 0.387 0.011 0.007 1 0.115 0.003 0.8 0.469 0.004 0.004 0.185 0.17 0.627 0.003 0.007 0.204 0.005 0.032 0.041 0.4 0.113 0.008 0.007 0.011 0.003 0.003 0.405 0.101 0.073 0.001 0.004 0.206 0.007 0.203 0.058 0.003 0.02 0.052 0.006 0.005 0.007 0.097 0.052 0.024 0.003 0 0.006 0.001 0.005 0.003 0.004 0 0.001 0.004 0.003 0.001 0 0.009 0.004 0.003 0.003 0.01 0.008 0.009 0 0.004 0.003 0 0.004 0.002 0.001 0.004 0.006 0.001
0.285 0.293 0.301 0.793 0.239 0.132 0.08 0.115 1 0.027 0.092 0.055 0.038 0.046 0.373 0.355 0.144 0.037 0.04 0.395 0.096 0.259 0.439 0.202 0.713 0.003 0.034 0.121 0.039 0.04 0.169 0.643 0.399 0.019 0.017 0.005 0.033 0 0.502 0.028 0.286 0.007 0.044 0.04 0.035 0.032 0.228 0.235 0.015 0.011 0.089 0.023 0.09 0.05 0.012 0.014 0.02 0.003 0.02 0.009 0.009 0.039 0.033 0.025 0.007 0.013 0.093 0.028 0.014 0.036 0.008 0.044 0.013 0.014 0.024 0.011 0.005 0.012
0.016 0.014 0.014 0.029 0.006 0.004 0.002 0.003 0.027 1 0.002 0.001 0.001 0.001 0.003 0.004 0.004 0.001 0.002 0.012 0.005 0.009 0.019 0.006 0.021 0.077 0.002 0.004 0.001 0.001 0.006 0.022 0.028 0.001 0.001 0.006 0.002 0.005 0.017 0 0.009 0.021 0.006 0.001 0.002 0 0.018 0.011 0.001 0.01 0.006 0.002 0.006 0.007 0.001 0.012 0.009 0.001 0.001 0.002 0.01 0.008 0.001 0.655 0.001 0.003 0.003 0.008 0.01 0.001 0.001 0.001 0.001 0.001 0.008 0.001 0.002 0.002
0.151 0.181 0.177 0.085 0.368 0.009 0.005 0.8 0.092 0.002 1 0.587 0.004 0.003 0.138 0.129 0.489 0.003 0.005 0.155 0.002 0.025 0.029 0.304 0.085 0.006 0.005 0.009 0.003 0.003 0.307 0.075 0.053 0.001 0.003 0.127 0.006 0.117 0.042 0.003 0.014 0.03 0.012 0.004 0.006 0.067 0.028 0.029 0.002 0.001 0.003 0.001 0.003 0.009 0.003 0.001 0.004 0.003 0.003 0.003 0.003 0.006 0.003 0.003 0.003 0.008 0.006 0.005 0.003 0.003 0.005 0 0.003 0.002 0.003 0.003 0.005 0.003
0.088 0.106 0.104 0.05 0.209 0.005 0.003 0.469 0.055 0.001 0.587 1 0.002 0.002 0.104 0.1 0.363 0.001 0.003 0.118 0.008 0.015 0.029 0.221 0.069 0.004 0.003 0.005 0.002 0.002 0.226 0.066 0.049 0 0.002 0.093 0.003 0.074 0.041 0.002 0.006 0.012 0.003 0.002 0.003 0.035 0.024 0.022 0.001 0 0.009 0 0.009 0.002 0.002 0 0 0.002 0.002 0.002 0 0.012 0.002 0.002 0.002 0.005 0.004 0.011 0 0.002 0.002 0.001 0.002 0.001 0 0.002 0.003 0.002
0.024 0.02 0.02 0.042 0.009 0.005 0.003 0.004 0.038 0.001 0.004 0.002 1 0.002 0.016 0.005 0.006 0.001 0.003 0.014 0.162 0.014 0.037 0.009 0.03 0.003 0.003 0.005 0.001 0.002 0.007 0.014 0.02 0.001 0.013 0.009 0.004 0.008 0.027 0.001 0.012 0.063 0.062 0.002 0.004 0.026 0.026 0.001 0.001 0.068 0.087 0.001 0.086 0.065 0.002 0.103 0.058 0.004 0.012 0.246 0.068 0.068 0.002 0.001 0.005 0.002 0.004 0.054 0.069 0.002 0.095 0.002 0.005 0.001 0.059 0.002 0.003 0.133
0.075 0.09 0.088 0.042 0.008 0.348 0.003 0.004 0.046 0.001 0.003 0.002 0.002 1 0.095 0.085 0.005 0.001 0.003 0.101 0.007 0.013 0.025 0.008 0.059 0.003 0.003 0.343 0.001 0.001 0.008 0.056 0.043 0.081 0.002 0.008 0.003 0.007 0.035 0.001 0.142 0.028 0.008 0.002 0.003 0.024 0.066 0.018 0.016 0.013 0.008 0.002 0.008 0.01 0.011 0.015 0.011 0.002 0.001 0.002 0.013 0.01 0.001 0.001 0.001 0.004 0.004 0.01 0.013 0.001 0.002 0.038 0.002 0.001 0.01 0.01 0.005 0.002
0.538 0.632 0.646 0.289 0.421 0.273 0.164 0.185 0.373 0.003 0.138 0.104 0.016 0.095 1 0.877 0.293 0.076 0.024 0.851 0.065 0.098 0.206 0.436 0.447 0.02 0.024 0.268 0.08 0.084 0.37 0.389 0.274 0.002 0.057 0.067 0.099 0.035 0.24 0.014 0.005 0.032 0.022 0.019 0.103 0.001 0.007 0.076 0.034 0.001 0.06 0.074 0.057 0.023 0.033 0 0.004 0.022 0.011 0.017 0.001 0.016 0.009 0.002 0.034 0.002 0.034 0.011 0 0.01 0.014 0 0.004 0.009 0.005 0.033 0 0.017
0.52 0.571 0.583 0.277 0.383 0.243 0.147 0.17 0.355 0.004 0.129 0.1 0.005 0.085 0.877 1 0.268 0.068 0.027 0.768 0.055 0.091 0.183 0.397 0.418 0.017 0.028 0.239 0.071 0.075 0.339 0.392 0.303 0.001 0.084 0.077 0.119 0.045 0.272 0.015 0.003 0.038 0.027 0.006 0.123 0.002 0.014 0.071 0.03 0.001 0.068 0.085 0.065 0.029 0.028 0 0.007 0.033 0.009 0.019 0 0.021 0.011 0.003 0.048 0.004 0.034 0.016 0 0.012 0.016 0.004 0.005 0.009 0.009 0.028 0 0.019
0.184 0.203 0.22 0.132 0.512 0.015 0.009 0.627 0.144 0.004 0.489 0.363 0.006 0.005 0.293 0.268 1 0.004 0.009 0.326 0.023 0.041 0.081 0.515 0.19 0.01 0.009 0.015 0.004 0.005 0.522 0.17 0.128 0.002 0.005 0.3 0.009 0.179 0.105 0.004 0.01 0.057 0 0.006 0.009 0.099 0.058 0.017 0.004 0.001 0.023 0.003 0.022 0 0.005 0 0.003 0.005 0.004 0.007 0.002 0.004 0.005 0.004 0.004 0.002 0.01 0.002 0.001 0.006 0.006 0.001 0.005 0.003 0.003 0.005 0.008 0.007
0.056 0.067 0.066 0.034 0.146 0.004 0.002 0.003 0.037 0.001 0.003 0.001 0.001 0.001 0.076 0.068 0.004 1 0.002 0.08 0.006 0.01 0.02 0.155 0.046 0.002 0.002 0.004 0.001 0.001 0.159 0.044 0.034 0.001 0.001 0.007 0.002 0.006 0.028 0.001 0.009 0.021 0.006 0.001 0.002 0.019 0.017 0.009 0 0.011 0.006 0.002 0.006 0.008 0 0.012 0.009 0.001 0.001 0.002 0.01 0.008 0.001 0.001 0.001 0.003 0.003 0.004 0.01 0.001 0.001 0.001 0.001 0.001 0.008 0 0.002 0.002
0.036 0.03 0.03 0.064 0.014 0.008 0.005 0.007 0.04 0.002 0.005 0.003 0.003 0.003 0.024 0.027 0.009 0.002 1 0.027 0.384 0.021 0.108 0.014 0.046 0.005 0.916 0.008 0.002 0.002 0.013 0.038 0.051 0.001 0.003 0.014 0.005 0.012 0.064 0 0.012 0.067 0.268 0.002 0.005 0.043 0.031 0.02 0.002 0.154 0.262 0.004 0.238 0.216 0.003 0.135 0.186 0.003 0.002 0.002 0.11 0.208 0.001 0.002 0.002 0.413 0.006 0.162 0.16 0.001 0.003 0.003 0.003 0.002 0.193 0.003 0.004 0.002
0.573 0.661 0.679 0.314 0.444 0.276 0.162 0.204 0.395 0.012 0.155 0.118 0.014 0.101 0.851 0.768 0.326 0.08 0.027 1 0.062 0.118 0.228 0.511 0.52 0.03 0.024 0.265 0.084 0.088 0.442 0.439 0.291 0.002 0.047 0.062 0.092 0.031 0.237 0.01 0.004 0.028 0.02 0.018 0.096 0 0.007 0.079 0.037 0.001 0.057 0.066 0.056 0.02 0.036 0 0.003 0.016 0.013 0.02 0 0.016 0.011 0.011 0.026 0.001 0.034 0.012 0 0.012 0.017 0 0.006 0.009 0.005 0.035 0 0.02
0.002 0 0 0.021 0.02 0.02 0.012 0.005 0.096 0.005 0.002 0.008 0.162 0.007 0.065 0.055 0.023 0.006 0.384 0.062 1 0.051 0.271 0.036 0.119 0.014 0.395 0.02 0.006 0.006 0.033 0.091 0.123 0 0 0.037 0 0.032 0.139 0.003 0.041 0.203 0.567 0.007 0 0.133 0.093 0.035 0.005 0.435 0.632 0 0.587 0.512 0.007 0.381 0.441 0.001 0.154 0.077 0.363 0.465 0.004 0.005 0.002 0.182 0.016 0.425 0.441 0.005 0.113 0.007 0.103 0 0.434 0.007 0.007 0.121
0.118 0.13 0.128 0.286 0.066 0.03 0.017 0.032 0.259 0.009 0.025 0.015 0.014 0.013 0.098 0.091 0.041 0.01 0.021 0.118 0.051 1 0.436 0.065 0.208 0.024 0.022 0.037 0.011 0.011 0.045 0.194 0.027 0.008 0.013 0.056 0.023 0.077 0.049 0.068 0.075 0.003 0.045 0.103 0.023 0 0.002 0.139 0.001 0.056 0.023 0.015 0.019 0.028 0 0.048 0.039 0.003 0.011 0.004 0.046 0.029 0.023 0.002 0.011 0.016 0.025 0.028 0.046 0.029 0.002 0.011 0.004 0.007 0.033 0 0.014 0.001
0.104 0.1 0.1 0.32 0.104 0.064 0.036 0.041 0.439 0.019 0.029 0.029 0.037 0.025 0.206 0.183 0.081 0.02 0.108 0.228 0.271 0.436 1 0.127 0.414 0.048 0.111 0.072 0.021 0.022 0.099 0.357 0.151 0.008 0.008 0.005 0.016 0.014 0.205 0.034 0.146 0.104 0.165 0.051 0.017 0.089 0.065 0.029 0.005 0.098 0.241 0.011 0.233 0.174 0.003 0.088 0.123 0 0.04 0.022 0.085 0.153 0.005 0.007 0.003 0.061 0.052 0.137 0.101 0.007 0.045 0.023 0.032 0.005 0.131 0.002 0 0.05
0.313 0.351 0.371 0.175 0.762 0.023 0.014 0.4 0.202 0.006 0.304 0.221 0.009 0.008 0.436 0.397 0.515 0.155 0.014 0.511 0.036 0.065 0.127 1 0.273 0.016 0.014 0.024 0.007 0.007 0.876 0.219 0.162 0.005 0.008 0.195 0.013 0.117 0.129 0.007 0.05 0.016 0.006 0.009 0.002 0.035 0.006 0.042 0.004 0.004 0.038 0.006 0.036 0.004 0 0.006 0.001 0.008 0.007 0.01 0.002 0.016 0.008 0.005 0.005 0 0.017 0.011 0.004 0.008 0.009 0.004 0.008 0.004 0.001 0 0.004 0.01
0.307 0.318 0.334 0.594 0.228 0.154 0.089 0.113 0.713 0.021 0.085 0.069 0.03 0.059 0.447 0.418 0.19 0.046 0.046 0.52 0.119 0.208 0.414 0.273 1 0.052 0.047 0.153 0.049 0.051 0.254 0.873 0.618 0.024 0.024 0.014 0.047 0.003 0.509 0.021 0.173 0.003 0.064 0.031 0.049 0.025 0.171 0.18 0.018 0.014 0.117 0.033 0.111 0.061 0.007 0.019 0.035 0.005 0.02 0.031 0.014 0.058 0.025 0.021 0.012 0.015 0.008 0.05 0.024 0.026 0.025 0.048 0.015 0.018 0.041 0.006 0.006 0.035
0.014 0.034 0.035 0.002 0.016 0.009 0.005 0.008 0.003 0.077 0.006 0.004 0.003 0.003 0.02 0.017 0.01 0.002 0.005 0.03 0.014 0.024 0.048 0.016 0.052 1 0.005 0.009 0.003 0.003 0.015 0.055 0.071 0.002 0.003 0.016 0.005 0.014 0.003 0.003 0.05 0.038 0.015 0.001 0.006 0.03 0.01 0.006 0.001 0.022 0.012 0.004 0.012 0.015 0.002 0.024 0.017 0.003 0.003 0.004 0.019 0.014 0.003 0.071 0.003 0.005 0.159 0.014 0.02 0.003 0.003 0.001 0.003 0.002 0.017 0.002 0.004 0.004
0.037 0.031 0.031 0.056 0.014 0.008 0.005 0.007 0.034 0.002 0.005 0.003 0.003 0.003 0.024 0.028 0.009 0.002 0.916 0.024 0.395 0.022 0.111 0.014 0.047 0.005 1 0.008 0.002 0.002 0.014 0.04 0.053 0.001 0.003 0.015 0.005 0.013 0.067 0.002 0.013 0.076 0.295 0.002 0.005 0.043 0.033 0.024 0.002 0.171 0.289 0.004 0.24 0.239 0.003 0.15 0.206 0.003 0.002 0.002 0.104 0.208 0.003 0.002 0.002 0.46 0.006 0.174 0.177 0.003 0.003 0.003 0.003 0.002 0.214 0.003 0.004 0.001
0.2 0.241 0.236 0.083 0.023 0.932 0.544 0.011 0.121 0.004 0.009 0.005 0.005 0.343 0.268 0.239 0.015 0.004 0.008 0.265 0.02 0.037 0.072 0.024 0.153 0.009 0.008 1 0.286 0.3 0.023 0.154 0.089 0.021 0.231 0.024 0.413 0.02 0.078 0.004 0.016 0.018 0.014 0.005 0.212 0.035 0 0.048 0.134 0.024 0.014 0.283 0.014 0.019 0.096 0.017 0.002 0.13 0.004 0.005 0.014 0.001 0.004 0.004 0.148 0.003 0.01 0.001 0.006 0.004 0.004 0.006 0 0.003 0.005 0.095 0.002 0.005
0.063 0.075 0.074 0.035 0.007 0.289 0.483 0.003 0.039 0.001 0.003 0.002 0.001 0.001 0.08 0.071 0.004 0.001 0.002 0.084 0.006 0.011 0.021 0.007 0.049 0.003 0.002 0.286 1 0.95 0.007 0.039 0.03 0.001 0.097 0.007 0.421 0.006 0.024 0.001 0.009 0.04 0.007 0.002 0.183 0.02 0.02 0.013 0.078 0.03 0.007 0.236 0.006 0.008 0.057 0.025 0.008 0.191 0.001 0.002 0.013 0.007 0.001 0.001 0.215 0.003 0.003 0.007 0.003 0.001 0.001 0.001 0.001 0.001 0.008 0.058 0.001 0.002
0.066 0.079 0.077 0.037 0.007 0.303 0.507 0.003 0.04 0.001 0.003 0.002 0.002 0.001 0.084 0.075 0.005 0.001 0.002 0.088 0.006 0.011 0.022 0.007 0.051 0.003 0.002 0.3 0.95 1 0.007 0.041 0.031 0.001 0.12 0.007 0.444 0.006 0.025 0.001 0.01 0.042 0.007 0.002 0.202 0.021 0.021 0.014 0.073 0.034 0.007 0.261 0.007 0.008 0.054 0.028 0.005 0.181 0.001 0.002 0.016 0.004 0.001 0.001 0.203 0.001 0.003 0.004 0.004 0.002 0.001 0.001 0.001 0.001 0.005 0.054 0.001 0.002
0.273 0.311 0.327 0.148 0.657 0.023 0.014 0.405 0.169 0.006 0.307 0.226 0.007 0.008 0.37 0.339 0.522 0.159 0.013 0.442 0.033 0.045 0.099 0.876 0.254 0.015 0.014 0.023 0.007 0.007 1 0.262 0.2 0.005 0.008 0.245 0.013 0.158 0.164 0.007 0.049 0.029 0.005 0.009 0.002 0.053 0.014 0.049 0.004 0.003 0.036 0.006 0.035 0.003 0.006 0.005 0.001 0.008 0.007 0.01 0.002 0.014 0.008 0.007 0.005 0 0.016 0.01 0.003 0.008 0.009 0.004 0.008 0.004 0.001 0.006 0.012 0.01
0.259 0.272 0.284 0.534 0.182 0.142 0.079 0.101 0.643 0.022 0.075 0.066 0.014 0.056 0.389 0.392 0.17 0.044 0.038 0.439 0.091 0.194 0.357 0.219 0.873 0.055 0.04 0.154 0.039 0.041 0.262 1 0.701 0.023 0.056 0.02 0.081 0.008 0.581 0.023 0.175 0 0.071 0.033 0.083 0.012 0.187 0.203 0.017 0.01 0.126 0.057 0.12 0.068 0.006 0.012 0.036 0.021 0.021 0.024 0.008 0.059 0.028 0.024 0.031 0.019 0.007 0.05 0.016 0.03 0.026 0.046 0.016 0.03 0.042 0.005 0.008 0.028
0.176 0.157 0.165 0.324 0.132 0.079 0.034 0.073 0.399 0.028 0.053 0.049 0.02 0.043 0.274 0.303 0.128 0.034 0.051 0.291 0.123 0.027 0.151 0.162 0.618 0.071 0.053 0.089 0.03 0.031 0.2 0.701 1 0.017 0.03 0.224 0.048 0.194 0.803 0.03 0.118 0.021 0.109 0.03 0.062 0.002 0.382 0.155 0.004 0.033 0.173 0.046 0.16 0.108 0 0.041 0.074 0.014 0.028 0.038 0.03 0.101 0.036 0.031 0.013 0.028 0.002 0.09 0.046 0.038 0.028 0.035 0.035 0.023 0.08 0 0.014 0.043
0.003 0.001 0.001 0.017 0.004 0.021 0.002 0.001 0.019 0.001 0.001 0 0.001 0.081 0.002 0.001 0.002 0.001 0.001 0.002 0 0.008 0.008 0.005 0.024 0.002 0.001 0.021 0.001 0.001 0.005 0.023 0.017 1 0.001 0.005 0.002 0.005 0.013 0.001 0.068 0.01 0 0.001 0.002 0.016 0.029 0.012 0 0.002 0.001 0.001 0 0.001 0.001 0.003 0.002 0.001 0.001 0.001 0.008 0.001 0.001 0.001 0.001 0 0.002 0.001 0.002 0.001 0.001 0.45 0.001 0.001 0.001 0.001 0.002 0.001
0.034 0.043 0.042 0.008 0.008 0.194 0.333 0.004 0.017 0.001 0.003 0.002 0.013 0.002 0.057 0.084 0.005 0.001 0.003 0.047 0 0.013 0.008 0.008 0.024 0.003 0.003 0.231 0.097 0.12 0.008 0.056 0.03 0.001 1 0.008 0.537 0.007 0.035 0.001 0.011 0.057 0.008 0.002 0.163 0.003 0.024 0.018 0.229 0.016 0.008 0.17 0.008 0.01 0.172 0.013 0 0.082 0.001 0.002 0.015 0 0.002 0.001 0.086 0.001 0.004 0 0.013 0.002 0.002 0.002 0.002 0.001 0 0.168 0.001 0.002
0.054 0.04 0.046 0.002 0.145 0.024 0.014 0.206 0.005 0.006 0.127 0.093 0.009 0.008 0.067 0.077 0.3 0.007 0.014 0.062 0.037 0.056 0.005 0.195 0.014 0.016 0.015 0.024 0.007 0.007 0.245 0.02 0.224 0.005 0.008 1 0.015 0.858 0.182 0.007 0.052 0.274 0.036 0.163 0.001 0.254 0.235 0.004 0.006 0.025 0.037 0.009 0.032 0.03 0.008 0.029 0.015 0.008 0.007 0.008 0.021 0.013 0.008 0.007 0.007 0 0.017 0.011 0.025 0.008 0.005 0.004 0.008 0.004 0.013 0.008 0.011 0.008
0.083 0.103 0.101 0.031 0.014 0.363 0.621 0.007 0.033 0.002 0.006 0.003 0.004 0.003 0.099 0.119 0.009 0.002 0.005 0.092 0 0.023 0.016 0.013 0.047 0.005 0.005 0.413 0.421 0.444 0.013 0.081 0.048 0.002 0.537 0.015 1 0.012 0.063 0.002 0.02 0.101 0.014 0.003 0.509 0.003 0.042 0.033 0.124 0.081 0.014 0.595 0.014 0.017 0.09 0.069 0.001 0.349 0.002 0.004 0.061 0 0.003 0.002 0.366 0 0.006 0 0.039 0.003 0.003 0.003 0.002 0.002 0.003 0.087 0 0.004
0.028 0.022 0.021 0 0.078 0.02 0.012 0.203 0 0.005 0.117 0.074 0.008 0.007 0.035 0.045 0.179 0.006 0.012 0.031 0.032 0.077 0.014 0.117 0.003 0.014 0.013 0.02 0.006 0.006 0.158 0.008 0.194 0.005 0.007 0.858 0.012 1 0.159 0.006 0.051 0.249 0.03 0.189 0.012 0.222 0.277 0.001 0.005 0.053 0.031 0.007 0.027 0.037 0.007 0.057 0.041 0.006 0.006 0.007 0.047 0.036 0.007 0.006 0.005 0.016 0.015 0.036 0.048 0.008 0.004 0.007 0.008 0.004 0.039 0.007 0.01 0.007
0.147 0.127 0.134 0.431 0.101 0.068 0.031 0.058 0.502 0.017 0.042 0.041 0.027 0.035 0.24 0.272 0.105 0.028 0.064 0.237 0.139 0.049 0.205 0.129 0.509 0.003 0.067 0.078 0.024 0.025 0.164 0.581 0.803 0.013 0.035 0.182 0.063 0.159 1 0.037 0.234 0.008 0.14 0.023 0.064 0 0.496 0.22 0.009 0.05 0.214 0.051 0.199 0.142 0.001 0.06 0.103 0.019 0.035 0.048 0.044 0.134 0.044 0.02 0.019 0.04 0.07 0.121 0.062 0.047 0.036 0.033 0.043 0.019 0.112 0.001 0.02 0.053
0.017 0.015 0.015 0.031 0.007 0.004 0.002 0.003 0.028 0 0.003 0.002 0.001 0.001 0.014 0.015 0.004 0.001 0 0.01 0.003 0.068 0.034 0.007 0.021 0.003 0.002 0.004 0.001 0.001 0.007 0.023 0.03 0.001 0.001 0.007 0.002 0.006 0.037 1 0.003 0.009 0.004 0.002 0.002 0.004 0.013 0.031 0.001 0.005 0.002 0.002 0.002 0.001 0.001 0.007 0.007 0.003 0.001 0.002 0.005 0.003 0.244 0.001 0.001 0.002 0.001 0.003 0.008 0.286 0.001 0.001 0.001 0.001 0.004 0.001 0.021 0.002
0.009 0.018 0.018 0.258 0.028 0.016 0.019 0.02 0.286 0.009 0.014 0.006 0.012 0.142 0.005 0.003 0.01 0.009 0.012 0.004 0.041 0.075 0.146 0.05 0.173 0.05 0.013 0.016 0.009 0.01 0.049 0.175 0.118 0.068 0.011 0.052 0.02 0.051 0.234 0.003 1 0.197 0.054 0.013 0.02 0.13 0.442 0.085 0 0.089 0.054 0.016 0.052 0.064 0.001 0.099 0.072 0.004 0.008 0.014 0.082 0.065 0.004 0.009 0.01 0.029 0.291 0.064 0.084 0.005 0.012 0.138 0.01 0.077 0.07 0.001 0.001 0.014
0.086 0.086 0.09 0.001 0.015 0.013 0.073 0.052 0.007 0.021 0.03 0.012 0.063 0.028 0.032 0.038 0.057 0.021 0.067 0.028 0.203 0.003 0.104 0.016 0.003 0.038 0.076 0.018 0.04 0.042 0.029 0 0.021 0.01 0.057 0.274 0.101 0.249 0.008 0.009 0.197 1 0.194 0.065 0.104 0.405 0 0.045 0.003 0.309 0.219 0.064 0.202 0.164 0 0.277 0.208 0.035 0.044 0.044 0.24 0.237 0.02 0.023 0.046 0.11 0.061 0.226 0.245 0.021 0.042 0.029 0.038 0.015 0.198 0 0.022 0.035
0 0.002 0.002 0.015 0 0.014 0.006 0.006 0.044 0.006 0.012 0.003 0.062 0.008 0.022 0.027 0 0.006 0.268 0.02 0.567 0.045 0.165 0.006 0.064 0.015 0.295 0.014 0.007 0.007 0.005 0.071 0.109 0 0.008 0.036 0.014 0.03 0.14 0.004 0.054 0.194 1 0.008 0.014 0.183 0.117 0.036 0.006 0.579 0.762 0.006 0.71 0.799 0.007 0.524 0.685 0.008 0.125 0.115 0.501 0.586 0.008 0.007 0.001 0.232 0.018 0.527 0.582 0.009 0.132 0.008 0.122 0.004 0.69 0.008 0.012 0.127
0 0.02 0.02 0.043 0.01 0.005 0.003 0.005 0.04 0.001 0.004 0.002 0.002 0.002 0.019 0.006 0.006 0.001 0.002 0.018 0.007 0.103 0.051 0.009 0.031 0.001 0.002 0.005 0.002 0.002 0.009 0.033 0.03 0.001 0.002 0.163 0.003 0.189 0.023 0.002 0.013 0.065 0.008 1 0.003 0.042 0.05 0.057 0.001 0.014 0.008 0.003 0.008 0.01 0.002 0.016 0.012 0.002 0.002 0.002 0.013 0.01 0.002 0.002 0.002 0.004 0.004 0.01 0.014 0.002 0.002 0.002 0.002 0.001 0.011 0.002 0.002 0.002
0.087 0.088 0.104 0.042 0.001 0.176 0.317 0.007 0.035 0.002 0.006 0.003 0.004 0.003 0.103 0.123 0.009 0.002 0.005 0.096 0 0.023 0.017 0.002 0.049 0.006 0.005 0.212 0.183 0.202 0.002 0.083 0.062 0.002 0.163 0.001 0.509 0.012 0.064 0.002 0.02 0.104 0.014 0.003 1 0.004 0.043 0.034 0.002 0.203 0.015 0.676 0.014 0.006 0.003 0.179 0.016 0.405 0.002 0.004 0.165 0.017 0.003 0.002 0.356 0.029 0.007 0.022 0.114 0.003 0.003 0.003 0.002 0.002 0.009 0.003 0.004 0.004
0.01 0.012 0.013 0.019 0.03 0.04 0.016 0.097 0.032 0 0.067 0.035 0.026 0.024 0.001 0.002 0.099 0.019 0.043 0 0.133 0 0.089 0.035 0.025 0.03 0.043 0.035 0.02 0.021 0.053 0.012 0.002 0.016 0.003 0.254 0.003 0.222 0 0.004 0.13 0.405 0.183 0.042 0.004 1 0.002 0.012 0.017 0.175 0.178 0.002 0.187 0.186 0.023 0.147 0.196 0 0.03 0.026 0.201 0.196 0.015 0 0.001 0.071 0.054 0.166 0.177 0.017 0.038 0.024 0.027 0 0.205 0.023 0.031 0.052
0.003 0 0 0.192 0.006 0 0.041 0.052 0.228 0.018 0.028 0.024 0.026 0.066 0.007 0.014 0.058 0.017 0.031 0.007 0.093 0.002 0.065 0.006 0.171 0.01 0.033 0 0.02 0.021 0.014 0.187 0.382 0.029 0.024 0.235 0.042 0.277 0.496 0.013 0.442 0 0.117 0.05 0.043 0.002 1 0.084 0.004 0.194 0.117 0.034 0.112 0.141 0.008 0.217 0.16 0.023 0.018 0.031 0.182 0.141 0.023 0.02 0.021 0.062 0.152 0.14 0.185 0.025 0.026 0.064 0.023 0.036 0.153 0.009 0.009 0.031
0.087 0.099 0.102 0.226 0.036 0.039 0.02 0.024 0.235 0.011 0.029 0.022 0.001 0.018 0.076 0.071 0.017 0.009 0.02 0.079 0.035 0.139 0.029 0.042 0.18 0.006 0.024 0.048 0.013 0.014 0.049 0.203 0.155 0.012 0.018 0.004 0.033 0.001 0.22 0.031 0.085 0.045 0.036 0.057 0.034 0.012 0.084 1 0.013 0.084 0.035 0.026 0.032 0.046 0.007 0.054 0.05 0.007 0.001 0 0.065 0.039 0.07 0.013 0.016 0.025 0.041 0.038 0.067 0.075 0.008 0.015 0.004 0.01 0.047 0.006 0.03 0.005
0.026 0.031 0.03 0.005 0.005 0.136 0.128 0.003 0.015 0.001 0.002 0.001 0.001 0.016 0.034 0.03 0.004 0 0.002 0.037 0.005 0.001 0.005 0.004 0.018 0.001 0.002 0.134 0.078 0.073 0.004 0.017 0.004 0 0.229 0.006 0.124 0.005 0.009 0.001 0 0.003 0.006 0.001 0.002 0.017 0.004 0.013 1 0.01 0.006 0.002 0.006 0.007 0.766 0.011 0.008 0.001 0.001 0.001 0.009 0.007 0.001 0.001 0.001 0.003 0.003 0.007 0.009 0.001 0.001 0.001 0.001 0.001 0.007 0.739 0.032 0.001
0.029 0.039 0.044 0 0 0.017 0.063 0 0.011 0.01 0.001 0 0.068 0.013 0.001 0.001 0.001 0.011 0.154 0.001 0.435 0.056 0.098 0.004 0.014 0.022 0.171 0.024 0.03 0.034 0.003 0.01 0.033 0.002 0.016 0.025 0.081 0.053 0.05 0.005 0.089 0.309 0.579 0.014 0.203 0.175 0.194 0.084 0.01 1 0.606 0.164 0.57 0.656 0.012 0.882 0.738 0.083 0.1 0.061 0.849 0.662 0.014 0.011 0.099 0.299 0.03 0.639 0.849 0.015 0.098 0.013 0.128 0.007 0.707 0.013 0.019 0.106
0.004 0.001 0.002 0.037 0.018 0.015 0.006 0.006 0.089 0.006 0.003 0.009 0.087 0.008 0.06 0.068 0.023 0.006 0.262 0.057 0.632 0.023 0.241 0.038 0.117 0.012 0.289 0.014 0.007 0.007 0.036 0.126 0.173 0.001 0.008 0.037 0.014 0.031 0.214 0.002 0.054 0.219 0.762 0.008 0.015 0.178 0.117 0.035 0.006 0.606 1 0.011 0.941 0.814 0.008 0.534 0.699 0.008 0.165 0.113 0.513 0.761 0.008 0.007 0.001 0.281 0.018 0.713 0.581 0.009 0.166 0.008 0.205 0.004 0.708 0.008 0.012 0.182
0.064 0.079 0.078 0.03 0.006 0.237 0.411 0.001 0.023 0.002 0.001 0 0.001 0.002 0.074 0.085 0.003 0.002 0.004 0.066 0 0.015 0.011 0.006 0.033 0.004 0.004 0.283 0.236 0.261 0.006 0.057 0.046 0.001 0.17 0.009 0.595 0.007 0.051 0.002 0.016 0.064 0.006 0.003 0.676 0.002 0.034 0.026 0.002 0.164 0.011 1 0.008 0.006 0.002 0.153 0.003 0.516 0.002 0.001 0.134 0.001 0.002 0.002 0.455 0 0.005 0.001 0.097 0.003 0.001 0.002 0.002 0.001 0 0.002 0.003 0.001
0.003 0.001 0.001 0.037 0.017 0.014 0.006 0.005 0.09 0.006 0.003 0.009 0.086 0.008 0.057 0.065 0.022 0.006 0.238 0.056 0.587 0.019 0.233 0.036 0.111 0.012 0.24 0.014 0.006 0.007 0.035 0.12 0.16 0 0.008 0.032 0.014 0.027 0.199 0.002 0.052 0.202 0.71 0.008 0.014 0.187 0.112 0.032 0.006 0.57 0.941 0.008 1 0.78 0.007 0.512 0.67 0.007 0.172 0.129 0.538 0.754 0.008 0.006 0.001 0.236 0.017 0.68 0.556 0.008 0.187 0.008 0.214 0.004 0.677 0.007 0.011 0.203
0 0.002 0.001 0.017 0 0.019 0.009 0.003 0.05 0.007 0.009 0.002 0.065 0.01 0.023 0.029 0 0.008 0.216 0.02 0.512 0.028 0.174 0.004 0.061 0.015 0.239 0.019 0.008 0.008 0.003 0.068 0.108 0.001 0.01 0.03 0.017 0.037 0.142 0.001 0.064 0.164 0.799 0.01 0.006 0.186 0.141 0.046 0.007 0.656 0.814 0.006 0.78 1 0.009 0.627 0.791 0.009 0.137 0.108 0.604 0.688 0.006 0.008 0.002 0.276 0.022 0.647 0.672 0.006 0.148 0.01 0.17 0.005 0.779 0.009 0.014 0.16
0.024 0.03 0.029 0.004 0.001 0.097 0.093 0.004 0.012 0.001 0.003 0.002 0.002 0.011 0.033 0.028 0.005 0 0.003 0.036 0.007 0 0.003 0 0.007 0.002 0.003 0.096 0.057 0.054 0.006 0.006 0 0.001 0.172 0.008 0.09 0.007 0.001 0.001 0.001 0 0.007 0.002 0.003 0.023 0.008 0.007 0.766 0.012 0.008 0.002 0.007 0.009 1 0.014 0.01 0.001 0.001 0.002 0.012 0.009 0.002 0.001 0.001 0.004 0.003 0.009 0.012 0.002 0.002 0.001 0.002 0.001 0.009 0.879 0.077 0.002
0.02 0.03 0.034 0.001 0.001 0.014 0.059 0 0.014 0.012 0.001 0 0.103 0.015 0 0 0 0.012 0.135 0 0.381 0.048 0.088 0.006 0.019 0.024 0.15 0.017 0.025 0.028 0.005 0.012 0.041 0.003 0.013 0.029 0.069 0.057 0.06 0.007 0.099 0.277 0.524 0.016 0.179 0.147 0.217 0.054 0.011 0.882 0.534 0.153 0.512 0.627 0.014 1 0.741 0.073 0.088 0.138 0.841 0.657 0.016 0.013 0.087 0.273 0.034 0.636 0.84 0.016 0.115 0.015 0.113 0.008 0.695 0.014 0.022 0.137
0.006 0.01 0.013 0.003 0 0.001 0.001 0.001 0.02 0.009 0.004 0 0.058 0.011 0.004 0.007 0.003 0.009 0.186 0.003 0.441 0.039 0.123 0.001 0.035 0.017 0.206 0.002 0.008 0.005 0.001 0.036 0.074 0.002 0 0.015 0.001 0.041 0.103 0.007 0.072 0.208 0.685 0.012 0.016 0.196 0.16 0.05 0.008 0.738 0.699 0.003 0.67 0.791 0.01 0.741 1 0.011 0.113 0.122 0.739 0.865 0.011 0.009 0.003 0.363 0.025 0.837 0.797 0.012 0.155 0.011 0.146 0.006 0.906 0.011 0.016 0.185
0.021 0.027 0.026 0.007 0.008 0.093 0.167 0.004 0.003 0.001 0.003 0.002 0.004 0.002 0.022 0.033 0.005 0.001 0.003 0.016 0.001 0.003 0 0.008 0.005 0.003 0.003 0.13 0.191 0.181 0.008 0.021 0.014 0.001 0.082 0.008 0.349 0.006 0.019 0.003 0.004 0.035 0.008 0.002 0.405 0 0.023 0.007 0.001 0.083 0.008 0.516 0.007 0.009 0.001 0.073 0.011 1 0.001 0.002 0.088 0.009 0.002 0.001 0.679 0.004 0.003 0.009 0.057 0.002 0.002 0.002 0.002 0.001 0.01 0.001 0.002 0.002
0.033 0.038 0.037 0.015 0.003 0.004 0.002 0.003 0.02 0.001 0.003 0.002 0.012 0.001 0.011 0.009 0.004 0.001 0.002 0.013 0.154 0.011 0.04 0.007 0.02 0.003 0.002 0.004 0.001 0.001 0.007 0.021 0.028 0.001 0.001 0.007 0.002 0.006 0.035 0.001 0.008 0.044 0.125 0.002 0.002 0.03 0.018 0.001 0.001 0.1 0.165 0.002 0.172 0.137 0.001 0.088 0.113 0.001 1 0.006 0.092 0.117 0.001 0.001 0.001 0 0.003 0.136 0.083 0.001 0.008 0.001 0.334 0.001 0.095 0.001 0.002 0.006
0.007 0.005 0.005 0.011 0 0.003 0.001 0.001 0.009 0.002 0.003 0.002 0.246 0.002 0.017 0.019 0.007 0.002 0.002 0.02 0.077 0.004 0.022 0.01 0.031 0.004 0.002 0.005 0.002 0.002 0.01 0.024 0.038 0.001 0.002 0.008 0.004 0.007 0.048 0.002 0.014 0.044 0.115 0.002 0.004 0.026 0.031 0 0.001 0.061 0.113 0.001 0.129 0.108 0.002 0.138 0.122 0.002 0.006 1 0.106 0.139 0.002 0.002 0.002 0.005 0.005 0.125 0.103 0.002 0.438 0.002 0 0.001 0.12 0.002 0.003 0.511
0.027 0.037 0.042 0 0 0.011 0.047 0 0.009 0.01 0.003 0 0.068 0.013 0.001 0 0.002 0.01 0.11 0 0.363 0.046 0.085 0.002 0.014 0.019 0.104 0.014 0.013 0.016 0.002 0.008 0.03 0.008 0.015 0.021 0.061 0.047 0.044 0.005 0.082 0.24 0.501 0.013 0.165 0.201 0.182 0.065 0.009 0.849 0.513 0.134 0.538 0.604 0.012 0.841 0.739 0.088 0.092 0.106 1 0.666 0.013 0.011 0.104 0.23 0.028 0.636 0.863 0.014 0.136 0.013 0.121 0.007 0.693 0.012 0.019 0.163
0.001 0.002 0.003 0.013 0.005 0 0.003 0.009 0.039 0.008 0.006 0.012 0.068 0.01 0.016 0.021 0.004 0.008 0.208 0.016 0.465 0.029 0.153 0.016 0.058 0.014 0.208 0.001 0.007 0.004 0.014 0.059 0.101 0.001 0 0.013 0 0.036 0.134 0.003 0.065 0.237 0.586 0.01 0.017 0.196 0.141 0.039 0.007 0.662 0.761 0.001 0.754 0.688 0.009 0.657 0.865 0.009 0.117 0.139 0.666 1 0.01 0.008 0.002 0.372 0.022 0.898 0.689 0.011 0.174 0.01 0.154 0.005 0.832 0.009 0.015 0.209
0.018 0.015 0.015 0.034 0.008 0.004 0.003 0.004 0.033 0.001 0.003 0.002 0.002 0.001 0.009 0.011 0.005 0.001 0.001 0.011 0.004 0.023 0.005 0.008 0.025 0.003 0.003 0.004 0.001 0.001 0.008 0.028 0.036 0.001 0.002 0.008 0.003 0.007 0.044 0.244 0.004 0.02 0.008 0.002 0.003 0.015 0.023 0.07 0.001 0.014 0.008 0.002 0.008 0.006 0.002 0.016 0.011 0.002 0.001 0.002 0.013 0.01 1 0.001 0.001 0.004 0.004 0.01 0.013 0.942 0.002 0.002 0.002 0.001 0.011 0.002 0.208 0.002
0.012 0.011 0.009 0.024 0.005 0.003 0.002 0.003 0.025 0.655 0.003 0.002 0.001 0.001 0.002 0.003 0.004 0.001 0.002 0.011 0.005 0.002 0.007 0.005 0.021 0.071 0.002 0.004 0.001 0.001 0.007 0.024 0.031 0.001 0.001 0.007 0.002 0.006 0.02 0.001 0.009 0.023 0.007 0.002 0.002 0 0.02 0.013 0.001 0.011 0.007 0.002 0.006 0.008 0.001 0.013 0.009 0.001 0.001 0.002 0.011 0.008 0.001 1 0.001 0.003 0.003 0.008 0.011 0.001 0.001 0.001 0.001 0.001 0.009 0.001 0.002 0.002
0.029 0.037 0.036 0.007 0.007 0.112 0.198 0.003 0.007 0.001 0.003 0.002 0.005 0.001 0.034 0.048 0.004 0.001 0.002 0.026 0.002 0.011 0.003 0.005 0.012 0.003 0.002 0.148 0.215 0.203 0.005 0.031 0.013 0.001 0.086 0.007 0.366 0.005 0.019 0.001 0.01 0.046 0.001 0.002 0.356 0.001 0.021 0.016 0.001 0.099 0.001 0.455 0.001 0.002 0.001 0.087 0.003 0.679 0.001 0.002 0.104 0.002 0.001 0.001 1 0.002 0.003 0.002 0.068 0.002 0.001 0.001 0.003 0.001 0.002 0.001 0.002 0.002
0.006 0.007 0.004 0.022 0 0.003 0 0.01 0.013 0.003 0.008 0.005 0.002 0.004 0.002 0.004 0.002 0.003 0.413 0.001 0.182 0.016 0.061 0 0.015 0.005 0.46 0.003 0.003 0.001 0 0.019 0.028 0 0.001 0 0 0.016 0.04 0.002 0.029 0.11 0.232 0.004 0.029 0.071 0.062 0.025 0.003 0.299 0.281 0 0.236 0.276 0.004 0.273 0.363 0.004 0 0.005 0.23 0.372 0.004 0.003 0.002 1 0.009 0.343 0.3 0.005 0.004 0.004 0.003 0.002 0.368 0.004 0.006 0
0.031 0.038 0.039 0.084 0.017 0.01 0.006 0.008 0.093 0.003 0.006 0.004 0.004 0.004 0.034 0.034 0.01 0.003 0.006 0.034 0.016 0.025 0.052 0.017 0.008 0.159 0.006 0.01 0.003 0.003 0.016 0.007 0.002 0.002 0.004 0.017 0.006 0.015 0.07 0.001 0.291 0.061 0.018 0.004 0.007 0.054 0.152 0.041 0.003 0.03 0.018 0.005 0.017 0.022 0.003 0.034 0.025 0.003 0.003 0.005 0.028 0.022 0.004 0.003 0.003 0.009 1 0.022 0.029 0.004 0.004 0.004 0.004 0.002 0.024 0.003 0.001 0.005
0.003 0.005 0.007 0.005 0.002 0 0.003 0.009 0.028 0.008 0.005 0.011 0.054 0.01 0.011 0.016 0.002 0.004 0.162 0.012 0.425 0.028 0.137 0.011 0.05 0.014 0.174 0.001 0.007 0.004 0.01 0.05 0.09 0.001 0 0.011 0 0.036 0.121 0.003 0.064 0.226 0.527 0.01 0.022 0.166 0.14 0.038 0.007 0.639 0.713 0.001 0.68 0.647 0.009 0.636 0.837 0.009 0.136 0.125 0.636 0.898 0.01 0.008 0.002 0.343 0.022 1 0.665 0.011 0.176 0.01 0.174 0.005 0.792 0.009 0.014 0.192
0.014 0.025 0.025 0.001 0 0.004 0.028 0 0.014 0.01 0.003 0 0.069 0.013 0 0 0.001 0.01 0.16 0 0.441 0.046 0.101 0.004 0.024 0.02 0.177 0.006 0.003 0.004 0.003 0.016 0.046 0.002 0.013 0.025 0.039 0.048 0.062 0.008 0.084 0.245 0.582 0.014 0.114 0.177 0.185 0.067 0.009 0.849 0.581 0.097 0.556 0.672 0.012 0.84 0.797 0.057 0.083 0.103 0.863 0.689 0.013 0.011 0.068 0.3 0.029 0.665 1 0.014 0.134 0.013 0.132 0.007 0.732 0.012 0.015 0.159
0.02 0.016 0.016 0.037 0.008 0.004 0.003 0.004 0.036 0.001 0.003 0.002 0.002 0.001 0.01 0.012 0.006 0.001 0.001 0.012 0.005 0.029 0.007 0.008 0.026 0.003 0.003 0.004 0.001 0.002 0.008 0.03 0.038 0.001 0.002 0.008 0.003 0.008 0.047 0.286 0.005 0.021 0.009 0.002 0.003 0.017 0.025 0.075 0.001 0.015 0.009 0.003 0.008 0.006 0.002 0.016 0.012 0.002 0.001 0.002 0.014 0.011 0.942 0.001 0.002 0.005 0.004 0.011 0.014 1 0.002 0.002 0.002 0.001 0.011 0.002 0.202 0.002
0.001 0 0 0.005 0 0.002 0 0.003 0.008 0.001 0.005 0.002 0.095 0.002 0.014 0.016 0.006 0.001 0.003 0.017 0.113 0.002 0.045 0.009 0.025 0.003 0.003 0.004 0.001 0.001 0.009 0.026 0.028 0.001 0.002 0.005 0.003 0.004 0.036 0.001 0.012 0.042 0.132 0.002 0.003 0.038 0.026 0.008 0.001 0.098 0.166 0.001 0.187 0.148 0.002 0.115 0.155 0.002 0.008 0.438 0.136 0.174 0.002 0.001 0.001 0.004 0.004 0.176 0.134 0.002 1 0.002 0.002 0.001 0.152 0.002 0.003 0.625
0.005 0 0 0.04 0.003 0.007 0.003 0 0.044 0.001 0 0.001 0.002 0.038 0 0.004 0.001 0.001 0.003 0 0.007 0.011 0.023 0.004 0.048 0.001 0.003 0.006 0.001 0.001 0.004 0.046 0.035 0.45 0.002 0.004 0.003 0.007 0.033 0.001 0.138 0.029 0.008 0.002 0.003 0.024 0.064 0.015 0.001 0.013 0.008 0.002 0.008 0.01 0.001 0.015 0.011 0.002 0.001 0.002 0.013 0.01 0.002 0.001 0.001 0.004 0.004 0.01 0.013 0.002 0.002 1 0.002 0.001 0.011 0.002 0.002 0.002
0.029 0.034 0.034 0.005 0.003 0 0.001 0.004 0.013 0.001 0.003 0.002 0.005 0.002 0.004 0.005 0.005 0.001 0.003 0.006 0.103 0.004 0.032 0.008 0.015 0.003 0.003 0 0.001 0.001 0.008 0.016 0.035 0.001 0.002 0.008 0.002 0.008 0.043 0.001 0.01 0.038 0.122 0.002 0.002 0.027 0.023 0.004 0.001 0.128 0.205 0.002 0.214 0.17 0.002 0.113 0.146 0.002 0.334 0 0.121 0.154 0.002 0.001 0.003 0.003 0.004 0.174 0.132 0.002 0.002 0.002 1 0.001 0.131 0.002 0.002 0.002
0.007 0.01 0.01 0.012 0.004 0.002 0.001 0.002 0.014 0.001 0.002 0.001 0.001 0.001 0.009 0.009 0.003 0.001 0.002 0.009 0 0.007 0.005 0.004 0.018 0.002 0.002 0.003 0.001 0.001 0.004 0.03 0.023 0.001 0.001 0.004 0.002 0.004 0.019 0.001 0.077 0.015 0.004 0.001 0.002 0 0.036 0.01 0.001 0.007 0.004 0.001 0.004 0.005 0.001 0.008 0.006 0.001 0.001 0.001 0.007 0.005 0.001 0.001 0.001 0.002 0.002 0.005 0.007 0.001 0.001 0.001 0.001 1 0.006 0.001 0.001 0.001
0.003 0.006 0.009 0.007 0.001 0.004 0 0.001 0.024 0.008 0.003 0 0.059 0.01 0.005 0.009 0.003 0.008 0.193 0.005 0.434 0.033 0.131 0.001 0.041 0.017 0.214 0.005 0.008 0.005 0.001 0.042 0.08 0.001 0 0.013 0.003 0.039 0.112 0.004 0.07 0.198 0.69 0.011 0.009 0.205 0.153 0.047 0.007 0.707 0.708 0 0.677 0.779 0.009 0.695 0.906 0.01 0.095 0.12 0.693 0.832 0.011 0.009 0.002 0.368 0.024 0.792 0.732 0.011 0.152 0.011 0.131 0.006 1 0.009 0.015 0.197
0.024 0.029 0.028 0.004 0.001 0.096 0.093 0.004 0.011 0.001 0.003 0.002 0.002 0.01 0.033 0.028 0.005 0 0.003 0.035 0.007 0 0.002 0 0.006 0.002 0.003 0.095 0.058 0.054 0.006 0.005 0 0.001 0.168 0.008 0.087 0.007 0.001 0.001 0.001 0 0.008 0.002 0.003 0.023 0.009 0.006 0.739 0.013 0.008 0.002 0.007 0.009 0.879 0.014 0.011 0.001 0.001 0.002 0.012 0.009 0.002 0.001 0.001 0.004 0.003 0.009 0.012 0.002 0.002 0.002 0.002 0.001 0.009 1 0.079 0.002
0.003 0.001 0.002 0.012 0.004 0.002 0 0.006 0.005 0.002 0.005 0.003 0.003 0.005 0 0 0.008 0.002 0.004 0 0.007 0.014 0 0.004 0.006 0.004 0.004 0.002 0.001 0.001 0.012 0.008 0.014 0.002 0.001 0.011 0 0.01 0.02 0.021 0.001 0.022 0.012 0.002 0.004 0.031 0.009 0.03 0.032 0.019 0.012 0.003 0.011 0.014 0.077 0.022 0.016 0.002 0.002 0.003 0.019 0.015 0.208 0.002 0.002 0.006 0.001 0.014 0.015 0.202 0.003 0.002 0.002 0.001 0.015 0.079 1 0.003
0.003 0.001 0.002 0.008 0 0.003 0.001 0.001 0.012 0.002 0.003 0.002 0.133 0.002 0.017 0.019 0.007 0.002 0.002 0.02 0.121 0.001 0.05 0.01 0.035 0.004 0.001 0.005 0.002 0.002 0.01 0.028 0.043 0.001 0.002 0.008 0.004 0.007 0.053 0.002 0.014 0.035 0.127 0.002 0.004 0.052 0.031 0.005 0.001 0.106 0.182 0.001 0.203 0.16 0.002 0.137 0.185 0.002 0.006 0.511 0.163 0.209 0.002 0.002 0.002 0 0.005 0.192 0.159 0.002 0.625 0.002 0.002 0.001 0.197 0.002 0.003 1
