1 0.822 0.823 0.419 0.353 0.167 0.113 0.215 0.242 0.01 0.187 0.097 0.027 0.049 0.476 0.458 0.232 0.047 0.036 0.56 0.001 0.128 0.104 0.324 0.293 0.006 0.036 0.14 0.051 0.039 0.246 0.226 0.134 0 0.051 0.037 0.068 0.012 0.113 0.019 0.011 0.067 0.001 0.001 0.081 0.028 0.001 0.078 0.009 0.034 0 0.051 0 0.002 0.008 0.029 0.019 0.009 0.035 0.008 0.04 0.007 0.015 0.012 0.016 0.004 0.007 0.014 0.019 0.015 0.001 0.008 0.023 0.004 0.007 0.009 0.004 0
0.822 1 0.923 0.441 0.374 0.2 0.136 0.258 0.245 0.008 0.225 0.116 0.023 0.059 0.548 0.528 0.235 0.057 0.03 0.559 0 0.139 0.096 0.344 0.301 0.02 0.03 0.17 0.061 0.048 0.26 0.233 0.14 0 0.062 0.037 0.084 0.02 0.114 0.016 0.02 0.083 0.003 0.003 0.067 0.023 0.001 0.055 0.012 0.028 0.001 0.063 0 0.002 0.011 0.023 0.012 0.013 0.045 0.006 0.033 0.003 0.011 0.011 0.021 0.015 0.018 0.009 0.014 0.011 0.003 0.006 0.023 0.01 0.009 0.013 0.002 0
0.823 0.923 1 0.465 0.416 0.196 0.133 0.252 0.265 0.008 0.22 0.114 0.023 0.057 0.573 0.553 0.274 0.056 0.031 0.596 0 0.129 0.091 0.384 0.343 0.02 0.031 0.166 0.058 0.047 0.291 0.269 0.167 0 0.06 0.05 0.081 0.019 0.137 0.017 0.015 0.093 0.002 0.003 0.098 0.03 0.001 0.06 0.012 0.036 0.001 0.062 0 0.001 0.011 0.031 0.019 0.012 0.044 0.006 0.043 0.006 0.011 0.011 0.02 0.01 0.018 0.015 0.02 0.012 0.003 0.006 0.03 0.01 0.014 0.013 0.003 0
0.419 0.441 0.465 1 0.217 0.089 0.058 0.125 0.754 0.017 0.109 0.056 0.047 0.028 0.302 0.316 0.147 0.041 0.062 0.31 0.016 0.283 0.306 0.222 0.627 0.001 0.049 0.07 0.029 0.021 0.141 0.534 0.354 0.029 0.028 0.006 0.033 0 0.408 0.033 0.216 0.001 0.01 0.01 0.042 0.006 0.184 0.162 0.012 0 0.035 0.024 0.032 0.017 0.01 0.001 0.002 0.002 0.015 0.011 0 0.012 0.029 0.021 0.004 0.039 0.047 0.003 0.002 0.033 0 0.012 0.005 0.021 0.002 0.01 0.004 0.002
0.353 0.374 0.416 0.217 1 0.017 0.011 0.487 0.269 0.004 0.466 0.236 0.011 0.005 0.49 0.457 0.595 0.129 0.014 0.491 0.039 0.071 0.145 0.802 0.289 0.009 0.014 0.017 0.004 0.005 0.653 0.229 0.172 0 0.006 0.166 0.009 0.082 0.151 0.008 0.024 0.016 0.008 0.004 0.01 0.022 0.016 0.037 0.004 0.001 0.038 0.001 0.034 0.005 0.001 0.002 0 0.003 0.007 0.003 0 0.012 0.009 0.005 0.003 0.005 0.007 0.004 0 0.009 0.003 0.002 0.001 0.005 0 0 0.002 0.006
0.167 0.2 0.196 0.089 0.017 1 0.666 0.009 0.116 0.002 0.008 0.004 0.004 0.288 0.21 0.203 0.012 0.003 0.006 0.216 0.017 0.023 0.052 0.018 0.123 0.004 0.006 0.858 0.284 0.25 0.019 0.118 0.072 0.001 0.295 0.017 0.426 0.015 0.061 0.003 0.01 0.015 0.015 0.002 0.187 0.023 0.001 0.025 0.093 0.01 0.016 0.254 0.015 0.02 0.061 0.01 0 0.081 0.004 0.001 0.007 0 0 0.002 0.105 0.01 0.005 0 0.001 0 0.001 0.002 0 0.002 0.003 0.066 0 0.002
0.113 0.136 0.133 0.058 0.011 0.666 1 0.006 0.081 0.001 0.005 0.003 0.003 0.001 0.144 0.139 0.008 0.002 0.004 0.147 0.012 0.014 0.034 0.012 0.081 0.003 0.004 0.566 0.427 0.378 0.013 0.077 0.041 0.001 0.444 0.011 0.648 0.01 0.034 0.002 0.012 0.054 0.01 0.001 0.296 0.01 0.026 0.013 0.085 0.034 0.011 0.391 0.01 0.013 0.056 0.034 0.002 0.128 0.003 0 0.028 0.003 0.003 0.002 0.163 0.007 0.003 0.003 0.009 0.003 0.001 0.003 0 0.001 0 0.061 0.001 0.001
0.215 0.258 0.252 0.125 0.487 0.009 0.006 1 0.142 0.002 0.87 0.448 0.006 0.003 0.267 0.257 0.666 0.004 0.008 0.281 0.021 0.039 0.078 0.462 0.174 0.005 0.008 0.009 0.002 0.002 0.398 0.13 0.098 0.001 0.003 0.193 0.005 0.198 0.086 0.004 0.014 0.035 0.001 0.002 0.006 0.057 0.077 0.019 0.002 0.003 0.024 0 0.022 0.001 0.003 0.004 0.002 0.002 0.005 0.001 0.002 0.031 0.004 0.003 0.002 0.016 0.003 0.03 0.003 0.004 0.001 0 0.006 0.003 0.003 0.003 0.004 0.003
0.242 0.245 0.265 0.754 0.269 0.116 0.081 0.142 1 0.014 0.122 0.069 0.038 0.035 0.394 0.398 0.169 0.05 0.039 0.388 0.121 0.234 0.465 0.26 0.747 0.003 0.029 0.096 0.035 0.026 0.172 0.677 0.463 0.036 0.036 0.011 0.045 0.001 0.533 0.028 0.267 0.005 0.072 0.016 0.054 0.029 0.236 0.177 0.017 0.022 0.126 0.032 0.126 0.081 0.015 0.025 0.032 0.004 0.029 0.008 0.019 0.064 0.023 0.017 0.009 0.041 0.059 0.041 0.028 0.026 0.013 0.016 0.013 0.027 0.034 0.014 0.002 0.019
0.01 0.008 0.008 0.017 0.004 0.002 0.001 0.002 0.014 1 0.002 0.001 0.001 0 0.005 0.005 0.003 0.001 0.001 0.007 0.004 0.006 0.013 0.004 0.012 0.123 0.001 0.002 0.001 0.001 0.005 0.012 0.015 0.001 0.001 0.003 0.001 0.003 0.011 0 0.004 0.013 0.005 0 0.001 0 0.009 0.028 0 0.008 0.005 0.001 0.005 0.006 0.001 0.008 0.007 0.001 0.001 0 0.007 0.006 0.001 0.533 0 0.003 0.001 0.006 0.007 0.001 0.001 0.001 0.001 0 0.006 0.001 0.001 0.001
0.187 0.225 0.22 0.109 0.466 0.008 0.005 0.87 0.122 0.002 1 0.515 0.005 0.002 0.231 0.223 0.582 0.003 0.007 0.243 0.018 0.034 0.067 0.394 0.151 0.004 0.007 0.008 0.002 0.002 0.338 0.109 0.081 0.002 0.003 0.139 0.004 0.139 0.071 0.004 0.011 0.021 0 0.002 0.005 0.039 0.054 0.023 0.002 0.001 0.021 0 0.019 0 0.003 0.002 0.001 0.002 0.004 0.001 0 0.027 0.003 0.003 0.001 0.014 0.002 0.026 0.001 0.003 0.001 0 0.005 0.002 0.002 0.003 0.003 0.002
0.097 0.116 0.114 0.056 0.236 0.004 0.003 0.448 0.069 0.001 0.515 1 0.003 0.001 0.123 0.119 0.358 0.002 0.003 0.129 0.01 0.017 0.037 0.187 0.081 0.002 0.004 0.004 0.001 0.001 0.166 0.079 0.061 0.007 0.001 0.054 0.002 0.045 0.054 0.002 0.003 0.006 0.001 0.001 0.002 0.017 0.025 0.022 0.001 0.001 0.012 0.003 0.011 0.004 0.002 0.001 0.002 0.001 0.002 0.001 0.002 0.015 0.003 0.001 0 0.007 0.003 0.015 0.001 0.003 0.001 0.002 0.002 0.001 0 0.001 0.002 0.002
0.027 0.023 0.023 0.047 0.011 0.004 0.003 0.006 0.038 0.001 0.005 0.003 1 0.001 0.002 0.001 0.007 0.002 0.004 0.015 0.223 0.019 0.061 0.01 0.033 0.003 0.004 0.005 0.001 0.002 0 0.031 0.04 0.001 0.001 0.011 0.002 0.009 0.045 0.002 0.012 0.078 0.135 0.001 0.002 0.064 0.025 0.004 0.001 0.119 0.182 0.001 0.155 0.151 0.002 0.129 0.131 0 0.026 0.249 0.075 0.145 0.003 0.001 0 0.008 0.003 0.075 0.114 0.003 0.071 0.002 0.048 0.001 0.086 0.002 0.002 0.152
0.049 0.059 0.057 0.028 0.005 0.288 0.001 0.003 0.035 0 0.002 0.001 0.001 1 0.062 0.06 0.003 0.001 0.002 0.066 0.005 0.009 0.019 0.005 0.041 0.001 0.002 0.272 0.001 0.001 0.006 0.04 0.031 0.013 0.001 0.005 0.001 0.004 0.028 0.001 0.114 0.017 0.006 0.001 0.002 0.014 0.03 0.012 0.012 0.01 0.006 0.001 0.006 0.007 0.007 0.01 0.008 0.001 0.001 0.001 0.009 0.008 0.006 0.001 0.001 0.004 0.001 0.008 0.009 0.006 0.001 0 0.001 0.001 0.007 0.008 0.004 0.001
0.476 0.548 0.573 0.302 0.49 0.21 0.144 0.267 0.394 0.005 0.231 0.123 0.002 0.062 1 0.915 0.327 0.089 0.022 0.758 0.046 0.112 0.204 0.489 0.414 0.015 0.022 0.184 0.064 0.073 0.35 0.348 0.263 0 0.067 0.082 0.091 0.038 0.23 0.015 0.009 0.045 0.023 0.005 0.109 0.003 0.01 0.058 0.034 0.002 0.048 0.07 0.052 0.017 0.034 0.001 0 0.015 0.004 0.008 0.004 0.007 0.008 0.007 0.024 0.012 0.01 0.002 0 0.009 0.009 0.006 0 0.009 0.001 0.033 0.001 0.015
0.458 0.528 0.553 0.316 0.457 0.203 0.139 0.257 0.398 0.005 0.223 0.119 0.001 0.06 0.915 1 0.315 0.086 0.023 0.739 0.047 0.115 0.209 0.476 0.4 0.011 0.023 0.176 0.061 0.071 0.347 0.332 0.251 0 0.069 0.081 0.091 0.038 0.226 0.016 0.008 0.039 0.028 0.004 0.108 0.002 0.011 0.049 0.033 0.001 0.055 0.07 0.059 0.022 0.028 0 0.001 0.016 0.003 0.008 0.002 0.01 0.009 0.007 0.025 0.014 0.013 0.004 0 0.009 0.01 0.006 0 0.005 0.002 0.031 0.001 0.015
0.232 0.235 0.274 0.147 0.595 0.012 0.008 0.666 0.169 0.003 0.582 0.358 0.007 0.003 0.327 0.315 1 0.005 0.01 0.359 0.028 0.049 0.101 0.558 0.224 0.006 0.01 0.011 0.003 0.003 0.485 0.173 0.131 0 0.004 0.27 0.007 0.142 0.116 0.005 0.012 0.051 0.004 0.003 0.021 0.065 0.053 0.023 0.003 0.001 0.031 0 0.029 0.001 0.004 0 0.002 0.003 0.006 0.003 0.002 0.005 0.006 0.004 0.002 0 0.004 0.004 0.001 0.006 0.004 0 0.003 0.003 0.002 0.004 0.005 0.006
0.047 0.057 0.056 0.041 0.129 0.003 0.002 0.004 0.05 0.001 0.003 0.002 0.002 0.001 0.089 0.086 0.005 1 0.003 0.092 0.007 0.012 0.026 0.168 0.057 0.002 0.003 0.003 0.001 0.001 0.15 0.055 0.043 0.001 0.001 0.007 0.002 0.006 0.039 0.001 0.008 0.024 0.008 0.001 0.002 0.02 0.006 0.004 0.001 0.014 0.009 0.002 0.008 0.01 0.001 0.014 0.012 0.001 0.002 0.001 0.012 0.011 0.002 0.001 0.001 0.005 0.002 0.001 0.013 0.002 0.001 0.002 0.002 0.001 0.01 0.001 0.002 0.001
0.036 0.03 0.031 0.062 0.014 0.006 0.004 0.008 0.039 0.001 0.007 0.003 0.004 0.002 0.022 0.023 0.01 0.003 1 0.027 0.331 0.025 0.095 0.015 0.043 0.003 0.84 0.006 0.002 0.002 0.016 0.039 0.05 0.002 0.002 0.014 0.004 0.013 0.057 0.002 0.012 0.07 0.228 0.002 0.005 0.034 0.028 0.026 0.002 0.131 0.19 0.004 0.167 0.179 0.002 0.123 0.151 0.002 0.003 0.001 0.083 0.161 0.004 0.002 0.002 0.365 0.004 0.156 0.141 0.004 0.002 0.002 0.004 0 0.175 0.002 0.003 0.003
0.56 0.559 0.596 0.31 0.491 0.216 0.147 0.281 0.388 0.007 0.243 0.129 0.015 0.066 0.758 0.739 0.359 0.092 0.027 1 0.071 0.081 0.199 0.538 0.449 0.018 0.025 0.187 0.067 0.055 0.408 0.368 0.25 0 0.064 0.071 0.091 0.03 0.215 0.004 0.01 0.024 0.033 0.008 0.109 0.003 0.007 0.066 0.036 0.001 0.052 0.068 0.047 0.019 0.032 0 0 0.013 0.017 0.009 0.001 0.008 0.002 0.009 0.021 0.005 0.016 0.004 0 0.003 0.011 0.005 0.005 0.009 0.007 0.035 0 0.016
0.001 0 0 0.016 0.039 0.017 0.012 0.021 0.121 0.004 0.018 0.01 0.223 0.005 0.046 0.047 0.028 0.007 0.331 0.071 1 0.072 0.276 0.042 0.117 0.01 0.322 0.02 0.006 0.006 0.026 0.122 0.158 0.005 0.004 0.043 0.01 0.038 0.176 0.007 0.042 0.247 0.671 0 0.011 0.188 0.082 0.024 0.005 0.446 0.675 0.008 0.601 0.59 0.007 0.421 0.487 0.003 0.186 0.047 0.323 0.513 0.013 0.006 0.003 0.251 0.011 0.451 0.442 0.013 0.091 0.001 0.136 0.002 0.47 0.007 0.006 0.11
0.128 0.139 0.129 0.283 0.071 0.023 0.014 0.039 0.234 0.006 0.034 0.017 0.019 0.009 0.112 0.115 0.049 0.012 0.025 0.081 0.072 1 0.401 0.073 0.198 0.017 0.023 0.032 0.009 0.01 0.036 0.161 0.036 0.009 0.011 0.029 0.02 0.042 0.046 0.096 0.061 0.025 0.062 0.038 0.022 0.01 0.013 0.1 0.001 0.058 0.023 0.014 0.018 0.03 0 0.052 0.048 0.004 0.016 0.004 0.04 0.032 0.073 0 0.007 0.005 0.013 0.033 0.048 0.081 0.006 0.003 0.017 0.009 0.047 0 0.019 0.006
0.104 0.096 0.091 0.306 0.145 0.052 0.034 0.078 0.465 0.013 0.067 0.037 0.061 0.019 0.204 0.209 0.101 0.026 0.095 0.199 0.276 0.401 1 0.154 0.415 0.035 0.096 0.068 0.019 0.022 0.081 0.373 0.209 0.019 0.019 0 0.038 0.002 0.246 0.038 0.135 0.075 0.19 0.027 0.043 0.076 0.094 0.017 0.007 0.107 0.275 0.029 0.256 0.215 0.004 0.105 0.138 0.009 0.051 0.013 0.083 0.177 0.017 0.004 0.012 0.118 0.031 0.147 0.107 0.021 0.029 0.004 0.029 0.013 0.132 0.004 0.001 0.036
0.324 0.344 0.384 0.222 0.802 0.018 0.012 0.462 0.26 0.004 0.394 0.187 0.01 0.005 0.489 0.476 0.558 0.168 0.015 0.538 0.042 0.073 0.154 1 0.298 0.01 0.015 0.019 0.005 0.006 0.767 0.234 0.175 0.005 0.006 0.196 0.01 0.106 0.154 0.008 0.044 0.017 0.014 0.005 0.009 0.026 0.018 0.039 0 0.003 0.048 0.002 0.045 0.009 0.002 0.005 0.001 0.004 0.009 0.004 0.001 0.019 0.01 0.005 0.004 0.005 0.007 0.009 0.002 0.01 0.006 0.009 0.005 0.005 0.001 0.002 0.002 0.008
0.293 0.301 0.343 0.627 0.289 0.123 0.081 0.174 0.747 0.012 0.151 0.081 0.033 0.041 0.414 0.4 0.224 0.057 0.043 0.449 0.117 0.198 0.415 0.298 1 0.028 0.044 0.115 0.042 0.032 0.234 0.837 0.627 0.042 0.042 0.024 0.055 0.006 0.553 0.022 0.202 0.002 0.083 0.005 0.066 0.017 0.227 0.152 0.007 0.022 0.14 0.04 0.129 0.086 0.004 0.026 0.037 0.006 0.027 0.014 0.018 0.066 0.017 0.014 0.012 0.045 0.003 0.048 0.032 0.02 0.015 0.021 0.016 0.032 0.041 0.003 0.002 0.024
0.006 0.02 0.02 0.001 0.009 0.004 0.003 0.005 0.003 0.123 0.004 0.002 0.003 0.001 0.015 0.011 0.006 0.002 0.003 0.018 0.01 0.017 0.035 0.01 0.028 1 0.003 0.004 0.001 0.001 0.011 0.029 0.037 0.001 0.001 0.009 0.003 0.008 0.002 0.002 0.044 0.029 0.011 0 0.003 0.016 0.012 0.001 0.001 0.016 0.01 0.002 0.009 0.012 0.001 0.017 0.014 0.001 0.002 0.001 0.014 0.012 0.003 0.134 0.001 0.005 0.19 0.012 0.015 0.003 0.001 0.002 0.002 0.001 0.012 0.001 0.002 0.002
0.036 0.03 0.031 0.049 0.014 0.006 0.004 0.008 0.029 0.001 0.007 0.004 0.004 0.002 0.022 0.023 0.01 0.003 0.84 0.025 0.322 0.023 0.096 0.015 0.044 0.003 1 0.007 0.002 0.002 0.017 0.04 0.051 0.002 0.002 0.015 0.004 0.013 0.057 0.002 0.012 0.089 0.269 0.002 0.005 0.037 0.028 0.024 0.002 0.157 0.226 0.004 0.174 0.212 0.002 0.149 0.181 0.002 0.003 0.001 0.082 0.167 0.004 0.002 0.002 0.425 0.004 0.179 0.169 0.004 0.002 0.003 0.004 0 0.208 0.002 0.003 0.003
0.14 0.17 0.166 0.07 0.017 0.858 0.566 0.009 0.096 0.002 0.008 0.004 0.005 0.272 0.184 0.176 0.011 0.003 0.006 0.187 0.02 0.032 0.068 0.019 0.115 0.004 0.007 1 0.278 0.245 0.021 0.134 0.092 0.001 0.3 0.018 0.575 0.007 0.08 0.004 0.008 0.025 0.017 0.002 0.287 0.024 0.002 0.035 0.088 0.022 0.019 0.383 0.017 0.023 0.057 0.019 0.001 0.202 0.004 0.002 0.018 0 0 0.002 0.205 0.012 0.005 0 0.005 0 0.003 0.002 0.001 0.002 0.005 0.061 0 0.004
0.051 0.061 0.058 0.029 0.004 0.284 0.427 0.002 0.035 0.001 0.002 0.001 0.001 0.001 0.064 0.061 0.003 0.001 0.002 0.067 0.006 0.009 0.019 0.005 0.042 0.001 0.002 0.278 1 0.873 0.006 0.029 0.022 0.001 0.168 0.005 0.37 0.005 0.019 0.001 0.006 0.026 0.006 0.001 0.085 0.015 0.012 0.009 0.092 0.006 0.006 0.114 0.006 0.008 0.064 0.005 0.006 0.123 0.001 0.001 0.003 0.005 0.002 0.001 0.148 0.004 0.001 0.005 0.001 0.002 0.001 0.001 0 0.001 0.005 0.068 0 0.001
0.039 0.048 0.047 0.021 0.005 0.25 0.378 0.002 0.026 0.001 0.002 0.001 0.002 0.001 0.073 0.071 0.003 0.001 0.002 0.055 0.006 0.01 0.022 0.006 0.032 0.001 0.002 0.245 0.873 1 0.007 0.022 0.027 0.001 0.15 0.001 0.328 0 0.023 0.001 0.006 0.032 0.006 0.001 0.075 0.016 0.006 0.011 0.081 0.004 0.007 0.1 0.006 0.008 0.055 0.004 0.006 0.108 0.001 0.001 0.002 0.005 0.002 0.001 0.13 0.003 0.002 0.005 0.001 0.002 0.001 0.001 0 0.001 0.005 0.059 0 0.001
0.246 0.26 0.291 0.141 0.653 0.019 0.013 0.398 0.172 0.005 0.338 0.166 0 0.006 0.35 0.347 0.485 0.15 0.016 0.408 0.026 0.036 0.081 0.767 0.234 0.011 0.017 0.021 0.006 0.007 1 0.233 0.198 0.006 0.007 0.265 0.012 0.167 0.175 0.009 0.05 0.036 0.005 0.005 0.006 0.047 0.023 0.051 0.005 0.001 0.029 0.003 0.026 0.003 0.007 0.002 0 0.005 0.01 0.006 0.004 0.01 0.014 0.006 0.004 0 0.009 0.013 0 0.014 0.006 0.01 0.006 0.006 0.003 0.007 0.009 0.01
0.226 0.233 0.269 0.534 0.229 0.118 0.077 0.13 0.677 0.012 0.109 0.079 0.031 0.04 0.348 0.332 0.173 0.055 0.039 0.368 0.122 0.161 0.373 0.234 0.837 0.029 0.04 0.134 0.029 0.022 0.233 1 0.74 0.041 0.048 0.043 0.09 0.024 0.658 0.024 0.203 0 0.088 0.014 0.101 0.012 0.257 0.174 0.006 0.015 0.146 0.073 0.135 0.092 0.002 0.017 0.039 0.03 0.028 0.011 0.01 0.067 0.022 0.015 0.034 0.049 0.003 0.05 0.021 0.025 0.015 0.021 0.017 0.039 0.043 0.001 0.005 0.02
0.134 0.14 0.167 0.354 0.172 0.072 0.041 0.098 0.463 0.015 0.081 0.061 0.04 0.031 0.263 0.251 0.131 0.043 0.05 0.25 0.158 0.036 0.209 0.175 0.627 0.037 0.051 0.092 0.022 0.027 0.198 0.74 1 0.032 0.032 0.25 0.065 0.22 0.882 0.031 0.149 0.022 0.113 0.013 0.079 0 0.383 0.18 0.002 0.034 0.178 0.061 0.16 0.119 0 0.039 0.064 0.023 0.035 0.016 0.024 0.097 0.028 0.02 0.021 0.057 0.001 0.076 0.043 0.031 0.017 0.013 0.028 0.03 0.067 0 0.004 0.028
0 0 0 0.029 0 0.001 0.001 0.001 0.036 0.001 0.002 0.007 0.001 0.013 0 0 0 0.001 0.002 0 0.005 0.009 0.019 0.005 0.042 0.001 0.002 0.001 0.001 0.001 0.006 0.041 0.032 1 0.001 0.005 0.001 0.004 0.029 0.001 0.117 0.017 0.006 0.001 0.002 0.015 0.056 0.012 0 0.01 0.006 0.001 0.006 0.007 0.001 0.01 0.009 0.001 0.001 0.001 0.009 0.008 0.002 0.001 0.001 0.004 0.001 0.008 0.009 0.002 0.001 0.474 0.001 0.001 0.007 0.001 0.001 0.001
0.051 0.062 0.06 0.028 0.006 0.295 0.444 0.003 0.036 0.001 0.003 0.001 0.001 0.001 0.067 0.069 0.004 0.001 0.002 0.064 0.004 0.011 0.019 0.006 0.042 0.001 0.002 0.3 0.168 0.15 0.007 0.048 0.032 0.001 1 0.006 0.464 0.005 0.034 0.001 0.006 0.044 0.007 0.001 0.163 0.011 0.013 0.014 0.175 0.017 0.007 0.215 0.007 0.009 0.122 0.015 0 0.112 0.001 0.001 0.014 0 0.002 0.001 0.126 0.003 0.002 0 0.002 0.002 0.001 0.001 0.001 0.001 0.001 0.128 0.001 0.001
0.037 0.037 0.05 0.006 0.166 0.017 0.011 0.193 0.011 0.003 0.139 0.054 0.011 0.005 0.082 0.081 0.27 0.007 0.014 0.071 0.043 0.029 0 0.196 0.024 0.009 0.015 0.018 0.005 0.001 0.265 0.043 0.25 0.005 0.006 1 0.011 0.811 0.225 0.008 0.043 0.25 0.036 0.068 0.008 0.162 0.202 0.019 0.005 0.022 0.039 0.008 0.034 0.035 0.006 0.023 0.015 0.005 0.009 0.003 0.013 0.012 0.01 0.005 0.005 0.002 0.007 0.011 0.018 0.009 0.004 0.009 0.005 0.005 0.009 0.006 0.002 0.006
0.068 0.084 0.081 0.033 0.009 0.426 0.648 0.005 0.045 0.001 0.004 0.002 0.002 0.001 0.091 0.091 0.007 0.002 0.004 0.091 0.01 0.02 0.038 0.01 0.055 0.003 0.004 0.575 0.37 0.328 0.012 0.09 0.065 0.001 0.464 0.011 1 0.002 0.063 0.002 0.012 0.082 0.013 0.001 0.457 0.009 0.025 0.026 0.088 0.059 0.014 0.598 0.013 0.016 0.059 0.055 0 0.357 0.002 0.001 0.056 0 0.003 0.001 0.338 0.007 0.003 0 0.026 0.003 0.002 0.002 0.001 0.001 0.002 0.062 0.002 0.002
0.012 0.02 0.019 0 0.082 0.015 0.01 0.198 0.001 0.003 0.139 0.045 0.009 0.004 0.038 0.038 0.142 0.006 0.013 0.03 0.038 0.042 0.002 0.106 0.006 0.008 0.013 0.007 0.005 0 0.167 0.024 0.22 0.004 0.005 0.811 0.002 1 0.201 0.007 0.038 0.218 0.031 0.082 0.003 0.112 0.237 0.013 0.004 0.045 0.034 0.001 0.029 0.039 0.006 0.046 0.047 0 0.008 0.002 0.033 0.042 0.009 0.005 0 0.017 0.005 0.041 0.039 0.009 0.003 0.008 0.009 0.004 0.039 0.005 0.002 0.005
0.113 0.114 0.137 0.408 0.151 0.061 0.034 0.086 0.533 0.011 0.071 0.054 0.045 0.028 0.23 0.226 0.116 0.039 0.057 0.215 0.176 0.046 0.246 0.154 0.553 0.002 0.057 0.08 0.019 0.023 0.175 0.658 0.882 0.029 0.034 0.225 0.063 0.201 1 0.034 0.24 0.012 0.131 0.012 0.073 0.004 0.475 0.215 0.003 0.048 0.202 0.056 0.182 0.14 0 0.053 0.082 0.022 0.039 0.018 0.034 0.117 0.032 0.017 0.02 0.067 0.047 0.093 0.057 0.036 0.021 0.011 0.032 0.027 0.083 0 0.006 0.033
0.019 0.016 0.017 0.033 0.008 0.003 0.002 0.004 0.028 0 0.004 0.002 0.002 0.001 0.015 0.016 0.005 0.001 0.002 0.004 0.007 0.096 0.038 0.008 0.022 0.002 0.002 0.004 0.001 0.001 0.009 0.024 0.031 0.001 0.001 0.008 0.002 0.007 0.034 1 0.005 0.014 0.004 0.001 0.002 0.004 0.017 0.035 0.001 0.003 0 0.002 0 0 0.001 0.003 0.008 0 0.002 0.001 0.002 0.001 0.235 0.001 0.001 0.002 0.001 0.001 0.009 0.255 0.001 0.002 0.002 0.001 0.001 0.001 0.033 0.002
0.011 0.02 0.015 0.216 0.024 0.01 0.012 0.014 0.267 0.004 0.011 0.003 0.012 0.114 0.009 0.008 0.012 0.008 0.012 0.01 0.042 0.061 0.135 0.044 0.202 0.044 0.012 0.008 0.006 0.006 0.05 0.203 0.149 0.117 0.006 0.043 0.012 0.038 0.24 0.005 1 0.146 0.05 0.005 0.014 0.112 0.412 0.081 0 0.084 0.054 0.011 0.05 0.063 0 0.089 0.074 0.003 0.01 0.005 0.075 0.067 0.002 0.006 0.005 0.032 0.192 0.066 0.078 0.003 0.006 0.087 0.011 0.11 0.063 0.001 0 0.009
0.067 0.083 0.093 0.001 0.016 0.015 0.054 0.035 0.005 0.013 0.021 0.006 0.078 0.017 0.045 0.039 0.051 0.024 0.07 0.024 0.247 0.025 0.075 0.017 0.002 0.029 0.089 0.025 0.026 0.032 0.036 0 0.022 0.017 0.044 0.25 0.082 0.218 0.012 0.014 0.146 1 0.266 0.019 0.095 0.412 0.001 0.083 0.001 0.345 0.258 0.049 0.229 0.213 0 0.327 0.275 0.029 0.067 0.022 0.264 0.307 0.032 0.016 0.033 0.125 0.025 0.27 0.291 0.032 0.034 0.029 0.074 0.016 0.254 0 0.015 0.034
0.001 0.003 0.002 0.01 0.008 0.015 0.01 0.001 0.072 0.005 0 0.001 0.135 0.006 0.023 0.028 0.004 0.008 0.228 0.033 0.671 0.062 0.19 0.014 0.083 0.011 0.269 0.017 0.006 0.006 0.005 0.088 0.113 0.006 0.007 0.036 0.013 0.031 0.131 0.004 0.05 0.266 1 0.005 0.015 0.229 0.106 0.035 0.005 0.596 0.743 0.003 0.705 0.79 0.007 0.566 0.659 0.006 0.182 0.054 0.446 0.576 0.014 0.006 0.002 0.272 0.012 0.494 0.578 0.014 0.081 0.01 0.169 0.006 0.61 0.007 0.01 0.098
0.001 0.003 0.003 0.01 0.004 0.002 0.001 0.002 0.016 0 0.002 0.001 0.001 0.001 0.005 0.004 0.003 0.001 0.002 0.008 0 0.038 0.027 0.005 0.005 0 0.002 0.002 0.001 0.001 0.005 0.014 0.013 0.001 0.001 0.068 0.001 0.082 0.012 0.001 0.005 0.019 0.005 1 0.001 0.006 0.013 0.033 0.001 0.009 0.005 0.001 0.005 0.007 0.001 0.009 0.008 0.001 0.001 0.001 0.004 0.007 0 0.001 0.001 0.003 0.001 0.007 0.008 0 0.001 0.001 0.001 0.001 0.007 0.001 0.003 0.001
0.081 0.067 0.098 0.042 0.01 0.187 0.296 0.006 0.054 0.001 0.005 0.002 0.002 0.002 0.109 0.108 0.021 0.002 0.005 0.109 0.011 0.022 0.043 0.009 0.066 0.003 0.005 0.287 0.085 0.075 0.006 0.101 0.079 0.002 0.163 0.008 0.457 0.003 0.073 0.002 0.014 0.095 0.015 0.001 1 0.002 0.029 0.03 0.001 0.164 0.016 0.605 0.015 0.01 0.002 0.156 0.033 0.345 0.003 0.002 0.152 0.036 0.004 0.002 0.304 0.005 0.003 0.04 0.098 0.004 0.002 0.003 0 0.002 0.019 0.002 0.003 0.003
0.028 0.023 0.03 0.006 0.022 0.023 0.01 0.057 0.029 0 0.039 0.017 0.064 0.014 0.003 0.002 0.065 0.02 0.034 0.003 0.188 0.01 0.076 0.026 0.017 0.016 0.037 0.024 0.015 0.016 0.047 0.012 0 0.015 0.011 0.162 0.009 0.112 0.004 0.004 0.112 0.412 0.229 0.006 0.002 1 0 0.038 0.013 0.269 0.275 0.007 0.299 0.29 0.018 0.251 0.299 0.006 0.068 0.017 0.268 0.318 0.026 0 0.004 0.135 0.03 0.253 0.255 0.027 0.027 0.025 0.059 0.008 0.261 0.018 0.019 0.041
0.001 0.001 0.001 0.184 0.016 0.001 0.026 0.077 0.236 0.009 0.054 0.025 0.025 0.03 0.01 0.011 0.053 0.006 0.028 0.007 0.082 0.013 0.094 0.018 0.227 0.012 0.028 0.002 0.012 0.006 0.023 0.257 0.383 0.056 0.013 0.202 0.025 0.237 0.475 0.017 0.412 0.001 0.106 0.013 0.029 0 1 0.101 0.003 0.178 0.113 0.023 0.105 0.133 0.005 0.187 0.156 0.012 0.02 0.011 0.159 0.141 0.012 0.012 0.01 0.067 0.115 0.139 0.166 0.015 0.013 0.033 0.023 0.052 0.134 0.006 0 0.019
0.078 0.055 0.06 0.162 0.037 0.025 0.013 0.019 0.177 0.028 0.023 0.022 0.004 0.012 0.058 0.049 0.023 0.004 0.026 0.066 0.024 0.1 0.017 0.039 0.152 0.001 0.024 0.035 0.009 0.011 0.051 0.174 0.18 0.012 0.014 0.019 0.026 0.013 0.215 0.035 0.081 0.083 0.035 0.033 0.03 0.038 0.101 1 0.011 0.092 0.041 0.023 0.035 0.054 0.003 0.075 0.061 0.007 0.003 0.001 0.063 0.05 0.077 0.042 0.011 0.041 0.02 0.049 0.075 0.084 0.011 0.016 0 0.011 0.047 0.003 0.024 0.006
0.009 0.012 0.012 0.012 0.004 0.093 0.085 0.002 0.017 0 0.002 0.001 0.001 0.012 0.034 0.033 0.003 0.001 0.002 0.036 0.005 0.001 0.007 0 0.007 0.001 0.002 0.088 0.092 0.081 0.005 0.006 0.002 0 0.175 0.005 0.088 0.004 0.003 0.001 0 0.001 0.005 0.001 0.001 0.013 0.003 0.011 1 0.009 0.006 0.001 0.005 0.007 0.721 0.009 0.008 0.001 0.001 0.001 0.008 0.007 0.001 0.001 0.001 0.003 0.001 0.007 0.008 0.001 0.001 0.001 0.001 0.001 0.007 0.744 0.006 0.001
0.034 0.028 0.036 0 0.001 0.01 0.034 0.003 0.022 0.008 0.001 0.001 0.119 0.01 0.002 0.001 0.001 0.014 0.131 0.001 0.446 0.058 0.107 0.003 0.022 0.016 0.157 0.022 0.006 0.004 0.001 0.015 0.034 0.01 0.017 0.022 0.059 0.045 0.048 0.003 0.084 0.345 0.596 0.009 0.164 0.269 0.178 0.092 0.009 1 0.639 0.12 0.585 0.728 0.012 0.949 0.818 0.053 0.115 0.029 0.823 0.738 0.023 0.01 0.058 0.352 0.02 0.674 0.856 0.024 0.061 0.017 0.13 0.009 0.7 0.012 0.017 0.067
0 0.001 0.001 0.035 0.038 0.016 0.011 0.024 0.126 0.005 0.021 0.012 0.182 0.006 0.048 0.055 0.031 0.009 0.19 0.052 0.675 0.023 0.275 0.048 0.14 0.01 0.226 0.019 0.006 0.007 0.029 0.146 0.178 0.006 0.007 0.039 0.014 0.034 0.202 0 0.054 0.258 0.743 0.005 0.016 0.275 0.113 0.041 0.006 0.639 1 0.012 0.885 0.847 0.008 0.606 0.672 0.007 0.18 0.05 0.489 0.75 0.015 0.007 0.003 0.394 0.013 0.669 0.588 0.015 0.096 0.01 0.169 0.006 0.619 0.008 0.011 0.11
0.051 0.063 0.062 0.024 0.001 0.254 0.391 0 0.032 0.001 0 0.003 0.001 0.001 0.07 0.07 0 0.002 0.004 0.068 0.008 0.014 0.029 0.002 0.04 0.002 0.004 0.383 0.114 0.1 0.003 0.073 0.061 0.001 0.215 0.008 0.598 0.001 0.056 0.002 0.011 0.049 0.003 0.001 0.605 0.007 0.023 0.023 0.001 0.12 0.012 1 0.009 0.004 0.002 0.12 0.01 0.447 0.002 0 0.111 0.004 0.003 0.001 0.395 0.006 0.003 0.004 0.064 0.003 0 0.002 0.001 0.001 0 0.001 0.002 0.001
0 0 0 0.032 0.034 0.015 0.01 0.022 0.126 0.005 0.019 0.011 0.155 0.006 0.052 0.059 0.029 0.008 0.167 0.047 0.601 0.018 0.256 0.045 0.129 0.009 0.174 0.017 0.006 0.006 0.026 0.135 0.16 0.006 0.007 0.034 0.013 0.029 0.182 0 0.05 0.229 0.705 0.005 0.015 0.299 0.105 0.035 0.005 0.585 0.885 0.009 1 0.785 0.007 0.562 0.62 0.006 0.195 0.062 0.525 0.726 0.014 0.006 0.002 0.316 0.012 0.612 0.54 0.014 0.113 0.01 0.183 0.006 0.562 0.007 0.01 0.128
0.002 0.002 0.001 0.017 0.005 0.02 0.013 0.001 0.081 0.006 0 0.004 0.151 0.007 0.017 0.022 0.001 0.01 0.179 0.019 0.59 0.03 0.215 0.009 0.086 0.012 0.212 0.023 0.008 0.008 0.003 0.092 0.119 0.007 0.009 0.035 0.016 0.039 0.14 0 0.063 0.213 0.79 0.007 0.01 0.29 0.133 0.054 0.007 0.728 0.847 0.004 0.785 1 0.009 0.704 0.78 0.008 0.154 0.048 0.591 0.69 0.015 0.008 0.003 0.385 0.015 0.616 0.69 0.016 0.087 0.012 0.143 0.007 0.7 0.009 0.013 0.099
0.008 0.011 0.011 0.01 0.001 0.061 0.056 0.003 0.015 0.001 0.003 0.002 0.002 0.007 0.034 0.028 0.004 0.001 0.002 0.032 0.007 0 0.004 0.002 0.004 0.001 0.002 0.057 0.064 0.055 0.007 0.002 0 0.001 0.122 0.006 0.059 0.006 0 0.001 0 0 0.007 0.001 0.002 0.018 0.005 0.003 0.721 0.012 0.008 0.002 0.007 0.009 1 0.013 0.011 0.001 0.001 0.001 0.011 0.01 0.002 0.001 0.001 0.005 0 0.01 0.011 0.002 0.001 0.001 0.002 0.001 0.009 0.727 0.07 0.001
0.029 0.023 0.031 0.001 0.002 0.01 0.034 0.004 0.025 0.008 0.002 0.001 0.129 0.01 0.001 0 0 0.014 0.123 0 0.421 0.052 0.105 0.005 0.026 0.017 0.149 0.019 0.005 0.004 0.002 0.017 0.039 0.01 0.015 0.023 0.055 0.046 0.053 0.003 0.089 0.327 0.566 0.009 0.156 0.251 0.187 0.075 0.009 0.949 0.606 0.12 0.562 0.704 0.013 1 0.832 0.05 0.109 0.059 0.836 0.754 0.025 0.011 0.055 0.359 0.021 0.691 0.868 0.025 0.068 0.018 0.123 0.01 0.717 0.012 0.018 0.102
0.019 0.012 0.019 0.002 0 0 0.002 0.002 0.032 0.007 0.001 0.002 0.131 0.008 0 0.001 0.002 0.012 0.151 0 0.487 0.048 0.138 0.001 0.037 0.014 0.181 0.001 0.006 0.006 0 0.039 0.064 0.009 0 0.015 0 0.047 0.082 0.008 0.074 0.275 0.659 0.008 0.033 0.299 0.156 0.061 0.008 0.818 0.672 0.01 0.62 0.78 0.011 0.832 1 0.009 0.116 0.053 0.717 0.847 0.021 0.009 0.004 0.414 0.018 0.777 0.802 0.021 0.082 0.014 0.133 0.008 0.82 0.01 0.015 0.123
0.009 0.013 0.012 0.002 0.003 0.081 0.128 0.002 0.004 0.001 0.002 0.001 0 0.001 0.015 0.016 0.003 0.001 0.002 0.013 0.003 0.004 0.009 0.004 0.006 0.001 0.002 0.202 0.123 0.108 0.005 0.03 0.023 0.001 0.112 0.005 0.357 0 0.022 0 0.003 0.029 0.006 0.001 0.345 0.006 0.012 0.007 0.001 0.053 0.007 0.447 0.006 0.008 0.001 0.05 0.009 1 0.001 0.001 0.06 0.008 0 0.001 0.738 0.004 0.001 0.008 0.048 0 0.001 0.001 0.001 0.001 0.008 0.001 0.001 0.001
0.035 0.045 0.044 0.015 0.007 0.004 0.003 0.005 0.029 0.001 0.004 0.002 0.026 0.001 0.004 0.003 0.006 0.002 0.003 0.017 0.186 0.016 0.051 0.009 0.027 0.002 0.003 0.004 0.001 0.001 0.01 0.028 0.035 0.001 0.001 0.009 0.002 0.008 0.039 0.002 0.01 0.067 0.182 0.001 0.003 0.068 0.02 0.003 0.001 0.115 0.18 0.002 0.195 0.154 0.001 0.109 0.116 0.001 1 0.003 0.123 0.136 0.003 0.001 0.001 0.005 0.002 0.147 0.093 0.003 0.002 0.002 0.323 0.001 0.12 0.001 0.002 0.001
0.008 0.006 0.006 0.011 0.003 0.001 0 0.001 0.008 0 0.001 0.001 0.249 0.001 0.008 0.008 0.003 0.001 0.001 0.009 0.047 0.004 0.013 0.004 0.014 0.001 0.001 0.002 0.001 0.001 0.006 0.011 0.016 0.001 0.001 0.003 0.001 0.002 0.018 0.001 0.005 0.022 0.054 0.001 0.002 0.017 0.011 0.001 0.001 0.029 0.05 0 0.062 0.048 0.001 0.059 0.053 0.001 0.003 1 0.052 0.059 0.001 0.001 0.001 0.004 0.001 0.049 0.037 0.001 0.115 0.001 0 0.001 0.059 0.001 0.001 0.354
0.04 0.033 0.043 0 0 0.007 0.028 0.002 0.019 0.007 0 0.002 0.075 0.009 0.004 0.002 0.002 0.012 0.083 0.001 0.323 0.04 0.083 0.001 0.018 0.014 0.082 0.018 0.003 0.002 0.004 0.01 0.024 0.009 0.014 0.013 0.056 0.033 0.034 0.002 0.075 0.264 0.446 0.004 0.152 0.268 0.159 0.063 0.008 0.823 0.489 0.111 0.525 0.591 0.011 0.836 0.717 0.06 0.123 0.052 1 0.662 0.021 0.009 0.064 0.232 0.018 0.664 0.774 0.021 0.08 0.015 0.139 0.008 0.68 0.011 0.016 0.12
0.007 0.003 0.006 0.012 0.012 0 0.003 0.031 0.064 0.006 0.027 0.015 0.145 0.008 0.007 0.01 0.005 0.011 0.161 0.008 0.513 0.032 0.177 0.019 0.066 0.012 0.167 0 0.005 0.005 0.01 0.067 0.097 0.008 0 0.012 0 0.042 0.117 0.001 0.067 0.307 0.576 0.007 0.036 0.318 0.141 0.05 0.007 0.738 0.75 0.004 0.726 0.69 0.01 0.754 0.847 0.008 0.136 0.059 0.662 1 0.019 0.008 0.004 0.43 0.016 0.86 0.683 0.019 0.09 0.013 0.155 0.007 0.753 0.009 0.014 0.136
0.015 0.011 0.011 0.029 0.009 0 0.003 0.004 0.023 0.001 0.003 0.003 0.003 0.006 0.008 0.009 0.006 0.002 0.004 0.002 0.013 0.073 0.017 0.01 0.017 0.003 0.004 0 0.002 0.002 0.014 0.022 0.028 0.002 0.002 0.01 0.003 0.009 0.032 0.235 0.002 0.032 0.014 0 0.004 0.026 0.012 0.077 0.001 0.023 0.015 0.003 0.014 0.015 0.002 0.025 0.021 0 0.003 0.001 0.021 0.019 1 0.002 0.001 0.009 0.003 0.018 0.022 0.947 0.002 0.003 0.003 0.001 0.018 0.002 0.087 0.003
0.012 0.011 0.011 0.021 0.005 0.002 0.002 0.003 0.017 0.533 0.003 0.001 0.001 0.001 0.007 0.007 0.004 0.001 0.002 0.009 0.006 0 0.004 0.005 0.014 0.134 0.002 0.002 0.001 0.001 0.006 0.015 0.02 0.001 0.001 0.005 0.001 0.005 0.017 0.001 0.006 0.016 0.006 0.001 0.002 0 0.012 0.042 0.001 0.01 0.007 0.001 0.006 0.008 0.001 0.011 0.009 0.001 0.001 0.001 0.009 0.008 0.002 1 0.001 0.004 0.001 0.008 0.01 0.002 0.001 0.001 0.001 0.001 0.008 0.001 0.001 0.001
0.016 0.021 0.02 0.004 0.003 0.105 0.163 0.002 0.009 0 0.001 0 0 0.001 0.024 0.025 0.002 0.001 0.002 0.021 0.003 0.007 0.012 0.004 0.012 0.001 0.002 0.205 0.148 0.13 0.004 0.034 0.021 0.001 0.126 0.005 0.338 0 0.02 0.001 0.005 0.033 0.002 0.001 0.304 0.004 0.01 0.011 0.001 0.058 0.003 0.395 0.002 0.003 0.001 0.055 0.004 0.738 0.001 0.001 0.064 0.004 0.001 0.001 1 0.003 0.001 0.004 0.051 0.001 0.001 0.001 0 0.001 0.003 0.001 0.001 0.001
0.004 0.015 0.01 0.039 0.005 0.01 0.007 0.016 0.041 0.003 0.014 0.007 0.008 0.004 0.012 0.014 0 0.005 0.365 0.005 0.251 0.005 0.118 0.005 0.045 0.005 0.425 0.012 0.004 0.003 0 0.049 0.057 0.004 0.003 0.002 0.007 0.017 0.067 0.002 0.032 0.125 0.272 0.003 0.005 0.135 0.067 0.041 0.003 0.352 0.394 0.006 0.316 0.385 0.005 0.359 0.414 0.004 0.005 0.004 0.232 0.43 0.009 0.004 0.003 1 0.008 0.365 0.403 0.009 0.004 0.006 0.004 0.004 0.318 0.004 0.007 0.001
0.007 0.018 0.018 0.047 0.007 0.005 0.003 0.003 0.059 0.001 0.002 0.003 0.003 0.001 0.01 0.013 0.004 0.002 0.004 0.016 0.011 0.013 0.031 0.007 0.003 0.19 0.004 0.005 0.001 0.002 0.009 0.003 0.001 0.001 0.002 0.007 0.003 0.005 0.047 0.001 0.192 0.025 0.012 0.001 0.003 0.03 0.115 0.02 0.001 0.02 0.013 0.003 0.012 0.015 0 0.021 0.018 0.001 0.002 0.001 0.018 0.016 0.003 0.001 0.001 0.008 1 0.016 0.019 0.003 0.001 0.002 0.003 0.001 0.015 0.002 0.003 0.002
0.014 0.009 0.015 0.003 0.004 0 0.003 0.03 0.041 0.006 0.026 0.015 0.075 0.008 0.002 0.004 0.004 0.001 0.156 0.004 0.451 0.033 0.147 0.009 0.048 0.012 0.179 0 0.005 0.005 0.013 0.05 0.076 0.008 0 0.011 0 0.041 0.093 0.001 0.066 0.27 0.494 0.007 0.04 0.253 0.139 0.049 0.007 0.674 0.669 0.004 0.612 0.616 0.01 0.691 0.777 0.008 0.147 0.049 0.664 0.86 0.018 0.008 0.004 0.365 0.016 1 0.62 0.019 0.091 0.013 0.166 0.007 0.769 0.009 0.014 0.124
0.019 0.014 0.02 0.002 0 0.001 0.009 0.003 0.028 0.007 0.001 0.001 0.114 0.009 0 0 0.001 0.013 0.141 0 0.442 0.048 0.107 0.002 0.032 0.015 0.169 0.005 0.001 0.001 0 0.021 0.043 0.009 0.002 0.018 0.026 0.039 0.057 0.009 0.078 0.291 0.578 0.008 0.098 0.255 0.166 0.075 0.008 0.856 0.588 0.064 0.54 0.69 0.011 0.868 0.802 0.048 0.093 0.037 0.774 0.683 0.022 0.01 0.051 0.403 0.019 0.62 1 0.022 0.077 0.015 0.139 0.009 0.643 0.011 0.011 0.101
0.015 0.011 0.012 0.033 0.009 0 0.003 0.004 0.026 0.001 0.003 0.003 0.003 0.006 0.009 0.009 0.006 0.002 0.004 0.003 0.013 0.081 0.021 0.01 0.02 0.003 0.004 0 0.002 0.002 0.014 0.025 0.031 0.002 0.002 0.009 0.003 0.009 0.036 0.255 0.003 0.032 0.014 0 0.004 0.027 0.015 0.084 0.001 0.024 0.015 0.003 0.014 0.016 0.002 0.025 0.021 0 0.003 0.001 0.021 0.019 0.947 0.002 0.001 0.009 0.003 0.019 0.022 1 0.002 0.003 0.003 0.001 0.018 0.002 0.096 0.003
0.001 0.003 0.003 0 0.003 0.001 0.001 0.001 0.013 0.001 0.001 0.001 0.071 0.001 0.009 0.01 0.004 0.001 0.002 0.011 0.091 0.006 0.029 0.006 0.015 0.001 0.002 0.003 0.001 0.001 0.006 0.015 0.017 0.001 0.001 0.004 0.002 0.003 0.021 0.001 0.006 0.034 0.081 0.001 0.002 0.027 0.013 0.011 0.001 0.061 0.096 0 0.113 0.087 0.001 0.068 0.082 0.001 0.002 0.115 0.08 0.09 0.002 0.001 0.001 0.004 0.001 0.091 0.077 0.002 1 0.001 0.001 0.001 0.092 0.001 0.001 0.574
0.008 0.006 0.006 0.012 0.002 0.002 0.003 0 0.016 0.001 0 0.002 0.002 0 0.006 0.006 0 0.002 0.002 0.005 0.001 0.003 0.004 0.009 0.021 0.002 0.003 0.002 0.001 0.001 0.01 0.021 0.013 0.474 0.001 0.009 0.002 0.008 0.011 0.002 0.087 0.029 0.01 0.001 0.003 0.025 0.033 0.016 0.001 0.017 0.01 0.002 0.01 0.012 0.001 0.018 0.014 0.001 0.002 0.001 0.015 0.013 0.003 0.001 0.001 0.006 0.002 0.013 0.015 0.003 0.001 1 0.002 0.001 0.012 0.001 0.002 0.002
0.023 0.023 0.03 0.005 0.001 0 0 0.006 0.013 0.001 0.005 0.002 0.048 0.001 0 0 0.003 0.002 0.004 0.005 0.136 0.017 0.029 0.005 0.016 0.002 0.004 0.001 0 0 0.006 0.017 0.028 0.001 0.001 0.005 0.001 0.009 0.032 0.002 0.011 0.074 0.169 0.001 0 0.059 0.023 0 0.001 0.13 0.169 0.001 0.183 0.143 0.002 0.123 0.133 0.001 0.323 0 0.139 0.155 0.003 0.001 0 0.004 0.003 0.166 0.139 0.003 0.001 0.002 1 0.001 0.145 0.002 0.002 0.001
0.004 0.01 0.01 0.021 0.005 0.002 0.001 0.003 0.027 0 0.002 0.001 0.001 0.001 0.009 0.005 0.003 0.001 0 0.009 0.002 0.009 0.013 0.005 0.032 0.001 0 0.002 0.001 0.001 0.006 0.039 0.03 0.001 0.001 0.005 0.001 0.004 0.027 0.001 0.11 0.016 0.006 0.001 0.002 0.008 0.052 0.011 0.001 0.009 0.006 0.001 0.006 0.007 0.001 0.01 0.008 0.001 0.001 0.001 0.008 0.007 0.001 0.001 0.001 0.004 0.001 0.007 0.009 0.001 0.001 0.001 0.001 1 0.007 0.001 0.001 0.001
0.007 0.009 0.014 0.002 0 0.003 0 0.003 0.034 0.006 0.002 0 0.086 0.007 0.001 0.002 0.002 0.01 0.175 0.007 0.47 0.047 0.132 0.001 0.041 0.012 0.208 0.005 0.005 0.005 0.003 0.043 0.067 0.007 0.001 0.009 0.002 0.039 0.083 0.001 0.063 0.254 0.61 0.007 0.019 0.261 0.134 0.047 0.007 0.7 0.619 0 0.562 0.7 0.009 0.717 0.82 0.008 0.12 0.059 0.68 0.753 0.018 0.008 0.003 0.318 0.015 0.769 0.643 0.018 0.092 0.012 0.145 0.007 1 0.009 0.013 0.14
0.009 0.013 0.013 0.01 0 0.066 0.061 0.003 0.014 0.001 0.003 0.001 0.002 0.008 0.033 0.031 0.004 0.001 0.002 0.035 0.007 0 0.004 0.002 0.003 0.001 0.002 0.061 0.068 0.059 0.007 0.001 0 0.001 0.128 0.006 0.062 0.005 0 0.001 0.001 0 0.007 0.001 0.002 0.018 0.006 0.003 0.744 0.012 0.008 0.001 0.007 0.009 0.727 0.012 0.01 0.001 0.001 0.001 0.011 0.009 0.002 0.001 0.001 0.004 0.002 0.009 0.011 0.002 0.001 0.001 0.002 0.001 0.009 1 0.037 0.001
0.004 0.002 0.003 0.004 0.002 0 0.001 0.004 0.002 0.001 0.003 0.002 0.002 0.004 0.001 0.001 0.005 0.002 0.003 0 0.006 0.019 0.001 0.002 0.002 0.002 0.003 0 0 0 0.009 0.005 0.004 0.001 0.001 0.002 0.002 0.002 0.006 0.033 0 0.015 0.01 0.003 0.003 0.019 0 0.024 0.006 0.017 0.011 0.002 0.01 0.013 0.07 0.018 0.015 0.001 0.002 0.001 0.016 0.014 0.087 0.001 0.001 0.007 0.003 0.014 0.011 0.096 0.001 0.002 0.002 0.001 0.013 0.037 1 0.002
0 0 0 0.002 0.006 0.002 0.001 0.003 0.019 0.001 0.002 0.002 0.152 0.001 0.015 0.015 0.006 0.001 0.003 0.016 0.11 0.006 0.036 0.008 0.024 0.002 0.003 0.004 0.001 0.001 0.01 0.02 0.028 0.001 0.001 0.006 0.002 0.005 0.033 0.002 0.009 0.034 0.098 0.001 0.003 0.041 0.019 0.006 0.001 0.067 0.11 0.001 0.128 0.099 0.001 0.102 0.123 0.001 0.001 0.354 0.12 0.136 0.003 0.001 0.001 0.001 0.002 0.124 0.101 0.003 0.574 0.002 0.001 0.001 0.14 0.001 0.002 1
