1 0.827 0.816 0.496 0.37 0.162 0.103 0.239 0.336 0.016 0.204 0.1 0.025 0.047 0.513 0.51 0.235 0.068 0.032 0.524 0.004 0.184 0.159 0.313 0.326 0.012 0.039 0.142 0.049 0.05 0.269 0.271 0.165 0 0.03 0.027 0.054 0.014 0.161 0.034 0.001 0.041 0.004 0.017 0.07 0.03 0.008 0.127 0.014 0.031 0.005 0.053 0.004 0.002 0.009 0.019 0.005 0.016 0.039 0.021 0.016 0 0.015 0.012 0.003 0.02 0.006 0 0.012 0.02 0.011 0.002 0.048 0.003 0.003 0.012 0.006 0.012
0.827 1 0.945 0.468 0.416 0.194 0.124 0.285 0.3 0.013 0.243 0.119 0.021 0.056 0.603 0.597 0.255 0.081 0.027 0.605 0.001 0.165 0.139 0.356 0.317 0.031 0.033 0.171 0.058 0.059 0.308 0.258 0.155 0 0.037 0.031 0.067 0.022 0.133 0.028 0.02 0.054 0.007 0.017 0.064 0.037 0.001 0.094 0.018 0.035 0.004 0.066 0.003 0.004 0.013 0.023 0.006 0.021 0.048 0.017 0.017 0.001 0.01 0.01 0.005 0.022 0.028 0 0.021 0.015 0.009 0.003 0.056 0.008 0.004 0.016 0.003 0.009
0.816 0.945 1 0.493 0.439 0.196 0.125 0.278 0.319 0.013 0.236 0.12 0.02 0.057 0.627 0.62 0.275 0.082 0.027 0.632 0.001 0.16 0.134 0.378 0.341 0.03 0.033 0.173 0.059 0.06 0.328 0.278 0.171 0 0.037 0.038 0.067 0.02 0.149 0.028 0.018 0.062 0.007 0.017 0.086 0.043 0.001 0.093 0.018 0.045 0.004 0.066 0.003 0.004 0.013 0.031 0.01 0.021 0.049 0.017 0.024 0 0.01 0.009 0.005 0.015 0.028 0.001 0.026 0.014 0.009 0.003 0.06 0.008 0.007 0.016 0.003 0.009
0.496 0.468 0.493 1 0.23 0.095 0.058 0.145 0.795 0.026 0.124 0.061 0.041 0.028 0.346 0.371 0.152 0.047 0.054 0.35 0.021 0.335 0.362 0.243 0.635 0 0.041 0.08 0.029 0.03 0.191 0.546 0.336 0.014 0.017 0.004 0.03 0.001 0.42 0.055 0.193 0.001 0.002 0.036 0.039 0 0.176 0.248 0.009 0.001 0.029 0.029 0.028 0.004 0.004 0 0.001 0.007 0.021 0.017 0 0.017 0.033 0.022 0.005 0.024 0.049 0.006 0 0.044 0.014 0.021 0.023 0.01 0.002 0.004 0.006 0.014
0.37 0.416 0.439 0.23 1 0.024 0.016 0.494 0.29 0.007 0.455 0.208 0.01 0.007 0.481 0.477 0.522 0.166 0.013 0.471 0.034 0.09 0.149 0.76 0.271 0.015 0.016 0.024 0.007 0.007 0.655 0.24 0.18 0 0.006 0.131 0.012 0.084 0.157 0.014 0.036 0.018 0.002 0.01 0 0.079 0.013 0.08 0 0 0.023 0.004 0.022 0.001 0.001 0 0.001 0.007 0 0.009 0 0.012 0.009 0.007 0.006 0.007 0.014 0.007 0 0.012 0.007 0 0 0.004 0.001 0.002 0.008 0.009
0.162 0.194 0.196 0.095 0.024 1 0.648 0.014 0.109 0.003 0.012 0.006 0.004 0.289 0.204 0.189 0.014 0.004 0.005 0.203 0.013 0.028 0.05 0.025 0.119 0.006 0.006 0.913 0.303 0.306 0.025 0.083 0.049 0 0.204 0.022 0.38 0.019 0.044 0.005 0.012 0.008 0.018 0.004 0.248 0.032 0.001 0.025 0.053 0.017 0.016 0.304 0.016 0.022 0.03 0.012 0.005 0.143 0.003 0.002 0.005 0.002 0.006 0.003 0.061 0.008 0.005 0.003 0.003 0.008 0.002 0.002 0 0.002 0.007 0.034 0.006 0.003
0.103 0.124 0.125 0.058 0.016 0.648 1 0.009 0.071 0.002 0.008 0.004 0.001 0.002 0.134 0.124 0.01 0.003 0.004 0.132 0.009 0.019 0.034 0.017 0.075 0.004 0.004 0.592 0.448 0.453 0.017 0.042 0.02 0.001 0.305 0.015 0.568 0.013 0.018 0.004 0.014 0.043 0.012 0.003 0.379 0.017 0.032 0.01 0.023 0.048 0.01 0.457 0.01 0.014 0.012 0.043 0.001 0.216 0.002 0 0.02 0 0.005 0.002 0.096 0.005 0.003 0 0.015 0.006 0.001 0.001 0 0.001 0.002 0.015 0.001 0.001
0.239 0.285 0.278 0.145 0.494 0.014 0.009 1 0.166 0.004 0.853 0.418 0.006 0.004 0.307 0.285 0.786 0.006 0.008 0.311 0.019 0.052 0.085 0.499 0.194 0.009 0.009 0.014 0.004 0.004 0.459 0.178 0.129 0.002 0.004 0.21 0.007 0.207 0.122 0.008 0.017 0.042 0.011 0.006 0.006 0.179 0.079 0.064 0.003 0 0.026 0.001 0.026 0.006 0.005 0 0 0.004 0.005 0.005 0.001 0.03 0.003 0.004 0.003 0.014 0.007 0.03 0 0.004 0.004 0 0.006 0.002 0 0.004 0.009 0.005
0.336 0.3 0.319 0.795 0.29 0.109 0.071 0.166 1 0.023 0.142 0.07 0.035 0.033 0.436 0.452 0.174 0.054 0.04 0.426 0.107 0.287 0.473 0.292 0.749 0 0.029 0.097 0.034 0.035 0.239 0.666 0.436 0.016 0.02 0.013 0.035 0.006 0.537 0.048 0.224 0.001 0.021 0.036 0.046 0.001 0.228 0.298 0.011 0.004 0.091 0.034 0.091 0.032 0.005 0.006 0.017 0.009 0.009 0.014 0.008 0.056 0.046 0.025 0.008 0.023 0.058 0.038 0.006 0.056 0.015 0.024 0.005 0.012 0.017 0.006 0.004 0.02
0.016 0.013 0.013 0.026 0.007 0.003 0.002 0.004 0.023 1 0.003 0.002 0.001 0.001 0.011 0.009 0.004 0.001 0.001 0.012 0.004 0.004 0.009 0.007 0.019 0.112 0.002 0.003 0.001 0.001 0.007 0.019 0.015 0 0.001 0.001 0.001 0.001 0.014 0.004 0.006 0.01 0.006 0.002 0.002 0 0.011 0.021 0.001 0.009 0.005 0.001 0.005 0.007 0.001 0.009 0.007 0.001 0.001 0.001 0.007 0.005 0.002 0.337 0.001 0.003 0.002 0.005 0.008 0.002 0.001 0.001 0.001 0 0.006 0.001 0.002 0.001
0.204 0.243 0.236 0.124 0.455 0.012 0.008 0.853 0.142 0.003 1 0.49 0.005 0.003 0.262 0.243 0.668 0.006 0.007 0.266 0.016 0.044 0.073 0.421 0.166 0.007 0.008 0.012 0.004 0.004 0.382 0.149 0.106 0.002 0.003 0.142 0.006 0.133 0.102 0.007 0.013 0.023 0.018 0.005 0.005 0.14 0.05 0.061 0.003 0.003 0.022 0 0.022 0.012 0.004 0.002 0.001 0.003 0.004 0.004 0.003 0.025 0.002 0.004 0.003 0.012 0.005 0.025 0.002 0.003 0.003 0 0.006 0.001 0.002 0.003 0.008 0.004
0.1 0.119 0.12 0.061 0.208 0.006 0.004 0.418 0.07 0.002 0.49 1 0.002 0.002 0.129 0.12 0.396 0.003 0.003 0.131 0.008 0.022 0.036 0.193 0.082 0.004 0.004 0.006 0.002 0.002 0.193 0.084 0.057 0.009 0.001 0.033 0.003 0.018 0.059 0.003 0.003 0.002 0.033 0.002 0.002 0.052 0.01 0.033 0.001 0.018 0.011 0.001 0.011 0.027 0.002 0.013 0.006 0.002 0.002 0.002 0.01 0.013 0.004 0.002 0.001 0.005 0.004 0.012 0.009 0.005 0.002 0.004 0.003 0.001 0.006 0.001 0.004 0.002
0.025 0.021 0.02 0.041 0.01 0.004 0.001 0.006 0.035 0.001 0.005 0.002 1 0.001 0.018 0.018 0.006 0.002 0.002 0.017 0.148 0.015 0.023 0.011 0.03 0.003 0.003 0.004 0.001 0.001 0.01 0.027 0.035 0.001 0 0.009 0.001 0.008 0.039 0.002 0.009 0.064 0.063 0.002 0.001 0.017 0.02 0.001 0.001 0.054 0.098 0.001 0.093 0.054 0.001 0.11 0.062 0 0.002 0.457 0.059 0.085 0.003 0.001 0 0.002 0.003 0.061 0.051 0.004 0.311 0.001 0 0.001 0.052 0.001 0.003 0.25
0.047 0.056 0.057 0.028 0.007 0.289 0.002 0.004 0.033 0.001 0.003 0.002 0.001 1 0.061 0.056 0.004 0.001 0.002 0.062 0.004 0.01 0.017 0.007 0.038 0.002 0.002 0.282 0.001 0.001 0.007 0.039 0.031 0.001 0.001 0.006 0.001 0.005 0.028 0.002 0.133 0.018 0.006 0.001 0.002 0.014 0.038 0.016 0.031 0.009 0.005 0.001 0.005 0.007 0.018 0.011 0.008 0.001 0.001 0.001 0.008 0.006 0.001 0.001 0.001 0.003 0.002 0.006 0.009 0.002 0.001 0 0.001 0.001 0.007 0.019 0.006 0.001
0.513 0.603 0.627 0.346 0.481 0.204 0.134 0.307 0.436 0.011 0.262 0.129 0.018 0.061 1 0.901 0.324 0.099 0.019 0.848 0.056 0.123 0.215 0.537 0.49 0.026 0.011 0.192 0.063 0.064 0.421 0.384 0.277 0 0.046 0.06 0.079 0.038 0.252 0.026 0.012 0.029 0.003 0.013 0.099 0.022 0.006 0.109 0.02 0.007 0.053 0.077 0.052 0.007 0.015 0.003 0.002 0.028 0.016 0.016 0.004 0.031 0.01 0.012 0.025 0.003 0.025 0.016 0.001 0.014 0.012 0.002 0.007 0.007 0.001 0.019 0 0.016
0.51 0.597 0.62 0.371 0.477 0.189 0.124 0.285 0.452 0.009 0.243 0.12 0.018 0.056 0.901 1 0.301 0.09 0.021 0.799 0.059 0.134 0.231 0.523 0.473 0.021 0.013 0.178 0.059 0.06 0.424 0.364 0.257 0 0.046 0.061 0.076 0.039 0.238 0.028 0.012 0.033 0.002 0.014 0.095 0.017 0.006 0.107 0.018 0.007 0.047 0.075 0.046 0.006 0.013 0.003 0.001 0.028 0.002 0.018 0.001 0.027 0.012 0.01 0.026 0.005 0.025 0.014 0.001 0.016 0.013 0.001 0.002 0.007 0.001 0.016 0 0.018
0.235 0.255 0.275 0.152 0.522 0.014 0.01 0.786 0.174 0.004 0.668 0.396 0.006 0.004 0.324 0.301 1 0.007 0.008 0.33 0.021 0.055 0.091 0.504 0.206 0.009 0.01 0.015 0.004 0.004 0.464 0.189 0.138 0.001 0.004 0.219 0.007 0.139 0.13 0.008 0.013 0.043 0.008 0.006 0.005 0.179 0.052 0.06 0.003 0.008 0.028 0.001 0.028 0.006 0.005 0.006 0.007 0.004 0.005 0.006 0.009 0.012 0.003 0.004 0.003 0.001 0.007 0.008 0.006 0.005 0.004 0 0.006 0.002 0.009 0.004 0.01 0.006
0.068 0.081 0.082 0.047 0.166 0.004 0.003 0.006 0.054 0.001 0.006 0.003 0.002 0.001 0.099 0.09 0.007 1 0.003 0.101 0.006 0.017 0.028 0.173 0.063 0.003 0.003 0.004 0.001 0.001 0.173 0.065 0.051 0.001 0.001 0.01 0.002 0.009 0.045 0.003 0.01 0.03 0.01 0.002 0.003 0.022 0.017 0.004 0.018 0.015 0.009 0.002 0.009 0.011 0.01 0.017 0.013 0.001 0.002 0.002 0.014 0.01 0.003 0.001 0.001 0.005 0.003 0.005 0.014 0.004 0.001 0.001 0.002 0.001 0.012 0.01 0.003 0.002
0.032 0.027 0.027 0.054 0.013 0.005 0.004 0.008 0.04 0.001 0.007 0.003 0.002 0.002 0.019 0.021 0.008 0.003 1 0.025 0.394 0.02 0.09 0.014 0.039 0.003 0.815 0.005 0.002 0.002 0.014 0.03 0.028 0.001 0.001 0.011 0.003 0.009 0.043 0.003 0.006 0.072 0.22 0.002 0.003 0.045 0.017 0.022 0.001 0.138 0.234 0.003 0.223 0.184 0.002 0.12 0.164 0.001 0.002 0.001 0.089 0.188 0.004 0.002 0.001 0.4 0.003 0.178 0.147 0.005 0 0.001 0.003 0.003 0.174 0.002 0.004 0.001
0.524 0.605 0.632 0.35 0.471 0.203 0.132 0.311 0.426 0.012 0.266 0.131 0.017 0.062 0.848 0.799 0.33 0.101 0.025 1 0.053 0.127 0.216 0.554 0.516 0.028 0.01 0.188 0.064 0.065 0.45 0.389 0.262 0 0.04 0.051 0.073 0.03 0.236 0.006 0.012 0.021 0.004 0.019 0.094 0.018 0.005 0.103 0.021 0.006 0.054 0.072 0.054 0.008 0.016 0.002 0.002 0.023 0.016 0.018 0.001 0.033 0.005 0.013 0.021 0.002 0.026 0.021 0 0.009 0.013 0.002 0.011 0.007 0.002 0.019 0.001 0.018
0.004 0.001 0.001 0.021 0.034 0.013 0.009 0.019 0.107 0.004 0.016 0.008 0.148 0.004 0.056 0.059 0.021 0.006 0.394 0.053 1 0.051 0.228 0.037 0.095 0.008 0.363 0.014 0.004 0.004 0.035 0.084 0.095 0.002 0.001 0.03 0.004 0.025 0.12 0.008 0.023 0.191 0.492 0.003 0.005 0.13 0.052 0.027 0.003 0.375 0.631 0.004 0.607 0.458 0.005 0.327 0.424 0.001 0.133 0.042 0.311 0.492 0.01 0.004 0.001 0.208 0.009 0.45 0.388 0.012 0.111 0.003 0.131 0 0.385 0.004 0.009 0.101
0.184 0.165 0.16 0.335 0.09 0.028 0.019 0.052 0.287 0.004 0.044 0.022 0.015 0.01 0.123 0.134 0.055 0.017 0.02 0.127 0.051 1 0.476 0.097 0.247 0.021 0.02 0.036 0.01 0.011 0.063 0.202 0.052 0.005 0.009 0.031 0.018 0.032 0.072 0.107 0.07 0.012 0.06 0.1 0.021 0.016 0.02 0.202 0.001 0.063 0.023 0.017 0.021 0.038 0.001 0.072 0.046 0.007 0.013 0.008 0.045 0.027 0.084 0 0.007 0.007 0.019 0.031 0.057 0.112 0.005 0.007 0.017 0.007 0.04 0.001 0.035 0.003
0.159 0.139 0.134 0.362 0.149 0.05 0.034 0.085 0.473 0.009 0.073 0.036 0.023 0.017 0.215 0.231 0.091 0.028 0.09 0.216 0.228 0.476 1 0.161 0.412 0.035 0.08 0.059 0.017 0.018 0.117 0.343 0.155 0.008 0.011 0.003 0.025 0.005 0.206 0.041 0.111 0.059 0.089 0.065 0.031 0.031 0.071 0.063 0.003 0.053 0.2 0.024 0.195 0.106 0 0.035 0.084 0.009 0.022 0.004 0.052 0.138 0.016 0.003 0.01 0.068 0.033 0.115 0.053 0.028 0.026 0.012 0.017 0.005 0.08 0 0.005 0.028
0.313 0.356 0.378 0.243 0.76 0.025 0.017 0.499 0.292 0.007 0.421 0.193 0.011 0.007 0.537 0.523 0.504 0.173 0.014 0.554 0.037 0.097 0.161 1 0.347 0.016 0.006 0.026 0.008 0.008 0.818 0.282 0.205 0.004 0.007 0.161 0.013 0.111 0.188 0.015 0.05 0.018 0.001 0.011 0 0.091 0.014 0.083 0 0 0.035 0.005 0.034 0 0.001 0.001 0 0.007 0.009 0.01 0 0.032 0.01 0.008 0 0 0.015 0.014 0 0.013 0.008 0.006 0.011 0.004 0 0.001 0.009 0.011
0.326 0.317 0.341 0.635 0.271 0.119 0.075 0.194 0.749 0.019 0.166 0.082 0.03 0.038 0.49 0.473 0.206 0.063 0.039 0.516 0.095 0.247 0.412 0.347 1 0.044 0.03 0.115 0.04 0.041 0.3 0.795 0.578 0.011 0.024 0.019 0.043 0.01 0.523 0.035 0.135 0.001 0.03 0.026 0.056 0 0.17 0.235 0.013 0.005 0.113 0.042 0.11 0.034 0.003 0.008 0.028 0.012 0.025 0.021 0.007 0.079 0.033 0.02 0.011 0.02 0.003 0.057 0.012 0.041 0.014 0.021 0.022 0.015 0.029 0.003 0.002 0.029
0.012 0.031 0.03 0 0.015 0.006 0.004 0.009 0 0.112 0.007 0.004 0.003 0.002 0.026 0.021 0.009 0.003 0.003 0.028 0.008 0.021 0.035 0.016 0.044 1 0.004 0.006 0.002 0.002 0.016 0.043 0.055 0.001 0.002 0.014 0.003 0.012 0 0.003 0.043 0.038 0.013 0.001 0.004 0.012 0.009 0 0.001 0.018 0.01 0.003 0.01 0.013 0.002 0.021 0.015 0.002 0.002 0.002 0.016 0.011 0.005 0.16 0.001 0.005 0.145 0.012 0.017 0.005 0.002 0 0.003 0.001 0.014 0.002 0.004 0.002
0.039 0.033 0.033 0.041 0.016 0.006 0.004 0.009 0.029 0.002 0.008 0.004 0.003 0.002 0.011 0.013 0.01 0.003 0.815 0.01 0.363 0.02 0.08 0.006 0.03 0.004 1 0.007 0.002 0.002 0.018 0.039 0.038 0.001 0.002 0.014 0.003 0.011 0.055 0.004 0.008 0.082 0.26 0.003 0.004 0.036 0.023 0.024 0.001 0.162 0.279 0.003 0.261 0.217 0.002 0.141 0.194 0.002 0.002 0.001 0.095 0.168 0.005 0.002 0.002 0.477 0.004 0.191 0.173 0.006 0.001 0.001 0.003 0.002 0.206 0.002 0.004 0.001
0.142 0.171 0.173 0.08 0.024 0.913 0.592 0.014 0.097 0.003 0.012 0.006 0.004 0.282 0.192 0.178 0.015 0.004 0.005 0.188 0.014 0.036 0.059 0.026 0.115 0.006 0.007 1 0.299 0.302 0.026 0.091 0.059 0 0.226 0.022 0.465 0.013 0.054 0.006 0.011 0.013 0.019 0.004 0.311 0.029 0.002 0.032 0.052 0.026 0.017 0.38 0.016 0.022 0.029 0.018 0.006 0.218 0.003 0.004 0.009 0.003 0.007 0.003 0.111 0.008 0.005 0.004 0.006 0.008 0.003 0.002 0 0.002 0.009 0.033 0.006 0.004
0.049 0.058 0.059 0.029 0.007 0.303 0.448 0.004 0.034 0.001 0.004 0.002 0.001 0.001 0.063 0.059 0.004 0.001 0.002 0.064 0.004 0.01 0.017 0.008 0.04 0.002 0.002 0.299 1 0.99 0.008 0.007 0.004 0 0.007 0.007 0.248 0.006 0.003 0.001 0.006 0.008 0.006 0.001 0.121 0.015 0.014 0.002 0 0.011 0.006 0.147 0.006 0.007 0 0.009 0.003 0.035 0.001 0.001 0 0.002 0.002 0.001 0.042 0.003 0.002 0.002 0 0.002 0.001 0.001 0.001 0.001 0.003 0 0.011 0.001
0.05 0.059 0.06 0.03 0.007 0.306 0.453 0.004 0.035 0.001 0.004 0.002 0.001 0.001 0.064 0.06 0.004 0.001 0.002 0.065 0.004 0.011 0.018 0.008 0.041 0.002 0.002 0.302 0.99 1 0.008 0.007 0.004 0 0.007 0.007 0.25 0.006 0.003 0.002 0.006 0.008 0.006 0.001 0.122 0.014 0.014 0.002 0 0.012 0.006 0.149 0.006 0.007 0 0.009 0.003 0.035 0.001 0.001 0 0.002 0.002 0.001 0.042 0.003 0.002 0.002 0 0.003 0.001 0.001 0.001 0.001 0.003 0 0.011 0.001
0.269 0.308 0.328 0.191 0.655 0.025 0.017 0.459 0.239 0.007 0.382 0.193 0.01 0.007 0.421 0.424 0.464 0.173 0.014 0.45 0.035 0.063 0.117 0.818 0.3 0.016 0.018 0.026 0.008 0.008 1 0.358 0.269 0.004 0.007 0.235 0.013 0.178 0.25 0.015 0.05 0.031 0 0.011 0 0.124 0.036 0.08 0 0.001 0.049 0.005 0.048 0.001 0.001 0.003 0.001 0.007 0.009 0.01 0.001 0.031 0.019 0.008 0 0.003 0.015 0.023 0.002 0.022 0.008 0.006 0.011 0.004 0 0 0.017 0.011
0.271 0.258 0.278 0.546 0.24 0.083 0.042 0.178 0.666 0.019 0.149 0.084 0.027 0.039 0.384 0.364 0.189 0.065 0.03 0.389 0.084 0.202 0.343 0.282 0.795 0.043 0.039 0.091 0.007 0.007 0.358 1 0.724 0.012 0.035 0.042 0.068 0.032 0.663 0.04 0.15 0.001 0.039 0.03 0.082 0.002 0.226 0.267 0.014 0.005 0.131 0.067 0.129 0.043 0.002 0.005 0.029 0.032 0.025 0.012 0.004 0.067 0.051 0.021 0.029 0.031 0.003 0.061 0.008 0.059 0.014 0.022 0.021 0.026 0.031 0.002 0.014 0.018
0.165 0.155 0.171 0.336 0.18 0.049 0.02 0.129 0.436 0.015 0.106 0.057 0.035 0.031 0.277 0.257 0.138 0.051 0.028 0.262 0.095 0.052 0.155 0.205 0.578 0.055 0.038 0.059 0.004 0.004 0.269 0.724 1 0.009 0.021 0.229 0.047 0.214 0.848 0.051 0.1 0.036 0.056 0.038 0.065 0.015 0.321 0.211 0.006 0.015 0.147 0.054 0.143 0.062 0 0.019 0.054 0.025 0.031 0.025 0.013 0.09 0.062 0.025 0.02 0.032 0.001 0.084 0.025 0.073 0.018 0.016 0.031 0.02 0.054 0 0.018 0.034
0 0 0 0.014 0 0 0.001 0.002 0.016 0 0.002 0.009 0.001 0.001 0 0 0.001 0.001 0.001 0 0.002 0.005 0.008 0.004 0.011 0.001 0.001 0 0 0 0.004 0.012 0.009 1 0 0.003 0.001 0.003 0.014 0.001 0.065 0.009 0.003 0.001 0.001 0.007 0.028 0.008 0.002 0.004 0.003 0.001 0.003 0.003 0.001 0.005 0.004 0 0 0.001 0.004 0.003 0.001 0 0 0.002 0.001 0.003 0.004 0.001 0 0.542 0.001 0 0.004 0 0.001 0.001
0.03 0.037 0.037 0.017 0.006 0.204 0.305 0.004 0.02 0.001 0.003 0.001 0 0.001 0.046 0.046 0.004 0.001 0.001 0.04 0.001 0.009 0.011 0.007 0.024 0.002 0.002 0.226 0.007 0.007 0.007 0.035 0.021 0 1 0.006 0.45 0.005 0.025 0.001 0.005 0.038 0.005 0.001 0.217 0.005 0.012 0.014 0.074 0.031 0.005 0.261 0.005 0.006 0.047 0.026 0 0.273 0.001 0.001 0.027 0 0.002 0.001 0.175 0.001 0.002 0 0.021 0.002 0.001 0.001 0.001 0 0 0.049 0.002 0.001
0.027 0.031 0.038 0.004 0.131 0.022 0.015 0.21 0.013 0.001 0.142 0.033 0.009 0.006 0.06 0.061 0.219 0.01 0.011 0.051 0.03 0.031 0.003 0.161 0.019 0.014 0.014 0.022 0.007 0.007 0.235 0.042 0.229 0.003 0.006 1 0.011 0.83 0.197 0.013 0.048 0.308 0.042 0.163 0.001 0.238 0.221 0.011 0.005 0.035 0.038 0.01 0.036 0.047 0.007 0.042 0.025 0.006 0.008 0.008 0.023 0.02 0.015 0.006 0.005 0.003 0.012 0.017 0.033 0.009 0.006 0.005 0.009 0.003 0.021 0.007 0.004 0.008
0.054 0.067 0.067 0.03 0.012 0.38 0.568 0.007 0.035 0.001 0.006 0.003 0.001 0.001 0.079 0.076 0.007 0.002 0.003 0.073 0.004 0.018 0.025 0.013 0.043 0.003 0.003 0.465 0.248 0.25 0.013 0.068 0.047 0.001 0.45 0.011 1 0.004 0.048 0.003 0.01 0.073 0.01 0.002 0.506 0.008 0.023 0.026 0.034 0.077 0.009 0.607 0.009 0.012 0.02 0.062 0.001 0.331 0.002 0.002 0.039 0 0.004 0.001 0.249 0.003 0.002 0 0.031 0.004 0.001 0.001 0 0.001 0.003 0.02 0.003 0.002
0.014 0.022 0.02 0.001 0.084 0.019 0.013 0.207 0.006 0.001 0.133 0.018 0.008 0.005 0.038 0.039 0.139 0.009 0.009 0.03 0.025 0.032 0.005 0.111 0.01 0.012 0.011 0.013 0.006 0.006 0.178 0.032 0.214 0.003 0.005 0.83 0.004 1 0.194 0.011 0.041 0.288 0.04 0.189 0.006 0.195 0.253 0.009 0.004 0.055 0.036 0.004 0.034 0.046 0.006 0.062 0.051 0.001 0.007 0.006 0.041 0.038 0.013 0.005 0 0.021 0.01 0.042 0.051 0.015 0.005 0.004 0.009 0.003 0.047 0.006 0.01 0.006
0.161 0.133 0.149 0.42 0.157 0.044 0.018 0.122 0.537 0.014 0.102 0.059 0.039 0.028 0.252 0.238 0.13 0.045 0.043 0.236 0.12 0.072 0.206 0.188 0.523 0 0.055 0.054 0.003 0.003 0.25 0.663 0.848 0.014 0.025 0.197 0.048 0.194 1 0.057 0.203 0.018 0.077 0.034 0.058 0.005 0.423 0.249 0.008 0.028 0.19 0.048 0.184 0.085 0 0.035 0.076 0.022 0.035 0.029 0.026 0.124 0.07 0.023 0.017 0.053 0.047 0.117 0.041 0.081 0.02 0.02 0.035 0.018 0.076 0 0.022 0.038
0.034 0.028 0.028 0.055 0.014 0.005 0.004 0.008 0.048 0.004 0.007 0.003 0.002 0.002 0.026 0.028 0.008 0.003 0.003 0.006 0.008 0.107 0.041 0.015 0.035 0.003 0.004 0.006 0.001 0.002 0.015 0.04 0.051 0.001 0.001 0.013 0.003 0.011 0.057 1 0.009 0.027 0.007 0.002 0.003 0.017 0.027 0.06 0.001 0.012 0.005 0.003 0.005 0.007 0.002 0.014 0.011 0 0.002 0.002 0.01 0.006 0.321 0.002 0.001 0.003 0.004 0.007 0.013 0.387 0.002 0.001 0.003 0.001 0.008 0.002 0.048 0.002
0.001 0.02 0.018 0.193 0.036 0.012 0.014 0.017 0.224 0.006 0.013 0.003 0.009 0.133 0.012 0.012 0.013 0.01 0.006 0.012 0.023 0.07 0.111 0.05 0.135 0.043 0.008 0.011 0.006 0.006 0.05 0.15 0.1 0.065 0.005 0.048 0.01 0.041 0.203 0.009 1 0.136 0.038 0.009 0.012 0.09 0.383 0.102 0.001 0.063 0.04 0.01 0.039 0.046 0 0.073 0.052 0.003 0.007 0.008 0.056 0.045 0.012 0.006 0.005 0.024 0.244 0.048 0.059 0.015 0.006 0.1 0.01 0.083 0.048 0 0 0.008
0.041 0.054 0.062 0.001 0.018 0.008 0.043 0.042 0.001 0.01 0.023 0.002 0.064 0.018 0.029 0.033 0.043 0.03 0.072 0.021 0.191 0.012 0.059 0.018 0.001 0.038 0.082 0.013 0.008 0.008 0.031 0.001 0.036 0.009 0.038 0.308 0.073 0.288 0.018 0.027 0.136 1 0.148 0.058 0.09 0.356 0.008 0.067 0.001 0.245 0.217 0.055 0.21 0.116 0.005 0.229 0.167 0.035 0.054 0.032 0.172 0.203 0.041 0.016 0.014 0.079 0.029 0.214 0.191 0.049 0.029 0.014 0.068 0.011 0.154 0.004 0.034 0.02
0.004 0.007 0.007 0.002 0.002 0.018 0.012 0.011 0.021 0.006 0.018 0.033 0.063 0.006 0.003 0.002 0.008 0.01 0.22 0.004 0.492 0.06 0.089 0.001 0.03 0.013 0.26 0.019 0.006 0.006 0 0.039 0.056 0.003 0.005 0.042 0.01 0.04 0.077 0.007 0.038 0.148 1 0.009 0.012 0.19 0.102 0.054 0.005 0.614 0.639 0.003 0.622 0.81 0.007 0.558 0.663 0.006 0.12 0.039 0.48 0.479 0.016 0.006 0.003 0.208 0.015 0.457 0.582 0.018 0.075 0.005 0.139 0.004 0.664 0.006 0.014 0.065
0.017 0.017 0.017 0.036 0.01 0.004 0.003 0.006 0.036 0.002 0.005 0.002 0.002 0.001 0.013 0.014 0.006 0.002 0.002 0.019 0.003 0.1 0.065 0.011 0.026 0.001 0.003 0.004 0.001 0.001 0.011 0.03 0.038 0.001 0.001 0.163 0.002 0.189 0.034 0.002 0.009 0.058 0.009 1 0.002 0.004 0.014 0.047 0.001 0.014 0.008 0.002 0.008 0.01 0.001 0.015 0.011 0.001 0.001 0.001 0.007 0.008 0.002 0.001 0.001 0.005 0.003 0.009 0.013 0.002 0.001 0.001 0.002 0.001 0.01 0.001 0.001 0.001
0.07 0.064 0.086 0.039 0 0.248 0.379 0.006 0.046 0.002 0.005 0.002 0.001 0.002 0.099 0.095 0.005 0.003 0.003 0.094 0.005 0.021 0.031 0 0.056 0.004 0.004 0.311 0.121 0.122 0 0.082 0.065 0.001 0.217 0.001 0.506 0.006 0.058 0.003 0.012 0.09 0.012 0.002 1 0 0.028 0.032 0.001 0.176 0.011 0.688 0.011 0.012 0.002 0.149 0.011 0.413 0.002 0.002 0.114 0.009 0.004 0.002 0.204 0.007 0.003 0.017 0.09 0.005 0.002 0.001 0 0.001 0.008 0.002 0.004 0.002
0.03 0.037 0.043 0 0.079 0.032 0.017 0.179 0.001 0 0.14 0.052 0.017 0.014 0.022 0.017 0.179 0.022 0.045 0.018 0.13 0.016 0.031 0.091 0 0.012 0.036 0.029 0.015 0.014 0.124 0.002 0.015 0.007 0.005 0.238 0.008 0.195 0.005 0.017 0.09 0.356 0.19 0.004 0 1 0.017 0.058 0.011 0.156 0.144 0.009 0.149 0.172 0.016 0.134 0.183 0.004 0.019 0.012 0.17 0.177 0.022 0 0.003 0.067 0.031 0.139 0.149 0.027 0.023 0.01 0.016 0.008 0.196 0.015 0.03 0.034
0.008 0.001 0.001 0.176 0.013 0.001 0.032 0.079 0.228 0.011 0.05 0.01 0.02 0.038 0.006 0.006 0.052 0.017 0.017 0.005 0.052 0.02 0.071 0.014 0.17 0.009 0.023 0.002 0.014 0.014 0.036 0.226 0.321 0.028 0.012 0.221 0.023 0.253 0.423 0.027 0.383 0.008 0.102 0.014 0.028 0.017 1 0.146 0 0.16 0.092 0.024 0.09 0.121 0.003 0.183 0.135 0.013 0.017 0.019 0.144 0.104 0.033 0.015 0.011 0.055 0.141 0.112 0.15 0.038 0.014 0.043 0.022 0.038 0.125 0.004 0.004 0.019
0.127 0.094 0.093 0.248 0.08 0.025 0.01 0.064 0.298 0.021 0.061 0.033 0.001 0.016 0.109 0.107 0.06 0.004 0.022 0.103 0.027 0.202 0.063 0.083 0.235 0 0.024 0.032 0.002 0.002 0.08 0.267 0.211 0.008 0.014 0.011 0.026 0.009 0.249 0.06 0.102 0.067 0.054 0.047 0.032 0.058 0.146 1 0.012 0.108 0.043 0.027 0.041 0.069 0.002 0.076 0.064 0.012 0 0.001 0.073 0.037 0.082 0.03 0.011 0.029 0.031 0.044 0.079 0.102 0.01 0.01 0.003 0.01 0.058 0.002 0.034 0.003
0.014 0.018 0.018 0.009 0 0.053 0.023 0.003 0.011 0.001 0.003 0.001 0.001 0.031 0.02 0.018 0.003 0.018 0.001 0.021 0.003 0.001 0.003 0 0.013 0.001 0.001 0.052 0 0 0 0.014 0.006 0.002 0.074 0.005 0.034 0.004 0.008 0.001 0.001 0.001 0.005 0.001 0.001 0.011 0 0.012 1 0.007 0.004 0.001 0.004 0.005 0.671 0.008 0.006 0.001 0.001 0.001 0.006 0.005 0.002 0.001 0 0.002 0.002 0.005 0.007 0.002 0.001 0.001 0.001 0 0.006 0.628 0.01 0.001
0.031 0.035 0.045 0.001 0 0.017 0.048 0 0.004 0.009 0.003 0.018 0.054 0.009 0.007 0.007 0.008 0.015 0.138 0.006 0.375 0.063 0.053 0 0.005 0.018 0.162 0.026 0.011 0.012 0.001 0.005 0.015 0.004 0.031 0.035 0.077 0.055 0.028 0.012 0.063 0.245 0.614 0.014 0.176 0.156 0.16 0.108 0.007 1 0.575 0.145 0.561 0.673 0.011 0.869 0.722 0.071 0.105 0.02 0.754 0.556 0.024 0.01 0.034 0.28 0.021 0.583 0.818 0.028 0.063 0.007 0.136 0.006 0.681 0.01 0.022 0.067
0.005 0.004 0.004 0.029 0.023 0.016 0.01 0.026 0.091 0.005 0.022 0.011 0.098 0.005 0.053 0.047 0.028 0.009 0.234 0.054 0.631 0.023 0.2 0.035 0.113 0.01 0.279 0.017 0.006 0.006 0.049 0.131 0.147 0.003 0.005 0.038 0.009 0.036 0.19 0.005 0.04 0.217 0.639 0.008 0.011 0.144 0.092 0.043 0.004 0.575 1 0.009 0.964 0.729 0.006 0.504 0.664 0.005 0.183 0.045 0.456 0.731 0.014 0.006 0.003 0.354 0.013 0.737 0.554 0.016 0.114 0.004 0.202 0.003 0.633 0.006 0.013 0.126
0.053 0.066 0.066 0.029 0.004 0.304 0.457 0.001 0.034 0.001 0 0.001 0.001 0.001 0.077 0.075 0.001 0.002 0.003 0.072 0.004 0.017 0.024 0.005 0.042 0.003 0.003 0.38 0.147 0.149 0.005 0.067 0.054 0.001 0.261 0.01 0.607 0.004 0.048 0.003 0.01 0.055 0.003 0.002 0.688 0.009 0.024 0.027 0.001 0.145 0.009 1 0.008 0.004 0.002 0.124 0.001 0.493 0.002 0.001 0.085 0 0.004 0.001 0.245 0.003 0.002 0 0.071 0.004 0.001 0.001 0 0.001 0.001 0.001 0.003 0.001
0.004 0.003 0.003 0.028 0.022 0.016 0.01 0.026 0.091 0.005 0.022 0.011 0.093 0.005 0.052 0.046 0.028 0.009 0.223 0.054 0.607 0.021 0.195 0.034 0.11 0.01 0.261 0.016 0.006 0.006 0.048 0.129 0.143 0.003 0.005 0.036 0.009 0.034 0.184 0.005 0.039 0.21 0.622 0.008 0.011 0.149 0.09 0.041 0.004 0.561 0.964 0.008 1 0.714 0.006 0.494 0.65 0.005 0.187 0.049 0.468 0.721 0.014 0.006 0.003 0.332 0.013 0.721 0.541 0.016 0.12 0.004 0.206 0.003 0.618 0.006 0.012 0.131
0.002 0.004 0.004 0.004 0.001 0.022 0.014 0.006 0.032 0.007 0.012 0.027 0.054 0.007 0.007 0.006 0.006 0.011 0.184 0.008 0.458 0.038 0.106 0 0.034 0.013 0.217 0.022 0.007 0.007 0.001 0.043 0.062 0.003 0.006 0.047 0.012 0.046 0.085 0.007 0.046 0.116 0.81 0.01 0.012 0.172 0.121 0.069 0.005 0.673 0.729 0.004 0.714 1 0.008 0.657 0.754 0.007 0.139 0.043 0.569 0.558 0.017 0.007 0.004 0.277 0.018 0.56 0.663 0.02 0.084 0.005 0.152 0.005 0.704 0.007 0.016 0.095
0.009 0.013 0.013 0.004 0.001 0.03 0.012 0.005 0.005 0.001 0.004 0.002 0.001 0.018 0.015 0.013 0.005 0.01 0.002 0.016 0.005 0.001 0 0.001 0.003 0.002 0.002 0.029 0 0 0.001 0.002 0 0.001 0.047 0.007 0.02 0.006 0 0.002 0 0.005 0.007 0.001 0.002 0.016 0.003 0.002 0.671 0.011 0.006 0.002 0.006 0.008 1 0.012 0.009 0.001 0.001 0.001 0.01 0.007 0.002 0.001 0.001 0.004 0.002 0.008 0.01 0.003 0.001 0 0.001 0.001 0.008 0.675 0.072 0.001
0.019 0.023 0.031 0 0 0.012 0.043 0 0.006 0.009 0.002 0.013 0.11 0.011 0.003 0.003 0.006 0.017 0.12 0.002 0.327 0.072 0.035 0.001 0.008 0.021 0.141 0.018 0.009 0.009 0.003 0.005 0.019 0.005 0.026 0.042 0.062 0.062 0.035 0.014 0.073 0.229 0.558 0.015 0.149 0.134 0.183 0.076 0.008 0.869 0.504 0.124 0.494 0.657 0.012 1 0.738 0.062 0.092 0.105 0.765 0.567 0.028 0.011 0.029 0.265 0.027 0.591 0.822 0.032 0.078 0.008 0.119 0.007 0.682 0.011 0.025 0.106
0.005 0.006 0.01 0.001 0.001 0.005 0.001 0 0.017 0.007 0.001 0.006 0.062 0.008 0.002 0.001 0.007 0.013 0.164 0.002 0.424 0.046 0.084 0 0.028 0.015 0.194 0.006 0.003 0.003 0.001 0.029 0.054 0.004 0 0.025 0.001 0.051 0.076 0.011 0.052 0.167 0.663 0.011 0.011 0.183 0.135 0.064 0.006 0.722 0.664 0.001 0.65 0.754 0.009 0.738 1 0.007 0.115 0.06 0.677 0.749 0.021 0.008 0.004 0.352 0.02 0.783 0.754 0.024 0.106 0.006 0.152 0.005 0.829 0.009 0.018 0.143
0.016 0.021 0.021 0.007 0.007 0.143 0.216 0.004 0.009 0.001 0.003 0.002 0 0.001 0.028 0.028 0.004 0.001 0.001 0.023 0.001 0.007 0.009 0.007 0.012 0.002 0.002 0.218 0.035 0.035 0.007 0.032 0.025 0 0.273 0.006 0.331 0.001 0.022 0 0.003 0.035 0.006 0.001 0.413 0.004 0.013 0.012 0.001 0.071 0.005 0.493 0.005 0.007 0.001 0.062 0.007 1 0.001 0.001 0.08 0.006 0 0.001 0.463 0.003 0.002 0.006 0.071 0 0.001 0.001 0.001 0 0.007 0.001 0.002 0.001
0.039 0.048 0.049 0.021 0 0.003 0.002 0.005 0.009 0.001 0.004 0.002 0.002 0.001 0.016 0.002 0.005 0.002 0.002 0.016 0.133 0.013 0.022 0.009 0.025 0.002 0.002 0.003 0.001 0.001 0.009 0.025 0.031 0 0.001 0.008 0.002 0.007 0.035 0.002 0.007 0.054 0.12 0.001 0.002 0.019 0.017 0 0.001 0.105 0.183 0.002 0.187 0.139 0.001 0.092 0.115 0.001 1 0.002 0.063 0.126 0.003 0.001 0.001 0.001 0.002 0.151 0.111 0.003 0.003 0.001 0.413 0.001 0.085 0.001 0.002 0.002
0.021 0.017 0.017 0.017 0.009 0.002 0 0.005 0.014 0.001 0.004 0.002 0.457 0.001 0.016 0.018 0.006 0.002 0.001 0.018 0.042 0.008 0.004 0.01 0.021 0.002 0.001 0.004 0.001 0.001 0.01 0.012 0.025 0.001 0.001 0.008 0.002 0.006 0.029 0.002 0.008 0.032 0.039 0.001 0.002 0.012 0.019 0.001 0.001 0.02 0.045 0.001 0.049 0.043 0.001 0.105 0.06 0.001 0.002 1 0.056 0.083 0.003 0.001 0.001 0.004 0.003 0.062 0.045 0.003 0.295 0.001 0.001 0.001 0.04 0.001 0.003 0.353
0.016 0.017 0.024 0 0 0.005 0.02 0.001 0.008 0.007 0.003 0.01 0.059 0.008 0.004 0.001 0.009 0.014 0.089 0.001 0.311 0.045 0.052 0 0.007 0.016 0.095 0.009 0 0 0.001 0.004 0.013 0.004 0.027 0.023 0.039 0.041 0.026 0.01 0.056 0.172 0.48 0.007 0.114 0.17 0.144 0.073 0.006 0.754 0.456 0.085 0.468 0.569 0.01 0.765 0.677 0.08 0.063 0.056 1 0.523 0.022 0.009 0.038 0.235 0.021 0.575 0.836 0.025 0.1 0.006 0.095 0.005 0.658 0.009 0.019 0.135
0 0.001 0 0.017 0.012 0.002 0 0.03 0.056 0.005 0.025 0.013 0.085 0.006 0.031 0.027 0.012 0.01 0.188 0.033 0.492 0.027 0.138 0.032 0.079 0.011 0.168 0.003 0.002 0.002 0.031 0.067 0.09 0.003 0 0.02 0 0.038 0.124 0.006 0.045 0.203 0.479 0.008 0.009 0.177 0.104 0.037 0.005 0.556 0.731 0 0.721 0.558 0.007 0.567 0.749 0.006 0.126 0.083 0.523 1 0.016 0.006 0.003 0.335 0.015 0.839 0.591 0.018 0.138 0.005 0.173 0.004 0.707 0.007 0.014 0.186
0.015 0.01 0.01 0.033 0.009 0.006 0.005 0.003 0.046 0.002 0.002 0.004 0.003 0.001 0.01 0.012 0.003 0.003 0.004 0.005 0.01 0.084 0.016 0.01 0.033 0.005 0.005 0.007 0.002 0.002 0.019 0.051 0.062 0.001 0.002 0.015 0.004 0.013 0.07 0.321 0.012 0.041 0.016 0.002 0.004 0.022 0.033 0.082 0.002 0.024 0.014 0.004 0.014 0.017 0.002 0.028 0.021 0 0.003 0.003 0.022 0.016 1 0.002 0.002 0.008 0.005 0.017 0.023 0.863 0.002 0.002 0.003 0.001 0.019 0.002 0.142 0.003
0.012 0.01 0.009 0.022 0.007 0.003 0.002 0.004 0.025 0.337 0.004 0.002 0.001 0.001 0.012 0.01 0.004 0.001 0.002 0.013 0.004 0 0.003 0.008 0.02 0.16 0.002 0.003 0.001 0.001 0.008 0.021 0.025 0 0.001 0.006 0.001 0.005 0.023 0.002 0.006 0.016 0.006 0.001 0.002 0 0.015 0.03 0.001 0.01 0.006 0.001 0.006 0.007 0.001 0.011 0.008 0.001 0.001 0.001 0.009 0.006 0.002 1 0.001 0.003 0.002 0.007 0.009 0.003 0.001 0.001 0.001 0.001 0.008 0.001 0.002 0.001
0.003 0.005 0.005 0.005 0.006 0.061 0.096 0.003 0.008 0.001 0.003 0.001 0 0.001 0.025 0.026 0.003 0.001 0.001 0.021 0.001 0.007 0.01 0 0.011 0.001 0.002 0.111 0.042 0.042 0 0.029 0.02 0 0.175 0.005 0.249 0 0.017 0.001 0.005 0.014 0.003 0.001 0.204 0.003 0.011 0.011 0 0.034 0.003 0.245 0.003 0.004 0.001 0.029 0.004 0.463 0.001 0.001 0.038 0.003 0.002 0.001 1 0.002 0.002 0.003 0.033 0.002 0.001 0 0 0 0.004 0.001 0.002 0.001
0.02 0.022 0.015 0.024 0.007 0.008 0.005 0.014 0.023 0.003 0.012 0.005 0.002 0.003 0.003 0.005 0.001 0.005 0.4 0.002 0.208 0.007 0.068 0 0.02 0.005 0.477 0.008 0.003 0.003 0.003 0.031 0.032 0.002 0.001 0.003 0.003 0.021 0.053 0.003 0.024 0.079 0.208 0.005 0.007 0.067 0.055 0.029 0.002 0.28 0.354 0.003 0.332 0.277 0.004 0.265 0.352 0.003 0.001 0.004 0.235 0.335 0.008 0.003 0.002 1 0.008 0.384 0.313 0.01 0.003 0.002 0.003 0.002 0.365 0.004 0.007 0.001
0.006 0.028 0.028 0.049 0.014 0.005 0.003 0.007 0.058 0.002 0.005 0.004 0.003 0.002 0.025 0.025 0.007 0.003 0.003 0.026 0.009 0.019 0.033 0.015 0.003 0.145 0.004 0.005 0.002 0.002 0.015 0.003 0.001 0.001 0.002 0.012 0.002 0.01 0.047 0.004 0.244 0.029 0.015 0.003 0.003 0.031 0.141 0.031 0.002 0.021 0.013 0.002 0.013 0.018 0.002 0.027 0.02 0.002 0.002 0.003 0.021 0.015 0.005 0.002 0.002 0.008 1 0.016 0.022 0.006 0.002 0.002 0.003 0.001 0.018 0.002 0.001 0.003
0 0 0.001 0.006 0.007 0.003 0 0.03 0.038 0.005 0.025 0.012 0.061 0.006 0.016 0.014 0.008 0.005 0.178 0.021 0.45 0.031 0.115 0.014 0.057 0.012 0.191 0.004 0.002 0.002 0.023 0.061 0.084 0.003 0 0.017 0 0.042 0.117 0.007 0.048 0.214 0.457 0.009 0.017 0.139 0.112 0.044 0.005 0.583 0.737 0 0.721 0.56 0.008 0.591 0.783 0.006 0.151 0.062 0.575 0.839 0.017 0.007 0.003 0.384 0.016 1 0.621 0.02 0.128 0.005 0.194 0.004 0.713 0.007 0.015 0.151
0.012 0.021 0.026 0 0 0.003 0.015 0 0.006 0.008 0.002 0.009 0.051 0.009 0.001 0.001 0.006 0.014 0.147 0 0.388 0.057 0.053 0 0.012 0.017 0.173 0.006 0 0 0.002 0.008 0.025 0.004 0.021 0.033 0.031 0.051 0.041 0.013 0.059 0.191 0.582 0.013 0.09 0.149 0.15 0.079 0.007 0.818 0.554 0.071 0.541 0.663 0.01 0.822 0.754 0.071 0.111 0.045 0.836 0.591 0.023 0.009 0.033 0.313 0.022 0.621 1 0.026 0.095 0.007 0.145 0.006 0.726 0.009 0.02 0.116
0.02 0.015 0.014 0.044 0.012 0.008 0.006 0.004 0.056 0.002 0.003 0.005 0.004 0.002 0.014 0.016 0.005 0.004 0.005 0.009 0.012 0.112 0.028 0.013 0.041 0.005 0.006 0.008 0.002 0.003 0.022 0.059 0.073 0.001 0.002 0.009 0.004 0.015 0.081 0.387 0.015 0.049 0.018 0.002 0.005 0.027 0.038 0.102 0.002 0.028 0.016 0.004 0.016 0.02 0.003 0.032 0.024 0 0.003 0.003 0.025 0.018 0.863 0.003 0.002 0.01 0.006 0.02 0.026 1 0.003 0.002 0.004 0.002 0.022 0.003 0.165 0.003
0.011 0.009 0.009 0.014 0.007 0.002 0.001 0.004 0.015 0.001 0.003 0.002 0.311 0.001 0.012 0.013 0.004 0.001 0 0.013 0.111 0.005 0.026 0.008 0.014 0.002 0.001 0.003 0.001 0.001 0.008 0.014 0.018 0 0.001 0.006 0.001 0.005 0.02 0.002 0.006 0.029 0.075 0.001 0.002 0.023 0.014 0.01 0.001 0.063 0.114 0.001 0.12 0.084 0.001 0.078 0.106 0.001 0.003 0.295 0.1 0.138 0.002 0.001 0.001 0.003 0.002 0.128 0.095 0.003 1 0.001 0.001 0.001 0.075 0.001 0.002 0.413
0.002 0.003 0.003 0.021 0 0.002 0.001 0 0.024 0.001 0 0.004 0.001 0 0.002 0.001 0 0.001 0.001 0.002 0.003 0.007 0.012 0.006 0.021 0 0.001 0.002 0.001 0.001 0.006 0.022 0.016 0.542 0.001 0.005 0.001 0.004 0.02 0.001 0.1 0.014 0.005 0.001 0.001 0.01 0.043 0.01 0.001 0.007 0.004 0.001 0.004 0.005 0 0.008 0.006 0.001 0.001 0.001 0.006 0.005 0.002 0.001 0 0.002 0.002 0.005 0.007 0.002 0.001 1 0.001 0 0.006 0.001 0.001 0.001
0.048 0.056 0.06 0.023 0 0 0 0.006 0.005 0.001 0.006 0.003 0 0.001 0.007 0.002 0.006 0.002 0.003 0.011 0.131 0.017 0.017 0.011 0.022 0.003 0.003 0 0.001 0.001 0.011 0.021 0.031 0.001 0.001 0.009 0 0.009 0.035 0.003 0.01 0.068 0.139 0.002 0 0.016 0.022 0.003 0.001 0.136 0.202 0 0.206 0.152 0.001 0.119 0.152 0.001 0.413 0.001 0.095 0.173 0.003 0.001 0 0.003 0.003 0.194 0.145 0.004 0.001 0.001 1 0.001 0.128 0.001 0.003 0
0.003 0.008 0.008 0.01 0.004 0.002 0.001 0.002 0.012 0 0.001 0.001 0.001 0.001 0.007 0.007 0.002 0.001 0.003 0.007 0 0.007 0.005 0.004 0.015 0.001 0.002 0.002 0.001 0.001 0.004 0.026 0.02 0 0 0.003 0.001 0.003 0.018 0.001 0.083 0.011 0.004 0.001 0.001 0.008 0.038 0.01 0 0.006 0.003 0.001 0.003 0.005 0.001 0.007 0.005 0 0.001 0.001 0.005 0.004 0.001 0.001 0 0.002 0.001 0.004 0.006 0.002 0.001 0 0.001 1 0.005 0.001 0.001 0.001
0.003 0.004 0.007 0.002 0.001 0.007 0.002 0 0.017 0.006 0.002 0.006 0.052 0.007 0.001 0.001 0.009 0.012 0.174 0.002 0.385 0.04 0.08 0 0.029 0.014 0.206 0.009 0.003 0.003 0 0.031 0.054 0.004 0 0.021 0.003 0.047 0.076 0.008 0.048 0.154 0.664 0.01 0.008 0.196 0.125 0.058 0.006 0.681 0.633 0.001 0.618 0.704 0.008 0.682 0.829 0.007 0.085 0.04 0.658 0.707 0.019 0.008 0.004 0.365 0.018 0.713 0.726 0.022 0.075 0.006 0.128 0.005 1 0.008 0.017 0.133
0.012 0.016 0.016 0.004 0.002 0.034 0.015 0.004 0.006 0.001 0.003 0.001 0.001 0.019 0.019 0.016 0.004 0.01 0.002 0.019 0.004 0.001 0 0.001 0.003 0.002 0.002 0.033 0 0 0 0.002 0 0 0.049 0.007 0.02 0.006 0 0.002 0 0.004 0.006 0.001 0.002 0.015 0.004 0.002 0.628 0.01 0.006 0.001 0.006 0.007 0.675 0.011 0.009 0.001 0.001 0.001 0.009 0.007 0.002 0.001 0.001 0.004 0.002 0.007 0.009 0.003 0.001 0.001 0.001 0.001 0.008 1 0.048 0.001
0.006 0.003 0.003 0.006 0.008 0.006 0.001 0.009 0.004 0.002 0.008 0.004 0.003 0.006 0 0 0.01 0.003 0.004 0.001 0.009 0.035 0.005 0.009 0.002 0.004 0.004 0.006 0.011 0.011 0.017 0.014 0.018 0.001 0.002 0.004 0.003 0.01 0.022 0.048 0 0.034 0.014 0.001 0.004 0.03 0.004 0.034 0.01 0.022 0.013 0.003 0.012 0.016 0.072 0.025 0.018 0.002 0.002 0.003 0.019 0.014 0.142 0.002 0.002 0.007 0.001 0.015 0.02 0.165 0.002 0.001 0.003 0.001 0.017 0.048 1 0.003
0.012 0.009 0.009 0.014 0.009 0.003 0.001 0.005 0.02 0.001 0.004 0.002 0.25 0.001 0.016 0.018 0.006 0.002 0.001 0.018 0.101 0.003 0.028 0.011 0.029 0.002 0.001 0.004 0.001 0.001 0.011 0.018 0.034 0.001 0.001 0.008 0.002 0.006 0.038 0.002 0.008 0.02 0.065 0.001 0.002 0.034 0.019 0.003 0.001 0.067 0.126 0.001 0.131 0.095 0.001 0.106 0.143 0.001 0.002 0.353 0.135 0.186 0.003 0.001 0.001 0.001 0.003 0.151 0.116 0.003 0.413 0.001 0 0.001 0.133 0.001 0.003 1
