1 0.823 0.869 0.45 0.44 0.165 0.111 0.238 0.313 0.013 0.215 0.129 0.02 0.042 0.603 0.586 0.257 0.087 0.04 0.648 0.009 0.12 0.121 0.409 0.322 0.001 0.041 0.12 0.041 0.041 0.37 0.277 0.167 0.004 0.037 0.052 0.061 0.032 0.157 0.022 0.015 0.054 0.005 0.001 0.058 0.014 0.003 0.048 0.004 0.004 0.018 0.035 0.015 0.006 0.004 0.001 0.001 0.009 0.016 0.019 0.001 0.006 0.014 0.003 0.007 0.016 0.015 0.003 0.001 0.018 0.017 0 0.028 0.007 0.002 0.01 0.009 0.019
0.823 1 0.939 0.442 0.44 0.2 0.135 0.289 0.295 0.011 0.261 0.156 0.016 0.051 0.65 0.604 0.241 0.106 0.033 0.685 0.003 0.101 0.093 0.415 0.322 0.027 0.034 0.147 0.048 0.049 0.383 0.285 0.177 0.005 0.048 0.05 0.075 0.052 0.155 0.018 0.028 0.051 0.001 0.014 0.029 0.017 0.004 0.046 0.006 0.003 0.012 0.045 0.01 0.002 0.007 0 0.003 0.013 0.021 0.016 0 0.01 0.011 0.005 0.01 0.018 0.026 0.006 0.001 0.015 0.013 0.005 0.013 0.008 0.005 0.014 0.006 0.015
0.869 0.939 1 0.473 0.506 0.19 0.127 0.274 0.324 0.012 0.247 0.148 0.017 0.048 0.704 0.654 0.298 0.1 0.035 0.744 0.005 0.108 0.102 0.474 0.353 0.029 0.036 0.141 0.048 0.048 0.43 0.306 0.192 0.005 0.045 0.07 0.073 0.045 0.169 0.019 0.032 0.062 0.002 0.015 0.068 0.025 0.002 0.05 0.006 0.008 0.014 0.042 0.012 0.003 0.006 0.003 0 0.012 0.019 0.017 0.003 0.003 0.012 0.002 0.009 0.013 0.028 0.001 0 0.015 0.014 0.005 0.034 0.008 0 0.013 0.006 0.016
0.45 0.442 0.473 1 0.258 0.081 0.051 0.134 0.82 0.023 0.121 0.072 0.035 0.024 0.322 0.323 0.152 0.054 0.071 0.357 0.039 0.238 0.298 0.237 0.659 0.001 0.068 0.051 0.022 0.021 0.214 0.591 0.38 0.03 0.013 0.008 0.024 0.004 0.447 0.039 0.198 0.002 0.033 0.032 0.026 0.003 0.185 0.169 0.01 0.008 0.059 0.014 0.053 0.033 0.01 0.013 0.02 0.002 0.005 0.017 0.01 0.034 0.03 0.009 0.001 0.043 0.053 0.024 0.019 0.037 0.017 0.031 0.012 0.011 0.028 0.001 0.007 0.023
0.44 0.44 0.506 0.258 1 0.021 0.014 0.48 0.286 0.006 0.442 0.256 0.009 0.005 0.557 0.519 0.566 0.193 0.018 0.597 0.039 0.071 0.133 0.881 0.32 0.015 0.019 0.021 0.005 0.006 0.809 0.264 0.204 0.004 0.009 0.177 0.013 0.121 0.18 0.01 0.033 0.014 0.012 0.009 0.001 0.042 0.021 0.031 0.004 0.009 0.043 0.007 0.04 0.014 0.002 0.013 0.006 0.007 0.007 0.009 0.012 0.023 0.01 0.002 0.005 0.014 0.014 0.019 0.014 0.011 0.009 0.002 0 0.004 0.006 0.002 0.01 0.01
0.165 0.2 0.19 0.081 0.021 1 0.674 0.011 0.094 0.002 0.01 0.006 0.003 0.253 0.18 0.169 0.013 0.005 0.007 0.192 0.014 0.01 0.028 0.022 0.085 0.005 0.007 0.759 0.253 0.249 0.022 0.074 0.037 0 0.24 0.022 0.397 0.019 0.033 0.004 0.002 0.013 0.014 0.003 0.159 0.03 0.004 0.016 0.062 0.01 0.014 0.214 0.013 0.017 0.056 0.006 0.003 0.079 0.003 0.003 0.002 0.002 0.003 0 0.049 0.004 0.006 0.002 0 0.004 0.003 0.001 0 0.002 0.003 0.076 0.002 0.003
0.111 0.135 0.127 0.051 0.014 0.674 1 0.007 0.072 0.002 0.007 0.004 0.002 0.001 0.134 0.126 0.009 0.003 0.004 0.141 0.01 0.009 0.022 0.015 0.06 0.004 0.004 0.528 0.373 0.369 0.015 0.052 0.022 0.002 0.358 0.015 0.591 0.013 0.019 0.002 0.012 0.039 0.009 0.002 0.246 0.023 0.034 0.011 0.046 0.031 0.009 0.322 0.008 0.011 0.042 0.024 0 0.121 0.002 0.002 0.013 0 0.003 0 0.076 0.002 0.004 0 0.006 0.004 0.002 0.002 0 0.001 0 0.058 0 0.002
0.238 0.289 0.274 0.134 0.48 0.011 0.007 1 0.142 0.003 0.903 0.54 0.005 0.003 0.288 0.267 0.741 0.006 0.009 0.311 0.02 0.036 0.068 0.471 0.168 0.008 0.01 0.011 0.003 0.004 0.461 0.151 0.112 0.001 0.005 0.266 0.007 0.271 0.105 0.005 0.014 0.062 0 0.005 0.007 0.138 0.106 0.044 0.003 0.005 0.023 0.002 0.022 0 0.003 0.006 0.004 0.003 0.004 0.005 0.008 0.029 0.004 0.003 0.002 0.013 0.007 0.028 0.008 0.005 0.005 0 0.005 0.002 0.006 0.002 0.007 0.005
0.313 0.295 0.324 0.82 0.286 0.094 0.072 0.142 1 0.02 0.127 0.084 0.031 0.027 0.385 0.386 0.164 0.063 0.051 0.419 0.119 0.218 0.405 0.263 0.768 0 0.049 0.072 0.026 0.025 0.24 0.672 0.449 0.035 0.021 0.008 0.035 0.003 0.528 0.034 0.232 0.011 0.07 0.031 0.032 0.01 0.207 0.193 0.018 0.026 0.117 0.018 0.111 0.073 0.017 0.033 0.042 0.003 0.024 0.014 0.03 0.068 0.034 0.009 0.003 0.047 0.062 0.058 0.039 0.04 0.015 0.036 0.004 0.013 0.046 0.005 0.002 0.021
0.013 0.011 0.012 0.023 0.006 0.002 0.002 0.003 0.02 1 0.003 0.002 0.001 0.001 0.004 0.003 0.004 0.001 0.002 0.01 0.004 0.007 0.013 0.007 0.013 0.099 0.002 0 0.002 0.001 0.007 0.015 0.018 0.001 0.001 0.006 0 0.005 0.007 0 0.002 0.013 0.005 0 0 0.004 0.01 0.01 0.001 0.004 0.005 0 0.004 0.006 0.001 0.005 0.007 0.001 0.001 0.001 0.007 0.006 0.001 0.366 0 0.003 0.002 0.006 0.007 0.002 0.001 0.001 0.001 0.001 0.006 0.001 0.001 0.001
0.215 0.261 0.247 0.121 0.442 0.01 0.007 0.903 0.127 0.003 1 0.598 0.004 0.002 0.26 0.241 0.67 0.006 0.009 0.281 0.018 0.033 0.062 0.424 0.151 0.007 0.009 0.01 0.003 0.003 0.414 0.136 0.1 0.001 0.004 0.225 0.007 0.225 0.094 0.005 0.012 0.05 0 0.004 0.006 0.119 0.088 0.042 0.002 0.003 0.021 0.002 0.019 0 0.003 0.004 0.002 0.003 0.004 0.004 0.005 0.026 0.004 0.003 0.002 0.012 0.007 0.025 0.006 0.005 0.004 0 0.005 0.002 0.004 0.002 0.006 0.005
0.129 0.156 0.148 0.072 0.256 0.006 0.004 0.54 0.084 0.002 0.598 1 0.003 0.001 0.156 0.143 0.442 0.004 0.005 0.168 0.011 0.02 0.037 0.248 0.091 0.004 0.005 0.006 0.002 0.002 0.247 0.084 0.061 0 0.003 0.11 0.004 0.098 0.059 0.003 0.004 0.019 0.001 0.003 0.004 0.063 0.043 0.031 0.001 0 0.012 0 0.012 0.001 0.001 0.001 0 0.002 0.002 0.003 0.002 0.016 0.003 0.002 0.001 0.007 0.004 0.015 0.002 0.003 0.003 0.001 0.003 0.001 0.002 0.001 0.004 0.003
0.02 0.016 0.017 0.035 0.009 0.003 0.002 0.005 0.031 0.001 0.004 0.003 1 0.001 0.013 0.012 0.006 0.002 0.003 0.013 0.139 0.011 0.034 0.01 0.028 0.002 0.003 0.004 0.001 0.001 0.01 0.028 0.036 0.001 0 0.01 0.001 0.009 0.04 0.002 0.008 0.05 0.103 0.001 0.001 0.014 0.022 0.001 0.001 0.071 0.111 0.001 0.112 0.074 0.001 0.108 0.077 0 0.014 0.421 0.074 0.084 0.002 0.001 0 0.003 0.002 0.058 0.072 0.002 0.094 0.001 0.002 0.001 0.088 0.001 0.002 0.251
0.042 0.051 0.048 0.024 0.005 0.253 0.001 0.003 0.027 0.001 0.002 0.001 0.001 1 0.051 0.048 0.003 0.001 0.002 0.055 0.004 0.006 0.012 0.005 0.03 0.001 0.002 0.234 0.001 0.001 0.005 0.027 0.022 0.002 0.001 0.006 0.001 0.005 0.019 0.001 0.068 0.007 0.004 0.001 0.001 0.004 0.033 0.01 0.016 0.006 0.004 0.001 0.004 0.005 0.015 0.008 0.006 0.001 0.001 0.001 0.006 0.005 0 0.001 0 0.002 0.001 0.005 0.006 0.001 0.001 0 0.001 0 0.005 0.019 0.007 0.001
0.603 0.65 0.704 0.322 0.557 0.18 0.134 0.288 0.385 0.004 0.26 0.156 0.013 0.051 1 0.93 0.334 0.122 0.019 0.843 0.051 0.095 0.175 0.531 0.415 0.019 0.02 0.183 0.05 0.061 0.478 0.371 0.267 0.005 0.078 0.079 0.108 0.052 0.253 0.018 0.023 0.041 0.022 0.015 0.103 0.014 0.006 0.067 0.008 0 0.057 0.072 0.053 0.028 0.009 0 0.008 0.034 0.011 0.016 0 0.024 0.017 0 0.033 0.015 0.026 0.02 0.002 0.02 0.015 0.005 0 0.008 0.008 0.016 0.003 0.018
0.586 0.604 0.654 0.323 0.519 0.169 0.126 0.267 0.386 0.003 0.241 0.143 0.012 0.048 0.93 1 0.31 0.114 0.021 0.798 0.054 0.095 0.177 0.503 0.413 0.017 0.022 0.171 0.047 0.057 0.462 0.364 0.27 0.005 0.077 0.078 0.105 0.053 0.255 0.019 0.018 0.037 0.026 0.01 0.101 0.013 0.009 0.06 0.007 0 0.062 0.071 0.058 0.032 0.008 0.001 0.011 0.035 0.011 0.017 0.001 0.028 0.018 0 0.035 0.017 0.027 0.023 0.003 0.022 0.017 0.001 0 0.006 0.01 0.015 0.004 0.019
0.257 0.241 0.298 0.152 0.566 0.013 0.009 0.741 0.164 0.004 0.67 0.442 0.006 0.003 0.334 0.31 1 0.008 0.012 0.381 0.025 0.045 0.084 0.545 0.206 0.01 0.012 0.013 0.003 0.004 0.536 0.178 0.133 0.001 0.006 0.324 0.008 0.229 0.123 0.006 0.014 0.082 0.001 0.006 0.007 0.141 0.085 0.049 0.003 0 0.024 0.003 0.023 0.001 0.004 0 0 0.004 0.005 0.006 0 0.006 0.005 0.004 0.003 0.004 0.009 0.005 0.001 0.006 0.006 0 0.001 0.003 0 0.003 0.008 0.007
0.087 0.106 0.1 0.054 0.193 0.005 0.003 0.006 0.063 0.001 0.006 0.004 0.002 0.001 0.122 0.114 0.008 1 0.004 0.13 0.009 0.015 0.029 0.204 0.07 0.003 0.004 0.005 0.001 0.002 0.204 0.065 0.052 0.002 0.002 0.013 0.003 0.011 0.046 0.002 0.011 0.039 0.01 0.002 0.003 0.028 0.021 0 0 0.016 0.01 0.002 0.009 0.012 0 0.018 0.014 0.001 0.002 0.002 0.015 0.013 0.002 0.001 0.001 0.006 0.003 0.011 0.015 0.003 0.002 0.002 0.002 0.001 0.012 0 0.002 0.002
0.04 0.033 0.035 0.071 0.018 0.007 0.004 0.009 0.051 0.002 0.009 0.005 0.003 0.002 0.019 0.021 0.012 0.004 1 0.03 0.465 0.023 0.138 0.019 0.056 0.005 0.962 0.007 0.002 0.002 0.019 0.052 0.066 0.002 0.003 0.019 0.005 0.017 0.075 0.003 0.011 0.071 0.304 0.002 0.004 0.024 0.037 0.023 0.002 0.198 0.314 0.003 0.265 0.26 0.002 0.195 0.261 0.002 0.002 0 0.152 0.274 0.004 0.001 0.001 0.509 0.005 0.23 0.238 0.005 0.009 0.002 0.003 0.001 0.222 0.002 0.004 0
0.648 0.685 0.744 0.357 0.597 0.192 0.141 0.311 0.419 0.01 0.281 0.168 0.013 0.055 0.843 0.798 0.381 0.13 0.03 1 0.062 0.1 0.196 0.617 0.495 0.025 0.03 0.164 0.055 0.05 0.552 0.4 0.271 0.004 0.041 0.08 0.073 0.052 0.245 0.014 0.016 0.028 0.025 0.015 0.069 0.008 0.01 0.061 0.009 0 0.061 0.04 0.058 0.03 0.01 0.002 0.009 0.009 0.012 0.016 0.004 0.026 0.009 0.003 0.005 0.017 0.024 0.022 0.008 0.012 0.015 0.004 0 0.007 0.01 0.018 0.003 0.017
0.009 0.003 0.005 0.039 0.039 0.014 0.01 0.02 0.119 0.004 0.018 0.011 0.139 0.004 0.051 0.054 0.025 0.009 0.465 0.062 1 0.045 0.288 0.042 0.118 0.011 0.458 0.015 0.004 0.005 0.042 0.097 0.126 0.004 0.003 0.029 0.006 0.025 0.144 0.007 0.029 0.173 0.595 0.004 0.005 0.09 0.069 0.027 0.005 0.425 0.655 0.004 0.607 0.517 0.005 0.387 0.469 0.001 0.121 0.055 0.375 0.517 0.008 0.003 0 0.297 0.011 0.459 0.452 0.01 0.085 0.006 0.062 0 0.42 0.004 0.006 0.108
0.12 0.101 0.108 0.238 0.071 0.01 0.009 0.036 0.218 0.007 0.033 0.02 0.011 0.006 0.095 0.095 0.045 0.015 0.023 0.1 0.045 1 0.436 0.075 0.196 0.019 0.022 0.027 0.008 0.009 0.054 0.193 0.039 0.008 0.011 0.031 0.017 0.037 0.052 0.118 0.062 0.002 0.032 0.055 0.017 0 0.005 0.13 0 0.04 0.016 0.012 0.013 0.018 0 0.047 0.033 0.003 0.009 0.003 0.035 0.026 0.06 0.001 0.006 0.007 0.011 0.023 0.036 0.08 0.003 0.01 0.011 0.004 0.025 0.002 0.025 0.002
0.121 0.093 0.102 0.298 0.133 0.028 0.022 0.068 0.405 0.013 0.062 0.037 0.034 0.012 0.175 0.177 0.084 0.029 0.138 0.196 0.288 0.436 1 0.141 0.38 0.035 0.138 0.052 0.015 0.017 0.115 0.345 0.164 0.015 0.016 0.002 0.027 0.005 0.2 0.053 0.109 0.083 0.187 0.027 0.026 0.052 0.058 0.026 0.004 0.107 0.256 0.018 0.245 0.189 0.004 0.085 0.134 0.005 0.03 0.017 0.096 0.168 0.015 0.005 0.006 0.117 0.026 0.15 0.11 0.023 0.03 0.019 0.009 0.003 0.13 0 0.002 0.041
0.409 0.415 0.474 0.237 0.881 0.022 0.015 0.471 0.263 0.007 0.424 0.248 0.01 0.005 0.531 0.503 0.545 0.204 0.019 0.617 0.042 0.075 0.141 1 0.333 0.016 0.02 0.017 0.007 0.008 0.876 0.268 0.2 0.007 0.01 0.184 0.015 0.129 0.181 0.011 0.037 0.014 0.01 0.01 0.001 0.048 0.022 0.036 0.003 0.009 0.043 0.007 0.041 0.013 0.002 0.012 0.006 0.007 0.008 0.01 0.01 0.024 0.006 0.003 0.005 0.012 0.015 0.02 0.014 0.007 0.01 0.005 0 0.004 0.006 0.001 0.011 0.011
0.322 0.322 0.353 0.659 0.32 0.085 0.06 0.168 0.768 0.013 0.151 0.091 0.028 0.03 0.415 0.413 0.206 0.07 0.056 0.495 0.118 0.196 0.38 0.333 1 0.047 0.058 0.096 0.036 0.034 0.305 0.789 0.582 0.031 0.023 0.017 0.045 0.009 0.523 0.023 0.148 0.004 0.071 0.026 0.043 0.008 0.172 0.17 0.018 0.023 0.121 0.026 0.114 0.066 0.017 0.026 0.045 0.004 0.023 0.018 0.031 0.071 0.018 0.008 0.003 0.048 0.005 0.063 0.041 0.023 0.017 0.033 0.004 0.014 0.049 0.004 0.001 0.026
0.001 0.027 0.029 0.001 0.015 0.005 0.004 0.008 0 0.099 0.007 0.004 0.002 0.001 0.019 0.017 0.01 0.003 0.005 0.025 0.011 0.019 0.035 0.016 0.047 1 0.005 0.006 0.002 0.002 0.016 0.05 0.064 0 0.002 0.016 0.004 0.014 0.001 0.003 0.029 0.021 0.013 0.023 0.004 0.011 0.001 0.001 0.002 0.018 0.011 0.003 0.01 0.013 0.002 0.021 0.015 0.002 0.002 0.003 0.017 0.014 0.003 0.083 0.001 0.006 0.107 0.013 0.017 0.004 0.002 0.001 0.003 0.001 0.013 0.002 0.003 0.003
0.041 0.034 0.036 0.068 0.019 0.007 0.004 0.01 0.049 0.002 0.009 0.005 0.003 0.002 0.02 0.022 0.012 0.004 0.962 0.03 0.458 0.022 0.138 0.02 0.058 0.005 1 0.007 0.002 0.002 0.02 0.054 0.069 0.002 0.003 0.02 0.005 0.018 0.078 0.003 0.011 0.071 0.31 0.002 0.004 0.024 0.038 0.023 0.002 0.201 0.32 0.003 0.267 0.264 0.003 0.197 0.264 0.002 0.003 0.001 0.15 0.273 0.004 0.001 0.001 0.505 0.005 0.232 0.241 0.005 0.011 0.003 0.003 0.001 0.225 0.002 0.004 0
0.12 0.147 0.141 0.051 0.021 0.759 0.528 0.011 0.072 0 0.01 0.006 0.004 0.234 0.183 0.171 0.013 0.005 0.007 0.164 0.015 0.027 0.052 0.017 0.096 0.006 0.007 1 0.281 0.292 0.024 0.098 0.065 0 0.372 0.024 0.589 0.021 0.06 0.004 0.003 0.028 0.016 0.004 0.292 0.016 0.004 0.036 0.056 0.03 0.015 0.384 0.014 0.018 0.05 0.021 0.005 0.205 0.003 0.004 0.011 0.003 0 0 0.167 0.005 0.006 0.003 0.006 0.001 0.004 0.002 0 0.002 0.004 0.069 0.001 0.004
0.041 0.048 0.048 0.022 0.005 0.253 0.373 0.003 0.026 0.002 0.003 0.002 0.001 0.001 0.05 0.047 0.003 0.001 0.002 0.055 0.004 0.008 0.015 0.007 0.036 0.002 0.002 0.281 1 0.846 0.007 0.017 0.012 0.001 0.023 0.007 0.304 0.006 0.01 0.001 0.006 0.017 0.005 0.001 0.107 0.015 0.015 0.007 0 0.012 0.005 0.141 0.005 0.006 0 0.009 0.004 0.053 0.001 0.001 0.001 0.004 0.001 0.002 0.079 0.003 0.002 0.004 0 0.002 0.001 0.001 0 0.001 0.004 0.002 0 0.001
0.041 0.049 0.048 0.021 0.006 0.249 0.369 0.004 0.025 0.001 0.003 0.002 0.001 0.001 0.061 0.057 0.004 0.002 0.002 0.05 0.005 0.009 0.017 0.008 0.034 0.002 0.002 0.292 0.846 1 0.008 0.017 0.016 0.001 0.049 0.004 0.33 0.003 0.014 0.001 0.006 0.023 0.006 0.001 0.136 0.015 0.013 0.01 0 0.016 0.006 0.178 0.006 0.007 0 0.012 0.002 0.057 0.001 0.001 0.003 0.002 0.002 0.001 0.086 0 0.002 0.002 0.002 0.002 0.001 0.001 0 0.001 0.002 0.001 0 0.001
0.37 0.383 0.43 0.214 0.809 0.022 0.015 0.461 0.24 0.007 0.414 0.247 0.01 0.005 0.478 0.462 0.536 0.204 0.019 0.552 0.042 0.054 0.115 0.876 0.305 0.016 0.02 0.024 0.007 0.008 1 0.297 0.229 0.007 0.01 0.234 0.015 0.174 0.21 0.011 0.043 0.025 0.01 0.01 0.001 0.066 0.031 0.046 0.005 0.009 0.043 0.007 0.041 0.013 0.005 0.012 0.006 0.007 0.008 0.01 0.01 0.024 0.012 0.006 0.005 0.012 0.015 0.02 0.014 0.014 0.01 0.005 0 0.003 0.006 0.004 0.014 0.011
0.277 0.285 0.306 0.591 0.264 0.074 0.052 0.151 0.672 0.015 0.136 0.084 0.028 0.027 0.371 0.364 0.178 0.065 0.052 0.4 0.097 0.193 0.345 0.268 0.789 0.05 0.054 0.098 0.017 0.017 0.297 1 0.722 0.029 0.049 0.041 0.074 0.03 0.637 0.034 0.145 0 0.083 0.03 0.072 0 0.221 0.216 0.016 0.018 0.134 0.054 0.126 0.076 0.012 0.021 0.052 0.025 0.025 0.017 0.023 0.079 0.029 0.018 0.024 0.055 0.004 0.07 0.033 0.035 0.018 0.031 0.004 0.025 0.057 0.002 0.006 0.024
0.167 0.177 0.192 0.38 0.204 0.037 0.022 0.112 0.449 0.018 0.1 0.061 0.036 0.022 0.267 0.27 0.133 0.052 0.066 0.271 0.126 0.039 0.164 0.2 0.582 0.064 0.069 0.065 0.012 0.016 0.229 0.722 1 0.023 0.032 0.233 0.052 0.222 0.863 0.043 0.1 0.027 0.121 0.008 0.056 0.013 0.39 0.176 0.007 0.044 0.177 0.044 0.164 0.116 0.005 0.051 0.091 0.019 0.032 0.025 0.052 0.12 0.024 0.024 0.015 0.074 0.001 0.108 0.066 0.032 0.023 0.023 0.01 0.02 0.093 0 0.003 0.034
0.004 0.005 0.005 0.03 0.004 0 0.002 0.001 0.035 0.001 0.001 0 0.001 0.002 0.005 0.005 0.001 0.002 0.002 0.004 0.004 0.008 0.015 0.007 0.031 0 0.002 0 0.001 0.001 0.007 0.029 0.023 1 0.001 0.007 0.002 0.006 0.025 0.001 0.134 0.022 0.006 0.001 0.002 0.016 0.049 0.014 0.076 0.008 0.005 0.001 0.005 0.007 0.07 0.01 0.008 0.001 0.001 0.001 0.008 0.007 0.001 0.001 0.001 0.003 0.002 0.007 0.008 0.002 0.001 0.625 0.001 0.001 0.007 0.001 0.002 0.001
0.037 0.048 0.045 0.013 0.009 0.24 0.358 0.005 0.021 0.001 0.004 0.003 0 0.001 0.078 0.077 0.006 0.002 0.003 0.041 0.003 0.011 0.016 0.01 0.023 0.002 0.003 0.372 0.023 0.049 0.01 0.049 0.032 0.001 1 0.01 0.593 0.009 0.034 0.002 0.008 0.051 0.008 0.001 0.351 0.003 0.022 0.018 0.076 0.056 0.007 0.452 0.007 0.009 0.07 0.045 0 0.407 0.001 0.002 0.048 0 0.002 0.001 0.296 0.001 0.002 0 0.035 0.002 0.001 0.001 0.002 0.001 0 0.086 0 0.002
0.052 0.05 0.07 0.008 0.177 0.022 0.015 0.266 0.008 0.006 0.225 0.11 0.01 0.006 0.079 0.078 0.324 0.013 0.019 0.08 0.029 0.031 0.002 0.184 0.017 0.016 0.02 0.024 0.007 0.004 0.234 0.041 0.233 0.007 0.01 1 0.015 0.86 0.207 0.011 0.055 0.292 0.049 0.066 0.001 0.258 0.27 0.015 0.006 0.037 0.047 0.01 0.043 0.053 0.007 0.047 0.029 0.007 0.008 0.009 0.033 0.025 0.004 0.006 0.005 0.014 0.016 0.023 0.039 0.001 0.008 0.009 0 0.003 0.023 0.006 0 0.01
0.061 0.075 0.073 0.024 0.013 0.397 0.591 0.007 0.035 0 0.007 0.004 0.001 0.001 0.108 0.105 0.008 0.003 0.005 0.073 0.006 0.017 0.027 0.015 0.045 0.004 0.005 0.589 0.304 0.33 0.015 0.074 0.052 0.002 0.593 0.015 1 0.013 0.052 0.002 0.013 0.077 0.012 0.002 0.476 0.008 0.034 0.028 0.046 0.073 0.011 0.614 0.011 0.013 0.041 0.058 0.002 0.387 0.002 0.002 0.041 0.002 0.003 0.001 0.291 0.002 0.004 0.001 0.029 0.004 0.002 0.002 0.001 0.001 0.002 0.052 0.001 0.003
0.032 0.052 0.045 0.004 0.121 0.019 0.013 0.271 0.003 0.005 0.225 0.098 0.009 0.005 0.052 0.053 0.229 0.011 0.017 0.052 0.025 0.037 0.005 0.129 0.009 0.014 0.018 0.021 0.006 0.003 0.174 0.03 0.222 0.006 0.009 0.86 0.013 1 0.199 0.01 0.045 0.271 0.042 0.078 0.013 0.228 0.323 0.013 0.007 0.064 0.041 0.008 0.037 0.048 0.007 0.074 0.055 0.006 0.007 0.008 0.059 0.051 0.003 0.005 0.004 0.022 0.011 0.048 0.061 0.004 0.007 0.008 0.009 0.003 0.048 0.006 0.003 0.008
0.157 0.155 0.169 0.447 0.18 0.033 0.019 0.105 0.528 0.007 0.094 0.059 0.04 0.019 0.253 0.255 0.123 0.046 0.075 0.245 0.144 0.052 0.2 0.181 0.523 0.001 0.078 0.06 0.01 0.014 0.21 0.637 0.863 0.025 0.034 0.207 0.052 0.199 1 0.048 0.181 0.014 0.136 0.006 0.05 0.004 0.468 0.218 0.009 0.056 0.201 0.04 0.187 0.132 0.006 0.065 0.107 0.016 0.035 0.028 0.065 0.141 0.029 0.01 0.013 0.087 0.042 0.128 0.08 0.038 0.027 0.025 0.013 0.018 0.108 0 0.005 0.039
0.022 0.018 0.019 0.039 0.01 0.004 0.002 0.005 0.034 0 0.005 0.003 0.002 0.001 0.018 0.019 0.006 0.002 0.003 0.014 0.007 0.118 0.053 0.011 0.023 0.003 0.003 0.004 0.001 0.001 0.011 0.034 0.043 0.001 0.002 0.011 0.002 0.01 0.048 1 0.009 0.006 0 0.002 0.002 0.006 0.017 0.021 0.001 0.001 0 0.002 0 0.001 0.001 0.002 0.001 0.001 0.001 0.002 0.001 0 0.285 0.001 0.001 0.001 0 0 0.002 0.333 0.002 0.002 0.002 0.001 0 0.001 0.034 0.002
0.015 0.028 0.032 0.198 0.033 0.002 0.012 0.014 0.232 0.002 0.012 0.004 0.008 0.068 0.023 0.018 0.014 0.011 0.011 0.016 0.029 0.062 0.109 0.037 0.148 0.029 0.011 0.003 0.006 0.006 0.043 0.145 0.1 0.134 0.008 0.055 0.013 0.045 0.181 0.009 1 0.155 0.033 0.008 0.012 0.095 0.339 0.089 0.012 0.054 0.035 0.009 0.033 0.04 0.01 0.064 0.047 0.005 0.007 0.009 0.052 0.046 0.005 0.005 0.004 0.023 0.249 0.044 0.052 0.006 0.008 0.168 0.005 0.084 0.04 0 0.002 0.005
0.054 0.051 0.062 0.002 0.014 0.013 0.039 0.062 0.011 0.013 0.05 0.019 0.05 0.007 0.041 0.037 0.082 0.039 0.071 0.028 0.173 0.002 0.083 0.014 0.004 0.021 0.071 0.028 0.017 0.023 0.025 0 0.027 0.022 0.051 0.292 0.077 0.271 0.014 0.006 0.155 1 0.176 0.048 0.075 0.397 0.009 0.068 0.001 0.26 0.205 0.048 0.189 0.128 0.002 0.213 0.158 0.026 0.041 0.029 0.185 0.192 0.013 0.013 0.025 0.094 0.045 0.176 0.187 0.018 0.01 0.028 0.052 0.012 0.154 0 0.011 0.03
0.005 0.001 0.002 0.033 0.012 0.014 0.009 0 0.07 0.005 0 0.001 0.103 0.004 0.022 0.026 0.001 0.01 0.304 0.025 0.595 0.032 0.187 0.01 0.071 0.013 0.31 0.016 0.005 0.006 0.01 0.083 0.121 0.006 0.008 0.049 0.012 0.042 0.136 0 0.033 0.176 1 0.008 0.011 0.176 0.114 0.045 0.006 0.64 0.804 0.005 0.75 0.833 0.006 0.563 0.676 0.005 0.128 0.074 0.521 0.607 0.01 0.005 0.002 0.333 0.013 0.536 0.583 0.012 0.074 0.007 0.091 0.004 0.613 0.005 0.011 0.147
0.001 0.014 0.015 0.032 0.009 0.003 0.002 0.005 0.031 0 0.004 0.003 0.001 0.001 0.015 0.01 0.006 0.002 0.002 0.015 0.004 0.055 0.027 0.01 0.026 0.023 0.002 0.004 0.001 0.001 0.01 0.03 0.008 0.001 0.001 0.066 0.002 0.078 0.006 0.002 0.008 0.048 0.008 1 0.002 0.005 0.018 0.065 0.001 0.011 0.007 0.002 0.007 0.009 0.001 0.013 0.01 0.001 0.001 0.002 0.01 0.009 0.004 0.001 0.001 0.004 0.002 0.009 0.011 0.003 0.001 0.001 0.002 0.001 0.009 0.001 0.005 0.002
0.058 0.029 0.068 0.026 0.001 0.159 0.246 0.007 0.032 0 0.006 0.004 0.001 0.001 0.103 0.101 0.007 0.003 0.004 0.069 0.005 0.017 0.026 0.001 0.043 0.004 0.004 0.292 0.107 0.136 0.001 0.072 0.056 0.002 0.351 0.001 0.476 0.013 0.05 0.002 0.012 0.075 0.011 0.002 1 0.001 0.033 0.027 0.002 0.192 0.011 0.697 0.01 0.012 0.002 0.162 0.015 0.4 0.002 0.002 0.125 0.018 0.003 0.001 0.3 0.001 0.004 0.02 0.088 0.003 0.002 0.002 0.018 0.001 0.016 0.002 0.003 0.002
0.014 0.017 0.025 0.003 0.042 0.03 0.023 0.138 0.01 0.004 0.119 0.063 0.014 0.004 0.014 0.013 0.141 0.028 0.024 0.008 0.09 0 0.052 0.048 0.008 0.011 0.024 0.016 0.015 0.015 0.066 0 0.013 0.016 0.003 0.258 0.008 0.228 0.004 0.006 0.095 0.397 0.176 0.005 0.001 1 0.018 0.06 0.017 0.161 0.153 0.003 0.164 0.155 0.018 0.122 0.148 0 0.04 0.018 0.165 0.141 0.026 0.003 0.002 0.058 0.036 0.113 0.132 0.03 0.008 0.02 0.039 0.002 0.167 0.015 0.027 0.037
0.003 0.004 0.002 0.185 0.021 0.004 0.034 0.106 0.207 0.01 0.088 0.043 0.022 0.033 0.006 0.009 0.085 0.021 0.037 0.01 0.069 0.005 0.058 0.022 0.172 0.001 0.038 0.004 0.015 0.013 0.031 0.221 0.39 0.049 0.022 0.27 0.034 0.323 0.468 0.017 0.339 0.009 0.114 0.018 0.033 0.018 1 0.132 0 0.172 0.11 0.026 0.104 0.133 0 0.203 0.153 0.016 0.018 0.023 0.167 0.141 0.011 0.014 0.011 0.062 0.111 0.135 0.167 0.015 0.022 0.062 0.024 0.034 0.135 0.006 0 0.025
0.048 0.046 0.05 0.169 0.031 0.016 0.011 0.044 0.193 0.01 0.042 0.031 0.001 0.01 0.067 0.06 0.049 0 0.023 0.061 0.027 0.13 0.026 0.036 0.17 0.001 0.023 0.036 0.007 0.01 0.046 0.216 0.176 0.014 0.018 0.015 0.028 0.013 0.218 0.021 0.089 0.068 0.045 0.065 0.027 0.06 0.132 1 0.014 0.082 0.039 0.021 0.035 0.046 0.01 0.049 0.039 0.007 0 0 0.047 0.032 0.061 0.013 0.009 0.03 0.029 0.029 0.052 0.078 0 0.015 0.005 0.01 0.033 0.002 0.03 0.003
0.004 0.006 0.006 0.01 0.004 0.062 0.046 0.003 0.018 0.001 0.002 0.001 0.001 0.016 0.008 0.007 0.003 0 0.002 0.009 0.005 0 0.004 0.003 0.018 0.002 0.002 0.056 0 0 0.005 0.016 0.007 0.076 0.076 0.006 0.046 0.007 0.009 0.001 0.012 0.001 0.006 0.001 0.002 0.017 0 0.014 1 0.009 0.006 0.001 0.005 0.007 0.927 0.01 0.008 0.001 0.001 0.001 0.009 0.007 0.002 0.001 0.001 0.003 0.002 0.007 0.009 0.002 0.001 0.029 0.001 0.001 0.007 0.546 0.011 0.001
0.004 0.003 0.008 0.008 0.009 0.01 0.031 0.005 0.026 0.004 0.003 0 0.071 0.006 0 0 0 0.016 0.198 0 0.425 0.04 0.107 0.009 0.023 0.018 0.201 0.03 0.012 0.016 0.009 0.018 0.044 0.008 0.056 0.037 0.073 0.064 0.056 0.001 0.054 0.26 0.64 0.011 0.192 0.161 0.172 0.082 0.009 1 0.64 0.145 0.599 0.639 0.01 0.848 0.692 0.073 0.106 0.044 0.763 0.65 0.015 0.007 0.065 0.327 0.019 0.608 0.758 0.017 0.044 0.011 0.139 0.006 0.627 0.008 0.016 0.102
0.018 0.012 0.014 0.059 0.043 0.014 0.009 0.023 0.117 0.005 0.021 0.012 0.111 0.004 0.057 0.062 0.024 0.01 0.314 0.061 0.655 0.016 0.256 0.043 0.121 0.011 0.32 0.015 0.005 0.006 0.043 0.134 0.177 0.005 0.007 0.047 0.011 0.041 0.201 0 0.035 0.205 0.804 0.007 0.011 0.153 0.11 0.039 0.006 0.64 1 0.008 0.934 0.801 0.006 0.542 0.664 0.005 0.166 0.077 0.543 0.746 0.01 0.004 0.002 0.424 0.012 0.685 0.591 0.011 0.078 0.007 0.124 0.004 0.62 0.005 0.01 0.164
0.035 0.045 0.042 0.014 0.007 0.214 0.322 0.002 0.018 0 0.002 0 0.001 0.001 0.072 0.071 0.003 0.002 0.003 0.04 0.004 0.012 0.018 0.007 0.026 0.003 0.003 0.384 0.141 0.178 0.007 0.054 0.044 0.001 0.452 0.01 0.614 0.008 0.04 0.002 0.009 0.048 0.005 0.002 0.697 0.003 0.026 0.021 0.001 0.145 0.008 1 0.007 0.005 0.001 0.127 0.001 0.512 0.001 0.001 0.085 0 0.002 0.001 0.384 0.001 0.003 0 0.065 0.003 0.001 0.002 0 0.001 0 0.001 0.002 0.001
0.015 0.01 0.012 0.053 0.04 0.013 0.008 0.022 0.111 0.004 0.019 0.012 0.112 0.004 0.053 0.058 0.023 0.009 0.265 0.058 0.607 0.013 0.245 0.041 0.114 0.01 0.267 0.014 0.005 0.006 0.041 0.126 0.164 0.005 0.007 0.043 0.011 0.037 0.187 0 0.033 0.189 0.75 0.007 0.01 0.164 0.104 0.035 0.005 0.599 0.934 0.007 1 0.757 0.006 0.513 0.625 0.005 0.176 0.088 0.571 0.709 0.009 0.004 0.001 0.369 0.012 0.642 0.556 0.011 0.088 0.007 0.132 0.004 0.578 0.005 0.01 0.181
0.006 0.002 0.003 0.033 0.014 0.017 0.011 0 0.073 0.006 0 0.001 0.074 0.005 0.028 0.032 0.001 0.012 0.26 0.03 0.517 0.018 0.189 0.013 0.066 0.013 0.264 0.018 0.006 0.007 0.013 0.076 0.116 0.007 0.009 0.053 0.013 0.048 0.132 0.001 0.04 0.128 0.833 0.009 0.012 0.155 0.133 0.046 0.007 0.639 0.801 0.005 0.757 1 0.007 0.624 0.71 0.006 0.138 0.092 0.566 0.634 0.005 0.005 0.002 0.356 0.015 0.583 0.613 0.007 0.077 0.008 0.1 0.005 0.601 0.006 0.013 0.14
0.004 0.007 0.006 0.01 0.002 0.056 0.042 0.003 0.017 0.001 0.003 0.001 0.001 0.015 0.009 0.008 0.004 0 0.002 0.01 0.005 0 0.004 0.002 0.017 0.002 0.003 0.05 0 0 0.005 0.012 0.005 0.07 0.07 0.007 0.041 0.007 0.006 0.001 0.01 0.002 0.006 0.001 0.002 0.018 0 0.01 0.927 0.01 0.006 0.001 0.006 0.007 1 0.011 0.009 0.001 0.001 0.001 0.009 0.008 0.002 0.001 0.001 0.003 0.002 0.007 0.009 0.002 0.001 0.026 0.001 0.001 0.007 0.601 0.02 0.001
0.001 0 0.003 0.013 0.013 0.006 0.024 0.006 0.033 0.005 0.004 0.001 0.108 0.008 0 0.001 0 0.018 0.195 0.002 0.387 0.047 0.085 0.012 0.026 0.021 0.197 0.021 0.009 0.012 0.012 0.021 0.051 0.01 0.045 0.047 0.058 0.074 0.065 0.002 0.064 0.213 0.563 0.013 0.162 0.122 0.203 0.049 0.01 0.848 0.542 0.127 0.513 0.624 0.011 1 0.752 0.061 0.09 0.115 0.816 0.695 0.018 0.008 0.055 0.305 0.022 0.656 0.81 0.02 0.11 0.013 0.117 0.007 0.662 0.009 0.019 0.125
0.001 0.003 0 0.02 0.006 0.003 0 0.004 0.042 0.007 0.002 0 0.077 0.006 0.008 0.011 0 0.014 0.261 0.009 0.469 0.033 0.134 0.006 0.045 0.015 0.264 0.005 0.004 0.002 0.006 0.052 0.091 0.008 0 0.029 0.002 0.055 0.107 0.001 0.047 0.158 0.676 0.01 0.015 0.148 0.153 0.039 0.008 0.692 0.664 0.001 0.625 0.71 0.009 0.752 1 0.007 0.087 0.089 0.723 0.864 0.013 0.006 0.003 0.368 0.017 0.814 0.738 0.015 0.147 0.01 0.121 0.005 0.831 0.007 0.014 0.166
0.009 0.013 0.012 0.002 0.007 0.079 0.121 0.003 0.003 0.001 0.003 0.002 0 0.001 0.034 0.035 0.004 0.001 0.002 0.009 0.001 0.003 0.005 0.007 0.004 0.002 0.002 0.205 0.053 0.057 0.007 0.025 0.019 0.001 0.407 0.007 0.387 0.006 0.016 0.001 0.005 0.026 0.005 0.001 0.4 0 0.016 0.007 0.001 0.073 0.005 0.512 0.005 0.006 0.001 0.061 0.007 1 0.001 0.001 0.076 0.007 0.001 0.001 0.624 0.003 0.002 0.006 0.071 0.001 0.001 0.001 0.001 0.001 0.006 0.001 0.002 0.001
0.016 0.021 0.019 0.005 0.007 0.003 0.002 0.004 0.024 0.001 0.004 0.002 0.014 0.001 0.011 0.011 0.005 0.002 0.002 0.012 0.121 0.009 0.03 0.008 0.023 0.002 0.003 0.003 0.001 0.001 0.008 0.025 0.032 0.001 0.001 0.008 0.002 0.007 0.035 0.001 0.007 0.041 0.128 0.001 0.002 0.04 0.018 0 0.001 0.106 0.166 0.001 0.176 0.138 0.001 0.09 0.087 0.001 1 0.008 0.107 0.114 0.002 0.001 0.001 0.005 0.002 0.137 0.079 0.002 0.008 0.001 0.314 0.001 0.066 0.001 0.002 0.007
0.019 0.016 0.017 0.017 0.009 0.003 0.002 0.005 0.014 0.001 0.004 0.003 0.421 0.001 0.016 0.017 0.006 0.002 0 0.016 0.055 0.003 0.017 0.01 0.018 0.003 0.001 0.004 0.001 0.001 0.01 0.017 0.025 0.001 0.002 0.009 0.002 0.008 0.028 0.002 0.009 0.029 0.074 0.002 0.002 0.018 0.023 0 0.001 0.044 0.077 0.001 0.088 0.092 0.001 0.115 0.089 0.001 0.008 1 0.081 0.098 0.002 0.001 0.001 0.004 0.003 0.07 0.079 0.002 0.228 0.001 0.001 0.001 0.074 0.001 0.002 0.416
0.001 0 0.003 0.01 0.012 0.002 0.013 0.008 0.03 0.007 0.005 0.002 0.074 0.006 0 0.001 0 0.015 0.152 0.004 0.375 0.035 0.096 0.01 0.031 0.017 0.15 0.011 0.001 0.003 0.01 0.023 0.052 0.008 0.048 0.033 0.041 0.059 0.065 0.001 0.052 0.185 0.521 0.01 0.125 0.165 0.167 0.047 0.009 0.763 0.543 0.085 0.571 0.566 0.009 0.816 0.723 0.076 0.107 0.081 1 0.709 0.015 0.007 0.067 0.268 0.018 0.663 0.859 0.017 0.135 0.01 0.14 0.006 0.667 0.008 0.016 0.152
0.006 0.01 0.003 0.034 0.023 0.002 0 0.029 0.068 0.006 0.026 0.016 0.084 0.005 0.024 0.028 0.006 0.013 0.274 0.026 0.517 0.026 0.168 0.024 0.071 0.014 0.273 0.003 0.004 0.002 0.024 0.079 0.12 0.007 0 0.025 0.002 0.051 0.141 0 0.046 0.192 0.607 0.009 0.018 0.141 0.141 0.032 0.007 0.65 0.746 0 0.709 0.634 0.008 0.695 0.864 0.007 0.114 0.098 0.709 1 0.012 0.006 0.002 0.424 0.016 0.908 0.705 0.014 0.159 0.009 0.152 0.005 0.802 0.007 0.013 0.179
0.014 0.011 0.012 0.03 0.01 0.003 0.003 0.004 0.034 0.001 0.004 0.003 0.002 0 0.017 0.018 0.005 0.002 0.004 0.009 0.008 0.06 0.015 0.006 0.018 0.003 0.004 0 0.001 0.002 0.012 0.029 0.024 0.001 0.002 0.004 0.003 0.003 0.029 0.285 0.005 0.013 0.01 0.004 0.003 0.026 0.011 0.061 0.002 0.015 0.01 0.002 0.009 0.005 0.002 0.018 0.013 0.001 0.002 0.002 0.015 0.012 1 0.001 0.001 0.005 0.003 0.012 0.015 0.84 0.002 0.002 0.002 0.001 0.012 0.001 0.167 0.002
0.003 0.005 0.002 0.009 0.002 0 0 0.003 0.009 0.366 0.003 0.002 0.001 0.001 0 0 0.004 0.001 0.001 0.003 0.003 0.001 0.005 0.003 0.008 0.083 0.001 0 0.002 0.001 0.006 0.018 0.024 0.001 0.001 0.006 0.001 0.005 0.01 0.001 0.005 0.013 0.005 0.001 0.001 0.003 0.014 0.013 0.001 0.007 0.004 0.001 0.004 0.005 0.001 0.008 0.006 0.001 0.001 0.001 0.007 0.006 0.001 1 0 0.002 0.002 0.005 0.007 0.001 0.001 0.001 0.001 0 0.005 0.001 0.001 0.001
0.007 0.01 0.009 0.001 0.005 0.049 0.076 0.002 0.003 0 0.002 0.001 0 0 0.033 0.035 0.003 0.001 0.001 0.005 0 0.006 0.006 0.005 0.003 0.001 0.001 0.167 0.079 0.086 0.005 0.024 0.015 0.001 0.296 0.005 0.291 0.004 0.013 0.001 0.004 0.025 0.002 0.001 0.3 0.002 0.011 0.009 0.001 0.065 0.002 0.384 0.001 0.002 0.001 0.055 0.003 0.624 0.001 0.001 0.067 0.002 0.001 0 1 0.002 0.001 0.002 0.063 0.001 0.001 0.001 0 0 0.002 0.001 0.001 0.001
0.016 0.018 0.013 0.043 0.014 0.004 0.002 0.013 0.047 0.003 0.012 0.007 0.003 0.002 0.015 0.017 0.004 0.006 0.509 0.017 0.297 0.007 0.117 0.012 0.048 0.006 0.505 0.005 0.003 0 0.012 0.055 0.074 0.003 0.001 0.014 0.002 0.022 0.087 0.001 0.023 0.094 0.333 0.004 0.001 0.058 0.062 0.03 0.003 0.327 0.424 0.001 0.369 0.356 0.003 0.305 0.368 0.003 0.005 0.004 0.268 0.424 0.005 0.002 0.002 1 0.007 0.384 0.349 0.006 0.004 0.004 0 0.002 0.323 0.003 0.006 0
0.015 0.026 0.028 0.053 0.014 0.006 0.004 0.007 0.062 0.002 0.007 0.004 0.002 0.001 0.026 0.027 0.009 0.003 0.005 0.024 0.011 0.011 0.026 0.015 0.005 0.107 0.005 0.006 0.002 0.002 0.015 0.004 0.001 0.002 0.002 0.016 0.004 0.011 0.042 0 0.249 0.045 0.013 0.002 0.004 0.036 0.111 0.029 0.002 0.019 0.012 0.003 0.012 0.015 0.002 0.022 0.017 0.002 0.002 0.003 0.018 0.016 0.003 0.002 0.001 0.007 1 0.015 0.019 0.004 0.002 0.002 0.003 0.001 0.015 0.002 0.01 0.003
0.003 0.006 0.001 0.024 0.019 0.002 0 0.028 0.058 0.006 0.025 0.015 0.058 0.005 0.02 0.023 0.005 0.011 0.23 0.022 0.459 0.023 0.15 0.02 0.063 0.013 0.232 0.003 0.004 0.002 0.02 0.07 0.108 0.007 0 0.023 0.001 0.048 0.128 0 0.044 0.176 0.536 0.009 0.02 0.113 0.135 0.029 0.007 0.608 0.685 0 0.642 0.583 0.007 0.656 0.814 0.006 0.137 0.07 0.663 0.908 0.012 0.005 0.002 0.384 0.015 1 0.66 0.013 0.167 0.008 0.177 0.005 0.73 0.006 0.013 0.144
0.001 0.001 0 0.019 0.014 0 0.006 0.008 0.039 0.007 0.006 0.002 0.072 0.006 0.002 0.003 0.001 0.015 0.238 0.008 0.452 0.036 0.11 0.014 0.041 0.017 0.241 0.006 0 0.002 0.014 0.033 0.066 0.008 0.035 0.039 0.029 0.061 0.08 0.002 0.052 0.187 0.583 0.011 0.088 0.132 0.167 0.052 0.009 0.758 0.591 0.065 0.556 0.613 0.009 0.81 0.738 0.071 0.079 0.079 0.859 0.705 0.015 0.007 0.063 0.349 0.019 0.66 1 0.017 0.134 0.011 0.143 0.006 0.667 0.008 0.012 0.149
0.018 0.015 0.015 0.037 0.011 0.004 0.004 0.005 0.04 0.002 0.005 0.003 0.002 0.001 0.02 0.022 0.006 0.003 0.005 0.012 0.01 0.08 0.023 0.007 0.023 0.004 0.005 0.001 0.002 0.002 0.014 0.035 0.032 0.002 0.002 0.001 0.004 0.004 0.038 0.333 0.006 0.018 0.012 0.003 0.003 0.03 0.015 0.078 0.002 0.017 0.011 0.003 0.011 0.007 0.002 0.02 0.015 0.001 0.002 0.002 0.017 0.014 0.84 0.001 0.001 0.006 0.004 0.013 0.017 1 0.002 0.002 0.002 0.001 0.013 0.002 0.204 0.003
0.017 0.013 0.014 0.017 0.009 0.003 0.002 0.005 0.015 0.001 0.004 0.003 0.094 0.001 0.015 0.017 0.006 0.002 0.009 0.015 0.085 0.003 0.03 0.01 0.017 0.002 0.011 0.004 0.001 0.001 0.01 0.018 0.023 0.001 0.001 0.008 0.002 0.007 0.027 0.002 0.008 0.01 0.074 0.001 0.002 0.008 0.022 0 0.001 0.044 0.078 0.001 0.088 0.077 0.001 0.11 0.147 0.001 0.008 0.228 0.135 0.159 0.002 0.001 0.001 0.004 0.002 0.167 0.134 0.002 1 0.001 0.002 0.001 0.128 0.001 0.002 0.335
0 0.005 0.005 0.031 0.002 0.001 0.002 0 0.036 0.001 0 0.001 0.001 0 0.005 0.001 0 0.002 0.002 0.004 0.006 0.01 0.019 0.005 0.033 0.001 0.003 0.002 0.001 0.001 0.005 0.031 0.023 0.625 0.001 0.009 0.002 0.008 0.025 0.002 0.168 0.028 0.007 0.001 0.002 0.02 0.062 0.015 0.029 0.011 0.007 0.002 0.007 0.008 0.026 0.013 0.01 0.001 0.001 0.001 0.01 0.009 0.002 0.001 0.001 0.004 0.002 0.008 0.011 0.002 0.001 1 0.001 0.001 0.008 0.001 0.002 0.002
0.028 0.013 0.034 0.012 0 0 0 0.005 0.004 0.001 0.005 0.003 0.002 0.001 0 0 0.001 0.002 0.003 0 0.062 0.011 0.009 0 0.004 0.003 0.003 0 0 0 0 0.004 0.01 0.001 0.002 0 0.001 0.009 0.013 0.002 0.005 0.052 0.091 0.002 0.018 0.039 0.024 0.005 0.001 0.139 0.124 0 0.132 0.1 0.001 0.117 0.121 0.001 0.314 0.001 0.14 0.152 0.002 0.001 0 0 0.003 0.177 0.143 0.002 0.002 0.001 1 0.001 0.104 0.001 0.002 0
0.007 0.008 0.008 0.011 0.004 0.002 0.001 0.002 0.013 0.001 0.002 0.001 0.001 0 0.008 0.006 0.003 0.001 0.001 0.007 0 0.004 0.003 0.004 0.014 0.001 0.001 0.002 0.001 0.001 0.003 0.025 0.02 0.001 0.001 0.003 0.001 0.003 0.018 0.001 0.084 0.012 0.004 0.001 0.001 0.002 0.034 0.01 0.001 0.006 0.004 0.001 0.004 0.005 0.001 0.007 0.005 0.001 0.001 0.001 0.006 0.005 0.001 0 0 0.002 0.001 0.005 0.006 0.001 0.001 0.001 0.001 1 0.005 0.001 0.001 0.001
0.002 0.005 0 0.028 0.006 0.003 0 0.006 0.046 0.006 0.004 0.002 0.088 0.005 0.008 0.01 0 0.012 0.222 0.01 0.42 0.025 0.13 0.006 0.049 0.013 0.225 0.004 0.004 0.002 0.006 0.057 0.093 0.007 0 0.023 0.002 0.048 0.108 0 0.04 0.154 0.613 0.009 0.016 0.167 0.135 0.033 0.007 0.627 0.62 0 0.578 0.601 0.007 0.662 0.831 0.006 0.066 0.074 0.667 0.802 0.012 0.005 0.002 0.323 0.015 0.73 0.667 0.013 0.128 0.008 0.104 0.005 1 0.006 0.013 0.187
0.01 0.014 0.013 0.001 0.002 0.076 0.058 0.002 0.005 0.001 0.002 0.001 0.001 0.019 0.016 0.015 0.003 0 0.002 0.018 0.004 0.002 0 0.001 0.004 0.002 0.002 0.069 0.002 0.001 0.004 0.002 0 0.001 0.086 0.006 0.052 0.006 0 0.001 0 0 0.005 0.001 0.002 0.015 0.006 0.002 0.546 0.008 0.005 0.001 0.005 0.006 0.601 0.009 0.007 0.001 0.001 0.001 0.008 0.007 0.001 0.001 0.001 0.003 0.002 0.006 0.008 0.002 0.001 0.001 0.001 0.001 0.006 1 0.06 0.001
0.009 0.006 0.006 0.007 0.01 0.002 0 0.007 0.002 0.001 0.006 0.004 0.002 0.007 0.003 0.004 0.008 0.002 0.004 0.003 0.006 0.025 0.002 0.011 0.001 0.003 0.004 0.001 0 0 0.014 0.006 0.003 0.002 0 0 0.001 0.003 0.005 0.034 0.002 0.011 0.011 0.005 0.003 0.027 0 0.03 0.011 0.016 0.01 0.002 0.01 0.013 0.02 0.019 0.014 0.002 0.002 0.002 0.016 0.013 0.167 0.001 0.001 0.006 0.01 0.013 0.012 0.204 0.002 0.002 0.002 0.001 0.013 0.06 1 0.002
0.019 0.015 0.016 0.023 0.01 0.003 0.002 0.005 0.021 0.001 0.005 0.003 0.251 0.001 0.018 0.019 0.007 0.002 0 0.017 0.108 0.002 0.041 0.011 0.026 0.003 0 0.004 0.001 0.001 0.011 0.024 0.034 0.001 0.002 0.01 0.003 0.008 0.039 0.002 0.005 0.03 0.147 0.002 0.002 0.037 0.025 0.003 0.001 0.102 0.164 0.001 0.181 0.14 0.001 0.125 0.166 0.001 0.007 0.416 0.152 0.179 0.002 0.001 0.001 0 0.003 0.144 0.149 0.003 0.335 0.002 0 0.001 0.187 0.001 0.002 1
