1 0.803 0.827 0.447 0.313 0.178 0.13 0.212 0.253 0.007 0.172 0.105 0.028 0.042 0.459 0.434 0.23 0.04 0.024 0.537 0 0.142 0.1 0.312 0.284 0.013 0.025 0.138 0.059 0.049 0.263 0.247 0.125 0.003 0.04 0.034 0.068 0.02 0.101 0.02 0.009 0.081 0 0.001 0.066 0.008 0.003 0.056 0.018 0.019 0.002 0.04 0.001 0.001 0.015 0.021 0.006 0.012 0.025 0.005 0.018 0.001 0.016 0.005 0.012 0.005 0.014 0.004 0.01 0.017 0.001 0 0.019 0.004 0.005 0.015 0.011 0
0.803 1 0.965 0.437 0.352 0.217 0.158 0.274 0.23 0.006 0.209 0.128 0.023 0.052 0.55 0.506 0.271 0.05 0.019 0.618 0.001 0.127 0.078 0.359 0.275 0.029 0.02 0.171 0.072 0.061 0.324 0.248 0.126 0.004 0.05 0.049 0.086 0.036 0.096 0.016 0.033 0.117 0.001 0.008 0.068 0.017 0 0.045 0.025 0.027 0 0.052 0 0.003 0.021 0.031 0.01 0.017 0.035 0.003 0.026 0.002 0.012 0.009 0.016 0.004 0.027 0.006 0.019 0.013 0 0.013 0.02 0.01 0.008 0.022 0.007 0
0.827 0.965 1 0.451 0.387 0.21 0.153 0.265 0.243 0.006 0.203 0.124 0.024 0.05 0.575 0.529 0.288 0.048 0.02 0.649 0 0.13 0.082 0.388 0.289 0.027 0.021 0.165 0.069 0.059 0.332 0.249 0.126 0.004 0.049 0.053 0.082 0.033 0.095 0.017 0.035 0.116 0.001 0.008 0.08 0.018 0 0.042 0.024 0.029 0.001 0.05 0 0.002 0.02 0.033 0.011 0.016 0.033 0.003 0.027 0.003 0.013 0.003 0.015 0.004 0.028 0.007 0.021 0.014 0 0.013 0.025 0.01 0.01 0.021 0.008 0
0.447 0.437 0.451 1 0.182 0.094 0.068 0.121 0.76 0.013 0.092 0.056 0.052 0.023 0.241 0.268 0.142 0.028 0.044 0.303 0.02 0.308 0.323 0.193 0.58 0.009 0.043 0.066 0.032 0.024 0.152 0.522 0.289 0.027 0.018 0.003 0.03 0 0.37 0.037 0.224 0 0.02 0.022 0.029 0.012 0.18 0.157 0.008 0.003 0.038 0.016 0.036 0.017 0.006 0.002 0.009 0.003 0.007 0.011 0.003 0.019 0.036 0.013 0.005 0.024 0.047 0.012 0.005 0.038 0.008 0.027 0.003 0.023 0.01 0.005 0.006 0.008
0.313 0.352 0.387 0.182 1 0.018 0.013 0.479 0.238 0.003 0.413 0.238 0.011 0.004 0.465 0.401 0.578 0.112 0.009 0.501 0.038 0.069 0.133 0.779 0.25 0.011 0.009 0.018 0.006 0.007 0.683 0.221 0.146 0.003 0.006 0.185 0.009 0.13 0.119 0.008 0.033 0.034 0.007 0.006 0.003 0.042 0.023 0.035 0.001 0.005 0.029 0.006 0.028 0.006 0 0.004 0.002 0.006 0.008 0.006 0.003 0.015 0.008 0 0.004 0.002 0.012 0.008 0.003 0.008 0.013 0.005 0 0.004 0.001 0 0.011 0.013
0.178 0.217 0.21 0.094 0.018 1 0.727 0.011 0.115 0.001 0.008 0.005 0.005 0.237 0.219 0.204 0.013 0.003 0.004 0.216 0.018 0.019 0.045 0.018 0.109 0.006 0.004 0.833 0.33 0.301 0.018 0.101 0.057 0 0.254 0.024 0.423 0.022 0.047 0.004 0.002 0.013 0.018 0.003 0.195 0.051 0.007 0.015 0.105 0.011 0.02 0.262 0.019 0.021 0.088 0.017 0.001 0.117 0.004 0.002 0.006 0.001 0.003 0.002 0.099 0.003 0.006 0.001 0.003 0.003 0 0.003 0.002 0.002 0.001 0.091 0.002 0
0.13 0.158 0.153 0.068 0.013 0.727 1 0.008 0.084 0.001 0.006 0.004 0.004 0.001 0.16 0.149 0.009 0.002 0.003 0.149 0.013 0.011 0.029 0.013 0.073 0.005 0.003 0.573 0.454 0.417 0.013 0.065 0.032 0.002 0.352 0.017 0.589 0.016 0.028 0.003 0.016 0.044 0.013 0.002 0.279 0.037 0.04 0.008 0.054 0.028 0.014 0.367 0.014 0.016 0.045 0.04 0 0.165 0.003 0.005 0.018 0 0.004 0.002 0.14 0.002 0.005 0 0.013 0.004 0.001 0.002 0.001 0.002 0 0.048 0.001 0
0.212 0.274 0.265 0.121 0.479 0.011 0.008 1 0.138 0.002 0.764 0.466 0.006 0.003 0.278 0.259 0.804 0.003 0.005 0.323 0.022 0.041 0.079 0.527 0.17 0.008 0.006 0.011 0.004 0.004 0.506 0.165 0.104 0.001 0.004 0.253 0.004 0.27 0.095 0.004 0.019 0.063 0.002 0.004 0.004 0.082 0.092 0.026 0.004 0.01 0.026 0.002 0.025 0.002 0.004 0.007 0.005 0.003 0.006 0.004 0.006 0.028 0.004 0.003 0.002 0.011 0.007 0.029 0.006 0.004 0.007 0.003 0.006 0.003 0.004 0.004 0.008 0.008
0.253 0.23 0.243 0.76 0.238 0.115 0.084 0.138 1 0.011 0.104 0.068 0.043 0.028 0.326 0.336 0.163 0.034 0.035 0.367 0.148 0.239 0.48 0.228 0.691 0.015 0.034 0.085 0.038 0.03 0.201 0.663 0.41 0.033 0.024 0.013 0.04 0.006 0.519 0.031 0.272 0.005 0.09 0.025 0.038 0.028 0.25 0.176 0.012 0.043 0.147 0.022 0.146 0.098 0.009 0.038 0.06 0.005 0.036 0.008 0.043 0.089 0.035 0.011 0.008 0.029 0.059 0.076 0.047 0.037 0.029 0.033 0.015 0.028 0.051 0.008 0.003 0.033
0.007 0.006 0.006 0.013 0.003 0.001 0.001 0.002 0.011 1 0.001 0.001 0.001 0 0.003 0.001 0.002 0 0.001 0.005 0.003 0.004 0.009 0.003 0.009 0.08 0.001 0.001 0 0 0.003 0.009 0.012 0 0 0.003 0.001 0.003 0.003 0 0.003 0.01 0.003 0 0.001 0 0.008 0.019 0 0.005 0.003 0.001 0.003 0.003 0 0.005 0.004 0 0.001 0 0.004 0.004 0.001 0.402 0 0.001 0.001 0.004 0.004 0.001 0.001 0 0.001 0 0.004 0.001 0.001 0.001
0.172 0.209 0.203 0.092 0.413 0.008 0.006 0.764 0.104 0.001 1 0.61 0.005 0.002 0.212 0.198 0.626 0.002 0.004 0.246 0.017 0.031 0.06 0.4 0.13 0.006 0.004 0.008 0.003 0.003 0.381 0.123 0.08 0.001 0.003 0.167 0.006 0.177 0.07 0.003 0.013 0.035 0 0.003 0.005 0.044 0.059 0.039 0.003 0.005 0.02 0.003 0.019 0 0.003 0.003 0.002 0.003 0.005 0.003 0.002 0.024 0.003 0.002 0.002 0.008 0.005 0.025 0.002 0.003 0.006 0.002 0.004 0.002 0.001 0.003 0.006 0.006
0.105 0.128 0.124 0.056 0.238 0.005 0.004 0.466 0.068 0.001 0.61 1 0.003 0.001 0.13 0.121 0.397 0.001 0.002 0.15 0.01 0.019 0.037 0.239 0.079 0.004 0.003 0.005 0.002 0.002 0.234 0.082 0.052 0 0.002 0.103 0.003 0.113 0.047 0.002 0.007 0.023 0 0.002 0.003 0.032 0.038 0.026 0.002 0 0.012 0.002 0.012 0 0.002 0.001 0.001 0.002 0.003 0.002 0.001 0.015 0.003 0.001 0.001 0.005 0.004 0.015 0.001 0.003 0.003 0.001 0.003 0.001 0 0.002 0.004 0.004
0.028 0.023 0.024 0.052 0.011 0.005 0.004 0.006 0.043 0.001 0.005 0.003 1 0.001 0.005 0.004 0.007 0.001 0.002 0.016 0.274 0.019 0.077 0.012 0.037 0.004 0.003 0 0.002 0.002 0.007 0.029 0.041 0.001 0 0.014 0 0.012 0.05 0.002 0.013 0.069 0.184 0.002 0 0.07 0.032 0.008 0.002 0.155 0.214 0 0.191 0.111 0.002 0.145 0.156 0 0.027 0.213 0.14 0.174 0.003 0.001 0.001 0 0.004 0.148 0.147 0.003 0.216 0.002 0.018 0.001 0.139 0.002 0.004 0.124
0.042 0.052 0.05 0.023 0.004 0.237 0.001 0.003 0.028 0 0.002 0.001 0.001 1 0.052 0.049 0.003 0.001 0.001 0.061 0.004 0.008 0.015 0.005 0.032 0.001 0.001 0.234 0.001 0.001 0.005 0.034 0.024 0.005 0.001 0.006 0.001 0.005 0.019 0.001 0.084 0.016 0.005 0.001 0.001 0.013 0.03 0.008 0.054 0.007 0.004 0.001 0.004 0.005 0.046 0.008 0.006 0.001 0.001 0.001 0.007 0.005 0 0.001 0 0.002 0.001 0.006 0.007 0 0.001 0.001 0.001 0.001 0.006 0.045 0.021 0.001
0.459 0.55 0.575 0.241 0.465 0.219 0.16 0.278 0.326 0.003 0.212 0.13 0.005 0.052 1 0.882 0.326 0.064 0.01 0.782 0.047 0.085 0.159 0.471 0.36 0.024 0.011 0.174 0.073 0.082 0.401 0.325 0.228 0.004 0.052 0.094 0.102 0.067 0.2 0.016 0.025 0.07 0.023 0.012 0.099 0.007 0.008 0.041 0.029 0 0.049 0.066 0.054 0.021 0.025 0.001 0.002 0.017 0.007 0.003 0 0.011 0.007 0.003 0.021 0.005 0.025 0.007 0 0.008 0.013 0.013 0 0.01 0.001 0.025 0.002 0.013
0.434 0.506 0.529 0.268 0.401 0.204 0.149 0.259 0.336 0.001 0.198 0.121 0.004 0.049 0.882 1 0.303 0.06 0.012 0.743 0.049 0.093 0.172 0.458 0.361 0.008 0.012 0.161 0.068 0.077 0.405 0.323 0.223 0.005 0.054 0.091 0.1 0.065 0.219 0.017 0.014 0.053 0.035 0.013 0.097 0.003 0.015 0.039 0.026 0 0.067 0.066 0.072 0.033 0.022 0 0.007 0.019 0.007 0.003 0.001 0.02 0.009 0.001 0.024 0.006 0.012 0.015 0.002 0.009 0.014 0.007 0.003 0.006 0.006 0.023 0.002 0.015
0.23 0.271 0.288 0.142 0.578 0.013 0.009 0.804 0.163 0.002 0.626 0.397 0.007 0.003 0.326 0.303 1 0.004 0.006 0.379 0.026 0.048 0.093 0.572 0.196 0.008 0.007 0.013 0.004 0.005 0.55 0.192 0.123 0.002 0.004 0.292 0.006 0.21 0.11 0.005 0.017 0.072 0.004 0.004 0.01 0.09 0.069 0.025 0.004 0.001 0.031 0.003 0.03 0.003 0.005 0 0 0.004 0.007 0.004 0 0.012 0.005 0.003 0.003 0 0.008 0.008 0 0.005 0.009 0.003 0.003 0.003 0 0.005 0.01 0.009
0.04 0.05 0.048 0.028 0.112 0.003 0.002 0.003 0.034 0 0.002 0.001 0.001 0.001 0.064 0.06 0.004 1 0.001 0.075 0.005 0.01 0.018 0.122 0.039 0.002 0.001 0.002 0.001 0.001 0.12 0.04 0.029 0.001 0.001 0.007 0.002 0.006 0.024 0.001 0.006 0.019 0.004 0.001 0.002 0.014 0.01 0.003 0.01 0.007 0.005 0.001 0.004 0.005 0.008 0.008 0.007 0.001 0.001 0.001 0.007 0.006 0.001 0.001 0.001 0.002 0.002 0.002 0.007 0.001 0.001 0.001 0.001 0 0.006 0.008 0.002 0.001
0.024 0.019 0.02 0.044 0.009 0.004 0.003 0.005 0.035 0.001 0.004 0.002 0.002 0.001 0.01 0.012 0.006 0.001 1 0.016 0.238 0.016 0.067 0.01 0.031 0.003 0.937 0.004 0.001 0.002 0.01 0.029 0.032 0.001 0.001 0.009 0 0.008 0.035 0.002 0.01 0.05 0.162 0.001 0 0.041 0.023 0.013 0.001 0.112 0.139 0 0.138 0.135 0.002 0.102 0.126 0.001 0.002 0 0.094 0.128 0.002 0.001 0.001 0.36 0.003 0.12 0.112 0.002 0.002 0.002 0.003 0.001 0.117 0.002 0.003 0.002
0.537 0.618 0.649 0.303 0.501 0.216 0.149 0.323 0.367 0.005 0.246 0.15 0.016 0.061 0.782 0.743 0.379 0.075 0.016 1 0.063 0.118 0.227 0.57 0.483 0.022 0.016 0.205 0.085 0.073 0.508 0.426 0.265 0.003 0.061 0.083 0.104 0.055 0.225 0.013 0.018 0.047 0.032 0.011 0.102 0.001 0.008 0.049 0.035 0 0.067 0.064 0.065 0.031 0.031 0 0.011 0.022 0.016 0.012 0.002 0.029 0.013 0.003 0.025 0.004 0.023 0.021 0.003 0.014 0.022 0.011 0.006 0.008 0.009 0.032 0.004 0.023
0 0.001 0 0.02 0.038 0.018 0.013 0.022 0.148 0.003 0.017 0.01 0.274 0.004 0.047 0.049 0.026 0.005 0.238 0.063 1 0.055 0.268 0.042 0.123 0.013 0.241 0.008 0.006 0.007 0.036 0.111 0.143 0.005 0.001 0.042 0.001 0.039 0.171 0.007 0.044 0.211 0.598 0.001 0.002 0.171 0.101 0.014 0.006 0.484 0.664 0 0.637 0.518 0.007 0.441 0.487 0 0.187 0.052 0.438 0.531 0.01 0.005 0 0.132 0.013 0.506 0.484 0.01 0.191 0.007 0.118 0.004 0.424 0.007 0.007 0.147
0.142 0.127 0.13 0.308 0.069 0.019 0.011 0.041 0.239 0.004 0.031 0.019 0.019 0.008 0.085 0.093 0.048 0.01 0.016 0.118 0.055 1 0.417 0.076 0.205 0.023 0.015 0.033 0.011 0.012 0.059 0.204 0.033 0.009 0.011 0.031 0.021 0.038 0.057 0.095 0.076 0.013 0.049 0.05 0.019 0.001 0.01 0.098 0 0.052 0.024 0.012 0.021 0.026 0 0.045 0.031 0.003 0.018 0 0.038 0.024 0.07 0.006 0.007 0.002 0.017 0.027 0.034 0.075 0.004 0.006 0.016 0.008 0.028 0.001 0.029 0.001
0.1 0.078 0.082 0.323 0.133 0.045 0.029 0.079 0.48 0.009 0.06 0.037 0.077 0.015 0.159 0.172 0.093 0.018 0.067 0.227 0.268 0.417 1 0.147 0.407 0.045 0.07 0.048 0.021 0.023 0.117 0.393 0.176 0.018 0.011 0 0.022 0.001 0.243 0.039 0.149 0.078 0.172 0.032 0.021 0.096 0.091 0.018 0.003 0.123 0.254 0.011 0.249 0.182 0.002 0.117 0.159 0.003 0.045 0.035 0.127 0.194 0.02 0.013 0.005 0.063 0.037 0.177 0.127 0.022 0.08 0.016 0.023 0.015 0.137 0.001 0.002 0.076
0.312 0.359 0.388 0.193 0.779 0.018 0.013 0.527 0.228 0.003 0.4 0.239 0.012 0.005 0.471 0.458 0.572 0.122 0.01 0.57 0.042 0.076 0.147 1 0.308 0.015 0.01 0.02 0.007 0.008 0.88 0.277 0.181 0.006 0.007 0.22 0.01 0.163 0.156 0.008 0.044 0.032 0.015 0.007 0.002 0.045 0.028 0.028 0 0.012 0.047 0.006 0.046 0.013 0 0.011 0.006 0.006 0.01 0.007 0.008 0.028 0.009 0.001 0.002 0.002 0.013 0.018 0.009 0.009 0.014 0.008 0.006 0.005 0.005 0 0.012 0.014
0.284 0.275 0.289 0.58 0.25 0.109 0.073 0.17 0.691 0.009 0.13 0.079 0.037 0.032 0.36 0.361 0.196 0.039 0.031 0.483 0.123 0.205 0.407 0.308 1 0.046 0.032 0.102 0.045 0.036 0.275 0.84 0.566 0.022 0.029 0.022 0.049 0.011 0.474 0.013 0.138 0.001 0.092 0.014 0.05 0.018 0.168 0.125 0.014 0.036 0.149 0.03 0.145 0.089 0.009 0.035 0.066 0.007 0.032 0.018 0.044 0.096 0.017 0.009 0.01 0.025 0 0.083 0.05 0.018 0.039 0.025 0.023 0.032 0.059 0.008 0 0.044
0.013 0.029 0.027 0.009 0.011 0.006 0.005 0.008 0.015 0.08 0.006 0.004 0.004 0.001 0.024 0.008 0.008 0.002 0.003 0.022 0.013 0.023 0.045 0.015 0.046 1 0.003 0.006 0.002 0.002 0.014 0.043 0.06 0.003 0.002 0.017 0.004 0.015 0.007 0.003 0.084 0.041 0.014 0 0.004 0.026 0.02 0 0.002 0.021 0.014 0.003 0.013 0.015 0.002 0.023 0.019 0.002 0.003 0.002 0.021 0.017 0.003 0.076 0.001 0.005 0.289 0.017 0.021 0.004 0.004 0.001 0.004 0.002 0.017 0.003 0.001 0.004
0.025 0.02 0.021 0.043 0.009 0.004 0.003 0.006 0.034 0.001 0.004 0.003 0.003 0.001 0.011 0.012 0.007 0.001 0.937 0.016 0.241 0.015 0.07 0.01 0.032 0.003 1 0.004 0.001 0.002 0.01 0.03 0.035 0.001 0.001 0.011 0 0.01 0.039 0.002 0.011 0.05 0.17 0.001 0 0.041 0.026 0.014 0.002 0.117 0.147 0 0.139 0.142 0.002 0.106 0.131 0.001 0.002 0 0.09 0.128 0.002 0.001 0.001 0.378 0.003 0.121 0.117 0.003 0.002 0.002 0.003 0.001 0.123 0.002 0.003 0.002
0.138 0.171 0.165 0.066 0.018 0.833 0.573 0.011 0.085 0.001 0.008 0.005 0 0.234 0.174 0.161 0.013 0.002 0.004 0.205 0.008 0.033 0.048 0.02 0.102 0.006 0.004 1 0.325 0.296 0.021 0.105 0.061 0 0.255 0.024 0.469 0.018 0.05 0.004 0.002 0.027 0.009 0.003 0.227 0.037 0.007 0.03 0.105 0.025 0.01 0.303 0.009 0.022 0.089 0.02 0.002 0.154 0.004 0.003 0.008 0.001 0.003 0.002 0.125 0.003 0.006 0.001 0.005 0.003 0 0.003 0.002 0.002 0.001 0.092 0.002 0.006
0.059 0.072 0.069 0.032 0.006 0.33 0.454 0.004 0.038 0 0.003 0.002 0.002 0.001 0.073 0.068 0.004 0.001 0.001 0.085 0.006 0.011 0.021 0.007 0.045 0.002 0.001 0.325 1 0.884 0.007 0.033 0.022 0.001 0.108 0.008 0.402 0.007 0.018 0.001 0.007 0.027 0.006 0.001 0.061 0.018 0.018 0.008 0.06 0.003 0.007 0.083 0.007 0.007 0.051 0.002 0.006 0.103 0.002 0.001 0.003 0.005 0.002 0.001 0.145 0.003 0.002 0.005 0 0.002 0.002 0.001 0 0.001 0.005 0.056 0 0.002
0.049 0.061 0.059 0.024 0.007 0.301 0.417 0.004 0.03 0 0.003 0.002 0.002 0.001 0.082 0.077 0.005 0.001 0.002 0.073 0.007 0.012 0.023 0.008 0.036 0.002 0.002 0.296 0.884 1 0.008 0.026 0.027 0.001 0.107 0.003 0.37 0.002 0.021 0.001 0.008 0.032 0.007 0.001 0.06 0.02 0.012 0.01 0.052 0.002 0.007 0.081 0.007 0.008 0.044 0.002 0.005 0.09 0.001 0.001 0.002 0.004 0.002 0.001 0.127 0.002 0.002 0.005 0 0.002 0.002 0.001 0 0.001 0.004 0.048 0 0.002
0.263 0.324 0.332 0.152 0.683 0.018 0.013 0.506 0.201 0.003 0.381 0.234 0.007 0.005 0.401 0.405 0.55 0.12 0.01 0.508 0.036 0.059 0.117 0.88 0.275 0.014 0.01 0.021 0.007 0.008 1 0.296 0.2 0.006 0.007 0.252 0.01 0.193 0.174 0.008 0.045 0.043 0.012 0.007 0.002 0.058 0.035 0.035 0.001 0.01 0.042 0.007 0.04 0.011 0.002 0.009 0.005 0.006 0.01 0.007 0.009 0.024 0.011 0.006 0.002 0.001 0.014 0.018 0.007 0.012 0.014 0.008 0.006 0.005 0.005 0.002 0.015 0.014
0.247 0.248 0.249 0.522 0.221 0.101 0.065 0.165 0.663 0.009 0.123 0.082 0.029 0.034 0.325 0.323 0.192 0.04 0.029 0.426 0.111 0.204 0.393 0.277 0.84 0.043 0.03 0.105 0.033 0.026 0.296 1 0.679 0.023 0.048 0.034 0.078 0.024 0.58 0.025 0.149 0.001 0.087 0.02 0.075 0.011 0.196 0.177 0.015 0.024 0.142 0.052 0.138 0.084 0.009 0.023 0.062 0.026 0.031 0.017 0.031 0.093 0.031 0.017 0.031 0.023 0 0.079 0.036 0.032 0.038 0.026 0.022 0.035 0.055 0.007 0.005 0.042
0.125 0.126 0.126 0.289 0.146 0.057 0.032 0.104 0.41 0.012 0.08 0.052 0.041 0.024 0.228 0.223 0.123 0.029 0.032 0.265 0.143 0.033 0.176 0.181 0.566 0.06 0.035 0.061 0.022 0.027 0.2 0.679 1 0.015 0.023 0.272 0.039 0.255 0.797 0.035 0.086 0.04 0.116 0.016 0.047 0.002 0.374 0.191 0.003 0.055 0.174 0.034 0.166 0.116 0.001 0.054 0.101 0.017 0.042 0.022 0.062 0.128 0.042 0.023 0.022 0.025 0.003 0.115 0.07 0.043 0.05 0.016 0.034 0.025 0.085 0 0.008 0.055
0.003 0.004 0.004 0.027 0.003 0 0.002 0.001 0.033 0 0.001 0 0.001 0.005 0.004 0.005 0.002 0.001 0.001 0.003 0.005 0.009 0.018 0.006 0.022 0.003 0.001 0 0.001 0.001 0.006 0.023 0.015 1 0.001 0.007 0.002 0.006 0.024 0.001 0.105 0.02 0.005 0.001 0.002 0.015 0.041 0.011 0 0.009 0.006 0.001 0.006 0.006 0 0.01 0.008 0.001 0.001 0.001 0.009 0.007 0.001 0.001 0.001 0.002 0.002 0.007 0.009 0.001 0.002 0.61 0.001 0.001 0.007 0.001 0.002 0.002
0.04 0.05 0.049 0.018 0.006 0.254 0.352 0.004 0.024 0 0.003 0.002 0 0.001 0.052 0.054 0.004 0.001 0.001 0.061 0.001 0.011 0.011 0.007 0.029 0.002 0.001 0.255 0.108 0.107 0.007 0.048 0.023 0.001 1 0.008 0.402 0.007 0.028 0.001 0.007 0.041 0.006 0.001 0.173 0.011 0.019 0.015 0.137 0.021 0.007 0.227 0.007 0.008 0.118 0.018 0 0.108 0.002 0.001 0.01 0.001 0.002 0.001 0.096 0 0.002 0.001 0.01 0.002 0.002 0.001 0.002 0.001 0.001 0.116 0.002 0.002
0.034 0.049 0.053 0.003 0.185 0.024 0.017 0.253 0.013 0.003 0.167 0.103 0.014 0.006 0.094 0.091 0.292 0.007 0.009 0.083 0.042 0.031 0 0.22 0.022 0.017 0.011 0.024 0.008 0.003 0.252 0.034 0.272 0.007 0.008 1 0.016 0.899 0.226 0.01 0.057 0.297 0.041 0.076 0 0.214 0.272 0.031 0.008 0.039 0.046 0.01 0.042 0.045 0.009 0.043 0.03 0.007 0.012 0.006 0.036 0.03 0.012 0.006 0.005 0.002 0.016 0.027 0.037 0.01 0.014 0.009 0.008 0.006 0.025 0.01 0.009 0.014
0.068 0.086 0.082 0.03 0.009 0.423 0.589 0.004 0.04 0.001 0.006 0.003 0 0.001 0.102 0.1 0.006 0.002 0 0.104 0.001 0.021 0.022 0.01 0.049 0.004 0 0.469 0.402 0.37 0.01 0.078 0.039 0.002 0.402 0.016 1 0.011 0.054 0.002 0.014 0.078 0.011 0.002 0.408 0.016 0.036 0.028 0.062 0.055 0.013 0.531 0.012 0.014 0.053 0.048 0.001 0.278 0.003 0.002 0.033 0 0.003 0.002 0.291 0.001 0.004 0 0.025 0.003 0.004 0.002 0.001 0.001 0.003 0.051 0.004 0.004
0.02 0.036 0.033 0 0.13 0.022 0.016 0.27 0.006 0.003 0.177 0.113 0.012 0.005 0.067 0.065 0.21 0.006 0.008 0.055 0.039 0.038 0.001 0.163 0.011 0.015 0.01 0.018 0.007 0.002 0.193 0.024 0.255 0.006 0.007 0.899 0.011 1 0.212 0.009 0.055 0.281 0.037 0.084 0.01 0.186 0.31 0.027 0.008 0.062 0.041 0.006 0.038 0.043 0.009 0.067 0.057 0.003 0.011 0.005 0.058 0.05 0.011 0.006 0.002 0.013 0.015 0.053 0.06 0.011 0.013 0.008 0.012 0.005 0.051 0.009 0.01 0.013
0.101 0.096 0.095 0.37 0.119 0.047 0.028 0.095 0.519 0.003 0.07 0.047 0.05 0.019 0.2 0.219 0.11 0.024 0.035 0.225 0.171 0.057 0.243 0.156 0.474 0.007 0.039 0.05 0.018 0.021 0.174 0.58 0.797 0.024 0.028 0.226 0.054 0.212 1 0.042 0.204 0.019 0.148 0.012 0.052 0 0.491 0.247 0.006 0.075 0.223 0.04 0.213 0.151 0.002 0.075 0.125 0.013 0.053 0.027 0.083 0.16 0.051 0.014 0.018 0.04 0.042 0.146 0.092 0.053 0.061 0.023 0.043 0.021 0.117 0.001 0.011 0.067
0.02 0.016 0.017 0.037 0.008 0.004 0.003 0.004 0.031 0 0.003 0.002 0.002 0.001 0.016 0.017 0.005 0.001 0.002 0.013 0.007 0.095 0.039 0.008 0.013 0.003 0.002 0.004 0.001 0.001 0.008 0.025 0.035 0.001 0.001 0.01 0.002 0.009 0.042 1 0.006 0.021 0.006 0.001 0.002 0.016 0.02 0.051 0.001 0.011 0.007 0.002 0.007 0.006 0.001 0.012 0.01 0 0.002 0.001 0.011 0.009 0.318 0.001 0.001 0.002 0.001 0.009 0.011 0.322 0.002 0.001 0.002 0.001 0.009 0.001 0.023 0.002
0.009 0.033 0.035 0.224 0.033 0.002 0.016 0.019 0.272 0.003 0.013 0.007 0.013 0.084 0.025 0.014 0.017 0.006 0.01 0.018 0.044 0.076 0.149 0.044 0.138 0.084 0.011 0.002 0.007 0.008 0.045 0.149 0.086 0.105 0.007 0.057 0.014 0.055 0.204 0.006 1 0.182 0.043 0.007 0.014 0.106 0.367 0.087 0 0.074 0.052 0.011 0.051 0.052 0 0.08 0.065 0.004 0.012 0.008 0.072 0.063 0.007 0.006 0.005 0.022 0.234 0.066 0.073 0.008 0.015 0.124 0.013 0.098 0.059 0 0.005 0.015
0.081 0.117 0.116 0 0.034 0.013 0.044 0.063 0.005 0.01 0.035 0.023 0.069 0.016 0.07 0.053 0.072 0.019 0.05 0.047 0.211 0.013 0.078 0.032 0.001 0.041 0.05 0.027 0.027 0.032 0.043 0.001 0.04 0.02 0.041 0.297 0.078 0.281 0.019 0.021 0.182 1 0.201 0.031 0.078 0.42 0.004 0.096 0 0.293 0.217 0.056 0.206 0.15 0.001 0.247 0.199 0.022 0.065 0.016 0.228 0.227 0.032 0.019 0.022 0.05 0.044 0.221 0.218 0.033 0.05 0.028 0.067 0.018 0.176 0.002 0.037 0.033
0 0.001 0.001 0.02 0.007 0.018 0.013 0.002 0.09 0.003 0 0 0.184 0.005 0.023 0.035 0.004 0.004 0.162 0.032 0.598 0.049 0.172 0.015 0.092 0.014 0.17 0.009 0.006 0.007 0.012 0.087 0.116 0.005 0.006 0.041 0.011 0.037 0.148 0.006 0.043 0.201 1 0.006 0.012 0.252 0.121 0.035 0.007 0.574 0.75 0.009 0.746 0.728 0.008 0.553 0.63 0.006 0.162 0.082 0.545 0.593 0.011 0.005 0.004 0.141 0.014 0.546 0.554 0.011 0.205 0.007 0.137 0.005 0.614 0.008 0.014 0.16
0.001 0.008 0.008 0.022 0.006 0.003 0.002 0.004 0.025 0 0.003 0.002 0.002 0.001 0.012 0.013 0.004 0.001 0.001 0.011 0.001 0.05 0.032 0.007 0.014 0 0.001 0.003 0.001 0.001 0.007 0.02 0.016 0.001 0.001 0.076 0.002 0.084 0.012 0.001 0.007 0.031 0.006 1 0.002 0.007 0.029 0.017 0.001 0.01 0.007 0.001 0.007 0.008 0.001 0.011 0.009 0.001 0.002 0.001 0.009 0.008 0.001 0.001 0.001 0.003 0.002 0.009 0.01 0.001 0.002 0.001 0.002 0.001 0.009 0.001 0 0.002
0.066 0.068 0.08 0.029 0.003 0.195 0.279 0.004 0.038 0.001 0.005 0.003 0 0.001 0.099 0.097 0.01 0.002 0 0.102 0.002 0.019 0.021 0.002 0.05 0.004 0 0.227 0.061 0.06 0.002 0.075 0.047 0.002 0.173 0 0.408 0.01 0.052 0.002 0.014 0.078 0.012 0.002 1 0 0.036 0.028 0.002 0.179 0.013 0.74 0.013 0.011 0.002 0.164 0.022 0.343 0.003 0.002 0.114 0.018 0.003 0.002 0.295 0.011 0.004 0.025 0.097 0.003 0.004 0.002 0 0.001 0.012 0.002 0.004 0.004
0.008 0.017 0.018 0.012 0.042 0.051 0.037 0.082 0.028 0 0.044 0.032 0.07 0.013 0.007 0.003 0.09 0.014 0.041 0.001 0.171 0.001 0.096 0.045 0.018 0.026 0.041 0.037 0.018 0.02 0.058 0.011 0.002 0.015 0.011 0.214 0.016 0.186 0 0.016 0.106 0.42 0.252 0.007 0 1 0.005 0.044 0.019 0.19 0.212 0.009 0.21 0.208 0.021 0.171 0.219 0.007 0.046 0.02 0.191 0.205 0.023 0.002 0.005 0.062 0.039 0.184 0.181 0.024 0.066 0.021 0.031 0.001 0.197 0.022 0.016 0.048
0.003 0 0 0.18 0.023 0.007 0.04 0.092 0.25 0.008 0.059 0.038 0.032 0.03 0.008 0.015 0.069 0.01 0.023 0.008 0.101 0.01 0.091 0.028 0.168 0.02 0.026 0.007 0.018 0.012 0.035 0.196 0.374 0.041 0.019 0.272 0.036 0.31 0.491 0.02 0.367 0.004 0.121 0.029 0.036 0.005 1 0.135 0.003 0.2 0.132 0.028 0.129 0.144 0.004 0.218 0.178 0.017 0.03 0.019 0.197 0.161 0.026 0.015 0.012 0.054 0.114 0.166 0.199 0.027 0.038 0.047 0.032 0.039 0.162 0.006 0 0.038
0.056 0.045 0.042 0.157 0.035 0.015 0.008 0.026 0.176 0.019 0.039 0.026 0.008 0.008 0.041 0.039 0.025 0.003 0.013 0.049 0.014 0.098 0.018 0.028 0.125 0 0.014 0.03 0.008 0.01 0.035 0.177 0.191 0.011 0.015 0.031 0.028 0.027 0.247 0.051 0.087 0.096 0.035 0.017 0.028 0.044 0.135 1 0.015 0.069 0.03 0.022 0.028 0.035 0.008 0.057 0.038 0.005 0.003 0 0.049 0.03 0.078 0.044 0.01 0.028 0.027 0.031 0.047 0.082 0.009 0.01 0 0.011 0.039 0.006 0.031 0.006
0.018 0.025 0.024 0.008 0.001 0.105 0.054 0.004 0.012 0 0.003 0.002 0.002 0.054 0.029 0.026 0.004 0.01 0.001 0.035 0.006 0 0.003 0 0.014 0.002 0.002 0.105 0.06 0.052 0.001 0.015 0.003 0 0.137 0.008 0.062 0.008 0.006 0.001 0 0 0.007 0.001 0.002 0.019 0.003 0.015 1 0.011 0.007 0.002 0.007 0.008 0.878 0.012 0.01 0.001 0.002 0.001 0.011 0.009 0.002 0.001 0.001 0.003 0.002 0.009 0.011 0.002 0.002 0 0.002 0.001 0.009 0.818 0.013 0.002
0.019 0.027 0.029 0.003 0.005 0.011 0.028 0.01 0.043 0.005 0.005 0 0.155 0.007 0 0 0.001 0.007 0.112 0 0.484 0.052 0.123 0.012 0.036 0.021 0.117 0.025 0.003 0.002 0.01 0.024 0.055 0.009 0.021 0.039 0.055 0.062 0.075 0.011 0.074 0.293 0.574 0.01 0.179 0.19 0.2 0.069 0.011 1 0.66 0.134 0.636 0.64 0.012 0.914 0.76 0.057 0.149 0.046 0.848 0.708 0.017 0.008 0.053 0.238 0.023 0.699 0.831 0.018 0.131 0.012 0.162 0.008 0.692 0.013 0.023 0.127
0.002 0 0.001 0.038 0.029 0.02 0.014 0.026 0.147 0.003 0.02 0.012 0.214 0.004 0.049 0.067 0.031 0.005 0.139 0.067 0.664 0.024 0.254 0.047 0.149 0.014 0.147 0.01 0.007 0.007 0.042 0.142 0.174 0.006 0.007 0.046 0.013 0.041 0.223 0.007 0.052 0.217 0.75 0.007 0.013 0.212 0.132 0.03 0.007 0.66 1 0.01 0.954 0.803 0.008 0.604 0.709 0.006 0.226 0.074 0.606 0.773 0.012 0.006 0.004 0.239 0.015 0.736 0.614 0.012 0.205 0.008 0.206 0.005 0.66 0.008 0.015 0.2
0.04 0.052 0.05 0.016 0.006 0.262 0.367 0.002 0.022 0.001 0.003 0.002 0 0.001 0.066 0.066 0.003 0.001 0 0.064 0 0.012 0.011 0.006 0.03 0.003 0 0.303 0.083 0.081 0.007 0.052 0.034 0.001 0.227 0.01 0.531 0.006 0.04 0.002 0.011 0.056 0.009 0.001 0.74 0.009 0.028 0.022 0.002 0.134 0.01 1 0.008 0.009 0.002 0.128 0.004 0.443 0.002 0 0.078 0.005 0.002 0.001 0.379 0 0.003 0.004 0.064 0.003 0.002 0.002 0 0.001 0 0.002 0.003 0.002
0.001 0 0 0.036 0.028 0.019 0.014 0.025 0.146 0.003 0.019 0.012 0.191 0.004 0.054 0.072 0.03 0.004 0.138 0.065 0.637 0.021 0.249 0.046 0.145 0.013 0.139 0.009 0.007 0.007 0.04 0.138 0.166 0.006 0.007 0.042 0.012 0.038 0.213 0.007 0.051 0.206 0.746 0.007 0.013 0.21 0.129 0.028 0.007 0.636 0.954 0.008 1 0.781 0.008 0.589 0.691 0.006 0.232 0.083 0.609 0.76 0.011 0.005 0.004 0.211 0.015 0.716 0.597 0.012 0.218 0.008 0.211 0.005 0.64 0.008 0.015 0.212
0.001 0.003 0.002 0.017 0.006 0.021 0.016 0.002 0.098 0.003 0 0 0.111 0.005 0.021 0.033 0.003 0.005 0.135 0.031 0.518 0.026 0.182 0.013 0.089 0.015 0.142 0.022 0.007 0.008 0.011 0.084 0.116 0.006 0.008 0.045 0.014 0.043 0.151 0.006 0.052 0.15 0.728 0.008 0.011 0.208 0.144 0.035 0.008 0.64 0.803 0.009 0.781 1 0.009 0.651 0.723 0.007 0.208 0.082 0.629 0.648 0.011 0.006 0.004 0.237 0.016 0.615 0.637 0.011 0.122 0.009 0.188 0.006 0.675 0.009 0.017 0.189
0.015 0.021 0.02 0.006 0 0.088 0.045 0.004 0.009 0 0.003 0.002 0.002 0.046 0.025 0.022 0.005 0.008 0.002 0.031 0.007 0 0.002 0 0.009 0.002 0.002 0.089 0.051 0.044 0.002 0.009 0.001 0 0.118 0.009 0.053 0.009 0.002 0.001 0 0.001 0.008 0.001 0.002 0.021 0.004 0.008 0.878 0.012 0.008 0.002 0.008 0.009 1 0.014 0.011 0.001 0.002 0.001 0.012 0.01 0.002 0.001 0.001 0.003 0.003 0.01 0.012 0.002 0.002 0 0.002 0.001 0.01 0.799 0.033 0.002
0.021 0.031 0.033 0.002 0.004 0.017 0.04 0.007 0.038 0.005 0.003 0.001 0.145 0.008 0.001 0 0 0.008 0.102 0 0.441 0.045 0.117 0.011 0.035 0.023 0.106 0.02 0.002 0.002 0.009 0.023 0.054 0.01 0.018 0.043 0.048 0.067 0.075 0.012 0.08 0.247 0.553 0.011 0.164 0.171 0.218 0.057 0.012 0.914 0.604 0.128 0.589 0.651 0.014 1 0.82 0.051 0.137 0.087 0.903 0.738 0.019 0.009 0.048 0.238 0.025 0.728 0.885 0.02 0.172 0.013 0.148 0.009 0.745 0.014 0.025 0.175
0.006 0.01 0.011 0.009 0.002 0.001 0 0.005 0.06 0.004 0.002 0.001 0.156 0.006 0.002 0.007 0 0.007 0.126 0.011 0.487 0.031 0.159 0.006 0.066 0.019 0.131 0.002 0.006 0.005 0.005 0.062 0.101 0.008 0 0.03 0.001 0.057 0.125 0.01 0.065 0.199 0.63 0.009 0.022 0.219 0.178 0.038 0.01 0.76 0.709 0.004 0.691 0.723 0.011 0.82 1 0.008 0.144 0.103 0.802 0.872 0.016 0.008 0.006 0.268 0.02 0.862 0.806 0.016 0.21 0.011 0.158 0.007 0.889 0.011 0.021 0.214
0.012 0.017 0.016 0.003 0.006 0.117 0.165 0.003 0.005 0 0.003 0.002 0 0.001 0.017 0.019 0.004 0.001 0.001 0.022 0 0.003 0.003 0.006 0.007 0.002 0.001 0.154 0.103 0.09 0.006 0.026 0.017 0.001 0.108 0.007 0.278 0.003 0.013 0 0.004 0.022 0.006 0.001 0.343 0.007 0.017 0.005 0.001 0.057 0.006 0.443 0.006 0.007 0.001 0.051 0.008 1 0.001 0.001 0.057 0.008 0 0 0.64 0.003 0.002 0.008 0.044 0 0.002 0.001 0.002 0.001 0.008 0.001 0.002 0.002
0.025 0.035 0.033 0.007 0.008 0.004 0.003 0.006 0.036 0.001 0.005 0.003 0.027 0.001 0.007 0.007 0.007 0.001 0.002 0.016 0.187 0.018 0.045 0.01 0.032 0.003 0.002 0.004 0.002 0.001 0.01 0.031 0.042 0.001 0.002 0.012 0.003 0.011 0.053 0.002 0.012 0.065 0.162 0.002 0.003 0.046 0.03 0.003 0.002 0.149 0.226 0.002 0.232 0.208 0.002 0.137 0.144 0.001 1 0.008 0.147 0.167 0.003 0.001 0.001 0.002 0.003 0.18 0.135 0.003 0.002 0.002 0.4 0.001 0.109 0.002 0.003 0.001
0.005 0.003 0.003 0.011 0.006 0.002 0.005 0.004 0.008 0 0.003 0.002 0.213 0.001 0.003 0.003 0.004 0.001 0 0.012 0.052 0 0.035 0.007 0.018 0.002 0 0.003 0.001 0.001 0.007 0.017 0.022 0.001 0.001 0.006 0.002 0.005 0.027 0.001 0.008 0.016 0.082 0.001 0.002 0.02 0.019 0 0.001 0.046 0.074 0 0.083 0.082 0.001 0.087 0.103 0.001 0.008 1 0.093 0.115 0.002 0.001 0.001 0.003 0.002 0.108 0.085 0.002 0.319 0.001 0 0.001 0.088 0.001 0.002 0.395
0.018 0.026 0.027 0.003 0.003 0.006 0.018 0.006 0.043 0.004 0.002 0.001 0.14 0.007 0 0.001 0 0.007 0.094 0.002 0.438 0.038 0.127 0.008 0.044 0.021 0.09 0.008 0.003 0.002 0.009 0.031 0.062 0.009 0.01 0.036 0.033 0.058 0.083 0.011 0.072 0.228 0.545 0.009 0.114 0.191 0.197 0.049 0.011 0.848 0.606 0.078 0.609 0.629 0.012 0.903 0.802 0.057 0.147 0.093 1 0.727 0.017 0.008 0.053 0.215 0.023 0.737 0.912 0.018 0.19 0.012 0.16 0.008 0.748 0.013 0.023 0.194
0.001 0.002 0.003 0.019 0.015 0.001 0 0.028 0.089 0.004 0.024 0.015 0.174 0.005 0.011 0.02 0.012 0.006 0.128 0.029 0.531 0.024 0.194 0.028 0.096 0.017 0.128 0.001 0.005 0.004 0.024 0.093 0.128 0.007 0.001 0.03 0 0.05 0.16 0.009 0.063 0.227 0.593 0.008 0.018 0.205 0.161 0.03 0.009 0.708 0.773 0.005 0.76 0.648 0.01 0.738 0.872 0.008 0.167 0.115 0.727 1 0.014 0.007 0.005 0.276 0.018 0.91 0.724 0.015 0.233 0.009 0.183 0.006 0.786 0.01 0.019 0.237
0.016 0.012 0.013 0.036 0.008 0.003 0.004 0.004 0.035 0.001 0.003 0.003 0.003 0 0.007 0.009 0.005 0.001 0.002 0.013 0.01 0.07 0.02 0.009 0.017 0.003 0.002 0.003 0.002 0.002 0.011 0.031 0.042 0.001 0.002 0.012 0.003 0.011 0.051 0.318 0.007 0.032 0.011 0.001 0.003 0.023 0.026 0.078 0.002 0.017 0.012 0.002 0.011 0.011 0.002 0.019 0.016 0 0.003 0.002 0.017 0.014 1 0.001 0.001 0.005 0.004 0.014 0.017 0.966 0.003 0.002 0.003 0.001 0.014 0.002 0.118 0.003
0.005 0.009 0.003 0.013 0 0.002 0.002 0.003 0.011 0.402 0.002 0.001 0.001 0.001 0.003 0.001 0.003 0.001 0.001 0.003 0.005 0.006 0.013 0.001 0.009 0.076 0.001 0.002 0.001 0.001 0.006 0.017 0.023 0.001 0.001 0.006 0.002 0.006 0.014 0.001 0.006 0.019 0.005 0.001 0.002 0.002 0.015 0.044 0.001 0.008 0.006 0.001 0.005 0.006 0.001 0.009 0.008 0 0.001 0.001 0.008 0.007 0.001 1 0.001 0.002 0.002 0.007 0.008 0.001 0.002 0.001 0.001 0.001 0.007 0.001 0.002 0.002
0.012 0.016 0.015 0.005 0.004 0.099 0.14 0.002 0.008 0 0.002 0.001 0.001 0 0.021 0.024 0.003 0.001 0.001 0.025 0 0.007 0.005 0.002 0.01 0.001 0.001 0.125 0.145 0.127 0.002 0.031 0.022 0.001 0.096 0.005 0.291 0.002 0.018 0.001 0.005 0.022 0.004 0.001 0.295 0.005 0.012 0.01 0.001 0.053 0.004 0.379 0.004 0.004 0.001 0.048 0.006 0.64 0.001 0.001 0.053 0.005 0.001 0.001 1 0 0.001 0.005 0.038 0.001 0.001 0.001 0.001 0 0.005 0.001 0.001 0.001
0.005 0.004 0.004 0.024 0.002 0.003 0.002 0.011 0.029 0.001 0.008 0.005 0 0.002 0.005 0.006 0 0.002 0.36 0.004 0.132 0.002 0.063 0.002 0.025 0.005 0.378 0.003 0.003 0.002 0.001 0.023 0.025 0.002 0 0.002 0.001 0.013 0.04 0.002 0.022 0.05 0.141 0.003 0.011 0.062 0.054 0.028 0.003 0.238 0.239 0 0.211 0.237 0.003 0.238 0.268 0.003 0.002 0.003 0.215 0.276 0.005 0.002 0 1 0.006 0.267 0.26 0.005 0.006 0.003 0.001 0.002 0.263 0.003 0.006 0.001
0.014 0.027 0.028 0.047 0.012 0.006 0.005 0.007 0.059 0.001 0.005 0.004 0.004 0.001 0.025 0.012 0.008 0.002 0.003 0.023 0.013 0.017 0.037 0.013 0 0.289 0.003 0.006 0.002 0.002 0.014 0 0.003 0.002 0.002 0.016 0.004 0.015 0.042 0.001 0.234 0.044 0.014 0.002 0.004 0.039 0.114 0.027 0.002 0.023 0.015 0.003 0.015 0.016 0.003 0.025 0.02 0.002 0.003 0.002 0.023 0.018 0.004 0.002 0.001 0.006 1 0.019 0.023 0.004 0.004 0.002 0.004 0.002 0.019 0.003 0 0.004
0.004 0.006 0.007 0.012 0.008 0.001 0 0.029 0.076 0.004 0.025 0.015 0.148 0.006 0.007 0.015 0.008 0.002 0.12 0.021 0.506 0.027 0.177 0.018 0.083 0.017 0.121 0.001 0.005 0.005 0.018 0.079 0.115 0.007 0.001 0.027 0 0.053 0.146 0.009 0.066 0.221 0.546 0.009 0.025 0.184 0.166 0.031 0.009 0.699 0.736 0.004 0.716 0.615 0.01 0.728 0.862 0.008 0.18 0.108 0.737 0.91 0.014 0.007 0.005 0.267 0.019 1 0.716 0.015 0.227 0.01 0.195 0.006 0.783 0.011 0.019 0.227
0.01 0.019 0.021 0.005 0.003 0.003 0.013 0.006 0.047 0.004 0.002 0.001 0.147 0.007 0 0.002 0 0.007 0.112 0.003 0.484 0.034 0.127 0.009 0.05 0.021 0.117 0.005 0 0 0.007 0.036 0.07 0.009 0.01 0.037 0.025 0.06 0.092 0.011 0.073 0.218 0.554 0.01 0.097 0.181 0.199 0.047 0.011 0.831 0.614 0.064 0.597 0.637 0.012 0.885 0.806 0.044 0.135 0.085 0.912 0.724 0.017 0.008 0.038 0.26 0.023 0.716 1 0.018 0.189 0.012 0.163 0.008 0.732 0.013 0.016 0.184
0.017 0.013 0.014 0.038 0.008 0.003 0.004 0.004 0.037 0.001 0.003 0.003 0.003 0 0.008 0.009 0.005 0.001 0.002 0.014 0.01 0.075 0.022 0.009 0.018 0.004 0.003 0.003 0.002 0.002 0.012 0.032 0.043 0.001 0.002 0.01 0.003 0.011 0.053 0.322 0.008 0.033 0.011 0.001 0.003 0.024 0.027 0.082 0.002 0.018 0.012 0.003 0.012 0.011 0.002 0.02 0.016 0 0.003 0.002 0.018 0.015 0.966 0.001 0.001 0.005 0.004 0.015 0.018 1 0.003 0.002 0.003 0.001 0.015 0.002 0.127 0.003
0.001 0 0 0.008 0.013 0 0.001 0.007 0.029 0.001 0.006 0.003 0.216 0.001 0.013 0.014 0.009 0.001 0.002 0.022 0.191 0.004 0.08 0.014 0.039 0.004 0.002 0 0.002 0.002 0.014 0.038 0.05 0.002 0.002 0.014 0.004 0.013 0.061 0.002 0.015 0.05 0.205 0.002 0.004 0.066 0.038 0.009 0.002 0.131 0.205 0.002 0.218 0.122 0.002 0.172 0.21 0.002 0.002 0.319 0.19 0.233 0.003 0.002 0.001 0.006 0.004 0.227 0.189 0.003 1 0.002 0.003 0.001 0.204 0.002 0.004 0.611
0 0.013 0.013 0.027 0.005 0.003 0.002 0.003 0.033 0 0.002 0.001 0.002 0.001 0.013 0.007 0.003 0.001 0.002 0.011 0.007 0.006 0.016 0.008 0.025 0.001 0.002 0.003 0.001 0.001 0.008 0.026 0.016 0.61 0.001 0.009 0.002 0.008 0.023 0.001 0.124 0.028 0.007 0.001 0.002 0.021 0.047 0.01 0 0.012 0.008 0.002 0.008 0.009 0 0.013 0.011 0.001 0.002 0.001 0.012 0.009 0.002 0.001 0.001 0.003 0.002 0.01 0.012 0.002 0.002 1 0.002 0.001 0.01 0.001 0.003 0.002
0.019 0.02 0.025 0.003 0 0.002 0.001 0.006 0.015 0.001 0.004 0.003 0.018 0.001 0 0.003 0.003 0.001 0.003 0.006 0.118 0.016 0.023 0.006 0.023 0.004 0.003 0.002 0 0 0.006 0.022 0.034 0.001 0.002 0.008 0.001 0.012 0.043 0.002 0.013 0.067 0.137 0.002 0 0.031 0.032 0 0.002 0.162 0.206 0 0.211 0.188 0.002 0.148 0.158 0.002 0.4 0 0.16 0.183 0.003 0.001 0.001 0.001 0.004 0.195 0.163 0.003 0.003 0.002 1 0.001 0.146 0.002 0.004 0.001
0.004 0.01 0.01 0.023 0.004 0.002 0.002 0.003 0.028 0 0.002 0.001 0.001 0.001 0.01 0.006 0.003 0 0.001 0.008 0.004 0.008 0.015 0.005 0.032 0.002 0.001 0.002 0.001 0.001 0.005 0.035 0.025 0.001 0.001 0.006 0.001 0.005 0.021 0.001 0.098 0.018 0.005 0.001 0.001 0.001 0.039 0.011 0.001 0.008 0.005 0.001 0.005 0.006 0.001 0.009 0.007 0.001 0.001 0.001 0.008 0.006 0.001 0.001 0 0.002 0.002 0.006 0.008 0.001 0.001 0.001 0.001 1 0.006 0.001 0.002 0.001
0.005 0.008 0.01 0.01 0.001 0.001 0 0.004 0.051 0.004 0.001 0 0.139 0.006 0.001 0.006 0 0.006 0.117 0.009 0.424 0.028 0.137 0.005 0.059 0.017 0.123 0.001 0.005 0.004 0.005 0.055 0.085 0.007 0.001 0.025 0.003 0.051 0.117 0.009 0.059 0.176 0.614 0.009 0.012 0.197 0.162 0.039 0.009 0.692 0.66 0 0.64 0.675 0.01 0.745 0.889 0.008 0.109 0.088 0.748 0.786 0.014 0.007 0.005 0.263 0.019 0.783 0.732 0.015 0.204 0.01 0.146 0.006 1 0.01 0.019 0.218
0.015 0.022 0.021 0.005 0 0.091 0.048 0.004 0.008 0.001 0.003 0.002 0.002 0.045 0.025 0.023 0.005 0.008 0.002 0.032 0.007 0.001 0.001 0 0.008 0.003 0.002 0.092 0.056 0.048 0.002 0.007 0 0.001 0.116 0.01 0.051 0.009 0.001 0.001 0 0.002 0.008 0.001 0.002 0.022 0.006 0.006 0.818 0.013 0.008 0.002 0.008 0.009 0.799 0.014 0.011 0.001 0.002 0.001 0.013 0.01 0.002 0.001 0.001 0.003 0.003 0.011 0.013 0.002 0.002 0.001 0.002 0.001 0.01 1 0.036 0.002
0.011 0.007 0.008 0.006 0.011 0.002 0.001 0.008 0.003 0.001 0.006 0.004 0.004 0.021 0.002 0.002 0.01 0.002 0.003 0.004 0.007 0.029 0.002 0.012 0 0.001 0.003 0.002 0 0 0.015 0.005 0.008 0.002 0.002 0.009 0.004 0.01 0.011 0.023 0.005 0.037 0.014 0 0.004 0.016 0 0.031 0.013 0.023 0.015 0.003 0.015 0.017 0.033 0.025 0.021 0.002 0.003 0.002 0.023 0.019 0.118 0.002 0.001 0.006 0 0.019 0.016 0.127 0.004 0.003 0.004 0.002 0.019 0.036 1 0.004
0 0 0 0.008 0.013 0 0 0.008 0.033 0.001 0.006 0.004 0.124 0.001 0.013 0.015 0.009 0.001 0.002 0.023 0.147 0.001 0.076 0.014 0.044 0.004 0.002 0.006 0.002 0.002 0.014 0.042 0.055 0.002 0.002 0.014 0.004 0.013 0.067 0.002 0.015 0.033 0.16 0.002 0.004 0.048 0.038 0.006 0.002 0.127 0.2 0.002 0.212 0.189 0.002 0.175 0.214 0.002 0.001 0.395 0.194 0.237 0.003 0.002 0.001 0.001 0.004 0.227 0.184 0.003 0.611 0.002 0.001 0.001 0.218 0.002 0.004 1
