1 0.8 0.824 0.428 0.38 0.185 0.137 0.207 0.299 0.009 0.173 0.083 0.027 0.037 0.549 0.512 0.216 0.056 0.034 0.552 0.012 0.106 0.095 0.314 0.279 0.01 0.038 0.148 0.052 0.046 0.263 0.203 0.125 0 0.052 0.046 0.07 0.029 0.107 0.024 0.017 0.062 0.001 0 0.069 0.018 0.004 0.038 0.007 0.011 0.005 0.053 0.003 0 0.013 0.014 0.004 0.007 0.028 0.003 0.013 0 0.006 0.001 0.008 0.007 0.014 0.002 0.006 0.008 0.004 0 0.037 0.002 0.003 0.019 0 0.003
0.8 1 0.951 0.441 0.42 0.226 0.167 0.253 0.298 0.007 0.211 0.101 0.022 0.045 0.654 0.595 0.238 0.069 0.028 0.633 0.006 0.111 0.108 0.349 0.307 0.029 0.032 0.183 0.063 0.058 0.303 0.23 0.13 0 0.065 0.041 0.088 0.032 0.093 0.019 0.035 0.058 0.001 0.009 0.064 0.012 0 0.031 0.011 0.008 0.008 0.067 0.006 0.001 0.019 0.012 0.002 0.01 0.036 0.002 0.01 0 0.003 0.003 0.011 0.005 0.033 0 0.011 0.005 0.002 0.001 0.032 0.007 0.001 0.026 0.002 0.002
0.824 0.951 1 0.468 0.461 0.224 0.166 0.251 0.321 0.007 0.209 0.1 0.022 0.045 0.678 0.617 0.263 0.068 0.029 0.673 0.006 0.112 0.109 0.386 0.333 0.029 0.032 0.181 0.062 0.057 0.327 0.245 0.141 0 0.064 0.05 0.087 0.031 0.102 0.02 0.035 0.065 0.001 0.009 0.085 0.016 0 0.032 0.011 0.011 0.008 0.066 0.006 0.001 0.019 0.016 0.004 0.01 0.036 0.002 0.014 0 0.004 0.001 0.011 0.004 0.034 0.001 0.016 0.005 0.002 0.001 0.046 0.007 0.003 0.025 0.002 0.002
0.428 0.441 0.468 1 0.226 0.1 0.072 0.12 0.826 0.016 0.1 0.048 0.046 0.021 0.314 0.348 0.129 0.037 0.06 0.318 0.046 0.262 0.337 0.207 0.604 0.009 0.062 0.076 0.03 0.024 0.173 0.511 0.298 0.037 0.023 0.005 0.031 0.001 0.393 0.04 0.195 0 0.035 0.024 0.035 0.009 0.192 0.148 0.004 0.008 0.055 0.026 0.051 0.031 0.006 0.005 0.011 0.001 0.013 0.009 0.005 0.025 0.018 0.005 0.006 0.02 0.065 0.015 0.003 0.023 0.01 0.037 0.017 0.003 0.014 0.004 0.001 0.015
0.38 0.42 0.461 0.226 1 0.022 0.017 0.474 0.257 0.004 0.428 0.2 0.011 0.004 0.466 0.441 0.531 0.146 0.014 0.508 0.039 0.072 0.136 0.794 0.26 0.014 0.015 0.022 0.006 0.008 0.678 0.222 0.156 0 0.008 0.168 0.013 0.121 0.126 0.009 0.034 0.018 0.01 0.005 0 0.039 0.019 0.043 0.004 0.01 0.032 0.004 0.03 0.008 0.001 0.009 0.004 0.006 0 0.008 0.011 0.026 0.001 0.001 0.004 0.006 0.016 0.015 0.006 0.001 0.012 0 0 0.003 0.005 0 0 0.013
0.185 0.226 0.224 0.1 0.022 1 0.741 0.012 0.117 0.002 0.01 0.005 0.005 0.2 0.23 0.202 0.014 0.004 0.006 0.196 0.019 0.014 0.038 0.023 0.106 0.006 0.007 0.811 0.279 0.281 0.022 0.064 0.034 0.001 0.271 0.022 0.398 0.021 0.024 0.004 0 0.006 0.022 0.004 0.207 0.049 0.009 0.003 0.075 0.009 0.021 0.255 0.02 0.024 0.047 0.018 0 0.065 0.003 0.002 0.012 0 0.001 0.002 0.049 0 0.008 0 0.011 0.001 0 0 0.002 0.001 0 0.07 0.015 0
0.137 0.167 0.166 0.072 0.017 0.741 1 0.009 0.091 0.001 0.007 0.004 0.004 0.002 0.183 0.161 0.01 0.003 0.005 0.151 0.014 0.008 0.025 0.017 0.077 0.005 0.005 0.596 0.372 0.378 0.016 0.034 0.015 0.003 0.368 0.016 0.517 0.015 0.009 0.003 0.018 0.022 0.017 0.003 0.27 0.035 0.041 0 0.049 0.023 0.016 0.328 0.015 0.018 0.03 0.038 0.002 0.079 0.002 0.005 0.027 0.004 0.004 0.001 0.069 0 0.006 0.004 0.026 0.004 0.002 0.003 0.001 0.001 0.003 0.054 0.009 0.001
0.207 0.253 0.251 0.12 0.474 0.012 0.009 1 0.134 0.002 0.835 0.402 0.006 0.002 0.254 0.223 0.726 0.004 0.007 0.278 0.02 0.038 0.071 0.419 0.156 0.007 0.008 0.011 0.003 0.004 0.405 0.143 0.1 0.001 0.004 0.236 0.007 0.248 0.085 0.005 0.013 0.05 0.002 0.002 0.007 0.105 0.093 0.029 0.003 0.01 0.023 0.001 0.022 0.001 0.004 0.007 0.004 0.003 0.004 0.004 0.005 0.029 0.001 0.002 0.002 0.011 0.008 0.029 0.006 0 0.006 0.001 0.004 0.002 0.006 0.005 0.002 0.006
0.299 0.298 0.321 0.826 0.257 0.117 0.091 0.134 1 0.014 0.111 0.055 0.041 0.024 0.373 0.414 0.145 0.042 0.036 0.376 0.129 0.24 0.45 0.237 0.691 0.012 0.039 0.094 0.034 0.028 0.197 0.599 0.376 0.042 0.033 0.01 0.043 0.004 0.489 0.035 0.227 0.006 0.09 0.026 0.042 0.025 0.229 0.181 0.009 0.035 0.129 0.032 0.126 0.086 0.012 0.027 0.04 0.002 0.012 0.009 0.029 0.07 0.015 0.009 0.008 0.015 0.075 0.055 0.023 0.019 0.017 0.042 0.007 0.004 0.042 0.009 0 0.028
0.009 0.007 0.007 0.016 0.004 0.002 0.001 0.002 0.014 1 0.002 0.001 0.001 0 0.006 0.004 0.002 0.001 0.001 0.006 0.003 0.003 0.007 0.004 0.011 0.067 0.001 0.002 0 0.001 0.003 0.01 0.01 0.001 0.001 0.001 0.001 0.001 0.011 0.001 0.004 0.007 0.003 0 0.001 0 0.009 0.015 0 0.004 0.003 0.001 0.002 0.003 0.001 0.005 0.004 0 0.001 0.001 0.004 0.003 0.001 0.473 0 0.001 0.001 0.003 0.004 0.001 0.001 0.001 0.001 0 0.004 0.001 0.001 0.001
0.173 0.211 0.209 0.1 0.428 0.01 0.007 0.835 0.111 0.002 1 0.481 0.005 0.002 0.228 0.2 0.654 0.003 0.006 0.248 0.016 0.032 0.059 0.365 0.142 0.006 0.007 0.009 0.003 0.004 0.347 0.127 0.089 0.002 0.003 0.184 0.006 0.192 0.076 0.004 0.009 0.037 0 0.004 0.005 0.086 0.074 0.042 0.003 0.006 0.019 0 0.018 0 0.004 0.003 0.001 0.003 0.003 0.003 0.002 0.024 0 0.002 0.002 0.009 0.007 0.024 0.002 0 0.005 0.002 0.004 0.001 0.003 0.004 0.005 0.005
0.083 0.101 0.1 0.048 0.2 0.005 0.004 0.402 0.055 0.001 0.481 1 0.002 0.001 0.112 0.098 0.344 0.002 0.003 0.122 0.009 0.015 0.029 0.152 0.07 0.003 0.003 0.005 0.001 0.002 0.161 0.074 0.051 0.01 0.002 0.069 0.003 0.069 0.045 0.002 0.001 0.011 0 0.002 0.003 0.034 0.036 0.022 0.001 0 0.01 0 0.009 0 0.002 0 0 0.001 0.001 0.002 0 0.012 0.002 0.001 0.001 0.005 0.003 0.012 0 0.002 0.003 0.01 0.002 0.001 0.001 0.002 0.002 0.003
0.027 0.022 0.022 0.046 0.011 0.005 0.004 0.006 0.041 0.001 0.005 0.002 1 0.001 0.011 0.011 0.007 0.002 0.003 0.012 0.243 0.016 0.058 0.011 0.032 0.003 0.003 0.005 0.001 0.002 0.006 0.027 0.036 0.002 0 0.011 0.001 0.01 0.042 0.002 0.011 0.072 0.18 0.002 0.001 0.038 0.026 0.012 0.001 0.137 0.198 0 0.192 0.142 0.002 0.136 0.142 0 0.015 0.247 0.129 0.16 0.003 0.001 0 0 0.004 0.135 0.11 0.003 0.139 0.002 0.005 0.001 0.124 0.002 0.003 0.232
0.037 0.045 0.045 0.021 0.004 0.2 0.002 0.002 0.024 0 0.002 0.001 0.001 1 0.049 0.044 0.003 0.001 0.001 0.047 0.004 0.007 0.013 0.005 0.026 0.001 0.001 0.208 0.001 0.001 0.004 0.033 0.024 0.013 0.001 0.004 0 0.004 0.021 0.001 0.074 0.01 0.005 0.001 0 0.011 0.028 0.01 0.028 0.004 0.004 0 0.004 0.005 0.018 0.005 0.006 0 0.001 0.001 0.004 0.005 0.003 0 0 0.002 0.002 0.005 0.004 0.002 0.001 0.012 0.001 0 0.006 0.016 0.007 0.001
0.549 0.654 0.678 0.314 0.466 0.23 0.183 0.254 0.373 0.006 0.228 0.112 0.011 0.049 1 0.87 0.305 0.086 0.013 0.801 0.051 0.095 0.176 0.463 0.41 0.026 0.016 0.205 0.068 0.089 0.391 0.32 0.232 0 0.076 0.085 0.102 0.06 0.183 0.018 0.026 0.04 0.031 0.01 0.1 0.005 0.005 0.045 0.014 0 0.06 0.078 0.056 0.03 0.023 0 0.003 0.014 0.005 0.004 0 0.016 0.006 0.003 0.024 0.001 0.028 0.01 0 0.008 0.008 0 0.001 0.006 0.003 0.031 0.002 0.01
0.512 0.595 0.617 0.348 0.441 0.202 0.161 0.223 0.414 0.004 0.2 0.098 0.011 0.044 0.87 1 0.268 0.075 0.016 0.71 0.057 0.11 0.201 0.438 0.386 0.01 0.019 0.179 0.06 0.079 0.378 0.303 0.215 0.001 0.074 0.083 0.095 0.059 0.189 0.02 0.017 0.039 0.03 0.01 0.093 0.003 0.01 0.05 0.011 0 0.057 0.074 0.052 0.029 0.019 0 0.004 0.014 0.001 0.005 0 0.017 0.008 0.002 0.027 0.002 0.017 0.01 0 0.01 0.011 0 0 0.002 0.004 0.026 0.001 0.013
0.216 0.238 0.263 0.129 0.531 0.014 0.01 0.726 0.145 0.002 0.654 0.344 0.007 0.003 0.305 0.268 1 0.005 0.008 0.353 0.025 0.044 0.085 0.521 0.202 0.009 0.009 0.013 0.004 0.005 0.51 0.179 0.127 0 0.005 0.308 0.008 0.228 0.108 0.006 0.014 0.075 0.002 0.003 0.004 0.137 0.082 0.039 0.004 0.001 0.023 0.001 0.022 0.001 0.005 0 0 0.004 0.004 0.006 0 0.014 0.001 0.002 0.002 0 0.01 0.008 0 0.001 0.008 0 0 0.002 0 0.005 0.008 0.009
0.056 0.069 0.068 0.037 0.146 0.004 0.003 0.004 0.042 0.001 0.003 0.002 0.002 0.001 0.086 0.075 0.005 1 0.002 0.093 0.007 0.012 0.022 0.159 0.053 0.002 0.002 0.004 0.001 0.001 0.168 0.056 0.042 0.001 0.001 0.007 0.002 0.007 0.036 0.002 0.009 0.023 0.007 0.001 0.002 0.018 0.015 0.003 0 0.011 0.007 0.002 0.007 0.008 0 0.012 0.01 0.001 0.001 0.002 0.01 0.009 0.002 0.001 0.001 0.003 0.003 0.005 0.011 0.002 0.002 0.001 0.001 0.001 0.009 0 0.002 0.002
0.034 0.028 0.029 0.06 0.014 0.006 0.005 0.007 0.036 0.001 0.006 0.003 0.003 0.001 0.013 0.016 0.008 0.002 1 0.024 0.323 0.021 0.092 0.014 0.041 0.004 0.849 0.006 0.002 0.002 0.013 0.027 0.032 0.002 0.002 0.013 0.004 0.013 0.046 0.003 0.007 0.067 0.226 0.002 0.004 0.043 0.022 0.023 0.002 0.15 0.202 0.003 0.187 0.171 0.002 0.11 0.137 0.002 0.002 0.002 0.088 0.142 0.003 0.001 0.001 0.353 0.005 0.141 0.126 0.004 0.001 0.002 0.002 0.012 0.138 0.003 0.004 0.001
0.552 0.633 0.673 0.318 0.508 0.196 0.151 0.278 0.376 0.006 0.248 0.122 0.012 0.047 0.801 0.71 0.353 0.093 0.024 1 0.051 0.12 0.206 0.545 0.488 0.024 0.017 0.2 0.074 0.069 0.473 0.361 0.237 0 0.068 0.076 0.091 0.051 0.189 0.015 0.023 0.036 0.026 0.011 0.09 0.007 0.005 0.063 0.016 0 0.052 0.067 0.052 0.024 0.027 0 0.005 0.007 0.012 0.017 0.001 0.021 0.005 0.003 0.015 0 0.028 0.018 0 0.006 0.023 0 0.003 0.005 0.006 0.035 0.002 0.024
0.012 0.006 0.006 0.046 0.039 0.019 0.014 0.02 0.129 0.003 0.016 0.009 0.243 0.004 0.051 0.057 0.025 0.007 0.323 0.051 1 0.051 0.258 0.041 0.115 0.012 0.364 0.018 0.005 0.007 0.034 0.095 0.123 0.007 0.003 0.04 0.007 0.037 0.154 0.008 0.033 0.22 0.668 0.003 0.007 0.159 0.079 0.025 0.005 0.482 0.691 0.005 0.666 0.562 0.007 0.405 0.468 0.002 0.117 0.089 0.365 0.509 0.01 0.003 0 0.199 0.014 0.466 0.444 0.011 0.121 0.007 0.089 0.002 0.437 0.007 0.005 0.18
0.106 0.111 0.112 0.262 0.072 0.014 0.008 0.038 0.24 0.003 0.032 0.015 0.016 0.007 0.095 0.11 0.044 0.012 0.021 0.12 0.051 1 0.393 0.073 0.202 0.021 0.02 0.032 0.009 0.012 0.061 0.182 0.035 0.012 0.012 0.027 0.019 0.035 0.052 0.125 0.056 0.02 0.058 0.079 0.019 0.006 0.013 0.145 0 0.066 0.036 0.015 0.033 0.039 0 0.059 0.047 0 0.011 0 0.045 0.034 0.043 0.001 0.006 0.014 0.019 0.035 0.045 0.056 0.003 0.011 0.01 0.005 0.039 0.001 0.012 0.001
0.095 0.108 0.109 0.337 0.136 0.038 0.025 0.071 0.45 0.007 0.059 0.029 0.058 0.013 0.176 0.201 0.085 0.022 0.092 0.206 0.258 0.393 1 0.141 0.388 0.04 0.111 0.062 0.018 0.023 0.116 0.342 0.16 0.022 0.018 0 0.031 0.002 0.216 0.055 0.111 0.079 0.2 0.046 0.031 0.078 0.084 0.022 0.002 0.116 0.252 0.025 0.249 0.188 0.003 0.096 0.136 0.002 0.029 0.036 0.098 0.174 0.01 0.004 0.006 0.057 0.044 0.154 0.082 0.015 0.04 0.022 0.019 0.001 0.135 0.001 0 0.075
0.314 0.349 0.386 0.207 0.794 0.023 0.017 0.419 0.237 0.004 0.365 0.152 0.011 0.005 0.463 0.438 0.521 0.159 0.014 0.545 0.041 0.073 0.141 1 0.308 0.014 0.016 0.022 0.006 0.008 0.869 0.257 0.18 0.008 0.008 0.215 0.013 0.162 0.15 0.009 0.051 0.025 0.013 0.006 0 0.063 0.022 0.048 0.004 0.014 0.041 0.005 0.038 0.011 0.001 0.013 0.006 0.006 0.007 0.01 0.008 0.033 0.004 0.001 0.001 0.002 0.016 0.021 0.009 0.004 0.013 0.008 0.002 0.003 0.008 0 0.002 0.014
0.279 0.307 0.333 0.604 0.26 0.106 0.077 0.156 0.691 0.011 0.142 0.07 0.032 0.026 0.41 0.386 0.202 0.053 0.041 0.488 0.115 0.202 0.388 0.308 1 0.042 0.047 0.117 0.043 0.037 0.291 0.801 0.564 0.05 0.043 0.026 0.053 0.015 0.466 0.027 0.114 0 0.088 0.015 0.052 0.007 0.17 0.148 0.012 0.029 0.128 0.038 0.122 0.075 0.007 0.027 0.047 0.003 0.021 0.022 0.026 0.08 0.015 0.007 0.011 0.013 0 0.066 0.028 0.018 0.033 0.05 0.011 0.006 0.051 0.005 0.001 0.043
0.01 0.029 0.029 0.009 0.014 0.006 0.005 0.007 0.012 0.067 0.006 0.003 0.003 0.001 0.026 0.01 0.009 0.002 0.004 0.024 0.012 0.021 0.04 0.014 0.042 1 0.004 0.006 0.002 0.002 0.013 0.04 0.053 0.001 0.002 0.014 0.004 0.013 0.009 0.003 0.093 0.038 0.013 0 0.004 0.008 0.03 0.012 0.002 0.02 0.013 0.003 0.012 0.014 0.002 0.022 0.018 0.002 0.002 0.003 0.019 0.016 0.003 0.065 0.001 0.005 0.333 0.016 0.019 0.004 0.001 0.001 0.002 0.001 0.016 0.003 0.004 0.004
0.038 0.032 0.032 0.062 0.015 0.007 0.005 0.008 0.039 0.001 0.007 0.003 0.003 0.001 0.016 0.019 0.009 0.002 0.849 0.017 0.364 0.02 0.111 0.016 0.047 0.004 1 0.007 0.002 0.003 0.015 0.031 0.038 0.002 0.003 0.015 0.004 0.014 0.053 0.003 0.008 0.078 0.26 0.003 0.004 0.051 0.026 0.026 0.002 0.174 0.237 0.003 0.212 0.201 0.003 0.13 0.162 0.002 0.002 0.002 0.082 0.161 0.004 0.001 0.001 0.425 0.005 0.139 0.149 0.004 0 0.003 0.003 0.01 0.164 0.003 0.005 0
0.148 0.183 0.181 0.076 0.022 0.811 0.596 0.011 0.094 0.002 0.009 0.005 0.005 0.208 0.205 0.179 0.013 0.004 0.006 0.2 0.018 0.032 0.062 0.022 0.117 0.006 0.007 1 0.29 0.292 0.021 0.089 0.056 0 0.33 0.021 0.548 0.017 0.043 0.004 0 0.017 0.022 0.004 0.316 0.04 0.009 0.013 0.079 0.024 0.021 0.385 0.02 0.024 0.05 0.019 0.003 0.155 0.003 0.004 0.014 0.001 0.001 0.002 0.102 0 0.007 0.001 0.012 0.001 0.006 0 0.002 0.001 0.002 0.074 0.016 0.006
0.052 0.063 0.062 0.03 0.006 0.279 0.372 0.003 0.034 0 0.003 0.001 0.001 0.001 0.068 0.06 0.004 0.001 0.002 0.074 0.005 0.009 0.018 0.006 0.043 0.002 0.002 0.29 1 0.762 0.006 0.002 0 0.001 0.015 0.006 0.115 0.006 0 0.001 0.007 0.001 0.006 0.001 0.033 0.015 0.015 0.001 0.01 0 0.006 0.042 0.006 0.007 0.006 0 0.006 0.048 0.001 0.001 0 0.004 0.001 0.001 0.09 0.003 0.002 0.005 0 0.002 0.002 0.001 0 0 0.005 0.032 0.029 0.002
0.046 0.058 0.057 0.024 0.008 0.281 0.378 0.004 0.028 0.001 0.004 0.002 0.002 0.001 0.089 0.079 0.005 0.001 0.002 0.069 0.007 0.012 0.023 0.008 0.037 0.002 0.003 0.292 0.762 1 0.008 0.002 0.004 0.001 0.051 0.001 0.151 0.001 0.002 0.002 0.009 0.007 0.008 0.001 0.063 0.02 0.009 0 0.006 0.002 0.008 0.078 0.007 0.009 0.003 0.001 0.001 0.035 0.001 0.002 0.002 0.001 0.002 0.001 0.067 0 0.003 0.001 0.002 0.002 0.002 0.001 0 0.001 0.001 0.022 0.019 0.002
0.263 0.303 0.327 0.173 0.678 0.022 0.016 0.405 0.197 0.003 0.347 0.161 0.006 0.004 0.391 0.378 0.51 0.168 0.013 0.473 0.034 0.061 0.116 0.869 0.291 0.013 0.015 0.021 0.006 0.008 1 0.295 0.219 0.007 0.008 0.253 0.012 0.195 0.187 0.009 0.048 0.039 0.009 0.005 0 0.075 0.031 0.054 0.004 0.009 0.034 0.004 0.031 0.008 0.006 0.008 0.003 0.006 0.007 0.009 0.007 0.027 0.009 0.004 0 0 0.015 0.019 0.006 0.011 0.012 0.007 0.002 0.003 0.006 0.007 0.013 0.014
0.203 0.23 0.245 0.511 0.222 0.064 0.034 0.143 0.599 0.01 0.127 0.074 0.027 0.033 0.32 0.303 0.179 0.056 0.027 0.361 0.095 0.182 0.342 0.257 0.801 0.04 0.031 0.089 0.002 0.002 0.295 1 0.709 0.053 0.057 0.036 0.092 0.024 0.601 0.026 0.144 0.001 0.088 0.02 0.091 0.005 0.211 0.207 0.013 0.017 0.128 0.076 0.123 0.075 0.003 0.015 0.044 0.022 0.02 0.019 0.014 0.078 0.022 0.011 0.027 0.015 0 0.063 0.016 0.026 0.031 0.053 0.01 0.023 0.048 0 0.015 0.038
0.125 0.13 0.141 0.298 0.156 0.034 0.015 0.1 0.376 0.01 0.089 0.051 0.036 0.024 0.232 0.215 0.127 0.042 0.032 0.237 0.123 0.035 0.16 0.18 0.564 0.053 0.038 0.056 0 0.004 0.219 0.709 1 0.04 0.037 0.256 0.062 0.234 0.818 0.035 0.092 0.037 0.118 0.032 0.068 0.001 0.36 0.215 0.005 0.039 0.158 0.057 0.15 0.105 0 0.038 0.075 0.014 0.027 0.029 0.033 0.11 0.027 0.015 0.02 0.02 0.001 0.092 0.037 0.032 0.042 0.039 0.016 0.017 0.078 0.001 0.018 0.053
0 0 0 0.037 0 0.001 0.003 0.001 0.042 0.001 0.002 0.01 0.002 0.013 0 0.001 0 0.001 0.002 0 0.007 0.012 0.022 0.008 0.05 0.001 0.002 0 0.001 0.001 0.007 0.053 0.04 1 0.001 0.008 0.002 0.007 0.036 0.001 0.142 0.024 0.008 0.001 0.002 0.017 0.064 0.018 0.005 0.01 0.008 0.002 0.007 0.007 0.003 0.011 0.009 0.001 0.001 0.002 0.01 0.009 0.002 0.001 0.001 0.003 0.003 0.009 0.01 0.002 0.002 0.728 0.001 0.001 0.009 0.001 0.002 0.002
0.052 0.065 0.064 0.023 0.008 0.271 0.368 0.004 0.033 0.001 0.003 0.002 0 0.001 0.076 0.074 0.005 0.001 0.002 0.068 0.003 0.012 0.018 0.008 0.043 0.002 0.003 0.33 0.015 0.051 0.008 0.057 0.037 0.001 1 0.008 0.617 0.007 0.037 0.002 0.009 0.053 0.008 0.001 0.286 0.007 0.019 0.018 0.116 0.039 0.008 0.343 0.007 0.009 0.079 0.034 0.005 0.106 0.001 0.002 0.04 0.006 0.002 0.001 0.102 0.007 0.003 0.006 0.038 0.002 0.002 0.001 0.001 0.001 0.006 0.071 0 0.002
0.046 0.041 0.05 0.005 0.168 0.022 0.016 0.236 0.01 0.001 0.184 0.069 0.011 0.004 0.085 0.083 0.308 0.007 0.013 0.076 0.04 0.027 0 0.215 0.026 0.014 0.015 0.021 0.006 0.001 0.253 0.036 0.256 0.008 0.008 1 0.012 0.898 0.218 0.009 0.048 0.275 0.045 0.136 0 0.205 0.248 0.027 0.006 0.036 0.043 0.01 0.04 0.044 0.008 0.042 0.03 0.006 0.007 0.009 0.031 0.034 0.008 0.004 0.004 0.005 0.016 0.025 0.034 0.008 0.012 0.008 0.002 0.003 0.027 0.009 0.008 0.014
0.07 0.088 0.087 0.031 0.013 0.398 0.517 0.007 0.043 0.001 0.006 0.003 0.001 0 0.102 0.095 0.008 0.002 0.004 0.091 0.007 0.019 0.031 0.013 0.053 0.004 0.004 0.548 0.115 0.151 0.012 0.092 0.062 0.002 0.617 0.012 1 0.009 0.059 0.002 0.014 0.085 0.013 0.002 0.555 0.017 0.031 0.029 0.068 0.081 0.012 0.665 0.012 0.014 0.044 0.072 0 0.279 0.002 0.003 0.055 0.001 0.003 0.001 0.227 0.002 0.004 0.001 0.053 0.003 0.003 0.002 0.001 0.001 0.001 0.039 0.001 0.004
0.029 0.032 0.031 0.001 0.121 0.021 0.015 0.248 0.004 0.001 0.192 0.069 0.01 0.004 0.06 0.059 0.228 0.007 0.013 0.051 0.037 0.035 0.002 0.162 0.015 0.013 0.014 0.017 0.006 0.001 0.195 0.024 0.234 0.007 0.007 0.898 0.009 1 0.205 0.009 0.045 0.256 0.041 0.147 0.009 0.177 0.282 0.023 0.005 0.058 0.039 0.007 0.037 0.045 0.007 0.064 0.055 0.003 0.006 0.009 0.052 0.049 0.007 0.004 0.001 0.017 0.015 0.049 0.056 0.008 0.012 0.007 0.008 0.003 0.052 0.008 0.008 0.013
0.107 0.093 0.102 0.393 0.126 0.024 0.009 0.085 0.489 0.011 0.076 0.045 0.042 0.021 0.183 0.189 0.108 0.036 0.046 0.189 0.154 0.052 0.216 0.15 0.466 0.009 0.053 0.043 0 0.002 0.187 0.601 0.818 0.036 0.037 0.218 0.059 0.205 1 0.041 0.221 0.017 0.148 0.026 0.058 0 0.509 0.28 0.006 0.06 0.195 0.049 0.185 0.133 0 0.06 0.102 0.011 0.031 0.035 0.052 0.144 0.035 0.017 0.017 0.032 0.067 0.124 0.058 0.04 0.043 0.036 0.02 0.015 0.105 0.001 0.025 0.063
0.024 0.019 0.02 0.04 0.009 0.004 0.003 0.005 0.035 0.001 0.004 0.002 0.002 0.001 0.018 0.02 0.006 0.002 0.003 0.015 0.008 0.125 0.055 0.009 0.027 0.003 0.003 0.004 0.001 0.002 0.009 0.026 0.035 0.001 0.002 0.009 0.002 0.009 0.041 1 0.001 0.021 0.005 0.002 0.002 0.003 0.021 0.056 0.001 0.005 0.002 0.002 0.002 0 0.002 0.006 0.007 0.014 0.001 0.002 0.004 0.003 0.251 0.001 0.001 0.001 0.002 0.003 0.008 0.33 0.003 0.002 0.002 0.001 0.003 0.002 0.02 0.003
0.017 0.035 0.035 0.195 0.034 0 0.018 0.013 0.227 0.004 0.009 0.001 0.011 0.074 0.026 0.017 0.014 0.009 0.007 0.023 0.033 0.056 0.111 0.051 0.114 0.093 0.008 0 0.007 0.009 0.048 0.144 0.092 0.142 0.009 0.048 0.014 0.045 0.221 0.001 1 0.152 0.05 0.009 0.014 0.096 0.4 0.093 0.001 0.073 0.049 0.012 0.046 0.053 0 0.081 0.066 0 0.008 0.01 0.07 0.061 0.001 0.004 0.004 0.024 0.283 0.062 0.071 0.001 0.01 0.149 0.008 0.059 0.062 0.002 0.002 0.016
0.062 0.058 0.065 0 0.018 0.006 0.022 0.05 0.006 0.007 0.037 0.011 0.072 0.01 0.04 0.039 0.075 0.023 0.067 0.036 0.22 0.02 0.079 0.025 0 0.038 0.078 0.017 0.001 0.007 0.039 0.001 0.037 0.024 0.053 0.275 0.085 0.256 0.017 0.021 0.152 1 0.249 0.045 0.084 0.424 0.004 0.115 0 0.35 0.267 0.056 0.249 0.196 0.002 0.285 0.229 0.019 0.047 0.025 0.241 0.252 0.029 0.012 0.016 0.106 0.049 0.248 0.243 0.033 0.026 0.026 0.048 0.01 0.224 0.003 0.032 0.044
0.001 0.001 0.001 0.035 0.01 0.022 0.017 0.002 0.09 0.003 0 0 0.18 0.005 0.031 0.03 0.002 0.007 0.226 0.026 0.668 0.058 0.2 0.013 0.088 0.013 0.26 0.022 0.006 0.008 0.009 0.088 0.118 0.008 0.008 0.045 0.013 0.041 0.148 0.005 0.05 0.249 1 0.008 0.013 0.228 0.118 0.046 0.006 0.646 0.823 0.005 0.772 0.829 0.008 0.583 0.687 0.006 0.125 0.093 0.505 0.625 0.012 0.004 0.004 0.211 0.016 0.567 0.525 0.013 0.114 0.008 0.095 0.003 0.64 0.009 0.015 0.167
0 0.009 0.009 0.024 0.005 0.004 0.003 0.002 0.026 0 0.004 0.002 0.002 0.001 0.01 0.01 0.003 0.001 0.002 0.011 0.003 0.079 0.046 0.006 0.015 0 0.003 0.004 0.001 0.001 0.005 0.02 0.032 0.001 0.001 0.136 0.002 0.147 0.026 0.002 0.009 0.045 0.008 1 0.002 0.014 0.031 0.02 0.001 0.012 0.008 0.002 0.007 0.009 0.001 0.013 0.011 0.001 0.001 0.002 0.009 0.01 0 0.001 0.001 0.004 0.003 0.01 0.012 0 0.002 0.001 0.001 0.001 0.01 0.001 0 0.002
0.069 0.064 0.085 0.035 0 0.207 0.27 0.007 0.042 0.001 0.005 0.003 0.001 0 0.1 0.093 0.004 0.002 0.004 0.09 0.007 0.019 0.031 0 0.052 0.004 0.004 0.316 0.033 0.063 0 0.091 0.068 0.002 0.286 0 0.555 0.009 0.058 0.002 0.014 0.084 0.013 0.002 1 0.001 0.03 0.028 0.002 0.176 0.012 0.728 0.011 0.01 0.002 0.16 0.02 0.322 0.002 0.003 0.136 0.012 0.003 0.001 0.23 0.024 0.004 0.024 0.131 0.003 0.003 0.002 0.003 0.001 0.022 0.002 0.004 0.004
0.018 0.012 0.016 0.009 0.039 0.049 0.035 0.105 0.025 0 0.086 0.034 0.038 0.011 0.005 0.003 0.137 0.018 0.043 0.007 0.159 0.006 0.078 0.063 0.007 0.008 0.051 0.04 0.015 0.02 0.075 0.005 0.001 0.017 0.007 0.205 0.017 0.177 0 0.003 0.096 0.424 0.228 0.014 0.001 1 0.005 0.056 0.014 0.176 0.205 0.012 0.201 0.205 0.02 0.146 0.176 0 0.028 0.033 0.166 0.162 0.007 0 0 0.06 0.039 0.144 0.124 0.009 0.022 0.02 0.024 0.007 0.182 0.021 0.021 0.046
0.004 0 0 0.192 0.019 0.009 0.041 0.093 0.229 0.009 0.074 0.036 0.026 0.028 0.005 0.01 0.082 0.015 0.022 0.005 0.079 0.013 0.084 0.022 0.17 0.03 0.026 0.009 0.015 0.009 0.031 0.211 0.36 0.064 0.019 0.248 0.031 0.282 0.509 0.021 0.4 0.004 0.118 0.031 0.03 0.005 1 0.158 0.001 0.173 0.113 0.026 0.106 0.128 0.003 0.191 0.156 0.016 0.017 0.024 0.165 0.139 0.016 0.01 0.009 0.052 0.139 0.141 0.168 0.019 0.026 0.067 0.02 0.027 0.147 0.01 0.01 0.035
0.038 0.031 0.032 0.148 0.043 0.003 0 0.029 0.181 0.015 0.042 0.022 0.012 0.01 0.045 0.05 0.039 0.003 0.023 0.063 0.025 0.145 0.022 0.048 0.148 0.012 0.026 0.013 0.001 0 0.054 0.207 0.215 0.018 0.018 0.027 0.029 0.023 0.28 0.056 0.093 0.115 0.046 0.02 0.028 0.056 0.158 1 0.013 0.085 0.04 0.024 0.036 0.046 0.005 0.057 0.04 0.002 0.003 0 0.045 0.029 0.067 0.02 0.008 0.033 0.037 0.031 0.044 0.078 0.002 0.017 0 0.007 0.037 0 0.057 0.004
0.007 0.011 0.011 0.004 0.004 0.075 0.049 0.003 0.009 0 0.003 0.001 0.001 0.028 0.014 0.011 0.004 0 0.002 0.016 0.005 0 0.002 0.004 0.012 0.002 0.002 0.079 0.01 0.006 0.004 0.013 0.005 0.005 0.116 0.006 0.068 0.005 0.006 0.001 0.001 0 0.006 0.001 0.002 0.014 0.001 0.013 1 0.009 0.006 0.001 0.005 0.006 0.714 0.009 0.008 0.001 0.001 0.001 0.008 0.007 0.001 0 0 0.003 0.002 0.007 0.008 0.002 0.002 0.005 0.001 0 0.007 0.504 0.012 0.002
0.011 0.008 0.011 0.008 0.01 0.009 0.023 0.01 0.035 0.004 0.006 0 0.137 0.004 0 0 0.001 0.011 0.15 0 0.482 0.066 0.116 0.014 0.029 0.02 0.174 0.024 0 0.002 0.009 0.017 0.039 0.01 0.039 0.036 0.081 0.058 0.06 0.005 0.073 0.35 0.646 0.012 0.176 0.176 0.173 0.085 0.009 1 0.651 0.146 0.614 0.646 0.012 0.86 0.711 0.049 0.098 0.061 0.752 0.65 0.017 0.006 0.038 0.271 0.024 0.644 0.747 0.019 0.074 0.012 0.118 0.005 0.678 0.013 0.022 0.13
0.005 0.008 0.008 0.055 0.032 0.021 0.016 0.023 0.129 0.003 0.019 0.01 0.198 0.004 0.06 0.057 0.023 0.007 0.202 0.052 0.691 0.036 0.252 0.041 0.128 0.013 0.237 0.021 0.006 0.008 0.034 0.128 0.158 0.008 0.008 0.043 0.012 0.039 0.195 0.002 0.049 0.267 0.823 0.008 0.012 0.205 0.113 0.04 0.006 0.651 1 0.01 0.898 0.791 0.008 0.557 0.642 0.006 0.151 0.101 0.484 0.721 0.011 0.004 0.004 0.232 0.016 0.669 0.487 0.012 0.126 0.008 0.132 0.003 0.627 0.009 0.014 0.208
0.053 0.067 0.066 0.026 0.004 0.255 0.328 0.001 0.032 0.001 0 0 0 0 0.078 0.074 0.001 0.002 0.003 0.067 0.005 0.015 0.025 0.005 0.038 0.003 0.003 0.385 0.042 0.078 0.004 0.076 0.057 0.002 0.343 0.01 0.665 0.007 0.049 0.002 0.012 0.056 0.005 0.002 0.728 0.012 0.026 0.024 0.001 0.146 0.01 1 0.009 0.005 0.002 0.134 0.006 0.385 0.002 0.002 0.107 0.003 0.003 0.001 0.274 0.003 0.004 0.003 0.103 0.003 0.003 0.002 0 0.001 0.003 0.002 0.003 0.003
0.003 0.006 0.006 0.051 0.03 0.02 0.015 0.022 0.126 0.002 0.018 0.009 0.192 0.004 0.056 0.052 0.022 0.007 0.187 0.052 0.666 0.033 0.249 0.038 0.122 0.012 0.212 0.02 0.006 0.007 0.031 0.123 0.15 0.007 0.007 0.04 0.012 0.037 0.185 0.002 0.046 0.249 0.772 0.007 0.011 0.201 0.106 0.036 0.005 0.614 0.898 0.009 1 0.79 0.007 0.559 0.642 0.006 0.159 0.109 0.511 0.732 0.01 0.004 0.003 0.229 0.015 0.668 0.486 0.012 0.135 0.008 0.14 0.003 0.625 0.008 0.014 0.223
0 0.001 0.001 0.031 0.008 0.024 0.018 0.001 0.086 0.003 0 0 0.142 0.005 0.03 0.029 0.001 0.008 0.171 0.024 0.562 0.039 0.188 0.011 0.075 0.014 0.201 0.024 0.007 0.009 0.008 0.075 0.105 0.007 0.009 0.044 0.014 0.045 0.133 0 0.053 0.196 0.829 0.009 0.01 0.205 0.128 0.046 0.006 0.646 0.791 0.005 0.79 1 0.009 0.654 0.73 0.007 0.132 0.102 0.562 0.657 0.008 0.004 0.004 0.238 0.018 0.61 0.563 0.009 0.098 0.009 0.115 0.003 0.669 0.01 0.016 0.183
0.013 0.019 0.019 0.006 0.001 0.047 0.03 0.004 0.012 0.001 0.004 0.002 0.002 0.018 0.023 0.019 0.005 0 0.002 0.027 0.007 0 0.003 0.001 0.007 0.002 0.003 0.05 0.006 0.003 0.006 0.003 0 0.003 0.079 0.008 0.044 0.007 0 0.002 0 0.002 0.008 0.001 0.002 0.02 0.003 0.005 0.714 0.012 0.008 0.002 0.007 0.009 1 0.013 0.011 0.001 0.001 0.002 0.011 0.01 0.002 0.001 0.001 0.004 0.003 0.01 0.012 0.002 0.002 0.002 0.001 0.001 0.01 0.734 0.065 0.002
0.014 0.012 0.016 0.005 0.009 0.018 0.038 0.007 0.027 0.005 0.003 0 0.136 0.005 0 0 0 0.012 0.11 0 0.405 0.059 0.096 0.013 0.027 0.022 0.13 0.019 0 0.001 0.008 0.015 0.038 0.011 0.034 0.042 0.072 0.064 0.06 0.006 0.081 0.285 0.583 0.013 0.16 0.146 0.191 0.057 0.009 0.86 0.557 0.134 0.559 0.654 0.013 1 0.819 0.044 0.089 0.125 0.857 0.728 0.019 0.006 0.034 0.257 0.027 0.722 0.851 0.021 0.152 0.014 0.107 0.005 0.771 0.014 0.024 0.182
0.004 0.002 0.004 0.011 0.004 0 0.002 0.004 0.04 0.004 0.001 0 0.142 0.006 0.003 0.004 0 0.01 0.137 0.005 0.468 0.047 0.136 0.006 0.047 0.018 0.162 0.003 0.006 0.001 0.003 0.044 0.075 0.009 0.005 0.03 0 0.055 0.102 0.007 0.066 0.229 0.687 0.011 0.02 0.176 0.156 0.04 0.008 0.711 0.642 0.006 0.642 0.73 0.011 0.819 1 0.009 0.091 0.139 0.757 0.847 0.015 0.005 0.005 0.296 0.022 0.84 0.773 0.017 0.186 0.011 0.113 0.004 0.914 0.012 0.02 0.222
0.007 0.01 0.01 0.001 0.006 0.065 0.079 0.003 0.002 0 0.003 0.001 0 0 0.014 0.014 0.004 0.001 0.002 0.007 0.002 0 0.002 0.006 0.003 0.002 0.002 0.155 0.048 0.035 0.006 0.022 0.014 0.001 0.106 0.006 0.279 0.003 0.011 0.014 0 0.019 0.006 0.001 0.322 0 0.016 0.002 0.001 0.049 0.006 0.385 0.006 0.007 0.001 0.044 0.009 1 0.001 0.001 0.052 0.008 0.01 0.001 0.454 0.003 0.002 0.008 0.051 0.008 0.002 0.001 0.001 0 0.008 0.001 0.002 0.002
0.028 0.036 0.036 0.013 0 0.003 0.002 0.004 0.012 0.001 0.003 0.001 0.015 0.001 0.005 0.001 0.004 0.001 0.002 0.012 0.117 0.011 0.029 0.007 0.021 0.002 0.002 0.003 0.001 0.001 0.007 0.02 0.027 0.001 0.001 0.007 0.002 0.006 0.031 0.001 0.008 0.047 0.125 0.001 0.002 0.028 0.017 0.003 0.001 0.098 0.151 0.002 0.159 0.132 0.001 0.089 0.091 0.001 1 0.002 0.068 0.111 0.002 0.001 0.001 0.002 0.002 0.121 0.089 0.002 0.001 0.001 0.433 0 0.077 0.001 0.002 0
0.003 0.002 0.002 0.009 0.008 0.002 0.005 0.004 0.009 0.001 0.003 0.002 0.247 0.001 0.004 0.005 0.006 0.002 0.002 0.017 0.089 0 0.036 0.01 0.022 0.003 0.002 0.004 0.001 0.002 0.009 0.019 0.029 0.002 0.002 0.009 0.003 0.009 0.035 0.002 0.01 0.025 0.093 0.002 0.003 0.033 0.024 0 0.001 0.061 0.101 0.002 0.109 0.102 0.002 0.125 0.139 0.001 0.002 1 0.131 0.156 0.002 0.001 0.001 0.004 0.003 0.147 0.098 0.003 0.308 0.002 0.001 0.001 0.119 0.002 0.003 0.552
0.013 0.01 0.014 0.005 0.011 0.012 0.027 0.005 0.029 0.004 0.002 0 0.129 0.004 0 0 0 0.01 0.088 0.001 0.365 0.045 0.098 0.008 0.026 0.019 0.082 0.014 0 0.002 0.007 0.014 0.033 0.01 0.04 0.031 0.055 0.052 0.052 0.004 0.07 0.241 0.505 0.009 0.136 0.166 0.165 0.045 0.008 0.752 0.484 0.107 0.511 0.562 0.011 0.857 0.757 0.052 0.068 0.131 1 0.675 0.016 0.006 0.04 0.193 0.023 0.712 0.804 0.018 0.176 0.012 0.087 0.004 0.729 0.012 0.021 0.21
0 0 0 0.025 0.026 0 0.004 0.029 0.07 0.003 0.024 0.012 0.16 0.005 0.016 0.017 0.014 0.009 0.142 0.021 0.509 0.034 0.174 0.033 0.08 0.016 0.161 0.001 0.004 0.001 0.027 0.078 0.11 0.009 0.006 0.034 0.001 0.049 0.144 0.003 0.061 0.252 0.625 0.01 0.012 0.162 0.139 0.029 0.007 0.65 0.721 0.003 0.732 0.657 0.01 0.728 0.847 0.008 0.111 0.156 0.675 1 0.014 0.005 0.004 0.284 0.019 0.892 0.664 0.015 0.208 0.01 0.135 0.004 0.831 0.011 0.017 0.248
0.006 0.003 0.004 0.018 0.001 0.001 0.004 0.001 0.015 0.001 0 0.002 0.003 0.003 0.006 0.008 0.001 0.002 0.003 0.005 0.01 0.043 0.01 0.004 0.015 0.003 0.004 0.001 0.001 0.002 0.009 0.022 0.027 0.002 0.002 0.008 0.003 0.007 0.035 0.251 0.001 0.029 0.012 0 0.003 0.007 0.016 0.067 0.001 0.017 0.011 0.003 0.01 0.008 0.002 0.019 0.015 0.01 0.002 0.002 0.016 0.014 1 0.001 0.001 0.005 0.004 0.014 0.017 0.902 0.003 0.002 0.002 0.001 0.014 0.002 0.12 0.003
0.001 0.003 0.001 0.005 0.001 0.002 0.001 0.002 0.009 0.473 0.002 0.001 0.001 0 0.003 0.002 0.002 0.001 0.001 0.003 0.003 0.001 0.004 0.001 0.007 0.065 0.001 0.002 0.001 0.001 0.004 0.011 0.015 0.001 0.001 0.004 0.001 0.004 0.017 0.001 0.004 0.012 0.004 0.001 0.001 0 0.01 0.02 0 0.006 0.004 0.001 0.004 0.004 0.001 0.006 0.005 0.001 0.001 0.001 0.006 0.005 0.001 1 0 0.002 0.001 0.005 0.006 0.001 0.001 0.001 0.001 0 0.005 0.001 0.001 0.001
0.008 0.011 0.011 0.006 0.004 0.049 0.069 0.002 0.008 0 0.002 0.001 0 0 0.024 0.027 0.002 0.001 0.001 0.015 0 0.006 0.006 0.001 0.011 0.001 0.001 0.102 0.09 0.067 0 0.027 0.02 0.001 0.102 0.004 0.227 0.001 0.017 0.001 0.004 0.016 0.004 0.001 0.23 0 0.009 0.008 0 0.038 0.004 0.274 0.003 0.004 0.001 0.034 0.005 0.454 0.001 0.001 0.04 0.004 0.001 0 1 0 0.001 0.004 0.038 0.001 0.001 0.001 0.001 0 0.005 0.001 0.001 0.001
0.007 0.005 0.004 0.02 0.006 0 0 0.011 0.015 0.001 0.009 0.005 0 0.002 0.001 0.002 0 0.003 0.353 0 0.199 0.014 0.057 0.002 0.013 0.005 0.425 0 0.003 0 0 0.015 0.02 0.003 0.007 0.005 0.002 0.017 0.032 0.001 0.024 0.106 0.211 0.004 0.024 0.06 0.052 0.033 0.003 0.271 0.232 0.003 0.229 0.238 0.004 0.257 0.296 0.003 0.002 0.004 0.193 0.284 0.005 0.002 0 1 0.007 0.28 0.291 0.006 0.006 0.004 0.001 0.001 0.282 0.004 0.007 0
0.014 0.033 0.034 0.065 0.016 0.008 0.006 0.008 0.075 0.001 0.007 0.003 0.004 0.002 0.028 0.017 0.01 0.003 0.005 0.028 0.014 0.019 0.044 0.016 0 0.333 0.005 0.007 0.002 0.003 0.015 0 0.001 0.003 0.003 0.016 0.004 0.015 0.067 0.002 0.283 0.049 0.016 0.003 0.004 0.039 0.139 0.037 0.002 0.024 0.016 0.004 0.015 0.018 0.003 0.027 0.022 0.002 0.002 0.003 0.023 0.019 0.004 0.001 0.001 0.007 1 0.02 0.023 0.004 0.001 0.003 0.003 0.001 0.02 0.003 0.002 0.005
0.002 0 0.001 0.015 0.015 0 0.004 0.029 0.055 0.003 0.024 0.012 0.135 0.005 0.01 0.01 0.008 0.005 0.141 0.018 0.466 0.035 0.154 0.021 0.066 0.016 0.139 0.001 0.005 0.001 0.019 0.063 0.092 0.009 0.006 0.025 0.001 0.049 0.124 0.003 0.062 0.248 0.567 0.01 0.024 0.144 0.141 0.031 0.007 0.644 0.669 0.003 0.668 0.61 0.01 0.722 0.84 0.008 0.121 0.147 0.712 0.892 0.014 0.005 0.004 0.28 0.02 1 0.658 0.015 0.206 0.01 0.145 0.004 0.831 0.011 0.018 0.235
0.006 0.011 0.016 0.003 0.006 0.011 0.026 0.006 0.023 0.004 0.002 0 0.11 0.004 0 0 0 0.011 0.126 0 0.444 0.045 0.082 0.009 0.028 0.019 0.149 0.012 0 0.002 0.006 0.016 0.037 0.01 0.038 0.034 0.053 0.056 0.058 0.008 0.071 0.243 0.525 0.012 0.131 0.124 0.168 0.044 0.008 0.747 0.487 0.103 0.486 0.563 0.012 0.851 0.773 0.051 0.089 0.098 0.804 0.664 0.017 0.006 0.038 0.291 0.023 0.658 1 0.018 0.172 0.012 0.121 0.005 0.709 0.013 0.013 0.172
0.008 0.005 0.005 0.023 0.001 0.001 0.004 0 0.019 0.001 0 0.002 0.003 0.002 0.008 0.01 0.001 0.002 0.004 0.006 0.011 0.056 0.015 0.004 0.018 0.004 0.004 0.001 0.002 0.002 0.011 0.026 0.032 0.002 0.002 0.008 0.003 0.008 0.04 0.33 0.001 0.033 0.013 0 0.003 0.009 0.019 0.078 0.002 0.019 0.012 0.003 0.012 0.009 0.002 0.021 0.017 0.008 0.002 0.003 0.018 0.015 0.902 0.001 0.001 0.006 0.004 0.015 0.018 1 0.003 0.002 0.002 0.001 0.016 0.002 0.112 0.004
0.004 0.002 0.002 0.01 0.012 0 0.002 0.006 0.017 0.001 0.005 0.003 0.139 0.001 0.008 0.011 0.008 0.002 0.001 0.023 0.121 0.003 0.04 0.013 0.033 0.001 0 0.006 0.002 0.002 0.012 0.031 0.042 0.002 0.002 0.012 0.003 0.012 0.043 0.003 0.01 0.026 0.114 0.002 0.003 0.022 0.026 0.002 0.002 0.074 0.126 0.003 0.135 0.098 0.002 0.152 0.186 0.002 0.001 0.308 0.176 0.208 0.003 0.001 0.001 0.006 0.001 0.206 0.172 0.003 1 0.002 0.002 0.001 0.169 0.002 0.004 0.537
0 0.001 0.001 0.037 0 0 0.003 0.001 0.042 0.001 0.002 0.01 0.002 0.012 0 0 0 0.001 0.002 0 0.007 0.011 0.022 0.008 0.05 0.001 0.003 0 0.001 0.001 0.007 0.053 0.039 0.728 0.001 0.008 0.002 0.007 0.036 0.002 0.149 0.026 0.008 0.001 0.002 0.02 0.067 0.017 0.005 0.012 0.008 0.002 0.008 0.009 0.002 0.014 0.011 0.001 0.001 0.002 0.012 0.01 0.002 0.001 0.001 0.004 0.003 0.01 0.012 0.002 0.002 1 0.001 0.001 0.01 0.002 0.003 0.002
0.037 0.032 0.046 0.017 0 0.002 0.001 0.004 0.007 0.001 0.004 0.002 0.005 0.001 0.001 0 0 0.001 0.002 0.003 0.089 0.01 0.019 0.002 0.011 0.002 0.003 0.002 0 0 0.002 0.01 0.016 0.001 0.001 0.002 0.001 0.008 0.02 0.002 0.008 0.048 0.095 0.001 0.003 0.024 0.02 0 0.001 0.118 0.132 0 0.14 0.115 0.001 0.107 0.113 0.001 0.433 0.001 0.087 0.135 0.002 0.001 0.001 0.001 0.003 0.145 0.121 0.002 0.002 0.001 1 0.001 0.1 0.002 0.003 0.002
0.002 0.007 0.007 0.003 0.003 0.001 0.001 0.002 0.004 0 0.001 0.001 0.001 0 0.006 0.002 0.002 0.001 0.012 0.005 0.002 0.005 0.001 0.003 0.006 0.001 0.01 0.001 0 0.001 0.003 0.023 0.017 0.001 0.001 0.003 0.001 0.003 0.015 0.001 0.059 0.01 0.003 0.001 0.001 0.007 0.027 0.007 0 0.005 0.003 0.001 0.003 0.003 0.001 0.005 0.004 0 0 0.001 0.004 0.004 0.001 0 0 0.001 0.001 0.004 0.005 0.001 0.001 0.001 0.001 1 0.004 0.001 0.001 0.001
0.003 0.001 0.003 0.014 0.005 0 0.003 0.006 0.042 0.004 0.003 0.001 0.124 0.006 0.003 0.004 0 0.009 0.138 0.006 0.437 0.039 0.135 0.008 0.051 0.016 0.164 0.002 0.005 0.001 0.006 0.048 0.078 0.009 0.006 0.027 0.001 0.052 0.105 0.003 0.062 0.224 0.64 0.01 0.022 0.182 0.147 0.037 0.007 0.678 0.627 0.003 0.625 0.669 0.01 0.771 0.914 0.008 0.077 0.119 0.729 0.831 0.014 0.005 0.005 0.282 0.02 0.831 0.709 0.016 0.169 0.01 0.1 0.004 1 0.011 0.019 0.222
0.019 0.026 0.025 0.004 0 0.07 0.054 0.005 0.009 0.001 0.004 0.002 0.002 0.016 0.031 0.026 0.005 0 0.003 0.035 0.007 0.001 0.001 0 0.005 0.003 0.003 0.074 0.032 0.022 0.007 0 0.001 0.001 0.071 0.009 0.039 0.008 0.001 0.002 0.002 0.003 0.009 0.001 0.002 0.021 0.01 0 0.504 0.013 0.009 0.002 0.008 0.01 0.734 0.014 0.012 0.001 0.001 0.002 0.012 0.011 0.002 0.001 0.001 0.004 0.003 0.011 0.013 0.002 0.002 0.002 0.002 0.001 0.011 1 0.078 0.003
0 0.002 0.002 0.001 0 0.015 0.009 0.002 0 0.001 0.005 0.002 0.003 0.007 0.002 0.001 0.008 0.002 0.004 0.002 0.005 0.012 0 0.002 0.001 0.004 0.005 0.016 0.029 0.019 0.013 0.015 0.018 0.002 0 0.008 0.001 0.008 0.025 0.02 0.002 0.032 0.015 0 0.004 0.021 0.01 0.057 0.012 0.022 0.014 0.003 0.014 0.016 0.065 0.024 0.02 0.002 0.002 0.003 0.021 0.017 0.12 0.001 0.001 0.007 0.002 0.018 0.013 0.112 0.004 0.003 0.003 0.001 0.019 0.078 1 0.004
0.003 0.002 0.002 0.015 0.013 0 0.001 0.006 0.028 0.001 0.005 0.003 0.232 0.001 0.01 0.013 0.009 0.002 0.001 0.024 0.18 0.001 0.075 0.014 0.043 0.004 0 0.006 0.002 0.002 0.014 0.038 0.053 0.002 0.002 0.014 0.004 0.013 0.063 0.003 0.016 0.044 0.167 0.002 0.004 0.046 0.035 0.004 0.002 0.13 0.208 0.003 0.223 0.183 0.002 0.182 0.222 0.002 0 0.552 0.21 0.248 0.003 0.001 0.001 0 0.005 0.235 0.172 0.004 0.537 0.002 0.002 0.001 0.222 0.003 0.004 1
