1 0.841 0.881 0.449 0.468 0.154 0.125 0.258 0.323 0.011 0.216 0.106 0.022 0.023 0.599 0.557 0.295 0.083 0.031 0.684 0.011 0.117 0.121 0.442 0.332 0.009 0.035 0.148 0.07 0.067 0.365 0.282 0.177 0 0.036 0.059 0.087 0.037 0.151 0.018 0.022 0.071 0.001 0.004 0.096 0.022 0.002 0.078 0 0.021 0.009 0.065 0.008 0 0.004 0.017 0.001 0.03 0.018 0.01 0.017 0 0.011 0.003 0.033 0.008 0.009 0 0.011 0.012 0.003 0.001 0.022 0 0 0.004 0.002 0.003
0.841 1 0.932 0.423 0.463 0.183 0.148 0.306 0.294 0.009 0.256 0.125 0.018 0.027 0.634 0.583 0.284 0.098 0.026 0.671 0.005 0.115 0.106 0.437 0.314 0.022 0.029 0.176 0.083 0.08 0.377 0.277 0.178 0 0.044 0.055 0.105 0.054 0.141 0.015 0.041 0.084 0 0.007 0.066 0.02 0.001 0.067 0 0.015 0.009 0.079 0.008 0 0.006 0.012 0 0.036 0.024 0.008 0.011 0.003 0.008 0.006 0.04 0.015 0.021 0.002 0.008 0.01 0.002 0.002 0.012 0.006 0 0.006 0.001 0.002
0.881 0.932 1 0.455 0.535 0.172 0.139 0.288 0.323 0.01 0.241 0.118 0.019 0.025 0.689 0.635 0.33 0.093 0.028 0.732 0.007 0.121 0.117 0.506 0.349 0.024 0.031 0.165 0.079 0.075 0.413 0.291 0.186 0 0.041 0.072 0.099 0.047 0.147 0.016 0.044 0.092 0 0.008 0.108 0.026 0 0.065 0 0.022 0.011 0.074 0.01 0 0.005 0.019 0.001 0.033 0.022 0.009 0.018 0.001 0.009 0.001 0.037 0.013 0.023 0 0.012 0.011 0.002 0.002 0.027 0.006 0.001 0.005 0.001 0.002
0.449 0.423 0.455 1 0.256 0.068 0.053 0.137 0.819 0.021 0.115 0.056 0.041 0.012 0.299 0.31 0.161 0.046 0.058 0.336 0.049 0.269 0.346 0.262 0.68 0 0.064 0.064 0.037 0.035 0.194 0.608 0.399 0.017 0.012 0.009 0.037 0.003 0.437 0.033 0.234 0 0.032 0.021 0.045 0.007 0.193 0.175 0.004 0.005 0.067 0.028 0.064 0.038 0.008 0.007 0.022 0.011 0.005 0.016 0.006 0.037 0.024 0.007 0.012 0.047 0.065 0.031 0.01 0.028 0.011 0.019 0.004 0.016 0.022 0 0.005 0.01
0.468 0.463 0.535 0.256 1 0.016 0.014 0.452 0.291 0.006 0.403 0.189 0.011 0.002 0.558 0.508 0.545 0.163 0.016 0.6 0.041 0.079 0.138 0.868 0.292 0.014 0.018 0.016 0.006 0.007 0.698 0.228 0.165 0.001 0.007 0.167 0.013 0.109 0.138 0.009 0.039 0.019 0.006 0.008 0.001 0.037 0.015 0.041 0.004 0.006 0.038 0.005 0.037 0.009 0.001 0.007 0.002 0.008 0.008 0.007 0.006 0.02 0.006 0 0.008 0.018 0.011 0.017 0.007 0.007 0.002 0.002 0 0.004 0.003 0 0 0.004
0.154 0.183 0.172 0.068 0.016 1 0.815 0.008 0.087 0.002 0.006 0.003 0.003 0.148 0.168 0.155 0.009 0.003 0.005 0.175 0.013 0.017 0.036 0.016 0.094 0.004 0.005 0.886 0.442 0.441 0.014 0.09 0.056 0 0.222 0.016 0.558 0.01 0.041 0.003 0 0.031 0.011 0 0.306 0.025 0.008 0.013 0.023 0.037 0.011 0.353 0.011 0.011 0.014 0.037 0.001 0.2 0.003 0 0.025 0 0.002 0.002 0.214 0.006 0.005 0 0.018 0.002 0.001 0 0.002 0.001 0 0.015 0 0.001
0.125 0.148 0.139 0.053 0.014 0.815 1 0.007 0.072 0.001 0.006 0.003 0.003 0.001 0.138 0.127 0.008 0.002 0.004 0.142 0.011 0.013 0.029 0.014 0.076 0.003 0.004 0.723 0.53 0.528 0.011 0.075 0.045 0.001 0.268 0.012 0.67 0.007 0.032 0.002 0.011 0.053 0.009 0 0.372 0.019 0.022 0.009 0.015 0.055 0.009 0.428 0.008 0.008 0.009 0.056 0 0.242 0.002 0 0.04 0 0.002 0.002 0.259 0.005 0.004 0 0.03 0.003 0 0.001 0.004 0.001 0 0.009 0 0.001
0.258 0.306 0.288 0.137 0.452 0.008 0.007 1 0.146 0.003 0.837 0.41 0.006 0.001 0.282 0.261 0.801 0.005 0.008 0.31 0.02 0.04 0.065 0.435 0.164 0.007 0.009 0.008 0.004 0.004 0.423 0.146 0.105 0 0.004 0.226 0.007 0.236 0.093 0.005 0.017 0.054 0 0.004 0.008 0.095 0.087 0.029 0.003 0.002 0.019 0.001 0.018 0 0.004 0.002 0.001 0.004 0.005 0.003 0.002 0.024 0.002 0.002 0.004 0.016 0.004 0.023 0.002 0.002 0 0 0.007 0.002 0.002 0.004 0.005 0.001
0.323 0.294 0.323 0.819 0.291 0.087 0.072 0.146 1 0.019 0.122 0.061 0.038 0.013 0.358 0.363 0.172 0.05 0.038 0.389 0.122 0.239 0.432 0.29 0.765 0 0.044 0.084 0.04 0.038 0.228 0.705 0.469 0.019 0.017 0.016 0.045 0.007 0.514 0.031 0.253 0.003 0.069 0.022 0.05 0.013 0.23 0.182 0.007 0.022 0.124 0.031 0.122 0.08 0.012 0.024 0.046 0.012 0.028 0.014 0.023 0.076 0.025 0.009 0.019 0.06 0.07 0.068 0.03 0.028 0.014 0.021 0.005 0.017 0.044 0.001 0.003 0.017
0.011 0.009 0.01 0.021 0.006 0.002 0.001 0.003 0.019 1 0.002 0.001 0.001 0 0.004 0 0.003 0.001 0.002 0.009 0.004 0.002 0.007 0.006 0.016 0.212 0.002 0.002 0.001 0.001 0.006 0.016 0.011 0 0.001 0.001 0.001 0 0.001 0 0.005 0.009 0.005 0.006 0.002 0.003 0.012 0.027 0.001 0.009 0.005 0.001 0.005 0.006 0.001 0.009 0.007 0.001 0.001 0.001 0.009 0.007 0.001 0.482 0.001 0.003 0.002 0.006 0.009 0.001 0.001 0.001 0.001 0 0.007 0.001 0.001 0.001
0.216 0.256 0.241 0.115 0.403 0.006 0.006 0.837 0.122 0.002 1 0.491 0.005 0.001 0.236 0.218 0.685 0.004 0.007 0.26 0.017 0.033 0.053 0.357 0.135 0.006 0.007 0.007 0.003 0.003 0.345 0.118 0.084 0 0.003 0.159 0.006 0.164 0.075 0.004 0.013 0.035 0.002 0.003 0.006 0.067 0.058 0.031 0.002 0 0.015 0 0.014 0.001 0.003 0 0 0.003 0.004 0.003 0 0.019 0.001 0.001 0.003 0.013 0.003 0.019 0 0.001 0 0 0.006 0.002 0 0.003 0.005 0
0.106 0.125 0.118 0.056 0.189 0.003 0.003 0.41 0.061 0.001 0.491 1 0.002 0 0.117 0.108 0.341 0.002 0.003 0.129 0.009 0.016 0.022 0.156 0.061 0.003 0.004 0.003 0.002 0.002 0.158 0.059 0.04 0.002 0.002 0.056 0.003 0.053 0.036 0.002 0.004 0.012 0.005 0.002 0.003 0.016 0.02 0.02 0.001 0.001 0.005 0.001 0.005 0.004 0.002 0.001 0.001 0.002 0.002 0.002 0.001 0.007 0.002 0 0.002 0.006 0.003 0.007 0 0.002 0.001 0 0.003 0.001 0 0.002 0.002 0
0.022 0.018 0.019 0.041 0.011 0.003 0.003 0.006 0.038 0.001 0.005 0.002 1 0 0.003 0.003 0.007 0.002 0.003 0.013 0.215 0.016 0.055 0.011 0.03 0.003 0.004 0.003 0.002 0.002 0.011 0.03 0.04 0.001 0.001 0.011 0.002 0.008 0.041 0.002 0.01 0.058 0.13 0 0.002 0.017 0.022 0 0.001 0.087 0.115 0.001 0.097 0.094 0.002 0.106 0.105 0.001 0.015 0.26 0.089 0.119 0.002 0.001 0.001 0 0.003 0.108 0.084 0.002 0.136 0.001 0.025 0.001 0.09 0.002 0.002 0.168
0.023 0.027 0.025 0.012 0.002 0.148 0.001 0.001 0.013 0 0.001 0 0 1 0.025 0.023 0.001 0 0.001 0.028 0.002 0.003 0.007 0.002 0.016 0.001 0.001 0.146 0 0 0.002 0.015 0.012 0.011 0 0.002 0.001 0.002 0.01 0 0.049 0.008 0.002 0 0.001 0.006 0.016 0.005 0.009 0.004 0.002 0.001 0.002 0.003 0.006 0.004 0.003 0 0 0 0.004 0.003 0 0 0 0.001 0.001 0.003 0.004 0 0 0.006 0.001 0 0.003 0.006 0.004 0
0.599 0.634 0.689 0.299 0.558 0.168 0.138 0.282 0.358 0.004 0.236 0.117 0.003 0.025 1 0.91 0.337 0.096 0.019 0.797 0.041 0.093 0.152 0.559 0.374 0.017 0.022 0.164 0.078 0.078 0.43 0.306 0.237 0 0.041 0.102 0.098 0.075 0.206 0.016 0.042 0.07 0.012 0.007 0.107 0.02 0.005 0.058 0.002 0.003 0.044 0.074 0.046 0.015 0.01 0.002 0.002 0.034 0.004 0.01 0.002 0.014 0.011 0 0.044 0.021 0.023 0.011 0 0.012 0.005 0.003 0.001 0.006 0.002 0.01 0 0.009
0.557 0.583 0.635 0.31 0.508 0.155 0.127 0.261 0.363 0 0.218 0.108 0.003 0.023 0.91 1 0.311 0.089 0.021 0.737 0.045 0.097 0.162 0.533 0.349 0.003 0.024 0.152 0.072 0.072 0.413 0.284 0.222 0.001 0.039 0.102 0.091 0.077 0.212 0.017 0.032 0.06 0.017 0.005 0.1 0.016 0.008 0.051 0.002 0.001 0.052 0.069 0.054 0.02 0.008 0 0.005 0.032 0.004 0.011 0 0.02 0.012 0.001 0.042 0.024 0.013 0.016 0 0.014 0.006 0.001 0 0.006 0.004 0.008 0.001 0.01
0.295 0.284 0.33 0.161 0.545 0.009 0.008 0.801 0.172 0.003 0.685 0.341 0.007 0.001 0.337 0.311 1 0.006 0.01 0.377 0.025 0.048 0.081 0.523 0.203 0.008 0.011 0.01 0.004 0.005 0.512 0.181 0.132 0 0.004 0.303 0.008 0.205 0.116 0.006 0.019 0.076 0 0.005 0.007 0.123 0.07 0.036 0.003 0.001 0.023 0.001 0.023 0 0.004 0 0.002 0.005 0.005 0.005 0.001 0.007 0.003 0.003 0.005 0.007 0.005 0.005 0 0.003 0.001 0 0 0.002 0.001 0.005 0.007 0.002
0.083 0.098 0.093 0.046 0.163 0.003 0.002 0.005 0.05 0.001 0.004 0.002 0.002 0 0.096 0.089 0.006 1 0.003 0.106 0.007 0.013 0.026 0.165 0.061 0.002 0.003 0.003 0.001 0.001 0.167 0.059 0.045 0.001 0.001 0.009 0.002 0.008 0.04 0.002 0.008 0.029 0.009 0.001 0.003 0.023 0.018 0.008 0 0.014 0.009 0.002 0.009 0.01 0 0.015 0.012 0.001 0.002 0.001 0.014 0.01 0.002 0.001 0.001 0.005 0.003 0.01 0.014 0.002 0.001 0.001 0.002 0.001 0.011 0 0.002 0.002
0.031 0.026 0.028 0.058 0.016 0.005 0.004 0.008 0.038 0.002 0.007 0.003 0.003 0.001 0.019 0.021 0.01 0.003 1 0.026 0.381 0.023 0.106 0.016 0.044 0.004 0.897 0.005 0.002 0.002 0.016 0.043 0.055 0.001 0.002 0.016 0.004 0.015 0.065 0.003 0.012 0.09 0.3 0.003 0.003 0.044 0.033 0.031 0.002 0.182 0.279 0.004 0.282 0.255 0.002 0.17 0.219 0.002 0.003 0 0.155 0.213 0.003 0.002 0.002 0.462 0.005 0.208 0.182 0.003 0 0.002 0.004 0 0.224 0.002 0.003 0
0.684 0.671 0.732 0.336 0.6 0.175 0.142 0.31 0.389 0.009 0.26 0.129 0.013 0.028 0.797 0.737 0.377 0.106 0.026 1 0.053 0.101 0.178 0.622 0.425 0.022 0.02 0.16 0.085 0.082 0.487 0.346 0.231 0 0.032 0.084 0.092 0.056 0.189 0.013 0.036 0.045 0.016 0.008 0.102 0.012 0.003 0.066 0.003 0.004 0.041 0.067 0.042 0.012 0.012 0.002 0.001 0.026 0.015 0.012 0.001 0.013 0.008 0.002 0.035 0.01 0.02 0.014 0 0.009 0.007 0.002 0 0.006 0.004 0.012 0 0.01
0.011 0.005 0.007 0.049 0.041 0.013 0.011 0.02 0.122 0.004 0.017 0.009 0.215 0.002 0.041 0.045 0.025 0.007 0.381 0.053 1 0.051 0.259 0.043 0.115 0.011 0.42 0.013 0.006 0.006 0.042 0.096 0.124 0.003 0 0.04 0.001 0.034 0.141 0.007 0.035 0.212 0.601 0.003 0.001 0.1 0.085 0.03 0.004 0.427 0.582 0 0.562 0.508 0.006 0.399 0.433 0 0.126 0.047 0.382 0.481 0.007 0.005 0 0.331 0.013 0.45 0.449 0.008 0.056 0.004 0.068 0.002 0.418 0.006 0.002 0.072
0.117 0.115 0.121 0.269 0.079 0.017 0.013 0.04 0.239 0.002 0.033 0.016 0.016 0.003 0.093 0.097 0.048 0.013 0.023 0.101 0.051 1 0.416 0.081 0.204 0.02 0.025 0.024 0.011 0.011 0.04 0.17 0.028 0.005 0.011 0.04 0.02 0.051 0.037 0.091 0.068 0.008 0.058 0.067 0.022 0.003 0.005 0.087 0 0.051 0.018 0.018 0.017 0.025 0 0.053 0.036 0.006 0.013 0.004 0.045 0.026 0.066 0.003 0.011 0.007 0.023 0.026 0.043 0.076 0.004 0.004 0.014 0.005 0.039 0.007 0.026 0.002
0.121 0.106 0.117 0.346 0.138 0.036 0.029 0.065 0.432 0.007 0.053 0.022 0.055 0.007 0.152 0.162 0.081 0.026 0.106 0.178 0.259 0.416 1 0.155 0.397 0.038 0.118 0.045 0.021 0.021 0.099 0.327 0.146 0.009 0.006 0.002 0.02 0.006 0.177 0.032 0.128 0.097 0.164 0.038 0.022 0.047 0.066 0.007 0.001 0.106 0.242 0.011 0.236 0.186 0.003 0.094 0.132 0.004 0.027 0.012 0.097 0.172 0.017 0.009 0.007 0.147 0.045 0.16 0.104 0.022 0.024 0.009 0.009 0.008 0.121 0.001 0.002 0.037
0.442 0.437 0.506 0.262 0.868 0.016 0.014 0.435 0.29 0.006 0.357 0.156 0.011 0.002 0.559 0.533 0.523 0.165 0.016 0.622 0.043 0.081 0.155 1 0.319 0.014 0.018 0.017 0.007 0.008 0.792 0.249 0.178 0.004 0.007 0.191 0.014 0.13 0.154 0.009 0.046 0.018 0.011 0.009 0.001 0.044 0.018 0.041 0.001 0.011 0.052 0.005 0.051 0.015 0.003 0.013 0.006 0.008 0.009 0.008 0.01 0.031 0.006 0 0.005 0.015 0.012 0.026 0.012 0.007 0.009 0.005 0.002 0.004 0.006 0.003 0.001 0.011
0.332 0.314 0.349 0.68 0.292 0.094 0.076 0.164 0.765 0.016 0.135 0.061 0.03 0.016 0.374 0.349 0.203 0.061 0.044 0.425 0.115 0.204 0.397 0.319 1 0.038 0.049 0.103 0.049 0.047 0.281 0.844 0.617 0.022 0.023 0.025 0.058 0.013 0.521 0.018 0.18 0.001 0.072 0.017 0.064 0.007 0.195 0.146 0.005 0.018 0.129 0.041 0.126 0.079 0.001 0.022 0.049 0.017 0.024 0.02 0.022 0.083 0.013 0.006 0.025 0.057 0.01 0.076 0.03 0.015 0.022 0.026 0.005 0.021 0.049 0.002 0.005 0.029
0.009 0.022 0.024 0 0.014 0.004 0.003 0.007 0 0.212 0.006 0.003 0.003 0.001 0.017 0.003 0.008 0.002 0.004 0.022 0.011 0.02 0.038 0.014 0.038 1 0.004 0.004 0.002 0.002 0.014 0.039 0.051 0.001 0.002 0.013 0.003 0.012 0.001 0.002 0.033 0.036 0.013 0 0.004 0.015 0.003 0.001 0.001 0.018 0.01 0.003 0.01 0.012 0.002 0.019 0.015 0.002 0.002 0.002 0.017 0.013 0.002 0.181 0.002 0.005 0.123 0.013 0.018 0.003 0.002 0.001 0.003 0.001 0.013 0.002 0.003 0.003
0.035 0.029 0.031 0.064 0.018 0.005 0.004 0.009 0.044 0.002 0.007 0.004 0.004 0.001 0.022 0.024 0.011 0.003 0.897 0.02 0.42 0.025 0.118 0.018 0.049 0.004 1 0.005 0.002 0.002 0.018 0.049 0.062 0.001 0.002 0.018 0.004 0.016 0.073 0.003 0.014 0.098 0.329 0.003 0.003 0.052 0.037 0.033 0.002 0.199 0.307 0.004 0.307 0.28 0.002 0.186 0.24 0.003 0.003 0 0.152 0.234 0.003 0.002 0.003 0.511 0.006 0.209 0.199 0.003 0 0.002 0.004 0 0.247 0.002 0.004 0
0.148 0.176 0.165 0.064 0.016 0.886 0.723 0.008 0.084 0.002 0.007 0.003 0.003 0.146 0.164 0.152 0.01 0.003 0.005 0.16 0.013 0.024 0.045 0.017 0.103 0.004 0.005 1 0.444 0.443 0.016 0.102 0.069 0 0.288 0.016 0.656 0.009 0.053 0.003 0 0.042 0.011 0 0.376 0.019 0.008 0.021 0.023 0.05 0.011 0.433 0.011 0.011 0.014 0.046 0.001 0.276 0.003 0.002 0.033 0.001 0.002 0.002 0.284 0.006 0.005 0 0.024 0.002 0.002 0 0.002 0.001 0.001 0.015 0 0.003
0.07 0.083 0.079 0.037 0.006 0.442 0.53 0.004 0.04 0.001 0.003 0.002 0.002 0 0.078 0.072 0.004 0.001 0.002 0.085 0.006 0.011 0.021 0.007 0.049 0.002 0.002 0.444 1 0.965 0.006 0.045 0.035 0 0.114 0.007 0.518 0.003 0.03 0.001 0.007 0.039 0.007 0.001 0.237 0.012 0.011 0.009 0.007 0.032 0.007 0.272 0.007 0.005 0.004 0.029 0.002 0.269 0.001 0 0.031 0.001 0.001 0.001 0.279 0.004 0.002 0.001 0.024 0.001 0.001 0.001 0.004 0.001 0.001 0.005 0.001 0.001
0.067 0.08 0.075 0.035 0.007 0.441 0.528 0.004 0.038 0.001 0.003 0.002 0.002 0 0.078 0.072 0.005 0.001 0.002 0.082 0.006 0.011 0.021 0.008 0.047 0.002 0.002 0.443 0.965 1 0.008 0.043 0.035 0 0.114 0.006 0.516 0.002 0.031 0.001 0.007 0.041 0.007 0.001 0.237 0.012 0.009 0.009 0.007 0.032 0.007 0.272 0.007 0.005 0.004 0.029 0.002 0.267 0.001 0 0.031 0.001 0.001 0.001 0.277 0.004 0.002 0.001 0.024 0.001 0.001 0.001 0.004 0.001 0.001 0.005 0.001 0.001
0.365 0.377 0.413 0.194 0.698 0.014 0.011 0.423 0.228 0.006 0.345 0.158 0.011 0.002 0.43 0.413 0.512 0.167 0.016 0.487 0.042 0.04 0.099 0.792 0.281 0.014 0.018 0.016 0.006 0.008 1 0.327 0.254 0.003 0.007 0.279 0.014 0.206 0.225 0.009 0.045 0.04 0.011 0.008 0.001 0.072 0.04 0.051 0.004 0.01 0.051 0.005 0.05 0.014 0.006 0.012 0.005 0.008 0.009 0.008 0.009 0.03 0.01 0.005 0.005 0.015 0.011 0.026 0.012 0.011 0.008 0.005 0.002 0.004 0.006 0.006 0.011 0.011
0.282 0.277 0.291 0.608 0.228 0.09 0.075 0.146 0.705 0.016 0.118 0.059 0.03 0.015 0.306 0.284 0.181 0.059 0.043 0.346 0.096 0.17 0.327 0.249 0.844 0.039 0.049 0.102 0.045 0.043 0.327 1 0.725 0.022 0.047 0.045 0.086 0.03 0.619 0.026 0.176 0.001 0.077 0.018 0.092 0.002 0.232 0.182 0.004 0.013 0.136 0.066 0.132 0.084 0 0.015 0.05 0.041 0.025 0.015 0.014 0.083 0.025 0.017 0.051 0.061 0.01 0.076 0.021 0.028 0.023 0.025 0.005 0.024 0.048 0.003 0.012 0.024
0.177 0.178 0.186 0.399 0.165 0.056 0.045 0.105 0.469 0.011 0.084 0.04 0.04 0.012 0.237 0.222 0.132 0.045 0.055 0.231 0.124 0.028 0.146 0.178 0.617 0.051 0.062 0.069 0.035 0.035 0.254 0.725 1 0.017 0.036 0.257 0.066 0.23 0.849 0.034 0.121 0.037 0.113 0.03 0.07 0.002 0.396 0.177 0.002 0.037 0.178 0.051 0.173 0.125 0 0.045 0.091 0.031 0.033 0.027 0.042 0.128 0.033 0.023 0.031 0.077 0.004 0.119 0.053 0.037 0.029 0.018 0.014 0.018 0.088 0.006 0.017 0.039
0 0 0 0.017 0.001 0 0.001 0 0.019 0 0 0.002 0.001 0.011 0 0.001 0 0.001 0.001 0 0.003 0.005 0.009 0.004 0.022 0.001 0.001 0 0 0 0.003 0.022 0.017 1 0 0.003 0.001 0.003 0.015 0.001 0.072 0.011 0.003 0.001 0.001 0.008 0.029 0.007 0.11 0.005 0.003 0.001 0.003 0.004 0.08 0.006 0.004 0.001 0.001 0.001 0.005 0.004 0.001 0 0 0.002 0.001 0.004 0.005 0.001 0.001 0.633 0.001 0 0.004 0 0.001 0.001
0.036 0.044 0.041 0.012 0.007 0.222 0.268 0.004 0.017 0.001 0.003 0.002 0.001 0 0.041 0.039 0.004 0.001 0.002 0.032 0 0.011 0.006 0.007 0.023 0.002 0.002 0.288 0.114 0.114 0.007 0.047 0.036 0 1 0.007 0.523 0.003 0.032 0.001 0.006 0.043 0.007 0.001 0.263 0.005 0.01 0.009 0.034 0.038 0.007 0.302 0.007 0.005 0.023 0.035 0.001 0.302 0.001 0.001 0.036 0.001 0.001 0.001 0.297 0.002 0.002 0.001 0.031 0.001 0.001 0.001 0.002 0 0.001 0.023 0 0.001
0.059 0.055 0.072 0.009 0.167 0.016 0.012 0.226 0.016 0.001 0.159 0.056 0.011 0.002 0.102 0.102 0.303 0.009 0.016 0.084 0.04 0.04 0.002 0.191 0.025 0.013 0.018 0.016 0.007 0.006 0.279 0.045 0.257 0.003 0.007 1 0.013 0.854 0.226 0.009 0.047 0.287 0.047 0.108 0.001 0.21 0.276 0.021 0.005 0.04 0.047 0.012 0.046 0.054 0.007 0.044 0.029 0.008 0.009 0.007 0.038 0.027 0.009 0.005 0.008 0.015 0.011 0.023 0.043 0.006 0.008 0.005 0.002 0.004 0.025 0.007 0.006 0.01
0.087 0.105 0.099 0.037 0.013 0.558 0.67 0.007 0.045 0.001 0.006 0.003 0.002 0.001 0.098 0.091 0.008 0.002 0.004 0.092 0.001 0.02 0.02 0.014 0.058 0.003 0.004 0.656 0.518 0.516 0.014 0.086 0.066 0.001 0.523 0.013 1 0.007 0.059 0.002 0.012 0.079 0.013 0 0.564 0.017 0.024 0.021 0.015 0.086 0.013 0.645 0.013 0.012 0.009 0.08 0.001 0.474 0.002 0.001 0.063 0.001 0.002 0.002 0.464 0.005 0.004 0.001 0.05 0.003 0.002 0.001 0.001 0.001 0.001 0.009 0.001 0.003
0.037 0.054 0.047 0.003 0.109 0.01 0.007 0.236 0.007 0 0.164 0.053 0.008 0.002 0.075 0.077 0.205 0.008 0.015 0.056 0.034 0.051 0.006 0.13 0.013 0.012 0.016 0.009 0.003 0.002 0.206 0.03 0.23 0.003 0.003 0.854 0.007 1 0.217 0.008 0.043 0.273 0.043 0.148 0.013 0.191 0.337 0.015 0.005 0.072 0.043 0.011 0.042 0.047 0.007 0.076 0.06 0.006 0.008 0.007 0.069 0.053 0.009 0.005 0.006 0.025 0.01 0.052 0.071 0.01 0.007 0.005 0.012 0.003 0.055 0.007 0.009 0.009
0.151 0.141 0.147 0.437 0.138 0.041 0.032 0.093 0.514 0.001 0.075 0.036 0.041 0.01 0.206 0.212 0.116 0.04 0.065 0.189 0.141 0.037 0.177 0.154 0.521 0.001 0.073 0.053 0.03 0.031 0.225 0.619 0.849 0.015 0.032 0.226 0.059 0.217 1 0.039 0.208 0.022 0.132 0.029 0.062 0 0.492 0.204 0.001 0.055 0.212 0.044 0.206 0.152 0 0.064 0.115 0.027 0.037 0.031 0.06 0.159 0.038 0.007 0.027 0.092 0.055 0.148 0.074 0.042 0.033 0.016 0.02 0.016 0.111 0.008 0.021 0.044
0.018 0.015 0.016 0.033 0.009 0.003 0.002 0.005 0.031 0 0.004 0.002 0.002 0 0.016 0.017 0.006 0.002 0.003 0.013 0.007 0.091 0.032 0.009 0.018 0.002 0.003 0.003 0.001 0.001 0.009 0.026 0.034 0.001 0.001 0.009 0.002 0.008 0.039 1 0.008 0.019 0.005 0.001 0.003 0.013 0.02 0.035 0.001 0.007 0.003 0.002 0.003 0.004 0.001 0.008 0.008 0.001 0.002 0.001 0.007 0.004 0.493 0.001 0.001 0.002 0.003 0.004 0.01 0.511 0.001 0.001 0.002 0.001 0.005 0.001 0.021 0.002
0.022 0.041 0.044 0.234 0.039 0 0.011 0.017 0.253 0.005 0.013 0.004 0.01 0.049 0.042 0.032 0.019 0.008 0.012 0.036 0.035 0.068 0.128 0.046 0.18 0.033 0.014 0 0.007 0.007 0.045 0.176 0.121 0.072 0.006 0.047 0.012 0.043 0.208 0.008 1 0.151 0.043 0.008 0.013 0.11 0.379 0.088 0.005 0.071 0.045 0.012 0.044 0.05 0.002 0.076 0.058 0.007 0.007 0.007 0.069 0.055 0.007 0.006 0.007 0.028 0.269 0.054 0.071 0.007 0.007 0.089 0.012 0.077 0.055 0.003 0.001 0.009
0.071 0.084 0.092 0 0.019 0.031 0.053 0.054 0.003 0.009 0.035 0.012 0.058 0.008 0.07 0.06 0.076 0.029 0.09 0.045 0.212 0.008 0.097 0.018 0.001 0.036 0.098 0.042 0.039 0.041 0.04 0.001 0.037 0.011 0.043 0.287 0.079 0.273 0.022 0.019 0.151 1 0.205 0.049 0.088 0.353 0.009 0.084 0.003 0.271 0.196 0.058 0.189 0.15 0.008 0.256 0.18 0.037 0.052 0.031 0.226 0.217 0.026 0.014 0.04 0.096 0.044 0.212 0.227 0.029 0.029 0.017 0.062 0.012 0.185 0.008 0.025 0.028
0.001 0 0 0.032 0.006 0.011 0.009 0 0.069 0.005 0.002 0.005 0.13 0.002 0.012 0.017 0 0.009 0.3 0.016 0.601 0.058 0.164 0.011 0.072 0.013 0.329 0.011 0.007 0.007 0.011 0.077 0.113 0.003 0.007 0.047 0.013 0.043 0.132 0.005 0.043 0.205 1 0.008 0.012 0.175 0.114 0.048 0.005 0.596 0.698 0.001 0.693 0.798 0.007 0.564 0.668 0.008 0.15 0.079 0.542 0.583 0.009 0.007 0.004 0.312 0.016 0.545 0.585 0.01 0.108 0.005 0.104 0.004 0.639 0.007 0.01 0.118
0.004 0.007 0.008 0.021 0.008 0 0 0.004 0.022 0.006 0.003 0.002 0 0 0.007 0.005 0.005 0.001 0.003 0.008 0.003 0.067 0.038 0.009 0.017 0 0.003 0 0.001 0.001 0.008 0.018 0.03 0.001 0.001 0.108 0 0.148 0.029 0.001 0.008 0.049 0.008 1 0.002 0.003 0.035 0.022 0.001 0.013 0.008 0.002 0.008 0.006 0.001 0.014 0.011 0.001 0.001 0.001 0.012 0.01 0.001 0.001 0.001 0.005 0.003 0.01 0.013 0.002 0.001 0.001 0.002 0.001 0.01 0.001 0.001 0.002
0.096 0.066 0.108 0.045 0.001 0.306 0.372 0.008 0.05 0.002 0.006 0.003 0.002 0.001 0.107 0.1 0.007 0.003 0.003 0.102 0.001 0.022 0.022 0.001 0.064 0.004 0.003 0.376 0.237 0.237 0.001 0.092 0.07 0.001 0.263 0.001 0.564 0.013 0.062 0.003 0.013 0.088 0.012 0.002 1 0.001 0.033 0.031 0.002 0.177 0.012 0.628 0.012 0.014 0.002 0.166 0.011 0.465 0.003 0.002 0.135 0.01 0.003 0.002 0.421 0 0.005 0.014 0.115 0.003 0.002 0.001 0.018 0.001 0.011 0.002 0.003 0.003
0.022 0.02 0.026 0.007 0.037 0.025 0.019 0.095 0.013 0.003 0.067 0.016 0.017 0.006 0.02 0.016 0.123 0.023 0.044 0.012 0.1 0.003 0.047 0.044 0.007 0.015 0.052 0.019 0.012 0.012 0.072 0.002 0.002 0.008 0.005 0.21 0.017 0.191 0 0.013 0.11 0.353 0.175 0.003 0.001 1 0.008 0.045 0.013 0.153 0.191 0.021 0.194 0.212 0.018 0.141 0.19 0.011 0.054 0.03 0.157 0.193 0.018 0.004 0.007 0.093 0.041 0.169 0.147 0.02 0.014 0.013 0.055 0.006 0.188 0.018 0.025 0.023
0.002 0.001 0 0.193 0.015 0.008 0.022 0.087 0.23 0.012 0.058 0.02 0.022 0.016 0.005 0.008 0.07 0.018 0.033 0.003 0.085 0.005 0.066 0.018 0.195 0.003 0.037 0.008 0.011 0.009 0.04 0.232 0.396 0.029 0.01 0.276 0.024 0.337 0.492 0.02 0.379 0.009 0.114 0.035 0.033 0.008 1 0.124 0 0.186 0.114 0.029 0.111 0.128 0.001 0.199 0.155 0.018 0.019 0.018 0.182 0.138 0.019 0.013 0.017 0.069 0.142 0.137 0.187 0.021 0.018 0.034 0.029 0.031 0.144 0.012 0.009 0.023
0.078 0.067 0.065 0.175 0.041 0.013 0.009 0.029 0.182 0.027 0.031 0.02 0 0.005 0.058 0.051 0.036 0.008 0.031 0.066 0.03 0.087 0.007 0.041 0.146 0.001 0.033 0.021 0.009 0.009 0.051 0.182 0.177 0.007 0.009 0.021 0.021 0.015 0.204 0.035 0.088 0.084 0.048 0.022 0.031 0.045 0.124 1 0.011 0.103 0.047 0.027 0.045 0.057 0.011 0.079 0.059 0.01 0 0 0.079 0.047 0.042 0.034 0.016 0.046 0.034 0.046 0.073 0.049 0.003 0.008 0.002 0.007 0.051 0.001 0.024 0.006
0 0 0 0.004 0.004 0.023 0.015 0.003 0.007 0.001 0.002 0.001 0.001 0.009 0.002 0.002 0.003 0 0.002 0.003 0.004 0 0.001 0.001 0.005 0.001 0.002 0.023 0.007 0.007 0.004 0.004 0.002 0.11 0.034 0.005 0.015 0.005 0.001 0.001 0.005 0.003 0.005 0.001 0.002 0.013 0 0.011 1 0.009 0.005 0.001 0.005 0.006 0.747 0.009 0.007 0.001 0.001 0.001 0.008 0.006 0.001 0.001 0.001 0.003 0.002 0.006 0.009 0.001 0.001 0.067 0.001 0 0.007 0.38 0.004 0.001
0.021 0.015 0.022 0.005 0.006 0.037 0.055 0.002 0.022 0.009 0 0.001 0.087 0.004 0.003 0.001 0.001 0.014 0.182 0.004 0.427 0.051 0.106 0.011 0.018 0.018 0.199 0.05 0.032 0.032 0.01 0.013 0.037 0.005 0.038 0.04 0.086 0.072 0.055 0.007 0.071 0.271 0.596 0.013 0.177 0.153 0.186 0.103 0.009 1 0.612 0.154 0.596 0.688 0.012 0.938 0.752 0.079 0.106 0.043 0.889 0.668 0.015 0.011 0.083 0.344 0.026 0.659 0.885 0.016 0.065 0.008 0.155 0.006 0.687 0.012 0.017 0.091
0.009 0.009 0.011 0.067 0.038 0.011 0.009 0.019 0.124 0.005 0.015 0.005 0.115 0.002 0.044 0.052 0.023 0.009 0.279 0.041 0.582 0.018 0.242 0.052 0.129 0.01 0.307 0.011 0.007 0.007 0.051 0.136 0.178 0.003 0.007 0.047 0.013 0.043 0.212 0.003 0.045 0.196 0.698 0.008 0.012 0.191 0.114 0.047 0.005 0.612 1 0.013 0.951 0.853 0.007 0.574 0.686 0.008 0.174 0.078 0.559 0.774 0.009 0.007 0.004 0.43 0.016 0.74 0.592 0.01 0.112 0.005 0.146 0.004 0.635 0.007 0.01 0.153
0.065 0.079 0.074 0.028 0.005 0.353 0.428 0.001 0.031 0.001 0 0.001 0.001 0.001 0.074 0.069 0.001 0.002 0.004 0.067 0 0.018 0.011 0.005 0.041 0.003 0.004 0.433 0.272 0.272 0.005 0.066 0.051 0.001 0.302 0.012 0.645 0.011 0.044 0.002 0.012 0.058 0.001 0.002 0.628 0.021 0.029 0.027 0.001 0.154 0.013 1 0.012 0.006 0.002 0.146 0.003 0.53 0.002 0.002 0.12 0 0.002 0.002 0.48 0 0.004 0 0.102 0.003 0.002 0.001 0.001 0.001 0 0.002 0.003 0.002
0.008 0.008 0.01 0.064 0.037 0.011 0.008 0.018 0.122 0.005 0.014 0.005 0.097 0.002 0.046 0.054 0.023 0.009 0.282 0.042 0.562 0.017 0.236 0.051 0.126 0.01 0.307 0.011 0.007 0.007 0.05 0.132 0.173 0.003 0.007 0.046 0.013 0.042 0.206 0.003 0.044 0.189 0.693 0.008 0.012 0.194 0.111 0.045 0.005 0.596 0.951 0.012 1 0.834 0.007 0.562 0.67 0.008 0.178 0.082 0.567 0.759 0.009 0.006 0.003 0.408 0.016 0.722 0.578 0.01 0.116 0.005 0.15 0.003 0.618 0.007 0.01 0.159
0 0 0 0.038 0.009 0.011 0.008 0 0.08 0.006 0.001 0.004 0.094 0.003 0.015 0.02 0 0.01 0.255 0.012 0.508 0.025 0.186 0.015 0.079 0.012 0.28 0.011 0.005 0.005 0.014 0.084 0.125 0.004 0.005 0.054 0.012 0.047 0.152 0.004 0.05 0.15 0.798 0.006 0.014 0.212 0.128 0.057 0.006 0.688 0.853 0.006 0.834 1 0.008 0.655 0.769 0.009 0.149 0.068 0.638 0.675 0.01 0.008 0.005 0.384 0.019 0.644 0.669 0.011 0.095 0.006 0.123 0.004 0.693 0.008 0.012 0.132
0.004 0.006 0.005 0.008 0.001 0.014 0.009 0.004 0.012 0.001 0.003 0.002 0.002 0.006 0.01 0.008 0.004 0 0.002 0.012 0.006 0 0.003 0.003 0.001 0.002 0.002 0.014 0.004 0.004 0.006 0 0 0.08 0.023 0.007 0.009 0.007 0 0.001 0.002 0.008 0.007 0.001 0.002 0.018 0.001 0.011 0.747 0.012 0.007 0.002 0.007 0.008 1 0.012 0.01 0.001 0.001 0.001 0.011 0.009 0.001 0.001 0.001 0.004 0.002 0.008 0.012 0.001 0.001 0.048 0.002 0.001 0.009 0.582 0.061 0.001
0.017 0.012 0.019 0.007 0.007 0.037 0.056 0.002 0.024 0.009 0 0.001 0.106 0.004 0.002 0 0 0.015 0.17 0.002 0.399 0.053 0.094 0.013 0.022 0.019 0.186 0.046 0.029 0.029 0.012 0.015 0.045 0.006 0.035 0.044 0.08 0.076 0.064 0.008 0.076 0.256 0.564 0.014 0.166 0.141 0.199 0.079 0.009 0.938 0.574 0.146 0.562 0.655 0.012 1 0.779 0.073 0.1 0.085 0.912 0.694 0.016 0.012 0.077 0.333 0.028 0.685 0.906 0.017 0.091 0.009 0.145 0.006 0.716 0.013 0.018 0.117
0.001 0 0.001 0.022 0.002 0.001 0 0.001 0.046 0.007 0 0.001 0.105 0.003 0.002 0.005 0.002 0.012 0.219 0.001 0.433 0.036 0.132 0.006 0.049 0.015 0.24 0.001 0.002 0.002 0.005 0.05 0.091 0.004 0.001 0.029 0.001 0.06 0.115 0.008 0.058 0.18 0.668 0.011 0.011 0.19 0.155 0.059 0.007 0.752 0.686 0.003 0.67 0.769 0.01 0.779 1 0.011 0.098 0.078 0.767 0.838 0.012 0.009 0.006 0.394 0.022 0.826 0.791 0.014 0.117 0.007 0.155 0.005 0.885 0.01 0.014 0.15
0.03 0.036 0.033 0.011 0.008 0.2 0.242 0.004 0.012 0.001 0.003 0.002 0.001 0 0.034 0.032 0.005 0.001 0.002 0.026 0 0.006 0.004 0.008 0.017 0.002 0.003 0.276 0.269 0.267 0.008 0.041 0.031 0.001 0.302 0.008 0.474 0.006 0.027 0.001 0.007 0.037 0.008 0.001 0.465 0.011 0.018 0.01 0.001 0.079 0.008 0.53 0.008 0.009 0.001 0.073 0.011 1 0.001 0.001 0.081 0.01 0.001 0.001 0.781 0.005 0.003 0.009 0.069 0.001 0.001 0.001 0.002 0.001 0.01 0.001 0.002 0.002
0.018 0.024 0.022 0.005 0.008 0.003 0.002 0.005 0.028 0.001 0.004 0.002 0.015 0 0.004 0.004 0.005 0.002 0.003 0.015 0.126 0.013 0.027 0.009 0.024 0.002 0.003 0.003 0.001 0.001 0.009 0.025 0.033 0.001 0.001 0.009 0.002 0.008 0.037 0.002 0.007 0.052 0.15 0.001 0.003 0.054 0.019 0 0.001 0.106 0.174 0.002 0.178 0.149 0.001 0.1 0.098 0.001 1 0 0.105 0.136 0.002 0.001 0.001 0.012 0.003 0.145 0.105 0.002 0 0.001 0.377 0.001 0.094 0.001 0.002 0
0.01 0.008 0.009 0.016 0.007 0 0 0.003 0.014 0.001 0.003 0.002 0.26 0 0.01 0.011 0.005 0.001 0 0.012 0.047 0.004 0.012 0.008 0.02 0.002 0 0.002 0 0 0.008 0.015 0.027 0.001 0.001 0.007 0.001 0.007 0.031 0.001 0.007 0.031 0.079 0.001 0.002 0.03 0.018 0 0.001 0.043 0.078 0.002 0.082 0.068 0.001 0.085 0.078 0.001 0 1 0.066 0.088 0.001 0.001 0.001 0.005 0.002 0.078 0.061 0.002 0.315 0.001 0.001 0.001 0.06 0.001 0.002 0.431
0.017 0.011 0.018 0.006 0.006 0.025 0.04 0.002 0.023 0.009 0 0.001 0.089 0.004 0.002 0 0.001 0.014 0.155 0.001 0.382 0.045 0.097 0.01 0.022 0.017 0.152 0.033 0.031 0.031 0.009 0.014 0.042 0.005 0.036 0.038 0.063 0.069 0.06 0.007 0.069 0.226 0.542 0.012 0.135 0.157 0.182 0.079 0.008 0.889 0.559 0.12 0.567 0.638 0.011 0.912 0.767 0.081 0.105 0.066 1 0.685 0.015 0.011 0.085 0.307 0.026 0.698 0.916 0.016 0.1 0.008 0.155 0.006 0.707 0.011 0.017 0.128
0 0.003 0.001 0.037 0.02 0 0 0.024 0.076 0.007 0.019 0.007 0.119 0.003 0.014 0.02 0.007 0.01 0.213 0.013 0.481 0.026 0.172 0.031 0.083 0.013 0.234 0.001 0.001 0.001 0.03 0.083 0.128 0.004 0.001 0.027 0.001 0.053 0.159 0.004 0.055 0.217 0.583 0.01 0.01 0.193 0.138 0.047 0.006 0.668 0.774 0 0.759 0.675 0.009 0.694 0.838 0.01 0.136 0.088 0.685 1 0.011 0.008 0.005 0.423 0.02 0.91 0.696 0.012 0.131 0.006 0.201 0.004 0.794 0.009 0.013 0.167
0.011 0.008 0.009 0.024 0.006 0.002 0.002 0.002 0.025 0.001 0.001 0.002 0.002 0 0.011 0.012 0.003 0.002 0.003 0.008 0.007 0.066 0.017 0.006 0.013 0.002 0.003 0.002 0.001 0.001 0.01 0.025 0.033 0.001 0.001 0.009 0.002 0.009 0.038 0.493 0.007 0.026 0.009 0.001 0.003 0.018 0.019 0.042 0.001 0.015 0.009 0.002 0.009 0.01 0.001 0.016 0.012 0.001 0.002 0.001 0.015 0.011 1 0.001 0.001 0.005 0.003 0.011 0.015 0.913 0.001 0.001 0.002 0.001 0.011 0.001 0.053 0.002
0.003 0.006 0.001 0.007 0 0.002 0.002 0.002 0.009 0.482 0.001 0 0.001 0 0 0.001 0.003 0.001 0.002 0.002 0.005 0.003 0.009 0 0.006 0.181 0.002 0.002 0.001 0.001 0.005 0.017 0.023 0 0.001 0.005 0.002 0.005 0.007 0.001 0.006 0.014 0.007 0.001 0.002 0.004 0.013 0.034 0.001 0.011 0.007 0.002 0.006 0.008 0.001 0.012 0.009 0.001 0.001 0.001 0.011 0.008 0.001 1 0.001 0.004 0.002 0.008 0.011 0.001 0.001 0.001 0.002 0 0.008 0.001 0.001 0.001
0.033 0.04 0.037 0.012 0.008 0.214 0.259 0.004 0.019 0.001 0.003 0.002 0.001 0 0.044 0.042 0.005 0.001 0.002 0.035 0 0.011 0.007 0.005 0.025 0.002 0.003 0.284 0.279 0.277 0.005 0.051 0.031 0 0.297 0.008 0.464 0.006 0.027 0.001 0.007 0.04 0.004 0.001 0.421 0.007 0.017 0.016 0.001 0.083 0.004 0.48 0.003 0.005 0.001 0.077 0.006 0.781 0.001 0.001 0.085 0.005 0.001 0.001 1 0.002 0.002 0.005 0.073 0.002 0.001 0.001 0 0.001 0.005 0.001 0.002 0.002
0.008 0.015 0.013 0.047 0.018 0.006 0.005 0.016 0.06 0.003 0.013 0.006 0 0.001 0.021 0.024 0.007 0.005 0.462 0.01 0.331 0.007 0.147 0.015 0.057 0.005 0.511 0.006 0.004 0.004 0.015 0.061 0.077 0.002 0.002 0.015 0.005 0.025 0.092 0.002 0.028 0.096 0.312 0.005 0 0.093 0.069 0.046 0.003 0.344 0.43 0 0.408 0.384 0.004 0.333 0.394 0.005 0.012 0.005 0.307 0.423 0.005 0.004 0.002 1 0.01 0.415 0.346 0.006 0.005 0.003 0.001 0.002 0.362 0.004 0.006 0
0.009 0.021 0.023 0.065 0.011 0.005 0.004 0.004 0.07 0.002 0.003 0.003 0.003 0.001 0.023 0.013 0.005 0.003 0.005 0.02 0.013 0.023 0.045 0.012 0.01 0.123 0.006 0.005 0.002 0.002 0.011 0.01 0.004 0.001 0.002 0.011 0.004 0.01 0.055 0.003 0.269 0.044 0.016 0.003 0.005 0.041 0.142 0.034 0.002 0.026 0.016 0.004 0.016 0.019 0.002 0.028 0.022 0.003 0.003 0.002 0.026 0.02 0.003 0.002 0.002 0.01 1 0.02 0.027 0.003 0.003 0.002 0.004 0.001 0.02 0.002 0 0.003
0 0.002 0 0.031 0.017 0 0 0.023 0.068 0.006 0.019 0.007 0.108 0.003 0.011 0.016 0.005 0.01 0.208 0.014 0.45 0.026 0.16 0.026 0.076 0.013 0.209 0 0.001 0.001 0.026 0.076 0.119 0.004 0.001 0.023 0.001 0.052 0.148 0.004 0.054 0.212 0.545 0.01 0.014 0.169 0.137 0.046 0.006 0.659 0.74 0 0.722 0.644 0.008 0.685 0.826 0.009 0.145 0.078 0.698 0.91 0.011 0.008 0.005 0.415 0.02 1 0.687 0.012 0.132 0.006 0.211 0.004 0.774 0.009 0.012 0.155
0.011 0.008 0.012 0.01 0.007 0.018 0.03 0.002 0.03 0.009 0 0 0.084 0.004 0 0 0 0.014 0.182 0 0.449 0.043 0.104 0.012 0.03 0.018 0.199 0.024 0.024 0.024 0.012 0.021 0.053 0.005 0.031 0.043 0.05 0.071 0.074 0.01 0.071 0.227 0.585 0.013 0.115 0.147 0.187 0.073 0.009 0.885 0.592 0.102 0.578 0.669 0.012 0.906 0.791 0.069 0.105 0.061 0.916 0.696 0.015 0.011 0.073 0.346 0.027 0.687 1 0.016 0.097 0.008 0.155 0.006 0.72 0.012 0.009 0.121
0.012 0.01 0.011 0.028 0.007 0.002 0.003 0.002 0.028 0.001 0.001 0.002 0.002 0 0.012 0.014 0.003 0.002 0.003 0.009 0.008 0.076 0.022 0.007 0.015 0.003 0.003 0.002 0.001 0.001 0.011 0.028 0.037 0.001 0.001 0.006 0.003 0.01 0.042 0.511 0.007 0.029 0.01 0.002 0.003 0.02 0.021 0.049 0.001 0.016 0.01 0.003 0.01 0.011 0.001 0.017 0.014 0.001 0.002 0.002 0.016 0.012 0.913 0.001 0.002 0.006 0.003 0.012 0.016 1 0.002 0.001 0.003 0.001 0.013 0.001 0.068 0.002
0.003 0.002 0.002 0.011 0.002 0.001 0 0 0.014 0.001 0 0.001 0.136 0 0.005 0.006 0.001 0.001 0 0.007 0.056 0.004 0.024 0.009 0.022 0.002 0 0.002 0.001 0.001 0.008 0.023 0.029 0.001 0.001 0.008 0.002 0.007 0.033 0.001 0.007 0.029 0.108 0.001 0.002 0.014 0.018 0.003 0.001 0.065 0.112 0.002 0.116 0.095 0.001 0.091 0.117 0.001 0 0.315 0.1 0.131 0.001 0.001 0.001 0.005 0.003 0.132 0.097 0.002 1 0.001 0.002 0.001 0.096 0.001 0.002 0.608
0.001 0.002 0.002 0.019 0.002 0 0.001 0 0.021 0.001 0 0 0.001 0.006 0.003 0.001 0 0.001 0.002 0.002 0.004 0.004 0.009 0.005 0.026 0.001 0.002 0 0.001 0.001 0.005 0.025 0.018 0.633 0.001 0.005 0.001 0.005 0.016 0.001 0.089 0.017 0.005 0.001 0.001 0.013 0.034 0.008 0.067 0.008 0.005 0.001 0.005 0.006 0.048 0.009 0.007 0.001 0.001 0.001 0.008 0.006 0.001 0.001 0.001 0.003 0.002 0.006 0.008 0.001 0.001 1 0.001 0 0.006 0.001 0.001 0.001
0.022 0.012 0.027 0.004 0 0.002 0.004 0.007 0.005 0.001 0.006 0.003 0.025 0.001 0.001 0 0 0.002 0.004 0 0.068 0.014 0.009 0.002 0.005 0.003 0.004 0.002 0.004 0.004 0.002 0.005 0.014 0.001 0.002 0.002 0.001 0.012 0.02 0.002 0.012 0.062 0.104 0.002 0.018 0.055 0.029 0.002 0.001 0.155 0.146 0.001 0.15 0.123 0.002 0.145 0.155 0.002 0.377 0.001 0.155 0.201 0.002 0.002 0 0.001 0.004 0.211 0.155 0.003 0.002 0.001 1 0.001 0.158 0.002 0.003 0
0 0.006 0.006 0.016 0.004 0.001 0.001 0.002 0.017 0 0.002 0.001 0.001 0 0.006 0.006 0.002 0.001 0 0.006 0.002 0.005 0.008 0.004 0.021 0.001 0 0.001 0.001 0.001 0.004 0.024 0.018 0 0 0.004 0.001 0.003 0.016 0.001 0.077 0.012 0.004 0.001 0.001 0.006 0.031 0.007 0 0.006 0.004 0.001 0.003 0.004 0.001 0.006 0.005 0.001 0.001 0.001 0.006 0.004 0.001 0 0.001 0.002 0.001 0.004 0.006 0.001 0.001 0 0.001 1 0.004 0.001 0.001 0.001
0 0 0.001 0.022 0.003 0 0 0.002 0.044 0.007 0 0 0.09 0.003 0.002 0.004 0.001 0.011 0.224 0.004 0.418 0.039 0.121 0.006 0.049 0.013 0.247 0.001 0.001 0.001 0.006 0.048 0.088 0.004 0.001 0.025 0.001 0.055 0.111 0.005 0.055 0.185 0.639 0.01 0.011 0.188 0.144 0.051 0.007 0.687 0.635 0 0.618 0.693 0.009 0.716 0.885 0.01 0.094 0.06 0.707 0.794 0.011 0.008 0.005 0.362 0.02 0.774 0.72 0.013 0.096 0.006 0.158 0.004 1 0.009 0.013 0.132
0.004 0.006 0.005 0 0 0.015 0.009 0.004 0.001 0.001 0.003 0.002 0.002 0.006 0.01 0.008 0.005 0 0.002 0.012 0.006 0.007 0.001 0.003 0.002 0.002 0.002 0.015 0.005 0.005 0.006 0.003 0.006 0 0.023 0.007 0.009 0.007 0.008 0.001 0.003 0.008 0.007 0.001 0.002 0.018 0.012 0.001 0.38 0.012 0.007 0.002 0.007 0.008 0.582 0.013 0.01 0.001 0.001 0.001 0.011 0.009 0.001 0.001 0.001 0.004 0.002 0.009 0.012 0.001 0.001 0.001 0.002 0.001 0.009 1 0.177 0.001
0.002 0.001 0.001 0.005 0 0 0 0.005 0.003 0.001 0.005 0.002 0.002 0.004 0 0.001 0.007 0.002 0.003 0 0.002 0.026 0.002 0.001 0.005 0.003 0.004 0 0.001 0.001 0.011 0.012 0.017 0.001 0 0.006 0.001 0.009 0.021 0.021 0.001 0.025 0.01 0.001 0.003 0.025 0.009 0.024 0.004 0.017 0.01 0.003 0.01 0.012 0.061 0.018 0.014 0.002 0.002 0.002 0.017 0.013 0.053 0.001 0.002 0.006 0 0.012 0.009 0.068 0.002 0.001 0.003 0.001 0.013 0.177 1 0.002
0.003 0.002 0.002 0.01 0.004 0.001 0.001 0.001 0.017 0.001 0 0 0.168 0 0.009 0.01 0.002 0.002 0 0.01 0.072 0.002 0.037 0.011 0.029 0.003 0 0.003 0.001 0.001 0.011 0.024 0.039 0.001 0.001 0.01 0.003 0.009 0.044 0.002 0.009 0.028 0.118 0.002 0.003 0.023 0.023 0.006 0.001 0.091 0.153 0.002 0.159 0.132 0.001 0.117 0.15 0.002 0 0.431 0.128 0.167 0.002 0.001 0.002 0 0.003 0.155 0.121 0.002 0.608 0.001 0 0.001 0.132 0.001 0.002 1
