1 0.816 0.835 0.406 0.364 0.137 0.088 0.231 0.232 0.01 0.173 0.092 0.021 0.036 0.508 0.492 0.253 0.03 0.039 0.524 0.005 0.107 0.099 0.343 0.231 0.005 0.044 0.108 0.035 0.033 0.288 0.168 0.107 0 0.038 0.07 0.054 0.046 0.089 0.019 0.019 0.054 0.001 0.003 0.065 0.012 0.003 0.031 0.014 0.006 0.015 0.042 0.012 0.003 0.025 0.004 0.001 0.005 0.04 0.009 0.004 0.001 0.011 0.004 0.01 0.025 0.013 0 0.001 0.012 0 0.001 0.025 0.001 0 0.015 0 0.001
0.816 1 0.949 0.382 0.399 0.165 0.106 0.268 0.203 0.008 0.209 0.112 0.018 0.043 0.583 0.569 0.283 0.038 0.033 0.592 0.001 0.085 0.067 0.38 0.22 0.028 0.036 0.132 0.042 0.04 0.334 0.165 0.107 0.002 0.047 0.086 0.067 0.063 0.078 0.012 0.05 0.083 0 0.004 0.069 0.028 0 0.02 0.018 0.015 0.007 0.053 0.005 0 0.032 0.012 0.005 0.008 0.05 0.006 0.012 0 0.008 0.007 0.014 0.021 0.039 0 0.007 0.007 0 0.004 0.03 0.01 0.002 0.02 0 0
0.835 0.949 1 0.4 0.435 0.161 0.104 0.273 0.218 0.008 0.204 0.109 0.018 0.042 0.613 0.597 0.301 0.037 0.033 0.625 0.001 0.087 0.07 0.413 0.242 0.029 0.037 0.129 0.041 0.039 0.35 0.175 0.114 0.002 0.046 0.095 0.065 0.065 0.084 0.016 0.048 0.087 0 0.004 0.079 0.03 0 0.021 0.017 0.016 0.008 0.052 0.006 0 0.031 0.013 0.006 0.007 0.049 0.007 0.013 0 0.008 0.002 0.013 0.019 0.04 0 0.007 0.009 0 0.004 0.032 0.01 0.003 0.019 0 0
0.406 0.382 0.4 1 0.185 0.062 0.039 0.121 0.759 0.02 0.092 0.053 0.044 0.017 0.253 0.27 0.132 0.02 0.081 0.26 0.046 0.25 0.323 0.196 0.579 0.003 0.085 0.044 0.017 0.015 0.157 0.493 0.34 0.029 0.014 0.018 0.02 0.007 0.427 0.039 0.217 0.002 0.04 0.016 0.025 0.011 0.235 0.147 0.012 0.022 0.088 0.014 0.08 0.056 0.017 0.024 0.027 0 0.014 0.018 0.021 0.05 0.03 0.013 0.001 0.074 0.065 0.04 0.028 0.032 0.004 0.02 0.004 0.018 0.036 0.005 0.006 0.01
0.364 0.399 0.435 0.185 1 0.016 0.01 0.4 0.244 0.004 0.425 0.24 0.009 0.004 0.524 0.496 0.484 0.074 0.017 0.528 0.036 0.065 0.124 0.744 0.223 0.015 0.019 0.016 0.004 0.004 0.597 0.147 0.115 0.006 0.007 0.181 0.011 0.109 0.087 0.008 0.051 0.023 0.003 0.006 0.004 0.032 0.006 0.037 0.003 0.002 0.032 0.002 0.029 0.005 0.002 0.003 0 0.007 0.003 0.002 0.003 0.015 0.005 0.001 0.006 0.011 0.021 0.011 0.001 0.006 0.002 0.006 0 0.005 0.001 0 0 0.005
0.137 0.165 0.161 0.062 0.016 1 0.631 0.009 0.055 0.001 0.007 0.004 0.003 0.257 0.146 0.137 0.012 0.002 0.005 0.148 0.014 0.005 0.021 0.019 0.06 0.005 0.006 0.749 0.25 0.243 0.017 0.054 0.029 0.005 0.242 0.015 0.382 0.013 0.027 0.003 0.003 0.005 0.016 0.001 0.167 0.038 0.002 0.008 0.13 0.006 0.017 0.222 0.016 0.02 0.087 0.006 0.001 0.063 0.003 0.001 0.005 0 0.001 0.002 0.076 0.006 0.007 0 0.001 0.001 0.001 0.002 0.003 0.002 0.001 0.068 0.008 0.002
0.088 0.106 0.104 0.039 0.01 0.631 1 0.006 0.049 0.001 0.005 0.003 0.002 0.001 0.117 0.111 0.007 0.001 0.003 0.116 0.009 0.007 0.019 0.012 0.048 0.003 0.004 0.544 0.396 0.386 0.011 0.043 0.019 0.002 0.39 0.01 0.616 0.008 0.019 0.002 0.01 0.034 0.009 0.001 0.28 0.021 0.023 0.009 0.054 0.028 0.01 0.364 0.009 0.012 0.035 0.03 0.001 0.108 0.002 0 0.025 0.002 0.002 0.001 0.127 0.003 0.004 0.002 0.012 0.002 0 0.002 0.009 0.001 0.001 0.027 0 0.001
0.231 0.268 0.273 0.121 0.4 0.009 0.006 1 0.138 0.002 0.764 0.435 0.005 0.002 0.303 0.285 0.715 0.003 0.01 0.321 0.017 0.037 0.066 0.452 0.15 0.009 0.011 0.009 0.002 0.002 0.462 0.127 0.105 0.003 0.004 0.281 0.006 0.292 0.085 0.005 0.03 0.066 0 0.002 0.008 0.115 0.079 0.011 0.003 0.004 0.025 0 0.023 0.001 0.004 0.005 0.002 0.004 0.005 0 0.004 0.03 0.002 0.004 0.003 0.018 0.011 0.03 0.003 0.002 0 0.003 0.006 0.003 0.006 0.005 0.006 0.001
0.232 0.203 0.218 0.759 0.244 0.055 0.049 0.138 1 0.018 0.105 0.06 0.038 0.02 0.334 0.337 0.151 0.023 0.04 0.323 0.13 0.25 0.465 0.24 0.686 0.005 0.044 0.056 0.019 0.018 0.182 0.583 0.416 0.033 0.018 0.026 0.025 0.012 0.52 0.034 0.251 0.01 0.082 0.019 0.029 0.024 0.278 0.199 0.015 0.05 0.155 0.018 0.146 0.105 0.021 0.052 0.057 0 0.025 0.015 0.051 0.096 0.028 0.017 0.004 0.052 0.076 0.084 0.048 0.03 0.017 0.023 0.007 0.021 0.065 0.007 0.003 0.031
0.01 0.008 0.008 0.02 0.004 0.001 0.001 0.002 0.018 1 0.002 0.001 0.001 0 0.006 0.003 0.003 0 0.001 0.007 0.004 0.001 0.004 0.005 0.014 0.047 0.002 0.001 0 0 0.004 0.014 0.008 0 0.001 0 0.001 0 0.001 0 0.005 0.006 0.005 0.012 0.001 0.001 0.011 0.035 0 0.008 0.005 0.001 0.005 0.006 0.001 0.008 0.006 0.001 0.001 0.001 0.007 0.006 0.001 0.288 0 0.003 0.002 0.006 0.007 0.001 0.001 0.001 0.001 0 0.006 0.001 0.001 0.001
0.173 0.209 0.204 0.092 0.425 0.007 0.005 0.764 0.105 0.002 1 0.569 0.004 0.002 0.225 0.213 0.546 0.002 0.007 0.239 0.011 0.028 0.048 0.341 0.114 0.007 0.008 0.007 0.002 0.002 0.341 0.09 0.072 0.002 0.003 0.162 0.005 0.161 0.058 0.004 0.022 0.034 0.001 0.002 0.006 0.076 0.041 0.027 0.002 0 0.017 0 0.016 0 0.003 0 0 0.003 0.004 0 0 0.021 0.001 0.003 0.002 0.013 0.009 0.021 0 0.001 0 0.002 0.005 0.002 0.001 0.004 0.004 0
0.092 0.112 0.109 0.053 0.24 0.004 0.003 0.435 0.06 0.001 0.569 1 0.002 0.001 0.144 0.136 0.35 0.001 0.004 0.152 0.011 0.016 0.034 0.212 0.075 0.004 0.005 0.004 0.001 0.001 0.223 0.072 0.058 0.001 0.002 0.09 0.003 0.08 0.05 0.002 0.011 0.013 0.003 0.001 0.003 0.042 0.024 0.022 0.001 0 0.015 0.002 0.014 0.002 0.002 0 0 0.002 0.002 0.002 0 0.018 0.003 0.002 0.001 0.008 0.005 0.017 0 0.003 0.002 0.001 0.003 0.001 0.001 0.002 0.003 0.003
0.021 0.018 0.018 0.044 0.009 0.003 0.002 0.005 0.038 0.001 0.004 0.002 1 0.001 0.006 0.005 0.007 0.001 0.003 0.008 0.195 0.012 0.063 0.01 0.031 0.003 0.003 0.003 0.001 0.001 0.009 0.027 0.032 0.001 0 0.009 0 0.008 0.038 0.001 0.011 0.058 0.1 0.001 0.001 0.049 0.023 0.006 0.001 0.096 0.136 0 0.092 0.101 0.001 0.097 0.105 0 0.003 0.285 0.099 0.115 0.002 0.001 0 0.001 0.004 0.091 0.097 0.002 0.098 0.001 0.01 0.001 0.099 0.002 0.002 0.197
0.036 0.043 0.042 0.017 0.004 0.257 0.001 0.002 0.02 0 0.002 0.001 0.001 1 0.048 0.045 0.003 0 0.001 0.051 0.004 0.005 0.011 0.005 0.025 0.001 0.002 0.257 0 0 0.004 0.024 0.022 0.037 0.001 0.003 0.001 0.003 0.018 0.001 0.071 0.012 0.005 0 0.001 0.011 0.03 0.008 0.11 0.008 0.005 0.001 0.005 0.006 0.076 0.008 0.006 0.001 0.001 0.001 0.007 0.006 0.001 0.001 0 0.003 0.002 0.006 0.007 0.001 0.001 0.024 0.001 0 0.006 0.061 0.04 0.001
0.508 0.583 0.613 0.253 0.524 0.146 0.117 0.303 0.334 0.006 0.225 0.144 0.006 0.048 1 0.897 0.375 0.055 0.027 0.832 0.061 0.087 0.182 0.566 0.355 0.024 0.031 0.166 0.046 0.047 0.449 0.277 0.211 0.002 0.07 0.138 0.092 0.09 0.174 0.014 0.035 0.048 0.03 0.006 0.106 0.012 0.008 0.04 0.032 0 0.069 0.076 0.075 0.03 0.048 0 0.005 0.018 0.014 0.012 0 0.024 0.006 0.004 0.031 0.013 0.031 0.02 0.001 0.007 0.013 0.003 0.001 0.009 0.007 0.033 0.002 0.017
0.492 0.569 0.597 0.27 0.496 0.137 0.111 0.285 0.337 0.003 0.213 0.136 0.005 0.045 0.897 1 0.354 0.052 0.029 0.784 0.062 0.088 0.185 0.573 0.354 0.02 0.033 0.157 0.044 0.044 0.459 0.282 0.221 0.002 0.072 0.155 0.092 0.107 0.184 0.015 0.035 0.052 0.033 0.003 0.105 0.011 0.012 0.039 0.03 0 0.074 0.076 0.08 0.034 0.045 0.001 0.007 0.019 0.007 0.013 0.001 0.028 0.007 0.002 0.033 0.015 0.036 0.023 0.001 0.008 0.013 0.004 0.001 0.002 0.009 0.03 0.001 0.018
0.253 0.283 0.301 0.132 0.484 0.012 0.007 0.715 0.151 0.003 0.546 0.35 0.007 0.003 0.375 0.354 1 0.003 0.012 0.434 0.032 0.046 0.097 0.593 0.209 0.011 0.014 0.012 0.003 0.003 0.615 0.169 0.139 0.004 0.005 0.395 0.008 0.272 0.114 0.006 0.033 0.095 0.002 0.003 0.011 0.129 0.066 0.018 0.004 0 0.032 0.001 0.03 0.002 0.005 0 0 0.005 0.007 0.006 0 0.012 0.003 0.005 0.004 0.002 0.014 0.008 0 0.003 0.006 0.004 0.006 0.004 0 0.006 0.007 0.008
0.03 0.038 0.037 0.02 0.074 0.002 0.001 0.003 0.023 0 0.002 0.001 0.001 0 0.055 0.052 0.003 1 0.002 0.058 0.004 0.006 0.013 0.084 0.029 0.001 0.002 0.002 0 0 0.093 0.029 0.025 0.001 0.001 0.005 0.001 0.004 0.021 0.001 0.006 0.015 0.005 0.001 0.001 0.014 0.007 0.001 0 0.009 0.006 0.001 0.005 0.007 0 0.009 0.007 0.001 0.001 0.001 0.008 0.007 0.001 0.001 0.001 0.003 0.002 0.006 0.008 0.001 0.001 0.001 0.001 0 0.007 0 0.001 0.001
0.039 0.033 0.033 0.081 0.017 0.005 0.003 0.01 0.04 0.001 0.007 0.004 0.003 0.001 0.027 0.029 0.012 0.002 1 0.028 0.381 0.022 0.125 0.019 0.057 0.005 0.894 0.006 0.001 0.001 0.018 0.044 0.046 0.002 0.002 0.016 0.004 0.014 0.065 0.003 0.012 0.092 0.266 0.002 0.004 0.091 0.032 0.022 0.002 0.166 0.243 0.003 0.266 0.214 0.002 0.157 0.195 0.002 0.002 0.001 0.145 0.21 0.003 0.002 0.002 0.42 0.003 0.207 0.18 0.004 0.001 0.003 0.003 0 0.198 0.003 0.004 0
0.524 0.592 0.625 0.26 0.528 0.148 0.116 0.321 0.323 0.007 0.239 0.152 0.008 0.051 0.832 0.784 0.434 0.058 0.028 1 0.058 0.094 0.187 0.646 0.393 0.024 0.025 0.135 0.049 0.047 0.52 0.28 0.205 0.001 0.039 0.145 0.062 0.094 0.167 0.01 0.034 0.042 0.021 0.007 0.078 0.01 0.009 0.04 0.034 0 0.066 0.048 0.067 0.027 0.052 0.001 0.004 0.004 0.015 0.014 0.001 0.023 0.005 0.004 0.009 0.008 0.034 0.021 0.002 0.006 0.014 0.003 0.003 0.008 0.006 0.041 0.002 0.019
0.005 0.001 0.001 0.046 0.036 0.014 0.009 0.017 0.13 0.004 0.011 0.011 0.195 0.004 0.061 0.062 0.032 0.004 0.381 0.058 1 0.05 0.314 0.051 0.142 0.013 0.417 0.015 0.004 0.004 0.045 0.125 0.141 0.007 0.003 0.042 0.005 0.036 0.181 0.007 0.042 0.24 0.596 0.002 0.007 0.223 0.093 0.019 0.004 0.433 0.631 0.005 0.602 0.525 0.006 0.41 0.476 0.002 0.129 0.1 0.396 0.524 0.009 0.006 0.001 0.252 0.013 0.488 0.432 0.01 0.118 0.007 0.065 0.003 0.458 0.007 0.005 0.159
0.107 0.085 0.087 0.25 0.065 0.005 0.007 0.037 0.25 0.001 0.028 0.016 0.012 0.005 0.087 0.088 0.046 0.006 0.022 0.094 0.05 1 0.408 0.073 0.196 0.019 0.022 0.021 0.005 0.005 0.046 0.168 0.055 0.008 0.009 0.009 0.014 0.015 0.079 0.097 0.068 0.013 0.031 0.051 0.014 0.009 0.025 0.142 0.002 0.027 0.008 0.01 0.006 0.015 0.003 0.026 0.025 0 0.01 0.002 0.021 0.013 0.062 0 0.004 0.003 0.02 0.013 0.024 0.07 0.002 0.002 0.006 0.006 0.017 0.001 0.026 0.002
0.099 0.067 0.07 0.323 0.124 0.021 0.019 0.066 0.465 0.004 0.048 0.034 0.063 0.011 0.182 0.185 0.097 0.013 0.125 0.187 0.314 0.408 1 0.154 0.42 0.04 0.14 0.044 0.011 0.011 0.112 0.363 0.218 0.018 0.014 0.004 0.023 0.001 0.294 0.042 0.136 0.09 0.208 0.028 0.025 0.092 0.124 0.033 0.007 0.146 0.301 0.018 0.294 0.22 0.01 0.137 0.169 0.001 0.037 0.043 0.141 0.224 0.018 0.004 0.006 0.124 0.041 0.207 0.135 0.021 0.051 0.01 0.018 0.011 0.181 0.001 0.001 0.075
0.343 0.38 0.413 0.196 0.744 0.019 0.012 0.452 0.24 0.005 0.341 0.212 0.01 0.005 0.566 0.573 0.593 0.084 0.019 0.646 0.051 0.073 0.154 1 0.3 0.017 0.022 0.019 0.005 0.005 0.819 0.2 0.158 0.008 0.008 0.272 0.013 0.19 0.125 0.009 0.064 0.03 0.013 0.006 0.003 0.051 0.021 0.022 0.001 0.01 0.056 0.003 0.053 0.016 0.004 0.012 0.006 0.008 0.011 0.009 0.009 0.033 0.006 0.002 0.005 0.008 0.023 0.027 0.009 0.007 0.01 0.009 0.01 0.006 0.009 0.002 0.001 0.013
0.231 0.22 0.242 0.579 0.223 0.06 0.048 0.15 0.686 0.014 0.114 0.075 0.031 0.025 0.355 0.354 0.209 0.029 0.057 0.393 0.142 0.196 0.42 0.3 1 0.05 0.064 0.072 0.024 0.022 0.267 0.796 0.62 0.024 0.024 0.047 0.033 0.026 0.517 0.018 0.144 0.006 0.101 0.012 0.04 0.012 0.223 0.144 0.012 0.053 0.179 0.025 0.168 0.106 0.007 0.049 0.068 0.001 0.031 0.023 0.049 0.111 0.014 0.013 0.006 0.052 0.013 0.101 0.057 0.016 0.024 0.016 0.016 0.026 0.078 0.001 0.003 0.039
0.005 0.028 0.029 0.003 0.015 0.005 0.003 0.009 0.005 0.047 0.007 0.004 0.003 0.001 0.024 0.02 0.011 0.001 0.005 0.024 0.013 0.019 0.04 0.017 0.05 1 0.006 0.005 0.001 0.001 0.015 0.048 0.057 0.003 0.002 0.014 0.003 0.012 0.01 0.002 0.067 0.037 0.014 0 0.004 0.021 0.018 0.004 0.001 0.013 0.006 0.003 0.005 0.008 0.002 0.014 0.01 0.002 0.001 0.003 0.012 0.008 0.003 0.044 0.002 0.002 0.112 0.008 0.013 0.003 0.003 0.002 0.003 0.001 0.009 0.002 0.004 0.003
0.044 0.036 0.037 0.085 0.019 0.006 0.004 0.011 0.044 0.002 0.008 0.005 0.003 0.002 0.031 0.033 0.014 0.002 0.894 0.025 0.417 0.022 0.14 0.022 0.064 0.006 1 0.006 0.002 0.002 0.02 0.051 0.054 0.003 0.003 0.018 0.004 0.016 0.074 0.003 0.014 0.102 0.297 0.002 0.005 0.095 0.037 0.025 0.002 0.185 0.273 0.004 0.283 0.239 0.003 0.175 0.218 0.003 0.003 0.001 0.141 0.225 0.004 0.002 0.002 0.477 0.003 0.214 0.201 0.004 0.001 0.003 0.003 0.001 0.222 0.003 0.004 0
0.108 0.132 0.129 0.044 0.016 0.749 0.544 0.009 0.056 0.001 0.007 0.004 0.003 0.257 0.166 0.157 0.012 0.002 0.006 0.135 0.015 0.021 0.044 0.019 0.072 0.005 0.006 1 0.248 0.241 0.017 0.082 0.057 0.004 0.389 0.015 0.608 0.008 0.053 0.003 0.002 0.02 0.016 0.001 0.312 0.022 0.002 0.027 0.13 0.023 0.017 0.409 0.016 0.02 0.087 0.021 0.002 0.205 0.003 0.003 0.019 0.001 0.001 0.002 0.23 0.006 0.007 0.001 0.01 0.001 0.003 0.002 0.003 0.002 0.001 0.068 0.008 0.004
0.035 0.042 0.041 0.017 0.004 0.25 0.396 0.002 0.019 0 0.002 0.001 0.001 0 0.046 0.044 0.003 0 0.001 0.049 0.004 0.005 0.011 0.005 0.024 0.001 0.002 0.248 1 0.953 0.004 0.011 0.009 0.001 0.052 0.004 0.24 0.003 0.007 0.001 0.005 0.012 0.005 0 0.065 0.012 0.01 0.004 0.058 0.004 0.005 0.086 0.005 0.006 0.04 0.003 0 0.017 0.001 0.001 0.004 0 0.001 0.001 0.023 0.002 0.002 0 0.001 0.001 0.001 0.001 0.024 0 0 0.032 0 0.001
0.033 0.04 0.039 0.015 0.004 0.243 0.386 0.002 0.018 0 0.002 0.001 0.001 0 0.047 0.044 0.003 0 0.001 0.047 0.004 0.005 0.011 0.005 0.022 0.001 0.002 0.241 0.953 1 0.004 0.01 0.009 0.001 0.053 0.003 0.235 0.003 0.007 0.001 0.005 0.012 0.005 0 0.065 0.012 0.009 0.005 0.055 0.003 0.005 0.086 0.005 0.006 0.037 0.003 0 0.016 0.001 0.001 0.004 0 0.001 0.001 0.022 0.002 0.002 0 0.001 0.001 0.001 0.001 0.023 0 0 0.03 0 0.001
0.288 0.334 0.35 0.157 0.597 0.017 0.011 0.462 0.182 0.004 0.341 0.223 0.009 0.004 0.449 0.459 0.615 0.093 0.018 0.52 0.045 0.046 0.112 0.819 0.267 0.015 0.02 0.017 0.004 0.004 1 0.28 0.233 0.008 0.008 0.365 0.011 0.267 0.194 0.008 0.058 0.061 0.01 0.006 0.004 0.082 0.046 0.034 0.003 0.006 0.05 0.002 0.047 0.012 0.005 0.008 0.003 0.007 0.01 0.008 0.006 0.027 0.011 0.007 0.004 0.006 0.021 0.022 0.006 0.011 0.009 0.008 0.009 0.005 0.006 0.007 0.011 0.012
0.168 0.165 0.175 0.493 0.147 0.054 0.043 0.127 0.583 0.014 0.09 0.072 0.027 0.024 0.277 0.282 0.169 0.029 0.044 0.28 0.125 0.168 0.363 0.2 0.796 0.048 0.051 0.082 0.011 0.01 0.28 1 0.782 0.024 0.045 0.076 0.067 0.054 0.666 0.026 0.162 0 0.108 0.018 0.073 0.005 0.281 0.189 0.012 0.041 0.188 0.056 0.177 0.111 0.003 0.036 0.071 0.016 0.03 0.02 0.037 0.115 0.028 0.021 0.028 0.06 0.019 0.105 0.044 0.03 0.023 0.017 0.015 0.03 0.081 0 0.014 0.036
0.107 0.107 0.114 0.34 0.115 0.029 0.019 0.105 0.416 0.008 0.072 0.058 0.032 0.022 0.211 0.221 0.139 0.025 0.046 0.205 0.141 0.055 0.218 0.158 0.62 0.057 0.054 0.057 0.009 0.009 0.233 0.782 1 0.021 0.028 0.237 0.046 0.211 0.818 0.032 0.125 0.012 0.118 0.015 0.062 0 0.388 0.191 0.004 0.055 0.2 0.047 0.188 0.126 0 0.051 0.086 0.012 0.036 0.027 0.049 0.131 0.025 0.024 0.02 0.055 0.012 0.12 0.058 0.027 0.028 0.013 0.022 0.026 0.097 0.002 0.011 0.045
0 0.002 0.002 0.029 0.006 0.005 0.002 0.003 0.033 0 0.002 0.001 0.001 0.037 0.002 0.002 0.004 0.001 0.002 0.001 0.007 0.008 0.018 0.008 0.024 0.003 0.003 0.004 0.001 0.001 0.008 0.024 0.021 1 0.001 0.006 0.002 0.005 0.032 0.001 0.124 0.022 0.008 0 0.002 0.022 0.057 0.013 0.001 0.013 0.009 0.002 0.008 0.01 0 0.014 0.011 0.001 0.001 0.001 0.012 0.01 0.002 0.001 0.001 0.004 0.003 0.01 0.012 0.002 0.001 0.819 0.002 0.001 0.011 0.001 0.002 0.002
0.038 0.047 0.046 0.014 0.007 0.242 0.39 0.004 0.018 0.001 0.003 0.002 0 0.001 0.07 0.072 0.005 0.001 0.002 0.039 0.003 0.009 0.014 0.008 0.024 0.002 0.003 0.389 0.052 0.053 0.008 0.045 0.028 0.001 1 0.007 0.649 0.006 0.032 0.001 0.008 0.046 0.008 0.001 0.307 0.002 0.018 0.014 0.079 0.035 0.009 0.396 0.008 0.01 0.053 0.033 0 0.292 0.001 0.001 0.036 0 0.002 0.001 0.313 0.001 0.003 0 0.025 0.002 0.001 0.001 0.002 0.001 0 0.042 0.001 0.002
0.07 0.086 0.095 0.018 0.181 0.015 0.01 0.281 0.026 0 0.162 0.09 0.009 0.003 0.138 0.155 0.395 0.005 0.016 0.145 0.042 0.009 0.004 0.272 0.047 0.014 0.018 0.015 0.004 0.003 0.365 0.076 0.237 0.006 0.007 1 0.01 0.842 0.197 0.008 0.054 0.288 0.041 0.08 0.005 0.197 0.217 0.012 0.005 0.03 0.044 0.01 0.041 0.046 0.006 0.033 0.021 0.007 0.009 0.008 0.025 0.022 0.004 0.005 0.005 0.004 0.019 0.017 0.027 0.004 0.008 0.008 0.008 0.005 0.02 0.008 0.003 0.01
0.054 0.067 0.065 0.02 0.011 0.382 0.616 0.006 0.025 0.001 0.005 0.003 0 0.001 0.092 0.092 0.008 0.001 0.004 0.062 0.005 0.014 0.023 0.013 0.033 0.003 0.004 0.608 0.24 0.235 0.011 0.067 0.046 0.002 0.649 0.01 1 0.005 0.047 0.002 0.011 0.066 0.012 0.001 0.521 0.009 0.024 0.021 0.05 0.063 0.013 0.671 0.012 0.015 0.032 0.059 0 0.372 0.002 0.002 0.056 0 0.002 0.001 0.386 0.003 0.005 0 0.037 0.002 0.002 0.002 0.005 0.001 0 0.024 0.002 0.003
0.046 0.063 0.065 0.007 0.109 0.013 0.008 0.292 0.012 0 0.161 0.08 0.008 0.003 0.09 0.107 0.272 0.004 0.014 0.094 0.036 0.015 0.001 0.19 0.026 0.012 0.016 0.008 0.003 0.003 0.267 0.054 0.211 0.005 0.006 0.842 0.005 1 0.178 0.007 0.047 0.257 0.036 0.092 0.006 0.155 0.257 0.007 0.004 0.055 0.038 0.004 0.035 0.046 0.006 0.059 0.051 0.002 0.008 0.007 0.05 0.046 0.003 0.005 0.001 0.015 0.017 0.045 0.05 0.004 0.008 0.007 0.009 0.004 0.049 0.007 0.003 0.01
0.089 0.078 0.084 0.427 0.087 0.027 0.019 0.085 0.52 0.001 0.058 0.05 0.038 0.018 0.174 0.184 0.114 0.021 0.065 0.167 0.181 0.079 0.294 0.125 0.517 0.01 0.074 0.053 0.007 0.007 0.194 0.666 0.818 0.032 0.032 0.197 0.047 0.178 1 0.038 0.248 0.001 0.157 0.012 0.052 0.005 0.51 0.225 0.007 0.088 0.253 0.039 0.237 0.169 0.001 0.083 0.123 0.009 0.042 0.035 0.079 0.176 0.031 0.012 0.016 0.078 0.077 0.163 0.091 0.034 0.035 0.02 0.028 0.022 0.136 0.001 0.015 0.055
0.019 0.012 0.016 0.039 0.008 0.003 0.002 0.005 0.034 0 0.004 0.002 0.001 0.001 0.014 0.015 0.006 0.001 0.003 0.01 0.007 0.097 0.042 0.009 0.018 0.002 0.003 0.003 0.001 0.001 0.008 0.026 0.032 0.001 0.001 0.008 0.002 0.007 0.038 1 0.009 0.007 0 0.001 0.002 0.002 0.015 0.009 0.001 0 0.002 0.002 0.002 0.001 0.001 0 0.002 0.001 0.002 0.001 0 0.001 0.197 0.001 0.001 0.001 0.001 0.001 0.002 0.226 0.002 0.001 0.002 0.001 0 0 0.029 0.002
0.019 0.05 0.048 0.217 0.051 0.003 0.01 0.03 0.251 0.005 0.022 0.011 0.011 0.071 0.035 0.035 0.033 0.006 0.012 0.034 0.042 0.068 0.136 0.064 0.144 0.067 0.014 0.002 0.005 0.005 0.058 0.162 0.125 0.124 0.008 0.054 0.011 0.047 0.248 0.009 1 0.18 0.063 0.006 0.015 0.135 0.438 0.107 0.005 0.101 0.068 0.012 0.064 0.078 0.001 0.106 0.085 0.008 0.01 0.01 0.095 0.08 0.008 0.007 0.006 0.035 0.328 0.079 0.093 0.009 0.01 0.103 0.012 0.086 0.083 0 0 0.014
0.054 0.083 0.087 0.002 0.023 0.005 0.034 0.066 0.01 0.006 0.034 0.013 0.058 0.012 0.048 0.052 0.095 0.015 0.092 0.042 0.24 0.013 0.09 0.03 0.006 0.037 0.102 0.02 0.012 0.012 0.061 0 0.012 0.022 0.046 0.288 0.066 0.257 0.001 0.007 0.18 1 0.254 0.027 0.083 0.508 0 0.066 0 0.328 0.263 0.044 0.243 0.196 0.003 0.303 0.269 0.021 0.057 0.042 0.289 0.304 0.02 0.017 0.032 0.125 0.063 0.299 0.288 0.022 0.045 0.026 0.055 0.016 0.265 0.006 0.022 0.055
0.001 0 0 0.04 0.003 0.016 0.009 0 0.082 0.005 0.001 0.003 0.1 0.005 0.03 0.033 0.002 0.005 0.266 0.021 0.596 0.031 0.208 0.013 0.101 0.014 0.297 0.016 0.005 0.005 0.01 0.108 0.118 0.008 0.008 0.041 0.012 0.036 0.157 0 0.063 0.254 1 0.006 0.015 0.305 0.141 0.037 0.006 0.632 0.731 0.003 0.716 0.791 0.008 0.6 0.708 0.008 0.137 0.118 0.554 0.607 0.012 0.007 0.004 0.266 0.023 0.571 0.598 0.012 0.126 0.009 0.092 0.006 0.652 0.009 0.013 0.158
0.003 0.004 0.004 0.016 0.006 0.001 0.001 0.002 0.019 0.012 0.002 0.001 0.001 0 0.006 0.003 0.003 0.001 0.002 0.007 0.002 0.051 0.028 0.006 0.012 0 0.002 0.001 0 0 0.006 0.018 0.015 0 0.001 0.08 0.001 0.092 0.012 0.001 0.006 0.027 0.006 1 0.001 0.003 0.015 0.022 0.001 0.01 0.007 0.001 0.006 0.008 0.001 0.01 0.009 0.001 0.001 0.001 0.008 0.008 0.002 0.001 0.001 0.003 0.002 0.008 0.009 0.002 0.001 0.001 0.001 0.001 0.008 0.001 0.005 0.001
0.065 0.069 0.079 0.025 0.004 0.167 0.28 0.008 0.029 0.001 0.006 0.003 0.001 0.001 0.106 0.105 0.011 0.001 0.004 0.078 0.007 0.014 0.025 0.003 0.04 0.004 0.005 0.312 0.065 0.065 0.004 0.073 0.062 0.002 0.307 0.005 0.521 0.006 0.052 0.002 0.015 0.083 0.015 0.001 1 0.001 0.032 0.026 0.001 0.146 0.015 0.62 0.015 0.012 0.002 0.138 0.02 0.351 0.002 0.002 0.134 0.016 0.003 0.002 0.364 0.003 0.005 0.024 0.099 0.003 0.002 0.002 0.005 0.001 0.021 0.002 0.003 0.003
0.012 0.028 0.03 0.011 0.032 0.038 0.021 0.115 0.024 0.001 0.076 0.042 0.049 0.011 0.012 0.011 0.129 0.014 0.091 0.01 0.223 0.009 0.092 0.051 0.012 0.021 0.095 0.022 0.012 0.012 0.082 0.005 0 0.022 0.002 0.197 0.009 0.155 0.005 0.002 0.135 0.508 0.305 0.003 0.001 1 0 0.055 0.014 0.308 0.316 0.007 0.303 0.32 0.02 0.284 0.313 0.002 0.035 0.044 0.303 0.308 0.022 0.005 0 0.156 0.059 0.294 0.276 0.024 0.041 0.024 0.027 0.006 0.334 0.024 0.026 0.055
0.003 0 0 0.235 0.006 0.002 0.023 0.079 0.278 0.011 0.041 0.024 0.023 0.03 0.008 0.012 0.066 0.007 0.032 0.009 0.093 0.025 0.124 0.021 0.223 0.018 0.037 0.002 0.01 0.009 0.046 0.281 0.388 0.057 0.018 0.217 0.024 0.257 0.51 0.015 0.438 0 0.141 0.015 0.032 0 1 0.122 0 0.222 0.147 0.025 0.138 0.173 0.001 0.234 0.189 0.017 0.022 0.022 0.209 0.173 0.014 0.016 0.014 0.075 0.163 0.171 0.205 0.015 0.023 0.044 0.027 0.04 0.183 0.004 0.003 0.03
0.031 0.02 0.021 0.147 0.037 0.008 0.009 0.011 0.199 0.035 0.027 0.022 0.006 0.008 0.04 0.039 0.018 0.001 0.022 0.04 0.019 0.142 0.033 0.022 0.144 0.004 0.025 0.027 0.004 0.005 0.034 0.189 0.191 0.013 0.014 0.012 0.021 0.007 0.225 0.009 0.107 0.066 0.037 0.022 0.026 0.055 0.122 1 0.01 0.08 0.036 0.02 0.031 0.051 0.005 0.076 0.056 0.002 0.003 0.001 0.076 0.047 0.055 0.056 0.011 0.045 0.04 0.045 0.076 0.061 0.007 0.016 0 0.01 0.057 0 0.032 0.009
0.014 0.018 0.017 0.012 0.003 0.13 0.054 0.003 0.015 0 0.002 0.001 0.001 0.11 0.032 0.03 0.004 0 0.002 0.034 0.004 0.002 0.007 0.001 0.012 0.001 0.002 0.13 0.058 0.055 0.003 0.012 0.004 0.001 0.079 0.005 0.05 0.004 0.007 0.001 0.005 0 0.006 0.001 0.001 0.014 0 0.01 1 0.009 0.006 0.001 0.005 0.007 0.713 0.009 0.007 0.001 0.001 0.001 0.008 0.007 0.001 0.001 0.001 0.003 0.002 0.007 0.008 0.001 0.001 0.001 0.001 0 0.007 0.5 0.035 0.001
0.006 0.015 0.016 0.022 0.002 0.006 0.028 0.004 0.05 0.008 0 0 0.096 0.008 0 0 0 0.009 0.166 0 0.433 0.027 0.146 0.01 0.053 0.013 0.185 0.023 0.004 0.003 0.006 0.041 0.055 0.013 0.035 0.03 0.063 0.055 0.088 0 0.101 0.328 0.632 0.01 0.146 0.308 0.222 0.08 0.009 1 0.663 0.114 0.624 0.722 0.012 0.949 0.817 0.044 0.101 0.072 0.901 0.745 0.019 0.011 0.057 0.331 0.037 0.736 0.86 0.02 0.084 0.015 0.123 0.009 0.806 0.015 0.021 0.119
0.015 0.007 0.008 0.088 0.032 0.017 0.01 0.025 0.155 0.005 0.017 0.015 0.136 0.005 0.069 0.074 0.032 0.006 0.243 0.066 0.631 0.008 0.301 0.056 0.179 0.006 0.273 0.017 0.005 0.005 0.05 0.188 0.2 0.009 0.009 0.044 0.013 0.038 0.253 0.002 0.068 0.263 0.731 0.007 0.015 0.316 0.147 0.036 0.006 0.663 1 0.012 0.929 0.829 0.008 0.629 0.712 0.008 0.153 0.112 0.596 0.829 0.012 0.007 0.004 0.383 0.025 0.789 0.602 0.013 0.129 0.01 0.129 0.006 0.737 0.01 0.014 0.182
0.042 0.053 0.052 0.014 0.002 0.222 0.364 0 0.018 0.001 0 0.002 0 0.001 0.076 0.076 0.001 0.001 0.003 0.048 0.005 0.01 0.018 0.003 0.025 0.003 0.004 0.409 0.086 0.086 0.002 0.056 0.047 0.002 0.396 0.01 0.671 0.004 0.039 0.002 0.012 0.044 0.003 0.001 0.62 0.007 0.025 0.02 0.001 0.114 0.012 1 0.011 0.005 0.001 0.108 0.004 0.451 0.002 0.002 0.101 0 0.002 0.001 0.467 0.003 0.004 0 0.074 0.002 0.002 0.002 0.005 0.001 0 0.002 0.002 0.002
0.012 0.005 0.006 0.08 0.029 0.016 0.009 0.023 0.146 0.005 0.016 0.014 0.092 0.005 0.075 0.08 0.03 0.005 0.266 0.067 0.602 0.006 0.294 0.053 0.168 0.005 0.283 0.016 0.005 0.005 0.047 0.177 0.188 0.008 0.008 0.041 0.012 0.035 0.237 0.002 0.064 0.243 0.716 0.006 0.015 0.303 0.138 0.031 0.005 0.624 0.929 0.011 1 0.782 0.008 0.594 0.67 0.008 0.164 0.119 0.573 0.794 0.012 0.007 0.004 0.345 0.023 0.742 0.563 0.012 0.138 0.009 0.139 0.006 0.694 0.009 0.013 0.194
0.003 0 0 0.056 0.005 0.02 0.012 0.001 0.105 0.006 0 0.002 0.101 0.006 0.03 0.034 0.002 0.007 0.214 0.027 0.525 0.015 0.22 0.016 0.106 0.008 0.239 0.02 0.006 0.006 0.012 0.111 0.126 0.01 0.01 0.046 0.015 0.046 0.169 0.001 0.078 0.196 0.791 0.008 0.012 0.32 0.173 0.051 0.007 0.722 0.829 0.005 0.782 1 0.01 0.741 0.79 0.01 0.131 0.108 0.665 0.729 0.014 0.009 0.005 0.352 0.029 0.694 0.672 0.015 0.11 0.011 0.109 0.007 0.759 0.012 0.017 0.154
0.025 0.032 0.031 0.017 0.002 0.087 0.035 0.004 0.021 0.001 0.003 0.002 0.001 0.076 0.048 0.045 0.005 0 0.002 0.052 0.006 0.003 0.01 0.004 0.007 0.002 0.003 0.087 0.04 0.037 0.005 0.003 0 0 0.053 0.006 0.032 0.006 0.001 0.001 0.001 0.003 0.008 0.001 0.002 0.02 0.001 0.005 0.713 0.012 0.008 0.001 0.008 0.01 1 0.013 0.01 0.001 0.001 0.001 0.012 0.01 0.001 0.001 0.001 0.004 0.003 0.009 0.011 0.002 0.001 0 0.002 0.001 0.01 0.703 0.133 0.002
0.004 0.012 0.013 0.024 0.003 0.006 0.03 0.005 0.052 0.008 0 0 0.097 0.008 0 0.001 0 0.009 0.157 0.001 0.41 0.026 0.137 0.012 0.049 0.014 0.175 0.021 0.003 0.003 0.008 0.036 0.051 0.014 0.033 0.033 0.059 0.059 0.083 0 0.106 0.303 0.6 0.01 0.138 0.284 0.234 0.076 0.009 0.949 0.629 0.108 0.594 0.741 0.013 1 0.811 0.041 0.097 0.096 0.891 0.742 0.02 0.012 0.054 0.317 0.039 0.733 0.852 0.021 0.098 0.015 0.118 0.009 0.785 0.016 0.022 0.127
0.001 0.005 0.006 0.027 0 0.001 0.001 0.002 0.057 0.006 0 0 0.105 0.006 0.005 0.007 0 0.007 0.195 0.004 0.476 0.025 0.169 0.006 0.068 0.01 0.218 0.002 0 0 0.003 0.071 0.086 0.011 0 0.021 0 0.051 0.123 0.002 0.085 0.269 0.708 0.009 0.02 0.313 0.189 0.056 0.007 0.817 0.712 0.004 0.67 0.79 0.01 0.811 1 0.011 0.105 0.111 0.775 0.849 0.016 0.01 0.006 0.374 0.032 0.838 0.793 0.017 0.121 0.012 0.13 0.008 0.906 0.013 0.018 0.157
0.005 0.008 0.007 0 0.007 0.063 0.108 0.004 0 0.001 0.003 0.002 0 0.001 0.018 0.019 0.005 0.001 0.002 0.004 0.002 0 0.001 0.008 0.001 0.002 0.003 0.205 0.017 0.016 0.007 0.016 0.012 0.001 0.292 0.007 0.372 0.002 0.009 0.001 0.008 0.021 0.008 0.001 0.351 0.002 0.017 0.002 0.001 0.044 0.008 0.451 0.008 0.01 0.001 0.041 0.011 1 0.001 0.001 0.047 0.01 0.001 0.001 0.684 0.004 0.003 0.01 0.037 0.002 0.001 0.001 0.002 0.001 0.01 0.001 0.002 0.002
0.04 0.05 0.049 0.014 0.003 0.003 0.002 0.005 0.025 0.001 0.004 0.002 0.003 0.001 0.014 0.007 0.007 0.001 0.002 0.015 0.129 0.01 0.037 0.011 0.031 0.001 0.003 0.003 0.001 0.001 0.01 0.03 0.036 0.001 0.001 0.009 0.002 0.008 0.042 0.002 0.01 0.057 0.137 0.001 0.002 0.035 0.022 0.003 0.001 0.101 0.153 0.002 0.164 0.131 0.001 0.097 0.105 0.001 1 0.001 0.083 0.13 0.002 0.001 0.001 0 0.004 0.132 0.063 0.002 0.001 0.001 0.341 0.001 0.091 0.002 0.002 0
0.009 0.006 0.007 0.018 0.002 0.001 0 0 0.015 0.001 0 0.002 0.285 0.001 0.012 0.013 0.006 0.001 0.001 0.014 0.1 0.002 0.043 0.009 0.023 0.003 0.001 0.003 0.001 0.001 0.008 0.02 0.027 0.001 0.001 0.008 0.002 0.007 0.035 0.001 0.01 0.042 0.118 0.001 0.002 0.044 0.022 0.001 0.001 0.072 0.112 0.002 0.119 0.108 0.001 0.096 0.111 0.001 0.001 1 0.1 0.121 0.002 0.001 0.001 0.005 0.004 0.099 0.095 0.002 0.374 0.001 0.001 0.001 0.093 0.002 0.002 0.524
0.004 0.012 0.013 0.021 0.003 0.005 0.025 0.004 0.051 0.007 0 0 0.099 0.007 0 0.001 0 0.008 0.145 0.001 0.396 0.021 0.141 0.009 0.049 0.012 0.141 0.019 0.004 0.004 0.006 0.037 0.049 0.012 0.036 0.025 0.056 0.05 0.079 0 0.095 0.289 0.554 0.008 0.134 0.303 0.209 0.076 0.008 0.901 0.596 0.101 0.573 0.665 0.012 0.891 0.775 0.047 0.083 0.1 1 0.724 0.018 0.011 0.06 0.288 0.035 0.726 0.838 0.019 0.11 0.014 0.106 0.008 0.763 0.014 0.02 0.142
0.001 0 0 0.05 0.015 0 0.002 0.03 0.096 0.006 0.021 0.018 0.115 0.006 0.024 0.028 0.012 0.007 0.21 0.023 0.524 0.013 0.224 0.033 0.111 0.008 0.225 0.001 0 0 0.027 0.115 0.131 0.01 0 0.022 0 0.046 0.176 0.001 0.08 0.304 0.607 0.008 0.016 0.308 0.173 0.047 0.007 0.745 0.829 0 0.794 0.729 0.01 0.742 0.849 0.01 0.13 0.121 0.724 1 0.014 0.009 0.005 0.389 0.029 0.941 0.689 0.015 0.133 0.011 0.157 0.007 0.862 0.012 0.017 0.171
0.011 0.008 0.008 0.03 0.005 0.001 0.002 0.002 0.028 0.001 0.001 0.003 0.002 0.001 0.006 0.007 0.003 0.001 0.003 0.005 0.009 0.062 0.018 0.006 0.014 0.003 0.004 0.001 0.001 0.001 0.011 0.028 0.025 0.002 0.002 0.004 0.002 0.003 0.031 0.197 0.008 0.02 0.012 0.002 0.003 0.022 0.014 0.055 0.001 0.019 0.012 0.002 0.012 0.014 0.001 0.02 0.016 0.001 0.002 0.002 0.018 0.014 1 0.001 0.001 0.006 0.004 0.014 0.017 0.943 0.002 0.002 0.002 0.001 0.015 0 0.115 0.002
0.004 0.007 0.002 0.013 0.001 0.002 0.001 0.004 0.017 0.288 0.003 0.002 0.001 0.001 0.004 0.002 0.005 0.001 0.002 0.004 0.006 0 0.004 0.002 0.013 0.044 0.002 0.002 0.001 0.001 0.007 0.021 0.024 0.001 0.001 0.005 0.001 0.005 0.012 0.001 0.007 0.017 0.007 0.001 0.002 0.005 0.016 0.056 0.001 0.011 0.007 0.001 0.007 0.009 0.001 0.012 0.01 0.001 0.001 0.001 0.011 0.009 0.001 1 0.001 0.004 0.003 0.009 0.01 0.001 0.001 0.001 0.001 0.001 0.009 0.001 0.001 0.002
0.01 0.014 0.013 0.001 0.006 0.076 0.127 0.003 0.004 0 0.002 0.001 0 0 0.031 0.033 0.004 0.001 0.002 0.009 0.001 0.004 0.006 0.005 0.006 0.002 0.002 0.23 0.023 0.022 0.004 0.028 0.02 0.001 0.313 0.005 0.386 0.001 0.016 0.001 0.006 0.032 0.004 0.001 0.364 0 0.014 0.011 0.001 0.057 0.004 0.467 0.004 0.005 0.001 0.054 0.006 0.684 0.001 0.001 0.06 0.005 0.001 0.001 1 0.002 0.002 0.005 0.048 0.001 0.001 0.001 0 0.001 0.006 0.001 0.001 0.001
0.025 0.021 0.019 0.074 0.011 0.006 0.003 0.018 0.052 0.003 0.013 0.008 0.001 0.003 0.013 0.015 0.002 0.003 0.42 0.008 0.252 0.003 0.124 0.008 0.052 0.002 0.477 0.006 0.002 0.002 0.006 0.06 0.055 0.004 0.001 0.004 0.003 0.015 0.078 0.001 0.035 0.125 0.266 0.003 0.003 0.156 0.075 0.045 0.003 0.331 0.383 0.003 0.345 0.352 0.004 0.317 0.374 0.004 0 0.005 0.288 0.389 0.006 0.004 0.002 1 0.013 0.399 0.351 0.007 0.006 0.005 0.003 0.003 0.376 0.005 0.007 0.002
0.013 0.039 0.04 0.065 0.021 0.007 0.004 0.011 0.076 0.002 0.009 0.005 0.004 0.002 0.031 0.036 0.014 0.002 0.003 0.034 0.013 0.02 0.041 0.023 0.013 0.112 0.003 0.007 0.002 0.002 0.021 0.019 0.012 0.003 0.003 0.019 0.005 0.017 0.077 0.001 0.328 0.063 0.023 0.002 0.005 0.059 0.163 0.04 0.002 0.037 0.025 0.004 0.023 0.029 0.003 0.039 0.032 0.003 0.004 0.004 0.035 0.029 0.004 0.003 0.002 0.013 1 0.029 0.034 0.005 0.004 0.003 0.005 0.002 0.031 0.003 0.003 0.005
0 0 0 0.04 0.011 0 0.002 0.03 0.084 0.006 0.021 0.017 0.091 0.006 0.02 0.023 0.008 0.006 0.207 0.021 0.488 0.013 0.207 0.027 0.101 0.008 0.214 0.001 0 0 0.022 0.105 0.12 0.01 0 0.017 0 0.045 0.163 0.001 0.079 0.299 0.571 0.008 0.024 0.294 0.171 0.045 0.007 0.736 0.789 0 0.742 0.694 0.009 0.733 0.838 0.01 0.132 0.099 0.726 0.941 0.014 0.009 0.005 0.399 0.029 1 0.68 0.015 0.134 0.011 0.16 0.007 0.852 0.012 0.016 0.148
0.001 0.007 0.007 0.028 0.001 0.001 0.012 0.003 0.048 0.007 0 0 0.097 0.007 0.001 0.001 0 0.008 0.18 0.002 0.432 0.024 0.135 0.009 0.057 0.013 0.201 0.01 0.001 0.001 0.006 0.044 0.058 0.012 0.025 0.027 0.037 0.05 0.091 0.002 0.093 0.288 0.598 0.009 0.099 0.276 0.205 0.076 0.008 0.86 0.602 0.074 0.563 0.672 0.011 0.852 0.793 0.037 0.063 0.095 0.838 0.689 0.017 0.01 0.048 0.351 0.034 0.68 1 0.018 0.112 0.013 0.134 0.008 0.736 0.014 0.012 0.138
0.012 0.007 0.009 0.032 0.006 0.001 0.002 0.002 0.03 0.001 0.001 0.003 0.002 0.001 0.007 0.008 0.003 0.001 0.004 0.006 0.01 0.07 0.021 0.007 0.016 0.003 0.004 0.001 0.001 0.001 0.011 0.03 0.027 0.002 0.002 0.004 0.002 0.004 0.034 0.226 0.009 0.022 0.012 0.002 0.003 0.024 0.015 0.061 0.001 0.02 0.013 0.002 0.012 0.015 0.002 0.021 0.017 0.002 0.002 0.002 0.019 0.015 0.943 0.001 0.001 0.007 0.005 0.015 0.018 1 0.002 0.002 0.002 0.001 0.016 0 0.119 0.003
0 0 0 0.004 0.002 0.001 0 0 0.017 0.001 0 0.002 0.098 0.001 0.013 0.013 0.006 0.001 0.001 0.014 0.118 0.002 0.051 0.01 0.024 0.003 0.001 0.003 0.001 0.001 0.009 0.023 0.028 0.001 0.001 0.008 0.002 0.008 0.035 0.002 0.01 0.045 0.126 0.001 0.002 0.041 0.023 0.007 0.001 0.084 0.129 0.002 0.138 0.11 0.001 0.098 0.121 0.001 0.001 0.374 0.11 0.133 0.002 0.001 0.001 0.006 0.004 0.134 0.112 0.002 1 0.002 0.002 0.001 0.103 0.002 0.002 0.634
0.001 0.004 0.004 0.02 0.006 0.002 0.002 0.003 0.023 0.001 0.002 0.001 0.001 0.024 0.003 0.004 0.004 0.001 0.003 0.003 0.007 0.002 0.01 0.009 0.016 0.002 0.003 0.002 0.001 0.001 0.008 0.017 0.013 0.819 0.001 0.008 0.002 0.007 0.02 0.001 0.103 0.026 0.009 0.001 0.002 0.024 0.044 0.016 0.001 0.015 0.01 0.002 0.009 0.011 0 0.015 0.012 0.001 0.001 0.001 0.014 0.011 0.002 0.001 0.001 0.005 0.003 0.011 0.013 0.002 0.002 1 0.002 0.001 0.012 0.001 0.002 0.002
0.025 0.03 0.032 0.004 0 0.003 0.009 0.006 0.007 0.001 0.005 0.003 0.01 0.001 0.001 0.001 0.006 0.001 0.003 0.003 0.065 0.006 0.018 0.01 0.016 0.003 0.003 0.003 0.024 0.023 0.009 0.015 0.022 0.002 0.002 0.008 0.005 0.009 0.028 0.002 0.012 0.055 0.092 0.001 0.005 0.027 0.027 0 0.001 0.123 0.129 0.005 0.139 0.109 0.002 0.118 0.13 0.002 0.341 0.001 0.106 0.157 0.002 0.001 0 0.003 0.005 0.16 0.134 0.002 0.002 0.002 1 0.001 0.116 0.002 0.003 0
0.001 0.01 0.01 0.018 0.005 0.002 0.001 0.003 0.021 0 0.002 0.001 0.001 0 0.009 0.002 0.004 0 0 0.008 0.003 0.006 0.011 0.006 0.026 0.001 0.001 0.002 0 0 0.005 0.03 0.026 0.001 0.001 0.005 0.001 0.004 0.022 0.001 0.086 0.016 0.006 0.001 0.001 0.006 0.04 0.01 0 0.009 0.006 0.001 0.006 0.007 0.001 0.009 0.008 0.001 0.001 0.001 0.008 0.007 0.001 0.001 0.001 0.003 0.002 0.007 0.008 0.001 0.001 0.001 0.001 1 0.007 0.001 0.001 0.001
0 0.002 0.003 0.036 0.001 0.001 0.001 0.006 0.065 0.006 0.001 0.001 0.099 0.006 0.007 0.009 0 0.007 0.198 0.006 0.458 0.017 0.181 0.009 0.078 0.009 0.222 0.001 0 0 0.006 0.081 0.097 0.011 0 0.02 0 0.049 0.136 0 0.083 0.265 0.652 0.008 0.021 0.334 0.183 0.057 0.007 0.806 0.737 0 0.694 0.759 0.01 0.785 0.906 0.01 0.091 0.093 0.763 0.862 0.015 0.009 0.006 0.376 0.031 0.852 0.736 0.016 0.103 0.012 0.116 0.007 1 0.012 0.018 0.154
0.015 0.02 0.019 0.005 0 0.068 0.027 0.005 0.007 0.001 0.004 0.002 0.002 0.061 0.033 0.03 0.006 0 0.003 0.041 0.007 0.001 0.001 0.002 0.001 0.002 0.003 0.068 0.032 0.03 0.007 0 0.002 0.001 0.042 0.008 0.024 0.007 0.001 0 0 0.006 0.009 0.001 0.002 0.024 0.004 0 0.5 0.015 0.01 0.002 0.009 0.012 0.703 0.016 0.013 0.001 0.002 0.002 0.014 0.012 0 0.001 0.001 0.005 0.003 0.012 0.014 0 0.002 0.001 0.002 0.001 0.012 1 0.164 0.002
0 0 0 0.006 0 0.008 0 0.006 0.003 0.001 0.004 0.003 0.002 0.04 0.002 0.001 0.007 0.001 0.004 0.002 0.005 0.026 0.001 0.001 0.003 0.004 0.004 0.008 0 0 0.011 0.014 0.011 0.002 0.001 0.003 0.002 0.003 0.015 0.029 0 0.022 0.013 0.005 0.003 0.026 0.003 0.032 0.035 0.021 0.014 0.002 0.013 0.017 0.133 0.022 0.018 0.002 0.002 0.002 0.02 0.017 0.115 0.001 0.001 0.007 0.003 0.016 0.012 0.119 0.002 0.002 0.003 0.001 0.018 0.164 1 0.003
0.001 0 0 0.01 0.005 0.002 0.001 0.001 0.031 0.001 0 0.003 0.197 0.001 0.017 0.018 0.008 0.001 0 0.019 0.159 0.002 0.075 0.013 0.039 0.003 0 0.004 0.001 0.001 0.012 0.036 0.045 0.002 0.002 0.01 0.003 0.01 0.055 0.002 0.014 0.055 0.158 0.001 0.003 0.055 0.03 0.009 0.001 0.119 0.182 0.002 0.194 0.154 0.002 0.127 0.157 0.002 0 0.524 0.142 0.171 0.002 0.002 0.001 0.002 0.005 0.148 0.138 0.003 0.634 0.002 0 0.001 0.154 0.002 0.003 1
