1 0.809 0.852 0.485 0.266 0.229 0.17 0.18 0.305 0.013 0.153 0.097 0.022 0.045 0.488 0.498 0.191 0.048 0.034 0.528 0.003 0.123 0.101 0.278 0.31 0.006 0.037 0.191 0.08 0.075 0.215 0.255 0.141 0.01 0.04 0.04 0.082 0.015 0.125 0.019 0.007 0.091 0 0.01 0.098 0.013 0.002 0.077 0.019 0.036 0.002 0.051 0 0 0.021 0.029 0.012 0.025 0.043 0.006 0.033 0.002 0.011 0.008 0.022 0.005 0.006 0.01 0.012 0.012 0 0.007 0.037 0.002 0.004 0.031 0 0
0.809 1 0.943 0.432 0.271 0.276 0.205 0.217 0.252 0.011 0.185 0.117 0.018 0.054 0.564 0.537 0.191 0.059 0.028 0.578 0 0.106 0.081 0.286 0.285 0.025 0.031 0.232 0.096 0.092 0.231 0.239 0.133 0.01 0.051 0.043 0.102 0.027 0.099 0.016 0.033 0.111 0 0.013 0.085 0.015 0 0.055 0.025 0.037 0.001 0.065 0 0.001 0.028 0.031 0.01 0.033 0.053 0.004 0.033 0.001 0.008 0.011 0.029 0.011 0.028 0.008 0.025 0.008 0 0.019 0.047 0.008 0.003 0.039 0 0
0.852 0.943 1 0.464 0.319 0.269 0.199 0.211 0.278 0.011 0.179 0.114 0.019 0.053 0.592 0.564 0.228 0.057 0.029 0.625 0 0.109 0.085 0.334 0.315 0.026 0.032 0.225 0.094 0.089 0.262 0.257 0.146 0.01 0.049 0.058 0.099 0.025 0.11 0.016 0.035 0.124 0 0.013 0.118 0.022 0 0.059 0.024 0.048 0.002 0.063 0 0.001 0.027 0.041 0.017 0.032 0.051 0.005 0.044 0.004 0.008 0.006 0.028 0.003 0.029 0.014 0.023 0.009 0 0.019 0.046 0.008 0.008 0.038 0 0
0.485 0.432 0.464 1 0.168 0.115 0.082 0.102 0.75 0.024 0.088 0.055 0.039 0.026 0.289 0.304 0.133 0.04 0.06 0.313 0.026 0.252 0.292 0.171 0.591 0.011 0.065 0.094 0.047 0.042 0.125 0.522 0.32 0.034 0.016 0.005 0.038 0 0.402 0.034 0.226 0.002 0.022 0.03 0.051 0.005 0.182 0.161 0.018 0 0.038 0.024 0.028 0.014 0.018 0 0.003 0.011 0.022 0.009 0 0.012 0.026 0.017 0.009 0.022 0.031 0.003 0.002 0.027 0.003 0.034 0.012 0.009 0.007 0.012 0.007 0.005
0.266 0.271 0.319 0.168 1 0.026 0.019 0.382 0.24 0.005 0.324 0.183 0.009 0.005 0.442 0.384 0.544 0.135 0.013 0.43 0.036 0.066 0.126 0.765 0.246 0.012 0.014 0.024 0.009 0.011 0.577 0.183 0.134 0.006 0.008 0.187 0.013 0.1 0.105 0.007 0.027 0.028 0.005 0.008 0.006 0.057 0.015 0.031 0.001 0.001 0.024 0.004 0.025 0.006 0 0.002 0 0.007 0.006 0.003 0.001 0.004 0.007 0.002 0.006 0.001 0.013 0.002 0.004 0.008 0.008 0.009 0.001 0.004 0 0.001 0.007 0.007
0.229 0.276 0.269 0.115 0.026 1 0.741 0.012 0.135 0.003 0.01 0.006 0.005 0.197 0.246 0.235 0.017 0.005 0.008 0.248 0.021 0.015 0.044 0.027 0.126 0.007 0.009 0.862 0.352 0.352 0.027 0.11 0.059 0.001 0.208 0.026 0.4 0.022 0.047 0.004 0.001 0.022 0.018 0.005 0.209 0.042 0.009 0.019 0.08 0.022 0.019 0.236 0.008 0.013 0.067 0.023 0.001 0.155 0.004 0 0.017 0 0.001 0.003 0.14 0.004 0.008 0 0.008 0.001 0.004 0.005 0 0.002 0 0.084 0.016 0.003
0.17 0.205 0.199 0.082 0.019 0.741 1 0.009 0.108 0.002 0.008 0.005 0.004 0.002 0.195 0.186 0.013 0.003 0.006 0.192 0.016 0.012 0.033 0.02 0.094 0.005 0.006 0.64 0.476 0.478 0.02 0.078 0.037 0.003 0.286 0.019 0.545 0.016 0.029 0.003 0.021 0.06 0.012 0.003 0.295 0.028 0.045 0.012 0.023 0.05 0.013 0.326 0.004 0.006 0.019 0.052 0 0.214 0.003 0 0.04 0.001 0.004 0.002 0.195 0.002 0.006 0.001 0.024 0.004 0.008 0.004 0 0.002 0.001 0.025 0 0.006
0.18 0.217 0.211 0.102 0.382 0.012 0.009 1 0.107 0.002 0.852 0.54 0.004 0.002 0.205 0.196 0.638 0.004 0.006 0.22 0.016 0.031 0.058 0.438 0.137 0.005 0.007 0.011 0.004 0.005 0.412 0.128 0.092 0.003 0.004 0.269 0.007 0.288 0.082 0.003 0.018 0.065 0 0.004 0.008 0.121 0.096 0.037 0.004 0.005 0.018 0.001 0.018 0.001 0.004 0.006 0.003 0.004 0.003 0.002 0.006 0.024 0.002 0.003 0.004 0.01 0.005 0.023 0.005 0.002 0.003 0.004 0.005 0.002 0.006 0.004 0.006 0.004
0.305 0.252 0.278 0.75 0.24 0.135 0.108 0.107 1 0.021 0.091 0.062 0.035 0.029 0.404 0.391 0.143 0.045 0.044 0.399 0.135 0.222 0.443 0.213 0.712 0.015 0.049 0.122 0.053 0.048 0.148 0.625 0.399 0.038 0.023 0.011 0.05 0.002 0.499 0.03 0.255 0.001 0.066 0.032 0.061 0.011 0.219 0.197 0.026 0.011 0.116 0.031 0.098 0.063 0.026 0.014 0.029 0.015 0.025 0.006 0.011 0.043 0.026 0.015 0.017 0.02 0.037 0.034 0.024 0.027 0.007 0.039 0.012 0.011 0.024 0.023 0.003 0.009
0.013 0.011 0.011 0.024 0.005 0.003 0.002 0.002 0.021 1 0.002 0.001 0.001 0.001 0.003 0.003 0.003 0.001 0.002 0.011 0.004 0.003 0.009 0.005 0.017 0.056 0.002 0.003 0.001 0.001 0.006 0.017 0.014 0.001 0.001 0.001 0.002 0.001 0.004 0.002 0.006 0.011 0.005 0.002 0.002 0.004 0.008 0.014 0.001 0.009 0.005 0.001 0.005 0.006 0.001 0.009 0.007 0.001 0.001 0.001 0.008 0.006 0.001 0.234 0.001 0.003 0 0.006 0.008 0.001 0.001 0.001 0.001 0 0.006 0.001 0.002 0.001
0.153 0.185 0.179 0.088 0.324 0.01 0.008 0.852 0.091 0.002 1 0.629 0.003 0.002 0.176 0.168 0.563 0.003 0.005 0.189 0.014 0.026 0.05 0.376 0.117 0.005 0.006 0.01 0.004 0.004 0.351 0.108 0.077 0.002 0.004 0.21 0.006 0.22 0.07 0.003 0.015 0.048 0 0.003 0.007 0.093 0.073 0.032 0.003 0.003 0.015 0 0.016 0 0.004 0.004 0.001 0.003 0.003 0.002 0.003 0.021 0.002 0.002 0.003 0.009 0.004 0.02 0.003 0.002 0.003 0.004 0.004 0.001 0.003 0.003 0.005 0.003
0.097 0.117 0.114 0.055 0.183 0.006 0.005 0.54 0.062 0.001 0.629 1 0.002 0.001 0.112 0.107 0.376 0.002 0.003 0.12 0.009 0.017 0.032 0.238 0.075 0.003 0.004 0.006 0.002 0.003 0.232 0.074 0.051 0.001 0.002 0.116 0.004 0.111 0.049 0.002 0.008 0.025 0.002 0.002 0.004 0.052 0.039 0.025 0.002 0 0.01 0 0.01 0.001 0.002 0 0 0.002 0.002 0.001 0 0.013 0.003 0.001 0.002 0.006 0.003 0.013 0 0.003 0.002 0.002 0.002 0.001 0.001 0.002 0.003 0.002
0.022 0.018 0.019 0.039 0.009 0.005 0.004 0.004 0.035 0.001 0.003 0.002 1 0.001 0.013 0.005 0.006 0.002 0.003 0.011 0.187 0.011 0.052 0.009 0.029 0.002 0.003 0.005 0.002 0.002 0.006 0.016 0.021 0.001 0.004 0.008 0.001 0.006 0.026 0.001 0.008 0.054 0.074 0 0 0.042 0.018 0.008 0.002 0.088 0.117 0.002 0.094 0.085 0.002 0.101 0.076 0.005 0 0.128 0.082 0.086 0.002 0.001 0.005 0 0.003 0.078 0.091 0.002 0.098 0.002 0 0.001 0.056 0.002 0.003 0.144
0.045 0.054 0.053 0.026 0.005 0.197 0.002 0.002 0.029 0.001 0.002 0.001 0.001 1 0.052 0.049 0.003 0.001 0.002 0.056 0.004 0.008 0.015 0.005 0.035 0.001 0.002 0.209 0.001 0.001 0.005 0.034 0.027 0.001 0.001 0.005 0.002 0.005 0.023 0.001 0.103 0.017 0.004 0.001 0.002 0.011 0.041 0.012 0.096 0.008 0.005 0.001 0.005 0.006 0.083 0.009 0.007 0.001 0.001 0.001 0.008 0.006 0.003 0.001 0.001 0.003 0.002 0.006 0.008 0.003 0.001 0 0.001 0 0.006 0.096 0.051 0.001
0.488 0.564 0.592 0.289 0.442 0.246 0.195 0.205 0.404 0.003 0.176 0.112 0.013 0.052 1 0.891 0.276 0.081 0.027 0.774 0.071 0.091 0.199 0.408 0.409 0.016 0.029 0.236 0.096 0.112 0.289 0.331 0.232 0.01 0.058 0.077 0.109 0.039 0.199 0.017 0.019 0.059 0.025 0.012 0.131 0.004 0.003 0.063 0.027 0.004 0.057 0.075 0.045 0.023 0.029 0.002 0.002 0.043 0.011 0.004 0.004 0.007 0.005 0.001 0.045 0.004 0.024 0.004 0 0.006 0.002 0.018 0.002 0.008 0.001 0.048 0.002 0.003
0.498 0.537 0.564 0.304 0.384 0.235 0.186 0.196 0.391 0.003 0.168 0.107 0.005 0.049 0.891 1 0.264 0.077 0.028 0.748 0.062 0.094 0.192 0.395 0.42 0.011 0.031 0.225 0.092 0.107 0.286 0.356 0.254 0.011 0.077 0.075 0.128 0.039 0.228 0.017 0.011 0.051 0.039 0.011 0.149 0.003 0.006 0.061 0.025 0.002 0.076 0.093 0.063 0.036 0.028 0.001 0.006 0.062 0.01 0.006 0.002 0.015 0.006 0.001 0.064 0.005 0.027 0.011 0 0.007 0.003 0.006 0.009 0.006 0.005 0.045 0.001 0.004
0.191 0.191 0.228 0.133 0.544 0.017 0.013 0.638 0.143 0.003 0.563 0.376 0.006 0.003 0.276 0.264 1 0.005 0.009 0.305 0.024 0.039 0.078 0.51 0.186 0.008 0.01 0.016 0.006 0.007 0.482 0.174 0.135 0.004 0.006 0.357 0.01 0.21 0.118 0.005 0.01 0.084 0.002 0.005 0.015 0.141 0.076 0.033 0.005 0.001 0.025 0.002 0.025 0.002 0.006 0 0.003 0.005 0.004 0.003 0.001 0.001 0.004 0.004 0.005 0.001 0.008 0 0 0.004 0.006 0.006 0.007 0.002 0.002 0.005 0.009 0.006
0.048 0.059 0.057 0.04 0.135 0.005 0.003 0.004 0.045 0.001 0.003 0.002 0.002 0.001 0.081 0.077 0.005 1 0.002 0.086 0.007 0.012 0.023 0.173 0.044 0.002 0.003 0.004 0.002 0.002 0.146 0.044 0.034 0.001 0.001 0.008 0.001 0.007 0.027 0.001 0.009 0.025 0.007 0.001 0.003 0.017 0.009 0.005 0.008 0.013 0.007 0.002 0.007 0.009 0.006 0.014 0.011 0.001 0.001 0.001 0.012 0.01 0.002 0.001 0.001 0.004 0.002 0.006 0.012 0.002 0.002 0.002 0.002 0.001 0.009 0.008 0.002 0.002
0.034 0.028 0.029 0.06 0.013 0.008 0.006 0.006 0.044 0.002 0.005 0.003 0.003 0.002 0.027 0.028 0.009 0.002 1 0.027 0.361 0.02 0.103 0.014 0.044 0.004 0.907 0.007 0.003 0.003 0.014 0.03 0.038 0.002 0.003 0.014 0.004 0.012 0.05 0.002 0.009 0.067 0.286 0.002 0.005 0.044 0.026 0.016 0.002 0.15 0.255 0.004 0.212 0.214 0.003 0.137 0.18 0.002 0.002 0 0.099 0.194 0.003 0.002 0.002 0.454 0.004 0.124 0.162 0.003 0 0.003 0.003 0.002 0.188 0.002 0.004 0
0.528 0.578 0.625 0.313 0.43 0.248 0.192 0.22 0.399 0.011 0.189 0.12 0.011 0.056 0.774 0.748 0.305 0.086 0.027 1 0.057 0.107 0.202 0.495 0.498 0.025 0.02 0.242 0.103 0.098 0.37 0.389 0.249 0.009 0.055 0.065 0.109 0.029 0.202 0.009 0.017 0.051 0.023 0.016 0.132 0.005 0.002 0.075 0.03 0.005 0.053 0.073 0.043 0.02 0.033 0.002 0.002 0.04 0.013 0.011 0.001 0.007 0.006 0.006 0.042 0 0.027 0.007 0 0.006 0.005 0.018 0.009 0.008 0.001 0.052 0.001 0.006
0.003 0 0 0.026 0.036 0.021 0.016 0.016 0.135 0.004 0.014 0.009 0.187 0.004 0.071 0.062 0.024 0.007 0.361 0.057 1 0.046 0.266 0.038 0.117 0.01 0.379 0.02 0.008 0.009 0.035 0.087 0.113 0.006 0 0.039 0.002 0.033 0.139 0.006 0.03 0.192 0.567 0.004 0.004 0.132 0.074 0.02 0.007 0.427 0.677 0.001 0.593 0.54 0.007 0.39 0.451 0 0.154 0.017 0.336 0.449 0.009 0.005 0 0.235 0.012 0.391 0.47 0.009 0.046 0.008 0.129 0 0.358 0.007 0.006 0.064
0.123 0.106 0.109 0.252 0.066 0.015 0.012 0.031 0.222 0.003 0.026 0.017 0.011 0.008 0.091 0.094 0.039 0.012 0.02 0.107 0.046 1 0.452 0.069 0.205 0.018 0.019 0.034 0.014 0.017 0.03 0.159 0.03 0.01 0.012 0.038 0.022 0.058 0.049 0.062 0.071 0.009 0.038 0.089 0.024 0.003 0.009 0.133 0.003 0.06 0.024 0.014 0.019 0.029 0.002 0.053 0.04 0.011 0.009 0.001 0.041 0.029 0.057 0.001 0.012 0.016 0.009 0.026 0.042 0.061 0 0.007 0.011 0.005 0.029 0.001 0.03 0
0.101 0.081 0.085 0.292 0.126 0.044 0.033 0.058 0.443 0.009 0.05 0.032 0.052 0.015 0.199 0.192 0.078 0.023 0.103 0.202 0.266 0.452 1 0.133 0.399 0.035 0.114 0.068 0.027 0.032 0.078 0.302 0.144 0.02 0.01 0.001 0.026 0.008 0.206 0.026 0.13 0.071 0.164 0.05 0.031 0.061 0.076 0.033 0.01 0.084 0.243 0.015 0.219 0.17 0.009 0.079 0.117 0.008 0.043 0.015 0.074 0.135 0.017 0.005 0.009 0.063 0.024 0.117 0.096 0.019 0.024 0.019 0.031 0.004 0.098 0.008 0.002 0.03
0.278 0.286 0.334 0.171 0.765 0.027 0.02 0.438 0.213 0.005 0.376 0.238 0.009 0.005 0.408 0.395 0.51 0.173 0.014 0.495 0.038 0.069 0.133 1 0.29 0.012 0.015 0.025 0.01 0.011 0.772 0.217 0.156 0.007 0.008 0.211 0.013 0.12 0.13 0.008 0.046 0.023 0.01 0.008 0.005 0.056 0.014 0.053 0 0.004 0.04 0.005 0.04 0.012 0 0.006 0.001 0.007 0.007 0.006 0.004 0.011 0.008 0.002 0.004 0 0.013 0.007 0.01 0.008 0.009 0.01 0.01 0.004 0.001 0.002 0.007 0.01
0.31 0.285 0.315 0.591 0.246 0.126 0.094 0.137 0.712 0.017 0.117 0.075 0.029 0.035 0.409 0.42 0.186 0.044 0.044 0.498 0.117 0.205 0.399 0.29 1 0.04 0.049 0.148 0.064 0.059 0.227 0.778 0.565 0.021 0.03 0.021 0.062 0.005 0.465 0.014 0.13 0 0.071 0.022 0.076 0.008 0.145 0.167 0.029 0.009 0.122 0.04 0.102 0.06 0.028 0.013 0.033 0.02 0.022 0.015 0.011 0.049 0.011 0.012 0.023 0.016 0 0.04 0.025 0.012 0.009 0.026 0.021 0.014 0.03 0.023 0 0.015
0.006 0.025 0.026 0.011 0.012 0.007 0.005 0.005 0.015 0.056 0.005 0.003 0.002 0.001 0.016 0.011 0.008 0.002 0.004 0.025 0.01 0.018 0.035 0.012 0.04 1 0.004 0.007 0.003 0.003 0.013 0.04 0.05 0.013 0.003 0.012 0.004 0.011 0.02 0.002 0.098 0.033 0.01 0 0.004 0.016 0.032 0.008 0.002 0.017 0.009 0.003 0.009 0.012 0.002 0.018 0.014 0.002 0.002 0.001 0.016 0.013 0.003 0.06 0.002 0.005 0.2 0.012 0.016 0.003 0.002 0.006 0.003 0.001 0.012 0.002 0.004 0.003
0.037 0.031 0.032 0.065 0.014 0.009 0.006 0.007 0.049 0.002 0.006 0.004 0.003 0.002 0.029 0.031 0.01 0.003 0.907 0.02 0.379 0.019 0.114 0.015 0.049 0.004 1 0.008 0.003 0.004 0.016 0.034 0.044 0.002 0.003 0.015 0.005 0.013 0.057 0.002 0.01 0.071 0.306 0.003 0.006 0.049 0.029 0.016 0.003 0.16 0.274 0.004 0.228 0.228 0.003 0.146 0.192 0.003 0.002 0 0.086 0.205 0.003 0.002 0.003 0.489 0.005 0.111 0.172 0.004 0 0.003 0.003 0.002 0.202 0.003 0.005 0
0.191 0.232 0.225 0.094 0.024 0.862 0.64 0.011 0.122 0.003 0.01 0.006 0.005 0.209 0.236 0.225 0.016 0.004 0.007 0.242 0.02 0.034 0.068 0.025 0.148 0.007 0.008 1 0.388 0.387 0.026 0.124 0.083 0.001 0.271 0.025 0.482 0.02 0.07 0.004 0.001 0.036 0.017 0.004 0.272 0.036 0.008 0.039 0.087 0.038 0.018 0.299 0.006 0.01 0.073 0.032 0.001 0.212 0.004 0.003 0.024 0 0.001 0.003 0.191 0.004 0.008 0 0.013 0.001 0.002 0.004 0 0.002 0 0.09 0.018 0.001
0.08 0.096 0.094 0.047 0.009 0.352 0.476 0.004 0.053 0.001 0.004 0.002 0.002 0.001 0.096 0.092 0.006 0.002 0.003 0.103 0.008 0.014 0.027 0.01 0.064 0.003 0.003 0.388 1 0.86 0.01 0.03 0.021 0.001 0.058 0.01 0.416 0.008 0.016 0.002 0.011 0.029 0.008 0.002 0.08 0.021 0.024 0.008 0.027 0.007 0.009 0.122 0.009 0.011 0.022 0.006 0.008 0.126 0.001 0.001 0.006 0.007 0.002 0.001 0.127 0.005 0.003 0.007 0 0.002 0.002 0.002 0 0.001 0.007 0.029 0.002 0.002
0.075 0.092 0.089 0.042 0.011 0.352 0.478 0.005 0.048 0.001 0.004 0.003 0.002 0.001 0.112 0.107 0.007 0.002 0.003 0.098 0.009 0.017 0.032 0.011 0.059 0.003 0.004 0.387 0.86 1 0.012 0.028 0.028 0.002 0.087 0.005 0.432 0.003 0.022 0.002 0.012 0.038 0.01 0.002 0.098 0.024 0.018 0.011 0.022 0.01 0.01 0.149 0.01 0.013 0.018 0.008 0.004 0.106 0.002 0.001 0.008 0.003 0.003 0.001 0.107 0.001 0.003 0.003 0.001 0.003 0.002 0.002 0 0.001 0.003 0.024 0.001 0.002
0.215 0.231 0.262 0.125 0.577 0.027 0.02 0.412 0.148 0.006 0.351 0.232 0.006 0.005 0.289 0.286 0.482 0.146 0.014 0.37 0.035 0.03 0.078 0.772 0.227 0.013 0.016 0.026 0.01 0.012 1 0.265 0.221 0.007 0.008 0.32 0.014 0.212 0.19 0.008 0.047 0.044 0.009 0.008 0.004 0.085 0.03 0.073 0.001 0.004 0.037 0.006 0.037 0.011 0.002 0.006 0.001 0.008 0.007 0.006 0.005 0.01 0.011 0.006 0.005 0 0.014 0.008 0.01 0.011 0.009 0.01 0.011 0.004 0.002 0.001 0.015 0.01
0.255 0.239 0.257 0.522 0.183 0.11 0.078 0.128 0.625 0.017 0.108 0.074 0.016 0.034 0.331 0.356 0.174 0.044 0.03 0.389 0.087 0.159 0.302 0.217 0.778 0.04 0.034 0.124 0.03 0.028 0.265 1 0.714 0.021 0.063 0.039 0.099 0.018 0.6 0.025 0.139 0.007 0.074 0.026 0.114 0.001 0.184 0.206 0.029 0.004 0.126 0.07 0.103 0.061 0.02 0.005 0.031 0.049 0.022 0.011 0.005 0.047 0.024 0.018 0.051 0.018 0 0.038 0.014 0.025 0.008 0.026 0.021 0.025 0.028 0.012 0.01 0.011
0.141 0.133 0.146 0.32 0.134 0.059 0.037 0.092 0.399 0.014 0.077 0.051 0.021 0.027 0.232 0.254 0.135 0.034 0.038 0.249 0.113 0.03 0.144 0.156 0.565 0.05 0.044 0.083 0.021 0.028 0.221 0.714 1 0.014 0.045 0.247 0.073 0.211 0.821 0.032 0.091 0.047 0.108 0.028 0.089 0.002 0.297 0.197 0.018 0.019 0.162 0.062 0.129 0.091 0.011 0.023 0.059 0.038 0.026 0.013 0.017 0.073 0.023 0.023 0.032 0.026 0.002 0.062 0.036 0.024 0.008 0.019 0.034 0.019 0.053 0.005 0.004 0.015
0.01 0.01 0.01 0.034 0.006 0.001 0.003 0.003 0.038 0.001 0.002 0.001 0.001 0.001 0.01 0.011 0.004 0.001 0.002 0.009 0.006 0.01 0.02 0.007 0.021 0.013 0.002 0.001 0.001 0.002 0.007 0.021 0.014 1 0.001 0.007 0.002 0.006 0.027 0.001 0.13 0.021 0.005 0.001 0.003 0.013 0.057 0.015 0.021 0.009 0.005 0.002 0.005 0.006 0.018 0.01 0.008 0.001 0.001 0.001 0.009 0.007 0.002 0.001 0.001 0.002 0.002 0.007 0.009 0.002 0.001 0.543 0.002 0.001 0.007 0.001 0.002 0.001
0.04 0.051 0.049 0.016 0.008 0.208 0.286 0.004 0.023 0.001 0.004 0.002 0.004 0.001 0.058 0.077 0.006 0.001 0.003 0.055 0 0.012 0.01 0.008 0.03 0.003 0.003 0.271 0.058 0.087 0.008 0.063 0.045 0.001 1 0.01 0.369 0.008 0.041 0.002 0.01 0.062 0.008 0.002 0.265 0.004 0.023 0.021 0.071 0.052 0.009 0.229 0 0.001 0.061 0.047 0.003 0.155 0.001 0.001 0.04 0.005 0.002 0.001 0.125 0 0.003 0.006 0.041 0.002 0.015 0.002 0.002 0.001 0.005 0.071 0.001 0.012
0.04 0.043 0.058 0.005 0.187 0.026 0.019 0.269 0.011 0.001 0.21 0.116 0.008 0.005 0.077 0.075 0.357 0.008 0.014 0.065 0.039 0.038 0.001 0.211 0.021 0.012 0.015 0.025 0.01 0.005 0.32 0.039 0.247 0.007 0.01 1 0.015 0.841 0.206 0.008 0.052 0.258 0.037 0.132 0.004 0.23 0.182 0.027 0.008 0.022 0.04 0.008 0.035 0.034 0.009 0.023 0.011 0.008 0.006 0.002 0.013 0.009 0.005 0.006 0.008 0.001 0.013 0.007 0.027 0.005 0.005 0.009 0.011 0.004 0.007 0.008 0.001 0.006
0.082 0.102 0.099 0.038 0.013 0.4 0.545 0.007 0.05 0.002 0.006 0.004 0.001 0.002 0.109 0.128 0.01 0.001 0.004 0.109 0.002 0.022 0.026 0.013 0.062 0.004 0.005 0.482 0.416 0.432 0.014 0.099 0.073 0.002 0.369 0.015 1 0.012 0.065 0.002 0.016 0.097 0.013 0.003 0.367 0.012 0.037 0.033 0.04 0.069 0.013 0.532 0.014 0.017 0.033 0.061 0.005 0.47 0.002 0.002 0.058 0.004 0.003 0.002 0.42 0.001 0.005 0.003 0.036 0.003 0.003 0.003 0 0.001 0.004 0.04 0.002 0.003
0.015 0.027 0.025 0 0.1 0.022 0.016 0.288 0.002 0.001 0.22 0.111 0.006 0.005 0.039 0.039 0.21 0.007 0.012 0.029 0.033 0.058 0.008 0.12 0.005 0.011 0.013 0.02 0.008 0.003 0.212 0.018 0.211 0.006 0.008 0.841 0.012 1 0.175 0.007 0.044 0.215 0.031 0.156 0.014 0.169 0.228 0.017 0.007 0.058 0.033 0.006 0.028 0.037 0.008 0.058 0.045 0.006 0.005 0.001 0.045 0.039 0.003 0.005 0.006 0.018 0.011 0.037 0.049 0.004 0.004 0.008 0.009 0.003 0.038 0.007 0 0.005
0.125 0.099 0.11 0.402 0.105 0.047 0.029 0.082 0.499 0.004 0.07 0.049 0.026 0.023 0.199 0.228 0.118 0.027 0.05 0.202 0.139 0.049 0.206 0.13 0.465 0.02 0.057 0.07 0.016 0.022 0.19 0.6 0.821 0.027 0.041 0.206 0.065 0.175 1 0.038 0.214 0.019 0.134 0.022 0.074 0 0.409 0.245 0.016 0.036 0.203 0.051 0.165 0.118 0.009 0.042 0.084 0.031 0.032 0.017 0.033 0.105 0.029 0.009 0.025 0.039 0.026 0.091 0.058 0.031 0.012 0.031 0.043 0.016 0.074 0.004 0.008 0.02
0.019 0.016 0.016 0.034 0.007 0.004 0.003 0.003 0.03 0.002 0.003 0.002 0.001 0.001 0.017 0.017 0.005 0.001 0.002 0.009 0.006 0.062 0.026 0.008 0.014 0.002 0.002 0.004 0.002 0.002 0.008 0.025 0.032 0.001 0.002 0.008 0.002 0.007 0.038 1 0.007 0.018 0.004 0.001 0.003 0.008 0.007 0.014 0.001 0.005 0.001 0.002 0.001 0.002 0.002 0.006 0.007 0.001 0.001 0.001 0.005 0.003 0.301 0.001 0.001 0.002 0.003 0.003 0.008 0.328 0.001 0.002 0.002 0.001 0.003 0.001 0.109 0.002
0.007 0.033 0.035 0.226 0.027 0.001 0.021 0.018 0.255 0.006 0.015 0.008 0.008 0.103 0.019 0.011 0.01 0.009 0.009 0.017 0.03 0.071 0.13 0.046 0.13 0.098 0.01 0.001 0.011 0.012 0.047 0.139 0.091 0.13 0.01 0.052 0.016 0.044 0.214 0.007 1 0.168 0.038 0.009 0.019 0.089 0.416 0.067 0.014 0.074 0.046 0.014 0.046 0.042 0.01 0.081 0.062 0.008 0.007 0.006 0.071 0.06 0.004 0.006 0.009 0.025 0.171 0.058 0.069 0.005 0.009 0.159 0.011 0.074 0.053 0.001 0 0.011
0.091 0.111 0.124 0.002 0.028 0.022 0.06 0.065 0.001 0.011 0.048 0.025 0.054 0.017 0.059 0.051 0.084 0.025 0.067 0.051 0.192 0.009 0.071 0.023 0 0.033 0.071 0.036 0.029 0.038 0.044 0.007 0.047 0.021 0.062 0.258 0.097 0.215 0.019 0.018 0.168 1 0.189 0.046 0.116 0.387 0 0.095 0.002 0.346 0.226 0.057 0.218 0.184 0.003 0.312 0.232 0.051 0.043 0.011 0.275 0.251 0.021 0.009 0.046 0.111 0.04 0.231 0.265 0.022 0.024 0.032 0.058 0.012 0.21 0.001 0.016 0.031
0 0 0 0.022 0.005 0.018 0.012 0 0.066 0.005 0 0.002 0.074 0.004 0.025 0.039 0.002 0.007 0.286 0.023 0.567 0.038 0.164 0.01 0.071 0.01 0.306 0.017 0.008 0.01 0.009 0.074 0.108 0.005 0.008 0.037 0.013 0.031 0.134 0.004 0.038 0.189 1 0.007 0.015 0.199 0.097 0.031 0.007 0.539 0.749 0.004 0.664 0.746 0.008 0.495 0.63 0.007 0.08 0.042 0.425 0.561 0.009 0.005 0.003 0.258 0.012 0.443 0.525 0.009 0.039 0.009 0.128 0.003 0.543 0.007 0.012 0.06
0.01 0.013 0.013 0.03 0.008 0.005 0.003 0.004 0.032 0.002 0.003 0.002 0 0.001 0.012 0.011 0.005 0.001 0.002 0.016 0.004 0.089 0.05 0.008 0.022 0 0.003 0.004 0.002 0.002 0.008 0.026 0.028 0.001 0.002 0.132 0.003 0.156 0.022 0.001 0.009 0.046 0.007 1 0.003 0.01 0.019 0.018 0.001 0.013 0.007 0.002 0.007 0.009 0.002 0.014 0.011 0.001 0.001 0.001 0.008 0.01 0.001 0.001 0.001 0.004 0.003 0.009 0.012 0.001 0.002 0.002 0.002 0.001 0.009 0.001 0.015 0.002
0.098 0.085 0.118 0.051 0.006 0.209 0.295 0.008 0.061 0.002 0.007 0.004 0 0.002 0.131 0.149 0.015 0.003 0.005 0.132 0.004 0.024 0.031 0.005 0.076 0.004 0.006 0.272 0.08 0.098 0.004 0.114 0.089 0.003 0.265 0.004 0.367 0.014 0.074 0.003 0.019 0.116 0.015 0.003 1 0.001 0.044 0.04 0.003 0.243 0.016 0.568 0.004 0.002 0.004 0.223 0.032 0.446 0.003 0.002 0.201 0.037 0.004 0.002 0.364 0.021 0.006 0.042 0.118 0.004 0.005 0.004 0.001 0.001 0.04 0.003 0.005 0.003
0.013 0.015 0.022 0.005 0.057 0.042 0.028 0.121 0.011 0.004 0.093 0.052 0.042 0.011 0.004 0.003 0.141 0.017 0.044 0.005 0.132 0.003 0.061 0.056 0.008 0.016 0.049 0.036 0.021 0.024 0.085 0.001 0.002 0.013 0.004 0.23 0.012 0.169 0 0.008 0.089 0.387 0.199 0.01 0.001 1 0.006 0.068 0.017 0.181 0.207 0.007 0.193 0.185 0.02 0.158 0.199 0.001 0.024 0.014 0.162 0.217 0.018 0.005 0 0.103 0.031 0.161 0.15 0.018 0.012 0.021 0.024 0.002 0.199 0.017 0.016 0.024
0.002 0 0 0.182 0.015 0.009 0.045 0.096 0.219 0.008 0.073 0.039 0.018 0.041 0.003 0.006 0.076 0.009 0.026 0.002 0.074 0.009 0.076 0.014 0.145 0.032 0.029 0.008 0.024 0.018 0.03 0.184 0.297 0.057 0.023 0.182 0.037 0.228 0.409 0.007 0.416 0 0.097 0.019 0.044 0.006 1 0.12 0.001 0.18 0.103 0.031 0.104 0.115 0 0.196 0.151 0.02 0.016 0.014 0.171 0.136 0.01 0.014 0.02 0.057 0.126 0.13 0.168 0.011 0.021 0.069 0.025 0.033 0.131 0.001 0 0.024
0.077 0.055 0.059 0.161 0.031 0.019 0.012 0.037 0.197 0.014 0.032 0.025 0.008 0.012 0.063 0.061 0.033 0.005 0.016 0.075 0.02 0.133 0.033 0.053 0.167 0.008 0.016 0.039 0.008 0.011 0.073 0.206 0.197 0.015 0.021 0.027 0.033 0.017 0.245 0.014 0.067 0.095 0.031 0.018 0.04 0.068 0.12 1 0.018 0.086 0.031 0.028 0.031 0.047 0.01 0.064 0.046 0.017 0.002 0.001 0.062 0.036 0.049 0.024 0.018 0.031 0.027 0.033 0.053 0.051 0.002 0.011 0.001 0.008 0.043 0.009 0.026 0.003
0.019 0.025 0.024 0.018 0.001 0.08 0.023 0.004 0.026 0.001 0.003 0.002 0.002 0.096 0.027 0.025 0.005 0.008 0.002 0.03 0.007 0.003 0.01 0 0.029 0.002 0.003 0.087 0.027 0.022 0.001 0.029 0.018 0.021 0.071 0.008 0.04 0.007 0.016 0.001 0.014 0.002 0.007 0.001 0.003 0.017 0.001 0.018 1 0.013 0.007 0.002 0.007 0.009 0.883 0.014 0.011 0.001 0.001 0.001 0.012 0.01 0.002 0.001 0.001 0.004 0.003 0.009 0.012 0.002 0.002 0.012 0.002 0.001 0.009 0.7 0.04 0.002
0.036 0.037 0.048 0 0.001 0.022 0.05 0.005 0.011 0.009 0.003 0 0.088 0.008 0.004 0.002 0.001 0.013 0.15 0.005 0.427 0.06 0.084 0.004 0.009 0.017 0.16 0.038 0.007 0.01 0.004 0.004 0.019 0.009 0.052 0.022 0.069 0.058 0.036 0.005 0.074 0.346 0.539 0.013 0.243 0.181 0.18 0.086 0.013 1 0.572 0.156 0.558 0.635 0.015 0.918 0.73 0.108 0.091 0.018 0.82 0.649 0.017 0.009 0.099 0.289 0.023 0.607 0.796 0.017 0.062 0.016 0.14 0.006 0.633 0.013 0.022 0.08
0.002 0.001 0.002 0.038 0.024 0.019 0.013 0.018 0.116 0.005 0.015 0.01 0.117 0.005 0.057 0.076 0.025 0.007 0.255 0.053 0.677 0.024 0.243 0.04 0.122 0.009 0.274 0.018 0.009 0.01 0.037 0.126 0.162 0.005 0.009 0.04 0.013 0.033 0.203 0.001 0.046 0.226 0.749 0.007 0.016 0.207 0.103 0.031 0.007 0.572 1 0.011 0.871 0.791 0.008 0.525 0.648 0.007 0.159 0.039 0.469 0.678 0.01 0.005 0.003 0.283 0.013 0.612 0.554 0.01 0.064 0.009 0.221 0.003 0.558 0.007 0.013 0.091
0.051 0.065 0.063 0.024 0.004 0.236 0.326 0.001 0.031 0.001 0 0 0.002 0.001 0.075 0.093 0.002 0.002 0.004 0.073 0.001 0.014 0.015 0.005 0.04 0.003 0.004 0.299 0.122 0.149 0.006 0.07 0.062 0.002 0.229 0.008 0.532 0.006 0.051 0.002 0.014 0.057 0.004 0.002 0.568 0.007 0.031 0.028 0.002 0.156 0.011 1 0.007 0.004 0.002 0.157 0.001 0.633 0.002 0 0.128 0 0.003 0.002 0.519 0 0.004 0 0.092 0.003 0 0.003 0 0.001 0 0.002 0.004 0
0 0 0 0.028 0.025 0.008 0.004 0.018 0.098 0.005 0.016 0.01 0.094 0.005 0.045 0.063 0.025 0.007 0.212 0.043 0.593 0.019 0.219 0.04 0.102 0.009 0.228 0.006 0.009 0.01 0.037 0.103 0.129 0.005 0 0.035 0.014 0.028 0.165 0.001 0.046 0.218 0.664 0.007 0.004 0.193 0.104 0.031 0.007 0.558 0.871 0.007 1 0.796 0.008 0.528 0.653 0.007 0.157 0.053 0.519 0.686 0.01 0.005 0.003 0.221 0.013 0.617 0.558 0.01 0.137 0.009 0.22 0.003 0.563 0.007 0.013 0.168
0 0.001 0.001 0.014 0.006 0.013 0.006 0.001 0.063 0.006 0 0.001 0.085 0.006 0.023 0.036 0.002 0.009 0.214 0.02 0.54 0.029 0.17 0.012 0.06 0.012 0.228 0.01 0.011 0.013 0.011 0.061 0.091 0.006 0.001 0.034 0.017 0.037 0.118 0.002 0.042 0.184 0.746 0.009 0.002 0.185 0.115 0.047 0.009 0.635 0.791 0.004 0.796 1 0.01 0.619 0.761 0.009 0.127 0.049 0.554 0.66 0.011 0.006 0.005 0.263 0.016 0.602 0.642 0.011 0.111 0.011 0.176 0.004 0.627 0.009 0.016 0.134
0.021 0.028 0.027 0.018 0 0.067 0.019 0.004 0.026 0.001 0.004 0.002 0.002 0.083 0.029 0.028 0.006 0.006 0.003 0.033 0.007 0.002 0.009 0 0.028 0.002 0.003 0.073 0.022 0.018 0.002 0.02 0.011 0.018 0.061 0.009 0.033 0.008 0.009 0.002 0.01 0.003 0.008 0.002 0.004 0.02 0 0.01 0.883 0.015 0.008 0.002 0.008 0.01 1 0.016 0.012 0.002 0.001 0.001 0.014 0.011 0.002 0.001 0.002 0.005 0.003 0.011 0.014 0.002 0.002 0.01 0.002 0.001 0.011 0.764 0.076 0.002
0.029 0.031 0.041 0 0.002 0.023 0.052 0.006 0.014 0.009 0.004 0 0.101 0.009 0.002 0.001 0 0.014 0.137 0.002 0.39 0.053 0.079 0.006 0.013 0.018 0.146 0.032 0.006 0.008 0.006 0.005 0.023 0.01 0.047 0.023 0.061 0.058 0.042 0.006 0.081 0.312 0.495 0.014 0.223 0.158 0.196 0.064 0.014 0.918 0.525 0.157 0.528 0.619 0.016 1 0.772 0.099 0.083 0.071 0.856 0.692 0.018 0.01 0.091 0.28 0.025 0.651 0.833 0.019 0.108 0.017 0.129 0.006 0.67 0.014 0.024 0.124
0.012 0.01 0.017 0.003 0 0.001 0 0.003 0.029 0.007 0.001 0 0.076 0.007 0.002 0.006 0.003 0.011 0.18 0.002 0.451 0.04 0.117 0.001 0.033 0.014 0.192 0.001 0.008 0.004 0.001 0.031 0.059 0.008 0.003 0.011 0.005 0.045 0.084 0.007 0.062 0.232 0.63 0.011 0.032 0.199 0.151 0.046 0.011 0.73 0.648 0.001 0.653 0.761 0.012 0.772 1 0.011 0.099 0.065 0.696 0.863 0.014 0.008 0.006 0.354 0.019 0.812 0.743 0.014 0.14 0.013 0.157 0.005 0.845 0.011 0.019 0.161
0.025 0.033 0.032 0.011 0.007 0.155 0.214 0.004 0.015 0.001 0.003 0.002 0.005 0.001 0.043 0.062 0.005 0.001 0.002 0.04 0 0.011 0.008 0.007 0.02 0.002 0.003 0.212 0.126 0.106 0.008 0.049 0.038 0.001 0.155 0.008 0.47 0.006 0.031 0.001 0.008 0.051 0.007 0.001 0.446 0.001 0.02 0.017 0.001 0.108 0.007 0.633 0.007 0.009 0.002 0.099 0.011 1 0.001 0.001 0.113 0.01 0.001 0.001 0.8 0.004 0.003 0.009 0.073 0.001 0.002 0.002 0.002 0.001 0.009 0.001 0.002 0.002
0.043 0.053 0.051 0.022 0.006 0.004 0.003 0.003 0.025 0.001 0.003 0.002 0 0.001 0.011 0.01 0.004 0.001 0.002 0.013 0.154 0.009 0.043 0.007 0.022 0.002 0.002 0.004 0.001 0.002 0.007 0.022 0.026 0.001 0.001 0.006 0.002 0.005 0.032 0.001 0.007 0.043 0.08 0.001 0.003 0.024 0.016 0.002 0.001 0.091 0.159 0.002 0.157 0.127 0.001 0.083 0.099 0.001 1 0.001 0.092 0.068 0.002 0.001 0.001 0.001 0.002 0.125 0.09 0.002 0.001 0.001 0.361 0.001 0.032 0.001 0.002 0.001
0.006 0.004 0.005 0.009 0.003 0 0 0.002 0.006 0.001 0.002 0.001 0.128 0.001 0.004 0.006 0.003 0.001 0 0.011 0.017 0.001 0.015 0.006 0.015 0.001 0 0.003 0.001 0.001 0.006 0.011 0.013 0.001 0.001 0.002 0.002 0.001 0.017 0.001 0.006 0.011 0.042 0.001 0.002 0.014 0.014 0.001 0.001 0.018 0.039 0 0.053 0.049 0.001 0.071 0.065 0.001 0.001 1 0.057 0.073 0.001 0.001 0.001 0.003 0.002 0.075 0.055 0.001 0.231 0.001 0.001 0 0.042 0.001 0.002 0.37
0.033 0.033 0.044 0 0.001 0.017 0.04 0.006 0.011 0.008 0.003 0 0.082 0.008 0.004 0.002 0.001 0.012 0.099 0.001 0.336 0.041 0.074 0.004 0.011 0.016 0.086 0.024 0.006 0.008 0.005 0.005 0.017 0.009 0.04 0.013 0.058 0.045 0.033 0.005 0.071 0.275 0.425 0.008 0.201 0.162 0.171 0.062 0.012 0.82 0.469 0.128 0.519 0.554 0.014 0.856 0.696 0.113 0.092 0.057 1 0.626 0.016 0.009 0.104 0.209 0.022 0.628 0.808 0.016 0.124 0.015 0.144 0.006 0.613 0.012 0.021 0.142
0.002 0.001 0.004 0.012 0.004 0 0.001 0.024 0.043 0.006 0.021 0.013 0.086 0.006 0.007 0.015 0.001 0.01 0.194 0.007 0.449 0.029 0.135 0.011 0.049 0.013 0.205 0 0.007 0.003 0.01 0.047 0.073 0.007 0.005 0.009 0.004 0.039 0.105 0.003 0.06 0.251 0.561 0.01 0.037 0.217 0.136 0.036 0.01 0.649 0.678 0 0.686 0.66 0.011 0.692 0.863 0.01 0.068 0.073 0.626 1 0.013 0.007 0.005 0.388 0.017 0.852 0.649 0.013 0.156 0.012 0.13 0.004 0.841 0.01 0.017 0.179
0.011 0.008 0.008 0.026 0.007 0.001 0.004 0.002 0.026 0.001 0.002 0.003 0.002 0.003 0.005 0.006 0.004 0.002 0.003 0.006 0.009 0.057 0.017 0.008 0.011 0.003 0.003 0.001 0.002 0.003 0.011 0.024 0.023 0.002 0.002 0.005 0.003 0.003 0.029 0.301 0.004 0.021 0.009 0.001 0.004 0.018 0.01 0.049 0.002 0.017 0.01 0.003 0.01 0.011 0.002 0.018 0.014 0.001 0.002 0.001 0.016 0.013 1 0.001 0.002 0.005 0.003 0.012 0.016 0.969 0.002 0.002 0.002 0.001 0.012 0.002 0.225 0.002
0.008 0.011 0.006 0.017 0.002 0.003 0.002 0.003 0.015 0.234 0.002 0.001 0.001 0.001 0.001 0.001 0.004 0.001 0.002 0.006 0.005 0.001 0.005 0.002 0.012 0.06 0.002 0.003 0.001 0.001 0.006 0.018 0.023 0.001 0.001 0.006 0.002 0.005 0.009 0.001 0.006 0.009 0.005 0.001 0.002 0.005 0.014 0.024 0.001 0.009 0.005 0.002 0.005 0.006 0.001 0.01 0.008 0.001 0.001 0.001 0.009 0.007 0.001 1 0.001 0.003 0.002 0.006 0.008 0.001 0.001 0.001 0.001 0 0.007 0.001 0.002 0.001
0.022 0.029 0.028 0.009 0.006 0.14 0.195 0.004 0.017 0.001 0.003 0.002 0.005 0.001 0.045 0.064 0.005 0.001 0.002 0.042 0 0.012 0.009 0.004 0.023 0.002 0.003 0.191 0.127 0.107 0.005 0.051 0.032 0.001 0.125 0.008 0.42 0.006 0.025 0.001 0.009 0.046 0.003 0.001 0.364 0 0.02 0.018 0.001 0.099 0.003 0.519 0.003 0.005 0.002 0.091 0.006 0.8 0.001 0.001 0.104 0.005 0.002 0.001 1 0.001 0.003 0.005 0.066 0.002 0.002 0.002 0 0.001 0.005 0.001 0.002 0.002
0.005 0.011 0.003 0.022 0.001 0.004 0.002 0.01 0.02 0.003 0.009 0.006 0 0.003 0.004 0.005 0.001 0.004 0.454 0 0.235 0.016 0.063 0 0.016 0.005 0.489 0.004 0.005 0.001 0 0.018 0.026 0.002 0 0.001 0.001 0.018 0.039 0.002 0.025 0.111 0.258 0.004 0.021 0.103 0.057 0.031 0.004 0.289 0.283 0 0.221 0.263 0.005 0.28 0.354 0.004 0.001 0.003 0.209 0.388 0.005 0.003 0.001 1 0.007 0.27 0.269 0.005 0.004 0.005 0.003 0.002 0.356 0.004 0.007 0.001
0.006 0.028 0.029 0.031 0.013 0.008 0.006 0.005 0.037 0 0.004 0.003 0.003 0.002 0.024 0.027 0.008 0.002 0.004 0.027 0.012 0.009 0.024 0.013 0 0.2 0.005 0.008 0.003 0.003 0.014 0 0.002 0.002 0.003 0.013 0.005 0.011 0.026 0.003 0.171 0.04 0.012 0.003 0.006 0.031 0.126 0.027 0.003 0.023 0.013 0.004 0.013 0.016 0.003 0.025 0.019 0.003 0.002 0.002 0.022 0.017 0.003 0.002 0.003 0.007 1 0.016 0.021 0.003 0.003 0.003 0.003 0.001 0.017 0.002 0.003 0.003
0.01 0.008 0.014 0.003 0.002 0 0.001 0.023 0.034 0.006 0.02 0.013 0.078 0.006 0.004 0.011 0 0.006 0.124 0.007 0.391 0.026 0.117 0.007 0.04 0.012 0.111 0 0.007 0.003 0.008 0.038 0.062 0.007 0.006 0.007 0.003 0.037 0.091 0.003 0.058 0.231 0.443 0.009 0.042 0.161 0.13 0.033 0.009 0.607 0.612 0 0.617 0.602 0.011 0.651 0.812 0.009 0.125 0.075 0.628 0.852 0.012 0.006 0.005 0.27 0.016 1 0.605 0.012 0.162 0.011 0.193 0.004 0.737 0.009 0.016 0.185
0.012 0.025 0.023 0.002 0.004 0.008 0.024 0.005 0.024 0.008 0.003 0 0.091 0.008 0 0 0 0.012 0.162 0 0.47 0.042 0.096 0.01 0.025 0.016 0.172 0.013 0 0.001 0.01 0.014 0.036 0.009 0.041 0.027 0.036 0.049 0.058 0.008 0.069 0.265 0.525 0.012 0.118 0.15 0.168 0.053 0.012 0.796 0.554 0.092 0.558 0.642 0.014 0.833 0.743 0.073 0.09 0.055 0.808 0.649 0.016 0.008 0.066 0.269 0.021 0.605 1 0.016 0.126 0.015 0.15 0.005 0.624 0.012 0.014 0.141
0.012 0.008 0.009 0.027 0.008 0.001 0.004 0.002 0.027 0.001 0.002 0.003 0.002 0.003 0.006 0.007 0.004 0.002 0.003 0.006 0.009 0.061 0.019 0.008 0.012 0.003 0.004 0.001 0.002 0.003 0.011 0.025 0.024 0.002 0.002 0.005 0.003 0.004 0.031 0.328 0.005 0.022 0.009 0.001 0.004 0.018 0.011 0.051 0.002 0.017 0.01 0.003 0.01 0.011 0.002 0.019 0.014 0.001 0.002 0.001 0.016 0.013 0.969 0.001 0.002 0.005 0.003 0.012 0.016 1 0.002 0.002 0.002 0.001 0.013 0.002 0.22 0.002
0 0 0 0.003 0.008 0.004 0.008 0.003 0.007 0.001 0.003 0.002 0.098 0.001 0.002 0.003 0.006 0.002 0 0.005 0.046 0 0.024 0.009 0.009 0.002 0 0.002 0.002 0.002 0.009 0.008 0.008 0.001 0.015 0.005 0.003 0.004 0.012 0.001 0.009 0.024 0.039 0.002 0.005 0.012 0.021 0.002 0.002 0.062 0.064 0 0.137 0.111 0.002 0.108 0.14 0.002 0.001 0.231 0.124 0.156 0.002 0.001 0.002 0.004 0.003 0.162 0.126 0.002 1 0.002 0.002 0.001 0.118 0.002 0.003 0.673
0.007 0.019 0.019 0.034 0.009 0.005 0.004 0.004 0.039 0.001 0.004 0.002 0.002 0 0.018 0.006 0.006 0.002 0.003 0.018 0.008 0.007 0.019 0.01 0.026 0.006 0.003 0.004 0.002 0.002 0.01 0.026 0.019 0.543 0.002 0.009 0.003 0.008 0.031 0.002 0.159 0.032 0.009 0.002 0.004 0.021 0.069 0.011 0.012 0.016 0.009 0.003 0.009 0.011 0.01 0.017 0.013 0.002 0.001 0.001 0.015 0.012 0.002 0.001 0.002 0.005 0.003 0.011 0.015 0.002 0.002 1 0.002 0.001 0.012 0.002 0.003 0.002
0.037 0.047 0.046 0.012 0.001 0 0 0.005 0.012 0.001 0.004 0.002 0 0.001 0.002 0.009 0.007 0.002 0.003 0.009 0.129 0.011 0.031 0.01 0.021 0.003 0.003 0 0 0 0.011 0.021 0.034 0.002 0.002 0.011 0 0.009 0.043 0.002 0.011 0.058 0.128 0.002 0.001 0.024 0.025 0.001 0.002 0.14 0.221 0 0.22 0.176 0.002 0.129 0.157 0.002 0.361 0.001 0.144 0.13 0.002 0.001 0 0.003 0.003 0.193 0.15 0.002 0.002 0.002 1 0.001 0.1 0.002 0.003 0
0.002 0.008 0.008 0.009 0.004 0.002 0.002 0.002 0.011 0 0.001 0.001 0.001 0 0.008 0.006 0.002 0.001 0.002 0.008 0 0.005 0.004 0.004 0.014 0.001 0.002 0.002 0.001 0.001 0.004 0.025 0.019 0.001 0.001 0.004 0.001 0.003 0.016 0.001 0.074 0.012 0.003 0.001 0.001 0.002 0.033 0.008 0.001 0.006 0.003 0.001 0.003 0.004 0.001 0.006 0.005 0.001 0.001 0 0.006 0.004 0.001 0 0.001 0.002 0.001 0.004 0.005 0.001 0.001 0.001 0.001 1 0.004 0.001 0.001 0.001
0.004 0.003 0.008 0.007 0 0 0.001 0.006 0.024 0.006 0.003 0.001 0.056 0.006 0.001 0.005 0.002 0.009 0.188 0.001 0.358 0.029 0.098 0.001 0.03 0.012 0.202 0 0.007 0.003 0.002 0.028 0.053 0.007 0.005 0.007 0.004 0.038 0.074 0.003 0.053 0.21 0.543 0.009 0.04 0.199 0.131 0.043 0.009 0.633 0.558 0 0.563 0.627 0.011 0.67 0.845 0.009 0.032 0.042 0.613 0.841 0.012 0.007 0.005 0.356 0.017 0.737 0.624 0.013 0.118 0.012 0.1 0.004 1 0.009 0.016 0.152
0.031 0.039 0.038 0.012 0.001 0.084 0.025 0.004 0.023 0.001 0.003 0.002 0.002 0.096 0.048 0.045 0.005 0.008 0.002 0.052 0.007 0.001 0.008 0.002 0.023 0.002 0.003 0.09 0.029 0.024 0.001 0.012 0.005 0.001 0.071 0.008 0.04 0.007 0.004 0.001 0.001 0.001 0.007 0.001 0.003 0.017 0.001 0.009 0.7 0.013 0.007 0.002 0.007 0.009 0.764 0.014 0.011 0.001 0.001 0.001 0.012 0.01 0.002 0.001 0.001 0.004 0.002 0.009 0.012 0.002 0.002 0.002 0.002 0.001 0.009 1 0.078 0.002
0 0 0 0.007 0.007 0.016 0 0.006 0.003 0.002 0.005 0.003 0.003 0.051 0.002 0.001 0.009 0.002 0.004 0.001 0.006 0.03 0.002 0.007 0 0.004 0.005 0.018 0.002 0.001 0.015 0.01 0.004 0.002 0.001 0.001 0.002 0 0.008 0.109 0 0.016 0.012 0.015 0.005 0.016 0 0.026 0.04 0.022 0.013 0.004 0.013 0.016 0.076 0.024 0.019 0.002 0.002 0.002 0.021 0.017 0.225 0.002 0.002 0.007 0.003 0.016 0.014 0.22 0.003 0.003 0.003 0.001 0.016 0.078 1 0.003
0 0 0 0.005 0.007 0.003 0.006 0.004 0.009 0.001 0.003 0.002 0.144 0.001 0.003 0.004 0.006 0.002 0 0.006 0.064 0 0.03 0.01 0.015 0.003 0 0.001 0.002 0.002 0.01 0.011 0.015 0.001 0.012 0.006 0.003 0.005 0.02 0.002 0.011 0.031 0.06 0.002 0.003 0.024 0.024 0.003 0.002 0.08 0.091 0 0.168 0.134 0.002 0.124 0.161 0.002 0.001 0.37 0.142 0.179 0.002 0.001 0.002 0.001 0.003 0.185 0.141 0.002 0.673 0.002 0 0.001 0.152 0.002 0.003 1
