1 0.789 0.811 0.474 0.384 0.158 0.108 0.23 0.349 0.017 0.194 0.087 0.032 0.04 0.54 0.534 0.228 0.061 0.028 0.575 0.004 0.158 0.13 0.347 0.31 0.002 0.031 0.134 0.039 0.047 0.29 0.256 0.174 0.001 0.038 0.056 0.064 0.034 0.161 0.025 0.006 0.061 0 0.004 0.072 0.022 0.017 0.088 0.023 0.01 0.011 0.054 0.011 0.001 0.022 0.009 0.002 0.015 0.015 0.01 0.009 0 0.011 0.011 0.023 0.013 0.007 0 0.004 0.013 0.003 0.002 0.019 0 0 0.019 0 0.006
0.789 1 0.959 0.444 0.439 0.196 0.135 0.286 0.312 0.014 0.242 0.108 0.026 0.05 0.661 0.652 0.256 0.076 0.022 0.669 0.001 0.14 0.105 0.399 0.31 0.026 0.025 0.166 0.044 0.055 0.342 0.256 0.175 0.001 0.046 0.068 0.08 0.052 0.145 0.02 0.03 0.088 0 0.008 0.072 0.035 0.006 0.067 0.028 0.015 0.007 0.071 0.007 0 0.028 0.016 0.004 0.021 0.022 0.007 0.014 0 0.007 0.011 0.03 0.015 0.033 0 0.012 0.009 0.001 0.003 0.026 0.011 0.002 0.024 0.001 0.004
0.811 0.959 1 0.458 0.468 0.192 0.132 0.279 0.325 0.014 0.236 0.106 0.026 0.049 0.671 0.662 0.28 0.074 0.023 0.696 0.001 0.137 0.105 0.427 0.331 0.027 0.025 0.162 0.043 0.054 0.361 0.27 0.187 0.001 0.044 0.078 0.077 0.05 0.155 0.021 0.029 0.094 0 0.008 0.091 0.039 0.006 0.072 0.027 0.019 0.008 0.069 0.008 0 0.027 0.019 0.006 0.021 0.021 0.007 0.018 0 0.007 0.009 0.03 0.01 0.034 0 0.014 0.009 0.002 0.003 0.026 0.011 0.003 0.023 0.001 0.004
0.474 0.444 0.458 1 0.238 0.07 0.042 0.141 0.802 0.028 0.118 0.053 0.052 0.025 0.302 0.3 0.142 0.038 0.045 0.306 0.023 0.294 0.308 0.219 0.655 0.003 0.044 0.055 0.024 0.029 0.178 0.577 0.418 0.025 0.007 0.017 0.019 0.008 0.433 0.033 0.204 0 0.02 0.02 0.039 0.001 0.227 0.19 0.004 0.004 0.054 0.027 0.056 0.029 0.003 0.005 0.01 0.005 0.005 0.02 0.005 0.027 0.018 0.021 0.01 0.033 0.051 0.021 0.006 0.021 0.009 0.007 0.005 0.029 0.014 0.001 0.007 0.016
0.384 0.439 0.468 0.238 1 0.021 0.014 0.475 0.277 0.007 0.442 0.196 0.013 0.005 0.488 0.485 0.5 0.15 0.011 0.518 0.026 0.08 0.122 0.805 0.255 0.013 0.012 0.022 0.005 0.006 0.687 0.206 0.16 0 0.007 0.194 0.015 0.13 0.139 0.01 0.037 0.023 0.002 0.007 0 0.064 0.027 0.053 0.001 0.009 0.029 0.011 0.03 0.004 0.007 0.006 0.001 0.009 0.005 0.001 0.005 0.019 0.007 0.004 0.007 0.004 0.016 0.015 0.004 0.008 0 0 0.007 0.005 0.001 0.005 0.001 0.001
0.158 0.196 0.192 0.07 0.021 1 0.687 0.012 0.1 0.003 0.01 0.004 0.005 0.254 0.2 0.194 0.013 0.003 0.004 0.207 0.015 0.021 0.043 0.021 0.104 0.005 0.005 0.84 0.234 0.284 0.021 0.096 0.067 0.001 0.208 0.019 0.421 0.016 0.057 0.004 0.004 0.019 0.018 0.003 0.303 0.044 0.003 0.024 0.064 0.032 0.017 0.358 0.017 0.021 0.038 0.029 0 0.131 0.004 0.003 0.019 0 0.002 0.003 0.147 0 0.007 0 0.017 0.002 0.002 0.002 0.002 0.003 0 0.036 0.017 0.003
0.108 0.135 0.132 0.042 0.014 0.687 1 0.008 0.075 0.002 0.007 0.003 0.003 0.001 0.147 0.143 0.009 0.002 0.003 0.151 0.01 0.017 0.032 0.015 0.076 0.004 0.003 0.598 0.342 0.415 0.015 0.068 0.046 0.001 0.308 0.013 0.622 0.012 0.037 0.003 0.015 0.061 0.012 0.002 0.455 0.03 0.032 0.015 0.032 0.075 0.011 0.531 0.011 0.014 0.018 0.07 0.004 0.199 0.003 0.002 0.051 0.006 0.003 0.002 0.219 0 0.005 0.006 0.045 0.003 0.001 0.002 0.006 0.002 0.004 0.018 0.007 0.002
0.23 0.286 0.279 0.141 0.475 0.012 0.008 1 0.16 0.004 0.852 0.379 0.007 0.003 0.273 0.265 0.739 0.005 0.006 0.291 0.01 0.045 0.062 0.474 0.145 0.008 0.007 0.013 0.003 0.004 0.457 0.133 0.102 0.001 0.004 0.283 0.008 0.262 0.092 0.006 0.027 0.076 0.001 0.004 0.009 0.162 0.093 0.042 0.003 0.004 0.014 0.005 0.016 0.001 0.004 0.002 0 0.005 0.005 0 0.001 0.019 0.005 0.004 0.004 0.01 0.009 0.019 0.001 0.005 0 0.002 0.007 0.004 0 0.005 0.007 0
0.349 0.312 0.325 0.802 0.277 0.1 0.075 0.16 1 0.025 0.134 0.06 0.046 0.028 0.391 0.388 0.162 0.043 0.033 0.394 0.102 0.268 0.431 0.256 0.787 0.002 0.032 0.09 0.027 0.033 0.213 0.719 0.539 0.028 0.025 0.028 0.04 0.015 0.56 0.029 0.234 0.001 0.067 0.025 0.046 0.009 0.268 0.225 0.02 0.026 0.127 0.033 0.133 0.082 0.016 0.026 0.042 0.007 0.027 0.017 0.029 0.076 0.022 0.022 0.015 0.024 0.059 0.066 0.027 0.026 0.011 0.009 0.014 0.033 0.038 0.01 0 0.02
0.017 0.014 0.014 0.028 0.007 0.003 0.002 0.004 0.025 1 0.003 0.001 0.002 0.001 0.005 0.003 0.004 0.001 0.001 0.012 0.005 0.002 0.008 0.007 0.022 0.142 0.002 0.003 0.001 0.001 0.007 0.022 0.013 0.001 0.001 0 0.002 0 0.004 0.002 0.007 0.009 0.007 0.012 0.002 0.001 0.014 0.037 0.001 0.011 0.007 0.002 0.007 0.008 0.001 0.012 0.009 0.001 0.001 0.001 0.011 0.008 0.002 0.409 0.001 0.003 0.002 0.008 0.011 0.002 0.001 0.001 0.002 0.001 0.009 0.001 0.002 0.001
0.194 0.242 0.236 0.118 0.442 0.01 0.007 0.852 0.134 0.003 1 0.434 0.006 0.003 0.234 0.227 0.632 0.004 0.006 0.242 0.008 0.039 0.052 0.393 0.118 0.007 0.006 0.011 0.003 0.003 0.378 0.107 0.081 0.001 0.004 0.21 0.007 0.186 0.073 0.005 0.023 0.057 0.005 0.003 0.008 0.134 0.064 0.047 0.002 0.001 0.009 0.004 0.01 0.003 0.004 0 0.001 0.004 0.002 0.001 0 0.013 0.004 0.004 0.003 0.009 0.007 0.013 0 0.005 0.002 0.002 0.006 0.004 0.001 0.004 0.006 0.001
0.087 0.108 0.106 0.053 0.196 0.004 0.003 0.379 0.06 0.001 0.434 1 0.003 0.001 0.118 0.115 0.344 0.002 0.002 0.126 0.008 0.017 0.03 0.202 0.067 0.003 0.003 0.005 0.001 0.001 0.198 0.067 0.051 0 0.002 0.137 0.003 0.094 0.049 0.002 0.008 0.032 0 0.002 0.003 0.05 0.051 0.023 0.001 0.002 0.011 0.001 0.011 0 0.002 0.003 0.001 0.002 0.002 0.002 0.003 0.013 0.002 0.002 0.001 0.005 0.004 0.013 0.003 0.003 0.002 0 0.003 0.002 0.003 0.002 0.003 0.002
0.032 0.026 0.026 0.052 0.013 0.005 0.003 0.007 0.046 0.002 0.006 0.003 1 0.001 0.022 0.02 0.008 0.002 0.003 0.009 0.285 0.019 0.074 0.013 0.042 0.003 0.003 0.005 0.001 0.002 0.013 0.039 0.048 0.001 0 0.012 0.002 0.011 0.054 0.002 0.013 0.079 0.198 0.002 0.002 0.036 0.029 0.009 0.001 0.129 0.205 0.002 0.196 0.154 0.002 0.144 0.144 0.001 0.011 0.323 0.132 0.169 0.003 0.002 0 0.002 0.004 0.144 0.125 0.003 0.113 0.002 0.028 0.002 0.152 0.002 0.003 0.207
0.04 0.05 0.049 0.025 0.005 0.254 0.001 0.003 0.028 0.001 0.003 0.001 0.001 1 0.054 0.053 0.003 0.001 0.001 0.058 0.004 0.008 0.014 0.005 0.031 0.001 0.001 0.236 0.001 0.001 0.005 0.031 0.025 0 0.001 0.005 0.001 0.004 0.022 0.001 0.096 0.016 0.005 0.001 0.002 0.012 0.037 0.011 0.036 0.008 0.005 0.001 0.005 0.006 0.022 0.009 0.007 0.001 0.001 0.001 0.008 0.006 0 0.001 0.001 0.002 0.002 0.006 0.008 0 0.001 0 0.001 0.001 0.007 0.02 0.013 0.001
0.54 0.661 0.671 0.302 0.488 0.2 0.147 0.273 0.391 0.005 0.234 0.118 0.022 0.054 1 0.935 0.322 0.083 0.008 0.831 0.052 0.125 0.206 0.514 0.43 0.015 0.009 0.184 0.049 0.06 0.433 0.368 0.283 0.001 0.052 0.105 0.09 0.07 0.258 0.018 0.017 0.052 0.018 0.012 0.106 0.015 0.017 0.084 0.032 0 0.059 0.08 0.06 0.024 0.032 0.001 0.002 0.025 0.01 0.011 0 0.017 0.011 0.003 0.037 0.002 0.02 0.014 0 0.013 0.008 0.002 0.005 0.009 0.002 0.028 0.002 0.013
0.534 0.652 0.662 0.3 0.485 0.194 0.143 0.265 0.388 0.003 0.227 0.115 0.02 0.053 0.935 1 0.313 0.081 0.008 0.807 0.052 0.125 0.205 0.518 0.409 0.013 0.01 0.178 0.047 0.058 0.438 0.352 0.272 0.001 0.055 0.113 0.091 0.077 0.249 0.019 0.023 0.058 0.017 0.01 0.107 0.017 0.015 0.077 0.03 0 0.057 0.082 0.058 0.023 0.031 0.001 0.002 0.027 0.007 0.012 0 0.017 0.012 0.002 0.04 0.002 0.03 0.014 0 0.014 0.008 0.002 0.003 0.009 0.002 0.027 0.002 0.013
0.228 0.256 0.28 0.142 0.5 0.013 0.009 0.739 0.162 0.004 0.632 0.344 0.008 0.003 0.322 0.313 1 0.005 0.007 0.365 0.024 0.05 0.088 0.575 0.189 0.008 0.008 0.014 0.003 0.004 0.556 0.167 0.131 0.002 0.004 0.357 0.009 0.248 0.118 0.006 0.027 0.087 0 0.004 0.001 0.169 0.086 0.044 0.003 0.001 0.024 0.006 0.026 0 0.005 0 0.001 0.005 0.006 0.006 0 0.013 0.005 0.005 0.004 0 0.01 0.01 0 0.006 0.005 0.002 0.007 0.005 0.001 0.005 0.008 0.007
0.061 0.076 0.074 0.038 0.15 0.003 0.002 0.005 0.043 0.001 0.004 0.002 0.002 0.001 0.083 0.081 0.005 1 0.002 0.088 0.006 0.012 0.021 0.148 0.047 0.002 0.002 0.003 0.001 0.001 0.145 0.047 0.038 0.001 0.001 0.008 0.002 0.007 0.034 0.002 0.005 0.025 0.008 0.001 0.002 0.019 0.014 0.002 0.043 0.012 0.008 0.002 0.007 0.009 0.027 0.013 0.011 0.001 0.001 0.002 0.012 0.009 0 0 0.001 0.003 0.003 0.008 0.012 0 0.001 0.001 0.002 0 0.01 0.024 0 0.002
0.028 0.022 0.023 0.045 0.011 0.004 0.003 0.006 0.033 0.001 0.006 0.002 0.003 0.001 0.008 0.008 0.007 0.002 1 0.019 0.289 0.017 0.08 0.011 0.036 0.003 0.858 0.005 0.001 0.001 0.012 0.032 0.04 0.001 0.001 0.01 0.003 0.009 0.045 0.002 0.009 0.058 0.196 0.001 0.003 0.043 0.022 0.02 0.001 0.118 0.164 0.003 0.171 0.169 0.002 0.11 0.139 0.002 0.002 0.001 0.096 0.142 0.002 0.002 0.001 0.425 0.004 0.141 0.124 0.003 0.001 0.001 0.003 0 0.134 0.002 0.003 0.002
0.575 0.669 0.696 0.306 0.518 0.207 0.151 0.291 0.394 0.012 0.242 0.126 0.009 0.058 0.831 0.807 0.365 0.088 0.019 1 0.049 0.121 0.198 0.572 0.455 0.023 0.02 0.178 0.052 0.064 0.484 0.378 0.282 0.001 0.04 0.111 0.081 0.073 0.245 0.013 0.019 0.053 0.017 0.012 0.097 0.016 0.016 0.082 0.034 0 0.053 0.072 0.058 0.02 0.035 0.001 0.001 0.018 0.016 0.018 0 0.014 0.007 0.009 0.027 0.002 0.028 0.012 0 0.009 0.014 0.002 0.001 0.009 0.001 0.031 0.004 0.019
0.004 0.001 0.001 0.023 0.026 0.015 0.01 0.01 0.102 0.005 0.008 0.008 0.285 0.004 0.052 0.052 0.024 0.006 0.289 0.049 1 0.056 0.272 0.04 0.115 0.01 0.283 0.016 0.003 0.005 0.04 0.11 0.137 0.004 0.001 0.036 0.005 0.032 0.154 0.007 0.037 0.204 0.626 0.001 0.006 0.148 0.077 0.029 0.004 0.418 0.617 0.005 0.603 0.535 0.006 0.384 0.459 0.001 0.133 0.114 0.381 0.494 0.008 0.005 0.001 0.128 0.013 0.48 0.406 0.009 0.088 0.005 0.125 0.003 0.417 0.007 0.008 0.13
0.158 0.14 0.137 0.294 0.08 0.021 0.017 0.045 0.268 0.002 0.039 0.017 0.019 0.008 0.125 0.125 0.05 0.012 0.017 0.121 0.056 1 0.399 0.081 0.225 0.02 0.012 0.033 0.008 0.009 0.05 0.199 0.067 0.008 0.011 0.014 0.021 0.021 0.082 0.088 0.071 0.02 0.059 0.059 0.022 0.018 0.022 0.174 0.003 0.062 0.027 0.017 0.023 0.034 0 0.061 0.049 0.005 0.014 0.01 0.056 0.035 0.044 0 0.008 0.004 0.02 0.036 0.055 0.048 0.007 0 0.012 0.011 0.045 0 0.015 0.006
0.13 0.105 0.105 0.308 0.122 0.043 0.032 0.062 0.431 0.008 0.052 0.03 0.074 0.014 0.206 0.205 0.088 0.021 0.08 0.198 0.272 0.399 1 0.143 0.403 0.035 0.089 0.059 0.013 0.016 0.105 0.364 0.211 0.014 0.011 0 0.029 0 0.248 0.046 0.128 0.066 0.161 0.04 0.032 0.045 0.091 0.031 0.008 0.085 0.219 0.024 0.221 0.168 0.004 0.076 0.115 0.007 0.028 0.026 0.079 0.149 0.013 0.002 0.008 0.052 0.038 0.142 0.077 0.015 0.021 0.001 0.027 0.016 0.104 0.001 0.001 0.041
0.347 0.399 0.427 0.219 0.805 0.021 0.015 0.474 0.256 0.007 0.393 0.202 0.013 0.005 0.514 0.518 0.575 0.148 0.011 0.572 0.04 0.081 0.143 1 0.311 0.013 0.013 0.023 0.005 0.006 0.866 0.247 0.193 0.005 0.007 0.259 0.015 0.187 0.172 0.01 0.05 0.029 0.008 0.007 0 0.08 0.036 0.042 0.001 0.018 0.047 0.011 0.045 0.01 0.007 0.014 0.006 0.009 0.01 0.011 0.011 0.036 0.007 0.005 0.006 0.005 0.016 0.03 0.012 0.008 0.009 0.007 0.011 0.005 0.006 0.006 0.001 0.011
0.31 0.31 0.331 0.655 0.255 0.104 0.076 0.145 0.787 0.022 0.118 0.067 0.042 0.031 0.43 0.409 0.189 0.047 0.036 0.455 0.115 0.225 0.403 0.311 1 0.042 0.04 0.098 0.027 0.034 0.263 0.83 0.65 0.024 0.026 0.036 0.044 0.02 0.556 0.018 0.179 0.001 0.084 0.015 0.052 0.006 0.242 0.18 0.02 0.032 0.152 0.038 0.148 0.098 0.013 0.032 0.054 0.009 0.03 0.032 0.031 0.09 0.013 0.019 0.017 0.025 0.016 0.083 0.035 0.016 0.026 0.007 0.017 0.038 0.05 0.008 0 0.036
0.002 0.026 0.027 0.003 0.013 0.005 0.004 0.008 0.002 0.142 0.007 0.003 0.003 0.001 0.015 0.013 0.008 0.002 0.003 0.023 0.01 0.02 0.035 0.013 0.042 1 0.003 0.004 0 0 0.014 0.04 0.05 0 0.001 0.012 0.002 0.011 0.001 0.003 0.01 0.032 0.013 0 0.004 0.007 0 0 0 0.007 0.002 0.003 0.001 0.003 0.001 0.008 0.005 0.002 0.002 0.003 0.006 0.003 0.003 0.171 0.002 0 0.052 0.003 0.006 0.003 0.002 0 0.003 0.001 0.004 0.001 0.003 0.003
0.031 0.025 0.025 0.044 0.012 0.005 0.003 0.007 0.032 0.002 0.006 0.003 0.003 0.001 0.009 0.01 0.008 0.002 0.858 0.02 0.283 0.012 0.089 0.013 0.04 0.003 1 0.005 0.001 0.001 0.013 0.037 0.045 0.001 0.002 0.012 0.003 0.01 0.051 0.002 0.01 0.061 0.209 0.002 0.004 0.041 0.025 0.019 0.001 0.126 0.178 0.003 0.17 0.181 0.002 0.116 0.148 0.002 0.002 0.002 0.092 0.14 0.003 0.002 0.002 0.459 0.004 0.148 0.132 0.003 0.001 0.002 0.003 0 0.144 0.002 0.003 0.002
0.134 0.166 0.162 0.055 0.022 0.84 0.598 0.013 0.09 0.003 0.011 0.005 0.005 0.236 0.184 0.178 0.014 0.003 0.005 0.178 0.016 0.033 0.059 0.023 0.098 0.004 0.005 1 0.233 0.28 0.023 0.118 0.089 0.001 0.257 0.021 0.584 0.014 0.075 0.004 0.002 0.033 0.019 0.003 0.424 0.04 0.004 0.035 0.066 0.053 0.019 0.498 0.018 0.022 0.039 0.046 0 0.26 0.004 0.004 0.035 0 0.002 0.003 0.217 0 0.007 0 0.032 0.001 0.003 0.002 0.002 0.003 0 0.037 0.015 0.005
0.039 0.044 0.043 0.024 0.005 0.234 0.342 0.003 0.027 0.001 0.003 0.001 0.001 0.001 0.049 0.047 0.003 0.001 0.001 0.052 0.003 0.008 0.013 0.005 0.027 0 0.001 0.233 1 0.833 0.006 0.019 0.015 0.001 0.026 0.005 0.28 0.004 0.013 0.001 0.005 0.021 0.004 0.001 0.15 0.013 0.012 0.005 0.009 0.023 0.004 0.175 0.004 0.005 0.005 0.021 0 0.053 0.001 0.001 0.014 0.001 0.001 0.001 0.072 0.002 0.002 0.001 0.012 0.001 0.001 0.001 0.022 0.001 0 0.006 0.001 0.001
0.047 0.055 0.054 0.029 0.006 0.284 0.415 0.004 0.033 0.001 0.003 0.001 0.002 0.001 0.06 0.058 0.004 0.001 0.001 0.064 0.005 0.009 0.016 0.006 0.034 0 0.001 0.28 0.833 1 0.006 0.025 0.02 0.001 0.085 0.006 0.35 0.005 0.017 0.001 0.006 0.026 0.006 0.001 0.207 0.015 0.014 0.006 0.007 0.032 0.006 0.241 0.006 0.007 0.004 0.029 0.003 0.044 0.001 0.001 0.021 0.004 0.001 0.001 0.061 0.001 0.002 0.004 0.019 0.001 0.001 0.001 0.018 0.001 0.004 0.004 0 0.001
0.29 0.342 0.361 0.178 0.687 0.021 0.015 0.457 0.213 0.007 0.378 0.198 0.013 0.005 0.433 0.438 0.556 0.145 0.012 0.484 0.04 0.05 0.105 0.866 0.263 0.014 0.013 0.023 0.006 0.006 1 0.299 0.241 0.006 0.007 0.339 0.015 0.26 0.218 0.01 0.051 0.049 0.009 0.007 0.001 0.111 0.059 0.059 0.001 0.019 0.048 0.011 0.046 0.011 0 0.015 0.006 0.009 0.01 0.011 0.011 0.037 0.009 0.007 0.006 0.005 0.017 0.031 0.013 0.01 0.009 0.007 0.012 0.005 0.006 0 0.01 0.012
0.256 0.256 0.27 0.577 0.206 0.096 0.068 0.133 0.719 0.022 0.107 0.067 0.039 0.031 0.368 0.352 0.167 0.047 0.032 0.378 0.11 0.199 0.364 0.247 0.83 0.04 0.037 0.118 0.019 0.025 0.299 1 0.79 0.024 0.042 0.06 0.084 0.043 0.685 0.026 0.182 0.001 0.09 0.023 0.091 0.002 0.28 0.238 0.022 0.022 0.16 0.074 0.155 0.104 0.005 0.022 0.058 0.036 0.03 0.032 0.021 0.095 0.021 0.023 0.036 0.03 0.016 0.088 0.024 0.021 0.026 0.007 0.017 0.042 0.054 0.002 0.006 0.035
0.174 0.175 0.187 0.418 0.16 0.067 0.046 0.102 0.539 0.013 0.081 0.051 0.048 0.025 0.283 0.272 0.131 0.038 0.04 0.282 0.137 0.067 0.211 0.193 0.65 0.05 0.045 0.089 0.015 0.02 0.241 0.79 1 0.019 0.032 0.229 0.067 0.208 0.863 0.032 0.136 0.025 0.119 0.018 0.074 0 0.388 0.21 0.016 0.043 0.194 0.063 0.184 0.135 0.002 0.043 0.085 0.028 0.037 0.037 0.04 0.123 0.026 0.028 0.025 0.036 0.009 0.116 0.044 0.026 0.029 0.004 0.026 0.034 0.08 0 0.007 0.041
0.001 0.001 0.001 0.025 0 0.001 0.001 0.001 0.028 0.001 0.001 0 0.001 0 0.001 0.001 0.002 0.001 0.001 0.001 0.004 0.008 0.014 0.005 0.024 0 0.001 0.001 0.001 0.001 0.006 0.024 0.019 1 0.001 0.005 0.001 0.004 0.023 0.001 0.099 0.017 0.005 0.001 0.002 0.013 0.045 0.011 0.002 0.008 0.005 0.001 0.005 0.006 0.001 0.009 0.007 0.001 0.001 0.001 0.008 0.006 0.001 0.001 0.001 0.002 0.002 0.006 0.008 0.001 0.001 0.521 0.001 0 0.007 0.001 0.001 0.001
0.038 0.046 0.044 0.007 0.007 0.208 0.308 0.004 0.025 0.001 0.004 0.002 0 0.001 0.052 0.055 0.004 0.001 0.001 0.04 0.001 0.011 0.011 0.007 0.026 0.001 0.002 0.257 0.026 0.085 0.007 0.042 0.032 0.001 1 0.007 0.395 0.006 0.03 0.001 0.007 0.043 0.007 0.001 0.214 0.008 0.016 0.015 0.089 0.032 0.007 0.249 0.007 0.008 0.057 0.028 0.004 0.071 0.001 0.001 0.02 0.006 0.002 0.001 0.079 0.005 0.002 0.006 0.017 0.002 0.001 0.001 0.002 0.001 0.005 0.052 0.01 0.001
0.056 0.068 0.078 0.017 0.194 0.019 0.013 0.283 0.028 0 0.21 0.137 0.012 0.005 0.105 0.113 0.357 0.008 0.01 0.111 0.036 0.014 0 0.259 0.036 0.012 0.012 0.021 0.005 0.006 0.339 0.06 0.229 0.005 0.007 1 0.013 0.86 0.205 0.009 0.051 0.282 0.043 0.099 0 0.233 0.252 0.02 0.005 0.043 0.043 0.011 0.039 0.046 0.007 0.046 0.032 0.008 0.009 0.008 0.039 0.029 0.009 0.007 0.006 0.004 0.015 0.025 0.043 0.007 0.006 0.006 0.01 0.007 0.029 0.008 0.004 0.009
0.064 0.08 0.077 0.019 0.015 0.421 0.622 0.008 0.04 0.002 0.007 0.003 0.002 0.001 0.09 0.091 0.009 0.002 0.003 0.081 0.005 0.021 0.029 0.015 0.044 0.002 0.003 0.584 0.28 0.35 0.015 0.084 0.067 0.001 0.395 0.013 1 0.008 0.061 0.003 0.015 0.086 0.014 0.002 0.6 0.023 0.032 0.029 0.039 0.102 0.014 0.698 0.013 0.016 0.022 0.093 0 0.429 0.003 0.003 0.087 0.001 0.003 0.002 0.394 0 0.005 0.001 0.081 0.001 0.002 0.002 0.003 0.002 0 0.02 0.002 0.003
0.034 0.052 0.05 0.008 0.13 0.016 0.012 0.262 0.015 0 0.186 0.094 0.011 0.004 0.07 0.077 0.248 0.007 0.009 0.073 0.032 0.021 0 0.187 0.02 0.011 0.01 0.014 0.004 0.005 0.26 0.043 0.208 0.004 0.006 0.86 0.008 1 0.188 0.008 0.045 0.258 0.038 0.112 0.009 0.193 0.268 0.016 0.004 0.058 0.038 0.006 0.034 0.042 0.007 0.061 0.052 0.003 0.008 0.007 0.054 0.044 0.008 0.006 0.002 0.015 0.013 0.044 0.053 0.009 0.005 0.005 0.01 0.006 0.048 0.007 0.006 0.007
0.161 0.145 0.155 0.433 0.139 0.057 0.037 0.092 0.56 0.004 0.073 0.049 0.054 0.022 0.258 0.249 0.118 0.034 0.045 0.245 0.154 0.082 0.248 0.172 0.556 0.001 0.051 0.075 0.013 0.017 0.218 0.685 0.863 0.023 0.03 0.205 0.061 0.188 1 0.045 0.227 0.013 0.136 0.016 0.064 0 0.474 0.252 0.015 0.057 0.218 0.055 0.207 0.154 0.002 0.058 0.103 0.025 0.041 0.042 0.054 0.145 0.037 0.015 0.022 0.043 0.066 0.138 0.058 0.037 0.033 0.006 0.031 0.031 0.097 0 0.009 0.046
0.025 0.02 0.021 0.033 0.01 0.004 0.003 0.006 0.029 0.002 0.005 0.002 0.002 0.001 0.018 0.019 0.006 0.002 0.002 0.013 0.007 0.088 0.046 0.01 0.018 0.003 0.002 0.004 0.001 0.001 0.01 0.026 0.032 0.001 0.001 0.009 0.003 0.008 0.045 1 0.008 0.019 0.004 0.001 0.003 0.011 0.019 0.042 0.001 0.008 0.003 0.003 0.003 0.004 0.002 0.009 0.007 0 0.002 0.002 0.007 0.004 0.209 0.001 0.001 0 0.001 0.005 0.009 0.221 0.001 0.001 0.002 0.001 0.005 0.002 0.011 0.002
0.006 0.03 0.029 0.204 0.037 0.004 0.015 0.027 0.234 0.007 0.023 0.008 0.013 0.096 0.017 0.023 0.027 0.005 0.009 0.019 0.037 0.071 0.128 0.05 0.179 0.01 0.01 0.002 0.005 0.006 0.051 0.182 0.136 0.099 0.007 0.051 0.015 0.045 0.227 0.008 1 0.169 0.051 0.007 0.016 0.109 0.391 0.099 0.001 0.083 0.052 0.014 0.051 0.059 0 0.09 0.071 0.006 0.01 0.011 0.081 0.063 0.006 0.008 0.007 0.023 0.291 0.064 0.08 0.007 0.009 0.052 0.013 0.133 0.067 0.001 0.001 0.011
0.061 0.088 0.094 0 0.023 0.019 0.061 0.076 0.001 0.009 0.057 0.032 0.079 0.016 0.052 0.058 0.087 0.025 0.058 0.053 0.204 0.02 0.066 0.029 0.001 0.032 0.061 0.033 0.021 0.026 0.049 0.001 0.025 0.017 0.043 0.282 0.086 0.258 0.013 0.019 0.169 1 0.208 0.033 0.097 0.385 0.002 0.101 0 0.304 0.207 0.074 0.195 0.153 0.005 0.276 0.203 0.04 0.057 0.054 0.25 0.244 0.03 0.011 0.038 0.061 0.05 0.245 0.244 0.029 0.036 0.02 0.064 0.023 0.194 0.006 0.015 0.043
0 0 0 0.02 0.002 0.018 0.012 0.001 0.067 0.007 0.005 0 0.198 0.005 0.018 0.017 0 0.008 0.196 0.017 0.626 0.059 0.161 0.008 0.084 0.013 0.209 0.019 0.004 0.006 0.009 0.09 0.119 0.005 0.007 0.043 0.014 0.038 0.136 0.004 0.051 0.208 1 0.007 0.016 0.235 0.117 0.057 0.006 0.57 0.726 0.011 0.69 0.839 0.008 0.572 0.714 0.008 0.165 0.145 0.56 0.587 0.011 0.007 0.004 0.146 0.017 0.566 0.574 0.012 0.123 0.006 0.136 0.007 0.665 0.009 0.012 0.155
0.004 0.008 0.008 0.02 0.007 0.003 0.002 0.004 0.025 0.012 0.003 0.002 0.002 0.001 0.012 0.01 0.004 0.001 0.001 0.012 0.001 0.059 0.04 0.007 0.015 0 0.002 0.003 0.001 0.001 0.007 0.023 0.018 0.001 0.001 0.099 0.002 0.112 0.016 0.001 0.007 0.033 0.007 1 0.002 0.002 0.012 0.042 0.001 0.011 0.007 0.002 0.007 0.008 0.001 0.012 0.01 0.001 0.001 0.001 0.01 0.008 0 0.001 0.001 0.003 0.002 0.008 0.011 0.001 0.001 0.001 0.002 0.001 0.009 0.001 0 0.001
0.072 0.072 0.091 0.039 0 0.303 0.455 0.009 0.046 0.002 0.008 0.003 0.002 0.002 0.106 0.107 0.001 0.002 0.003 0.097 0.006 0.022 0.032 0 0.052 0.004 0.004 0.424 0.15 0.207 0.001 0.091 0.074 0.002 0.214 0 0.6 0.009 0.064 0.003 0.016 0.097 0.016 0.002 1 0.006 0.036 0.033 0.002 0.193 0.015 0.8 0.015 0.016 0.003 0.177 0.016 0.458 0.003 0.003 0.152 0.016 0.003 0.002 0.373 0.012 0.005 0.021 0.131 0.001 0.003 0.002 0.003 0.002 0.018 0.003 0.004 0.003
0.022 0.035 0.039 0.001 0.064 0.044 0.03 0.162 0.009 0.001 0.134 0.05 0.036 0.012 0.015 0.017 0.169 0.019 0.043 0.016 0.148 0.018 0.045 0.08 0.006 0.007 0.041 0.04 0.013 0.015 0.111 0.002 0 0.013 0.008 0.233 0.023 0.193 0 0.011 0.109 0.385 0.235 0.002 0.006 1 0.01 0.08 0.014 0.169 0.233 0.022 0.241 0.256 0.02 0.163 0.23 0.008 0.057 0.045 0.194 0.213 0.021 0.002 0.005 0.08 0.041 0.196 0.165 0.024 0.03 0.015 0.041 0.008 0.222 0.021 0.025 0.052
0.017 0.006 0.006 0.227 0.027 0.003 0.032 0.093 0.268 0.014 0.064 0.051 0.029 0.037 0.017 0.015 0.086 0.014 0.022 0.016 0.077 0.022 0.091 0.036 0.242 0 0.025 0.004 0.012 0.014 0.059 0.28 0.388 0.045 0.016 0.252 0.032 0.268 0.474 0.019 0.391 0.002 0.117 0.012 0.036 0.01 1 0.149 0.001 0.188 0.116 0.031 0.113 0.135 0.004 0.205 0.163 0.02 0.021 0.024 0.185 0.14 0.02 0.017 0.015 0.052 0.144 0.142 0.182 0.022 0.019 0.018 0.028 0.06 0.153 0.008 0.007 0.025
0.088 0.067 0.072 0.19 0.053 0.024 0.015 0.042 0.225 0.037 0.047 0.023 0.009 0.011 0.084 0.077 0.044 0.002 0.02 0.082 0.029 0.174 0.031 0.042 0.18 0 0.019 0.035 0.005 0.006 0.059 0.238 0.21 0.011 0.015 0.02 0.029 0.016 0.252 0.042 0.099 0.101 0.057 0.042 0.033 0.08 0.149 1 0.012 0.111 0.054 0.028 0.052 0.069 0 0.094 0.08 0.011 0.001 0.003 0.098 0.063 0.083 0.042 0.014 0.037 0.034 0.065 0.101 0.085 0.01 0.012 0.006 0.015 0.089 0 0.037 0.015
0.023 0.028 0.027 0.004 0.001 0.064 0.032 0.003 0.02 0.001 0.002 0.001 0.001 0.036 0.032 0.03 0.003 0.043 0.001 0.034 0.004 0.003 0.008 0.001 0.02 0 0.001 0.066 0.009 0.007 0.001 0.022 0.016 0.002 0.089 0.005 0.039 0.004 0.015 0.001 0.001 0 0.006 0.001 0.002 0.014 0.001 0.012 1 0.009 0.006 0.002 0.005 0.007 0.684 0.01 0.008 0.001 0.001 0.001 0.009 0.007 0.001 0.001 0.001 0.003 0.002 0.007 0.009 0.001 0.001 0.001 0.001 0.001 0.007 0.559 0.067 0.001
0.01 0.015 0.019 0.004 0.009 0.032 0.075 0.004 0.026 0.011 0.001 0.002 0.129 0.008 0 0 0.001 0.012 0.118 0 0.418 0.062 0.085 0.018 0.032 0.007 0.126 0.053 0.023 0.032 0.019 0.022 0.043 0.008 0.032 0.043 0.102 0.058 0.057 0.008 0.083 0.304 0.57 0.011 0.193 0.169 0.188 0.111 0.009 1 0.618 0.16 0.591 0.649 0.013 0.918 0.764 0.084 0.112 0.087 0.877 0.703 0.018 0.012 0.077 0.266 0.027 0.707 0.857 0.016 0.077 0.01 0.149 0.012 0.718 0.014 0.02 0.113
0.011 0.007 0.008 0.054 0.029 0.017 0.011 0.014 0.127 0.007 0.009 0.011 0.205 0.005 0.059 0.057 0.024 0.008 0.164 0.053 0.617 0.027 0.219 0.047 0.152 0.002 0.178 0.019 0.004 0.006 0.048 0.16 0.194 0.005 0.007 0.043 0.014 0.038 0.218 0.003 0.052 0.207 0.726 0.007 0.015 0.233 0.116 0.054 0.006 0.618 1 0.013 0.92 0.831 0.008 0.567 0.702 0.008 0.182 0.146 0.56 0.78 0.011 0.007 0.004 0.257 0.017 0.763 0.568 0.012 0.128 0.006 0.172 0.007 0.658 0.009 0.012 0.186
0.054 0.071 0.069 0.027 0.011 0.358 0.531 0.005 0.033 0.002 0.004 0.001 0.002 0.001 0.08 0.082 0.006 0.002 0.003 0.072 0.005 0.017 0.024 0.011 0.038 0.003 0.003 0.498 0.175 0.241 0.011 0.074 0.063 0.001 0.249 0.011 0.698 0.006 0.055 0.003 0.014 0.074 0.011 0.002 0.8 0.022 0.031 0.028 0.002 0.16 0.013 1 0.011 0.011 0.002 0.153 0.005 0.531 0.002 0.001 0.126 0.006 0.003 0.002 0.432 0 0.005 0.005 0.116 0.001 0.001 0.002 0.004 0.002 0.004 0.002 0.003 0.001
0.011 0.007 0.008 0.056 0.03 0.017 0.011 0.016 0.133 0.007 0.01 0.011 0.196 0.005 0.06 0.058 0.026 0.007 0.171 0.058 0.603 0.023 0.221 0.045 0.148 0.001 0.17 0.018 0.004 0.006 0.046 0.155 0.184 0.005 0.007 0.039 0.013 0.034 0.207 0.003 0.051 0.195 0.69 0.007 0.015 0.241 0.113 0.052 0.005 0.591 0.92 0.011 1 0.804 0.008 0.549 0.68 0.008 0.188 0.159 0.581 0.773 0.011 0.007 0.004 0.228 0.016 0.737 0.548 0.012 0.141 0.006 0.178 0.007 0.634 0.008 0.012 0.201
0.001 0 0 0.029 0.004 0.021 0.014 0.001 0.082 0.008 0.003 0 0.154 0.006 0.024 0.023 0 0.009 0.169 0.02 0.535 0.034 0.168 0.01 0.098 0.003 0.181 0.022 0.005 0.007 0.011 0.104 0.135 0.006 0.008 0.046 0.016 0.042 0.154 0.004 0.059 0.153 0.839 0.008 0.016 0.256 0.135 0.069 0.007 0.649 0.831 0.011 0.804 1 0.01 0.658 0.81 0.01 0.156 0.134 0.649 0.683 0.013 0.008 0.005 0.247 0.02 0.667 0.658 0.014 0.097 0.007 0.146 0.008 0.75 0.01 0.014 0.167
0.022 0.028 0.027 0.003 0.007 0.038 0.018 0.004 0.016 0.001 0.004 0.002 0.002 0.022 0.032 0.031 0.005 0.027 0.002 0.035 0.006 0 0.004 0.007 0.013 0.001 0.002 0.039 0.005 0.004 0 0.005 0.002 0.001 0.057 0.007 0.022 0.007 0.002 0.002 0 0.005 0.008 0.001 0.003 0.02 0.004 0 0.684 0.013 0.008 0.002 0.008 0.01 1 0.014 0.011 0.001 0.001 0.002 0.013 0.01 0.002 0.001 0.001 0.004 0.003 0.01 0.013 0.002 0.001 0 0.002 0.001 0.011 0.726 0.164 0.002
0.009 0.016 0.019 0.005 0.006 0.029 0.07 0.002 0.026 0.012 0 0.003 0.144 0.009 0.001 0.001 0 0.013 0.11 0.001 0.384 0.061 0.076 0.014 0.032 0.008 0.116 0.046 0.021 0.029 0.015 0.022 0.043 0.009 0.028 0.046 0.093 0.061 0.058 0.009 0.09 0.276 0.572 0.012 0.177 0.163 0.205 0.094 0.01 0.918 0.567 0.153 0.549 0.658 0.014 1 0.795 0.077 0.103 0.116 0.901 0.685 0.02 0.013 0.071 0.253 0.03 0.689 0.882 0.018 0.092 0.011 0.137 0.013 0.749 0.015 0.022 0.123
0.002 0.004 0.006 0.01 0.001 0 0.004 0 0.042 0.009 0.001 0.001 0.144 0.007 0.002 0.002 0.001 0.011 0.139 0.001 0.459 0.049 0.115 0.006 0.054 0.005 0.148 0 0 0.003 0.006 0.058 0.085 0.007 0.004 0.032 0 0.052 0.103 0.007 0.071 0.203 0.714 0.01 0.016 0.23 0.163 0.08 0.008 0.764 0.702 0.005 0.68 0.81 0.011 0.795 1 0.012 0.128 0.116 0.772 0.85 0.016 0.01 0.007 0.316 0.023 0.855 0.765 0.017 0.116 0.009 0.17 0.01 0.931 0.012 0.017 0.155
0.015 0.021 0.021 0.005 0.009 0.131 0.199 0.005 0.007 0.001 0.004 0.002 0.001 0.001 0.025 0.027 0.005 0.001 0.002 0.018 0.001 0.005 0.007 0.009 0.009 0.002 0.002 0.26 0.053 0.044 0.009 0.036 0.028 0.001 0.071 0.008 0.429 0.003 0.025 0 0.006 0.04 0.008 0.001 0.458 0.008 0.02 0.011 0.001 0.084 0.008 0.531 0.008 0.01 0.001 0.077 0.012 1 0.002 0.002 0.086 0.01 0 0.001 0.693 0.004 0.003 0.01 0.083 0 0.001 0.001 0.002 0.001 0.011 0.001 0.002 0.002
0.015 0.022 0.021 0.005 0.005 0.004 0.003 0.005 0.027 0.001 0.002 0.002 0.011 0.001 0.01 0.007 0.006 0.001 0.002 0.016 0.133 0.014 0.028 0.01 0.03 0.002 0.002 0.004 0.001 0.001 0.01 0.03 0.037 0.001 0.001 0.009 0.003 0.008 0.041 0.002 0.01 0.057 0.165 0.001 0.003 0.057 0.021 0.001 0.001 0.112 0.182 0.002 0.188 0.156 0.001 0.103 0.128 0.002 1 0.029 0.101 0.145 0.002 0.001 0.001 0.003 0.003 0.149 0.095 0.002 0.04 0.001 0.249 0.001 0.087 0.002 0.002 0.027
0.01 0.007 0.007 0.02 0.001 0.003 0.002 0 0.017 0.001 0.001 0.002 0.323 0.001 0.011 0.012 0.006 0.002 0.001 0.018 0.114 0.01 0.026 0.011 0.032 0.003 0.002 0.004 0.001 0.001 0.011 0.032 0.037 0.001 0.001 0.008 0.003 0.007 0.042 0.002 0.011 0.054 0.145 0.001 0.003 0.045 0.024 0.003 0.001 0.087 0.146 0.001 0.159 0.134 0.002 0.116 0.116 0.002 0.029 1 0.102 0.135 0.002 0.001 0.001 0.005 0.003 0.111 0.095 0.002 0.344 0.001 0 0.001 0.12 0.002 0.003 0.563
0.009 0.014 0.018 0.005 0.005 0.019 0.051 0.001 0.029 0.011 0 0.003 0.132 0.008 0 0 0 0.012 0.096 0 0.381 0.056 0.079 0.011 0.031 0.006 0.092 0.035 0.014 0.021 0.011 0.021 0.04 0.008 0.02 0.039 0.087 0.054 0.054 0.007 0.081 0.25 0.56 0.01 0.152 0.194 0.185 0.098 0.009 0.877 0.56 0.126 0.581 0.649 0.013 0.901 0.772 0.086 0.101 0.102 1 0.676 0.018 0.011 0.078 0.235 0.027 0.669 0.903 0.016 0.102 0.01 0.138 0.011 0.73 0.014 0.019 0.136
0 0 0 0.027 0.019 0 0.006 0.019 0.076 0.008 0.013 0.013 0.169 0.006 0.017 0.017 0.013 0.009 0.142 0.014 0.494 0.035 0.149 0.036 0.09 0.003 0.14 0 0.001 0.004 0.037 0.095 0.123 0.006 0.006 0.029 0.001 0.044 0.145 0.004 0.063 0.244 0.587 0.008 0.016 0.213 0.14 0.063 0.007 0.703 0.78 0.006 0.773 0.683 0.01 0.685 0.85 0.01 0.145 0.135 0.676 1 0.013 0.009 0.005 0.312 0.02 0.931 0.646 0.015 0.134 0.007 0.195 0.009 0.813 0.011 0.015 0.18
0.011 0.007 0.007 0.018 0.007 0.002 0.003 0.005 0.022 0.002 0.004 0.002 0.003 0 0.011 0.012 0.005 0 0.002 0.007 0.008 0.044 0.013 0.007 0.013 0.003 0.003 0.002 0.001 0.001 0.009 0.021 0.026 0.001 0.002 0.009 0.003 0.008 0.037 0.209 0.006 0.03 0.011 0 0.003 0.021 0.02 0.083 0.001 0.018 0.011 0.003 0.011 0.013 0.002 0.02 0.016 0 0.002 0.002 0.018 0.013 1 0.002 0.001 0.005 0.004 0.014 0.017 0.913 0.002 0.001 0.003 0.002 0.015 0.002 0.083 0.002
0.011 0.011 0.009 0.021 0.004 0.003 0.002 0.004 0.022 0.409 0.004 0.002 0.002 0.001 0.003 0.002 0.005 0 0.002 0.009 0.005 0 0.002 0.005 0.019 0.171 0.002 0.003 0.001 0.001 0.007 0.023 0.028 0.001 0.001 0.007 0.002 0.006 0.015 0.001 0.008 0.011 0.007 0.001 0.002 0.002 0.017 0.042 0.001 0.012 0.007 0.002 0.007 0.008 0.001 0.013 0.01 0.001 0.001 0.001 0.011 0.009 0.002 1 0.001 0.003 0.002 0.009 0.011 0.002 0.001 0.001 0.002 0.001 0.009 0.001 0.002 0.002
0.023 0.03 0.03 0.01 0.007 0.147 0.219 0.004 0.015 0.001 0.003 0.001 0 0.001 0.037 0.04 0.004 0.001 0.001 0.027 0.001 0.008 0.008 0.006 0.017 0.002 0.002 0.217 0.072 0.061 0.006 0.036 0.025 0.001 0.079 0.006 0.394 0.002 0.022 0.001 0.007 0.038 0.004 0.001 0.373 0.005 0.015 0.014 0.001 0.077 0.004 0.432 0.004 0.005 0.001 0.071 0.007 0.693 0.001 0.001 0.078 0.005 0.001 0.001 1 0.002 0.002 0.006 0.074 0.002 0.001 0.001 0 0.001 0.006 0.001 0.002 0.001
0.013 0.015 0.01 0.033 0.004 0 0 0.01 0.024 0.003 0.009 0.005 0.002 0.002 0.002 0.002 0 0.003 0.425 0.002 0.128 0.004 0.052 0.005 0.025 0 0.459 0 0.002 0.001 0.005 0.03 0.036 0.002 0.005 0.004 0 0.015 0.043 0 0.023 0.061 0.146 0.003 0.012 0.08 0.052 0.037 0.003 0.266 0.257 0 0.228 0.247 0.004 0.253 0.316 0.004 0.003 0.005 0.235 0.312 0.005 0.003 0.002 1 0.008 0.343 0.271 0.005 0.004 0.003 0.005 0.003 0.306 0.004 0.006 0
0.007 0.033 0.034 0.051 0.016 0.007 0.005 0.009 0.059 0.002 0.007 0.004 0.004 0.002 0.02 0.03 0.01 0.003 0.004 0.028 0.013 0.02 0.038 0.016 0.016 0.052 0.004 0.007 0.002 0.002 0.017 0.016 0.009 0.002 0.002 0.015 0.005 0.013 0.066 0.001 0.291 0.05 0.017 0.002 0.005 0.041 0.144 0.034 0.002 0.027 0.017 0.005 0.016 0.02 0.003 0.03 0.023 0.003 0.003 0.003 0.027 0.02 0.004 0.002 0.002 0.008 1 0.02 0.026 0.004 0.003 0.002 0.004 0.002 0.022 0.003 0.003 0.004
0 0 0 0.021 0.015 0 0.006 0.019 0.066 0.008 0.013 0.013 0.144 0.006 0.014 0.014 0.01 0.008 0.141 0.012 0.48 0.036 0.142 0.03 0.083 0.003 0.148 0 0.001 0.004 0.031 0.088 0.116 0.006 0.006 0.025 0.001 0.044 0.138 0.005 0.064 0.245 0.566 0.008 0.021 0.196 0.142 0.065 0.007 0.707 0.763 0.005 0.737 0.667 0.01 0.689 0.855 0.01 0.149 0.111 0.669 0.931 0.014 0.009 0.006 0.343 0.02 1 0.65 0.015 0.133 0.008 0.198 0.009 0.812 0.011 0.015 0.152
0.004 0.012 0.014 0.006 0.004 0.017 0.045 0.001 0.027 0.011 0 0.003 0.125 0.008 0 0 0 0.012 0.124 0 0.406 0.055 0.077 0.012 0.035 0.006 0.132 0.032 0.012 0.019 0.013 0.024 0.044 0.008 0.017 0.043 0.081 0.053 0.058 0.009 0.08 0.244 0.574 0.011 0.131 0.165 0.182 0.101 0.009 0.857 0.568 0.116 0.548 0.658 0.013 0.882 0.765 0.083 0.095 0.095 0.903 0.646 0.017 0.011 0.074 0.271 0.026 0.65 1 0.016 0.103 0.01 0.154 0.011 0.715 0.014 0.017 0.129
0.013 0.009 0.009 0.021 0.008 0.002 0.003 0.005 0.026 0.002 0.005 0.003 0.003 0 0.013 0.014 0.006 0 0.003 0.009 0.009 0.048 0.015 0.008 0.016 0.003 0.003 0.001 0.001 0.001 0.01 0.021 0.026 0.001 0.002 0.007 0.001 0.009 0.037 0.221 0.007 0.029 0.012 0.001 0.001 0.024 0.022 0.085 0.001 0.016 0.012 0.001 0.012 0.014 0.002 0.018 0.017 0 0.002 0.002 0.016 0.015 0.913 0.002 0.002 0.005 0.004 0.015 0.016 1 0.002 0.002 0.003 0.002 0.016 0.002 0.091 0.003
0.003 0.001 0.002 0.009 0 0.002 0.001 0 0.011 0.001 0.002 0.002 0.113 0.001 0.008 0.008 0.005 0.001 0.001 0.014 0.088 0.007 0.021 0.009 0.026 0.002 0.001 0.003 0.001 0.001 0.009 0.026 0.029 0.001 0.001 0.006 0.002 0.005 0.033 0.001 0.009 0.036 0.123 0.001 0.003 0.03 0.019 0.01 0.001 0.077 0.128 0.001 0.141 0.097 0.001 0.092 0.116 0.001 0.04 0.344 0.102 0.134 0.002 0.001 0.001 0.004 0.003 0.133 0.103 0.002 1 0.001 0.002 0.001 0.119 0.001 0.002 0.484
0.002 0.003 0.003 0.007 0 0.002 0.002 0.002 0.009 0.001 0.002 0 0.002 0 0.002 0.002 0.002 0.001 0.001 0.002 0.005 0 0.001 0.007 0.007 0 0.002 0.002 0.001 0.001 0.007 0.007 0.004 0.521 0.001 0.006 0.002 0.005 0.006 0.001 0.052 0.02 0.006 0.001 0.002 0.015 0.018 0.012 0.001 0.01 0.006 0.002 0.006 0.007 0 0.011 0.009 0.001 0.001 0.001 0.01 0.007 0.001 0.001 0.001 0.003 0.002 0.008 0.01 0.002 0.001 1 0.001 0.001 0.008 0.001 0.002 0.001
0.019 0.026 0.026 0.005 0.007 0.002 0.006 0.007 0.014 0.002 0.006 0.003 0.028 0.001 0.005 0.003 0.007 0.002 0.003 0.001 0.125 0.012 0.027 0.011 0.017 0.003 0.003 0.002 0.022 0.018 0.012 0.017 0.026 0.001 0.002 0.01 0.003 0.01 0.031 0.002 0.013 0.064 0.136 0.002 0.003 0.041 0.028 0.006 0.001 0.149 0.172 0.004 0.178 0.146 0.002 0.137 0.17 0.002 0.249 0 0.138 0.195 0.003 0.002 0 0.005 0.004 0.198 0.154 0.003 0.002 0.001 1 0.002 0.147 0.002 0.003 0.001
0 0.011 0.011 0.029 0.005 0.003 0.002 0.004 0.033 0.001 0.004 0.002 0.002 0.001 0.009 0.009 0.005 0 0 0.009 0.003 0.011 0.016 0.005 0.038 0.001 0 0.003 0.001 0.001 0.005 0.042 0.034 0 0.001 0.007 0.002 0.006 0.031 0.001 0.133 0.023 0.007 0.001 0.002 0.008 0.06 0.015 0.001 0.012 0.007 0.002 0.007 0.008 0.001 0.013 0.01 0.001 0.001 0.001 0.011 0.009 0.002 0.001 0.001 0.003 0.002 0.009 0.011 0.002 0.001 0.001 0.002 1 0.009 0.001 0.002 0.002
0 0.002 0.003 0.014 0.001 0 0.004 0 0.038 0.009 0.001 0.003 0.152 0.007 0.002 0.002 0.001 0.01 0.134 0.001 0.417 0.045 0.104 0.006 0.05 0.004 0.144 0 0 0.004 0.006 0.054 0.08 0.007 0.005 0.029 0 0.048 0.097 0.005 0.067 0.194 0.665 0.009 0.018 0.222 0.153 0.089 0.007 0.718 0.658 0.004 0.634 0.75 0.011 0.749 0.931 0.011 0.087 0.12 0.73 0.813 0.015 0.009 0.006 0.306 0.022 0.812 0.715 0.016 0.119 0.008 0.147 0.009 1 0.012 0.016 0.163
0.019 0.024 0.023 0.001 0.005 0.036 0.018 0.005 0.01 0.001 0.004 0.002 0.002 0.02 0.028 0.027 0.005 0.024 0.002 0.031 0.007 0 0.001 0.006 0.008 0.001 0.002 0.037 0.006 0.004 0 0.002 0 0.001 0.052 0.008 0.02 0.007 0 0.002 0.001 0.006 0.009 0.001 0.003 0.021 0.008 0 0.559 0.014 0.009 0.002 0.008 0.01 0.726 0.015 0.012 0.001 0.002 0.002 0.014 0.011 0.002 0.001 0.001 0.004 0.003 0.011 0.014 0.002 0.001 0.001 0.002 0.001 0.012 1 0.199 0.002
0 0.001 0.001 0.007 0.001 0.017 0.007 0.007 0 0.002 0.006 0.003 0.003 0.013 0.002 0.002 0.008 0 0.003 0.004 0.008 0.015 0.001 0.001 0 0.003 0.003 0.015 0.001 0 0.01 0.006 0.007 0.001 0.01 0.004 0.002 0.006 0.009 0.011 0.001 0.015 0.012 0 0.004 0.025 0.007 0.037 0.067 0.02 0.012 0.003 0.012 0.014 0.164 0.022 0.017 0.002 0.002 0.003 0.019 0.015 0.083 0.002 0.002 0.006 0.003 0.015 0.017 0.091 0.002 0.002 0.003 0.002 0.016 0.199 1 0.003
0.006 0.004 0.004 0.016 0.001 0.003 0.002 0 0.02 0.001 0.001 0.002 0.207 0.001 0.013 0.013 0.007 0.002 0.002 0.019 0.13 0.006 0.041 0.011 0.036 0.003 0.002 0.005 0.001 0.001 0.012 0.035 0.041 0.001 0.001 0.009 0.003 0.007 0.046 0.002 0.011 0.043 0.155 0.001 0.003 0.052 0.025 0.015 0.001 0.113 0.186 0.001 0.201 0.167 0.002 0.123 0.155 0.002 0.027 0.563 0.136 0.18 0.002 0.002 0.001 0 0.004 0.152 0.129 0.003 0.484 0.001 0.001 0.002 0.163 0.002 0.003 1
