1 0.801 0.845 0.448 0.385 0.176 0.137 0.257 0.293 0.012 0.203 0.11 0.021 0.03 0.487 0.452 0.251 0.037 0.045 0.539 0.009 0.096 0.099 0.342 0.296 0.005 0.05 0.124 0.062 0.052 0.303 0.256 0.155 0 0.054 0.092 0.077 0.051 0.141 0.013 0.013 0.081 0.002 0.003 0.081 0.018 0.008 0.07 0.018 0.014 0.012 0.051 0.011 0.003 0.021 0.009 0 0.032 0.037 0.002 0.009 0.004 0.013 0.01 0.021 0.038 0.012 0.001 0.003 0.015 0.007 0 0.017 0.001 0.001 0.017 0.006 0.001
0.801 1 0.906 0.397 0.388 0.205 0.16 0.3 0.245 0.01 0.238 0.128 0.018 0.035 0.572 0.534 0.239 0.044 0.038 0.573 0.004 0.084 0.076 0.346 0.263 0.025 0.042 0.148 0.072 0.062 0.305 0.224 0.13 0.001 0.064 0.083 0.093 0.066 0.105 0.011 0.042 0.093 0 0.008 0.056 0.021 0.002 0.043 0.022 0.013 0.006 0.062 0.006 0 0.026 0.009 0 0.04 0.045 0.001 0.009 0.006 0.01 0.009 0.027 0.038 0.029 0.001 0.004 0.012 0.005 0.001 0.007 0.007 0.001 0.022 0.004 0
0.845 0.906 1 0.433 0.444 0.201 0.156 0.294 0.274 0.011 0.233 0.126 0.018 0.035 0.575 0.537 0.291 0.043 0.039 0.625 0.005 0.076 0.072 0.398 0.31 0.025 0.044 0.145 0.071 0.061 0.354 0.268 0.163 0.001 0.062 0.111 0.09 0.064 0.135 0.012 0.036 0.111 0 0.009 0.095 0.031 0.003 0.059 0.021 0.022 0.007 0.061 0.006 0.001 0.026 0.018 0.002 0.038 0.044 0.002 0.017 0.001 0.011 0.009 0.027 0.032 0.029 0 0.008 0.012 0.005 0.001 0.022 0.007 0 0.021 0.004 0
0.448 0.397 0.433 1 0.229 0.084 0.064 0.136 0.791 0.023 0.108 0.058 0.04 0.017 0.28 0.291 0.158 0.027 0.085 0.326 0.05 0.209 0.284 0.231 0.647 0 0.093 0.051 0.033 0.026 0.201 0.609 0.393 0.025 0.02 0.025 0.028 0.014 0.46 0.025 0.189 0 0.036 0.02 0.034 0.004 0.223 0.167 0.006 0.007 0.064 0.02 0.061 0.036 0.007 0.006 0.017 0.011 0.016 0 0.004 0.036 0.03 0.023 0.024 0.065 0.045 0.022 0.01 0.033 0.008 0.016 0.005 0.014 0.03 0.004 0.007 0.003
0.385 0.388 0.444 0.229 1 0.02 0.016 0.534 0.27 0.006 0.422 0.22 0.01 0.004 0.484 0.458 0.632 0.087 0.021 0.533 0.043 0.062 0.128 0.806 0.304 0.013 0.023 0.021 0.007 0.008 0.697 0.223 0.182 0.004 0.008 0.283 0.015 0.185 0.141 0.006 0.029 0.033 0.009 0.005 0.001 0.066 0.048 0.025 0.001 0.009 0.038 0.011 0.037 0.014 0 0.011 0.005 0.009 0.007 0 0.012 0.023 0.008 0.006 0.01 0.014 0.015 0.015 0.016 0.009 0.006 0.003 0 0.004 0.005 0 0.003 0.001
0.176 0.205 0.201 0.084 0.02 1 0.777 0.011 0.098 0.002 0.009 0.005 0.004 0.174 0.183 0.171 0.014 0.002 0.008 0.195 0.018 0.005 0.025 0.022 0.081 0.005 0.009 0.755 0.352 0.321 0.021 0.1 0.045 0.004 0.299 0.019 0.484 0.018 0.048 0.002 0 0.018 0.021 0.002 0.244 0.05 0.011 0.014 0.1 0.019 0.021 0.334 0.021 0.025 0.074 0.018 0.007 0.221 0.003 0.001 0.015 0.005 0.002 0.001 0.177 0.008 0.006 0.005 0.008 0.002 0.001 0.003 0.003 0.002 0.007 0.067 0 0.002
0.137 0.16 0.156 0.064 0.016 0.777 1 0.009 0.081 0.002 0.007 0.004 0.003 0.001 0.15 0.141 0.011 0.002 0.006 0.158 0.014 0.004 0.019 0.017 0.061 0.004 0.007 0.578 0.453 0.415 0.016 0.08 0.031 0.002 0.387 0.015 0.629 0.014 0.034 0.002 0.015 0.044 0.016 0.002 0.323 0.038 0.035 0.01 0.075 0.039 0.016 0.435 0.016 0.019 0.056 0.038 0.003 0.29 0.003 0 0.032 0.002 0.003 0.001 0.234 0.005 0.005 0.002 0.02 0.003 0.001 0.001 0.002 0.001 0.003 0.051 0.001 0.001
0.257 0.3 0.294 0.136 0.534 0.011 0.009 1 0.152 0.003 0.79 0.428 0.005 0.002 0.272 0.254 0.714 0.003 0.012 0.3 0.023 0.035 0.07 0.5 0.172 0.007 0.013 0.012 0.004 0.004 0.513 0.155 0.121 0.002 0.005 0.333 0.009 0.331 0.097 0.003 0.022 0.075 0 0.003 0.01 0.14 0.114 0.034 0.003 0.006 0.018 0.007 0.018 0 0.004 0.007 0.003 0.006 0.005 0.001 0.01 0.023 0.004 0.004 0.006 0.02 0.008 0.025 0.011 0.004 0.002 0.001 0.005 0.002 0.005 0.004 0.006 0
0.293 0.245 0.274 0.791 0.27 0.098 0.081 0.152 1 0.021 0.119 0.065 0.036 0.019 0.347 0.36 0.176 0.03 0.051 0.396 0.136 0.184 0.388 0.272 0.758 0 0.058 0.067 0.037 0.029 0.237 0.717 0.485 0.028 0.03 0.038 0.04 0.023 0.566 0.022 0.214 0.002 0.094 0.02 0.048 0.012 0.269 0.18 0.011 0.033 0.154 0.024 0.151 0.096 0.012 0.03 0.056 0.014 0.027 0 0.027 0.084 0.03 0.02 0.028 0.038 0.051 0.07 0.04 0.033 0.011 0.018 0.009 0.016 0.062 0.008 0.004 0.007
0.012 0.01 0.011 0.023 0.006 0.002 0.002 0.003 0.021 1 0.003 0.001 0.001 0 0.004 0.003 0.004 0.001 0.002 0.01 0.005 0.005 0.013 0.006 0.017 0.118 0.002 0.002 0.001 0.001 0.006 0.018 0.019 0.001 0.001 0.004 0.002 0.004 0.007 0 0.005 0.017 0.006 0 0.002 0.007 0.012 0.021 0.001 0.01 0.006 0.001 0.006 0.007 0.001 0.01 0.008 0.001 0.001 0.001 0.009 0.007 0.001 0.325 0.001 0.004 0.002 0.007 0.009 0.001 0.001 0.001 0.001 0 0.007 0.001 0.001 0.001
0.203 0.238 0.233 0.108 0.422 0.009 0.007 0.79 0.119 0.003 1 0.534 0.004 0.002 0.212 0.198 0.627 0.003 0.009 0.234 0.017 0.028 0.054 0.39 0.133 0.006 0.01 0.009 0.003 0.004 0.399 0.118 0.09 0.001 0.004 0.224 0.007 0.216 0.07 0.003 0.016 0.047 0.001 0.002 0.008 0.1 0.07 0.038 0.002 0.002 0.012 0.005 0.012 0 0.003 0.002 0 0.005 0.003 0.002 0.004 0.016 0.002 0.003 0.005 0.016 0.007 0.017 0.005 0.002 0.001 0.001 0.004 0.002 0.001 0.003 0.005 0.001
0.11 0.128 0.126 0.058 0.22 0.005 0.004 0.428 0.065 0.001 0.534 1 0.002 0.001 0.121 0.113 0.354 0.001 0.005 0.133 0.011 0.015 0.032 0.217 0.077 0.003 0.005 0.005 0.002 0.002 0.227 0.076 0.056 0 0.002 0.121 0.004 0.105 0.057 0.001 0.006 0.016 0.003 0.001 0.004 0.048 0.036 0.024 0.001 0 0.013 0.003 0.013 0.001 0.002 0 0 0.002 0.002 0.002 0.002 0.016 0.002 0.002 0.003 0.008 0.004 0.017 0.003 0.002 0.002 0 0.002 0.001 0.001 0.002 0.003 0.002
0.021 0.018 0.018 0.04 0.01 0.004 0.003 0.005 0.036 0.001 0.004 0.002 1 0.001 0.009 0.008 0.007 0.001 0.004 0.005 0.184 0.011 0.063 0.01 0.03 0.002 0.004 0.004 0.001 0.001 0.009 0.028 0.033 0.001 0 0.009 0.001 0.008 0.038 0.001 0.003 0.04 0.073 0.001 0.002 0.034 0.013 0.011 0.001 0.074 0.119 0.001 0.077 0.053 0.001 0.078 0.083 0.001 0.001 0.053 0.078 0.098 0.002 0.001 0.001 0 0 0.084 0.074 0.002 0.23 0.001 0.003 0.001 0.076 0.001 0.002 0.126
0.03 0.035 0.035 0.017 0.004 0.174 0.001 0.002 0.019 0 0.002 0.001 0.001 1 0.033 0.031 0.002 0 0.001 0.037 0.003 0.004 0.009 0.004 0.021 0 0.002 0.169 0 0.001 0.004 0.021 0.017 0.053 0.001 0.003 0.001 0.003 0.016 0 0.073 0.013 0.004 0 0.001 0.01 0.022 0.007 0.024 0.006 0.004 0.001 0.004 0.004 0.017 0.007 0.005 0.001 0.001 0.001 0.006 0.005 0.001 0 0.001 0.002 0.001 0.005 0.006 0.001 0.001 0.047 0.001 0 0.005 0.015 0.007 0.001
0.487 0.572 0.575 0.28 0.484 0.183 0.15 0.272 0.347 0.004 0.212 0.121 0.009 0.033 1 0.931 0.33 0.055 0.013 0.779 0.048 0.081 0.154 0.493 0.382 0.018 0.017 0.149 0.068 0.063 0.42 0.333 0.228 0.001 0.07 0.118 0.096 0.07 0.205 0.012 0.029 0.053 0.024 0.009 0.1 0.01 0.006 0.05 0.025 0.001 0.052 0.066 0.06 0.028 0.029 0 0.008 0.044 0.017 0.004 0 0.024 0.009 0.004 0.07 0.002 0.03 0.018 0.001 0.011 0.015 0.001 0.003 0.008 0.008 0.023 0.002 0.007
0.452 0.534 0.537 0.291 0.458 0.171 0.141 0.254 0.36 0.003 0.198 0.113 0.008 0.031 0.931 1 0.309 0.052 0.016 0.744 0.052 0.088 0.167 0.487 0.388 0.012 0.019 0.138 0.064 0.059 0.432 0.332 0.227 0.001 0.07 0.12 0.093 0.072 0.212 0.013 0.023 0.049 0.027 0.01 0.096 0.009 0.01 0.05 0.023 0 0.057 0.065 0.065 0.032 0.026 0 0.011 0.043 0.015 0.004 0 0.028 0.01 0.003 0.069 0.003 0.025 0.021 0.002 0.012 0.016 0.001 0.003 0.001 0.01 0.021 0.002 0.008
0.251 0.239 0.291 0.158 0.632 0.014 0.011 0.714 0.176 0.004 0.627 0.354 0.007 0.002 0.33 0.309 1 0.004 0.014 0.377 0.032 0.042 0.091 0.543 0.218 0.009 0.015 0.014 0.005 0.005 0.559 0.195 0.154 0.002 0.006 0.379 0.01 0.245 0.126 0.004 0.012 0.078 0.001 0.004 0.005 0.137 0.094 0.027 0.003 0 0.026 0.008 0.025 0.003 0.004 0 0 0.007 0.006 0 0.001 0.011 0.005 0.004 0.007 0.005 0.01 0.006 0.002 0.005 0.006 0.002 0 0.003 0 0.005 0.008 0.001
0.037 0.044 0.043 0.027 0.087 0.002 0.002 0.003 0.03 0.001 0.003 0.001 0.001 0 0.055 0.052 0.004 1 0.002 0.061 0.005 0.006 0.014 0.103 0.035 0.001 0.003 0.002 0.001 0.001 0.108 0.035 0.03 0.001 0.001 0.005 0.002 0.005 0.026 0.001 0.006 0.018 0.006 0.001 0.001 0.015 0.007 0.002 0.004 0.009 0.006 0.001 0.006 0.007 0.002 0.01 0.009 0.001 0.001 0.001 0.009 0.008 0.001 0.001 0.001 0.004 0.002 0.004 0.009 0.001 0.001 0.001 0.001 0 0.008 0.002 0.001 0.001
0.045 0.038 0.039 0.085 0.021 0.008 0.006 0.012 0.051 0.002 0.009 0.005 0.004 0.001 0.013 0.016 0.014 0.002 1 0.037 0.436 0.024 0.154 0.021 0.064 0.005 0.903 0.008 0.003 0.003 0.021 0.062 0.064 0.002 0.003 0.019 0.006 0.018 0.084 0.002 0.017 0.107 0.336 0.002 0.002 0.084 0.042 0.016 0.002 0.216 0.316 0.005 0.334 0.307 0.003 0.2 0.256 0.004 0.003 0 0.139 0.269 0.004 0.003 0.004 0.534 0.006 0.257 0.22 0.004 0 0.002 0.003 0 0.283 0.003 0.005 0.001
0.539 0.573 0.625 0.326 0.533 0.195 0.158 0.3 0.396 0.01 0.234 0.133 0.005 0.037 0.779 0.744 0.377 0.061 0.037 1 0.058 0.084 0.171 0.56 0.461 0.024 0.031 0.145 0.075 0.065 0.497 0.379 0.252 0.001 0.058 0.125 0.089 0.074 0.217 0.008 0.019 0.044 0.026 0.01 0.094 0.007 0.014 0.054 0.028 0 0.065 0.058 0.068 0.035 0.033 0 0.013 0.035 0.016 0.005 0.002 0.033 0.01 0.009 0.06 0.006 0.019 0.031 0.004 0.011 0.016 0.001 0.002 0.007 0.013 0.027 0.002 0.008
0.009 0.004 0.005 0.05 0.043 0.018 0.014 0.023 0.136 0.005 0.017 0.011 0.184 0.003 0.048 0.052 0.032 0.005 0.436 0.058 1 0.054 0.35 0.05 0.145 0.012 0.477 0.019 0.006 0.007 0.047 0.14 0.156 0.005 0.004 0.045 0.011 0.041 0.19 0.005 0.034 0.23 0.626 0.003 0.008 0.184 0.088 0.036 0.004 0.473 0.723 0.009 0.684 0.587 0.006 0.436 0.544 0.006 0.109 0.008 0.371 0.562 0.009 0.006 0.007 0.307 0.007 0.537 0.478 0.01 0.076 0.004 0.043 0.002 0.507 0.006 0.01 0.05
0.096 0.084 0.076 0.209 0.062 0.005 0.004 0.035 0.184 0.005 0.028 0.015 0.011 0.004 0.081 0.088 0.042 0.006 0.024 0.084 0.054 1 0.364 0.066 0.171 0.016 0.026 0.022 0.008 0.005 0.05 0.142 0.032 0.006 0.01 0.019 0.018 0.022 0.044 0.093 0.046 0.013 0.038 0.066 0.02 0.012 0.008 0.095 0 0.052 0.021 0.011 0.017 0.022 0 0.051 0.035 0.008 0.01 0.001 0.038 0.024 0.019 0 0.013 0.011 0.012 0.027 0.045 0.026 0.002 0.002 0.005 0.005 0.027 0.001 0.01 0.002
0.099 0.076 0.072 0.284 0.128 0.025 0.019 0.07 0.388 0.013 0.054 0.032 0.063 0.009 0.154 0.167 0.091 0.014 0.154 0.171 0.35 0.364 1 0.142 0.387 0.034 0.169 0.05 0.018 0.014 0.119 0.343 0.187 0.014 0.017 0.001 0.035 0 0.239 0.042 0.097 0.096 0.222 0.031 0.032 0.073 0.082 0.005 0.003 0.134 0.314 0.023 0.307 0.244 0.003 0.122 0.192 0.017 0.031 0.002 0.111 0.224 0 0.002 0.023 0.129 0.023 0.207 0.142 0.001 0.033 0.007 0.011 0.007 0.191 0.001 0 0.021
0.342 0.346 0.398 0.231 0.806 0.022 0.017 0.5 0.272 0.006 0.39 0.217 0.01 0.004 0.493 0.487 0.543 0.103 0.021 0.56 0.05 0.066 0.142 1 0.334 0.014 0.024 0.022 0.008 0.008 0.868 0.246 0.193 0.006 0.009 0.292 0.016 0.195 0.158 0.007 0.048 0.029 0.011 0.006 0 0.069 0.036 0.042 0 0.012 0.045 0.012 0.044 0.016 0.001 0.014 0.006 0.01 0.009 0.001 0.014 0.03 0.009 0.006 0 0.003 0.016 0.02 0.019 0.01 0.01 0.005 0 0.004 0.007 0 0.004 0.003
0.296 0.263 0.31 0.647 0.304 0.081 0.061 0.172 0.758 0.017 0.133 0.077 0.03 0.021 0.382 0.388 0.218 0.035 0.064 0.461 0.145 0.171 0.387 0.334 1 0.041 0.071 0.082 0.043 0.035 0.3 0.817 0.64 0.022 0.036 0.053 0.049 0.034 0.563 0.019 0.144 0 0.092 0.015 0.051 0.01 0.233 0.162 0.011 0.031 0.154 0.031 0.151 0.096 0.012 0.032 0.067 0.018 0.028 0.003 0.031 0.099 0.024 0.017 0.035 0.042 0.003 0.084 0.047 0.027 0.014 0.012 0.01 0.019 0.075 0.008 0.002 0.018
0.005 0.025 0.025 0 0.013 0.005 0.004 0.007 0 0.118 0.006 0.003 0.002 0 0.018 0.012 0.009 0.001 0.005 0.024 0.012 0.016 0.034 0.014 0.041 1 0.006 0.005 0.002 0.002 0.014 0.041 0.049 0.001 0.002 0.013 0.004 0.012 0.002 0.002 0.041 0.039 0.014 0 0.004 0.026 0.007 0 0.001 0.021 0.012 0.003 0.012 0.014 0.002 0.023 0.017 0.003 0.002 0.002 0.019 0.015 0.003 0.195 0.003 0.007 0.13 0.015 0.02 0.003 0.002 0.002 0.002 0.001 0.015 0.002 0.003 0.002
0.05 0.042 0.044 0.093 0.023 0.009 0.007 0.013 0.058 0.002 0.01 0.005 0.004 0.002 0.017 0.019 0.015 0.003 0.903 0.031 0.477 0.026 0.169 0.024 0.071 0.006 1 0.009 0.003 0.003 0.023 0.069 0.072 0.002 0.004 0.021 0.007 0.02 0.093 0.003 0.019 0.117 0.371 0.002 0.003 0.095 0.047 0.019 0.002 0.238 0.351 0.006 0.367 0.339 0.003 0.22 0.282 0.004 0.004 0 0.138 0.297 0.005 0.003 0.005 0.592 0.007 0.256 0.242 0.005 0.001 0.002 0.004 0 0.312 0.003 0.005 0.001
0.124 0.148 0.145 0.051 0.021 0.755 0.578 0.012 0.067 0.002 0.009 0.005 0.004 0.169 0.149 0.138 0.014 0.002 0.008 0.145 0.019 0.022 0.05 0.022 0.082 0.005 0.009 1 0.343 0.313 0.021 0.112 0.077 0.003 0.364 0.02 0.701 0.009 0.08 0.002 0 0.039 0.021 0.002 0.396 0.041 0.012 0.037 0.097 0.046 0.022 0.535 0.021 0.025 0.071 0.04 0.009 0.415 0.003 0.003 0.037 0.007 0.002 0.001 0.296 0.008 0.006 0.007 0.024 0.002 0.004 0.003 0.003 0.002 0.009 0.065 0 0.004
0.062 0.072 0.071 0.033 0.007 0.352 0.453 0.004 0.037 0.001 0.003 0.002 0.001 0 0.068 0.064 0.005 0.001 0.003 0.075 0.006 0.008 0.018 0.008 0.043 0.002 0.003 0.343 1 0.909 0.007 0.034 0.028 0.001 0.051 0.007 0.41 0.006 0.025 0.001 0.007 0.031 0.007 0.001 0.188 0.019 0.016 0.012 0.025 0.026 0.008 0.252 0.007 0.009 0.017 0.023 0.01 0.288 0.001 0.001 0.024 0.009 0.001 0.001 0.271 0.005 0.002 0.009 0.012 0.002 0.001 0.001 0.001 0.001 0.009 0.02 0.001 0.001
0.052 0.062 0.061 0.026 0.008 0.321 0.415 0.004 0.029 0.001 0.004 0.002 0.001 0.001 0.063 0.059 0.005 0.001 0.003 0.065 0.007 0.005 0.014 0.008 0.035 0.002 0.003 0.313 0.909 1 0.008 0.028 0.025 0.001 0.048 0.005 0.376 0.005 0.021 0.001 0.007 0.028 0.008 0.001 0.172 0.021 0.015 0.013 0.022 0.022 0.008 0.231 0.008 0.01 0.015 0.019 0.011 0.26 0.001 0.001 0.02 0.009 0.002 0.001 0.245 0.005 0.002 0.009 0.01 0.002 0.001 0.001 0.001 0.001 0.009 0.017 0.001 0.001
0.303 0.305 0.354 0.201 0.697 0.021 0.016 0.513 0.237 0.006 0.399 0.227 0.009 0.004 0.42 0.432 0.559 0.108 0.021 0.497 0.047 0.05 0.119 0.868 0.3 0.014 0.023 0.021 0.007 0.008 1 0.288 0.234 0.006 0.008 0.344 0.016 0.237 0.196 0.006 0.045 0.043 0.009 0.006 0.001 0.088 0.05 0.055 0.001 0.009 0.042 0.012 0.041 0.013 0.003 0.011 0.005 0.01 0.009 0.001 0.012 0.027 0.01 0.006 0 0.002 0.015 0.018 0.016 0.011 0.009 0.005 0 0.004 0.005 0.003 0.012 0.003
0.256 0.224 0.268 0.609 0.223 0.1 0.08 0.155 0.717 0.018 0.118 0.076 0.028 0.021 0.333 0.332 0.195 0.035 0.062 0.379 0.14 0.142 0.343 0.246 0.817 0.041 0.069 0.112 0.034 0.028 0.288 1 0.727 0.021 0.049 0.061 0.091 0.05 0.645 0.019 0.147 0.001 0.096 0.017 0.091 0.005 0.241 0.181 0.011 0.019 0.159 0.069 0.156 0.1 0.004 0.016 0.061 0.054 0.028 0 0.015 0.091 0.028 0.018 0.065 0.044 0.003 0.078 0.026 0.03 0.014 0.012 0.01 0.023 0.068 0.001 0.007 0.009
0.155 0.13 0.163 0.393 0.182 0.045 0.031 0.121 0.485 0.019 0.09 0.056 0.033 0.017 0.228 0.227 0.154 0.03 0.064 0.252 0.156 0.032 0.187 0.193 0.64 0.049 0.072 0.077 0.028 0.025 0.234 0.727 1 0.017 0.027 0.243 0.061 0.231 0.832 0.023 0.111 0.025 0.108 0.018 0.076 0.001 0.375 0.205 0.001 0.03 0.166 0.066 0.154 0.109 0 0.029 0.081 0.045 0.033 0.002 0.025 0.106 0.031 0.022 0.054 0.043 0.001 0.092 0.042 0.034 0.013 0.009 0.013 0.02 0.087 0 0.007 0.018
0 0.001 0.001 0.025 0.004 0.004 0.002 0.002 0.028 0.001 0.001 0 0.001 0.053 0.001 0.001 0.002 0.001 0.002 0.001 0.005 0.006 0.014 0.006 0.022 0.001 0.002 0.003 0.001 0.001 0.006 0.021 0.017 1 0.001 0.005 0.002 0 0.024 0.001 0.061 0.005 0.006 0.001 0.002 0.003 0.047 0.01 0 0.009 0.006 0.001 0.006 0.007 0.001 0.01 0.008 0.001 0.001 0.001 0.009 0.007 0.001 0.001 0.001 0.004 0.002 0.007 0.009 0.001 0.001 0.6 0.001 0 0.007 0.001 0.001 0.001
0.054 0.064 0.062 0.02 0.008 0.299 0.387 0.005 0.03 0.001 0.004 0.002 0 0.001 0.07 0.07 0.006 0.001 0.003 0.058 0.004 0.01 0.017 0.009 0.036 0.002 0.004 0.364 0.051 0.048 0.008 0.049 0.027 0.001 1 0.008 0.446 0.007 0.037 0.001 0.008 0.042 0.009 0.001 0.194 0.011 0.018 0.016 0.153 0.025 0.009 0.261 0.009 0.01 0.119 0.023 0 0.135 0.001 0.001 0.017 0 0.002 0 0.101 0.001 0.002 0 0.015 0.002 0.001 0.001 0.001 0.001 0 0.1 0 0.002
0.092 0.083 0.111 0.025 0.283 0.019 0.015 0.333 0.038 0.004 0.224 0.121 0.009 0.003 0.118 0.12 0.379 0.005 0.019 0.125 0.045 0.019 0.001 0.292 0.053 0.013 0.021 0.02 0.007 0.005 0.344 0.061 0.243 0.005 0.008 1 0.014 0.806 0.215 0.006 0.047 0.236 0.037 0.084 0.001 0.212 0.234 0.028 0.005 0.029 0.043 0.008 0.037 0.038 0.006 0.03 0.017 0.01 0.008 0.003 0.024 0.022 0.008 0.006 0.01 0.007 0.014 0.016 0.031 0.005 0.004 0.005 0 0.004 0.016 0.007 0.004 0.005
0.077 0.093 0.09 0.028 0.015 0.484 0.629 0.009 0.04 0.002 0.007 0.004 0.001 0.001 0.096 0.093 0.01 0.002 0.006 0.089 0.011 0.018 0.035 0.016 0.049 0.004 0.007 0.701 0.41 0.376 0.016 0.091 0.061 0.002 0.446 0.014 1 0.005 0.068 0.002 0.014 0.08 0.016 0.002 0.499 0.025 0.034 0.03 0.078 0.077 0.016 0.664 0.016 0.019 0.055 0.069 0.008 0.59 0.003 0.002 0.076 0.006 0.003 0.001 0.441 0.005 0.005 0.006 0.056 0.003 0.003 0.001 0.002 0.001 0.008 0.048 0.001 0.003
0.051 0.066 0.064 0.014 0.185 0.018 0.014 0.331 0.023 0.004 0.216 0.105 0.008 0.003 0.07 0.072 0.245 0.005 0.018 0.074 0.041 0.022 0 0.195 0.034 0.012 0.02 0.009 0.006 0.005 0.237 0.05 0.231 0 0.007 0.806 0.005 1 0.204 0.005 0.044 0.233 0.038 0.091 0.006 0.175 0.288 0.026 0.004 0.056 0.039 0.001 0.033 0.041 0.006 0.056 0.051 0.001 0.008 0.003 0.044 0.043 0.007 0.006 0.002 0.022 0.013 0.045 0.049 0.008 0.004 0.004 0.007 0.003 0.045 0.006 0.005 0.004
0.141 0.105 0.135 0.46 0.141 0.048 0.034 0.097 0.566 0.007 0.07 0.057 0.038 0.016 0.205 0.212 0.126 0.026 0.084 0.217 0.19 0.044 0.239 0.158 0.563 0.002 0.093 0.08 0.025 0.021 0.196 0.645 0.832 0.024 0.037 0.215 0.068 0.204 1 0.026 0.207 0.009 0.145 0.015 0.067 0.001 0.465 0.237 0.006 0.053 0.221 0.058 0.207 0.147 0.001 0.053 0.116 0.039 0.037 0.011 0.047 0.152 0.036 0.009 0.048 0.06 0.043 0.135 0.069 0.039 0.016 0.015 0.016 0.017 0.122 0 0.009 0.034
0.013 0.011 0.012 0.025 0.006 0.002 0.002 0.003 0.022 0 0.003 0.001 0.001 0 0.012 0.013 0.004 0.001 0.002 0.008 0.005 0.093 0.042 0.007 0.019 0.002 0.003 0.002 0.001 0.001 0.006 0.019 0.023 0.001 0.001 0.006 0.002 0.005 0.026 1 0.005 0.006 0 0.001 0.002 0.003 0.009 0.018 0.001 0.001 0 0.002 0 0 0.001 0.001 0.001 0.001 0.001 0.001 0 0 0.146 0.001 0.001 0 0 0 0.002 0.169 0.001 0.001 0.001 0 0 0.001 0.003 0.001
0.013 0.042 0.036 0.189 0.029 0 0.015 0.022 0.214 0.005 0.016 0.006 0.003 0.073 0.029 0.023 0.012 0.006 0.017 0.019 0.034 0.046 0.097 0.048 0.144 0.041 0.019 0 0.007 0.007 0.045 0.147 0.111 0.061 0.008 0.047 0.014 0.044 0.207 0.005 1 0.173 0.046 0.005 0.016 0.121 0.399 0.07 0 0.075 0.053 0.012 0.052 0.055 0.001 0.086 0.067 0.009 0.008 0.007 0.074 0.063 0.006 0.006 0.01 0.033 0.265 0.063 0.078 0.007 0.008 0.078 0.008 0.078 0.059 0.001 0 0.009
0.081 0.093 0.111 0 0.033 0.018 0.044 0.075 0.002 0.017 0.047 0.016 0.04 0.013 0.053 0.049 0.078 0.018 0.107 0.044 0.23 0.013 0.096 0.029 0 0.039 0.117 0.039 0.031 0.028 0.043 0.001 0.025 0.005 0.042 0.236 0.08 0.233 0.009 0.006 0.173 1 0.214 0.027 0.095 0.42 0 0.114 0.001 0.344 0.254 0.062 0.24 0.177 0 0.306 0.227 0.049 0.048 0.005 0.275 0.244 0.029 0.006 0.026 0.115 0.049 0.246 0.301 0.032 0.019 0.017 0.038 0.013 0.226 0.001 0.025 0.017
0.002 0 0 0.036 0.009 0.021 0.016 0 0.094 0.006 0.001 0.003 0.073 0.004 0.024 0.027 0.001 0.006 0.336 0.026 0.626 0.038 0.222 0.011 0.092 0.014 0.371 0.021 0.007 0.008 0.009 0.096 0.108 0.006 0.009 0.037 0.016 0.038 0.145 0 0.046 0.214 1 0.006 0.018 0.28 0.121 0.048 0.005 0.593 0.766 0.013 0.771 0.771 0.007 0.557 0.693 0.011 0.11 0.033 0.449 0.617 0.011 0.007 0.011 0.291 0.016 0.549 0.557 0.012 0.072 0.005 0.047 0.004 0.666 0.007 0.012 0.071
0.003 0.008 0.009 0.02 0.005 0.002 0.002 0.003 0.02 0 0.002 0.001 0.001 0 0.009 0.01 0.004 0.001 0.002 0.01 0.003 0.066 0.031 0.006 0.015 0 0.002 0.002 0.001 0.001 0.006 0.017 0.018 0.001 0.001 0.084 0.002 0.091 0.015 0.001 0.005 0.027 0.006 1 0.002 0.007 0.023 0.01 0.001 0.009 0.006 0.001 0.006 0.007 0.001 0.01 0.008 0.001 0.001 0.001 0.007 0.007 0 0.001 0.001 0.004 0.002 0.007 0.009 0 0.001 0.001 0.001 0 0.007 0.001 0.001 0.001
0.081 0.056 0.095 0.034 0.001 0.244 0.323 0.01 0.048 0.002 0.008 0.004 0.002 0.001 0.1 0.096 0.005 0.001 0.002 0.094 0.008 0.02 0.032 0 0.051 0.004 0.003 0.396 0.188 0.172 0.001 0.091 0.076 0.002 0.194 0.001 0.499 0.006 0.067 0.002 0.016 0.095 0.018 0.002 1 0.001 0.038 0.033 0.002 0.189 0.018 0.696 0.018 0.013 0.002 0.175 0.008 0.549 0.003 0.002 0.17 0.004 0.003 0.002 0.397 0.003 0.005 0.011 0.129 0.004 0.003 0.002 0.005 0.001 0.009 0.002 0.004 0.003
0.018 0.021 0.031 0.004 0.066 0.05 0.038 0.14 0.012 0.007 0.1 0.048 0.034 0.01 0.01 0.009 0.137 0.015 0.084 0.007 0.184 0.012 0.073 0.069 0.01 0.026 0.095 0.041 0.019 0.021 0.088 0.005 0.001 0.003 0.011 0.212 0.025 0.175 0.001 0.003 0.121 0.42 0.28 0.007 0.001 1 0.002 0.057 0.013 0.214 0.243 0.019 0.23 0.247 0.017 0.201 0.28 0.015 0.033 0.014 0.189 0.258 0.025 0.009 0.017 0.109 0.042 0.226 0.203 0.027 0.022 0.013 0.022 0.006 0.281 0.019 0.025 0.034
0.008 0.002 0.003 0.223 0.048 0.011 0.035 0.114 0.269 0.012 0.07 0.036 0.013 0.022 0.006 0.01 0.094 0.007 0.042 0.014 0.088 0.008 0.082 0.036 0.233 0.007 0.047 0.012 0.016 0.015 0.05 0.241 0.375 0.047 0.018 0.234 0.034 0.288 0.465 0.009 0.399 0 0.121 0.023 0.038 0.002 1 0.114 0.003 0.194 0.123 0.029 0.12 0.142 0.006 0.217 0.17 0.023 0.019 0.016 0.187 0.147 0.017 0.014 0.024 0.077 0.134 0.149 0.197 0.018 0.02 0.032 0.019 0.034 0.152 0.008 0.002 0.021
0.07 0.043 0.059 0.167 0.025 0.014 0.01 0.034 0.18 0.021 0.038 0.024 0.011 0.007 0.05 0.05 0.027 0.002 0.016 0.054 0.036 0.095 0.005 0.042 0.162 0 0.019 0.037 0.012 0.013 0.055 0.181 0.205 0.01 0.016 0.028 0.03 0.026 0.237 0.018 0.07 0.114 0.048 0.01 0.033 0.057 0.114 1 0.009 0.104 0.048 0.025 0.046 0.057 0.001 0.089 0.063 0.015 0.004 0 0.097 0.048 0.081 0.026 0.021 0.035 0.027 0.051 0.082 0.088 0.01 0.007 0.005 0.008 0.06 0 0.042 0.003
0.018 0.022 0.021 0.006 0.001 0.1 0.075 0.003 0.011 0.001 0.002 0.001 0.001 0.024 0.025 0.023 0.003 0.004 0.002 0.028 0.004 0 0.003 0 0.011 0.001 0.002 0.097 0.025 0.022 0.001 0.011 0.001 0 0.153 0.005 0.078 0.004 0.006 0.001 0 0.001 0.005 0.001 0.002 0.013 0.003 0.009 1 0.008 0.005 0.001 0.005 0.006 0.757 0.009 0.007 0.001 0.001 0.001 0.008 0.006 0.001 0.001 0.001 0.003 0.001 0.006 0.008 0.001 0.001 0 0.001 0 0.006 0.678 0.012 0.001
0.014 0.013 0.022 0.007 0.009 0.019 0.039 0.006 0.033 0.01 0.002 0 0.074 0.006 0.001 0 0 0.009 0.216 0 0.473 0.052 0.134 0.012 0.031 0.021 0.238 0.046 0.026 0.022 0.009 0.019 0.03 0.009 0.025 0.029 0.077 0.056 0.053 0.001 0.075 0.344 0.593 0.009 0.189 0.214 0.194 0.104 0.008 1 0.612 0.13 0.583 0.617 0.01 0.911 0.716 0.101 0.097 0.015 0.792 0.615 0.018 0.011 0.064 0.305 0.022 0.624 0.845 0.019 0.049 0.008 0.094 0.007 0.67 0.012 0.021 0.053
0.012 0.006 0.007 0.064 0.038 0.021 0.016 0.018 0.154 0.006 0.012 0.013 0.119 0.004 0.052 0.057 0.026 0.006 0.316 0.065 0.723 0.021 0.314 0.045 0.154 0.012 0.351 0.022 0.008 0.008 0.042 0.159 0.166 0.006 0.009 0.043 0.016 0.039 0.221 0 0.053 0.254 0.766 0.006 0.018 0.243 0.123 0.048 0.005 0.612 1 0.014 0.939 0.786 0.007 0.566 0.707 0.011 0.158 0.032 0.5 0.755 0.011 0.007 0.011 0.359 0.016 0.722 0.602 0.012 0.088 0.005 0.098 0.004 0.683 0.008 0.013 0.095
0.051 0.062 0.061 0.02 0.011 0.334 0.435 0.007 0.024 0.001 0.005 0.003 0.001 0.001 0.066 0.065 0.008 0.001 0.005 0.058 0.009 0.011 0.023 0.012 0.031 0.003 0.006 0.535 0.252 0.231 0.012 0.069 0.066 0.001 0.261 0.008 0.664 0.001 0.058 0.002 0.012 0.062 0.013 0.001 0.696 0.019 0.029 0.025 0.001 0.13 0.014 1 0.009 0.011 0.001 0.133 0 0.723 0.002 0 0.123 0 0.003 0.002 0.528 0.004 0.004 0 0.095 0.003 0 0.001 0.002 0.001 0.001 0.002 0.003 0
0.011 0.006 0.006 0.061 0.037 0.021 0.016 0.018 0.151 0.006 0.012 0.013 0.077 0.004 0.06 0.065 0.025 0.006 0.334 0.068 0.684 0.017 0.307 0.044 0.151 0.012 0.367 0.021 0.007 0.008 0.041 0.156 0.154 0.006 0.009 0.037 0.016 0.033 0.207 0 0.052 0.24 0.771 0.006 0.018 0.23 0.12 0.046 0.005 0.583 0.939 0.009 1 0.769 0.007 0.555 0.693 0.011 0.161 0.044 0.492 0.741 0.011 0.007 0.011 0.324 0.016 0.706 0.59 0.012 0.106 0.005 0.1 0.004 0.668 0.007 0.012 0.113
0.003 0 0.001 0.036 0.014 0.025 0.019 0 0.096 0.007 0 0.001 0.053 0.004 0.028 0.032 0.003 0.007 0.307 0.035 0.587 0.022 0.244 0.016 0.096 0.014 0.339 0.025 0.009 0.01 0.013 0.1 0.109 0.007 0.01 0.038 0.019 0.041 0.147 0 0.055 0.177 0.771 0.007 0.013 0.247 0.142 0.057 0.006 0.617 0.786 0.011 0.769 1 0.008 0.641 0.776 0.012 0.137 0.062 0.53 0.68 0.009 0.008 0.013 0.343 0.019 0.649 0.628 0.01 0.068 0.006 0.083 0.005 0.678 0.009 0.014 0.094
0.021 0.026 0.026 0.007 0 0.074 0.056 0.004 0.012 0.001 0.003 0.002 0.001 0.017 0.029 0.026 0.004 0.002 0.003 0.033 0.006 0 0.003 0.001 0.012 0.002 0.003 0.071 0.017 0.015 0.003 0.004 0 0.001 0.119 0.006 0.055 0.006 0.001 0.001 0.001 0 0.007 0.001 0.002 0.017 0.006 0.001 0.757 0.01 0.007 0.001 0.007 0.008 1 0.011 0.009 0.001 0.001 0.001 0.01 0.007 0.001 0.001 0.001 0.004 0.002 0.008 0.011 0.001 0.001 0 0.001 0 0.008 0.758 0.064 0.001
0.009 0.009 0.018 0.006 0.011 0.018 0.038 0.007 0.03 0.01 0.002 0 0.078 0.007 0 0 0 0.01 0.2 0 0.436 0.051 0.122 0.014 0.032 0.023 0.22 0.04 0.023 0.019 0.011 0.016 0.029 0.01 0.023 0.03 0.069 0.056 0.053 0.001 0.086 0.306 0.557 0.01 0.175 0.201 0.217 0.089 0.009 0.911 0.566 0.133 0.555 0.641 0.011 1 0.783 0.093 0.09 0.076 0.856 0.677 0.02 0.012 0.059 0.293 0.029 0.684 0.907 0.021 0.091 0.009 0.087 0.007 0.702 0.013 0.022 0.099
0 0 0.002 0.017 0.005 0.007 0.003 0.003 0.056 0.008 0 0 0.083 0.005 0.008 0.011 0 0.009 0.256 0.013 0.544 0.035 0.192 0.006 0.067 0.017 0.282 0.009 0.01 0.011 0.005 0.061 0.081 0.008 0 0.017 0.008 0.051 0.116 0.001 0.067 0.227 0.693 0.008 0.008 0.28 0.17 0.063 0.007 0.716 0.707 0 0.693 0.776 0.009 0.783 1 0.015 0.11 0.083 0.667 0.848 0.015 0.01 0.016 0.374 0.023 0.859 0.76 0.016 0.116 0.007 0.107 0.006 0.87 0.01 0.017 0.126
0.032 0.04 0.038 0.011 0.009 0.221 0.29 0.006 0.014 0.001 0.005 0.002 0.001 0.001 0.044 0.043 0.007 0.001 0.004 0.035 0.006 0.008 0.017 0.01 0.018 0.003 0.004 0.415 0.288 0.26 0.01 0.054 0.045 0.001 0.135 0.01 0.59 0.001 0.039 0.001 0.009 0.049 0.011 0.001 0.549 0.015 0.023 0.015 0.001 0.101 0.011 0.723 0.011 0.012 0.001 0.093 0.015 1 0.002 0.001 0.109 0.013 0.002 0.001 0.678 0.007 0.003 0.013 0.082 0.002 0.002 0.001 0.002 0.001 0.013 0.001 0.002 0.002
0.037 0.045 0.044 0.016 0.007 0.003 0.003 0.005 0.027 0.001 0.003 0.002 0.001 0.001 0.017 0.015 0.006 0.001 0.003 0.016 0.109 0.01 0.031 0.009 0.028 0.002 0.004 0.003 0.001 0.001 0.009 0.028 0.033 0.001 0.001 0.008 0.003 0.008 0.037 0.001 0.008 0.048 0.11 0.001 0.003 0.033 0.019 0.004 0.001 0.097 0.158 0.002 0.161 0.137 0.001 0.09 0.11 0.002 1 0.001 0.097 0.094 0.002 0.001 0.002 0.004 0.003 0.127 0.094 0.002 0.001 0.001 0.229 0.001 0.062 0.001 0.002 0.001
0.002 0.001 0.002 0 0 0.001 0 0.001 0 0.001 0.002 0.002 0.053 0.001 0.004 0.004 0 0.001 0 0.005 0.008 0.001 0.002 0.001 0.003 0.002 0 0.003 0.001 0.001 0.001 0 0.002 0.001 0.001 0.003 0.002 0.003 0.011 0.001 0.007 0.005 0.033 0.001 0.002 0.014 0.016 0 0.001 0.015 0.032 0 0.044 0.062 0.001 0.076 0.083 0.001 0.001 1 0.076 0.097 0.001 0.001 0.002 0.005 0.002 0.085 0.07 0.002 0.246 0.001 0 0.001 0.046 0.001 0.002 0.437
0.009 0.009 0.017 0.004 0.012 0.015 0.032 0.01 0.027 0.009 0.004 0.002 0.078 0.006 0 0 0.001 0.009 0.139 0.002 0.371 0.038 0.111 0.014 0.031 0.019 0.138 0.037 0.024 0.02 0.012 0.015 0.025 0.009 0.017 0.024 0.076 0.044 0.047 0 0.074 0.275 0.449 0.007 0.17 0.189 0.187 0.097 0.008 0.792 0.5 0.123 0.492 0.53 0.01 0.856 0.667 0.109 0.097 0.076 1 0.598 0.017 0.01 0.07 0.22 0.025 0.639 0.874 0.018 0.105 0.008 0.095 0.006 0.626 0.011 0.019 0.114
0.004 0.006 0.001 0.036 0.023 0.005 0.002 0.023 0.084 0.007 0.016 0.016 0.098 0.005 0.024 0.028 0.011 0.008 0.269 0.033 0.562 0.024 0.224 0.03 0.099 0.015 0.297 0.007 0.009 0.009 0.027 0.091 0.106 0.007 0 0.022 0.006 0.043 0.152 0 0.063 0.244 0.617 0.007 0.004 0.258 0.147 0.048 0.006 0.615 0.755 0 0.741 0.68 0.007 0.677 0.848 0.013 0.094 0.097 0.598 1 0.013 0.008 0.014 0.369 0.02 0.876 0.682 0.014 0.134 0.006 0.091 0.005 0.823 0.009 0.015 0.146
0.013 0.01 0.011 0.03 0.008 0.002 0.003 0.004 0.03 0.001 0.002 0.002 0.002 0.001 0.009 0.01 0.005 0.001 0.004 0.01 0.009 0.019 0 0.009 0.024 0.003 0.005 0.002 0.001 0.002 0.01 0.028 0.031 0.001 0.002 0.008 0.003 0.007 0.036 0.146 0.006 0.029 0.011 0 0.003 0.025 0.017 0.081 0.001 0.018 0.011 0.003 0.011 0.009 0.001 0.02 0.015 0.002 0.002 0.001 0.017 0.013 1 0.001 0.002 0.007 0.003 0.014 0.018 0.936 0.002 0.001 0.002 0.001 0.014 0.001 0.212 0.002
0.01 0.009 0.009 0.023 0.006 0.001 0.001 0.004 0.02 0.325 0.003 0.002 0.001 0 0.004 0.003 0.004 0.001 0.003 0.009 0.006 0 0.002 0.006 0.017 0.195 0.003 0.001 0.001 0.001 0.006 0.018 0.022 0.001 0 0.006 0.001 0.006 0.009 0.001 0.006 0.006 0.007 0.001 0.002 0.009 0.014 0.026 0.001 0.011 0.007 0.002 0.007 0.008 0.001 0.012 0.01 0.001 0.001 0.001 0.01 0.008 0.001 1 0.001 0.004 0.002 0.009 0.011 0.001 0.001 0.001 0.001 0 0.009 0.001 0.001 0.001
0.021 0.027 0.027 0.024 0.01 0.177 0.234 0.006 0.028 0.001 0.005 0.003 0.001 0.001 0.07 0.069 0.007 0.001 0.004 0.06 0.007 0.013 0.023 0 0.035 0.003 0.005 0.296 0.271 0.245 0 0.065 0.054 0.001 0.101 0.01 0.441 0.002 0.048 0.001 0.01 0.026 0.011 0.001 0.397 0.017 0.024 0.021 0.001 0.064 0.011 0.528 0.011 0.013 0.001 0.059 0.016 0.678 0.002 0.002 0.07 0.014 0.002 0.001 1 0.001 0.003 0.014 0.05 0.002 0.002 0.001 0.002 0.001 0.014 0.001 0.002 0.002
0.038 0.038 0.032 0.065 0.014 0.008 0.005 0.02 0.038 0.004 0.016 0.008 0 0.002 0.002 0.003 0.005 0.004 0.534 0.006 0.307 0.011 0.129 0.003 0.042 0.007 0.592 0.008 0.005 0.005 0.002 0.044 0.043 0.004 0.001 0.007 0.005 0.022 0.06 0 0.033 0.115 0.291 0.004 0.003 0.109 0.077 0.035 0.003 0.305 0.359 0.004 0.324 0.343 0.004 0.293 0.374 0.007 0.004 0.005 0.22 0.369 0.007 0.004 0.001 1 0.01 0.362 0.312 0.007 0.006 0.003 0.005 0.003 0.409 0.005 0.008 0.001
0.012 0.029 0.029 0.045 0.015 0.006 0.005 0.008 0.051 0.002 0.007 0.004 0 0.001 0.03 0.025 0.01 0.002 0.006 0.019 0.007 0.012 0.023 0.016 0.003 0.13 0.007 0.006 0.002 0.002 0.015 0.003 0.001 0.002 0.002 0.014 0.005 0.013 0.043 0 0.265 0.049 0.016 0.002 0.005 0.042 0.134 0.027 0.001 0.022 0.016 0.004 0.016 0.019 0.002 0.029 0.023 0.003 0.003 0.002 0.025 0.02 0.003 0.002 0.003 0.01 1 0.02 0.027 0.003 0.003 0.001 0.003 0.001 0.02 0.002 0.001 0.003
0.001 0.001 0 0.022 0.015 0.005 0.002 0.025 0.07 0.007 0.017 0.017 0.084 0.005 0.018 0.021 0.006 0.004 0.257 0.031 0.537 0.027 0.207 0.02 0.084 0.015 0.256 0.007 0.009 0.009 0.018 0.078 0.092 0.007 0 0.016 0.006 0.045 0.135 0 0.063 0.246 0.549 0.007 0.011 0.226 0.149 0.051 0.006 0.624 0.722 0 0.706 0.649 0.008 0.684 0.859 0.013 0.127 0.085 0.639 0.876 0.014 0.009 0.014 0.362 0.02 1 0.691 0.015 0.129 0.006 0.124 0.005 0.794 0.009 0.016 0.131
0.003 0.004 0.008 0.01 0.016 0.008 0.02 0.011 0.04 0.009 0.005 0.003 0.074 0.006 0.001 0.002 0.002 0.009 0.22 0.004 0.478 0.045 0.142 0.019 0.047 0.02 0.242 0.024 0.012 0.01 0.016 0.026 0.042 0.009 0.015 0.031 0.056 0.049 0.069 0.002 0.078 0.301 0.557 0.009 0.129 0.203 0.197 0.082 0.008 0.845 0.602 0.095 0.59 0.628 0.011 0.907 0.76 0.082 0.094 0.07 0.874 0.682 0.018 0.011 0.05 0.312 0.027 0.691 1 0.019 0.1 0.008 0.096 0.007 0.708 0.012 0.019 0.107
0.015 0.012 0.012 0.033 0.009 0.002 0.003 0.004 0.033 0.001 0.002 0.002 0.002 0.001 0.011 0.012 0.005 0.001 0.004 0.011 0.01 0.026 0.001 0.01 0.027 0.003 0.005 0.002 0.002 0.002 0.011 0.03 0.034 0.001 0.002 0.005 0.003 0.008 0.039 0.169 0.007 0.032 0.012 0 0.004 0.027 0.018 0.088 0.001 0.019 0.012 0.003 0.012 0.01 0.001 0.021 0.016 0.002 0.002 0.002 0.018 0.014 0.936 0.001 0.002 0.007 0.003 0.015 0.019 1 0.002 0.001 0.002 0.001 0.015 0.002 0.226 0.002
0.007 0.005 0.005 0.008 0.006 0.001 0.001 0.002 0.011 0.001 0.001 0.002 0.23 0.001 0.015 0.016 0.006 0.001 0 0.016 0.076 0.002 0.033 0.01 0.014 0.002 0.001 0.004 0.001 0.001 0.009 0.014 0.013 0.001 0.001 0.004 0.003 0.004 0.016 0.001 0.008 0.019 0.072 0.001 0.003 0.022 0.02 0.01 0.001 0.049 0.088 0 0.106 0.068 0.001 0.091 0.116 0.002 0.001 0.246 0.105 0.134 0.002 0.001 0.002 0.006 0.003 0.129 0.1 0.002 1 0.001 0.001 0.001 0.076 0.001 0.002 0.396
0 0.001 0.001 0.016 0.003 0.003 0.001 0.001 0.018 0.001 0.001 0 0.001 0.047 0.001 0.001 0.002 0.001 0.002 0.001 0.004 0.002 0.007 0.005 0.012 0.002 0.002 0.003 0.001 0.001 0.005 0.012 0.009 0.6 0.001 0.005 0.001 0.004 0.015 0.001 0.078 0.017 0.005 0.001 0.002 0.013 0.032 0.007 0 0.008 0.005 0.001 0.005 0.006 0 0.009 0.007 0.001 0.001 0.001 0.008 0.006 0.001 0.001 0.001 0.003 0.001 0.006 0.008 0.001 0.001 1 0.001 0 0.006 0.001 0.001 0.001
0.017 0.007 0.022 0.005 0 0.003 0.002 0.005 0.009 0.001 0.004 0.002 0.003 0.001 0.003 0.003 0 0.001 0.003 0.002 0.043 0.005 0.011 0 0.01 0.002 0.004 0.003 0.001 0.001 0 0.01 0.013 0.001 0.001 0 0.002 0.007 0.016 0.001 0.008 0.038 0.047 0.001 0.005 0.022 0.019 0.005 0.001 0.094 0.098 0.002 0.1 0.083 0.001 0.087 0.107 0.002 0.229 0 0.095 0.091 0.002 0.001 0.002 0.005 0.003 0.124 0.096 0.002 0.001 0.001 1 0.001 0.084 0.001 0.002 0
0.001 0.007 0.007 0.014 0.004 0.002 0.001 0.002 0.016 0 0.002 0.001 0.001 0 0.008 0.001 0.003 0 0 0.007 0.002 0.005 0.007 0.004 0.019 0.001 0 0.002 0.001 0.001 0.004 0.023 0.02 0 0.001 0.004 0.001 0.003 0.017 0 0.078 0.013 0.004 0 0.001 0.006 0.034 0.008 0 0.007 0.004 0.001 0.004 0.005 0 0.007 0.006 0.001 0.001 0.001 0.006 0.005 0.001 0 0.001 0.003 0.001 0.005 0.007 0.001 0.001 0 0.001 1 0.005 0.001 0.001 0.001
0.001 0.001 0 0.03 0.005 0.007 0.003 0.005 0.062 0.007 0.001 0.001 0.076 0.005 0.008 0.01 0 0.008 0.283 0.013 0.507 0.027 0.191 0.007 0.075 0.015 0.312 0.009 0.009 0.009 0.005 0.068 0.087 0.007 0 0.016 0.008 0.045 0.122 0 0.059 0.226 0.666 0.007 0.009 0.281 0.152 0.06 0.006 0.67 0.683 0.001 0.668 0.678 0.008 0.702 0.87 0.013 0.062 0.046 0.626 0.823 0.014 0.009 0.014 0.409 0.02 0.794 0.708 0.015 0.076 0.006 0.084 0.005 1 0.009 0.016 0.121
0.017 0.022 0.021 0.004 0 0.067 0.051 0.004 0.008 0.001 0.003 0.002 0.001 0.015 0.023 0.021 0.005 0.002 0.003 0.027 0.006 0.001 0.001 0 0.008 0.002 0.003 0.065 0.02 0.017 0.003 0.001 0 0.001 0.1 0.007 0.048 0.006 0 0.001 0.001 0.001 0.007 0.001 0.002 0.019 0.008 0 0.678 0.012 0.008 0.002 0.007 0.009 0.758 0.013 0.01 0.001 0.001 0.001 0.011 0.009 0.001 0.001 0.001 0.005 0.002 0.009 0.012 0.002 0.001 0.001 0.001 0.001 0.009 1 0.074 0.001
0.006 0.004 0.004 0.007 0.003 0 0.001 0.006 0.004 0.001 0.005 0.003 0.002 0.007 0.002 0.002 0.008 0.001 0.005 0.002 0.01 0.01 0 0.004 0.002 0.003 0.005 0 0.001 0.001 0.012 0.007 0.007 0.001 0 0.004 0.001 0.005 0.009 0.003 0 0.025 0.012 0.001 0.004 0.025 0.002 0.042 0.012 0.021 0.013 0.003 0.012 0.014 0.064 0.022 0.017 0.002 0.002 0.002 0.019 0.015 0.212 0.001 0.002 0.008 0.001 0.016 0.019 0.226 0.002 0.001 0.002 0.001 0.016 0.074 1 0.002
0.001 0 0 0.003 0.001 0.002 0.001 0 0.007 0.001 0.001 0.002 0.126 0.001 0.007 0.008 0.001 0.001 0.001 0.008 0.05 0.002 0.021 0.003 0.018 0.002 0.001 0.004 0.001 0.001 0.003 0.009 0.018 0.001 0.002 0.005 0.003 0.004 0.034 0.001 0.009 0.017 0.071 0.001 0.003 0.034 0.021 0.003 0.001 0.053 0.095 0 0.113 0.094 0.001 0.099 0.126 0.002 0.001 0.437 0.114 0.146 0.002 0.001 0.002 0.001 0.003 0.131 0.107 0.002 0.396 0.001 0 0.001 0.121 0.001 0.002 1
