1 0.845 0.875 0.431 0.439 0.137 0.088 0.321 0.293 0.01 0.28 0.13 0.022 0.045 0.558 0.533 0.305 0.061 0.021 0.597 0.001 0.135 0.104 0.427 0.319 0.017 0.022 0.106 0.037 0.03 0.324 0.256 0.15 0.002 0.017 0.066 0.03 0.053 0.119 0.019 0.014 0.074 0.001 0.005 0.03 0.043 0.011 0.047 0.012 0.009 0.003 0.023 0.003 0 0.009 0.007 0.004 0.003 0.039 0.008 0.008 0 0.016 0.004 0.002 0.018 0.017 0.001 0.004 0.017 0.003 0 0.018 0.003 0.002 0.016 0.013 0.002
0.845 1 0.95 0.4 0.464 0.158 0.101 0.362 0.261 0.009 0.314 0.142 0.019 0.051 0.629 0.586 0.328 0.071 0.018 0.635 0 0.124 0.093 0.46 0.292 0.025 0.019 0.123 0.042 0.035 0.367 0.241 0.142 0 0.021 0.08 0.037 0.07 0.11 0.017 0.035 0.09 0.002 0.007 0.027 0.052 0.005 0.036 0.014 0.009 0.003 0.028 0.003 0 0.011 0.007 0.004 0.005 0.046 0.007 0.008 0 0.012 0.008 0.004 0.021 0.022 0 0.006 0.014 0.002 0.006 0.021 0.011 0.002 0.02 0.01 0.001
0.875 0.95 1 0.419 0.5 0.155 0.099 0.364 0.277 0.009 0.317 0.147 0.019 0.051 0.644 0.599 0.347 0.07 0.018 0.669 0 0.122 0.093 0.488 0.31 0.026 0.02 0.121 0.042 0.034 0.376 0.246 0.146 0 0.021 0.085 0.036 0.068 0.113 0.017 0.035 0.092 0.002 0.007 0.036 0.055 0.005 0.036 0.014 0.01 0.003 0.027 0.003 0 0.011 0.009 0.005 0.005 0.045 0.007 0.009 0 0.013 0.003 0.004 0.018 0.022 0.001 0.007 0.014 0.002 0.006 0.022 0.011 0.004 0.019 0.01 0.001
0.431 0.4 0.419 1 0.221 0.063 0.039 0.152 0.824 0.021 0.136 0.063 0.045 0.022 0.284 0.295 0.162 0.043 0.043 0.305 0.024 0.303 0.334 0.235 0.644 0.005 0.042 0.042 0.018 0.013 0.173 0.563 0.345 0.025 0.003 0.009 0.006 0.005 0.438 0.04 0.248 0 0.015 0.019 0.008 0.004 0.26 0.167 0.005 0.013 0.048 0.005 0.043 0.027 0.003 0.012 0.013 0 0.014 0.017 0.01 0.031 0.041 0.012 0.001 0.038 0.061 0.017 0.013 0.044 0.01 0.014 0.003 0.022 0.012 0.004 0.008 0.009
0.439 0.464 0.5 0.221 1 0.016 0.01 0.522 0.284 0.005 0.509 0.226 0.012 0.005 0.565 0.503 0.551 0.123 0.011 0.557 0.033 0.082 0.138 0.78 0.274 0.015 0.012 0.017 0.004 0.005 0.598 0.208 0.146 0.006 0.008 0.163 0.012 0.135 0.114 0.01 0.043 0.03 0.003 0.006 0.002 0.066 0.022 0.025 0 0.01 0.027 0.009 0.027 0.005 0 0.009 0.003 0.007 0.004 0.004 0.008 0.025 0.006 0.001 0.007 0.018 0.012 0.016 0.008 0.006 0.004 0.003 0 0.007 0.002 0 0.013 0.004
0.137 0.158 0.155 0.063 0.016 1 0.638 0.011 0.072 0.001 0.009 0.004 0.003 0.327 0.152 0.139 0.011 0.003 0.003 0.156 0.01 0.015 0.03 0.017 0.076 0.004 0.003 0.833 0.269 0.241 0.018 0.067 0.039 0.021 0.19 0.016 0.321 0.016 0.033 0.003 0.007 0.007 0.011 0.002 0.212 0.032 0.002 0.015 0.056 0.014 0.012 0.236 0.012 0.015 0.042 0.012 0 0.079 0.002 0.001 0.007 0 0.004 0.001 0.071 0.002 0.004 0 0.005 0.004 0.001 0.001 0.001 0.002 0 0.069 0.001 0.001
0.088 0.101 0.099 0.039 0.01 0.638 1 0.007 0.047 0.001 0.006 0.003 0.002 0.001 0.099 0.091 0.007 0.002 0.002 0.1 0.006 0.009 0.018 0.011 0.047 0.003 0.002 0.52 0.421 0.38 0.012 0.038 0.018 0.001 0.306 0.01 0.515 0.01 0.016 0.002 0.011 0.036 0.007 0.001 0.344 0.018 0.026 0.007 0.027 0.04 0.007 0.38 0.007 0.009 0.02 0.037 0.001 0.131 0.001 0 0.025 0.002 0.003 0.001 0.119 0 0.003 0.002 0.02 0.003 0 0.001 0 0.001 0.001 0.044 0 0
0.321 0.362 0.364 0.152 0.522 0.011 0.007 1 0.17 0.003 0.817 0.38 0.008 0.003 0.354 0.324 0.843 0.007 0.007 0.37 0.021 0.044 0.078 0.545 0.184 0.01 0.008 0.011 0.003 0.003 0.46 0.154 0.105 0.004 0.005 0.321 0.008 0.309 0.087 0.001 0.036 0.09 0.001 0.004 0.007 0.185 0.094 0.026 0.002 0.008 0.027 0.005 0.027 0.002 0.003 0.006 0.002 0.005 0.006 0.002 0.004 0.032 0 0.004 0.005 0.017 0.007 0.03 0.005 0 0.002 0.003 0.007 0.004 0.002 0.003 0.01 0.002
0.293 0.261 0.277 0.824 0.284 0.072 0.047 0.17 1 0.019 0.151 0.07 0.041 0.024 0.363 0.355 0.18 0.048 0.036 0.364 0.118 0.268 0.463 0.277 0.737 0.007 0.036 0.051 0.02 0.014 0.205 0.651 0.421 0.027 0.005 0.016 0.009 0.011 0.531 0.036 0.276 0.008 0.063 0.022 0.01 0.014 0.307 0.188 0.008 0.05 0.127 0.007 0.118 0.081 0.005 0.048 0.053 0 0.023 0.015 0.045 0.091 0.037 0.012 0.002 0.041 0.068 0.068 0.049 0.04 0.016 0.017 0.013 0.025 0.045 0.006 0.005 0.018
0.01 0.009 0.009 0.021 0.005 0.001 0.001 0.003 0.019 1 0.003 0.001 0.001 0 0.005 0.004 0.004 0.001 0.001 0.009 0.003 0.005 0.01 0.006 0.016 0.116 0.001 0.002 0 0 0.006 0.016 0.019 0.001 0.001 0.004 0.001 0.004 0.011 0.005 0.005 0.012 0.004 0 0.001 0.008 0.014 0.029 0 0.006 0.004 0.001 0.004 0.005 0 0.007 0.005 0.001 0.001 0.001 0.006 0.005 0.001 0.367 0.001 0.002 0.001 0.004 0.006 0.001 0.001 0.001 0.001 0.001 0.005 0 0.001 0.001
0.28 0.314 0.317 0.136 0.509 0.009 0.006 0.817 0.151 0.003 1 0.465 0.006 0.003 0.307 0.281 0.732 0.006 0.006 0.321 0.017 0.043 0.071 0.468 0.161 0.008 0.006 0.01 0.002 0.003 0.389 0.13 0.089 0.003 0.004 0.245 0.007 0.232 0.074 0.005 0.029 0.066 0 0.003 0.006 0.156 0.069 0.027 0.002 0.003 0.022 0.004 0.022 0 0.003 0.002 0 0.004 0.005 0.001 0.001 0.026 0.001 0.003 0.004 0.014 0.005 0.024 0.002 0.001 0.001 0.002 0.006 0.004 0 0.003 0.009 0.002
0.13 0.142 0.147 0.063 0.226 0.004 0.003 0.38 0.07 0.001 0.465 1 0.003 0.001 0.147 0.135 0.371 0.003 0.003 0.154 0.009 0.02 0.035 0.212 0.072 0.004 0.003 0.004 0.001 0.001 0.198 0.073 0.049 0.001 0.002 0.151 0.003 0.133 0.042 0.002 0.012 0.043 0.002 0.002 0.003 0.063 0.048 0.023 0.001 0.002 0.012 0.001 0.012 0.001 0.001 0.003 0.002 0.002 0.002 0.002 0.003 0.014 0.004 0.001 0.002 0.007 0.002 0.013 0.004 0.004 0.002 0.001 0.003 0.002 0.002 0.001 0.004 0.002
0.022 0.019 0.019 0.045 0.012 0.003 0.002 0.008 0.041 0.001 0.006 0.003 1 0.001 0.015 0.01 0.008 0.002 0.002 0.011 0.255 0.015 0.06 0.012 0.034 0.003 0.002 0.003 0.001 0.001 0 0.025 0.035 0.001 0.001 0.011 0 0.011 0.041 0.002 0.012 0.071 0.124 0.001 0 0.028 0.029 0.006 0.001 0.13 0.166 0.001 0.142 0.119 0.001 0.151 0.122 0.002 0.001 0.319 0.073 0.14 0.003 0.001 0.002 0.012 0.003 0.068 0.128 0.003 0.173 0.001 0.007 0.001 0.067 0.001 0.003 0.159
0.045 0.051 0.051 0.022 0.005 0.327 0.001 0.003 0.024 0 0.003 0.001 0.001 1 0.051 0.046 0.004 0.001 0.001 0.053 0.003 0.007 0.012 0.006 0.029 0.001 0.001 0.296 0 0 0.006 0.029 0.022 0.081 0.001 0.005 0.001 0.005 0.019 0.001 0.082 0.014 0.004 0.001 0.001 0.013 0.024 0.01 0.03 0.006 0.004 0.001 0.004 0.005 0.023 0.007 0.005 0.001 0.001 0.001 0.006 0.005 0.001 0 0.001 0.002 0.001 0.004 0.006 0.001 0.001 0 0.001 0.001 0.005 0.024 0.005 0.001
0.558 0.629 0.644 0.284 0.565 0.152 0.099 0.354 0.363 0.005 0.307 0.147 0.015 0.051 1 0.876 0.382 0.099 0.014 0.813 0.052 0.101 0.183 0.586 0.388 0.021 0.016 0.14 0.042 0.039 0.44 0.324 0.236 0 0.033 0.109 0.048 0.09 0.2 0.017 0.028 0.046 0.017 0.008 0.049 0.026 0.017 0.042 0.015 0.002 0.056 0.04 0.058 0.025 0.011 0.002 0.009 0.012 0.012 0.01 0.001 0.033 0.012 0.001 0.025 0.013 0.021 0.022 0.003 0.013 0.01 0.006 0.004 0.011 0.007 0.02 0.007 0.011
0.533 0.586 0.599 0.295 0.503 0.139 0.091 0.324 0.355 0.004 0.281 0.135 0.01 0.046 0.876 1 0.349 0.091 0.016 0.779 0.049 0.109 0.188 0.546 0.382 0.012 0.017 0.128 0.038 0.036 0.437 0.31 0.225 0 0.042 0.101 0.055 0.083 0.202 0.019 0.022 0.037 0.024 0.006 0.057 0.017 0.019 0.033 0.013 0.003 0.068 0.048 0.07 0.034 0.01 0.004 0.015 0.019 0.008 0.011 0.003 0.043 0.014 0.001 0.033 0.015 0.017 0.03 0.005 0.015 0.011 0.002 0.008 0.01 0.012 0.018 0.009 0.012
0.305 0.328 0.347 0.162 0.551 0.011 0.007 0.843 0.18 0.004 0.732 0.371 0.008 0.004 0.382 0.349 1 0.007 0.007 0.414 0.024 0.054 0.095 0.555 0.211 0.01 0.008 0.011 0.003 0.003 0.47 0.177 0.124 0.004 0.005 0.327 0.008 0.281 0.104 0.007 0.026 0.089 0.001 0.004 0.001 0.181 0.097 0.019 0.003 0.004 0.03 0.005 0.03 0.002 0.003 0.003 0.001 0.005 0.006 0.004 0.002 0.025 0.002 0.004 0.005 0.009 0.007 0.022 0.003 0.002 0.005 0.004 0.006 0.005 0 0.003 0.01 0.005
0.061 0.071 0.07 0.043 0.123 0.003 0.002 0.007 0.048 0.001 0.006 0.003 0.002 0.001 0.099 0.091 0.007 1 0.002 0.104 0.006 0.014 0.024 0.159 0.056 0.003 0.002 0.003 0.001 0.001 0.148 0.056 0.042 0.001 0.001 0.01 0.002 0.01 0.036 0.002 0.008 0.027 0.008 0.001 0.002 0.025 0.011 0.001 0.013 0.012 0.008 0.002 0.008 0.01 0.009 0.013 0.01 0.001 0.001 0.001 0.011 0.009 0.003 0.001 0.001 0.004 0.003 0.002 0.012 0.003 0.001 0 0.002 0.001 0.009 0.01 0.003 0.001
0.021 0.018 0.018 0.043 0.011 0.003 0.002 0.007 0.036 0.001 0.006 0.003 0.002 0.001 0.014 0.016 0.007 0.002 1 0.018 0.298 0.012 0.077 0.011 0.032 0.003 0.922 0.003 0.001 0.001 0.012 0.03 0.032 0.001 0.001 0.011 0.002 0.01 0.047 0.002 0.009 0.064 0.23 0.001 0.002 0.047 0.025 0.02 0.001 0.149 0.207 0.002 0.21 0.173 0.001 0.135 0.166 0.001 0.002 0.001 0.136 0.189 0.003 0.001 0.001 0.352 0.003 0.18 0.144 0.003 0.001 0.001 0.002 0 0.185 0.001 0.003 0
0.597 0.635 0.669 0.305 0.557 0.156 0.1 0.37 0.364 0.009 0.321 0.154 0.011 0.053 0.813 0.779 0.414 0.104 0.018 1 0.045 0.113 0.188 0.64 0.457 0.024 0.014 0.124 0.043 0.036 0.519 0.343 0.223 0 0.02 0.096 0.036 0.078 0.183 0.014 0.024 0.032 0.017 0.01 0.035 0.02 0.016 0.039 0.016 0.003 0.053 0.027 0.057 0.023 0.012 0.003 0.008 0.004 0.014 0.011 0.003 0.031 0.011 0.004 0.013 0.007 0.021 0.023 0.005 0.012 0.011 0.005 0.01 0.009 0.008 0.021 0.008 0.011
0.001 0 0 0.024 0.033 0.01 0.006 0.021 0.118 0.003 0.017 0.009 0.255 0.003 0.052 0.049 0.024 0.006 0.298 0.045 1 0.044 0.254 0.038 0.103 0.009 0.317 0.011 0.003 0.003 0.019 0.077 0.1 0.004 0.003 0.035 0 0.034 0.129 0.006 0.036 0.196 0.572 0.001 0 0.124 0.085 0.024 0.003 0.468 0.622 0 0.584 0.483 0.003 0.424 0.472 0.001 0.152 0.084 0.366 0.526 0.009 0.003 0 0.204 0.01 0.427 0.459 0.01 0.119 0.004 0.11 0.002 0.387 0.003 0.008 0.123
0.135 0.124 0.122 0.303 0.082 0.015 0.009 0.044 0.268 0.005 0.043 0.02 0.015 0.007 0.101 0.109 0.054 0.014 0.012 0.113 0.044 1 0.469 0.085 0.221 0.02 0.013 0.023 0.006 0.004 0.067 0.197 0.038 0.008 0.01 0.031 0.016 0.032 0.057 0.091 0.076 0.002 0.035 0.055 0.014 0.002 0.017 0.085 0 0.029 0.009 0.012 0.009 0.007 0 0.033 0.023 0.005 0.012 0.005 0.023 0.015 0.069 0.004 0.01 0.001 0.019 0.013 0.028 0.077 0.005 0.002 0.011 0.007 0.019 0 0.019 0.005
0.104 0.093 0.093 0.334 0.138 0.03 0.018 0.078 0.463 0.01 0.071 0.035 0.06 0.012 0.183 0.188 0.095 0.024 0.077 0.188 0.254 0.469 1 0.148 0.39 0.034 0.083 0.041 0.01 0.008 0.1 0.325 0.137 0.014 0.002 0.001 0.009 0.002 0.193 0.048 0.134 0.09 0.153 0.036 0.012 0.06 0.09 0.012 0.002 0.128 0.245 0.009 0.229 0.194 0 0.105 0.14 0.002 0.031 0.02 0.101 0.184 0.015 0.008 0.005 0.096 0.034 0.15 0.112 0.019 0.032 0.006 0.02 0.011 0.118 0.001 0 0.033
0.427 0.46 0.488 0.235 0.78 0.017 0.011 0.545 0.277 0.006 0.468 0.212 0.012 0.006 0.586 0.546 0.555 0.159 0.011 0.64 0.038 0.085 0.148 1 0.346 0.016 0.012 0.019 0.005 0.005 0.788 0.27 0.19 0.006 0.008 0.204 0.013 0.173 0.158 0.011 0.056 0.029 0.009 0.007 0.003 0.074 0.032 0.031 0 0.02 0.048 0.009 0.048 0.013 0 0.019 0.011 0.007 0.009 0.007 0.014 0.045 0.007 0.001 0 0.009 0.013 0.032 0.017 0.008 0.007 0.003 0.01 0.007 0.009 0 0.014 0.007
0.319 0.292 0.31 0.644 0.274 0.076 0.047 0.184 0.737 0.016 0.161 0.072 0.034 0.029 0.388 0.382 0.211 0.056 0.032 0.457 0.103 0.221 0.39 0.346 1 0.045 0.035 0.063 0.023 0.018 0.285 0.797 0.565 0.022 0.007 0.029 0.013 0.021 0.475 0.031 0.155 0.003 0.071 0.014 0.014 0.006 0.232 0.138 0.01 0.051 0.137 0.01 0.125 0.083 0.004 0.046 0.056 0 0.026 0.018 0.041 0.095 0.03 0.009 0.004 0.034 0.001 0.076 0.05 0.033 0.018 0.013 0.026 0.03 0.05 0.006 0.003 0.021
0.017 0.025 0.026 0.005 0.015 0.004 0.003 0.01 0.007 0.116 0.008 0.004 0.003 0.001 0.021 0.012 0.01 0.003 0.003 0.024 0.009 0.02 0.034 0.016 0.045 1 0.003 0.004 0.001 0.001 0.017 0.045 0.059 0.001 0.002 0.015 0.003 0.014 0.007 0.003 0.071 0.033 0.011 0 0.003 0.026 0.017 0.001 0.001 0.014 0.008 0.002 0.008 0.011 0.001 0.015 0.012 0.002 0.002 0.002 0.013 0.01 0.004 0.121 0.002 0.004 0.225 0.009 0.014 0.004 0.002 0 0.003 0.002 0.01 0.001 0.004 0.002
0.022 0.019 0.02 0.042 0.012 0.003 0.002 0.008 0.036 0.001 0.006 0.003 0.002 0.001 0.016 0.017 0.008 0.002 0.922 0.014 0.317 0.013 0.083 0.012 0.035 0.003 1 0.003 0.001 0.001 0.013 0.032 0.036 0.001 0.002 0.012 0.002 0.011 0.051 0.002 0.01 0.067 0.246 0.001 0.002 0.047 0.027 0.02 0.001 0.159 0.222 0.002 0.213 0.185 0.001 0.144 0.177 0.001 0.002 0 0.124 0.191 0.003 0.001 0.001 0.378 0.003 0.175 0.154 0.003 0 0.001 0.002 0 0.197 0.001 0.003 0
0.106 0.123 0.121 0.042 0.017 0.833 0.52 0.011 0.051 0.002 0.01 0.004 0.003 0.296 0.14 0.128 0.011 0.003 0.003 0.124 0.011 0.023 0.041 0.019 0.063 0.004 0.003 1 0.243 0.218 0.02 0.08 0.053 0.018 0.246 0.018 0.476 0.01 0.046 0.003 0.005 0.016 0.013 0.002 0.356 0.026 0.003 0.024 0.053 0.032 0.013 0.395 0.013 0.017 0.04 0.026 0.001 0.215 0.003 0.002 0.021 0.001 0.004 0.002 0.173 0.002 0.005 0 0.016 0.004 0.002 0.001 0.001 0.002 0.001 0.065 0.001 0.002
0.037 0.042 0.042 0.018 0.004 0.269 0.421 0.003 0.02 0 0.002 0.001 0.001 0 0.042 0.038 0.003 0.001 0.001 0.043 0.003 0.006 0.01 0.005 0.023 0.001 0.001 0.243 1 0.871 0.005 0.01 0.006 0 0.019 0.004 0.217 0.004 0.005 0.001 0.005 0.012 0.003 0 0.099 0.011 0.011 0.002 0.001 0.009 0.003 0.11 0.003 0.004 0.001 0.008 0.003 0.065 0.001 0 0.003 0.003 0.001 0 0.062 0.002 0.001 0.002 0.002 0.001 0 0 0 0 0.003 0.015 0 0
0.03 0.035 0.034 0.013 0.005 0.241 0.38 0.003 0.014 0 0.003 0.001 0.001 0 0.039 0.036 0.003 0.001 0.001 0.036 0.003 0.004 0.008 0.005 0.018 0.001 0.001 0.218 0.871 1 0.006 0.007 0.008 0 0.02 0.001 0.197 0.001 0.006 0.001 0.005 0.015 0.004 0.001 0.092 0.008 0.01 0.001 0.001 0.008 0.004 0.102 0.004 0.005 0.001 0.006 0.003 0.056 0.001 0.001 0.002 0.002 0.001 0 0.053 0.001 0.001 0.002 0.001 0.001 0.001 0.001 0 0.001 0.002 0.012 0 0.001
0.324 0.367 0.376 0.173 0.598 0.018 0.012 0.46 0.205 0.006 0.389 0.198 0 0.006 0.44 0.437 0.47 0.148 0.012 0.519 0.019 0.067 0.1 0.788 0.285 0.017 0.013 0.02 0.005 0.006 1 0.286 0.207 0.007 0.009 0.249 0.014 0.216 0.173 0.012 0.062 0.057 0.002 0.007 0.003 0.1 0.041 0.037 0 0.011 0.029 0.01 0.029 0.006 0 0.01 0.004 0.008 0.009 0.008 0.017 0.028 0.018 0.006 0.001 0.001 0.014 0.035 0.009 0.019 0.008 0.004 0.01 0.008 0.011 0 0.018 0.008
0.256 0.241 0.246 0.563 0.208 0.067 0.038 0.154 0.651 0.016 0.13 0.073 0.025 0.029 0.324 0.31 0.177 0.056 0.03 0.343 0.077 0.197 0.325 0.27 0.797 0.045 0.032 0.08 0.01 0.007 0.286 1 0.724 0.022 0.043 0.043 0.067 0.039 0.622 0.031 0.163 0.001 0.071 0.018 0.059 0.002 0.265 0.186 0.01 0.027 0.138 0.053 0.126 0.083 0.004 0.024 0.056 0.03 0.026 0.016 0.019 0.095 0.046 0.017 0.04 0.034 0.001 0.075 0.026 0.049 0.018 0.013 0.026 0.033 0.049 0.002 0.005 0.02
0.15 0.142 0.146 0.345 0.146 0.039 0.018 0.105 0.421 0.019 0.089 0.049 0.035 0.022 0.236 0.225 0.124 0.042 0.032 0.223 0.1 0.038 0.137 0.19 0.565 0.059 0.036 0.053 0.006 0.008 0.207 0.724 1 0.016 0.027 0.247 0.045 0.243 0.827 0.04 0.104 0.04 0.085 0.015 0.045 0.01 0.409 0.197 0.004 0.043 0.15 0.041 0.137 0.104 0.001 0.042 0.076 0.022 0.034 0.023 0.031 0.111 0.052 0.022 0.029 0.032 0 0.09 0.043 0.056 0.023 0.008 0.036 0.025 0.066 0 0.007 0.027
0.002 0 0 0.025 0.006 0.021 0.001 0.004 0.027 0.001 0.003 0.001 0.001 0.081 0 0 0.004 0.001 0.001 0 0.004 0.008 0.014 0.006 0.022 0.001 0.001 0.018 0 0 0.007 0.022 0.016 1 0.001 0.006 0.001 0.006 0.021 0.001 0.092 0.016 0.004 0.001 0.001 0.014 0.037 0.012 0.004 0.007 0.005 0.001 0.004 0.006 0.003 0.007 0.006 0.001 0.001 0.001 0.006 0.005 0.002 0.001 0.001 0.003 0.002 0.005 0.007 0.002 0.001 0.33 0.001 0.001 0.005 0 0.002 0.001
0.017 0.021 0.021 0.003 0.008 0.19 0.306 0.005 0.005 0.001 0.004 0.002 0.001 0.001 0.033 0.042 0.005 0.001 0.001 0.02 0.003 0.01 0.002 0.008 0.007 0.002 0.002 0.246 0.019 0.02 0.009 0.043 0.027 0.001 1 0.008 0.57 0.008 0.028 0.001 0.008 0.037 0.006 0.001 0.401 0.003 0.02 0.015 0.037 0.054 0.006 0.442 0.006 0.007 0.028 0.048 0.001 0.27 0.001 0.001 0.046 0.001 0.002 0.001 0.248 0 0.002 0.002 0.039 0.002 0.001 0.001 0.001 0.001 0.001 0.031 0.001 0.001
0.066 0.08 0.085 0.009 0.163 0.016 0.01 0.321 0.016 0.004 0.245 0.151 0.011 0.005 0.109 0.101 0.327 0.01 0.011 0.096 0.035 0.031 0.001 0.204 0.029 0.015 0.012 0.018 0.004 0.001 0.249 0.043 0.247 0.006 0.008 1 0.012 0.926 0.206 0.01 0.063 0.353 0.03 0.074 0.002 0.293 0.276 0.02 0.004 0.041 0.031 0.009 0.031 0.041 0.006 0.047 0.035 0.007 0.009 0.006 0.036 0.029 0.011 0.006 0.007 0.008 0.012 0.026 0.042 0.01 0.006 0.005 0.009 0.007 0.029 0.005 0.009 0.006
0.03 0.037 0.036 0.006 0.012 0.321 0.515 0.008 0.009 0.001 0.007 0.003 0 0.001 0.048 0.055 0.008 0.002 0.002 0.036 0 0.016 0.009 0.013 0.013 0.003 0.002 0.476 0.217 0.197 0.014 0.067 0.045 0.001 0.57 0.012 1 0.005 0.043 0.002 0.013 0.063 0.009 0.001 0.628 0.008 0.031 0.024 0.022 0.085 0.009 0.692 0.009 0.012 0.016 0.076 0 0.489 0.002 0.001 0.073 0 0.003 0.001 0.409 0.001 0.003 0 0.063 0.003 0.001 0.001 0.001 0.001 0.001 0.017 0.002 0.001
0.053 0.07 0.068 0.005 0.135 0.016 0.01 0.309 0.011 0.004 0.232 0.133 0.011 0.005 0.09 0.083 0.281 0.01 0.01 0.078 0.034 0.032 0.002 0.173 0.021 0.014 0.011 0.01 0.004 0.001 0.216 0.039 0.243 0.006 0.008 0.926 0.005 1 0.209 0.01 0.061 0.354 0.029 0.076 0.004 0.275 0.278 0.02 0.004 0.042 0.03 0.003 0.03 0.042 0.005 0.048 0.044 0.001 0.009 0.006 0.037 0.037 0.01 0.005 0.001 0.013 0.013 0.034 0.042 0.011 0.006 0.005 0.01 0.006 0.038 0.005 0.01 0.006
0.119 0.11 0.113 0.438 0.114 0.033 0.016 0.087 0.531 0.011 0.074 0.042 0.041 0.019 0.2 0.202 0.104 0.036 0.047 0.183 0.129 0.057 0.193 0.158 0.475 0.007 0.051 0.046 0.005 0.006 0.173 0.622 0.827 0.021 0.028 0.206 0.043 0.209 1 0.047 0.223 0.018 0.108 0.012 0.038 0.001 0.528 0.244 0.005 0.064 0.187 0.035 0.173 0.133 0.001 0.063 0.101 0.019 0.04 0.027 0.049 0.145 0.062 0.014 0.025 0.048 0.048 0.119 0.063 0.066 0.028 0.012 0.042 0.021 0.088 0 0.011 0.031
0.019 0.017 0.017 0.04 0.01 0.003 0.002 0.001 0.036 0.005 0.005 0.002 0.002 0.001 0.017 0.019 0.007 0.002 0.002 0.014 0.006 0.091 0.048 0.011 0.031 0.003 0.002 0.003 0.001 0.001 0.012 0.031 0.04 0.001 0.001 0.01 0.002 0.01 0.047 1 0.011 0.019 0.004 0.001 0.002 0.017 0.024 0.041 0.001 0.006 0.003 0.002 0.003 0.003 0.001 0.007 0.007 0.001 0.002 0.001 0.005 0.004 0.317 0.001 0.001 0.002 0.001 0.003 0.008 0.352 0.001 0.001 0.002 0.001 0.004 0.001 0.01 0.001
0.014 0.035 0.035 0.248 0.043 0.007 0.011 0.036 0.276 0.005 0.029 0.012 0.012 0.082 0.028 0.022 0.026 0.008 0.009 0.024 0.036 0.076 0.134 0.056 0.155 0.071 0.01 0.005 0.005 0.005 0.062 0.163 0.104 0.092 0.008 0.063 0.013 0.061 0.223 0.011 1 0.167 0.043 0.006 0.011 0.139 0.379 0.102 0.001 0.068 0.049 0.01 0.04 0.049 0 0.066 0.052 0.007 0.01 0.007 0.056 0.048 0.016 0.006 0.008 0.02 0.22 0.045 0.059 0.017 0.007 0.065 0.011 0.105 0.045 0 0.002 0.007
0.074 0.09 0.092 0 0.03 0.007 0.036 0.09 0.008 0.012 0.066 0.043 0.071 0.014 0.046 0.037 0.089 0.027 0.064 0.032 0.196 0.002 0.09 0.029 0.003 0.033 0.067 0.016 0.012 0.015 0.057 0.001 0.04 0.016 0.037 0.353 0.063 0.354 0.018 0.019 0.167 1 0.185 0.032 0.068 0.446 0.011 0.063 0.001 0.242 0.2 0.058 0.184 0.119 0.003 0.217 0.159 0.035 0.055 0.033 0.176 0.203 0.032 0.012 0.025 0.059 0.039 0.171 0.194 0.034 0.028 0.015 0.06 0.018 0.139 0.002 0.03 0.029
0.001 0.002 0.002 0.015 0.003 0.011 0.007 0.001 0.063 0.004 0 0.002 0.124 0.004 0.017 0.024 0.001 0.008 0.23 0.017 0.572 0.035 0.153 0.009 0.071 0.011 0.246 0.013 0.003 0.004 0.002 0.071 0.085 0.004 0.006 0.03 0.009 0.029 0.108 0.004 0.043 0.185 1 0.005 0.008 0.197 0.115 0.039 0.003 0.612 0.709 0.006 0.676 0.741 0.004 0.589 0.719 0.005 0.177 0.083 0.507 0.6 0.012 0.004 0.005 0.226 0.012 0.502 0.591 0.012 0.071 0.005 0.181 0.005 0.625 0.004 0.012 0.074
0.005 0.007 0.007 0.019 0.006 0.002 0.001 0.004 0.022 0 0.003 0.002 0.001 0.001 0.008 0.006 0.004 0.001 0.001 0.01 0.001 0.055 0.036 0.007 0.014 0 0.001 0.002 0 0.001 0.007 0.018 0.015 0.001 0.001 0.074 0.001 0.076 0.012 0.001 0.006 0.032 0.005 1 0.001 0.008 0.019 0.023 0 0.007 0.005 0.001 0.005 0.006 0.001 0.008 0.006 0.001 0.001 0.001 0.005 0.005 0 0.001 0.001 0.003 0.002 0.005 0.007 0 0.001 0.001 0.001 0.001 0.006 0.001 0 0.001
0.03 0.027 0.036 0.008 0.002 0.212 0.344 0.007 0.01 0.001 0.006 0.003 0 0.001 0.049 0.057 0.001 0.002 0.002 0.035 0 0.014 0.012 0.003 0.014 0.003 0.002 0.356 0.099 0.092 0.003 0.059 0.045 0.001 0.401 0.002 0.628 0.004 0.038 0.002 0.011 0.068 0.008 0.001 1 0.001 0.028 0.021 0.001 0.157 0.008 0.871 0.008 0.008 0.001 0.143 0.005 0.558 0.002 0.001 0.126 0.006 0.003 0.001 0.462 0.002 0.003 0.008 0.105 0.003 0.001 0.001 0 0.001 0.005 0.001 0.003 0.001
0.043 0.052 0.055 0.004 0.066 0.032 0.018 0.185 0.014 0.008 0.156 0.063 0.028 0.013 0.026 0.017 0.181 0.025 0.047 0.02 0.124 0.002 0.06 0.074 0.006 0.026 0.047 0.026 0.011 0.008 0.1 0.002 0.01 0.014 0.003 0.293 0.008 0.275 0.001 0.017 0.139 0.446 0.197 0.008 0.001 1 0.011 0.077 0.011 0.18 0.194 0.004 0.187 0.196 0.014 0.16 0.2 0.002 0.04 0.007 0.163 0.169 0.024 0.009 0.002 0.082 0.039 0.132 0.165 0.026 0.011 0.014 0.034 0.008 0.17 0.013 0.038 0.028
0.011 0.005 0.005 0.26 0.022 0.002 0.026 0.094 0.307 0.014 0.069 0.048 0.029 0.024 0.017 0.019 0.097 0.011 0.025 0.016 0.085 0.017 0.09 0.032 0.232 0.017 0.027 0.003 0.011 0.01 0.041 0.265 0.409 0.037 0.02 0.276 0.031 0.278 0.528 0.024 0.379 0.011 0.115 0.019 0.028 0.011 1 0.147 0 0.177 0.119 0.025 0.108 0.141 0.002 0.183 0.148 0.018 0.024 0.017 0.157 0.127 0.033 0.015 0.019 0.058 0.102 0.12 0.165 0.036 0.018 0.025 0.026 0.043 0.13 0.004 0.001 0.018
0.047 0.036 0.036 0.167 0.025 0.015 0.007 0.026 0.188 0.029 0.027 0.023 0.006 0.01 0.042 0.033 0.019 0.001 0.02 0.039 0.024 0.085 0.012 0.031 0.138 0.001 0.02 0.024 0.002 0.001 0.037 0.186 0.197 0.012 0.015 0.02 0.024 0.02 0.244 0.041 0.102 0.063 0.039 0.023 0.021 0.077 0.147 1 0.009 0.074 0.038 0.019 0.037 0.036 0.003 0.062 0.052 0.009 0 0 0.056 0.04 0.076 0.032 0.014 0.032 0.032 0.035 0.063 0.083 0.006 0.009 0.001 0.013 0.051 0.002 0.034 0.005
0.012 0.014 0.014 0.005 0 0.056 0.027 0.002 0.008 0 0.002 0.001 0.001 0.03 0.015 0.013 0.003 0.013 0.001 0.016 0.003 0 0.002 0 0.01 0.001 0.001 0.053 0.001 0.001 0 0.01 0.004 0.004 0.037 0.004 0.022 0.004 0.005 0.001 0.001 0.001 0.003 0 0.001 0.011 0 0.009 1 0.005 0.003 0.001 0.003 0.004 0.798 0.006 0.005 0.001 0.001 0 0.005 0.004 0.001 0 0.001 0.002 0.001 0.004 0.005 0.001 0.001 0.004 0.001 0 0.004 0.691 0.011 0.001
0.009 0.009 0.01 0.013 0.01 0.014 0.04 0.008 0.05 0.006 0.003 0.002 0.13 0.006 0.002 0.003 0.004 0.012 0.149 0.003 0.468 0.029 0.128 0.02 0.051 0.014 0.159 0.032 0.009 0.008 0.011 0.027 0.043 0.007 0.054 0.041 0.085 0.042 0.064 0.006 0.068 0.242 0.612 0.007 0.157 0.18 0.177 0.074 0.005 1 0.673 0.141 0.637 0.67 0.006 0.906 0.769 0.085 0.13 0.051 0.808 0.694 0.018 0.006 0.067 0.295 0.018 0.619 0.857 0.019 0.073 0.007 0.149 0.008 0.678 0.006 0.018 0.075
0.003 0.003 0.003 0.048 0.027 0.012 0.007 0.027 0.127 0.004 0.022 0.012 0.166 0.004 0.056 0.068 0.03 0.008 0.207 0.053 0.622 0.009 0.245 0.048 0.137 0.008 0.222 0.013 0.003 0.004 0.029 0.138 0.15 0.005 0.006 0.031 0.009 0.03 0.187 0.003 0.049 0.2 0.709 0.005 0.008 0.194 0.119 0.038 0.003 0.673 1 0.007 0.933 0.767 0.004 0.609 0.735 0.005 0.194 0.08 0.541 0.836 0.012 0.004 0.005 0.355 0.012 0.73 0.615 0.013 0.111 0.005 0.207 0.005 0.645 0.004 0.012 0.114
0.023 0.028 0.027 0.005 0.009 0.236 0.38 0.005 0.007 0.001 0.004 0.001 0.001 0.001 0.04 0.048 0.005 0.002 0.002 0.027 0 0.012 0.009 0.009 0.01 0.002 0.002 0.395 0.11 0.102 0.01 0.053 0.041 0.001 0.442 0.009 0.692 0.003 0.035 0.002 0.01 0.058 0.006 0.001 0.871 0.004 0.025 0.019 0.001 0.141 0.007 1 0.007 0.008 0.001 0.13 0.001 0.614 0.001 0.001 0.111 0.002 0.003 0.001 0.509 0 0.003 0.002 0.097 0.003 0.001 0.001 0.001 0.001 0.001 0.001 0.003 0.001
0.003 0.003 0.003 0.043 0.027 0.012 0.007 0.027 0.118 0.004 0.022 0.012 0.142 0.004 0.058 0.07 0.03 0.008 0.21 0.057 0.584 0.009 0.229 0.048 0.125 0.008 0.213 0.013 0.003 0.004 0.029 0.126 0.137 0.004 0.006 0.031 0.009 0.03 0.173 0.003 0.04 0.184 0.676 0.005 0.008 0.187 0.108 0.037 0.003 0.637 0.933 0.007 1 0.767 0.004 0.61 0.735 0.005 0.194 0.083 0.56 0.848 0.012 0.004 0.005 0.354 0.012 0.73 0.615 0.012 0.114 0.005 0.208 0.005 0.645 0.004 0.012 0.117
0 0 0 0.027 0.005 0.015 0.009 0.002 0.081 0.005 0 0.001 0.119 0.005 0.025 0.034 0.002 0.01 0.173 0.023 0.483 0.007 0.194 0.013 0.083 0.011 0.185 0.017 0.004 0.005 0.006 0.083 0.104 0.006 0.007 0.041 0.012 0.042 0.133 0.003 0.049 0.119 0.741 0.006 0.008 0.196 0.141 0.036 0.004 0.67 0.767 0.008 0.767 1 0.005 0.683 0.82 0.007 0.152 0.068 0.613 0.697 0.001 0.005 0.007 0.319 0.016 0.611 0.681 0.001 0.084 0.006 0.162 0.006 0.721 0.005 0.016 0.09
0.009 0.011 0.011 0.003 0 0.042 0.02 0.003 0.005 0 0.003 0.001 0.001 0.023 0.011 0.01 0.003 0.009 0.001 0.012 0.003 0 0 0 0.004 0.001 0.001 0.04 0.001 0.001 0 0.004 0.001 0.003 0.028 0.006 0.016 0.005 0.001 0.001 0 0.003 0.004 0.001 0.001 0.014 0.002 0.003 0.798 0.006 0.004 0.001 0.004 0.005 1 0.007 0.006 0.001 0.001 0.001 0.006 0.005 0.001 0.001 0.001 0.002 0.001 0.005 0.006 0.002 0.001 0.003 0.001 0.001 0.005 0.654 0.042 0.001
0.007 0.007 0.009 0.012 0.009 0.012 0.037 0.006 0.048 0.007 0.002 0.003 0.151 0.007 0.002 0.004 0.003 0.013 0.135 0.003 0.424 0.033 0.105 0.019 0.046 0.015 0.144 0.026 0.008 0.006 0.01 0.024 0.042 0.007 0.048 0.047 0.076 0.048 0.063 0.007 0.066 0.217 0.589 0.008 0.143 0.16 0.183 0.062 0.006 0.906 0.609 0.13 0.61 0.683 0.007 1 0.817 0.077 0.118 0.088 0.853 0.712 0.02 0.007 0.061 0.309 0.02 0.639 0.899 0.021 0.09 0.008 0.135 0.008 0.724 0.007 0.02 0.092
0.004 0.004 0.005 0.013 0.003 0 0.001 0.002 0.053 0.005 0 0.002 0.122 0.005 0.009 0.015 0.001 0.01 0.166 0.008 0.472 0.023 0.14 0.011 0.056 0.012 0.177 0.001 0.003 0.003 0.004 0.056 0.076 0.006 0.001 0.035 0 0.044 0.101 0.007 0.052 0.159 0.719 0.006 0.005 0.2 0.148 0.052 0.005 0.769 0.735 0.001 0.735 0.82 0.006 0.817 1 0.007 0.145 0.071 0.737 0.859 0.016 0.006 0.007 0.38 0.016 0.773 0.803 0.017 0.11 0.006 0.165 0.007 0.872 0.005 0.016 0.112
0.003 0.005 0.005 0 0.007 0.079 0.131 0.005 0 0.001 0.004 0.002 0.002 0.001 0.012 0.019 0.005 0.001 0.001 0.004 0.001 0.005 0.002 0.007 0 0.002 0.001 0.215 0.065 0.056 0.008 0.03 0.022 0.001 0.27 0.007 0.489 0.001 0.019 0.001 0.007 0.035 0.005 0.001 0.558 0.002 0.018 0.009 0.001 0.085 0.005 0.614 0.005 0.007 0.001 0.077 0.007 1 0.001 0.001 0.09 0.006 0.002 0.001 0.735 0.003 0.002 0.006 0.083 0.002 0.001 0.001 0.001 0.001 0.006 0.001 0.002 0.001
0.039 0.046 0.045 0.014 0.004 0.002 0.001 0.006 0.023 0.001 0.005 0.002 0.001 0.001 0.012 0.008 0.006 0.001 0.002 0.014 0.152 0.012 0.031 0.009 0.026 0.002 0.002 0.003 0.001 0.001 0.009 0.026 0.034 0.001 0.001 0.009 0.002 0.009 0.04 0.002 0.01 0.055 0.177 0.001 0.002 0.04 0.024 0 0.001 0.13 0.194 0.001 0.194 0.152 0.001 0.118 0.145 0.001 1 0.001 0.116 0.162 0.002 0.001 0.001 0 0.002 0.176 0.123 0.003 0.001 0.001 0.399 0.001 0.115 0.001 0.002 0.001
0.008 0.007 0.007 0.017 0.004 0.001 0 0.002 0.015 0.001 0.001 0.002 0.319 0.001 0.01 0.011 0.004 0.001 0.001 0.011 0.084 0.005 0.02 0.007 0.018 0.002 0 0.002 0 0.001 0.008 0.016 0.023 0.001 0.001 0.006 0.001 0.006 0.027 0.001 0.007 0.033 0.083 0.001 0.001 0.007 0.017 0 0 0.051 0.08 0.001 0.083 0.068 0.001 0.088 0.071 0.001 0.001 1 0.067 0.081 0.002 0.001 0.001 0.003 0.002 0.075 0.061 0.002 0.282 0.001 0.002 0.001 0.069 0.001 0.002 0.286
0.008 0.008 0.009 0.01 0.008 0.007 0.025 0.004 0.045 0.006 0.001 0.003 0.073 0.006 0.001 0.003 0.002 0.011 0.136 0.003 0.366 0.023 0.101 0.014 0.041 0.013 0.124 0.021 0.003 0.002 0.017 0.019 0.031 0.006 0.046 0.036 0.073 0.037 0.049 0.005 0.056 0.176 0.507 0.005 0.126 0.163 0.157 0.056 0.005 0.808 0.541 0.111 0.56 0.613 0.006 0.853 0.737 0.09 0.116 0.067 1 0.645 0.017 0.006 0.071 0.239 0.017 0.663 0.861 0.018 0.104 0.007 0.135 0.007 0.739 0.006 0.017 0.106
0 0 0 0.031 0.025 0 0.002 0.032 0.091 0.005 0.026 0.014 0.14 0.005 0.033 0.043 0.025 0.009 0.189 0.031 0.526 0.015 0.184 0.045 0.095 0.01 0.191 0.001 0.003 0.002 0.028 0.095 0.111 0.005 0.001 0.029 0 0.037 0.145 0.004 0.048 0.203 0.6 0.005 0.006 0.169 0.127 0.04 0.004 0.694 0.836 0.002 0.848 0.697 0.005 0.712 0.859 0.006 0.162 0.081 0.645 1 0.014 0.005 0.006 0.42 0.014 0.875 0.692 0.015 0.125 0.006 0.186 0.006 0.76 0.005 0.014 0.129
0.016 0.012 0.013 0.041 0.006 0.004 0.003 0 0.037 0.001 0.001 0.004 0.003 0.001 0.012 0.014 0.002 0.003 0.003 0.011 0.009 0.069 0.015 0.007 0.03 0.004 0.003 0.004 0.001 0.001 0.018 0.046 0.052 0.002 0.002 0.011 0.003 0.01 0.062 0.317 0.016 0.032 0.012 0 0.003 0.024 0.033 0.076 0.001 0.018 0.012 0.003 0.012 0.001 0.001 0.02 0.016 0.002 0.002 0.002 0.017 0.014 1 0.001 0.002 0.007 0.004 0.013 0.018 0.941 0.002 0.002 0.003 0.002 0.014 0.001 0.15 0.002
0.004 0.008 0.003 0.012 0.001 0.001 0.001 0.004 0.012 0.367 0.003 0.001 0.001 0 0.001 0.001 0.004 0.001 0.001 0.004 0.003 0.004 0.008 0.001 0.009 0.121 0.001 0.002 0 0 0.006 0.017 0.022 0.001 0.001 0.006 0.001 0.005 0.014 0.001 0.006 0.012 0.004 0.001 0.001 0.009 0.015 0.032 0 0.006 0.004 0.001 0.004 0.005 0.001 0.007 0.006 0.001 0.001 0.001 0.006 0.005 0.001 1 0.001 0.002 0.001 0.005 0.006 0.002 0.001 0.001 0.001 0.001 0.005 0 0.001 0.001
0.002 0.004 0.004 0.001 0.007 0.071 0.119 0.005 0.002 0.001 0.004 0.002 0.002 0.001 0.025 0.033 0.005 0.001 0.001 0.013 0 0.01 0.005 0 0.004 0.002 0.001 0.173 0.062 0.053 0.001 0.04 0.029 0.001 0.248 0.007 0.409 0.001 0.025 0.001 0.008 0.025 0.005 0.001 0.462 0.002 0.019 0.014 0.001 0.067 0.005 0.509 0.005 0.007 0.001 0.061 0.007 0.735 0.001 0.001 0.071 0.006 0.002 0.001 1 0.001 0.002 0.006 0.065 0.002 0.001 0.001 0.001 0.001 0.006 0.001 0.002 0.001
0.018 0.021 0.018 0.038 0.018 0.002 0 0.017 0.041 0.002 0.014 0.007 0.012 0.002 0.013 0.015 0.009 0.004 0.352 0.007 0.204 0.001 0.096 0.009 0.034 0.004 0.378 0.002 0.002 0.001 0.001 0.034 0.032 0.003 0 0.008 0.001 0.013 0.048 0.002 0.02 0.059 0.226 0.003 0.002 0.082 0.058 0.032 0.002 0.295 0.355 0 0.354 0.319 0.002 0.309 0.38 0.003 0 0.003 0.239 0.42 0.007 0.002 0.001 1 0.007 0.327 0.329 0.007 0.003 0.003 0.004 0.003 0.315 0.002 0.007 0
0.017 0.022 0.022 0.061 0.012 0.004 0.003 0.007 0.068 0.001 0.005 0.002 0.003 0.001 0.021 0.017 0.007 0.003 0.003 0.021 0.01 0.019 0.034 0.013 0.001 0.225 0.003 0.005 0.001 0.001 0.014 0.001 0 0.002 0.002 0.012 0.003 0.013 0.048 0.001 0.22 0.039 0.012 0.002 0.003 0.039 0.102 0.032 0.001 0.018 0.012 0.003 0.012 0.016 0.001 0.02 0.016 0.002 0.002 0.002 0.017 0.014 0.004 0.001 0.002 0.007 1 0.013 0.018 0.004 0.002 0.002 0.003 0.002 0.014 0.001 0 0.002
0.001 0 0.001 0.017 0.016 0 0.002 0.03 0.068 0.004 0.024 0.013 0.068 0.004 0.022 0.03 0.022 0.002 0.18 0.023 0.427 0.013 0.15 0.032 0.076 0.009 0.175 0 0.002 0.002 0.035 0.075 0.09 0.005 0.002 0.026 0 0.034 0.119 0.003 0.045 0.171 0.502 0.005 0.008 0.132 0.12 0.035 0.004 0.619 0.73 0.002 0.73 0.611 0.005 0.639 0.773 0.006 0.176 0.075 0.663 0.875 0.013 0.005 0.006 0.327 0.013 1 0.616 0.014 0.134 0.005 0.2 0.006 0.767 0.004 0.014 0.121
0.004 0.006 0.007 0.013 0.008 0.005 0.02 0.005 0.049 0.006 0.002 0.004 0.128 0.006 0.003 0.005 0.003 0.012 0.144 0.005 0.459 0.028 0.112 0.017 0.05 0.014 0.154 0.016 0.002 0.001 0.009 0.026 0.043 0.007 0.039 0.042 0.063 0.042 0.063 0.008 0.059 0.194 0.591 0.007 0.105 0.165 0.165 0.063 0.005 0.857 0.615 0.097 0.615 0.681 0.006 0.899 0.803 0.083 0.123 0.061 0.861 0.692 0.018 0.006 0.065 0.329 0.018 0.616 1 0.019 0.099 0.007 0.149 0.008 0.706 0.006 0.016 0.099
0.017 0.014 0.014 0.044 0.006 0.004 0.003 0 0.04 0.001 0.001 0.004 0.003 0.001 0.013 0.015 0.002 0.003 0.003 0.012 0.01 0.077 0.019 0.008 0.033 0.004 0.003 0.004 0.001 0.001 0.019 0.049 0.056 0.002 0.002 0.01 0.003 0.011 0.066 0.352 0.017 0.034 0.012 0 0.003 0.026 0.036 0.083 0.001 0.019 0.013 0.003 0.012 0.001 0.002 0.021 0.017 0.002 0.003 0.002 0.018 0.015 0.941 0.002 0.002 0.007 0.004 0.014 0.019 1 0.002 0.002 0.003 0.002 0.015 0.001 0.152 0.002
0.003 0.002 0.002 0.01 0.004 0.001 0 0.002 0.016 0.001 0.001 0.002 0.173 0.001 0.01 0.011 0.005 0.001 0.001 0.011 0.119 0.005 0.032 0.007 0.018 0.002 0 0.002 0 0.001 0.008 0.018 0.023 0.001 0.001 0.006 0.001 0.006 0.028 0.001 0.007 0.028 0.071 0.001 0.001 0.011 0.018 0.006 0.001 0.073 0.111 0.001 0.114 0.084 0.001 0.09 0.11 0.001 0.001 0.282 0.104 0.125 0.002 0.001 0.001 0.003 0.002 0.134 0.099 0.002 1 0.001 0.001 0.001 0.11 0.001 0.002 0.472
0 0.006 0.006 0.014 0.003 0.001 0.001 0.003 0.017 0.001 0.002 0.001 0.001 0 0.006 0.002 0.004 0 0.001 0.005 0.004 0.002 0.006 0.003 0.013 0 0.001 0.001 0 0.001 0.004 0.013 0.008 0.33 0.001 0.005 0.001 0.005 0.012 0.001 0.065 0.015 0.005 0.001 0.001 0.014 0.025 0.009 0.004 0.007 0.005 0.001 0.005 0.006 0.003 0.008 0.006 0.001 0.001 0.001 0.007 0.006 0.002 0.001 0.001 0.003 0.002 0.005 0.007 0.002 0.001 1 0.001 0.001 0.006 0.001 0.002 0.001
0.018 0.021 0.022 0.003 0 0.001 0 0.007 0.013 0.001 0.006 0.003 0.007 0.001 0.004 0.008 0.006 0.002 0.002 0.01 0.11 0.011 0.02 0.01 0.026 0.003 0.002 0.001 0 0 0.01 0.026 0.036 0.001 0.001 0.009 0.001 0.01 0.042 0.002 0.011 0.06 0.181 0.001 0 0.034 0.026 0.001 0.001 0.149 0.207 0.001 0.208 0.162 0.001 0.135 0.165 0.001 0.399 0.002 0.135 0.186 0.003 0.001 0.001 0.004 0.003 0.2 0.149 0.003 0.001 0.001 1 0.001 0.161 0.001 0.003 0
0.003 0.011 0.011 0.022 0.007 0.002 0.001 0.004 0.025 0.001 0.004 0.002 0.001 0.001 0.011 0.01 0.005 0.001 0 0.009 0.002 0.007 0.011 0.007 0.03 0.002 0 0.002 0 0.001 0.008 0.033 0.025 0.001 0.001 0.007 0.001 0.006 0.021 0.001 0.105 0.018 0.005 0.001 0.001 0.008 0.043 0.013 0 0.008 0.005 0.001 0.005 0.006 0.001 0.008 0.007 0.001 0.001 0.001 0.007 0.006 0.002 0.001 0.001 0.003 0.002 0.006 0.008 0.002 0.001 0.001 0.001 1 0.006 0.001 0.002 0.001
0.002 0.002 0.004 0.012 0.002 0 0.001 0.002 0.045 0.005 0 0.002 0.067 0.005 0.007 0.012 0 0.009 0.185 0.008 0.387 0.019 0.118 0.009 0.05 0.01 0.197 0.001 0.003 0.002 0.011 0.049 0.066 0.005 0.001 0.029 0.001 0.038 0.088 0.004 0.045 0.139 0.625 0.006 0.005 0.17 0.13 0.051 0.004 0.678 0.645 0.001 0.645 0.721 0.005 0.724 0.872 0.006 0.115 0.069 0.739 0.76 0.014 0.005 0.006 0.315 0.014 0.767 0.706 0.015 0.11 0.006 0.161 0.006 1 0.005 0.015 0.12
0.016 0.02 0.019 0.004 0 0.069 0.044 0.003 0.006 0 0.003 0.001 0.001 0.024 0.02 0.018 0.003 0.01 0.001 0.021 0.003 0 0.001 0 0.006 0.001 0.001 0.065 0.015 0.012 0 0.002 0 0 0.031 0.005 0.017 0.005 0 0.001 0 0.002 0.004 0.001 0.001 0.013 0.004 0.002 0.691 0.006 0.004 0.001 0.004 0.005 0.654 0.007 0.005 0.001 0.001 0.001 0.006 0.005 0.001 0 0.001 0.002 0.001 0.004 0.006 0.001 0.001 0.001 0.001 0.001 0.005 1 0.027 0.001
0.013 0.01 0.01 0.008 0.013 0.001 0 0.01 0.005 0.001 0.009 0.004 0.003 0.005 0.007 0.009 0.01 0.003 0.003 0.008 0.008 0.019 0 0.014 0.003 0.004 0.003 0.001 0 0 0.018 0.005 0.007 0.002 0.001 0.009 0.002 0.01 0.011 0.01 0.002 0.03 0.012 0 0.003 0.038 0.001 0.034 0.011 0.018 0.012 0.003 0.012 0.016 0.042 0.02 0.016 0.002 0.002 0.002 0.017 0.014 0.15 0.001 0.002 0.007 0 0.014 0.016 0.152 0.002 0.002 0.003 0.002 0.015 0.027 1 0.002
0.002 0.001 0.001 0.009 0.004 0.001 0 0.002 0.018 0.001 0.002 0.002 0.159 0.001 0.011 0.012 0.005 0.001 0 0.011 0.123 0.005 0.033 0.007 0.021 0.002 0 0.002 0 0.001 0.008 0.02 0.027 0.001 0.001 0.006 0.001 0.006 0.031 0.001 0.007 0.029 0.074 0.001 0.001 0.028 0.018 0.005 0.001 0.075 0.114 0.001 0.117 0.09 0.001 0.092 0.112 0.001 0.001 0.286 0.106 0.129 0.002 0.001 0.001 0 0.002 0.121 0.099 0.002 0.472 0.001 0 0.001 0.12 0.001 0.002 1
