1 0.811 0.841 0.473 0.381 0.183 0.118 0.269 0.316 0.008 0.239 0.128 0.025 0.049 0.542 0.533 0.258 0.051 0.032 0.535 0.009 0.129 0.144 0.334 0.292 0.003 0.035 0.149 0.056 0.055 0.278 0.257 0.154 0.005 0.052 0.045 0.073 0.032 0.149 0.024 0.006 0.045 0.004 0.002 0.075 0.012 0.007 0.042 0.027 0.005 0.023 0.047 0.02 0.005 0.025 0.004 0 0.022 0.044 0.003 0.004 0.009 0.008 0.002 0.028 0.024 0.005 0.005 0.001 0.011 0.002 0.005 0.004 0.004 0.001 0.016 0.004 0.002
0.811 1 0.947 0.433 0.405 0.223 0.144 0.329 0.271 0.007 0.291 0.156 0.02 0.06 0.622 0.61 0.272 0.063 0.026 0.602 0.003 0.123 0.121 0.359 0.29 0.024 0.029 0.184 0.068 0.06 0.312 0.262 0.144 0.007 0.064 0.039 0.091 0.037 0.113 0.019 0.029 0.055 0 0.015 0.062 0.016 0 0.037 0.034 0.01 0.013 0.06 0.011 0.001 0.032 0.009 0 0.03 0.054 0.001 0.008 0.007 0.005 0.005 0.037 0.029 0.036 0.004 0.005 0.008 0.001 0.009 0.008 0.008 0 0.023 0.002 0.001
0.841 0.947 1 0.451 0.449 0.214 0.139 0.316 0.288 0.007 0.279 0.15 0.021 0.057 0.648 0.636 0.304 0.061 0.027 0.637 0.004 0.123 0.126 0.399 0.316 0.025 0.03 0.176 0.065 0.065 0.336 0.278 0.155 0.007 0.062 0.049 0.087 0.033 0.121 0.02 0.029 0.06 0.001 0.016 0.091 0.02 0 0.04 0.032 0.014 0.015 0.057 0.013 0.001 0.031 0.012 0.001 0.028 0.052 0.002 0.011 0.004 0.006 0.001 0.035 0.018 0.038 0.001 0.006 0.008 0.001 0.009 0.007 0.009 0 0.021 0.002 0.001
0.473 0.433 0.451 1 0.21 0.091 0.055 0.15 0.794 0.015 0.133 0.071 0.045 0.027 0.287 0.293 0.143 0.037 0.058 0.274 0.043 0.285 0.389 0.197 0.567 0.018 0.06 0.068 0.031 0.03 0.169 0.53 0.297 0.022 0.02 0.004 0.029 0.001 0.395 0.043 0.223 0.003 0.034 0.034 0.036 0.006 0.194 0.166 0.009 0.009 0.073 0.02 0.069 0.043 0.007 0.01 0.022 0.008 0.024 0.004 0.01 0.048 0.021 0.006 0.014 0.048 0.073 0.039 0.014 0.027 0.008 0.01 0 0.008 0.028 0.003 0.008 0.008
0.381 0.405 0.449 0.21 1 0.018 0.012 0.547 0.252 0.004 0.529 0.273 0.011 0.005 0.497 0.452 0.553 0.124 0.014 0.471 0.03 0.077 0.138 0.775 0.242 0.013 0.015 0.019 0.006 0.004 0.655 0.21 0.144 0.004 0.007 0.154 0.012 0.114 0.115 0.01 0.047 0.022 0.001 0.008 0.001 0.054 0.014 0.032 0 0.002 0.03 0.009 0.028 0.003 0.001 0.002 0 0.007 0.005 0 0.002 0.019 0.004 0 0.006 0.01 0.019 0.015 0.002 0.005 0.002 0.005 0.004 0.004 0 0 0.004 0.002
0.183 0.223 0.214 0.091 0.018 1 0.65 0.011 0.099 0.002 0.01 0.005 0.004 0.269 0.198 0.195 0.013 0.003 0.006 0.191 0.017 0.018 0.045 0.021 0.102 0.005 0.006 0.817 0.305 0.283 0.021 0.087 0.045 0.001 0.266 0.022 0.418 0.02 0.038 0.004 0.005 0.006 0.021 0.003 0.216 0.04 0.008 0.015 0.119 0.008 0.021 0.278 0.02 0.026 0.076 0.008 0.006 0.146 0.002 0 0.005 0.004 0.004 0.002 0.16 0.007 0.008 0.004 0.001 0.004 0.001 0.002 0.004 0.002 0.009 0.07 0.002 0.001
0.118 0.144 0.139 0.055 0.012 0.65 1 0.008 0.074 0.001 0.007 0.004 0.003 0.001 0.145 0.143 0.008 0.002 0.004 0.136 0.011 0.015 0.034 0.013 0.074 0.004 0.004 0.559 0.463 0.431 0.014 0.058 0.026 0.001 0.408 0.014 0.644 0.013 0.022 0.002 0.014 0.037 0.014 0.002 0.343 0.022 0.031 0.009 0.074 0.032 0.014 0.432 0.013 0.017 0.047 0.034 0.001 0.229 0.001 0 0.026 0 0.002 0.001 0.249 0.004 0.006 0 0.01 0.003 0 0.001 0.003 0.001 0.002 0.05 0 0
0.269 0.329 0.316 0.15 0.547 0.011 0.008 1 0.151 0.002 0.873 0.462 0.007 0.003 0.3 0.295 0.746 0.004 0.009 0.308 0.016 0.048 0.081 0.511 0.17 0.008 0.009 0.012 0.004 0.004 0.478 0.156 0.105 0.003 0.004 0.229 0.008 0.256 0.091 0.006 0.027 0.054 0 0.005 0.008 0.113 0.078 0.049 0.002 0.002 0.022 0.005 0.021 0 0.003 0.002 0 0.004 0.003 0 0.002 0.028 0.002 0.002 0.004 0.017 0.011 0.029 0.001 0.002 0 0.003 0.008 0.003 0 0.004 0.008 0
0.316 0.271 0.288 0.794 0.252 0.099 0.074 0.151 1 0.013 0.132 0.08 0.04 0.031 0.36 0.342 0.146 0.042 0.039 0.321 0.116 0.268 0.502 0.217 0.656 0.022 0.041 0.09 0.035 0.034 0.182 0.607 0.362 0.025 0.031 0.006 0.041 0.002 0.478 0.038 0.257 0.01 0.062 0.03 0.043 0.011 0.225 0.207 0.018 0.027 0.13 0.025 0.126 0.082 0.015 0.028 0.046 0.01 0.019 0.003 0.03 0.086 0.025 0.007 0.019 0.042 0.085 0.08 0.035 0.031 0.013 0.012 0.031 0.01 0.045 0.007 0.003 0.014
0.008 0.007 0.007 0.015 0.004 0.002 0.001 0.002 0.013 1 0.002 0.001 0.001 0 0.003 0.001 0.002 0.001 0.001 0.007 0.003 0.001 0.004 0.004 0.012 0.049 0.001 0.002 0 0 0.004 0.012 0.006 0 0.001 0 0.001 0 0.002 0 0.004 0.005 0.004 0.01 0.001 0.003 0.009 0.019 0 0.007 0.004 0.001 0.004 0.005 0 0.007 0.006 0.001 0 0.001 0.007 0.005 0.001 0.292 0.001 0.002 0.002 0.005 0.007 0.001 0.001 0 0.001 0 0.006 0.001 0.001 0.001
0.239 0.291 0.279 0.133 0.529 0.01 0.007 0.873 0.132 0.002 1 0.534 0.006 0.003 0.263 0.258 0.698 0.004 0.008 0.269 0.013 0.043 0.071 0.447 0.149 0.007 0.008 0.01 0.003 0.003 0.416 0.135 0.089 0.002 0.004 0.175 0.007 0.196 0.078 0.005 0.024 0.038 0.002 0.004 0.007 0.092 0.056 0.046 0.002 0 0.019 0.005 0.018 0.001 0.003 0 0 0.004 0.003 0 0 0.024 0.001 0.002 0.003 0.015 0.009 0.024 0 0.002 0 0.003 0.007 0.002 0 0.004 0.007 0
0.128 0.156 0.15 0.071 0.273 0.005 0.004 0.462 0.08 0.001 0.534 1 0.003 0.001 0.157 0.154 0.428 0.002 0.004 0.16 0.012 0.023 0.045 0.265 0.092 0.004 0.004 0.006 0.002 0.002 0.261 0.092 0.061 0.001 0.002 0.093 0.004 0.104 0.057 0.003 0.011 0.014 0.001 0.002 0.004 0.041 0.029 0.028 0.001 0 0.016 0.002 0.015 0.002 0.002 0 0 0.002 0.002 0.002 0 0.019 0.002 0.001 0.002 0.008 0.006 0.019 0 0.002 0.003 0.001 0.004 0.001 0.001 0.002 0.004 0.003
0.025 0.02 0.021 0.045 0.011 0.004 0.003 0.007 0.04 0.001 0.006 0.003 1 0.001 0.014 0.014 0.008 0.002 0.004 0.002 0.258 0.02 0.066 0.012 0.035 0.003 0.004 0.004 0.001 0.002 0.011 0.034 0.046 0.001 0.001 0.013 0.002 0.012 0.055 0.003 0.013 0.067 0.158 0.002 0.003 0.05 0.028 0.015 0.001 0.122 0.191 0.002 0.132 0.155 0.001 0.121 0.141 0.002 0 0.128 0.113 0.162 0.003 0.001 0.001 0.001 0.005 0.145 0.116 0.003 0.067 0.001 0.143 0.001 0.113 0.002 0.003 0.086
0.049 0.06 0.057 0.027 0.005 0.269 0.001 0.003 0.031 0 0.003 0.001 0.001 1 0.06 0.059 0.003 0.001 0.002 0.062 0.005 0.009 0.017 0.006 0.035 0.001 0.002 0.265 0.001 0.001 0.006 0.035 0.026 0 0.001 0.006 0.001 0.005 0.022 0.001 0.098 0.019 0.006 0.001 0.001 0.015 0.016 0.011 0.048 0.01 0.006 0.001 0.006 0.007 0.031 0.01 0.008 0.001 0.001 0.001 0.01 0.007 0.001 0 0.001 0.003 0.002 0.007 0.009 0.001 0.001 0.001 0.001 0 0.008 0.021 0.009 0.001
0.542 0.622 0.648 0.287 0.497 0.198 0.145 0.3 0.36 0.003 0.263 0.157 0.014 0.06 1 0.919 0.328 0.081 0.025 0.765 0.067 0.104 0.222 0.497 0.407 0.019 0.027 0.194 0.068 0.073 0.415 0.363 0.258 0.007 0.074 0.08 0.1 0.06 0.223 0.019 0.023 0.033 0.026 0.003 0.104 0.005 0.003 0.046 0.034 0 0.074 0.068 0.077 0.031 0.033 0 0.009 0.036 0.009 0.008 0 0.037 0.008 0 0.051 0.018 0.03 0.033 0.002 0.011 0.013 0.009 0.012 0.008 0.009 0.023 0.001 0.014
0.533 0.61 0.636 0.293 0.452 0.195 0.143 0.295 0.342 0.001 0.258 0.154 0.014 0.059 0.919 1 0.321 0.08 0.025 0.774 0.068 0.104 0.224 0.514 0.424 0.014 0.027 0.191 0.067 0.072 0.45 0.364 0.261 0.007 0.073 0.089 0.099 0.068 0.229 0.019 0.024 0.029 0.036 0.003 0.103 0.004 0.004 0.039 0.034 0.001 0.09 0.067 0.093 0.042 0.032 0.001 0.014 0.036 0.009 0.008 0 0.047 0.009 0 0.051 0.019 0.034 0.042 0.005 0.011 0.013 0.007 0.021 0.007 0.014 0.022 0.001 0.014
0.258 0.272 0.304 0.143 0.553 0.013 0.008 0.746 0.146 0.002 0.698 0.428 0.008 0.003 0.328 0.321 1 0.005 0.01 0.374 0.028 0.053 0.106 0.601 0.212 0.009 0.01 0.013 0.004 0.002 0.566 0.181 0.124 0.003 0.005 0.269 0.008 0.205 0.107 0.006 0.027 0.062 0 0.006 0.005 0.126 0.057 0.052 0.002 0 0.028 0.006 0.027 0 0.004 0 0.002 0.005 0.004 0.004 0 0.013 0.002 0.002 0.004 0.001 0.012 0.01 0 0.003 0.006 0.003 0.008 0.003 0.003 0.005 0.009 0.007
0.051 0.063 0.061 0.037 0.124 0.003 0.002 0.004 0.042 0.001 0.004 0.002 0.002 0.001 0.081 0.08 0.005 1 0.002 0.083 0.006 0.012 0.023 0.137 0.047 0.002 0.002 0.003 0.001 0.001 0.135 0.048 0.035 0.001 0.001 0.008 0.002 0.007 0.03 0.002 0.008 0.025 0.008 0.001 0.002 0.021 0.01 0.005 0.004 0.013 0.008 0.002 0.008 0.01 0.002 0.014 0.011 0.001 0.001 0.001 0.013 0.01 0.001 0.001 0.001 0.004 0.003 0.007 0.012 0.001 0.001 0.001 0.002 0.001 0.01 0.001 0.001 0.001
0.032 0.026 0.027 0.058 0.014 0.006 0.004 0.009 0.039 0.001 0.008 0.004 0.004 0.002 0.025 0.025 0.01 0.002 1 0.026 0.345 0.025 0.09 0.015 0.045 0.004 0.922 0.006 0.002 0.002 0.016 0.03 0.038 0.001 0.002 0.016 0.004 0.015 0.052 0.003 0.006 0.063 0.212 0.003 0.004 0.042 0.019 0.028 0.001 0.121 0.164 0.003 0.181 0.158 0.001 0.112 0.142 0.002 0.002 0 0.094 0.143 0.003 0 0.002 0.338 0.005 0.143 0.126 0.004 0 0.001 0.004 0.009 0.15 0.002 0.004 0
0.535 0.602 0.637 0.274 0.471 0.191 0.136 0.308 0.321 0.007 0.269 0.16 0.002 0.062 0.765 0.774 0.374 0.083 0.026 1 0.043 0.134 0.224 0.575 0.462 0.023 0.024 0.176 0.07 0.07 0.507 0.375 0.23 0.006 0.054 0.063 0.083 0.045 0.19 0.014 0.025 0.031 0.012 0.015 0.087 0.009 0.002 0.057 0.035 0 0.054 0.053 0.065 0.019 0.034 0 0.004 0.023 0.01 0.012 0 0.025 0.007 0.002 0.034 0.007 0.035 0.023 0.001 0.01 0.017 0.008 0.011 0.008 0.004 0.024 0.001 0.018
0.009 0.003 0.004 0.043 0.03 0.017 0.011 0.016 0.116 0.003 0.013 0.012 0.258 0.005 0.067 0.068 0.028 0.006 0.345 0.043 1 0.068 0.256 0.045 0.13 0.012 0.37 0.017 0.005 0.006 0.043 0.105 0.141 0.004 0.003 0.047 0.007 0.043 0.177 0.01 0.033 0.215 0.577 0.007 0.008 0.151 0.083 0.038 0.003 0.417 0.606 0.005 0.56 0.524 0.004 0.387 0.448 0.003 0.125 0.063 0.356 0.489 0.009 0.002 0.002 0.182 0.017 0.486 0.419 0.011 0.1 0.004 0.194 0.001 0.394 0.006 0.009 0.115
0.129 0.123 0.123 0.285 0.077 0.018 0.015 0.048 0.268 0.001 0.043 0.023 0.02 0.009 0.104 0.104 0.053 0.012 0.025 0.134 0.068 1 0.444 0.086 0.2 0.022 0.026 0.032 0.01 0.011 0.07 0.197 0.028 0.007 0.013 0.042 0.018 0.043 0.047 0.124 0.068 0.005 0.038 0.089 0.019 0.004 0.013 0.159 0.004 0.038 0.01 0.011 0.007 0.016 0.001 0.036 0.025 0.006 0.009 0.002 0.025 0.013 0.039 0.001 0.011 0.001 0.022 0.014 0.032 0.054 0.004 0.001 0.009 0.008 0.018 0.001 0.024 0.004
0.144 0.121 0.126 0.389 0.138 0.045 0.034 0.081 0.502 0.004 0.071 0.045 0.066 0.017 0.222 0.224 0.106 0.023 0.09 0.224 0.256 0.444 1 0.171 0.436 0.045 0.098 0.065 0.02 0.021 0.149 0.398 0.175 0.014 0.019 0.001 0.032 0.002 0.244 0.058 0.134 0.092 0.169 0.043 0.034 0.066 0.095 0.034 0.009 0.108 0.262 0.021 0.253 0.2 0.006 0.098 0.141 0.012 0.032 0.022 0.105 0.194 0.007 0.004 0.016 0.087 0.05 0.189 0.109 0.013 0.038 0.004 0.06 0.003 0.136 0.001 0.002 0.044
0.334 0.359 0.399 0.197 0.775 0.021 0.013 0.511 0.217 0.004 0.447 0.265 0.012 0.006 0.497 0.514 0.601 0.137 0.015 0.575 0.045 0.086 0.171 1 0.325 0.014 0.017 0.021 0.006 0.004 0.865 0.274 0.186 0.004 0.008 0.178 0.014 0.138 0.158 0.011 0.051 0.016 0.007 0.009 0 0.049 0.02 0.03 0.001 0.008 0.051 0.01 0.049 0.01 0 0.009 0.004 0.008 0.006 0.007 0.008 0.035 0.005 0.001 0.004 0.007 0.021 0.029 0.008 0.006 0.01 0.005 0.013 0.005 0.002 0 0.005 0.011
0.292 0.29 0.316 0.567 0.242 0.102 0.074 0.17 0.656 0.012 0.149 0.092 0.035 0.035 0.407 0.424 0.212 0.047 0.045 0.462 0.13 0.2 0.436 0.325 1 0.041 0.049 0.105 0.04 0.039 0.315 0.81 0.546 0.026 0.036 0.019 0.048 0.012 0.459 0.016 0.127 0.006 0.082 0.026 0.05 0.011 0.155 0.133 0.02 0.034 0.159 0.03 0.153 0.096 0.008 0.036 0.063 0.013 0.017 0.017 0.04 0.111 0.008 0.006 0.022 0.045 0.002 0.106 0.049 0.011 0.026 0.013 0.039 0.012 0.063 0.003 0 0.031
0.003 0.024 0.025 0.018 0.013 0.005 0.004 0.008 0.022 0.049 0.007 0.004 0.003 0.001 0.019 0.014 0.009 0.002 0.004 0.023 0.012 0.022 0.045 0.014 0.041 1 0.004 0.005 0.002 0.002 0.014 0.041 0.055 0 0.002 0.015 0.004 0.014 0.01 0.003 0.09 0.03 0.008 0 0.004 0.018 0.028 0.008 0.001 0.011 0.005 0.003 0.004 0.007 0.002 0.012 0.009 0.002 0.002 0.002 0.012 0.007 0.003 0.063 0.002 0 0.238 0.007 0.01 0.003 0.003 0.001 0.004 0.001 0.008 0.002 0.004 0.003
0.035 0.029 0.03 0.06 0.015 0.006 0.004 0.009 0.041 0.001 0.008 0.004 0.004 0.002 0.027 0.027 0.01 0.002 0.922 0.024 0.37 0.026 0.098 0.017 0.049 0.004 1 0.006 0.002 0.002 0.017 0.033 0.043 0.001 0.002 0.018 0.004 0.016 0.058 0.004 0.007 0.069 0.23 0.003 0.004 0.045 0.022 0.029 0.001 0.131 0.181 0.003 0.193 0.172 0.002 0.122 0.154 0.002 0.002 0 0.094 0.152 0.003 0 0.002 0.371 0.005 0.149 0.137 0.004 0 0.001 0.004 0.008 0.163 0.002 0.004 0
0.149 0.184 0.176 0.068 0.019 0.817 0.559 0.012 0.09 0.002 0.01 0.006 0.004 0.265 0.194 0.191 0.013 0.003 0.006 0.176 0.017 0.032 0.065 0.021 0.105 0.005 0.006 1 0.302 0.28 0.021 0.113 0.066 0.001 0.336 0.022 0.552 0.015 0.057 0.004 0.005 0.014 0.022 0.003 0.315 0.034 0.008 0.028 0.117 0.019 0.022 0.401 0.021 0.027 0.075 0.016 0.01 0.279 0.002 0.003 0.011 0.007 0.004 0.002 0.259 0.008 0.008 0.008 0.004 0.004 0.004 0.002 0.004 0.002 0.013 0.069 0.002 0.004
0.056 0.068 0.065 0.031 0.006 0.305 0.463 0.004 0.035 0 0.003 0.002 0.001 0.001 0.068 0.067 0.004 0.001 0.002 0.07 0.005 0.01 0.02 0.006 0.04 0.002 0.002 0.302 1 0.935 0.006 0.023 0.015 0.001 0.124 0.007 0.328 0.006 0.012 0.001 0.006 0.018 0.007 0.001 0.185 0.017 0.015 0.006 0.008 0.018 0.007 0.232 0.007 0.008 0.004 0.016 0.009 0.273 0.001 0.001 0.012 0.008 0.001 0 0.322 0.004 0.003 0.008 0.004 0.001 0.001 0.001 0.002 0.001 0.009 0.014 0 0.001
0.055 0.06 0.065 0.03 0.004 0.283 0.431 0.004 0.034 0 0.003 0.002 0.002 0.001 0.073 0.072 0.002 0.001 0.002 0.07 0.006 0.011 0.021 0.004 0.039 0.002 0.002 0.28 0.935 1 0.004 0.023 0.017 0.001 0.115 0.003 0.305 0.005 0.013 0.001 0.007 0.02 0.007 0.001 0.195 0.015 0.013 0.007 0.007 0.019 0.007 0.215 0.007 0.009 0.004 0.017 0.007 0.254 0.001 0.001 0.013 0.006 0.001 0 0.3 0.002 0.003 0.006 0.003 0.001 0.001 0.001 0.002 0.001 0.007 0.013 0 0.001
0.278 0.312 0.336 0.169 0.655 0.021 0.014 0.478 0.182 0.004 0.416 0.261 0.011 0.006 0.415 0.45 0.566 0.135 0.016 0.507 0.043 0.07 0.149 0.865 0.315 0.014 0.017 0.021 0.006 0.004 1 0.309 0.218 0.005 0.008 0.221 0.014 0.179 0.186 0.012 0.052 0.027 0.007 0.009 0 0.062 0.032 0.031 0.001 0.008 0.05 0.01 0.048 0.01 0.002 0.009 0.003 0.008 0.006 0.007 0.009 0.034 0.009 0.004 0.004 0.006 0.021 0.03 0.008 0.011 0.01 0.005 0.014 0.005 0.002 0.004 0.013 0.011
0.257 0.262 0.278 0.53 0.21 0.087 0.058 0.156 0.607 0.012 0.135 0.092 0.034 0.035 0.363 0.364 0.181 0.048 0.03 0.375 0.105 0.197 0.398 0.274 0.81 0.041 0.033 0.113 0.023 0.023 0.309 1 0.683 0.027 0.05 0.028 0.08 0.023 0.584 0.034 0.157 0.001 0.089 0.026 0.083 0.007 0.205 0.179 0.02 0.027 0.169 0.059 0.163 0.104 0.007 0.026 0.065 0.038 0.017 0.012 0.029 0.114 0.028 0.012 0.044 0.053 0.002 0.108 0.037 0.033 0.026 0.013 0.038 0.031 0.065 0.001 0.006 0.025
0.154 0.144 0.155 0.297 0.144 0.045 0.026 0.105 0.362 0.006 0.089 0.061 0.046 0.026 0.258 0.261 0.124 0.035 0.038 0.23 0.141 0.028 0.175 0.186 0.546 0.055 0.043 0.066 0.015 0.017 0.218 0.683 1 0.019 0.024 0.248 0.045 0.246 0.81 0.046 0.095 0.021 0.109 0.035 0.061 0.001 0.322 0.127 0.004 0.049 0.187 0.048 0.173 0.127 0 0.05 0.093 0.027 0.023 0.019 0.042 0.137 0.028 0.016 0.03 0.048 0 0.132 0.061 0.035 0.03 0.008 0.055 0.023 0.091 0.001 0.008 0.037
0.005 0.007 0.007 0.022 0.004 0.001 0.001 0.003 0.025 0 0.002 0.001 0.001 0 0.007 0.007 0.003 0.001 0.001 0.006 0.004 0.007 0.014 0.004 0.026 0 0.001 0.001 0.001 0.001 0.005 0.027 0.019 1 0.001 0.005 0.001 0.004 0.018 0.001 0.078 0.015 0.004 0.001 0.001 0.012 0.034 0.009 0 0.007 0.005 0.001 0.005 0.005 0 0.008 0.006 0.001 0 0.001 0.007 0.006 0.001 0 0.001 0.003 0.002 0.006 0.007 0.001 0.001 0.572 0.001 0 0.006 0.001 0.001 0.001
0.052 0.064 0.062 0.02 0.007 0.266 0.408 0.004 0.031 0.001 0.004 0.002 0.001 0.001 0.074 0.073 0.005 0.001 0.002 0.054 0.003 0.013 0.019 0.008 0.036 0.002 0.002 0.336 0.124 0.115 0.008 0.05 0.024 0.001 1 0.008 0.573 0.008 0.031 0.002 0.008 0.043 0.009 0.001 0.286 0.008 0.018 0.016 0.132 0.032 0.009 0.358 0.008 0.011 0.088 0.029 0.001 0.258 0.001 0.001 0.029 0 0.002 0.001 0.276 0.001 0.003 0 0.019 0.002 0.001 0.001 0.002 0.001 0 0.062 0 0.002
0.045 0.039 0.049 0.004 0.154 0.022 0.014 0.229 0.006 0 0.175 0.093 0.013 0.006 0.08 0.089 0.269 0.008 0.016 0.063 0.047 0.042 0.001 0.178 0.019 0.015 0.018 0.022 0.007 0.003 0.221 0.028 0.248 0.005 0.008 1 0.014 0.881 0.206 0.012 0.06 0.273 0.04 0.137 0 0.154 0.201 0.006 0.004 0.04 0.04 0.009 0.034 0.047 0.006 0.043 0.028 0.008 0.006 0.004 0.028 0.024 0.005 0.004 0.007 0.003 0.022 0.022 0.041 0.001 0.008 0.005 0.014 0.005 0.025 0.008 0.001 0.008
0.073 0.091 0.087 0.029 0.012 0.418 0.644 0.008 0.041 0.001 0.007 0.004 0.002 0.001 0.1 0.099 0.008 0.002 0.004 0.083 0.007 0.018 0.032 0.014 0.048 0.004 0.004 0.552 0.328 0.305 0.014 0.08 0.045 0.001 0.573 0.014 1 0.009 0.054 0.003 0.014 0.074 0.015 0.002 0.585 0.015 0.031 0.028 0.073 0.071 0.015 0.73 0.014 0.018 0.047 0.065 0.001 0.47 0.001 0.002 0.055 0 0.003 0.001 0.442 0.004 0.006 0.001 0.03 0.003 0.003 0.001 0.001 0.001 0.004 0.031 0.001 0.003
0.032 0.037 0.033 0.001 0.114 0.02 0.013 0.256 0.002 0 0.196 0.104 0.012 0.005 0.06 0.068 0.205 0.007 0.015 0.045 0.043 0.043 0.002 0.138 0.012 0.014 0.016 0.015 0.006 0.005 0.179 0.023 0.246 0.004 0.008 0.881 0.009 1 0.207 0.011 0.054 0.27 0.034 0.152 0.009 0.138 0.241 0.007 0.004 0.059 0.034 0.004 0.03 0.042 0.006 0.061 0.049 0.004 0.006 0.004 0.043 0.04 0.004 0.004 0.003 0.012 0.02 0.041 0.052 0.005 0.007 0.005 0.014 0.005 0.045 0.008 0.006 0.007
0.149 0.113 0.121 0.395 0.115 0.038 0.022 0.091 0.478 0.002 0.078 0.057 0.055 0.022 0.223 0.229 0.107 0.03 0.052 0.19 0.177 0.047 0.244 0.158 0.459 0.01 0.058 0.057 0.012 0.013 0.186 0.584 0.81 0.018 0.031 0.206 0.054 0.207 1 0.055 0.219 0.007 0.14 0.029 0.055 0.002 0.443 0.179 0.012 0.073 0.234 0.044 0.218 0.164 0.002 0.076 0.122 0.022 0.027 0.023 0.066 0.176 0.035 0.009 0.025 0.068 0.055 0.171 0.088 0.043 0.037 0.007 0.06 0.019 0.119 0 0.012 0.044
0.024 0.019 0.02 0.043 0.01 0.004 0.002 0.006 0.038 0 0.005 0.003 0.003 0.001 0.019 0.019 0.006 0.002 0.003 0.014 0.01 0.124 0.058 0.011 0.016 0.003 0.004 0.004 0.001 0.001 0.012 0.034 0.046 0.001 0.002 0.012 0.003 0.011 0.055 1 0.01 0.01 0 0.002 0.003 0.003 0.023 0.033 0.001 0 0.001 0.002 0.001 0.001 0.001 0.001 0.001 0 0.001 0.002 0 0 0.23 0.001 0.002 0.002 0.002 0 0.002 0.226 0.002 0.001 0.003 0.001 0 0.002 0.023 0.002
0.006 0.029 0.029 0.223 0.047 0.005 0.014 0.027 0.257 0.004 0.024 0.011 0.013 0.098 0.023 0.024 0.027 0.008 0.006 0.025 0.033 0.068 0.134 0.051 0.127 0.09 0.007 0.005 0.006 0.007 0.052 0.157 0.095 0.078 0.008 0.06 0.014 0.054 0.219 0.01 1 0.189 0.057 0.009 0.014 0.124 0.373 0.108 0.001 0.092 0.062 0.012 0.06 0.071 0 0.099 0.079 0.006 0.006 0.007 0.095 0.073 0.009 0.004 0.007 0.033 0.301 0.075 0.088 0.011 0.011 0.051 0.015 0.086 0.074 0.001 0 0.011
0.045 0.055 0.06 0.003 0.022 0.006 0.037 0.054 0.01 0.005 0.038 0.014 0.067 0.019 0.033 0.029 0.062 0.025 0.063 0.031 0.215 0.005 0.092 0.016 0.006 0.03 0.069 0.014 0.018 0.02 0.027 0.001 0.021 0.015 0.043 0.273 0.074 0.27 0.007 0.01 0.189 1 0.212 0.049 0.076 0.385 0.001 0.084 0 0.278 0.226 0.053 0.209 0.157 0.001 0.243 0.189 0.032 0.032 0.017 0.24 0.23 0.024 0.011 0.032 0.106 0.056 0.234 0.221 0.029 0.028 0.017 0.059 0.016 0.162 0.004 0.025 0.032
0.004 0 0.001 0.034 0.001 0.021 0.014 0 0.062 0.004 0.002 0.001 0.158 0.006 0.026 0.036 0 0.008 0.212 0.012 0.577 0.038 0.169 0.007 0.082 0.008 0.23 0.022 0.007 0.007 0.007 0.089 0.109 0.004 0.009 0.04 0.015 0.034 0.14 0 0.057 0.212 1 0.01 0.015 0.295 0.134 0.067 0.004 0.606 0.688 0.011 0.662 0.799 0.006 0.573 0.673 0.009 0.055 0.06 0.538 0.569 0.012 0.003 0.006 0.274 0.023 0.543 0.605 0.014 0.096 0.005 0.14 0.005 0.649 0.009 0.015 0.109
0.002 0.015 0.016 0.034 0.008 0.003 0.002 0.005 0.03 0.01 0.004 0.002 0.002 0.001 0.003 0.003 0.006 0.001 0.003 0.015 0.007 0.089 0.043 0.009 0.026 0 0.003 0.003 0.001 0.001 0.009 0.026 0.035 0.001 0.001 0.137 0.002 0.152 0.029 0.002 0.009 0.049 0.01 1 0.002 0.001 0.007 0.071 0.001 0.016 0.01 0.002 0.01 0.012 0.001 0.017 0.013 0.001 0.001 0.001 0.004 0.012 0.001 0.001 0.001 0.005 0.004 0.012 0.015 0.001 0.002 0.001 0.002 0.001 0.013 0.001 0.001 0.002
0.075 0.062 0.091 0.036 0.001 0.216 0.343 0.008 0.043 0.001 0.007 0.004 0.003 0.001 0.104 0.103 0.005 0.002 0.004 0.087 0.008 0.019 0.034 0 0.05 0.004 0.004 0.315 0.185 0.195 0 0.083 0.061 0.001 0.286 0 0.585 0.009 0.055 0.003 0.014 0.076 0.015 0.002 1 0 0.032 0.029 0.001 0.148 0.015 0.74 0.015 0.017 0.001 0.137 0.007 0.477 0.002 0.002 0.122 0.007 0.003 0.001 0.432 0.002 0.006 0.01 0.071 0.003 0.003 0.001 0.001 0.001 0.004 0.002 0.004 0.003
0.012 0.016 0.02 0.006 0.054 0.04 0.022 0.113 0.011 0.003 0.092 0.041 0.05 0.015 0.005 0.004 0.126 0.021 0.042 0.009 0.151 0.004 0.066 0.049 0.011 0.018 0.045 0.034 0.017 0.015 0.062 0.007 0.001 0.012 0.008 0.154 0.015 0.138 0.002 0.003 0.124 0.385 0.295 0.001 0 1 0 0.097 0.011 0.278 0.273 0.009 0.27 0.318 0.016 0.256 0.308 0.007 0.017 0.017 0.258 0.284 0.022 0.003 0.005 0.135 0.064 0.257 0.265 0.027 0.019 0.014 0.061 0.001 0.304 0.022 0.031 0.036
0.007 0 0 0.194 0.014 0.008 0.031 0.078 0.225 0.009 0.056 0.029 0.028 0.016 0.003 0.004 0.057 0.01 0.019 0.002 0.083 0.013 0.095 0.02 0.155 0.028 0.022 0.008 0.015 0.013 0.032 0.205 0.322 0.034 0.018 0.201 0.031 0.241 0.443 0.023 0.373 0.001 0.134 0.007 0.032 0 1 0.126 0 0.218 0.139 0.026 0.134 0.17 0.002 0.234 0.189 0.018 0.014 0.017 0.226 0.164 0.017 0.009 0.016 0.074 0.183 0.168 0.21 0.021 0.024 0.019 0.034 0.038 0.178 0.006 0.003 0.025
0.042 0.037 0.04 0.166 0.032 0.015 0.009 0.049 0.207 0.019 0.046 0.028 0.015 0.011 0.046 0.039 0.052 0.005 0.028 0.057 0.038 0.159 0.034 0.03 0.133 0.008 0.029 0.028 0.006 0.007 0.031 0.179 0.127 0.009 0.016 0.006 0.028 0.007 0.179 0.033 0.108 0.084 0.067 0.071 0.029 0.097 0.126 1 0.008 0.122 0.062 0.023 0.058 0.08 0.003 0.103 0.077 0.009 0.005 0 0.09 0.06 0.082 0.019 0.014 0.055 0.035 0.062 0.093 0.097 0.007 0.009 0.002 0.01 0.077 0.001 0.037 0.007
0.027 0.034 0.032 0.009 0 0.119 0.074 0.002 0.018 0 0.002 0.001 0.001 0.048 0.034 0.034 0.002 0.004 0.001 0.035 0.003 0.004 0.009 0.001 0.02 0.001 0.001 0.117 0.008 0.007 0.001 0.02 0.004 0 0.132 0.004 0.073 0.004 0.012 0.001 0.001 0 0.004 0.001 0.001 0.011 0 0.008 1 0.007 0.004 0.001 0.004 0.005 0.696 0.008 0.006 0.001 0 0.001 0.007 0.005 0.001 0 0.001 0.002 0.002 0.005 0.007 0.001 0.001 0 0.001 0 0.006 0.495 0.037 0.001
0.005 0.01 0.014 0.009 0.002 0.008 0.032 0.002 0.027 0.007 0 0 0.122 0.01 0 0.001 0 0.013 0.121 0 0.417 0.038 0.108 0.008 0.034 0.011 0.131 0.019 0.018 0.019 0.008 0.027 0.049 0.007 0.032 0.04 0.071 0.059 0.073 0 0.092 0.278 0.606 0.016 0.148 0.278 0.218 0.122 0.007 1 0.636 0.109 0.602 0.712 0.01 0.924 0.755 0.066 0.062 0.035 0.867 0.661 0.02 0.007 0.064 0.316 0.04 0.669 0.843 0.022 0.064 0.009 0.155 0.008 0.717 0.014 0.024 0.074
0.023 0.013 0.015 0.073 0.03 0.021 0.014 0.022 0.13 0.004 0.019 0.016 0.191 0.006 0.074 0.09 0.028 0.008 0.164 0.054 0.606 0.01 0.262 0.051 0.159 0.005 0.181 0.022 0.007 0.007 0.05 0.169 0.187 0.005 0.009 0.04 0.015 0.034 0.234 0.001 0.062 0.226 0.688 0.01 0.015 0.273 0.139 0.062 0.004 0.636 1 0.012 0.903 0.816 0.006 0.586 0.675 0.009 0.098 0.06 0.555 0.775 0.012 0.004 0.006 0.359 0.025 0.768 0.598 0.014 0.107 0.005 0.227 0.005 0.647 0.009 0.015 0.122
0.047 0.06 0.057 0.02 0.009 0.278 0.432 0.005 0.025 0.001 0.005 0.002 0.002 0.001 0.068 0.067 0.006 0.002 0.003 0.053 0.005 0.011 0.021 0.01 0.03 0.003 0.003 0.401 0.232 0.215 0.01 0.059 0.048 0.001 0.358 0.009 0.73 0.004 0.044 0.002 0.012 0.053 0.011 0.002 0.74 0.009 0.026 0.023 0.001 0.109 0.012 1 0.009 0.011 0.001 0.11 0 0.594 0.001 0 0.094 0 0.002 0.001 0.537 0.003 0.005 0 0.058 0.003 0 0.001 0.001 0.001 0.001 0.002 0.003 0
0.02 0.011 0.013 0.069 0.028 0.02 0.013 0.021 0.126 0.004 0.018 0.015 0.132 0.006 0.077 0.093 0.027 0.008 0.181 0.065 0.56 0.007 0.253 0.049 0.153 0.004 0.193 0.021 0.007 0.007 0.048 0.163 0.173 0.005 0.008 0.034 0.014 0.03 0.218 0.001 0.06 0.209 0.662 0.01 0.015 0.27 0.134 0.058 0.004 0.602 0.903 0.009 1 0.787 0.006 0.566 0.65 0.008 0.102 0.073 0.56 0.754 0.012 0.004 0.006 0.315 0.025 0.74 0.576 0.014 0.123 0.005 0.235 0.005 0.621 0.008 0.015 0.139
0.005 0.001 0.001 0.043 0.003 0.026 0.017 0 0.082 0.005 0.001 0.002 0.155 0.007 0.031 0.042 0 0.01 0.158 0.019 0.524 0.016 0.2 0.01 0.096 0.007 0.172 0.027 0.008 0.009 0.01 0.104 0.127 0.005 0.011 0.047 0.018 0.042 0.164 0.001 0.071 0.157 0.799 0.012 0.017 0.318 0.17 0.08 0.005 0.712 0.816 0.011 0.787 1 0.008 0.702 0.792 0.011 0.08 0.063 0.659 0.679 0.01 0.005 0.008 0.321 0.031 0.672 0.711 0.012 0.103 0.007 0.184 0.007 0.765 0.011 0.018 0.107
0.025 0.032 0.031 0.007 0.001 0.076 0.047 0.003 0.015 0 0.003 0.002 0.001 0.031 0.033 0.032 0.004 0.002 0.001 0.034 0.004 0.001 0.006 0 0.008 0.002 0.002 0.075 0.004 0.004 0.002 0.007 0 0 0.088 0.006 0.047 0.006 0.002 0.001 0 0.001 0.006 0.001 0.001 0.016 0.002 0.003 0.696 0.01 0.006 0.001 0.006 0.008 1 0.011 0.009 0.001 0.001 0.001 0.01 0.008 0.001 0 0.001 0.003 0.002 0.008 0.01 0.001 0.001 0 0.002 0.001 0.008 0.658 0.082 0.001
0.004 0.009 0.012 0.01 0.002 0.008 0.034 0.002 0.028 0.007 0 0 0.121 0.01 0 0.001 0 0.014 0.112 0 0.387 0.036 0.098 0.009 0.036 0.012 0.122 0.016 0.016 0.017 0.009 0.026 0.05 0.008 0.029 0.043 0.065 0.061 0.076 0.001 0.099 0.243 0.573 0.017 0.137 0.256 0.234 0.103 0.008 0.924 0.586 0.11 0.566 0.702 0.011 1 0.805 0.061 0.058 0.071 0.911 0.699 0.021 0.007 0.06 0.306 0.043 0.706 0.889 0.024 0.101 0.009 0.144 0.009 0.759 0.015 0.026 0.108
0 0 0.001 0.022 0 0.006 0.001 0 0.046 0.006 0 0 0.141 0.008 0.009 0.014 0.002 0.011 0.142 0.004 0.448 0.025 0.141 0.004 0.063 0.009 0.154 0.01 0.009 0.007 0.003 0.065 0.093 0.006 0.001 0.028 0.001 0.049 0.122 0.001 0.079 0.189 0.673 0.013 0.007 0.308 0.189 0.077 0.006 0.755 0.675 0 0.65 0.792 0.009 0.805 1 0.012 0.052 0.079 0.771 0.813 0.017 0.006 0.009 0.358 0.035 0.823 0.802 0.019 0.125 0.007 0.157 0.007 0.898 0.012 0.021 0.134
0.022 0.03 0.028 0.008 0.007 0.146 0.229 0.004 0.01 0.001 0.004 0.002 0.002 0.001 0.036 0.036 0.005 0.001 0.002 0.023 0.003 0.006 0.012 0.008 0.013 0.002 0.002 0.279 0.273 0.254 0.008 0.038 0.027 0.001 0.258 0.008 0.47 0.004 0.022 0 0.006 0.032 0.009 0.001 0.477 0.007 0.018 0.009 0.001 0.066 0.009 0.594 0.008 0.011 0.001 0.061 0.012 1 0.001 0.001 0.064 0.01 0 0.001 0.756 0.005 0.003 0.011 0.046 0.001 0.001 0.001 0.002 0.001 0.011 0.001 0.002 0.002
0.044 0.054 0.052 0.024 0.005 0.002 0.001 0.003 0.019 0 0.003 0.002 0 0.001 0.009 0.009 0.004 0.001 0.002 0.01 0.125 0.009 0.032 0.006 0.017 0.002 0.002 0.002 0.001 0.001 0.006 0.017 0.023 0 0.001 0.006 0.001 0.006 0.027 0.001 0.006 0.032 0.055 0.001 0.002 0.017 0.014 0.005 0 0.062 0.098 0.001 0.102 0.08 0.001 0.058 0.052 0.001 1 0 0.059 0.063 0.001 0 0.001 0.001 0.003 0.081 0.056 0.001 0 0.001 0.272 0.001 0.025 0.001 0.001 0
0.003 0.001 0.002 0.004 0 0 0 0 0.003 0.001 0 0.002 0.128 0.001 0.008 0.008 0.004 0.001 0 0.012 0.063 0.002 0.022 0.007 0.017 0.002 0 0.003 0.001 0.001 0.007 0.012 0.019 0.001 0.001 0.004 0.002 0.004 0.023 0.002 0.007 0.017 0.06 0.001 0.002 0.017 0.017 0 0.001 0.035 0.06 0 0.073 0.063 0.001 0.071 0.079 0.001 0 1 0.066 0.091 0.001 0.001 0.001 0.004 0.003 0.082 0.061 0.002 0.319 0.001 0 0.001 0.049 0.001 0.002 0.387
0.004 0.008 0.011 0.01 0.002 0.005 0.026 0.002 0.03 0.007 0 0 0.113 0.01 0 0 0 0.013 0.094 0 0.356 0.025 0.105 0.008 0.04 0.012 0.094 0.011 0.012 0.013 0.009 0.029 0.042 0.007 0.029 0.028 0.055 0.043 0.066 0 0.095 0.24 0.538 0.004 0.122 0.258 0.226 0.09 0.007 0.867 0.555 0.094 0.56 0.659 0.01 0.911 0.771 0.064 0.059 0.066 1 0.674 0.02 0.007 0.062 0.272 0.041 0.692 0.863 0.023 0.105 0.009 0.149 0.009 0.735 0.014 0.025 0.112
0.009 0.007 0.004 0.048 0.019 0.004 0 0.028 0.086 0.005 0.024 0.019 0.162 0.007 0.037 0.047 0.013 0.01 0.143 0.025 0.489 0.013 0.194 0.035 0.111 0.007 0.152 0.007 0.008 0.006 0.034 0.114 0.137 0.006 0 0.024 0 0.04 0.176 0 0.073 0.23 0.569 0.012 0.007 0.284 0.164 0.06 0.005 0.661 0.775 0 0.754 0.679 0.008 0.699 0.813 0.01 0.063 0.091 0.674 1 0.015 0.005 0.008 0.387 0.03 0.923 0.667 0.017 0.144 0.006 0.184 0.006 0.772 0.01 0.018 0.154
0.008 0.005 0.006 0.021 0.004 0.004 0.002 0.002 0.025 0.001 0.001 0.002 0.003 0.001 0.008 0.009 0.002 0.001 0.003 0.007 0.009 0.039 0.007 0.005 0.008 0.003 0.003 0.004 0.001 0.001 0.009 0.028 0.028 0.001 0.002 0.005 0.003 0.004 0.035 0.23 0.009 0.024 0.012 0.001 0.003 0.022 0.017 0.082 0.001 0.02 0.012 0.002 0.012 0.01 0.001 0.021 0.017 0 0.001 0.001 0.02 0.015 1 0.001 0.001 0.007 0.005 0.015 0.019 0.874 0.002 0.001 0.003 0.001 0.016 0.002 0.174 0.002
0.002 0.005 0.001 0.006 0 0.002 0.001 0.002 0.007 0.292 0.002 0.001 0.001 0 0 0 0.002 0.001 0 0.002 0.002 0.001 0.004 0.001 0.006 0.063 0 0.002 0 0 0.004 0.012 0.016 0 0.001 0.004 0.001 0.004 0.009 0.001 0.004 0.011 0.003 0.001 0.001 0.003 0.009 0.019 0 0.007 0.004 0.001 0.004 0.005 0 0.007 0.006 0.001 0 0.001 0.007 0.005 0.001 1 0.001 0.002 0.002 0.005 0.007 0.001 0.001 0 0.001 0 0.006 0.001 0.001 0.001
0.028 0.037 0.035 0.014 0.006 0.16 0.249 0.004 0.019 0.001 0.003 0.002 0.001 0.001 0.051 0.051 0.004 0.001 0.002 0.034 0.002 0.011 0.016 0.004 0.022 0.002 0.002 0.259 0.322 0.3 0.004 0.044 0.03 0.001 0.276 0.007 0.442 0.003 0.025 0.002 0.007 0.032 0.006 0.001 0.432 0.005 0.016 0.014 0.001 0.064 0.006 0.537 0.006 0.008 0.001 0.06 0.009 0.756 0.001 0.001 0.062 0.008 0.001 0.001 1 0.002 0.003 0.008 0.043 0.002 0.001 0.001 0.001 0.001 0.008 0.001 0.002 0.001
0.024 0.029 0.018 0.048 0.01 0.007 0.004 0.017 0.042 0.002 0.015 0.008 0.001 0.003 0.018 0.019 0.001 0.004 0.338 0.007 0.182 0.001 0.087 0.007 0.045 0 0.371 0.008 0.004 0.002 0.006 0.053 0.048 0.003 0.001 0.003 0.004 0.012 0.068 0.002 0.033 0.106 0.274 0.005 0.002 0.135 0.074 0.055 0.002 0.316 0.359 0.003 0.315 0.321 0.003 0.306 0.358 0.005 0.001 0.004 0.272 0.387 0.007 0.002 0.002 1 0.014 0.391 0.321 0.008 0.006 0.003 0.003 0.003 0.37 0.005 0.008 0.003
0.005 0.036 0.038 0.073 0.019 0.008 0.006 0.011 0.085 0.002 0.009 0.006 0.005 0.002 0.03 0.034 0.012 0.003 0.005 0.035 0.017 0.022 0.05 0.021 0.002 0.238 0.005 0.008 0.003 0.003 0.021 0.002 0 0.002 0.003 0.022 0.006 0.02 0.055 0.002 0.301 0.056 0.023 0.004 0.006 0.064 0.183 0.035 0.002 0.04 0.025 0.005 0.025 0.031 0.002 0.043 0.035 0.003 0.003 0.003 0.041 0.03 0.005 0.002 0.003 0.014 1 0.031 0.039 0.006 0.004 0.002 0.006 0.002 0.033 0.003 0.001 0.005
0.005 0.004 0.001 0.039 0.015 0.004 0 0.029 0.08 0.005 0.024 0.019 0.145 0.007 0.033 0.042 0.01 0.007 0.143 0.023 0.486 0.014 0.189 0.029 0.106 0.007 0.149 0.008 0.008 0.006 0.03 0.108 0.132 0.006 0 0.022 0.001 0.041 0.171 0 0.075 0.234 0.543 0.012 0.01 0.257 0.168 0.062 0.005 0.669 0.768 0 0.74 0.672 0.008 0.706 0.823 0.011 0.081 0.082 0.692 0.923 0.015 0.005 0.008 0.391 0.031 1 0.675 0.017 0.141 0.007 0.202 0.006 0.766 0.01 0.018 0.143
0.001 0.005 0.006 0.014 0.002 0.001 0.01 0.001 0.035 0.007 0 0 0.116 0.009 0.002 0.005 0 0.012 0.126 0.001 0.419 0.032 0.109 0.008 0.049 0.01 0.137 0.004 0.004 0.003 0.008 0.037 0.061 0.007 0.019 0.041 0.03 0.052 0.088 0.002 0.088 0.221 0.605 0.015 0.071 0.265 0.21 0.093 0.007 0.843 0.598 0.058 0.576 0.711 0.01 0.889 0.802 0.046 0.056 0.061 0.863 0.667 0.019 0.007 0.043 0.321 0.039 0.675 1 0.022 0.112 0.008 0.161 0.008 0.731 0.013 0.02 0.11
0.011 0.008 0.008 0.027 0.005 0.004 0.003 0.002 0.031 0.001 0.002 0.002 0.003 0.001 0.011 0.011 0.003 0.001 0.004 0.01 0.011 0.054 0.013 0.006 0.011 0.003 0.004 0.004 0.001 0.001 0.011 0.033 0.035 0.001 0.002 0.001 0.003 0.005 0.043 0.226 0.011 0.029 0.014 0.001 0.003 0.027 0.021 0.097 0.001 0.022 0.014 0.003 0.014 0.012 0.001 0.024 0.019 0.001 0.001 0.002 0.023 0.017 0.874 0.001 0.002 0.008 0.006 0.017 0.022 1 0.002 0.001 0.003 0.001 0.018 0.002 0.23 0.003
0.002 0.001 0.001 0.008 0.002 0.001 0 0 0.013 0.001 0 0.003 0.067 0.001 0.013 0.013 0.006 0.001 0 0.017 0.1 0.004 0.038 0.01 0.026 0.003 0 0.004 0.001 0.001 0.01 0.026 0.03 0.001 0.001 0.008 0.003 0.007 0.037 0.002 0.011 0.028 0.096 0.002 0.003 0.019 0.024 0.007 0.001 0.064 0.107 0 0.123 0.103 0.001 0.101 0.125 0.001 0 0.319 0.105 0.144 0.002 0.001 0.001 0.006 0.004 0.141 0.112 0.002 1 0.001 0.003 0.001 0.093 0.001 0.003 0.681
0.005 0.009 0.009 0.01 0.005 0.002 0.001 0.003 0.012 0 0.003 0.001 0.001 0.001 0.009 0.007 0.003 0.001 0.001 0.008 0.004 0.001 0.004 0.005 0.013 0.001 0.001 0.002 0.001 0.001 0.005 0.013 0.008 0.572 0.001 0.005 0.001 0.005 0.007 0.001 0.051 0.017 0.005 0.001 0.001 0.014 0.019 0.009 0 0.009 0.005 0.001 0.005 0.007 0 0.009 0.007 0.001 0.001 0.001 0.009 0.006 0.001 0 0.001 0.003 0.002 0.007 0.008 0.001 0.001 1 0.001 0 0.007 0.001 0.001 0.001
0.004 0.008 0.007 0 0.004 0.004 0.003 0.008 0.031 0.001 0.007 0.004 0.143 0.001 0.012 0.021 0.008 0.002 0.004 0.011 0.194 0.009 0.06 0.013 0.039 0.004 0.004 0.004 0.002 0.002 0.014 0.038 0.055 0.001 0.002 0.014 0.001 0.014 0.06 0.003 0.015 0.059 0.14 0.002 0.001 0.061 0.034 0.002 0.001 0.155 0.227 0.001 0.235 0.184 0.002 0.144 0.157 0.002 0.272 0 0.149 0.184 0.003 0.001 0.001 0.003 0.006 0.202 0.161 0.003 0.003 0.001 1 0.001 0.128 0.002 0.004 0.001
0.004 0.008 0.009 0.008 0.004 0.002 0.001 0.003 0.01 0 0.002 0.001 0.001 0 0.008 0.007 0.003 0.001 0.009 0.008 0.001 0.008 0.003 0.005 0.012 0.001 0.008 0.002 0.001 0.001 0.005 0.031 0.023 0 0.001 0.005 0.001 0.005 0.019 0.001 0.086 0.016 0.005 0.001 0.001 0.001 0.038 0.01 0 0.008 0.005 0.001 0.005 0.007 0.001 0.009 0.007 0.001 0.001 0.001 0.009 0.006 0.001 0 0.001 0.003 0.002 0.006 0.008 0.001 0.001 0 0.001 1 0.007 0.001 0.001 0.001
0.001 0 0 0.028 0 0.009 0.002 0 0.045 0.006 0 0.001 0.113 0.008 0.009 0.014 0.003 0.01 0.15 0.004 0.394 0.018 0.136 0.002 0.063 0.008 0.163 0.013 0.009 0.007 0.002 0.065 0.091 0.006 0 0.025 0.004 0.045 0.119 0 0.074 0.162 0.649 0.013 0.004 0.304 0.178 0.077 0.006 0.717 0.647 0.001 0.621 0.765 0.008 0.759 0.898 0.011 0.025 0.049 0.735 0.772 0.016 0.006 0.008 0.37 0.033 0.766 0.731 0.018 0.093 0.007 0.128 0.007 1 0.011 0.019 0.11
0.016 0.023 0.021 0.003 0 0.07 0.05 0.004 0.007 0.001 0.004 0.002 0.002 0.021 0.023 0.022 0.005 0.001 0.002 0.024 0.006 0.001 0.001 0 0.003 0.002 0.002 0.069 0.014 0.013 0.004 0.001 0.001 0.001 0.062 0.008 0.031 0.008 0 0.002 0.001 0.004 0.009 0.001 0.002 0.022 0.006 0.001 0.495 0.014 0.009 0.002 0.008 0.011 0.658 0.015 0.012 0.001 0.001 0.001 0.014 0.01 0.002 0.001 0.001 0.005 0.003 0.01 0.013 0.002 0.001 0.001 0.002 0.001 0.011 1 0.125 0.002
0.004 0.002 0.002 0.008 0.004 0.002 0 0.008 0.003 0.001 0.007 0.004 0.003 0.009 0.001 0.001 0.009 0.001 0.004 0.001 0.009 0.024 0.002 0.005 0 0.004 0.004 0.002 0 0 0.013 0.006 0.008 0.001 0 0.001 0.001 0.006 0.012 0.023 0 0.025 0.015 0.001 0.004 0.031 0.003 0.037 0.037 0.024 0.015 0.003 0.015 0.018 0.082 0.026 0.021 0.002 0.001 0.002 0.025 0.018 0.174 0.001 0.002 0.008 0.001 0.018 0.02 0.23 0.003 0.001 0.004 0.001 0.019 0.125 1 0.003
0.002 0.001 0.001 0.008 0.002 0.001 0 0 0.014 0.001 0 0.003 0.086 0.001 0.014 0.014 0.007 0.001 0 0.018 0.115 0.004 0.044 0.011 0.031 0.003 0 0.004 0.001 0.001 0.011 0.025 0.037 0.001 0.002 0.008 0.003 0.007 0.044 0.002 0.011 0.032 0.109 0.002 0.003 0.036 0.025 0.007 0.001 0.074 0.122 0 0.139 0.107 0.001 0.108 0.134 0.002 0 0.387 0.112 0.154 0.002 0.001 0.001 0.003 0.005 0.143 0.11 0.003 0.681 0.001 0.001 0.001 0.11 0.002 0.003 1
