1 0.831 0.844 0.486 0.347 0.179 0.127 0.243 0.29 0.009 0.21 0.111 0.024 0.042 0.497 0.462 0.252 0.032 0.033 0.487 0.001 0.133 0.091 0.276 0.247 0.003 0.042 0.157 0.05 0.047 0.226 0.193 0.112 0 0.039 0.058 0.062 0.033 0.103 0.023 0.005 0.077 0 0.015 0.067 0.02 0.006 0.101 0.008 0.019 0.002 0.04 0.001 0 0.002 0.012 0.002 0.024 0.069 0.013 0.016 0 0.012 0.007 0.02 0.012 0.006 0.002 0.005 0.016 0.004 0 0.044 0.002 0.001 0.013 0.011 0.001
0.831 1 0.931 0.469 0.354 0.214 0.152 0.291 0.263 0.008 0.252 0.133 0.02 0.05 0.553 0.508 0.247 0.04 0.027 0.536 0 0.117 0.079 0.285 0.249 0.018 0.035 0.19 0.06 0.057 0.237 0.194 0.116 0 0.049 0.057 0.077 0.05 0.09 0.019 0.017 0.086 0 0.016 0.042 0.019 0.002 0.072 0.011 0.015 0.001 0.05 0 0 0.004 0.009 0 0.031 0.084 0.01 0.012 0.001 0.009 0.007 0.026 0.013 0.026 0 0.009 0.012 0.003 0 0.037 0.01 0 0.018 0.008 0
0.844 0.931 1 0.469 0.391 0.2 0.142 0.272 0.269 0.008 0.235 0.125 0.022 0.047 0.57 0.523 0.284 0.037 0.029 0.556 0 0.107 0.077 0.316 0.282 0.02 0.037 0.177 0.056 0.053 0.262 0.222 0.136 0 0.045 0.072 0.071 0.043 0.107 0.02 0.013 0.09 0 0.017 0.077 0.024 0.002 0.083 0.009 0.021 0.002 0.046 0.001 0 0.003 0.014 0.002 0.028 0.078 0.011 0.017 0 0.01 0.006 0.024 0.009 0.028 0.002 0.011 0.013 0.003 0.001 0.052 0.011 0.001 0.016 0.009 0
0.486 0.469 0.469 1 0.206 0.1 0.071 0.138 0.768 0.016 0.119 0.063 0.043 0.024 0.299 0.277 0.152 0.03 0.058 0.278 0.017 0.267 0.281 0.166 0.541 0.001 0.061 0.087 0.03 0.027 0.127 0.5 0.303 0.029 0.018 0.011 0.03 0.003 0.35 0.04 0.191 0 0.024 0.033 0.032 0.003 0.161 0.215 0.008 0.002 0.038 0.018 0.034 0.019 0.001 0.001 0.006 0.009 0.039 0.002 0 0.014 0.027 0.01 0.012 0.029 0.049 0.004 0.001 0.035 0.003 0.034 0.018 0.019 0.01 0.005 0.022 0.001
0.347 0.354 0.391 0.206 1 0.022 0.015 0.503 0.262 0.004 0.492 0.247 0.01 0.005 0.467 0.425 0.594 0.091 0.013 0.453 0.04 0.068 0.135 0.707 0.261 0.009 0.017 0.018 0.006 0.007 0.589 0.195 0.147 0.003 0.007 0.221 0.011 0.145 0.138 0.009 0.019 0.025 0.016 0.008 0.005 0.037 0.039 0.056 0.002 0.01 0.042 0.007 0.039 0.023 0.001 0.014 0.006 0.007 0.007 0.006 0.01 0.014 0.008 0.002 0.007 0.006 0.012 0.012 0.012 0.01 0.007 0.001 0.001 0.005 0.003 0.001 0.004 0.008
0.179 0.214 0.2 0.1 0.022 1 0.711 0.013 0.117 0.002 0.011 0.006 0.004 0.235 0.207 0.191 0.016 0.003 0.006 0.195 0.019 0.014 0.04 0.025 0.095 0.004 0.007 0.865 0.285 0.281 0.025 0.079 0.052 0.001 0.247 0.023 0.387 0.02 0.028 0.004 0.003 0.005 0.015 0.003 0.165 0.038 0.012 0.01 0.065 0.009 0.016 0.253 0.015 0.019 0.029 0.008 0.01 0.173 0 0.001 0.005 0.008 0.001 0.001 0.146 0.008 0.006 0.008 0.002 0.001 0.001 0.003 0.001 0.002 0.008 0.079 0 0.001
0.127 0.152 0.142 0.071 0.015 0.711 1 0.009 0.088 0.001 0.008 0.004 0.003 0.002 0.153 0.141 0.011 0.002 0.004 0.144 0.013 0.01 0.028 0.018 0.066 0.003 0.005 0.608 0.401 0.397 0.018 0.051 0.031 0.002 0.352 0.016 0.55 0.014 0.011 0.003 0.015 0.029 0.009 0.002 0.244 0.024 0.035 0.003 0.051 0.028 0.01 0.362 0.009 0.012 0.023 0.026 0.005 0.249 0 0 0.018 0.003 0.003 0.001 0.211 0.005 0.004 0.003 0.013 0.004 0 0.003 0 0.002 0.003 0.076 0.003 0.001
0.243 0.291 0.272 0.138 0.503 0.013 0.009 1 0.155 0.002 0.865 0.458 0.006 0.003 0.287 0.265 0.743 0.004 0.008 0.288 0.023 0.042 0.082 0.445 0.168 0.005 0.01 0.01 0.004 0.004 0.407 0.135 0.096 0.01 0.004 0.274 0.006 0.292 0.097 0.006 0.008 0.048 0.004 0.005 0.007 0.083 0.122 0.054 0.003 0.016 0.029 0.004 0.027 0.008 0.005 0.019 0.011 0.004 0.006 0.003 0.014 0.034 0.004 0.002 0.005 0.015 0.007 0.033 0.014 0.005 0.004 0.006 0.008 0.003 0.009 0.005 0.007 0.005
0.29 0.263 0.269 0.768 0.262 0.117 0.088 0.155 1 0.013 0.133 0.077 0.035 0.029 0.391 0.361 0.175 0.037 0.04 0.358 0.127 0.218 0.432 0.211 0.685 0.002 0.042 0.109 0.036 0.033 0.161 0.626 0.413 0.035 0.024 0.021 0.039 0.008 0.471 0.033 0.234 0.008 0.086 0.027 0.042 0.016 0.216 0.215 0.011 0.038 0.145 0.024 0.142 0.098 0.003 0.031 0.05 0.013 0.021 0.001 0.027 0.068 0.027 0.008 0.015 0.036 0.06 0.058 0.031 0.033 0.007 0.04 0.016 0.023 0.047 0.008 0.016 0.013
0.009 0.008 0.008 0.016 0.004 0.002 0.001 0.002 0.013 1 0.002 0.001 0.001 0 0.006 0.002 0.003 0 0.001 0.008 0.003 0.003 0.008 0.004 0.013 0.067 0.001 0.002 0 0.001 0.004 0.013 0.013 0 0.001 0.002 0.001 0.002 0.007 0 0.004 0.01 0.004 0 0.001 0.001 0.008 0.022 0 0.006 0.004 0.001 0.004 0.004 0.001 0.007 0.005 0.001 0.001 0.001 0.006 0.005 0.001 0.429 0.001 0.002 0.001 0.004 0.006 0.001 0.001 0.001 0.001 0 0.005 0.001 0.001 0.001
0.21 0.252 0.235 0.119 0.492 0.011 0.008 0.865 0.133 0.002 1 0.53 0.005 0.003 0.247 0.229 0.654 0.003 0.007 0.248 0.02 0.036 0.07 0.374 0.145 0.005 0.009 0.008 0.003 0.004 0.34 0.112 0.078 0.013 0.004 0.208 0.005 0.219 0.08 0.005 0.005 0.031 0.002 0.004 0.006 0.058 0.092 0.053 0.002 0.011 0.025 0.003 0.023 0.005 0.004 0.013 0.008 0.003 0.005 0.003 0.01 0.029 0.003 0.002 0.004 0.013 0.006 0.028 0.01 0.004 0.003 0.008 0.007 0.002 0.006 0.004 0.006 0.004
0.111 0.133 0.125 0.063 0.247 0.006 0.004 0.458 0.077 0.001 0.53 1 0.003 0.001 0.134 0.124 0.374 0.002 0.004 0.134 0.012 0.019 0.039 0.171 0.079 0.002 0.005 0.003 0.002 0.002 0.155 0.081 0.056 0.032 0.002 0.128 0.003 0.125 0.061 0.003 0 0.017 0.003 0.002 0.003 0.018 0.067 0.033 0.001 0.008 0.015 0.001 0.014 0.005 0.002 0.01 0.007 0.001 0.003 0.002 0.008 0.017 0.003 0.001 0.002 0.007 0.004 0.016 0.008 0.003 0.002 0.023 0.004 0.001 0.007 0.002 0.003 0.003
0.024 0.02 0.022 0.043 0.01 0.004 0.003 0.006 0.035 0.001 0.005 0.003 1 0.001 0.016 0.014 0.007 0.001 0.003 0.015 0.194 0.014 0.054 0.011 0.034 0.002 0.003 0.004 0.001 0.001 0.005 0.028 0.036 0.001 0 0.01 0 0.009 0.038 0.002 0.01 0.056 0.13 0.002 0 0.036 0.022 0.01 0.001 0.101 0.133 0 0.131 0.089 0.002 0.108 0.101 0 0.001 0.146 0.085 0.116 0.002 0.001 0 0 0.003 0.084 0.098 0.002 0.139 0.002 0.011 0.001 0.081 0.002 0.002 0.119
0.042 0.05 0.047 0.024 0.005 0.235 0.002 0.003 0.029 0 0.003 0.001 0.001 1 0.051 0.047 0.004 0.001 0.001 0.051 0.004 0.007 0.015 0.006 0.03 0.001 0.002 0.243 0.001 0.001 0.006 0.031 0.024 0 0.001 0.005 0.001 0.005 0.023 0.001 0.104 0.017 0.005 0.001 0.001 0.012 0.013 0.012 0.014 0.008 0.006 0.001 0.005 0.006 0.006 0.009 0.007 0.001 0.001 0.001 0.008 0.006 0.002 0 0.001 0.003 0.001 0.006 0.008 0.001 0.001 0 0.001 0 0.006 0.007 0.003 0.001
0.497 0.553 0.57 0.299 0.467 0.207 0.153 0.287 0.391 0.006 0.247 0.134 0.016 0.051 1 0.888 0.331 0.065 0.023 0.809 0.077 0.09 0.21 0.501 0.438 0.016 0.03 0.194 0.061 0.067 0.408 0.351 0.26 0 0.052 0.098 0.08 0.063 0.223 0.019 0.01 0.023 0.045 0.012 0.087 0.001 0.011 0.053 0.014 0.004 0.083 0.053 0.08 0.06 0.006 0.007 0.026 0.033 0.011 0.012 0.004 0.039 0.012 0.004 0.036 0.014 0.02 0.036 0.009 0.015 0.012 0.001 0.005 0.01 0.019 0.022 0 0.016
0.462 0.508 0.523 0.277 0.425 0.191 0.141 0.265 0.361 0.002 0.229 0.124 0.014 0.047 0.888 1 0.306 0.06 0.025 0.802 0.079 0.092 0.214 0.469 0.438 0.008 0.033 0.179 0.056 0.062 0.428 0.324 0.245 0 0.056 0.096 0.082 0.062 0.216 0.02 0.009 0.018 0.053 0.007 0.087 0 0.012 0.04 0.012 0.006 0.094 0.056 0.091 0.07 0.005 0.01 0.034 0.037 0.01 0.013 0.007 0.047 0.013 0.001 0.039 0.016 0.023 0.044 0.013 0.017 0.014 0 0.008 0.005 0.025 0.019 0.001 0.017
0.252 0.247 0.284 0.152 0.594 0.016 0.011 0.743 0.175 0.003 0.654 0.374 0.007 0.004 0.331 0.306 1 0.005 0.01 0.359 0.031 0.051 0.104 0.533 0.211 0.007 0.012 0.013 0.005 0.005 0.492 0.176 0.128 0.006 0.006 0.36 0.008 0.249 0.129 0.007 0.007 0.067 0.01 0.006 0.011 0.098 0.103 0.058 0.003 0.003 0.032 0.005 0.036 0.014 0.006 0.005 0.001 0.005 0.007 0.006 0.002 0.009 0.005 0.002 0.006 0.002 0.009 0.008 0.004 0.007 0.006 0.003 0.002 0.004 0 0.005 0.008 0.007
0.032 0.04 0.037 0.03 0.091 0.003 0.002 0.004 0.037 0 0.003 0.002 0.001 0.001 0.065 0.06 0.005 1 0.002 0.065 0.006 0.009 0.019 0.118 0.038 0.001 0.002 0.003 0.001 0.001 0.115 0.039 0.031 0.001 0.001 0.007 0.002 0.006 0.029 0.001 0.007 0.022 0.007 0.001 0.002 0.016 0.005 0.004 0 0.01 0.007 0.001 0.007 0.008 0 0.012 0.009 0.001 0.001 0.001 0.01 0.008 0.001 0 0.001 0.003 0.002 0.007 0.01 0.002 0.001 0.001 0.002 0.001 0.008 0 0.001 0.001
0.033 0.027 0.029 0.058 0.013 0.006 0.004 0.008 0.04 0.001 0.007 0.004 0.003 0.001 0.023 0.025 0.01 0.002 1 0.027 0.313 0.018 0.095 0.015 0.046 0.002 0.781 0.006 0.002 0.002 0.015 0.042 0.052 0.002 0.002 0.014 0.003 0.012 0.057 0.002 0.011 0.073 0.257 0.002 0.004 0.055 0.028 0.025 0.001 0.16 0.231 0.003 0.236 0.21 0.002 0.143 0.182 0.002 0.003 0.001 0.131 0.178 0.003 0.001 0.002 0.473 0.004 0.155 0.162 0.003 0.001 0.002 0.004 0 0.184 0.002 0.003 0.001
0.487 0.536 0.556 0.278 0.453 0.195 0.144 0.288 0.358 0.008 0.248 0.134 0.015 0.051 0.809 0.802 0.359 0.065 0.027 1 0.065 0.119 0.23 0.541 0.496 0.018 0.021 0.188 0.061 0.058 0.496 0.36 0.248 0 0.047 0.095 0.075 0.06 0.209 0.013 0.013 0.024 0.038 0.015 0.081 0.002 0.009 0.055 0.014 0.003 0.069 0.049 0.07 0.053 0.006 0.007 0.025 0.029 0.012 0.017 0.009 0.037 0.009 0.005 0.031 0.009 0.026 0.045 0.009 0.012 0.017 0.001 0.006 0.01 0.018 0.022 0.005 0.021
0.001 0 0 0.017 0.04 0.019 0.013 0.023 0.127 0.003 0.02 0.012 0.194 0.004 0.077 0.079 0.031 0.006 0.313 0.065 1 0.057 0.296 0.047 0.147 0.008 0.321 0.018 0.006 0.006 0.041 0.12 0.153 0.005 0 0.044 0.002 0.039 0.159 0.008 0.038 0.232 0.62 0.007 0.002 0.16 0.091 0.046 0.004 0.515 0.682 0 0.678 0.584 0.007 0.459 0.513 0 0.172 0.017 0.407 0.487 0.009 0.003 0 0.272 0.011 0.461 0.51 0.011 0.059 0.006 0.149 0.002 0.439 0.007 0.008 0.086
0.133 0.117 0.107 0.267 0.068 0.014 0.01 0.042 0.218 0.003 0.036 0.019 0.014 0.007 0.09 0.092 0.051 0.009 0.018 0.119 0.057 1 0.394 0.078 0.195 0.012 0.009 0.03 0.009 0.01 0.066 0.175 0.036 0.009 0.012 0.014 0.017 0.021 0.053 0.129 0.049 0.012 0.037 0.103 0.016 0.006 0.007 0.163 0 0.051 0.024 0.012 0.021 0.024 0.007 0.047 0.036 0.008 0.013 0.001 0.041 0.027 0.072 0.001 0.011 0.011 0.013 0.026 0.044 0.094 0.001 0.009 0.01 0.007 0.028 0.001 0.068 0.001
0.091 0.079 0.077 0.281 0.135 0.04 0.028 0.082 0.432 0.008 0.07 0.039 0.054 0.015 0.21 0.214 0.104 0.019 0.095 0.23 0.296 0.394 1 0.158 0.431 0.025 0.12 0.06 0.018 0.02 0.134 0.371 0.194 0.018 0.012 0.002 0.02 0 0.232 0.047 0.109 0.097 0.219 0.05 0.02 0.075 0.083 0.019 0.003 0.148 0.28 0.012 0.288 0.231 0 0.131 0.171 0.006 0.047 0.006 0.119 0.179 0.013 0.004 0.006 0.097 0.03 0.17 0.131 0.022 0.025 0.019 0.045 0.011 0.156 0.001 0.018 0.041
0.276 0.285 0.316 0.166 0.707 0.025 0.018 0.445 0.211 0.004 0.374 0.171 0.011 0.006 0.501 0.469 0.533 0.118 0.015 0.541 0.047 0.078 0.158 1 0.314 0.01 0.019 0.02 0.007 0.008 0.848 0.244 0.178 0.005 0.008 0.249 0.013 0.175 0.176 0.01 0.046 0.022 0.024 0.009 0.003 0.042 0.031 0.043 0.001 0.018 0.052 0.008 0.055 0.033 0 0.023 0.012 0.008 0.011 0.009 0.016 0.026 0.009 0.003 0.003 0.005 0.014 0.024 0.02 0.011 0.009 0.007 0.005 0.005 0.008 0 0.005 0.011
0.247 0.249 0.282 0.541 0.261 0.095 0.066 0.168 0.685 0.013 0.145 0.079 0.034 0.03 0.438 0.438 0.211 0.038 0.046 0.496 0.147 0.195 0.431 0.314 1 0.031 0.059 0.112 0.037 0.034 0.291 0.757 0.575 0.037 0.025 0.031 0.041 0.016 0.509 0.03 0.167 0.009 0.112 0.026 0.047 0.023 0.184 0.164 0.009 0.053 0.164 0.025 0.161 0.119 0.002 0.054 0.085 0.014 0.024 0.011 0.047 0.1 0.024 0.01 0.016 0.044 0.005 0.095 0.058 0.03 0.011 0.042 0.023 0.024 0.083 0.006 0.015 0.036
0.003 0.018 0.02 0.001 0.009 0.004 0.003 0.005 0.002 0.067 0.005 0.002 0.002 0.001 0.016 0.008 0.007 0.001 0.002 0.018 0.008 0.012 0.025 0.01 0.031 1 0.003 0.004 0.001 0.001 0.01 0.03 0.038 0.001 0 0.009 0.002 0.008 0.002 0.002 0.036 0.027 0.009 0 0.002 0.009 0.007 0 0.001 0.006 0.002 0.002 0.002 0.003 0.001 0.007 0.004 0.001 0.002 0.001 0.006 0.003 0.002 0.094 0.001 0 0.155 0.003 0.006 0.002 0.002 0.001 0.002 0.001 0.003 0.001 0.002 0.002
0.042 0.035 0.037 0.061 0.017 0.007 0.005 0.01 0.042 0.001 0.009 0.005 0.003 0.002 0.03 0.033 0.012 0.002 0.781 0.021 0.321 0.009 0.12 0.019 0.059 0.003 1 0.007 0.002 0.002 0.02 0.054 0.067 0.002 0.003 0.018 0.004 0.016 0.068 0.003 0.015 0.078 0.3 0.003 0.005 0.062 0.036 0.026 0.002 0.185 0.259 0.003 0.247 0.244 0.003 0.165 0.212 0.003 0.003 0.001 0.112 0.187 0.004 0.001 0.003 0.54 0.005 0.143 0.187 0.004 0.001 0.003 0.005 0 0.218 0.003 0.004 0.002
0.157 0.19 0.177 0.087 0.018 0.865 0.608 0.01 0.109 0.002 0.008 0.003 0.004 0.243 0.194 0.179 0.013 0.003 0.006 0.188 0.018 0.03 0.06 0.02 0.112 0.004 0.007 1 0.304 0.3 0.025 0.086 0.071 0 0.282 0.022 0.463 0.017 0.042 0.004 0.005 0.011 0.014 0.003 0.211 0.034 0.009 0.022 0.068 0.016 0.016 0.319 0.015 0.018 0.031 0.011 0.013 0.233 0 0.004 0.007 0.01 0.001 0.001 0.182 0.007 0.006 0.01 0.004 0.001 0.004 0.001 0.001 0.002 0.01 0.082 0 0.004
0.05 0.06 0.056 0.03 0.006 0.285 0.401 0.004 0.036 0 0.003 0.002 0.001 0.001 0.061 0.056 0.005 0.001 0.002 0.061 0.006 0.009 0.018 0.007 0.037 0.001 0.002 0.304 1 0.91 0.007 0.014 0.009 0.001 0.084 0.007 0.306 0.006 0.008 0.001 0.006 0.014 0.006 0.001 0.084 0.015 0.015 0.003 0.028 0.006 0.007 0.126 0.007 0.008 0.013 0.004 0.008 0.082 0.001 0.001 0.001 0.007 0.001 0 0.083 0.003 0.002 0.007 0 0.002 0.001 0.001 0.001 0.001 0.007 0.087 0.001 0.001
0.047 0.057 0.053 0.027 0.007 0.281 0.397 0.004 0.033 0.001 0.004 0.002 0.001 0.001 0.067 0.062 0.005 0.001 0.002 0.058 0.006 0.01 0.02 0.008 0.034 0.001 0.002 0.3 0.91 1 0.008 0.013 0.012 0.001 0.097 0.004 0.31 0.003 0.011 0.001 0.007 0.017 0.007 0.001 0.092 0.017 0.012 0.004 0.024 0.006 0.008 0.138 0.007 0.009 0.011 0.005 0.006 0.073 0.001 0.001 0.001 0.005 0.002 0 0.074 0.001 0.002 0.005 0 0.002 0.001 0.001 0.002 0.001 0.005 0.078 0.001 0.001
0.226 0.237 0.262 0.127 0.589 0.025 0.018 0.407 0.161 0.004 0.34 0.155 0.005 0.006 0.408 0.428 0.492 0.115 0.015 0.496 0.041 0.066 0.134 0.848 0.291 0.01 0.02 0.025 0.007 0.008 1 0.249 0.182 0.007 0.009 0.273 0.014 0.197 0.179 0.011 0.051 0.03 0.02 0.009 0.002 0.052 0.036 0.039 0.003 0.016 0.047 0.009 0.049 0.029 0.006 0.021 0.01 0.009 0.011 0.01 0.018 0.022 0.013 0.004 0.003 0.003 0.014 0.025 0.018 0.015 0.01 0.009 0.005 0.006 0.009 0.006 0.013 0.012
0.193 0.194 0.222 0.5 0.195 0.079 0.051 0.135 0.626 0.013 0.112 0.081 0.028 0.031 0.351 0.324 0.176 0.039 0.042 0.36 0.12 0.175 0.371 0.244 0.757 0.03 0.054 0.086 0.014 0.013 0.249 1 0.712 0.038 0.038 0.056 0.062 0.037 0.639 0.031 0.181 0 0.11 0.026 0.065 0.005 0.244 0.204 0.01 0.041 0.16 0.045 0.158 0.116 0 0.033 0.069 0.031 0.024 0.002 0.027 0.082 0.029 0.011 0.03 0.044 0.007 0.077 0.036 0.035 0.011 0.043 0.022 0.028 0.067 0 0.023 0.018
0.112 0.116 0.136 0.303 0.147 0.052 0.031 0.096 0.413 0.013 0.078 0.056 0.036 0.024 0.26 0.245 0.128 0.031 0.052 0.248 0.153 0.036 0.194 0.178 0.575 0.038 0.067 0.071 0.009 0.012 0.182 0.712 1 0.03 0.036 0.242 0.056 0.214 0.845 0.02 0.128 0.017 0.151 0.032 0.059 0 0.378 0.171 0.006 0.07 0.203 0.043 0.197 0.161 0 0.073 0.125 0.031 0.031 0.014 0.059 0.133 0.024 0.014 0.029 0.058 0.003 0.126 0.075 0.016 0.015 0.034 0.031 0.022 0.12 0.001 0.019 0.042
0 0 0 0.029 0.003 0.001 0.002 0.01 0.035 0 0.013 0.032 0.001 0 0 0 0.006 0.001 0.002 0 0.005 0.009 0.018 0.005 0.037 0.001 0.002 0 0.001 0.001 0.007 0.038 0.03 1 0.001 0.007 0.002 0.006 0.029 0.001 0.13 0.022 0.006 0.001 0.002 0.015 0.057 0.015 0.007 0.01 0.007 0.001 0.007 0.008 0.003 0.011 0.009 0.001 0.001 0.001 0.01 0.008 0.001 0 0.001 0.003 0.002 0.008 0.01 0.002 0.001 0.723 0.002 0.001 0.008 0.001 0.001 0.001
0.039 0.049 0.045 0.018 0.007 0.247 0.352 0.004 0.024 0.001 0.004 0.002 0 0.001 0.052 0.056 0.006 0.001 0.002 0.047 0 0.012 0.012 0.008 0.025 0 0.003 0.282 0.084 0.097 0.009 0.038 0.036 0.001 1 0.009 0.626 0.008 0.035 0.002 0.009 0.046 0.009 0.001 0.321 0.008 0.02 0.021 0.096 0.049 0.007 0.463 0.007 0.008 0.05 0.042 0.003 0.43 0.002 0.001 0.044 0.002 0.002 0.001 0.369 0 0.002 0.002 0.043 0.002 0.001 0.001 0.002 0.001 0.002 0.052 0.002 0.002
0.058 0.057 0.072 0.011 0.221 0.023 0.016 0.274 0.021 0.002 0.208 0.128 0.01 0.005 0.098 0.096 0.36 0.007 0.014 0.095 0.044 0.014 0.002 0.249 0.031 0.009 0.018 0.022 0.007 0.004 0.273 0.056 0.242 0.007 0.009 1 0.013 0.868 0.229 0.01 0.051 0.276 0.05 0.137 0.004 0.201 0.251 0.023 0.005 0.036 0.049 0.009 0.051 0.06 0.008 0.043 0.028 0.008 0.01 0.008 0.031 0.022 0.003 0.003 0.008 0.007 0.013 0.021 0.04 0.004 0.008 0.008 0.004 0.005 0.021 0.008 0.003 0.01
0.062 0.077 0.071 0.03 0.011 0.387 0.55 0.006 0.039 0.001 0.005 0.003 0 0.001 0.08 0.082 0.008 0.002 0.003 0.075 0.002 0.017 0.02 0.013 0.041 0.002 0.004 0.463 0.306 0.31 0.014 0.062 0.056 0.002 0.626 0.013 1 0.009 0.054 0.002 0.012 0.072 0.012 0.002 0.461 0.017 0.028 0.029 0.067 0.064 0.013 0.665 0.012 0.015 0.033 0.055 0.01 0.551 0.002 0.002 0.046 0.008 0.003 0.001 0.468 0.003 0.003 0.008 0.035 0.003 0.002 0.002 0.003 0.001 0.008 0.034 0.003 0.002
0.033 0.05 0.043 0.003 0.145 0.02 0.014 0.292 0.008 0.002 0.219 0.125 0.009 0.005 0.063 0.062 0.249 0.006 0.012 0.06 0.039 0.021 0 0.175 0.016 0.008 0.016 0.017 0.006 0.003 0.197 0.037 0.214 0.006 0.008 0.868 0.009 1 0.204 0.008 0.045 0.244 0.044 0.156 0.01 0.158 0.294 0.015 0.004 0.068 0.042 0.006 0.044 0.053 0.007 0.076 0.061 0.005 0.009 0.007 0.062 0.054 0.002 0.003 0.005 0.023 0.012 0.053 0.066 0.003 0.007 0.007 0.013 0.004 0.054 0.007 0.002 0.009
0.103 0.09 0.107 0.35 0.138 0.028 0.011 0.097 0.471 0.007 0.08 0.061 0.038 0.023 0.223 0.216 0.129 0.029 0.057 0.209 0.159 0.053 0.232 0.176 0.509 0.002 0.068 0.042 0.008 0.011 0.179 0.639 0.845 0.029 0.035 0.229 0.054 0.204 1 0.042 0.216 0.009 0.161 0.03 0.056 0.001 0.47 0.22 0.006 0.078 0.228 0.041 0.222 0.172 0 0.082 0.135 0.029 0.043 0.016 0.067 0.154 0.026 0.007 0.028 0.064 0.047 0.147 0.084 0.033 0.016 0.032 0.042 0.021 0.129 0.002 0.02 0.044
0.023 0.019 0.02 0.04 0.009 0.004 0.003 0.006 0.033 0 0.005 0.003 0.002 0.001 0.019 0.02 0.007 0.001 0.002 0.013 0.008 0.129 0.047 0.01 0.03 0.002 0.003 0.004 0.001 0.001 0.011 0.031 0.02 0.001 0.002 0.01 0.002 0.008 0.042 1 0.008 0.017 0.002 0.001 0.003 0.008 0.02 0.048 0.001 0.004 0.001 0.002 0.001 0 0.001 0.005 0.004 0 0.002 0.001 0.004 0.002 0.165 0.001 0.001 0 0.002 0.002 0.005 0.275 0.001 0.001 0.003 0.001 0.002 0.001 0.001 0.001
0.005 0.017 0.013 0.191 0.019 0.003 0.015 0.008 0.234 0.004 0.005 0 0.01 0.104 0.01 0.009 0.007 0.007 0.011 0.013 0.038 0.049 0.109 0.046 0.167 0.036 0.015 0.005 0.006 0.007 0.051 0.181 0.128 0.13 0.009 0.051 0.012 0.045 0.216 0.008 1 0.166 0.043 0.008 0.014 0.101 0.358 0.101 0.001 0.071 0.053 0.009 0.049 0.054 0 0.081 0.062 0.006 0.009 0.008 0.07 0.06 0.004 0.003 0.007 0.026 0.235 0.059 0.071 0.006 0.008 0.152 0.013 0.098 0.054 0.002 0.003 0.01
0.077 0.086 0.09 0 0.025 0.005 0.029 0.048 0.008 0.01 0.031 0.017 0.056 0.017 0.023 0.018 0.067 0.022 0.073 0.024 0.232 0.012 0.097 0.022 0.009 0.027 0.078 0.011 0.014 0.017 0.03 0 0.017 0.022 0.046 0.276 0.072 0.244 0.009 0.017 0.166 1 0.224 0.046 0.077 0.428 0.003 0.11 0 0.327 0.253 0.052 0.234 0.177 0.004 0.276 0.208 0.041 0.057 0.006 0.246 0.224 0.022 0.008 0.033 0.107 0.038 0.215 0.247 0.028 0.016 0.027 0.063 0.016 0.195 0.003 0.023 0.022
0 0 0 0.024 0.016 0.015 0.009 0.004 0.086 0.004 0.002 0.003 0.13 0.005 0.045 0.053 0.01 0.007 0.257 0.038 0.62 0.037 0.219 0.024 0.112 0.009 0.3 0.014 0.006 0.007 0.02 0.11 0.151 0.006 0.009 0.05 0.012 0.044 0.161 0.002 0.043 0.224 1 0.008 0.014 0.288 0.112 0.062 0.005 0.619 0.758 0.008 0.731 0.778 0.008 0.558 0.685 0.008 0.093 0.034 0.504 0.614 0.011 0.003 0.005 0.294 0.013 0.525 0.564 0.013 0.078 0.008 0.097 0.005 0.674 0.008 0.011 0.103
0.015 0.016 0.017 0.033 0.008 0.003 0.002 0.005 0.027 0 0.004 0.002 0.002 0.001 0.012 0.007 0.006 0.001 0.002 0.015 0.007 0.103 0.05 0.009 0.026 0 0.003 0.003 0.001 0.001 0.009 0.026 0.032 0.001 0.001 0.137 0.002 0.156 0.03 0.001 0.008 0.046 0.008 1 0.002 0.004 0.028 0.028 0.001 0.012 0.008 0.001 0.008 0.009 0.001 0.014 0.011 0.001 0.001 0.001 0.008 0.009 0.005 0.001 0.001 0.004 0.002 0.009 0.012 0.003 0.001 0.001 0.002 0.001 0.009 0.001 0.005 0.002
0.067 0.042 0.077 0.032 0.005 0.165 0.244 0.007 0.042 0.001 0.006 0.003 0 0.001 0.087 0.087 0.011 0.002 0.004 0.081 0.002 0.016 0.02 0.003 0.047 0.002 0.005 0.211 0.084 0.092 0.002 0.065 0.059 0.002 0.321 0.004 0.461 0.01 0.056 0.003 0.014 0.077 0.014 0.002 1 0 0.03 0.03 0.001 0.165 0.015 0.667 0.014 0.016 0.002 0.147 0.005 0.527 0.003 0.002 0.129 0.007 0.003 0.001 0.426 0.005 0.004 0.008 0.096 0.003 0.002 0.002 0.001 0.001 0.007 0.002 0.003 0.003
0.02 0.019 0.024 0.003 0.037 0.038 0.024 0.083 0.016 0.001 0.058 0.018 0.036 0.012 0.001 0 0.098 0.016 0.055 0.002 0.16 0.006 0.075 0.042 0.023 0.009 0.062 0.034 0.015 0.017 0.052 0.005 0 0.015 0.008 0.201 0.017 0.158 0.001 0.008 0.101 0.428 0.288 0.004 0 1 0.004 0.077 0.011 0.235 0.251 0.012 0.244 0.239 0.019 0.215 0.288 0.007 0.027 0.014 0.224 0.297 0.021 0 0.006 0.116 0.032 0.226 0.218 0.025 0.013 0.019 0.055 0.006 0.315 0.018 0.02 0.047
0.006 0.002 0.002 0.161 0.039 0.012 0.035 0.122 0.216 0.008 0.092 0.067 0.022 0.013 0.011 0.012 0.103 0.005 0.028 0.009 0.091 0.007 0.083 0.031 0.184 0.007 0.036 0.009 0.015 0.012 0.036 0.244 0.378 0.057 0.02 0.251 0.028 0.294 0.47 0.02 0.358 0.003 0.112 0.028 0.03 0.004 1 0.141 0 0.179 0.114 0.022 0.114 0.137 0.005 0.201 0.157 0.017 0.022 0.019 0.176 0.139 0.008 0.007 0.017 0.059 0.119 0.136 0.177 0.012 0.019 0.067 0.031 0.042 0.139 0.01 0.005 0.023
0.101 0.072 0.083 0.215 0.056 0.01 0.003 0.054 0.215 0.022 0.053 0.033 0.01 0.012 0.053 0.04 0.058 0.004 0.025 0.055 0.046 0.163 0.019 0.043 0.164 0 0.026 0.022 0.003 0.004 0.039 0.204 0.171 0.015 0.021 0.023 0.029 0.015 0.22 0.048 0.101 0.11 0.062 0.028 0.03 0.077 0.141 1 0.011 0.111 0.06 0.023 0.054 0.065 0 0.087 0.069 0.016 0 0.001 0.086 0.054 0.068 0.021 0.018 0.038 0.027 0.052 0.087 0.083 0.005 0.018 0.013 0.012 0.058 0.002 0.066 0.002
0.008 0.011 0.009 0.008 0.002 0.065 0.051 0.003 0.011 0 0.002 0.001 0.001 0.014 0.014 0.012 0.003 0 0.001 0.014 0.004 0 0.003 0.001 0.009 0.001 0.002 0.068 0.028 0.024 0.003 0.01 0.006 0.007 0.096 0.005 0.067 0.004 0.006 0.001 0.001 0 0.005 0.001 0.001 0.011 0 0.011 1 0.007 0.005 0.001 0.005 0.006 0.574 0.008 0.006 0.001 0.001 0.001 0.007 0.006 0.001 0 0.001 0.002 0.001 0.006 0.007 0.001 0.001 0.005 0.001 0 0.006 0.442 0.004 0.001
0.019 0.015 0.021 0.002 0.01 0.009 0.028 0.016 0.038 0.006 0.011 0.008 0.101 0.008 0.004 0.006 0.003 0.01 0.16 0.003 0.515 0.051 0.148 0.018 0.053 0.006 0.185 0.016 0.006 0.006 0.016 0.041 0.07 0.01 0.049 0.036 0.064 0.068 0.078 0.004 0.071 0.327 0.619 0.012 0.165 0.235 0.179 0.111 0.007 1 0.659 0.119 0.636 0.655 0.013 0.892 0.731 0.09 0.122 0.016 0.818 0.64 0.017 0.005 0.077 0.307 0.021 0.621 0.828 0.02 0.048 0.013 0.175 0.008 0.685 0.012 0.018 0.074
0.002 0.001 0.002 0.038 0.042 0.016 0.01 0.029 0.145 0.004 0.025 0.015 0.133 0.006 0.083 0.094 0.032 0.007 0.231 0.069 0.682 0.024 0.28 0.052 0.164 0.002 0.259 0.016 0.007 0.008 0.047 0.16 0.203 0.007 0.007 0.049 0.013 0.042 0.228 0.001 0.053 0.253 0.758 0.008 0.015 0.251 0.114 0.06 0.005 0.659 1 0.01 0.932 0.823 0.009 0.587 0.716 0.008 0.18 0.03 0.538 0.724 0.012 0.004 0.005 0.337 0.015 0.697 0.592 0.014 0.076 0.009 0.205 0.005 0.654 0.008 0.012 0.116
0.04 0.05 0.046 0.018 0.007 0.253 0.362 0.004 0.024 0.001 0.003 0.001 0 0.001 0.053 0.056 0.005 0.001 0.003 0.049 0 0.012 0.012 0.008 0.025 0.002 0.003 0.319 0.126 0.138 0.009 0.045 0.043 0.001 0.463 0.009 0.665 0.006 0.041 0.002 0.009 0.052 0.008 0.001 0.667 0.012 0.022 0.023 0.001 0.119 0.01 1 0.009 0.009 0.002 0.109 0.003 0.752 0.002 0.001 0.086 0.003 0.002 0.001 0.609 0.002 0.003 0.003 0.07 0.002 0.001 0.002 0.002 0.001 0.003 0.001 0.002 0.001
0.001 0 0.001 0.034 0.039 0.015 0.009 0.027 0.142 0.004 0.023 0.014 0.131 0.005 0.08 0.091 0.036 0.007 0.236 0.07 0.678 0.021 0.288 0.055 0.161 0.002 0.247 0.015 0.007 0.007 0.049 0.158 0.197 0.007 0.007 0.051 0.012 0.044 0.222 0.001 0.049 0.234 0.731 0.008 0.014 0.244 0.114 0.054 0.005 0.636 0.932 0.009 1 0.797 0.008 0.571 0.694 0.008 0.19 0.034 0.546 0.719 0.011 0.003 0.005 0.321 0.014 0.671 0.572 0.013 0.084 0.008 0.217 0.004 0.628 0.008 0.011 0.126
0 0 0 0.019 0.023 0.019 0.012 0.008 0.098 0.004 0.005 0.005 0.089 0.006 0.06 0.07 0.014 0.008 0.21 0.053 0.584 0.024 0.231 0.033 0.119 0.003 0.244 0.018 0.008 0.009 0.029 0.116 0.161 0.008 0.008 0.06 0.015 0.053 0.172 0 0.054 0.177 0.778 0.009 0.016 0.239 0.137 0.065 0.006 0.655 0.823 0.009 0.797 1 0.01 0.653 0.788 0.009 0.159 0.058 0.599 0.67 0.006 0.004 0.006 0.302 0.016 0.645 0.653 0.008 0.087 0.01 0.18 0.006 0.667 0.009 0.014 0.104
0.002 0.004 0.003 0.001 0.001 0.029 0.023 0.005 0.003 0.001 0.004 0.002 0.002 0.006 0.006 0.005 0.006 0 0.002 0.006 0.007 0.007 0 0 0.002 0.001 0.003 0.031 0.013 0.011 0.006 0 0 0.003 0.05 0.008 0.033 0.007 0 0.001 0 0.004 0.008 0.001 0.002 0.019 0.005 0 0.574 0.013 0.009 0.002 0.008 0.01 1 0.014 0.011 0.001 0.002 0.001 0.012 0.01 0.002 0.001 0.001 0.004 0.002 0.01 0.012 0.002 0.001 0.002 0.002 0.001 0.01 0.405 0.131 0.002
0.012 0.009 0.014 0.001 0.014 0.008 0.026 0.019 0.031 0.007 0.013 0.01 0.108 0.009 0.007 0.01 0.005 0.012 0.143 0.007 0.459 0.047 0.131 0.023 0.054 0.007 0.165 0.011 0.004 0.005 0.021 0.033 0.073 0.011 0.042 0.043 0.055 0.076 0.082 0.005 0.081 0.276 0.558 0.014 0.147 0.215 0.201 0.087 0.008 0.892 0.587 0.109 0.571 0.653 0.014 1 0.783 0.08 0.109 0.093 0.864 0.692 0.019 0.006 0.068 0.275 0.024 0.674 0.874 0.022 0.095 0.014 0.156 0.009 0.691 0.013 0.02 0.115
0.002 0 0.002 0.006 0.006 0.01 0.005 0.011 0.05 0.005 0.008 0.007 0.101 0.007 0.026 0.034 0.001 0.009 0.182 0.025 0.513 0.036 0.171 0.012 0.085 0.004 0.212 0.013 0.008 0.006 0.01 0.069 0.125 0.009 0.003 0.028 0.01 0.061 0.135 0.004 0.062 0.208 0.685 0.011 0.005 0.288 0.157 0.069 0.006 0.731 0.716 0.003 0.694 0.788 0.011 0.783 1 0.011 0.116 0.098 0.738 0.848 0.015 0.005 0.007 0.328 0.019 0.825 0.775 0.018 0.122 0.011 0.175 0.007 0.875 0.01 0.016 0.147
0.024 0.031 0.028 0.009 0.007 0.173 0.249 0.004 0.013 0.001 0.003 0.001 0 0.001 0.033 0.037 0.005 0.001 0.002 0.029 0 0.008 0.006 0.008 0.014 0.001 0.003 0.233 0.082 0.073 0.009 0.031 0.031 0.001 0.43 0.008 0.551 0.005 0.029 0 0.006 0.041 0.008 0.001 0.527 0.007 0.017 0.016 0.001 0.09 0.008 0.752 0.008 0.009 0.001 0.08 0.011 1 0.001 0.001 0.091 0.009 0.001 0.001 0.765 0.004 0.002 0.009 0.074 0.001 0.001 0.001 0.002 0.001 0.009 0.001 0.002 0.002
0.069 0.084 0.078 0.039 0.007 0 0 0.006 0.021 0.001 0.005 0.003 0.001 0.001 0.011 0.01 0.007 0.001 0.003 0.012 0.172 0.013 0.047 0.011 0.024 0.002 0.003 0 0.001 0.001 0.011 0.024 0.031 0.001 0.002 0.01 0.002 0.009 0.043 0.002 0.009 0.057 0.093 0.001 0.003 0.027 0.022 0 0.001 0.122 0.18 0.002 0.19 0.159 0.002 0.109 0.116 0.001 1 0.001 0.116 0.101 0.002 0.001 0.001 0.008 0.003 0.16 0.113 0.002 0.001 0.001 0.372 0.001 0.069 0.001 0.002 0.001
0.013 0.01 0.011 0.002 0.006 0.001 0 0.003 0.001 0.001 0.003 0.002 0.146 0.001 0.012 0.013 0.006 0.001 0.001 0.017 0.017 0.001 0.006 0.009 0.011 0.001 0.001 0.004 0.001 0.001 0.01 0.002 0.014 0.001 0.001 0.008 0.002 0.007 0.016 0.001 0.008 0.006 0.034 0.001 0.002 0.014 0.019 0.001 0.001 0.016 0.03 0.001 0.034 0.058 0.001 0.093 0.098 0.001 0.001 1 0.087 0.111 0.002 0.001 0.001 0.004 0.002 0.098 0.082 0.002 0.291 0.001 0 0.001 0.053 0.001 0.002 0.335
0.016 0.012 0.017 0 0.01 0.005 0.018 0.014 0.027 0.006 0.01 0.008 0.085 0.008 0.004 0.007 0.002 0.01 0.131 0.009 0.407 0.041 0.119 0.016 0.047 0.006 0.112 0.007 0.001 0.001 0.018 0.027 0.059 0.01 0.044 0.031 0.046 0.062 0.067 0.004 0.07 0.246 0.504 0.008 0.129 0.224 0.176 0.086 0.007 0.818 0.538 0.086 0.546 0.599 0.012 0.864 0.738 0.091 0.116 0.087 1 0.658 0.017 0.005 0.078 0.21 0.021 0.69 0.848 0.02 0.108 0.012 0.17 0.007 0.662 0.012 0.017 0.131
0 0.001 0 0.014 0.014 0.008 0.003 0.034 0.068 0.005 0.029 0.017 0.116 0.006 0.039 0.047 0.009 0.008 0.178 0.037 0.487 0.027 0.179 0.026 0.1 0.003 0.187 0.01 0.007 0.005 0.022 0.082 0.133 0.008 0.002 0.022 0.008 0.054 0.154 0.002 0.06 0.224 0.614 0.009 0.007 0.297 0.139 0.054 0.006 0.64 0.724 0.003 0.719 0.67 0.01 0.692 0.848 0.009 0.101 0.111 0.658 1 0.013 0.004 0.006 0.349 0.017 0.841 0.671 0.016 0.138 0.01 0.166 0.006 0.799 0.009 0.014 0.167
0.012 0.009 0.01 0.027 0.008 0.001 0.003 0.004 0.027 0.001 0.003 0.003 0.002 0.002 0.012 0.013 0.005 0.001 0.003 0.009 0.009 0.072 0.013 0.009 0.024 0.002 0.004 0.001 0.001 0.002 0.013 0.029 0.024 0.001 0.002 0.003 0.003 0.002 0.026 0.165 0.004 0.022 0.011 0.005 0.003 0.021 0.008 0.068 0.001 0.017 0.012 0.002 0.011 0.006 0.002 0.019 0.015 0.001 0.002 0.002 0.017 0.013 1 0.001 0.002 0.006 0.003 0.013 0.017 0.862 0.002 0.002 0.003 0.001 0.013 0.002 0.074 0.002
0.007 0.007 0.006 0.01 0.002 0.001 0.001 0.002 0.008 0.429 0.002 0.001 0.001 0 0.004 0.001 0.002 0 0.001 0.005 0.003 0.001 0.004 0.003 0.01 0.094 0.001 0.001 0 0 0.004 0.011 0.014 0 0.001 0.003 0.001 0.003 0.007 0.001 0.003 0.008 0.003 0.001 0.001 0 0.007 0.021 0 0.005 0.004 0.001 0.003 0.004 0.001 0.006 0.005 0.001 0.001 0.001 0.005 0.004 0.001 1 0 0.002 0.001 0.004 0.005 0.001 0.001 0.001 0.001 0 0.004 0.001 0.001 0.001
0.02 0.026 0.024 0.012 0.007 0.146 0.211 0.005 0.015 0.001 0.004 0.002 0 0.001 0.036 0.039 0.006 0.001 0.002 0.031 0 0.011 0.006 0.003 0.016 0.001 0.003 0.182 0.083 0.074 0.003 0.03 0.029 0.001 0.369 0.008 0.468 0.005 0.028 0.001 0.007 0.033 0.005 0.001 0.426 0.006 0.017 0.018 0.001 0.077 0.005 0.609 0.005 0.006 0.001 0.068 0.007 0.765 0.001 0.001 0.078 0.006 0.002 0 1 0 0.002 0.006 0.062 0.002 0.001 0.001 0 0.001 0.006 0.001 0.002 0.002
0.012 0.013 0.009 0.029 0.006 0.008 0.005 0.015 0.036 0.002 0.013 0.007 0 0.003 0.014 0.016 0.002 0.003 0.473 0.009 0.272 0.011 0.097 0.005 0.044 0 0.54 0.007 0.003 0.001 0.003 0.044 0.058 0.003 0 0.007 0.003 0.023 0.064 0 0.026 0.107 0.294 0.004 0.005 0.116 0.059 0.038 0.002 0.307 0.337 0.002 0.321 0.302 0.004 0.275 0.328 0.004 0.008 0.004 0.21 0.349 0.006 0.002 0 1 0.007 0.279 0.292 0.007 0.004 0.004 0.002 0.003 0.321 0.004 0.006 0.001
0.006 0.026 0.028 0.049 0.012 0.006 0.004 0.007 0.06 0.001 0.006 0.004 0.003 0.001 0.02 0.023 0.009 0.002 0.004 0.026 0.011 0.013 0.03 0.014 0.005 0.155 0.005 0.006 0.002 0.002 0.014 0.007 0.003 0.002 0.002 0.013 0.003 0.012 0.047 0.002 0.235 0.038 0.013 0.002 0.004 0.032 0.119 0.027 0.001 0.021 0.015 0.003 0.014 0.016 0.002 0.024 0.019 0.002 0.003 0.002 0.021 0.017 0.003 0.001 0.002 0.007 1 0.016 0.021 0.003 0.002 0.002 0.004 0.001 0.017 0.002 0.001 0.003
0.002 0 0.002 0.004 0.012 0.008 0.003 0.033 0.058 0.004 0.028 0.016 0.084 0.006 0.036 0.044 0.008 0.007 0.155 0.045 0.461 0.026 0.17 0.024 0.095 0.003 0.143 0.01 0.007 0.005 0.025 0.077 0.126 0.008 0.002 0.021 0.008 0.053 0.147 0.002 0.059 0.215 0.525 0.009 0.008 0.226 0.136 0.052 0.006 0.621 0.697 0.003 0.671 0.645 0.01 0.674 0.825 0.009 0.16 0.098 0.69 0.841 0.013 0.004 0.006 0.279 0.016 1 0.651 0.015 0.14 0.01 0.23 0.006 0.735 0.009 0.014 0.153
0.005 0.009 0.011 0.001 0.012 0.002 0.013 0.014 0.031 0.006 0.01 0.008 0.098 0.008 0.009 0.013 0.004 0.01 0.162 0.009 0.51 0.044 0.131 0.02 0.058 0.006 0.187 0.004 0 0 0.018 0.036 0.075 0.01 0.043 0.04 0.035 0.066 0.084 0.005 0.071 0.247 0.564 0.012 0.096 0.218 0.177 0.087 0.007 0.828 0.592 0.07 0.572 0.653 0.012 0.874 0.775 0.074 0.113 0.082 0.848 0.671 0.017 0.005 0.062 0.292 0.021 0.651 1 0.02 0.108 0.012 0.177 0.008 0.669 0.012 0.015 0.126
0.016 0.012 0.013 0.035 0.01 0.001 0.004 0.005 0.033 0.001 0.004 0.003 0.002 0.001 0.015 0.017 0.007 0.002 0.003 0.012 0.011 0.094 0.022 0.011 0.03 0.002 0.004 0.001 0.002 0.002 0.015 0.035 0.016 0.002 0.002 0.004 0.003 0.003 0.033 0.275 0.006 0.028 0.013 0.003 0.003 0.025 0.012 0.083 0.001 0.02 0.014 0.002 0.013 0.008 0.002 0.022 0.018 0.001 0.002 0.002 0.02 0.016 0.862 0.001 0.002 0.007 0.003 0.015 0.02 1 0.002 0.002 0.004 0.001 0.016 0.002 0.065 0.003
0.004 0.003 0.003 0.003 0.007 0.001 0 0.004 0.007 0.001 0.003 0.002 0.139 0.001 0.012 0.014 0.006 0.001 0.001 0.017 0.059 0.001 0.025 0.009 0.011 0.002 0.001 0.004 0.001 0.001 0.01 0.011 0.015 0.001 0.001 0.008 0.002 0.007 0.016 0.001 0.008 0.016 0.078 0.001 0.002 0.013 0.019 0.005 0.001 0.048 0.076 0.001 0.084 0.087 0.001 0.095 0.122 0.001 0.001 0.291 0.108 0.138 0.002 0.001 0.001 0.004 0.002 0.14 0.108 0.002 1 0.001 0.002 0.001 0.072 0.001 0.002 0.347
0 0 0.001 0.034 0.001 0.003 0.003 0.006 0.04 0.001 0.008 0.023 0.002 0 0.001 0 0.003 0.001 0.002 0.001 0.006 0.009 0.019 0.007 0.042 0.001 0.003 0.001 0.001 0.001 0.009 0.043 0.034 0.723 0.001 0.008 0.002 0.007 0.032 0.001 0.152 0.027 0.008 0.001 0.002 0.019 0.067 0.018 0.005 0.013 0.009 0.002 0.008 0.01 0.002 0.014 0.011 0.001 0.001 0.001 0.012 0.01 0.002 0.001 0.001 0.004 0.002 0.01 0.012 0.002 0.001 1 0.002 0.001 0.01 0.001 0.002 0.002
0.044 0.037 0.052 0.018 0.001 0.001 0 0.008 0.016 0.001 0.007 0.004 0.011 0.001 0.005 0.008 0.002 0.002 0.004 0.006 0.149 0.01 0.045 0.005 0.023 0.002 0.005 0.001 0.001 0.002 0.005 0.022 0.031 0.002 0.002 0.004 0.003 0.013 0.042 0.003 0.013 0.063 0.097 0.002 0.001 0.055 0.031 0.013 0.001 0.175 0.205 0.002 0.217 0.18 0.002 0.156 0.175 0.002 0.372 0 0.17 0.166 0.003 0.001 0 0.002 0.004 0.23 0.177 0.004 0.002 0.002 1 0.001 0.138 0.002 0.003 0.005
0.002 0.01 0.011 0.019 0.005 0.002 0.002 0.003 0.023 0 0.002 0.001 0.001 0 0.01 0.005 0.004 0.001 0 0.01 0.002 0.007 0.011 0.005 0.024 0.001 0 0.002 0.001 0.001 0.006 0.028 0.022 0.001 0.001 0.005 0.001 0.004 0.021 0.001 0.098 0.016 0.005 0.001 0.001 0.006 0.042 0.012 0 0.008 0.005 0.001 0.004 0.006 0.001 0.009 0.007 0.001 0.001 0.001 0.007 0.006 0.001 0 0.001 0.003 0.001 0.006 0.008 0.001 0.001 0.001 0.001 1 0.006 0.001 0.001 0.001
0.001 0 0.001 0.01 0.003 0.008 0.003 0.009 0.047 0.005 0.006 0.007 0.081 0.006 0.019 0.025 0 0.008 0.184 0.018 0.439 0.028 0.156 0.008 0.083 0.003 0.218 0.01 0.007 0.005 0.009 0.067 0.12 0.008 0.002 0.021 0.008 0.054 0.129 0.002 0.054 0.195 0.674 0.009 0.007 0.315 0.139 0.058 0.006 0.685 0.654 0.003 0.628 0.667 0.01 0.691 0.875 0.009 0.069 0.053 0.662 0.799 0.013 0.004 0.006 0.321 0.017 0.735 0.669 0.016 0.072 0.01 0.138 0.006 1 0.009 0.014 0.148
0.013 0.018 0.016 0.005 0.001 0.079 0.076 0.005 0.008 0.001 0.004 0.002 0.002 0.007 0.022 0.019 0.005 0 0.002 0.022 0.007 0.001 0.001 0 0.006 0.001 0.003 0.082 0.087 0.078 0.006 0 0.001 0.001 0.052 0.008 0.034 0.007 0.002 0.001 0.002 0.003 0.008 0.001 0.002 0.018 0.01 0.002 0.442 0.012 0.008 0.001 0.008 0.009 0.405 0.013 0.01 0.001 0.001 0.001 0.012 0.009 0.002 0.001 0.001 0.004 0.002 0.009 0.012 0.002 0.001 0.001 0.002 0.001 0.009 1 0.067 0.002
0.011 0.008 0.009 0.022 0.004 0 0.003 0.007 0.016 0.001 0.006 0.003 0.002 0.003 0 0.001 0.008 0.001 0.003 0.005 0.008 0.068 0.018 0.005 0.015 0.002 0.004 0 0.001 0.001 0.013 0.023 0.019 0.001 0.002 0.003 0.003 0.002 0.02 0.001 0.003 0.023 0.011 0.005 0.003 0.02 0.005 0.066 0.004 0.018 0.012 0.002 0.011 0.014 0.131 0.02 0.016 0.002 0.002 0.002 0.017 0.014 0.074 0.001 0.002 0.006 0.001 0.014 0.015 0.065 0.002 0.002 0.003 0.001 0.014 0.067 1 0.002
0.001 0 0 0.001 0.008 0.001 0.001 0.005 0.013 0.001 0.004 0.003 0.119 0.001 0.016 0.017 0.007 0.001 0.001 0.021 0.086 0.001 0.041 0.011 0.036 0.002 0.002 0.004 0.001 0.001 0.012 0.018 0.042 0.001 0.002 0.01 0.002 0.009 0.044 0.001 0.01 0.022 0.103 0.002 0.003 0.047 0.023 0.002 0.001 0.074 0.116 0.001 0.126 0.104 0.002 0.115 0.147 0.002 0.001 0.335 0.131 0.167 0.002 0.001 0.002 0.001 0.003 0.153 0.126 0.003 0.347 0.002 0.005 0.001 0.148 0.002 0.002 1
