1 0.809 0.818 0.443 0.333 0.206 0.161 0.243 0.284 0.012 0.207 0.108 0.026 0.033 0.484 0.472 0.223 0.042 0.027 0.525 0.005 0.113 0.098 0.26 0.283 0.001 0.033 0.178 0.063 0.061 0.227 0.222 0.123 0 0.08 0.035 0.09 0.029 0.11 0.022 0.009 0.07 0 0.015 0.102 0.006 0.005 0.087 0.005 0.027 0.003 0.094 0.001 0 0.002 0.019 0 0.066 0.055 0.008 0.021 0.001 0.01 0.001 0.037 0.02 0 0 0.013 0.011 0.006 0 0.034 0.006 0 0.011 0.006 0.008
0.809 1 0.934 0.426 0.363 0.247 0.193 0.291 0.26 0.01 0.248 0.129 0.022 0.039 0.584 0.571 0.25 0.051 0.022 0.587 0.001 0.102 0.084 0.287 0.296 0.021 0.027 0.215 0.076 0.073 0.265 0.24 0.14 0 0.096 0.045 0.11 0.045 0.101 0.018 0.031 0.096 0 0.016 0.108 0.009 0.001 0.061 0.007 0.031 0.002 0.115 0.001 0 0.004 0.023 0 0.082 0.067 0.006 0.025 0.001 0.007 0.004 0.046 0.025 0.013 0 0.023 0.007 0.005 0.001 0.044 0.011 0 0.015 0.004 0.006
0.818 0.934 1 0.439 0.392 0.241 0.188 0.285 0.271 0.01 0.243 0.126 0.023 0.038 0.587 0.573 0.263 0.05 0.023 0.611 0.002 0.092 0.078 0.312 0.328 0.022 0.028 0.21 0.074 0.076 0.275 0.259 0.156 0 0.094 0.051 0.108 0.044 0.114 0.019 0.026 0.099 0 0.017 0.121 0.01 0.002 0.066 0.007 0.034 0.003 0.112 0.001 0 0.004 0.025 0 0.08 0.065 0.006 0.027 0.001 0.007 0.001 0.045 0.019 0.013 0 0.021 0.008 0.005 0.001 0.043 0.011 0 0.015 0.004 0.006
0.443 0.426 0.439 1 0.189 0.103 0.078 0.137 0.781 0.02 0.117 0.061 0.047 0.018 0.272 0.289 0.126 0.034 0.048 0.297 0.03 0.228 0.276 0.178 0.592 0.009 0.053 0.083 0.036 0.034 0.152 0.528 0.315 0.028 0.039 0.005 0.041 0.004 0.395 0.039 0.213 0 0.02 0.035 0.052 0.009 0.191 0.208 0.009 0 0.038 0.047 0.033 0.025 0.004 0.001 0.016 0.032 0.03 0.006 0.001 0.027 0.025 0.004 0.024 0.038 0.08 0.017 0.001 0.027 0.012 0.032 0.014 0.017 0.021 0.004 0.019 0.009
0.333 0.363 0.392 0.189 1 0.018 0.014 0.576 0.238 0.004 0.503 0.239 0.01 0.003 0.422 0.391 0.566 0.122 0.01 0.421 0.025 0.053 0.096 0.716 0.23 0.008 0.012 0.019 0.006 0.006 0.643 0.186 0.13 0 0.009 0.183 0.012 0.164 0.113 0.008 0.023 0.025 0.003 0.008 0.004 0.041 0.046 0.054 0 0.013 0.02 0.008 0.018 0.005 0 0.014 0.005 0.01 0.002 0.001 0.013 0.016 0.009 0 0.006 0.01 0.001 0.011 0.013 0.009 0.001 0 0.001 0.005 0.004 0.001 0.004 0.002
0.206 0.247 0.241 0.103 0.018 1 0.775 0.012 0.116 0.002 0.01 0.005 0.005 0.158 0.229 0.221 0.013 0.003 0.006 0.25 0.018 0.019 0.045 0.02 0.136 0.006 0.007 0.843 0.307 0.304 0.02 0.105 0.063 0 0.343 0.022 0.43 0.021 0.041 0.005 0 0.026 0.012 0.004 0.403 0.032 0.018 0.018 0.034 0.063 0.014 0.411 0.013 0.016 0.021 0.053 0.003 0.322 0.003 0.003 0.049 0.002 0.003 0.002 0.167 0.005 0.008 0.003 0.039 0.003 0.003 0 0.001 0.002 0.004 0.063 0 0.004
0.161 0.193 0.188 0.078 0.014 0.775 1 0.009 0.103 0.002 0.007 0.004 0.004 0.001 0.198 0.191 0.01 0.002 0.004 0.215 0.014 0.021 0.043 0.015 0.118 0.005 0.005 0.708 0.394 0.39 0.015 0.086 0.051 0.002 0.443 0.016 0.557 0.016 0.032 0.004 0.017 0.059 0.008 0.003 0.524 0.021 0.039 0.015 0.01 0.102 0.01 0.534 0.009 0.011 0.005 0.09 0.001 0.418 0.002 0.002 0.082 0 0.005 0.001 0.218 0.003 0.006 0 0.067 0.005 0.002 0.002 0 0.002 0.001 0.04 0.001 0.003
0.243 0.291 0.285 0.137 0.576 0.012 0.009 1 0.156 0.003 0.852 0.444 0.006 0.002 0.279 0.269 0.815 0.003 0.007 0.294 0.015 0.034 0.06 0.49 0.164 0.004 0.008 0.013 0.004 0.004 0.471 0.139 0.099 0.001 0.006 0.28 0.008 0.287 0.088 0.005 0.013 0.061 0.001 0.005 0.008 0.087 0.121 0.036 0.002 0.012 0.019 0.004 0.017 0.003 0.003 0.013 0.007 0.007 0.003 0 0.01 0.022 0.005 0.002 0.004 0.012 0 0.023 0.01 0.005 0 0 0.005 0.003 0.006 0.004 0.004 0.001
0.284 0.26 0.271 0.781 0.238 0.116 0.103 0.156 1 0.018 0.133 0.069 0.041 0.021 0.355 0.356 0.145 0.038 0.022 0.363 0.098 0.216 0.384 0.207 0.704 0.012 0.027 0.11 0.041 0.039 0.178 0.632 0.396 0.032 0.05 0.011 0.053 0.008 0.491 0.034 0.245 0.001 0.047 0.032 0.061 0.01 0.236 0.259 0.015 0.009 0.086 0.055 0.081 0.064 0.007 0.011 0.044 0.038 0.017 0.004 0.01 0.058 0.037 0.005 0.035 0.022 0.091 0.049 0.011 0.038 0.013 0.037 0.009 0.02 0.04 0.009 0.013 0.01
0.012 0.01 0.01 0.02 0.004 0.002 0.002 0.003 0.018 1 0.002 0.001 0.001 0 0.007 0.007 0.003 0.001 0.001 0.009 0.004 0 0.003 0.003 0.012 0.011 0.002 0.003 0.001 0.001 0.003 0.012 0.007 0.001 0.001 0 0.002 0 0.005 0 0.005 0.007 0.004 0.007 0.002 0.003 0.012 0.029 0 0.007 0.004 0.002 0.004 0.005 0.001 0.008 0.005 0.001 0 0.001 0.007 0.005 0.001 0.171 0.001 0.002 0.002 0.005 0.007 0.001 0.001 0.001 0.001 0.001 0.005 0 0.001 0.001
0.207 0.248 0.243 0.117 0.503 0.01 0.007 0.852 0.133 0.002 1 0.52 0.005 0.002 0.235 0.226 0.704 0.003 0.006 0.247 0.012 0.029 0.05 0.404 0.137 0.003 0.007 0.011 0.003 0.003 0.387 0.112 0.079 0.002 0.005 0.211 0.007 0.216 0.071 0.005 0.009 0.046 0 0.004 0.007 0.066 0.092 0.049 0.002 0.008 0.015 0.003 0.014 0.001 0.002 0.008 0.004 0.006 0.003 0 0.006 0.018 0.004 0.002 0.004 0.01 0 0.018 0.006 0.004 0 0.001 0.005 0.003 0.003 0.003 0.005 0
0.108 0.129 0.126 0.061 0.239 0.005 0.004 0.444 0.069 0.001 0.52 1 0.003 0.001 0.133 0.128 0.407 0.002 0.003 0.145 0.009 0.015 0.031 0.213 0.082 0.003 0.004 0.006 0.002 0.002 0.209 0.084 0.062 0.007 0.002 0.11 0.003 0.111 0.054 0.002 0.003 0.021 0 0.002 0.004 0.035 0.053 0.028 0.001 0.001 0.011 0 0.011 0 0.001 0.002 0.001 0.003 0.002 0.002 0.002 0.013 0.003 0.001 0.002 0.005 0.004 0.013 0.001 0.003 0.002 0.006 0.002 0.001 0.001 0.002 0.003 0.002
0.026 0.022 0.023 0.047 0.01 0.005 0.004 0.006 0.041 0.001 0.005 0.003 1 0.001 0.011 0.009 0.007 0.002 0.003 0.014 0.238 0.016 0.068 0.011 0.035 0.003 0.004 0.006 0.002 0.002 0.007 0.03 0.041 0.001 0.001 0.012 0.002 0.011 0.048 0.002 0.012 0.074 0.116 0.002 0.002 0.058 0.028 0.014 0.001 0.12 0.184 0.002 0.15 0.128 0.001 0.142 0.148 0.001 0.001 0.176 0.107 0.161 0.003 0.001 0 0.001 0.004 0.14 0.115 0.003 0.14 0.002 0.003 0.002 0.14 0.002 0.003 0.177
0.033 0.039 0.038 0.018 0.003 0.158 0.001 0.002 0.021 0 0.002 0.001 0.001 1 0.04 0.039 0.002 0 0.001 0.044 0.003 0.005 0.009 0.003 0.025 0.001 0.001 0.144 0 0.001 0.003 0.025 0.019 0.009 0.001 0.003 0.001 0.003 0.016 0.001 0.071 0.012 0.003 0.001 0.001 0.008 0.015 0.008 0.051 0.005 0.003 0.001 0.003 0.004 0.035 0.006 0.004 0.001 0 0 0.005 0.004 0 0 0.001 0.002 0.001 0.004 0.005 0 0.001 0.003 0.001 0 0.004 0.03 0.015 0.001
0.484 0.584 0.587 0.272 0.422 0.229 0.198 0.279 0.355 0.007 0.235 0.133 0.011 0.04 1 0.923 0.287 0.074 0.015 0.773 0.051 0.077 0.157 0.434 0.411 0.018 0.02 0.233 0.078 0.082 0.37 0.34 0.252 0 0.11 0.081 0.124 0.073 0.202 0.012 0.027 0.062 0.026 0.004 0.139 0.004 0.006 0.074 0.015 0.003 0.046 0.129 0.052 0.028 0.01 0.001 0.016 0.094 0.012 0.011 0.005 0.026 0.01 0.001 0.082 0.005 0.011 0.021 0 0.011 0.013 0.001 0.005 0.011 0.015 0.024 0.002 0.015
0.472 0.571 0.573 0.289 0.391 0.221 0.191 0.269 0.356 0.007 0.226 0.128 0.009 0.039 0.923 1 0.276 0.071 0.016 0.755 0.05 0.079 0.158 0.432 0.409 0.012 0.021 0.224 0.075 0.079 0.378 0.336 0.251 0 0.113 0.084 0.126 0.075 0.213 0.013 0.022 0.057 0.028 0.004 0.14 0.002 0.007 0.071 0.015 0.003 0.049 0.13 0.055 0.03 0.009 0.001 0.018 0.096 0.008 0.012 0.003 0.029 0.011 0.001 0.086 0.006 0.008 0.024 0 0.012 0.013 0.001 0.006 0.009 0.017 0.023 0.002 0.016
0.223 0.25 0.263 0.126 0.566 0.013 0.01 0.815 0.145 0.003 0.704 0.407 0.007 0.002 0.287 0.276 1 0.004 0.007 0.356 0.023 0.038 0.075 0.579 0.202 0.008 0.009 0.014 0.004 0.004 0.558 0.156 0.111 0.001 0.006 0.316 0.009 0.286 0.094 0.006 0.016 0.078 0.001 0.005 0.002 0.107 0.114 0.039 0.002 0.007 0.019 0.005 0.017 0.003 0.003 0.008 0.002 0.007 0.004 0.003 0.005 0.013 0.006 0.002 0.005 0.001 0.002 0.013 0.008 0.006 0.004 0 0.006 0.004 0.002 0.004 0.007 0.005
0.042 0.051 0.05 0.034 0.122 0.003 0.002 0.003 0.038 0.001 0.003 0.002 0.002 0 0.074 0.071 0.004 1 0.002 0.081 0.005 0.009 0.017 0.147 0.046 0.002 0.002 0.003 0.001 0.001 0.144 0.047 0.035 0.001 0.001 0.006 0.002 0.006 0.03 0.001 0.006 0.021 0.006 0.001 0.002 0.015 0.007 0.013 0.003 0.01 0.006 0.002 0.006 0.007 0.002 0.011 0.007 0.002 0.001 0.001 0.009 0.007 0.002 0 0.001 0.003 0.002 0.001 0.009 0.002 0.001 0.001 0.001 0.001 0.007 0.001 0.002 0.001
0.027 0.022 0.023 0.048 0.01 0.006 0.004 0.007 0.022 0.001 0.006 0.003 0.003 0.001 0.015 0.016 0.007 0.002 1 0.02 0.305 0.016 0.094 0.011 0.035 0.003 0.824 0.006 0.002 0.002 0.011 0.022 0.032 0.001 0.003 0.012 0.003 0.012 0.037 0.003 0.004 0.056 0.225 0.002 0.004 0.039 0.016 0.028 0.001 0.127 0.197 0.004 0.192 0.186 0.001 0.114 0.165 0.003 0.002 0.001 0.096 0.172 0.003 0.001 0.002 0.44 0.004 0.164 0.13 0.003 0.001 0.002 0.003 0.005 0.178 0.002 0.003 0.001
0.525 0.587 0.611 0.297 0.421 0.25 0.215 0.294 0.363 0.009 0.247 0.145 0.014 0.044 0.773 0.755 0.356 0.081 0.02 1 0.049 0.093 0.174 0.525 0.491 0.022 0.016 0.22 0.085 0.083 0.464 0.371 0.246 0 0.087 0.072 0.106 0.063 0.189 0.013 0.026 0.052 0.016 0.015 0.12 0.004 0.008 0.086 0.017 0.004 0.038 0.111 0.035 0.022 0.011 0.002 0.011 0.076 0.011 0.01 0.001 0.02 0.013 0.001 0.058 0.002 0.013 0.02 0.001 0.013 0.012 0.001 0.007 0.01 0.012 0.027 0.001 0.014
0.005 0.001 0.002 0.03 0.025 0.018 0.014 0.015 0.098 0.004 0.012 0.009 0.238 0.003 0.051 0.05 0.023 0.005 0.305 0.049 1 0.052 0.307 0.035 0.114 0.011 0.362 0.019 0.006 0.006 0.031 0.094 0.128 0.005 0.006 0.039 0.009 0.038 0.15 0.008 0.029 0.222 0.613 0.007 0.009 0.168 0.078 0.05 0.003 0.486 0.742 0.01 0.663 0.635 0.005 0.437 0.601 0.007 0.134 0.032 0.393 0.611 0.011 0.003 0.004 0.281 0.013 0.581 0.481 0.011 0.081 0.006 0.125 0 0.557 0.005 0.009 0.096
0.113 0.102 0.092 0.228 0.053 0.019 0.021 0.034 0.216 0 0.029 0.015 0.016 0.005 0.077 0.079 0.038 0.009 0.016 0.093 0.052 1 0.405 0.055 0.157 0.018 0.018 0.031 0.009 0.01 0.045 0.144 0.008 0.008 0.014 0.06 0.019 0.064 0.016 0.115 0.052 0.004 0.052 0.134 0.021 0.002 0.001 0.144 0.002 0.071 0.039 0.017 0.033 0.034 0.001 0.067 0.048 0.012 0.009 0.003 0.052 0.041 0.056 0.001 0.01 0.014 0.019 0.042 0.065 0.061 0.005 0.009 0.01 0.007 0.046 0 0.032 0.003
0.098 0.084 0.078 0.276 0.096 0.045 0.043 0.06 0.384 0.003 0.05 0.031 0.068 0.009 0.157 0.158 0.075 0.017 0.094 0.174 0.307 0.405 1 0.113 0.337 0.036 0.115 0.062 0.018 0.019 0.095 0.294 0.107 0.015 0.024 0.005 0.035 0.007 0.145 0.045 0.099 0.109 0.177 0.067 0.037 0.091 0.048 0.015 0.006 0.103 0.255 0.033 0.234 0.219 0.001 0.091 0.177 0.024 0.038 0.008 0.091 0.192 0.011 0.005 0.017 0.093 0.039 0.179 0.097 0.013 0.023 0.017 0.033 0.006 0.162 0.001 0.005 0.035
0.26 0.287 0.312 0.178 0.716 0.02 0.015 0.49 0.207 0.003 0.404 0.213 0.011 0.003 0.434 0.432 0.579 0.147 0.011 0.525 0.035 0.055 0.113 1 0.298 0.012 0.013 0.021 0.006 0.006 0.883 0.229 0.163 0.005 0.009 0.209 0.013 0.189 0.137 0.009 0.043 0.021 0.007 0.008 0.005 0.042 0.04 0.052 0 0.02 0.028 0.009 0.026 0.01 0 0.022 0.01 0.011 0.006 0.006 0.018 0.024 0.01 0 0.001 0.001 0.004 0.018 0.021 0.01 0.006 0.006 0.005 0.006 0.009 0 0.005 0.008
0.283 0.296 0.328 0.592 0.23 0.136 0.118 0.164 0.704 0.012 0.137 0.082 0.035 0.025 0.411 0.409 0.202 0.046 0.035 0.491 0.114 0.157 0.337 0.298 1 0.039 0.043 0.133 0.049 0.047 0.283 0.821 0.585 0.038 0.06 0.023 0.066 0.019 0.475 0.024 0.135 0 0.061 0.026 0.075 0.008 0.175 0.199 0.011 0.01 0.103 0.069 0.095 0.074 0.005 0.014 0.06 0.048 0.019 0.016 0.012 0.075 0.026 0.004 0.043 0.024 0.002 0.068 0.017 0.027 0.017 0.043 0.017 0.026 0.058 0.006 0.007 0.023
0.001 0.021 0.022 0.009 0.008 0.006 0.005 0.004 0.012 0.011 0.003 0.003 0.003 0.001 0.018 0.012 0.008 0.002 0.003 0.022 0.011 0.018 0.036 0.012 0.039 1 0.004 0.007 0.002 0.002 0.012 0.038 0.051 0.001 0.003 0.013 0.004 0.013 0.009 0.003 0.09 0.041 0.011 0.001 0.004 0.017 0.026 0.009 0.001 0.018 0.011 0.004 0.01 0.012 0.002 0.021 0.014 0.004 0.002 0.002 0.019 0.013 0.004 0.023 0.002 0.004 0.295 0.012 0.018 0.004 0.002 0.001 0.003 0.002 0.013 0.002 0.003 0.002
0.033 0.027 0.028 0.053 0.012 0.007 0.005 0.008 0.027 0.002 0.007 0.004 0.004 0.001 0.02 0.021 0.009 0.002 0.824 0.016 0.362 0.018 0.115 0.013 0.043 0.004 1 0.007 0.002 0.002 0.014 0.029 0.041 0.002 0.003 0.015 0.004 0.014 0.048 0.003 0.006 0.069 0.279 0.003 0.004 0.051 0.022 0.033 0.001 0.158 0.245 0.004 0.23 0.231 0.002 0.142 0.204 0.004 0.002 0.001 0.098 0.203 0.004 0.001 0.002 0.546 0.005 0.177 0.162 0.004 0.001 0.002 0.003 0.003 0.221 0.002 0.003 0.002
0.178 0.215 0.21 0.083 0.019 0.843 0.708 0.013 0.11 0.003 0.011 0.006 0.006 0.144 0.233 0.224 0.014 0.003 0.006 0.22 0.019 0.031 0.062 0.021 0.133 0.007 0.007 1 0.291 0.287 0.022 0.131 0.086 0 0.418 0.023 0.594 0.022 0.06 0.005 0 0.044 0.013 0.004 0.546 0.024 0.021 0.03 0.036 0.093 0.015 0.556 0.014 0.017 0.022 0.08 0.005 0.47 0.003 0.003 0.075 0.003 0.003 0.002 0.236 0.006 0.008 0.004 0.063 0.004 0.004 0.001 0.001 0.003 0.005 0.064 0 0.004
0.063 0.076 0.074 0.036 0.006 0.307 0.394 0.004 0.041 0.001 0.003 0.002 0.002 0 0.078 0.075 0.004 0.001 0.002 0.085 0.006 0.009 0.018 0.006 0.049 0.002 0.002 0.291 1 0.953 0.006 0.018 0.011 0.001 0.039 0.007 0.252 0.007 0.008 0.001 0.007 0.014 0.006 0.001 0.173 0.016 0.016 0.002 0 0.026 0.007 0.176 0.006 0.007 0 0.022 0.007 0.195 0.001 0.001 0.025 0.006 0.002 0.001 0.319 0.003 0.002 0.006 0.018 0.002 0.001 0.001 0 0.001 0.006 0.043 0.001 0.001
0.061 0.073 0.076 0.034 0.006 0.304 0.39 0.004 0.039 0.001 0.003 0.002 0.002 0.001 0.082 0.079 0.004 0.001 0.002 0.083 0.006 0.01 0.019 0.006 0.047 0.002 0.002 0.287 0.953 1 0.007 0.017 0.013 0.001 0.043 0.005 0.252 0.005 0.01 0.001 0.007 0.015 0.006 0.001 0.174 0.017 0.014 0.003 0 0.026 0.007 0.178 0.007 0.008 0 0.022 0.006 0.184 0.001 0.001 0.024 0.005 0.002 0.001 0.304 0.002 0.002 0.005 0.018 0.002 0.001 0.001 0 0.001 0.005 0.041 0.001 0.001
0.227 0.265 0.275 0.152 0.643 0.02 0.015 0.471 0.178 0.003 0.387 0.209 0.007 0.003 0.37 0.378 0.558 0.144 0.011 0.464 0.031 0.045 0.095 0.883 0.283 0.012 0.014 0.022 0.006 0.007 1 0.256 0.184 0.005 0.01 0.245 0.013 0.225 0.156 0.009 0.044 0.034 0.005 0.008 0.005 0.058 0.053 0.06 0.001 0.018 0.024 0.009 0.022 0.008 0.002 0.02 0.008 0.012 0.006 0.006 0.018 0.021 0.012 0.003 0.001 0 0.004 0.018 0.018 0.012 0.006 0.006 0.005 0.006 0.009 0.002 0.008 0.008
0.222 0.24 0.259 0.528 0.186 0.105 0.086 0.139 0.632 0.012 0.112 0.084 0.03 0.025 0.34 0.336 0.156 0.047 0.022 0.371 0.094 0.144 0.294 0.229 0.821 0.038 0.029 0.131 0.018 0.017 0.256 1 0.702 0.038 0.076 0.031 0.106 0.027 0.582 0.028 0.155 0.002 0.069 0.026 0.113 0.004 0.209 0.232 0.013 0.006 0.114 0.105 0.105 0.083 0.004 0.007 0.058 0.082 0.019 0.007 0.005 0.074 0.032 0.01 0.058 0.032 0.002 0.066 0.008 0.033 0.016 0.044 0.017 0.044 0.056 0 0.012 0.013
0.123 0.14 0.156 0.315 0.13 0.063 0.051 0.099 0.396 0.007 0.079 0.062 0.041 0.019 0.252 0.251 0.111 0.035 0.032 0.246 0.128 0.008 0.107 0.163 0.585 0.051 0.041 0.086 0.011 0.013 0.184 0.702 1 0.028 0.055 0.259 0.077 0.252 0.832 0.038 0.1 0.047 0.106 0.046 0.084 0.003 0.372 0.173 0.007 0.027 0.159 0.083 0.144 0.122 0.001 0.033 0.106 0.06 0.025 0.018 0.02 0.123 0.038 0.013 0.036 0.045 0 0.113 0.035 0.039 0.019 0.033 0.03 0.033 0.102 0.001 0.006 0.027
0 0 0 0.028 0 0 0.002 0.001 0.032 0.001 0.002 0.007 0.001 0.009 0 0 0.001 0.001 0.001 0 0.005 0.008 0.015 0.005 0.038 0.001 0.002 0 0.001 0.001 0.005 0.038 0.028 1 0.001 0.006 0.002 0.005 0.025 0.001 0.113 0.019 0.005 0.001 0.002 0.014 0.048 0.012 0.016 0.009 0.006 0.002 0.005 0.006 0.011 0.01 0.007 0.001 0.001 0.001 0.009 0.006 0.002 0 0.001 0.003 0.002 0.007 0.009 0.002 0.001 0.594 0.001 0.001 0.006 0.001 0.001 0.001
0.08 0.096 0.094 0.039 0.009 0.343 0.443 0.006 0.05 0.001 0.005 0.002 0.001 0.001 0.11 0.113 0.006 0.001 0.003 0.087 0.006 0.014 0.024 0.009 0.06 0.003 0.003 0.418 0.039 0.043 0.01 0.076 0.055 0.001 1 0.01 0.561 0.01 0.043 0.002 0.01 0.065 0.006 0.002 0.484 0.004 0.024 0.025 0.02 0.102 0.007 0.493 0.006 0.008 0.012 0.091 0 0.395 0.001 0.001 0.08 0 0.003 0.001 0.162 0.001 0.004 0 0.072 0.003 0.002 0.001 0.002 0.001 0 0.01 0.001 0.002
0.035 0.045 0.051 0.005 0.183 0.022 0.016 0.28 0.011 0 0.211 0.11 0.012 0.003 0.081 0.084 0.316 0.006 0.012 0.072 0.039 0.06 0.005 0.209 0.023 0.013 0.015 0.023 0.007 0.005 0.245 0.031 0.259 0.006 0.01 1 0.014 0.965 0.223 0.01 0.048 0.273 0.036 0.182 0.006 0.211 0.285 0.004 0.004 0.054 0.04 0.012 0.034 0.04 0.005 0.058 0.036 0.012 0.006 0.004 0.037 0.032 0.009 0.003 0.008 0.011 0.005 0.033 0.056 0.008 0.005 0.007 0.006 0.006 0.032 0.007 0 0.006
0.09 0.11 0.108 0.041 0.012 0.43 0.557 0.008 0.053 0.002 0.007 0.003 0.002 0.001 0.124 0.126 0.009 0.002 0.003 0.106 0.009 0.019 0.035 0.013 0.066 0.004 0.004 0.594 0.252 0.252 0.013 0.106 0.077 0.002 0.561 0.014 1 0.014 0.069 0.003 0.015 0.091 0.013 0.003 0.713 0.011 0.034 0.035 0.016 0.136 0.015 0.725 0.014 0.016 0.01 0.122 0.006 0.68 0.002 0.002 0.132 0.005 0.004 0.001 0.368 0.005 0.005 0.005 0.112 0.004 0.002 0.002 0.002 0.002 0.007 0.008 0.001 0.003
0.029 0.045 0.044 0.004 0.164 0.021 0.016 0.287 0.008 0 0.216 0.111 0.011 0.003 0.073 0.075 0.286 0.006 0.012 0.063 0.038 0.064 0.007 0.189 0.019 0.013 0.014 0.022 0.007 0.005 0.225 0.027 0.252 0.005 0.01 0.965 0.014 1 0.218 0.01 0.046 0.265 0.034 0.188 0.015 0.201 0.3 0.003 0.004 0.064 0.038 0.012 0.033 0.039 0.005 0.068 0.045 0.012 0.006 0.004 0.046 0.041 0.008 0.003 0.008 0.019 0.004 0.042 0.059 0.009 0.005 0.006 0.006 0.006 0.041 0.006 0 0.006
0.11 0.101 0.114 0.395 0.113 0.041 0.032 0.088 0.491 0.005 0.071 0.054 0.048 0.016 0.202 0.213 0.094 0.03 0.037 0.189 0.15 0.016 0.145 0.137 0.475 0.009 0.048 0.06 0.008 0.01 0.156 0.582 0.832 0.025 0.043 0.223 0.069 0.218 1 0.044 0.228 0.023 0.132 0.04 0.073 0 0.51 0.224 0.007 0.045 0.193 0.072 0.175 0.152 0.001 0.053 0.135 0.052 0.029 0.021 0.036 0.155 0.045 0.009 0.03 0.059 0.073 0.144 0.054 0.046 0.023 0.029 0.036 0.029 0.129 0.001 0.009 0.032
0.022 0.018 0.019 0.039 0.008 0.005 0.004 0.005 0.034 0 0.005 0.002 0.002 0.001 0.012 0.013 0.006 0.001 0.003 0.013 0.008 0.115 0.045 0.009 0.024 0.003 0.003 0.005 0.001 0.001 0.009 0.028 0.038 0.001 0.002 0.01 0.003 0.01 0.044 1 0.01 0.026 0.008 0.002 0.003 0.021 0.021 0.033 0.001 0.013 0.008 0.003 0.007 0.003 0.001 0.015 0.011 0.002 0.001 0.001 0.013 0.009 0.484 0.001 0.002 0.004 0.002 0.009 0.014 0.508 0.002 0.001 0.002 0.001 0.009 0.001 0.028 0.002
0.009 0.031 0.026 0.213 0.023 0 0.017 0.013 0.245 0.005 0.009 0.003 0.012 0.071 0.027 0.022 0.016 0.006 0.004 0.026 0.029 0.052 0.099 0.043 0.135 0.09 0.006 0 0.007 0.007 0.044 0.155 0.1 0.113 0.01 0.048 0.015 0.046 0.228 0.01 1 0.16 0.043 0.009 0.016 0.092 0.386 0.111 0.006 0.074 0.047 0.015 0.044 0.051 0.002 0.082 0.057 0.013 0.007 0.007 0.074 0.053 0.01 0.004 0.008 0.022 0.268 0.054 0.072 0.01 0.006 0.13 0.01 0.127 0.052 0 0.002 0.008
0.07 0.096 0.099 0 0.025 0.026 0.059 0.061 0.001 0.007 0.046 0.021 0.074 0.012 0.062 0.057 0.078 0.021 0.056 0.052 0.222 0.004 0.109 0.021 0 0.041 0.069 0.044 0.014 0.015 0.034 0.002 0.047 0.019 0.065 0.273 0.091 0.265 0.023 0.026 0.16 1 0.214 0.056 0.097 0.417 0.003 0.091 0.001 0.367 0.256 0.08 0.232 0.198 0.005 0.329 0.223 0.069 0.041 0.017 0.306 0.241 0.031 0.01 0.032 0.09 0.038 0.225 0.298 0.033 0.022 0.02 0.058 0.021 0.211 0.007 0.011 0.024
0 0 0 0.02 0.003 0.012 0.008 0.001 0.047 0.004 0 0 0.116 0.003 0.026 0.028 0.001 0.006 0.225 0.016 0.613 0.052 0.177 0.007 0.061 0.011 0.279 0.013 0.006 0.006 0.005 0.069 0.106 0.005 0.006 0.036 0.013 0.034 0.132 0.008 0.043 0.214 1 0.008 0.014 0.217 0.102 0.061 0.004 0.563 0.764 0.009 0.771 0.776 0.005 0.519 0.71 0.011 0.094 0.046 0.463 0.654 0.012 0.003 0.003 0.262 0.015 0.595 0.54 0.012 0.059 0.005 0.155 0.006 0.691 0.006 0.01 0.072
0.015 0.016 0.017 0.035 0.008 0.004 0.003 0.005 0.032 0.007 0.004 0.002 0.002 0.001 0.004 0.004 0.005 0.001 0.002 0.015 0.007 0.134 0.067 0.008 0.026 0.001 0.003 0.004 0.001 0.001 0.008 0.026 0.046 0.001 0.002 0.182 0.003 0.188 0.04 0.002 0.009 0.056 0.008 1 0.003 0.012 0.024 0.034 0.001 0.014 0.009 0.003 0.009 0.01 0.001 0.016 0.011 0.002 0.001 0.001 0.003 0.01 0 0.001 0.001 0.004 0.003 0.01 0.014 0 0.001 0.001 0.002 0.001 0.01 0.001 0.013 0.002
0.102 0.108 0.121 0.052 0.004 0.403 0.524 0.008 0.061 0.002 0.007 0.004 0.002 0.001 0.139 0.14 0.002 0.002 0.004 0.12 0.009 0.021 0.037 0.005 0.075 0.004 0.004 0.546 0.173 0.174 0.005 0.113 0.084 0.002 0.484 0.006 0.713 0.015 0.073 0.003 0.016 0.097 0.014 0.003 1 0.006 0.036 0.037 0.001 0.207 0.015 0.884 0.014 0.016 0.002 0.187 0 0.752 0.002 0.002 0.176 0 0.004 0.001 0.346 0 0.006 0 0.135 0.004 0.002 0.002 0.002 0.002 0 0.002 0.004 0.003
0.006 0.009 0.01 0.009 0.041 0.032 0.021 0.087 0.01 0.003 0.066 0.035 0.058 0.008 0.004 0.002 0.107 0.015 0.039 0.004 0.168 0.002 0.091 0.042 0.008 0.017 0.051 0.024 0.016 0.017 0.058 0.004 0.003 0.014 0.004 0.211 0.011 0.201 0 0.021 0.092 0.417 0.217 0.012 0.006 1 0.015 0.056 0.01 0.155 0.236 0.012 0.226 0.216 0.013 0.143 0.223 0.01 0.024 0.024 0.154 0.237 0.028 0.001 0.001 0.096 0.041 0.2 0.152 0.029 0.031 0.014 0.025 0.002 0.22 0.016 0.009 0.056
0.005 0.001 0.002 0.191 0.046 0.018 0.039 0.121 0.236 0.012 0.092 0.053 0.028 0.015 0.006 0.007 0.114 0.007 0.016 0.008 0.078 0.001 0.048 0.04 0.175 0.026 0.022 0.021 0.016 0.014 0.053 0.209 0.372 0.048 0.024 0.285 0.034 0.3 0.51 0.021 0.386 0.003 0.102 0.024 0.036 0.015 1 0.116 0 0.176 0.112 0.036 0.105 0.122 0 0.195 0.137 0.03 0.016 0.015 0.177 0.127 0.021 0.008 0.018 0.052 0.152 0.129 0.173 0.022 0.017 0.055 0.024 0.055 0.126 0.005 0.001 0.02
0.087 0.061 0.066 0.208 0.054 0.018 0.015 0.036 0.259 0.029 0.049 0.028 0.014 0.008 0.074 0.071 0.039 0.013 0.028 0.086 0.05 0.144 0.015 0.052 0.199 0.009 0.033 0.03 0.002 0.003 0.06 0.232 0.173 0.012 0.025 0.004 0.035 0.003 0.224 0.033 0.111 0.091 0.061 0.034 0.037 0.056 0.116 1 0.01 0.121 0.063 0.037 0.057 0.064 0.001 0.088 0.062 0.025 0 0 0.082 0.054 0.053 0.021 0.019 0.046 0.039 0.054 0.093 0.056 0.006 0.014 0.004 0.015 0.063 0.002 0.019 0.007
0.005 0.007 0.007 0.009 0 0.034 0.01 0.002 0.015 0 0.002 0.001 0.001 0.051 0.015 0.015 0.002 0.003 0.001 0.017 0.003 0.002 0.006 0 0.011 0.001 0.001 0.036 0 0 0.001 0.013 0.007 0.016 0.02 0.004 0.016 0.004 0.007 0.001 0.006 0.001 0.004 0.001 0.001 0.01 0 0.01 1 0.007 0.004 0.001 0.004 0.005 0.723 0.007 0.005 0.001 0.001 0.001 0.007 0.005 0.001 0 0.001 0.002 0.001 0.005 0.006 0.001 0.001 0.013 0.001 0.001 0.005 0.429 0.023 0.001
0.027 0.031 0.034 0 0.013 0.063 0.102 0.012 0.009 0.007 0.008 0.001 0.12 0.005 0.003 0.003 0.007 0.01 0.127 0.004 0.486 0.071 0.103 0.02 0.01 0.018 0.158 0.093 0.026 0.026 0.018 0.006 0.027 0.009 0.102 0.054 0.136 0.064 0.045 0.013 0.074 0.367 0.563 0.014 0.207 0.155 0.176 0.121 0.007 1 0.637 0.194 0.587 0.625 0.009 0.9 0.666 0.153 0.088 0.022 0.832 0.625 0.02 0.006 0.075 0.256 0.027 0.598 0.858 0.021 0.057 0.009 0.139 0.01 0.615 0.01 0.018 0.073
0.003 0.002 0.003 0.038 0.02 0.014 0.01 0.019 0.086 0.004 0.015 0.011 0.184 0.003 0.046 0.049 0.019 0.006 0.197 0.038 0.742 0.039 0.255 0.028 0.103 0.011 0.245 0.015 0.007 0.007 0.024 0.114 0.159 0.006 0.007 0.04 0.015 0.038 0.193 0.008 0.047 0.256 0.764 0.009 0.015 0.236 0.112 0.063 0.004 0.637 1 0.015 0.916 0.86 0.006 0.573 0.795 0.012 0.139 0.041 0.522 0.823 0.013 0.004 0.004 0.348 0.017 0.789 0.594 0.013 0.095 0.005 0.209 0.006 0.742 0.007 0.011 0.12
0.094 0.115 0.112 0.047 0.008 0.411 0.534 0.004 0.055 0.002 0.003 0 0.002 0.001 0.129 0.13 0.005 0.002 0.004 0.111 0.01 0.017 0.033 0.009 0.069 0.004 0.004 0.556 0.176 0.178 0.009 0.105 0.083 0.002 0.493 0.012 0.725 0.012 0.072 0.003 0.015 0.08 0.009 0.003 0.884 0.012 0.036 0.037 0.001 0.194 0.015 1 0.012 0.009 0.002 0.183 0 0.765 0.002 0 0.172 0.001 0.004 0.001 0.352 0.005 0.005 0.001 0.15 0.004 0.001 0.002 0.002 0.002 0.002 0.002 0.004 0.001
0.001 0.001 0.001 0.033 0.018 0.013 0.009 0.017 0.081 0.004 0.014 0.011 0.15 0.003 0.052 0.055 0.017 0.006 0.192 0.035 0.663 0.033 0.234 0.026 0.095 0.01 0.23 0.014 0.006 0.007 0.022 0.105 0.144 0.005 0.006 0.034 0.014 0.033 0.175 0.007 0.044 0.232 0.771 0.009 0.014 0.226 0.105 0.057 0.004 0.587 0.916 0.012 1 0.804 0.005 0.537 0.744 0.012 0.148 0.052 0.513 0.783 0.012 0.003 0.004 0.265 0.016 0.735 0.554 0.013 0.112 0.005 0.224 0.006 0.689 0.006 0.011 0.139
0 0 0 0.025 0.005 0.016 0.011 0.003 0.064 0.005 0.001 0 0.128 0.004 0.028 0.03 0.003 0.007 0.186 0.022 0.635 0.034 0.219 0.01 0.074 0.012 0.231 0.017 0.007 0.008 0.008 0.083 0.122 0.006 0.008 0.04 0.016 0.039 0.152 0.003 0.051 0.198 0.776 0.01 0.016 0.216 0.122 0.064 0.005 0.625 0.86 0.009 0.804 1 0.006 0.597 0.809 0.014 0.128 0.049 0.542 0.732 0.007 0.004 0.005 0.327 0.019 0.701 0.615 0.008 0.066 0.006 0.192 0.007 0.742 0.007 0.012 0.119
0.002 0.004 0.004 0.004 0 0.021 0.005 0.003 0.007 0.001 0.002 0.001 0.001 0.035 0.01 0.009 0.003 0.002 0.001 0.011 0.005 0.001 0.001 0 0.005 0.002 0.002 0.022 0 0 0.002 0.004 0.001 0.011 0.012 0.005 0.01 0.005 0.001 0.001 0.002 0.005 0.005 0.001 0.002 0.013 0 0.001 0.723 0.009 0.006 0.002 0.005 0.006 1 0.01 0.007 0.002 0.001 0.001 0.009 0.007 0.002 0 0.001 0.003 0.002 0.007 0.009 0.002 0.001 0.008 0.001 0.001 0.006 0.553 0.042 0.001
0.019 0.023 0.025 0.001 0.014 0.053 0.09 0.013 0.011 0.008 0.008 0.002 0.142 0.006 0.001 0.001 0.008 0.011 0.114 0.002 0.437 0.067 0.091 0.022 0.014 0.021 0.142 0.08 0.022 0.022 0.02 0.007 0.033 0.01 0.091 0.058 0.122 0.068 0.053 0.015 0.082 0.329 0.519 0.016 0.187 0.143 0.195 0.088 0.007 0.9 0.573 0.183 0.537 0.597 0.01 1 0.703 0.137 0.08 0.08 0.854 0.651 0.022 0.006 0.067 0.232 0.03 0.623 0.882 0.023 0.087 0.01 0.125 0.011 0.647 0.011 0.02 0.104
0 0 0 0.016 0.005 0.003 0.001 0.007 0.044 0.005 0.004 0.001 0.148 0.004 0.016 0.018 0.002 0.007 0.165 0.011 0.601 0.048 0.177 0.01 0.06 0.014 0.204 0.005 0.007 0.006 0.008 0.058 0.106 0.007 0 0.036 0.006 0.045 0.135 0.011 0.057 0.223 0.71 0.011 0 0.223 0.137 0.062 0.005 0.666 0.795 0 0.744 0.809 0.007 0.703 1 0.015 0.103 0.072 0.629 0.906 0.016 0.004 0.006 0.324 0.021 0.871 0.674 0.016 0.124 0.007 0.167 0.008 0.896 0.008 0.014 0.148
0.066 0.082 0.08 0.032 0.01 0.322 0.418 0.007 0.038 0.001 0.006 0.003 0.001 0.001 0.094 0.096 0.007 0.002 0.003 0.076 0.007 0.012 0.024 0.011 0.048 0.004 0.004 0.47 0.195 0.184 0.012 0.082 0.06 0.001 0.395 0.012 0.68 0.012 0.052 0.002 0.013 0.069 0.011 0.002 0.752 0.01 0.03 0.025 0.001 0.153 0.012 0.765 0.012 0.014 0.002 0.137 0.015 1 0.002 0.002 0.152 0.014 0.003 0.001 0.429 0.005 0.004 0.014 0.141 0.003 0.002 0.002 0.003 0.002 0.014 0.002 0.003 0.002
0.055 0.067 0.065 0.03 0.002 0.003 0.002 0.003 0.017 0 0.003 0.002 0.001 0 0.012 0.008 0.004 0.001 0.002 0.011 0.134 0.009 0.038 0.006 0.019 0.002 0.002 0.003 0.001 0.001 0.006 0.019 0.025 0.001 0.001 0.006 0.002 0.006 0.029 0.001 0.007 0.041 0.094 0.001 0.002 0.024 0.016 0 0.001 0.088 0.139 0.002 0.148 0.128 0.001 0.08 0.103 0.002 1 0.001 0.076 0.095 0.002 0 0.001 0 0.002 0.121 0.086 0.002 0.001 0.001 0.399 0.001 0.057 0.001 0.002 0.001
0.008 0.006 0.006 0.006 0.001 0.003 0.002 0 0.004 0.001 0 0.002 0.176 0 0.011 0.012 0.003 0.001 0.001 0.01 0.032 0.003 0.008 0.006 0.016 0.002 0.001 0.003 0.001 0.001 0.006 0.007 0.018 0.001 0.001 0.004 0.002 0.004 0.021 0.001 0.007 0.017 0.046 0.001 0.002 0.024 0.015 0 0.001 0.022 0.041 0 0.052 0.049 0.001 0.08 0.072 0.002 0.001 1 0.054 0.079 0.002 0 0.001 0.003 0.002 0.075 0.049 0.002 0.128 0 0 0.001 0.067 0.001 0.002 0.457
0.021 0.025 0.027 0.001 0.013 0.049 0.082 0.01 0.01 0.007 0.006 0.002 0.107 0.005 0.005 0.003 0.005 0.009 0.096 0.001 0.393 0.052 0.091 0.018 0.012 0.019 0.098 0.075 0.025 0.024 0.018 0.005 0.02 0.009 0.08 0.037 0.132 0.046 0.036 0.013 0.074 0.306 0.463 0.003 0.176 0.154 0.177 0.082 0.007 0.832 0.522 0.172 0.513 0.542 0.009 0.854 0.629 0.152 0.076 0.054 1 0.586 0.02 0.006 0.075 0.178 0.027 0.592 0.849 0.021 0.096 0.009 0.125 0.01 0.587 0.01 0.018 0.114
0.001 0.001 0.001 0.027 0.016 0.002 0 0.022 0.058 0.005 0.018 0.013 0.161 0.004 0.026 0.029 0.013 0.007 0.172 0.02 0.611 0.041 0.192 0.024 0.075 0.013 0.203 0.003 0.006 0.005 0.021 0.074 0.123 0.006 0 0.032 0.005 0.041 0.155 0.009 0.053 0.241 0.654 0.01 0 0.237 0.127 0.054 0.005 0.625 0.823 0.001 0.783 0.732 0.007 0.651 0.906 0.014 0.095 0.079 0.586 1 0.015 0.004 0.005 0.341 0.019 0.905 0.612 0.015 0.134 0.006 0.164 0.007 0.864 0.007 0.013 0.159
0.01 0.007 0.007 0.025 0.009 0.003 0.005 0.005 0.037 0.001 0.004 0.003 0.003 0 0.01 0.011 0.006 0.002 0.003 0.013 0.011 0.056 0.011 0.01 0.026 0.004 0.004 0.003 0.002 0.002 0.012 0.032 0.038 0.002 0.003 0.009 0.004 0.008 0.045 0.484 0.01 0.031 0.012 0 0.004 0.028 0.021 0.053 0.001 0.02 0.013 0.004 0.012 0.007 0.002 0.022 0.016 0.003 0.002 0.002 0.02 0.015 1 0.001 0.002 0.006 0.005 0.015 0.02 0.967 0.002 0.002 0.003 0.002 0.015 0.002 0.15 0.002
0.001 0.004 0.001 0.004 0 0.002 0.001 0.002 0.005 0.171 0.002 0.001 0.001 0 0.001 0.001 0.002 0 0.001 0.001 0.003 0.001 0.005 0 0.004 0.023 0.001 0.002 0.001 0.001 0.003 0.01 0.013 0 0.001 0.003 0.001 0.003 0.009 0.001 0.004 0.01 0.003 0.001 0.001 0.001 0.008 0.021 0 0.006 0.004 0.001 0.003 0.004 0 0.006 0.004 0.001 0 0 0.006 0.004 0.001 1 0.001 0.002 0.001 0.004 0.005 0.001 0.001 0 0.001 0 0.004 0 0.001 0.001
0.037 0.046 0.045 0.024 0.006 0.167 0.218 0.004 0.035 0.001 0.004 0.002 0 0.001 0.082 0.086 0.005 0.001 0.002 0.058 0.004 0.01 0.017 0.001 0.043 0.002 0.002 0.236 0.319 0.304 0.001 0.058 0.036 0.001 0.162 0.008 0.368 0.008 0.03 0.002 0.008 0.032 0.003 0.001 0.346 0.001 0.018 0.019 0.001 0.075 0.004 0.352 0.004 0.005 0.001 0.067 0.006 0.429 0.001 0.001 0.075 0.005 0.002 0.001 1 0 0.003 0.005 0.064 0.002 0.001 0.001 0 0.001 0.005 0.001 0.002 0.001
0.02 0.025 0.019 0.038 0.01 0.005 0.003 0.012 0.022 0.002 0.01 0.005 0.001 0.002 0.005 0.006 0.001 0.003 0.44 0.002 0.281 0.014 0.093 0.001 0.024 0.004 0.546 0.006 0.003 0.002 0 0.032 0.045 0.003 0.001 0.011 0.005 0.019 0.059 0.004 0.022 0.09 0.262 0.004 0 0.096 0.052 0.046 0.002 0.256 0.348 0.005 0.265 0.327 0.003 0.232 0.324 0.005 0 0.003 0.178 0.341 0.006 0.002 0 1 0.008 0.294 0.244 0.006 0.003 0.003 0.003 0.003 0.313 0.003 0.005 0.001
0 0.013 0.013 0.08 0.001 0.008 0.006 0 0.091 0.002 0 0.004 0.004 0.001 0.011 0.008 0.002 0.002 0.004 0.013 0.013 0.019 0.039 0.004 0.002 0.295 0.005 0.008 0.002 0.002 0.004 0.002 0 0.002 0.004 0.005 0.005 0.004 0.073 0.002 0.268 0.038 0.015 0.003 0.006 0.041 0.152 0.039 0.001 0.027 0.017 0.005 0.016 0.019 0.002 0.03 0.021 0.004 0.002 0.002 0.027 0.019 0.005 0.001 0.003 0.008 1 0.02 0.026 0.005 0.003 0.002 0.004 0.002 0.019 0.002 0.001 0.003
0 0 0 0.017 0.011 0.003 0 0.023 0.049 0.005 0.018 0.013 0.14 0.004 0.021 0.024 0.013 0.001 0.164 0.02 0.581 0.042 0.179 0.018 0.068 0.012 0.177 0.004 0.006 0.005 0.018 0.066 0.113 0.007 0 0.033 0.005 0.042 0.144 0.009 0.054 0.225 0.595 0.01 0 0.2 0.129 0.054 0.005 0.598 0.789 0.001 0.735 0.701 0.007 0.623 0.871 0.014 0.121 0.075 0.592 0.905 0.015 0.004 0.005 0.294 0.02 1 0.585 0.015 0.132 0.006 0.189 0.007 0.819 0.008 0.013 0.154
0.013 0.023 0.021 0.001 0.013 0.039 0.067 0.01 0.011 0.007 0.006 0.001 0.115 0.005 0 0 0.008 0.009 0.13 0.001 0.481 0.065 0.097 0.021 0.017 0.018 0.162 0.063 0.018 0.018 0.018 0.008 0.035 0.009 0.072 0.056 0.112 0.059 0.054 0.014 0.072 0.298 0.54 0.014 0.135 0.152 0.173 0.093 0.006 0.858 0.594 0.15 0.554 0.615 0.009 0.882 0.674 0.141 0.086 0.049 0.849 0.612 0.02 0.005 0.064 0.244 0.026 0.585 1 0.021 0.099 0.009 0.142 0.009 0.608 0.01 0.017 0.109
0.011 0.007 0.008 0.027 0.009 0.003 0.005 0.005 0.038 0.001 0.004 0.003 0.003 0 0.011 0.012 0.006 0.002 0.003 0.013 0.011 0.061 0.013 0.01 0.027 0.004 0.004 0.004 0.002 0.002 0.012 0.033 0.039 0.002 0.003 0.008 0.004 0.009 0.046 0.508 0.01 0.033 0.012 0 0.004 0.029 0.022 0.056 0.001 0.021 0.013 0.004 0.013 0.008 0.002 0.023 0.016 0.003 0.002 0.002 0.021 0.015 0.967 0.001 0.002 0.006 0.005 0.015 0.021 1 0.002 0.002 0.003 0.002 0.015 0.002 0.151 0.002
0.006 0.005 0.005 0.012 0.001 0.003 0.002 0 0.013 0.001 0 0.002 0.14 0.001 0.013 0.013 0.004 0.001 0.001 0.012 0.081 0.005 0.023 0.006 0.017 0.002 0.001 0.004 0.001 0.001 0.006 0.016 0.019 0.001 0.002 0.005 0.002 0.005 0.023 0.002 0.006 0.022 0.059 0.001 0.002 0.031 0.017 0.006 0.001 0.057 0.095 0.001 0.112 0.066 0.001 0.087 0.124 0.002 0.001 0.128 0.096 0.134 0.002 0.001 0.001 0.003 0.003 0.132 0.099 0.002 1 0 0.002 0.001 0.119 0.001 0.002 0.414
0 0.001 0.001 0.032 0 0 0.002 0 0.037 0.001 0.001 0.006 0.002 0.003 0.001 0.001 0 0.001 0.002 0.001 0.006 0.009 0.017 0.006 0.043 0.001 0.002 0.001 0.001 0.001 0.006 0.044 0.033 0.594 0.001 0.007 0.002 0.006 0.029 0.001 0.13 0.02 0.005 0.001 0.002 0.014 0.055 0.014 0.013 0.009 0.005 0.002 0.005 0.006 0.008 0.01 0.007 0.002 0.001 0 0.009 0.006 0.002 0 0.001 0.003 0.002 0.006 0.009 0.002 0 1 0.001 0.001 0.006 0.001 0.002 0
0.034 0.044 0.043 0.014 0.001 0.001 0 0.005 0.009 0.001 0.005 0.002 0.003 0.001 0.005 0.006 0.006 0.001 0.003 0.007 0.125 0.01 0.033 0.005 0.017 0.003 0.003 0.001 0 0 0.005 0.017 0.03 0.001 0.002 0.006 0.002 0.006 0.036 0.002 0.01 0.058 0.155 0.002 0.002 0.025 0.024 0.004 0.001 0.139 0.209 0.002 0.224 0.192 0.001 0.125 0.167 0.003 0.399 0 0.125 0.164 0.003 0.001 0 0.003 0.004 0.189 0.142 0.003 0.002 0.001 1 0.001 0.153 0.001 0.002 0.001
0.006 0.011 0.011 0.017 0.005 0.002 0.002 0.003 0.02 0.001 0.003 0.001 0.002 0 0.011 0.009 0.004 0.001 0.005 0.01 0 0.007 0.006 0.006 0.026 0.002 0.003 0.003 0.001 0.001 0.006 0.044 0.033 0.001 0.001 0.006 0.002 0.006 0.029 0.001 0.127 0.021 0.006 0.001 0.002 0.002 0.055 0.015 0.001 0.01 0.006 0.002 0.006 0.007 0.001 0.011 0.008 0.002 0.001 0.001 0.01 0.007 0.002 0 0.001 0.003 0.002 0.007 0.009 0.002 0.001 0.001 0.001 1 0.007 0.001 0.001 0.001
0 0 0 0.021 0.004 0.004 0.001 0.006 0.04 0.005 0.003 0.001 0.14 0.004 0.015 0.017 0.002 0.007 0.178 0.012 0.557 0.046 0.162 0.009 0.058 0.013 0.221 0.005 0.006 0.005 0.009 0.056 0.102 0.006 0 0.032 0.007 0.041 0.129 0.009 0.052 0.211 0.691 0.01 0 0.22 0.126 0.063 0.005 0.615 0.742 0.002 0.689 0.742 0.006 0.647 0.896 0.014 0.057 0.067 0.587 0.864 0.015 0.004 0.005 0.313 0.019 0.819 0.608 0.015 0.119 0.006 0.153 0.007 1 0.007 0.013 0.154
0.011 0.015 0.015 0.004 0.001 0.063 0.04 0.004 0.009 0 0.003 0.002 0.002 0.03 0.024 0.023 0.004 0.001 0.002 0.027 0.005 0 0.001 0 0.006 0.002 0.002 0.064 0.043 0.041 0.002 0 0.001 0.001 0.01 0.007 0.008 0.006 0.001 0.001 0 0.007 0.006 0.001 0.002 0.016 0.005 0.002 0.429 0.01 0.007 0.002 0.006 0.007 0.553 0.011 0.008 0.002 0.001 0.001 0.01 0.007 0.002 0 0.001 0.003 0.002 0.008 0.01 0.002 0.001 0.001 0.001 0.001 0.007 1 0.04 0.001
0.006 0.004 0.004 0.019 0.004 0 0.001 0.004 0.013 0.001 0.005 0.003 0.003 0.015 0.002 0.002 0.007 0.002 0.003 0.001 0.009 0.032 0.005 0.005 0.007 0.003 0.003 0 0.001 0.001 0.008 0.012 0.006 0.001 0.001 0 0.001 0 0.009 0.028 0.002 0.011 0.01 0.013 0.004 0.009 0.001 0.019 0.023 0.018 0.011 0.004 0.011 0.012 0.042 0.02 0.014 0.003 0.002 0.002 0.018 0.013 0.15 0.001 0.002 0.005 0.001 0.013 0.017 0.151 0.002 0.002 0.002 0.001 0.013 0.04 1 0.002
0.008 0.006 0.006 0.009 0.002 0.004 0.003 0.001 0.01 0.001 0 0.002 0.177 0.001 0.015 0.016 0.005 0.001 0.001 0.014 0.096 0.003 0.035 0.008 0.023 0.002 0.002 0.004 0.001 0.001 0.008 0.013 0.027 0.001 0.002 0.006 0.003 0.006 0.032 0.002 0.008 0.024 0.072 0.002 0.003 0.056 0.02 0.007 0.001 0.073 0.12 0.001 0.139 0.119 0.001 0.104 0.148 0.002 0.001 0.457 0.114 0.159 0.002 0.001 0.001 0.001 0.003 0.154 0.109 0.002 0.414 0 0.001 0.001 0.154 0.001 0.002 1
