1 0.826 0.846 0.399 0.383 0.166 0.123 0.238 0.239 0.009 0.206 0.103 0.027 0.037 0.525 0.512 0.231 0.04 0.029 0.551 0 0.103 0.073 0.319 0.216 0.003 0.029 0.126 0.063 0.057 0.24 0.153 0.103 0 0.022 0.061 0.052 0.044 0.075 0.023 0.03 0.086 0.002 0 0.042 0.037 0 0.045 0.005 0.017 0 0.031 0 0.003 0.009 0.015 0.003 0.015 0.057 0.01 0.017 0 0.013 0.008 0.019 0.013 0.014 0 0.009 0.015 0.008 0.001 0.042 0.01 0.002 0.017 0 0.002
0.826 1 0.948 0.376 0.423 0.19 0.141 0.272 0.214 0.008 0.236 0.118 0.024 0.042 0.639 0.613 0.255 0.046 0.025 0.608 0 0.106 0.066 0.353 0.23 0.033 0.026 0.146 0.055 0.066 0.273 0.167 0.107 0 0.027 0.063 0.063 0.049 0.056 0.02 0.061 0.1 0.005 0.008 0.046 0.045 0.004 0.031 0.007 0.023 0 0.038 0 0.006 0.011 0.021 0.004 0.019 0.067 0.009 0.024 0 0.011 0.009 0.024 0.012 0.043 0.001 0.014 0.012 0.007 0.004 0.045 0.015 0.004 0.021 0 0.001
0.846 0.948 1 0.394 0.443 0.191 0.142 0.275 0.228 0.008 0.238 0.119 0.023 0.043 0.616 0.591 0.268 0.047 0.025 0.631 0 0.096 0.059 0.372 0.254 0.033 0.025 0.148 0.056 0.066 0.285 0.186 0.122 0 0.027 0.069 0.064 0.05 0.066 0.019 0.054 0.107 0.005 0.008 0.052 0.049 0.002 0.039 0.007 0.026 0 0.038 0 0.006 0.011 0.024 0.006 0.019 0.067 0.009 0.027 0 0.01 0.007 0.024 0.011 0.042 0.001 0.016 0.012 0.006 0.004 0.051 0.015 0.005 0.021 0 0.001
0.399 0.376 0.394 1 0.185 0.07 0.049 0.118 0.766 0.017 0.102 0.051 0.055 0.018 0.243 0.255 0.112 0.025 0.059 0.26 0.028 0.265 0.293 0.172 0.548 0.008 0.059 0.044 0.031 0.028 0.111 0.448 0.311 0.032 0.003 0.006 0.011 0.002 0.39 0.046 0.231 0.001 0.016 0.02 0.012 0.004 0.219 0.194 0.005 0.008 0.037 0.007 0.034 0.015 0.006 0.009 0.017 0.001 0.027 0.019 0.005 0.03 0.034 0.02 0.005 0.047 0.054 0.023 0.012 0.038 0.022 0.03 0.014 0.027 0.017 0.005 0.002 0.013
0.383 0.423 0.443 0.185 1 0.019 0.014 0.528 0.227 0.004 0.486 0.23 0.011 0.004 0.463 0.453 0.531 0.106 0.012 0.48 0.031 0.059 0.11 0.781 0.216 0.016 0.011 0.021 0.008 0.007 0.616 0.144 0.118 0 0.008 0.192 0.015 0.145 0.084 0.009 0.048 0.025 0.002 0.004 0.001 0.051 0.01 0.04 0.001 0.007 0.021 0.009 0.02 0 0.001 0.006 0.001 0.011 0.001 0.002 0.008 0.016 0.004 0.004 0.01 0.008 0.019 0.013 0.004 0.005 0.003 0 0 0.007 0 0 0.003 0.005
0.166 0.19 0.191 0.07 0.019 1 0.743 0.011 0.094 0.001 0.01 0.005 0.004 0.223 0.221 0.201 0.012 0.003 0.005 0.231 0.016 0.012 0.033 0.019 0.096 0.006 0.005 0.772 0.317 0.352 0.019 0.095 0.056 0.002 0.139 0.015 0.37 0.014 0.028 0.004 0 0.011 0.017 0.002 0.192 0.031 0.013 0.002 0.042 0.013 0.017 0.216 0.016 0.02 0.026 0.011 0.008 0.137 0.004 0.002 0.012 0.006 0.002 0.002 0.147 0.006 0.008 0.006 0.004 0.003 0.003 0.001 0.003 0.003 0.01 0.069 0.012 0.003
0.123 0.141 0.142 0.049 0.014 0.743 1 0.008 0.071 0.001 0.007 0.004 0.003 0.001 0.166 0.151 0.009 0.002 0.004 0.172 0.012 0.007 0.022 0.014 0.067 0.004 0.004 0.55 0.429 0.475 0.014 0.066 0.034 0.002 0.193 0.012 0.509 0.011 0.014 0.003 0.019 0.032 0.014 0.001 0.269 0.021 0.037 0.001 0.038 0.029 0.014 0.3 0.013 0.016 0.023 0.026 0.004 0.193 0.003 0.001 0.027 0.003 0.003 0.002 0.205 0.005 0.006 0.003 0.014 0.003 0.002 0.002 0.002 0.002 0.007 0.026 0.001 0.002
0.238 0.272 0.275 0.118 0.528 0.011 0.008 1 0.133 0.002 0.866 0.433 0.006 0.003 0.294 0.267 0.825 0.004 0.007 0.313 0.016 0.035 0.061 0.488 0.159 0.009 0.008 0.013 0.004 0.004 0.46 0.122 0.101 0 0.005 0.296 0.009 0.293 0.086 0.005 0.024 0.054 0 0.002 0.009 0.13 0.074 0.042 0.002 0.008 0.021 0.004 0.02 0 0.002 0.005 0.002 0.007 0.006 0 0.003 0.025 0.001 0.003 0.006 0.014 0.011 0.025 0.004 0.001 0.001 0 0.007 0.004 0.001 0.003 0.006 0.001
0.239 0.214 0.228 0.766 0.227 0.094 0.071 0.133 1 0.015 0.115 0.06 0.047 0.021 0.318 0.326 0.128 0.032 0.031 0.328 0.136 0.224 0.437 0.206 0.666 0.012 0.032 0.065 0.036 0.033 0.141 0.567 0.415 0.037 0.008 0.013 0.021 0.007 0.513 0.039 0.273 0.014 0.083 0.018 0.018 0.023 0.278 0.206 0.014 0.052 0.135 0.011 0.132 0.082 0.014 0.051 0.075 0.004 0.021 0.015 0.044 0.106 0.03 0.022 0.009 0.047 0.066 0.1 0.051 0.033 0.024 0.035 0.016 0.032 0.067 0.013 0 0.029
0.009 0.008 0.008 0.017 0.004 0.001 0.001 0.002 0.015 1 0.002 0.001 0.001 0 0.003 0 0.002 0 0.001 0.004 0.003 0.001 0.005 0.002 0.01 0.061 0.001 0.001 0 0 0.002 0.008 0.006 0.001 0.001 0 0.001 0 0.001 0 0.004 0.004 0.002 0.003 0 0.001 0.007 0.015 0 0.003 0.003 0 0.003 0.003 0 0.004 0.003 0 0.001 0.001 0.004 0.003 0.001 0.322 0 0.001 0.001 0.004 0.003 0.001 0.001 0.001 0.001 0.001 0.003 0 0.001 0.001
0.206 0.236 0.238 0.102 0.486 0.01 0.007 0.866 0.115 0.002 1 0.5 0.006 0.002 0.252 0.228 0.705 0.003 0.006 0.268 0.013 0.03 0.052 0.412 0.136 0.008 0.007 0.011 0.004 0.004 0.384 0.1 0.083 0 0.004 0.218 0.008 0.211 0.07 0.005 0.019 0.036 0 0.002 0.007 0.1 0.051 0.041 0.002 0.005 0.017 0.003 0.016 0 0.002 0.002 0.001 0.006 0.005 0 0.001 0.02 0.001 0.003 0.005 0.012 0.01 0.021 0.002 0.001 0 0.001 0.006 0.004 0 0.003 0.006 0.001
0.103 0.118 0.119 0.051 0.23 0.005 0.004 0.433 0.06 0.001 0.5 1 0.003 0.001 0.139 0.127 0.4 0.002 0.003 0.148 0.01 0.015 0.032 0.203 0.077 0.004 0.003 0.005 0.002 0.002 0.206 0.074 0.062 0.004 0.002 0.124 0.004 0.106 0.055 0.002 0.005 0.018 0 0.001 0.004 0.034 0.038 0.024 0.001 0 0.013 0.001 0.012 0 0.001 0.001 0.001 0.003 0.003 0.002 0.001 0.014 0.003 0.001 0.003 0.006 0.005 0.014 0.001 0.003 0.002 0.005 0.003 0.002 0.001 0.001 0.003 0.003
0.027 0.024 0.023 0.055 0.011 0.004 0.003 0.006 0.047 0.001 0.006 0.003 1 0.001 0.012 0.01 0.006 0.001 0.003 0.016 0.229 0.014 0.072 0.01 0.034 0.004 0.003 0.005 0.002 0.002 0.007 0.03 0.035 0.002 0 0.007 0.001 0.007 0.042 0.002 0.015 0.074 0.151 0.001 0.001 0.055 0.026 0.006 0.001 0.112 0.166 0.001 0.169 0.084 0.001 0.117 0.127 0 0 0.237 0.109 0.143 0.002 0.001 0 0 0.004 0.129 0.102 0.003 0.224 0.002 0.008 0.002 0.104 0.001 0.003 0.107
0.037 0.042 0.043 0.018 0.004 0.223 0.001 0.003 0.021 0 0.002 0.001 0.001 1 0.05 0.045 0.003 0.001 0.001 0.053 0.004 0.005 0.011 0.004 0.027 0.001 0.001 0.201 0.001 0.001 0.004 0.026 0.023 0.027 0.001 0.003 0.001 0.003 0.018 0.001 0.063 0.012 0.003 0 0.001 0.01 0.012 0.001 0.005 0.006 0.003 0.001 0.003 0.004 0.003 0.007 0.005 0.001 0.001 0.001 0.006 0.004 0 0.001 0.001 0.001 0.002 0.004 0.006 0 0.001 0 0.001 0.001 0.004 0.058 0.03 0.001
0.525 0.639 0.616 0.243 0.463 0.221 0.166 0.294 0.318 0.003 0.252 0.139 0.012 0.05 1 0.894 0.323 0.075 0.019 0.829 0.064 0.08 0.175 0.508 0.356 0.023 0.019 0.196 0.066 0.08 0.379 0.287 0.215 0 0.049 0.099 0.094 0.074 0.145 0.017 0.045 0.033 0.03 0.007 0.078 0.011 0 0.029 0.02 0.001 0.07 0.061 0.067 0.026 0.025 0.001 0.021 0.036 0.012 0.015 0 0.046 0.005 0.005 0.051 0.015 0.036 0.043 0.002 0.006 0.017 0.002 0.007 0.013 0.018 0.039 0.002 0.019
0.512 0.613 0.591 0.255 0.453 0.201 0.151 0.267 0.326 0 0.228 0.127 0.01 0.045 0.894 1 0.293 0.068 0.021 0.768 0.066 0.088 0.187 0.466 0.349 0.018 0.021 0.179 0.062 0.075 0.359 0.281 0.21 0 0.052 0.088 0.094 0.065 0.144 0.018 0.035 0.031 0.028 0.007 0.079 0.006 0.001 0.03 0.017 0.001 0.065 0.063 0.063 0.025 0.022 0.001 0.02 0.039 0.003 0.016 0.001 0.044 0.007 0.003 0.054 0.018 0.036 0.041 0.002 0.008 0.019 0.001 0.003 0.003 0.017 0.035 0.001 0.021
0.231 0.255 0.268 0.112 0.531 0.012 0.009 0.825 0.128 0.002 0.705 0.4 0.006 0.003 0.323 0.293 1 0.004 0.007 0.369 0.026 0.038 0.079 0.57 0.192 0.01 0.008 0.014 0.005 0.005 0.541 0.138 0.115 0 0.005 0.347 0.01 0.269 0.098 0.006 0.026 0.064 0.001 0.002 0 0.135 0.063 0.045 0.002 0.003 0.024 0.005 0.024 0 0.002 0.001 0 0.007 0.007 0.006 0 0.015 0.001 0.004 0.006 0.001 0.012 0.012 0.001 0.002 0.006 0 0.005 0.005 0 0.004 0.007 0.008
0.04 0.046 0.047 0.025 0.106 0.003 0.002 0.004 0.032 0 0.003 0.002 0.001 0.001 0.075 0.068 0.004 1 0.002 0.079 0.006 0.008 0.017 0.135 0.038 0.002 0.001 0.003 0.001 0.001 0.13 0.037 0.031 0.001 0.001 0.005 0.002 0.005 0.027 0.001 0.009 0.017 0.005 0.001 0.002 0.013 0.009 0.006 0.003 0.009 0.005 0.002 0.005 0.006 0.002 0.01 0.007 0.002 0.001 0.001 0.009 0.006 0.001 0.001 0.001 0.002 0.003 0.006 0.009 0.002 0.001 0.001 0.002 0.001 0.006 0.001 0.001 0.002
0.029 0.025 0.025 0.059 0.012 0.005 0.004 0.007 0.031 0.001 0.006 0.003 0.003 0.001 0.019 0.021 0.007 0.002 1 0.02 0.288 0.015 0.095 0.012 0.039 0.004 0.912 0.005 0.002 0.002 0.012 0.038 0.036 0.002 0.002 0.009 0.004 0.009 0.051 0.002 0.014 0.077 0.216 0.001 0.002 0.034 0.028 0.013 0.001 0.141 0.178 0.002 0.152 0.186 0.001 0.127 0.169 0.001 0.002 0 0.068 0.181 0.003 0.001 0.001 0.429 0.005 0.173 0.139 0.003 0 0.002 0.003 0 0.159 0.002 0.003 0.001
0.551 0.608 0.631 0.26 0.48 0.231 0.172 0.313 0.328 0.004 0.268 0.148 0.016 0.053 0.829 0.768 0.369 0.079 0.02 1 0.066 0.072 0.169 0.573 0.407 0.026 0.018 0.165 0.071 0.083 0.449 0.292 0.214 0 0.022 0.107 0.067 0.08 0.139 0.008 0.04 0.029 0.028 0.007 0.054 0.009 0.001 0.034 0.021 0.002 0.063 0.038 0.062 0.022 0.027 0.002 0.017 0.017 0.018 0.015 0.001 0.042 0.003 0.008 0.026 0.007 0.034 0.04 0.004 0.004 0.017 0.002 0.014 0.012 0.017 0.042 0.003 0.019
0 0 0 0.028 0.031 0.016 0.012 0.016 0.136 0.003 0.013 0.01 0.229 0.004 0.064 0.066 0.026 0.006 0.288 0.066 1 0.047 0.32 0.041 0.133 0.014 0.288 0.019 0.007 0.006 0.037 0.112 0.123 0.007 0 0.033 0.002 0.03 0.157 0.008 0.053 0.267 0.643 0.003 0.001 0.181 0.102 0.022 0.003 0.485 0.649 0.001 0.623 0.516 0.004 0.437 0.512 0 0.15 0.065 0.39 0.564 0.009 0.005 0 0.201 0.017 0.555 0.447 0.01 0.11 0.006 0.138 0.004 0.452 0.005 0.006 0.093
0.103 0.106 0.096 0.265 0.059 0.012 0.007 0.035 0.224 0.001 0.03 0.015 0.014 0.005 0.08 0.088 0.038 0.008 0.015 0.072 0.047 1 0.404 0.059 0.172 0.02 0.014 0.027 0.01 0.009 0.027 0.129 0.046 0.01 0.01 0.023 0.02 0.024 0.064 0.135 0.063 0.016 0.045 0.047 0.018 0.005 0.019 0.117 0.002 0.042 0.016 0.014 0.014 0.019 0.001 0.039 0.025 0.009 0.013 0.002 0.035 0.02 0.066 0 0.013 0.003 0.019 0.02 0.036 0.077 0.002 0.009 0.013 0.009 0.022 0 0.014 0.001
0.073 0.066 0.059 0.293 0.11 0.033 0.022 0.061 0.437 0.005 0.052 0.032 0.072 0.011 0.175 0.187 0.079 0.017 0.095 0.169 0.32 0.404 1 0.123 0.373 0.041 0.098 0.056 0.02 0.019 0.077 0.292 0.181 0.02 0.005 0 0.022 0 0.242 0.062 0.141 0.097 0.199 0.021 0.018 0.083 0.116 0.02 0.007 0.141 0.275 0.013 0.27 0.201 0.005 0.126 0.184 0.006 0.042 0.028 0.113 0.222 0.021 0.001 0.008 0.097 0.044 0.216 0.123 0.025 0.048 0.019 0.037 0.016 0.164 0.004 0 0.045
0.319 0.353 0.372 0.172 0.781 0.019 0.014 0.488 0.206 0.002 0.412 0.203 0.01 0.004 0.508 0.466 0.57 0.135 0.012 0.573 0.041 0.059 0.123 1 0.264 0.016 0.011 0.022 0.008 0.007 0.783 0.171 0.14 0.008 0.008 0.234 0.016 0.183 0.104 0.009 0.062 0.021 0.009 0.004 0.001 0.061 0.015 0.037 0.001 0.017 0.041 0.009 0.039 0.004 0.007 0.014 0.007 0.011 0.01 0.009 0.009 0.032 0.004 0.004 0.006 0.003 0.02 0.028 0.012 0.005 0.01 0.007 0.009 0.007 0.004 0.003 0.003 0.012
0.216 0.23 0.254 0.548 0.216 0.096 0.067 0.159 0.666 0.01 0.136 0.077 0.034 0.027 0.356 0.349 0.192 0.038 0.039 0.407 0.133 0.172 0.373 0.264 1 0.051 0.042 0.089 0.034 0.042 0.227 0.754 0.629 0.041 0.014 0.031 0.033 0.02 0.475 0.026 0.152 0.005 0.088 0.013 0.026 0.011 0.204 0.144 0.009 0.046 0.144 0.018 0.139 0.08 0.003 0.046 0.078 0.007 0.029 0.025 0.033 0.115 0.018 0.016 0.014 0.037 0 0.109 0.049 0.021 0.028 0.039 0.028 0.041 0.073 0.003 0 0.038
0.003 0.033 0.033 0.008 0.016 0.006 0.004 0.009 0.012 0.061 0.008 0.004 0.004 0.001 0.023 0.018 0.01 0.002 0.004 0.026 0.014 0.02 0.041 0.016 0.051 1 0.004 0.006 0.001 0.001 0.016 0.052 0.06 0 0.003 0.013 0.004 0.011 0.016 0.003 0.085 0.037 0.017 0.001 0.004 0.021 0.032 0.004 0.001 0.022 0.014 0.003 0.013 0.016 0.002 0.024 0.018 0.002 0.003 0.003 0.02 0.016 0.003 0.078 0.002 0.005 0.301 0.016 0.022 0.004 0.003 0 0.004 0.002 0.016 0.002 0.004 0.004
0.029 0.026 0.025 0.059 0.011 0.005 0.004 0.008 0.032 0.001 0.007 0.003 0.003 0.001 0.019 0.021 0.008 0.001 0.912 0.018 0.288 0.014 0.098 0.011 0.042 0.004 1 0.006 0.002 0.002 0.013 0.041 0.039 0.002 0.002 0.01 0.004 0.009 0.056 0.002 0.015 0.078 0.223 0.001 0.003 0.036 0.031 0.012 0.001 0.144 0.186 0.002 0.157 0.192 0.001 0.13 0.174 0.002 0.003 0 0.066 0.183 0.003 0.001 0.001 0.449 0.005 0.171 0.143 0.003 0 0.002 0.003 0.001 0.165 0.002 0.003 0.001
0.126 0.146 0.148 0.044 0.021 0.772 0.55 0.013 0.065 0.001 0.011 0.005 0.005 0.201 0.196 0.179 0.014 0.003 0.005 0.165 0.019 0.027 0.056 0.022 0.089 0.006 0.006 1 0.293 0.326 0.021 0.111 0.088 0.001 0.229 0.017 0.585 0.009 0.052 0.004 0 0.029 0.02 0.002 0.367 0.02 0.018 0.011 0.037 0.038 0.02 0.409 0.019 0.023 0.022 0.032 0.011 0.322 0.005 0.003 0.035 0.009 0.003 0.003 0.277 0.007 0.009 0.009 0.021 0.003 0.005 0.002 0.003 0.003 0.014 0.061 0.01 0.005
0.063 0.055 0.056 0.031 0.008 0.317 0.429 0.004 0.036 0 0.004 0.002 0.002 0.001 0.066 0.062 0.005 0.001 0.002 0.071 0.007 0.01 0.02 0.008 0.034 0.001 0.002 0.293 1 0.891 0.008 0.019 0.015 0.001 0.025 0.006 0.292 0.006 0.011 0.001 0.004 0.013 0.008 0.001 0.116 0.017 0.012 0.003 0.009 0.01 0.008 0.129 0.008 0.009 0.005 0.008 0.01 0.148 0.002 0.001 0.011 0.009 0.002 0.001 0.169 0.004 0 0.009 0.005 0.002 0.002 0.001 0.001 0.001 0.009 0.01 0 0.002
0.057 0.066 0.066 0.028 0.007 0.352 0.475 0.004 0.033 0 0.004 0.002 0.002 0.001 0.08 0.075 0.005 0.001 0.002 0.083 0.006 0.009 0.019 0.007 0.042 0.001 0.002 0.326 0.891 1 0.007 0.025 0.021 0.001 0.032 0.005 0.326 0.005 0.009 0.001 0.01 0.019 0.008 0.001 0.133 0.016 0.018 0.002 0.01 0.013 0.008 0.148 0.007 0.009 0.006 0.011 0.008 0.159 0.002 0.001 0.014 0.007 0.002 0.001 0.181 0.003 0.003 0.007 0.007 0.002 0.002 0.001 0.001 0.001 0.007 0.011 0 0.002
0.24 0.273 0.285 0.111 0.616 0.019 0.014 0.46 0.141 0.002 0.384 0.206 0.007 0.004 0.379 0.359 0.541 0.13 0.012 0.449 0.037 0.027 0.077 0.783 0.227 0.016 0.013 0.021 0.008 0.007 1 0.236 0.199 0.007 0.008 0.33 0.015 0.272 0.157 0.009 0.06 0.046 0.007 0.004 0.001 0.093 0.035 0.047 0.001 0.015 0.038 0.009 0.037 0.003 0.001 0.012 0.005 0.011 0.01 0.009 0.009 0.03 0.01 0.006 0.006 0.002 0.02 0.029 0.011 0.011 0.01 0.007 0.009 0.007 0.004 0.002 0.01 0.012
0.153 0.167 0.186 0.448 0.144 0.095 0.066 0.122 0.567 0.008 0.1 0.074 0.03 0.026 0.287 0.281 0.138 0.037 0.038 0.292 0.112 0.129 0.292 0.171 0.754 0.052 0.041 0.111 0.019 0.025 0.236 1 0.801 0.04 0.048 0.056 0.096 0.049 0.625 0.031 0.147 0 0.104 0.014 0.086 0.004 0.241 0.188 0.009 0.027 0.164 0.073 0.159 0.095 0.002 0.025 0.088 0.055 0.032 0.02 0.015 0.126 0.033 0.019 0.057 0.048 0.001 0.121 0.027 0.035 0.029 0.038 0.03 0.043 0.082 0.001 0.002 0.034
0.103 0.107 0.122 0.311 0.118 0.056 0.034 0.101 0.415 0.006 0.083 0.062 0.035 0.023 0.215 0.21 0.115 0.031 0.036 0.214 0.123 0.046 0.181 0.14 0.629 0.06 0.039 0.088 0.015 0.021 0.199 0.801 1 0.034 0.037 0.196 0.079 0.181 0.752 0.036 0.114 0.016 0.114 0.012 0.074 0 0.328 0.206 0.005 0.037 0.174 0.067 0.164 0.104 0.001 0.037 0.103 0.047 0.038 0.027 0.024 0.14 0.035 0.022 0.047 0.045 0.002 0.136 0.038 0.038 0.031 0.032 0.038 0.037 0.096 0 0.002 0.042
0 0 0 0.032 0 0.002 0.002 0 0.037 0.001 0 0.004 0.002 0.027 0 0 0 0.001 0.002 0 0.007 0.01 0.02 0.008 0.041 0 0.002 0.001 0.001 0.001 0.007 0.04 0.034 1 0.001 0.006 0.002 0.005 0.034 0.001 0.118 0.023 0.008 0.001 0.002 0.017 0.061 0.016 0.009 0.013 0.008 0.002 0.008 0.009 0.005 0.014 0.01 0.002 0.002 0.001 0.012 0.009 0.002 0.001 0.002 0.004 0.003 0.009 0.013 0.002 0.002 0.712 0.002 0.001 0.009 0.001 0.002 0.002
0.022 0.027 0.027 0.003 0.008 0.139 0.193 0.005 0.008 0.001 0.004 0.002 0 0.001 0.049 0.052 0.005 0.001 0.002 0.022 0 0.01 0.005 0.008 0.014 0.003 0.002 0.229 0.025 0.032 0.008 0.048 0.037 0.001 1 0.006 0.489 0.006 0.034 0.002 0.01 0.051 0.008 0.001 0.315 0.001 0.02 0.015 0.076 0.049 0.008 0.348 0.008 0.009 0.051 0.045 0.003 0.315 0.002 0.001 0.053 0.002 0.002 0.001 0.345 0.002 0.003 0.002 0.04 0.002 0.002 0.001 0.002 0.001 0.002 0.04 0 0.001
0.061 0.063 0.069 0.006 0.192 0.015 0.012 0.296 0.013 0 0.218 0.124 0.007 0.003 0.099 0.088 0.347 0.005 0.009 0.107 0.033 0.023 0 0.234 0.031 0.013 0.01 0.017 0.006 0.005 0.33 0.056 0.196 0.006 0.006 1 0.013 0.86 0.159 0.007 0.05 0.242 0.035 0.077 0 0.204 0.202 0.029 0.003 0.036 0.034 0.008 0.031 0.028 0.003 0.039 0.023 0.009 0.008 0.005 0.032 0.022 0.006 0.004 0.008 0.003 0.015 0.02 0.035 0.005 0.006 0.006 0.007 0.006 0.02 0.005 0.004 0.007
0.052 0.063 0.064 0.011 0.015 0.37 0.509 0.009 0.021 0.001 0.008 0.004 0.001 0.001 0.094 0.094 0.01 0.002 0.004 0.067 0.002 0.02 0.022 0.016 0.033 0.004 0.004 0.585 0.292 0.326 0.015 0.096 0.079 0.002 0.489 0.013 1 0.006 0.058 0.003 0.021 0.09 0.017 0.001 0.638 0.008 0.041 0.023 0.034 0.099 0.016 0.705 0.016 0.019 0.021 0.089 0.007 0.589 0.003 0.002 0.095 0.006 0.003 0.002 0.539 0.006 0.007 0.006 0.068 0.004 0.003 0.002 0.003 0.002 0.01 0.015 0 0.003
0.044 0.049 0.05 0.002 0.145 0.014 0.011 0.293 0.007 0 0.211 0.106 0.007 0.003 0.074 0.065 0.269 0.005 0.009 0.08 0.03 0.024 0 0.183 0.02 0.011 0.009 0.009 0.006 0.005 0.272 0.049 0.181 0.005 0.006 0.86 0.006 1 0.158 0.007 0.047 0.232 0.034 0.085 0.005 0.175 0.222 0.027 0.003 0.047 0.034 0.003 0.03 0.037 0.003 0.051 0.042 0.003 0.008 0.005 0.043 0.037 0.006 0.004 0.002 0.015 0.014 0.038 0.045 0.006 0.005 0.005 0.008 0.005 0.037 0.004 0.005 0.006
0.075 0.056 0.066 0.39 0.084 0.028 0.014 0.086 0.513 0.001 0.07 0.055 0.042 0.018 0.145 0.144 0.098 0.027 0.051 0.139 0.157 0.064 0.242 0.104 0.475 0.016 0.056 0.052 0.011 0.009 0.157 0.625 0.752 0.034 0.034 0.159 0.058 0.158 1 0.043 0.274 0.003 0.152 0.01 0.064 0.002 0.499 0.293 0.005 0.063 0.223 0.058 0.212 0.142 0.001 0.065 0.143 0.039 0.044 0.033 0.046 0.187 0.041 0.014 0.04 0.069 0.06 0.183 0.066 0.045 0.037 0.033 0.044 0.032 0.133 0 0.004 0.051
0.023 0.02 0.019 0.046 0.009 0.004 0.003 0.005 0.039 0 0.005 0.002 0.002 0.001 0.017 0.018 0.006 0.001 0.002 0.008 0.008 0.135 0.062 0.009 0.026 0.003 0.002 0.004 0.001 0.001 0.009 0.031 0.036 0.001 0.002 0.007 0.003 0.007 0.043 1 0.008 0.018 0.009 0.001 0.003 0.014 0.019 0.068 0.001 0.014 0.009 0.003 0.008 0.008 0.001 0.016 0.012 0 0.002 0.002 0.014 0.01 0.31 0.001 0.002 0.004 0.001 0.01 0.015 0.347 0.002 0.001 0.002 0.001 0.01 0.001 0.041 0.002
0.03 0.061 0.054 0.231 0.048 0 0.019 0.024 0.273 0.004 0.019 0.005 0.015 0.063 0.045 0.035 0.026 0.009 0.014 0.04 0.053 0.063 0.141 0.062 0.152 0.085 0.015 0 0.004 0.01 0.06 0.147 0.114 0.118 0.01 0.05 0.021 0.047 0.274 0.008 1 0.195 0.066 0.006 0.02 0.131 0.457 0.104 0 0.106 0.068 0.018 0.066 0.077 0 0.117 0.085 0.01 0.014 0.012 0.1 0.078 0.007 0.008 0.013 0.032 0.242 0.078 0.107 0.008 0.013 0.113 0.016 0.112 0.077 0 0.001 0.016
0.086 0.1 0.107 0.001 0.025 0.011 0.032 0.054 0.014 0.004 0.036 0.018 0.074 0.012 0.033 0.031 0.064 0.017 0.077 0.029 0.267 0.016 0.097 0.021 0.005 0.037 0.078 0.029 0.013 0.019 0.046 0 0.016 0.023 0.051 0.242 0.09 0.232 0.003 0.018 0.195 1 0.256 0.03 0.101 0.412 0.003 0.087 0 0.368 0.261 0.078 0.246 0.194 0.001 0.321 0.222 0.066 0.07 0.04 0.275 0.261 0.02 0.015 0.06 0.077 0.057 0.262 0.296 0.022 0.051 0.022 0.076 0.022 0.198 0.003 0.014 0.036
0.002 0.005 0.005 0.016 0.002 0.017 0.014 0 0.083 0.002 0 0 0.151 0.003 0.03 0.028 0.001 0.005 0.216 0.028 0.643 0.045 0.199 0.009 0.088 0.017 0.223 0.02 0.008 0.008 0.007 0.104 0.114 0.008 0.008 0.035 0.017 0.034 0.152 0.009 0.066 0.256 1 0.005 0.016 0.26 0.132 0.031 0.004 0.587 0.759 0.01 0.721 0.78 0.005 0.57 0.723 0.012 0.175 0.109 0.467 0.679 0.011 0.006 0.009 0.21 0.022 0.644 0.559 0.012 0.144 0.008 0.179 0.008 0.695 0.007 0.012 0.12
0 0.008 0.008 0.02 0.004 0.002 0.001 0.002 0.018 0.003 0.002 0.001 0.001 0 0.007 0.007 0.002 0.001 0.001 0.007 0.003 0.047 0.021 0.004 0.013 0.001 0.001 0.002 0.001 0.001 0.004 0.014 0.012 0.001 0.001 0.077 0.001 0.085 0.01 0.001 0.006 0.03 0.005 1 0.001 0.003 0.007 0.013 0 0.007 0.005 0.001 0.005 0.005 0 0.008 0.006 0.001 0.001 0.001 0.006 0.005 0 0.001 0.001 0.002 0.002 0.005 0.007 0 0.001 0.001 0.001 0.001 0.005 0.001 0 0.001
0.042 0.046 0.052 0.012 0.001 0.192 0.269 0.009 0.018 0 0.007 0.004 0.001 0.001 0.078 0.079 0 0.002 0.002 0.054 0.001 0.018 0.018 0.001 0.026 0.004 0.003 0.367 0.116 0.133 0.001 0.086 0.074 0.002 0.315 0 0.638 0.005 0.064 0.003 0.02 0.101 0.016 0.001 1 0 0.038 0.03 0.001 0.182 0.016 0.819 0.015 0.008 0.002 0.165 0 0.687 0.003 0.003 0.173 0 0.003 0.002 0.6 0 0.006 0 0.132 0.004 0.003 0.002 0.001 0.002 0 0.002 0.003 0.004
0.037 0.045 0.049 0.004 0.051 0.031 0.021 0.13 0.023 0.001 0.1 0.034 0.055 0.01 0.011 0.006 0.135 0.013 0.034 0.009 0.181 0.005 0.083 0.061 0.011 0.021 0.036 0.02 0.017 0.016 0.093 0.004 0 0.017 0.001 0.204 0.008 0.175 0.002 0.014 0.131 0.412 0.26 0.003 0 1 0 0.046 0.008 0.208 0.219 0.004 0.246 0.248 0.01 0.2 0.256 0.002 0.05 0.044 0.224 0.239 0.011 0.001 0.002 0.07 0.045 0.222 0.201 0.012 0.058 0.016 0.047 0.013 0.255 0.014 0.021 0.063
0 0.004 0.002 0.219 0.01 0.013 0.037 0.074 0.278 0.007 0.051 0.038 0.026 0.012 0 0.001 0.063 0.009 0.028 0.001 0.102 0.019 0.116 0.015 0.204 0.032 0.031 0.018 0.012 0.018 0.035 0.241 0.328 0.061 0.02 0.202 0.041 0.222 0.499 0.019 0.457 0.003 0.132 0.007 0.038 0 1 0.194 0.001 0.209 0.13 0.035 0.126 0.152 0.003 0.232 0.168 0.029 0.026 0.024 0.197 0.15 0.021 0.015 0.026 0.063 0.162 0.151 0.21 0.023 0.026 0.058 0.029 0.058 0.152 0.012 0.005 0.028
0.045 0.031 0.039 0.194 0.04 0.002 0.001 0.042 0.206 0.015 0.041 0.024 0.006 0.001 0.029 0.03 0.045 0.006 0.013 0.034 0.022 0.117 0.02 0.037 0.144 0.004 0.012 0.011 0.003 0.002 0.047 0.188 0.206 0.016 0.015 0.029 0.023 0.027 0.293 0.068 0.104 0.087 0.031 0.013 0.03 0.046 0.194 1 0.007 0.076 0.029 0.028 0.027 0.04 0.005 0.057 0.036 0.017 0 0 0.062 0.027 0.069 0.044 0.02 0.019 0.038 0.028 0.066 0.077 0.008 0.013 0.004 0.015 0.032 0 0.025 0.004
0.005 0.007 0.007 0.005 0.001 0.042 0.038 0.002 0.014 0 0.002 0.001 0.001 0.005 0.02 0.017 0.002 0.003 0.001 0.021 0.003 0.002 0.007 0.001 0.009 0.001 0.001 0.037 0.009 0.01 0.001 0.009 0.005 0.009 0.076 0.003 0.034 0.003 0.005 0.001 0 0 0.004 0 0.001 0.008 0.001 0.007 1 0.006 0.004 0.001 0.004 0.004 0.708 0.007 0.005 0.001 0.001 0.001 0.006 0.004 0.001 0 0.001 0.002 0.002 0.004 0.006 0.001 0.001 0.009 0.001 0.001 0.004 0.402 0.014 0.001
0.017 0.023 0.026 0.008 0.007 0.013 0.029 0.008 0.052 0.003 0.005 0 0.112 0.006 0.001 0.001 0.003 0.009 0.141 0.002 0.485 0.042 0.141 0.017 0.046 0.022 0.144 0.038 0.01 0.013 0.015 0.027 0.037 0.013 0.049 0.036 0.099 0.047 0.063 0.014 0.106 0.368 0.587 0.007 0.182 0.208 0.209 0.076 0.006 1 0.625 0.157 0.598 0.647 0.009 0.901 0.673 0.121 0.127 0.064 0.804 0.636 0.018 0.01 0.11 0.259 0.034 0.637 0.849 0.019 0.097 0.012 0.144 0.012 0.613 0.011 0.018 0.093
0 0 0 0.037 0.021 0.017 0.014 0.021 0.135 0.003 0.017 0.013 0.166 0.003 0.07 0.065 0.024 0.005 0.178 0.063 0.649 0.016 0.275 0.041 0.144 0.014 0.186 0.02 0.008 0.008 0.038 0.164 0.174 0.008 0.008 0.034 0.016 0.034 0.223 0.009 0.068 0.261 0.759 0.005 0.016 0.219 0.13 0.029 0.004 0.625 1 0.014 0.909 0.77 0.005 0.563 0.748 0.012 0.203 0.11 0.472 0.828 0.011 0.006 0.009 0.301 0.021 0.812 0.563 0.012 0.159 0.008 0.215 0.008 0.682 0.007 0.011 0.157
0.031 0.038 0.038 0.007 0.009 0.216 0.3 0.004 0.011 0 0.003 0.001 0.001 0.001 0.061 0.063 0.005 0.002 0.002 0.038 0.001 0.014 0.013 0.009 0.018 0.003 0.002 0.409 0.129 0.148 0.009 0.073 0.067 0.002 0.348 0.008 0.705 0.003 0.058 0.003 0.018 0.078 0.01 0.001 0.819 0.004 0.035 0.028 0.001 0.157 0.014 1 0.011 0.01 0.001 0.149 0.002 0.757 0.003 0.001 0.155 0.003 0.003 0.002 0.662 0.005 0.006 0.003 0.118 0.003 0.001 0.002 0.003 0.002 0.006 0.002 0.003 0.001
0 0 0 0.034 0.02 0.016 0.013 0.02 0.132 0.003 0.016 0.012 0.169 0.003 0.067 0.063 0.024 0.005 0.152 0.062 0.623 0.014 0.27 0.039 0.139 0.013 0.157 0.019 0.008 0.007 0.037 0.159 0.164 0.008 0.008 0.031 0.016 0.03 0.212 0.008 0.066 0.246 0.721 0.005 0.015 0.246 0.126 0.027 0.004 0.598 0.909 0.011 1 0.746 0.005 0.547 0.727 0.011 0.209 0.123 0.523 0.809 0.011 0.006 0.009 0.268 0.021 0.788 0.546 0.012 0.174 0.007 0.221 0.007 0.659 0.006 0.011 0.172
0.003 0.006 0.006 0.015 0 0.02 0.016 0 0.082 0.003 0 0 0.084 0.004 0.026 0.025 0 0.006 0.186 0.022 0.516 0.019 0.201 0.004 0.08 0.016 0.192 0.023 0.009 0.009 0.003 0.095 0.104 0.009 0.009 0.028 0.019 0.037 0.142 0.008 0.077 0.194 0.78 0.005 0.008 0.248 0.152 0.04 0.004 0.647 0.77 0.01 0.746 1 0.006 0.65 0.824 0.014 0.174 0.112 0.55 0.732 0.011 0.007 0.011 0.325 0.025 0.718 0.638 0.011 0.094 0.009 0.183 0.009 0.753 0.008 0.013 0.14
0.009 0.011 0.011 0.006 0.001 0.026 0.023 0.002 0.014 0 0.002 0.001 0.001 0.003 0.025 0.022 0.002 0.002 0.001 0.027 0.004 0.001 0.005 0.007 0.003 0.002 0.001 0.022 0.005 0.006 0.001 0.002 0.001 0.005 0.051 0.003 0.021 0.003 0.001 0.001 0 0.001 0.005 0 0.002 0.01 0.003 0.005 0.708 0.009 0.005 0.001 0.005 0.006 1 0.01 0.007 0.001 0.001 0.001 0.008 0.006 0.001 0.001 0.001 0.003 0.002 0.006 0.009 0.001 0.001 0.005 0.001 0.001 0.006 0.568 0.061 0.001
0.015 0.021 0.024 0.009 0.006 0.011 0.026 0.005 0.051 0.004 0.002 0.001 0.117 0.007 0.001 0.001 0.001 0.01 0.127 0.002 0.437 0.039 0.126 0.014 0.046 0.024 0.13 0.032 0.008 0.011 0.012 0.025 0.037 0.014 0.045 0.039 0.089 0.051 0.065 0.016 0.117 0.321 0.57 0.008 0.165 0.2 0.232 0.057 0.007 0.901 0.563 0.149 0.547 0.65 0.01 1 0.726 0.11 0.114 0.104 0.849 0.649 0.02 0.011 0.099 0.257 0.038 0.65 0.891 0.021 0.112 0.014 0.129 0.013 0.657 0.012 0.02 0.127
0.003 0.004 0.006 0.017 0.001 0.008 0.004 0.002 0.075 0.003 0.001 0.001 0.127 0.005 0.021 0.02 0 0.007 0.169 0.017 0.512 0.025 0.184 0.007 0.078 0.018 0.174 0.011 0.01 0.008 0.005 0.088 0.103 0.01 0.003 0.023 0.007 0.042 0.143 0.012 0.085 0.222 0.723 0.006 0 0.256 0.168 0.036 0.005 0.673 0.748 0.002 0.727 0.824 0.007 0.726 1 0.015 0.137 0.122 0.634 0.866 0.014 0.008 0.012 0.334 0.027 0.868 0.705 0.015 0.154 0.01 0.157 0.01 0.864 0.009 0.015 0.176
0.015 0.019 0.019 0.001 0.011 0.137 0.193 0.007 0.004 0 0.006 0.003 0 0.001 0.036 0.039 0.007 0.002 0.001 0.017 0 0.009 0.006 0.011 0.007 0.002 0.002 0.322 0.148 0.159 0.011 0.055 0.047 0.002 0.315 0.009 0.589 0.003 0.039 0 0.01 0.066 0.012 0.001 0.687 0.002 0.029 0.017 0.001 0.121 0.012 0.757 0.011 0.014 0.001 0.11 0.015 1 0.002 0.002 0.129 0.014 0 0.001 0.795 0.006 0.005 0.014 0.107 0 0.002 0.002 0.003 0.002 0.014 0.001 0.003 0.003
0.057 0.067 0.067 0.027 0.001 0.004 0.003 0.006 0.021 0.001 0.005 0.003 0 0.001 0.012 0.003 0.007 0.001 0.002 0.018 0.15 0.013 0.042 0.01 0.029 0.003 0.003 0.005 0.002 0.002 0.01 0.032 0.038 0.002 0.002 0.008 0.003 0.008 0.044 0.002 0.014 0.07 0.175 0.001 0.003 0.05 0.026 0 0.001 0.127 0.203 0.003 0.209 0.174 0.001 0.114 0.137 0.002 1 0.001 0.091 0.156 0.002 0.001 0.002 0.003 0.004 0.175 0.093 0.002 0.001 0.002 0.374 0.002 0.114 0.001 0.002 0.002
0.01 0.009 0.009 0.019 0.002 0.002 0.001 0 0.015 0.001 0 0.002 0.237 0.001 0.015 0.016 0.006 0.001 0 0.015 0.065 0.002 0.028 0.009 0.025 0.003 0 0.003 0.001 0.001 0.009 0.02 0.027 0.001 0.001 0.005 0.002 0.005 0.033 0.002 0.012 0.04 0.109 0.001 0.003 0.044 0.024 0 0.001 0.064 0.11 0.001 0.123 0.112 0.001 0.104 0.122 0.002 0.001 1 0.103 0.136 0.002 0.001 0.002 0.005 0.004 0.133 0.087 0.002 0.45 0.001 0 0.001 0.094 0.001 0.002 0.473
0.017 0.024 0.027 0.005 0.008 0.012 0.027 0.003 0.044 0.004 0.001 0.001 0.109 0.006 0 0.001 0 0.009 0.068 0.001 0.39 0.035 0.113 0.009 0.033 0.02 0.066 0.035 0.011 0.014 0.009 0.015 0.024 0.012 0.053 0.032 0.095 0.043 0.046 0.014 0.1 0.275 0.467 0.006 0.173 0.224 0.197 0.062 0.006 0.804 0.472 0.155 0.523 0.55 0.008 0.849 0.634 0.129 0.091 0.103 1 0.568 0.017 0.009 0.117 0.185 0.032 0.587 0.833 0.018 0.131 0.012 0.108 0.011 0.583 0.01 0.017 0.15
0 0 0 0.03 0.016 0.006 0.003 0.025 0.106 0.003 0.02 0.014 0.143 0.004 0.046 0.044 0.015 0.006 0.181 0.042 0.564 0.02 0.222 0.032 0.115 0.016 0.183 0.009 0.009 0.007 0.03 0.126 0.14 0.009 0.002 0.022 0.006 0.037 0.187 0.01 0.078 0.261 0.679 0.005 0 0.239 0.15 0.027 0.004 0.636 0.828 0.003 0.809 0.732 0.006 0.649 0.866 0.014 0.156 0.136 0.568 1 0.013 0.007 0.011 0.369 0.024 0.943 0.635 0.014 0.172 0.009 0.178 0.009 0.787 0.008 0.013 0.197
0.013 0.011 0.01 0.034 0.004 0.002 0.003 0.001 0.03 0.001 0.001 0.003 0.002 0 0.005 0.007 0.001 0.001 0.003 0.003 0.009 0.066 0.021 0.004 0.018 0.003 0.003 0.003 0.002 0.002 0.01 0.033 0.035 0.002 0.002 0.006 0.003 0.006 0.041 0.31 0.007 0.02 0.011 0 0.003 0.011 0.021 0.069 0.001 0.018 0.011 0.003 0.011 0.011 0.001 0.02 0.014 0 0.002 0.002 0.017 0.013 1 0.001 0.002 0.005 0.004 0.013 0.018 0.93 0.002 0.002 0.003 0.002 0.013 0.001 0.113 0.003
0.008 0.009 0.007 0.02 0.004 0.002 0.002 0.003 0.022 0.322 0.003 0.001 0.001 0.001 0.005 0.003 0.004 0.001 0.001 0.008 0.005 0 0.001 0.004 0.016 0.078 0.001 0.003 0.001 0.001 0.006 0.019 0.022 0.001 0.001 0.004 0.002 0.004 0.014 0.001 0.008 0.015 0.006 0.001 0.002 0.001 0.015 0.044 0 0.01 0.006 0.002 0.006 0.007 0.001 0.011 0.008 0.001 0.001 0.001 0.009 0.007 0.001 1 0.001 0.003 0.002 0.007 0.01 0.001 0.001 0.001 0.001 0.001 0.007 0.001 0.001 0.001
0.019 0.024 0.024 0.005 0.01 0.147 0.205 0.006 0.009 0 0.005 0.003 0 0.001 0.051 0.054 0.006 0.001 0.001 0.026 0 0.013 0.008 0.006 0.014 0.002 0.001 0.277 0.169 0.181 0.006 0.057 0.047 0.002 0.345 0.008 0.539 0.002 0.04 0.002 0.013 0.06 0.009 0.001 0.6 0.002 0.026 0.02 0.001 0.11 0.009 0.662 0.009 0.011 0.001 0.099 0.012 0.795 0.002 0.002 0.117 0.011 0.002 0.001 1 0.002 0.004 0.011 0.095 0.002 0.002 0.002 0.001 0.001 0.011 0.001 0.002 0.002
0.013 0.012 0.011 0.047 0.008 0.006 0.005 0.014 0.047 0.001 0.012 0.006 0 0.001 0.015 0.018 0.001 0.002 0.429 0.007 0.201 0.003 0.097 0.003 0.037 0.005 0.449 0.007 0.004 0.003 0.002 0.048 0.045 0.004 0.002 0.003 0.006 0.015 0.069 0.004 0.032 0.077 0.21 0.002 0 0.07 0.063 0.019 0.002 0.259 0.301 0.005 0.268 0.325 0.003 0.257 0.334 0.006 0.003 0.005 0.185 0.369 0.005 0.003 0.002 1 0.01 0.355 0.282 0.006 0.005 0.004 0.002 0.004 0.315 0.003 0.005 0
0.014 0.043 0.042 0.054 0.019 0.008 0.006 0.011 0.066 0.001 0.01 0.005 0.004 0.002 0.036 0.036 0.012 0.003 0.005 0.034 0.017 0.019 0.044 0.02 0 0.301 0.005 0.009 0 0.003 0.02 0.001 0.002 0.003 0.003 0.015 0.007 0.014 0.06 0.001 0.242 0.057 0.022 0.002 0.006 0.045 0.162 0.038 0.002 0.034 0.021 0.006 0.021 0.025 0.002 0.038 0.027 0.005 0.004 0.004 0.032 0.024 0.004 0.002 0.004 0.01 1 0.025 0.034 0.005 0.004 0.003 0.005 0.003 0.025 0.003 0 0.003
0 0.001 0.001 0.023 0.013 0.006 0.003 0.025 0.1 0.004 0.021 0.014 0.129 0.004 0.043 0.041 0.012 0.006 0.173 0.04 0.555 0.02 0.216 0.028 0.109 0.016 0.171 0.009 0.009 0.007 0.029 0.121 0.136 0.009 0.002 0.02 0.006 0.038 0.183 0.01 0.078 0.262 0.644 0.005 0 0.222 0.151 0.028 0.004 0.637 0.812 0.003 0.788 0.718 0.006 0.65 0.868 0.014 0.175 0.133 0.587 0.943 0.013 0.007 0.011 0.355 0.025 1 0.637 0.014 0.172 0.009 0.199 0.009 0.779 0.008 0.013 0.193
0.009 0.014 0.016 0.012 0.004 0.004 0.014 0.004 0.051 0.003 0.002 0.001 0.102 0.006 0.002 0.002 0.001 0.009 0.139 0.004 0.447 0.036 0.123 0.012 0.049 0.022 0.143 0.021 0.005 0.007 0.011 0.027 0.038 0.013 0.04 0.035 0.068 0.045 0.066 0.015 0.107 0.296 0.559 0.007 0.132 0.201 0.21 0.066 0.006 0.849 0.563 0.118 0.546 0.638 0.009 0.891 0.705 0.107 0.093 0.087 0.833 0.635 0.018 0.01 0.095 0.282 0.034 0.637 1 0.019 0.123 0.012 0.143 0.012 0.644 0.011 0.014 0.131
0.015 0.012 0.012 0.038 0.005 0.003 0.003 0.001 0.033 0.001 0.001 0.003 0.003 0 0.006 0.008 0.002 0.002 0.003 0.004 0.01 0.077 0.025 0.005 0.021 0.004 0.003 0.003 0.002 0.002 0.011 0.035 0.038 0.002 0.002 0.005 0.004 0.006 0.045 0.347 0.008 0.022 0.012 0 0.004 0.012 0.023 0.077 0.001 0.019 0.012 0.003 0.012 0.011 0.001 0.021 0.015 0 0.002 0.002 0.018 0.014 0.93 0.001 0.002 0.006 0.005 0.014 0.019 1 0.002 0.002 0.003 0.002 0.014 0.001 0.118 0.003
0.008 0.007 0.006 0.022 0.003 0.003 0.002 0.001 0.024 0.001 0 0.002 0.224 0.001 0.017 0.019 0.006 0.001 0 0.017 0.11 0.002 0.048 0.01 0.028 0.003 0 0.005 0.002 0.002 0.01 0.029 0.031 0.002 0.002 0.006 0.003 0.005 0.037 0.002 0.013 0.051 0.144 0.001 0.003 0.058 0.026 0.008 0.001 0.097 0.159 0.001 0.174 0.094 0.001 0.112 0.154 0.002 0.001 0.45 0.131 0.172 0.002 0.001 0.002 0.005 0.004 0.172 0.123 0.002 1 0.002 0.002 0.001 0.125 0.001 0.002 0.418
0.001 0.004 0.004 0.03 0 0.001 0.002 0 0.035 0.001 0.001 0.005 0.002 0 0.002 0.001 0 0.001 0.002 0.002 0.006 0.009 0.019 0.007 0.039 0 0.002 0.002 0.001 0.001 0.007 0.038 0.032 0.712 0.001 0.006 0.002 0.005 0.033 0.001 0.113 0.022 0.008 0.001 0.002 0.016 0.058 0.013 0.009 0.012 0.008 0.002 0.007 0.009 0.005 0.014 0.01 0.002 0.002 0.001 0.012 0.009 0.002 0.001 0.002 0.004 0.003 0.009 0.012 0.002 0.002 1 0.002 0.001 0.009 0.001 0.002 0.002
0.042 0.045 0.051 0.014 0 0.003 0.002 0.007 0.016 0.001 0.006 0.003 0.008 0.001 0.007 0.003 0.005 0.002 0.003 0.014 0.138 0.013 0.037 0.009 0.028 0.004 0.003 0.003 0.001 0.001 0.009 0.03 0.038 0.002 0.002 0.007 0.003 0.008 0.044 0.002 0.016 0.076 0.179 0.001 0.001 0.047 0.029 0.004 0.001 0.144 0.215 0.003 0.221 0.183 0.001 0.129 0.157 0.003 0.374 0 0.108 0.178 0.003 0.001 0.001 0.002 0.005 0.199 0.143 0.003 0.002 0.002 1 0.002 0.143 0.002 0.003 0.005
0.01 0.015 0.015 0.027 0.007 0.003 0.002 0.004 0.032 0.001 0.004 0.002 0.002 0.001 0.013 0.003 0.005 0.001 0 0.012 0.004 0.009 0.016 0.007 0.041 0.002 0.001 0.003 0.001 0.001 0.007 0.043 0.037 0.001 0.001 0.006 0.002 0.005 0.032 0.001 0.112 0.022 0.008 0.001 0.002 0.013 0.058 0.015 0.001 0.012 0.008 0.002 0.007 0.009 0.001 0.013 0.01 0.002 0.002 0.001 0.011 0.009 0.002 0.001 0.001 0.004 0.003 0.009 0.012 0.002 0.001 0.001 0.002 1 0.009 0.001 0.002 0.002
0.002 0.004 0.005 0.017 0 0.01 0.007 0.001 0.067 0.003 0 0.001 0.104 0.004 0.018 0.017 0 0.006 0.159 0.017 0.452 0.022 0.164 0.004 0.073 0.016 0.165 0.014 0.009 0.007 0.004 0.082 0.096 0.009 0.002 0.02 0.01 0.037 0.133 0.01 0.077 0.198 0.695 0.005 0 0.255 0.152 0.032 0.004 0.613 0.682 0.006 0.659 0.753 0.006 0.657 0.864 0.014 0.114 0.094 0.583 0.787 0.013 0.007 0.011 0.315 0.025 0.779 0.644 0.014 0.125 0.009 0.143 0.009 1 0.008 0.013 0.162
0.017 0.021 0.021 0.005 0 0.069 0.026 0.003 0.013 0 0.003 0.001 0.001 0.058 0.039 0.035 0.004 0.001 0.002 0.042 0.005 0 0.004 0.003 0.003 0.002 0.002 0.061 0.01 0.011 0.002 0.001 0 0.001 0.04 0.005 0.015 0.004 0 0.001 0 0.003 0.007 0.001 0.002 0.014 0.012 0 0.402 0.011 0.007 0.002 0.006 0.008 0.568 0.012 0.009 0.001 0.001 0.001 0.01 0.008 0.001 0.001 0.001 0.003 0.003 0.008 0.011 0.001 0.001 0.001 0.002 0.001 0.008 1 0.129 0.002
0 0 0 0.002 0.003 0.012 0.001 0.006 0 0.001 0.006 0.003 0.003 0.03 0.002 0.001 0.007 0.001 0.003 0.003 0.006 0.014 0 0.003 0 0.004 0.003 0.01 0 0 0.01 0.002 0.002 0.002 0 0.004 0 0.005 0.004 0.041 0.001 0.014 0.012 0 0.003 0.021 0.005 0.025 0.014 0.018 0.011 0.003 0.011 0.013 0.061 0.02 0.015 0.003 0.002 0.002 0.017 0.013 0.113 0.001 0.002 0.005 0 0.013 0.014 0.118 0.002 0.002 0.003 0.002 0.013 0.129 1 0.003
0.002 0.001 0.001 0.013 0.005 0.003 0.002 0.001 0.029 0.001 0.001 0.003 0.107 0.001 0.019 0.021 0.008 0.002 0.001 0.019 0.093 0.001 0.045 0.012 0.038 0.004 0.001 0.005 0.002 0.002 0.012 0.034 0.042 0.002 0.001 0.007 0.003 0.006 0.051 0.002 0.016 0.036 0.12 0.001 0.004 0.063 0.028 0.004 0.001 0.093 0.157 0.001 0.172 0.14 0.001 0.127 0.176 0.003 0.002 0.473 0.15 0.197 0.003 0.001 0.002 0 0.003 0.193 0.131 0.003 0.418 0.002 0.005 0.002 0.162 0.002 0.003 1
